dz_2011,total,owned,nonowned
S01006506,747,582,165
S01006507,1092,761,331
S01006508,858,738,120
S01006509,715,475,240
S01006510,702,506,196
S01006511,959,777,182
S01006512,383,333,50
S01006513,1006,955,51
S01006514,1076,901,175
S01006515,1168,1031,137
S01006516,886,622,264
S01006517,1049,884,165
S01006518,1045,788,257
S01006519,850,747,103
S01006520,897,670,227
S01006521,490,441,49
S01006522,560,522,38
S01006523,1337,1209,128
S01006524,1223,784,439
S01006525,1305,1014,291
S01006526,1487,779,708
S01006527,1346,661,685
S01006528,1125,586,539
S01006529,1028,597,431
S01006530,1179,598,581
S01006531,1273,583,690
S01006532,776,666,110
S01006533,823,742,81
S01006534,944,803,141
S01006535,1062,863,199
S01006536,1245,956,289
S01006537,847,821,26
S01006538,686,658,28
S01006539,951,891,60
S01006540,1254,1099,155
S01006541,990,860,130
S01006542,955,855,100
S01006543,1007,939,68
S01006544,902,809,93
S01006545,1108,894,214
S01006546,1131,1058,73
S01006547,1409,849,560
S01006548,770,760,10
S01006549,808,762,46
S01006550,1222,1144,78
S01006551,921,483,438
S01006552,1099,943,156
S01006553,978,718,260
S01006554,907,522,385
S01006555,840,363,477
S01006556,1032,501,531
S01006557,862,338,524
S01006558,880,713,167
S01006559,639,552,87
S01006560,987,849,138
S01006561,891,841,50
S01006562,1008,777,231
S01006563,1026,826,200
S01006564,1172,473,699
S01006565,1201,571,630
S01006566,843,616,227
S01006567,1149,413,736
S01006568,1096,716,380
S01006569,749,485,264
S01006570,867,698,169
S01006571,1168,894,274
S01006572,1284,1100,184
S01006573,706,580,126
S01006574,929,761,168
S01006575,1137,1025,112
S01006576,869,678,191
S01006577,919,714,205
S01006578,1455,973,482
S01006579,1299,833,466
S01006580,806,625,181
S01006581,1222,1111,111
S01006582,526,254,272
S01006583,964,542,422
S01006584,872,571,301
S01006585,809,245,564
S01006586,793,303,490
S01006587,464,167,297
S01006588,650,298,352
S01006589,1003,321,682
S01006590,543,335,208
S01006591,530,359,171
S01006592,434,352,82
S01006593,551,356,195
S01006594,761,535,226
S01006595,722,494,228
S01006596,882,647,235
S01006597,810,537,273
S01006598,1053,920,133
S01006599,1036,616,420
S01006600,1283,958,325
S01006601,947,680,267
S01006602,934,814,120
S01006603,1369,772,597
S01006604,936,632,304
S01006605,868,342,526
S01006606,1367,1066,301
S01006607,1302,829,473
S01006608,869,799,70
S01006609,1343,862,481
S01006610,752,323,429
S01006611,1183,625,558
S01006612,995,724,271
S01006613,474,449,25
S01006614,929,889,40
S01006615,445,426,19
S01006616,811,789,22
S01006617,1018,875,143
S01006618,568,549,19
S01006619,995,847,148
S01006620,1146,987,159
S01006621,831,719,112
S01006622,655,629,26
S01006623,1436,820,616
S01006624,750,463,287
S01006625,858,479,379
S01006626,839,343,496
S01006627,665,405,260
S01006628,1110,640,470
S01006629,882,354,528
S01006630,824,404,420
S01006631,1129,542,587
S01006632,960,218,742
S01006633,967,352,615
S01006634,804,145,659
S01006635,975,294,681
S01006636,980,188,792
S01006637,537,270,267
S01006638,1061,504,557
S01006639,938,343,595
S01006640,201,38,163
S01006641,898,422,476
S01006642,805,386,419
S01006643,1026,551,475
S01006644,590,208,382
S01006645,1185,321,864
S01006646,982,365,617
S01006647,671,172,499
S01006648,1083,441,642
S01006649,696,200,496
S01006650,909,448,461
S01006651,725,275,450
S01006652,678,340,338
S01006653,714,575,139
S01006654,861,353,508
S01006655,333,243,90
S01006656,888,472,416
S01006657,595,297,298
S01006658,1179,349,830
S01006659,895,623,272
S01006660,639,145,494
S01006661,726,501,225
S01006662,636,122,514
S01006663,938,393,545
S01006664,417,254,163
S01006665,699,385,314
S01006666,1321,179,1142
S01006667,1054,216,838
S01006668,757,380,377
S01006669,866,246,620
S01006670,471,224,247
S01006671,538,223,315
S01006672,767,187,580
S01006673,729,200,529
S01006674,930,107,823
S01006675,520,70,450
S01006676,763,142,621
S01006677,697,235,462
S01006678,1092,314,778
S01006679,884,693,191
S01006680,801,122,679
S01006681,1022,503,519
S01006682,812,154,658
S01006683,1164,545,619
S01006684,708,323,385
S01006685,807,331,476
S01006686,931,412,519
S01006687,987,513,474
S01006688,1064,722,342
S01006689,297,266,31
S01006690,772,548,224
S01006691,873,594,279
S01006692,918,743,175
S01006693,1130,722,408
S01006694,1219,428,791
S01006695,750,507,243
S01006696,1116,471,645
S01006697,1122,443,679
S01006698,913,383,530
S01006699,820,579,241
S01006700,1319,799,520
S01006701,1102,460,642
S01006702,996,543,453
S01006703,804,365,439
S01006704,896,350,546
S01006705,1004,464,540
S01006706,854,348,506
S01006707,772,283,489
S01006708,892,444,448
S01006709,1107,622,485
S01006710,1164,764,400
S01006711,1146,659,487
S01006712,664,416,248
S01006713,997,478,519
S01006714,934,538,396
S01006715,1104,329,775
S01006716,654,274,380
S01006717,1060,550,510
S01006718,713,299,414
S01006719,1015,514,501
S01006720,786,378,408
S01006721,1005,551,454
S01006722,852,440,412
S01006723,1008,607,401
S01006724,1262,245,1017
S01006725,1029,444,585
S01006726,987,134,853
S01006727,1130,290,840
S01006728,944,547,397
S01006729,863,218,645
S01006730,779,520,259
S01006731,557,274,283
S01006732,917,706,211
S01006733,945,854,91
S01006734,1078,992,86
S01006735,952,890,62
S01006736,920,850,70
S01006737,822,709,113
S01006738,655,500,155
S01006739,525,466,59
S01006740,1067,652,415
S01006741,807,486,321
S01006742,507,356,151
S01006743,968,626,342
S01006744,661,520,141
S01006745,1061,571,490
S01006746,732,483,249
S01006747,1077,888,189
S01006748,1053,863,190
S01006749,1368,979,389
S01006750,770,516,254
S01006751,486,336,150
S01006752,893,598,295
S01006753,946,816,130
S01006754,1225,1166,59
S01006755,815,603,212
S01006756,269,176,93
S01006757,1343,1269,74
S01006758,710,685,25
S01006759,646,609,37
S01006760,628,572,56
S01006761,1017,907,110
S01006762,1058,856,202
S01006763,1176,1072,104
S01006764,867,844,23
S01006765,781,688,93
S01006766,666,642,24
S01006767,939,692,247
S01006768,746,726,20
S01006769,1345,1176,169
S01006770,767,738,29
S01006771,570,557,13
S01006772,1452,1389,63
S01006773,736,718,18
S01006774,894,883,11
S01006775,805,565,240
S01006776,735,364,371
S01006777,1080,1058,22
S01006778,955,818,137
S01006779,1099,571,528
S01006780,899,593,306
S01006781,1030,918,112
S01006782,985,683,302
S01006783,680,565,115
S01006784,726,667,59
S01006785,714,698,16
S01006786,1124,1043,81
S01006787,1121,1008,113
S01006788,694,596,98
S01006789,889,587,302
S01006790,892,477,415
S01006791,504,239,265
S01006792,630,296,334
S01006793,611,316,295
S01006794,841,637,204
S01006795,699,650,49
S01006796,378,333,45
S01006797,656,392,264
S01006798,691,442,249
S01006799,928,597,331
S01006800,899,713,186
S01006801,678,531,147
S01006802,679,264,415
S01006803,751,451,300
S01006804,731,443,288
S01006805,1072,857,215
S01006806,1015,750,265
S01006807,523,379,144
S01006808,890,762,128
S01006809,960,630,330
S01006810,1009,712,297
S01006811,881,625,256
S01006812,739,503,236
S01006813,856,568,288
S01006814,954,853,101
S01006815,612,280,332
S01006816,911,790,121
S01006817,698,453,245
S01006818,672,528,144
S01006819,819,587,232
S01006820,561,505,56
S01006821,938,779,159
S01006822,774,572,202
S01006823,838,776,62
S01006824,679,276,403
S01006825,1098,861,237
S01006826,1184,1034,150
S01006827,990,642,348
S01006828,969,719,250
S01006829,257,187,70
S01006830,637,516,121
S01006831,1353,1266,87
S01006832,931,844,87
S01006833,689,652,37
S01006834,255,232,23
S01006835,1192,858,334
S01006836,51,28,23
S01006837,488,401,87
S01006838,1067,786,281
S01006839,922,734,188
S01006840,1184,1136,48
S01006841,1438,1210,228
S01006842,1101,988,113
S01006843,1017,994,23
S01006844,722,707,15
S01006845,1016,946,70
S01006846,849,768,81
S01006847,794,781,13
S01006848,798,613,185
S01006849,399,309,90
S01006850,1213,966,247
S01006851,763,514,249
S01006852,581,547,34
S01006853,828,627,201
S01006854,1352,1006,346
S01006855,746,536,210
S01006856,881,469,412
S01006857,971,552,419
S01006858,611,511,100
S01006859,1047,953,94
S01006860,692,423,269
S01006861,243,226,17
S01006862,962,764,198
S01006863,618,446,172
S01006864,145,53,92
S01006865,914,805,109
S01006866,668,643,25
S01006867,1069,929,140
S01006868,888,559,329
S01006869,548,309,239
S01006870,545,470,75
S01006871,958,769,189
S01006872,933,627,306
S01006873,1081,785,296
S01006874,609,441,168
S01006875,666,361,305
S01006876,1008,802,206
S01006877,1023,795,228
S01006878,988,517,471
S01006879,848,457,391
S01006880,574,444,130
S01006881,561,421,140
S01006882,931,669,262
S01006883,571,433,138
S01006884,1000,771,229
S01006885,688,540,148
S01006886,755,544,211
S01006887,422,391,31
S01006888,704,576,128
S01006889,681,428,253
S01006890,976,885,91
S01006891,675,533,142
S01006892,622,310,312
S01006893,1095,604,491
S01006894,628,433,195
S01006895,558,352,206
S01006896,744,723,21
S01006897,1073,968,105
S01006898,491,451,40
S01006899,394,389,5
S01006900,514,506,8
S01006901,883,573,310
S01006902,688,467,221
S01006903,874,526,348
S01006904,474,308,166
S01006905,904,734,170
S01006906,1058,579,479
S01006907,619,434,185
S01006908,869,601,268
S01006909,264,241,23
S01006910,333,300,33
S01006911,316,262,54
S01006912,262,202,60
S01006913,549,473,76
S01006914,777,636,141
S01006915,835,773,62
S01006916,267,208,59
S01006917,113,98,15
S01006918,472,433,39
S01006919,541,478,63
S01006920,583,398,185
S01006921,415,396,19
S01006922,587,480,107
S01006923,700,632,68
S01006924,429,374,55
S01006925,553,506,47
S01006926,310,302,8
S01006927,275,236,39
S01006928,1132,885,247
S01006929,1337,1261,76
S01006930,803,784,19
S01006931,420,231,189
S01006932,479,445,34
S01006933,896,882,14
S01006934,597,388,209
S01006935,1025,1015,10
S01006936,739,719,20
S01006937,904,861,43
S01006938,932,828,104
S01006939,707,681,26
S01006940,1111,1066,45
S01006941,880,793,87
S01006942,1089,983,106
S01006943,264,179,85
S01006944,87,86,1
S01006945,1094,1024,70
S01006946,795,721,74
S01006947,1110,940,170
S01006948,966,885,81
S01006949,680,624,56
S01006950,222,187,35
S01006951,827,692,135
S01006952,1092,858,234
S01006953,1237,1160,77
S01006954,1090,996,94
S01006955,574,372,202
S01006956,708,658,50
S01006957,810,712,98
S01006958,1060,943,117
S01006959,789,523,266
S01006960,363,335,28
S01006961,322,245,77
S01006962,782,735,47
S01006963,1103,1053,50
S01006964,870,758,112
S01006965,557,536,21
S01006966,811,484,327
S01006967,820,791,29
S01006968,1029,822,207
S01006969,1036,938,98
S01006970,720,671,49
S01006971,915,632,283
S01006972,474,408,66
S01006973,564,447,117
S01006974,1319,1117,202
S01006975,1067,818,249
S01006976,573,468,105
S01006977,838,538,300
S01006978,790,553,237
S01006979,1349,1034,315
S01006980,627,462,165
S01006981,787,556,231
S01006982,960,709,251
S01006983,1054,776,278
S01006984,793,617,176
S01006985,1317,1004,313
S01006986,419,312,107
S01006987,1005,795,210
S01006988,472,400,72
S01006989,716,617,99
S01006990,448,337,111
S01006991,701,370,331
S01006992,854,706,148
S01006993,705,596,109
S01006994,623,461,162
S01006995,897,685,212
S01006996,706,509,197
S01006997,601,505,96
S01006998,974,779,195
S01006999,789,566,223
S01007000,1151,800,351
S01007001,935,692,243
S01007002,428,254,174
S01007003,533,396,137
S01007004,1048,835,213
S01007005,917,732,185
S01007006,963,636,327
S01007007,741,537,204
S01007008,829,489,340
S01007009,1306,965,341
S01007010,916,750,166
S01007011,1106,669,437
S01007012,999,377,622
S01007013,828,733,95
S01007014,991,816,175
S01007015,735,469,266
S01007016,538,403,135
S01007017,1137,679,458
S01007018,1207,933,274
S01007019,1010,696,314
S01007020,969,681,288
S01007021,1311,940,371
S01007022,448,384,64
S01007023,719,476,243
S01007024,1067,743,324
S01007025,1050,655,395
S01007026,916,720,196
S01007027,1228,930,298
S01007028,1129,877,252
S01007029,506,449,57
S01007030,965,654,311
S01007031,611,386,225
S01007032,1137,755,382
S01007033,1137,766,371
S01007034,983,636,347
S01007035,956,472,484
S01007036,977,745,232
S01007037,1126,734,392
S01007038,815,616,199
S01007039,726,410,316
S01007040,1067,699,368
S01007041,976,694,282
S01007042,889,671,218
S01007043,1037,760,277
S01007044,1059,880,179
S01007045,857,753,104
S01007046,523,424,99
S01007047,950,712,238
S01007048,1310,1058,252
S01007049,1014,608,406
S01007050,973,769,204
S01007051,906,726,180
S01007052,556,456,100
S01007053,760,660,100
S01007054,1041,778,263
S01007055,476,414,62
S01007056,781,643,138
S01007057,870,703,167
S01007058,822,555,267
S01007059,1148,853,295
S01007060,675,297,378
S01007061,1100,940,160
S01007062,696,593,103
S01007063,1376,1129,247
S01007064,692,549,143
S01007065,738,609,129
S01007066,664,542,122
S01007067,1291,1157,134
S01007068,738,420,318
S01007069,910,462,448
S01007070,754,505,249
S01007071,1151,853,298
S01007072,1203,910,293
S01007073,1508,1057,451
S01007074,1225,893,332
S01007075,1091,682,409
S01007076,926,681,245
S01007077,883,708,175
S01007078,1040,644,396
S01007079,1201,737,464
S01007080,869,515,354
S01007081,1093,588,505
S01007082,705,411,294
S01007083,869,323,546
S01007084,818,545,273
S01007085,1110,690,420
S01007086,969,435,534
S01007087,859,534,325
S01007088,706,297,409
S01007089,587,569,18
S01007090,541,515,26
S01007091,283,270,13
S01007092,703,401,302
S01007093,1080,1045,35
S01007094,1144,1003,141
S01007095,667,561,106
S01007096,952,753,199
S01007097,842,734,108
S01007098,484,424,60
S01007099,654,531,123
S01007100,884,696,188
S01007101,1221,697,524
S01007102,774,575,199
S01007103,814,637,177
S01007104,477,395,82
S01007105,654,544,110
S01007106,929,760,169
S01007107,650,574,76
S01007108,654,459,195
S01007109,983,582,401
S01007110,964,604,360
S01007111,547,445,102
S01007112,888,783,105
S01007113,770,649,121
S01007114,867,731,136
S01007115,719,701,18
S01007116,687,654,33
S01007117,667,654,13
S01007118,978,504,474
S01007119,1043,405,638
S01007120,1130,614,516
S01007121,682,434,248
S01007122,585,435,150
S01007123,950,545,405
S01007124,1080,796,284
S01007125,759,455,304
S01007126,1025,413,612
S01007127,590,372,218
S01007128,1047,524,523
S01007129,681,605,76
S01007130,675,559,116
S01007131,795,716,79
S01007132,707,679,28
S01007133,525,472,53
S01007134,800,634,166
S01007135,664,517,147
S01007136,320,201,119
S01007137,154,114,40
S01007138,454,395,59
S01007139,741,655,86
S01007140,822,607,215
S01007141,580,426,154
S01007142,162,160,2
S01007143,448,321,127
S01007144,1476,1136,340
S01007145,939,751,188
S01007146,876,745,131
S01007147,927,861,66
S01007148,600,590,10
S01007149,991,958,33
S01007150,786,732,54
S01007151,945,870,75
S01007152,796,730,66
S01007153,1022,926,96
S01007154,917,690,227
S01007155,693,582,111
S01007156,984,741,243
S01007157,850,563,287
S01007158,872,730,142
S01007159,871,485,386
S01007160,823,539,284
S01007161,920,668,252
S01007162,398,265,133
S01007163,1044,861,183
S01007164,812,715,97
S01007165,856,784,72
S01007166,1079,936,143
S01007167,945,897,48
S01007168,1065,1048,17
S01007169,946,809,137
S01007170,709,504,205
S01007171,903,554,349
S01007172,815,676,139
S01007173,632,564,68
S01007174,696,594,102
S01007175,707,524,183
S01007176,1092,648,444
S01007177,791,373,418
S01007178,1007,324,683
S01007179,1265,1096,169
S01007180,1018,895,123
S01007181,1087,912,175
S01007182,1194,964,230
S01007183,1243,837,406
S01007184,995,662,333
S01007185,884,436,448
S01007186,600,291,309
S01007187,773,351,422
S01007188,733,475,258
S01007189,884,410,474
S01007190,917,667,250
S01007191,740,467,273
S01007192,821,516,305
S01007193,880,514,366
S01007194,629,217,412
S01007195,904,512,392
S01007196,730,362,368
S01007197,408,91,317
S01007198,473,199,274
S01007199,1102,315,787
S01007200,931,628,303
S01007201,1057,734,323
S01007202,822,491,331
S01007203,908,691,217
S01007204,937,635,302
S01007205,800,515,285
S01007206,336,235,101
S01007207,1074,798,276
S01007208,790,391,399
S01007209,641,369,272
S01007210,1042,529,513
S01007211,778,419,359
S01007212,786,635,151
S01007213,807,653,154
S01007214,881,412,469
S01007215,944,647,297
S01007216,808,642,166
S01007217,896,505,391
S01007218,787,718,69
S01007219,1085,718,367
S01007220,820,545,275
S01007221,659,522,137
S01007222,1175,768,407
S01007223,636,605,31
S01007224,704,558,146
S01007225,1015,685,330
S01007226,897,702,195
S01007227,1368,1045,323
S01007228,788,444,344
S01007229,1207,633,574
S01007230,1290,372,918
S01007231,752,294,458
S01007232,587,180,407
S01007233,745,506,239
S01007234,623,380,243
S01007235,1023,584,439
S01007236,1110,752,358
S01007237,770,663,107
S01007238,986,711,275
S01007239,1246,980,266
S01007240,589,334,255
S01007241,1185,921,264
S01007242,1087,918,169
S01007243,1290,1058,232
S01007244,635,468,167
S01007245,762,525,237
S01007246,632,450,182
S01007247,1061,564,497
S01007248,857,703,154
S01007249,545,504,41
S01007250,751,574,177
S01007251,654,453,201
S01007252,794,616,178
S01007253,748,666,82
S01007254,849,485,364
S01007255,1061,395,666
S01007256,754,418,336
S01007257,837,373,464
S01007258,783,456,327
S01007259,941,530,411
S01007260,1178,555,623
S01007261,1015,850,165
S01007262,737,481,256
S01007263,1238,871,367
S01007264,887,673,214
S01007265,1108,672,436
S01007266,798,491,307
S01007267,579,256,323
S01007268,582,305,277
S01007269,653,542,111
S01007270,486,237,249
S01007271,1115,807,308
S01007272,1163,534,629
S01007273,667,456,211
S01007274,854,544,310
S01007275,749,518,231
S01007276,1129,851,278
S01007277,991,947,44
S01007278,934,764,170
S01007279,650,404,246
S01007280,622,261,361
S01007281,984,650,334
S01007282,534,211,323
S01007283,864,569,295
S01007284,880,603,277
S01007285,1003,613,390
S01007286,1333,919,414
S01007287,531,347,184
S01007288,742,463,279
S01007289,975,872,103
S01007290,352,227,125
S01007291,528,378,150
S01007292,757,654,103
S01007293,1218,550,668
S01007294,949,736,213
S01007295,642,141,501
S01007296,560,345,215
S01007297,913,752,161
S01007298,551,377,174
S01007299,898,589,309
S01007300,750,368,382
S01007301,848,619,229
S01007302,896,572,324
S01007303,989,765,224
S01007304,569,399,170
S01007305,927,670,257
S01007306,1013,628,385
S01007307,945,775,170
S01007308,783,516,267
S01007309,735,497,238
S01007310,943,711,232
S01007311,933,466,467
S01007312,851,610,241
S01007313,871,628,243
S01007314,890,688,202
S01007315,768,553,215
S01007316,1103,680,423
S01007317,1082,731,351
S01007318,628,363,265
S01007319,813,604,209
S01007320,1022,710,312
S01007321,618,419,199
S01007322,839,524,315
S01007323,579,437,142
S01007324,294,115,179
S01007325,757,480,277
S01007326,1066,530,536
S01007327,938,493,445
S01007328,1126,591,535
S01007329,658,356,302
S01007330,850,599,251
S01007331,935,579,356
S01007332,725,580,145
S01007333,1149,786,363
S01007334,944,337,607
S01007335,1026,462,564
S01007336,729,367,362
S01007337,651,358,293
S01007338,1189,753,436
S01007339,846,693,153
S01007340,748,445,303
S01007341,806,668,138
S01007342,788,725,63
S01007343,768,302,466
S01007344,579,397,182
S01007345,597,180,417
S01007346,897,205,692
S01007347,1156,468,688
S01007348,879,295,584
S01007349,688,319,369
S01007350,684,418,266
S01007351,669,463,206
S01007352,526,338,188
S01007353,671,495,176
S01007354,806,649,157
S01007355,1263,991,272
S01007356,717,505,212
S01007357,822,596,226
S01007358,1492,1003,489
S01007359,930,627,303
S01007360,808,507,301
S01007361,995,831,164
S01007362,1001,867,134
S01007363,1025,671,354
S01007364,1095,436,659
S01007365,439,282,157
S01007366,581,289,292
S01007367,633,395,238
S01007368,690,278,412
S01007369,1098,829,269
S01007370,908,579,329
S01007371,893,694,199
S01007372,898,774,124
S01007373,593,525,68
S01007374,881,742,139
S01007375,506,443,63
S01007376,1093,610,483
S01007377,690,670,20
S01007378,715,595,120
S01007379,893,649,244
S01007380,783,454,329
S01007381,470,359,111
S01007382,1041,710,331
S01007383,784,639,145
S01007384,1088,791,297
S01007385,1345,1032,313
S01007386,877,860,17
S01007387,906,832,74
S01007388,788,731,57
S01007389,966,96,870
S01007390,440,30,410
S01007391,671,647,24
S01007392,448,437,11
S01007393,887,768,119
S01007394,763,694,69
S01007395,1206,759,447
S01007396,1112,760,352
S01007397,923,788,135
S01007398,715,318,397
S01007399,731,159,572
S01007400,894,720,174
S01007401,775,695,80
S01007402,755,727,28
S01007403,801,355,446
S01007404,685,365,320
S01007405,513,431,82
S01007406,689,638,51
S01007407,804,724,80
S01007408,919,654,265
S01007409,677,608,69
S01007410,917,317,600
S01007411,872,308,564
S01007412,582,344,238
S01007413,805,723,82
S01007414,343,271,72
S01007415,944,462,482
S01007416,566,160,406
S01007417,249,177,72
S01007418,756,429,327
S01007419,999,346,653
S01007420,950,541,409
S01007421,615,395,220
S01007422,763,501,262
S01007423,377,196,181
S01007424,778,738,40
S01007425,1053,819,234
S01007426,909,549,360
S01007427,809,430,379
S01007428,1121,803,318
S01007429,1030,625,405
S01007430,580,399,181
S01007431,719,644,75
S01007432,730,527,203
S01007433,960,618,342
S01007434,634,256,378
S01007435,860,632,228
S01007436,1062,500,562
S01007437,558,328,230
S01007438,717,392,325
S01007439,976,649,327
S01007440,868,591,277
S01007441,676,629,47
S01007442,790,748,42
S01007443,938,717,221
S01007444,1373,1152,221
S01007445,793,763,30
S01007446,734,643,91
S01007447,638,530,108
S01007448,1000,830,170
S01007449,1044,513,531
S01007450,1329,702,627
S01007451,723,516,207
S01007452,797,344,453
S01007453,116,18,98
S01007454,568,252,316
S01007455,933,346,587
S01007456,1079,408,671
S01007457,692,314,378
S01007458,846,740,106
S01007459,920,685,235
S01007460,862,537,325
S01007461,956,358,598
S01007462,948,548,400
S01007463,1149,283,866
S01007464,1136,308,828
S01007465,847,249,598
S01007466,937,387,550
S01007467,979,618,361
S01007468,1215,1085,130
S01007469,731,448,283
S01007470,657,226,431
S01007471,539,341,198
S01007472,1153,629,524
S01007473,485,165,320
S01007474,435,359,76
S01007475,502,378,124
S01007476,787,607,180
S01007477,773,633,140
S01007478,934,763,171
S01007479,462,317,145
S01007480,886,673,213
S01007481,992,912,80
S01007482,740,513,227
S01007483,1049,723,326
S01007484,894,587,307
S01007485,909,321,588
S01007486,923,242,681
S01007487,1194,646,548
S01007488,1026,818,208
S01007489,926,680,246
S01007490,1251,683,568
S01007491,710,451,259
S01007492,687,433,254
S01007493,977,632,345
S01007494,811,529,282
S01007495,720,534,186
S01007496,1041,732,309
S01007497,637,285,352
S01007498,1116,733,383
S01007499,870,459,411
S01007500,779,351,428
S01007501,685,442,243
S01007502,675,377,298
S01007503,1087,659,428
S01007504,1147,724,423
S01007505,448,304,144
S01007506,552,459,93
S01007507,1485,1036,449
S01007508,689,468,221
S01007509,736,565,171
S01007510,958,614,344
S01007511,1201,665,536
S01007512,576,380,196
S01007513,1098,715,383
S01007514,584,374,210
S01007515,600,504,96
S01007516,816,420,396
S01007517,524,394,130
S01007518,895,559,336
S01007519,584,420,164
S01007520,979,631,348
S01007521,723,457,266
S01007522,1105,728,377
S01007523,506,277,229
S01007524,918,569,349
S01007525,536,365,171
S01007526,942,585,357
S01007527,1456,981,475
S01007528,943,544,399
S01007529,823,652,171
S01007530,530,310,220
S01007531,772,418,354
S01007532,505,325,180
S01007533,753,520,233
S01007534,1363,818,545
S01007535,902,606,296
S01007536,1057,801,256
S01007537,1417,965,452
S01007538,753,514,239
S01007539,844,757,87
S01007540,833,542,291
S01007541,1118,857,261
S01007542,960,645,315
S01007543,1278,746,532
S01007544,1393,1103,290
S01007545,1253,925,328
S01007546,582,450,132
S01007547,546,364,182
S01007548,891,668,223
S01007549,781,503,278
S01007550,1281,811,470
S01007551,1282,876,406
S01007552,1037,550,487
S01007553,1058,512,546
S01007554,889,347,542
S01007555,763,580,183
S01007556,766,436,330
S01007557,1201,598,603
S01007558,570,440,130
S01007559,796,393,403
S01007560,1028,675,353
S01007561,973,593,380
S01007562,783,451,332
S01007563,1021,642,379
S01007564,1225,849,376
S01007565,997,685,312
S01007566,732,521,211
S01007567,547,395,152
S01007568,765,459,306
S01007569,931,576,355
S01007570,963,681,282
S01007571,549,335,214
S01007572,712,501,211
S01007573,87,86,1
S01007574,1380,900,480
S01007575,879,425,454
S01007576,1113,319,794
S01007577,918,329,589
S01007578,885,338,547
S01007579,538,246,292
S01007580,985,422,563
S01007581,651,322,329
S01007582,875,455,420
S01007583,1222,300,922
S01007584,857,482,375
S01007585,1040,776,264
S01007586,1003,611,392
S01007587,692,546,146
S01007588,1013,906,107
S01007589,1106,729,377
S01007590,653,618,35
S01007591,883,601,282
S01007592,964,497,467
S01007593,974,730,244
S01007594,858,702,156
S01007595,932,638,294
S01007596,802,486,316
S01007597,646,442,204
S01007598,1068,766,302
S01007599,616,390,226
S01007600,856,705,151
S01007601,673,605,68
S01007602,1050,993,57
S01007603,973,919,54
S01007604,1099,1079,20
S01007605,1188,1077,111
S01007606,614,546,68
S01007607,1038,1004,34
S01007608,1080,1003,77
S01007609,905,524,381
S01007610,749,404,345
S01007611,1017,463,554
S01007612,982,377,605
S01007613,961,783,178
S01007614,807,734,73
S01007615,1213,969,244
S01007616,907,572,335
S01007617,736,383,353
S01007618,866,559,307
S01007619,808,524,284
S01007620,844,764,80
S01007621,771,666,105
S01007622,860,615,245
S01007623,501,434,67
S01007624,777,749,28
S01007625,721,700,21
S01007626,496,475,21
S01007627,242,204,38
S01007628,859,746,113
S01007629,740,552,188
S01007630,833,690,143
S01007631,592,478,114
S01007632,1641,1150,491
S01007633,1508,1079,429
S01007634,666,415,251
S01007635,776,641,135
S01007636,1237,906,331
S01007637,1420,764,656
S01007638,1044,722,322
S01007639,1007,445,562
S01007640,562,225,337
S01007641,679,430,249
S01007642,1082,882,200
S01007643,958,653,305
S01007644,888,521,367
S01007645,775,441,334
S01007646,609,290,319
S01007647,1080,745,335
S01007648,1106,817,289
S01007649,776,478,298
S01007650,1065,576,489
S01007651,735,407,328
S01007652,776,561,215
S01007653,1111,839,272
S01007654,1177,704,473
S01007655,777,422,355
S01007656,961,415,546
S01007657,679,458,221
S01007658,661,455,206
S01007659,988,587,401
S01007660,1320,705,615
S01007661,800,547,253
S01007662,994,670,324
S01007663,1107,862,245
S01007664,576,345,231
S01007665,675,475,200
S01007666,307,294,13
S01007667,535,508,27
S01007668,1267,762,505
S01007669,665,217,448
S01007670,991,454,537
S01007671,653,552,101
S01007672,1049,1005,44
S01007673,688,610,78
S01007674,1143,816,327
S01007675,701,579,122
S01007676,531,464,67
S01007677,155,134,21
S01007678,783,594,189
S01007679,945,395,550
S01007680,977,942,35
S01007681,529,358,171
S01007682,1118,926,192
S01007683,1224,846,378
S01007684,1230,1122,108
S01007685,992,910,82
S01007686,1146,930,216
S01007687,993,681,312
S01007688,1096,409,687
S01007689,638,302,336
S01007690,1136,379,757
S01007691,1570,309,1261
S01007692,982,394,588
S01007693,735,195,540
S01007694,401,114,287
S01007695,977,415,562
S01007696,929,269,660
S01007697,1331,556,775
S01007698,1190,383,807
S01007699,820,256,564
S01007700,906,803,103
S01007701,409,80,329
S01007702,341,110,231
S01007703,1149,813,336
S01007704,1306,384,922
S01007705,657,100,557
S01007706,765,173,592
S01007707,267,54,213
S01007708,1144,569,575
S01007709,784,297,487
S01007710,1071,276,795
S01007711,1221,369,852
S01007712,974,429,545
S01007713,577,329,248
S01007714,673,475,198
S01007715,604,157,447
S01007716,988,351,637
S01007717,959,297,662
S01007718,977,343,634
S01007719,1490,803,687
S01007720,1145,761,384
S01007721,1119,564,555
S01007722,969,346,623
S01007723,1067,396,671
S01007724,739,362,377
S01007725,1320,562,758
S01007726,885,394,491
S01007727,760,296,464
S01007728,1058,403,655
S01007729,963,397,566
S01007730,891,549,342
S01007731,500,220,280
S01007732,586,234,352
S01007733,907,827,80
S01007734,865,734,131
S01007735,865,804,61
S01007736,898,822,76
S01007737,984,526,458
S01007738,1128,791,337
S01007739,779,420,359
S01007740,706,612,94
S01007741,865,538,327
S01007742,742,511,231
S01007743,908,524,384
S01007744,795,380,415
S01007745,1013,523,490
S01007746,963,506,457
S01007747,859,436,423
S01007748,709,249,460
S01007749,991,951,40
S01007750,1031,1004,27
S01007751,739,689,50
S01007752,1102,993,109
S01007753,971,565,406
S01007754,1428,802,626
S01007755,866,390,476
S01007756,939,504,435
S01007757,1368,1340,28
S01007758,1077,949,128
S01007759,1251,770,481
S01007760,1002,874,128
S01007761,982,910,72
S01007762,787,529,258
S01007763,845,552,293
S01007764,1032,1020,12
S01007765,1014,999,15
S01007766,1167,1147,20
S01007767,1037,1014,23
S01007768,795,634,161
S01007769,809,752,57
S01007770,844,768,76
S01007771,890,877,13
S01007772,1244,873,371
S01007773,830,809,21
S01007774,165,163,2
S01007775,1032,975,57
S01007776,554,533,21
S01007777,391,379,12
S01007778,286,266,20
S01007779,863,824,39
S01007780,876,829,47
S01007781,802,691,111
S01007782,686,369,317
S01007783,841,226,615
S01007784,908,654,254
S01007785,488,110,378
S01007786,939,651,288
S01007787,789,435,354
S01007788,825,26,799
S01007789,654,72,582
S01007790,766,189,577
S01007791,190,175,15
S01007792,1070,703,367
S01007793,1082,469,613
S01007794,1231,854,377
S01007795,915,472,443
S01007796,977,340,637
S01007797,831,387,444
S01007798,385,358,27
S01007799,225,209,16
S01007800,996,371,625
S01007801,900,224,676
S01007802,716,600,116
S01007803,1121,289,832
S01007804,769,220,549
S01007805,846,346,500
S01007806,1004,541,463
S01007807,993,834,159
S01007808,974,464,510
S01007809,1360,1275,85
S01007810,1035,531,504
S01007811,947,464,483
S01007812,813,186,627
S01007813,1154,502,652
S01007814,885,595,290
S01007815,1119,1087,32
S01007816,764,741,23
S01007817,921,582,339
S01007818,972,861,111
S01007819,785,652,133
S01007820,1080,765,315
S01007821,837,571,266
S01007822,1003,870,133
S01007823,872,826,46
S01007824,1236,1141,95
S01007825,1280,958,322
S01007826,626,100,526
S01007827,740,535,205
S01007828,1221,729,492
S01007829,795,509,286
S01007830,1120,608,512
S01007831,935,483,452
S01007832,928,531,397
S01007833,1073,588,485
S01007834,811,374,437
S01007835,831,661,170
S01007836,898,738,160
S01007837,1314,1115,199
S01007838,1130,925,205
S01007839,817,542,275
S01007840,986,575,411
S01007841,968,582,386
S01007842,1231,464,767
S01007843,1042,406,636
S01007844,1345,852,493
S01007845,1003,424,579
S01007846,801,434,367
S01007847,1493,675,818
S01007848,1113,387,726
S01007849,1023,537,486
S01007850,852,363,489
S01007851,1033,718,315
S01007852,1260,651,609
S01007853,838,299,539
S01007854,1154,454,700
S01007855,757,327,430
S01007856,885,674,211
S01007857,483,165,318
S01007858,928,138,790
S01007859,612,163,449
S01007860,252,9,243
S01007861,1181,587,594
S01007862,1137,639,498
S01007863,933,294,639
S01007864,988,602,386
S01007865,535,478,57
S01007866,594,569,25
S01007867,413,353,60
S01007868,1285,1210,75
S01007869,1084,1012,72
S01007870,624,496,128
S01007871,1279,303,976
S01007872,833,168,665
S01007873,737,471,266
S01007874,876,482,394
S01007875,764,523,241
S01007876,790,472,318
S01007877,912,540,372
S01007878,728,291,437
S01007879,1230,531,699
S01007880,592,468,124
S01007881,644,336,308
S01007882,993,853,140
S01007883,920,662,258
S01007884,890,534,356
S01007885,1034,450,584
S01007886,937,544,393
S01007887,705,482,223
S01007888,1172,472,700
S01007889,1207,594,613
S01007890,766,391,375
S01007891,845,629,216
S01007892,1159,1002,157
S01007893,1216,1076,140
S01007894,1084,798,286
S01007895,798,561,237
S01007896,1163,590,573
S01007897,757,630,127
S01007898,718,538,180
S01007899,558,441,117
S01007900,632,264,368
S01007901,798,382,416
S01007902,1116,316,800
S01007903,840,489,351
S01007904,783,512,271
S01007905,867,261,606
S01007906,910,378,532
S01007907,894,465,429
S01007908,1186,899,287
S01007909,533,344,189
S01007910,1245,647,598
S01007911,944,609,335
S01007912,897,525,372
S01007913,1240,600,640
S01007914,901,417,484
S01007915,928,569,359
S01007916,1136,669,467
S01007917,1346,764,582
S01007918,1129,726,403
S01007919,708,670,38
S01007920,580,562,18
S01007921,1264,491,773
S01007922,1398,495,903
S01007923,735,530,205
S01007924,1180,557,623
S01007925,612,549,63
S01007926,733,620,113
S01007927,578,471,107
S01007928,1182,988,194
S01007929,980,851,129
S01007930,549,495,54
S01007931,1056,801,255
S01007932,944,890,54
S01007933,1309,1137,172
S01007934,685,442,243
S01007935,1137,814,323
S01007936,922,890,32
S01007937,1241,1150,91
S01007938,878,538,340
S01007939,1068,500,568
S01007940,1681,1258,423
S01007941,674,652,22
S01007942,216,140,76
S01007943,1032,827,205
S01007944,1039,654,385
S01007945,1201,791,410
S01007946,1038,722,316
S01007947,1097,852,245
S01007948,842,311,531
S01007949,1042,808,234
S01007950,1057,984,73
S01007951,937,655,282
S01007952,821,497,324
S01007953,1085,635,450
S01007954,814,268,546
S01007955,1264,570,694
S01007956,1015,469,546
S01007957,1229,839,390
S01007958,1029,496,533
S01007959,1426,1136,290
S01007960,644,279,365
S01007961,1142,848,294
S01007962,1077,521,556
S01007963,1119,307,812
S01007964,868,376,492
S01007965,823,356,467
S01007966,1023,367,656
S01007967,902,295,607
S01007968,1117,678,439
S01007969,869,494,375
S01007970,1115,598,517
S01007971,1110,523,587
S01007972,1208,706,502
S01007973,1077,975,102
S01007974,1043,389,654
S01007975,730,400,330
S01007976,999,526,473
S01007977,558,433,125
S01007978,860,672,188
S01007979,793,721,72
S01007980,816,615,201
S01007981,843,717,126
S01007982,755,546,209
S01007983,1523,866,657
S01007984,939,693,246
S01007985,950,470,480
S01007986,600,423,177
S01007987,1166,953,213
S01007988,973,626,347
S01007989,828,557,271
S01007990,1231,892,339
S01007991,697,648,49
S01007992,725,715,10
S01007993,1033,1019,14
S01007994,338,336,2
S01007995,794,686,108
S01007996,383,373,10
S01007997,798,782,16
S01007998,661,503,158
S01007999,889,289,600
S01008000,927,255,672
S01008001,958,260,698
S01008002,1138,312,826
S01008003,700,430,270
S01008004,127,61,66
S01008005,100,64,36
S01008006,619,92,527
S01008007,684,295,389
S01008008,562,171,391
S01008009,808,284,524
S01008010,1112,539,573
S01008011,703,199,504
S01008012,819,554,265
S01008013,694,518,176
S01008014,779,646,133
S01008015,846,463,383
S01008016,825,517,308
S01008017,951,940,11
S01008018,973,948,25
S01008019,1020,868,152
S01008020,898,760,138
S01008021,691,654,37
S01008022,902,874,28
S01008023,1027,989,38
S01008024,170,159,11
S01008025,929,867,62
S01008026,1245,747,498
S01008027,934,474,460
S01008028,358,251,107
S01008029,1086,880,206
S01008030,1018,812,206
S01008031,1088,656,432
S01008032,1289,785,504
S01008033,1280,1195,85
S01008034,1207,1181,26
S01008035,1073,1026,47
S01008036,705,692,13
S01008037,1519,884,635
S01008038,1103,600,503
S01008039,1066,646,420
S01008040,814,706,108
S01008041,989,696,293
S01008042,913,829,84
S01008043,1188,1111,77
S01008044,1211,1141,70
S01008045,1229,1077,152
S01008046,1240,733,507
S01008047,729,691,38
S01008048,713,696,17
S01008049,1003,978,25
S01008050,680,654,26
S01008051,1280,1241,39
S01008052,855,835,20
S01008053,886,847,39
S01008054,766,620,146
S01008055,906,877,29
S01008056,1210,1142,68
S01008057,1337,1281,56
S01008058,962,922,40
S01008059,770,761,9
S01008060,1885,1842,43
S01008061,899,867,32
S01008062,1110,1075,35
S01008063,998,958,40
S01008064,1077,602,475
S01008065,1308,1201,107
S01008066,1100,1012,88
S01008067,640,614,26
S01008068,1265,1213,52
S01008069,1222,1092,130
S01008070,1248,1196,52
S01008071,1035,976,59
S01008072,819,780,39
S01008073,478,472,6
S01008074,986,958,28
S01008075,620,591,29
S01008076,999,947,52
S01008077,1094,1051,43
S01008078,832,791,41
S01008079,918,893,25
S01008080,817,793,24
S01008081,693,668,25
S01008082,1024,980,44
S01008083,895,874,21
S01008084,939,776,163
S01008085,1286,1211,75
S01008086,1229,1063,166
S01008087,1218,1178,40
S01008088,974,932,42
S01008089,1066,1055,11
S01008090,798,704,94
S01008091,597,575,22
S01008092,1087,1040,47
S01008093,891,866,25
S01008094,764,707,57
S01008095,1055,1034,21
S01008096,829,811,18
S01008097,805,757,48
S01008098,784,762,22
S01008099,498,491,7
S01008100,1090,1049,41
S01008101,1131,993,138
S01008102,733,672,61
S01008103,682,437,245
S01008104,1165,740,425
S01008105,1225,739,486
S01008106,983,502,481
S01008107,576,506,70
S01008108,1059,1038,21
S01008109,1027,1005,22
S01008110,994,930,64
S01008111,974,935,39
S01008112,1061,1026,35
S01008113,1020,970,50
S01008114,950,938,12
S01008115,1015,983,32
S01008116,1349,1297,52
S01008117,876,808,68
S01008118,1483,1249,234
S01008119,792,402,390
S01008120,717,578,139
S01008121,695,688,7
S01008122,1209,1133,76
S01008123,1066,1019,47
S01008124,1072,1065,7
S01008125,1234,1185,49
S01008126,1028,1025,3
S01008127,532,529,3
S01008128,1181,1068,113
S01008129,949,610,339
S01008130,977,625,352
S01008131,762,419,343
S01008132,1107,1073,34
S01008133,787,574,213
S01008134,696,545,151
S01008135,1337,952,385
S01008136,1462,1020,442
S01008137,1235,402,833
S01008138,915,277,638
S01008139,1272,634,638
S01008140,953,429,524
S01008141,1234,1206,28
S01008142,1092,1075,17
S01008143,1341,887,454
S01008144,1210,1183,27
S01008145,1158,512,646
S01008146,782,322,460
S01008147,961,625,336
S01008148,1023,910,113
S01008149,956,707,249
S01008150,1338,876,462
S01008151,1025,680,345
S01008152,1214,743,471
S01008153,814,806,8
S01008154,1067,912,155
S01008155,927,765,162
S01008156,1097,837,260
S01008157,1056,818,238
S01008158,1113,1075,38
S01008159,1181,504,677
S01008160,978,472,506
S01008161,965,867,98
S01008162,1252,848,404
S01008163,923,470,453
S01008164,669,356,313
S01008165,268,168,100
S01008166,731,446,285
S01008167,1020,498,522
S01008168,1046,552,494
S01008169,773,408,365
S01008170,699,609,90
S01008171,949,569,380
S01008172,582,438,144
S01008173,791,679,112
S01008174,581,498,83
S01008175,780,591,189
S01008176,838,710,128
S01008177,846,477,369
S01008178,729,614,115
S01008179,420,416,4
S01008180,518,495,23
S01008181,637,601,36
S01008182,1186,880,306
S01008183,1118,882,236
S01008184,862,591,271
S01008185,1216,782,434
S01008186,821,537,284
S01008187,591,312,279
S01008188,1470,861,609
S01008189,1014,726,288
S01008190,1060,388,672
S01008191,862,491,371
S01008192,1073,679,394
S01008193,901,612,289
S01008194,578,403,175
S01008195,1153,431,722
S01008196,901,471,430
S01008197,281,148,133
S01008198,723,426,297
S01008199,861,216,645
S01008200,935,343,592
S01008201,1302,577,725
S01008202,790,554,236
S01008203,548,239,309
S01008204,1028,602,426
S01008205,845,416,429
S01008206,1088,548,540
S01008207,771,262,509
S01008208,400,125,275
S01008209,194,57,137
S01008210,1354,936,418
S01008211,990,633,357
S01008212,734,694,40
S01008213,831,689,142
S01008214,801,491,310
S01008215,1114,898,216
S01008216,883,833,50
S01008217,700,660,40
S01008218,560,440,120
S01008219,1009,705,304
S01008220,682,228,454
S01008221,848,252,596
S01008222,735,310,425
S01008223,589,273,316
S01008224,962,894,68
S01008225,852,608,244
S01008226,823,358,465
S01008227,947,441,506
S01008228,592,481,111
S01008229,843,422,421
S01008230,536,460,76
S01008231,96,44,52
S01008232,295,284,11
S01008233,373,255,118
S01008234,731,381,350
S01008235,937,576,361
S01008236,1105,777,328
S01008237,921,526,395
S01008238,988,540,448
S01008239,607,361,246
S01008240,1449,1359,90
S01008241,1092,1049,43
S01008242,1278,845,433
S01008243,810,448,362
S01008244,826,560,266
S01008245,1173,921,252
S01008246,1285,1071,214
S01008247,865,553,312
S01008248,1210,798,412
S01008249,791,532,259
S01008250,865,590,275
S01008251,881,815,66
S01008252,1102,999,103
S01008253,782,524,258
S01008254,1290,818,472
S01008255,1123,799,324
S01008256,1145,641,504
S01008257,815,530,285
S01008258,1190,997,193
S01008259,1079,697,382
S01008260,884,473,411
S01008261,1170,624,546
S01008262,813,492,321
S01008263,434,321,113
S01008264,591,346,245
S01008265,645,604,41
S01008266,770,640,130
S01008267,648,345,303
S01008268,632,559,73
S01008269,950,858,92
S01008270,1043,950,93
S01008271,738,515,223
S01008272,925,623,302
S01008273,988,824,164
S01008274,969,491,478
S01008275,771,628,143
S01008276,702,597,105
S01008277,693,476,217
S01008278,816,694,122
S01008279,762,522,240
S01008280,1244,804,440
S01008281,860,494,366
S01008282,638,432,206
S01008283,429,365,64
S01008284,677,333,344
S01008285,759,302,457
S01008286,1371,720,651
S01008287,927,557,370
S01008288,1008,789,219
S01008289,779,411,368
S01008290,923,685,238
S01008291,1142,1015,127
S01008292,647,473,174
S01008293,215,183,32
S01008294,385,278,107
S01008295,1193,1103,90
S01008296,713,475,238
S01008297,608,442,166
S01008298,1200,1061,139
S01008299,1078,508,570
S01008300,911,649,262
S01008301,1140,1119,21
S01008302,844,754,90
S01008303,783,564,219
S01008304,542,467,75
S01008305,874,866,8
S01008306,679,670,9
S01008307,760,719,41
S01008308,642,624,18
S01008309,873,462,411
S01008310,963,729,234
S01008311,620,380,240
S01008312,604,418,186
S01008313,1015,462,553
S01008314,885,350,535
S01008315,670,269,401
S01008316,918,386,532
S01008317,531,370,161
S01008318,1394,1256,138
S01008319,642,416,226
S01008320,731,620,111
S01008321,801,772,29
S01008322,1637,1192,445
S01008323,934,381,553
S01008324,650,415,235
S01008325,1212,821,391
S01008326,1053,508,545
S01008327,1141,773,368
S01008328,918,874,44
S01008329,1157,1110,47
S01008330,1168,1153,15
S01008331,752,686,66
S01008332,1025,980,45
S01008333,1040,901,139
S01008334,791,752,39
S01008335,892,525,367
S01008336,875,474,401
S01008337,545,397,148
S01008338,770,754,16
S01008339,590,567,23
S01008340,870,846,24
S01008341,666,658,8
S01008342,1094,909,185
S01008343,1103,952,151
S01008344,709,662,47
S01008345,1270,1208,62
S01008346,1062,1048,14
S01008347,1241,1173,68
S01008348,1007,964,43
S01008349,1040,1008,32
S01008350,821,795,26
S01008351,1119,1091,28
S01008352,886,869,17
S01008353,408,401,7
S01008354,823,750,73
S01008355,1165,866,299
S01008356,911,856,55
S01008357,883,861,22
S01008358,916,679,237
S01008359,813,767,46
S01008360,1105,1067,38
S01008361,830,796,34
S01008362,1045,1006,39
S01008363,844,792,52
S01008364,815,807,8
S01008365,1045,1015,30
S01008366,969,668,301
S01008367,906,561,345
S01008368,829,734,95
S01008369,847,719,128
S01008370,663,583,80
S01008371,879,862,17
S01008372,890,881,9
S01008373,1181,1156,25
S01008374,865,850,15
S01008375,784,761,23
S01008376,579,553,26
S01008377,928,883,45
S01008378,978,946,32
S01008379,527,523,4
S01008380,662,653,9
S01008381,1080,1065,15
S01008382,923,915,8
S01008383,648,643,5
S01008384,970,955,15
S01008385,635,629,6
S01008386,994,966,28
S01008387,868,864,4
S01008388,628,611,17
S01008389,727,660,67
S01008390,754,746,8
S01008391,766,683,83
S01008392,914,888,26
S01008393,829,810,19
S01008394,1132,1117,15
S01008395,854,837,17
S01008396,906,884,22
S01008397,1052,1038,14
S01008398,959,912,47
S01008399,714,680,34
S01008400,1109,1101,8
S01008401,1227,1194,33
S01008402,998,976,22
S01008403,951,927,24
S01008404,1087,1049,38
S01008405,960,940,20
S01008406,1202,1008,194
S01008407,516,451,65
S01008408,749,695,54
S01008409,1020,877,143
S01008410,815,778,37
S01008411,1123,971,152
S01008412,646,578,68
S01008413,557,443,114
S01008414,684,649,35
S01008415,1027,899,128
S01008416,1184,814,370
S01008417,748,696,52
S01008418,762,681,81
S01008419,512,431,81
S01008420,624,582,42
S01008421,796,538,258
S01008422,959,827,132
S01008423,955,840,115
S01008424,1195,1114,81
S01008425,1188,1086,102
S01008426,1213,946,267
S01008427,1349,1311,38
S01008428,928,722,206
S01008429,926,868,58
S01008430,1151,972,179
S01008431,1089,988,101
S01008432,1167,1113,54
S01008433,916,889,27
S01008434,1175,1143,32
S01008435,1187,1171,16
S01008436,910,805,105
S01008437,862,657,205
S01008438,714,624,90
S01008439,1076,1046,30
S01008440,1176,1132,44
S01008441,856,837,19
S01008442,568,546,22
S01008443,616,582,34
S01008444,802,628,174
S01008445,987,347,640
S01008446,1428,1037,391
S01008447,704,658,46
S01008448,788,737,51
S01008449,637,354,283
S01008450,396,169,227
S01008451,1054,399,655
S01008452,813,105,708
S01008453,555,54,501
S01008454,1318,402,916
S01008455,1208,593,615
S01008456,1024,387,637
S01008457,966,570,396
S01008458,843,667,176
S01008459,805,310,495
S01008460,1135,290,845
S01008461,943,259,684
S01008462,671,162,509
S01008463,928,389,539
S01008464,991,876,115
S01008465,1019,772,247
S01008466,918,690,228
S01008467,879,793,86
S01008468,1016,624,392
S01008469,574,419,155
S01008470,992,476,516
S01008471,838,205,633
S01008472,707,371,336
S01008473,724,335,389
S01008474,861,361,500
S01008475,818,479,339
S01008476,769,421,348
S01008477,1151,714,437
S01008478,928,543,385
S01008479,1134,678,456
S01008480,467,182,285
S01008481,983,575,408
S01008482,857,620,237
S01008483,907,582,325
S01008484,980,825,155
S01008485,1166,813,353
S01008486,900,729,171
S01008487,498,424,74
S01008488,775,514,261
S01008489,962,616,346
S01008490,1169,834,335
S01008491,756,477,279
S01008492,524,252,272
S01008493,863,531,332
S01008494,796,486,310
S01008495,989,635,354
S01008496,1113,762,351
S01008497,900,622,278
S01008498,753,430,323
S01008499,1006,497,509
S01008500,326,99,227
S01008501,569,320,249
S01008502,633,440,193
S01008503,876,728,148
S01008504,1397,1187,210
S01008505,1029,882,147
S01008506,1029,858,171
S01008507,845,575,270
S01008508,1085,971,114
S01008509,995,937,58
S01008510,845,817,28
S01008511,1015,932,83
S01008512,1073,1035,38
S01008513,760,647,113
S01008514,778,694,84
S01008515,975,897,78
S01008516,1316,883,433
S01008517,963,627,336
S01008518,1197,1046,151
S01008519,1129,1072,57
S01008520,1245,1226,19
S01008521,880,871,9
S01008522,637,575,62
S01008523,294,278,16
S01008524,1207,699,508
S01008525,971,510,461
S01008526,898,666,232
S01008527,784,682,102
S01008528,740,641,99
S01008529,874,657,217
S01008530,1087,634,453
S01008531,1007,546,461
S01008532,702,497,205
S01008533,524,102,422
S01008534,920,538,382
S01008535,715,707,8
S01008536,726,678,48
S01008537,716,709,7
S01008538,655,644,11
S01008539,1148,1089,59
S01008540,1029,1005,24
S01008541,1053,1002,51
S01008542,1240,1191,49
S01008543,1082,1027,55
S01008544,680,667,13
S01008545,782,726,56
S01008546,909,893,16
S01008547,1194,1082,112
S01008548,1075,857,218
S01008549,1260,1107,153
S01008550,1063,1028,35
S01008551,999,947,52
S01008552,1163,1013,150
S01008553,787,456,331
S01008554,1002,207,795
S01008555,1013,337,676
S01008556,1126,627,499
S01008557,843,344,499
S01008558,921,502,419
S01008559,819,559,260
S01008560,807,542,265
S01008561,937,730,207
S01008562,798,281,517
S01008563,1244,763,481
S01008564,1046,818,228
S01008565,983,573,410
S01008566,1046,629,417
S01008567,705,329,376
S01008568,883,737,146
S01008569,782,169,613
S01008570,973,478,495
S01008571,879,607,272
S01008572,888,691,197
S01008573,888,865,23
S01008574,979,893,86
S01008575,840,789,51
S01008576,1020,953,67
S01008577,1101,1002,99
S01008578,946,908,38
S01008579,890,833,57
S01008580,884,687,197
S01008581,1113,631,482
S01008582,1434,979,455
S01008583,902,543,359
S01008584,1216,789,427
S01008585,954,577,377
S01008586,936,597,339
S01008587,830,684,146
S01008588,1046,916,130
S01008589,380,319,61
S01008590,565,448,117
S01008591,1001,789,212
S01008592,947,664,283
S01008593,880,822,58
S01008594,729,631,98
S01008595,1075,619,456
S01008596,970,557,413
S01008597,1093,937,156
S01008598,1138,820,318
S01008599,970,786,184
S01008600,1080,608,472
S01008601,857,305,552
S01008602,564,252,312
S01008603,1011,413,598
S01008604,973,730,243
S01008605,825,579,246
S01008606,1009,835,174
S01008607,573,533,40
S01008608,746,686,60
S01008609,1011,837,174
S01008610,1185,836,349
S01008611,1230,566,664
S01008612,717,334,383
S01008613,1044,687,357
S01008614,914,416,498
S01008615,840,480,360
S01008616,860,424,436
S01008617,975,450,525
S01008618,748,278,470
S01008619,514,265,249
S01008620,788,362,426
S01008621,870,376,494
S01008622,962,489,473
S01008623,1091,604,487
S01008624,631,501,130
S01008625,584,541,43
S01008626,1086,920,166
S01008627,770,714,56
S01008628,678,449,229
S01008629,954,641,313
S01008630,652,393,259
S01008631,879,544,335
S01008632,1117,819,298
S01008633,1055,909,146
S01008634,756,580,176
S01008635,768,546,222
S01008636,841,653,188
S01008637,646,437,209
S01008638,1232,496,736
S01008639,1238,819,419
S01008640,1186,772,414
S01008641,1065,627,438
S01008642,985,602,383
S01008643,1030,709,321
S01008644,623,374,249
S01008645,1014,641,373
S01008646,1239,794,445
S01008647,668,469,199
S01008648,907,545,362
S01008649,1221,698,523
S01008650,947,584,363
S01008651,837,420,417
S01008652,765,327,438
S01008653,711,260,451
S01008654,1137,508,629
S01008655,687,372,315
S01008656,1034,384,650
S01008657,818,428,390
S01008658,1066,485,581
S01008659,1169,498,671
S01008660,1098,423,675
S01008661,1013,271,742
S01008662,964,221,743
S01008663,999,379,620
S01008664,959,454,505
S01008665,1091,394,697
S01008666,819,350,469
S01008667,937,478,459
S01008668,1001,388,613
S01008669,635,181,454
S01008670,1155,378,777
S01008671,1183,419,764
S01008672,605,254,351
S01008673,786,159,627
S01008674,797,265,532
S01008675,776,256,520
S01008676,876,381,495
S01008677,687,308,379
S01008678,1071,240,831
S01008679,1015,245,770
S01008680,807,184,623
S01008681,964,316,648
S01008682,884,360,524
S01008683,1523,392,1131
S01008684,1108,286,822
S01008685,678,344,334
S01008686,1067,414,653
S01008687,832,475,357
S01008688,818,484,334
S01008689,1248,819,429
S01008690,1017,753,264
S01008691,1237,812,425
S01008692,1003,675,328
S01008693,606,535,71
S01008694,1299,1019,280
S01008695,980,766,214
S01008696,703,660,43
S01008697,867,844,23
S01008698,755,656,99
S01008699,1134,858,276
S01008700,678,554,124
S01008701,403,96,307
S01008702,244,154,90
S01008703,751,158,593
S01008704,905,306,599
S01008705,391,196,195
S01008706,756,272,484
S01008707,1100,293,807
S01008708,816,143,673
S01008709,1137,531,606
S01008710,357,182,175
S01008711,763,353,410
S01008712,1142,344,798
S01008713,703,230,473
S01008714,717,436,281
S01008715,818,540,278
S01008716,689,479,210
S01008717,560,524,36
S01008718,581,511,70
S01008719,1110,1003,107
S01008720,565,408,157
S01008721,854,835,19
S01008722,1071,914,157
S01008723,717,685,32
S01008724,960,858,102
S01008725,784,683,101
S01008726,1134,1059,75
S01008727,1150,1030,120
S01008728,503,374,129
S01008729,828,712,116
S01008730,1043,804,239
S01008731,558,414,144
S01008732,816,585,231
S01008733,851,702,149
S01008734,850,751,99
S01008735,1174,1140,34
S01008736,705,656,49
S01008737,775,751,24
S01008738,876,864,12
S01008739,634,584,50
S01008740,833,814,19
S01008741,1192,1168,24
S01008742,763,657,106
S01008743,1119,728,391
S01008744,1058,798,260
S01008745,539,491,48
S01008746,1133,454,679
S01008747,593,525,68
S01008748,1072,1046,26
S01008749,1181,1141,40
S01008750,796,748,48
S01008751,1135,769,366
S01008752,1020,544,476
S01008753,707,452,255
S01008754,728,415,313
S01008755,848,476,372
S01008756,827,374,453
S01008757,714,272,442
S01008758,1013,458,555
S01008759,716,348,368
S01008760,1327,732,595
S01008761,589,305,284
S01008762,584,554,30
S01008763,901,843,58
S01008764,713,621,92
S01008765,1298,1168,130
S01008766,1374,1248,126
S01008767,883,771,112
S01008768,617,452,165
S01008769,217,130,87
S01008770,76,59,17
S01008771,76,59,17
S01008772,1087,872,215
S01008773,920,655,265
S01008774,845,514,331
S01008775,586,394,192
S01008776,1272,634,638
S01008777,898,357,541
S01008778,597,361,236
S01008779,372,226,146
S01008780,352,203,149
S01008781,320,173,147
S01008782,510,320,190
S01008783,325,151,174
S01008784,554,246,308
S01008785,846,317,529
S01008786,873,492,381
S01008787,562,147,415
S01008788,405,268,137
S01008789,641,342,299
S01008790,679,325,354
S01008791,392,313,79
S01008792,989,653,336
S01008793,859,427,432
S01008794,825,408,417
S01008795,1009,748,261
S01008796,1014,426,588
S01008797,941,607,334
S01008798,946,599,347
S01008799,233,122,111
S01008800,818,513,305
S01008801,848,602,246
S01008802,1072,627,445
S01008803,1101,551,550
S01008804,615,261,354
S01008805,619,282,337
S01008806,738,487,251
S01008807,1013,632,381
S01008808,732,436,296
S01008809,835,494,341
S01008810,1031,607,424
S01008811,780,465,315
S01008812,896,587,309
S01008813,787,484,303
S01008814,1196,816,380
S01008815,1102,756,346
S01008816,243,147,96
S01008817,664,448,216
S01008818,991,806,185
S01008819,956,761,195
S01008820,1183,717,466
S01008821,826,763,63
S01008822,845,788,57
S01008823,818,756,62
S01008824,1239,1094,145
S01008825,631,590,41
S01008826,689,510,179
S01008827,1011,851,160
S01008828,972,830,142
S01008829,1093,887,206
S01008830,1293,1204,89
S01008831,1056,974,82
S01008832,537,463,74
S01008833,1063,870,193
S01008834,1195,1049,146
S01008835,1040,954,86
S01008836,536,288,248
S01008837,952,608,344
S01008838,968,713,255
S01008839,1136,816,320
S01008840,1037,847,190
S01008841,441,369,72
S01008842,193,170,23
S01008843,714,460,254
S01008844,432,295,137
S01008845,688,364,324
S01008846,825,469,356
S01008847,701,343,358
S01008848,866,493,373
S01008849,971,546,425
S01008850,1319,763,556
S01008851,1201,664,537
S01008852,1178,775,403
S01008853,557,349,208
S01008854,1028,632,396
S01008855,982,598,384
S01008856,658,434,224
S01008857,989,686,303
S01008858,1058,744,314
S01008859,909,479,430
S01008860,1299,815,484
S01008861,1007,834,173
S01008862,1095,611,484
S01008863,823,571,252
S01008864,1131,772,359
S01008865,1079,756,323
S01008866,1009,709,300
S01008867,925,765,160
S01008868,1049,549,500
S01008869,1111,712,399
S01008870,1051,761,290
S01008871,1274,909,365
S01008872,1023,693,330
S01008873,802,720,82
S01008874,848,595,253
S01008875,1095,768,327
S01008876,735,654,81
S01008877,766,644,122
S01008878,1249,1002,247
S01008879,872,765,107
S01008880,693,610,83
S01008881,611,552,59
S01008882,1176,1081,95
S01008883,1059,1001,58
S01008884,842,811,31
S01008885,968,942,26
S01008886,1098,931,167
S01008887,763,707,56
S01008888,668,453,215
S01008889,549,483,66
S01008890,834,817,17
S01008891,792,753,39
S01008892,1161,976,185
S01008893,1096,1055,41
S01008894,1011,985,26
S01008895,695,664,31
S01008896,627,600,27
S01008897,902,865,37
S01008898,1018,867,151
S01008899,866,390,476
S01008900,907,645,262
S01008901,1038,660,378
S01008902,991,594,397
S01008903,1141,733,408
S01008904,1079,616,463
S01008905,1231,514,717
S01008906,678,404,274
S01008907,779,252,527
S01008908,938,571,367
S01008909,1179,1061,118
S01008910,763,659,104
S01008911,285,209,76
S01008912,902,789,113
S01008913,532,441,91
S01008914,1185,950,235
S01008915,630,562,68
S01008916,1332,624,708
S01008917,647,242,405
S01008918,632,80,552
S01008919,564,102,462
S01008920,225,121,104
S01008921,1007,298,709
S01008922,1304,897,407
S01008923,943,442,501
S01008924,994,409,585
S01008925,836,710,126
S01008926,368,250,118
S01008927,71,70,1
S01008928,423,142,281
S01008929,1507,317,1190
S01008930,1238,306,932
S01008931,859,172,687
S01008932,436,302,134
S01008933,655,190,465
S01008934,526,296,230
S01008935,1062,1011,51
S01008936,661,643,18
S01008937,721,603,118
S01008938,1007,972,35
S01008939,841,809,32
S01008940,758,707,51
S01008941,644,417,227
S01008942,1248,1161,87
S01008943,776,745,31
S01008944,991,946,45
S01008945,1135,952,183
S01008946,746,738,8
S01008947,1166,1106,60
S01008948,1031,859,172
S01008949,1337,1043,294
S01008950,1000,773,227
S01008951,1105,675,430
S01008952,1594,1018,576
S01008953,1180,881,299
S01008954,933,603,330
S01008955,888,736,152
S01008956,1374,961,413
S01008957,1177,835,342
S01008958,744,441,303
S01008959,1051,881,170
S01008960,424,414,10
S01008961,1030,912,118
S01008962,744,721,23
S01008963,932,844,88
S01008964,773,715,58
S01008965,762,709,53
S01008966,934,892,42
S01008967,1134,1091,43
S01008968,1120,1104,16
S01008969,1050,966,84
S01008970,1123,1076,47
S01008971,715,704,11
S01008972,1371,1275,96
S01008973,644,590,54
S01008974,865,740,125
S01008975,864,588,276
S01008976,715,672,43
S01008977,839,799,40
S01008978,724,621,103
S01008979,831,733,98
S01008980,792,696,96
S01008981,829,798,31
S01008982,928,757,171
S01008983,886,648,238
S01008984,519,438,81
S01008985,826,738,88
S01008986,956,939,17
S01008987,1062,993,69
S01008988,760,565,195
S01008989,1059,969,90
S01008990,1218,1083,135
S01008991,1251,1174,77
S01008992,447,376,71
S01008993,1069,785,284
S01008994,1002,703,299
S01008995,1074,962,112
S01008996,783,570,213
S01008997,902,665,237
S01008998,959,491,468
S01008999,1015,762,253
S01009000,1163,1087,76
S01009001,736,693,43
S01009002,777,390,387
S01009003,920,740,180
S01009004,894,802,92
S01009005,972,834,138
S01009006,1413,1224,189
S01009007,927,767,160
S01009008,983,797,186
S01009009,579,283,296
S01009010,1421,1350,71
S01009011,1338,1311,27
S01009012,993,959,34
S01009013,1155,1055,100
S01009014,794,551,243
S01009015,540,448,92
S01009016,560,473,87
S01009017,710,452,258
S01009018,775,608,167
S01009019,931,673,258
S01009020,931,599,332
S01009021,736,551,185
S01009022,912,682,230
S01009023,944,723,221
S01009024,1214,855,359
S01009025,962,767,195
S01009026,1094,915,179
S01009027,833,679,154
S01009028,596,505,91
S01009029,768,651,117
S01009030,994,811,183
S01009031,798,642,156
S01009032,629,560,69
S01009033,816,720,96
S01009034,644,574,70
S01009035,863,736,127
S01009036,871,683,188
S01009037,683,589,94
S01009038,915,709,206
S01009039,1102,502,600
S01009040,820,443,377
S01009041,1012,666,346
S01009042,841,500,341
S01009043,1246,768,478
S01009044,1054,694,360
S01009045,1099,646,453
S01009046,782,661,121
S01009047,687,549,138
S01009048,745,659,86
S01009049,706,550,156
S01009050,844,651,193
S01009051,862,538,324
S01009052,907,680,227
S01009053,602,128,474
S01009054,713,336,377
S01009055,735,541,194
S01009056,604,247,357
S01009057,733,284,449
S01009058,895,550,345
S01009059,486,361,125
S01009060,369,258,111
S01009061,1021,669,352
S01009062,990,581,409
S01009063,704,622,82
S01009064,728,465,263
S01009065,1154,455,699
S01009066,774,397,377
S01009067,480,463,17
S01009068,935,591,344
S01009069,920,887,33
S01009070,1014,938,76
S01009071,558,385,173
S01009072,344,280,64
S01009073,816,385,431
S01009074,1026,433,593
S01009075,709,463,246
S01009076,1217,1123,94
S01009077,796,617,179
S01009078,386,324,62
S01009079,1153,482,671
S01009080,1489,675,814
S01009081,989,678,311
S01009082,1067,555,512
S01009083,722,429,293
S01009084,886,594,292
S01009085,277,246,31
S01009086,709,436,273
S01009087,704,329,375
S01009088,1085,855,230
S01009089,463,407,56
S01009090,154,148,6
S01009091,211,210,1
S01009092,991,667,324
S01009093,944,595,349
S01009094,923,860,63
S01009095,1259,901,358
S01009096,467,326,141
S01009097,909,797,112
S01009098,562,555,7
S01009099,889,622,267
S01009100,1253,640,613
S01009101,1088,456,632
S01009102,1158,275,883
S01009103,694,640,54
S01009104,839,504,335
S01009105,683,473,210
S01009106,851,650,201
S01009107,965,680,285
S01009108,951,890,61
S01009109,1109,1081,28
S01009110,881,636,245
S01009111,1140,1016,124
S01009112,620,594,26
S01009113,665,628,37
S01009114,791,582,209
S01009115,833,698,135
S01009116,900,715,185
S01009117,705,425,280
S01009118,661,630,31
S01009119,972,347,625
S01009120,746,477,269
S01009121,1056,638,418
S01009122,975,498,477
S01009123,340,151,189
S01009124,559,287,272
S01009125,784,417,367
S01009126,739,218,521
S01009127,595,255,340
S01009128,1011,302,709
S01009129,683,248,435
S01009130,430,122,308
S01009131,878,427,451
S01009132,939,770,169
S01009133,762,449,313
S01009134,1024,761,263
S01009135,619,556,63
S01009136,215,182,33
S01009137,189,158,31
S01009138,995,836,159
S01009139,675,334,341
S01009140,670,385,285
S01009141,572,254,318
S01009142,659,417,242
S01009143,553,220,333
S01009144,691,535,156
S01009145,1193,721,472
S01009146,1050,546,504
S01009147,995,496,499
S01009148,799,396,403
S01009149,563,407,156
S01009150,724,56,668
S01009151,679,460,219
S01009152,805,316,489
S01009153,735,605,130
S01009154,746,689,57
S01009155,545,509,36
S01009156,846,748,98
S01009157,981,690,291
S01009158,890,630,260
S01009159,687,204,483
S01009160,555,303,252
S01009161,887,369,518
S01009162,712,389,323
S01009163,514,390,124
S01009164,1057,617,440
S01009165,739,255,484
S01009166,962,336,626
S01009167,826,310,516
S01009168,998,949,49
S01009169,890,397,493
S01009170,679,375,304
S01009171,845,515,330
S01009172,721,683,38
S01009173,883,804,79
S01009174,88,81,7
S01009175,987,930,57
S01009176,876,827,49
S01009177,895,454,441
S01009178,883,404,479
S01009179,986,638,348
S01009180,1010,616,394
S01009181,1216,705,511
S01009182,1184,1015,169
S01009183,1124,1078,46
S01009184,1225,516,709
S01009185,1118,486,632
S01009186,893,536,357
S01009187,840,723,117
S01009188,1079,666,413
S01009189,1097,532,565
S01009190,536,463,73
S01009191,189,189,0
S01009192,658,585,73
S01009193,380,294,86
S01009194,947,900,47
S01009195,614,574,40
S01009196,754,509,245
S01009197,963,853,110
S01009198,863,723,140
S01009199,736,636,100
S01009200,908,751,157
S01009201,770,497,273
S01009202,597,562,35
S01009203,666,217,449
S01009204,1065,465,600
S01009205,1291,1247,44
S01009206,1138,1105,33
S01009207,968,935,33
S01009208,722,577,145
S01009209,1055,942,113
S01009210,874,677,197
S01009211,785,470,315
S01009212,947,536,411
S01009213,790,440,350
S01009214,1223,946,277
S01009215,1155,726,429
S01009216,1138,658,480
S01009217,796,233,563
S01009218,1216,858,358
S01009219,679,409,270
S01009220,629,312,317
S01009221,599,380,219
S01009222,710,406,304
S01009223,510,339,171
S01009224,975,481,494
S01009225,812,419,393
S01009226,1198,550,648
S01009227,686,416,270
S01009228,797,386,411
S01009229,915,701,214
S01009230,898,771,127
S01009231,1022,910,112
S01009232,700,199,501
S01009233,796,572,224
S01009234,1049,376,673
S01009235,847,480,367
S01009236,712,650,62
S01009237,722,695,27
S01009238,1075,685,390
S01009239,913,472,441
S01009240,701,186,515
S01009241,1013,376,637
S01009242,986,846,140
S01009243,1298,1078,220
S01009244,876,845,31
S01009245,892,804,88
S01009246,1058,644,414
S01009247,1246,691,555
S01009248,799,640,159
S01009249,1133,521,612
S01009250,793,456,337
S01009251,627,422,205
S01009252,477,473,4
S01009253,741,368,373
S01009254,1026,342,684
S01009255,641,333,308
S01009256,627,478,149
S01009257,537,389,148
S01009258,792,641,151
S01009259,787,646,141
S01009260,1128,791,337
S01009261,840,349,491
S01009262,814,325,489
S01009263,431,253,178
S01009264,818,642,176
S01009265,755,571,184
S01009266,1051,765,286
S01009267,743,641,102
S01009268,724,456,268
S01009269,1180,509,671
S01009270,764,466,298
S01009271,916,903,13
S01009272,949,443,506
S01009273,861,760,101
S01009274,909,774,135
S01009275,616,518,98
S01009276,1062,930,132
S01009277,746,678,68
S01009278,389,330,59
S01009279,591,467,124
S01009280,939,318,621
S01009281,899,431,468
S01009282,948,699,249
S01009283,602,424,178
S01009284,805,739,66
S01009285,961,896,65
S01009286,972,945,27
S01009287,888,833,55
S01009288,869,691,178
S01009289,929,827,102
S01009290,673,658,15
S01009291,1204,1092,112
S01009292,531,299,232
S01009293,661,498,163
S01009294,650,581,69
S01009295,830,809,21
S01009296,949,827,122
S01009297,1004,907,97
S01009298,1208,596,612
S01009299,1008,764,244
S01009300,611,406,205
S01009301,1057,572,485
S01009302,965,431,534
S01009303,773,694,79
S01009304,1301,960,341
S01009305,951,715,236
S01009306,1111,839,272
S01009307,1185,881,304
S01009308,809,485,324
S01009309,598,494,104
S01009310,927,878,49
S01009311,1033,521,512
S01009312,1002,799,203
S01009313,683,371,312
S01009314,988,871,117
S01009315,697,420,277
S01009316,910,841,69
S01009317,1030,985,45
S01009318,1052,1016,36
S01009319,1006,938,68
S01009320,881,659,222
S01009321,558,531,27
S01009322,710,589,121
S01009323,955,745,210
S01009324,652,459,193
S01009325,546,499,47
S01009326,249,216,33
S01009327,675,560,115
S01009328,102,96,6
S01009330,157,47,110
S01009331,250,238,12
S01009332,765,749,16
S01009333,995,727,268
S01009334,647,311,336
S01009335,865,483,382
S01009336,616,256,360
S01009337,981,494,487
S01009338,778,345,433
S01009339,1011,375,636
S01009340,1066,597,469
S01009341,1067,576,491
S01009342,954,648,306
S01009343,596,523,73
S01009344,785,461,324
S01009345,1287,1122,165
S01009346,164,162,2
S01009347,293,262,31
S01009348,239,199,40
S01009349,126,124,2
S01009350,186,176,10
S01009351,75,37,38
S01009352,76,71,5
S01009353,397,380,17
S01009354,290,286,4
S01009355,1010,992,18
S01009356,1059,1046,13
S01009357,482,392,90
S01009358,334,332,2
S01009359,255,253,2
S01009360,816,740,76
S01009361,891,799,92
S01009362,1239,1211,28
S01009363,1044,753,291
S01009364,854,741,113
S01009365,733,603,130
S01009366,925,693,232
S01009367,801,510,291
S01009368,834,501,333
S01009369,1054,842,212
S01009370,915,664,251
S01009371,551,434,117
S01009372,653,421,232
S01009373,976,573,403
S01009374,915,634,281
S01009375,777,520,257
S01009376,920,609,311
S01009377,782,349,433
S01009378,1092,565,527
S01009379,221,6,215
S01009380,684,582,102
S01009381,692,570,122
S01009382,1322,699,623
S01009383,987,646,341
S01009384,579,504,75
S01009385,758,615,143
S01009386,1126,625,501
S01009387,986,616,370
S01009388,1208,313,895
S01009389,948,754,194
S01009390,783,762,21
S01009391,828,814,14
S01009392,521,481,40
S01009393,831,794,37
S01009394,753,705,48
S01009395,1133,1082,51
S01009396,779,742,37
S01009397,741,711,30
S01009398,1167,1105,62
S01009399,1128,1061,67
S01009400,1002,886,116
S01009401,1060,984,76
S01009402,846,826,20
S01009403,844,753,91
S01009404,718,381,337
S01009405,752,594,158
S01009406,989,716,273
S01009407,492,390,102
S01009408,490,423,67
S01009409,911,623,288
S01009410,906,381,525
S01009411,1440,756,684
S01009412,922,437,485
S01009413,1302,888,414
S01009414,835,658,177
S01009415,1105,724,381
S01009416,665,641,24
S01009417,400,324,76
S01009418,1196,761,435
S01009419,1026,544,482
S01009420,829,182,647
S01009421,709,259,450
S01009422,1156,833,323
S01009423,264,217,47
S01009424,701,609,92
S01009425,853,655,198
S01009426,1053,414,639
S01009427,616,268,348
S01009428,624,304,320
S01009429,924,420,504
S01009430,728,405,323
S01009431,998,577,421
S01009432,1159,494,665
S01009433,924,327,597
S01009434,575,261,314
S01009435,1072,356,716
S01009436,615,336,279
S01009437,915,488,427
S01009438,1120,541,579
S01009439,1192,483,709
S01009440,909,443,466
S01009441,940,327,613
S01009442,704,575,129
S01009443,895,628,267
S01009444,801,731,70
S01009445,1033,598,435
S01009446,985,510,475
S01009447,782,479,303
S01009448,651,481,170
S01009449,707,448,259
S01009450,697,251,446
S01009451,1255,586,669
S01009452,861,412,449
S01009453,1010,608,402
S01009454,1125,966,159
S01009455,1387,1156,231
S01009456,877,472,405
S01009457,769,610,159
S01009458,623,461,162
S01009459,961,591,370
S01009460,793,249,544
S01009461,172,93,79
S01009462,673,448,225
S01009463,1116,864,252
S01009464,897,795,102
S01009465,639,484,155
S01009466,838,792,46
S01009467,834,767,67
S01009468,725,401,324
S01009469,779,669,110
S01009470,854,695,159
S01009471,797,281,516
S01009472,1151,653,498
S01009473,776,354,422
S01009474,781,410,371
S01009475,203,200,3
S01009476,435,381,54
S01009477,1029,813,216
S01009478,906,576,330
S01009479,875,651,224
S01009480,1061,927,134
S01009481,865,710,155
S01009482,610,522,88
S01009483,743,658,85
S01009484,1195,854,341
S01009485,790,422,368
S01009486,746,530,216
S01009487,1226,791,435
S01009488,978,782,196
S01009489,836,424,412
S01009490,891,321,570
S01009491,624,443,181
S01009492,943,499,444
S01009493,1224,1110,114
S01009494,1255,1132,123
S01009495,941,882,59
S01009496,849,518,331
S01009497,1089,931,158
S01009498,662,653,9
S01009499,834,616,218
S01009500,869,378,491
S01009501,810,364,446
S01009502,1078,486,592
S01009503,1068,578,490
S01009504,888,370,518
S01009505,920,306,614
S01009506,1189,404,785
S01009507,789,453,336
S01009508,1181,407,774
S01009509,1048,461,587
S01009510,888,883,5
S01009511,1020,997,23
S01009512,1089,1067,22
S01009513,863,839,24
S01009514,960,943,17
S01009515,869,461,408
S01009516,1144,778,366
S01009517,81,53,28
S01009518,267,222,45
S01009519,777,583,194
S01009520,972,801,171
S01009521,859,378,481
S01009522,985,425,560
S01009523,893,375,518
S01009524,776,414,362
S01009525,595,340,255
S01009526,336,308,28
S01009527,774,504,270
S01009528,730,411,319
S01009529,1127,748,379
S01009530,860,820,40
S01009531,1094,555,539
S01009532,1059,455,604
S01009533,876,408,468
S01009534,751,224,527
S01009535,896,256,640
S01009536,553,268,285
S01009537,604,342,262
S01009538,977,459,518
S01009539,1091,635,456
S01009540,1080,556,524
S01009541,1114,774,340
S01009542,879,381,498
S01009543,849,618,231
S01009544,931,379,552
S01009545,800,490,310
S01009546,727,349,378
S01009547,828,488,340
S01009548,1010,677,333
S01009549,1066,848,218
S01009550,669,601,68
S01009551,728,609,119
S01009552,1307,827,480
S01009553,1126,597,529
S01009554,863,486,377
S01009555,939,666,273
S01009556,1075,638,437
S01009557,1019,575,444
S01009558,752,371,381
S01009559,1302,756,546
S01009560,861,535,326
S01009561,783,448,335
S01009562,1133,882,251
S01009563,937,689,248
S01009564,719,612,107
S01009565,637,461,176
S01009566,1098,898,200
S01009567,1076,789,287
S01009568,939,715,224
S01009569,1080,810,270
S01009570,636,418,218
S01009571,777,379,398
S01009572,1066,531,535
S01009573,754,404,350
S01009574,1058,704,354
S01009575,864,584,280
S01009576,670,626,44
S01009577,883,775,108
S01009578,1130,606,524
S01009579,321,192,129
S01009580,626,605,21
S01009581,810,671,139
S01009582,578,444,134
S01009583,853,562,291
S01009584,353,342,11
S01009585,1320,995,325
S01009586,1110,841,269
S01009587,951,730,221
S01009588,1040,774,266
S01009589,1184,822,362
S01009590,520,498,22
S01009591,886,862,24
S01009592,813,718,95
S01009593,634,574,60
S01009594,670,657,13
S01009595,405,299,106
S01009596,1125,631,494
S01009597,1193,337,856
S01009598,778,159,619
S01009599,1292,833,459
S01009600,1049,492,557
S01009601,938,525,413
S01009602,713,700,13
S01009603,833,586,247
S01009604,834,545,289
S01009605,1020,561,459
S01009606,225,206,19
S01009607,506,489,17
S01009608,610,406,204
S01009609,998,876,122
S01009610,1056,795,261
S01009611,478,376,102
S01009612,569,367,202
S01009613,523,485,38
S01009614,631,480,151
S01009615,629,514,115
S01009616,1169,950,219
S01009617,766,711,55
S01009618,1013,616,397
S01009619,737,433,304
S01009620,972,484,488
S01009621,957,594,363
S01009622,953,320,633
S01009623,843,499,344
S01009624,1008,549,459
S01009625,1243,669,574
S01009626,842,306,536
S01009627,978,497,481
S01009628,619,337,282
S01009629,1176,757,419
S01009630,851,354,497
S01009631,814,344,470
S01009632,722,318,404
S01009633,747,247,500
S01009634,781,398,383
S01009635,1315,921,394
S01009636,974,496,478
S01009637,870,503,367
S01009638,719,262,457
S01009639,956,892,64
S01009640,749,470,279
S01009641,843,562,281
S01009642,1036,790,246
S01009643,163,161,2
S01009644,603,344,259
S01009645,920,564,356
S01009646,773,438,335
S01009647,641,284,357
S01009648,1197,597,600
S01009649,1079,535,544
S01009650,787,776,11
S01009651,968,718,250
S01009652,1108,970,138
S01009653,842,764,78
S01009654,596,456,140
S01009655,1044,486,558
S01009656,875,384,491
S01009657,922,624,298
S01009658,1013,550,463
S01009659,705,441,264
S01009660,941,487,454
S01009661,836,656,180
S01009662,849,681,168
S01009663,773,585,188
S01009664,1060,865,195
S01009665,1230,963,267
S01009666,1191,904,287
S01009667,409,351,58
S01009668,458,396,62
S01009669,594,502,92
S01009670,855,611,244
S01009671,820,581,239
S01009672,1206,788,418
S01009673,839,611,228
S01009674,1088,884,204
S01009675,960,789,171
S01009676,1463,1041,422
S01009677,681,473,208
S01009678,604,405,199
S01009679,1014,626,388
S01009680,1054,679,375
S01009681,734,475,259
S01009682,753,631,122
S01009683,864,752,112
S01009684,899,725,174
S01009685,960,688,272
S01009686,1098,684,414
S01009687,1029,722,307
S01009688,1251,488,763
S01009689,550,340,210
S01009690,769,587,182
S01009691,606,559,47
S01009692,1151,1027,124
S01009693,815,630,185
S01009694,1123,1015,108
S01009695,1044,882,162
S01009696,1047,867,180
S01009697,801,645,156
S01009698,687,534,153
S01009699,733,516,217
S01009700,699,417,282
S01009701,922,714,208
S01009702,608,407,201
S01009703,991,674,317
S01009704,1297,1028,269
S01009705,785,460,325
S01009706,880,554,326
S01009707,642,539,103
S01009708,675,576,99
S01009709,860,657,203
S01009710,483,394,89
S01009711,970,559,411
S01009712,676,505,171
S01009713,902,628,274
S01009714,889,785,104
S01009715,819,520,299
S01009716,1255,891,364
S01009717,994,581,413
S01009718,952,469,483
S01009719,1024,599,425
S01009720,861,489,372
S01009721,598,107,491
S01009722,777,317,460
S01009723,726,206,520
S01009724,1069,388,681
S01009725,942,478,464
S01009726,537,176,361
S01009727,846,691,155
S01009728,827,777,50
S01009729,1039,931,108
S01009730,1011,876,135
S01009731,906,756,150
S01009732,1149,613,536
S01009733,621,532,89
S01009734,1363,1091,272
S01009735,786,705,81
S01009736,897,359,538
S01009737,781,267,514
S01009738,524,294,230
S01009739,470,109,361
S01009740,755,448,307
S01009741,609,70,539
S01009742,491,333,158
S01009743,1203,1015,188
S01009744,721,649,72
S01009745,881,744,137
S01009746,795,542,253
S01009747,947,745,202
S01009748,792,695,97
S01009749,980,835,145
S01009750,739,486,253
S01009751,1056,664,392
S01009752,824,681,143
S01009753,736,615,121
S01009754,1395,1115,280
S01009755,656,556,100
S01009756,862,761,101
S01009757,773,703,70
S01009758,1070,956,114
S01009759,1211,148,1063
S01009760,1047,333,714
S01009761,954,882,72
S01009762,971,210,761
S01009763,451,443,8
S01009764,952,463,489
S01009765,1031,640,391
S01009766,880,791,89
S01009767,752,394,358
S01009768,514,72,442
S01009769,885,429,456
S01009770,874,832,42
S01009771,896,870,26
S01009772,750,724,26
S01009773,156,149,7
S01009774,108,108,0
S01009775,898,311,587
S01009776,1022,171,851
S01009777,673,372,301
S01009778,1141,417,724
S01009779,685,153,532
S01009780,917,189,728
S01009781,863,226,637
S01009782,542,240,302
S01009783,516,216,300
S01009784,1052,158,894
S01009785,1063,300,763
S01009786,1111,349,762
S01009787,964,350,614
S01009788,1300,940,360
S01009789,1157,720,437
S01009790,940,637,303
S01009791,810,318,492
S01009792,239,211,28
S01009793,914,853,61
S01009794,368,347,21
S01009795,855,844,11
S01009796,610,550,60
S01009797,572,560,12
S01009798,970,813,157
S01009799,1535,428,1107
S01009800,1306,702,604
S01009801,1325,572,753
S01009802,957,427,530
S01009803,893,338,555
S01009804,278,195,83
S01009805,800,330,470
S01009806,1090,784,306
S01009807,942,722,220
S01009808,1200,601,599
S01009809,1133,832,301
S01009810,920,433,487
S01009811,1248,661,587
S01009812,914,577,337
S01009813,1128,316,812
S01009814,1134,841,293
S01009815,1059,877,182
S01009816,1181,986,195
S01009817,853,634,219
S01009818,925,897,28
S01009819,1106,940,166
S01009820,1018,794,224
S01009821,833,767,66
S01009822,933,446,487
S01009823,1107,565,542
S01009824,843,276,567
S01009825,1164,647,517
S01009826,824,414,410
S01009827,900,479,421
S01009828,1283,588,695
S01009829,1241,895,346
S01009830,1007,769,238
S01009831,1264,1137,127
S01009832,1090,897,193
S01009833,618,535,83
S01009834,693,188,505
S01009835,623,163,460
S01009836,756,513,243
S01009837,776,421,355
S01009838,777,433,344
S01009839,1074,271,803
S01009840,1025,575,450
S01009841,1116,179,937
S01009842,953,308,645
S01009843,560,122,438
S01009844,730,93,637
S01009845,1035,133,902
S01009846,1050,382,668
S01009847,560,121,439
S01009848,902,549,353
S01009849,1087,679,408
S01009850,966,631,335
S01009851,1060,612,448
S01009852,582,397,185
S01009853,935,649,286
S01009854,789,204,585
S01009855,758,534,224
S01009856,584,449,135
S01009857,826,591,235
S01009858,965,679,286
S01009859,1102,270,832
S01009860,988,273,715
S01009861,1513,376,1137
S01009862,987,330,657
S01009863,987,607,380
S01009864,963,426,537
S01009865,645,393,252
S01009866,956,645,311
S01009867,900,584,316
S01009868,1006,737,269
S01009869,1043,691,352
S01009870,919,408,511
S01009871,1030,473,557
S01009872,884,601,283
S01009873,922,688,234
S01009874,1006,624,382
S01009875,561,212,349
S01009876,983,353,630
S01009877,827,757,70
S01009878,832,495,337
S01009879,1091,1032,59
S01009880,1150,916,234
S01009881,824,482,342
S01009882,570,302,268
S01009883,865,533,332
S01009884,961,696,265
S01009885,871,691,180
S01009886,798,583,215
S01009887,973,459,514
S01009888,821,499,322
S01009889,1122,730,392
S01009890,758,164,594
S01009891,696,379,317
S01009892,1081,258,823
S01009893,1003,631,372
S01009894,996,281,715
S01009895,932,345,587
S01009896,1254,379,875
S01009897,1272,913,359
S01009898,890,377,513
S01009899,1074,740,334
S01009900,1127,831,296
S01009901,999,724,275
S01009902,1097,764,333
S01009903,1101,831,270
S01009904,755,512,243
S01009905,718,452,266
S01009906,701,424,277
S01009907,1161,641,520
S01009908,1178,834,344
S01009909,852,577,275
S01009910,798,558,240
S01009911,1178,1020,158
S01009912,953,846,107
S01009913,910,854,56
S01009914,942,888,54
S01009915,905,828,77
S01009916,1217,1166,51
S01009917,816,790,26
S01009918,964,905,59
S01009919,1078,695,383
S01009920,1055,781,274
S01009921,805,557,248
S01009922,1207,911,296
S01009923,1014,722,292
S01009924,1084,672,412
S01009925,1138,768,370
S01009926,906,693,213
S01009927,553,441,112
S01009928,636,583,53
S01009929,578,472,106
S01009930,976,649,327
S01009931,839,696,143
S01009932,811,648,163
S01009933,1212,385,827
S01009934,889,820,69
S01009935,687,265,422
S01009936,1148,696,452
S01009937,776,146,630
S01009938,1057,526,531
S01009939,1121,127,994
S01009940,926,282,644
S01009941,1176,973,203
S01009942,1119,582,537
S01009943,1332,557,775
S01009944,1053,779,274
S01009945,1137,574,563
S01009946,998,604,394
S01009947,928,599,329
S01009948,1247,657,590
S01009949,1041,779,262
S01009950,788,760,28
S01009951,931,894,37
S01009952,1106,980,126
S01009953,1211,1063,148
S01009954,838,711,127
S01009955,1100,938,162
S01009956,887,657,230
S01009957,1372,1237,135
S01009958,1276,1229,47
S01009959,881,816,65
S01009960,1206,1072,134
S01009961,722,594,128
S01009962,999,711,288
S01009963,1274,1237,37
S01009964,1199,1095,104
S01009965,1028,1002,26
S01009966,1262,1245,17
S01009967,1046,953,93
S01009968,661,646,15
S01009969,1252,1020,232
S01009970,1117,222,895
S01009971,1017,208,809
S01009972,736,421,315
S01009973,300,68,232
S01009974,927,154,773
S01009975,835,188,647
S01009976,744,263,481
S01009977,889,154,735
S01009978,906,348,558
S01009979,806,171,635
S01009980,501,58,443
S01009981,787,83,704
S01009982,658,167,491
S01009983,680,83,597
S01009984,982,523,459
S01009985,652,87,565
S01009986,693,129,564
S01009987,850,357,493
S01009988,671,170,501
S01009989,1102,905,197
S01009990,1039,824,215
S01009991,1030,922,108
S01009992,1057,235,822
S01009993,859,761,98
S01009994,763,698,65
S01009995,679,576,103
S01009996,925,815,110
S01009997,707,641,66
S01009998,968,865,103
S01009999,951,863,88
S01010000,981,804,177
S01010001,798,648,150
S01010002,1474,1331,143
S01010003,1044,965,79
S01010004,963,926,37
S01010005,980,579,401
S01010006,1210,832,378
S01010007,952,890,62
S01010008,562,334,228
S01010009,699,426,273
S01010010,1509,1401,108
S01010011,831,487,344
S01010012,1711,1626,85
S01010013,1018,663,355
S01010014,1306,940,366
S01010015,852,677,175
S01010016,777,540,237
S01010017,988,487,501
S01010018,977,345,632
S01010019,1241,229,1012
S01010020,1014,664,350
S01010021,783,102,681
S01010022,298,91,207
S01010023,950,99,851
S01010024,618,192,426
S01010025,686,135,551
S01010026,775,119,656
S01010027,970,567,403
S01010028,478,75,403
S01010029,619,272,347
S01010030,458,200,258
S01010031,540,389,151
S01010032,422,159,263
S01010033,926,216,710
S01010034,1012,380,632
S01010035,650,146,504
S01010036,308,184,124
S01010037,1016,277,739
S01010038,1131,392,739
S01010039,463,260,203
S01010040,539,318,221
S01010041,697,327,370
S01010042,526,238,288
S01010043,975,426,549
S01010044,1120,482,638
S01010045,875,194,681
S01010046,1093,362,731
S01010047,1115,241,874
S01010048,1215,311,904
S01010049,872,135,737
S01010050,822,70,752
S01010051,797,194,603
S01010052,579,166,413
S01010053,534,147,387
S01010054,672,30,642
S01010055,995,534,461
S01010056,530,68,462
S01010057,452,137,315
S01010058,964,366,598
S01010059,688,387,301
S01010060,967,400,567
S01010061,450,260,190
S01010062,762,406,356
S01010063,1131,325,806
S01010064,833,495,338
S01010065,921,405,516
S01010066,792,281,511
S01010067,946,153,793
S01010068,361,80,281
S01010069,1030,960,70
S01010070,752,719,33
S01010071,921,637,284
S01010072,1129,905,224
S01010073,1071,924,147
S01010074,1015,889,126
S01010075,919,564,355
S01010076,969,701,268
S01010077,819,377,442
S01010078,779,690,89
S01010079,998,963,35
S01010080,914,887,27
S01010081,1259,1225,34
S01010082,722,640,82
S01010083,1144,772,372
S01010084,1210,679,531
S01010085,1310,1114,196
S01010086,1125,547,578
S01010087,697,687,10
S01010088,252,202,50
S01010089,858,613,245
S01010090,1038,937,101
S01010091,747,474,273
S01010092,1153,587,566
S01010093,937,812,125
S01010094,1352,1265,87
S01010095,1345,1293,52
S01010096,862,832,30
S01010097,784,709,75
S01010098,784,772,12
S01010099,1070,1025,45
S01010100,1030,954,76
S01010101,1179,1047,132
S01010102,784,748,36
S01010103,902,877,25
S01010104,846,808,38
S01010105,813,353,460
S01010106,758,368,390
S01010107,1073,621,452
S01010108,838,547,291
S01010109,1110,642,468
S01010110,1194,201,993
S01010111,1197,108,1089
S01010112,918,133,785
S01010113,611,241,370
S01010114,739,57,682
S01010115,731,594,137
S01010116,905,613,292
S01010117,245,139,106
S01010118,818,71,747
S01010119,328,15,313
S01010120,878,74,804
S01010121,699,95,604
S01010122,625,78,547
S01010123,611,56,555
S01010124,795,716,79
S01010125,560,102,458
S01010126,701,503,198
S01010127,552,276,276
S01010128,811,117,694
S01010129,870,150,720
S01010130,824,198,626
S01010131,1144,990,154
S01010132,1027,485,542
S01010133,998,394,604
S01010134,1339,778,561
S01010135,1203,614,589
S01010136,1057,826,231
S01010137,1224,772,452
S01010138,1069,297,772
S01010139,1196,703,493
S01010140,1039,751,288
S01010141,1206,317,889
S01010142,709,396,313
S01010143,832,434,398
S01010144,778,370,408
S01010145,709,513,196
S01010146,1155,431,724
S01010147,942,208,734
S01010148,814,227,587
S01010149,345,119,226
S01010150,1052,360,692
S01010151,1071,433,638
S01010152,851,579,272
S01010153,1020,626,394
S01010154,1054,570,484
S01010155,748,421,327
S01010156,700,329,371
S01010157,885,294,591
S01010158,950,631,319
S01010159,784,450,334
S01010160,646,55,591
S01010161,910,452,458
S01010162,1024,131,893
S01010163,853,284,569
S01010164,858,354,504
S01010165,650,178,472
S01010166,1130,438,692
S01010167,950,413,537
S01010168,505,157,348
S01010169,915,361,554
S01010170,1000,475,525
S01010171,1003,103,900
S01010172,718,364,354
S01010173,1173,702,471
S01010174,720,633,87
S01010175,500,342,158
S01010176,1034,635,399
S01010177,720,106,614
S01010178,885,126,759
S01010179,1245,367,878
S01010180,462,90,372
S01010181,1161,477,684
S01010182,1185,1079,106
S01010183,789,398,391
S01010184,670,260,410
S01010185,762,298,464
S01010186,713,664,49
S01010187,863,729,134
S01010188,1172,982,190
S01010189,874,840,34
S01010190,184,174,10
S01010191,752,713,39
S01010192,872,836,36
S01010193,915,870,45
S01010194,798,470,328
S01010195,1001,716,285
S01010196,778,359,419
S01010197,949,341,608
S01010198,1178,552,626
S01010199,697,190,507
S01010200,725,442,283
S01010201,799,537,262
S01010202,785,80,705
S01010203,698,606,92
S01010204,1159,451,708
S01010205,745,329,416
S01010206,516,48,468
S01010207,673,213,460
S01010208,1091,683,408
S01010209,901,433,468
S01010210,1054,677,377
S01010211,924,302,622
S01010212,1052,293,759
S01010213,1085,561,524
S01010214,1072,964,108
S01010215,961,212,749
S01010216,1008,135,873
S01010217,926,341,585
S01010218,1127,387,740
S01010219,779,94,685
S01010220,313,167,146
S01010221,457,55,402
S01010222,729,328,401
S01010223,711,275,436
S01010224,1045,69,976
S01010225,734,330,404
S01010226,815,88,727
S01010227,1047,149,898
S01010228,635,206,429
S01010229,975,384,591
S01010230,1226,157,1069
S01010231,731,43,688
S01010232,718,227,491
S01010233,1526,194,1332
S01010234,921,638,283
S01010235,68,45,23
S01010236,728,533,195
S01010237,1052,726,326
S01010238,1008,672,336
S01010239,1026,417,609
S01010240,1213,616,597
S01010241,999,577,422
S01010242,1196,368,828
S01010243,1375,413,962
S01010244,990,184,806
S01010245,1012,72,940
S01010246,1115,140,975
S01010247,879,614,265
S01010248,969,727,242
S01010249,1093,729,364
S01010250,934,659,275
S01010251,254,196,58
S01010252,585,383,202
S01010253,812,228,584
S01010254,985,379,606
S01010255,857,112,745
S01010256,1124,216,908
S01010257,631,183,448
S01010258,1048,398,650
S01010259,1234,297,937
S01010260,458,213,245
S01010261,1346,376,970
S01010262,1104,342,762
S01010263,636,295,341
S01010264,650,283,367
S01010265,362,212,150
S01010266,792,419,373
S01010267,534,89,445
S01010268,940,445,495
S01010269,946,375,571
S01010270,1103,188,915
S01010271,749,238,511
S01010272,355,28,327
S01010273,276,85,191
S01010274,244,153,91
S01010275,310,108,202
S01010276,120,77,43
S01010277,476,127,349
S01010278,1326,312,1014
S01010279,632,237,395
S01010280,861,294,567
S01010281,552,261,291
S01010282,1037,402,635
S01010283,755,277,478
S01010284,1225,573,652
S01010285,1193,472,721
S01010286,1224,554,670
S01010287,1170,577,593
S01010288,902,412,490
S01010289,199,159,40
S01010290,774,278,496
S01010291,1049,376,673
S01010292,1303,693,610
S01010293,807,276,531
S01010294,1075,555,520
S01010295,924,465,459
S01010296,860,387,473
S01010297,916,335,581
S01010298,900,289,611
S01010299,621,191,430
S01010300,1372,508,864
S01010301,528,341,187
S01010302,800,153,647
S01010303,635,28,607
S01010304,778,223,555
S01010305,1101,430,671
S01010306,752,447,305
S01010307,866,555,311
S01010308,895,509,386
S01010309,702,145,557
S01010310,837,205,632
S01010311,968,154,814
S01010312,744,61,683
S01010313,1129,128,1001
S01010314,1024,227,797
S01010315,612,202,410
S01010316,611,136,475
S01010317,1279,724,555
S01010318,534,150,384
S01010319,741,216,525
S01010320,696,240,456
S01010321,995,419,576
S01010322,1262,823,439
S01010323,632,9,623
S01010324,1013,360,653
S01010325,1044,468,576
S01010326,924,135,789
S01010327,714,188,526
S01010328,768,456,312
S01010329,523,278,245
S01010330,804,246,558
S01010331,1386,627,759
S01010332,1147,457,690
S01010333,916,446,470
S01010334,958,431,527
S01010335,1162,501,661
S01010336,904,137,767
S01010337,1067,369,698
S01010338,1025,331,694
S01010339,1019,560,459
S01010340,904,317,587
S01010341,877,673,204
S01010342,884,743,141
S01010343,1153,1032,121
S01010344,1040,309,731
S01010345,274,201,73
S01010346,1143,951,192
S01010347,771,211,560
S01010348,1146,684,462
S01010349,1214,649,565
S01010350,1286,349,937
S01010351,750,272,478
S01010352,848,503,345
S01010353,1087,125,962
S01010354,633,243,390
S01010355,1125,374,751
S01010356,586,388,198
S01010357,672,194,478
S01010358,939,410,529
S01010359,1186,203,983
S01010360,670,208,462
S01010361,591,100,491
S01010362,974,364,610
S01010363,763,615,148
S01010364,1208,1143,65
S01010365,1113,976,137
S01010366,1318,1110,208
S01010367,1174,1000,174
S01010368,807,691,116
S01010369,849,516,333
S01010370,735,494,241
S01010371,1126,694,432
S01010372,953,725,228
S01010373,776,526,250
S01010374,890,619,271
S01010375,920,497,423
S01010376,938,418,520
S01010377,823,359,464
S01010378,926,376,550
S01010379,1315,590,725
S01010380,1095,723,372
S01010381,515,202,313
S01010382,915,516,399
S01010383,831,205,626
S01010384,1117,503,614
S01010385,925,410,515
S01010386,950,265,685
S01010387,1261,601,660
S01010388,934,389,545
S01010389,85,28,57
S01010390,1166,664,502
S01010391,1088,691,397
S01010392,211,61,150
S01010393,1296,910,386
S01010394,943,340,603
S01010395,1138,678,460
S01010396,1001,405,596
S01010397,836,588,248
S01010398,924,660,264
S01010399,1454,1033,421
S01010400,979,795,184
S01010401,783,498,285
S01010402,1187,930,257
S01010403,1046,908,138
S01010404,1224,954,270
S01010405,994,789,205
S01010406,885,620,265
S01010407,1107,713,394
S01010408,693,565,128
S01010409,993,871,122
S01010410,389,349,40
S01010411,1502,1450,52
S01010412,776,605,171
S01010413,772,706,66
S01010414,1149,1000,149
S01010415,1148,492,656
S01010416,604,581,23
S01010417,551,488,63
S01010418,1194,890,304
S01010419,1498,1330,168
S01010420,1189,1117,72
S01010421,900,804,96
S01010422,1126,930,196
S01010423,918,258,660
S01010424,760,311,449
S01010425,979,296,683
S01010426,1111,568,543
S01010427,1173,440,733
S01010428,1617,1327,290
S01010429,897,850,47
S01010430,1064,304,760
S01010431,1037,927,110
S01010432,897,305,592
S01010433,855,114,741
S01010434,904,235,669
S01010435,767,500,267
S01010436,795,215,580
S01010437,540,281,259
S01010438,724,259,465
S01010439,953,337,616
S01010440,1000,546,454
S01010441,578,462,116
S01010442,783,232,551
S01010443,786,503,283
S01010444,699,434,265
S01010445,938,427,511
S01010446,915,751,164
S01010447,1190,554,636
S01010448,1094,876,218
S01010449,981,642,339
S01010450,955,534,421
S01010451,1069,542,527
S01010452,885,598,287
S01010453,1132,371,761
S01010454,1125,811,314
S01010455,961,233,728
S01010456,661,427,234
S01010457,992,547,445
S01010458,828,534,294
S01010459,810,560,250
S01010460,286,218,68
S01010461,1060,655,405
S01010462,895,75,820
S01010463,770,602,168
S01010464,663,475,188
S01010465,889,777,112
S01010466,1059,911,148
S01010467,877,703,174
S01010468,1008,845,163
S01010469,869,489,380
S01010470,820,536,284
S01010471,1001,502,499
S01010472,511,400,111
S01010473,1094,823,271
S01010474,1085,694,391
S01010475,451,380,71
S01010476,713,482,231
S01010477,906,677,229
S01010478,1380,711,669
S01010479,1023,580,443
S01010480,829,606,223
S01010481,836,272,564
S01010482,976,621,355
S01010483,1178,736,442
S01010484,1062,645,417
S01010485,982,774,208
S01010486,1252,1208,44
S01010487,1047,756,291
S01010488,1353,476,877
S01010489,1194,494,700
S01010490,957,139,818
S01010491,972,108,864
S01010492,917,60,857
S01010493,855,75,780
S01010494,871,361,510
S01010495,1089,95,994
S01010496,1382,220,1162
S01010497,696,80,616
S01010498,1312,185,1127
S01010499,1107,170,937
S01010500,943,184,759
S01010501,784,232,552
S01010502,810,476,334
S01010503,980,186,794
S01010504,528,350,178
S01010505,607,382,225
S01010506,851,580,271
S01010507,980,633,347
S01010508,1041,583,458
S01010509,1197,739,458
S01010510,1453,1113,340
S01010511,1153,565,588
S01010512,920,617,303
S01010513,799,682,117
S01010514,943,500,443
S01010515,937,515,422
S01010516,587,422,165
S01010517,923,543,380
S01010518,892,619,273
S01010519,928,494,434
S01010520,980,784,196
S01010521,957,500,457
S01010522,627,377,250
S01010523,964,263,701
S01010524,606,502,104
S01010525,678,461,217
S01010526,822,508,314
S01010527,1273,732,541
S01010528,688,469,219
S01010529,815,589,226
S01010530,663,403,260
S01010531,952,734,218
S01010532,879,562,317
S01010533,811,627,184
S01010534,1000,701,299
S01010535,557,335,222
S01010536,1162,706,456
S01010537,1201,739,462
S01010538,352,201,151
S01010539,736,488,248
S01010540,615,416,199
S01010541,758,532,226
S01010542,814,573,241
S01010543,524,346,178
S01010544,1186,765,421
S01010545,599,441,158
S01010546,802,605,197
S01010547,664,433,231
S01010548,413,244,169
S01010549,315,280,35
S01010550,658,509,149
S01010551,698,533,165
S01010552,905,572,333
S01010553,560,287,273
S01010554,708,542,166
S01010555,920,683,237
S01010556,1042,488,554
S01010557,769,492,277
S01010558,560,401,159
S01010559,691,609,82
S01010560,645,597,48
S01010561,907,817,90
S01010562,1057,892,165
S01010563,842,419,423
S01010564,678,286,392
S01010565,974,657,317
S01010566,742,452,290
S01010567,1023,918,105
S01010568,1192,812,380
S01010569,781,554,227
S01010570,1268,732,536
S01010571,923,840,83
S01010572,1005,692,313
S01010573,722,461,261
S01010574,570,549,21
S01010575,876,793,83
S01010576,872,846,26
S01010577,917,369,548
S01010578,623,398,225
S01010579,781,754,27
S01010580,536,410,126
S01010581,894,761,133
S01010582,366,342,24
S01010583,846,799,47
S01010584,269,114,155
S01010585,200,154,46
S01010586,681,650,31
S01010587,839,800,39
S01010588,561,484,77
S01010589,752,482,270
S01010590,362,345,17
S01010591,121,117,4
S01010592,400,358,42
S01010593,560,526,34
S01010594,208,193,15
S01010595,190,176,14
S01010596,884,652,232
S01010597,324,269,55
S01010598,439,375,64
S01010599,351,249,102
S01010600,867,824,43
S01010601,742,671,71
S01010602,554,511,43
S01010603,830,776,54
S01010604,898,848,50
S01010605,1022,982,40
S01010606,1008,625,383
S01010607,1004,919,85
S01010608,770,345,425
S01010609,618,332,286
S01010610,774,671,103
S01010611,1248,845,403
S01010612,765,648,117
S01010613,795,461,334
S01010614,709,307,402
S01010615,831,548,283
S01010616,1045,956,89
S01010617,1050,974,76
S01010618,1115,1041,74
S01010619,685,400,285
S01010620,359,137,222
S01010621,1004,761,243
S01010622,674,276,398
S01010623,925,203,722
S01010624,654,404,250
S01010625,751,698,53
S01010626,899,785,114
S01010627,872,667,205
S01010628,1078,867,211
S01010629,1126,895,231
S01010630,710,388,322
S01010631,665,454,211
S01010632,898,515,383
S01010633,918,368,550
S01010634,665,385,280
S01010635,830,412,418
S01010636,887,742,145
S01010637,829,494,335
S01010638,886,569,317
S01010639,1079,534,545
S01010640,710,479,231
S01010641,1079,320,759
S01010642,1053,302,751
S01010643,730,91,639
S01010644,831,118,713
S01010645,764,712,52
S01010646,838,789,49
S01010647,654,606,48
S01010648,994,829,165
S01010649,761,599,162
S01010650,484,328,156
S01010651,768,527,241
S01010652,705,624,81
S01010653,763,709,54
S01010654,828,573,255
S01010655,838,608,230
S01010656,619,428,191
S01010657,766,677,89
S01010658,792,675,117
S01010659,657,497,160
S01010660,697,466,231
S01010661,738,482,256
S01010662,716,610,106
S01010663,1088,896,192
S01010664,589,531,58
S01010665,835,586,249
S01010666,1082,820,262
S01010667,660,545,115
S01010668,1127,775,352
S01010669,581,383,198
S01010670,941,657,284
S01010671,755,552,203
S01010672,1396,789,607
S01010673,1016,675,341
S01010674,1038,731,307
S01010675,871,655,216
S01010676,980,695,285
S01010677,482,378,104
S01010678,885,702,183
S01010679,1417,1003,414
S01010680,771,420,351
S01010681,901,656,245
S01010682,1087,923,164
S01010683,876,696,180
S01010684,1071,778,293
S01010685,740,541,199
S01010686,644,478,166
S01010687,1018,758,260
S01010688,815,529,286
S01010689,1025,787,238
S01010690,847,524,323
S01010691,797,585,212
S01010692,594,385,209
S01010693,430,311,119
S01010694,782,602,180
S01010695,679,549,130
S01010696,959,718,241
S01010697,944,697,247
S01010698,615,404,211
S01010699,526,377,149
S01010700,571,454,117
S01010701,1242,806,436
S01010702,953,808,145
S01010703,844,705,139
S01010704,1105,669,436
S01010705,982,779,203
S01010706,520,333,187
S01010707,663,519,144
S01010708,1045,840,205
S01010709,909,800,109
S01010710,949,512,437
S01010711,634,578,56
S01010712,784,416,368
S01010713,1028,621,407
S01010714,812,353,459
S01010715,850,505,345
S01010716,805,571,234
S01010717,1051,963,88
S01010718,805,652,153
S01010719,782,593,189
S01010720,800,650,150
S01010721,771,656,115
S01010722,1057,774,283
S01010723,974,774,200
S01010724,759,577,182
S01010725,755,634,121
S01010726,1055,907,148
S01010727,629,542,87
S01010728,749,653,96
S01010729,817,691,126
S01010730,766,635,131
S01010731,878,526,352
S01010732,890,335,555
S01010733,891,307,584
S01010734,909,248,661
S01010735,884,375,509
S01010736,364,355,9
S01010737,758,477,281
S01010738,927,603,324
S01010739,740,504,236
S01010740,742,202,540
S01010741,657,451,206
S01010742,797,506,291
S01010743,911,328,583
S01010744,1167,847,320
S01010745,655,433,222
S01010746,898,618,280
S01010747,982,551,431
S01010748,511,377,134
S01010749,675,502,173
S01010750,589,485,104
S01010751,1067,493,574
S01010752,1070,567,503
S01010753,1135,695,440
S01010754,941,630,311
S01010755,847,491,356
S01010756,878,789,89
S01010757,831,526,305
S01010758,525,434,91
S01010759,665,389,276
S01010760,713,519,194
S01010761,514,408,106
S01010762,583,411,172
S01010763,938,557,381
S01010764,543,377,166
S01010765,1144,724,420
S01010766,751,488,263
S01010767,575,301,274
S01010768,708,426,282
S01010769,459,378,81
S01010770,875,538,337
S01010771,1003,584,419
S01010772,745,514,231
S01010773,632,515,117
S01010774,1190,852,338
S01010775,543,476,67
S01010776,817,523,294
S01010777,594,278,316
S01010778,804,325,479
S01010779,825,481,344
S01010780,658,475,183
S01010781,910,773,137
S01010782,610,404,206
S01010783,942,531,411
S01010784,1293,719,574
S01010785,869,725,144
S01010786,505,420,85
S01010787,800,554,246
S01010788,593,464,129
S01010789,823,603,220
S01010790,771,592,179
S01010791,905,772,133
S01010792,1121,667,454
S01010793,512,434,78
S01010794,358,263,95
S01010795,1201,940,261
S01010796,1224,977,247
S01010797,514,417,97
S01010798,630,487,143
S01010799,988,673,315
S01010800,895,481,414
S01010801,854,551,303
S01010802,661,485,176
S01010803,563,248,315
S01010804,839,618,221
S01010805,1234,936,298
S01010806,938,427,511
S01010807,549,356,193
S01010808,576,392,184
S01010809,724,611,113
S01010810,521,354,167
S01010811,927,583,344
S01010812,502,336,166
S01010813,874,600,274
S01010814,736,488,248
S01010815,666,397,269
S01010816,771,672,99
S01010817,1253,1175,78
S01010818,1287,1141,146
S01010819,925,714,211
S01010820,1010,805,205
S01010821,813,733,80
S01010822,407,349,58
S01010823,375,188,187
S01010824,629,621,8
S01010825,750,672,78
S01010826,729,678,51
S01010827,697,659,38
S01010828,1218,1161,57
S01010829,759,691,68
S01010830,603,521,82
S01010831,344,329,15
S01010832,805,700,105
S01010833,870,829,41
S01010834,1296,1248,48
S01010835,787,761,26
S01010836,949,879,70
S01010837,934,839,95
S01010838,1153,894,259
S01010839,924,766,158
S01010840,671,573,98
S01010841,1127,887,240
S01010842,988,516,472
S01010843,752,411,341
S01010844,863,779,84
S01010845,630,541,89
S01010846,976,687,289
S01010847,872,818,54
S01010848,1093,455,638
S01010849,1016,421,595
S01010850,1021,450,571
S01010851,1093,517,576
S01010852,921,565,356
S01010853,1075,772,303
S01010854,657,279,378
S01010855,564,346,218
S01010856,858,540,318
S01010857,959,736,223
S01010858,1158,643,515
S01010859,984,494,490
S01010860,909,662,247
S01010861,803,457,346
S01010862,759,196,563
S01010863,833,755,78
S01010864,686,658,28
S01010865,720,689,31
S01010866,841,739,102
S01010867,798,715,83
S01010868,738,648,90
S01010869,1183,1120,63
S01010870,792,658,134
S01010871,799,699,100
S01010872,818,671,147
S01010873,786,373,413
S01010874,942,890,52
S01010875,635,520,115
S01010876,697,392,305
S01010877,1154,947,207
S01010878,1122,837,285
S01010879,1085,890,195
S01010880,675,371,304
S01010881,865,681,184
S01010882,768,635,133
S01010883,1101,850,251
S01010884,1227,537,690
S01010885,1481,566,915
S01010886,850,399,451
S01010887,641,338,303
S01010888,1002,672,330
S01010889,846,422,424
S01010890,853,354,499
S01010891,533,178,355
S01010892,718,345,373
S01010893,733,227,506
S01010894,475,157,318
S01010895,561,269,292
S01010896,1064,419,645
S01010897,704,201,503
S01010898,1054,584,470
S01010899,738,600,138
S01010900,999,730,269
S01010901,529,153,376
S01010902,932,651,281
S01010903,708,175,533
S01010904,576,281,295
S01010905,474,238,236
S01010906,823,438,385
S01010907,87,84,3
S01010908,676,428,248
S01010909,751,662,89
S01010910,779,502,277
S01010911,871,352,519
S01010912,838,281,557
S01010913,661,556,105
S01010914,885,760,125
S01010915,1060,933,127
S01010916,845,406,439
S01010917,837,498,339
S01010918,1299,862,437
S01010919,958,547,411
S01010920,800,137,663
S01010921,824,382,442
S01010922,1024,418,606
S01010923,1202,650,552
S01010924,755,404,351
S01010925,853,414,439
S01010926,1000,642,358
S01010927,990,468,522
S01010928,853,389,464
S01010929,1076,398,678
S01010930,624,476,148
S01010931,461,208,253
S01010932,1032,501,531
S01010933,329,247,82
S01010934,1045,918,127
S01010935,776,615,161
S01010936,642,416,226
S01010937,842,691,151
S01010938,953,400,553
S01010939,792,682,110
S01010940,741,726,15
S01010941,1390,1319,71
S01010942,712,704,8
S01010943,876,458,418
S01010944,853,339,514
S01010945,600,349,251
S01010946,1134,527,607
S01010947,870,441,429
S01010948,710,418,292
S01010949,1081,1056,25
S01010950,888,632,256
S01010951,811,614,197
S01010952,841,686,155
S01010953,727,586,141
S01010954,804,772,32
S01010955,670,437,233
S01010956,831,530,301
S01010957,654,603,51
S01010958,670,510,160
S01010959,687,481,206
S01010960,1360,787,573
S01010961,1215,673,542
S01010962,685,602,83
S01010963,1013,861,152
S01010964,561,469,92
S01010965,1087,526,561
S01010966,903,637,266
S01010967,930,556,374
S01010968,913,772,141
S01010969,762,692,70
S01010970,1345,1001,344
S01010971,1671,1369,302
S01010972,692,377,315
S01010973,661,573,88
S01010974,1142,547,595
S01010975,664,270,394
S01010976,719,505,214
S01010977,753,518,235
S01010978,944,457,487
S01010979,881,556,325
S01010980,863,551,312
S01010981,794,493,301
S01010982,1320,1160,160
S01010983,1221,934,287
S01010984,1141,966,175
S01010985,845,562,283
S01010986,460,435,25
S01010987,425,416,9
S01010988,614,608,6
S01010989,333,281,52
S01010990,739,524,215
S01010991,742,555,187
S01010992,499,350,149
S01010993,732,628,104
S01010994,1231,1080,151
S01010995,944,875,69
S01010996,841,773,68
S01010997,1054,993,61
S01010998,972,883,89
S01010999,774,696,78
S01011000,1069,779,290
S01011001,693,424,269
S01011002,766,428,338
S01011003,851,491,360
S01011004,866,653,213
S01011005,815,417,398
S01011006,603,380,223
S01011007,975,407,568
S01011008,1003,488,515
S01011009,747,294,453
S01011010,881,542,339
S01011011,818,287,531
S01011012,1274,380,894
S01011013,939,442,497
S01011014,921,671,250
S01011015,616,346,270
S01011016,370,229,141
S01011017,809,606,203
S01011018,1504,818,686
S01011019,926,595,331
S01011020,375,276,99
S01011021,866,521,345
S01011022,793,426,367
S01011023,820,491,329
S01011024,1312,586,726
S01011025,828,272,556
S01011026,631,206,425
S01011027,1178,451,727
S01011028,872,464,408
S01011029,804,499,305
S01011030,1000,900,100
S01011031,734,420,314
S01011032,986,555,431
S01011033,685,494,191
S01011034,777,384,393
S01011035,719,356,363
S01011036,926,603,323
S01011037,902,426,476
S01011038,1060,321,739
S01011039,859,483,376
S01011040,1047,542,505
S01011041,735,280,455
S01011042,719,642,77
S01011043,1042,647,395
S01011044,831,453,378
S01011045,725,415,310
S01011046,623,336,287
S01011047,1011,713,298
S01011048,1120,788,332
S01011049,814,506,308
S01011050,818,543,275
S01011051,858,510,348
S01011052,1011,728,283
S01011053,678,348,330
S01011054,620,463,157
S01011055,562,289,273
S01011056,575,431,144
S01011057,678,526,152
S01011058,552,463,89
S01011059,693,514,179
S01011060,1155,903,252
S01011061,1061,552,509
S01011062,1360,955,405
S01011063,1027,577,450
S01011064,1286,915,371
S01011065,785,495,290
S01011066,633,503,130
S01011067,973,620,353
S01011068,758,510,248
S01011069,668,493,175
S01011070,829,641,188
S01011071,907,772,135
S01011072,800,629,171
S01011073,700,627,73
S01011074,667,522,145
S01011075,935,424,511
S01011076,1092,778,314
S01011077,1044,448,596
S01011078,987,872,115
S01011079,1230,1078,152
S01011080,1120,891,229
S01011081,918,546,372
S01011082,761,389,372
S01011083,1074,769,305
S01011084,771,651,120
S01011085,872,751,121
S01011086,646,519,127
S01011087,901,660,241
S01011088,1161,834,327
S01011089,858,504,354
S01011090,709,546,163
S01011091,648,456,192
S01011092,383,133,250
S01011093,887,759,128
S01011094,475,346,129
S01011095,878,618,260
S01011096,493,264,229
S01011097,737,526,211
S01011098,938,698,240
S01011099,929,338,591
S01011100,569,429,140
S01011101,846,391,455
S01011102,820,323,497
S01011103,765,365,400
S01011104,611,459,152
S01011105,763,458,305
S01011106,774,132,642
S01011107,316,221,95
S01011108,772,423,349
S01011109,827,670,157
S01011110,1021,578,443
S01011111,1218,610,608
S01011112,162,156,6
S01011113,1090,792,298
S01011114,1113,933,180
S01011115,955,514,441
S01011116,932,747,185
S01011117,909,706,203
S01011118,901,758,143
S01011119,796,717,79
S01011120,1114,962,152
S01011121,651,327,324
S01011122,809,517,292
S01011123,1206,766,440
S01011124,367,279,88
S01011125,467,266,201
S01011126,769,357,412
S01011127,535,25,510
S01011128,1091,683,408
S01011129,770,486,284
S01011130,752,477,275
S01011131,682,587,95
S01011132,781,735,46
S01011133,618,377,241
S01011134,831,593,238
S01011135,989,653,336
S01011136,533,416,117
S01011137,602,326,276
S01011138,547,201,346
S01011139,796,432,364
S01011140,577,227,350
S01011141,995,407,588
S01011142,807,564,243
S01011143,1209,1055,154
S01011144,855,652,203
S01011145,828,682,146
S01011146,629,440,189
S01011147,1196,938,258
S01011148,727,426,301
S01011149,504,156,348
S01011150,1067,40,1027
S01011151,910,237,673
S01011152,885,589,296
S01011153,836,543,293
S01011154,625,317,308
S01011155,729,417,312
S01011156,847,783,64
S01011157,712,666,46
S01011158,633,562,71
S01011159,616,310,306
S01011160,913,542,371
S01011161,652,373,279
S01011162,802,429,373
S01011163,1048,567,481
S01011164,658,498,160
S01011165,884,436,448
S01011166,681,582,99
S01011167,949,797,152
S01011168,865,453,412
S01011169,242,160,82
S01011170,796,567,229
S01011171,1049,804,245
S01011172,794,603,191
S01011173,844,673,171
S01011174,984,670,314
S01011175,815,594,221
S01011176,696,567,129
S01011177,1089,804,285
S01011178,786,497,289
S01011179,689,331,358
S01011180,881,438,443
S01011181,695,507,188
S01011182,515,440,75
S01011183,795,630,165
S01011184,775,764,11
S01011185,825,783,42
S01011186,1168,803,365
S01011187,924,833,91
S01011188,1159,797,362
S01011189,855,613,242
S01011190,957,562,395
S01011191,824,464,360
S01011192,971,616,355
S01011193,1037,513,524
S01011194,761,353,408
S01011195,1049,603,446
S01011196,1119,494,625
S01011197,931,475,456
S01011198,830,375,455
S01011199,816,481,335
S01011200,971,791,180
S01011201,609,472,137
S01011202,1006,718,288
S01011203,1331,954,377
S01011204,593,537,56
S01011205,205,185,20
S01011206,669,586,83
S01011207,1108,798,310
S01011208,958,911,47
S01011209,724,472,252
S01011210,677,414,263
S01011211,1019,872,147
S01011212,741,369,372
S01011213,1023,565,458
S01011214,1066,656,410
S01011215,852,394,458
S01011216,982,564,418
S01011217,1257,609,648
S01011218,967,299,668
S01011219,1045,450,595
S01011220,1015,582,433
S01011221,1106,748,358
S01011222,681,356,325
S01011223,970,619,351
S01011224,687,373,314
S01011225,1063,385,678
S01011226,962,847,115
S01011227,808,527,281
S01011228,1200,703,497
S01011229,823,507,316
S01011230,1306,396,910
S01011231,1027,320,707
S01011232,740,209,531
S01011233,763,471,292
S01011234,1180,488,692
S01011235,519,247,272
S01011236,588,381,207
S01011237,1003,359,644
S01011238,736,337,399
S01011239,938,446,492
S01011240,1068,497,571
S01011241,958,747,211
S01011242,1022,760,262
S01011243,800,239,561
S01011244,714,261,453
S01011245,925,431,494
S01011246,677,499,178
S01011247,867,738,129
S01011248,978,832,146
S01011249,867,788,79
S01011250,1092,409,683
S01011251,871,408,463
S01011252,846,302,544
S01011253,1015,288,727
S01011254,1305,1093,212
S01011255,176,173,3
S01011256,172,166,6
S01011257,553,515,38
S01011258,757,591,166
S01011259,851,658,193
S01011260,756,685,71
S01011261,975,313,662
S01011262,701,398,303
S01011263,634,271,363
S01011264,686,276,410
S01011265,1082,422,660
S01011266,968,597,371
S01011267,697,573,124
S01011268,552,475,77
S01011269,570,322,248
S01011270,789,388,401
S01011271,968,603,365
S01011272,732,302,430
S01011273,1279,622,657
S01011274,1038,617,421
S01011275,867,379,488
S01011276,1068,504,564
S01011277,753,738,15
S01011278,720,696,24
S01011279,757,714,43
S01011280,747,722,25
S01011281,790,766,24
S01011282,796,676,120
S01011283,543,527,16
S01011284,402,377,25
S01011285,1194,511,683
S01011286,754,369,385
S01011287,977,576,401
S01011288,1107,660,447
S01011289,895,532,363
S01011290,1300,711,589
S01011291,1045,615,430
S01011292,715,217,498
S01011293,933,403,530
S01011294,979,440,539
S01011295,973,819,154
S01011296,732,476,256
S01011297,1024,497,527
S01011298,1271,777,494
S01011299,501,422,79
S01011300,1045,472,573
S01011301,650,606,44
S01011302,1012,594,418
S01011303,1203,1127,76
S01011304,1062,636,426
S01011305,569,267,302
S01011306,635,398,237
S01011307,938,748,190
S01011308,589,447,142
S01011309,884,780,104
S01011310,763,558,205
S01011311,1091,1056,35
S01011312,1186,1146,40
S01011313,1047,886,161
S01011314,904,773,131
S01011315,397,222,175
S01011316,835,398,437
S01011317,895,804,91
S01011318,849,777,72
S01011319,1189,1147,42
S01011320,750,667,83
S01011321,676,570,106
S01011322,691,490,201
S01011323,1079,700,379
S01011324,568,401,167
S01011325,914,611,303
S01011326,1070,681,389
S01011327,801,558,243
S01011328,822,605,217
S01011329,940,822,118
S01011330,781,746,35
S01011331,699,651,48
S01011332,1042,994,48
S01011333,692,636,56
S01011334,1075,809,266
S01011335,970,913,57
S01011336,674,493,181
S01011337,691,650,41
S01011338,695,430,265
S01011339,755,351,404
S01011340,1102,507,595
S01011341,723,482,241
S01011342,777,623,154
S01011343,867,455,412
S01011344,889,337,552
S01011345,1073,487,586
S01011346,867,587,280
S01011347,1072,857,215
S01011348,1300,779,521
S01011349,1058,1024,34
S01011350,882,821,61
S01011351,822,327,495
S01011352,699,452,247
S01011353,690,380,310
S01011354,908,742,166
S01011355,1132,794,338
S01011356,938,779,159
S01011357,1415,1191,224
S01011358,602,594,8
S01011359,791,481,310
S01011360,649,81,568
S01011361,485,12,473
S01011362,314,238,76
S01011363,1218,914,304
S01011364,519,450,69
S01011365,620,502,118
S01011366,470,293,177
S01011367,768,452,316
S01011368,87,55,32
S01011369,699,457,242
S01011370,319,179,140
S01011371,1519,602,917
S01011372,1054,168,886
S01011373,862,308,554
S01011374,551,456,95
S01011375,637,398,239
S01011376,601,137,464
S01011377,567,513,54
S01011378,1000,788,212
S01011379,939,874,65
S01011380,760,442,318
S01011381,726,591,135
S01011382,257,95,162
S01011383,979,220,759
S01011384,811,78,733
S01011385,1044,403,641
S01011386,1067,243,824
S01011387,879,210,669
S01011388,621,238,383
S01011389,743,387,356
S01011390,1096,437,659
S01011391,702,292,410
S01011392,1070,516,554
S01011393,856,492,364
S01011394,690,441,249
S01011395,820,458,362
S01011396,1016,571,445
S01011397,722,372,350
S01011398,828,286,542
S01011399,518,213,305
S01011400,768,412,356
S01011401,1020,760,260
S01011402,1021,770,251
S01011403,1014,680,334
S01011404,1201,778,423
S01011405,756,551,205
S01011406,736,450,286
S01011407,1320,1047,273
S01011408,973,480,493
S01011409,701,233,468
S01011410,849,581,268
S01011411,1047,646,401
S01011412,1084,1020,64
S01011413,618,604,14
S01011414,1066,578,488
S01011415,933,712,221
S01011416,953,893,60
S01011417,753,532,221
S01011418,834,345,489
S01011419,737,432,305
S01011420,567,187,380
S01011421,407,384,23
S01011422,451,207,244
S01011423,590,212,378
S01011424,581,378,203
S01011425,812,415,397
S01011426,864,655,209
S01011427,967,551,416
S01011428,701,449,252
S01011429,691,658,33
S01011430,981,861,120
S01011431,1271,658,613
S01011432,1479,852,627
S01011433,1065,286,779
S01011434,1025,739,286
S01011435,1257,1022,235
S01011436,1218,613,605
S01011437,892,363,529
S01011438,958,305,653
S01011439,1239,627,612
S01011440,1035,490,545
S01011441,797,388,409
S01011442,705,379,326
S01011443,855,439,416
S01011444,1081,460,621
S01011445,690,319,371
S01011446,977,790,187
S01011447,1128,445,683
S01011448,1152,892,260
S01011449,667,307,360
S01011450,496,424,72
S01011451,856,754,102
S01011452,949,738,211
S01011453,836,618,218
S01011454,1177,560,617
S01011455,1110,552,558
S01011456,1155,516,639
S01011457,957,352,605
S01011458,767,548,219
S01011459,608,366,242
S01011460,1105,497,608
S01011461,902,458,444
S01011462,1015,784,231
S01011463,614,501,113
S01011464,284,131,153
S01011465,786,415,371
S01011466,1328,867,461
S01011467,354,159,195
S01011468,133,133,0
S01011469,912,272,640
S01011470,1011,568,443
S01011471,946,636,310
S01011472,1358,571,787
S01011473,982,424,558
S01011474,1072,404,668
S01011475,724,137,587
S01011476,779,752,27
S01011477,941,909,32
S01011478,1084,1032,52
S01011479,862,829,33
S01011480,1013,976,37
S01011481,653,342,311
S01011482,1151,536,615
S01011483,884,766,118
S01011484,1197,513,684
S01011485,1025,361,664
S01011486,589,178,411
S01011487,960,426,534
S01011488,752,305,447
S01011489,547,272,275
S01011490,1110,671,439
S01011491,513,90,423
S01011492,980,458,522
S01011493,1041,792,249
S01011494,664,305,359
S01011495,1167,554,613
S01011496,658,119,539
S01011497,902,846,56
S01011498,673,638,35
S01011499,992,756,236
S01011500,1081,566,515
S01011501,753,221,532
S01011502,788,447,341
S01011503,1100,669,431
S01011504,655,488,167
S01011505,704,380,324
S01011506,589,370,219
S01011507,812,423,389
S01011508,911,652,259
S01011509,656,526,130
S01011510,975,414,561
S01011511,775,320,455
S01011512,1263,345,918
S01011513,925,295,630
S01011514,1137,436,701
S01011515,825,695,130
S01011516,973,960,13
S01011517,626,406,220
S01011518,713,322,391
S01011519,775,357,418
S01011520,1041,397,644
S01011521,1317,642,675
S01011522,890,427,463
S01011523,1276,678,598
S01011524,883,781,102
S01011525,785,487,298
S01011526,998,686,312
S01011527,985,748,237
S01011528,1034,486,548
S01011529,1127,409,718
S01011530,1221,705,516
S01011531,1125,850,275
S01011532,475,456,19
S01011533,699,293,406
S01011534,778,446,332
S01011535,856,200,656
S01011536,719,709,10
S01011537,897,780,117
S01011538,814,780,34
S01011539,912,401,511
S01011540,1041,595,446
S01011541,951,261,690
S01011542,1153,524,629
S01011543,923,232,691
S01011544,809,290,519
S01011545,929,494,435
S01011546,811,788,23
S01011547,465,456,9
S01011548,815,603,212
S01011549,1004,873,131
S01011550,1095,1070,25
S01011551,948,753,195
S01011552,1042,877,165
S01011553,244,182,62
S01011554,1086,675,411
S01011555,874,409,465
S01011556,711,337,374
S01011557,965,548,417
S01011558,860,387,473
S01011559,749,371,378
S01011560,1032,472,560
S01011561,795,351,444
S01011562,854,283,571
S01011563,925,298,627
S01011564,726,480,246
S01011565,885,425,460
S01011566,810,302,508
S01011567,839,546,293
S01011568,825,456,369
S01011569,791,516,275
S01011570,1010,604,406
S01011571,940,316,624
S01011572,890,482,408
S01011573,667,409,258
S01011574,717,463,254
S01011575,468,264,204
S01011576,899,167,732
S01011577,676,471,205
S01011578,1246,647,599
S01011579,987,956,31
S01011580,1016,358,658
S01011581,951,508,443
S01011582,1356,1185,171
S01011583,949,593,356
S01011584,832,497,335
S01011585,1231,772,459
S01011586,736,411,325
S01011587,860,352,508
S01011588,976,550,426
S01011589,1038,722,316
S01011590,1182,617,565
S01011591,982,397,585
S01011592,886,349,537
S01011593,638,383,255
S01011594,718,415,303
S01011595,962,839,123
S01011596,1329,1079,250
S01011597,838,701,137
S01011598,978,197,781
S01011599,941,646,295
S01011600,739,493,246
S01011601,859,837,22
S01011602,723,385,338
S01011603,1084,501,583
S01011604,705,297,408
S01011605,894,603,291
S01011606,412,395,17
S01011607,859,848,11
S01011608,855,798,57
S01011609,1016,253,763
S01011610,1043,402,641
S01011611,733,674,59
S01011612,301,199,102
S01011613,1021,993,28
S01011614,470,357,113
S01011615,882,500,382
S01011616,581,286,295
S01011617,1131,488,643
S01011618,874,508,366
S01011619,785,732,53
S01011620,682,649,33
S01011621,898,804,94
S01011622,171,163,8
S01011623,955,640,315
S01011624,833,594,239
S01011625,568,342,226
S01011626,1140,1092,48
S01011627,619,598,21
S01011628,1398,1313,85
S01011629,802,392,410
S01011630,704,361,343
S01011631,948,231,717
S01011632,1065,419,646
S01011633,1165,497,668
S01011634,869,324,545
S01011635,667,280,387
S01011636,887,372,515
S01011637,787,436,351
S01011638,770,481,289
S01011639,639,274,365
S01011640,1063,519,544
S01011641,1028,997,31
S01011642,897,698,199
S01011643,542,322,220
S01011644,851,668,183
S01011645,626,437,189
S01011646,973,965,8
S01011647,1108,1104,4
S01011648,462,166,296
S01011649,419,146,273
S01011650,1169,833,336
S01011651,824,616,208
S01011652,912,822,90
S01011653,1198,562,636
S01011654,1058,581,477
S01011655,872,294,578
S01011656,800,189,611
S01011657,634,236,398
S01011658,976,603,373
S01011659,925,563,362
S01011660,1222,1050,172
S01011661,1119,643,476
S01011662,481,470,11
S01011663,901,236,665
S01011664,1067,436,631
S01011665,1190,523,667
S01011666,1044,405,639
S01011667,961,517,444
S01011668,1517,572,945
S01011669,928,770,158
S01011670,819,515,304
S01011671,755,613,142
S01011672,837,541,296
S01011673,790,350,440
S01011674,798,552,246
S01011675,1052,509,543
S01011676,863,361,502
S01011677,164,85,79
S01011678,533,246,287
S01011679,606,426,180
S01011680,1228,510,718
S01011681,758,370,388
S01011682,741,673,68
S01011683,878,639,239
S01011684,728,590,138
S01011685,273,200,73
S01011686,953,901,52
S01011687,1034,605,429
S01011688,1077,829,248
S01011689,514,458,56
S01011690,827,623,204
S01011691,324,252,72
S01011692,1293,607,686
S01011693,952,753,199
S01011694,110,83,27
S01011695,973,861,112
S01011696,163,110,53
S01011697,490,261,229
S01011698,765,474,291
S01011699,929,846,83
S01011700,914,728,186
S01011701,853,814,39
S01011702,853,616,237
S01011703,786,716,70
S01011704,840,783,57
S01011705,962,567,395
S01011706,950,734,216
S01011707,688,645,43
S01011708,1076,753,323
S01011709,1146,861,285
S01011710,679,262,417
S01011711,1219,462,757
S01011712,540,322,218
S01011713,1296,1092,204
S01011714,479,375,104
S01011715,1141,661,480
S01011716,1045,985,60
S01011717,898,880,18
S01011718,230,179,51
S01011719,772,755,17
S01011720,696,689,7
S01011721,773,637,136
S01011722,1448,1127,321
S01011723,950,763,187
S01011724,706,471,235
S01011725,640,640,0
S01011726,577,574,3
S01011727,237,175,62
S01011728,1018,799,219
S01011729,1186,691,495
S01011730,986,906,80
S01011731,1172,997,175
S01011732,1027,959,68
S01011733,936,787,149
S01011734,929,785,144
S01011735,800,774,26
S01011736,1186,1005,181
S01011737,994,714,280
S01011738,813,563,250
S01011739,620,506,114
S01011740,718,371,347
S01011741,1032,617,415
S01011742,887,675,212
S01011743,746,607,139
S01011744,756,478,278
S01011745,1090,718,372
S01011746,900,471,429
S01011747,1050,634,416
S01011748,1016,644,372
S01011749,880,471,409
S01011750,864,643,221
S01011751,1170,652,518
S01011752,1107,848,259
S01011753,880,774,106
S01011754,983,756,227
S01011755,1038,767,271
S01011756,1218,898,320
S01011757,952,656,296
S01011758,710,539,171
S01011759,933,745,188
S01011760,966,723,243
S01011761,636,376,260
S01011762,967,627,340
S01011763,868,661,207
S01011764,428,350,78
S01011765,1334,1301,33
S01011766,757,715,42
S01011767,1303,948,355
S01011768,892,532,360
S01011769,814,584,230
S01011770,960,697,263
S01011771,701,696,5
S01011772,1139,1107,32
S01011773,566,562,4
S01011774,837,561,276
S01011775,751,734,17
S01011776,426,420,6
S01011777,586,526,60
S01011778,663,552,111
S01011779,734,719,15
S01011780,730,713,17
S01011781,960,918,42
S01011782,859,848,11
S01011783,595,582,13
S01011784,922,485,437
S01011785,1155,751,404
S01011786,219,219,0
S01011787,1110,524,586
S01011788,427,419,8
S01011789,1194,1001,193
S01011790,1281,730,551
S01011791,783,492,291
S01011792,884,539,345
S01011793,671,515,156
S01011794,871,423,448
S01011795,784,458,326
S01011796,871,407,464
S01011797,944,923,21
S01011798,605,334,271
S01011799,1095,887,208
S01011800,719,480,239
S01011801,731,371,360
S01011802,771,398,373
S01011803,681,370,311
S01011804,916,613,303
S01011805,880,601,279
S01011806,1149,942,207
S01011807,987,821,166
S01011808,901,716,185
S01011809,566,484,82
S01011810,1045,880,165
S01011811,864,756,108
S01011812,990,800,190
S01011813,844,723,121
S01011814,604,534,70
S01011815,509,444,65
S01011816,646,579,67
S01011817,645,581,64
S01011818,1267,1116,151
S01011819,1260,883,377
S01011820,706,491,215
S01011821,475,278,197
S01011822,800,505,295
S01011823,670,438,232
S01011824,1040,657,383
S01011825,517,382,135
S01011826,698,497,201
S01011827,577,381,196
S01011828,854,691,163
S01011829,473,391,82
S01011830,836,630,206
S01011831,1022,776,246
S01011832,749,567,182
S01011833,828,683,145
S01011834,622,479,143
S01011835,570,452,118
S01011836,1085,1006,79
S01011837,774,649,125
S01011838,1180,1105,75
S01011839,1172,1098,74
S01011840,1229,1093,136
S01011841,1374,952,422
S01011842,1389,915,474
S01011843,1192,984,208
S01011844,936,763,173
S01011845,789,581,208
S01011846,898,681,217
S01011847,451,422,29
S01011848,771,615,156
S01011849,718,547,171
S01011850,876,610,266
S01011851,802,490,312
S01011852,889,617,272
S01011853,805,640,165
S01011854,994,741,253
S01011855,1119,601,518
S01011856,740,674,66
S01011857,1072,500,572
S01011858,840,711,129
S01011859,1062,683,379
S01011860,700,446,254
S01011861,749,577,172
S01011862,890,761,129
S01011863,923,705,218
S01011864,785,747,38
S01011865,731,581,150
S01011866,1104,771,333
S01011867,952,449,503
S01011868,863,575,288
S01011869,785,501,284
S01011870,682,342,340
S01011871,938,600,338
S01011872,817,608,209
S01011873,702,478,224
S01011874,853,672,181
S01011875,1100,778,322
S01011876,961,604,357
S01011877,778,606,172
S01011878,1199,725,474
S01011879,761,637,124
S01011880,943,751,192
S01011881,737,587,150
S01011882,954,673,281
S01011883,1409,1079,330
S01011884,367,282,85
S01011885,452,351,101
S01011886,926,683,243
S01011887,772,528,244
S01011888,1237,706,531
S01011889,987,790,197
S01011890,877,752,125
S01011891,743,431,312
S01011892,1125,923,202
S01011893,996,790,206
S01011894,726,486,240
S01011895,1078,1004,74
S01011896,961,806,155
S01011897,1097,956,141
S01011898,711,635,76
S01011899,1065,865,200
S01011900,711,680,31
S01011901,814,694,120
S01011902,1176,1104,72
S01011903,990,965,25
S01011904,981,963,18
S01011905,763,678,85
S01011906,355,346,9
S01011907,871,836,35
S01011908,583,521,62
S01011909,524,500,24
S01011910,1194,551,643
S01011911,772,466,306
S01011912,847,324,523
S01011913,898,417,481
S01011914,1010,306,704
S01011915,882,517,365
S01011916,955,350,605
S01011917,664,369,295
S01011918,923,296,627
S01011919,942,351,591
S01011920,664,373,291
S01011921,614,270,344
S01011922,884,447,437
S01011923,856,387,469
S01011924,937,574,363
S01011925,238,138,100
S01011926,845,499,346
S01011927,621,348,273
S01011928,884,485,399
S01011929,730,439,291
S01011930,754,394,360
S01011931,871,128,743
S01011932,477,159,318
S01011933,1016,703,313
S01011934,759,629,130
S01011935,929,580,349
S01011936,689,440,249
S01011937,333,122,211
S01011938,442,248,194
S01011939,804,440,364
S01011940,817,341,476
S01011941,820,391,429
S01011942,691,330,361
S01011943,1174,498,676
S01011944,447,383,64
S01011945,1296,1037,259
S01011946,834,494,340
S01011947,676,191,485
S01011948,893,665,228
S01011949,1038,959,79
S01011950,971,693,278
S01011951,806,669,137
S01011952,414,349,65
S01011953,963,822,141
S01011954,623,391,232
S01011955,1042,793,249
S01011956,719,556,163
S01011957,805,478,327
S01011958,1400,974,426
S01011959,944,689,255
S01011960,716,475,241
S01011961,1064,878,186
S01011962,595,439,156
S01011963,607,390,217
S01011964,1011,688,323
S01011965,1019,842,177
S01011966,753,666,87
S01011967,875,725,150
S01011968,1235,960,275
S01011969,1698,1000,698
S01011970,1613,983,630
S01011971,604,489,115
S01011972,1641,1057,584
S01011973,537,376,161
S01011974,682,535,147
S01011975,445,282,163
S01011976,902,670,232
S01011977,1245,743,502
S01011978,1224,770,454
S01011979,775,561,214
S01011980,489,294,195
S01011981,1068,508,560
S01011982,1338,784,554
S01011983,1233,632,601
S01011984,620,212,408
S01011985,646,554,92
S01011986,976,458,518
S01011987,1096,631,465
S01011988,663,597,66
S01011989,773,654,119
S01011990,746,690,56
S01011991,943,684,259
S01011992,896,731,165
S01011993,951,516,435
S01011994,792,729,63
S01011995,707,411,296
S01011996,782,482,300
S01011997,1237,763,474
S01011998,629,416,213
S01011999,647,309,338
S01012000,580,467,113
S01012001,810,595,215
S01012002,765,528,237
S01012003,854,656,198
S01012004,1154,901,253
S01012005,730,600,130
S01012006,785,353,432
S01012007,892,611,281
S01012008,1250,666,584
S01012009,618,251,367
S01012010,1224,931,293
S01012011,1270,830,440
S01012012,671,403,268
S01012013,783,418,365
S01012014,1640,989,651
S01012015,1164,706,458
S01012016,690,357,333
S01012017,568,345,223
S01012018,848,493,355
S01012019,686,609,77
S01012020,1042,700,342
S01012021,884,693,191
S01012022,1142,742,400
S01012023,602,566,36
S01012024,1057,938,119
S01012025,746,567,179
S01012026,468,358,110
S01012027,998,799,199
S01012028,1044,983,61
S01012029,899,639,260
S01012030,1302,1063,239
S01012031,632,615,17
S01012032,401,368,33
S01012033,958,723,235
S01012034,956,708,248
S01012035,1195,1051,144
S01012036,1245,1124,121
S01012037,1298,741,557
S01012038,1139,209,930
S01012039,1016,710,306
S01012040,705,639,66
S01012041,1261,973,288
S01012042,1011,658,353
S01012043,880,395,485
S01012044,1041,400,641
S01012045,1040,599,441
S01012046,953,433,520
S01012047,1041,508,533
S01012048,663,345,318
S01012049,760,633,127
S01012050,968,882,86
S01012051,555,429,126
S01012052,878,609,269
S01012053,1042,459,583
S01012054,1247,488,759
S01012055,909,438,471
S01012056,962,756,206
S01012057,808,802,6
S01012058,757,656,101
S01012059,999,593,406
S01012060,860,465,395
S01012061,1051,908,143
S01012062,950,852,98
S01012063,704,672,32
S01012064,718,205,513
S01012065,818,48,770
S01012066,935,465,470
S01012067,690,137,553
S01012068,779,188,591
S01012069,604,186,418
S01012070,809,209,600
S01012071,817,332,485
S01012072,997,544,453
S01012073,632,430,202
S01012074,673,597,76
S01012075,1060,957,103
S01012076,981,702,279
S01012077,869,505,364
S01012078,835,658,177
S01012079,1020,518,502
S01012080,1056,411,645
S01012081,722,298,424
S01012082,986,497,489
S01012083,1200,472,728
S01012084,729,682,47
S01012085,872,712,160
S01012086,973,534,439
S01012087,859,642,217
S01012088,593,489,104
S01012089,910,889,21
S01012090,1150,1131,19
S01012091,868,799,69
S01012092,687,677,10
S01012093,588,570,18
S01012094,880,851,29
S01012095,1210,860,350
S01012096,913,526,387
S01012097,719,364,355
S01012098,950,501,449
S01012099,1037,412,625
S01012100,1485,881,604
S01012101,974,911,63
S01012102,1003,405,598
S01012103,1134,912,222
S01012104,907,685,222
S01012105,1071,991,80
S01012106,1011,906,105
S01012107,650,594,56
S01012108,1096,469,627
S01012109,1101,500,601
S01012110,924,620,304
S01012111,1305,687,618
S01012112,1073,786,287
S01012113,1080,858,222
S01012114,963,844,119
S01012115,742,514,228
S01012116,668,483,185
S01012117,277,247,30
S01012118,613,565,48
S01012119,1007,998,9
S01012120,696,328,368
S01012121,817,419,398
S01012122,1018,614,404
S01012123,799,507,292
S01012124,690,545,145
S01012125,942,283,659
S01012126,491,401,90
S01012127,771,422,349
S01012128,406,205,201
S01012129,921,623,298
S01012130,997,444,553
S01012131,1239,725,514
S01012132,831,414,417
S01012133,912,578,334
S01012134,1097,876,221
S01012135,1239,376,863
S01012136,880,327,553
S01012137,825,454,371
S01012138,1106,907,199
S01012139,977,633,344
S01012140,934,830,104
S01012141,1264,1220,44
S01012142,950,928,22
S01012143,1284,1242,42
S01012144,1059,954,105
S01012145,1208,1181,27
S01012146,1000,493,507
S01012147,905,451,454
S01012148,764,303,461
S01012149,817,526,291
S01012150,886,378,508
S01012151,1149,581,568
S01012152,1008,310,698
S01012153,358,192,166
S01012154,600,222,378
S01012155,788,458,330
S01012156,1220,682,538
S01012157,901,507,394
S01012158,901,608,293
S01012159,578,562,16
S01012160,1042,873,169
S01012161,529,159,370
S01012162,773,170,603
S01012163,568,446,122
S01012164,434,396,38
S01012165,961,369,592
S01012166,859,507,352
S01012167,601,349,252
S01012168,1121,1013,108
S01012169,945,679,266
S01012170,1374,1017,357
S01012171,1263,863,400
S01012172,1052,716,336
S01012173,811,801,10
S01012174,1131,1017,114
S01012175,1161,1145,16
S01012176,1454,1425,29
S01012177,952,937,15
S01012178,1070,1042,28
S01012179,781,571,210
S01012180,704,564,140
S01012181,1152,779,373
S01012182,705,501,204
S01012183,649,362,287
S01012184,131,69,62
S01012185,710,352,358
S01012186,888,591,297
S01012187,914,576,338
S01012188,645,600,45
S01012189,708,622,86
S01012190,336,329,7
S01012191,1185,1168,17
S01012192,519,519,0
S01012193,773,750,23
S01012194,882,869,13
S01012195,971,888,83
S01012196,589,559,30
S01012197,1132,848,284
S01012198,1076,889,187
S01012199,946,754,192
S01012200,699,547,152
S01012201,1134,902,232
S01012202,596,509,87
S01012203,1011,965,46
S01012204,840,831,9
S01012205,972,955,17
S01012206,1025,968,57
S01012207,1246,1014,232
S01012208,1373,1126,247
S01012209,1065,826,239
S01012210,742,529,213
S01012211,1173,923,250
S01012212,1296,1239,57
S01012213,1133,1085,48
S01012214,869,847,22
S01012215,1128,1121,7
S01012216,1332,1295,37
S01012217,571,275,296
S01012218,757,306,451
S01012219,934,462,472
S01012220,797,389,408
S01012221,818,453,365
S01012222,1216,716,500
S01012223,819,350,469
S01012224,1183,741,442
S01012225,1180,739,441
S01012226,905,823,82
S01012227,988,835,153
S01012228,835,732,103
S01012229,826,741,85
S01012230,1103,1017,86
S01012231,890,880,10
S01012232,1227,1209,18
S01012233,919,915,4
S01012234,1367,1188,179
S01012235,841,735,106
S01012236,910,673,237
S01012237,878,837,41
S01012238,594,386,208
S01012239,602,338,264
S01012240,763,569,194
S01012241,699,682,17
S01012242,948,923,25
S01012243,1001,946,55
S01012244,993,834,159
S01012245,1334,1087,247
S01012246,978,912,66
S01012247,701,556,145
S01012248,788,554,234
S01012249,998,626,372
S01012250,853,634,219
S01012251,1200,676,524
S01012252,1235,698,537
S01012253,958,626,332
S01012254,937,739,198
S01012255,725,549,176
S01012256,847,726,121
S01012257,1152,760,392
S01012258,1146,948,198
S01012259,882,797,85
S01012260,884,556,328
S01012261,454,344,110
S01012262,942,529,413
S01012263,725,432,293
S01012264,297,224,73
S01012265,1266,734,532
S01012266,1027,698,329
S01012267,757,624,133
S01012268,1057,630,427
S01012269,928,743,185
S01012270,881,529,352
S01012271,1140,709,431
S01012272,741,575,166
S01012273,664,496,168
S01012274,1099,800,299
S01012275,655,408,247
S01012276,1491,1009,482
S01012277,1167,811,356
S01012278,1180,649,531
S01012279,1077,668,409
S01012280,1139,569,570
S01012281,1013,709,304
S01012282,1010,773,237
S01012283,904,693,211
S01012284,782,408,374
S01012285,711,598,113
S01012286,1099,591,508
S01012287,1137,332,805
S01012288,1040,366,674
S01012289,873,753,120
S01012290,629,431,198
S01012291,780,522,258
S01012292,1018,801,217
S01012293,620,509,111
S01012294,1055,755,300
S01012295,291,188,103
S01012296,580,436,144
S01012297,547,387,160
S01012298,867,675,192
S01012299,570,386,184
S01012300,1135,694,441
S01012301,988,535,453
S01012302,712,337,375
S01012303,827,504,323
S01012304,1112,690,422
S01012305,904,640,264
S01012306,858,473,385
S01012307,929,535,394
S01012308,810,532,278
S01012309,1004,641,363
S01012310,1392,989,403
S01012311,956,755,201
S01012312,1047,719,328
S01012313,815,536,279
S01012314,898,463,435
S01012315,705,542,163
S01012316,704,367,337
S01012317,435,265,170
S01012318,891,426,465
S01012319,760,382,378
S01012320,767,446,321
S01012321,821,564,257
S01012322,1061,624,437
S01012323,897,736,161
S01012324,958,505,453
S01012325,609,282,327
S01012326,942,578,364
S01012327,1020,611,409
S01012328,871,488,383
S01012329,1018,449,569
S01012330,718,530,188
S01012331,769,590,179
S01012332,965,524,441
S01012333,943,507,436
S01012334,1002,581,421
S01012335,1574,1192,382
S01012336,916,508,408
S01012337,980,492,488
S01012338,686,425,261
S01012339,772,537,235
S01012340,692,480,212
S01012341,815,483,332
S01012342,906,515,391
S01012343,890,277,613
S01012344,914,549,365
S01012345,727,501,226
S01012346,815,425,390
S01012347,686,447,239
S01012348,890,653,237
S01012349,1186,671,515
S01012350,1197,705,492
S01012351,1024,601,423
S01012352,1098,683,415
S01012353,822,460,362
S01012354,910,581,329
S01012355,938,448,490
S01012356,1073,798,275
S01012357,902,660,242
S01012358,852,600,252
S01012359,962,344,618
S01012360,778,216,562
S01012361,950,280,670
S01012362,1111,220,891
S01012363,1247,688,559
S01012364,823,622,201
S01012365,1235,1141,94
S01012366,959,734,225
S01012367,1141,919,222
S01012368,861,703,158
S01012369,1152,835,317
S01012370,1260,718,542
S01012371,1164,724,440
S01012372,1069,714,355
S01012373,1253,962,291
S01012374,973,639,334
S01012375,1269,696,573
S01012376,841,612,229
S01012377,633,431,202
S01012378,770,327,443
S01012379,548,264,284
S01012380,1457,914,543
S01012381,1086,686,400
S01012382,1110,910,200
S01012383,1162,869,293
S01012384,512,376,136
S01012385,756,627,129
S01012386,1116,392,724
S01012387,939,598,341
S01012388,670,591,79
S01012389,774,588,186
S01012390,658,510,148
S01012391,922,830,92
S01012392,600,494,106
S01012393,1168,864,304
S01012394,1081,446,635
S01012395,857,494,363
S01012396,847,511,336
S01012397,853,550,303
S01012398,989,534,455
S01012399,927,414,513
S01012400,894,406,488
S01012401,910,518,392
S01012402,340,301,39
S01012403,981,813,168
S01012404,1113,711,402
S01012405,607,575,32
S01012406,675,535,140
S01012407,919,680,239
S01012408,763,557,206
S01012409,1054,782,272
S01012410,1246,789,457
S01012411,1318,766,552
S01012412,681,400,281
S01012413,1036,712,324
S01012414,792,459,333
S01012415,791,682,109
S01012416,520,451,69
S01012417,628,370,258
S01012418,879,598,281
S01012419,1060,809,251
S01012420,1113,546,567
S01012421,989,622,367
S01012422,1297,746,551
S01012423,1099,820,279
S01012424,861,477,384
S01012425,660,241,419
S01012426,654,333,321
S01012427,817,422,395
S01012428,946,653,293
S01012429,498,388,110
S01012430,1037,872,165
S01012431,1080,863,217
S01012432,866,599,267
S01012433,858,574,284
S01012434,827,540,287
S01012435,939,562,377
S01012436,952,506,446
S01012437,810,557,253
S01012438,631,239,392
S01012439,918,656,262
S01012440,559,526,33
S01012441,1007,820,187
S01012442,689,497,192
S01012443,683,431,252
S01012444,994,849,145
S01012445,116,116,0
S01012446,730,537,193
S01012447,978,908,70
S01012448,497,473,24
S01012449,589,478,111
S01012450,806,723,83
S01012451,833,805,28
S01012452,713,690,23
S01012453,881,853,28
S01012454,1131,1105,26
S01012455,627,603,24
S01012456,1039,1019,20
S01012457,1050,1007,43
S01012458,900,849,51
S01012459,881,858,23
S01012460,905,852,53
S01012461,732,546,186
S01012462,908,576,332
S01012463,880,428,452
S01012464,698,312,386
S01012465,891,463,428
S01012466,1026,813,213
S01012467,1264,970,294
S01012468,878,735,143
S01012469,1069,985,84
S01012470,994,717,277
S01012471,782,762,20
S01012472,848,840,8
S01012473,693,659,34
S01012474,800,591,209
S01012475,690,610,80
S01012476,1129,826,303
S01012477,881,859,22
S01012478,836,615,221
S01012479,1118,1056,62
S01012480,177,122,55
S01012481,747,541,206
S01012482,791,622,169
S01012483,751,423,328
S01012484,1137,1057,80
S01012485,1160,1091,69
S01012486,714,677,37
S01012487,620,453,167
S01012488,977,772,205
S01012489,1148,442,706
S01012490,1050,503,547
S01012491,779,259,520
S01012492,994,320,674
S01012493,809,459,350
S01012494,1387,925,462
S01012495,1109,622,487
S01012496,893,407,486
S01012497,645,299,346
S01012498,938,271,667
S01012499,1099,646,453
S01012500,665,308,357
S01012501,966,289,677
S01012502,959,308,651
S01012503,729,312,417
S01012504,590,354,236
S01012505,1042,695,347
S01012506,459,384,75
S01012507,963,710,253
S01012508,812,594,218
S01012509,563,504,59
S01012510,1099,1013,86
S01012511,805,728,77
S01012512,966,553,413
S01012513,605,575,30
S01012514,766,723,43
S01012515,859,432,427
S01012516,658,499,159
S01012517,911,739,172
S01012518,802,700,102
S01012519,793,654,139
S01012520,818,795,23
S01012521,778,657,121
S01012522,954,922,32
S01012523,1113,1021,92
S01012524,1074,1001,73
S01012525,1051,1016,35
S01012526,951,905,46
S01012527,692,587,105
S01012528,839,537,302
S01012529,939,710,229
S01012530,1148,1077,71
S01012531,842,645,197
S01012532,1002,762,240
S01012533,801,619,182
S01012534,939,665,274
S01012535,954,684,270
S01012536,880,560,320
S01012537,1079,620,459
S01012538,1024,673,351
S01012539,850,584,266
S01012540,1098,571,527
S01012541,1005,638,367
S01012542,1119,937,182
S01012543,717,576,141
S01012544,538,365,173
S01012545,550,316,234
S01012546,994,675,319
S01012547,778,647,131
S01012548,883,724,159
S01012549,908,452,456
S01012550,1088,786,302
S01012551,1250,1236,14
S01012552,969,918,51
S01012553,819,781,38
S01012554,737,682,55
S01012555,592,585,7
S01012556,621,611,10
S01012557,867,818,49
S01012558,826,527,299
S01012559,929,523,406
S01012560,1132,846,286
S01012561,1169,925,244
S01012562,971,580,391
S01012563,786,759,27
S01012564,917,844,73
S01012565,945,806,139
S01012566,866,550,316
S01012567,1004,616,388
S01012568,1056,992,64
S01012569,742,712,30
S01012570,809,528,281
S01012571,799,537,262
S01012572,605,338,267
S01012573,836,657,179
S01012574,1236,973,263
S01012575,858,614,244
S01012576,917,755,162
S01012577,975,748,227
S01012578,1363,967,396
S01012579,775,533,242
S01012580,732,512,220
S01012581,1089,618,471
S01012582,688,550,138
S01012583,743,400,343
S01012584,638,537,101
S01012585,1429,859,570
S01012586,764,697,67
S01012587,800,667,133
S01012588,699,602,97
S01012589,876,456,420
S01012590,1063,569,494
S01012591,1109,611,498
S01012592,421,398,23
S01012593,953,920,33
S01012594,750,673,77
S01012595,918,699,219
S01012596,698,296,402
S01012597,345,224,121
S01012598,726,683,43
S01012599,715,633,82
S01012600,728,713,15
S01012601,860,813,47
S01012602,729,425,304
S01012603,699,400,299
S01012604,914,550,364
S01012605,709,492,217
S01012606,316,316,0
S01012607,772,594,178
S01012608,1124,670,454
S01012609,1011,414,597
S01012610,1205,616,589
S01012611,961,751,210
S01012612,1220,873,347
S01012613,1306,811,495
S01012614,1013,852,161
S01012615,1022,873,149
S01012616,725,592,133
S01012617,352,314,38
S01012618,733,563,170
S01012619,695,412,283
S01012620,1020,940,80
S01012621,975,879,96
S01012622,917,629,288
S01012623,872,498,374
S01012624,832,531,301
S01012625,729,421,308
S01012626,744,661,83
S01012627,667,364,303
S01012628,532,396,136
S01012629,331,302,29
S01012630,799,503,296
S01012631,1050,541,509
S01012632,551,463,88
S01012633,931,682,249
S01012634,1215,863,352
S01012635,1310,1029,281
S01012636,697,546,151
S01012637,1133,408,725
S01012638,1121,662,459
S01012639,1384,779,605
S01012640,1372,605,767
S01012641,753,503,250
S01012642,1560,790,770
S01012643,553,247,306
S01012644,543,272,271
S01012645,932,717,215
S01012646,948,776,172
S01012647,319,298,21
S01012648,730,373,357
S01012649,873,605,268
S01012650,784,722,62
S01012651,796,413,383
S01012652,1055,1026,29
S01012653,973,531,442
S01012654,897,702,195
S01012655,1189,817,372
S01012656,959,607,352
S01012657,928,773,155
S01012658,972,930,42
S01012659,520,500,20
S01012660,772,429,343
S01012661,944,782,162
S01012662,1049,735,314
S01012663,909,859,50
S01012664,948,803,145
S01012665,903,407,496
S01012666,888,470,418
S01012667,719,379,340
S01012668,1144,667,477
S01012669,1091,1065,26
S01012670,716,702,14
S01012671,1233,857,376
S01012672,727,409,318
S01012673,1106,476,630
S01012674,767,233,534
S01012675,1116,623,493
S01012676,958,666,292
S01012677,623,331,292
S01012678,793,774,19
S01012679,575,324,251
S01012680,245,223,22
S01012681,693,619,74
S01012682,829,748,81
S01012683,922,623,299
S01012684,399,341,58
S01012685,1163,752,411
S01012686,1241,1013,228
S01012687,1435,1339,96
S01012688,944,715,229
S01012689,653,561,92
S01012690,542,497,45
S01012691,1071,1037,34
S01012692,1019,836,183
S01012693,1008,979,29
S01012694,595,467,128
S01012695,646,575,71
S01012696,667,605,62
S01012697,505,428,77
S01012698,1067,956,111
S01012699,996,799,197
S01012700,956,859,97
S01012701,1188,1117,71
S01012702,437,315,122
S01012703,735,588,147
S01012704,711,364,347
S01012705,755,750,5
S01012706,1050,609,441
S01012707,984,971,13
S01012708,1020,503,517
S01012709,749,414,335
S01012710,944,490,454
S01012711,1228,566,662
S01012712,1016,994,22
S01012713,1205,1044,161
S01012714,727,709,18
S01012715,1013,641,372
S01012716,1149,1037,112
S01012717,965,643,322
S01012718,748,641,107
S01012719,858,508,350
S01012720,650,397,253
S01012721,708,557,151
S01012722,1204,553,651
S01012723,888,404,484
S01012724,763,546,217
S01012725,926,702,224
S01012726,993,711,282
S01012727,989,397,592
S01012728,1130,231,899
S01012729,1081,920,161
S01012730,622,306,316
S01012731,864,503,361
S01012732,894,561,333
S01012733,210,177,33
S01012734,100,70,30
S01012735,616,367,249
S01012736,1302,1056,246
S01012737,1223,1047,176
S01012738,622,413,209
S01012739,123,111,12
S01012740,91,35,56
S01012741,686,676,10
S01012742,1032,1015,17
S01012743,1019,1010,9
S01012744,786,766,20
S01012745,885,717,168
S01012746,1124,992,132
S01012747,1287,945,342
S01012748,944,278,666
S01012749,886,358,528
S01012750,784,383,401
S01012751,1380,891,489
S01012752,693,338,355
S01012753,540,190,350
S01012754,969,493,476
S01012755,604,325,279
S01012756,1002,759,243
S01012757,519,289,230
S01012758,646,383,263
S01012759,817,424,393
S01012760,889,395,494
S01012761,1059,612,447
S01012762,876,690,186
S01012763,692,402,290
S01012764,1011,641,370
S01012765,663,301,362
S01012766,801,304,497
S01012767,901,863,38
S01012768,987,959,28
S01012769,496,411,85
S01012770,789,571,218
S01012771,924,629,295
S01012772,1193,698,495
S01012773,1270,792,478
S01012774,894,565,329
S01012775,747,520,227
S01012776,930,544,386
S01012777,585,462,123
S01012778,736,321,415
S01012779,697,280,417
S01012780,837,330,507
S01012781,623,509,114
S01012782,969,369,600
S01012783,1070,457,613
S01012784,948,484,464
S01012785,786,301,485
S01012786,870,289,581
S01012787,387,174,213
S01012788,1008,549,459
S01012789,1076,734,342
S01012790,521,462,59
S01012791,897,813,84
S01012792,1000,759,241
S01012793,866,407,459
S01012794,249,184,65
S01012795,1192,431,761
S01012796,555,165,390
S01012797,652,176,476
S01012798,856,741,115
S01012799,1150,1068,82
S01012800,852,802,50
S01012801,286,261,25
S01012802,672,660,12
S01012803,985,971,14
S01012804,915,504,411
S01012805,1055,661,394
S01012806,951,659,292
S01012807,718,631,87
S01012808,901,729,172
S01012809,857,651,206
S01012810,888,414,474
S01012811,921,674,247
S01012812,941,710,231
S01012813,1097,1072,25
S01012814,827,811,16
S01012815,643,605,38
S01012816,432,304,128
S01012817,332,269,63
S01012818,888,864,24
S01012819,1203,740,463
S01012820,663,511,152
S01012821,417,272,145
S01012822,751,357,394
S01012823,352,339,13
S01012824,893,722,171
S01012825,602,287,315
S01012826,610,256,354
S01012827,431,146,285
S01012828,563,490,73
S01012829,765,338,427
S01012830,714,440,274
S01012831,800,480,320
S01012832,646,375,271
S01012833,1090,346,744
S01012834,773,458,315
S01012835,894,691,203
S01012836,66,4,62
S01012837,1085,253,832
S01012838,910,52,858
S01012839,797,791,6
S01012840,426,424,2
S01012841,834,797,37
S01012842,1102,920,182
S01012843,1042,1028,14
S01012844,1041,1029,12
S01012845,990,841,149
S01012846,1029,551,478
S01012847,873,742,131
S01012848,630,595,35
S01012849,978,690,288
S01012850,972,603,369
S01012851,1044,801,243
S01012852,1065,1029,36
S01012853,1021,905,116
S01012854,1078,1026,52
S01012855,1043,884,159
S01012856,895,577,318
S01012857,1322,871,451
S01012858,815,355,460
S01012859,949,724,225
S01012860,726,643,83
S01012861,678,646,32
S01012862,788,382,406
S01012863,784,273,511
S01012864,779,315,464
S01012865,1194,919,275
S01012866,1018,737,281
S01012867,933,456,477
S01012868,776,383,393
S01012869,614,114,500
S01012870,968,821,147
S01012871,1006,902,104
S01012872,993,858,135
S01012873,1125,975,150
S01012874,950,562,388
S01012875,640,297,343
S01012876,991,516,475
S01012877,786,551,235
S01012878,958,946,12
S01012879,1057,1026,31
S01012880,1099,1011,88
S01012881,1314,1253,61
S01012882,740,340,400
S01012883,1079,397,682
S01012884,677,353,324
S01012885,919,578,341
S01012886,976,915,61
S01012887,744,707,37
S01012888,962,852,110
S01012889,768,501,267
S01012890,668,349,319
S01012891,826,536,290
S01012892,1257,620,637
S01012893,1057,520,537
S01012894,254,214,40
S01012895,476,322,154
S01012896,1111,622,489
S01012897,640,598,42
S01012898,233,206,27
S01012899,749,317,432
S01012900,796,699,97
S01012901,1318,1122,196
S01012902,1066,817,249
S01012903,1068,787,281
S01012904,1058,774,284
S01012905,1047,542,505
S01012906,1137,967,170
S01012907,1116,897,219
S01012908,1144,917,227
S01012909,952,711,241
S01012910,1288,861,427
S01012911,866,742,124
S01012912,1142,841,301
S01012913,1053,840,213
S01012914,956,681,275
S01012915,643,450,193
S01012916,1026,884,142
S01012917,786,743,43
S01012918,909,731,178
S01012919,509,433,76
S01012920,644,636,8
S01012921,770,586,184
S01012922,761,650,111
S01012923,907,787,120
S01012924,651,553,98
S01012925,684,658,26
S01012926,765,665,100
S01012927,827,708,119
S01012928,1011,899,112
S01012929,968,863,105
S01012930,877,623,254
S01012931,1136,817,319
S01012932,661,595,66
S01012933,900,652,248
S01012934,867,622,245
S01012935,1533,1174,359
S01012936,792,629,163
S01012937,906,673,233
S01012938,962,908,54
S01012939,846,834,12
S01012940,904,863,41
S01012941,866,849,17
S01012942,930,597,333
S01012943,883,831,52
S01012944,779,765,14
S01012945,710,685,25
S01012946,808,795,13
S01012947,668,645,23
S01012948,1176,1163,13
S01012949,842,821,21
S01012950,812,788,24
S01012951,499,485,14
S01012952,575,552,23
S01012953,790,759,31
S01012954,513,500,13
S01012955,518,468,50
S01012956,970,759,211
S01012957,857,670,187
S01012958,550,414,136
S01012959,660,528,132
S01012960,864,480,384
S01012961,1093,1058,35
S01012962,1027,1021,6
S01012963,410,393,17
S01012964,289,287,2
S01012965,648,631,17
S01012966,1028,856,172
S01012967,1128,808,320
S01012968,904,693,211
S01012969,1079,751,328
S01012970,947,667,280
S01012971,1140,635,505
S01012972,827,534,293
S01012973,983,682,301
S01012974,1123,775,348
S01012975,825,525,300
S01012976,791,526,265
S01012977,981,635,346
S01012978,1126,630,496
S01012979,757,600,157
S01012980,878,610,268
S01012981,929,620,309
S01012982,891,679,212
S01012983,791,773,18
S01012984,871,620,251
S01012985,980,791,189
S01012986,1014,713,301
S01012987,1153,827,326
S01012988,1134,842,292
S01012989,1218,996,222
S01012990,1158,836,322
S01012991,1119,785,334
S01012992,1067,812,255
S01012993,1093,785,308
S01012994,985,700,285
S01012995,931,682,249
S01012996,1064,515,549
S01012997,644,403,241
S01012998,991,676,315
S01012999,598,435,163
S01013000,1228,940,288
S01013001,464,333,131
S01013002,672,546,126
S01013003,795,751,44
S01013004,1049,869,180
S01013005,777,604,173
S01013006,698,539,159
S01013007,1336,1137,199
S01013008,1074,907,167
S01013009,681,532,149
S01013010,539,402,137
S01013011,682,531,151
S01013012,893,623,270
S01013013,904,719,185
S01013014,788,570,218
S01013015,761,646,115
S01013016,896,765,131
S01013017,1003,775,228
S01013018,1113,867,246
S01013019,869,744,125
S01013020,1016,807,209
S01013021,791,521,270
S01013022,376,332,44
S01013023,1053,1007,46
S01013024,635,585,50
S01013025,867,734,133
S01013026,740,352,388
S01013027,1507,690,817
S01013028,524,384,140
S01013029,720,335,385
S01013030,921,412,509
S01013031,749,295,454
S01013032,515,374,141
S01013033,518,385,133
S01013034,878,457,421
S01013035,874,362,512
S01013036,948,394,554
S01013037,1178,976,202
S01013038,1273,929,344
S01013039,612,588,24
S01013040,662,486,176
S01013041,620,403,217
S01013042,723,454,269
S01013043,855,315,540
S01013044,1177,638,539
S01013045,551,361,190
S01013046,761,415,346
S01013047,957,936,21
S01013048,1300,1184,116
S01013049,1079,971,108
S01013050,917,647,270
S01013051,933,578,355
S01013052,807,556,251
S01013053,1058,579,479
S01013054,1054,786,268
S01013055,710,397,313
S01013056,1288,674,614
S01013057,1140,366,774
S01013058,355,299,56
S01013059,1018,828,190
S01013060,490,416,74
S01013061,1086,1066,20
S01013062,868,744,124
S01013063,861,729,132
S01013064,1045,686,359
S01013065,1158,698,460
S01013066,722,510,212
S01013067,1034,459,575
S01013068,1166,529,637
S01013069,814,397,417
S01013070,950,331,619
S01013071,890,325,565
S01013072,817,188,629
S01013073,887,204,683
S01013074,1468,272,1196
S01013075,920,228,692
S01013076,671,326,345
S01013077,773,263,510
S01013078,693,317,376
S01013079,327,276,51
S01013080,1038,753,285
S01013081,786,651,135
S01013082,1204,1154,50
S01013083,944,648,296
S01013084,1016,909,107
S01013085,1001,585,416
S01013086,1058,776,282
S01013087,1237,791,446
S01013088,919,839,80
S01013089,830,563,267
S01013090,889,636,253
S01013091,366,230,136
S01013092,929,760,169
S01013093,481,428,53
S01013094,797,751,46
S01013095,1045,909,136
S01013096,544,305,239
S01013097,880,645,235
S01013098,116,79,37
S01013099,857,675,182
S01013100,893,742,151
S01013101,1741,1236,505
S01013102,819,733,86
S01013103,830,822,8
S01013104,1136,1080,56
S01013105,881,793,88
S01013106,936,662,274
S01013107,919,751,168
S01013108,709,414,295
S01013109,1225,920,305
S01013110,604,404,200
S01013111,638,518,120
S01013112,605,475,130
S01013113,1108,607,501
S01013114,1278,807,471
S01013115,924,694,230
S01013116,985,892,93
S01013117,894,631,263
S01013118,1121,834,287
S01013119,732,575,157
S01013120,1093,716,377
S01013121,426,205,221
S01013122,858,339,519
S01013123,994,548,446
S01013124,1223,672,551
S01013125,944,668,276
S01013126,898,212,686
S01013127,947,279,668
S01013128,814,459,355
S01013129,1092,606,486
S01013130,1056,276,780
S01013131,1026,306,720
S01013132,708,197,511
S01013133,640,67,573
S01013134,812,536,276
S01013135,1168,410,758
S01013136,1266,647,619
S01013137,1047,626,421
S01013138,1005,203,802
S01013139,1160,394,766
S01013140,1153,554,599
S01013141,744,327,417
S01013142,1094,202,892
S01013143,1067,483,584
S01013144,942,552,390
S01013145,954,589,365
S01013146,590,362,228
S01013147,807,624,183
S01013148,1068,791,277
S01013149,766,562,204
S01013150,929,634,295
S01013151,572,492,80
S01013152,1148,812,336
S01013153,881,314,567
S01013154,1414,721,693
S01013155,971,273,698
S01013156,1144,328,816
S01013157,1078,287,791
S01013158,721,671,50
S01013159,899,858,41
S01013160,1063,997,66
S01013161,994,546,448
S01013162,1032,534,498
S01013163,894,782,112
S01013164,1009,526,483
S01013165,1260,855,405
S01013166,763,196,567
S01013167,1124,285,839
S01013168,1133,619,514
S01013169,846,440,406
S01013170,1259,558,701
S01013171,872,637,235
S01013172,949,634,315
S01013173,875,690,185
S01013174,1219,1125,94
S01013175,853,736,117
S01013176,1046,771,275
S01013177,1131,836,295
S01013178,648,450,198
S01013179,1166,881,285
S01013180,523,505,18
S01013181,1032,932,100
S01013182,865,523,342
S01013183,1057,966,91
S01013184,748,228,520
S01013185,1122,575,547
S01013186,761,363,398
S01013187,944,372,572
S01013188,1076,873,203
S01013189,877,785,92
S01013190,739,402,337
S01013191,774,767,7
S01013192,1083,943,140
S01013193,556,461,95
S01013194,993,776,217
S01013195,830,456,374
S01013196,778,667,111
S01013197,598,507,91
S01013198,921,584,337
S01013199,866,564,302
S01013200,1025,525,500
S01013201,900,255,645
S01013202,629,323,306
S01013203,1038,619,419
S01013204,953,856,97
S01013205,856,296,560
S01013206,1033,476,557
S01013207,891,549,342
S01013208,542,227,315
S01013209,1007,747,260
S01013210,808,744,64
S01013211,1062,802,260
S01013212,873,821,52
S01013213,1000,980,20
S01013214,422,416,6
S01013215,822,655,167
S01013216,903,464,439
S01013217,867,507,360
S01013218,863,339,524
S01013219,849,311,538
S01013220,881,436,445
S01013221,1044,507,537
S01013222,520,239,281
S01013223,1136,484,652
S01013224,1229,805,424
S01013225,843,337,506
S01013226,331,188,143
S01013227,514,208,306
S01013228,927,692,235
S01013229,1037,638,399
S01013230,998,561,437
S01013231,1093,587,506
S01013232,817,505,312
S01013233,619,482,137
S01013234,400,378,22
S01013235,1186,829,357
S01013236,1126,1012,114
S01013237,1030,700,330
S01013238,1090,372,718
S01013239,1065,261,804
S01013240,764,323,441
S01013241,958,910,48
S01013242,732,584,148
S01013243,821,431,390
S01013244,1202,517,685
S01013245,877,563,314
S01013246,435,274,161
S01013247,918,416,502
S01013248,732,286,446
S01013249,908,617,291
S01013250,1103,759,344
S01013251,821,239,582
S01013252,940,545,395
S01013253,782,523,259
S01013254,849,375,474
S01013255,931,368,563
S01013256,729,498,231
S01013257,940,626,314
S01013258,966,814,152
S01013259,1430,1064,366
S01013260,942,428,514
S01013261,1245,684,561
S01013262,833,552,281
S01013263,569,526,43
S01013264,300,289,11
S01013265,423,391,32
S01013266,309,305,4
S01013267,654,606,48
S01013268,1254,815,439
S01013269,1002,953,49
S01013270,698,677,21
S01013271,1002,972,30
S01013272,996,983,13
S01013273,492,484,8
S01013274,1021,994,27
S01013275,1175,1138,37
S01013276,994,844,150
S01013277,1006,661,345
S01013278,933,538,395
S01013279,901,379,522
S01013280,882,610,272
S01013281,955,632,323
S01013282,855,331,524
S01013283,837,403,434
S01013284,679,647,32
S01013285,780,734,46
S01013286,839,765,74
S01013287,863,848,15
S01013288,763,582,181
S01013289,965,845,120
S01013290,1160,939,221
S01013291,1135,959,176
S01013292,893,835,58
S01013293,899,834,65
S01013294,897,801,96
S01013295,951,845,106
S01013296,940,484,456
S01013297,1072,773,299
S01013298,784,507,277
S01013299,935,521,414
S01013300,804,394,410
S01013301,694,456,238
S01013302,660,583,77
S01013303,1228,1002,226
S01013304,1033,494,539
S01013305,857,512,345
S01013306,1006,259,747
S01013307,1135,476,659
S01013308,636,221,415
S01013309,865,713,152
S01013310,697,431,266
S01013311,924,560,364
S01013312,1632,970,662
S01013313,666,456,210
S01013314,939,576,363
S01013315,277,264,13
S01013316,735,641,94
S01013317,668,626,42
S01013318,649,598,51
S01013319,739,594,145
S01013320,601,596,5
S01013321,458,185,273
S01013322,769,580,189
S01013323,870,532,338
S01013324,1074,487,587
S01013325,856,75,781
S01013326,1006,514,492
S01013327,927,459,468
S01013328,786,344,442
S01013329,603,395,208
S01013330,706,487,219
S01013331,571,486,85
S01013332,873,552,321
S01013333,1074,879,195
S01013334,771,456,315
S01013335,1056,393,663
S01013336,1198,563,635
S01013337,1133,920,213
S01013338,368,296,72
S01013339,900,799,101
S01013340,1338,1301,37
S01013341,767,736,31
S01013342,909,368,541
S01013343,717,408,309
S01013344,710,335,375
S01013345,916,588,328
S01013346,729,706,23
S01013347,738,683,55
S01013348,491,460,31
S01013349,220,110,110
S01013350,629,347,282
S01013351,819,673,146
S01013352,1095,767,328
S01013353,1207,771,436
S01013354,787,565,222
S01013355,985,672,313
S01013356,840,388,452
S01013357,510,478,32
S01013358,810,507,303
S01013359,692,320,372
S01013360,737,363,374
S01013361,924,406,518
S01013362,613,347,266
S01013363,1074,492,582
S01013364,746,437,309
S01013365,1030,881,149
S01013366,644,625,19
S01013367,628,532,96
S01013368,902,628,274
S01013369,905,370,535
S01013370,836,412,424
S01013371,879,524,355
S01013372,1044,280,764
S01013373,1108,643,465
S01013374,1047,400,647
S01013375,686,376,310
S01013376,719,372,347
S01013377,803,489,314
S01013378,957,584,373
S01013379,1079,705,374
S01013380,481,389,92
S01013381,733,381,352
S01013382,723,495,228
S01013383,860,366,494
S01013384,1172,680,492
S01013385,726,483,243
S01013386,763,749,14
S01013387,742,331,411
S01013388,761,480,281
S01013389,1073,815,258
S01013390,609,359,250
S01013391,986,768,218
S01013392,386,341,45
S01013393,1082,575,507
S01013394,761,352,409
S01013395,894,182,712
S01013396,382,71,311
S01013397,889,544,345
S01013398,337,304,33
S01013399,446,318,128
S01013400,596,349,247
S01013401,141,127,14
S01013402,76,9,67
S01013403,101,99,2
S01013404,458,355,103
S01013405,707,498,209
S01013406,781,327,454
S01013407,842,460,382
S01013408,791,374,417
S01013409,961,513,448
S01013410,496,136,360
S01013411,758,633,125
S01013412,833,546,287
S01013413,801,578,223
S01013414,669,426,243
S01013415,785,351,434
S01013416,588,228,360
S01013417,722,391,331
S01013418,634,327,307
S01013419,649,627,22
S01013420,822,568,254
S01013421,459,405,54
S01013422,1045,612,433
S01013423,898,685,213
S01013424,910,806,104
S01013425,450,376,74
S01013426,882,513,369
S01013427,232,210,22
S01013428,944,486,458
S01013429,1178,743,435
S01013430,789,639,150
S01013431,912,468,444
S01013432,854,592,262
S01013433,778,610,168
S01013434,514,419,95
S01013435,862,832,30
S01013436,919,583,336
S01013437,710,384,326
S01013438,709,353,356
S01013439,965,957,8
S01013440,1315,1268,47
S01013441,769,720,49
S01013442,914,820,94
S01013443,490,447,43
S01013444,1175,704,471
S01013445,625,565,60
S01013446,741,508,233
S01013447,566,556,10
S01013448,1001,936,65
S01013449,839,827,12
S01013450,885,862,23
S01013451,972,963,9
S01013452,624,574,50
S01013453,983,338,645
S01013454,705,590,115
S01013455,502,331,171
S01013456,1087,670,417
S01013457,1024,560,464
S01013458,895,628,267
S01013459,936,559,377
S01013460,1036,504,532
S01013461,945,538,407
S01013462,971,757,214
S01013463,584,237,347
S01013464,863,723,140
S01013465,867,711,156
S01013466,303,239,64
S01013467,410,344,66
S01013468,653,461,192
S01013469,1018,840,178
S01013470,898,460,438
S01013471,1020,587,433
S01013472,432,365,67
S01013473,272,267,5
S01013474,444,405,39
S01013475,881,821,60
S01013476,679,559,120
S01013477,993,668,325
S01013478,812,661,151
S01013479,1038,594,444
S01013480,657,413,244
S01013481,399,307,92
