dz_2011,total,owned,nonowned
S01006506,852,621,231
S01006507,1042,734,308
S01006508,888,753,135
S01006509,693,504,189
S01006510,681,490,191
S01006511,995,826,169
S01006512,372,302,70
S01006513,1086,964,122
S01006514,1137,949,188
S01006515,1123,944,179
S01006516,837,663,174
S01006517,1014,865,149
S01006518,884,733,151
S01006519,807,741,66
S01006520,883,658,225
S01006521,742,603,139
S01006522,574,518,56
S01006523,1441,1235,206
S01006524,1044,791,253
S01006525,1146,955,191
S01006526,1395,717,678
S01006527,1266,620,646
S01006528,1074,492,582
S01006529,1082,478,604
S01006530,1122,499,623
S01006531,1307,496,811
S01006532,961,694,267
S01006533,819,687,132
S01006534,910,781,129
S01006535,1105,741,364
S01006536,1344,773,571
S01006537,847,770,77
S01006538,664,626,38
S01006539,959,816,143
S01006540,1260,988,272
S01006541,952,793,159
S01006542,1000,828,172
S01006543,1075,988,87
S01006544,1379,1008,371
S01006545,1276,934,342
S01006546,1124,999,125
S01006547,1461,958,503
S01006548,721,679,42
S01006549,907,769,138
S01006550,1143,1041,102
S01006551,1009,598,411
S01006552,1201,940,261
S01006553,987,737,250
S01006554,922,630,292
S01006555,968,485,483
S01006556,976,528,448
S01006557,799,396,403
S01006558,843,609,234
S01006559,703,495,208
S01006560,985,780,205
S01006561,852,726,126
S01006562,963,740,223
S01006563,1021,761,260
S01006564,1187,425,762
S01006565,1068,420,648
S01006566,823,459,364
S01006567,1211,373,838
S01006568,1135,531,604
S01006569,748,419,329
S01006570,891,593,298
S01006571,1235,794,441
S01006572,1367,1150,217
S01006573,724,573,151
S01006574,977,742,235
S01006575,1138,891,247
S01006576,900,606,294
S01006577,904,575,329
S01006578,1680,803,877
S01006579,1367,574,793
S01006580,848,512,336
S01006581,1326,1080,246
S01006582,621,199,422
S01006583,1091,401,690
S01006584,919,418,501
S01006585,872,298,574
S01006586,939,275,664
S01006587,649,152,497
S01006588,914,199,715
S01006589,1330,308,1022
S01006590,581,250,331
S01006591,850,466,384
S01006592,654,426,228
S01006593,893,464,429
S01006594,794,445,349
S01006595,1013,496,517
S01006596,851,546,305
S01006597,783,369,414
S01006598,1295,863,432
S01006599,1113,570,543
S01006600,1382,900,482
S01006601,1002,647,355
S01006602,1016,758,258
S01006603,1301,759,542
S01006604,917,647,270
S01006605,926,476,450
S01006606,1231,940,291
S01006607,1258,840,418
S01006608,1555,1334,221
S01006609,1352,870,482
S01006610,701,345,356
S01006611,1111,649,462
S01006612,997,808,189
S01006613,453,416,37
S01006614,908,839,69
S01006615,402,368,34
S01006616,755,674,81
S01006617,994,898,96
S01006618,514,485,29
S01006619,948,830,118
S01006620,1020,859,161
S01006621,746,660,86
S01006622,669,607,62
S01006623,1350,744,606
S01006624,806,355,451
S01006625,844,445,399
S01006626,866,353,513
S01006627,843,304,539
S01006628,1410,447,963
S01006629,880,289,591
S01006630,773,364,409
S01006631,1073,495,578
S01006632,1045,270,775
S01006633,950,357,593
S01006634,870,145,725
S01006635,1011,345,666
S01006636,1084,185,899
S01006637,706,264,442
S01006638,1111,393,718
S01006639,1006,271,735
S01006640,817,252,565
S01006641,1309,460,849
S01006642,830,294,536
S01006643,1248,460,788
S01006644,1028,303,725
S01006645,1093,231,862
S01006646,914,188,726
S01006647,671,186,485
S01006648,1292,302,990
S01006649,1204,343,861
S01006650,1414,466,948
S01006651,776,211,565
S01006652,826,275,551
S01006653,818,449,369
S01006654,904,333,571
S01006655,624,357,267
S01006656,1082,386,696
S01006657,599,237,362
S01006658,1264,277,987
S01006659,883,374,509
S01006660,833,148,685
S01006661,736,331,405
S01006662,707,145,562
S01006663,973,236,737
S01006664,503,178,325
S01006665,807,276,531
S01006666,1771,290,1481
S01006667,1251,242,1009
S01006668,723,284,439
S01006669,841,210,631
S01006670,530,223,307
S01006671,655,204,451
S01006672,752,172,580
S01006673,830,230,600
S01006674,1048,139,909
S01006675,774,86,688
S01006676,881,174,707
S01006677,723,218,505
S01006678,1273,305,968
S01006679,945,583,362
S01006680,971,169,802
S01006681,991,422,569
S01006682,956,184,772
S01006683,1283,428,855
S01006684,870,294,576
S01006685,863,327,536
S01006686,952,446,506
S01006687,1000,472,528
S01006688,1039,645,394
S01006689,629,478,151
S01006690,795,481,314
S01006691,903,477,426
S01006692,857,619,238
S01006693,1260,638,622
S01006694,1144,439,705
S01006695,712,484,228
S01006696,1150,494,656
S01006697,1163,525,638
S01006698,936,394,542
S01006699,784,553,231
S01006700,1226,717,509
S01006701,1040,523,517
S01006702,934,584,350
S01006703,773,412,361
S01006704,805,355,450
S01006705,944,517,427
S01006706,809,404,405
S01006707,685,288,397
S01006708,865,511,354
S01006709,1245,628,617
S01006710,1064,704,360
S01006711,1117,645,472
S01006712,631,445,186
S01006713,939,514,425
S01006714,881,565,316
S01006715,1123,350,773
S01006716,606,294,312
S01006717,1067,597,470
S01006718,627,323,304
S01006719,1031,585,446
S01006720,745,430,315
S01006721,942,510,432
S01006722,856,499,357
S01006723,969,600,369
S01006724,1316,282,1034
S01006725,950,439,511
S01006726,1391,186,1205
S01006727,1311,285,1026
S01006728,887,492,395
S01006729,986,269,717
S01006730,778,496,282
S01006731,503,296,207
S01006732,1369,1081,288
S01006733,911,818,93
S01006734,1081,936,145
S01006735,925,831,94
S01006736,1318,1171,147
S01006737,1055,891,164
S01006738,827,488,339
S01006739,607,470,137
S01006740,1039,701,338
S01006741,754,496,258
S01006742,460,306,154
S01006743,1073,720,353
S01006744,662,484,178
S01006745,1048,618,430
S01006746,806,508,298
S01006747,1016,824,192
S01006748,1144,877,267
S01006749,1264,940,324
S01006750,733,544,189
S01006751,509,312,197
S01006752,810,569,241
S01006753,913,775,138
S01006754,1124,1015,109
S01006755,1082,782,300
S01006756,909,653,256
S01006757,1206,1115,91
S01006758,694,654,40
S01006759,1253,1047,206
S01006760,593,535,58
S01006761,927,788,139
S01006762,939,711,228
S01006763,1100,990,110
S01006764,790,713,77
S01006765,725,599,126
S01006766,608,575,33
S01006767,869,662,207
S01006768,599,589,10
S01006769,1283,1158,125
S01006770,655,630,25
S01006771,563,508,55
S01006772,1218,1129,89
S01006773,672,630,42
S01006774,799,760,39
S01006775,758,547,211
S01006776,662,395,267
S01006777,918,878,40
S01006778,867,762,105
S01006779,1058,661,397
S01006780,868,623,245
S01006781,972,857,115
S01006782,1015,858,157
S01006783,672,555,117
S01006784,697,596,101
S01006785,712,660,52
S01006786,1087,967,120
S01006787,968,843,125
S01006788,645,552,93
S01006789,894,539,355
S01006790,968,570,398
S01006791,529,255,274
S01006792,658,341,317
S01006793,567,314,253
S01006794,775,609,166
S01006795,765,609,156
S01006796,795,613,182
S01006797,737,454,283
S01006798,733,459,274
S01006799,1025,715,310
S01006800,960,783,177
S01006801,1333,1123,210
S01006802,675,359,316
S01006803,766,473,293
S01006804,1274,970,304
S01006805,1346,995,351
S01006806,1088,827,261
S01006807,620,478,142
S01006808,968,838,130
S01006809,972,648,324
S01006810,1008,730,278
S01006811,1090,805,285
S01006812,820,602,218
S01006813,996,738,258
S01006814,1105,979,126
S01006815,753,484,269
S01006816,924,788,136
S01006817,853,587,266
S01006818,719,604,115
S01006819,1264,1084,180
S01006820,640,574,66
S01006821,1156,992,164
S01006822,759,594,165
S01006823,827,707,120
S01006824,727,363,364
S01006825,1017,835,182
S01006826,1243,1052,191
S01006827,1025,673,352
S01006828,1009,675,334
S01006829,706,605,101
S01006830,634,495,139
S01006831,1229,1090,139
S01006832,1003,822,181
S01006833,712,588,124
S01006834,336,299,37
S01006835,1287,817,470
S01006836,514,395,119
S01006837,1004,834,170
S01006838,979,812,167
S01006839,933,782,151
S01006840,1211,1132,79
S01006841,1332,1165,167
S01006842,994,888,106
S01006843,965,921,44
S01006844,671,625,46
S01006845,1028,942,86
S01006846,837,760,77
S01006847,754,727,27
S01006848,1336,1036,300
S01006849,1300,1020,280
S01006850,1119,905,214
S01006851,805,585,220
S01006852,595,535,60
S01006853,938,729,209
S01006854,1601,1261,340
S01006855,790,612,178
S01006856,942,547,395
S01006857,1052,666,386
S01006858,642,553,89
S01006859,1435,1122,313
S01006860,692,425,267
S01006861,861,741,120
S01006862,933,705,228
S01006863,1291,1042,249
S01006864,148,83,65
S01006865,902,693,209
S01006866,636,564,72
S01006867,1192,1033,159
S01006868,879,606,273
S01006869,573,342,231
S01006870,627,528,99
S01006871,967,789,178
S01006872,1634,1115,519
S01006873,1198,901,297
S01006874,566,383,183
S01006875,958,569,389
S01006876,1121,872,249
S01006877,1074,828,246
S01006878,956,566,390
S01006879,1086,647,439
S01006880,787,645,142
S01006881,578,469,109
S01006882,841,585,256
S01006883,635,491,144
S01006884,1050,781,269
S01006885,743,632,111
S01006886,733,514,219
S01006887,905,776,129
S01006888,939,801,138
S01006889,647,424,223
S01006890,1031,866,165
S01006891,644,530,114
S01006892,584,334,250
S01006893,1004,569,435
S01006894,597,412,185
S01006895,474,279,195
S01006896,745,629,116
S01006897,988,862,126
S01006898,548,452,96
S01006899,510,475,35
S01006900,455,410,45
S01006901,793,522,271
S01006902,693,411,282
S01006903,894,559,335
S01006904,537,337,200
S01006905,997,768,229
S01006906,948,507,441
S01006907,712,374,338
S01006908,911,595,316
S01006909,428,378,50
S01006910,501,400,101
S01006911,1869,1629,240
S01006912,245,189,56
S01006913,2012,1776,236
S01006914,857,653,204
S01006915,848,752,96
S01006916,360,285,75
S01006917,1456,1263,193
S01006918,1805,1568,237
S01006919,687,481,206
S01006920,816,574,242
S01006921,1086,1003,83
S01006922,1998,1689,309
S01006923,1456,1297,159
S01006924,758,545,213
S01006925,499,431,68
S01006926,1739,1485,254
S01006927,374,218,156
S01006928,2797,2267,530
S01006929,1797,1571,226
S01006930,677,657,20
S01006931,1948,1558,390
S01006932,838,707,131
S01006933,801,733,68
S01006934,1687,1350,337
S01006935,911,862,49
S01006936,698,611,87
S01006937,786,707,79
S01006938,844,725,119
S01006939,615,584,31
S01006940,995,893,102
S01006941,1283,1127,156
S01006942,2211,1944,267
S01006943,1763,1480,283
S01006944,83,68,15
S01006945,894,828,66
S01006946,1348,1130,218
S01006947,1444,1225,219
S01006948,1443,1197,246
S01006949,765,707,58
S01006950,718,560,158
S01006951,1316,1051,265
S01006952,1529,1227,302
S01006953,1512,1368,144
S01006954,1765,1583,182
S01006955,622,420,202
S01006956,1548,1337,211
S01006957,1645,1365,280
S01006958,1001,855,146
S01006959,813,508,305
S01006960,2269,2045,224
S01006961,2311,2024,287
S01006962,871,793,78
S01006963,966,893,73
S01006964,848,676,172
S01006965,488,417,71
S01006966,731,504,227
S01006967,744,704,40
S01006968,1049,755,294
S01006969,951,787,164
S01006970,610,548,62
S01006971,980,687,293
S01006972,522,449,73
S01006973,591,497,94
S01006974,1386,1177,209
S01006975,1168,980,188
S01006976,2528,2245,283
S01006977,2905,2398,507
S01006978,855,630,225
S01006979,1437,1096,341
S01006980,688,535,153
S01006981,798,608,190
S01006982,1212,961,251
S01006983,1001,772,229
S01006984,976,805,171
S01006985,1340,1032,308
S01006986,749,583,166
S01006987,1036,772,264
S01006988,762,582,180
S01006989,855,767,88
S01006990,1006,787,219
S01006991,617,367,250
S01006992,883,768,115
S01006993,740,626,114
S01006994,628,502,126
S01006995,1152,905,247
S01006996,939,740,199
S01006997,786,697,89
S01006998,1206,963,243
S01006999,848,656,192
S01007000,1439,1085,354
S01007001,1341,1087,254
S01007002,755,446,309
S01007003,616,468,148
S01007004,1043,820,223
S01007005,1041,839,202
S01007006,1001,695,306
S01007007,848,623,225
S01007008,841,546,295
S01007009,1292,938,354
S01007010,842,625,217
S01007011,1116,628,488
S01007012,921,392,529
S01007013,1259,1001,258
S01007014,1361,1131,230
S01007015,739,498,241
S01007016,592,460,132
S01007017,1038,664,374
S01007018,1204,961,243
S01007019,1052,700,352
S01007020,1371,892,479
S01007021,1325,998,327
S01007022,851,605,246
S01007023,678,479,199
S01007024,1170,848,322
S01007025,1150,744,406
S01007026,994,782,212
S01007027,1314,991,323
S01007028,1465,1179,286
S01007029,662,606,56
S01007030,1009,649,360
S01007031,630,385,245
S01007032,1137,652,485
S01007033,1060,698,362
S01007034,1057,627,430
S01007035,922,488,434
S01007036,1080,823,257
S01007037,1157,774,383
S01007038,854,597,257
S01007039,967,639,328
S01007040,1237,899,338
S01007041,880,646,234
S01007042,987,749,238
S01007043,1076,793,283
S01007044,1007,840,167
S01007045,932,806,126
S01007046,574,494,80
S01007047,1014,809,205
S01007048,1293,1067,226
S01007049,1039,677,362
S01007050,1042,856,186
S01007051,1029,828,201
S01007052,573,481,92
S01007053,802,691,111
S01007054,1124,835,289
S01007055,515,445,70
S01007056,878,747,131
S01007057,833,674,159
S01007058,767,556,211
S01007059,1336,971,365
S01007060,604,336,268
S01007061,1155,972,183
S01007062,758,658,100
S01007063,1503,1205,298
S01007064,762,614,148
S01007065,950,806,144
S01007066,648,543,105
S01007067,1258,1089,169
S01007068,660,394,266
S01007069,995,655,340
S01007070,733,536,197
S01007071,1234,1007,227
S01007072,1327,1196,131
S01007073,1378,1142,236
S01007074,1102,818,284
S01007075,901,549,352
S01007076,1044,803,241
S01007077,757,595,162
S01007078,960,568,392
S01007079,1221,743,478
S01007080,790,476,314
S01007081,1064,552,512
S01007082,699,372,327
S01007083,904,315,589
S01007084,849,547,302
S01007085,1076,522,554
S01007086,1343,330,1013
S01007087,958,371,587
S01007088,647,252,395
S01007089,529,487,42
S01007090,540,457,83
S01007091,1388,987,401
S01007092,624,375,249
S01007093,952,859,93
S01007094,2263,1695,568
S01007095,736,649,87
S01007096,1167,970,197
S01007097,2154,1628,526
S01007098,1636,1200,436
S01007099,883,775,108
S01007100,863,699,164
S01007101,1302,824,478
S01007102,838,691,147
S01007103,832,669,163
S01007104,486,397,89
S01007105,655,547,108
S01007106,896,734,162
S01007107,766,705,61
S01007108,1249,931,318
S01007109,1526,1034,492
S01007110,1051,727,324
S01007111,534,438,96
S01007112,905,699,206
S01007113,707,551,156
S01007114,888,761,127
S01007115,669,621,48
S01007116,1304,1171,133
S01007117,553,502,51
S01007118,847,416,431
S01007119,964,428,536
S01007120,1155,544,611
S01007121,765,331,434
S01007122,594,388,206
S01007123,941,542,399
S01007124,1095,815,280
S01007125,867,482,385
S01007126,1082,334,748
S01007127,1007,316,691
S01007128,979,499,480
S01007129,956,848,108
S01007130,676,585,91
S01007131,1096,974,122
S01007132,700,652,48
S01007133,674,563,111
S01007134,860,677,183
S01007135,806,691,115
S01007136,661,540,121
S01007137,842,743,99
S01007138,957,846,111
S01007139,776,645,131
S01007140,1022,778,244
S01007141,1250,1113,137
S01007142,201,183,18
S01007143,1174,1016,158
S01007144,2231,1832,399
S01007145,892,757,135
S01007146,881,707,174
S01007147,830,767,63
S01007148,538,501,37
S01007149,850,794,56
S01007150,700,639,61
S01007151,1163,1083,80
S01007152,763,686,77
S01007153,916,806,110
S01007154,973,740,233
S01007155,715,587,128
S01007156,1127,802,325
S01007157,748,523,225
S01007158,1043,871,172
S01007159,933,609,324
S01007160,969,624,345
S01007161,987,739,248
S01007162,608,292,316
S01007163,1009,770,239
S01007164,760,628,132
S01007165,927,760,167
S01007166,1094,909,185
S01007167,795,745,50
S01007168,965,918,47
S01007169,854,712,142
S01007170,744,549,195
S01007171,995,625,370
S01007172,1248,1029,219
S01007173,523,451,72
S01007174,944,682,262
S01007175,862,522,340
S01007176,1078,650,428
S01007177,801,421,380
S01007178,1045,368,677
S01007179,1254,1069,185
S01007180,967,828,139
S01007181,1044,830,214
S01007182,1227,880,347
S01007183,1317,853,464
S01007184,1039,608,431
S01007185,939,382,557
S01007186,777,259,518
S01007187,804,292,512
S01007188,803,441,362
S01007189,869,401,468
S01007190,935,664,271
S01007191,735,421,314
S01007192,784,489,295
S01007193,893,524,369
S01007194,641,215,426
S01007195,1027,540,487
S01007196,974,466,508
S01007197,743,203,540
S01007198,532,222,310
S01007199,1091,403,688
S01007200,849,573,276
S01007201,1014,681,333
S01007202,735,446,289
S01007203,840,650,190
S01007204,1054,683,371
S01007205,827,572,255
S01007206,392,250,142
S01007207,1045,781,264
S01007208,990,426,564
S01007209,767,399,368
S01007210,1067,530,537
S01007211,967,443,524
S01007212,847,599,248
S01007213,873,620,253
S01007214,994,466,528
S01007215,984,601,383
S01007216,763,607,156
S01007217,1186,750,436
S01007218,992,853,139
S01007219,1097,732,365
S01007220,787,525,262
S01007221,1101,921,180
S01007222,1100,738,362
S01007223,699,580,119
S01007224,742,556,186
S01007225,1199,915,284
S01007226,1027,783,244
S01007227,1533,1187,346
S01007228,819,531,288
S01007229,1249,764,485
S01007230,1283,459,824
S01007231,812,320,492
S01007232,726,208,518
S01007233,788,515,273
S01007234,613,374,239
S01007235,1078,550,528
S01007236,1076,708,368
S01007237,779,622,157
S01007238,1007,683,324
S01007239,1374,1076,298
S01007240,539,320,219
S01007241,1174,931,243
S01007242,1158,953,205
S01007243,1413,1199,214
S01007244,717,539,178
S01007245,776,540,236
S01007246,891,659,232
S01007247,1080,595,485
S01007248,1060,897,163
S01007249,553,443,110
S01007250,822,525,297
S01007251,893,519,374
S01007252,912,628,284
S01007253,798,676,122
S01007254,925,482,443
S01007255,1038,366,672
S01007256,935,432,503
S01007257,894,405,489
S01007258,870,506,364
S01007259,1032,522,510
S01007260,1190,590,600
S01007261,1047,835,212
S01007262,712,495,217
S01007263,1112,788,324
S01007264,839,625,214
S01007265,1166,686,480
S01007266,823,497,326
S01007267,610,332,278
S01007268,594,359,235
S01007269,667,500,167
S01007270,457,256,201
S01007271,1116,784,332
S01007272,1140,559,581
S01007273,759,518,241
S01007274,904,545,359
S01007275,690,509,181
S01007276,1159,872,287
S01007277,919,803,116
S01007278,941,788,153
S01007279,665,438,227
S01007280,674,315,359
S01007281,1087,754,333
S01007282,538,243,295
S01007283,992,684,308
S01007284,841,605,236
S01007285,1102,772,330
S01007286,1430,977,453
S01007287,562,361,201
S01007288,647,429,218
S01007289,1004,779,225
S01007290,1125,520,605
S01007291,599,315,284
S01007292,771,639,132
S01007293,1055,567,488
S01007294,1003,773,230
S01007295,665,200,465
S01007296,544,271,273
S01007297,1145,844,301
S01007298,532,368,164
S01007299,939,597,342
S01007300,630,332,298
S01007301,854,626,228
S01007302,794,533,261
S01007303,1060,816,244
S01007304,684,479,205
S01007305,1005,754,251
S01007306,1231,827,404
S01007307,1084,792,292
S01007308,825,576,249
S01007309,779,546,233
S01007310,863,624,239
S01007311,882,523,359
S01007312,862,662,200
S01007313,965,780,185
S01007314,871,685,186
S01007315,937,727,210
S01007316,1141,694,447
S01007317,1117,723,394
S01007318,607,364,243
S01007319,840,590,250
S01007320,887,625,262
S01007321,586,453,133
S01007322,829,539,290
S01007323,448,326,122
S01007324,323,186,137
S01007325,828,537,291
S01007326,964,548,416
S01007327,865,513,352
S01007328,1074,640,434
S01007329,702,405,297
S01007330,766,570,196
S01007331,1082,774,308
S01007332,624,538,86
S01007333,1098,817,281
S01007334,995,373,622
S01007335,898,463,435
S01007336,724,344,380
S01007337,654,371,283
S01007338,1084,781,303
S01007339,841,672,169
S01007340,662,389,273
S01007341,843,675,168
S01007342,797,709,88
S01007343,649,352,297
S01007344,574,411,163
S01007345,691,284,407
S01007346,824,240,584
S01007347,1049,529,520
S01007348,792,308,484
S01007349,687,342,345
S01007350,638,380,258
S01007351,650,483,167
S01007352,488,319,169
S01007353,791,617,174
S01007354,786,618,168
S01007355,1295,986,309
S01007356,714,541,173
S01007357,793,575,218
S01007358,1333,995,338
S01007359,972,623,349
S01007360,866,587,279
S01007361,983,787,196
S01007362,1104,826,278
S01007363,1000,629,371
S01007364,1093,573,520
S01007365,467,319,148
S01007366,550,273,277
S01007367,623,374,249
S01007368,659,363,296
S01007369,1138,849,289
S01007370,915,531,384
S01007371,947,690,257
S01007372,1163,958,205
S01007373,703,626,77
S01007374,810,676,134
S01007375,464,408,56
S01007376,1010,639,371
S01007377,664,619,45
S01007378,807,663,144
S01007379,925,668,257
S01007380,844,552,292
S01007381,470,374,96
S01007382,984,715,269
S01007383,749,594,155
S01007384,1074,821,253
S01007385,1228,928,300
S01007386,806,752,54
S01007387,839,763,76
S01007388,741,667,74
S01007389,763,222,541
S01007390,727,278,449
S01007391,664,619,45
S01007392,450,421,29
S01007393,876,741,135
S01007394,702,582,120
S01007395,1054,628,426
S01007396,1044,632,412
S01007397,937,748,189
S01007398,820,428,392
S01007399,891,305,586
S01007400,845,674,171
S01007401,752,626,126
S01007402,700,649,51
S01007403,943,502,441
S01007404,576,350,226
S01007405,813,670,143
S01007406,989,890,99
S01007407,1108,955,153
S01007408,862,660,202
S01007409,619,537,82
S01007410,952,356,596
S01007411,1062,376,686
S01007412,579,318,261
S01007413,997,860,137
S01007414,858,733,125
S01007415,853,455,398
S01007416,595,181,414
S01007417,220,166,54
S01007418,890,536,354
S01007419,1001,431,570
S01007420,3911,3135,776
S01007421,1392,1142,250
S01007422,754,564,190
S01007423,388,243,145
S01007424,787,713,74
S01007425,947,728,219
S01007426,818,470,348
S01007427,744,423,321
S01007428,1005,652,353
S01007429,925,575,350
S01007430,554,382,172
S01007431,674,612,62
S01007432,782,609,173
S01007433,1103,782,321
S01007434,589,294,295
S01007435,775,597,178
S01007436,989,432,557
S01007437,567,329,238
S01007438,671,431,240
S01007439,858,584,274
S01007440,763,560,203
S01007441,656,587,69
S01007442,864,789,75
S01007443,971,746,225
S01007444,1472,1254,218
S01007445,687,644,43
S01007446,728,646,82
S01007447,651,574,77
S01007448,1134,941,193
S01007449,1173,695,478
S01007450,1353,737,616
S01007451,623,481,142
S01007452,1429,981,448
S01007453,110,48,62
S01007454,512,283,229
S01007455,846,336,510
S01007456,1051,412,639
S01007457,1033,624,409
S01007458,811,644,167
S01007459,873,664,209
S01007460,914,556,358
S01007461,920,294,626
S01007462,993,544,449
S01007463,1149,324,825
S01007464,1042,350,692
S01007465,785,164,621
S01007466,1145,370,775
S01007467,996,532,464
S01007468,1143,977,166
S01007469,611,399,212
S01007470,699,271,428
S01007471,479,315,164
S01007472,1077,640,437
S01007473,895,660,235
S01007474,755,670,85
S01007475,517,396,121
S01007476,738,594,144
S01007477,737,556,181
S01007478,1117,728,389
S01007479,435,308,127
S01007480,1324,1040,284
S01007481,988,842,146
S01007482,668,465,203
S01007483,955,683,272
S01007484,832,495,337
S01007485,842,325,517
S01007486,855,218,637
S01007487,1185,592,593
S01007488,1194,757,437
S01007489,856,627,229
S01007490,1203,730,473
S01007491,1061,630,431
S01007492,679,450,229
S01007493,1109,637,472
S01007494,740,518,222
S01007495,844,660,184
S01007496,1185,769,416
S01007497,596,286,310
S01007498,1024,721,303
S01007499,842,491,351
S01007500,766,396,370
S01007501,678,459,219
S01007502,638,410,228
S01007503,1131,745,386
S01007504,1168,741,427
S01007505,538,284,254
S01007506,514,389,125
S01007507,1489,1006,483
S01007508,696,456,240
S01007509,719,528,191
S01007510,997,644,353
S01007511,1148,644,504
S01007512,526,348,178
S01007513,1297,737,560
S01007514,616,387,229
S01007515,657,551,106
S01007516,818,425,393
S01007517,501,379,122
S01007518,1012,647,365
S01007519,495,393,102
S01007520,978,651,327
S01007521,670,365,305
S01007522,1090,728,362
S01007523,540,358,182
S01007524,897,604,293
S01007525,504,355,149
S01007526,903,485,418
S01007527,1372,956,416
S01007528,949,506,443
S01007529,864,667,197
S01007530,524,338,186
S01007531,765,417,348
S01007532,597,362,235
S01007533,858,490,368
S01007534,1450,827,623
S01007535,951,680,271
S01007536,1024,657,367
S01007537,1655,903,752
S01007538,1078,676,402
S01007539,823,725,98
S01007540,837,561,276
S01007541,1179,891,288
S01007542,980,643,337
S01007543,1284,796,488
S01007544,1240,1009,231
S01007545,1520,1134,386
S01007546,663,544,119
S01007547,549,383,166
S01007548,943,637,306
S01007549,765,504,261
S01007550,1225,798,427
S01007551,1294,911,383
S01007552,1042,581,461
S01007553,1059,515,544
S01007554,840,360,480
S01007555,766,583,183
S01007556,702,430,272
S01007557,1131,606,525
S01007558,480,370,110
S01007559,862,449,413
S01007560,1179,759,420
S01007561,1070,664,406
S01007562,851,491,360
S01007563,1105,672,433
S01007564,1270,887,383
S01007565,1142,797,345
S01007566,805,581,224
S01007567,588,444,144
S01007568,745,515,230
S01007569,1222,833,389
S01007570,1077,664,413
S01007571,539,366,173
S01007572,1693,1259,434
S01007573,84,77,7
S01007574,2322,1643,679
S01007575,854,419,435
S01007576,1025,346,679
S01007577,893,364,529
S01007578,834,305,529
S01007579,663,222,441
S01007580,964,458,506
S01007581,628,336,292
S01007582,873,483,390
S01007583,1310,356,954
S01007584,995,511,484
S01007585,1087,818,269
S01007586,1155,616,539
S01007587,623,486,137
S01007588,905,779,126
S01007589,1108,717,391
S01007590,661,615,46
S01007591,1176,753,423
S01007592,1130,558,572
S01007593,1108,869,239
S01007594,799,658,141
S01007595,977,630,347
S01007596,714,501,213
S01007597,646,461,185
S01007598,1107,816,291
S01007599,808,517,291
S01007600,981,768,213
S01007601,631,500,131
S01007602,958,840,118
S01007603,923,815,108
S01007604,1020,962,58
S01007605,1153,991,162
S01007606,614,506,108
S01007607,927,868,59
S01007608,958,848,110
S01007609,981,513,468
S01007610,671,296,375
S01007611,1147,438,709
S01007612,1037,354,683
S01007613,972,757,215
S01007614,1111,993,118
S01007615,1306,987,319
S01007616,917,572,345
S01007617,671,427,244
S01007618,781,529,252
S01007619,735,507,228
S01007620,822,687,135
S01007621,898,746,152
S01007622,1331,1043,288
S01007623,608,508,100
S01007624,741,657,84
S01007625,690,584,106
S01007626,650,569,81
S01007627,547,459,88
S01007628,877,686,191
S01007629,857,657,200
S01007630,809,683,126
S01007631,625,494,131
S01007632,1673,1148,525
S01007633,1549,1069,480
S01007634,803,488,315
S01007635,935,693,242
S01007636,1361,966,395
S01007637,1375,780,595
S01007638,1019,661,358
S01007639,1087,596,491
S01007640,722,334,388
S01007641,854,540,314
S01007642,1107,837,270
S01007643,1061,783,278
S01007644,1094,765,329
S01007645,895,603,292
S01007646,576,282,294
S01007647,1018,685,333
S01007648,1086,749,337
S01007649,729,460,269
S01007650,1055,672,383
S01007651,713,451,262
S01007652,869,651,218
S01007653,1159,880,279
S01007654,1245,777,468
S01007655,780,484,296
S01007656,933,414,519
S01007657,584,407,177
S01007658,686,487,199
S01007659,1055,654,401
S01007660,1289,684,605
S01007661,897,553,344
S01007662,1070,638,432
S01007663,1133,828,305
S01007664,578,328,250
S01007665,745,522,223
S01007666,502,444,58
S01007667,717,655,62
S01007668,1224,758,466
S01007669,642,202,440
S01007670,1121,575,546
S01007671,832,692,140
S01007672,1002,918,84
S01007673,697,590,107
S01007674,1149,820,329
S01007675,801,635,166
S01007676,567,473,94
S01007677,274,222,52
S01007678,823,576,247
S01007679,1045,585,460
S01007680,916,845,71
S01007681,503,377,126
S01007682,998,777,221
S01007683,1045,793,252
S01007684,1153,983,170
S01007685,905,819,86
S01007686,1091,809,282
S01007687,936,587,349
S01007688,1211,359,852
S01007689,579,204,375
S01007690,1107,279,828
S01007691,1700,206,1494
S01007692,1036,224,812
S01007693,879,87,792
S01007694,890,119,771
S01007695,1031,313,718
S01007696,1033,170,863
S01007697,1329,417,912
S01007698,1275,245,1030
S01007699,808,180,628
S01007700,971,769,202
S01007701,451,81,370
S01007702,757,269,488
S01007703,1176,664,512
S01007704,1316,338,978
S01007705,845,69,776
S01007706,1031,81,950
S01007707,1285,273,1012
S01007708,1038,409,629
S01007709,779,221,558
S01007710,2167,439,1728
S01007711,1253,241,1012
S01007712,993,328,665
S01007713,561,255,306
S01007714,637,355,282
S01007715,733,191,542
S01007716,1140,291,849
S01007717,997,209,788
S01007718,957,265,692
S01007719,1534,764,770
S01007720,1091,729,362
S01007721,1085,508,577
S01007722,940,310,630
S01007723,1020,339,681
S01007724,800,161,639
S01007725,1343,413,930
S01007726,858,283,575
S01007727,1007,220,787
S01007728,1212,318,894
S01007729,1002,252,750
S01007730,985,349,636
S01007731,729,233,496
S01007732,908,258,650
S01007733,853,702,151
S01007734,821,656,165
S01007735,827,701,126
S01007736,844,711,133
S01007737,1140,619,521
S01007738,1112,776,336
S01007739,819,458,361
S01007740,675,506,169
S01007741,899,502,397
S01007742,729,512,217
S01007743,895,469,426
S01007744,766,292,474
S01007745,989,460,529
S01007746,889,478,411
S01007747,815,308,507
S01007748,704,191,513
S01007749,845,770,75
S01007750,909,818,91
S01007751,737,671,66
S01007752,1109,918,191
S01007753,961,506,455
S01007754,1313,739,574
S01007755,877,365,512
S01007756,955,494,461
S01007757,1311,1219,92
S01007758,1040,852,188
S01007759,1242,598,644
S01007760,920,770,150
S01007761,849,725,124
S01007762,761,441,320
S01007763,772,459,313
S01007764,895,840,55
S01007765,969,912,57
S01007766,1083,1013,70
S01007767,1000,945,55
S01007768,765,543,222
S01007769,784,714,70
S01007770,812,668,144
S01007771,823,780,43
S01007772,1185,746,439
S01007773,734,705,29
S01007774,146,130,16
S01007775,1191,1075,116
S01007776,591,535,56
S01007777,562,530,32
S01007778,2295,2145,150
S01007779,774,691,83
S01007780,795,711,84
S01007781,796,685,111
S01007782,709,274,435
S01007783,873,247,626
S01007784,1006,535,471
S01007785,507,114,393
S01007786,900,546,354
S01007787,804,382,422
S01007788,832,31,801
S01007789,1151,420,731
S01007790,1864,973,891
S01007791,1135,1039,96
S01007792,998,608,390
S01007793,1046,335,711
S01007794,1109,728,381
S01007795,712,385,327
S01007796,692,279,413
S01007797,635,320,315
S01007798,778,636,142
S01007799,418,357,61
S01007800,995,412,583
S01007801,833,227,606
S01007802,634,486,148
S01007803,1468,264,1204
S01007804,846,181,665
S01007805,928,325,603
S01007806,888,442,446
S01007807,894,760,134
S01007808,933,564,369
S01007809,1249,1137,112
S01007810,983,520,463
S01007811,871,475,396
S01007812,850,223,627
S01007813,1108,456,652
S01007814,854,516,338
S01007815,1099,1013,86
S01007816,669,580,89
S01007817,826,554,272
S01007818,950,791,159
S01007819,803,676,127
S01007820,1062,748,314
S01007821,793,546,247
S01007822,966,767,199
S01007823,789,715,74
S01007824,1125,986,139
S01007825,1294,978,316
S01007826,573,167,406
S01007827,661,395,266
S01007828,1161,581,580
S01007829,763,465,298
S01007830,1072,500,572
S01007831,1054,390,664
S01007832,951,532,419
S01007833,983,542,441
S01007834,742,307,435
S01007835,784,553,231
S01007836,739,605,134
S01007837,1260,964,296
S01007838,973,812,161
S01007839,1025,629,396
S01007840,902,492,410
S01007841,951,539,412
S01007842,1215,412,803
S01007843,944,369,575
S01007844,1291,737,554
S01007845,995,404,591
S01007846,852,492,360
S01007847,1474,640,834
S01007848,1070,291,779
S01007849,1112,533,579
S01007850,754,398,356
S01007851,1035,652,383
S01007852,1256,631,625
S01007853,807,222,585
S01007854,1236,416,820
S01007855,658,239,419
S01007856,989,677,312
S01007857,595,104,491
S01007858,2126,720,1406
S01007859,1503,583,920
S01007860,1165,416,749
S01007861,1067,600,467
S01007862,1067,609,458
S01007863,895,294,601
S01007864,938,578,360
S01007865,1398,1209,189
S01007866,586,545,41
S01007867,1364,1177,187
S01007868,2028,1785,243
S01007869,2129,1822,307
S01007870,634,498,136
S01007871,1111,378,733
S01007872,795,198,597
S01007873,729,477,252
S01007874,887,549,338
S01007875,764,575,189
S01007876,1009,695,314
S01007877,888,570,318
S01007878,653,329,324
S01007879,1132,540,592
S01007880,460,387,73
S01007881,656,349,307
S01007882,1605,1413,192
S01007883,1204,957,247
S01007884,953,640,313
S01007885,976,456,520
S01007886,1168,811,357
S01007887,717,459,258
S01007888,1070,452,618
S01007889,1119,644,475
S01007890,695,412,283
S01007891,1333,1047,286
S01007892,1157,946,211
S01007893,1309,1132,177
S01007894,1050,741,309
S01007895,771,530,241
S01007896,1110,610,500
S01007897,1602,1316,286
S01007898,758,578,180
S01007899,502,391,111
S01007900,549,251,298
S01007901,801,413,388
S01007902,980,404,576
S01007903,803,492,311
S01007904,787,568,219
S01007905,827,345,482
S01007906,824,345,479
S01007907,780,470,310
S01007908,1296,982,314
S01007909,719,494,225
S01007910,1111,585,526
S01007911,1094,742,352
S01007912,865,593,272
S01007913,1069,531,538
S01007914,744,387,357
S01007915,961,612,349
S01007916,1027,671,356
S01007917,1195,717,478
S01007918,1014,671,343
S01007919,949,849,100
S01007920,615,546,69
S01007921,1136,514,622
S01007922,1361,566,795
S01007923,1264,1008,256
S01007924,1126,557,569
S01007925,665,574,91
S01007926,917,743,174
S01007927,617,540,77
S01007928,1168,983,185
S01007929,1612,1414,198
S01007930,722,641,81
S01007931,1345,1042,303
S01007932,831,785,46
S01007933,1339,1114,225
S01007934,720,505,215
S01007935,1271,833,438
S01007936,1233,1100,133
S01007937,1503,1311,192
S01007938,837,530,307
S01007939,1016,546,470
S01007940,1719,1307,412
S01007941,631,587,44
S01007942,508,316,192
S01007943,970,733,237
S01007944,1026,705,321
S01007945,1202,778,424
S01007946,1032,698,334
S01007947,1048,806,242
S01007948,760,360,400
S01007949,954,714,240
S01007950,1135,1003,132
S01007951,1005,726,279
S01007952,847,482,365
S01007953,1022,661,361
S01007954,728,295,433
S01007955,1250,658,592
S01007956,999,505,494
S01007957,1230,807,423
S01007958,985,502,483
S01007959,1465,1158,307
S01007960,607,349,258
S01007961,1165,876,289
S01007962,1096,451,645
S01007963,1158,277,881
S01007964,890,394,496
S01007965,774,391,383
S01007966,1090,412,678
S01007967,860,317,543
S01007968,1038,705,333
S01007969,840,534,306
S01007970,1062,611,451
S01007971,1027,560,467
S01007972,1126,740,386
S01007973,867,807,60
S01007974,917,445,472
S01007975,655,391,264
S01007976,1085,580,505
S01007977,645,498,147
S01007978,826,551,275
S01007979,903,758,145
S01007980,816,624,192
S01007981,755,635,120
S01007982,695,491,204
S01007983,1415,832,583
S01007984,896,660,236
S01007985,923,463,460
S01007986,675,491,184
S01007987,1033,803,230
S01007988,906,617,289
S01007989,722,404,318
S01007990,1253,932,321
S01007991,1003,887,116
S01007992,1058,950,108
S01007993,908,845,63
S01007994,659,587,72
S01007995,721,629,92
S01007996,338,305,33
S01007997,669,619,50
S01007998,590,448,142
S01007999,801,363,438
S01008000,868,323,545
S01008001,916,269,647
S01008002,1039,307,732
S01008003,690,384,306
S01008004,122,47,75
S01008005,95,51,44
S01008006,864,156,708
S01008007,570,223,347
S01008008,787,292,495
S01008009,1021,335,686
S01008010,1309,487,822
S01008011,846,258,588
S01008012,966,536,430
S01008013,742,438,304
S01008014,800,577,223
S01008015,832,412,420
S01008016,781,481,300
S01008017,879,821,58
S01008018,944,836,108
S01008019,953,748,205
S01008020,891,670,221
S01008021,699,620,79
S01008022,844,807,37
S01008023,1735,1618,117
S01008024,951,870,81
S01008025,891,808,83
S01008026,1280,850,430
S01008027,807,517,290
S01008028,585,476,109
S01008029,3643,3109,534
S01008030,2233,1810,423
S01008031,1573,1144,429
S01008032,1238,895,343
S01008033,1166,1081,85
S01008034,1176,1139,37
S01008035,1020,918,102
S01008036,669,650,19
S01008037,1446,949,497
S01008038,999,647,352
S01008039,1079,753,326
S01008040,752,650,102
S01008041,1074,793,281
S01008042,862,760,102
S01008043,1364,1237,127
S01008044,1192,1097,95
S01008045,1313,1100,213
S01008046,1157,720,437
S01008047,697,661,36
S01008048,662,634,28
S01008049,1023,981,42
S01008050,682,643,39
S01008051,1229,1182,47
S01008052,829,802,27
S01008053,959,894,65
S01008054,769,639,130
S01008055,1049,1011,38
S01008056,1204,1131,73
S01008057,1358,1244,114
S01008058,895,837,58
S01008059,678,652,26
S01008060,1736,1649,87
S01008061,887,840,47
S01008062,997,941,56
S01008063,874,834,40
S01008064,1013,674,339
S01008065,1219,1141,78
S01008066,1022,937,85
S01008067,691,649,42
S01008068,1203,1132,71
S01008069,1201,1055,146
S01008070,1125,1082,43
S01008071,966,914,52
S01008072,1255,1112,143
S01008073,471,463,8
S01008074,972,938,34
S01008075,613,574,39
S01008076,1003,920,83
S01008077,1003,960,43
S01008078,860,781,79
S01008079,905,869,36
S01008080,808,767,41
S01008081,703,636,67
S01008082,1032,966,66
S01008083,839,805,34
S01008084,1033,876,157
S01008085,1314,1199,115
S01008086,1256,1078,178
S01008087,1136,1098,38
S01008088,917,837,80
S01008089,997,966,31
S01008090,771,710,61
S01008091,513,486,27
S01008092,1138,1085,53
S01008093,900,845,55
S01008094,725,667,58
S01008095,1093,998,95
S01008096,790,758,32
S01008097,897,826,71
S01008098,750,711,39
S01008099,521,479,42
S01008100,1035,941,94
S01008101,1184,933,251
S01008102,749,657,92
S01008103,706,426,280
S01008104,1022,722,300
S01008105,1211,763,448
S01008106,1742,1281,461
S01008107,1301,1167,134
S01008108,936,891,45
S01008109,940,858,82
S01008110,941,886,55
S01008111,869,809,60
S01008112,947,920,27
S01008113,1002,926,76
S01008114,899,866,33
S01008115,913,815,98
S01008116,1116,1036,80
S01008117,800,720,80
S01008118,1351,1192,159
S01008119,784,468,316
S01008120,707,581,126
S01008121,662,655,7
S01008122,1128,1034,94
S01008123,1063,957,106
S01008124,1012,970,42
S01008125,1170,1062,108
S01008126,935,908,27
S01008127,489,455,34
S01008128,1098,989,109
S01008129,980,627,353
S01008130,1146,654,492
S01008131,766,410,356
S01008132,1106,1029,77
S01008133,829,606,223
S01008134,703,489,214
S01008135,1524,1040,484
S01008136,1419,949,470
S01008137,1426,556,870
S01008138,1051,324,727
S01008139,1086,647,439
S01008140,741,399,342
S01008141,1168,1115,53
S01008142,974,943,31
S01008143,1167,821,346
S01008144,1019,973,46
S01008145,1018,565,453
S01008146,649,290,359
S01008147,901,662,239
S01008148,915,775,140
S01008149,960,681,279
S01008150,1409,920,489
S01008151,1030,692,338
S01008152,1241,762,479
S01008153,795,752,43
S01008154,1050,940,110
S01008155,836,701,135
S01008156,1062,795,267
S01008157,1083,887,196
S01008158,1002,950,52
S01008159,1208,561,647
S01008160,1366,882,484
S01008161,1443,1260,183
S01008162,1261,921,340
S01008163,894,446,448
S01008164,650,377,273
S01008165,855,736,119
S01008166,1322,1025,297
S01008167,1579,1043,536
S01008168,1096,516,580
S01008169,1474,1119,355
S01008170,708,600,108
S01008171,909,502,407
S01008172,557,427,130
S01008173,785,687,98
S01008174,532,467,65
S01008175,750,509,241
S01008176,1490,1282,208
S01008177,864,553,311
S01008178,640,529,111
S01008179,391,370,21
S01008180,473,447,26
S01008181,678,616,62
S01008182,1253,760,493
S01008183,968,689,279
S01008184,881,527,354
S01008185,1235,752,483
S01008186,853,496,357
S01008187,699,373,326
S01008188,1467,782,685
S01008189,1062,797,265
S01008190,1035,471,564
S01008191,1446,1061,385
S01008192,1052,674,378
S01008193,936,681,255
S01008194,636,409,227
S01008195,1148,559,589
S01008196,923,449,474
S01008197,1894,1493,401
S01008198,693,410,283
S01008199,776,246,530
S01008200,867,365,502
S01008201,1327,617,710
S01008202,803,543,260
S01008203,556,213,343
S01008204,2710,2007,703
S01008205,771,432,339
S01008206,1604,1112,492
S01008207,824,323,501
S01008208,1026,642,384
S01008209,686,537,149
S01008210,1407,991,416
S01008211,991,687,304
S01008212,712,636,76
S01008213,1019,868,151
S01008214,831,547,284
S01008215,1099,868,231
S01008216,770,714,56
S01008217,663,610,53
S01008218,2149,1739,410
S01008219,1165,720,445
S01008220,644,267,377
S01008221,832,267,565
S01008222,722,361,361
S01008223,597,330,267
S01008224,907,798,109
S01008225,786,563,223
S01008226,755,354,401
S01008227,986,495,491
S01008228,791,608,183
S01008229,1317,730,587
S01008230,811,689,122
S01008231,640,321,319
S01008232,244,228,16
S01008233,1740,1461,279
S01008234,2097,1652,445
S01008235,929,549,380
S01008236,1009,716,293
S01008237,929,541,388
S01008238,1038,590,448
S01008239,760,529,231
S01008240,1386,1254,132
S01008241,1039,962,77
S01008242,1211,833,378
S01008243,1134,776,358
S01008244,1047,795,252
S01008245,1133,890,243
S01008246,1218,988,230
S01008247,982,723,259
S01008248,1309,809,500
S01008249,883,633,250
S01008250,1117,829,288
S01008251,1038,947,91
S01008252,1110,928,182
S01008253,834,522,312
S01008254,1240,804,436
S01008255,1005,663,342
S01008256,1033,552,481
S01008257,856,527,329
S01008258,1289,1008,281
S01008259,1455,932,523
S01008260,1054,583,471
S01008261,1197,682,515
S01008262,914,588,326
S01008263,760,515,245
S01008264,919,576,343
S01008265,706,625,81
S01008266,1061,899,162
S01008267,808,542,266
S01008268,827,736,91
S01008269,1066,957,109
S01008270,1157,987,170
S01008271,744,433,311
S01008272,1002,764,238
S01008273,1026,826,200
S01008274,930,546,384
S01008275,682,493,189
S01008276,681,575,106
S01008277,692,488,204
S01008278,774,624,150
S01008279,733,517,216
S01008280,1268,812,456
S01008281,830,492,338
S01008282,756,579,177
S01008283,1291,970,321
S01008284,1651,1280,371
S01008285,754,340,414
S01008286,1345,800,545
S01008287,850,574,276
S01008288,1000,704,296
S01008289,768,400,368
S01008290,987,665,322
S01008291,1084,930,154
S01008292,1640,1157,483
S01008293,1182,1078,104
S01008294,730,602,128
S01008295,1211,1111,100
S01008296,932,696,236
S01008297,626,457,169
S01008298,1079,925,154
S01008299,1177,599,578
S01008300,940,626,314
S01008301,1015,966,49
S01008302,940,842,98
S01008303,788,529,259
S01008304,476,391,85
S01008305,791,757,34
S01008306,611,580,31
S01008307,754,698,56
S01008308,566,532,34
S01008309,911,424,487
S01008310,949,684,265
S01008311,728,440,288
S01008312,720,447,273
S01008313,970,494,476
S01008314,939,330,609
S01008315,748,248,500
S01008316,943,460,483
S01008317,738,457,281
S01008318,1578,1444,134
S01008319,614,400,214
S01008320,633,513,120
S01008321,729,683,46
S01008322,1906,1487,419
S01008323,881,447,434
S01008324,651,398,253
S01008325,1229,854,375
S01008326,1164,547,617
S01008327,1094,746,348
S01008328,935,876,59
S01008329,1038,993,45
S01008330,1088,1035,53
S01008331,785,669,116
S01008332,1039,944,95
S01008333,1114,963,151
S01008334,995,933,62
S01008335,1012,710,302
S01008336,1000,624,376
S01008337,906,765,141
S01008338,876,825,51
S01008339,629,592,37
S01008340,929,833,96
S01008341,700,689,11
S01008342,1167,965,202
S01008343,1115,999,116
S01008344,872,818,54
S01008345,1273,1219,54
S01008346,1102,1063,39
S01008347,1228,1116,112
S01008348,976,919,57
S01008349,1437,1358,79
S01008350,760,718,42
S01008351,1060,1022,38
S01008352,926,881,45
S01008353,525,508,17
S01008354,1110,1009,101
S01008355,1123,840,283
S01008356,884,828,56
S01008357,908,846,62
S01008358,870,646,224
S01008359,772,724,48
S01008360,1338,1279,59
S01008361,786,751,35
S01008362,1158,1038,120
S01008363,829,731,98
S01008364,818,750,68
S01008365,972,930,42
S01008366,951,701,250
S01008367,966,636,330
S01008368,905,772,133
S01008369,782,657,125
S01008370,692,612,80
S01008371,913,887,26
S01008372,927,891,36
S01008373,1199,1175,24
S01008374,877,831,46
S01008375,789,775,14
S01008376,655,593,62
S01008377,944,857,87
S01008378,1103,1006,97
S01008379,530,518,12
S01008380,649,639,10
S01008381,1070,1058,12
S01008382,921,908,13
S01008383,619,601,18
S01008384,968,943,25
S01008385,674,653,21
S01008386,951,913,38
S01008387,871,826,45
S01008388,637,595,42
S01008389,725,664,61
S01008390,732,725,7
S01008391,785,684,101
S01008392,906,878,28
S01008393,912,863,49
S01008394,1108,1080,28
S01008395,832,814,18
S01008396,807,780,27
S01008397,996,963,33
S01008398,907,849,58
S01008399,700,660,40
S01008400,1101,1054,47
S01008401,1258,1187,71
S01008402,1092,1051,41
S01008403,984,962,22
S01008404,1006,956,50
S01008405,878,846,32
S01008406,1188,946,242
S01008407,522,415,107
S01008408,806,716,90
S01008409,1057,828,229
S01008410,835,768,67
S01008411,1121,970,151
S01008412,706,623,83
S01008413,690,523,167
S01008414,660,631,29
S01008415,1058,896,162
S01008416,1164,800,364
S01008417,726,635,91
S01008418,692,601,91
S01008419,500,415,85
S01008420,569,519,50
S01008421,858,656,202
S01008422,972,856,116
S01008423,1063,935,128
S01008424,1120,1048,72
S01008425,1047,938,109
S01008426,1163,889,274
S01008427,1249,1175,74
S01008428,884,696,188
S01008429,913,842,71
S01008430,1117,924,193
S01008431,1067,960,107
S01008432,1116,1049,67
S01008433,807,764,43
S01008434,1043,968,75
S01008435,1083,1027,56
S01008436,1025,905,120
S01008437,788,586,202
S01008438,581,481,100
S01008439,1112,1043,69
S01008440,1143,1056,87
S01008441,1014,937,77
S01008442,766,685,81
S01008443,582,532,50
S01008444,703,490,213
S01008445,1066,430,636
S01008446,1359,1087,272
S01008447,675,620,55
S01008448,879,795,84
S01008449,964,338,626
S01008450,555,124,431
S01008451,1018,382,636
S01008452,979,139,840
S01008453,956,169,787
S01008454,1339,309,1030
S01008455,1254,450,804
S01008456,1236,373,863
S01008457,1038,471,567
S01008458,995,588,407
S01008459,815,246,569
S01008460,1227,256,971
S01008461,1018,264,754
S01008462,694,166,528
S01008463,937,337,600
S01008464,921,684,237
S01008465,953,637,316
S01008466,840,517,323
S01008467,887,682,205
S01008468,948,528,420
S01008469,804,490,314
S01008470,992,469,523
S01008471,858,172,686
S01008472,811,353,458
S01008473,700,286,414
S01008474,832,281,551
S01008475,1033,500,533
S01008476,779,373,406
S01008477,1167,603,564
S01008478,984,483,501
S01008479,1090,521,569
S01008480,534,175,359
S01008481,983,594,389
S01008482,859,563,296
S01008483,832,472,360
S01008484,952,767,185
S01008485,1203,742,461
S01008486,867,606,261
S01008487,961,632,329
S01008488,1303,834,469
S01008489,874,546,328
S01008490,1159,713,446
S01008491,935,440,495
S01008492,944,430,514
S01008493,913,468,445
S01008494,837,349,488
S01008495,1059,381,678
S01008496,1160,403,757
S01008497,927,375,552
S01008498,764,301,463
S01008499,1123,328,795
S01008500,398,89,309
S01008501,835,253,582
S01008502,648,264,384
S01008503,994,638,356
S01008504,1718,1210,508
S01008505,1000,768,232
S01008506,1038,770,268
S01008507,755,483,272
S01008508,1102,968,134
S01008509,1251,1080,171
S01008510,904,801,103
S01008511,1007,907,100
S01008512,1202,1146,56
S01008513,806,776,30
S01008514,705,601,104
S01008515,941,871,70
S01008516,1286,740,546
S01008517,1042,552,490
S01008518,1192,949,243
S01008519,1083,989,94
S01008520,1359,1266,93
S01008521,902,863,39
S01008522,594,521,73
S01008523,1170,1027,143
S01008524,1198,566,632
S01008525,1139,435,704
S01008526,846,594,252
S01008527,726,528,198
S01008528,720,513,207
S01008529,839,602,237
S01008530,1053,600,453
S01008531,946,497,449
S01008532,657,483,174
S01008533,541,110,431
S01008534,869,520,349
S01008535,709,680,29
S01008536,707,660,47
S01008537,673,641,32
S01008538,641,628,13
S01008539,1096,1034,62
S01008540,982,927,55
S01008541,1028,965,63
S01008542,1221,1166,55
S01008543,995,934,61
S01008544,653,623,30
S01008545,1053,942,111
S01008546,806,789,17
S01008547,1167,1010,157
S01008548,1056,749,307
S01008549,1181,922,259
S01008550,1039,903,136
S01008551,969,869,100
S01008552,1031,855,176
S01008553,645,397,248
S01008554,1090,336,754
S01008555,1286,456,830
S01008556,1096,544,552
S01008557,1037,353,684
S01008558,912,474,438
S01008559,862,542,320
S01008560,888,509,379
S01008561,1015,622,393
S01008562,858,268,590
S01008563,1113,640,473
S01008564,1041,784,257
S01008565,1060,540,520
S01008566,1135,659,476
S01008567,889,496,393
S01008568,862,630,232
S01008569,738,159,579
S01008570,1303,549,754
S01008571,789,482,307
S01008572,1001,660,341
S01008573,1101,894,207
S01008574,1049,858,191
S01008575,874,774,100
S01008576,1006,822,184
S01008577,1092,942,150
S01008578,938,876,62
S01008579,820,717,103
S01008580,816,593,223
S01008581,1014,557,457
S01008582,1368,916,452
S01008583,921,515,406
S01008584,1307,735,572
S01008585,991,558,433
S01008586,949,545,404
S01008587,754,631,123
S01008588,1116,948,168
S01008589,390,318,72
S01008590,759,556,203
S01008591,1067,751,316
S01008592,870,604,266
S01008593,864,798,66
S01008594,892,686,206
S01008595,1116,530,586
S01008596,953,404,549
S01008597,1116,843,273
S01008598,1204,632,572
S01008599,1000,665,335
S01008600,955,539,416
S01008601,752,245,507
S01008602,555,242,313
S01008603,1029,329,700
S01008604,1074,591,483
S01008605,867,439,428
S01008606,1042,837,205
S01008607,628,528,100
S01008608,803,680,123
S01008609,1088,881,207
S01008610,1235,730,505
S01008611,1111,465,646
S01008612,779,188,591
S01008613,1039,535,504
S01008614,910,265,645
S01008615,928,415,513
S01008616,849,312,537
S01008617,967,353,614
S01008618,739,233,506
S01008619,520,208,312
S01008620,815,258,557
S01008621,881,305,576
S01008622,837,387,450
S01008623,1010,583,427
S01008624,781,623,158
S01008625,566,508,58
S01008626,1110,832,278
S01008627,776,704,72
S01008628,738,436,302
S01008629,1007,617,390
S01008630,739,373,366
S01008631,910,467,443
S01008632,1068,670,398
S01008633,1214,929,285
S01008634,727,519,208
S01008635,824,560,264
S01008636,940,622,318
S01008637,761,442,319
S01008638,1206,419,787
S01008639,1277,699,578
S01008640,1188,596,592
S01008641,1104,537,567
S01008642,1043,538,505
S01008643,1002,626,376
S01008644,678,286,392
S01008645,1035,543,492
S01008646,1251,641,610
S01008647,715,387,328
S01008648,988,358,630
S01008649,1221,525,696
S01008650,912,391,521
S01008651,924,341,583
S01008652,739,220,519
S01008653,684,162,522
S01008654,1189,349,840
S01008655,922,288,634
S01008656,1165,329,836
S01008657,966,349,617
S01008658,1212,348,864
S01008659,1210,312,898
S01008660,1162,266,896
S01008661,1053,193,860
S01008662,818,135,683
S01008663,992,249,743
S01008664,1006,352,654
S01008665,1174,405,769
S01008666,842,292,550
S01008667,1240,526,714
S01008668,880,308,572
S01008669,690,104,586
S01008670,1019,232,787
S01008671,1188,273,915
S01008672,686,213,473
S01008673,1158,308,850
S01008674,866,159,707
S01008675,862,172,690
S01008676,877,307,570
S01008677,802,196,606
S01008678,967,134,833
S01008679,1055,163,892
S01008680,914,150,764
S01008681,1096,237,859
S01008682,877,260,617
S01008683,1550,332,1218
S01008684,1143,307,836
S01008685,798,289,509
S01008686,1179,294,885
S01008687,984,405,579
S01008688,1235,554,681
S01008689,1190,558,632
S01008690,1078,560,518
S01008691,1293,619,674
S01008692,1069,503,566
S01008693,591,496,95
S01008694,1436,842,594
S01008695,1010,702,308
S01008696,675,601,74
S01008697,1055,930,125
S01008698,742,633,109
S01008699,1119,728,391
S01008700,747,580,167
S01008701,938,208,730
S01008702,752,291,461
S01008703,1399,355,1044
S01008704,1642,598,1044
S01008705,932,266,666
S01008706,1369,341,1028
S01008707,1250,306,944
S01008708,962,153,809
S01008709,1048,377,671
S01008710,998,241,757
S01008711,775,314,461
S01008712,1144,363,781
S01008713,635,171,464
S01008714,642,380,262
S01008715,763,474,289
S01008716,694,470,224
S01008717,532,428,104
S01008718,591,468,123
S01008719,1145,842,303
S01008720,577,393,184
S01008721,809,751,58
S01008722,1057,891,166
S01008723,757,679,78
S01008724,1034,878,156
S01008725,749,637,112
S01008726,1163,1030,133
S01008727,1162,961,201
S01008728,654,433,221
S01008729,845,678,167
S01008730,1092,752,340
S01008731,514,355,159
S01008732,815,465,350
S01008733,869,600,269
S01008734,806,676,130
S01008735,1187,1095,92
S01008736,734,659,75
S01008737,801,739,62
S01008738,885,839,46
S01008739,559,499,60
S01008740,709,651,58
S01008741,1125,1058,67
S01008742,731,583,148
S01008743,1095,611,484
S01008744,1058,764,294
S01008745,545,417,128
S01008746,1062,385,677
S01008747,575,459,116
S01008748,1063,957,106
S01008749,1186,1080,106
S01008750,764,715,49
S01008751,1017,619,398
S01008752,976,424,552
S01008753,887,493,394
S01008754,866,410,456
S01008755,1001,411,590
S01008756,827,376,451
S01008757,784,297,487
S01008758,1002,449,553
S01008759,728,352,376
S01008760,1314,709,605
S01008761,858,273,585
S01008762,551,450,101
S01008763,845,693,152
S01008764,714,565,149
S01008765,1265,984,281
S01008766,1425,1200,225
S01008767,896,751,145
S01008768,2803,1359,1444
S01008769,2293,1040,1253
S01008770,2178,993,1185
S01008771,2178,993,1185
S01008772,1183,799,384
S01008773,1114,606,508
S01008774,897,389,508
S01008775,533,371,162
S01008776,1214,511,703
S01008777,1060,366,694
S01008778,990,383,607
S01008779,1053,515,538
S01008780,920,375,545
S01008781,1098,335,763
S01008782,956,386,570
S01008783,553,194,359
S01008784,779,279,500
S01008785,1066,299,767
S01008786,1166,471,695
S01008787,659,148,511
S01008788,875,393,482
S01008789,654,268,386
S01008790,905,345,560
S01008791,978,391,587
S01008792,993,581,412
S01008793,1059,440,619
S01008794,963,433,530
S01008795,1276,620,656
S01008796,1182,363,819
S01008797,1048,493,555
S01008798,983,451,532
S01008799,779,255,524
S01008800,1205,503,702
S01008801,854,382,472
S01008802,1241,527,714
S01008803,1112,388,724
S01008804,812,226,586
S01008805,786,239,547
S01008806,1219,510,709
S01008807,984,495,489
S01008808,663,343,320
S01008809,795,375,420
S01008810,1026,487,539
S01008811,829,392,437
S01008812,881,425,456
S01008813,1021,416,605
S01008814,1275,645,630
S01008815,1287,634,653
S01008816,523,270,253
S01008817,1192,522,670
S01008818,1166,785,381
S01008819,1066,630,436
S01008820,1514,680,834
S01008821,787,663,124
S01008822,837,751,86
S01008823,861,702,159
S01008824,1274,1052,222
S01008825,610,511,99
S01008826,650,429,221
S01008827,989,795,194
S01008828,1003,772,231
S01008829,1067,835,232
S01008830,1211,1073,138
S01008831,1035,936,99
S01008832,697,568,129
S01008833,1099,840,259
S01008834,1180,944,236
S01008835,1013,862,151
S01008836,526,258,268
S01008837,1634,881,753
S01008838,1009,584,425
S01008839,1185,697,488
S01008840,1073,704,369
S01008841,1289,579,710
S01008842,161,137,24
S01008843,881,417,464
S01008844,968,402,566
S01008845,851,330,521
S01008846,914,441,473
S01008847,818,383,435
S01008848,901,481,420
S01008849,1025,450,575
S01008850,1423,706,717
S01008851,1198,535,663
S01008852,1222,663,559
S01008853,680,321,359
S01008854,1010,457,553
S01008855,1152,599,553
S01008856,718,362,356
S01008857,966,607,359
S01008858,1143,652,491
S01008859,1103,414,689
S01008860,1231,659,572
S01008861,968,741,227
S01008862,1053,469,584
S01008863,795,478,317
S01008864,1071,666,405
S01008865,1077,648,429
S01008866,1033,609,424
S01008867,961,695,266
S01008868,1066,468,598
S01008869,1068,558,510
S01008870,1150,729,421
S01008871,1270,730,540
S01008872,1013,552,461
S01008873,805,641,164
S01008874,835,459,376
S01008875,1112,634,478
S01008876,759,640,119
S01008877,801,612,189
S01008878,1175,886,289
S01008879,817,617,200
S01008880,688,591,97
S01008881,579,479,100
S01008882,1094,1006,88
S01008883,1058,967,91
S01008884,823,758,65
S01008885,964,877,87
S01008886,1135,878,257
S01008887,766,659,107
S01008888,1017,686,331
S01008889,879,712,167
S01008890,832,776,56
S01008891,763,736,27
S01008892,1190,889,301
S01008893,1100,1030,70
S01008894,1006,954,52
S01008895,778,710,68
S01008896,1004,911,93
S01008897,898,835,63
S01008898,1060,862,198
S01008899,843,390,453
S01008900,948,592,356
S01008901,1177,729,448
S01008902,1112,557,555
S01008903,1078,704,374
S01008904,1179,532,647
S01008905,1297,392,905
S01008906,1006,266,740
S01008907,1142,195,947
S01008908,1119,460,659
S01008909,1095,719,376
S01008910,1787,1072,715
S01008911,1358,770,588
S01008912,882,744,138
S01008913,525,341,184
S01008914,1106,825,281
S01008915,683,522,161
S01008916,1283,542,741
S01008917,681,186,495
S01008918,824,86,738
S01008919,674,115,559
S01008920,1373,637,736
S01008921,1346,366,980
S01008922,1187,596,591
S01008923,1242,510,732
S01008924,2320,790,1530
S01008925,843,430,413
S01008926,1637,806,831
S01008927,1174,551,623
S01008928,713,297,416
S01008929,1375,230,1145
S01008930,1131,233,898
S01008931,776,179,597
S01008932,1188,607,581
S01008933,923,269,654
S01008934,865,420,445
S01008935,1086,967,119
S01008936,654,626,28
S01008937,831,665,166
S01008938,1045,955,90
S01008939,781,711,70
S01008940,787,703,84
S01008941,955,764,191
S01008942,1226,1118,108
S01008943,826,792,34
S01008944,1013,935,78
S01008945,1071,863,208
S01008946,912,818,94
S01008947,1141,1077,64
S01008948,982,800,182
S01008949,1374,1046,328
S01008950,1067,819,248
S01008951,1022,569,453
S01008952,1428,855,573
S01008953,1142,776,366
S01008954,933,577,356
S01008955,878,725,153
S01008956,1250,808,442
S01008957,1130,742,388
S01008958,821,513,308
S01008959,1022,813,209
S01008960,1021,912,109
S01008961,963,763,200
S01008962,616,562,54
S01008963,964,837,127
S01008964,740,699,41
S01008965,742,700,42
S01008966,907,838,69
S01008967,1148,1108,40
S01008968,1135,1078,57
S01008969,1088,958,130
S01008970,1144,1040,104
S01008971,697,659,38
S01008972,1408,1229,179
S01008973,708,571,137
S01008974,939,677,262
S01008975,903,591,312
S01008976,747,694,53
S01008977,835,767,68
S01008978,719,554,165
S01008979,853,599,254
S01008980,834,555,279
S01008981,808,753,55
S01008982,922,627,295
S01008983,844,525,319
S01008984,518,340,178
S01008985,794,656,138
S01008986,958,885,73
S01008987,1013,905,108
S01008988,941,625,316
S01008989,1031,811,220
S01008990,1170,850,320
S01008991,1220,1027,193
S01008992,440,330,110
S01008993,1264,867,397
S01008994,1043,740,303
S01008995,1122,954,168
S01008996,703,497,206
S01008997,1088,824,264
S01008998,1197,727,470
S01008999,970,703,267
S01009000,1117,979,138
S01009001,880,777,103
S01009002,921,532,389
S01009003,1034,844,190
S01009004,853,744,109
S01009005,1020,823,197
S01009006,1368,1086,282
S01009007,891,692,199
S01009008,916,728,188
S01009009,476,239,237
S01009010,1378,1160,218
S01009011,1194,1123,71
S01009012,875,807,68
S01009013,1036,927,109
S01009014,823,609,214
S01009015,637,462,175
S01009016,528,409,119
S01009017,703,479,224
S01009018,743,536,207
S01009019,884,667,217
S01009020,1023,692,331
S01009021,731,601,130
S01009022,873,683,190
S01009023,908,736,172
S01009024,1221,878,343
S01009025,918,757,161
S01009026,1108,932,176
S01009027,877,740,137
S01009028,618,547,71
S01009029,831,668,163
S01009030,1028,861,167
S01009031,761,602,159
S01009032,656,556,100
S01009033,895,782,113
S01009034,709,596,113
S01009035,927,782,145
S01009036,1074,793,281
S01009037,1025,779,246
S01009038,1081,776,305
S01009039,934,507,427
S01009040,766,442,324
S01009041,1071,646,425
S01009042,808,524,284
S01009043,1187,767,420
S01009044,992,640,352
S01009045,1081,700,381
S01009046,868,715,153
S01009047,802,675,127
S01009048,837,748,89
S01009049,780,658,122
S01009050,975,785,190
S01009051,1084,769,315
S01009052,914,717,197
S01009053,532,168,364
S01009054,700,456,244
S01009055,807,661,146
S01009056,554,263,291
S01009057,731,331,400
S01009058,1029,603,426
S01009059,881,690,191
S01009060,1179,953,226
S01009061,941,686,255
S01009062,849,562,287
S01009063,733,635,98
S01009064,691,492,199
S01009065,1681,1047,634
S01009066,693,426,267
S01009067,645,599,46
S01009068,895,612,283
S01009069,882,844,38
S01009070,927,801,126
S01009071,652,504,148
S01009072,1349,1168,181
S01009073,782,413,369
S01009074,959,497,462
S01009075,694,492,202
S01009076,1126,985,141
S01009077,949,734,215
S01009078,565,477,88
S01009079,1299,710,589
S01009080,1989,1300,689
S01009081,1487,1202,285
S01009082,1676,1207,469
S01009083,774,489,285
S01009084,4116,3515,601
S01009085,1321,1150,171
S01009086,1781,1448,333
S01009087,1637,1251,386
S01009088,1208,1025,183
S01009089,839,564,275
S01009090,462,351,111
S01009091,1830,1750,80
S01009092,1047,760,287
S01009093,1014,602,412
S01009094,878,804,74
S01009095,1224,867,357
S01009096,1054,813,241
S01009097,1759,1540,219
S01009098,509,469,40
S01009099,807,562,245
S01009100,1188,635,553
S01009101,1045,539,506
S01009102,1086,358,728
S01009103,656,564,92
S01009104,775,486,289
S01009105,796,591,205
S01009106,791,598,193
S01009107,1277,1004,273
S01009108,874,817,57
S01009109,956,909,47
S01009110,805,609,196
S01009111,1056,898,158
S01009112,560,532,28
S01009113,632,586,46
S01009114,902,748,154
S01009115,904,757,147
S01009116,788,661,127
S01009117,765,539,226
S01009118,632,587,45
S01009119,917,504,413
S01009120,737,530,207
S01009121,1083,766,317
S01009122,1414,1042,372
S01009123,400,266,134
S01009124,989,745,244
S01009125,893,622,271
S01009126,792,310,482
S01009127,718,265,453
S01009128,941,318,623
S01009129,621,241,380
S01009130,733,466,267
S01009131,790,392,398
S01009132,962,706,256
S01009133,742,423,319
S01009134,1006,732,274
S01009135,565,431,134
S01009136,1083,912,171
S01009137,1423,1279,144
S01009138,1001,773,228
S01009139,578,213,365
S01009140,700,374,326
S01009141,618,183,435
S01009142,828,408,420
S01009143,600,255,345
S01009144,1409,1040,369
S01009145,1831,1256,575
S01009146,1203,621,582
S01009147,1639,1020,619
S01009148,762,417,345
S01009149,867,617,250
S01009150,747,147,600
S01009151,890,522,368
S01009152,841,283,558
S01009153,762,462,300
S01009154,899,700,199
S01009155,691,573,118
S01009156,1411,1252,159
S01009157,921,735,186
S01009158,848,608,240
S01009159,659,205,454
S01009160,618,312,306
S01009161,884,359,525
S01009162,709,345,364
S01009163,525,384,141
S01009164,974,627,347
S01009165,720,308,412
S01009166,959,420,539
S01009167,750,369,381
S01009168,1080,929,151
S01009169,875,452,423
S01009170,677,389,288
S01009171,1846,1444,402
S01009172,1036,952,84
S01009173,1471,1337,134
S01009174,93,83,10
S01009175,1784,1661,123
S01009176,1448,1358,90
S01009177,817,472,345
S01009178,845,435,410
S01009179,855,569,286
S01009180,984,629,355
S01009181,1450,1054,396
S01009182,1171,999,172
S01009183,1028,974,54
S01009184,1211,612,599
S01009185,1132,598,534
S01009186,979,685,294
S01009187,1121,993,128
S01009188,1363,955,408
S01009189,1538,1104,434
S01009190,1060,949,111
S01009191,801,757,44
S01009192,862,762,100
S01009193,676,552,124
S01009194,900,835,65
S01009195,1011,898,113
S01009196,693,508,185
S01009197,2143,1928,215
S01009198,814,717,97
S01009199,858,749,109
S01009200,1352,1164,188
S01009201,679,482,197
S01009202,582,527,55
S01009203,633,287,346
S01009204,1106,633,473
S01009205,1142,1021,121
S01009206,1039,950,89
S01009207,875,835,40
S01009208,631,503,128
S01009209,1222,1073,149
S01009210,836,597,239
S01009211,749,472,277
S01009212,897,565,332
S01009213,836,494,342
S01009214,1199,960,239
S01009215,1096,677,419
S01009216,1086,692,394
S01009217,793,312,481
S01009218,1122,762,360
S01009219,736,468,268
S01009220,648,344,304
S01009221,634,416,218
S01009222,664,375,289
S01009223,556,367,189
S01009224,994,612,382
S01009225,749,509,240
S01009226,1201,672,529
S01009227,645,405,240
S01009228,772,381,391
S01009229,913,683,230
S01009230,882,701,181
S01009231,958,807,151
S01009232,684,222,462
S01009233,762,555,207
S01009234,1193,425,768
S01009235,921,474,447
S01009236,698,601,97
S01009237,725,659,66
S01009238,994,669,325
S01009239,866,462,404
S01009240,672,198,474
S01009241,895,411,484
S01009242,886,752,134
S01009243,1187,888,299
S01009244,809,747,62
S01009245,830,704,126
S01009246,1023,667,356
S01009247,1224,754,470
S01009248,688,566,122
S01009249,1108,595,513
S01009250,770,514,256
S01009251,553,394,159
S01009252,478,461,17
S01009253,733,403,330
S01009254,951,373,578
S01009255,769,341,428
S01009256,634,455,179
S01009257,640,407,233
S01009258,1546,1276,270
S01009259,1080,938,142
S01009260,2049,1532,517
S01009261,795,327,468
S01009262,849,392,457
S01009263,1218,905,313
S01009264,778,594,184
S01009265,791,544,247
S01009266,1098,812,286
S01009267,790,601,189
S01009268,1002,684,318
S01009269,1607,932,675
S01009270,735,433,302
S01009271,885,844,41
S01009272,896,476,420
S01009273,838,733,105
S01009274,826,685,141
S01009275,579,450,129
S01009276,1029,877,152
S01009277,756,706,50
S01009278,836,687,149
S01009279,1089,852,237
S01009280,898,344,554
S01009281,933,383,550
S01009282,1358,1042,316
S01009283,602,434,168
S01009284,822,770,52
S01009285,906,826,80
S01009286,975,897,78
S01009287,846,762,84
S01009288,969,745,224
S01009289,871,793,78
S01009290,646,636,10
S01009291,1185,1005,180
S01009292,511,319,192
S01009293,1000,848,152
S01009294,993,941,52
S01009295,710,673,37
S01009296,991,852,139
S01009297,1622,1470,152
S01009298,1238,648,590
S01009299,1110,773,337
S01009300,605,380,225
S01009301,1011,465,546
S01009302,903,349,554
S01009303,717,617,100
S01009304,1191,841,350
S01009305,994,718,276
S01009306,1314,796,518
S01009307,1263,802,461
S01009308,1120,553,567
S01009309,726,433,293
S01009310,891,791,100
S01009311,1009,539,470
S01009312,991,668,323
S01009313,666,362,304
S01009314,907,793,114
S01009315,673,442,231
S01009316,940,828,112
S01009317,910,841,69
S01009318,951,890,61
S01009319,981,909,72
S01009320,956,766,190
S01009321,1099,1025,74
S01009322,861,715,146
S01009323,1390,1184,206
S01009324,590,397,193
S01009325,975,898,77
S01009326,466,296,170
S01009327,646,498,148
S01009328,1256,1128,128
S01009330,130,50,80
S01009331,1321,1193,128
S01009332,802,754,48
S01009333,893,614,279
S01009334,636,325,311
S01009335,772,467,305
S01009336,655,250,405
S01009337,938,488,450
S01009338,1981,1456,525
S01009339,1139,469,670
S01009340,872,503,369
S01009341,939,563,376
S01009342,853,582,271
S01009343,574,462,112
S01009344,763,426,337
S01009345,1214,908,306
S01009346,6248,5283,965
S01009347,6415,5424,991
S01009348,6345,5347,998
S01009349,1037,941,96
S01009350,177,154,23
S01009351,97,64,33
S01009352,75,75,0
S01009353,6695,5697,998
S01009354,7285,6224,1061
S01009355,1021,939,82
S01009356,963,905,58
S01009357,678,566,112
S01009358,455,451,4
S01009359,1243,1114,129
S01009360,835,702,133
S01009361,856,726,130
S01009362,1176,1073,103
S01009363,952,670,282
S01009364,860,699,161
S01009365,825,653,172
S01009366,879,637,242
S01009367,749,462,287
S01009368,1028,724,304
S01009369,961,736,225
S01009370,828,628,200
S01009371,526,380,146
S01009372,642,429,213
S01009373,956,542,414
S01009374,986,645,341
S01009375,797,498,299
S01009376,867,577,290
S01009377,971,629,342
S01009378,1261,719,542
S01009379,981,726,255
S01009380,710,495,215
S01009381,724,524,200
S01009382,1379,723,656
S01009383,989,582,407
S01009384,560,474,86
S01009385,738,592,146
S01009386,1155,632,523
S01009387,949,606,343
S01009388,1232,380,852
S01009389,980,679,301
S01009390,777,739,38
S01009391,873,795,78
S01009392,578,521,57
S01009393,950,886,64
S01009394,891,649,242
S01009395,1040,983,57
S01009396,736,683,53
S01009397,703,627,76
S01009398,1157,968,189
S01009399,1004,883,121
S01009400,920,809,111
S01009401,953,866,87
S01009402,809,761,48
S01009403,751,651,100
S01009404,609,348,261
S01009405,749,586,163
S01009406,904,643,261
S01009407,502,391,111
S01009408,839,679,160
S01009409,782,549,233
S01009410,877,401,476
S01009411,1368,812,556
S01009412,848,482,366
S01009413,1267,900,367
S01009414,802,607,195
S01009415,1167,720,447
S01009416,610,540,70
S01009417,1474,1263,211
S01009418,1325,840,485
S01009419,2054,1608,446
S01009420,763,244,519
S01009421,722,341,381
S01009422,2191,1782,409
S01009423,1337,1164,173
S01009424,683,537,146
S01009425,840,605,235
S01009426,1029,404,625
S01009427,608,310,298
S01009428,621,334,287
S01009429,827,388,439
S01009430,737,387,350
S01009431,2056,1492,564
S01009432,1093,534,559
S01009433,824,376,448
S01009434,543,287,256
S01009435,998,391,607
S01009436,828,486,342
S01009437,936,584,352
S01009438,1144,575,569
S01009439,1132,560,572
S01009440,853,422,431
S01009441,938,311,627
S01009442,1303,991,312
S01009443,2788,2280,508
S01009444,893,801,92
S01009445,1068,749,319
S01009446,1577,922,655
S01009447,760,466,294
S01009448,716,524,192
S01009449,678,445,233
S01009450,671,248,423
S01009451,1270,598,672
S01009452,786,334,452
S01009453,1004,552,452
S01009454,1081,873,208
S01009455,1349,1132,217
S01009456,851,490,361
S01009457,745,573,172
S01009458,661,464,197
S01009459,1090,625,465
S01009460,854,261,593
S01009461,763,675,88
S01009462,1270,1057,213
S01009463,1047,829,218
S01009464,842,719,123
S01009465,1284,1088,196
S01009466,797,753,44
S01009467,841,736,105
S01009468,748,473,275
S01009469,791,638,153
S01009470,1643,1402,241
S01009471,659,206,453
S01009472,1197,581,616
S01009473,1041,311,730
S01009474,900,454,446
S01009475,276,231,45
S01009476,1340,1162,178
S01009477,984,681,303
S01009478,964,485,479
S01009479,994,593,401
S01009480,1155,921,234
S01009481,895,580,315
S01009482,584,347,237
S01009483,724,532,192
S01009484,1150,777,373
S01009485,786,448,338
S01009486,799,565,234
S01009487,1179,796,383
S01009488,971,758,213
S01009489,836,443,393
S01009490,853,348,505
S01009491,677,422,255
S01009492,881,546,335
S01009493,1951,1746,205
S01009494,1224,1029,195
S01009495,871,782,89
S01009496,785,500,285
S01009497,1116,867,249
S01009498,643,611,32
S01009499,796,586,210
S01009500,857,378,479
S01009501,760,418,342
S01009502,971,498,473
S01009503,976,611,365
S01009504,840,404,436
S01009505,951,335,616
S01009506,1110,469,641
S01009507,1122,675,447
S01009508,1197,484,713
S01009509,1088,561,527
S01009510,808,761,47
S01009511,906,848,58
S01009512,996,935,61
S01009513,913,823,90
S01009514,846,796,50
S01009515,833,465,368
S01009516,1103,777,326
S01009517,81,56,25
S01009518,2173,1876,297
S01009519,899,672,227
S01009520,2912,2470,442
S01009521,970,493,477
S01009522,1232,571,661
S01009523,749,355,394
S01009524,855,381,474
S01009525,532,285,247
S01009526,650,330,320
S01009527,850,487,363
S01009528,798,403,395
S01009529,1040,677,363
S01009530,874,794,80
S01009531,901,499,402
S01009532,975,418,557
S01009533,933,397,536
S01009534,856,207,649
S01009535,897,274,623
S01009536,548,303,245
S01009537,599,357,242
S01009538,944,418,526
S01009539,979,712,267
S01009540,969,505,464
S01009541,1202,815,387
S01009542,1072,492,580
S01009543,934,658,276
S01009544,1012,518,494
S01009545,1114,793,321
S01009546,728,408,320
S01009547,979,564,415
S01009548,1023,606,417
S01009549,1308,1060,248
S01009550,569,481,88
S01009551,675,485,190
S01009552,1739,1292,447
S01009553,1051,558,493
S01009554,818,402,416
S01009555,883,607,276
S01009556,918,507,411
S01009557,959,439,520
S01009558,673,319,354
S01009559,1220,691,529
S01009560,814,398,416
S01009561,634,327,307
S01009562,1093,785,308
S01009563,931,632,299
S01009564,681,525,156
S01009565,588,362,226
S01009566,1700,1351,349
S01009567,959,618,341
S01009568,882,634,248
S01009569,1019,709,310
S01009570,665,382,283
S01009571,769,319,450
S01009572,1030,471,559
S01009573,743,360,383
S01009574,1433,1026,407
S01009575,827,509,318
S01009576,1370,1224,146
S01009577,841,628,213
S01009578,1064,557,507
S01009579,284,169,115
S01009580,1161,1056,105
S01009581,756,554,202
S01009582,592,403,189
S01009583,812,510,302
S01009584,537,430,107
S01009585,1216,863,353
S01009586,1069,746,323
S01009587,907,671,236
S01009588,977,724,253
S01009589,1169,837,332
S01009590,888,840,48
S01009591,906,830,76
S01009592,1088,970,118
S01009593,690,591,99
S01009594,623,596,27
S01009595,823,668,155
S01009596,1014,614,400
S01009597,1117,419,698
S01009598,721,208,513
S01009599,1173,758,415
S01009600,996,450,546
S01009601,884,511,373
S01009602,770,712,58
S01009603,696,482,214
S01009604,689,441,248
S01009605,961,531,430
S01009606,780,682,98
S01009607,528,478,50
S01009608,606,419,187
S01009609,1082,865,217
S01009610,1054,758,296
S01009611,432,360,72
S01009612,597,421,176
S01009613,684,626,58
S01009614,645,510,135
S01009615,641,558,83
S01009616,1710,1376,334
S01009617,781,737,44
S01009618,953,554,399
S01009619,718,422,296
S01009620,934,467,467
S01009621,768,468,300
S01009622,836,282,554
S01009623,742,454,288
S01009624,876,523,353
S01009625,1672,1093,579
S01009626,838,342,496
S01009627,944,545,399
S01009628,597,306,291
S01009629,1666,1141,525
S01009630,811,350,461
S01009631,754,299,455
S01009632,667,240,427
S01009633,755,266,489
S01009634,714,328,386
S01009635,1209,742,467
S01009636,904,379,525
S01009637,921,548,373
S01009638,781,288,493
S01009639,949,840,109
S01009640,845,503,342
S01009641,859,482,377
S01009642,1012,684,328
S01009643,837,725,112
S01009644,562,318,244
S01009645,875,552,323
S01009646,726,510,216
S01009647,562,288,274
S01009648,1244,733,511
S01009649,1450,1007,443
S01009650,755,720,35
S01009651,913,666,247
S01009652,1063,912,151
S01009653,781,688,93
S01009654,583,452,131
S01009655,986,551,435
S01009656,811,373,438
S01009657,951,665,286
S01009658,1171,795,376
S01009659,607,394,213
S01009660,1052,608,444
S01009661,1754,1486,268
S01009662,885,689,196
S01009663,775,586,189
S01009664,1119,868,251
S01009665,1364,1089,275
S01009666,1170,893,277
S01009667,523,457,66
S01009668,586,513,73
S01009669,590,443,147
S01009670,777,590,187
S01009671,905,652,253
S01009672,1252,814,438
S01009673,864,644,220
S01009674,1140,906,234
S01009675,882,717,165
S01009676,1366,1013,353
S01009677,778,574,204
S01009678,591,446,145
S01009679,1146,687,459
S01009680,1254,832,422
S01009681,673,458,215
S01009682,856,647,209
S01009683,765,618,147
S01009684,1366,1095,271
S01009685,945,676,269
S01009686,1355,760,595
S01009687,1039,714,325
S01009688,1216,470,746
S01009689,605,312,293
S01009690,786,490,296
S01009691,760,646,114
S01009692,1208,1009,199
S01009693,900,789,111
S01009694,1157,980,177
S01009695,967,775,192
S01009696,1011,791,220
S01009697,798,642,156
S01009698,689,507,182
S01009699,562,400,162
S01009700,649,399,250
S01009701,745,553,192
S01009702,631,436,195
S01009703,834,563,271
S01009704,1068,847,221
S01009705,732,440,292
S01009706,804,481,323
S01009707,477,377,100
S01009708,716,554,162
S01009709,794,582,212
S01009710,660,490,170
S01009711,968,628,340
S01009712,663,487,176
S01009713,887,626,261
S01009714,915,722,193
S01009715,638,391,247
S01009716,1238,749,489
S01009717,1062,476,586
S01009718,908,407,501
S01009719,960,518,442
S01009720,872,421,451
S01009721,668,119,549
S01009722,831,217,614
S01009723,722,156,566
S01009724,1072,242,830
S01009725,1063,340,723
S01009726,557,140,417
S01009727,1530,1023,507
S01009728,727,624,103
S01009729,936,819,117
S01009730,1653,1119,534
S01009731,971,705,266
S01009732,1316,554,762
S01009733,687,571,116
S01009734,1356,1064,292
S01009735,823,664,159
S01009736,988,270,718
S01009737,782,277,505
S01009738,420,263,157
S01009739,761,310,451
S01009740,770,446,324
S01009741,583,73,510
S01009742,495,348,147
S01009743,1186,974,212
S01009744,829,713,116
S01009745,1168,976,192
S01009746,802,537,265
S01009747,989,698,291
S01009748,703,589,114
S01009749,954,787,167
S01009750,752,499,253
S01009751,1001,615,386
S01009752,886,708,178
S01009753,833,659,174
S01009754,1500,1125,375
S01009755,660,556,104
S01009756,879,748,131
S01009757,804,703,101
S01009758,967,770,197
S01009759,1176,145,1031
S01009760,1108,301,807
S01009761,2442,2160,282
S01009762,1053,203,850
S01009763,432,399,33
S01009764,1153,628,525
S01009765,1079,678,401
S01009766,836,720,116
S01009767,2205,1733,472
S01009768,786,401,385
S01009769,1373,938,435
S01009770,830,729,101
S01009771,888,815,73
S01009772,2167,1972,195
S01009773,161,146,15
S01009774,97,89,8
S01009775,797,281,516
S01009776,1117,222,895
S01009777,590,219,371
S01009778,1079,378,701
S01009779,743,145,598
S01009780,1331,425,906
S01009781,799,253,546
S01009782,1067,500,567
S01009783,741,272,469
S01009784,944,180,764
S01009785,1096,273,823
S01009786,1096,375,721
S01009787,867,339,528
S01009788,1200,791,409
S01009789,1145,699,446
S01009790,981,653,328
S01009791,772,304,468
S01009792,423,366,57
S01009793,943,805,138
S01009794,483,445,38
S01009795,990,913,77
S01009796,1777,1497,280
S01009797,928,844,84
S01009798,1025,822,203
S01009799,1453,480,973
S01009800,1233,637,596
S01009801,1255,540,715
S01009802,1022,542,480
S01009803,1132,547,585
S01009804,1524,1228,296
S01009805,956,471,485
S01009806,1128,717,411
S01009807,920,586,334
S01009808,1319,452,867
S01009809,1037,634,403
S01009810,977,382,595
S01009811,1249,676,573
S01009812,856,547,309
S01009813,1102,261,841
S01009814,1118,808,310
S01009815,998,717,281
S01009816,1097,844,253
S01009817,837,608,229
S01009818,926,867,59
S01009819,966,780,186
S01009820,958,712,246
S01009821,755,677,78
S01009822,802,592,210
S01009823,1020,556,464
S01009824,1132,669,463
S01009825,1252,747,505
S01009826,774,409,365
S01009827,854,470,384
S01009828,1264,594,670
S01009829,1137,689,448
S01009830,918,620,298
S01009831,1164,871,293
S01009832,1085,743,342
S01009833,594,451,143
S01009834,1187,593,594
S01009835,608,184,424
S01009836,951,725,226
S01009837,977,558,419
S01009838,757,366,391
S01009839,1062,185,877
S01009840,965,595,370
S01009841,1108,150,958
S01009842,951,314,637
S01009843,745,165,580
S01009844,704,43,661
S01009845,1286,141,1145
S01009846,983,307,676
S01009847,741,145,596
S01009848,866,456,410
S01009849,1005,555,450
S01009850,984,639,345
S01009851,1052,619,433
S01009852,599,414,185
S01009853,939,596,343
S01009854,982,514,468
S01009855,754,540,214
S01009856,635,458,177
S01009857,907,627,280
S01009858,987,687,300
S01009859,1109,305,804
S01009860,1085,222,863
S01009861,1387,301,1086
S01009862,1007,242,765
S01009863,963,339,624
S01009864,820,285,535
S01009865,548,291,257
S01009866,982,555,427
S01009867,1117,493,624
S01009868,1037,493,544
S01009869,846,391,455
S01009870,799,310,489
S01009871,984,416,568
S01009872,818,437,381
S01009873,913,632,281
S01009874,1044,597,447
S01009875,896,225,671
S01009876,1091,309,782
S01009877,876,703,173
S01009878,705,400,305
S01009879,1007,893,114
S01009880,1160,870,290
S01009881,921,476,445
S01009882,1439,493,946
S01009883,1226,586,640
S01009884,996,656,340
S01009885,870,632,238
S01009886,813,495,318
S01009887,1147,294,853
S01009888,809,380,429
S01009889,1117,546,571
S01009890,735,100,635
S01009891,733,294,439
S01009892,1144,218,926
S01009893,976,424,552
S01009894,991,224,767
S01009895,881,247,634
S01009896,1205,371,834
S01009897,1239,750,489
S01009898,961,382,579
S01009899,1020,614,406
S01009900,1161,742,419
S01009901,1054,641,413
S01009902,1105,641,464
S01009903,1030,731,299
S01009904,784,435,349
S01009905,749,351,398
S01009906,667,336,331
S01009907,1238,469,769
S01009908,1320,839,481
S01009909,871,482,389
S01009910,857,501,356
S01009911,1166,980,186
S01009912,984,830,154
S01009913,980,833,147
S01009914,978,872,106
S01009915,861,758,103
S01009916,1257,1120,137
S01009917,858,709,149
S01009918,889,801,88
S01009919,1194,492,702
S01009920,1051,664,387
S01009921,753,434,319
S01009922,1260,678,582
S01009923,955,611,344
S01009924,1099,547,552
S01009925,1170,592,578
S01009926,997,606,391
S01009927,614,427,187
S01009928,855,674,181
S01009929,562,441,121
S01009930,1034,615,419
S01009931,856,605,251
S01009932,1030,620,410
S01009933,1651,485,1166
S01009934,1446,1035,411
S01009935,714,239,475
S01009936,1105,602,503
S01009937,781,116,665
S01009938,1004,500,504
S01009939,1185,153,1032
S01009940,837,274,563
S01009941,1261,924,337
S01009942,1148,549,599
S01009943,1266,503,763
S01009944,1089,775,314
S01009945,1065,531,534
S01009946,984,641,343
S01009947,863,541,322
S01009948,1256,715,541
S01009949,963,666,297
S01009950,727,672,55
S01009951,858,760,98
S01009952,1080,926,154
S01009953,1319,1078,241
S01009954,721,604,117
S01009955,1088,894,194
S01009956,862,581,281
S01009957,1284,1108,176
S01009958,1162,1094,68
S01009959,913,789,124
S01009960,1337,1066,271
S01009961,674,527,147
S01009962,1062,619,443
S01009963,1135,1062,73
S01009964,1224,990,234
S01009965,923,846,77
S01009966,1164,1109,55
S01009967,984,866,118
S01009968,608,573,35
S01009969,1331,1048,283
S01009970,1064,223,841
S01009971,1548,671,877
S01009972,903,562,341
S01009973,829,430,399
S01009974,916,127,789
S01009975,908,126,782
S01009976,782,235,547
S01009977,1099,139,960
S01009978,1240,275,965
S01009979,945,169,776
S01009980,629,95,534
S01009981,984,177,807
S01009982,1030,496,534
S01009983,663,22,641
S01009984,1042,450,592
S01009985,611,69,542
S01009986,699,107,592
S01009987,880,317,563
S01009988,665,144,521
S01009989,1017,727,290
S01009990,970,707,263
S01009991,1042,813,229
S01009992,945,207,738
S01009993,826,637,189
S01009994,725,544,181
S01009995,653,490,163
S01009996,918,637,281
S01009997,648,501,147
S01009998,934,827,107
S01009999,886,801,85
S01010000,860,626,234
S01010001,798,564,234
S01010002,1343,1072,271
S01010003,969,857,112
S01010004,924,857,67
S01010005,962,468,494
S01010006,1261,710,551
S01010007,959,822,137
S01010008,765,410,355
S01010009,639,350,289
S01010010,1466,1316,150
S01010011,828,401,427
S01010012,1511,1360,151
S01010013,970,557,413
S01010014,1278,898,380
S01010015,1013,640,373
S01010016,723,503,220
S01010017,968,395,573
S01010018,1180,507,673
S01010019,1164,203,961
S01010020,993,605,388
S01010021,806,92,714
S01010022,1040,287,753
S01010023,1409,319,1090
S01010024,790,246,544
S01010025,877,144,733
S01010026,1780,459,1321
S01010027,1747,743,1004
S01010028,763,182,581
S01010029,535,223,312
S01010030,950,401,549
S01010031,975,359,616
S01010032,1228,302,926
S01010033,1099,227,872
S01010034,1021,347,674
S01010035,736,120,616
S01010036,1502,388,1114
S01010037,1022,329,693
S01010038,1382,418,964
S01010039,1014,321,693
S01010040,891,403,488
S01010041,935,288,647
S01010042,1432,478,954
S01010043,989,318,671
S01010044,1413,519,894
S01010045,824,170,654
S01010046,1130,318,812
S01010047,1083,194,889
S01010048,1352,326,1026
S01010049,1057,109,948
S01010050,979,113,866
S01010051,804,145,659
S01010052,627,148,479
S01010053,859,190,669
S01010054,764,57,707
S01010055,1164,450,714
S01010056,599,69,530
S01010057,553,175,378
S01010058,996,308,688
S01010059,744,292,452
S01010060,979,349,630
S01010061,822,537,285
S01010062,807,331,476
S01010063,1073,341,732
S01010064,765,387,378
S01010065,839,348,491
S01010066,753,263,490
S01010067,1066,325,741
S01010068,742,238,504
S01010069,1005,907,98
S01010070,665,619,46
S01010071,912,640,272
S01010072,1097,874,223
S01010073,1023,887,136
S01010074,1062,896,166
S01010075,781,510,271
S01010076,859,602,257
S01010077,719,376,343
S01010078,692,595,97
S01010079,923,862,61
S01010080,803,764,39
S01010081,1104,1028,76
S01010082,854,686,168
S01010083,1035,746,289
S01010084,1110,705,405
S01010085,1093,956,137
S01010086,1027,577,450
S01010087,573,545,28
S01010088,1545,1351,194
S01010089,1041,679,362
S01010090,1136,880,256
S01010091,1809,1387,422
S01010092,1119,556,563
S01010093,951,777,174
S01010094,1191,1083,108
S01010095,1218,1170,48
S01010096,927,868,59
S01010097,731,616,115
S01010098,727,706,21
S01010099,948,902,46
S01010100,886,795,91
S01010101,1055,879,176
S01010102,742,702,40
S01010103,888,845,43
S01010104,1039,964,75
S01010105,725,210,515
S01010106,629,305,324
S01010107,1016,439,577
S01010108,733,469,264
S01010109,2222,1547,675
S01010110,1066,203,863
S01010111,1163,162,1001
S01010112,1139,143,996
S01010113,551,143,408
S01010114,873,67,806
S01010115,632,484,148
S01010116,1428,898,530
S01010117,1442,1204,238
S01010118,850,60,790
S01010119,543,81,462
S01010120,1045,130,915
S01010121,802,59,743
S01010122,508,43,465
S01010123,733,100,633
S01010124,723,517,206
S01010125,932,273,659
S01010126,657,474,183
S01010127,694,261,433
S01010128,758,85,673
S01010129,1039,127,912
S01010130,978,341,637
S01010131,1078,912,166
S01010132,1142,418,724
S01010133,912,344,568
S01010134,1244,663,581
S01010135,1166,620,546
S01010136,1076,781,295
S01010137,1231,744,487
S01010138,994,243,751
S01010139,1229,668,561
S01010140,989,586,403
S01010141,1065,290,775
S01010142,644,308,336
S01010143,829,429,400
S01010144,700,235,465
S01010145,778,376,402
S01010146,1267,370,897
S01010147,1136,237,899
S01010148,1320,554,766
S01010149,680,394,286
S01010150,818,315,503
S01010151,940,382,558
S01010152,954,630,324
S01010153,1010,580,430
S01010154,911,541,370
S01010155,777,457,320
S01010156,1060,442,618
S01010157,981,299,682
S01010158,913,550,363
S01010159,723,423,300
S01010160,822,76,746
S01010161,893,467,426
S01010162,1002,132,870
S01010163,1295,401,894
S01010164,838,388,450
S01010165,627,156,471
S01010166,1498,869,629
S01010167,911,368,543
S01010168,616,278,338
S01010169,842,314,528
S01010170,858,409,449
S01010171,1613,561,1052
S01010172,769,331,438
S01010173,1108,733,375
S01010174,716,569,147
S01010175,480,293,187
S01010176,977,540,437
S01010177,776,139,637
S01010178,1103,172,931
S01010179,1655,731,924
S01010180,923,418,505
S01010181,1057,472,585
S01010182,1107,938,169
S01010183,1495,1037,458
S01010184,624,228,396
S01010185,733,277,456
S01010186,647,583,64
S01010187,789,640,149
S01010188,1876,1560,316
S01010189,976,910,66
S01010190,203,168,35
S01010191,736,657,79
S01010192,1050,961,89
S01010193,838,718,120
S01010194,689,473,216
S01010195,962,668,294
S01010196,771,337,434
S01010197,757,287,470
S01010198,1053,542,511
S01010199,693,189,504
S01010200,690,460,230
S01010201,928,725,203
S01010202,783,54,729
S01010203,729,561,168
S01010204,1190,444,746
S01010205,658,309,349
S01010206,497,18,479
S01010207,859,122,737
S01010208,1049,485,564
S01010209,952,429,523
S01010210,1076,689,387
S01010211,916,300,616
S01010212,1209,271,938
S01010213,1112,541,571
S01010214,967,760,207
S01010215,1049,184,865
S01010216,1039,115,924
S01010217,959,247,712
S01010218,1282,359,923
S01010219,750,59,691
S01010220,573,291,282
S01010221,574,47,527
S01010222,713,255,458
S01010223,651,192,459
S01010224,1253,133,1120
S01010225,931,415,516
S01010226,792,77,715
S01010227,921,83,838
S01010228,642,210,432
S01010229,1087,388,699
S01010230,1431,106,1325
S01010231,1013,37,976
S01010232,880,188,692
S01010233,1567,200,1367
S01010234,1069,523,546
S01010235,782,318,464
S01010236,725,430,295
S01010237,1007,564,443
S01010238,1051,502,549
S01010239,1026,316,710
S01010240,1111,444,667
S01010241,980,423,557
S01010242,1180,254,926
S01010243,1392,212,1180
S01010244,1006,175,831
S01010245,1122,85,1037
S01010246,1162,111,1051
S01010247,952,646,306
S01010248,959,558,401
S01010249,976,477,499
S01010250,1114,455,659
S01010251,780,252,528
S01010252,742,370,372
S01010253,759,201,558
S01010254,1159,410,749
S01010255,1136,144,992
S01010256,1070,178,892
S01010257,1165,194,971
S01010258,1535,346,1189
S01010259,1176,202,974
S01010260,821,305,516
S01010261,1326,221,1105
S01010262,1220,287,933
S01010263,752,245,507
S01010264,1226,396,830
S01010265,1118,416,702
S01010266,797,273,524
S01010267,869,144,725
S01010268,862,312,550
S01010269,941,262,679
S01010270,1418,287,1131
S01010271,884,241,643
S01010272,1280,276,1004
S01010273,1103,273,830
S01010274,653,201,452
S01010275,1399,394,1005
S01010276,993,382,611
S01010277,610,87,523
S01010278,1357,250,1107
S01010279,835,207,628
S01010280,877,250,627
S01010281,779,250,529
S01010282,1246,337,909
S01010283,874,292,582
S01010284,1302,437,865
S01010285,1151,339,812
S01010286,1593,521,1072
S01010287,1105,374,731
S01010288,1194,430,764
S01010289,717,483,234
S01010290,857,237,620
S01010291,1077,265,812
S01010292,1197,512,685
S01010293,926,246,680
S01010294,1025,368,657
S01010295,974,353,621
S01010296,894,323,571
S01010297,964,311,653
S01010298,929,246,683
S01010299,608,154,454
S01010300,1428,402,1026
S01010301,516,180,336
S01010302,835,193,642
S01010303,683,83,600
S01010304,714,214,500
S01010305,1145,363,782
S01010306,828,283,545
S01010307,892,443,449
S01010308,959,434,525
S01010309,597,188,409
S01010310,864,163,701
S01010311,1074,136,938
S01010312,1010,49,961
S01010313,1202,147,1055
S01010314,1148,235,913
S01010315,1078,500,578
S01010316,1030,328,702
S01010317,1350,679,671
S01010318,670,121,549
S01010319,1045,388,657
S01010320,778,238,540
S01010321,1030,360,670
S01010322,1374,795,579
S01010323,734,28,706
S01010324,940,400,540
S01010325,1018,448,570
S01010326,1409,410,999
S01010327,1235,586,649
S01010328,1137,673,464
S01010329,492,221,271
S01010330,718,217,501
S01010331,1283,600,683
S01010332,1039,502,537
S01010333,962,475,487
S01010334,1276,658,618
S01010335,1110,586,524
S01010336,1212,520,692
S01010337,852,397,455
S01010338,884,285,599
S01010339,936,466,470
S01010340,853,322,531
S01010341,812,612,200
S01010342,829,704,125
S01010343,1427,1311,116
S01010344,929,306,623
S01010345,652,565,87
S01010346,1095,908,187
S01010347,919,279,640
S01010348,1076,625,451
S01010349,1137,655,482
S01010350,1362,352,1010
S01010351,1038,460,578
S01010352,803,468,335
S01010353,1070,150,920
S01010354,733,252,481
S01010355,1203,397,806
S01010356,724,376,348
S01010357,670,183,487
S01010358,902,329,573
S01010359,1095,176,919
S01010360,567,142,425
S01010361,535,39,496
S01010362,970,304,666
S01010363,758,517,241
S01010364,1181,1098,83
S01010365,1165,941,224
S01010366,1401,1081,320
S01010367,1125,893,232
S01010368,823,669,154
S01010369,825,383,442
S01010370,725,445,280
S01010371,1210,704,506
S01010372,922,660,262
S01010373,761,439,322
S01010374,1015,582,433
S01010375,895,411,484
S01010376,1019,338,681
S01010377,974,371,603
S01010378,954,314,640
S01010379,1415,514,901
S01010380,1109,577,532
S01010381,1104,348,756
S01010382,958,397,561
S01010383,864,174,690
S01010384,1379,525,854
S01010385,979,322,657
S01010386,1231,371,860
S01010387,1731,526,1205
S01010388,1095,326,769
S01010389,1777,630,1147
S01010390,1303,545,758
S01010391,2917,1168,1749
S01010392,2000,690,1310
S01010393,1575,817,758
S01010394,936,310,626
S01010395,1144,581,563
S01010396,1033,334,699
S01010397,899,459,440
S01010398,1052,631,421
S01010399,1668,917,751
S01010400,1101,813,288
S01010401,825,453,372
S01010402,1173,791,382
S01010403,1112,823,289
S01010404,1219,893,326
S01010405,996,739,257
S01010406,954,559,395
S01010407,1256,570,686
S01010408,695,502,193
S01010409,1350,1175,175
S01010410,595,529,66
S01010411,1539,1404,135
S01010412,880,535,345
S01010413,949,806,143
S01010414,1231,969,262
S01010415,1158,513,645
S01010416,828,660,168
S01010417,580,463,117
S01010418,1207,756,451
S01010419,1591,1267,324
S01010420,1199,1112,87
S01010421,882,791,91
S01010422,1174,915,259
S01010423,1037,342,695
S01010424,1026,432,594
S01010425,1032,244,788
S01010426,1098,405,693
S01010427,1343,443,900
S01010428,1597,1273,324
S01010429,967,862,105
S01010430,1040,320,720
S01010431,1020,862,158
S01010432,880,242,638
S01010433,905,113,792
S01010434,819,191,628
S01010435,689,416,273
S01010436,778,178,600
S01010437,557,310,247
S01010438,1058,409,649
S01010439,1358,498,860
S01010440,1049,608,441
S01010441,899,532,367
S01010442,849,231,618
S01010443,765,506,259
S01010444,685,439,246
S01010445,929,485,444
S01010446,838,659,179
S01010447,1126,509,617
S01010448,1057,826,231
S01010449,952,608,344
S01010450,889,534,355
S01010451,1063,513,550
S01010452,919,603,316
S01010453,1141,372,769
S01010454,1108,820,288
S01010455,942,243,699
S01010456,633,376,257
S01010457,1044,519,525
S01010458,843,498,345
S01010459,752,538,214
S01010460,810,634,176
S01010461,1026,596,430
S01010462,1088,93,995
S01010463,796,597,199
S01010464,653,474,179
S01010465,999,789,210
S01010466,1402,909,493
S01010467,935,706,229
S01010468,1163,896,267
S01010469,826,370,456
S01010470,835,541,294
S01010471,922,498,424
S01010472,1328,975,353
S01010473,1044,614,430
S01010474,1099,552,547
S01010475,1233,863,370
S01010476,1015,687,328
S01010477,951,690,261
S01010478,1411,724,687
S01010479,1022,597,425
S01010480,838,641,197
S01010481,880,292,588
S01010482,998,686,312
S01010483,1110,707,403
S01010484,987,621,366
S01010485,1072,793,279
S01010486,1210,1127,83
S01010487,1123,833,290
S01010488,1366,479,887
S01010489,1351,473,878
S01010490,893,170,723
S01010491,1049,105,944
S01010492,808,38,770
S01010493,1200,124,1076
S01010494,698,337,361
S01010495,1184,142,1042
S01010496,1597,225,1372
S01010497,1063,305,758
S01010498,1333,213,1120
S01010499,1272,341,931
S01010500,1258,343,915
S01010501,910,300,610
S01010502,756,440,316
S01010503,838,156,682
S01010504,531,350,181
S01010505,655,456,199
S01010506,880,646,234
S01010507,1080,705,375
S01010508,1120,701,419
S01010509,1159,825,334
S01010510,1600,1171,429
S01010511,1213,594,619
S01010512,908,655,253
S01010513,887,731,156
S01010514,918,556,362
S01010515,905,571,334
S01010516,557,365,192
S01010517,1119,615,504
S01010518,922,571,351
S01010519,931,506,425
S01010520,1168,860,308
S01010521,1002,604,398
S01010522,776,385,391
S01010523,1053,341,712
S01010524,570,423,147
S01010525,754,583,171
S01010526,890,601,289
S01010527,1271,770,501
S01010528,787,546,241
S01010529,1063,813,250
S01010530,733,526,207
S01010531,1067,792,275
S01010532,816,555,261
S01010533,882,654,228
S01010534,1112,700,412
S01010535,699,441,258
S01010536,1157,722,435
S01010537,1216,701,515
S01010538,1123,547,576
S01010539,934,575,359
S01010540,626,466,160
S01010541,819,587,232
S01010542,1044,723,321
S01010543,600,437,163
S01010544,1265,848,417
S01010545,727,523,204
S01010546,931,644,287
S01010547,754,523,231
S01010548,581,419,162
S01010549,1279,993,286
S01010550,690,499,191
S01010551,831,615,216
S01010552,1005,662,343
S01010553,621,381,240
S01010554,776,510,266
S01010555,1032,641,391
S01010556,1088,571,517
S01010557,736,499,237
S01010558,608,404,204
S01010559,728,617,111
S01010560,663,582,81
S01010561,934,782,152
S01010562,1007,843,164
S01010563,800,456,344
S01010564,806,474,332
S01010565,961,699,262
S01010566,1088,747,341
S01010567,1150,1056,94
S01010568,1403,1012,391
S01010569,834,592,242
S01010570,1447,861,586
S01010571,917,749,168
S01010572,1004,614,390
S01010573,641,446,195
S01010574,609,559,50
S01010575,870,730,140
S01010576,822,754,68
S01010577,901,476,425
S01010578,576,426,150
S01010579,736,669,67
S01010580,513,259,254
S01010581,843,655,188
S01010582,641,555,86
S01010583,986,844,142
S01010584,2141,1613,528
S01010585,2051,1572,479
S01010586,632,598,34
S01010587,827,735,92
S01010588,836,689,147
S01010589,2391,1565,826
S01010590,1794,1459,335
S01010591,626,444,182
S01010592,366,261,105
S01010593,2422,1784,638
S01010594,1846,1253,593
S01010595,1844,1257,587
S01010596,3420,2574,846
S01010597,2421,1839,582
S01010598,2542,1935,607
S01010599,819,637,182
S01010600,1692,1489,203
S01010601,742,602,140
S01010602,652,558,94
S01010603,809,692,117
S01010604,845,771,74
S01010605,1368,1164,204
S01010606,1054,635,419
S01010607,1064,908,156
S01010608,781,359,422
S01010609,570,328,242
S01010610,730,623,107
S01010611,1197,832,365
S01010612,781,603,178
S01010613,820,493,327
S01010614,706,355,351
S01010615,1026,657,369
S01010616,964,841,123
S01010617,1005,895,110
S01010618,1010,879,131
S01010619,1272,569,703
S01010620,727,167,560
S01010621,1081,710,371
S01010622,648,294,354
S01010623,1063,278,785
S01010624,635,383,252
S01010625,761,674,87
S01010626,903,763,140
S01010627,959,643,316
S01010628,1079,723,356
S01010629,1136,808,328
S01010630,661,346,315
S01010631,898,527,371
S01010632,956,562,394
S01010633,1035,476,559
S01010634,665,383,282
S01010635,803,437,366
S01010636,978,689,289
S01010637,831,384,447
S01010638,944,599,345
S01010639,1313,582,731
S01010640,874,425,449
S01010641,1350,445,905
S01010642,1035,353,682
S01010643,844,196,648
S01010644,872,158,714
S01010645,767,615,152
S01010646,807,683,124
S01010647,616,531,85
S01010648,981,692,289
S01010649,748,604,144
S01010650,655,447,208
S01010651,665,431,234
S01010652,807,636,171
S01010653,742,611,131
S01010654,763,548,215
S01010655,1012,764,248
S01010656,705,540,165
S01010657,915,768,147
S01010658,1060,858,202
S01010659,792,652,140
S01010660,915,666,249
S01010661,765,513,252
S01010662,922,761,161
S01010663,1508,1229,279
S01010664,783,694,89
S01010665,1053,782,271
S01010666,1399,1038,361
S01010667,796,640,156
S01010668,1294,904,390
S01010669,602,457,145
S01010670,931,719,212
S01010671,858,676,182
S01010672,1353,869,484
S01010673,1075,722,353
S01010674,1162,798,364
S01010675,947,747,200
S01010676,1134,776,358
S01010677,499,408,91
S01010678,1041,793,248
S01010679,1542,1049,493
S01010680,776,457,319
S01010681,1316,788,528
S01010682,1301,1110,191
S01010683,956,774,182
S01010684,1039,808,231
S01010685,758,627,131
S01010686,690,515,175
S01010687,1036,813,223
S01010688,822,588,234
S01010689,1002,725,277
S01010690,906,613,293
S01010691,980,733,247
S01010692,711,464,247
S01010693,383,304,79
S01010694,775,602,173
S01010695,707,577,130
S01010696,1146,910,236
S01010697,1072,828,244
S01010698,757,467,290
S01010699,605,438,167
S01010700,611,500,111
S01010701,1314,907,407
S01010702,1035,910,125
S01010703,899,709,190
S01010704,1286,853,433
S01010705,1287,988,299
S01010706,859,551,308
S01010707,738,602,136
S01010708,1054,864,190
S01010709,904,771,133
S01010710,969,568,401
S01010711,778,689,89
S01010712,846,505,341
S01010713,1024,619,405
S01010714,839,410,429
S01010715,808,514,294
S01010716,922,551,371
S01010717,1009,890,119
S01010718,1078,800,278
S01010719,869,695,174
S01010720,875,712,163
S01010721,825,687,138
S01010722,1208,863,345
S01010723,1105,900,205
S01010724,887,636,251
S01010725,822,708,114
S01010726,1091,909,182
S01010727,765,655,110
S01010728,1016,877,139
S01010729,924,792,132
S01010730,845,729,116
S01010731,891,598,293
S01010732,840,425,415
S01010733,975,459,516
S01010734,1008,421,587
S01010735,1051,506,545
S01010736,500,450,50
S01010737,1012,673,339
S01010738,1127,741,386
S01010739,870,533,337
S01010740,700,219,481
S01010741,658,475,183
S01010742,886,578,308
S01010743,971,393,578
S01010744,1119,827,292
S01010745,702,430,272
S01010746,1016,726,290
S01010747,1128,741,387
S01010748,631,472,159
S01010749,736,559,177
S01010750,624,485,139
S01010751,999,501,498
S01010752,1061,560,501
S01010753,1318,852,466
S01010754,1019,632,387
S01010755,843,511,332
S01010756,833,691,142
S01010757,859,610,249
S01010758,677,513,164
S01010759,682,447,235
S01010760,774,548,226
S01010761,527,393,134
S01010762,598,461,137
S01010763,935,647,288
S01010764,576,436,140
S01010765,1220,828,392
S01010766,779,529,250
S01010767,706,412,294
S01010768,737,505,232
S01010769,483,388,95
S01010770,862,555,307
S01010771,960,617,343
S01010772,737,542,195
S01010773,785,653,132
S01010774,1328,1003,325
S01010775,643,567,76
S01010776,829,503,326
S01010777,494,268,226
S01010778,649,269,380
S01010779,992,572,420
S01010780,640,501,139
S01010781,963,784,179
S01010782,590,395,195
S01010783,897,523,374
S01010784,1122,668,454
S01010785,793,661,132
S01010786,654,563,91
S01010787,913,690,223
S01010788,622,477,145
S01010789,888,699,189
S01010790,821,693,128
S01010791,991,848,143
S01010792,1152,801,351
S01010793,649,541,108
S01010794,550,420,130
S01010795,1311,1071,240
S01010796,1441,1213,228
S01010797,762,643,119
S01010798,667,556,111
S01010799,994,642,352
S01010800,797,477,320
S01010801,794,534,260
S01010802,626,419,207
S01010803,589,282,307
S01010804,778,548,230
S01010805,1276,900,376
S01010806,916,466,450
S01010807,570,353,217
S01010808,553,363,190
S01010809,960,784,176
S01010810,480,363,117
S01010811,916,605,311
S01010812,515,381,134
S01010813,905,683,222
S01010814,728,528,200
S01010815,571,343,228
S01010816,830,684,146
S01010817,1192,1037,155
S01010818,1454,1205,249
S01010819,1044,853,191
S01010820,1322,1027,295
S01010821,866,748,118
S01010822,663,546,117
S01010823,625,439,186
S01010824,1224,1117,107
S01010825,1577,1336,241
S01010826,755,640,115
S01010827,697,624,73
S01010828,1239,1178,61
S01010829,1121,907,214
S01010830,556,463,93
S01010831,598,563,35
S01010832,730,631,99
S01010833,1159,1119,40
S01010834,1629,1546,83
S01010835,736,715,21
S01010836,893,770,123
S01010837,838,740,98
S01010838,1187,961,226
S01010839,908,760,148
S01010840,572,455,117
S01010841,1103,784,319
S01010842,960,469,491
S01010843,756,396,360
S01010844,838,772,66
S01010845,619,544,75
S01010846,910,708,202
S01010847,798,715,83
S01010848,924,474,450
S01010849,951,499,452
S01010850,934,468,466
S01010851,935,492,443
S01010852,839,664,175
S01010853,999,771,228
S01010854,923,441,482
S01010855,560,372,188
S01010856,869,539,330
S01010857,941,693,248
S01010858,1138,724,414
S01010859,842,554,288
S01010860,885,596,289
S01010861,769,392,377
S01010862,651,180,471
S01010863,830,705,125
S01010864,622,581,41
S01010865,699,630,69
S01010866,789,681,108
S01010867,708,596,112
S01010868,702,605,97
S01010869,1144,1044,100
S01010870,996,705,291
S01010871,853,628,225
S01010872,830,557,273
S01010873,739,245,494
S01010874,928,793,135
S01010875,658,427,231
S01010876,740,286,454
S01010877,1421,795,626
S01010878,1114,753,361
S01010879,1103,871,232
S01010880,669,348,321
S01010881,803,691,112
S01010882,992,815,177
S01010883,1002,808,194
S01010884,1153,429,724
S01010885,1337,464,873
S01010886,615,266,349
S01010887,765,305,460
S01010888,1188,593,595
S01010889,825,279,546
S01010890,847,380,467
S01010891,750,310,440
S01010892,900,390,510
S01010893,930,376,554
S01010894,713,321,392
S01010895,495,236,259
S01010896,984,418,566
S01010897,945,249,696
S01010898,1304,848,456
S01010899,714,555,159
S01010900,930,543,387
S01010901,465,141,324
S01010902,957,625,332
S01010903,891,241,650
S01010904,528,230,298
S01010905,951,415,536
S01010906,956,487,469
S01010907,606,540,66
S01010908,1136,861,275
S01010909,1103,947,156
S01010910,802,383,419
S01010911,875,344,531
S01010912,773,281,492
S01010913,642,506,136
S01010914,1095,944,151
S01010915,982,801,181
S01010916,733,343,390
S01010917,843,510,333
S01010918,1280,895,385
S01010919,882,547,335
S01010920,733,207,526
S01010921,733,400,333
S01010922,944,443,501
S01010923,1145,707,438
S01010924,678,476,202
S01010925,858,436,422
S01010926,989,608,381
S01010927,970,539,431
S01010928,806,389,417
S01010929,918,461,457
S01010930,887,696,191
S01010931,428,216,212
S01010932,1484,948,536
S01010933,851,712,139
S01010934,1106,942,164
S01010935,851,676,175
S01010936,675,425,250
S01010937,728,590,138
S01010938,951,426,525
S01010939,775,669,106
S01010940,683,666,17
S01010941,1249,1149,100
S01010942,646,628,18
S01010943,832,466,366
S01010944,800,375,425
S01010945,540,366,174
S01010946,1020,606,414
S01010947,791,415,376
S01010948,673,434,239
S01010949,1478,1015,463
S01010950,846,593,253
S01010951,724,545,179
S01010952,779,583,196
S01010953,737,604,133
S01010954,1171,686,485
S01010955,1145,537,608
S01010956,970,663,307
S01010957,581,535,46
S01010958,625,489,136
S01010959,882,628,254
S01010960,1471,943,528
S01010961,1424,914,510
S01010962,649,597,52
S01010963,1038,853,185
S01010964,523,433,90
S01010965,1006,511,495
S01010966,976,642,334
S01010967,920,533,387
S01010968,911,710,201
S01010969,663,577,86
S01010970,1407,991,416
S01010971,1632,1262,370
S01010972,939,405,534
S01010973,627,513,114
S01010974,1133,614,519
S01010975,662,309,353
S01010976,2141,1607,534
S01010977,721,520,201
S01010978,949,459,490
S01010979,900,519,381
S01010980,821,535,286
S01010981,739,441,298
S01010982,1168,980,188
S01010983,1132,865,267
S01010984,1092,928,164
S01010985,865,588,277
S01010986,750,726,24
S01010987,445,422,23
S01010988,627,605,22
S01010989,1514,1378,136
S01010990,798,553,245
S01010991,1936,1697,239
S01010992,1803,1550,253
S01010993,733,612,121
S01010994,2655,2377,278
S01010995,851,766,85
S01010996,849,759,90
S01010997,1056,932,124
S01010998,2324,2119,205
S01010999,886,702,184
S01011000,1007,719,288
S01011001,643,433,210
S01011002,707,406,301
S01011003,813,471,342
S01011004,809,631,178
S01011005,795,466,329
S01011006,1002,682,320
S01011007,883,437,446
S01011008,881,518,363
S01011009,627,331,296
S01011010,934,535,399
S01011011,753,260,493
S01011012,1218,386,832
S01011013,878,498,380
S01011014,811,581,230
S01011015,565,345,220
S01011016,1188,944,244
S01011017,1668,1306,362
S01011018,1451,839,612
S01011019,1253,699,554
S01011020,471,395,76
S01011021,882,518,364
S01011022,705,382,323
S01011023,1043,578,465
S01011024,1223,526,697
S01011025,680,264,416
S01011026,540,231,309
S01011027,1160,434,726
S01011028,1175,537,638
S01011029,735,441,294
S01011030,969,807,162
S01011031,1190,574,616
S01011032,892,515,377
S01011033,794,527,267
S01011034,844,464,380
S01011035,662,306,356
S01011036,1019,550,469
S01011037,1079,470,609
S01011038,1053,364,689
S01011039,907,529,378
S01011040,1407,673,734
S01011041,855,276,579
S01011042,813,652,161
S01011043,1270,738,532
S01011044,1150,625,525
S01011045,935,525,410
S01011046,854,568,286
S01011047,1077,803,274
S01011048,1267,889,378
S01011049,816,561,255
S01011050,1003,739,264
S01011051,1077,754,323
S01011052,1174,880,294
S01011053,738,439,299
S01011054,672,508,164
S01011055,566,340,226
S01011056,699,598,101
S01011057,728,580,148
S01011058,638,543,95
S01011059,778,584,194
S01011060,1148,906,242
S01011061,1075,625,450
S01011062,1403,998,405
S01011063,1132,679,453
S01011064,1295,987,308
S01011065,911,611,300
S01011066,606,439,167
S01011067,1138,783,355
S01011068,824,588,236
S01011069,715,515,200
S01011070,895,709,186
S01011071,946,801,145
S01011072,1099,837,262
S01011073,682,603,79
S01011074,607,474,133
S01011075,862,496,366
S01011076,1135,772,363
S01011077,1016,491,525
S01011078,1309,1091,218
S01011079,1297,1076,221
S01011080,1111,839,272
S01011081,824,576,248
S01011082,690,383,307
S01011083,1144,892,252
S01011084,876,733,143
S01011085,888,721,167
S01011086,641,509,132
S01011087,880,683,197
S01011088,1174,849,325
S01011089,943,562,381
S01011090,715,566,149
S01011091,698,511,187
S01011092,2474,1359,1115
S01011093,3120,2056,1064
S01011094,716,555,161
S01011095,1059,808,251
S01011096,921,668,253
S01011097,715,529,186
S01011098,1124,846,278
S01011099,819,349,470
S01011100,570,454,116
S01011101,790,370,420
S01011102,731,289,442
S01011103,764,318,446
S01011104,583,394,189
S01011105,796,443,353
S01011106,988,229,759
S01011107,2433,1434,999
S01011108,668,433,235
S01011109,807,640,167
S01011110,947,588,359
S01011111,1093,604,489
S01011112,142,132,10
S01011113,1004,749,255
S01011114,1137,958,179
S01011115,902,513,389
S01011116,876,673,203
S01011117,854,670,184
S01011118,1005,778,227
S01011119,928,741,187
S01011120,1152,1009,143
S01011121,622,301,321
S01011122,787,530,257
S01011123,1121,773,348
S01011124,661,433,228
S01011125,452,194,258
S01011126,763,328,435
S01011127,536,42,494
S01011128,998,618,380
S01011129,890,582,308
S01011130,766,482,284
S01011131,739,539,200
S01011132,898,770,128
S01011133,527,356,171
S01011134,823,558,265
S01011135,1000,683,317
S01011136,644,450,194
S01011137,903,449,454
S01011138,635,245,390
S01011139,764,380,384
S01011140,537,328,209
S01011141,1121,648,473
S01011142,925,689,236
S01011143,1185,1014,171
S01011144,914,707,207
S01011145,1079,805,274
S01011146,1051,724,327
S01011147,1176,935,241
S01011148,763,478,285
S01011149,621,259,362
S01011150,752,320,432
S01011151,749,352,397
S01011152,885,548,337
S01011153,985,603,382
S01011154,622,344,278
S01011155,814,515,299
S01011156,760,671,89
S01011157,575,524,51
S01011158,595,499,96
S01011159,614,319,295
S01011160,909,564,345
S01011161,636,355,281
S01011162,885,504,381
S01011163,960,553,407
S01011164,798,517,281
S01011165,865,418,447
S01011166,603,470,133
S01011167,979,812,167
S01011168,845,493,352
S01011169,1267,857,410
S01011170,910,619,291
S01011171,978,788,190
S01011172,721,557,164
S01011173,784,636,148
S01011174,719,538,181
S01011175,778,529,249
S01011176,656,525,131
S01011177,1023,696,327
S01011178,595,393,202
S01011179,705,417,288
S01011180,853,441,412
S01011181,1525,1243,282
S01011182,508,436,72
S01011183,757,550,207
S01011184,820,803,17
S01011185,790,704,86
S01011186,1127,756,371
S01011187,803,703,100
S01011188,1108,799,309
S01011189,1043,744,299
S01011190,1046,661,385
S01011191,750,488,262
S01011192,865,542,323
S01011193,942,486,456
S01011194,727,328,399
S01011195,945,494,451
S01011196,1050,484,566
S01011197,871,422,449
S01011198,695,347,348
S01011199,781,469,312
S01011200,865,660,205
S01011201,586,462,124
S01011202,949,634,315
S01011203,1289,920,369
S01011204,555,489,66
S01011205,184,165,19
S01011206,734,609,125
S01011207,1852,1414,438
S01011208,907,839,68
S01011209,697,471,226
S01011210,830,614,216
S01011211,1742,1438,304
S01011212,735,416,319
S01011213,1148,673,475
S01011214,1063,556,507
S01011215,919,394,525
S01011216,1073,640,433
S01011217,1207,583,624
S01011218,929,376,553
S01011219,1031,498,533
S01011220,988,602,386
S01011221,1075,706,369
S01011222,662,378,284
S01011223,946,622,324
S01011224,681,401,280
S01011225,1029,425,604
S01011226,1066,897,169
S01011227,772,460,312
S01011228,1353,740,613
S01011229,777,430,347
S01011230,1225,407,818
S01011231,1047,325,722
S01011232,874,297,577
S01011233,1488,1063,425
S01011234,1165,540,625
S01011235,525,281,244
S01011236,542,339,203
S01011237,1041,410,631
S01011238,806,303,503
S01011239,835,394,441
S01011240,1069,418,651
S01011241,997,667,330
S01011242,975,679,296
S01011243,1232,500,732
S01011244,666,241,425
S01011245,846,391,455
S01011246,926,653,273
S01011247,917,773,144
S01011248,945,796,149
S01011249,1048,870,178
S01011250,1241,645,596
S01011251,871,456,415
S01011252,825,311,514
S01011253,968,394,574
S01011254,1209,1026,183
S01011255,428,405,23
S01011256,497,441,56
S01011257,468,421,47
S01011258,689,551,138
S01011259,931,669,262
S01011260,718,630,88
S01011261,925,432,493
S01011262,689,374,315
S01011263,779,447,332
S01011264,688,325,363
S01011265,1053,468,585
S01011266,908,637,271
S01011267,984,662,322
S01011268,591,434,157
S01011269,594,319,275
S01011270,833,359,474
S01011271,887,492,395
S01011272,728,370,358
S01011273,1285,640,645
S01011274,1125,624,501
S01011275,1541,967,574
S01011276,1114,594,520
S01011277,654,595,59
S01011278,639,558,81
S01011279,713,620,93
S01011280,690,635,55
S01011281,804,735,69
S01011282,918,782,136
S01011283,804,749,55
S01011284,1228,1123,105
S01011285,1140,447,693
S01011286,720,320,400
S01011287,987,507,480
S01011288,1067,622,445
S01011289,934,527,407
S01011290,1278,724,554
S01011291,986,574,412
S01011292,692,271,421
S01011293,953,492,461
S01011294,918,394,524
S01011295,1022,814,208
S01011296,722,455,267
S01011297,927,500,427
S01011298,1104,647,457
S01011299,489,412,77
S01011300,1008,522,486
S01011301,705,621,84
S01011302,945,526,419
S01011303,1164,1022,142
S01011304,966,549,417
S01011305,829,507,322
S01011306,590,324,266
S01011307,2463,1982,481
S01011308,626,488,138
S01011309,852,774,78
S01011310,706,521,185
S01011311,1125,1048,77
S01011312,1244,1144,100
S01011313,1122,936,186
S01011314,1097,903,194
S01011315,419,243,176
S01011316,938,615,323
S01011317,892,785,107
S01011318,919,752,167
S01011319,1105,1017,88
S01011320,747,617,130
S01011321,663,562,101
S01011322,634,511,123
S01011323,1147,764,383
S01011324,509,407,102
S01011325,996,591,405
S01011326,1099,619,480
S01011327,709,503,206
S01011328,866,645,221
S01011329,1053,826,227
S01011330,754,696,58
S01011331,832,788,44
S01011332,1233,1149,84
S01011333,733,662,71
S01011334,1424,1070,354
S01011335,1137,1018,119
S01011336,698,525,173
S01011337,682,622,60
S01011338,847,576,271
S01011339,679,375,304
S01011340,1269,708,561
S01011341,852,462,390
S01011342,839,599,240
S01011343,906,523,383
S01011344,883,399,484
S01011345,1069,542,527
S01011346,832,593,239
S01011347,1186,852,334
S01011348,1225,749,476
S01011349,1113,1035,78
S01011350,922,850,72
S01011351,796,358,438
S01011352,693,458,235
S01011353,610,406,204
S01011354,879,728,151
S01011355,1076,757,319
S01011356,962,838,124
S01011357,1399,1095,304
S01011358,547,496,51
S01011359,737,487,250
S01011360,852,177,675
S01011361,537,44,493
S01011362,661,568,93
S01011363,1692,1291,401
S01011364,659,527,132
S01011365,830,709,121
S01011366,433,296,137
S01011367,840,487,353
S01011368,1429,1174,255
S01011369,756,518,238
S01011370,1654,1312,342
S01011371,1560,640,920
S01011372,1042,248,794
S01011373,866,332,534
S01011374,514,360,154
S01011375,726,421,305
S01011376,568,121,447
S01011377,594,531,63
S01011378,1041,851,190
S01011379,1125,1013,112
S01011380,727,392,335
S01011381,810,631,179
S01011382,531,197,334
S01011383,1091,282,809
S01011384,839,161,678
S01011385,957,369,588
S01011386,1016,285,731
S01011387,964,340,624
S01011388,1431,946,485
S01011389,1512,951,561
S01011390,1040,498,542
S01011391,645,306,339
S01011392,1053,600,453
S01011393,823,558,265
S01011394,1012,745,267
S01011395,861,419,442
S01011396,969,510,459
S01011397,755,368,387
S01011398,775,336,439
S01011399,508,218,290
S01011400,925,516,409
S01011401,987,742,245
S01011402,954,725,229
S01011403,1011,684,327
S01011404,1155,759,396
S01011405,731,534,197
S01011406,705,478,227
S01011407,1377,1042,335
S01011408,936,545,391
S01011409,839,351,488
S01011410,812,541,271
S01011411,993,684,309
S01011412,973,894,79
S01011413,560,509,51
S01011414,1077,590,487
S01011415,935,725,210
S01011416,875,792,83
S01011417,818,578,240
S01011418,780,396,384
S01011419,673,426,247
S01011420,491,170,321
S01011421,488,422,66
S01011422,467,272,195
S01011423,679,315,364
S01011424,560,389,171
S01011425,779,410,369
S01011426,1826,1380,446
S01011427,1423,806,617
S01011428,673,481,192
S01011429,792,736,56
S01011430,984,797,187
S01011431,1298,715,583
S01011432,1353,871,482
S01011433,1048,361,687
S01011434,998,739,259
S01011435,1433,1171,262
S01011436,1245,703,542
S01011437,811,399,412
S01011438,881,395,486
S01011439,1155,659,496
S01011440,1091,559,532
S01011441,868,440,428
S01011442,683,395,288
S01011443,787,454,333
S01011444,1222,728,494
S01011445,635,375,260
S01011446,2468,2135,333
S01011447,1071,517,554
S01011448,1228,981,247
S01011449,757,423,334
S01011450,849,736,113
S01011451,1940,1542,398
S01011452,947,755,192
S01011453,820,593,227
S01011454,1109,613,496
S01011455,1041,570,471
S01011456,1034,608,426
S01011457,917,395,522
S01011458,804,613,191
S01011459,1347,979,368
S01011460,984,536,448
S01011461,813,442,371
S01011462,1004,787,217
S01011463,670,508,162
S01011464,1681,1380,301
S01011465,826,458,368
S01011466,2088,1547,541
S01011467,539,356,183
S01011468,141,133,8
S01011469,859,320,539
S01011470,958,517,441
S01011471,953,603,350
S01011472,1224,489,735
S01011473,1009,389,620
S01011474,1074,375,699
S01011475,679,124,555
S01011476,915,838,77
S01011477,851,813,38
S01011478,1060,933,127
S01011479,886,757,129
S01011480,1102,946,156
S01011481,1169,845,324
S01011482,1155,611,544
S01011483,822,673,149
S01011484,1152,551,601
S01011485,965,396,569
S01011486,562,175,387
S01011487,1316,542,774
S01011488,697,299,398
S01011489,995,782,213
S01011490,1062,595,467
S01011491,538,127,411
S01011492,859,241,618
S01011493,1048,812,236
S01011494,785,408,377
S01011495,1042,531,511
S01011496,649,116,533
S01011497,881,766,115
S01011498,672,623,49
S01011499,898,683,215
S01011500,1012,594,418
S01011501,673,241,432
S01011502,755,469,286
S01011503,1024,692,332
S01011504,666,495,171
S01011505,698,328,370
S01011506,588,398,190
S01011507,790,462,328
S01011508,962,626,336
S01011509,610,470,140
S01011510,1122,549,573
S01011511,678,336,342
S01011512,1239,373,866
S01011513,917,349,568
S01011514,1085,493,592
S01011515,752,592,160
S01011516,887,786,101
S01011517,649,437,212
S01011518,661,344,317
S01011519,781,443,338
S01011520,1091,424,667
S01011521,1429,611,818
S01011522,956,436,520
S01011523,1305,734,571
S01011524,890,735,155
S01011525,997,721,276
S01011526,1018,723,295
S01011527,949,721,228
S01011528,974,488,486
S01011529,1084,452,632
S01011530,1256,714,542
S01011531,1814,1389,425
S01011532,1266,1071,195
S01011533,626,257,369
S01011534,766,432,334
S01011535,862,233,629
S01011536,674,627,47
S01011537,845,720,125
S01011538,733,661,72
S01011539,1018,534,484
S01011540,2031,1476,555
S01011541,1035,399,636
S01011542,1070,609,461
S01011543,920,380,540
S01011544,790,418,372
S01011545,851,537,314
S01011546,764,740,24
S01011547,475,420,55
S01011548,813,626,187
S01011549,915,794,121
S01011550,979,936,43
S01011551,876,694,182
S01011552,978,846,132
S01011553,1259,1106,153
S01011554,2027,1672,355
S01011555,766,443,323
S01011556,674,377,297
S01011557,1003,640,363
S01011558,874,475,399
S01011559,715,394,321
S01011560,1046,614,432
S01011561,834,451,383
S01011562,1038,371,667
S01011563,1118,384,734
S01011564,966,683,283
S01011565,1081,615,466
S01011566,917,398,519
S01011567,859,573,286
S01011568,847,672,175
S01011569,848,600,248
S01011570,910,555,355
S01011571,887,265,622
S01011572,883,405,478
S01011573,1084,831,253
S01011574,1100,872,228
S01011575,866,620,246
S01011576,861,218,643
S01011577,628,400,228
S01011578,2226,1530,696
S01011579,924,869,55
S01011580,1354,748,606
S01011581,917,505,412
S01011582,2358,1994,364
S01011583,884,475,409
S01011584,843,580,263
S01011585,1174,718,456
S01011586,691,357,334
S01011587,738,335,403
S01011588,952,543,409
S01011589,1040,705,335
S01011590,2166,1600,566
S01011591,923,460,463
S01011592,1877,1255,622
S01011593,717,511,206
S01011594,622,375,247
S01011595,854,679,175
S01011596,1259,883,376
S01011597,720,551,169
S01011598,984,183,801
S01011599,967,671,296
S01011600,737,425,312
S01011601,848,752,96
S01011602,709,361,348
S01011603,1000,496,504
S01011604,690,353,337
S01011605,844,616,228
S01011606,1001,925,76
S01011607,1266,1151,115
S01011608,1138,988,150
S01011609,970,250,720
S01011610,949,375,574
S01011611,1129,972,157
S01011612,296,180,116
S01011613,940,848,92
S01011614,570,464,106
S01011615,1356,983,373
S01011616,511,249,262
S01011617,981,590,391
S01011618,794,510,284
S01011619,892,795,97
S01011620,972,886,86
S01011621,893,743,150
S01011622,160,144,16
S01011623,1884,1468,416
S01011624,937,672,265
S01011625,548,314,234
S01011626,1048,944,104
S01011627,733,648,85
S01011628,1276,1166,110
S01011629,809,466,343
S01011630,744,457,287
S01011631,839,244,595
S01011632,986,469,517
S01011633,1092,534,558
S01011634,754,320,434
S01011635,832,359,473
S01011636,867,392,475
S01011637,743,446,297
S01011638,737,436,301
S01011639,700,363,337
S01011640,1048,516,532
S01011641,946,893,53
S01011642,847,626,221
S01011643,892,604,288
S01011644,880,687,193
S01011645,622,441,181
S01011646,872,839,33
S01011647,1062,968,94
S01011648,414,143,271
S01011649,881,622,259
S01011650,1626,1236,390
S01011651,926,629,297
S01011652,747,638,109
S01011653,1109,617,492
S01011654,1064,495,569
S01011655,846,319,527
S01011656,730,229,501
S01011657,609,204,405
S01011658,874,583,291
S01011659,962,543,419
S01011660,1097,891,206
S01011661,1180,706,474
S01011662,1305,1178,127
S01011663,1103,426,677
S01011664,1044,550,494
S01011665,1123,487,636
S01011666,957,397,560
S01011667,977,549,428
S01011668,1572,701,871
S01011669,821,637,184
S01011670,778,463,315
S01011671,737,566,171
S01011672,793,464,329
S01011673,909,486,423
S01011674,1563,1100,463
S01011675,1433,980,453
S01011676,778,417,361
S01011677,155,92,63
S01011678,464,224,240
S01011679,1343,944,399
S01011680,1282,644,638
S01011681,847,515,332
S01011682,1596,1312,284
S01011683,1279,995,284
S01011684,803,663,140
S01011685,856,726,130
S01011686,931,837,94
S01011687,935,561,374
S01011688,1161,913,248
S01011689,914,790,124
S01011690,1636,1383,253
S01011691,474,372,102
S01011692,1250,697,553
S01011693,1698,1402,296
S01011694,659,543,116
S01011695,3465,3088,377
S01011696,776,686,90
S01011697,1083,854,229
S01011698,643,475,168
S01011699,911,823,88
S01011700,869,699,170
S01011701,1222,1042,180
S01011702,972,771,201
S01011703,974,864,110
S01011704,1645,1535,110
S01011705,1785,1441,344
S01011706,987,768,219
S01011707,713,651,62
S01011708,1094,787,307
S01011709,1109,867,242
S01011710,763,327,436
S01011711,1121,522,599
S01011712,530,309,221
S01011713,1108,898,210
S01011714,1302,1161,141
S01011715,1149,790,359
S01011716,1002,909,93
S01011717,764,716,48
S01011718,978,885,93
S01011719,1981,1834,147
S01011720,617,568,49
S01011721,784,668,116
S01011722,1316,992,324
S01011723,2146,1838,308
S01011724,733,491,242
S01011725,634,597,37
S01011726,552,535,17
S01011727,1489,1348,141
S01011728,929,695,234
S01011729,1115,652,463
S01011730,844,762,82
S01011731,1060,908,152
S01011732,899,824,75
S01011733,851,703,148
S01011734,891,720,171
S01011735,736,698,38
S01011736,1192,897,295
S01011737,927,631,296
S01011738,1070,627,443
S01011739,684,549,135
S01011740,729,360,369
S01011741,964,481,483
S01011742,864,634,230
S01011743,797,537,260
S01011744,849,475,374
S01011745,1033,647,386
S01011746,852,409,443
S01011747,1074,509,565
S01011748,1024,522,502
S01011749,896,320,576
S01011750,876,576,300
S01011751,1149,475,674
S01011752,1074,731,343
S01011753,777,670,107
S01011754,959,739,220
S01011755,939,608,331
S01011756,1113,760,353
S01011757,932,605,327
S01011758,624,486,138
S01011759,897,707,190
S01011760,884,650,234
S01011761,817,520,297
S01011762,876,483,393
S01011763,773,610,163
S01011764,403,342,61
S01011765,1156,1059,97
S01011766,733,667,66
S01011767,1209,871,338
S01011768,930,539,391
S01011769,757,466,291
S01011770,892,598,294
S01011771,667,625,42
S01011772,1102,1049,53
S01011773,596,571,25
S01011774,941,664,277
S01011775,904,858,46
S01011776,1242,1149,93
S01011777,645,546,99
S01011778,634,496,138
S01011779,793,752,41
S01011780,939,900,39
S01011781,922,861,61
S01011782,889,860,29
S01011783,575,547,28
S01011784,793,408,385
S01011785,1070,626,444
S01011786,198,190,8
S01011787,1133,612,521
S01011788,1262,1184,78
S01011789,3132,2812,320
S01011790,1301,894,407
S01011791,831,484,347
S01011792,888,527,361
S01011793,735,549,186
S01011794,982,566,416
S01011795,1051,715,336
S01011796,908,390,518
S01011797,1099,1046,53
S01011798,550,332,218
S01011799,973,795,178
S01011800,677,472,205
S01011801,685,348,337
S01011802,731,447,284
S01011803,930,692,238
S01011804,977,602,375
S01011805,890,586,304
S01011806,1303,1052,251
S01011807,1063,879,184
S01011808,948,737,211
S01011809,715,587,128
S01011810,1276,1068,208
S01011811,1142,965,177
S01011812,1119,949,170
S01011813,947,807,140
S01011814,721,650,71
S01011815,814,669,145
S01011816,697,618,79
S01011817,724,635,89
S01011818,1630,1244,386
S01011819,1213,866,347
S01011820,982,683,299
S01011821,675,389,286
S01011822,912,471,441
S01011823,608,404,204
S01011824,999,650,349
S01011825,535,366,169
S01011826,738,490,248
S01011827,602,422,180
S01011828,904,766,138
S01011829,541,462,79
S01011830,824,640,184
S01011831,1056,829,227
S01011832,834,590,244
S01011833,959,849,110
S01011834,794,673,121
S01011835,685,607,78
S01011836,1100,999,101
S01011837,910,790,120
S01011838,1229,1140,89
S01011839,1064,934,130
S01011840,1244,997,247
S01011841,1611,1115,496
S01011842,1316,894,422
S01011843,1184,1019,165
S01011844,1037,871,166
S01011845,857,592,265
S01011846,869,674,195
S01011847,429,382,47
S01011848,842,635,207
S01011849,813,594,219
S01011850,1065,764,301
S01011851,870,537,333
S01011852,976,612,364
S01011853,954,718,236
S01011854,1025,722,303
S01011855,1208,780,428
S01011856,695,601,94
S01011857,1369,843,526
S01011858,1071,788,283
S01011859,1063,690,373
S01011860,773,474,299
S01011861,828,582,246
S01011862,1013,843,170
S01011863,930,718,212
S01011864,781,731,50
S01011865,658,504,154
S01011866,1268,948,320
S01011867,1282,768,514
S01011868,1007,686,321
S01011869,1000,556,444
S01011870,860,439,421
S01011871,1177,754,423
S01011872,1053,809,244
S01011873,812,540,272
S01011874,839,622,217
S01011875,1078,756,322
S01011876,1037,696,341
S01011877,775,589,186
S01011878,1300,772,528
S01011879,798,714,84
S01011880,1242,938,304
S01011881,845,592,253
S01011882,941,655,286
S01011883,1451,1118,333
S01011884,776,557,219
S01011885,766,658,108
S01011886,1335,1104,231
S01011887,745,538,207
S01011888,1317,736,581
S01011889,1015,806,209
S01011890,918,725,193
S01011891,741,353,388
S01011892,1193,838,355
S01011893,1078,675,403
S01011894,1068,791,277
S01011895,1138,991,147
S01011896,964,750,214
S01011897,1131,952,179
S01011898,1033,923,110
S01011899,985,792,193
S01011900,735,708,27
S01011901,1117,903,214
S01011902,1138,1047,91
S01011903,925,874,51
S01011904,881,819,62
S01011905,880,784,96
S01011906,329,308,21
S01011907,841,688,153
S01011908,566,472,94
S01011909,867,733,134
S01011910,1183,562,621
S01011911,713,467,246
S01011912,833,394,439
S01011913,858,432,426
S01011914,978,351,627
S01011915,908,545,363
S01011916,943,391,552
S01011917,620,361,259
S01011918,895,273,622
S01011919,1063,445,618
S01011920,684,401,283
S01011921,594,257,337
S01011922,882,445,437
S01011923,1022,416,606
S01011924,934,573,361
S01011925,921,771,150
S01011926,817,501,316
S01011927,613,358,255
S01011928,786,453,333
S01011929,692,432,260
S01011930,709,377,332
S01011931,679,181,498
S01011932,343,152,191
S01011933,1534,659,875
S01011934,937,617,320
S01011935,1008,399,609
S01011936,679,349,330
S01011937,667,207,460
S01011938,460,194,266
S01011939,983,356,627
S01011940,944,229,715
S01011941,1089,323,766
S01011942,930,276,654
S01011943,1429,383,1046
S01011944,509,417,92
S01011945,1407,1141,266
S01011946,920,536,384
S01011947,602,152,450
S01011948,1042,710,332
S01011949,966,865,101
S01011950,916,676,240
S01011951,833,642,191
S01011952,914,804,110
S01011953,925,769,156
S01011954,590,380,210
S01011955,1112,816,296
S01011956,1108,945,163
S01011957,925,530,395
S01011958,1979,1462,517
S01011959,854,626,228
S01011960,1188,853,335
S01011961,1157,881,276
S01011962,1069,932,137
S01011963,818,668,150
S01011964,1083,774,309
S01011965,984,813,171
S01011966,840,708,132
S01011967,997,745,252
S01011968,1395,1026,369
S01011969,1689,1032,657
S01011970,1833,1098,735
S01011971,666,536,130
S01011972,1742,1226,516
S01011973,621,459,162
S01011974,827,677,150
S01011975,452,326,126
S01011976,980,694,286
S01011977,1262,753,509
S01011978,1191,742,449
S01011979,1164,966,198
S01011980,508,334,174
S01011981,1096,589,507
S01011982,1397,866,531
S01011983,1111,608,503
S01011984,676,277,399
S01011985,662,528,134
S01011986,981,473,508
S01011987,1150,722,428
S01011988,686,616,70
S01011989,866,712,154
S01011990,750,651,99
S01011991,966,701,265
S01011992,1083,842,241
S01011993,1009,480,529
S01011994,808,738,70
S01011995,1008,799,209
S01011996,728,449,279
S01011997,1168,719,449
S01011998,934,743,191
S01011999,621,342,279
S01012000,562,458,104
S01012001,876,643,233
S01012002,745,538,207
S01012003,845,641,204
S01012004,1673,1416,257
S01012005,1488,1300,188
S01012006,752,429,323
S01012007,945,659,286
S01012008,1303,756,547
S01012009,642,344,298
S01012010,1363,953,410
S01012011,1402,845,557
S01012012,626,425,201
S01012013,738,443,295
S01012014,1801,1149,652
S01012015,1372,857,515
S01012016,780,493,287
S01012017,550,377,173
S01012018,843,535,308
S01012019,921,776,145
S01012020,970,672,298
S01012021,821,692,129
S01012022,1080,815,265
S01012023,665,598,67
S01012024,1151,991,160
S01012025,687,559,128
S01012026,932,842,90
S01012027,2017,1750,267
S01012028,1088,1001,87
S01012029,1240,963,277
S01012030,1285,1021,264
S01012031,553,505,48
S01012032,347,299,48
S01012033,917,747,170
S01012034,972,725,247
S01012035,1149,958,191
S01012036,1140,998,142
S01012037,1240,715,525
S01012038,1273,292,981
S01012039,1046,695,351
S01012040,691,567,124
S01012041,1248,868,380
S01012042,1129,804,325
S01012043,926,410,516
S01012044,998,437,561
S01012045,1220,611,609
S01012046,834,410,424
S01012047,1081,580,501
S01012048,802,326,476
S01012049,732,539,193
S01012050,1172,936,236
S01012051,497,360,137
S01012052,951,693,258
S01012053,964,459,505
S01012054,1133,401,732
S01012055,947,524,423
S01012056,866,694,172
S01012057,743,699,44
S01012058,901,726,175
S01012059,986,641,345
S01012060,952,569,383
S01012061,1565,1343,222
S01012062,1011,857,154
S01012063,681,568,113
S01012064,892,199,693
S01012065,686,64,622
S01012066,852,421,431
S01012067,666,122,544
S01012068,788,226,562
S01012069,619,168,451
S01012070,937,223,714
S01012071,1165,287,878
S01012072,1188,502,686
S01012073,776,570,206
S01012074,639,516,123
S01012075,1000,868,132
S01012076,936,654,282
S01012077,1071,528,543
S01012078,871,670,201
S01012079,1253,630,623
S01012080,1085,404,681
S01012081,737,285,452
S01012082,1002,532,470
S01012083,1060,490,570
S01012084,678,617,61
S01012085,777,644,133
S01012086,918,524,394
S01012087,815,630,185
S01012088,645,499,146
S01012089,842,797,45
S01012090,1084,1025,59
S01012091,772,657,115
S01012092,635,594,41
S01012093,535,459,76
S01012094,838,791,47
S01012095,1335,974,361
S01012096,871,599,272
S01012097,695,457,238
S01012098,977,669,308
S01012099,971,519,452
S01012100,1711,1208,503
S01012101,930,862,68
S01012102,899,419,480
S01012103,1054,816,238
S01012104,924,728,196
S01012105,1595,1357,238
S01012106,1222,977,245
S01012107,646,565,81
S01012108,1045,509,536
S01012109,1198,408,790
S01012110,852,539,313
S01012111,1274,709,565
S01012112,1035,790,245
S01012113,1130,885,245
S01012114,1358,1215,143
S01012115,765,601,164
S01012116,680,564,116
S01012117,724,673,51
S01012118,1100,1012,88
S01012119,900,858,42
S01012120,583,333,250
S01012121,903,520,383
S01012122,858,623,235
S01012123,723,497,226
S01012124,636,418,218
S01012125,1009,266,743
S01012126,906,647,259
S01012127,1257,620,637
S01012128,704,241,463
S01012129,915,479,436
S01012130,1156,556,600
S01012131,1364,564,800
S01012132,850,305,545
S01012133,973,519,454
S01012134,1282,869,413
S01012135,1171,289,882
S01012136,908,201,707
S01012137,848,395,453
S01012138,1037,800,237
S01012139,1163,841,322
S01012140,883,805,78
S01012141,1267,1197,70
S01012142,952,914,38
S01012143,1302,1243,59
S01012144,1046,943,103
S01012145,1131,1073,58
S01012146,1138,429,709
S01012147,1028,535,493
S01012148,756,307,449
S01012149,912,589,323
S01012150,778,446,332
S01012151,1013,592,421
S01012152,1039,418,621
S01012153,772,195,577
S01012154,759,210,549
S01012155,859,394,465
S01012156,1172,613,559
S01012157,1087,627,460
S01012158,1685,1064,621
S01012159,503,485,18
S01012160,960,786,174
S01012161,532,206,326
S01012162,949,419,530
S01012163,868,456,412
S01012164,1242,1023,219
S01012165,921,385,536
S01012166,799,443,356
S01012167,674,420,254
S01012168,1025,912,113
S01012169,851,640,211
S01012170,1291,979,312
S01012171,1180,902,278
S01012172,943,676,267
S01012173,754,730,24
S01012174,1092,970,122
S01012175,1031,939,92
S01012176,1335,1203,132
S01012177,833,784,49
S01012178,951,894,57
S01012179,762,531,231
S01012180,732,590,142
S01012181,1229,826,403
S01012182,1424,1115,309
S01012183,2115,1427,688
S01012184,787,481,306
S01012185,783,314,469
S01012186,875,589,286
S01012187,872,518,354
S01012188,630,542,88
S01012189,802,687,115
S01012190,805,751,54
S01012191,1063,1013,50
S01012192,454,430,24
S01012193,769,724,45
S01012194,869,852,17
S01012195,895,822,73
S01012196,573,515,58
S01012197,1059,833,226
S01012198,1082,794,288
S01012199,879,673,206
S01012200,647,505,142
S01012201,1113,864,249
S01012202,585,499,86
S01012203,959,922,37
S01012204,789,762,27
S01012205,888,836,52
S01012206,965,870,95
S01012207,1231,935,296
S01012208,1418,1071,347
S01012209,1066,774,292
S01012210,790,541,249
S01012211,1159,973,186
S01012212,1141,1079,62
S01012213,1008,944,64
S01012214,800,770,30
S01012215,986,944,42
S01012216,1309,1233,76
S01012217,560,246,314
S01012218,604,240,364
S01012219,931,510,421
S01012220,964,379,585
S01012221,709,472,237
S01012222,1233,691,542
S01012223,808,391,417
S01012224,1037,688,349
S01012225,1301,788,513
S01012226,833,717,116
S01012227,907,727,180
S01012228,802,630,172
S01012229,837,708,129
S01012230,1064,966,98
S01012231,831,793,38
S01012232,1183,1132,51
S01012233,953,910,43
S01012234,1513,1337,176
S01012235,888,767,121
S01012236,864,663,201
S01012237,892,817,75
S01012238,604,418,186
S01012239,586,345,241
S01012240,842,617,225
S01012241,719,645,74
S01012242,891,819,72
S01012243,956,843,113
S01012244,1042,854,188
S01012245,1314,1007,307
S01012246,1092,905,187
S01012247,713,580,133
S01012248,939,676,263
S01012249,998,678,320
S01012250,857,644,213
S01012251,1119,672,447
S01012252,1185,770,415
S01012253,955,557,398
S01012254,922,662,260
S01012255,859,600,259
S01012256,1451,1104,347
S01012257,1211,930,281
S01012258,1791,1361,430
S01012259,837,703,134
S01012260,1512,1018,494
S01012261,1323,985,338
S01012262,1956,1321,635
S01012263,778,454,324
S01012264,472,333,139
S01012265,1183,731,452
S01012266,1278,903,375
S01012267,1104,854,250
S01012268,1487,945,542
S01012269,999,790,209
S01012270,896,574,322
S01012271,1536,911,625
S01012272,903,696,207
S01012273,1025,659,366
S01012274,1157,812,345
S01012275,800,307,493
S01012276,1483,942,541
S01012277,1358,823,535
S01012278,1216,492,724
S01012279,1207,499,708
S01012280,1113,713,400
S01012281,948,544,404
S01012282,1055,759,296
S01012283,1021,735,286
S01012284,774,363,411
S01012285,607,471,136
S01012286,1257,693,564
S01012287,1226,349,877
S01012288,1149,346,803
S01012289,1198,937,261
S01012290,670,427,243
S01012291,847,564,283
S01012292,1297,909,388
S01012293,1098,774,324
S01012294,1062,709,353
S01012295,731,492,239
S01012296,1210,938,272
S01012297,1169,923,246
S01012298,1439,1122,317
S01012299,620,429,191
S01012300,1246,773,473
S01012301,1020,545,475
S01012302,739,405,334
S01012303,979,692,287
S01012304,1213,845,368
S01012305,905,608,297
S01012306,898,491,407
S01012307,888,526,362
S01012308,1009,681,328
S01012309,941,598,343
S01012310,1597,1181,416
S01012311,865,707,158
S01012312,997,721,276
S01012313,857,568,289
S01012314,945,514,431
S01012315,810,500,310
S01012316,693,332,361
S01012317,499,311,188
S01012318,792,440,352
S01012319,1119,637,482
S01012320,848,469,379
S01012321,1234,815,419
S01012322,1181,724,457
S01012323,1389,1101,288
S01012324,1040,546,494
S01012325,887,512,375
S01012326,916,468,448
S01012327,945,512,433
S01012328,808,470,338
S01012329,993,460,533
S01012330,690,470,220
S01012331,1171,887,284
S01012332,1275,684,591
S01012333,1413,896,517
S01012334,916,564,352
S01012335,1896,1318,578
S01012336,864,463,401
S01012337,991,515,476
S01012338,845,463,382
S01012339,977,539,438
S01012340,1133,691,442
S01012341,941,633,308
S01012342,954,566,388
S01012343,1077,526,551
S01012344,1137,756,381
S01012345,785,573,212
S01012346,1294,840,454
S01012347,681,447,234
S01012348,1195,873,322
S01012349,1137,684,453
S01012350,1192,677,515
S01012351,1015,630,385
S01012352,1195,832,363
S01012353,818,403,415
S01012354,1042,694,348
S01012355,1101,750,351
S01012356,1137,867,270
S01012357,972,741,231
S01012358,841,600,241
S01012359,917,333,584
S01012360,808,246,562
S01012361,885,307,578
S01012362,1240,330,910
S01012363,1211,656,555
S01012364,830,533,297
S01012365,1176,976,200
S01012366,1033,718,315
S01012367,1073,809,264
S01012368,816,663,153
S01012369,1106,790,316
S01012370,1406,942,464
S01012371,1093,635,458
S01012372,1117,629,488
S01012373,1285,922,363
S01012374,920,672,248
S01012375,1282,741,541
S01012376,960,736,224
S01012377,690,481,209
S01012378,679,372,307
S01012379,597,324,273
S01012380,1406,915,491
S01012381,1088,671,417
S01012382,1098,925,173
S01012383,1078,800,278
S01012384,573,392,181
S01012385,755,574,181
S01012386,1141,445,696
S01012387,930,609,321
S01012388,691,629,62
S01012389,983,769,214
S01012390,769,625,144
S01012391,1541,1103,438
S01012392,864,570,294
S01012393,1326,873,453
S01012394,962,456,506
S01012395,837,552,285
S01012396,863,507,356
S01012397,833,545,288
S01012398,1030,535,495
S01012399,873,463,410
S01012400,925,439,486
S01012401,917,525,392
S01012402,460,400,60
S01012403,1025,805,220
S01012404,1327,787,540
S01012405,726,655,71
S01012406,732,593,139
S01012407,1102,838,264
S01012408,850,682,168
S01012409,1119,832,287
S01012410,1321,930,391
S01012411,1377,867,510
S01012412,643,434,209
S01012413,1019,782,237
S01012414,684,450,234
S01012415,800,700,100
S01012416,559,463,96
S01012417,631,341,290
S01012418,768,528,240
S01012419,1050,789,261
S01012420,1093,635,458
S01012421,1003,643,360
S01012422,1263,760,503
S01012423,1030,783,247
S01012424,950,630,320
S01012425,626,262,364
S01012426,625,327,298
S01012427,767,391,376
S01012428,865,624,241
S01012429,558,406,152
S01012430,1030,832,198
S01012431,1077,791,286
S01012432,801,591,210
S01012433,774,504,270
S01012434,841,534,307
S01012435,891,476,415
S01012436,900,464,436
S01012437,811,556,255
S01012438,1071,679,392
S01012439,923,615,308
S01012440,936,850,86
S01012441,971,734,237
S01012442,964,716,248
S01012443,746,556,190
S01012444,1377,1214,163
S01012445,100,94,6
S01012446,677,471,206
S01012447,998,909,89
S01012448,925,785,140
S01012449,709,593,116
S01012450,961,804,157
S01012451,868,801,67
S01012452,743,685,58
S01012453,1016,955,61
S01012454,1050,978,72
S01012455,612,563,49
S01012456,950,867,83
S01012457,1286,1131,155
S01012458,895,804,91
S01012459,885,777,108
S01012460,812,729,83
S01012461,607,456,151
S01012462,858,512,346
S01012463,756,448,308
S01012464,625,335,290
S01012465,771,467,304
S01012466,1031,794,237
S01012467,1269,904,365
S01012468,866,709,157
S01012469,1029,930,99
S01012470,962,682,280
S01012471,805,740,65
S01012472,823,760,63
S01012473,691,610,81
S01012474,812,547,265
S01012475,724,593,131
S01012476,1119,817,302
S01012477,798,733,65
S01012478,840,591,249
S01012479,1019,922,97
S01012480,756,273,483
S01012481,775,449,326
S01012482,827,637,190
S01012483,881,398,483
S01012484,1144,980,164
S01012485,1193,1028,165
S01012486,713,661,52
S01012487,612,401,211
S01012488,903,640,263
S01012489,1205,348,857
S01012490,1192,394,798
S01012491,721,212,509
S01012492,953,258,695
S01012493,773,391,382
S01012494,1383,922,461
S01012495,1121,631,490
S01012496,765,403,362
S01012497,604,289,315
S01012498,943,288,655
S01012499,1254,667,587
S01012500,558,288,270
S01012501,931,270,661
S01012502,1043,304,739
S01012503,637,319,318
S01012504,713,346,367
S01012505,1085,665,420
S01012506,478,372,106
S01012507,946,664,282
S01012508,825,594,231
S01012509,541,474,67
S01012510,1070,926,144
S01012511,787,632,155
S01012512,899,534,365
S01012513,550,488,62
S01012514,810,703,107
S01012515,820,409,411
S01012516,668,469,199
S01012517,1030,737,293
S01012518,867,668,199
S01012519,759,547,212
S01012520,783,722,61
S01012521,766,602,164
S01012522,945,846,99
S01012523,1075,955,120
S01012524,972,847,125
S01012525,951,857,94
S01012526,949,884,65
S01012527,625,516,109
S01012528,823,569,254
S01012529,836,624,212
S01012530,1097,986,111
S01012531,1101,836,265
S01012532,1160,892,268
S01012533,864,623,241
S01012534,894,648,246
S01012535,892,649,243
S01012536,817,559,258
S01012537,1041,611,430
S01012538,1217,817,400
S01012539,801,578,223
S01012540,1023,596,427
S01012541,1192,760,432
S01012542,1210,996,214
S01012543,686,572,114
S01012544,934,706,228
S01012545,615,358,257
S01012546,941,668,273
S01012547,746,605,141
S01012548,1058,933,125
S01012549,806,479,327
S01012550,1007,778,229
S01012551,1145,1081,64
S01012552,964,877,87
S01012553,827,748,79
S01012554,886,813,73
S01012555,541,484,57
S01012556,545,504,41
S01012557,812,733,79
S01012558,746,492,254
S01012559,1058,589,469
S01012560,1101,760,341
S01012561,1154,857,297
S01012562,1140,619,521
S01012563,758,714,44
S01012564,886,812,74
S01012565,1007,805,202
S01012566,769,447,322
S01012567,1102,649,453
S01012568,1044,959,85
S01012569,804,725,79
S01012570,729,542,187
S01012571,807,522,285
S01012572,566,396,170
S01012573,821,680,141
S01012574,1290,1070,220
S01012575,791,605,186
S01012576,1149,936,213
S01012577,992,794,198
S01012578,1437,1042,395
S01012579,824,574,250
S01012580,753,559,194
S01012581,1107,692,415
S01012582,1018,810,208
S01012583,689,443,246
S01012584,737,587,150
S01012585,1552,1027,525
S01012586,808,721,87
S01012587,1028,910,118
S01012588,739,651,88
S01012589,805,445,360
S01012590,1076,666,410
S01012591,1198,749,449
S01012592,696,651,45
S01012593,1198,1126,72
S01012594,664,589,75
S01012595,798,630,168
S01012596,788,474,314
S01012597,386,246,140
S01012598,738,633,105
S01012599,718,590,128
S01012600,692,641,51
S01012601,889,826,63
S01012602,671,370,301
S01012603,650,403,247
S01012604,849,558,291
S01012605,915,733,182
S01012606,352,336,16
S01012607,737,588,149
S01012608,1026,645,381
S01012609,968,535,433
S01012610,1226,606,620
S01012611,885,722,163
S01012612,1181,846,335
S01012613,1200,833,367
S01012614,1090,822,268
S01012615,1017,861,156
S01012616,1002,806,196
S01012617,814,769,45
S01012618,671,531,140
S01012619,690,424,266
S01012620,958,867,91
S01012621,894,777,117
S01012622,844,653,191
S01012623,865,531,334
S01012624,777,492,285
S01012625,698,452,246
S01012626,842,750,92
S01012627,633,345,288
S01012628,1502,1289,213
S01012629,318,263,55
S01012630,823,495,328
S01012631,1101,603,498
S01012632,726,622,104
S01012633,989,751,238
S01012634,1305,1013,292
S01012635,2002,1684,318
S01012636,1543,1309,234
S01012637,1083,463,620
S01012638,1025,623,402
S01012639,1454,986,468
S01012640,1358,719,639
S01012641,987,590,397
S01012642,1668,840,828
S01012643,573,303,270
S01012644,772,429,343
S01012645,1270,942,328
S01012646,1260,1061,199
S01012647,1144,1003,141
S01012648,678,387,291
S01012649,854,575,279
S01012650,794,651,143
S01012651,793,414,379
S01012652,1045,967,78
S01012653,987,591,396
S01012654,922,733,189
S01012655,1281,911,370
S01012656,970,615,355
S01012657,991,815,176
S01012658,938,865,73
S01012659,785,701,84
S01012660,728,462,266
S01012661,921,692,229
S01012662,921,630,291
S01012663,921,793,128
S01012664,999,780,219
S01012665,811,390,421
S01012666,741,440,301
S01012667,686,374,312
S01012668,1116,695,421
S01012669,1002,950,52
S01012670,696,664,32
S01012671,1349,958,391
S01012672,839,405,434
S01012673,927,456,471
S01012674,731,337,394
S01012675,1046,607,439
S01012676,1042,746,296
S01012677,583,323,260
S01012678,711,667,44
S01012679,791,560,231
S01012680,557,512,45
S01012681,831,661,170
S01012682,789,657,132
S01012683,908,602,306
S01012684,413,354,59
S01012685,1150,856,294
S01012686,1229,973,256
S01012687,1350,1242,108
S01012688,885,639,246
S01012689,587,503,84
S01012690,532,457,75
S01012691,1055,1001,54
S01012692,1013,816,197
S01012693,905,872,33
S01012694,621,494,127
S01012695,830,669,161
S01012696,689,613,76
S01012697,509,436,73
S01012698,969,842,127
S01012699,1045,856,189
S01012700,884,742,142
S01012701,1127,978,149
S01012702,684,539,145
S01012703,723,572,151
S01012704,772,494,278
S01012705,780,749,31
S01012706,993,668,325
S01012707,898,844,54
S01012708,915,548,367
S01012709,613,377,236
S01012710,939,494,445
S01012711,1092,555,537
S01012712,912,853,59
S01012713,1087,899,188
S01012714,657,628,29
S01012715,971,612,359
S01012716,1050,913,137
S01012717,1138,681,457
S01012718,942,687,255
S01012719,1128,570,558
S01012720,863,429,434
S01012721,660,507,153
S01012722,1107,597,510
S01012723,827,441,386
S01012724,728,498,230
S01012725,1071,705,366
S01012726,971,734,237
S01012727,936,449,487
S01012728,1067,318,749
S01012729,948,772,176
S01012730,556,327,229
S01012731,797,517,280
S01012732,765,547,218
S01012733,3564,3177,387
S01012734,91,63,28
S01012735,551,370,181
S01012736,1279,1013,266
S01012737,1274,1032,242
S01012738,612,427,185
S01012739,105,93,12
S01012740,90,47,43
S01012741,555,516,39
S01012742,880,816,64
S01012743,966,872,94
S01012744,675,633,42
S01012745,913,739,174
S01012746,1129,957,172
S01012747,1147,862,285
S01012748,829,286,543
S01012749,876,338,538
S01012750,788,355,433
S01012751,1273,766,507
S01012752,832,499,333
S01012753,496,218,278
S01012754,908,493,415
S01012755,618,325,293
S01012756,1795,1468,327
S01012757,461,278,183
S01012758,695,473,222
S01012759,801,454,347
S01012760,959,462,497
S01012761,994,623,371
S01012762,788,651,137
S01012763,612,418,194
S01012764,988,671,317
S01012765,597,337,260
S01012766,699,323,376
S01012767,791,715,76
S01012768,831,791,40
S01012769,1044,935,109
S01012770,839,594,245
S01012771,819,623,196
S01012772,1177,789,388
S01012773,1174,836,338
S01012774,825,555,270
S01012775,641,438,203
S01012776,794,510,284
S01012777,1167,921,246
S01012778,1199,655,544
S01012779,1036,487,549
S01012780,918,427,491
S01012781,648,509,139
S01012782,828,350,478
S01012783,931,461,470
S01012784,1053,632,421
S01012785,711,274,437
S01012786,1145,413,732
S01012787,560,316,244
S01012788,1005,605,400
S01012789,1021,730,291
S01012790,889,722,167
S01012791,810,690,120
S01012792,967,671,296
S01012793,877,440,437
S01012794,396,259,137
S01012795,1232,571,661
S01012796,902,542,360
S01012797,758,403,355
S01012798,1060,893,167
S01012799,1182,1029,153
S01012800,1078,958,120
S01012801,504,400,104
S01012802,756,706,50
S01012803,840,796,44
S01012804,857,534,323
S01012805,1069,744,325
S01012806,918,662,256
S01012807,1469,1318,151
S01012808,1059,875,184
S01012809,855,545,310
S01012810,836,397,439
S01012811,862,699,163
S01012812,899,701,198
S01012813,1001,956,45
S01012814,922,846,76
S01012815,1343,1123,220
S01012816,806,540,266
S01012817,476,414,62
S01012818,1016,926,90
S01012819,1098,677,421
S01012820,2641,2305,336
S01012821,1794,1505,289
S01012822,846,348,498
S01012823,761,723,38
S01012824,1337,1139,198
S01012825,1465,886,579
S01012826,1653,1015,638
S01012827,1516,1045,471
S01012828,2277,2020,257
S01012829,865,416,449
S01012830,690,464,226
S01012831,739,458,281
S01012832,544,361,183
S01012833,1006,439,567
S01012834,723,467,256
S01012835,905,662,243
S01012836,595,397,198
S01012837,998,229,769
S01012838,858,80,778
S01012839,666,637,29
S01012840,993,926,67
S01012841,721,654,67
S01012842,995,769,226
S01012843,1101,1033,68
S01012844,918,876,42
S01012845,907,728,179
S01012846,1051,511,540
S01012847,756,621,135
S01012848,980,842,138
S01012849,1136,705,431
S01012850,918,681,237
S01012851,998,810,188
S01012852,1029,957,72
S01012853,924,796,128
S01012854,1163,1077,86
S01012855,1112,827,285
S01012856,912,624,288
S01012857,1320,849,471
S01012858,868,380,488
S01012859,1143,796,347
S01012860,808,687,121
S01012861,687,619,68
S01012862,844,385,459
S01012863,748,231,517
S01012864,775,286,489
S01012865,1170,878,292
S01012866,910,650,260
S01012867,829,426,403
S01012868,778,373,405
S01012869,546,143,403
S01012870,915,754,161
S01012871,912,758,154
S01012872,885,677,208
S01012873,936,738,198
S01012874,889,577,312
S01012875,645,362,283
S01012876,933,594,339
S01012877,726,567,159
S01012878,925,851,74
S01012879,1057,943,114
S01012880,1039,961,78
S01012881,1370,1241,129
S01012882,1198,705,493
S01012883,968,456,512
S01012884,617,327,290
S01012885,790,475,315
S01012886,925,806,119
S01012887,734,691,43
S01012888,948,827,121
S01012889,1197,952,245
S01012890,809,417,392
S01012891,742,512,230
S01012892,1194,569,625
S01012893,1007,468,539
S01012894,921,694,227
S01012895,673,545,128
S01012896,1009,513,496
S01012897,1690,1486,204
S01012898,1041,900,141
S01012899,701,335,366
S01012900,1184,950,234
S01012901,2017,1669,348
S01012902,992,732,260
S01012903,949,683,266
S01012904,989,679,310
S01012905,906,470,436
S01012906,1072,807,265
S01012907,1060,768,292
S01012908,1094,807,287
S01012909,906,602,304
S01012910,1258,788,470
S01012911,799,641,158
S01012912,1337,957,380
S01012913,985,748,237
S01012914,1105,743,362
S01012915,1055,793,262
S01012916,929,739,190
S01012917,717,656,61
S01012918,852,629,223
S01012919,455,363,92
S01012920,571,550,21
S01012921,705,523,182
S01012922,1011,790,221
S01012923,1112,928,184
S01012924,567,448,119
S01012925,604,539,65
S01012926,697,539,158
S01012927,772,612,160
S01012928,1035,893,142
S01012929,918,796,122
S01012930,938,609,329
S01012931,1145,768,377
S01012932,625,541,84
S01012933,864,635,229
S01012934,823,565,258
S01012935,1487,1125,362
S01012936,885,598,287
S01012937,846,618,228
S01012938,843,771,72
S01012939,829,794,35
S01012940,817,749,68
S01012941,789,764,25
S01012942,902,532,370
S01012943,872,777,95
S01012944,725,702,23
S01012945,724,692,32
S01012946,861,751,110
S01012947,578,527,51
S01012948,1064,1023,41
S01012949,1390,1313,77
S01012950,1764,1556,208
S01012951,1068,1015,53
S01012952,1554,1482,72
S01012953,685,635,50
S01012954,485,452,33
S01012955,1183,1004,179
S01012956,926,682,244
S01012957,791,609,182
S01012958,502,397,105
S01012959,572,509,63
S01012960,733,506,227
S01012961,973,920,53
S01012962,922,877,45
S01012963,1174,1082,92
S01012964,1517,1245,272
S01012965,781,611,170
S01012966,952,809,143
S01012967,889,670,219
S01012968,829,581,248
S01012969,958,626,332
S01012970,839,617,222
S01012971,1041,573,468
S01012972,932,532,400
S01012973,904,694,210
S01012974,1114,819,295
S01012975,782,454,328
S01012976,675,434,241
S01012977,875,614,261
S01012978,952,581,371
S01012979,847,657,190
S01012980,806,559,247
S01012981,874,624,250
S01012982,820,594,226
S01012983,745,678,67
S01012984,784,640,144
S01012985,869,723,146
S01012986,995,651,344
S01012987,1053,735,318
S01012988,1115,835,280
S01012989,1141,909,232
S01012990,1130,732,398
S01012991,1098,762,336
S01012992,1063,814,249
S01012993,1003,659,344
S01012994,949,591,358
S01012995,795,629,166
S01012996,885,615,270
S01012997,605,418,187
S01012998,1238,930,308
S01012999,776,606,170
S01013000,1104,810,294
S01013001,381,274,107
S01013002,714,557,157
S01013003,736,709,27
S01013004,975,853,122
S01013005,711,592,119
S01013006,909,769,140
S01013007,1219,1038,181
S01013008,1217,1016,201
S01013009,820,599,221
S01013010,650,524,126
S01013011,945,723,222
S01013012,1183,831,352
S01013013,1011,821,190
S01013014,789,552,237
S01013015,760,655,105
S01013016,991,790,201
S01013017,1120,803,317
S01013018,1167,963,204
S01013019,1534,1138,396
S01013020,1031,806,225
S01013021,1231,832,399
S01013022,407,308,99
S01013023,947,881,66
S01013024,628,518,110
S01013025,1279,963,316
S01013026,900,579,321
S01013027,1560,873,687
S01013028,942,766,176
S01013029,692,416,276
S01013030,1221,717,504
S01013031,635,309,326
S01013032,635,460,175
S01013033,774,569,205
S01013034,808,505,303
S01013035,814,430,384
S01013036,923,442,481
S01013037,1112,840,272
S01013038,1242,840,402
S01013039,527,491,36
S01013040,628,431,197
S01013041,587,415,172
S01013042,898,652,246
S01013043,815,382,433
S01013044,1134,630,504
S01013045,713,500,213
S01013046,649,375,274
S01013047,931,875,56
S01013048,1170,973,197
S01013049,1037,878,159
S01013050,852,540,312
S01013051,931,600,331
S01013052,738,493,245
S01013053,1040,506,534
S01013054,961,699,262
S01013055,754,453,301
S01013056,1279,726,553
S01013057,996,349,647
S01013058,564,458,106
S01013059,1156,928,228
S01013060,593,499,94
S01013061,1078,997,81
S01013062,1028,811,217
S01013063,879,694,185
S01013064,1189,839,350
S01013065,1166,686,480
S01013066,784,521,263
S01013067,1320,365,955
S01013068,1508,523,985
S01013069,964,289,675
S01013070,884,196,688
S01013071,815,161,654
S01013072,876,330,546
S01013073,1104,379,725
S01013074,1525,397,1128
S01013075,866,261,605
S01013076,644,459,185
S01013077,717,347,370
S01013078,800,336,464
S01013079,1222,998,224
S01013080,1121,795,326
S01013081,708,606,102
S01013082,1311,1139,172
S01013083,921,771,150
S01013084,1004,823,181
S01013085,888,583,305
S01013086,1021,648,373
S01013087,918,743,175
S01013088,927,824,103
S01013089,837,548,289
S01013090,1346,590,756
S01013091,840,294,546
S01013092,1335,694,641
S01013093,470,388,82
S01013094,748,719,29
S01013095,1901,1751,150
S01013096,572,375,197
S01013097,1743,1492,251
S01013098,59,32,27
S01013099,854,632,222
S01013100,958,824,134
S01013101,1672,1237,435
S01013102,706,646,60
S01013103,863,836,27
S01013104,1087,1019,68
S01013105,889,792,97
S01013106,1007,711,296
S01013107,854,710,144
S01013108,668,420,248
S01013109,1535,1181,354
S01013110,597,439,158
S01013111,733,543,190
S01013112,887,618,269
S01013113,1026,613,413
S01013114,1369,800,569
S01013115,876,625,251
S01013116,917,828,89
S01013117,995,675,320
S01013118,927,652,275
S01013119,744,509,235
S01013120,1090,621,469
S01013121,391,190,201
S01013122,862,295,567
S01013123,925,475,450
S01013124,1123,694,429
S01013125,859,586,273
S01013126,978,307,671
S01013127,1128,417,711
S01013128,993,388,605
S01013129,1276,774,502
S01013130,980,296,684
S01013131,917,270,647
S01013132,705,185,520
S01013133,842,274,568
S01013134,840,584,256
S01013135,1025,427,598
S01013136,1157,688,469
S01013137,990,629,361
S01013138,903,234,669
S01013139,1115,409,706
S01013140,1083,585,498
S01013141,647,286,361
S01013142,1054,237,817
S01013143,1023,596,427
S01013144,894,589,305
S01013145,919,636,283
S01013146,558,392,166
S01013147,799,588,211
S01013148,1044,782,262
S01013149,824,585,239
S01013150,846,615,231
S01013151,566,476,90
S01013152,1359,924,435
S01013153,987,392,595
S01013154,1358,674,684
S01013155,908,220,688
S01013156,1079,338,741
S01013157,1243,375,868
S01013158,811,748,63
S01013159,844,754,90
S01013160,961,884,77
S01013161,1021,673,348
S01013162,1141,729,412
S01013163,834,685,149
S01013164,1203,708,495
S01013165,1270,932,338
S01013166,779,196,583
S01013167,1192,402,790
S01013168,1036,570,466
S01013169,776,466,310
S01013170,1251,711,540
S01013171,787,656,131
S01013172,853,588,265
S01013173,799,610,189
S01013174,1142,1033,109
S01013175,837,715,122
S01013176,982,733,249
S01013177,1070,881,189
S01013178,719,562,157
S01013179,1398,1104,294
S01013180,434,395,39
S01013181,959,830,129
S01013182,836,554,282
S01013183,1016,918,98
S01013184,572,177,395
S01013185,1047,521,526
S01013186,734,341,393
S01013187,957,479,478
S01013188,1010,828,182
S01013189,821,728,93
S01013190,897,611,286
S01013191,1055,1019,36
S01013192,1019,851,168
S01013193,649,506,143
S01013194,1201,867,334
S01013195,977,561,416
S01013196,680,496,184
S01013197,555,452,103
S01013198,851,545,306
S01013199,897,570,327
S01013200,925,508,417
S01013201,815,283,532
S01013202,552,275,277
S01013203,1014,588,426
S01013204,1040,878,162
S01013205,766,314,452
S01013206,883,464,419
S01013207,1149,787,362
S01013208,753,258,495
S01013209,1018,697,321
S01013210,784,672,112
S01013211,958,703,255
S01013212,852,778,74
S01013213,939,894,45
S01013214,438,421,17
S01013215,762,543,219
S01013216,813,419,394
S01013217,803,554,249
S01013218,754,305,449
S01013219,661,293,368
S01013220,892,495,397
S01013221,937,512,425
S01013222,690,259,431
S01013223,1379,684,695
S01013224,1110,682,428
S01013225,1221,735,486
S01013226,797,596,201
S01013227,586,217,369
S01013228,810,505,305
S01013229,999,544,455
S01013230,898,559,339
S01013231,1296,878,418
S01013232,779,481,298
S01013233,579,433,146
S01013234,640,581,59
S01013235,1051,752,299
S01013236,981,864,117
S01013237,1022,694,328
S01013238,1057,414,643
S01013239,941,388,553
S01013240,758,298,460
S01013241,809,769,40
S01013242,647,537,110
S01013243,815,460,355
S01013244,1219,570,649
S01013245,1009,744,265
S01013246,467,339,128
S01013247,912,490,422
S01013248,710,312,398
S01013249,1091,754,337
S01013250,1417,1075,342
S01013251,993,426,567
S01013252,1161,789,372
S01013253,856,564,292
S01013254,866,426,440
S01013255,1114,684,430
S01013256,976,724,252
S01013257,1031,642,389
S01013258,978,727,251
S01013259,1313,929,384
S01013260,880,415,465
S01013261,1187,700,487
S01013262,827,567,260
S01013263,1125,1035,90
S01013264,290,286,4
S01013265,979,928,51
S01013266,416,388,28
S01013267,787,653,134
S01013268,1222,812,410
S01013269,1132,933,199
S01013270,829,803,26
S01013271,1221,1137,84
S01013272,1198,1138,60
S01013273,942,897,45
S01013274,938,842,96
S01013275,1069,941,128
S01013276,979,755,224
S01013277,889,593,296
S01013278,1015,597,418
S01013279,875,355,520
S01013280,817,534,283
S01013281,963,539,424
S01013282,827,342,485
S01013283,1116,471,645
S01013284,651,567,84
S01013285,764,664,100
S01013286,764,644,120
S01013287,783,746,37
S01013288,714,540,174
S01013289,1029,900,129
S01013290,1170,942,228
S01013291,1201,1040,161
S01013292,846,745,101
S01013293,853,807,46
S01013294,866,753,113
S01013295,885,758,127
S01013296,871,498,373
S01013297,1163,800,363
S01013298,763,517,246
S01013299,1308,745,563
S01013300,1212,684,528
S01013301,676,446,230
S01013302,1448,1279,169
S01013303,1548,1055,493
S01013304,1014,423,591
S01013305,952,491,461
S01013306,1012,226,786
S01013307,1197,361,836
S01013308,1328,450,878
S01013309,880,628,252
S01013310,649,412,237
S01013311,1181,556,625
S01013312,1593,883,710
S01013313,692,378,314
S01013314,834,472,362
S01013315,267,232,35
S01013316,692,562,130
S01013317,665,585,80
S01013318,709,629,80
S01013319,866,683,183
S01013320,744,602,142
S01013321,500,255,245
S01013322,724,520,204
S01013323,947,509,438
S01013324,1019,473,546
S01013325,1297,323,974
S01013326,969,471,498
S01013327,868,453,415
S01013328,740,286,454
S01013329,538,309,229
S01013330,993,606,387
S01013331,647,451,196
S01013332,825,562,263
S01013333,1128,814,314
S01013334,787,413,374
S01013335,1018,377,641
S01013336,1041,438,603
S01013337,2887,2142,745
S01013338,407,330,77
S01013339,863,712,151
S01013340,1315,1180,135
S01013341,898,704,194
S01013342,822,427,395
S01013343,757,484,273
S01013344,1380,843,537
S01013345,855,506,349
S01013346,914,803,111
S01013347,691,586,105
S01013348,1530,1119,411
S01013349,1047,425,622
S01013350,1447,661,786
S01013351,784,596,188
S01013352,1013,727,286
S01013353,1113,665,448
S01013354,885,678,207
S01013355,932,656,276
S01013356,972,499,473
S01013357,1103,770,333
S01013358,977,625,352
S01013359,621,283,338
S01013360,687,388,299
S01013361,1398,624,774
S01013362,583,366,217
S01013363,1134,530,604
S01013364,788,539,249
S01013365,1189,953,236
S01013366,635,572,63
S01013367,741,638,103
S01013368,891,625,266
S01013369,911,401,510
S01013370,869,435,434
S01013371,856,533,323
S01013372,1148,381,767
S01013373,1347,742,605
S01013374,1080,366,714
S01013375,676,404,272
S01013376,661,350,311
S01013377,772,478,294
S01013378,1052,675,377
S01013379,1156,797,359
S01013380,1361,1107,254
S01013381,750,459,291
S01013382,992,690,302
S01013383,808,411,397
S01013384,1148,710,438
S01013385,689,431,258
S01013386,800,749,51
S01013387,740,375,365
S01013388,737,467,270
S01013389,975,690,285
S01013390,548,369,179
S01013391,1017,798,219
S01013392,1077,943,134
S01013393,1904,1355,549
S01013394,742,380,362
S01013395,1518,789,729
S01013396,1197,828,369
S01013397,945,630,315
S01013398,234,191,43
S01013399,1109,943,166
S01013400,637,364,273
S01013401,3730,2940,790
S01013402,194,95,99
S01013403,96,84,12
S01013404,4304,3380,924
S01013405,663,449,214
S01013406,708,333,375
S01013407,1820,1129,691
S01013408,837,409,428
S01013409,1286,706,580
S01013410,596,182,414
S01013411,940,623,317
S01013412,797,511,286
S01013413,1030,698,332
S01013414,902,407,495
S01013415,852,323,529
S01013416,576,270,306
S01013417,812,414,398
S01013418,519,286,233
S01013419,562,536,26
S01013420,1257,963,294
S01013421,932,816,116
S01013422,968,581,387
S01013423,888,666,222
S01013424,804,673,131
S01013425,429,339,90
S01013426,891,508,383
S01013427,746,620,126
S01013428,1613,1010,603
S01013429,1520,1098,422
S01013430,1786,1517,269
S01013431,1008,579,429
S01013432,796,563,233
S01013433,746,623,123
S01013434,534,457,77
S01013435,786,727,59
S01013436,1005,728,277
S01013437,792,521,271
S01013438,709,355,354
S01013439,899,850,49
S01013440,1281,1200,81
S01013441,866,749,117
S01013442,907,767,140
S01013443,635,507,128
S01013444,1209,699,510
S01013445,624,563,61
S01013446,713,546,167
S01013447,645,593,52
S01013448,1091,965,126
S01013449,782,745,37
S01013450,822,739,83
S01013451,871,838,33
S01013452,629,534,95
S01013453,1018,474,544
S01013454,753,622,131
S01013455,560,333,227
S01013456,1044,671,373
S01013457,1021,618,403
S01013458,832,587,245
S01013459,986,574,412
S01013460,1021,597,424
S01013461,1198,755,443
S01013462,947,706,241
S01013463,997,507,490
S01013464,805,669,136
S01013465,785,635,150
S01013466,295,218,77
S01013467,950,862,88
S01013468,622,426,196
S01013469,1002,791,211
S01013470,964,430,534
S01013471,935,573,362
S01013472,1197,1031,166
S01013473,525,436,89
S01013474,756,618,138
S01013475,1626,1439,187
S01013476,626,481,145
S01013477,993,612,381
S01013478,902,681,221
S01013479,1029,613,416
S01013480,671,429,242
S01013481,1285,1123,162
