dz_2011,total,active,inactive
S01006506,581,423,158
S01006507,776,539,237
S01006508,655,536,119
S01006509,543,375,168
S01006510,501,335,166
S01006511,713,442,271
S01006512,281,214,67
S01006513,720,491,229
S01006514,792,499,293
S01006515,821,575,246
S01006516,660,433,227
S01006517,744,515,229
S01006518,728,467,261
S01006519,626,425,201
S01006520,582,390,192
S01006521,426,241,185
S01006522,395,274,121
S01006523,904,613,291
S01006524,863,542,321
S01006525,996,608,388
S01006526,1136,739,397
S01006527,1046,644,402
S01006528,847,548,299
S01006529,785,549,236
S01006530,842,555,287
S01006531,934,547,387
S01006532,598,390,208
S01006533,614,446,168
S01006534,714,518,196
S01006535,901,740,161
S01006536,1105,907,198
S01006537,604,390,214
S01006538,529,342,187
S01006539,702,486,216
S01006540,942,658,284
S01006541,667,390,277
S01006542,747,441,306
S01006543,716,444,272
S01006544,868,517,351
S01006545,773,514,259
S01006546,857,571,286
S01006547,1025,626,399
S01006548,578,365,213
S01006549,599,368,231
S01006550,928,571,357
S01006551,675,388,287
S01006552,966,648,318
S01006553,706,406,300
S01006554,666,418,248
S01006555,736,429,307
S01006556,762,464,298
S01006557,600,419,181
S01006558,695,546,149
S01006559,463,342,121
S01006560,675,495,180
S01006561,653,488,165
S01006562,746,464,282
S01006563,881,619,262
S01006564,944,650,294
S01006565,1082,717,365
S01006566,742,561,181
S01006567,965,655,310
S01006568,985,792,193
S01006569,616,453,163
S01006570,672,527,145
S01006571,915,704,211
S01006572,936,575,361
S01006573,487,352,135
S01006574,688,491,197
S01006575,863,654,209
S01006576,686,546,140
S01006577,758,580,178
S01006578,1327,1085,242
S01006579,1212,1002,210
S01006580,665,539,126
S01006581,917,627,290
S01006582,536,400,136
S01006583,915,773,142
S01006584,764,593,171
S01006585,682,458,224
S01006586,733,514,219
S01006587,459,312,147
S01006588,637,518,119
S01006589,954,659,295
S01006590,568,414,154
S01006591,482,388,94
S01006592,358,302,56
S01006593,474,371,103
S01006594,623,459,164
S01006595,655,561,94
S01006596,736,597,139
S01006597,768,627,141
S01006598,866,662,204
S01006599,834,532,302
S01006600,995,749,246
S01006601,829,630,199
S01006602,687,501,186
S01006603,1019,638,381
S01006604,678,474,204
S01006605,579,351,228
S01006606,1020,665,355
S01006607,965,655,310
S01006608,684,488,196
S01006609,1012,639,373
S01006610,541,288,253
S01006611,863,525,338
S01006612,752,528,224
S01006613,345,282,63
S01006614,696,616,80
S01006615,331,283,48
S01006616,581,504,77
S01006617,766,580,186
S01006618,442,375,67
S01006619,763,603,160
S01006620,909,726,183
S01006621,704,537,167
S01006622,506,467,39
S01006623,1097,749,348
S01006624,692,489,203
S01006625,648,436,212
S01006626,651,406,245
S01006627,573,455,118
S01006628,976,767,209
S01006629,649,439,210
S01006630,620,399,221
S01006631,826,549,277
S01006632,702,420,282
S01006633,687,437,250
S01006634,564,350,214
S01006635,704,436,268
S01006636,689,445,244
S01006637,454,301,153
S01006638,861,570,291
S01006639,760,489,271
S01006640,150,106,44
S01006641,791,545,246
S01006642,748,503,245
S01006643,971,684,287
S01006644,517,332,185
S01006645,1036,621,415
S01006646,966,641,325
S01006647,577,351,226
S01006648,1600,872,728
S01006649,611,421,190
S01006650,798,537,261
S01006651,656,405,251
S01006652,619,418,201
S01006653,633,493,140
S01006654,637,383,254
S01006655,407,205,202
S01006656,780,556,224
S01006657,521,377,144
S01006658,1009,620,389
S01006659,801,508,293
S01006660,513,323,190
S01006661,642,408,234
S01006662,529,282,247
S01006663,1173,587,586
S01006664,372,243,129
S01006665,722,436,286
S01006666,987,589,398
S01006667,867,460,407
S01006668,751,409,342
S01006669,1083,440,643
S01006670,352,197,155
S01006671,1190,470,720
S01006672,599,338,261
S01006673,846,403,443
S01006674,673,400,273
S01006675,392,248,144
S01006676,572,341,231
S01006677,576,369,207
S01006678,834,523,311
S01006679,739,522,217
S01006680,588,370,218
S01006681,770,512,258
S01006682,557,312,245
S01006683,875,532,343
S01006684,578,386,192
S01006685,633,385,248
S01006686,697,390,307
S01006687,745,469,276
S01006688,757,450,307
S01006689,417,211,206
S01006690,641,401,240
S01006691,724,479,245
S01006692,734,470,264
S01006693,874,619,255
S01006694,857,467,390
S01006695,599,365,234
S01006696,801,499,302
S01006697,799,501,298
S01006698,685,382,303
S01006699,611,395,216
S01006700,997,607,390
S01006701,800,496,304
S01006702,770,478,292
S01006703,552,355,197
S01006704,629,354,275
S01006705,728,457,271
S01006706,573,369,204
S01006707,546,335,211
S01006708,676,407,269
S01006709,834,545,289
S01006710,908,660,248
S01006711,858,587,271
S01006712,538,332,206
S01006713,750,457,293
S01006714,682,427,255
S01006715,731,430,301
S01006716,464,298,166
S01006717,793,528,265
S01006718,499,325,174
S01006719,753,510,243
S01006720,580,411,169
S01006721,748,487,261
S01006722,635,428,207
S01006723,747,489,258
S01006724,825,474,351
S01006725,753,504,249
S01006726,608,336,272
S01006727,772,431,341
S01006728,686,469,217
S01006729,608,363,245
S01006730,567,407,160
S01006731,429,297,132
S01006732,808,556,252
S01006733,627,490,137
S01006734,784,612,172
S01006735,719,480,239
S01006736,666,583,83
S01006737,612,439,173
S01006738,553,437,116
S01006739,435,341,94
S01006740,791,486,305
S01006741,621,375,246
S01006742,365,237,128
S01006743,736,496,240
S01006744,524,398,126
S01006745,797,524,273
S01006746,551,363,188
S01006747,967,611,356
S01006748,841,615,226
S01006749,1056,795,261
S01006750,626,462,164
S01006751,342,248,94
S01006752,670,458,212
S01006753,734,512,222
S01006754,1006,764,242
S01006755,607,468,139
S01006756,203,132,71
S01006757,1043,842,201
S01006758,559,484,75
S01006759,484,383,101
S01006760,503,420,83
S01006761,822,620,202
S01006762,802,574,228
S01006763,867,767,100
S01006764,655,564,91
S01006765,614,516,98
S01006766,498,420,78
S01006767,659,493,166
S01006768,552,459,93
S01006769,1004,781,223
S01006770,632,527,105
S01006771,408,340,68
S01006772,1185,981,204
S01006773,544,442,102
S01006774,665,588,77
S01006775,603,455,148
S01006776,502,343,159
S01006777,881,732,149
S01006778,746,581,165
S01006779,786,518,268
S01006780,664,463,201
S01006781,787,561,226
S01006782,739,548,191
S01006783,535,343,192
S01006784,604,447,157
S01006785,517,440,77
S01006786,883,705,178
S01006787,898,692,206
S01006788,539,458,81
S01006789,677,462,215
S01006790,624,409,215
S01006791,374,247,127
S01006792,502,355,147
S01006793,481,348,133
S01006794,606,390,216
S01006795,497,307,190
S01006796,276,184,92
S01006797,466,350,116
S01006798,495,386,109
S01006799,640,451,189
S01006800,658,451,207
S01006801,483,350,133
S01006802,484,322,162
S01006803,519,351,168
S01006804,509,382,127
S01006805,759,533,226
S01006806,751,552,199
S01006807,377,279,98
S01006808,640,457,183
S01006809,669,462,207
S01006810,704,481,223
S01006811,618,457,161
S01006812,557,428,129
S01006813,616,444,172
S01006814,667,506,161
S01006815,429,291,138
S01006816,668,497,171
S01006817,507,382,125
S01006818,514,393,121
S01006819,571,452,119
S01006820,426,316,110
S01006821,712,539,173
S01006822,572,443,129
S01006823,627,459,168
S01006824,498,349,149
S01006825,826,652,174
S01006826,858,650,208
S01006827,750,509,241
S01006828,733,530,203
S01006829,172,138,34
S01006830,476,365,111
S01006831,1045,734,311
S01006832,682,473,209
S01006833,512,334,178
S01006834,182,143,39
S01006835,849,603,246
S01006836,40,23,17
S01006837,359,260,99
S01006838,742,591,151
S01006839,687,517,170
S01006840,875,652,223
S01006841,1008,797,211
S01006842,824,623,201
S01006843,736,622,114
S01006844,561,460,101
S01006845,770,641,129
S01006846,644,524,120
S01006847,550,450,100
S01006848,624,472,152
S01006849,325,230,95
S01006850,891,729,162
S01006851,548,398,150
S01006852,450,357,93
S01006853,621,447,174
S01006854,1014,730,284
S01006855,575,430,145
S01006856,656,487,169
S01006857,733,567,166
S01006858,469,362,107
S01006859,735,510,225
S01006860,485,317,168
S01006861,183,102,81
S01006862,708,543,165
S01006863,443,290,153
S01006864,109,74,35
S01006865,695,518,177
S01006866,483,326,157
S01006867,779,501,278
S01006868,637,427,210
S01006869,402,288,114
S01006870,399,275,124
S01006871,636,450,186
S01006872,688,479,209
S01006873,740,493,247
S01006874,432,326,106
S01006875,478,315,163
S01006876,726,524,202
S01006877,760,572,188
S01006878,733,517,216
S01006879,623,456,167
S01006880,425,328,97
S01006881,414,326,88
S01006882,638,415,223
S01006883,412,297,115
S01006884,725,499,226
S01006885,500,346,154
S01006886,545,395,150
S01006887,294,219,75
S01006888,524,390,134
S01006889,514,397,117
S01006890,699,551,148
S01006891,487,372,115
S01006892,456,332,124
S01006893,801,615,186
S01006894,446,301,145
S01006895,407,304,103
S01006896,603,440,163
S01006897,799,626,173
S01006898,383,295,88
S01006899,281,232,49
S01006900,361,294,67
S01006901,615,471,144
S01006902,498,381,117
S01006903,652,442,210
S01006904,324,234,90
S01006905,685,445,240
S01006906,790,520,270
S01006907,460,329,131
S01006908,649,458,191
S01006909,196,152,44
S01006910,252,186,66
S01006911,243,196,47
S01006912,205,148,57
S01006913,381,312,69
S01006914,561,424,137
S01006915,597,481,116
S01006916,219,150,69
S01006917,89,67,22
S01006918,352,268,84
S01006919,424,294,130
S01006920,417,284,133
S01006921,323,262,61
S01006922,465,348,117
S01006923,517,383,134
S01006924,338,263,75
S01006925,425,340,85
S01006926,247,195,52
S01006927,201,159,42
S01006928,856,631,225
S01006929,949,740,209
S01006930,650,509,141
S01006931,298,208,90
S01006932,355,260,95
S01006933,666,600,66
S01006934,473,326,147
S01006935,742,579,163
S01006936,581,466,115
S01006937,707,556,151
S01006938,691,554,137
S01006939,522,411,111
S01006940,844,655,189
S01006941,664,496,168
S01006942,755,611,144
S01006943,198,142,56
S01006944,73,63,10
S01006945,808,638,170
S01006946,609,492,117
S01006947,823,674,149
S01006948,732,575,157
S01006949,510,401,109
S01006950,174,147,27
S01006951,598,478,120
S01006952,877,671,206
S01006953,913,733,180
S01006954,866,679,187
S01006955,415,341,74
S01006956,541,451,90
S01006957,616,492,124
S01006958,799,550,249
S01006959,557,370,187
S01006960,261,204,57
S01006961,235,173,62
S01006962,596,424,172
S01006963,833,661,172
S01006964,637,534,103
S01006965,420,316,104
S01006966,581,435,146
S01006967,570,471,99
S01006968,797,603,194
S01006969,764,605,159
S01006970,531,375,156
S01006971,672,473,199
S01006972,340,273,67
S01006973,435,333,102
S01006974,950,749,201
S01006975,821,633,188
S01006976,438,341,97
S01006977,643,499,144
S01006978,569,425,144
S01006979,977,726,251
S01006980,470,367,103
S01006981,592,450,142
S01006982,685,532,153
S01006983,751,587,164
S01006984,598,466,132
S01006985,957,698,259
S01006986,302,219,83
S01006987,719,515,204
S01006988,349,275,74
S01006989,534,425,109
S01006990,308,239,69
S01006991,479,302,177
S01006992,631,518,113
S01006993,528,407,121
S01006994,461,348,113
S01006995,660,483,177
S01006996,488,364,124
S01006997,431,342,89
S01006998,695,527,168
S01006999,590,432,158
S01007000,795,556,239
S01007001,648,451,197
S01007002,291,205,86
S01007003,407,308,99
S01007004,775,543,232
S01007005,673,518,155
S01007006,689,447,242
S01007007,559,404,155
S01007008,574,360,214
S01007009,961,684,277
S01007010,647,421,226
S01007011,797,519,278
S01007012,695,404,291
S01007013,676,486,190
S01007014,727,546,181
S01007015,539,396,143
S01007016,407,323,84
S01007017,775,517,258
S01007018,881,599,282
S01007019,738,486,252
S01007020,684,481,203
S01007021,950,630,320
S01007022,345,238,107
S01007023,528,328,200
S01007024,800,528,272
S01007025,785,468,317
S01007026,666,407,259
S01007027,1009,559,450
S01007028,948,585,363
S01007029,390,283,107
S01007030,681,475,206
S01007031,424,262,162
S01007032,858,559,299
S01007033,867,590,277
S01007034,694,415,279
S01007035,714,417,297
S01007036,693,443,250
S01007037,805,554,251
S01007038,596,403,193
S01007039,519,317,202
S01007040,731,446,285
S01007041,713,472,241
S01007042,623,416,207
S01007043,756,536,220
S01007044,762,495,267
S01007045,656,452,204
S01007046,392,262,130
S01007047,712,507,205
S01007048,981,668,313
S01007049,731,450,281
S01007050,703,486,217
S01007051,677,488,189
S01007052,396,281,115
S01007053,564,393,171
S01007054,753,498,255
S01007055,367,277,90
S01007056,589,439,150
S01007057,673,457,216
S01007058,587,382,205
S01007059,841,582,259
S01007060,493,345,148
S01007061,819,630,189
S01007062,533,403,130
S01007063,1007,716,291
S01007064,514,378,136
S01007065,564,414,150
S01007066,505,362,143
S01007067,996,711,285
S01007068,543,343,200
S01007069,795,608,187
S01007070,581,400,181
S01007071,839,615,224
S01007072,1157,714,443
S01007073,1363,860,503
S01007074,889,633,256
S01007075,771,519,252
S01007076,657,505,152
S01007077,657,439,218
S01007078,772,463,309
S01007079,837,513,324
S01007080,626,358,268
S01007081,781,513,268
S01007082,486,300,186
S01007083,667,345,322
S01007084,588,356,232
S01007085,824,570,254
S01007086,780,476,304
S01007087,679,401,278
S01007088,471,274,197
S01007089,434,337,97
S01007090,419,327,92
S01007091,201,137,64
S01007092,521,327,194
S01007093,821,629,192
S01007094,860,576,284
S01007095,507,360,147
S01007096,694,502,192
S01007097,648,477,171
S01007098,386,267,119
S01007099,469,326,143
S01007100,663,451,212
S01007101,882,607,275
S01007102,578,405,173
S01007103,573,355,218
S01007104,369,242,127
S01007105,474,294,180
S01007106,701,434,267
S01007107,489,360,129
S01007108,507,342,165
S01007109,714,470,244
S01007110,699,438,261
S01007111,390,250,140
S01007112,685,448,237
S01007113,568,365,203
S01007114,642,428,214
S01007115,532,380,152
S01007116,502,366,136
S01007117,476,330,146
S01007118,679,453,226
S01007119,733,496,237
S01007120,850,581,269
S01007121,478,311,167
S01007122,414,271,143
S01007123,710,427,283
S01007124,774,523,251
S01007125,579,336,243
S01007126,738,426,312
S01007127,453,292,161
S01007128,764,486,278
S01007129,504,387,117
S01007130,508,331,177
S01007131,590,411,179
S01007132,535,366,169
S01007133,487,300,187
S01007134,617,443,174
S01007135,520,373,147
S01007136,240,185,55
S01007137,114,87,27
S01007138,338,244,94
S01007139,565,415,150
S01007140,625,436,189
S01007141,434,316,118
S01007142,118,101,17
S01007143,345,237,108
S01007144,1111,795,316
S01007145,710,449,261
S01007146,644,420,224
S01007147,709,488,221
S01007148,427,340,87
S01007149,745,537,208
S01007150,610,350,260
S01007151,730,547,183
S01007152,588,405,183
S01007153,734,495,239
S01007154,607,412,195
S01007155,498,317,181
S01007156,725,548,177
S01007157,615,467,148
S01007158,650,505,145
S01007159,640,396,244
S01007160,598,409,189
S01007161,695,443,252
S01007162,282,182,100
S01007163,809,566,243
S01007164,605,425,180
S01007165,638,446,192
S01007166,839,525,314
S01007167,727,522,205
S01007168,783,550,233
S01007169,645,481,164
S01007170,533,393,140
S01007171,992,735,257
S01007172,917,687,230
S01007173,468,382,86
S01007174,488,362,126
S01007175,540,342,198
S01007176,762,500,262
S01007177,553,360,193
S01007178,689,408,281
S01007179,972,700,272
S01007180,760,429,331
S01007181,829,546,283
S01007182,894,601,293
S01007183,927,562,365
S01007184,760,506,254
S01007185,637,398,239
S01007186,480,312,168
S01007187,555,328,227
S01007188,568,368,200
S01007189,620,348,272
S01007190,664,381,283
S01007191,537,353,184
S01007192,623,398,225
S01007193,603,382,221
S01007194,423,255,168
S01007195,700,461,239
S01007196,503,302,201
S01007197,280,165,115
S01007198,337,197,140
S01007199,748,442,306
S01007200,698,488,210
S01007201,819,538,281
S01007202,617,405,212
S01007203,691,512,179
S01007204,780,514,266
S01007205,593,432,161
S01007206,256,149,107
S01007207,792,545,247
S01007208,582,413,169
S01007209,497,339,158
S01007210,745,495,250
S01007211,553,359,194
S01007212,616,425,191
S01007213,633,390,243
S01007214,634,406,228
S01007215,679,456,223
S01007216,623,406,217
S01007217,647,397,250
S01007218,583,390,193
S01007219,798,548,250
S01007220,607,405,202
S01007221,483,294,189
S01007222,845,592,253
S01007223,500,341,159
S01007224,542,353,189
S01007225,785,543,242
S01007226,692,493,199
S01007227,1012,695,317
S01007228,572,382,190
S01007229,914,629,285
S01007230,953,588,365
S01007231,549,338,211
S01007232,390,221,169
S01007233,552,383,169
S01007234,449,278,171
S01007235,744,503,241
S01007236,762,499,263
S01007237,565,374,191
S01007238,708,460,248
S01007239,937,639,298
S01007240,448,326,122
S01007241,899,623,276
S01007242,788,537,251
S01007243,941,620,321
S01007244,491,339,152
S01007245,578,390,188
S01007246,479,348,131
S01007247,803,592,211
S01007248,638,445,193
S01007249,416,277,139
S01007250,569,403,166
S01007251,445,316,129
S01007252,595,407,188
S01007253,581,392,189
S01007254,637,393,244
S01007255,765,523,242
S01007256,554,399,155
S01007257,604,426,178
S01007258,541,357,184
S01007259,661,435,226
S01007260,834,524,310
S01007261,762,510,252
S01007262,519,353,166
S01007263,933,653,280
S01007264,645,433,212
S01007265,806,547,259
S01007266,583,411,172
S01007267,430,316,114
S01007268,442,289,153
S01007269,486,356,130
S01007270,364,248,116
S01007271,819,590,229
S01007272,817,496,321
S01007273,494,323,171
S01007274,560,377,183
S01007275,566,365,201
S01007276,811,555,256
S01007277,728,488,240
S01007278,689,457,232
S01007279,499,345,154
S01007280,495,339,156
S01007281,856,573,283
S01007282,382,278,104
S01007283,599,357,242
S01007284,622,406,216
S01007285,740,544,196
S01007286,962,710,252
S01007287,411,316,95
S01007288,540,373,167
S01007289,743,575,168
S01007290,274,196,78
S01007291,429,292,137
S01007292,534,418,116
S01007293,817,602,215
S01007294,722,505,217
S01007295,430,275,155
S01007296,472,332,140
S01007297,722,545,177
S01007298,417,302,115
S01007299,694,497,197
S01007300,567,409,158
S01007301,636,428,208
S01007302,661,442,219
S01007303,732,483,249
S01007304,436,288,148
S01007305,675,470,205
S01007306,737,524,213
S01007307,720,532,188
S01007308,626,433,193
S01007309,598,428,170
S01007310,710,469,241
S01007311,720,523,197
S01007312,615,383,232
S01007313,676,480,196
S01007314,688,513,175
S01007315,567,389,178
S01007316,807,516,291
S01007317,798,559,239
S01007318,444,309,135
S01007319,608,428,180
S01007320,742,523,219
S01007321,477,315,162
S01007322,606,414,192
S01007323,420,297,123
S01007324,227,154,73
S01007325,580,363,217
S01007326,783,561,222
S01007327,701,427,274
S01007328,816,508,308
S01007329,461,319,142
S01007330,629,377,252
S01007331,674,475,199
S01007332,507,354,153
S01007333,833,533,300
S01007334,626,364,262
S01007335,754,459,295
S01007336,550,365,185
S01007337,452,275,177
S01007338,869,585,284
S01007339,620,372,248
S01007340,521,304,217
S01007341,563,320,243
S01007342,585,350,235
S01007343,556,383,173
S01007344,440,277,163
S01007345,415,206,209
S01007346,629,354,275
S01007347,851,521,330
S01007348,590,371,219
S01007349,482,317,165
S01007350,494,286,208
S01007351,491,281,210
S01007352,390,243,147
S01007353,487,283,204
S01007354,588,349,239
S01007355,955,598,357
S01007356,550,289,261
S01007357,622,400,222
S01007358,1184,882,302
S01007359,679,381,298
S01007360,584,334,250
S01007361,773,476,297
S01007362,760,465,295
S01007363,748,426,322
S01007364,753,406,347
S01007365,302,167,135
S01007366,414,217,197
S01007367,467,276,191
S01007368,467,259,208
S01007369,806,523,283
S01007370,680,438,242
S01007371,632,431,201
S01007372,682,403,279
S01007373,437,262,175
S01007374,634,436,198
S01007375,387,229,158
S01007376,777,516,261
S01007377,515,349,166
S01007378,2844,2648,196
S01007379,671,404,267
S01007380,572,397,175
S01007381,345,219,126
S01007382,750,499,251
S01007383,604,386,218
S01007384,748,464,284
S01007385,960,583,377
S01007386,653,410,243
S01007387,690,490,200
S01007388,576,419,157
S01007389,584,452,132
S01007390,277,209,68
S01007391,520,364,156
S01007392,350,221,129
S01007393,659,411,248
S01007394,536,324,212
S01007395,865,598,267
S01007396,861,576,285
S01007397,717,461,256
S01007398,518,323,195
S01007399,535,329,206
S01007400,643,405,238
S01007401,595,403,192
S01007402,549,363,186
S01007403,541,415,126
S01007404,529,358,171
S01007405,367,273,94
S01007406,538,371,167
S01007407,572,393,179
S01007408,685,467,218
S01007409,519,388,131
S01007410,654,369,285
S01007411,625,341,284
S01007412,437,243,194
S01007413,585,452,133
S01007414,252,183,69
S01007415,678,387,291
S01007416,388,220,168
S01007417,187,114,73
S01007418,528,310,218
S01007419,635,362,273
S01007420,1218,510,708
S01007421,460,281,179
S01007422,584,383,201
S01007423,281,174,107
S01007424,634,429,205
S01007425,787,545,242
S01007426,677,445,232
S01007427,621,340,281
S01007428,828,570,258
S01007429,708,482,226
S01007430,408,276,132
S01007431,519,387,132
S01007432,564,377,187
S01007433,727,459,268
S01007434,461,277,184
S01007435,608,425,183
S01007436,778,511,267
S01007437,419,272,147
S01007438,534,332,202
S01007439,730,479,251
S01007440,613,395,218
S01007441,522,394,128
S01007442,599,441,158
S01007443,720,433,287
S01007444,1035,656,379
S01007445,572,397,175
S01007446,544,340,204
S01007447,497,344,153
S01007448,785,506,279
S01007449,760,430,330
S01007450,926,585,341
S01007451,529,351,178
S01007452,539,332,207
S01007453,74,31,43
S01007454,427,251,176
S01007455,654,398,256
S01007456,783,456,327
S01007457,496,280,216
S01007458,646,415,231
S01007459,692,415,277
S01007460,671,393,278
S01007461,705,386,319
S01007462,706,412,294
S01007463,757,391,366
S01007464,828,445,383
S01007465,589,323,266
S01007466,760,474,286
S01007467,727,428,299
S01007468,915,701,214
S01007469,532,344,188
S01007470,453,241,212
S01007471,365,253,112
S01007472,799,475,324
S01007473,352,184,168
S01007474,341,242,99
S01007475,401,252,149
S01007476,577,329,248
S01007477,592,376,216
S01007478,666,461,205
S01007479,319,217,102
S01007480,657,481,176
S01007481,754,445,309
S01007482,558,283,275
S01007483,774,511,263
S01007484,671,429,242
S01007485,625,363,262
S01007486,630,341,289
S01007487,890,562,328
S01007488,746,524,222
S01007489,638,383,255
S01007490,910,544,366
S01007491,536,356,180
S01007492,518,339,179
S01007493,698,459,239
S01007494,600,383,217
S01007495,538,369,169
S01007496,823,522,301
S01007497,475,309,166
S01007498,852,502,350
S01007499,621,410,211
S01007500,572,332,240
S01007501,492,266,226
S01007502,498,323,175
S01007503,798,509,289
S01007504,838,534,304
S01007505,317,215,102
S01007506,415,249,166
S01007507,1078,651,427
S01007508,534,313,221
S01007509,550,333,217
S01007510,690,362,328
S01007511,855,474,381
S01007512,407,236,171
S01007513,790,503,287
S01007514,431,266,165
S01007515,427,273,154
S01007516,563,323,240
S01007517,403,223,180
S01007518,649,373,276
S01007519,438,252,186
S01007520,706,408,298
S01007521,535,328,207
S01007522,807,481,326
S01007523,394,234,160
S01007524,686,463,223
S01007525,414,264,150
S01007526,669,378,291
S01007527,1075,676,399
S01007528,709,473,236
S01007529,599,364,235
S01007530,399,259,140
S01007531,587,383,204
S01007532,382,249,133
S01007533,557,371,186
S01007534,1009,643,366
S01007535,634,381,253
S01007536,788,524,264
S01007537,1038,697,341
S01007538,557,392,165
S01007539,608,352,256
S01007540,596,354,242
S01007541,826,536,290
S01007542,690,445,245
S01007543,957,617,340
S01007544,1006,569,437
S01007545,961,608,353
S01007546,454,314,140
S01007547,400,283,117
S01007548,646,433,213
S01007549,572,350,222
S01007550,914,562,352
S01007551,984,622,362
S01007552,759,433,326
S01007553,757,393,364
S01007554,663,338,325
S01007555,538,319,219
S01007556,546,346,200
S01007557,860,502,358
S01007558,406,227,179
S01007559,565,380,185
S01007560,745,489,256
S01007561,742,453,289
S01007562,579,394,185
S01007563,779,508,271
S01007564,897,578,319
S01007565,743,506,237
S01007566,556,400,156
S01007567,379,278,101
S01007568,570,390,180
S01007569,689,454,235
S01007570,730,497,233
S01007571,420,273,147
S01007572,518,341,177
S01007573,74,51,23
S01007574,1076,719,357
S01007575,660,367,293
S01007576,790,466,324
S01007577,667,388,279
S01007578,625,368,257
S01007579,367,231,136
S01007580,664,416,248
S01007581,449,272,177
S01007582,656,402,254
S01007583,876,500,376
S01007584,619,359,260
S01007585,775,437,338
S01007586,678,398,280
S01007587,612,330,282
S01007588,707,462,245
S01007589,862,571,291
S01007590,457,274,183
S01007591,647,410,237
S01007592,768,481,287
S01007593,746,443,303
S01007594,656,480,176
S01007595,720,478,242
S01007596,578,337,241
S01007597,459,307,152
S01007598,800,564,236
S01007599,483,309,174
S01007600,706,451,255
S01007601,501,427,74
S01007602,790,649,141
S01007603,732,592,140
S01007604,790,585,205
S01007605,891,642,249
S01007606,455,339,116
S01007607,760,579,181
S01007608,800,554,246
S01007609,651,412,239
S01007610,566,378,188
S01007611,756,469,287
S01007612,767,526,241
S01007613,750,519,231
S01007614,621,392,229
S01007615,905,602,303
S01007616,693,467,226
S01007617,558,366,192
S01007618,616,381,235
S01007619,587,341,246
S01007620,658,456,202
S01007621,554,351,203
S01007622,614,392,222
S01007623,375,254,121
S01007624,571,445,126
S01007625,550,417,133
S01007626,381,342,39
S01007627,187,127,60
S01007628,655,421,234
S01007629,541,368,173
S01007630,630,464,166
S01007631,451,303,148
S01007632,1194,833,361
S01007633,1126,752,374
S01007634,494,337,157
S01007635,576,342,234
S01007636,908,571,337
S01007637,1053,701,352
S01007638,746,470,276
S01007639,732,528,204
S01007640,451,334,117
S01007641,492,315,177
S01007642,765,494,271
S01007643,675,409,266
S01007644,642,410,232
S01007645,604,397,207
S01007646,539,343,196
S01007647,816,581,235
S01007648,807,601,206
S01007649,565,427,138
S01007650,773,515,258
S01007651,564,394,170
S01007652,597,403,194
S01007653,825,592,233
S01007654,897,603,294
S01007655,590,402,188
S01007656,719,485,234
S01007657,500,353,147
S01007658,467,302,165
S01007659,718,474,244
S01007660,969,658,311
S01007661,581,395,186
S01007662,721,445,276
S01007663,820,506,314
S01007664,408,258,150
S01007665,504,308,196
S01007666,227,161,66
S01007667,390,241,149
S01007668,934,599,335
S01007669,457,303,154
S01007670,672,450,222
S01007671,494,346,148
S01007672,772,474,298
S01007673,521,362,159
S01007674,850,577,273
S01007675,524,378,146
S01007676,416,295,121
S01007677,111,76,35
S01007678,561,328,233
S01007679,668,384,284
S01007680,708,524,184
S01007681,412,284,128
S01007682,813,537,276
S01007683,924,573,351
S01007684,909,588,321
S01007685,947,539,408
S01007686,877,578,299
S01007687,814,500,314
S01007688,985,529,456
S01007689,550,304,246
S01007690,1172,550,622
S01007691,1876,763,1113
S01007692,825,416,409
S01007693,632,343,289
S01007694,335,190,145
S01007695,779,429,350
S01007696,736,441,295
S01007697,973,564,409
S01007698,929,573,356
S01007699,643,363,280
S01007700,735,491,244
S01007701,353,177,176
S01007702,297,182,115
S01007703,926,557,369
S01007704,1096,545,551
S01007705,748,344,404
S01007706,707,344,363
S01007707,235,126,109
S01007708,857,553,304
S01007709,631,339,292
S01007710,989,552,437
S01007711,1045,556,489
S01007712,774,469,305
S01007713,492,260,232
S01007714,493,339,154
S01007715,444,231,213
S01007716,818,407,411
S01007717,692,405,287
S01007718,747,380,367
S01007719,1140,684,456
S01007720,842,428,414
S01007721,816,450,366
S01007722,726,374,352
S01007723,795,357,438
S01007724,585,390,195
S01007725,1025,540,485
S01007726,696,383,313
S01007727,606,359,247
S01007728,840,536,304
S01007729,765,528,237
S01007730,729,521,208
S01007731,394,253,141
S01007732,479,273,206
S01007733,706,498,208
S01007734,656,451,205
S01007735,660,475,185
S01007736,654,424,230
S01007737,678,397,281
S01007738,799,468,331
S01007739,479,256,223
S01007740,537,375,162
S01007741,563,337,226
S01007742,522,295,227
S01007743,657,403,254
S01007744,563,299,264
S01007745,725,421,304
S01007746,689,428,261
S01007747,613,364,249
S01007748,487,286,201
S01007749,755,526,229
S01007750,825,491,334
S01007751,569,325,244
S01007752,788,444,344
S01007753,713,402,311
S01007754,1009,629,380
S01007755,587,326,261
S01007756,669,363,306
S01007757,1023,653,370
S01007758,760,438,322
S01007759,938,586,352
S01007760,750,468,282
S01007761,737,513,224
S01007762,568,385,183
S01007763,535,325,210
S01007764,773,586,187
S01007765,805,527,278
S01007766,878,574,304
S01007767,801,551,250
S01007768,529,345,184
S01007769,614,400,214
S01007770,618,395,223
S01007771,689,442,247
S01007772,899,529,370
S01007773,660,470,190
S01007774,104,95,9
S01007775,777,585,192
S01007776,381,307,74
S01007777,272,222,50
S01007778,259,164,95
S01007779,668,526,142
S01007780,626,534,92
S01007781,590,493,97
S01007782,497,345,152
S01007783,697,339,358
S01007784,599,469,130
S01007785,315,155,160
S01007786,723,436,287
S01007787,578,342,236
S01007788,502,236,266
S01007789,432,263,169
S01007790,488,290,198
S01007791,164,125,39
S01007792,810,526,284
S01007793,730,399,331
S01007794,949,619,330
S01007795,688,453,235
S01007796,686,405,281
S01007797,618,367,251
S01007798,278,206,72
S01007799,168,137,31
S01007800,701,385,316
S01007801,738,330,408
S01007802,479,377,102
S01007803,770,376,394
S01007804,523,277,246
S01007805,590,340,250
S01007806,742,447,295
S01007807,687,509,178
S01007808,663,423,240
S01007809,998,645,353
S01007810,728,421,307
S01007811,644,384,260
S01007812,532,296,236
S01007813,800,494,306
S01007814,650,434,216
S01007815,913,591,322
S01007816,594,458,136
S01007817,693,435,258
S01007818,704,513,191
S01007819,612,386,226
S01007820,818,512,306
S01007821,584,379,205
S01007822,771,522,249
S01007823,658,455,203
S01007824,913,561,352
S01007825,959,562,397
S01007826,475,225,250
S01007827,542,401,141
S01007828,930,594,336
S01007829,596,306,290
S01007830,824,450,374
S01007831,685,406,279
S01007832,710,363,347
S01007833,755,350,405
S01007834,591,345,246
S01007835,587,402,185
S01007836,658,389,269
S01007837,1026,695,331
S01007838,996,510,486
S01007839,604,320,284
S01007840,767,460,307
S01007841,743,472,271
S01007842,933,549,384
S01007843,789,434,355
S01007844,1019,689,330
S01007845,707,416,291
S01007846,577,331,246
S01007847,1067,563,504
S01007848,775,432,343
S01007849,733,424,309
S01007850,606,329,277
S01007851,739,371,368
S01007852,950,569,381
S01007853,561,302,259
S01007854,826,440,386
S01007855,583,334,249
S01007856,671,448,223
S01007857,370,220,150
S01007858,621,344,277
S01007859,416,251,165
S01007860,163,106,57
S01007861,866,537,329
S01007862,846,526,320
S01007863,634,379,255
S01007864,739,423,316
S01007865,492,298,194
S01007866,426,384,42
S01007867,380,228,152
S01007868,1070,745,325
S01007869,898,613,285
S01007870,471,319,152
S01007871,911,454,457
S01007872,590,268,322
S01007873,546,347,199
S01007874,612,321,291
S01007875,553,343,210
S01007876,607,375,232
S01007877,664,391,273
S01007878,578,301,277
S01007879,937,492,445
S01007880,465,326,139
S01007881,481,275,206
S01007882,754,553,201
S01007883,703,441,262
S01007884,661,388,273
S01007885,751,409,342
S01007886,681,392,289
S01007887,522,339,183
S01007888,839,501,338
S01007889,867,455,412
S01007890,572,322,250
S01007891,608,382,226
S01007892,850,547,303
S01007893,877,622,255
S01007894,815,539,276
S01007895,597,365,232
S01007896,829,478,351
S01007897,578,414,164
S01007898,535,384,151
S01007899,418,275,143
S01007900,422,234,188
S01007901,579,337,242
S01007902,801,385,416
S01007903,611,309,302
S01007904,583,372,211
S01007905,627,354,273
S01007906,652,307,345
S01007907,649,342,307
S01007908,910,546,364
S01007909,378,235,143
S01007910,832,480,352
S01007911,678,413,265
S01007912,677,377,300
S01007913,904,504,400
S01007914,666,416,250
S01007915,695,469,226
S01007916,848,458,390
S01007917,1011,630,381
S01007918,847,526,321
S01007919,539,400,139
S01007920,457,343,114
S01007921,923,498,425
S01007922,1012,529,483
S01007923,556,337,219
S01007924,846,474,372
S01007925,468,330,138
S01007926,544,407,137
S01007927,438,322,116
S01007928,875,604,271
S01007929,781,555,226
S01007930,410,309,101
S01007931,777,533,244
S01007932,736,533,203
S01007933,1011,713,298
S01007934,473,295,178
S01007935,815,560,255
S01007936,673,523,150
S01007937,918,692,226
S01007938,653,395,258
S01007939,811,457,354
S01007940,1252,852,400
S01007941,509,394,115
S01007942,165,103,62
S01007943,777,520,257
S01007944,762,514,248
S01007945,865,549,316
S01007946,765,464,301
S01007947,821,540,281
S01007948,606,336,270
S01007949,794,567,227
S01007950,820,593,227
S01007951,675,399,276
S01007952,623,420,203
S01007953,766,470,296
S01007954,572,336,236
S01007955,1294,651,643
S01007956,724,423,301
S01007957,926,575,351
S01007958,771,461,310
S01007959,1542,866,676
S01007960,479,326,153
S01007961,1363,735,628
S01007962,747,484,263
S01007963,752,396,356
S01007964,590,330,260
S01007965,615,392,223
S01007966,719,416,303
S01007967,615,364,251
S01007968,839,510,329
S01007969,644,378,266
S01007970,812,490,322
S01007971,813,447,366
S01007972,876,550,326
S01007973,835,634,201
S01007974,744,407,337
S01007975,482,284,198
S01007976,733,426,307
S01007977,415,281,134
S01007978,674,489,185
S01007979,592,399,193
S01007980,594,345,249
S01007981,622,401,221
S01007982,586,402,184
S01007983,1193,656,537
S01007984,740,430,310
S01007985,749,474,275
S01007986,476,318,158
S01007987,889,656,233
S01007988,806,558,248
S01007989,598,430,168
S01007990,893,652,241
S01007991,529,431,98
S01007992,537,444,93
S01007993,811,645,166
S01007994,234,200,34
S01007995,577,473,104
S01007996,300,224,76
S01007997,568,425,143
S01007998,511,351,160
S01007999,606,349,257
S01008000,610,389,221
S01008001,669,380,289
S01008002,789,477,312
S01008003,525,356,169
S01008004,80,50,30
S01008005,73,53,20
S01008006,444,228,216
S01008007,473,304,169
S01008008,412,227,185
S01008009,595,345,250
S01008010,853,536,317
S01008011,496,222,274
S01008012,679,439,240
S01008013,519,372,147
S01008014,584,418,166
S01008015,609,380,229
S01008016,593,356,237
S01008017,706,449,257
S01008018,748,498,250
S01008019,755,502,253
S01008020,666,483,183
S01008021,515,367,148
S01008022,718,513,205
S01008023,744,580,164
S01008024,116,89,27
S01008025,698,544,154
S01008026,910,591,319
S01008027,702,455,247
S01008028,267,178,89
S01008029,828,602,226
S01008030,758,514,244
S01008031,790,513,277
S01008032,954,644,310
S01008033,855,639,216
S01008034,805,647,158
S01008035,790,587,203
S01008036,543,385,158
S01008037,1106,766,340
S01008038,798,523,275
S01008039,746,505,241
S01008040,631,407,224
S01008041,691,455,236
S01008042,642,422,220
S01008043,905,580,325
S01008044,882,583,299
S01008045,916,595,321
S01008046,815,453,362
S01008047,521,343,178
S01008048,528,341,187
S01008049,726,440,286
S01008050,521,310,211
S01008051,913,660,253
S01008052,629,460,169
S01008053,621,401,220
S01008054,505,311,194
S01008055,677,453,224
S01008056,825,537,288
S01008057,954,604,350
S01008058,703,531,172
S01008059,580,453,127
S01008060,1513,1106,407
S01008061,792,558,234
S01008062,837,583,254
S01008063,710,494,216
S01008064,727,486,241
S01008065,896,633,263
S01008066,753,500,253
S01008067,487,323,164
S01008068,959,649,310
S01008069,934,651,283
S01008070,930,693,237
S01008071,761,561,200
S01008072,604,400,204
S01008073,352,224,128
S01008074,732,509,223
S01008075,444,291,153
S01008076,697,418,279
S01008077,766,505,261
S01008078,617,392,225
S01008079,718,499,219
S01008080,621,413,208
S01008081,527,356,171
S01008082,767,523,244
S01008083,685,462,223
S01008084,703,482,221
S01008085,932,691,241
S01008086,882,661,221
S01008087,946,615,331
S01008088,743,494,249
S01008089,813,536,277
S01008090,578,371,207
S01008091,461,326,135
S01008092,809,478,331
S01008093,629,359,270
S01008094,813,383,430
S01008095,825,529,296
S01008096,601,356,245
S01008097,579,366,213
S01008098,578,393,185
S01008099,371,271,100
S01008100,811,530,281
S01008101,862,619,243
S01008102,555,377,178
S01008103,497,286,211
S01008104,829,544,285
S01008105,899,568,331
S01008106,722,383,339
S01008107,443,337,106
S01008108,794,633,161
S01008109,772,585,187
S01008110,704,494,210
S01008111,727,482,245
S01008112,825,506,319
S01008113,803,543,260
S01008114,744,495,249
S01008115,748,576,172
S01008116,1248,777,471
S01008117,667,442,225
S01008118,1327,722,605
S01008119,594,375,219
S01008120,509,311,198
S01008121,522,348,174
S01008122,1127,618,509
S01008123,809,550,259
S01008124,794,603,191
S01008125,950,715,235
S01008126,790,628,162
S01008127,411,281,130
S01008128,893,599,294
S01008129,695,444,251
S01008130,736,484,252
S01008131,580,384,196
S01008132,857,534,323
S01008133,577,357,220
S01008134,513,362,151
S01008135,1067,726,341
S01008136,1140,766,374
S01008137,807,454,353
S01008138,627,339,288
S01008139,885,512,373
S01008140,616,385,231
S01008141,925,674,251
S01008142,819,638,181
S01008143,1017,650,367
S01008144,900,667,233
S01008145,840,502,338
S01008146,598,323,275
S01008147,771,547,224
S01008148,777,591,186
S01008149,720,447,273
S01008150,1010,609,401
S01008151,756,441,315
S01008152,918,541,377
S01008153,606,467,139
S01008154,814,558,256
S01008155,685,487,198
S01008156,784,526,258
S01008157,762,543,219
S01008158,831,680,151
S01008159,840,511,329
S01008160,686,420,266
S01008161,863,535,328
S01008162,1078,608,470
S01008163,676,409,267
S01008164,472,311,161
S01008165,194,139,55
S01008166,520,349,171
S01008167,704,436,268
S01008168,743,477,266
S01008169,556,386,170
S01008170,505,385,120
S01008171,661,381,280
S01008172,440,301,139
S01008173,583,457,126
S01008174,440,343,97
S01008175,567,412,155
S01008176,609,463,146
S01008177,591,361,230
S01008178,572,430,142
S01008179,256,222,34
S01008180,364,303,61
S01008181,472,340,132
S01008182,923,670,253
S01008183,795,564,231
S01008184,646,485,161
S01008185,871,556,315
S01008186,744,400,344
S01008187,476,273,203
S01008188,1024,670,354
S01008189,759,489,270
S01008190,742,480,262
S01008191,608,414,194
S01008192,832,533,299
S01008193,639,433,206
S01008194,423,283,140
S01008195,786,541,245
S01008196,590,387,203
S01008197,200,133,67
S01008198,529,327,202
S01008199,563,331,232
S01008200,676,392,284
S01008201,939,578,361
S01008202,575,372,203
S01008203,418,278,140
S01008204,755,390,365
S01008205,576,361,215
S01008206,832,480,352
S01008207,552,354,198
S01008208,265,169,96
S01008209,131,79,52
S01008210,1002,695,307
S01008211,742,522,220
S01008212,514,440,74
S01008213,587,466,121
S01008214,571,342,229
S01008215,827,568,259
S01008216,628,499,129
S01008217,513,372,141
S01008218,408,328,80
S01008219,759,538,221
S01008220,455,303,152
S01008221,576,331,245
S01008222,530,329,201
S01008223,447,274,173
S01008224,720,590,130
S01008225,606,437,169
S01008226,590,364,226
S01008227,717,463,254
S01008228,469,320,149
S01008229,640,424,216
S01008230,398,343,55
S01008231,68,51,17
S01008232,213,178,35
S01008233,288,210,78
S01008234,559,368,191
S01008235,683,458,225
S01008236,800,604,196
S01008237,663,473,190
S01008238,741,488,253
S01008239,451,299,152
S01008240,1065,757,308
S01008241,794,550,244
S01008242,895,589,306
S01008243,568,374,194
S01008244,597,382,215
S01008245,851,616,235
S01008246,922,716,206
S01008247,619,457,162
S01008248,880,599,281
S01008249,591,393,198
S01008250,647,474,173
S01008251,636,493,143
S01008252,827,582,245
S01008253,580,389,191
S01008254,931,624,307
S01008255,782,555,227
S01008256,788,536,252
S01008257,551,351,200
S01008258,879,650,229
S01008259,784,520,264
S01008260,657,425,232
S01008261,838,581,257
S01008262,592,432,160
S01008263,307,199,108
S01008264,441,274,167
S01008265,434,265,169
S01008266,573,314,259
S01008267,475,304,171
S01008268,434,243,191
S01008269,620,309,311
S01008270,702,408,294
S01008271,502,360,142
S01008272,619,429,190
S01008273,702,464,238
S01008274,685,424,261
S01008275,529,361,168
S01008276,462,357,105
S01008277,491,361,130
S01008278,592,433,159
S01008279,539,362,177
S01008280,909,643,266
S01008281,627,472,155
S01008282,490,338,152
S01008283,319,220,99
S01008284,494,332,162
S01008285,554,303,251
S01008286,980,655,325
S01008287,635,427,208
S01008288,707,457,250
S01008289,562,371,191
S01008290,640,432,208
S01008291,856,582,274
S01008292,474,320,154
S01008293,163,106,57
S01008294,288,190,98
S01008295,924,705,219
S01008296,518,316,202
S01008297,418,279,139
S01008298,890,649,241
S01008299,748,417,331
S01008300,689,440,249
S01008301,868,688,180
S01008302,614,433,181
S01008303,554,385,169
S01008304,390,275,115
S01008305,670,506,164
S01008306,510,386,124
S01008307,585,415,170
S01008308,488,330,158
S01008309,639,342,297
S01008310,712,456,256
S01008311,439,257,182
S01008312,445,277,168
S01008313,782,393,389
S01008314,634,405,229
S01008315,516,301,215
S01008316,612,366,246
S01008317,398,270,128
S01008318,1058,775,283
S01008319,482,245,237
S01008320,567,333,234
S01008321,568,444,124
S01008322,1222,830,392
S01008323,661,356,305
S01008324,482,291,191
S01008325,836,550,286
S01008326,780,424,356
S01008327,855,483,372
S01008328,625,496,129
S01008329,842,655,187
S01008330,849,606,243
S01008331,556,434,122
S01008332,745,484,261
S01008333,712,446,266
S01008334,560,367,193
S01008335,618,350,268
S01008336,621,390,231
S01008337,356,251,105
S01008338,505,423,82
S01008339,426,358,68
S01008340,596,471,125
S01008341,442,337,105
S01008342,791,564,227
S01008343,755,489,266
S01008344,541,349,192
S01008345,944,617,327
S01008346,770,499,271
S01008347,864,527,337
S01008348,757,500,257
S01008349,723,490,233
S01008350,653,395,258
S01008351,799,533,266
S01008352,648,427,221
S01008353,290,169,121
S01008354,579,426,153
S01008355,838,550,288
S01008356,685,491,194
S01008357,673,468,205
S01008358,666,422,244
S01008359,590,417,173
S01008360,830,577,253
S01008361,603,448,155
S01008362,749,588,161
S01008363,626,448,178
S01008364,613,421,192
S01008365,754,497,257
S01008366,657,388,269
S01008367,636,409,227
S01008368,626,461,165
S01008369,631,459,172
S01008370,504,349,155
S01008371,652,468,184
S01008372,657,484,173
S01008373,840,614,226
S01008374,626,439,187
S01008375,554,401,153
S01008376,421,303,118
S01008377,672,491,181
S01008378,701,509,192
S01008379,401,262,139
S01008380,461,339,122
S01008381,774,562,212
S01008382,675,505,170
S01008383,468,333,135
S01008384,701,495,206
S01008385,483,333,150
S01008386,719,503,216
S01008387,638,474,164
S01008388,435,346,89
S01008389,480,260,220
S01008390,559,375,184
S01008391,496,321,175
S01008392,635,478,157
S01008393,558,377,181
S01008394,766,524,242
S01008395,596,436,160
S01008396,626,405,221
S01008397,784,554,230
S01008398,672,468,204
S01008399,478,267,211
S01008400,801,518,283
S01008401,860,534,326
S01008402,698,447,251
S01008403,665,430,235
S01008404,768,517,251
S01008405,613,443,170
S01008406,754,497,257
S01008407,346,186,160
S01008408,557,421,136
S01008409,746,506,240
S01008410,554,343,211
S01008411,848,595,253
S01008412,464,283,181
S01008413,397,250,147
S01008414,477,346,131
S01008415,735,480,255
S01008416,827,566,261
S01008417,566,438,128
S01008418,591,454,137
S01008419,342,253,89
S01008420,437,317,120
S01008421,576,389,187
S01008422,674,481,193
S01008423,703,498,205
S01008424,913,573,340
S01008425,2446,1031,1415
S01008426,867,556,311
S01008427,989,784,205
S01008428,659,416,243
S01008429,704,408,296
S01008430,867,580,287
S01008431,829,580,249
S01008432,880,578,302
S01008433,732,577,155
S01008434,920,715,205
S01008435,944,717,227
S01008436,644,450,194
S01008437,903,568,335
S01008438,828,565,263
S01008439,770,538,232
S01008440,867,586,281
S01008441,597,419,178
S01008442,431,332,99
S01008443,461,281,180
S01008444,894,607,287
S01008445,917,692,225
S01008446,1053,601,452
S01008447,516,350,166
S01008448,600,387,213
S01008449,456,305,151
S01008450,291,184,107
S01008451,723,462,261
S01008452,532,289,243
S01008453,343,185,158
S01008454,877,582,295
S01008455,920,577,343
S01008456,803,486,317
S01008457,723,445,278
S01008458,638,458,180
S01008459,583,359,224
S01008460,786,460,326
S01008461,682,403,279
S01008462,507,270,237
S01008463,678,413,265
S01008464,743,545,198
S01008465,744,545,199
S01008466,656,502,154
S01008467,677,529,148
S01008468,744,476,268
S01008469,417,262,155
S01008470,694,375,319
S01008471,556,330,226
S01008472,514,312,202
S01008473,495,313,182
S01008474,606,311,295
S01008475,560,316,244
S01008476,552,285,267
S01008477,834,489,345
S01008478,674,418,256
S01008479,793,420,373
S01008480,326,184,142
S01008481,1083,545,538
S01008482,980,451,529
S01008483,652,387,265
S01008484,702,473,229
S01008485,849,627,222
S01008486,679,474,205
S01008487,382,275,107
S01008488,560,345,215
S01008489,744,509,235
S01008490,918,677,241
S01008491,599,422,177
S01008492,415,287,128
S01008493,675,460,215
S01008494,644,469,175
S01008495,886,716,170
S01008496,1050,897,153
S01008497,819,705,114
S01008498,671,515,156
S01008499,910,675,235
S01008500,243,163,80
S01008501,498,399,99
S01008502,586,517,69
S01008503,723,589,134
S01008504,1125,901,224
S01008505,819,660,159
S01008506,791,566,225
S01008507,721,546,175
S01008508,779,547,232
S01008509,699,512,187
S01008510,625,432,193
S01008511,714,496,218
S01008512,735,508,227
S01008513,663,347,316
S01008514,532,349,183
S01008515,696,528,168
S01008516,1325,809,516
S01008517,785,574,211
S01008518,881,645,236
S01008519,746,541,205
S01008520,922,597,325
S01008521,621,424,197
S01008522,466,329,137
S01008523,203,163,40
S01008524,880,520,360
S01008525,659,401,258
S01008526,618,393,225
S01008527,550,424,126
S01008528,503,389,114
S01008529,611,385,226
S01008530,793,471,322
S01008531,734,428,306
S01008532,475,319,156
S01008533,330,242,88
S01008534,632,522,110
S01008535,530,394,136
S01008536,549,368,181
S01008537,543,342,201
S01008538,478,308,170
S01008539,790,558,232
S01008540,758,507,251
S01008541,742,530,212
S01008542,863,664,199
S01008543,745,595,150
S01008544,438,375,63
S01008545,537,378,159
S01008546,694,491,203
S01008547,920,756,164
S01008548,798,622,176
S01008549,967,753,214
S01008550,823,656,167
S01008551,789,572,217
S01008552,895,660,235
S01008553,589,342,247
S01008554,611,306,305
S01008555,719,350,369
S01008556,828,433,395
S01008557,586,300,286
S01008558,647,353,294
S01008559,583,339,244
S01008560,578,348,230
S01008561,698,464,234
S01008562,505,258,247
S01008563,894,554,340
S01008564,774,525,249
S01008565,728,391,337
S01008566,762,492,270
S01008567,495,295,200
S01008568,650,473,177
S01008569,558,300,258
S01008570,719,397,322
S01008571,655,400,255
S01008572,697,452,245
S01008573,696,550,146
S01008574,722,575,147
S01008575,592,429,163
S01008576,794,589,205
S01008577,823,544,279
S01008578,663,456,207
S01008579,679,443,236
S01008580,638,429,209
S01008581,740,437,303
S01008582,998,627,371
S01008583,564,312,252
S01008584,844,524,320
S01008585,682,396,286
S01008586,611,357,254
S01008587,696,389,307
S01008588,758,517,241
S01008589,258,163,95
S01008590,393,248,145
S01008591,781,571,210
S01008592,645,337,308
S01008593,642,442,200
S01008594,658,442,216
S01008595,804,431,373
S01008596,745,379,366
S01008597,824,501,323
S01008598,922,567,355
S01008599,751,504,247
S01008600,2652,871,1781
S01008601,2572,763,1809
S01008602,502,301,201
S01008603,929,616,313
S01008604,808,554,254
S01008605,687,482,205
S01008606,764,522,242
S01008607,425,255,170
S01008608,531,353,178
S01008609,706,444,262
S01008610,880,509,371
S01008611,1113,669,444
S01008612,642,429,213
S01008613,818,554,264
S01008614,838,497,341
S01008615,705,403,302
S01008616,766,422,344
S01008617,868,499,369
S01008618,687,389,298
S01008619,458,278,180
S01008620,718,417,301
S01008621,800,435,365
S01008622,852,517,335
S01008623,943,561,382
S01008624,479,274,205
S01008625,420,272,148
S01008626,817,619,198
S01008627,533,353,180
S01008628,552,389,163
S01008629,735,475,260
S01008630,530,375,155
S01008631,725,559,166
S01008632,1145,674,471
S01008633,784,495,289
S01008634,577,419,158
S01008635,633,469,164
S01008636,643,460,183
S01008637,554,373,181
S01008638,1036,643,393
S01008639,1076,846,230
S01008640,1066,825,241
S01008641,953,670,283
S01008642,857,643,214
S01008643,878,668,210
S01008644,551,428,123
S01008645,864,674,190
S01008646,1079,821,258
S01008647,620,512,108
S01008648,790,593,197
S01008649,1096,831,265
S01008650,846,667,179
S01008651,742,542,200
S01008652,701,518,183
S01008653,601,437,164
S01008654,1058,795,263
S01008655,589,422,167
S01008656,892,603,289
S01008657,708,486,222
S01008658,958,676,282
S01008659,1063,780,283
S01008660,1030,774,256
S01008661,922,662,260
S01008662,910,622,288
S01008663,918,586,332
S01008664,879,632,247
S01008665,1028,677,351
S01008666,751,474,277
S01008667,802,539,263
S01008668,928,550,378
S01008669,596,345,251
S01008670,1080,632,448
S01008671,1078,631,447
S01008672,567,374,193
S01008673,718,439,279
S01008674,1004,599,405
S01008675,746,531,215
S01008676,833,580,253
S01008677,670,470,200
S01008678,997,557,440
S01008679,955,561,394
S01008680,730,434,296
S01008681,793,420,373
S01008682,774,441,333
S01008683,1389,639,750
S01008684,2716,845,1871
S01008685,651,383,268
S01008686,848,560,288
S01008687,717,551,166
S01008688,715,539,176
S01008689,1037,805,232
S01008690,852,658,194
S01008691,1082,859,223
S01008692,899,728,171
S01008693,482,323,159
S01008694,1086,896,190
S01008695,746,551,195
S01008696,525,374,151
S01008697,664,461,203
S01008698,521,362,159
S01008699,839,512,327
S01008700,480,299,181
S01008701,295,159,136
S01008702,210,130,80
S01008703,542,246,296
S01008704,692,318,374
S01008705,316,172,144
S01008706,534,283,251
S01008707,749,368,381
S01008708,571,302,269
S01008709,776,470,306
S01008710,253,168,85
S01008711,542,297,245
S01008712,804,375,429
S01008713,479,274,205
S01008714,532,309,223
S01008715,597,335,262
S01008716,487,255,232
S01008717,415,336,79
S01008718,443,310,133
S01008719,833,653,180
S01008720,433,264,169
S01008721,633,536,97
S01008722,781,477,304
S01008723,576,433,143
S01008724,668,439,229
S01008725,558,402,156
S01008726,828,597,231
S01008727,864,594,270
S01008728,382,267,115
S01008729,580,431,149
S01008730,797,581,216
S01008731,416,244,172
S01008732,606,406,200
S01008733,698,535,163
S01008734,636,452,184
S01008735,864,571,293
S01008736,519,301,218
S01008737,558,362,196
S01008738,647,412,235
S01008739,458,337,121
S01008740,616,441,175
S01008741,877,611,266
S01008742,548,346,202
S01008743,751,503,248
S01008744,703,430,273
S01008745,407,289,118
S01008746,791,459,332
S01008747,421,259,162
S01008748,797,513,284
S01008749,875,549,326
S01008750,605,395,210
S01008751,846,520,326
S01008752,736,387,349
S01008753,499,273,226
S01008754,556,357,199
S01008755,638,430,208
S01008756,633,353,280
S01008757,532,240,292
S01008758,725,357,368
S01008759,518,241,277
S01008760,906,541,365
S01008761,434,272,162
S01008762,479,355,124
S01008763,678,532,146
S01008764,498,373,125
S01008765,972,764,208
S01008766,1069,800,269
S01008767,673,461,212
S01008768,498,376,122
S01008769,181,142,39
S01008770,69,67,2
S01008771,69,67,2
S01008772,816,551,265
S01008773,720,496,224
S01008774,660,453,207
S01008775,437,309,128
S01008776,1044,687,357
S01008777,760,462,298
S01008778,557,473,84
S01008779,339,275,64
S01008780,314,239,75
S01008781,293,236,57
S01008782,446,377,69
S01008783,267,224,43
S01008784,480,372,108
S01008785,645,364,281
S01008786,734,525,209
S01008787,442,268,174
S01008788,353,280,73
S01008789,464,248,216
S01008790,572,409,163
S01008791,324,243,81
S01008792,798,545,253
S01008793,652,454,198
S01008794,580,369,211
S01008795,852,651,201
S01008796,844,589,255
S01008797,800,603,197
S01008798,806,578,228
S01008799,184,107,77
S01008800,684,536,148
S01008801,755,599,156
S01008802,912,670,242
S01008803,922,633,289
S01008804,565,392,173
S01008805,534,397,137
S01008806,631,466,165
S01008807,869,674,195
S01008808,615,446,169
S01008809,676,475,201
S01008810,884,646,238
S01008811,645,477,168
S01008812,760,596,164
S01008813,634,431,203
S01008814,966,721,245
S01008815,936,693,243
S01008816,173,91,82
S01008817,541,419,122
S01008818,733,533,200
S01008819,766,607,159
S01008820,973,700,273
S01008821,583,456,127
S01008822,614,452,162
S01008823,657,506,151
S01008824,929,701,228
S01008825,456,346,110
S01008826,542,412,130
S01008827,752,521,231
S01008828,736,490,246
S01008829,761,485,276
S01008830,930,668,262
S01008831,761,514,247
S01008832,434,263,171
S01008833,754,573,181
S01008834,882,616,266
S01008835,777,533,244
S01008836,392,232,160
S01008837,822,648,174
S01008838,805,647,158
S01008839,936,706,230
S01008840,867,639,228
S01008841,374,307,67
S01008842,150,113,37
S01008843,607,457,150
S01008844,396,317,79
S01008845,608,480,128
S01008846,740,573,167
S01008847,645,471,174
S01008848,755,526,229
S01008849,901,649,252
S01008850,1156,780,376
S01008851,996,723,273
S01008852,1024,727,297
S01008853,492,386,106
S01008854,901,647,254
S01008855,875,694,181
S01008856,574,483,91
S01008857,818,642,176
S01008858,865,654,211
S01008859,760,576,184
S01008860,1084,823,261
S01008861,791,562,229
S01008862,944,779,165
S01008863,722,596,126
S01008864,1056,694,362
S01008865,816,609,207
S01008866,862,704,158
S01008867,772,591,181
S01008868,968,759,209
S01008869,956,740,216
S01008870,912,686,226
S01008871,1082,847,235
S01008872,885,692,193
S01008873,579,410,169
S01008874,702,529,173
S01008875,844,688,156
S01008876,495,335,160
S01008877,565,393,172
S01008878,879,536,343
S01008879,600,407,193
S01008880,499,344,155
S01008881,465,296,169
S01008882,863,621,242
S01008883,729,441,288
S01008884,580,344,236
S01008885,658,436,222
S01008886,864,611,253
S01008887,554,389,165
S01008888,768,446,322
S01008889,441,289,152
S01008890,596,393,203
S01008891,603,380,223
S01008892,819,556,263
S01008893,765,504,261
S01008894,676,444,232
S01008895,503,315,188
S01008896,456,289,167
S01008897,661,421,240
S01008898,716,450,266
S01008899,586,296,290
S01008900,660,419,241
S01008901,723,429,294
S01008902,720,437,283
S01008903,817,504,313
S01008904,831,545,286
S01008905,893,543,350
S01008906,526,356,170
S01008907,525,277,248
S01008908,684,429,255
S01008909,858,666,192
S01008910,541,392,149
S01008911,234,154,80
S01008912,652,451,201
S01008913,364,279,85
S01008914,863,508,355
S01008915,473,309,164
S01008916,969,514,455
S01008917,480,285,195
S01008918,457,214,243
S01008919,399,188,211
S01008920,190,124,66
S01008921,735,369,366
S01008922,993,665,328
S01008923,679,374,305
S01008924,691,466,225
S01008925,621,491,130
S01008926,281,196,85
S01008927,58,44,14
S01008928,340,147,193
S01008929,1127,567,560
S01008930,837,460,377
S01008931,557,278,279
S01008932,323,189,134
S01008933,422,238,184
S01008934,388,232,156
S01008935,803,512,291
S01008936,475,312,163
S01008937,514,355,159
S01008938,721,464,257
S01008939,598,402,196
S01008940,539,310,229
S01008941,626,373,253
S01008942,917,617,300
S01008943,592,387,205
S01008944,706,467,239
S01008945,834,611,223
S01008946,495,319,176
S01008947,827,501,326
S01008948,738,496,242
S01008949,936,583,353
S01008950,651,386,265
S01008951,819,488,331
S01008952,1220,739,481
S01008953,846,535,311
S01008954,670,343,327
S01008955,640,474,166
S01008956,1018,769,249
S01008957,888,625,263
S01008958,562,383,179
S01008959,793,598,195
S01008960,289,243,46
S01008961,765,588,177
S01008962,567,418,149
S01008963,717,482,235
S01008964,545,341,204
S01008965,543,334,209
S01008966,671,447,224
S01008967,863,551,312
S01008968,1129,681,448
S01008969,788,507,281
S01008970,825,575,250
S01008971,525,384,141
S01008972,1045,713,332
S01008973,515,352,163
S01008974,632,418,214
S01008975,564,322,242
S01008976,534,355,179
S01008977,615,431,184
S01008978,495,375,120
S01008979,579,481,98
S01008980,556,455,101
S01008981,625,395,230
S01008982,639,494,145
S01008983,682,552,130
S01008984,378,306,72
S01008985,614,486,128
S01008986,718,492,226
S01008987,773,527,246
S01008988,601,420,181
S01008989,803,647,156
S01008990,963,825,138
S01008991,932,790,142
S01008992,362,265,97
S01008993,846,620,226
S01008994,760,555,205
S01008995,804,644,160
S01008996,574,393,181
S01008997,655,485,170
S01008998,643,445,198
S01008999,750,487,263
S01009000,890,645,245
S01009001,544,438,106
S01009002,568,393,175
S01009003,663,492,171
S01009004,673,533,140
S01009005,750,601,149
S01009006,1050,711,339
S01009007,668,444,224
S01009008,757,551,206
S01009009,390,256,134
S01009010,1029,863,166
S01009011,933,789,144
S01009012,746,599,147
S01009013,850,683,167
S01009014,568,353,215
S01009015,408,252,156
S01009016,398,240,158
S01009017,499,336,163
S01009018,557,400,157
S01009019,669,495,174
S01009020,689,500,189
S01009021,527,362,165
S01009022,661,453,208
S01009023,643,398,245
S01009024,867,532,335
S01009025,700,455,245
S01009026,800,536,264
S01009027,582,338,244
S01009028,423,254,169
S01009029,537,342,195
S01009030,695,440,255
S01009031,582,360,222
S01009032,467,268,199
S01009033,593,328,265
S01009034,457,291,166
S01009035,599,419,180
S01009036,599,391,208
S01009037,502,368,134
S01009038,694,493,201
S01009039,822,554,268
S01009040,598,397,201
S01009041,753,508,245
S01009042,625,428,197
S01009043,953,641,312
S01009044,766,473,293
S01009045,838,568,270
S01009046,575,409,166
S01009047,492,363,129
S01009048,529,383,146
S01009049,534,369,165
S01009050,678,473,205
S01009051,632,417,215
S01009052,671,476,195
S01009053,422,220,202
S01009054,528,354,174
S01009055,593,438,155
S01009056,413,284,129
S01009057,494,303,191
S01009058,670,397,273
S01009059,368,232,136
S01009060,313,190,123
S01009061,790,570,220
S01009062,745,503,242
S01009063,567,411,156
S01009064,564,400,164
S01009065,819,497,322
S01009066,572,367,205
S01009067,335,270,65
S01009068,655,452,203
S01009069,712,589,123
S01009070,774,613,161
S01009071,423,301,122
S01009072,268,176,92
S01009073,614,391,223
S01009074,749,484,265
S01009075,553,367,186
S01009076,915,741,174
S01009077,606,454,152
S01009078,298,221,77
S01009079,843,506,337
S01009080,1106,654,452
S01009081,757,477,280
S01009082,788,491,297
S01009083,549,393,156
S01009084,648,448,200
S01009085,211,163,48
S01009086,532,366,166
S01009087,514,317,197
S01009088,1085,564,521
S01009089,332,261,71
S01009090,107,87,20
S01009091,136,114,22
S01009092,729,451,278
S01009093,660,459,201
S01009094,720,466,254
S01009095,1195,608,587
S01009096,343,221,122
S01009097,650,498,152
S01009098,434,304,130
S01009099,625,422,203
S01009100,867,540,327
S01009101,795,491,304
S01009102,767,479,288
S01009103,523,381,142
S01009104,585,392,193
S01009105,506,343,163
S01009106,625,401,224
S01009107,712,476,236
S01009108,722,512,210
S01009109,803,645,158
S01009110,657,452,205
S01009111,858,692,166
S01009112,483,322,161
S01009113,544,419,125
S01009114,562,428,134
S01009115,617,486,131
S01009116,688,520,168
S01009117,505,352,153
S01009118,423,370,53
S01009119,668,414,254
S01009120,531,354,177
S01009121,793,513,280
S01009122,730,488,242
S01009123,235,164,71
S01009124,414,302,112
S01009125,562,356,206
S01009126,527,291,236
S01009127,458,297,161
S01009128,740,402,338
S01009129,473,276,197
S01009130,307,166,141
S01009131,631,357,274
S01009132,701,556,145
S01009133,573,371,202
S01009134,772,472,300
S01009135,462,398,64
S01009136,169,126,43
S01009137,122,89,33
S01009138,773,582,191
S01009139,529,384,145
S01009140,521,364,157
S01009141,461,315,146
S01009142,536,362,174
S01009143,404,210,194
S01009144,532,403,129
S01009145,917,567,350
S01009146,772,427,345
S01009147,742,418,324
S01009148,577,372,205
S01009149,421,262,159
S01009150,501,106,395
S01009151,468,255,213
S01009152,617,342,275
S01009153,598,423,175
S01009154,604,398,206
S01009155,437,291,146
S01009156,648,422,226
S01009157,713,469,244
S01009158,651,412,239
S01009159,497,266,231
S01009160,445,282,163
S01009161,657,382,275
S01009162,554,335,219
S01009163,403,243,160
S01009164,779,475,304
S01009165,497,299,198
S01009166,680,366,314
S01009167,580,337,243
S01009168,782,509,273
S01009169,626,347,279
S01009170,508,358,150
S01009171,641,455,186
S01009172,530,358,172
S01009173,686,528,158
S01009174,66,59,7
S01009175,713,599,114
S01009176,686,438,248
S01009177,668,456,212
S01009178,625,422,203
S01009179,741,516,225
S01009180,767,510,257
S01009181,854,560,294
S01009182,859,648,211
S01009183,777,657,120
S01009184,889,535,354
S01009185,815,488,327
S01009186,645,423,222
S01009187,642,479,163
S01009188,789,513,276
S01009189,788,512,276
S01009190,686,317,369
S01009191,132,110,22
S01009192,785,400,385
S01009193,281,212,69
S01009194,747,539,208
S01009195,752,409,343
S01009196,549,356,193
S01009197,694,507,187
S01009198,648,437,211
S01009199,534,388,146
S01009200,698,487,211
S01009201,561,402,159
S01009202,447,344,103
S01009203,453,238,215
S01009204,737,479,258
S01009205,995,817,178
S01009206,898,737,161
S01009207,809,603,206
S01009208,541,346,195
S01009209,848,579,269
S01009210,667,433,234
S01009211,566,369,197
S01009212,701,414,287
S01009213,559,354,205
S01009214,902,644,258
S01009215,858,543,315
S01009216,823,532,291
S01009217,555,290,265
S01009218,897,560,337
S01009219,481,302,179
S01009220,464,301,163
S01009221,424,253,171
S01009222,495,302,193
S01009223,378,222,156
S01009224,732,430,302
S01009225,586,339,247
S01009226,909,510,399
S01009227,500,282,218
S01009228,584,336,248
S01009229,686,452,234
S01009230,714,531,183
S01009231,770,539,231
S01009232,532,335,197
S01009233,631,341,290
S01009234,770,453,317
S01009235,647,392,255
S01009236,546,319,227
S01009237,533,374,159
S01009238,876,537,339
S01009239,671,461,210
S01009240,544,323,221
S01009241,722,418,304
S01009242,771,481,290
S01009243,987,726,261
S01009244,659,494,165
S01009245,714,518,196
S01009246,756,499,257
S01009247,892,558,334
S01009248,627,433,194
S01009249,820,489,331
S01009250,605,388,217
S01009251,474,343,131
S01009252,348,294,54
S01009253,553,315,238
S01009254,736,422,314
S01009255,500,324,176
S01009256,470,295,175
S01009257,445,272,173
S01009258,611,425,186
S01009259,603,390,213
S01009260,852,605,247
S01009261,613,334,279
S01009262,580,306,274
S01009263,317,189,128
S01009264,588,393,195
S01009265,541,379,162
S01009266,804,479,325
S01009267,602,390,212
S01009268,526,350,176
S01009269,806,488,318
S01009270,560,332,228
S01009271,696,567,129
S01009272,655,409,246
S01009273,696,452,244
S01009274,728,460,268
S01009275,499,348,151
S01009276,826,619,207
S01009277,580,435,145
S01009278,299,211,88
S01009279,458,320,138
S01009280,660,333,327
S01009281,647,336,311
S01009282,703,487,216
S01009283,423,292,131
S01009284,569,449,120
S01009285,713,580,133
S01009286,739,542,197
S01009287,661,427,234
S01009288,671,416,255
S01009289,695,464,231
S01009290,509,338,171
S01009291,913,684,229
S01009292,350,219,131
S01009293,486,336,150
S01009294,498,355,143
S01009295,650,519,131
S01009296,690,498,192
S01009297,773,610,163
S01009298,874,543,331
S01009299,738,529,209
S01009300,478,332,146
S01009301,782,577,205
S01009302,694,427,267
S01009303,591,393,198
S01009304,973,661,312
S01009305,703,492,211
S01009306,889,655,234
S01009307,956,729,227
S01009308,647,492,155
S01009309,459,344,115
S01009310,685,507,178
S01009311,715,461,254
S01009312,773,598,175
S01009313,501,302,199
S01009314,718,543,175
S01009315,467,292,175
S01009316,676,506,170
S01009317,777,592,185
S01009318,756,572,184
S01009319,757,486,271
S01009320,625,461,164
S01009321,435,357,78
S01009322,556,385,171
S01009323,742,506,236
S01009324,490,343,147
S01009325,432,312,120
S01009326,228,181,47
S01009327,474,280,194
S01009328,78,54,24
S01009330,101,54,47
S01009331,179,137,42
S01009332,640,450,190
S01009333,677,504,173
S01009334,468,278,190
S01009335,613,393,220
S01009336,457,274,183
S01009337,648,408,240
S01009338,567,336,231
S01009339,703,401,302
S01009340,743,492,251
S01009341,723,471,252
S01009342,712,467,245
S01009343,468,348,120
S01009344,582,359,223
S01009345,958,718,240
S01009346,120,92,28
S01009347,230,173,57
S01009348,175,126,49
S01009349,99,96,3
S01009350,137,107,30
S01009351,55,34,21
S01009352,57,42,15
S01009353,286,231,55
S01009354,219,188,31
S01009355,803,611,192
S01009356,838,619,219
S01009357,360,305,55
S01009358,243,202,41
S01009359,191,166,25
S01009360,626,455,171
S01009361,662,490,172
S01009362,931,710,221
S01009363,775,518,257
S01009364,618,489,129
S01009365,561,397,164
S01009366,667,413,254
S01009367,570,367,203
S01009368,611,469,142
S01009369,748,529,219
S01009370,673,472,201
S01009371,390,278,112
S01009372,443,298,145
S01009373,705,453,252
S01009374,668,460,208
S01009375,556,389,167
S01009376,695,483,212
S01009377,558,450,108
S01009378,710,546,164
S01009379,123,86,37
S01009380,517,446,71
S01009381,519,416,103
S01009382,952,617,335
S01009383,786,554,232
S01009384,436,315,121
S01009385,559,399,160
S01009386,800,522,278
S01009387,726,498,228
S01009388,821,517,304
S01009389,731,520,211
S01009390,528,423,105
S01009391,598,533,65
S01009392,378,299,79
S01009393,611,488,123
S01009394,634,484,150
S01009395,852,603,249
S01009396,610,441,169
S01009397,568,421,147
S01009398,925,703,222
S01009399,852,645,207
S01009400,726,516,210
S01009401,795,543,252
S01009402,645,434,211
S01009403,599,480,119
S01009404,500,319,181
S01009405,558,422,136
S01009406,724,496,228
S01009407,382,255,127
S01009408,381,279,102
S01009409,672,436,236
S01009410,624,403,221
S01009411,1026,673,353
S01009412,698,432,266
S01009413,974,645,329
S01009414,648,484,164
S01009415,809,538,271
S01009416,475,357,118
S01009417,282,196,86
S01009418,874,559,315
S01009419,721,477,244
S01009420,551,325,226
S01009421,498,314,184
S01009422,841,550,291
S01009423,196,132,64
S01009424,529,358,171
S01009425,646,420,226
S01009426,708,433,275
S01009427,434,246,188
S01009428,423,232,191
S01009429,639,339,300
S01009430,539,306,233
S01009431,715,382,333
S01009432,810,466,344
S01009433,636,347,289
S01009434,428,228,200
S01009435,757,400,357
S01009436,432,256,176
S01009437,648,395,253
S01009438,794,458,336
S01009439,853,479,374
S01009440,646,379,267
S01009441,673,394,279
S01009442,524,358,166
S01009443,665,448,217
S01009444,593,458,135
S01009445,753,471,282
S01009446,675,412,263
S01009447,577,346,231
S01009448,482,311,171
S01009449,532,292,240
S01009450,501,287,214
S01009451,917,511,406
S01009452,618,363,255
S01009453,712,422,290
S01009454,808,588,220
S01009455,1013,685,328
S01009456,636,368,268
S01009457,577,423,154
S01009458,467,294,173
S01009459,735,476,259
S01009460,559,331,228
S01009461,124,83,41
S01009462,492,318,174
S01009463,804,507,297
S01009464,671,480,191
S01009465,459,307,152
S01009466,629,420,209
S01009467,599,413,186
S01009468,533,309,224
S01009469,599,392,207
S01009470,630,430,200
S01009471,527,266,261
S01009472,822,519,303
S01009473,604,371,233
S01009474,604,386,218
S01009475,156,124,32
S01009476,341,258,83
S01009477,760,545,215
S01009478,735,535,200
S01009479,673,450,223
S01009480,765,538,227
S01009481,641,474,167
S01009482,497,367,130
S01009483,572,457,115
S01009484,920,511,409
S01009485,580,327,253
S01009486,534,280,254
S01009487,863,487,376
S01009488,697,459,238
S01009489,614,365,249
S01009490,627,388,239
S01009491,471,255,216
S01009492,667,441,226
S01009493,937,602,335
S01009494,951,759,192
S01009495,698,561,137
S01009496,637,410,227
S01009497,850,618,232
S01009498,531,403,128
S01009499,632,422,210
S01009500,612,374,238
S01009501,596,346,250
S01009502,785,506,279
S01009503,789,542,247
S01009504,585,382,203
S01009505,632,354,278
S01009506,824,492,332
S01009507,517,359,158
S01009508,782,476,306
S01009509,731,426,305
S01009510,666,497,169
S01009511,778,544,234
S01009512,854,664,190
S01009513,669,489,180
S01009514,729,571,158
S01009515,625,371,254
S01009516,847,558,289
S01009517,61,31,30
S01009518,205,151,54
S01009519,565,425,140
S01009520,744,580,164
S01009521,597,316,281
S01009522,697,401,296
S01009523,628,329,299
S01009524,540,329,211
S01009525,422,246,176
S01009526,339,230,109
S01009527,569,408,161
S01009528,508,290,218
S01009529,806,569,237
S01009530,624,430,194
S01009531,808,501,307
S01009532,774,427,347
S01009533,620,345,275
S01009534,511,271,240
S01009535,618,348,270
S01009536,368,252,116
S01009537,458,275,183
S01009538,788,467,321
S01009539,744,454,290
S01009540,760,478,282
S01009541,867,607,260
S01009542,630,362,268
S01009543,657,420,237
S01009544,703,462,241
S01009545,621,385,236
S01009546,537,326,211
S01009547,626,415,211
S01009548,751,535,216
S01009549,789,560,229
S01009550,495,347,148
S01009551,533,385,148
S01009552,995,626,369
S01009553,815,529,286
S01009554,661,420,241
S01009555,706,467,239
S01009556,781,561,220
S01009557,729,482,247
S01009558,517,333,184
S01009559,981,669,312
S01009560,635,456,179
S01009561,564,361,203
S01009562,866,557,309
S01009563,692,436,256
S01009564,513,320,193
S01009565,458,288,170
S01009566,850,629,221
S01009567,799,579,220
S01009568,672,432,240
S01009569,805,513,292
S01009570,480,311,169
S01009571,558,365,193
S01009572,788,474,314
S01009573,557,305,252
S01009574,814,475,339
S01009575,618,397,221
S01009576,559,419,140
S01009577,675,534,141
S01009578,810,556,254
S01009579,250,187,63
S01009580,514,399,115
S01009581,639,436,203
S01009582,439,318,121
S01009583,615,438,177
S01009584,284,151,133
S01009585,982,676,306
S01009586,841,553,288
S01009587,712,450,262
S01009588,757,461,296
S01009589,833,546,287
S01009590,441,301,140
S01009591,725,545,180
S01009592,651,456,195
S01009593,471,341,130
S01009594,500,419,81
S01009595,304,188,116
S01009596,826,596,230
S01009597,765,492,273
S01009598,510,297,213
S01009599,996,680,316
S01009600,702,459,243
S01009601,696,475,221
S01009602,540,459,81
S01009603,614,455,159
S01009604,618,432,186
S01009605,736,481,255
S01009606,185,137,48
S01009607,388,270,118
S01009608,417,282,135
S01009609,766,555,211
S01009610,798,513,285
S01009611,355,249,106
S01009612,397,246,151
S01009613,401,301,100
S01009614,483,333,150
S01009615,480,311,169
S01009616,847,596,251
S01009617,551,419,132
S01009618,725,448,277
S01009619,519,293,226
S01009620,679,367,312
S01009621,712,441,271
S01009622,665,394,271
S01009623,604,356,248
S01009624,751,455,296
S01009625,886,511,375
S01009626,573,287,286
S01009627,668,348,320
S01009628,429,196,233
S01009629,827,514,313
S01009630,573,314,259
S01009631,639,397,242
S01009632,502,257,245
S01009633,502,275,227
S01009634,580,302,278
S01009635,984,653,331
S01009636,696,436,260
S01009637,628,379,249
S01009638,476,250,226
S01009639,710,460,250
S01009640,539,317,222
S01009641,619,379,240
S01009642,739,490,249
S01009643,126,95,31
S01009644,440,268,172
S01009645,650,395,255
S01009646,534,321,213
S01009647,443,233,210
S01009648,848,507,341
S01009649,779,453,326
S01009650,608,366,242
S01009651,726,487,239
S01009652,808,515,293
S01009653,614,426,188
S01009654,397,245,152
S01009655,743,451,292
S01009656,635,325,310
S01009657,729,467,262
S01009658,765,521,244
S01009659,524,322,202
S01009660,668,409,259
S01009661,617,439,178
S01009662,641,465,176
S01009663,584,426,158
S01009664,811,606,205
S01009665,914,628,286
S01009666,840,595,245
S01009667,314,220,94
S01009668,345,258,87
S01009669,436,286,150
S01009670,585,414,171
S01009671,569,402,167
S01009672,854,580,274
S01009673,616,423,193
S01009674,803,565,238
S01009675,677,492,185
S01009676,1071,777,294
S01009677,537,396,141
S01009678,460,297,163
S01009679,744,513,231
S01009680,777,543,234
S01009681,672,389,283
S01009682,590,381,209
S01009683,632,418,214
S01009684,694,487,207
S01009685,821,486,335
S01009686,784,521,263
S01009687,736,523,213
S01009688,848,519,329
S01009689,389,278,111
S01009690,561,412,149
S01009691,430,292,138
S01009692,852,555,297
S01009693,580,401,179
S01009694,823,528,295
S01009695,778,556,222
S01009696,775,575,200
S01009697,620,449,171
S01009698,535,371,164
S01009699,515,299,216
S01009700,499,327,172
S01009701,667,397,270
S01009702,428,304,124
S01009703,706,451,255
S01009704,924,586,338
S01009705,552,368,184
S01009706,614,383,231
S01009707,448,322,126
S01009708,497,338,159
S01009709,663,422,241
S01009710,360,248,112
S01009711,680,428,252
S01009712,508,316,192
S01009713,630,367,263
S01009714,626,370,256
S01009715,601,407,194
S01009716,953,600,353
S01009717,808,470,338
S01009718,676,415,261
S01009719,771,530,241
S01009720,628,403,225
S01009721,803,207,596
S01009722,898,306,592
S01009723,654,253,401
S01009724,809,430,379
S01009725,769,348,421
S01009726,810,229,581
S01009727,826,446,380
S01009728,602,423,179
S01009729,773,506,267
S01009730,748,495,253
S01009731,665,380,285
S01009732,1168,491,677
S01009733,910,398,512
S01009734,1435,752,683
S01009735,559,328,231
S01009736,1417,415,1002
S01009737,535,428,107
S01009738,413,314,99
S01009739,339,242,97
S01009740,548,380,168
S01009741,695,615,80
S01009742,374,286,88
S01009743,887,630,257
S01009744,555,402,153
S01009745,651,469,182
S01009746,617,438,179
S01009747,690,482,208
S01009748,605,451,154
S01009749,676,465,211
S01009750,480,310,170
S01009751,778,542,236
S01009752,611,445,166
S01009753,499,335,164
S01009754,985,698,287
S01009755,468,332,136
S01009756,615,422,193
S01009757,536,382,154
S01009758,813,562,251
S01009759,815,398,417
S01009760,701,326,375
S01009761,753,540,213
S01009762,677,348,329
S01009763,326,267,59
S01009764,678,416,262
S01009765,720,508,212
S01009766,687,532,155
S01009767,585,368,217
S01009768,357,168,189
S01009769,666,394,272
S01009770,640,478,162
S01009771,654,499,155
S01009772,587,465,122
S01009773,119,95,24
S01009774,81,73,8
S01009775,658,297,361
S01009776,704,322,382
S01009777,498,292,206
S01009778,889,373,516
S01009779,478,190,288
S01009780,602,273,329
S01009781,668,279,389
S01009782,329,200,129
S01009783,339,176,163
S01009784,727,327,400
S01009785,808,381,427
S01009786,838,362,476
S01009787,720,328,392
S01009788,975,488,487
S01009789,863,394,469
S01009790,734,392,342
S01009791,556,262,294
S01009792,184,146,38
S01009793,694,479,215
S01009794,305,258,47
S01009795,636,512,124
S01009796,592,327,265
S01009797,431,294,137
S01009798,693,507,186
S01009799,1032,478,554
S01009800,905,492,413
S01009801,958,496,462
S01009802,682,376,306
S01009803,636,278,358
S01009804,324,124,200
S01009805,600,255,345
S01009806,790,471,319
S01009807,672,437,235
S01009808,868,442,426
S01009809,795,496,299
S01009810,664,346,318
S01009811,942,413,529
S01009812,672,376,296
S01009813,720,339,381
S01009814,821,467,354
S01009815,777,525,252
S01009816,816,591,225
S01009817,607,316,291
S01009818,745,480,265
S01009819,820,500,320
S01009820,742,412,330
S01009821,609,401,208
S01009822,629,348,281
S01009823,827,387,440
S01009824,543,216,327
S01009825,838,450,388
S01009826,573,272,301
S01009827,652,305,347
S01009828,917,420,497
S01009829,863,563,300
S01009830,719,481,238
S01009831,915,687,228
S01009832,815,495,320
S01009833,511,387,124
S01009834,469,236,233
S01009835,440,197,243
S01009836,561,324,237
S01009837,550,260,290
S01009838,584,336,248
S01009839,838,505,333
S01009840,750,368,382
S01009841,857,410,447
S01009842,681,325,356
S01009843,447,184,263
S01009844,507,243,264
S01009845,794,420,374
S01009846,787,418,369
S01009847,466,269,197
S01009848,675,337,338
S01009849,794,357,437
S01009850,706,401,305
S01009851,769,362,407
S01009852,391,207,184
S01009853,668,330,338
S01009854,542,234,308
S01009855,532,296,236
S01009856,412,219,193
S01009857,569,296,273
S01009858,676,383,293
S01009859,810,356,454
S01009860,762,321,441
S01009861,1143,551,592
S01009862,804,471,333
S01009863,828,544,284
S01009864,714,430,284
S01009865,539,303,236
S01009866,744,451,293
S01009867,828,558,270
S01009868,826,574,252
S01009869,808,513,295
S01009870,722,394,328
S01009871,743,362,381
S01009872,696,468,228
S01009873,698,436,262
S01009874,716,408,308
S01009875,385,181,204
S01009876,686,337,349
S01009877,618,399,219
S01009878,570,284,286
S01009879,811,547,264
S01009880,822,473,349
S01009881,543,288,255
S01009882,463,310,153
S01009883,623,348,275
S01009884,697,445,252
S01009885,597,334,263
S01009886,558,272,286
S01009887,762,427,335
S01009888,599,336,263
S01009889,862,554,308
S01009890,601,355,246
S01009891,543,318,225
S01009892,874,508,366
S01009893,787,464,323
S01009894,744,349,395
S01009895,710,386,324
S01009896,909,420,489
S01009897,966,576,390
S01009898,623,273,350
S01009899,868,600,268
S01009900,937,732,205
S01009901,777,596,181
S01009902,818,451,367
S01009903,848,540,308
S01009904,560,431,129
S01009905,573,399,174
S01009906,542,352,190
S01009907,997,714,283
S01009908,977,743,234
S01009909,720,550,170
S01009910,648,475,173
S01009911,933,682,251
S01009912,676,455,221
S01009913,672,408,264
S01009914,712,433,279
S01009915,693,486,207
S01009916,902,500,402
S01009917,624,405,219
S01009918,727,500,227
S01009919,835,511,324
S01009920,870,648,222
S01009921,697,544,153
S01009922,1033,813,220
S01009923,848,603,245
S01009924,887,644,243
S01009925,951,749,202
S01009926,735,544,191
S01009927,438,289,149
S01009928,540,415,125
S01009929,436,323,113
S01009930,807,611,196
S01009931,739,621,118
S01009932,664,504,160
S01009933,935,491,444
S01009934,662,470,192
S01009935,532,213,319
S01009936,892,513,379
S01009937,532,200,332
S01009938,768,352,416
S01009939,806,364,442
S01009940,708,286,422
S01009941,872,653,219
S01009942,828,433,395
S01009943,941,453,488
S01009944,740,424,316
S01009945,821,399,422
S01009946,704,372,332
S01009947,658,388,270
S01009948,896,468,428
S01009949,740,430,310
S01009950,572,369,203
S01009951,699,472,227
S01009952,817,562,255
S01009953,894,590,304
S01009954,597,363,234
S01009955,792,507,285
S01009956,614,328,286
S01009957,1020,727,293
S01009958,1004,764,240
S01009959,630,392,238
S01009960,852,570,282
S01009961,496,300,196
S01009962,822,570,252
S01009963,991,734,257
S01009964,901,626,275
S01009965,798,585,213
S01009966,968,691,277
S01009967,801,580,221
S01009968,485,329,156
S01009969,883,540,343
S01009970,786,352,434
S01009971,760,315,445
S01009972,531,268,263
S01009973,252,129,123
S01009974,645,239,406
S01009975,621,261,360
S01009976,543,271,272
S01009977,666,237,429
S01009978,638,319,319
S01009979,620,281,339
S01009980,359,136,223
S01009981,530,236,294
S01009982,444,203,241
S01009983,414,151,263
S01009984,698,409,289
S01009985,425,196,229
S01009986,491,195,296
S01009987,622,289,333
S01009988,428,171,257
S01009989,830,578,252
S01009990,750,539,211
S01009991,747,551,196
S01009992,764,329,435
S01009993,619,462,157
S01009994,553,429,124
S01009995,467,342,125
S01009996,640,462,178
S01009997,526,400,126
S01009998,731,474,257
S01009999,687,451,236
S01010000,704,532,172
S01010001,533,364,169
S01010002,1076,756,320
S01010003,782,579,203
S01010004,707,447,260
S01010005,789,531,258
S01010006,949,652,297
S01010007,700,503,197
S01010008,448,306,142
S01010009,575,397,178
S01010010,1110,755,355
S01010011,645,406,239
S01010012,1243,855,388
S01010013,817,557,260
S01010014,1033,685,348
S01010015,734,523,211
S01010016,555,303,252
S01010017,695,379,316
S01010018,695,290,405
S01010019,866,355,511
S01010020,745,369,376
S01010021,530,201,329
S01010022,220,76,144
S01010023,725,239,486
S01010024,444,227,217
S01010025,555,226,329
S01010026,587,225,362
S01010027,814,497,317
S01010028,373,140,233
S01010029,480,189,291
S01010030,366,196,170
S01010031,564,454,110
S01010032,425,250,175
S01010033,705,375,330
S01010034,799,392,407
S01010035,555,271,284
S01010036,330,257,73
S01010037,766,270,496
S01010038,1015,433,582
S01010039,480,331,149
S01010040,472,296,176
S01010041,729,451,278
S01010042,439,259,180
S01010043,738,410,328
S01010044,890,434,456
S01010045,659,247,412
S01010046,861,414,447
S01010047,827,308,519
S01010048,878,316,562
S01010049,673,277,396
S01010050,577,179,398
S01010051,616,253,363
S01010052,455,190,265
S01010053,416,170,246
S01010054,576,207,369
S01010055,873,442,431
S01010056,373,172,201
S01010057,308,128,180
S01010058,675,352,323
S01010059,539,345,194
S01010060,735,386,349
S01010061,326,167,159
S01010062,585,291,294
S01010063,834,409,425
S01010064,571,323,248
S01010065,703,291,412
S01010066,553,259,294
S01010067,569,237,332
S01010068,273,89,184
S01010069,783,551,232
S01010070,543,409,134
S01010071,649,385,264
S01010072,810,481,329
S01010073,765,466,299
S01010074,809,504,305
S01010075,717,380,337
S01010076,707,442,265
S01010077,604,305,299
S01010078,568,422,146
S01010079,735,505,230
S01010080,706,456,250
S01010081,965,651,314
S01010082,538,360,178
S01010083,859,488,371
S01010084,904,428,476
S01010085,1010,636,374
S01010086,845,388,457
S01010087,568,360,208
S01010088,172,122,50
S01010089,663,366,297
S01010090,765,538,227
S01010091,543,380,163
S01010092,882,420,462
S01010093,677,457,220
S01010094,955,674,281
S01010095,983,741,242
S01010096,621,446,175
S01010097,584,394,190
S01010098,578,425,153
S01010099,774,529,245
S01010100,775,499,276
S01010101,909,632,277
S01010102,541,428,113
S01010103,639,530,109
S01010104,577,461,116
S01010105,565,300,265
S01010106,534,280,254
S01010107,775,497,278
S01010108,637,331,306
S01010109,832,465,367
S01010110,885,352,533
S01010111,791,330,461
S01010112,614,275,339
S01010113,424,225,199
S01010114,558,239,319
S01010115,508,383,125
S01010116,596,439,157
S01010117,177,109,68
S01010118,535,205,330
S01010119,219,85,134
S01010120,566,247,319
S01010121,475,240,235
S01010122,399,154,245
S01010123,431,186,245
S01010124,573,434,139
S01010125,376,182,194
S01010126,480,328,152
S01010127,392,188,204
S01010128,550,257,293
S01010129,624,288,336
S01010130,576,268,308
S01010131,850,569,281
S01010132,792,360,432
S01010133,710,280,430
S01010134,1044,561,483
S01010135,889,378,511
S01010136,819,483,336
S01010137,865,421,444
S01010138,812,291,521
S01010139,889,475,414
S01010140,811,561,250
S01010141,867,359,508
S01010142,516,315,201
S01010143,604,232,372
S01010144,573,348,225
S01010145,527,327,200
S01010146,839,429,410
S01010147,650,291,359
S01010148,609,228,381
S01010149,268,101,167
S01010150,788,255,533
S01010151,812,308,504
S01010152,607,307,300
S01010153,750,310,440
S01010154,831,312,519
S01010155,490,200,290
S01010156,494,198,296
S01010157,639,331,308
S01010158,699,328,371
S01010159,560,241,319
S01010160,491,182,309
S01010161,611,366,245
S01010162,718,291,427
S01010163,604,260,344
S01010164,616,297,319
S01010165,478,223,255
S01010166,885,426,459
S01010167,750,351,399
S01010168,332,136,196
S01010169,629,371,258
S01010170,787,434,353
S01010171,684,281,403
S01010172,519,204,315
S01010173,845,417,428
S01010174,1034,370,664
S01010175,353,198,155
S01010176,746,344,402
S01010177,497,213,284
S01010178,593,286,307
S01010179,915,361,554
S01010180,335,135,200
S01010181,877,393,484
S01010182,935,634,301
S01010183,579,284,295
S01010184,474,214,260
S01010185,551,256,295
S01010186,541,390,151
S01010187,658,467,191
S01010188,866,644,222
S01010189,649,563,86
S01010190,156,120,36
S01010191,545,453,92
S01010192,652,542,110
S01010193,684,542,142
S01010194,579,278,301
S01010195,755,373,382
S01010196,628,315,313
S01010197,728,353,375
S01010198,908,410,498
S01010199,490,235,255
S01010200,544,285,259
S01010201,620,313,307
S01010202,526,243,283
S01010203,483,377,106
S01010204,788,411,377
S01010205,576,299,277
S01010206,399,196,203
S01010207,490,270,220
S01010208,856,591,265
S01010209,670,371,299
S01010210,784,382,402
S01010211,681,304,377
S01010212,762,343,419
S01010213,757,352,405
S01010214,815,540,275
S01010215,741,253,488
S01010216,728,288,440
S01010217,685,360,325
S01010218,850,450,400
S01010219,621,246,375
S01010220,286,199,87
S01010221,359,133,226
S01010222,600,379,221
S01010223,548,317,231
S01010224,725,268,457
S01010225,565,332,233
S01010226,569,219,350
S01010227,786,337,449
S01010228,497,190,307
S01010229,720,422,298
S01010230,904,332,572
S01010231,522,201,321
S01010232,497,287,210
S01010233,1122,485,637
S01010234,720,429,291
S01010235,87,44,43
S01010236,630,407,223
S01010237,870,544,326
S01010238,818,503,315
S01010239,776,346,430
S01010240,951,540,411
S01010241,776,454,322
S01010242,924,506,418
S01010243,1053,567,486
S01010244,770,339,431
S01010245,745,274,471
S01010246,774,326,448
S01010247,679,401,278
S01010248,821,579,242
S01010249,875,593,282
S01010250,790,533,257
S01010251,203,154,49
S01010252,464,271,193
S01010253,618,294,324
S01010254,770,400,370
S01010255,684,270,414
S01010256,856,411,445
S01010257,1555,428,1127
S01010258,1016,555,461
S01010259,1427,519,908
S01010260,1297,439,858
S01010261,1808,639,1169
S01010262,960,379,581
S01010263,614,466,148
S01010264,674,409,265
S01010265,381,300,81
S01010266,674,428,246
S01010267,730,420,310
S01010268,906,512,394
S01010269,816,449,367
S01010270,832,298,534
S01010271,671,409,262
S01010272,275,99,176
S01010273,228,145,83
S01010274,234,188,46
S01010275,258,166,92
S01010276,112,86,26
S01010277,460,194,266
S01010278,1029,556,473
S01010279,563,326,237
S01010280,758,510,248
S01010281,521,421,100
S01010282,892,541,351
S01010283,661,365,296
S01010284,1069,709,360
S01010285,1058,617,441
S01010286,1301,644,657
S01010287,1209,708,501
S01010288,996,601,395
S01010289,244,168,76
S01010290,658,381,277
S01010291,903,497,406
S01010292,1137,680,457
S01010293,685,359,326
S01010294,942,544,398
S01010295,831,494,337
S01010296,683,362,321
S01010297,737,390,347
S01010298,760,358,402
S01010299,488,264,224
S01010300,1236,720,516
S01010301,474,305,169
S01010302,620,245,375
S01010303,410,168,242
S01010304,628,338,290
S01010305,902,499,403
S01010306,633,437,196
S01010307,771,572,199
S01010308,784,519,265
S01010309,578,231,347
S01010310,599,282,317
S01010311,721,283,438
S01010312,530,215,315
S01010313,935,376,559
S01010314,869,391,478
S01010315,421,195,226
S01010316,464,238,226
S01010317,1096,738,358
S01010318,1387,507,880
S01010319,610,335,275
S01010320,567,314,253
S01010321,880,544,336
S01010322,1102,788,314
S01010323,467,140,327
S01010324,770,295,475
S01010325,776,268,508
S01010326,646,237,409
S01010327,538,258,280
S01010328,566,245,321
S01010329,388,176,212
S01010330,578,254,324
S01010331,1012,384,628
S01010332,847,341,506
S01010333,689,323,366
S01010334,728,309,419
S01010335,865,386,479
S01010336,637,294,343
S01010337,748,300,448
S01010338,677,296,381
S01010339,759,382,377
S01010340,638,306,332
S01010341,662,432,230
S01010342,659,483,176
S01010343,822,641,181
S01010344,764,336,428
S01010345,212,142,70
S01010346,863,624,239
S01010347,758,338,420
S01010348,891,497,394
S01010349,916,515,401
S01010350,888,425,463
S01010351,527,267,260
S01010352,608,358,250
S01010353,766,289,477
S01010354,464,234,230
S01010355,850,405,445
S01010356,460,338,122
S01010357,510,218,292
S01010358,677,272,405
S01010359,885,331,554
S01010360,487,227,260
S01010361,456,204,252
S01010362,842,452,390
S01010363,583,385,198
S01010364,856,601,255
S01010365,865,622,243
S01010366,1012,709,303
S01010367,1147,748,399
S01010368,698,505,193
S01010369,707,493,214
S01010370,699,482,217
S01010371,1010,702,308
S01010372,805,566,239
S01010373,646,422,224
S01010374,754,519,235
S01010375,820,511,309
S01010376,825,520,305
S01010377,764,486,278
S01010378,834,483,351
S01010379,1146,674,472
S01010380,930,615,315
S01010381,473,301,172
S01010382,819,545,274
S01010383,709,397,312
S01010384,1115,666,449
S01010385,807,532,275
S01010386,764,460,304
S01010387,1056,660,396
S01010388,779,477,302
S01010389,60,37,23
S01010390,1035,780,255
S01010391,947,723,224
S01010392,161,93,68
S01010393,1159,850,309
S01010394,727,403,324
S01010395,949,643,306
S01010396,797,517,280
S01010397,723,522,201
S01010398,789,575,214
S01010399,1282,1043,239
S01010400,801,604,197
S01010401,633,424,209
S01010402,978,735,243
S01010403,858,671,187
S01010404,998,760,238
S01010405,1026,689,337
S01010406,805,605,200
S01010407,971,637,334
S01010408,472,284,188
S01010409,886,521,365
S01010410,456,253,203
S01010411,1037,726,311
S01010412,756,494,262
S01010413,579,331,248
S01010414,840,571,269
S01010415,838,422,416
S01010416,438,276,162
S01010417,422,314,108
S01010418,934,679,255
S01010419,1127,799,328
S01010420,763,512,251
S01010421,638,446,192
S01010422,792,529,263
S01010423,700,379,321
S01010424,566,288,278
S01010425,754,503,251
S01010426,886,611,275
S01010427,782,326,456
S01010428,1127,683,444
S01010429,647,480,167
S01010430,741,326,415
S01010431,696,468,228
S01010432,664,383,281
S01010433,547,221,326
S01010434,607,282,325
S01010435,534,317,217
S01010436,621,333,288
S01010437,399,195,204
S01010438,516,288,228
S01010439,693,412,281
S01010440,751,411,340
S01010441,492,377,115
S01010442,603,399,204
S01010443,549,318,231
S01010444,488,238,250
S01010445,710,363,347
S01010446,662,412,250
S01010447,833,419,414
S01010448,799,461,338
S01010449,775,370,405
S01010450,707,356,351
S01010451,772,369,403
S01010452,617,275,342
S01010453,793,379,414
S01010454,820,440,380
S01010455,651,271,380
S01010456,437,214,223
S01010457,711,313,398
S01010458,601,256,345
S01010459,592,288,304
S01010460,220,130,90
S01010461,781,392,389
S01010462,595,261,334
S01010463,517,302,215
S01010464,486,267,219
S01010465,699,541,158
S01010466,1055,721,334
S01010467,754,453,301
S01010468,776,566,210
S01010469,694,439,255
S01010470,595,281,314
S01010471,698,328,370
S01010472,396,249,147
S01010473,890,643,247
S01010474,872,549,323
S01010475,359,255,104
S01010476,527,274,253
S01010477,644,354,290
S01010478,1002,512,490
S01010479,744,410,334
S01010480,592,331,261
S01010481,582,262,320
S01010482,713,341,372
S01010483,878,445,433
S01010484,811,454,357
S01010485,669,400,269
S01010486,921,641,280
S01010487,699,410,289
S01010488,918,492,426
S01010489,817,422,395
S01010490,608,293,315
S01010491,642,285,357
S01010492,571,262,309
S01010493,572,259,313
S01010494,607,360,247
S01010495,735,347,388
S01010496,927,383,544
S01010497,447,224,223
S01010498,873,379,494
S01010499,725,302,423
S01010500,630,334,296
S01010501,532,278,254
S01010502,588,381,207
S01010503,692,301,391
S01010504,404,284,120
S01010505,439,289,150
S01010506,606,406,200
S01010507,729,521,208
S01010508,776,537,239
S01010509,893,648,245
S01010510,1121,786,335
S01010511,869,598,271
S01010512,670,446,224
S01010513,620,454,166
S01010514,693,498,195
S01010515,694,482,212
S01010516,481,357,124
S01010517,726,531,195
S01010518,677,518,159
S01010519,655,491,164
S01010520,695,477,218
S01010521,731,465,266
S01010522,466,341,125
S01010523,654,404,250
S01010524,474,339,135
S01010525,506,366,140
S01010526,630,454,176
S01010527,932,606,326
S01010528,522,352,170
S01010529,631,454,177
S01010530,526,375,151
S01010531,721,481,240
S01010532,665,457,208
S01010533,626,429,197
S01010534,738,537,201
S01010535,419,300,119
S01010536,848,616,232
S01010537,962,729,233
S01010538,279,210,69
S01010539,709,561,148
S01010540,456,305,151
S01010541,558,424,134
S01010542,630,429,201
S01010543,423,276,147
S01010544,868,589,279
S01010545,420,270,150
S01010546,635,420,215
S01010547,497,340,157
S01010548,291,209,82
S01010549,238,138,100
S01010550,479,334,145
S01010551,505,365,140
S01010552,669,482,187
S01010553,419,301,118
S01010554,554,371,183
S01010555,663,454,209
S01010556,696,424,272
S01010557,548,353,195
S01010558,427,251,176
S01010559,493,305,188
S01010560,454,300,154
S01010561,658,443,215
S01010562,784,539,245
S01010563,622,403,219
S01010564,482,300,182
S01010565,716,492,224
S01010566,553,410,143
S01010567,774,574,200
S01010568,879,619,260
S01010569,811,639,172
S01010570,1121,814,307
S01010571,731,618,113
S01010572,741,563,178
S01010573,540,413,127
S01010574,402,308,94
S01010575,649,449,200
S01010576,622,438,184
S01010577,616,414,202
S01010578,414,308,106
S01010579,592,471,121
S01010580,474,393,81
S01010581,661,552,109
S01010582,275,207,68
S01010583,639,505,134
S01010584,178,121,57
S01010585,168,142,26
S01010586,508,377,131
S01010587,643,471,172
S01010588,455,317,138
S01010589,555,402,153
S01010590,280,217,63
S01010591,97,73,24
S01010592,329,276,53
S01010593,433,325,108
S01010594,156,104,52
S01010595,141,94,47
S01010596,655,502,153
S01010597,244,178,66
S01010598,328,247,81
S01010599,265,207,58
S01010600,651,463,188
S01010601,557,318,239
S01010602,416,344,72
S01010603,600,417,183
S01010604,627,416,211
S01010605,762,537,225
S01010606,714,460,254
S01010607,713,499,214
S01010608,548,343,205
S01010609,431,299,132
S01010610,603,395,208
S01010611,972,703,269
S01010612,591,429,162
S01010613,583,366,217
S01010614,516,329,187
S01010615,648,515,133
S01010616,931,700,231
S01010617,782,612,170
S01010618,853,703,150
S01010619,567,440,127
S01010620,322,236,86
S01010621,800,571,229
S01010622,501,330,171
S01010623,601,443,158
S01010624,664,460,204
S01010625,605,393,212
S01010626,713,462,251
S01010627,692,499,193
S01010628,915,634,281
S01010629,888,557,331
S01010630,524,354,170
S01010631,509,334,175
S01010632,655,377,278
S01010633,619,335,284
S01010634,472,303,169
S01010635,576,367,209
S01010636,695,484,211
S01010637,646,439,207
S01010638,637,362,275
S01010639,852,514,338
S01010640,614,460,154
S01010641,834,491,343
S01010642,709,394,315
S01010643,467,261,206
S01010644,566,280,286
S01010645,615,496,119
S01010646,637,500,137
S01010647,519,400,119
S01010648,758,534,224
S01010649,568,427,141
S01010650,477,272,205
S01010651,567,418,149
S01010652,569,442,127
S01010653,603,475,128
S01010654,637,455,182
S01010655,631,425,206
S01010656,461,308,153
S01010657,574,407,167
S01010658,709,447,262
S01010659,496,359,137
S01010660,509,321,188
S01010661,553,395,158
S01010662,517,374,143
S01010663,820,539,281
S01010664,441,316,125
S01010665,625,429,196
S01010666,789,518,271
S01010667,495,337,158
S01010668,810,519,291
S01010669,434,283,151
S01010670,658,472,186
S01010671,566,390,176
S01010672,1031,725,306
S01010673,803,569,234
S01010674,805,570,235
S01010675,656,454,202
S01010676,770,541,229
S01010677,346,234,112
S01010678,652,447,205
S01010679,1054,719,335
S01010680,546,362,184
S01010681,653,479,174
S01010682,780,544,236
S01010683,637,403,234
S01010684,760,494,266
S01010685,528,327,201
S01010686,475,296,179
S01010687,748,465,283
S01010688,614,411,203
S01010689,773,478,295
S01010690,636,429,207
S01010691,602,408,194
S01010692,435,328,107
S01010693,303,198,105
S01010694,579,351,228
S01010695,531,352,179
S01010696,666,466,200
S01010697,751,492,259
S01010698,482,333,149
S01010699,393,291,102
S01010700,442,337,105
S01010701,873,621,252
S01010702,760,535,225
S01010703,634,440,194
S01010704,804,520,284
S01010705,746,494,252
S01010706,383,271,112
S01010707,497,330,167
S01010708,754,536,218
S01010709,642,444,198
S01010710,665,440,225
S01010711,458,324,134
S01010712,540,367,173
S01010713,757,566,191
S01010714,584,353,231
S01010715,615,416,199
S01010716,618,426,192
S01010717,793,556,237
S01010718,631,459,172
S01010719,578,369,209
S01010720,575,335,240
S01010721,552,350,202
S01010722,779,515,264
S01010723,715,491,224
S01010724,553,391,162
S01010725,567,415,152
S01010726,787,529,258
S01010727,465,326,139
S01010728,553,383,170
S01010729,617,453,164
S01010730,585,397,188
S01010731,623,393,230
S01010732,623,384,239
S01010733,645,368,277
S01010734,633,369,264
S01010735,623,396,227
S01010736,291,205,86
S01010737,574,352,222
S01010738,721,487,234
S01010739,564,379,185
S01010740,539,339,200
S01010741,504,355,149
S01010742,590,352,238
S01010743,633,395,238
S01010744,821,590,231
S01010745,496,273,223
S01010746,646,413,233
S01010747,720,434,286
S01010748,393,262,131
S01010749,507,345,162
S01010750,449,289,160
S01010751,754,437,317
S01010752,736,472,264
S01010753,823,520,303
S01010754,660,428,232
S01010755,617,386,231
S01010756,666,460,206
S01010757,624,400,224
S01010758,399,252,147
S01010759,459,299,160
S01010760,515,299,216
S01010761,394,253,141
S01010762,446,281,165
S01010763,660,405,255
S01010764,402,242,160
S01010765,850,518,332
S01010766,526,300,226
S01010767,426,254,172
S01010768,517,284,233
S01010769,342,232,110
S01010770,628,439,189
S01010771,751,433,318
S01010772,589,357,232
S01010773,489,313,176
S01010774,892,541,351
S01010775,404,300,104
S01010776,619,390,229
S01010777,425,277,148
S01010778,558,355,203
S01010779,609,375,234
S01010780,482,321,161
S01010781,664,487,177
S01010782,460,281,179
S01010783,679,423,256
S01010784,909,588,321
S01010785,647,470,177
S01010786,364,260,104
S01010787,608,397,211
S01010788,453,328,125
S01010789,591,433,158
S01010790,571,381,190
S01010791,701,468,233
S01010792,804,572,232
S01010793,393,284,109
S01010794,265,181,84
S01010795,906,658,248
S01010796,932,697,235
S01010797,412,290,122
S01010798,468,340,128
S01010799,734,459,275
S01010800,691,468,223
S01010801,628,412,216
S01010802,500,348,152
S01010803,403,244,159
S01010804,602,411,191
S01010805,944,678,266
S01010806,677,440,237
S01010807,418,293,125
S01010808,407,291,116
S01010809,562,408,154
S01010810,385,240,145
S01010811,674,434,240
S01010812,356,235,121
S01010813,654,437,217
S01010814,557,367,190
S01010815,483,338,145
S01010816,526,345,181
S01010817,944,658,286
S01010818,922,612,310
S01010819,673,398,275
S01010820,840,506,334
S01010821,638,389,249
S01010822,401,232,169
S01010823,324,170,154
S01010824,445,375,70
S01010825,609,415,194
S01010826,536,372,164
S01010827,521,388,133
S01010828,839,655,184
S01010829,564,392,172
S01010830,438,327,111
S01010831,233,206,27
S01010832,580,467,113
S01010833,680,484,196
S01010834,1019,668,351
S01010835,608,372,236
S01010836,740,516,224
S01010837,701,456,245
S01010838,844,514,330
S01010839,674,407,267
S01010840,523,351,172
S01010841,847,572,275
S01010842,677,391,286
S01010843,523,303,220
S01010844,654,419,235
S01010845,492,296,196
S01010846,716,479,237
S01010847,649,509,140
S01010848,763,458,305
S01010849,737,423,314
S01010850,706,402,304
S01010851,766,432,334
S01010852,718,438,280
S01010853,841,562,279
S01010854,458,248,210
S01010855,428,255,173
S01010856,661,344,317
S01010857,675,476,199
S01010858,849,456,393
S01010859,706,411,295
S01010860,704,425,279
S01010861,691,333,358
S01010862,540,253,287
S01010863,630,407,223
S01010864,529,360,169
S01010865,538,332,206
S01010866,630,376,254
S01010867,579,397,182
S01010868,580,348,232
S01010869,892,622,270
S01010870,577,370,207
S01010871,590,413,177
S01010872,638,452,186
S01010873,546,312,234
S01010874,703,504,199
S01010875,479,354,125
S01010876,538,373,165
S01010877,1006,663,343
S01010878,918,468,450
S01010879,837,581,256
S01010880,488,303,185
S01010881,619,362,257
S01010882,632,429,203
S01010883,782,572,210
S01010884,935,510,425
S01010885,1086,661,425
S01010886,606,383,223
S01010887,474,214,260
S01010888,802,488,314
S01010889,715,447,268
S01010890,583,218,365
S01010891,393,174,219
S01010892,552,254,298
S01010893,538,251,287
S01010894,356,192,164
S01010895,437,237,200
S01010896,816,409,407
S01010897,480,233,247
S01010898,825,483,342
S01010899,548,392,156
S01010900,746,478,268
S01010901,368,192,176
S01010902,700,377,323
S01010903,520,240,280
S01010904,415,251,164
S01010905,350,205,145
S01010906,587,361,226
S01010907,67,47,20
S01010908,477,274,203
S01010909,650,435,215
S01010910,556,344,212
S01010911,554,241,313
S01010912,575,299,276
S01010913,515,354,161
S01010914,734,516,218
S01010915,810,578,232
S01010916,625,346,279
S01010917,641,338,303
S01010918,971,545,426
S01010919,738,432,306
S01010920,533,257,276
S01010921,639,353,286
S01010922,754,433,321
S01010923,902,528,374
S01010924,591,365,226
S01010925,658,350,308
S01010926,788,475,313
S01010927,716,377,339
S01010928,648,354,294
S01010929,786,421,365
S01010930,481,371,110
S01010931,356,252,104
S01010932,778,517,261
S01010933,280,205,75
S01010934,822,624,198
S01010935,590,389,201
S01010936,468,307,161
S01010937,632,484,148
S01010938,655,400,255
S01010939,568,417,151
S01010940,571,416,155
S01010941,1052,822,230
S01010942,565,448,117
S01010943,643,467,176
S01010944,607,412,195
S01010945,465,361,104
S01010946,823,516,307
S01010947,622,436,186
S01010948,554,413,141
S01010949,849,637,212
S01010950,678,461,217
S01010951,590,427,163
S01010952,598,470,128
S01010953,546,402,144
S01010954,672,564,108
S01010955,556,415,141
S01010956,642,502,140
S01010957,479,374,105
S01010958,480,347,133
S01010959,497,387,110
S01010960,975,669,306
S01010961,885,583,302
S01010962,568,355,213
S01010963,749,550,199
S01010964,444,315,129
S01010965,770,492,278
S01010966,664,451,213
S01010967,661,437,224
S01010968,703,476,227
S01010969,599,416,183
S01010970,1035,657,378
S01010971,1286,912,374
S01010972,519,381,138
S01010973,504,349,155
S01010974,844,512,332
S01010975,468,289,179
S01010976,535,372,163
S01010977,552,372,180
S01010978,658,429,229
S01010979,610,401,209
S01010980,617,423,194
S01010981,590,380,210
S01010982,1045,732,313
S01010983,919,628,291
S01010984,874,604,270
S01010985,612,403,209
S01010986,313,262,51
S01010987,294,244,50
S01010988,417,365,52
S01010989,260,173,87
S01010990,575,403,172
S01010991,561,405,156
S01010992,362,242,120
S01010993,520,407,113
S01010994,952,681,271
S01010995,745,571,174
S01010996,603,475,128
S01010997,799,539,260
S01010998,695,499,196
S01010999,593,397,196
S01011000,868,576,292
S01011001,532,382,150
S01011002,566,356,210
S01011003,611,396,215
S01011004,648,471,177
S01011005,586,360,226
S01011006,454,316,138
S01011007,702,436,266
S01011008,758,514,244
S01011009,548,381,167
S01011010,697,444,253
S01011011,596,349,247
S01011012,853,513,340
S01011013,669,427,242
S01011014,706,529,177
S01011015,436,312,124
S01011016,286,223,63
S01011017,620,446,174
S01011018,1089,742,347
S01011019,697,474,223
S01011020,283,196,87
S01011021,599,374,225
S01011022,557,382,175
S01011023,602,384,218
S01011024,914,559,355
S01011025,586,421,165
S01011026,449,321,128
S01011027,792,484,308
S01011028,642,411,231
S01011029,617,424,193
S01011030,737,589,148
S01011031,551,337,214
S01011032,686,453,233
S01011033,488,344,144
S01011034,532,319,213
S01011035,468,312,156
S01011036,661,461,200
S01011037,645,427,218
S01011038,719,445,274
S01011039,639,447,192
S01011040,717,456,261
S01011041,473,247,226
S01011042,537,441,96
S01011043,765,502,263
S01011044,595,387,208
S01011045,542,353,189
S01011046,467,323,144
S01011047,762,507,255
S01011048,825,514,311
S01011049,590,383,207
S01011050,618,414,204
S01011051,620,399,221
S01011052,733,478,255
S01011053,504,325,179
S01011054,462,314,148
S01011055,411,277,134
S01011056,428,294,134
S01011057,508,323,185
S01011058,403,281,122
S01011059,506,343,163
S01011060,830,575,255
S01011061,774,529,245
S01011062,995,661,334
S01011063,788,480,308
S01011064,925,638,287
S01011065,588,373,215
S01011066,454,290,164
S01011067,678,409,269
S01011068,548,342,206
S01011069,462,272,190
S01011070,598,383,215
S01011071,658,402,256
S01011072,594,389,205
S01011073,508,329,179
S01011074,466,313,153
S01011075,675,414,261
S01011076,782,501,281
S01011077,726,455,271
S01011078,722,420,302
S01011079,910,581,329
S01011080,840,534,306
S01011081,648,430,218
S01011082,533,306,227
S01011083,746,472,274
S01011084,577,396,181
S01011085,611,420,191
S01011086,462,312,150
S01011087,669,452,217
S01011088,799,551,248
S01011089,643,407,236
S01011090,525,379,146
S01011091,497,369,128
S01011092,249,204,45
S01011093,668,503,165
S01011094,358,249,109
S01011095,690,508,182
S01011096,886,767,119
S01011097,536,392,144
S01011098,686,478,208
S01011099,652,470,182
S01011100,415,239,176
S01011101,612,396,216
S01011102,582,397,185
S01011103,557,323,234
S01011104,455,293,162
S01011105,619,462,157
S01011106,526,422,104
S01011107,215,174,41
S01011108,532,392,140
S01011109,635,465,170
S01011110,739,532,207
S01011111,863,568,295
S01011112,111,65,46
S01011113,795,487,308
S01011114,870,649,221
S01011115,716,516,200
S01011116,700,505,195
S01011117,671,479,192
S01011118,629,424,205
S01011119,594,372,222
S01011120,846,541,305
S01011121,517,352,165
S01011122,605,426,179
S01011123,886,577,309
S01011124,279,177,102
S01011125,317,230,87
S01011126,546,414,132
S01011127,318,237,81
S01011128,819,596,223
S01011129,583,405,178
S01011130,568,362,206
S01011131,537,375,162
S01011132,572,396,176
S01011133,469,320,149
S01011134,633,421,212
S01011135,781,562,219
S01011136,402,265,137
S01011137,426,307,119
S01011138,359,254,105
S01011139,557,468,89
S01011140,408,283,125
S01011141,1227,1009,218
S01011142,1348,971,377
S01011143,863,593,270
S01011144,612,422,190
S01011145,632,448,184
S01011146,470,309,161
S01011147,892,608,284
S01011148,548,378,170
S01011149,659,586,73
S01011150,1007,878,129
S01011151,613,478,135
S01011152,704,474,230
S01011153,657,432,225
S01011154,464,299,165
S01011155,521,327,194
S01011156,695,510,185
S01011157,576,447,129
S01011158,460,312,148
S01011159,437,238,199
S01011160,663,463,200
S01011161,479,375,104
S01011162,553,427,126
S01011163,792,563,229
S01011164,489,377,112
S01011165,632,433,199
S01011166,498,365,133
S01011167,771,539,232
S01011168,623,454,169
S01011169,171,121,50
S01011170,586,399,187
S01011171,783,531,252
S01011172,594,411,183
S01011173,631,405,226
S01011174,747,470,277
S01011175,598,339,259
S01011176,540,312,228
S01011177,807,507,300
S01011178,572,400,172
S01011179,530,315,215
S01011180,636,396,240
S01011181,514,387,127
S01011182,400,297,103
S01011183,591,410,181
S01011184,585,448,137
S01011185,627,415,212
S01011186,874,519,355
S01011187,744,553,191
S01011188,865,574,291
S01011189,643,440,203
S01011190,672,427,245
S01011191,604,396,208
S01011192,720,534,186
S01011193,751,503,248
S01011194,543,376,167
S01011195,760,510,250
S01011196,780,510,270
S01011197,670,449,221
S01011198,577,417,160
S01011199,590,394,196
S01011200,738,547,191
S01011201,467,310,157
S01011202,759,485,274
S01011203,970,617,353
S01011204,460,324,136
S01011205,156,120,36
S01011206,468,366,102
S01011207,767,547,220
S01011208,678,566,112
S01011209,536,367,169
S01011210,492,339,153
S01011211,739,566,173
S01011212,557,385,172
S01011213,807,527,280
S01011214,780,461,319
S01011215,627,361,266
S01011216,739,405,334
S01011217,909,498,411
S01011218,683,367,316
S01011219,779,454,325
S01011220,787,467,320
S01011221,844,511,333
S01011222,504,286,218
S01011223,711,434,277
S01011224,519,263,256
S01011225,795,415,380
S01011226,731,482,249
S01011227,659,447,212
S01011228,898,532,366
S01011229,628,361,267
S01011230,1027,518,509
S01011231,789,404,385
S01011232,617,389,228
S01011233,557,314,243
S01011234,831,411,420
S01011235,369,195,174
S01011236,480,277,203
S01011237,701,341,360
S01011238,535,279,256
S01011239,728,381,347
S01011240,793,378,415
S01011241,685,422,263
S01011242,746,441,305
S01011243,597,302,295
S01011244,556,295,261
S01011245,670,355,315
S01011246,531,347,184
S01011247,665,379,286
S01011248,750,494,256
S01011249,637,450,187
S01011250,784,462,322
S01011251,616,353,263
S01011252,591,333,258
S01011253,680,344,336
S01011254,972,701,271
S01011255,123,105,18
S01011256,119,100,19
S01011257,426,250,176
S01011258,558,350,208
S01011259,625,389,236
S01011260,569,334,235
S01011261,639,315,324
S01011262,484,271,213
S01011263,455,271,184
S01011264,475,303,172
S01011265,754,411,343
S01011266,743,378,365
S01011267,540,317,223
S01011268,437,265,172
S01011269,420,235,185
S01011270,606,324,282
S01011271,745,443,302
S01011272,549,264,285
S01011273,917,539,378
S01011274,745,425,320
S01011275,638,362,276
S01011276,750,412,338
S01011277,600,469,131
S01011278,558,456,102
S01011279,591,444,147
S01011280,601,452,149
S01011281,584,465,119
S01011282,571,458,113
S01011283,396,301,95
S01011284,310,227,83
S01011285,815,475,340
S01011286,527,314,213
S01011287,692,432,260
S01011288,797,521,276
S01011289,664,402,262
S01011290,980,558,422
S01011291,815,490,325
S01011292,487,255,232
S01011293,698,375,323
S01011294,732,348,384
S01011295,785,469,316
S01011296,564,321,243
S01011297,711,401,310
S01011298,900,539,361
S01011299,388,281,107
S01011300,769,471,298
S01011301,502,371,131
S01011302,740,400,340
S01011303,908,653,255
S01011304,750,482,268
S01011305,409,237,172
S01011306,454,282,172
S01011307,724,476,248
S01011308,459,298,161
S01011309,673,403,270
S01011310,543,317,226
S01011311,860,574,286
S01011312,893,587,306
S01011313,749,489,260
S01011314,642,446,196
S01011315,290,171,119
S01011316,585,320,265
S01011317,656,358,298
S01011318,590,316,274
S01011319,814,466,348
S01011320,539,325,214
S01011321,486,340,146
S01011322,494,326,168
S01011323,767,469,298
S01011324,423,265,158
S01011325,701,438,263
S01011326,775,463,312
S01011327,616,280,336
S01011328,608,314,294
S01011329,670,401,269
S01011330,598,355,243
S01011331,537,294,243
S01011332,772,465,307
S01011333,487,273,214
S01011334,816,562,254
S01011335,712,468,244
S01011336,514,314,200
S01011337,556,362,194
S01011338,522,360,162
S01011339,529,310,219
S01011340,809,482,327
S01011341,545,358,187
S01011342,575,406,169
S01011343,664,406,258
S01011344,661,355,306
S01011345,764,467,297
S01011346,693,440,253
S01011347,803,534,269
S01011348,931,596,335
S01011349,766,606,160
S01011350,656,462,194
S01011351,585,329,256
S01011352,480,300,180
S01011353,532,361,171
S01011354,690,425,265
S01011355,853,537,316
S01011356,698,494,204
S01011357,1011,723,288
S01011358,385,339,46
S01011359,627,352,275
S01011360,460,261,199
S01011361,374,192,182
S01011362,247,168,79
S01011363,963,576,387
S01011364,399,269,130
S01011365,468,330,138
S01011366,374,209,165
S01011367,587,323,264
S01011368,69,32,37
S01011369,519,306,213
S01011370,255,139,116
S01011371,1141,695,446
S01011372,802,419,383
S01011373,647,398,249
S01011374,366,291,75
S01011375,464,328,136
S01011376,438,248,190
S01011377,416,277,139
S01011378,758,452,306
S01011379,695,519,176
S01011380,581,344,237
S01011381,575,371,204
S01011382,198,96,102
S01011383,745,332,413
S01011384,550,258,292
S01011385,737,394,343
S01011386,732,374,358
S01011387,624,307,317
S01011388,446,234,212
S01011389,561,330,231
S01011390,804,428,376
S01011391,480,286,194
S01011392,753,524,229
S01011393,652,357,295
S01011394,471,338,133
S01011395,624,355,269
S01011396,749,418,331
S01011397,531,269,262
S01011398,570,307,263
S01011399,382,206,176
S01011400,572,337,235
S01011401,769,512,257
S01011402,746,392,354
S01011403,758,472,286
S01011404,909,527,382
S01011405,575,311,264
S01011406,543,313,230
S01011407,1010,636,374
S01011408,743,391,352
S01011409,525,324,201
S01011410,670,387,283
S01011411,752,448,304
S01011412,827,537,290
S01011413,451,376,75
S01011414,812,480,332
S01011415,706,494,212
S01011416,741,555,186
S01011417,557,313,244
S01011418,636,338,298
S01011419,553,322,231
S01011420,419,228,191
S01011421,306,270,36
S01011422,367,210,157
S01011423,436,223,213
S01011424,417,265,152
S01011425,597,312,285
S01011426,718,406,312
S01011427,793,425,368
S01011428,657,333,324
S01011429,1014,453,561
S01011430,775,560,215
S01011431,953,506,447
S01011432,1625,796,829
S01011433,719,399,320
S01011434,781,484,297
S01011435,952,616,336
S01011436,948,547,401
S01011437,663,354,309
S01011438,642,355,287
S01011439,866,495,371
S01011440,756,456,300
S01011441,581,355,226
S01011442,563,313,250
S01011443,639,364,275
S01011444,803,439,364
S01011445,515,286,229
S01011446,712,502,210
S01011447,789,476,313
S01011448,882,586,296
S01011449,500,275,225
S01011450,350,245,105
S01011451,593,444,149
S01011452,735,529,206
S01011453,628,379,249
S01011454,863,493,370
S01011455,840,474,366
S01011456,880,517,363
S01011457,699,379,320
S01011458,538,380,158
S01011459,441,278,163
S01011460,716,470,246
S01011461,656,415,241
S01011462,762,524,238
S01011463,477,333,144
S01011464,211,113,98
S01011465,543,318,225
S01011466,925,606,319
S01011467,279,175,104
S01011468,91,88,3
S01011469,581,339,242
S01011470,756,414,342
S01011471,668,400,268
S01011472,1079,583,496
S01011473,764,428,336
S01011474,819,462,357
S01011475,519,258,261
S01011476,588,431,157
S01011477,744,546,198
S01011478,810,561,249
S01011479,654,426,228
S01011480,761,507,254
S01011481,466,255,211
S01011482,849,467,382
S01011483,677,486,191
S01011484,863,458,405
S01011485,751,373,378
S01011486,418,248,170
S01011487,707,381,326
S01011488,536,290,246
S01011489,410,258,152
S01011490,813,559,254
S01011491,373,200,173
S01011492,698,467,231
S01011493,729,538,191
S01011494,479,251,228
S01011495,872,509,363
S01011496,430,216,214
S01011497,643,518,125
S01011498,451,380,71
S01011499,703,493,210
S01011500,782,440,342
S01011501,547,288,259
S01011502,599,365,234
S01011503,836,520,316
S01011504,483,297,186
S01011505,496,307,189
S01011506,428,230,198
S01011507,621,343,278
S01011508,708,504,204
S01011509,503,346,157
S01011510,699,385,314
S01011511,573,327,246
S01011512,894,501,393
S01011513,709,371,338
S01011514,819,492,327
S01011515,649,493,156
S01011516,740,599,141
S01011517,458,273,185
S01011518,513,260,253
S01011519,580,349,231
S01011520,739,427,312
S01011521,995,574,421
S01011522,652,365,287
S01011523,976,635,341
S01011524,672,515,157
S01011525,662,464,198
S01011526,759,505,254
S01011527,782,506,276
S01011528,733,401,332
S01011529,829,438,391
S01011530,917,516,401
S01011531,825,480,345
S01011532,347,279,68
S01011533,517,262,255
S01011534,575,329,246
S01011535,624,330,294
S01011536,548,429,119
S01011537,676,500,176
S01011538,634,461,173
S01011539,734,388,346
S01011540,780,463,317
S01011541,674,361,313
S01011542,859,529,330
S01011543,656,352,304
S01011544,609,334,275
S01011545,740,438,302
S01011546,505,445,60
S01011547,323,296,27
S01011548,640,351,289
S01011549,803,537,266
S01011550,846,625,221
S01011551,718,431,287
S01011552,768,535,233
S01011553,195,126,69
S01011554,839,488,351
S01011555,615,358,257
S01011556,508,323,185
S01011557,711,427,284
S01011558,630,376,254
S01011559,556,301,255
S01011560,791,433,358
S01011561,578,294,284
S01011562,611,339,272
S01011563,660,333,327
S01011564,557,331,226
S01011565,657,393,264
S01011566,598,368,230
S01011567,675,340,335
S01011568,584,325,259
S01011569,609,330,279
S01011570,788,451,337
S01011571,713,375,338
S01011572,658,398,260
S01011573,479,342,137
S01011574,562,351,211
S01011575,386,219,167
S01011576,671,337,334
S01011577,491,331,160
S01011578,866,520,346
S01011579,736,517,219
S01011580,740,365,375
S01011581,680,408,272
S01011582,1055,727,328
S01011583,712,474,238
S01011584,640,387,253
S01011585,933,517,416
S01011586,541,303,238
S01011587,578,319,259
S01011588,701,376,325
S01011589,790,451,339
S01011590,869,485,384
S01011591,715,393,322
S01011592,629,351,278
S01011593,463,258,205
S01011594,543,343,200
S01011595,770,575,195
S01011596,1037,712,325
S01011597,648,482,166
S01011598,713,358,355
S01011599,708,403,305
S01011600,572,344,228
S01011601,615,517,98
S01011602,540,308,232
S01011603,804,375,429
S01011604,473,258,215
S01011605,668,395,273
S01011606,294,251,43
S01011607,665,543,122
S01011608,659,531,128
S01011609,730,358,372
S01011610,742,398,344
S01011611,544,413,131
S01011612,204,149,55
S01011613,813,595,218
S01011614,358,237,121
S01011615,652,383,269
S01011616,443,232,211
S01011617,823,446,377
S01011618,634,373,261
S01011619,584,454,130
S01011620,519,453,66
S01011621,669,501,168
S01011622,139,93,46
S01011623,708,430,278
S01011624,600,436,164
S01011625,436,320,116
S01011626,814,638,176
S01011627,460,420,40
S01011628,1031,750,281
S01011629,611,353,258
S01011630,498,313,185
S01011631,655,359,296
S01011632,790,441,349
S01011633,868,525,343
S01011634,669,397,272
S01011635,493,309,184
S01011636,628,346,282
S01011637,540,316,224
S01011638,540,307,233
S01011639,443,243,200
S01011640,776,459,317
S01011641,785,595,190
S01011642,682,470,212
S01011643,352,220,132
S01011644,608,369,239
S01011645,475,288,187
S01011646,752,537,215
S01011647,821,658,163
S01011648,326,191,135
S01011649,291,161,130
S01011650,892,569,323
S01011651,603,369,234
S01011652,707,535,172
S01011653,836,477,359
S01011654,805,468,337
S01011655,654,367,287
S01011656,548,290,258
S01011657,444,211,233
S01011658,767,454,313
S01011659,726,419,307
S01011660,944,647,297
S01011661,872,507,365
S01011662,360,275,85
S01011663,667,403,264
S01011664,872,449,423
S01011665,831,485,346
S01011666,785,385,400
S01011667,777,428,349
S01011668,1110,618,492
S01011669,729,457,272
S01011670,620,370,250
S01011671,575,344,231
S01011672,610,378,232
S01011673,598,347,251
S01011674,623,363,260
S01011675,774,415,359
S01011676,612,335,277
S01011677,111,64,47
S01011678,389,209,180
S01011679,473,266,207
S01011680,919,511,408
S01011681,566,368,198
S01011682,609,388,221
S01011683,648,431,217
S01011684,541,349,192
S01011685,216,142,74
S01011686,755,558,197
S01011687,743,471,272
S01011688,806,550,256
S01011689,413,292,121
S01011690,633,408,225
S01011691,248,159,89
S01011692,958,507,451
S01011693,735,510,225
S01011694,82,56,26
S01011695,753,547,206
S01011696,127,78,49
S01011697,349,196,153
S01011698,570,339,231
S01011699,699,501,198
S01011700,671,399,272
S01011701,652,457,195
S01011702,661,433,228
S01011703,585,428,157
S01011704,601,474,127
S01011705,673,433,240
S01011706,707,422,285
S01011707,559,384,175
S01011708,811,488,323
S01011709,872,560,312
S01011710,508,300,208
S01011711,892,442,450
S01011712,446,285,161
S01011713,1002,695,307
S01011714,354,269,85
S01011715,805,514,291
S01011716,737,617,120
S01011717,720,533,187
S01011718,185,133,52
S01011719,568,488,80
S01011720,573,438,135
S01011721,620,410,210
S01011722,1109,713,396
S01011723,740,504,236
S01011724,486,378,108
S01011725,461,413,48
S01011726,439,374,65
S01011727,188,142,46
S01011728,796,554,242
S01011729,896,509,387
S01011730,830,623,207
S01011731,903,652,251
S01011732,802,594,208
S01011733,716,511,205
S01011734,735,464,271
S01011735,658,474,184
S01011736,903,608,295
S01011737,765,489,276
S01011738,632,403,229
S01011739,484,304,180
S01011740,497,291,206
S01011741,771,456,315
S01011742,686,433,253
S01011743,557,358,199
S01011744,557,288,269
S01011745,798,443,355
S01011746,629,346,283
S01011747,784,448,336
S01011748,747,512,235
S01011749,634,442,192
S01011750,643,384,259
S01011751,874,552,322
S01011752,854,591,263
S01011753,718,494,224
S01011754,742,470,272
S01011755,779,553,226
S01011756,916,631,285
S01011757,714,468,246
S01011758,513,347,166
S01011759,731,509,222
S01011760,742,502,240
S01011761,471,303,168
S01011762,694,438,256
S01011763,675,457,218
S01011764,312,216,96
S01011765,1001,828,173
S01011766,587,461,126
S01011767,980,665,315
S01011768,676,439,237
S01011769,657,363,294
S01011770,743,447,296
S01011771,501,417,84
S01011772,815,621,194
S01011773,401,353,48
S01011774,571,423,148
S01011775,536,453,83
S01011776,316,263,53
S01011777,456,373,83
S01011778,444,371,73
S01011779,576,433,143
S01011780,560,419,141
S01011781,710,541,169
S01011782,646,497,149
S01011783,457,355,102
S01011784,692,466,226
S01011785,864,597,267
S01011786,150,140,10
S01011787,813,402,411
S01011788,330,260,70
S01011789,919,669,250
S01011790,901,585,316
S01011791,588,367,221
S01011792,631,361,270
S01011793,503,331,172
S01011794,641,364,277
S01011795,576,353,223
S01011796,601,374,227
S01011797,705,507,198
S01011798,435,266,169
S01011799,863,628,235
S01011800,556,363,193
S01011801,508,336,172
S01011802,561,301,260
S01011803,489,313,176
S01011804,690,470,220
S01011805,682,480,202
S01011806,820,590,230
S01011807,716,533,183
S01011808,640,443,197
S01011809,429,316,113
S01011810,766,542,224
S01011811,649,467,182
S01011812,708,493,215
S01011813,593,445,148
S01011814,433,315,118
S01011815,373,291,82
S01011816,481,350,131
S01011817,476,361,115
S01011818,935,720,215
S01011819,952,670,282
S01011820,489,310,179
S01011821,342,232,110
S01011822,599,425,174
S01011823,482,324,158
S01011824,731,547,184
S01011825,411,263,148
S01011826,529,397,132
S01011827,438,293,145
S01011828,634,425,209
S01011829,335,239,96
S01011830,609,409,200
S01011831,747,502,245
S01011832,538,410,128
S01011833,610,423,187
S01011834,475,349,126
S01011835,431,290,141
S01011836,818,578,240
S01011837,576,422,154
S01011838,866,619,247
S01011839,855,611,244
S01011840,915,683,232
S01011841,979,635,344
S01011842,996,656,340
S01011843,875,652,223
S01011844,660,467,193
S01011845,571,361,210
S01011846,664,482,182
S01011847,331,252,79
S01011848,567,408,159
S01011849,536,373,163
S01011850,746,534,212
S01011851,578,401,177
S01011852,626,437,189
S01011853,616,459,157
S01011854,757,492,265
S01011855,840,582,258
S01011856,518,314,204
S01011857,766,526,240
S01011858,557,302,255
S01011859,735,407,328
S01011860,503,338,165
S01011861,553,355,198
S01011862,659,410,249
S01011863,729,439,290
S01011864,574,376,198
S01011865,517,347,170
S01011866,788,555,233
S01011867,659,418,241
S01011868,612,416,196
S01011869,553,390,163
S01011870,502,345,157
S01011871,702,510,192
S01011872,632,446,186
S01011873,545,412,133
S01011874,640,465,175
S01011875,817,533,284
S01011876,719,512,207
S01011877,591,414,177
S01011878,1096,667,429
S01011879,563,433,130
S01011880,708,524,184
S01011881,532,384,148
S01011882,659,433,226
S01011883,1274,806,468
S01011884,278,204,74
S01011885,315,239,76
S01011886,653,479,174
S01011887,550,364,186
S01011888,903,565,338
S01011889,657,414,243
S01011890,659,444,215
S01011891,806,400,406
S01011892,864,682,182
S01011893,766,562,204
S01011894,538,382,156
S01011895,802,515,287
S01011896,685,468,217
S01011897,780,523,257
S01011898,578,370,208
S01011899,825,580,245
S01011900,544,408,136
S01011901,584,397,187
S01011902,852,534,318
S01011903,734,479,255
S01011904,729,546,183
S01011905,552,399,153
S01011906,281,207,74
S01011907,670,547,123
S01011908,440,340,100
S01011909,389,349,40
S01011910,864,551,313
S01011911,546,348,198
S01011912,570,345,225
S01011913,633,427,206
S01011914,677,430,247
S01011915,637,421,216
S01011916,655,420,235
S01011917,479,324,155
S01011918,638,405,233
S01011919,653,440,213
S01011920,507,339,168
S01011921,452,303,149
S01011922,670,460,210
S01011923,604,417,187
S01011924,702,521,181
S01011925,165,90,75
S01011926,645,474,171
S01011927,471,322,149
S01011928,685,513,172
S01011929,520,377,143
S01011930,564,384,180
S01011931,525,314,211
S01011932,313,185,128
S01011933,824,625,199
S01011934,569,363,206
S01011935,769,542,227
S01011936,542,384,158
S01011937,237,159,78
S01011938,365,250,115
S01011939,681,475,206
S01011940,696,537,159
S01011941,713,525,188
S01011942,533,379,154
S01011943,952,613,339
S01011944,357,241,116
S01011945,1085,674,411
S01011946,568,340,228
S01011947,503,350,153
S01011948,666,445,221
S01011949,756,498,258
S01011950,699,447,252
S01011951,590,405,185
S01011952,302,212,90
S01011953,703,461,242
S01011954,445,294,151
S01011955,772,502,270
S01011956,537,371,166
S01011957,610,430,180
S01011958,1129,740,389
S01011959,734,507,227
S01011960,544,407,137
S01011961,801,617,184
S01011962,466,339,127
S01011963,436,297,139
S01011964,780,568,212
S01011965,728,467,261
S01011966,551,355,196
S01011967,794,510,284
S01011968,918,631,287
S01011969,1240,817,423
S01011970,1150,774,376
S01011971,429,302,127
S01011972,1237,851,386
S01011973,424,287,137
S01011974,523,366,157
S01011975,322,216,106
S01011976,661,429,232
S01011977,905,603,302
S01011978,878,537,341
S01011979,641,373,268
S01011980,355,263,92
S01011981,836,604,232
S01011982,1075,716,359
S01011983,921,643,278
S01011984,422,254,168
S01011985,481,327,154
S01011986,703,451,252
S01011987,787,538,249
S01011988,530,313,217
S01011989,556,348,208
S01011990,530,314,216
S01011991,681,438,243
S01011992,640,430,210
S01011993,652,422,230
S01011994,595,364,231
S01011995,555,415,140
S01011996,570,391,179
S01011997,849,604,245
S01011998,507,364,143
S01011999,487,331,156
S01012000,416,320,96
S01012001,593,449,144
S01012002,570,370,200
S01012003,660,470,190
S01012004,848,594,254
S01012005,537,391,146
S01012006,782,477,305
S01012007,647,436,211
S01012008,939,601,338
S01012009,493,361,132
S01012010,1049,688,361
S01012011,982,659,323
S01012012,495,308,187
S01012013,595,381,214
S01012014,1185,834,351
S01012015,817,545,272
S01012016,549,377,172
S01012017,521,315,206
S01012018,650,466,184
S01012019,511,386,125
S01012020,742,498,244
S01012021,643,446,197
S01012022,824,568,256
S01012023,484,368,116
S01012024,821,647,174
S01012025,552,402,150
S01012026,373,230,143
S01012027,959,556,403
S01012028,804,590,214
S01012029,717,457,260
S01012030,1119,709,410
S01012031,639,331,308
S01012032,311,220,91
S01012033,703,427,276
S01012034,693,450,243
S01012035,890,599,291
S01012036,937,636,301
S01012037,933,519,414
S01012038,740,369,371
S01012039,812,472,340
S01012040,498,364,134
S01012041,962,598,364
S01012042,781,472,309
S01012043,631,368,263
S01012044,739,342,397
S01012045,936,483,453
S01012046,716,369,347
S01012047,746,417,329
S01012048,471,274,197
S01012049,572,416,156
S01012050,711,538,173
S01012051,387,271,116
S01012052,674,387,287
S01012053,734,420,314
S01012054,887,526,361
S01012055,658,327,331
S01012056,728,488,240
S01012057,619,407,212
S01012058,568,350,218
S01012059,773,461,312
S01012060,646,340,306
S01012061,832,557,275
S01012062,709,559,150
S01012063,529,442,87
S01012064,492,262,230
S01012065,484,196,288
S01012066,648,453,195
S01012067,467,254,213
S01012068,527,249,278
S01012069,479,243,236
S01012070,694,340,354
S01012071,642,376,266
S01012072,791,527,264
S01012073,475,347,128
S01012074,521,432,89
S01012075,761,587,174
S01012076,729,463,266
S01012077,595,387,208
S01012078,594,468,126
S01012079,752,462,290
S01012080,735,506,229
S01012081,570,339,231
S01012082,736,430,306
S01012083,859,448,411
S01012084,553,415,138
S01012085,678,466,212
S01012086,725,421,304
S01012087,636,378,258
S01012088,435,356,79
S01012089,726,575,151
S01012090,927,665,262
S01012091,682,520,162
S01012092,554,423,131
S01012093,485,353,132
S01012094,702,495,207
S01012095,879,637,242
S01012096,680,394,286
S01012097,508,303,205
S01012098,698,423,275
S01012099,732,427,305
S01012100,1091,685,406
S01012101,726,495,231
S01012102,678,430,248
S01012103,838,644,194
S01012104,660,511,149
S01012105,790,626,164
S01012106,797,606,191
S01012107,545,357,188
S01012108,804,347,457
S01012109,826,554,272
S01012110,721,446,275
S01012111,894,521,373
S01012112,782,407,375
S01012113,781,446,335
S01012114,925,534,391
S01012115,548,294,254
S01012116,519,311,208
S01012117,406,200,206
S01012118,658,413,245
S01012119,791,588,203
S01012120,470,274,196
S01012121,629,361,268
S01012122,742,453,289
S01012123,596,390,206
S01012124,529,383,146
S01012125,715,405,310
S01012126,431,332,99
S01012127,664,482,182
S01012128,355,258,97
S01012129,693,463,230
S01012130,769,392,377
S01012131,1020,662,358
S01012132,671,429,242
S01012133,862,591,271
S01012134,867,608,259
S01012135,970,594,376
S01012136,673,442,231
S01012137,623,363,260
S01012138,845,584,261
S01012139,676,394,282
S01012140,687,471,216
S01012141,958,677,281
S01012142,717,462,255
S01012143,937,611,326
S01012144,756,485,271
S01012145,882,607,275
S01012146,718,408,310
S01012147,659,363,296
S01012148,549,329,220
S01012149,612,434,178
S01012150,622,331,291
S01012151,812,439,373
S01012152,744,393,351
S01012153,288,187,101
S01012154,482,304,178
S01012155,650,441,209
S01012156,961,642,319
S01012157,718,512,206
S01012158,698,498,200
S01012159,468,335,133
S01012160,789,563,226
S01012161,383,228,155
S01012162,531,300,231
S01012163,463,351,112
S01012164,311,259,52
S01012165,670,409,261
S01012166,629,418,211
S01012167,495,308,187
S01012168,869,587,282
S01012169,710,463,247
S01012170,1025,618,407
S01012171,971,606,365
S01012172,811,494,317
S01012173,607,384,223
S01012174,807,628,179
S01012175,898,724,174
S01012176,1174,920,254
S01012177,741,584,157
S01012178,847,664,183
S01012179,572,361,211
S01012180,494,275,219
S01012181,835,487,348
S01012182,502,338,164
S01012183,479,311,168
S01012184,95,46,49
S01012185,582,385,197
S01012186,654,393,261
S01012187,687,437,250
S01012188,482,324,158
S01012189,526,382,144
S01012190,262,228,34
S01012191,891,669,222
S01012192,405,269,136
S01012193,536,445,91
S01012194,589,504,85
S01012195,693,519,174
S01012196,414,340,74
S01012197,820,539,281
S01012198,832,608,224
S01012199,722,496,226
S01012200,501,337,164
S01012201,857,583,274
S01012202,454,314,140
S01012203,797,606,191
S01012204,607,493,114
S01012205,755,618,137
S01012206,767,611,156
S01012207,902,608,294
S01012208,1014,646,368
S01012209,784,484,300
S01012210,497,294,203
S01012211,862,587,275
S01012212,1014,785,229
S01012213,967,708,259
S01012214,646,455,191
S01012215,869,692,177
S01012216,1016,782,234
S01012217,428,247,181
S01012218,550,341,209
S01012219,716,356,360
S01012220,620,320,300
S01012221,621,331,290
S01012222,932,554,378
S01012223,606,332,274
S01012224,882,545,337
S01012225,858,498,360
S01012226,682,476,206
S01012227,720,481,239
S01012228,626,438,188
S01012229,673,529,144
S01012230,838,643,195
S01012231,631,497,134
S01012232,890,709,181
S01012233,678,522,156
S01012234,987,756,231
S01012235,648,479,169
S01012236,700,469,231
S01012237,645,431,214
S01012238,442,281,161
S01012239,436,285,151
S01012240,561,344,217
S01012241,550,396,154
S01012242,676,513,163
S01012243,740,487,253
S01012244,795,567,228
S01012245,989,687,302
S01012246,681,545,136
S01012247,515,382,133
S01012248,584,470,114
S01012249,735,538,197
S01012250,634,468,166
S01012251,843,562,281
S01012252,893,605,288
S01012253,711,517,194
S01012254,636,480,156
S01012255,568,416,152
S01012256,615,451,164
S01012257,851,598,253
S01012258,798,566,232
S01012259,641,415,226
S01012260,614,432,182
S01012261,351,253,98
S01012262,714,511,203
S01012263,541,352,189
S01012264,214,136,78
S01012265,897,602,295
S01012266,735,488,247
S01012267,597,429,168
S01012268,845,569,276
S01012269,655,467,188
S01012270,625,429,196
S01012271,828,646,182
S01012272,527,387,140
S01012273,496,365,131
S01012274,848,659,189
S01012275,514,379,135
S01012276,1122,836,286
S01012277,874,629,245
S01012278,885,578,307
S01012279,813,614,199
S01012280,816,561,255
S01012281,739,503,236
S01012282,840,520,320
S01012283,660,462,198
S01012284,553,366,187
S01012285,530,389,141
S01012286,822,575,247
S01012287,986,538,448
S01012288,744,472,272
S01012289,690,416,274
S01012290,420,289,131
S01012291,582,427,155
S01012292,753,477,276
S01012293,460,328,132
S01012294,768,582,186
S01012295,211,149,62
S01012296,419,320,99
S01012297,409,315,94
S01012298,625,457,168
S01012299,409,298,111
S01012300,862,569,293
S01012301,705,500,205
S01012302,525,362,163
S01012303,638,441,197
S01012304,839,583,256
S01012305,644,433,211
S01012306,602,374,228
S01012307,709,464,245
S01012308,595,438,157
S01012309,722,454,268
S01012310,1031,679,352
S01012311,692,427,265
S01012312,766,536,230
S01012313,600,404,196
S01012314,636,411,225
S01012315,544,345,199
S01012316,505,307,198
S01012317,318,197,121
S01012318,634,437,197
S01012319,561,388,173
S01012320,542,344,198
S01012321,569,391,178
S01012322,793,548,245
S01012323,688,455,233
S01012324,711,458,253
S01012325,456,263,193
S01012326,680,454,226
S01012327,710,451,259
S01012328,639,423,216
S01012329,763,539,224
S01012330,539,359,180
S01012331,589,372,217
S01012332,701,507,194
S01012333,697,456,241
S01012334,725,479,246
S01012335,1117,876,241
S01012336,654,443,211
S01012337,699,421,278
S01012338,497,327,170
S01012339,578,422,156
S01012340,478,346,132
S01012341,617,440,177
S01012342,629,448,181
S01012343,674,496,178
S01012344,660,477,183
S01012345,542,399,143
S01012346,637,445,192
S01012347,495,327,168
S01012348,642,428,214
S01012349,889,600,289
S01012350,841,560,281
S01012351,701,483,218
S01012352,815,575,240
S01012353,600,397,203
S01012354,684,414,270
S01012355,716,479,237
S01012356,814,549,265
S01012357,696,475,221
S01012358,623,431,192
S01012359,693,439,254
S01012360,532,322,210
S01012361,664,406,258
S01012362,729,408,321
S01012363,926,592,334
S01012364,637,448,189
S01012365,966,691,275
S01012366,716,512,204
S01012367,841,548,293
S01012368,671,449,222
S01012369,881,585,296
S01012370,916,585,331
S01012371,853,585,268
S01012372,796,543,253
S01012373,952,632,320
S01012374,720,531,189
S01012375,947,627,320
S01012376,624,458,166
S01012377,485,322,163
S01012378,570,411,159
S01012379,416,304,112
S01012380,1044,748,296
S01012381,748,506,242
S01012382,833,603,230
S01012383,832,558,274
S01012384,373,268,105
S01012385,590,456,134
S01012386,790,533,257
S01012387,684,504,180
S01012388,472,371,101
S01012389,557,441,116
S01012390,461,358,103
S01012391,660,530,130
S01012392,434,347,87
S01012393,841,673,168
S01012394,748,584,164
S01012395,600,438,162
S01012396,675,489,186
S01012397,634,432,202
S01012398,732,540,192
S01012399,643,466,177
S01012400,643,479,164
S01012401,736,565,171
S01012402,255,224,31
S01012403,713,557,156
S01012404,836,615,221
S01012405,436,362,74
S01012406,489,366,123
S01012407,628,500,128
S01012408,536,401,135
S01012409,728,543,185
S01012410,889,695,194
S01012411,919,683,236
S01012412,465,328,137
S01012413,755,508,247
S01012414,578,425,153
S01012415,544,387,157
S01012416,377,267,110
S01012417,460,287,173
S01012418,669,427,242
S01012419,802,530,272
S01012420,828,504,324
S01012421,756,470,286
S01012422,990,623,367
S01012423,799,554,245
S01012424,653,408,245
S01012425,466,217,249
S01012426,477,264,213
S01012427,599,364,235
S01012428,688,420,268
S01012429,377,201,176
S01012430,754,478,276
S01012431,794,508,286
S01012432,615,356,259
S01012433,628,378,250
S01012434,603,367,236
S01012435,661,402,259
S01012436,725,456,269
S01012437,602,395,207
S01012438,456,283,173
S01012439,654,445,209
S01012440,411,292,119
S01012441,735,523,212
S01012442,533,349,184
S01012443,500,328,172
S01012444,855,513,342
S01012445,81,51,30
S01012446,528,362,166
S01012447,723,508,215
S01012448,355,247,108
S01012449,430,283,147
S01012450,626,456,170
S01012451,671,339,332
S01012452,516,301,215
S01012453,611,381,230
S01012454,868,577,291
S01012455,447,267,180
S01012456,815,538,277
S01012457,828,495,333
S01012458,673,406,267
S01012459,647,470,177
S01012460,672,456,216
S01012461,560,326,234
S01012462,720,396,324
S01012463,762,456,306
S01012464,516,363,153
S01012465,767,479,288
S01012466,767,466,301
S01012467,908,557,351
S01012468,647,419,228
S01012469,741,489,252
S01012470,760,408,352
S01012471,580,364,216
S01012472,640,372,268
S01012473,532,378,154
S01012474,579,328,251
S01012475,522,286,236
S01012476,802,481,321
S01012477,662,479,183
S01012478,593,379,214
S01012479,823,633,190
S01012480,145,102,43
S01012481,616,415,201
S01012482,616,377,239
S01012483,559,322,237
S01012484,888,576,312
S01012485,863,510,353
S01012486,500,267,233
S01012487,474,308,166
S01012488,755,493,262
S01012489,818,482,336
S01012490,822,464,358
S01012491,525,291,234
S01012492,724,359,365
S01012493,542,280,262
S01012494,1092,644,448
S01012495,810,477,333
S01012496,621,340,281
S01012497,468,236,232
S01012498,657,352,305
S01012499,814,547,267
S01012500,460,257,203
S01012501,631,315,316
S01012502,677,353,324
S01012503,529,283,246
S01012504,461,265,196
S01012505,817,494,323
S01012506,344,209,135
S01012507,716,438,278
S01012508,600,343,257
S01012509,425,281,144
S01012510,839,638,201
S01012511,621,432,189
S01012512,635,404,231
S01012513,447,361,86
S01012514,589,499,90
S01012515,553,321,232
S01012516,461,305,156
S01012517,672,489,183
S01012518,577,366,211
S01012519,607,398,209
S01012520,574,396,178
S01012521,579,379,200
S01012522,698,451,247
S01012523,792,508,284
S01012524,790,520,270
S01012525,775,534,241
S01012526,697,441,256
S01012527,523,306,217
S01012528,576,381,195
S01012529,701,454,247
S01012530,826,511,315
S01012531,626,395,231
S01012532,830,598,232
S01012533,622,366,256
S01012534,698,431,267
S01012535,703,432,271
S01012536,651,414,237
S01012537,927,551,376
S01012538,753,452,301
S01012539,640,405,235
S01012540,798,487,311
S01012541,747,514,233
S01012542,934,547,387
S01012543,528,371,157
S01012544,432,257,175
S01012545,393,236,157
S01012546,720,480,240
S01012547,588,370,218
S01012548,659,429,230
S01012549,638,393,245
S01012550,785,516,269
S01012551,932,675,257
S01012552,727,493,234
S01012553,625,489,136
S01012554,546,391,155
S01012555,425,328,97
S01012556,463,353,110
S01012557,644,403,241
S01012558,610,398,212
S01012559,619,344,275
S01012560,797,494,303
S01012561,879,544,335
S01012562,734,482,252
S01012563,578,372,206
S01012564,670,450,220
S01012565,640,413,227
S01012566,639,403,236
S01012567,741,497,244
S01012568,758,457,301
S01012569,518,327,191
S01012570,608,416,192
S01012571,576,375,201
S01012572,448,320,128
S01012573,649,474,175
S01012574,915,652,263
S01012575,620,431,189
S01012576,703,476,227
S01012577,744,509,235
S01012578,983,657,326
S01012579,542,382,160
S01012580,562,414,148
S01012581,1004,457,547
S01012582,503,336,167
S01012583,552,351,201
S01012584,479,330,149
S01012585,1035,662,373
S01012586,796,390,406
S01012587,585,421,164
S01012588,517,362,155
S01012589,651,390,261
S01012590,795,444,351
S01012591,842,481,361
S01012592,334,252,82
S01012593,698,540,158
S01012594,574,401,173
S01012595,702,450,252
S01012596,515,276,239
S01012597,254,142,112
S01012598,561,407,154
S01012599,557,381,176
S01012600,566,451,115
S01012601,666,521,145
S01012602,515,314,201
S01012603,552,325,227
S01012604,686,424,262
S01012605,546,365,181
S01012606,206,182,24
S01012607,603,411,192
S01012608,814,489,325
S01012609,693,419,274
S01012610,879,521,358
S01012611,740,517,223
S01012612,893,574,319
S01012613,940,632,308
S01012614,752,510,242
S01012615,766,532,234
S01012616,574,384,190
S01012617,251,196,55
S01012618,519,366,153
S01012619,523,342,181
S01012620,779,529,250
S01012621,746,474,272
S01012622,696,456,240
S01012623,665,393,272
S01012624,626,383,243
S01012625,575,354,221
S01012626,572,406,166
S01012627,477,320,157
S01012628,415,273,142
S01012629,242,162,80
S01012630,603,376,227
S01012631,747,463,284
S01012632,406,306,100
S01012633,692,453,239
S01012634,921,596,325
S01012635,1039,738,301
S01012636,535,371,164
S01012637,800,458,342
S01012638,783,515,268
S01012639,1033,651,382
S01012640,1019,613,406
S01012641,570,355,215
S01012642,1157,693,464
S01012643,409,231,178
S01012644,395,198,197
S01012645,706,504,202
S01012646,687,487,200
S01012647,246,178,68
S01012648,543,334,209
S01012649,626,388,238
S01012650,602,440,162
S01012651,596,350,246
S01012652,818,577,241
S01012653,681,431,250
S01012654,681,462,219
S01012655,921,551,370
S01012656,715,403,312
S01012657,652,446,206
S01012658,762,542,220
S01012659,382,305,77
S01012660,555,327,228
S01012661,716,462,254
S01012662,786,479,307
S01012663,690,478,212
S01012664,731,483,248
S01012665,682,340,342
S01012666,698,377,321
S01012667,542,302,240
S01012668,851,502,349
S01012669,842,586,256
S01012670,562,384,178
S01012671,891,514,377
S01012672,544,286,258
S01012673,829,451,378
S01012674,553,255,298
S01012675,805,484,321
S01012676,659,457,202
S01012677,450,276,174
S01012678,580,463,117
S01012679,419,233,186
S01012680,190,121,69
S01012681,520,374,146
S01012682,630,418,212
S01012683,673,446,227
S01012684,323,228,95
S01012685,862,572,290
S01012686,913,619,294
S01012687,1103,708,395
S01012688,702,455,247
S01012689,479,306,173
S01012690,405,300,105
S01012691,770,544,226
S01012692,728,515,213
S01012693,707,533,174
S01012694,437,319,118
S01012695,553,370,183
S01012696,496,359,137
S01012697,389,299,90
S01012698,832,595,237
S01012699,730,494,236
S01012700,695,482,213
S01012701,951,654,297
S01012702,345,216,129
S01012703,515,377,138
S01012704,516,307,209
S01012705,526,440,86
S01012706,744,483,261
S01012707,759,610,149
S01012708,750,415,335
S01012709,564,323,241
S01012710,677,380,297
S01012711,955,525,430
S01012712,803,517,286
S01012713,919,554,365
S01012714,576,371,205
S01012715,734,437,297
S01012716,911,607,304
S01012717,737,493,244
S01012718,555,365,190
S01012719,677,426,251
S01012720,535,358,177
S01012721,566,344,222
S01012722,907,461,446
S01012723,657,352,305
S01012724,581,345,236
S01012725,715,466,249
S01012726,715,413,302
S01012727,738,371,367
S01012728,765,383,382
S01012729,806,544,262
S01012730,501,318,183
S01012731,636,351,285
S01012732,707,468,239
S01012733,160,122,38
S01012734,83,58,25
S01012735,499,301,198
S01012736,1022,729,293
S01012737,966,696,270
S01012738,469,281,188
S01012739,95,75,20
S01012740,64,36,28
S01012741,536,459,77
S01012742,811,608,203
S01012743,789,566,223
S01012744,604,500,104
S01012745,673,433,240
S01012746,851,649,202
S01012747,960,622,338
S01012748,635,313,322
S01012749,619,354,265
S01012750,591,363,228
S01012751,1073,594,479
S01012752,522,311,211
S01012753,382,207,175
S01012754,713,418,295
S01012755,455,245,210
S01012756,774,475,299
S01012757,397,218,179
S01012758,504,302,202
S01012759,631,366,265
S01012760,675,328,347
S01012761,814,487,327
S01012762,712,457,255
S01012763,532,331,201
S01012764,737,476,261
S01012765,474,276,198
S01012766,585,327,258
S01012767,711,512,199
S01012768,773,587,186
S01012769,384,283,101
S01012770,580,371,209
S01012771,668,424,244
S01012772,905,537,368
S01012773,957,579,378
S01012774,699,425,274
S01012775,535,306,229
S01012776,735,450,285
S01012777,424,284,140
S01012778,563,286,277
S01012779,492,283,209
S01012780,557,283,274
S01012781,482,342,140
S01012782,689,363,326
S01012783,745,403,342
S01012784,696,396,300
S01012785,578,273,305
S01012786,654,276,378
S01012787,283,148,135
S01012788,784,476,308
S01012789,847,532,315
S01012790,381,257,124
S01012791,687,436,251
S01012792,795,486,309
S01012793,673,386,287
S01012794,193,131,62
S01012795,896,448,448
S01012796,410,200,210
S01012797,461,241,220
S01012798,625,407,218
S01012799,861,585,276
S01012800,637,447,190
S01012801,203,139,64
S01012802,501,332,169
S01012803,731,572,159
S01012804,639,384,255
S01012805,772,451,321
S01012806,814,457,357
S01012807,519,348,171
S01012808,657,424,233
S01012809,651,450,201
S01012810,637,398,239
S01012811,701,449,252
S01012812,748,526,222
S01012813,835,564,271
S01012814,621,513,108
S01012815,485,382,103
S01012816,334,225,109
S01012817,238,196,42
S01012818,623,517,106
S01012819,920,501,419
S01012820,494,383,111
S01012821,316,209,107
S01012822,569,317,252
S01012823,274,220,54
S01012824,689,425,264
S01012825,516,261,255
S01012826,425,253,172
S01012827,302,161,141
S01012828,438,328,110
S01012829,575,275,300
S01012830,530,305,225
S01012831,594,315,279
S01012832,460,279,181
S01012833,778,383,395
S01012834,604,328,276
S01012835,738,415,323
S01012836,47,26,21
S01012837,759,428,331
S01012838,669,333,336
S01012839,618,492,126
S01012840,339,268,71
S01012841,647,486,161
S01012842,857,626,231
S01012843,812,589,223
S01012844,749,553,196
S01012845,715,479,236
S01012846,740,395,345
S01012847,620,428,192
S01012848,447,320,127
S01012849,700,390,310
S01012850,757,375,382
S01012851,783,432,351
S01012852,827,589,238
S01012853,794,488,306
S01012854,823,628,195
S01012855,792,558,234
S01012856,695,359,336
S01012857,970,483,487
S01012858,636,384,252
S01012859,735,479,256
S01012860,586,383,203
S01012861,503,360,143
S01012862,573,301,272
S01012863,610,351,259
S01012864,612,323,289
S01012865,898,528,370
S01012866,738,465,273
S01012867,696,300,396
S01012868,619,305,314
S01012869,417,175,242
S01012870,745,465,280
S01012871,779,550,229
S01012872,702,519,183
S01012873,844,618,226
S01012874,675,375,300
S01012875,451,251,200
S01012876,720,339,381
S01012877,613,306,307
S01012878,734,557,177
S01012879,749,476,273
S01012880,803,520,283
S01012881,973,591,382
S01012882,539,314,225
S01012883,803,380,423
S01012884,428,229,199
S01012885,689,448,241
S01012886,760,490,270
S01012887,576,362,214
S01012888,708,436,272
S01012889,562,382,180
S01012890,504,293,211
S01012891,611,337,274
S01012892,919,472,447
S01012893,770,382,388
S01012894,194,144,50
S01012895,344,244,100
S01012896,887,556,331
S01012897,516,353,163
S01012898,204,115,89
S01012899,548,359,189
S01012900,604,411,193
S01012901,1036,748,288
S01012902,816,580,236
S01012903,819,539,280
S01012904,793,549,244
S01012905,722,464,258
S01012906,892,626,266
S01012907,856,517,339
S01012908,878,489,389
S01012909,678,438,240
S01012910,1008,595,413
S01012911,640,392,248
S01012912,853,479,374
S01012913,760,483,277
S01012914,712,436,276
S01012915,469,305,164
S01012916,785,524,261
S01012917,574,409,165
S01012918,689,412,277
S01012919,378,232,146
S01012920,529,370,159
S01012921,587,381,206
S01012922,581,385,196
S01012923,688,498,190
S01012924,530,380,150
S01012925,527,386,141
S01012926,596,460,136
S01012927,623,451,172
S01012928,719,523,196
S01012929,721,464,257
S01012930,605,333,272
S01012931,845,497,348
S01012932,483,327,156
S01012933,634,403,231
S01012934,640,355,285
S01012935,1087,661,426
S01012936,587,381,206
S01012937,678,451,227
S01012938,671,519,152
S01012939,571,450,121
S01012940,675,508,167
S01012941,597,489,108
S01012942,661,386,275
S01012943,661,498,163
S01012944,584,436,148
S01012945,514,422,92
S01012946,558,457,101
S01012947,464,387,77
S01012948,875,709,166
S01012949,653,515,138
S01012950,624,487,137
S01012951,384,305,79
S01012952,457,283,174
S01012953,608,477,131
S01012954,381,307,74
S01012955,439,276,163
S01012956,733,459,274
S01012957,638,395,243
S01012958,449,341,108
S01012959,466,385,81
S01012960,581,406,175
S01012961,804,676,128
S01012962,792,611,181
S01012963,303,237,66
S01012964,219,178,41
S01012965,464,401,63
S01012966,750,584,166
S01012967,808,587,221
S01012968,708,503,205
S01012969,803,565,238
S01012970,705,510,195
S01012971,770,529,241
S01012972,599,396,203
S01012973,741,517,224
S01012974,869,553,316
S01012975,598,419,179
S01012976,583,394,189
S01012977,714,524,190
S01012978,783,544,239
S01012979,596,440,156
S01012980,651,455,196
S01012981,678,439,239
S01012982,668,489,179
S01012983,616,413,203
S01012984,644,396,248
S01012985,690,480,210
S01012986,779,478,301
S01012987,821,535,286
S01012988,827,485,342
S01012989,921,574,347
S01012990,832,517,315
S01012991,813,485,328
S01012992,788,447,341
S01012993,798,456,342
S01012994,703,472,231
S01012995,681,508,173
S01012996,726,509,217
S01012997,484,309,175
S01012998,736,436,300
S01012999,429,276,153
S01013000,929,580,349
S01013001,329,220,109
S01013002,502,355,147
S01013003,549,371,178
S01013004,744,528,216
S01013005,568,372,196
S01013006,525,348,177
S01013007,1037,701,336
S01013008,820,534,286
S01013009,480,295,185
S01013010,389,254,135
S01013011,468,330,138
S01013012,602,429,173
S01013013,663,475,188
S01013014,594,404,190
S01013015,540,359,181
S01013016,645,463,182
S01013017,705,501,204
S01013018,796,570,226
S01013019,643,481,162
S01013020,730,480,250
S01013021,577,406,171
S01013022,290,214,76
S01013023,803,566,237
S01013024,471,342,129
S01013025,677,481,196
S01013026,591,335,256
S01013027,1139,688,451
S01013028,397,298,99
S01013029,525,281,244
S01013030,646,395,251
S01013031,516,336,180
S01013032,369,313,56
S01013033,390,286,104
S01013034,638,382,256
S01013035,626,353,273
S01013036,671,428,243
S01013037,846,601,245
S01013038,892,607,285
S01013039,417,351,66
S01013040,508,346,162
S01013041,432,299,133
S01013042,537,371,166
S01013043,576,343,233
S01013044,850,539,311
S01013045,395,270,125
S01013046,560,366,194
S01013047,696,587,109
S01013048,1054,872,182
S01013049,828,605,223
S01013050,730,496,234
S01013051,662,378,284
S01013052,580,325,255
S01013053,788,449,339
S01013054,797,505,292
S01013055,516,285,231
S01013056,938,509,429
S01013057,823,492,331
S01013058,254,189,65
S01013059,774,434,340
S01013060,393,228,165
S01013061,863,498,365
S01013062,624,408,216
S01013063,638,436,202
S01013064,773,480,293
S01013065,857,517,340
S01013066,587,406,181
S01013067,903,648,255
S01013068,903,587,316
S01013069,701,463,238
S01013070,833,520,313
S01013071,832,540,292
S01013072,611,315,296
S01013073,629,298,331
S01013074,1018,481,537
S01013075,660,300,360
S01013076,564,296,268
S01013077,552,315,237
S01013078,521,311,210
S01013079,348,200,148
S01013080,781,479,302
S01013081,629,405,224
S01013082,963,697,266
S01013083,1013,534,479
S01013084,740,505,235
S01013085,723,384,339
S01013086,788,542,246
S01013087,1292,663,629
S01013088,679,450,229
S01013089,635,435,200
S01013090,705,548,157
S01013091,295,191,104
S01013092,703,498,205
S01013093,354,238,116
S01013094,616,407,209
S01013095,718,524,194
S01013096,483,290,193
S01013097,742,525,217
S01013098,88,56,32
S01013099,636,444,192
S01013100,680,417,263
S01013101,1262,823,439
S01013102,590,416,174
S01013103,587,461,126
S01013104,840,593,247
S01013105,648,433,215
S01013106,750,500,250
S01013107,692,517,175
S01013108,518,347,171
S01013109,952,649,303
S01013110,492,356,136
S01013111,444,298,146
S01013112,439,323,116
S01013113,785,509,276
S01013114,972,653,319
S01013115,705,477,228
S01013116,751,525,226
S01013117,704,517,187
S01013118,923,684,239
S01013119,595,371,224
S01013120,845,579,266
S01013121,341,253,88
S01013122,636,365,271
S01013123,717,486,231
S01013124,899,560,339
S01013125,693,452,241
S01013126,627,366,261
S01013127,689,369,320
S01013128,684,475,209
S01013129,806,481,325
S01013130,700,405,295
S01013131,691,430,261
S01013132,480,284,196
S01013133,495,243,252
S01013134,619,384,235
S01013135,801,492,309
S01013136,943,564,379
S01013137,789,451,338
S01013138,677,382,295
S01013139,861,450,411
S01013140,867,495,372
S01013141,510,277,233
S01013142,746,318,428
S01013143,763,487,276
S01013144,712,409,303
S01013145,692,364,328
S01013146,446,230,216
S01013147,586,364,222
S01013148,784,518,266
S01013149,582,376,206
S01013150,714,434,280
S01013151,440,307,133
S01013152,851,542,309
S01013153,614,323,291
S01013154,1014,598,416
S01013155,658,425,233
S01013156,739,423,316
S01013157,747,424,323
S01013158,556,401,155
S01013159,717,523,194
S01013160,836,646,190
S01013161,730,472,258
S01013162,815,470,345
S01013163,688,521,167
S01013164,730,405,325
S01013165,945,600,345
S01013166,560,319,241
S01013167,804,467,337
S01013168,851,467,384
S01013169,608,303,305
S01013170,869,493,376
S01013171,600,448,152
S01013172,666,470,196
S01013173,644,502,142
S01013174,858,697,161
S01013175,616,466,150
S01013176,795,519,276
S01013177,839,565,274
S01013178,501,338,163
S01013179,909,620,289
S01013180,374,306,68
S01013181,776,510,266
S01013182,624,331,293
S01013183,855,616,239
S01013184,499,279,220
S01013185,795,469,326
S01013186,536,331,205
S01013187,674,388,286
S01013188,787,544,243
S01013189,674,439,235
S01013190,526,312,214
S01013191,581,430,151
S01013192,773,514,259
S01013193,439,307,132
S01013194,769,579,190
S01013195,631,446,185
S01013196,597,467,130
S01013197,467,317,150
S01013198,694,393,301
S01013199,649,394,255
S01013200,764,444,320
S01013201,656,341,315
S01013202,468,263,205
S01013203,776,500,276
S01013204,736,574,162
S01013205,619,371,248
S01013206,777,443,334
S01013207,688,446,242
S01013208,398,239,159
S01013209,739,453,286
S01013210,642,497,145
S01013211,780,516,264
S01013212,593,515,78
S01013213,719,612,107
S01013214,318,267,51
S01013215,641,480,161
S01013216,676,466,210
S01013217,652,448,204
S01013218,629,406,223
S01013219,616,398,218
S01013220,634,374,260
S01013221,797,475,322
S01013222,401,206,195
S01013223,805,431,374
S01013224,921,588,333
S01013225,635,348,287
S01013226,245,151,94
S01013227,405,208,197
S01013228,728,525,203
S01013229,780,495,285
S01013230,775,428,347
S01013231,834,530,304
S01013232,627,325,302
S01013233,490,310,180
S01013234,335,247,88
S01013235,878,559,319
S01013236,897,574,323
S01013237,721,495,226
S01013238,752,392,360
S01013239,749,398,351
S01013240,562,296,266
S01013241,738,531,207
S01013242,548,409,139
S01013243,621,388,233
S01013244,902,564,338
S01013245,663,442,221
S01013246,324,213,111
S01013247,649,386,263
S01013248,560,318,242
S01013249,694,451,243
S01013250,823,627,196
S01013251,594,350,244
S01013252,735,492,243
S01013253,592,433,159
S01013254,654,403,251
S01013255,666,447,219
S01013256,556,365,191
S01013257,696,463,233
S01013258,733,548,185
S01013259,1103,804,299
S01013260,667,410,257
S01013261,881,596,285
S01013262,624,409,215
S01013263,414,312,102
S01013264,203,176,27
S01013265,303,238,65
S01013266,217,186,31
S01013267,498,377,121
S01013268,917,656,261
S01013269,780,662,118
S01013270,485,416,69
S01013271,770,567,203
S01013272,705,546,159
S01013273,340,284,56
S01013274,767,641,126
S01013275,896,724,172
S01013276,742,598,144
S01013277,718,506,212
S01013278,731,477,254
S01013279,648,430,218
S01013280,643,446,197
S01013281,721,502,219
S01013282,582,404,178
S01013283,597,424,173
S01013284,519,444,75
S01013285,573,472,101
S01013286,635,519,116
S01013287,587,492,95
S01013288,573,411,162
S01013289,739,580,159
S01013290,864,683,181
S01013291,808,640,168
S01013292,624,489,135
S01013293,666,554,112
S01013294,658,531,127
S01013295,704,593,111
S01013296,700,463,237
S01013297,775,529,246
S01013298,601,377,224
S01013299,667,432,235
S01013300,591,371,220
S01013301,535,369,166
S01013302,519,401,118
S01013303,972,690,282
S01013304,739,507,232
S01013305,662,433,229
S01013306,745,469,276
S01013307,842,588,254
S01013308,449,296,153
S01013309,644,510,134
S01013310,520,354,166
S01013311,700,517,183
S01013312,1246,849,397
S01013313,491,341,150
S01013314,701,460,241
S01013315,230,191,39
S01013316,584,439,145
S01013317,550,441,109
S01013318,504,426,78
S01013319,530,447,83
S01013320,408,360,48
S01013321,347,208,139
S01013322,533,394,139
S01013323,656,448,208
S01013324,782,540,242
S01013325,577,307,270
S01013326,711,469,242
S01013327,676,451,225
S01013328,523,342,181
S01013329,437,265,172
S01013330,502,384,118
S01013331,436,373,63
S01013332,669,480,189
S01013333,827,661,166
S01013334,555,407,148
S01013335,694,460,234
S01013336,803,579,224
S01013337,875,647,228
S01013338,290,219,71
S01013339,686,544,142
S01013340,1039,846,193
S01013341,589,461,128
S01013342,661,388,273
S01013343,528,357,171
S01013344,485,301,184
S01013345,698,508,190
S01013346,503,430,73
S01013347,594,507,87
S01013348,351,296,55
S01013349,144,102,42
S01013350,454,344,110
S01013351,626,473,153
S01013352,798,600,198
S01013353,872,639,233
S01013354,597,408,189
S01013355,725,521,204
S01013356,637,416,221
S01013357,399,292,107
S01013358,599,390,209
S01013359,492,299,193
S01013360,540,318,222
S01013361,673,417,256
S01013362,452,259,193
S01013363,817,494,323
S01013364,524,363,161
S01013365,845,674,171
S01013366,465,409,56
S01013367,434,339,95
S01013368,679,459,220
S01013369,645,407,238
S01013370,641,428,213
S01013371,684,370,314
S01013372,760,443,317
S01013373,878,543,335
S01013374,731,397,334
S01013375,539,327,212
S01013376,545,334,211
S01013377,628,400,228
S01013378,713,504,209
S01013379,850,630,220
S01013380,362,266,96
S01013381,542,367,175
S01013382,530,362,168
S01013383,626,342,284
S01013384,884,554,330
S01013385,556,364,192
S01013386,622,510,112
S01013387,526,305,221
S01013388,569,363,206
S01013389,847,647,200
S01013390,451,304,147
S01013391,717,561,156
S01013392,287,216,71
S01013393,782,495,287
S01013394,578,353,225
S01013395,604,323,281
S01013396,249,143,106
S01013397,678,456,222
S01013398,246,198,48
S01013399,369,254,115
S01013400,450,300,150
S01013401,106,90,16
S01013402,63,36,27
S01013403,81,56,25
S01013404,347,248,99
S01013405,546,342,204
S01013406,577,349,228
S01013407,638,388,250
S01013408,582,347,235
S01013409,702,476,226
S01013410,368,228,140
S01013411,583,423,160
S01013412,592,411,181
S01013413,568,390,178
S01013414,485,295,190
S01013415,594,351,243
S01013416,448,250,198
S01013417,577,360,217
S01013418,454,314,140
S01013419,483,362,121
S01013420,631,470,161
S01013421,327,270,57
S01013422,728,514,214
S01013423,653,483,170
S01013424,656,511,145
S01013425,353,276,77
S01013426,664,438,226
S01013427,167,121,46
S01013428,654,462,192
S01013429,934,568,366
S01013430,597,432,165
S01013431,668,448,220
S01013432,638,459,179
S01013433,575,408,167
S01013434,371,281,90
S01013435,565,463,102
S01013436,641,448,193
S01013437,525,370,155
S01013438,530,362,168
S01013439,745,529,216
S01013440,985,715,270
S01013441,601,430,171
S01013442,695,554,141
S01013443,370,273,97
S01013444,874,583,291
S01013445,415,279,136
S01013446,541,371,170
S01013447,345,286,59
S01013448,770,554,216
S01013449,628,496,132
S01013450,647,519,128
S01013451,627,526,101
S01013452,465,370,95
S01013453,685,446,239
S01013454,534,406,128
S01013455,394,276,118
S01013456,824,582,242
S01013457,738,476,262
S01013458,688,508,180
S01013459,696,459,237
S01013460,762,470,292
S01013461,673,481,192
S01013462,718,563,155
S01013463,442,285,157
S01013464,702,464,238
S01013465,688,491,197
S01013466,295,172,123
S01013467,311,219,92
S01013468,492,329,163
S01013469,812,550,262
S01013470,632,423,209
S01013471,743,546,197
S01013472,329,248,81
S01013473,213,181,32
S01013474,351,296,55
S01013475,675,500,175
S01013476,500,368,132
S01013477,711,494,217
S01013478,600,453,147
S01013479,774,542,232
S01013480,500,293,207
S01013481,328,229,99
