dz_2011,total,llti,no_llti
S01006506,872,136,736
S01006507,1042,159,883
S01006508,888,100,788
S01006509,693,108,585
S01006510,748,169,579
S01006511,1083,200,883
S01006512,395,62,333
S01006513,1166,163,1003
S01006514,1240,146,1094
S01006515,1123,112,1011
S01006516,910,103,807
S01006517,1014,136,878
S01006518,957,122,835
S01006519,865,110,755
S01006520,883,49,834
S01006521,743,58,685
S01006522,574,49,525
S01006523,1501,257,1244
S01006524,1320,332,988
S01006525,1289,221,1068
S01006526,1404,268,1136
S01006527,1328,253,1075
S01006528,1127,192,935
S01006529,1086,184,902
S01006530,1133,306,827
S01006531,1311,281,1030
S01006532,1002,197,805
S01006533,837,97,740
S01006534,910,97,813
S01006535,1105,89,1016
S01006536,1347,126,1221
S01006537,847,118,729
S01006538,664,105,559
S01006539,1025,223,802
S01006540,1264,192,1072
S01006541,952,181,771
S01006542,1001,151,850
S01006543,1075,183,892
S01006544,1430,209,1221
S01006545,1276,257,1019
S01006546,1128,184,944
S01006547,1461,290,1171
S01006548,721,102,619
S01006549,927,159,768
S01006550,1181,217,964
S01006551,1009,198,811
S01006552,1252,191,1061
S01006553,1027,280,747
S01006554,942,200,742
S01006555,1019,211,808
S01006556,976,262,714
S01006557,799,173,626
S01006558,843,107,736
S01006559,703,55,648
S01006560,1033,172,861
S01006561,852,104,748
S01006562,978,186,792
S01006563,1023,134,889
S01006564,1190,195,995
S01006565,1206,171,1035
S01006566,832,82,750
S01006567,1211,184,1027
S01006568,1135,86,1049
S01006569,748,70,678
S01006570,899,88,811
S01006571,1237,107,1130
S01006572,1371,158,1213
S01006573,724,62,662
S01006574,1001,117,884
S01006575,1180,135,1045
S01006576,902,93,809
S01006577,904,72,832
S01006578,1744,201,1543
S01006579,1367,93,1274
S01006580,855,89,766
S01006581,1344,154,1190
S01006582,695,69,626
S01006583,1091,62,1029
S01006584,919,45,874
S01006585,872,120,752
S01006586,941,145,796
S01006587,658,56,602
S01006588,915,62,853
S01006589,1330,138,1192
S01006590,649,69,580
S01006591,880,58,822
S01006592,654,29,625
S01006593,923,88,835
S01006594,794,112,682
S01006595,1031,78,953
S01006596,924,124,800
S01006597,790,67,723
S01006598,1295,92,1203
S01006599,1157,251,906
S01006600,1424,257,1167
S01006601,1002,118,884
S01006602,1044,155,889
S01006603,1337,316,1021
S01006604,920,198,722
S01006605,929,226,703
S01006606,1244,288,956
S01006607,1260,237,1023
S01006608,1555,172,1383
S01006609,1352,289,1063
S01006610,701,174,527
S01006611,1111,265,846
S01006612,997,179,818
S01006613,453,43,410
S01006614,908,52,856
S01006615,402,43,359
S01006616,755,57,698
S01006617,994,155,839
S01006618,514,72,442
S01006619,948,148,800
S01006620,1020,149,871
S01006621,748,119,629
S01006622,669,52,617
S01006623,1410,290,1120
S01006624,959,166,793
S01006625,844,158,686
S01006626,866,183,683
S01006627,859,133,726
S01006628,1410,169,1241
S01006629,959,242,717
S01006630,852,255,597
S01006631,1102,244,858
S01006632,1045,185,860
S01006633,950,182,768
S01006634,870,158,712
S01006635,1040,232,808
S01006636,1084,203,881
S01006637,753,161,592
S01006638,1111,247,864
S01006639,1006,218,788
S01006640,817,46,771
S01006641,1351,185,1166
S01006642,1373,116,1257
S01006643,1248,100,1148
S01006644,1031,139,892
S01006645,1548,261,1287
S01006646,1369,142,1227
S01006647,961,111,850
S01006648,2018,185,1833
S01006649,1204,153,1051
S01006650,1422,162,1260
S01006651,776,118,658
S01006652,826,84,742
S01006653,818,67,751
S01006654,914,213,701
S01006655,724,142,582
S01006656,1095,143,952
S01006657,599,54,545
S01006658,1280,123,1157
S01006659,883,85,798
S01006660,833,105,728
S01006661,736,87,649
S01006662,942,133,809
S01006663,1309,104,1205
S01006664,511,56,455
S01006665,935,84,851
S01006666,1818,397,1421
S01006667,1260,309,951
S01006668,908,78,830
S01006669,1334,241,1093
S01006670,929,137,792
S01006671,2611,206,2405
S01006672,810,133,677
S01006673,973,128,845
S01006674,1048,259,789
S01006675,774,121,653
S01006676,881,184,697
S01006677,723,131,592
S01006678,1273,220,1053
S01006679,945,163,782
S01006680,971,165,806
S01006681,1097,314,783
S01006682,956,181,775
S01006683,1283,174,1109
S01006684,870,156,714
S01006685,910,220,690
S01006686,952,221,731
S01006687,1000,196,804
S01006688,1041,312,729
S01006689,629,40,589
S01006690,795,128,667
S01006691,918,145,773
S01006692,862,117,745
S01006693,1274,190,1084
S01006694,1144,356,788
S01006695,712,164,548
S01006696,1150,262,888
S01006697,1163,210,953
S01006698,936,242,694
S01006699,784,133,651
S01006700,1228,275,953
S01006701,1040,232,808
S01006702,934,228,706
S01006703,773,161,612
S01006704,805,206,599
S01006705,944,228,716
S01006706,809,172,637
S01006707,685,141,544
S01006708,865,232,633
S01006709,1245,288,957
S01006710,1064,267,797
S01006711,1125,297,828
S01006712,631,174,457
S01006713,939,245,694
S01006714,900,201,699
S01006715,1123,199,924
S01006716,606,120,486
S01006717,1068,269,799
S01006718,627,130,497
S01006719,1031,203,828
S01006720,745,139,606
S01006721,942,211,731
S01006722,856,166,690
S01006723,987,230,757
S01006724,1367,314,1053
S01006725,960,223,737
S01006726,1391,208,1183
S01006727,1370,318,1052
S01006728,887,140,747
S01006729,986,211,775
S01006730,778,139,639
S01006731,503,110,393
S01006732,1494,193,1301
S01006733,911,73,838
S01006734,1147,147,1000
S01006735,929,133,796
S01006736,1318,75,1243
S01006737,1059,116,943
S01006738,829,92,737
S01006739,607,68,539
S01006740,1039,247,792
S01006741,754,213,541
S01006742,460,115,345
S01006743,1081,201,880
S01006744,662,115,547
S01006745,1048,247,801
S01006746,846,193,653
S01006747,1141,215,926
S01006748,1163,184,979
S01006749,1351,300,1051
S01006750,812,194,618
S01006751,509,132,377
S01006752,810,151,659
S01006753,913,139,774
S01006754,1132,154,978
S01006755,1090,156,934
S01006756,990,155,835
S01006757,1306,241,1065
S01006758,694,64,630
S01006759,1334,177,1157
S01006760,593,68,525
S01006761,927,115,812
S01006762,939,236,703
S01006763,1100,73,1027
S01006764,790,71,719
S01006765,725,68,657
S01006766,608,49,559
S01006767,869,208,661
S01006768,599,57,542
S01006769,1283,155,1128
S01006770,655,71,584
S01006771,563,46,517
S01006772,1218,146,1072
S01006773,734,120,614
S01006774,861,117,744
S01006775,758,117,641
S01006776,662,177,485
S01006777,918,99,819
S01006778,867,146,721
S01006779,1058,201,857
S01006780,868,148,720
S01006781,972,176,796
S01006782,1016,105,911
S01006783,672,123,549
S01006784,706,100,606
S01006785,785,127,658
S01006786,1087,139,948
S01006787,969,145,824
S01006788,646,55,591
S01006789,942,170,772
S01006790,980,211,769
S01006791,536,103,433
S01006792,696,111,585
S01006793,619,114,505
S01006794,775,154,621
S01006795,777,122,655
S01006796,795,111,684
S01006797,752,91,661
S01006798,738,89,649
S01006799,1053,191,862
S01006800,960,111,849
S01006801,1414,230,1184
S01006802,675,114,561
S01006803,766,136,630
S01006804,1274,143,1131
S01006805,1346,162,1184
S01006806,1095,146,949
S01006807,620,86,534
S01006808,973,146,827
S01006809,975,193,782
S01006810,1010,170,840
S01006811,1090,118,972
S01006812,835,104,731
S01006813,996,141,855
S01006814,1109,130,979
S01006815,753,126,627
S01006816,944,167,777
S01006817,865,121,744
S01006818,719,97,622
S01006819,1266,109,1157
S01006820,640,61,579
S01006821,1161,121,1040
S01006822,759,86,673
S01006823,885,132,753
S01006824,736,125,611
S01006825,1017,117,900
S01006826,1310,211,1099
S01006827,1041,189,852
S01006828,1011,178,833
S01006829,706,52,654
S01006830,634,95,539
S01006831,1231,192,1039
S01006832,1029,179,850
S01006833,730,123,607
S01006834,336,35,301
S01006835,1291,298,993
S01006836,514,41,473
S01006837,1004,111,893
S01006838,979,95,884
S01006839,933,140,793
S01006840,1211,127,1084
S01006841,1332,156,1176
S01006842,996,136,860
S01006843,965,113,852
S01006844,671,82,589
S01006845,1033,101,932
S01006846,890,180,710
S01006847,807,125,682
S01006848,1396,134,1262
S01006849,1300,108,1192
S01006850,1119,146,973
S01006851,805,158,647
S01006852,595,77,518
S01006853,948,76,872
S01006854,1601,223,1378
S01006855,790,93,697
S01006856,942,104,838
S01006857,1052,120,932
S01006858,642,70,572
S01006859,1439,139,1300
S01006860,692,137,555
S01006861,861,74,787
S01006862,933,145,788
S01006863,1291,130,1161
S01006864,148,22,126
S01006865,938,134,804
S01006866,636,85,551
S01006867,1210,159,1051
S01006868,879,135,744
S01006869,581,91,490
S01006870,630,86,544
S01006871,1006,123,883
S01006872,1639,162,1477
S01006873,1250,278,972
S01006874,584,77,507
S01006875,1009,219,790
S01006876,1121,170,951
S01006877,1101,147,954
S01006878,958,161,797
S01006879,1135,224,911
S01006880,787,89,698
S01006881,578,79,499
S01006882,841,176,665
S01006883,646,108,538
S01006884,1050,175,875
S01006885,754,112,642
S01006886,733,100,633
S01006887,905,112,793
S01006888,939,121,818
S01006889,647,111,536
S01006890,1070,171,899
S01006891,645,88,557
S01006892,584,114,470
S01006893,1004,147,857
S01006894,597,128,469
S01006895,474,77,397
S01006896,749,112,637
S01006897,1007,119,888
S01006898,548,90,458
S01006899,510,37,473
S01006900,455,45,410
S01006901,793,129,664
S01006902,693,103,590
S01006903,947,173,774
S01006904,569,138,431
S01006905,1010,182,828
S01006906,948,238,710
S01006907,716,123,593
S01006908,911,166,745
S01006909,428,49,379
S01006910,501,50,451
S01006911,1869,105,1764
S01006912,245,36,209
S01006913,2012,102,1910
S01006914,862,99,763
S01006915,848,81,767
S01006916,360,37,323
S01006917,1458,81,1377
S01006918,1807,121,1686
S01006919,687,80,607
S01006920,816,151,665
S01006921,1086,81,1005
S01006922,2000,135,1865
S01006923,1473,180,1293
S01006924,758,74,684
S01006925,499,67,432
S01006926,1739,102,1637
S01006927,374,45,329
S01006928,2797,252,2545
S01006929,1797,139,1658
S01006930,677,88,589
S01006931,1948,113,1835
S01006932,838,60,778
S01006933,801,63,738
S01006934,1749,188,1561
S01006935,911,120,791
S01006936,698,104,594
S01006937,786,104,682
S01006938,844,117,727
S01006939,615,60,555
S01006940,995,104,891
S01006941,1283,119,1164
S01006942,2211,137,2074
S01006943,1763,95,1668
S01006944,83,9,74
S01006945,894,105,789
S01006946,1348,119,1229
S01006947,1444,117,1327
S01006948,1443,153,1290
S01006949,765,68,697
S01006950,718,57,661
S01006951,1316,172,1144
S01006952,1529,184,1345
S01006953,1542,150,1392
S01006954,1765,184,1581
S01006955,622,101,521
S01006956,1548,132,1416
S01006957,1675,171,1504
S01006958,1006,212,794
S01006959,856,245,611
S01006960,2275,143,2132
S01006961,2321,181,2140
S01006962,871,132,739
S01006963,971,123,848
S01006964,850,101,749
S01006965,501,95,406
S01006966,731,107,624
S01006967,744,74,670
S01006968,1120,254,866
S01006969,1009,203,806
S01006970,614,83,531
S01006971,991,180,811
S01006972,522,64,458
S01006973,594,104,490
S01006974,1389,148,1241
S01006975,1168,131,1037
S01006976,2534,170,2364
S01006977,2911,230,2681
S01006978,855,144,711
S01006979,1437,211,1226
S01006980,688,84,604
S01006981,798,87,711
S01006982,1212,117,1095
S01006983,1001,137,864
S01006984,976,95,881
S01006985,1345,193,1152
S01006986,777,114,663
S01006987,1039,153,886
S01006988,765,91,674
S01006989,855,80,775
S01006990,1009,84,925
S01006991,617,106,511
S01006992,883,113,770
S01006993,740,111,629
S01006994,642,104,538
S01006995,1152,152,1000
S01006996,939,111,828
S01006997,786,67,719
S01006998,1206,158,1048
S01006999,872,147,725
S01007000,1439,213,1226
S01007001,1382,212,1170
S01007002,758,117,641
S01007003,616,70,546
S01007004,1043,155,888
S01007005,1041,119,922
S01007006,1003,179,824
S01007007,848,133,715
S01007008,884,198,686
S01007009,1297,225,1072
S01007010,880,214,666
S01007011,1124,255,869
S01007012,921,163,758
S01007013,1287,229,1058
S01007014,1389,183,1206
S01007015,739,103,636
S01007016,592,66,526
S01007017,1047,190,857
S01007018,1204,160,1044
S01007019,1061,210,851
S01007020,1373,282,1091
S01007021,1369,305,1064
S01007022,851,140,711
S01007023,678,148,530
S01007024,1203,252,951
S01007025,1188,265,923
S01007026,1026,268,758
S01007027,1314,294,1020
S01007028,1507,300,1207
S01007029,662,135,527
S01007030,1009,180,829
S01007031,630,130,500
S01007032,1165,284,881
S01007033,1060,228,832
S01007034,1057,218,839
S01007035,922,189,733
S01007036,1135,231,904
S01007037,1157,229,928
S01007038,854,146,708
S01007039,967,156,811
S01007040,1237,223,1014
S01007041,925,203,722
S01007042,987,170,817
S01007043,1112,203,909
S01007044,1013,206,807
S01007045,948,179,769
S01007046,574,137,437
S01007047,1014,215,799
S01007048,1303,238,1065
S01007049,1039,205,834
S01007050,1042,183,859
S01007051,1029,145,884
S01007052,573,81,492
S01007053,802,130,672
S01007054,1130,225,905
S01007055,515,51,464
S01007056,902,155,747
S01007057,833,135,698
S01007058,768,188,580
S01007059,1336,238,1098
S01007060,604,115,489
S01007061,1155,126,1029
S01007062,758,102,656
S01007063,1503,260,1243
S01007064,762,118,644
S01007065,950,144,806
S01007066,648,113,535
S01007067,1290,233,1057
S01007068,692,194,498
S01007069,997,191,806
S01007070,733,158,575
S01007071,1234,173,1061
S01007072,1482,206,1276
S01007073,1529,244,1285
S01007074,1102,174,928
S01007075,901,145,756
S01007076,1048,136,912
S01007077,757,148,609
S01007078,964,218,746
S01007079,1226,334,892
S01007080,790,208,582
S01007081,1064,196,868
S01007082,699,138,561
S01007083,937,258,679
S01007084,911,255,656
S01007085,1118,170,948
S01007086,1385,242,1143
S01007087,986,220,766
S01007088,651,145,506
S01007089,529,67,462
S01007090,540,64,476
S01007091,1388,142,1246
S01007092,624,182,442
S01007093,987,199,788
S01007094,2273,280,1993
S01007095,736,113,623
S01007096,1172,175,997
S01007097,2158,234,1924
S01007098,1650,189,1461
S01007099,883,129,754
S01007100,868,145,723
S01007101,1358,275,1083
S01007102,847,156,691
S01007103,832,144,688
S01007104,486,93,393
S01007105,655,151,504
S01007106,898,217,681
S01007107,766,117,649
S01007108,1249,209,1040
S01007109,1526,280,1246
S01007110,1052,178,874
S01007111,534,95,439
S01007112,928,161,767
S01007113,758,209,549
S01007114,888,157,731
S01007115,720,149,571
S01007116,1304,166,1138
S01007117,553,77,476
S01007118,847,169,678
S01007119,964,180,784
S01007120,1163,223,940
S01007121,835,246,589
S01007122,594,116,478
S01007123,965,248,717
S01007124,1095,196,899
S01007125,867,177,690
S01007126,1090,245,845
S01007127,1030,192,838
S01007128,979,258,721
S01007129,956,103,853
S01007130,676,129,547
S01007131,1096,203,893
S01007132,700,93,607
S01007133,674,108,566
S01007134,860,165,695
S01007135,806,121,685
S01007136,661,64,597
S01007137,842,62,780
S01007138,957,126,831
S01007139,776,120,656
S01007140,1022,173,849
S01007141,1331,195,1136
S01007142,201,17,184
S01007143,1174,114,1060
S01007144,2358,327,2031
S01007145,892,190,702
S01007146,881,157,724
S01007147,830,165,665
S01007148,538,65,473
S01007149,850,179,671
S01007150,750,202,548
S01007151,1188,173,1015
S01007152,787,170,617
S01007153,916,190,726
S01007154,1000,268,732
S01007155,715,158,557
S01007156,1127,178,949
S01007157,875,160,715
S01007158,1043,148,895
S01007159,933,178,755
S01007160,969,187,782
S01007161,1114,215,899
S01007162,608,124,484
S01007163,1019,191,828
S01007164,778,161,617
S01007165,987,220,767
S01007166,1096,212,884
S01007167,795,145,650
S01007168,965,164,801
S01007169,854,155,699
S01007170,744,113,631
S01007171,1048,157,891
S01007172,1330,190,1140
S01007173,523,74,449
S01007174,1004,182,822
S01007175,922,217,705
S01007176,1078,227,851
S01007177,801,157,644
S01007178,1045,231,814
S01007179,1320,278,1042
S01007180,1009,226,783
S01007181,1158,276,882
S01007182,1250,261,989
S01007183,1321,318,1003
S01007184,1039,247,792
S01007185,979,254,725
S01007186,777,167,610
S01007187,804,210,594
S01007188,803,171,632
S01007189,910,292,618
S01007190,935,254,681
S01007191,735,152,583
S01007192,784,156,628
S01007193,893,179,714
S01007194,641,118,523
S01007195,1056,191,865
S01007196,974,142,832
S01007197,743,126,617
S01007198,532,88,444
S01007199,1091,236,855
S01007200,849,144,705
S01007201,1014,205,809
S01007202,735,160,575
S01007203,840,146,694
S01007204,1078,199,879
S01007205,843,122,721
S01007206,392,82,310
S01007207,1048,167,881
S01007208,990,198,792
S01007209,833,213,620
S01007210,1067,190,877
S01007211,967,219,748
S01007212,847,124,723
S01007213,912,202,710
S01007214,1074,313,761
S01007215,984,198,786
S01007216,791,168,623
S01007217,1186,221,965
S01007218,992,145,847
S01007219,1097,204,893
S01007220,787,159,628
S01007221,1105,177,928
S01007222,1100,173,927
S01007223,714,96,618
S01007224,742,133,609
S01007225,1206,171,1035
S01007226,1027,140,887
S01007227,1533,285,1248
S01007228,819,128,691
S01007229,1249,180,1069
S01007230,1291,250,1041
S01007231,818,217,601
S01007232,726,153,573
S01007233,788,135,653
S01007234,630,118,512
S01007235,1078,225,853
S01007236,1094,247,847
S01007237,779,147,632
S01007238,1007,186,821
S01007239,1422,289,1133
S01007240,539,104,435
S01007241,1174,196,978
S01007242,1158,219,939
S01007243,1415,230,1185
S01007244,721,131,590
S01007245,776,157,619
S01007246,891,137,754
S01007247,1082,211,871
S01007248,1060,187,873
S01007249,609,141,468
S01007250,822,147,675
S01007251,893,164,729
S01007252,925,156,769
S01007253,798,154,644
S01007254,948,256,692
S01007255,1038,203,835
S01007256,935,178,757
S01007257,894,146,748
S01007258,886,183,703
S01007259,1048,245,803
S01007260,1218,229,989
S01007261,1051,198,853
S01007262,712,133,579
S01007263,1142,235,907
S01007264,869,193,676
S01007265,1216,317,899
S01007266,823,167,656
S01007267,610,85,525
S01007268,596,120,476
S01007269,667,127,540
S01007270,457,69,388
S01007271,1146,218,928
S01007272,1141,216,925
S01007273,760,104,656
S01007274,905,225,680
S01007275,729,166,563
S01007276,1159,217,942
S01007277,919,152,767
S01007278,941,153,788
S01007279,674,106,568
S01007280,676,104,572
S01007281,1181,158,1023
S01007282,538,60,478
S01007283,1023,266,757
S01007284,848,188,660
S01007285,1145,214,931
S01007286,1464,250,1214
S01007287,616,100,516
S01007288,667,123,544
S01007289,1011,142,869
S01007290,1136,180,956
S01007291,637,146,491
S01007292,771,105,666
S01007293,1080,148,932
S01007294,1054,187,867
S01007295,677,180,497
S01007296,563,111,452
S01007297,1176,168,1008
S01007298,532,105,427
S01007299,1008,161,847
S01007300,668,120,548
S01007301,870,160,710
S01007302,796,164,632
S01007303,1117,259,858
S01007304,693,140,553
S01007305,1008,165,843
S01007306,1252,197,1055
S01007307,1088,172,916
S01007308,882,167,715
S01007309,815,160,655
S01007310,865,167,698
S01007311,926,178,748
S01007312,862,187,675
S01007313,972,164,808
S01007314,875,132,743
S01007315,940,150,790
S01007316,1141,255,886
S01007317,1153,206,947
S01007318,607,98,509
S01007319,857,178,679
S01007320,894,156,738
S01007321,595,130,465
S01007322,836,150,686
S01007323,449,95,354
S01007324,328,76,252
S01007325,833,174,659
S01007326,970,193,777
S01007327,886,219,667
S01007328,1077,217,860
S01007329,702,156,546
S01007330,778,185,593
S01007331,1082,197,885
S01007332,624,115,509
S01007333,1123,234,889
S01007334,995,259,736
S01007335,898,190,708
S01007336,762,199,563
S01007337,658,185,473
S01007338,1084,210,874
S01007339,854,179,675
S01007340,664,192,472
S01007341,853,219,634
S01007342,826,158,668
S01007343,651,168,483
S01007344,579,153,426
S01007345,691,183,508
S01007346,834,260,574
S01007347,1056,282,774
S01007348,802,172,630
S01007349,687,163,524
S01007350,661,179,482
S01007351,658,201,457
S01007352,498,112,386
S01007353,791,189,602
S01007354,786,229,557
S01007355,1326,342,984
S01007356,714,200,514
S01007357,803,183,620
S01007358,1442,237,1205
S01007359,999,291,708
S01007360,906,257,649
S01007361,1043,236,807
S01007362,1162,297,865
S01007363,1008,285,723
S01007364,1093,272,821
S01007365,478,115,363
S01007366,550,196,354
S01007367,629,170,459
S01007368,659,155,504
S01007369,1138,252,886
S01007370,917,208,709
S01007371,958,206,752
S01007372,1250,304,946
S01007373,704,162,542
S01007374,810,118,692
S01007375,464,84,380
S01007376,1015,209,806
S01007377,664,128,536
S01007378,1716,158,1558
S01007379,925,207,718
S01007380,846,151,695
S01007381,512,98,414
S01007382,990,158,832
S01007383,749,135,614
S01007384,1075,176,899
S01007385,1228,233,995
S01007386,806,119,687
S01007387,864,145,719
S01007388,741,101,640
S01007389,763,65,698
S01007390,727,67,660
S01007391,664,68,596
S01007392,466,80,386
S01007393,1058,268,790
S01007394,702,174,528
S01007395,1111,312,799
S01007396,1049,244,805
S01007397,943,166,777
S01007398,821,148,673
S01007399,891,214,677
S01007400,845,203,642
S01007401,752,136,616
S01007402,700,114,586
S01007403,943,69,874
S01007404,579,110,469
S01007405,813,127,686
S01007406,1007,143,864
S01007407,1108,164,944
S01007408,862,158,704
S01007409,666,140,526
S01007410,952,259,693
S01007411,1062,290,772
S01007412,579,127,452
S01007413,997,123,874
S01007414,858,100,758
S01007415,853,215,638
S01007416,595,122,473
S01007417,220,53,167
S01007418,890,206,684
S01007419,1001,203,798
S01007420,4568,675,3893
S01007421,1394,185,1209
S01007422,794,176,618
S01007423,388,90,298
S01007424,787,125,662
S01007425,947,143,804
S01007426,821,178,643
S01007427,744,197,547
S01007428,1005,221,784
S01007429,928,175,753
S01007430,554,88,466
S01007431,710,131,579
S01007432,818,204,614
S01007433,1139,252,887
S01007434,589,129,460
S01007435,788,166,622
S01007436,990,213,777
S01007437,569,106,463
S01007438,673,148,525
S01007439,858,186,672
S01007440,767,143,624
S01007441,656,95,561
S01007442,866,122,744
S01007443,1039,196,843
S01007444,1549,285,1264
S01007445,687,80,607
S01007446,728,95,633
S01007447,659,97,562
S01007448,1134,237,897
S01007449,1173,239,934
S01007450,1353,305,1048
S01007451,623,127,496
S01007452,1435,249,1186
S01007453,110,30,80
S01007454,512,129,383
S01007455,846,191,655
S01007456,1089,246,843
S01007457,1080,235,845
S01007458,811,153,658
S01007459,873,218,655
S01007460,922,226,696
S01007461,933,261,672
S01007462,1006,211,795
S01007463,1149,273,876
S01007464,1042,278,764
S01007465,785,200,585
S01007466,1145,331,814
S01007467,996,276,720
S01007468,1143,175,968
S01007469,611,118,493
S01007470,699,186,513
S01007471,479,72,407
S01007472,1077,269,808
S01007473,895,165,730
S01007474,755,82,673
S01007475,517,121,396
S01007476,738,170,568
S01007477,737,138,599
S01007478,1126,258,868
S01007479,435,105,330
S01007480,1324,194,1130
S01007481,988,219,769
S01007482,668,204,464
S01007483,955,201,754
S01007484,842,198,644
S01007485,842,185,657
S01007486,860,226,634
S01007487,1195,330,865
S01007488,1194,249,945
S01007489,856,203,653
S01007490,1233,338,895
S01007491,1118,233,885
S01007492,685,178,507
S01007493,1109,243,866
S01007494,743,191,552
S01007495,844,148,696
S01007496,1185,274,911
S01007497,596,134,462
S01007498,1028,276,752
S01007499,842,179,663
S01007500,768,209,559
S01007501,680,193,487
S01007502,641,160,481
S01007503,1135,288,847
S01007504,1169,284,885
S01007505,538,117,421
S01007506,514,113,401
S01007507,1489,372,1117
S01007508,696,180,516
S01007509,720,160,560
S01007510,1014,279,735
S01007511,1149,298,851
S01007512,526,142,384
S01007513,1304,270,1034
S01007514,645,171,474
S01007515,699,175,524
S01007516,818,179,639
S01007517,540,198,342
S01007518,1014,268,746
S01007519,497,140,357
S01007520,980,234,746
S01007521,677,132,545
S01007522,1136,293,843
S01007523,542,113,429
S01007524,951,194,757
S01007525,536,153,383
S01007526,903,215,688
S01007527,1426,293,1133
S01007528,968,209,759
S01007529,867,179,688
S01007530,524,101,423
S01007531,767,172,595
S01007532,597,115,482
S01007533,876,179,697
S01007534,1451,298,1153
S01007535,961,230,731
S01007536,1026,222,804
S01007537,1698,396,1302
S01007538,1123,214,909
S01007539,853,218,635
S01007540,838,225,613
S01007541,1233,289,944
S01007542,980,174,806
S01007543,1284,243,1041
S01007544,1291,313,978
S01007545,1525,276,1249
S01007546,663,105,558
S01007547,551,81,470
S01007548,947,186,761
S01007549,765,170,595
S01007550,1233,310,923
S01007551,1310,320,990
S01007552,1042,244,798
S01007553,1059,300,759
S01007554,840,260,580
S01007555,818,210,608
S01007556,748,218,530
S01007557,1131,283,848
S01007558,482,107,375
S01007559,864,148,716
S01007560,1196,285,911
S01007561,1104,289,815
S01007562,854,153,701
S01007563,1106,221,885
S01007564,1271,287,984
S01007565,1153,222,931
S01007566,822,110,712
S01007567,588,78,510
S01007568,745,138,607
S01007569,1259,250,1009
S01007570,1113,242,871
S01007571,539,105,434
S01007572,1778,278,1500
S01007573,84,21,63
S01007574,2322,360,1962
S01007575,860,220,640
S01007576,1025,247,778
S01007577,893,231,662
S01007578,834,183,651
S01007579,663,120,543
S01007580,993,209,784
S01007581,657,178,479
S01007582,873,205,668
S01007583,1318,317,1001
S01007584,995,234,761
S01007585,1087,273,814
S01007586,1155,218,937
S01007587,819,185,634
S01007588,949,192,757
S01007589,1123,242,881
S01007590,661,117,544
S01007591,1178,239,939
S01007592,1143,279,864
S01007593,1200,335,865
S01007594,843,188,655
S01007595,1056,207,849
S01007596,715,180,535
S01007597,647,111,536
S01007598,1121,202,919
S01007599,840,168,672
S01007600,1066,231,835
S01007601,631,78,553
S01007602,958,104,854
S01007603,923,93,830
S01007604,1020,159,861
S01007605,1157,188,969
S01007606,614,122,492
S01007607,927,161,766
S01007608,971,178,793
S01007609,981,227,754
S01007610,730,232,498
S01007611,1147,363,784
S01007612,1044,247,797
S01007613,1013,191,822
S01007614,1112,168,944
S01007615,1375,296,1079
S01007616,917,190,727
S01007617,671,152,519
S01007618,781,164,617
S01007619,736,168,568
S01007620,822,129,693
S01007621,898,204,694
S01007622,1331,225,1106
S01007623,608,92,516
S01007624,741,117,624
S01007625,690,131,559
S01007626,650,56,594
S01007627,547,75,472
S01007628,881,197,684
S01007629,860,130,730
S01007630,813,140,673
S01007631,631,124,507
S01007632,1683,304,1379
S01007633,1550,294,1256
S01007634,803,138,665
S01007635,981,262,719
S01007636,1413,350,1063
S01007637,1378,285,1093
S01007638,1058,307,751
S01007639,1087,188,899
S01007640,724,130,594
S01007641,856,136,720
S01007642,1152,248,904
S01007643,1067,219,848
S01007644,1095,231,864
S01007645,897,147,750
S01007646,627,117,510
S01007647,1020,184,836
S01007648,1086,196,890
S01007649,741,149,592
S01007650,1062,221,841
S01007651,716,110,606
S01007652,895,194,701
S01007653,1159,218,941
S01007654,1299,317,982
S01007655,781,167,614
S01007656,936,206,730
S01007657,595,103,492
S01007658,689,142,547
S01007659,1055,249,806
S01007660,1289,289,1000
S01007661,905,206,699
S01007662,1070,274,796
S01007663,1135,252,883
S01007664,578,145,433
S01007665,745,146,599
S01007666,510,105,405
S01007667,717,127,590
S01007668,1269,298,971
S01007669,642,119,523
S01007670,1146,254,892
S01007671,857,178,679
S01007672,1002,226,776
S01007673,700,121,579
S01007674,1149,250,899
S01007675,801,165,636
S01007676,572,92,480
S01007677,279,56,223
S01007678,823,206,617
S01007679,1045,271,774
S01007680,922,144,778
S01007681,519,120,399
S01007682,998,146,852
S01007683,1045,132,913
S01007684,1173,188,985
S01007685,1173,143,1030
S01007686,1115,148,967
S01007687,952,100,852
S01007688,1211,124,1087
S01007689,613,106,507
S01007690,1148,164,984
S01007691,4465,331,4134
S01007692,1036,133,903
S01007693,1290,180,1110
S01007694,990,168,822
S01007695,1031,250,781
S01007696,1033,153,880
S01007697,1329,272,1057
S01007698,1312,181,1131
S01007699,808,131,677
S01007700,990,164,826
S01007701,451,119,332
S01007702,2253,141,2112
S01007703,1230,280,950
S01007704,1393,275,1118
S01007705,1058,95,963
S01007706,1058,105,953
S01007707,1285,97,1188
S01007708,1038,189,849
S01007709,825,202,623
S01007710,2214,264,1950
S01007711,1342,251,1091
S01007712,1066,211,855
S01007713,573,127,446
S01007714,643,122,521
S01007715,774,221,553
S01007716,1214,372,842
S01007717,1003,230,773
S01007718,963,300,663
S01007719,1534,410,1124
S01007720,1091,326,765
S01007721,1085,308,777
S01007722,940,258,682
S01007723,1020,342,678
S01007724,805,127,678
S01007725,1343,376,967
S01007726,858,200,658
S01007727,1023,220,803
S01007728,1291,215,1076
S01007729,1002,147,855
S01007730,985,145,840
S01007731,729,93,636
S01007732,1003,162,841
S01007733,853,116,737
S01007734,821,162,659
S01007735,827,158,669
S01007736,844,159,685
S01007737,1140,242,898
S01007738,1114,258,856
S01007739,819,257,562
S01007740,709,191,518
S01007741,899,282,617
S01007742,729,183,546
S01007743,895,200,695
S01007744,766,237,529
S01007745,1016,286,730
S01007746,889,204,685
S01007747,815,175,640
S01007748,704,170,534
S01007749,866,150,716
S01007750,930,193,737
S01007751,790,188,602
S01007752,1167,304,863
S01007753,961,223,738
S01007754,1313,328,985
S01007755,877,248,629
S01007756,955,306,649
S01007757,1311,256,1055
S01007758,1040,237,803
S01007759,1255,324,931
S01007760,950,219,731
S01007761,853,138,715
S01007762,814,214,600
S01007763,772,232,540
S01007764,895,134,761
S01007765,969,170,799
S01007766,1083,193,890
S01007767,1000,163,837
S01007768,765,163,602
S01007769,809,173,636
S01007770,812,144,668
S01007771,823,156,667
S01007772,1185,313,872
S01007773,734,125,609
S01007774,146,14,132
S01007775,1292,235,1057
S01007776,591,47,544
S01007777,562,37,525
S01007778,2422,251,2171
S01007779,774,157,617
S01007780,795,101,694
S01007781,796,104,692
S01007782,709,133,576
S01007783,873,285,588
S01007784,1006,163,843
S01007785,507,115,392
S01007786,900,216,684
S01007787,804,152,652
S01007788,832,191,641
S01007789,1151,215,936
S01007790,1899,266,1633
S01007791,1170,140,1030
S01007792,998,246,752
S01007793,1046,283,763
S01007794,1109,244,865
S01007795,712,126,586
S01007796,692,176,516
S01007797,635,170,465
S01007798,778,112,666
S01007799,418,59,359
S01007800,1038,313,725
S01007801,973,305,668
S01007802,634,82,552
S01007803,1468,426,1042
S01007804,846,222,624
S01007805,971,237,734
S01007806,888,213,675
S01007807,894,154,740
S01007808,933,192,741
S01007809,1249,256,993
S01007810,983,269,714
S01007811,871,171,700
S01007812,850,164,686
S01007813,1108,260,848
S01007814,854,246,608
S01007815,1159,251,908
S01007816,669,102,567
S01007817,826,206,620
S01007818,950,176,774
S01007819,803,167,636
S01007820,1088,277,811
S01007821,826,250,576
S01007822,966,229,737
S01007823,789,165,624
S01007824,1125,249,876
S01007825,1294,297,997
S01007826,598,202,396
S01007827,661,115,546
S01007828,1214,346,868
S01007829,763,223,540
S01007830,1072,314,758
S01007831,1059,301,758
S01007832,956,270,686
S01007833,983,395,588
S01007834,742,173,569
S01007835,784,173,611
S01007836,739,185,554
S01007837,1260,239,1021
S01007838,973,244,729
S01007839,1199,293,906
S01007840,902,201,701
S01007841,951,166,785
S01007842,1215,245,970
S01007843,944,207,737
S01007844,1340,281,1059
S01007845,995,229,766
S01007846,852,208,644
S01007847,1474,370,1104
S01007848,1070,267,803
S01007849,1112,201,911
S01007850,754,215,539
S01007851,1036,335,701
S01007852,1282,344,938
S01007853,807,257,550
S01007854,1286,371,915
S01007855,658,165,493
S01007856,1053,289,764
S01007857,595,158,437
S01007858,2159,555,1604
S01007859,1529,353,1176
S01007860,1165,226,939
S01007861,1067,237,830
S01007862,1067,225,842
S01007863,895,195,700
S01007864,938,211,727
S01007865,1461,182,1279
S01007866,586,39,547
S01007867,1427,170,1257
S01007868,2091,277,1814
S01007869,2241,317,1924
S01007870,666,182,484
S01007871,1111,302,809
S01007872,795,257,538
S01007873,778,234,544
S01007874,887,291,596
S01007875,764,152,612
S01007876,1009,199,810
S01007877,888,270,618
S01007878,724,265,459
S01007879,1203,384,819
S01007880,460,107,353
S01007881,656,169,487
S01007882,1612,255,1357
S01007883,1211,223,988
S01007884,953,208,745
S01007885,1038,331,707
S01007886,1168,296,872
S01007887,717,152,565
S01007888,1070,230,840
S01007889,1119,321,798
S01007890,695,175,520
S01007891,1333,298,1035
S01007892,1174,267,907
S01007893,1326,242,1084
S01007894,1050,213,837
S01007895,771,172,599
S01007896,1110,255,855
S01007897,1609,292,1317
S01007898,758,164,594
S01007899,502,103,399
S01007900,549,134,415
S01007901,801,201,600
S01007902,980,311,669
S01007903,803,266,537
S01007904,849,208,641
S01007905,827,193,634
S01007906,824,301,523
S01007907,780,274,506
S01007908,1296,379,917
S01007909,719,137,582
S01007910,1111,268,843
S01007911,1094,284,810
S01007912,865,234,631
S01007913,1069,317,752
S01007914,744,179,565
S01007915,961,226,735
S01007916,1041,355,686
S01007917,1234,359,875
S01007918,1034,320,714
S01007919,949,181,768
S01007920,615,95,520
S01007921,1146,325,821
S01007922,1361,390,971
S01007923,1279,268,1011
S01007924,1179,381,798
S01007925,665,95,570
S01007926,931,146,785
S01007927,617,89,528
S01007928,1208,224,984
S01007929,1617,158,1459
S01007930,727,76,651
S01007931,1353,234,1119
S01007932,831,146,685
S01007933,1341,196,1145
S01007934,720,137,583
S01007935,1273,213,1060
S01007936,1233,129,1104
S01007937,1503,192,1311
S01007938,837,184,653
S01007939,1016,227,789
S01007940,1719,352,1367
S01007941,631,104,527
S01007942,508,84,424
S01007943,970,215,755
S01007944,1026,220,806
S01007945,1202,314,888
S01007946,1039,242,797
S01007947,1048,229,819
S01007948,760,193,567
S01007949,954,210,744
S01007950,1135,177,958
S01007951,1005,224,781
S01007952,857,249,608
S01007953,1022,226,796
S01007954,728,195,533
S01007955,1736,379,1357
S01007956,999,200,799
S01007957,1230,332,898
S01007958,1059,301,758
S01007959,1951,486,1465
S01007960,607,143,464
S01007961,1674,378,1296
S01007962,1096,216,880
S01007963,1158,274,884
S01007964,890,213,677
S01007965,774,205,569
S01007966,1090,278,812
S01007967,860,192,668
S01007968,1038,255,783
S01007969,840,210,630
S01007970,1062,264,798
S01007971,1027,268,759
S01007972,1126,270,856
S01007973,867,142,725
S01007974,940,296,644
S01007975,655,170,485
S01007976,1086,287,799
S01007977,645,105,540
S01007978,826,159,667
S01007979,904,153,751
S01007980,816,178,638
S01007981,755,177,578
S01007982,695,149,546
S01007983,1415,362,1053
S01007984,896,193,703
S01007985,923,209,714
S01007986,675,118,557
S01007987,1033,193,840
S01007988,906,210,696
S01007989,722,136,586
S01007990,1253,184,1069
S01007991,1003,82,921
S01007992,1058,73,985
S01007993,908,125,783
S01007994,659,49,610
S01007995,721,85,636
S01007996,338,59,279
S01007997,669,107,562
S01007998,606,126,480
S01007999,801,201,600
S01008000,913,257,656
S01008001,961,276,685
S01008002,1039,238,801
S01008003,760,198,562
S01008004,122,22,100
S01008005,165,89,76
S01008006,864,212,652
S01008007,570,124,446
S01008008,787,144,643
S01008009,1021,234,787
S01008010,1313,280,1033
S01008011,846,279,567
S01008012,997,225,772
S01008013,834,254,580
S01008014,800,161,639
S01008015,832,208,624
S01008016,781,214,567
S01008017,900,179,721
S01008018,944,160,784
S01008019,1011,221,790
S01008020,891,158,733
S01008021,699,110,589
S01008022,844,125,719
S01008023,1739,152,1587
S01008024,955,64,891
S01008025,891,162,729
S01008026,1371,371,1000
S01008027,809,180,629
S01008028,585,92,493
S01008029,3738,424,3314
S01008030,2233,295,1938
S01008031,1573,277,1296
S01008032,1248,277,971
S01008033,1166,116,1050
S01008034,1176,90,1086
S01008035,1020,134,886
S01008036,669,87,582
S01008037,1446,295,1151
S01008038,999,178,821
S01008039,1079,224,855
S01008040,752,114,638
S01008041,1074,274,800
S01008042,862,150,712
S01008043,1364,185,1179
S01008044,1195,183,1012
S01008045,1313,241,1072
S01008046,1157,394,763
S01008047,697,111,586
S01008048,662,112,550
S01008049,1023,159,864
S01008050,682,106,576
S01008051,1229,143,1086
S01008052,829,91,738
S01008053,959,170,789
S01008054,778,153,625
S01008055,1049,125,924
S01008056,1204,201,1003
S01008057,1358,231,1127
S01008058,895,74,821
S01008059,678,74,604
S01008060,1833,250,1583
S01008061,887,100,787
S01008062,997,170,827
S01008063,874,126,748
S01008064,1013,155,858
S01008065,1219,126,1093
S01008066,1022,146,876
S01008067,691,97,594
S01008068,1203,176,1027
S01008069,1201,219,982
S01008070,1125,185,940
S01008071,966,156,810
S01008072,1336,239,1097
S01008073,471,72,399
S01008074,976,134,842
S01008075,613,98,515
S01008076,1035,215,820
S01008077,1003,149,854
S01008078,860,127,733
S01008079,905,128,777
S01008080,808,139,669
S01008081,703,88,615
S01008082,1032,161,871
S01008083,839,110,729
S01008084,1033,155,878
S01008085,1314,156,1158
S01008086,1256,171,1085
S01008087,1136,181,955
S01008088,917,176,741
S01008089,997,147,850
S01008090,771,126,645
S01008091,513,84,429
S01008092,1138,258,880
S01008093,900,188,712
S01008094,725,119,606
S01008095,1093,213,880
S01008096,790,170,620
S01008097,897,184,713
S01008098,750,122,628
S01008099,540,77,463
S01008100,1035,226,809
S01008101,1244,204,1040
S01008102,819,186,633
S01008103,706,204,502
S01008104,1022,202,820
S01008105,1226,325,901
S01008106,1742,322,1420
S01008107,1301,133,1168
S01008108,936,121,815
S01008109,940,141,799
S01008110,941,128,813
S01008111,869,167,702
S01008112,947,164,783
S01008113,1002,164,838
S01008114,899,162,737
S01008115,915,134,781
S01008116,1116,145,971
S01008117,800,160,640
S01008118,1351,227,1124
S01008119,784,184,600
S01008120,707,146,561
S01008121,662,99,563
S01008122,1135,160,975
S01008123,1063,169,894
S01008124,1012,112,900
S01008125,1177,164,1013
S01008126,935,84,851
S01008127,489,93,396
S01008128,1104,173,931
S01008129,980,216,764
S01008130,1152,251,901
S01008131,766,158,608
S01008132,1110,205,905
S01008133,829,205,624
S01008134,703,159,544
S01008135,1605,289,1316
S01008136,1419,302,1117
S01008137,1440,291,1149
S01008138,1051,267,784
S01008139,1086,290,796
S01008140,741,200,541
S01008141,1168,191,977
S01008142,974,116,858
S01008143,1181,262,919
S01008144,1019,142,877
S01008145,1018,233,785
S01008146,649,160,489
S01008147,901,176,725
S01008148,915,145,770
S01008149,960,187,773
S01008150,1409,319,1090
S01008151,1030,231,799
S01008152,1241,321,920
S01008153,892,207,685
S01008154,1050,203,847
S01008155,836,118,718
S01008156,1062,191,871
S01008157,1083,168,915
S01008158,1002,117,885
S01008159,1210,307,903
S01008160,1419,291,1128
S01008161,1499,223,1276
S01008162,1264,257,1007
S01008163,894,218,676
S01008164,1450,165,1285
S01008165,880,99,781
S01008166,1347,201,1146
S01008167,1604,254,1350
S01008168,1129,276,853
S01008169,1499,230,1269
S01008170,1530,169,1361
S01008171,909,219,690
S01008172,557,101,456
S01008173,785,114,671
S01008174,532,84,448
S01008175,750,119,631
S01008176,1515,171,1344
S01008177,864,196,668
S01008178,640,102,538
S01008179,391,43,348
S01008180,473,41,432
S01008181,678,119,559
S01008182,1253,257,996
S01008183,968,169,799
S01008184,881,220,661
S01008185,1235,265,970
S01008186,1076,218,858
S01008187,699,148,551
S01008188,1467,349,1118
S01008189,1062,190,872
S01008190,1035,225,810
S01008191,1481,229,1252
S01008192,1099,262,837
S01008193,972,198,774
S01008194,682,158,524
S01008195,1148,198,950
S01008196,923,185,738
S01008197,1901,197,1704
S01008198,693,143,550
S01008199,776,185,591
S01008200,867,233,634
S01008201,1327,317,1010
S01008202,803,203,600
S01008203,556,121,435
S01008204,2717,483,2234
S01008205,771,167,604
S01008206,1604,348,1256
S01008207,824,165,659
S01008208,1026,133,893
S01008209,686,73,613
S01008210,1423,287,1136
S01008211,991,214,777
S01008212,712,73,639
S01008213,1019,115,904
S01008214,837,242,595
S01008215,1099,219,880
S01008216,770,118,652
S01008217,679,89,590
S01008218,2156,224,1932
S01008219,1242,296,946
S01008220,644,125,519
S01008221,832,148,684
S01008222,722,182,540
S01008223,597,189,408
S01008224,907,144,763
S01008225,786,146,640
S01008226,755,233,522
S01008227,986,234,752
S01008228,792,148,644
S01008229,1317,245,1072
S01008230,811,88,723
S01008231,640,75,565
S01008232,244,26,218
S01008233,1740,164,1576
S01008234,2097,265,1832
S01008235,929,237,692
S01008236,1009,178,831
S01008237,929,164,765
S01008238,1038,215,823
S01008239,762,124,638
S01008240,1402,199,1203
S01008241,1055,137,918
S01008242,1211,287,924
S01008243,1134,158,976
S01008244,1051,155,896
S01008245,1133,201,932
S01008246,1274,187,1087
S01008247,982,141,841
S01008248,1329,220,1109
S01008249,903,129,774
S01008250,1117,164,953
S01008251,1038,91,947
S01008252,1120,197,923
S01008253,855,247,608
S01008254,1286,275,1011
S01008255,1017,175,842
S01008256,1033,190,843
S01008257,886,242,644
S01008258,1289,197,1092
S01008259,1455,228,1227
S01008260,1054,190,864
S01008261,1197,230,967
S01008262,914,166,748
S01008263,801,170,631
S01008264,919,150,769
S01008265,706,114,592
S01008266,1061,146,915
S01008267,818,120,698
S01008268,878,125,753
S01008269,1126,254,872
S01008270,1191,256,935
S01008271,749,163,586
S01008272,1002,160,842
S01008273,1026,194,832
S01008274,930,178,752
S01008275,682,117,565
S01008276,681,82,599
S01008277,692,72,620
S01008278,774,102,672
S01008279,733,143,590
S01008280,1275,220,1055
S01008281,830,104,726
S01008282,779,135,644
S01008283,1338,188,1150
S01008284,1651,202,1449
S01008285,754,187,567
S01008286,1368,295,1073
S01008287,967,125,842
S01008288,1002,233,769
S01008289,768,175,593
S01008290,1038,222,816
S01008291,1135,298,837
S01008292,1640,220,1420
S01008293,1184,111,1073
S01008294,730,94,636
S01008295,1211,165,1046
S01008296,932,188,744
S01008297,626,100,526
S01008298,1079,189,890
S01008299,1177,309,868
S01008300,940,201,739
S01008301,1015,145,870
S01008302,940,131,809
S01008303,788,184,604
S01008304,476,89,387
S01008305,791,121,670
S01008306,611,91,520
S01008307,805,158,647
S01008308,566,88,478
S01008309,932,287,645
S01008310,949,241,708
S01008311,728,148,580
S01008312,720,164,556
S01008313,1013,319,694
S01008314,939,208,731
S01008315,748,188,560
S01008316,943,188,755
S01008317,738,142,596
S01008318,1628,261,1367
S01008319,614,189,425
S01008320,633,171,462
S01008321,729,99,630
S01008322,1956,365,1591
S01008323,881,201,680
S01008324,651,146,505
S01008325,1229,189,1040
S01008326,1164,265,899
S01008327,1094,255,839
S01008328,935,91,844
S01008329,1038,101,937
S01008330,1088,151,937
S01008331,785,84,701
S01008332,1108,239,869
S01008333,1161,284,877
S01008334,995,156,839
S01008335,1012,227,785
S01008336,1000,250,750
S01008337,906,106,800
S01008338,915,100,815
S01008339,629,65,564
S01008340,929,92,837
S01008341,700,45,655
S01008342,1167,226,941
S01008343,1162,267,895
S01008344,872,88,784
S01008345,1273,154,1119
S01008346,1102,121,981
S01008347,1228,228,1000
S01008348,976,161,815
S01008349,1481,183,1298
S01008350,760,124,636
S01008351,1067,150,917
S01008352,933,129,804
S01008353,525,65,460
S01008354,1110,125,985
S01008355,1123,257,866
S01008356,884,119,765
S01008357,908,132,776
S01008358,870,190,680
S01008359,772,106,666
S01008360,1338,146,1192
S01008361,786,91,695
S01008362,1158,130,1028
S01008363,829,114,715
S01008364,818,113,705
S01008365,972,146,826
S01008366,980,257,723
S01008367,966,230,736
S01008368,905,150,755
S01008369,782,111,671
S01008370,692,97,595
S01008371,913,89,824
S01008372,927,93,834
S01008373,1199,134,1065
S01008374,877,105,772
S01008375,789,102,687
S01008376,655,73,582
S01008377,944,139,805
S01008378,1103,189,914
S01008379,530,86,444
S01008380,649,63,586
S01008381,1070,105,965
S01008382,921,121,800
S01008383,619,73,546
S01008384,976,146,830
S01008385,674,100,574
S01008386,951,126,825
S01008387,871,96,775
S01008388,637,74,563
S01008389,756,206,550
S01008390,732,98,634
S01008391,785,156,629
S01008392,916,111,805
S01008393,912,170,742
S01008394,1108,128,980
S01008395,832,95,737
S01008396,807,151,656
S01008397,996,103,893
S01008398,907,142,765
S01008399,703,172,531
S01008400,1101,168,933
S01008401,1258,219,1039
S01008402,1092,158,934
S01008403,1014,175,839
S01008404,1087,186,901
S01008405,908,116,792
S01008406,1200,258,942
S01008407,522,163,359
S01008408,812,88,724
S01008409,1092,250,842
S01008410,870,220,650
S01008411,1121,192,929
S01008412,706,132,574
S01008413,690,138,552
S01008414,660,76,584
S01008415,1058,211,847
S01008416,1164,248,916
S01008417,726,95,631
S01008418,692,101,591
S01008419,525,64,461
S01008420,569,91,478
S01008421,858,155,703
S01008422,972,158,814
S01008423,1063,134,929
S01008424,1120,167,953
S01008425,2557,219,2338
S01008426,1163,241,922
S01008427,1249,133,1116
S01008428,884,212,672
S01008429,913,168,745
S01008430,1117,188,929
S01008431,1067,173,894
S01008432,1116,179,937
S01008433,807,116,691
S01008434,1043,153,890
S01008435,1083,142,941
S01008436,1059,194,865
S01008437,796,162,634
S01008438,587,81,506
S01008439,1120,109,1011
S01008440,1143,168,975
S01008441,1022,106,916
S01008442,774,74,700
S01008443,582,81,501
S01008444,720,101,619
S01008445,1077,204,873
S01008446,1706,274,1432
S01008447,675,67,608
S01008448,879,136,743
S01008449,964,163,801
S01008450,592,134,458
S01008451,1018,179,839
S01008452,979,159,820
S01008453,956,128,828
S01008454,1339,280,1059
S01008455,1254,246,1008
S01008456,1236,260,976
S01008457,1101,313,788
S01008458,995,182,813
S01008459,815,184,631
S01008460,1227,269,958
S01008461,1018,232,786
S01008462,694,242,452
S01008463,937,176,761
S01008464,921,188,733
S01008465,953,137,816
S01008466,840,111,729
S01008467,887,141,746
S01008468,1011,228,783
S01008469,804,115,689
S01008470,992,230,762
S01008471,858,186,672
S01008472,811,166,645
S01008473,700,167,533
S01008474,832,225,607
S01008475,1040,199,841
S01008476,779,226,553
S01008477,1167,316,851
S01008478,1021,293,728
S01008479,1097,309,788
S01008480,534,125,409
S01008481,1615,386,1229
S01008482,1498,398,1100
S01008483,832,213,619
S01008484,952,214,738
S01008485,1203,206,997
S01008486,867,219,648
S01008487,961,132,829
S01008488,1303,232,1071
S01008489,874,206,668
S01008490,1159,172,987
S01008491,935,121,814
S01008492,944,138,806
S01008493,913,200,713
S01008494,837,135,702
S01008495,1059,106,953
S01008496,1160,109,1051
S01008497,927,118,809
S01008498,772,118,654
S01008499,1123,143,980
S01008500,398,59,339
S01008501,835,59,776
S01008502,648,56,592
S01008503,994,72,922
S01008504,1723,154,1569
S01008505,1000,90,910
S01008506,1108,202,906
S01008507,897,68,829
S01008508,1106,164,942
S01008509,1251,183,1068
S01008510,906,105,801
S01008511,1009,160,849
S01008512,1202,150,1052
S01008513,1190,134,1056
S01008514,762,170,592
S01008515,998,148,850
S01008516,1486,358,1128
S01008517,1042,163,879
S01008518,1192,122,1070
S01008519,1083,123,960
S01008520,1359,162,1197
S01008521,907,97,810
S01008522,594,49,545
S01008523,1172,110,1062
S01008524,1202,277,925
S01008525,1139,302,837
S01008526,850,195,655
S01008527,726,100,626
S01008528,720,102,618
S01008529,839,182,657
S01008530,1053,238,815
S01008531,946,226,720
S01008532,661,161,500
S01008533,549,53,496
S01008534,869,85,784
S01008535,709,86,623
S01008536,707,101,606
S01008537,673,79,594
S01008538,641,113,528
S01008539,1100,142,958
S01008540,982,163,819
S01008541,1028,95,933
S01008542,1221,122,1099
S01008543,995,97,898
S01008544,653,41,612
S01008545,1053,115,938
S01008546,806,118,688
S01008547,1167,149,1018
S01008548,1056,177,879
S01008549,1185,222,963
S01008550,1039,131,908
S01008551,984,171,813
S01008552,1031,154,877
S01008553,659,152,507
S01008554,1090,250,840
S01008555,1295,285,1010
S01008556,1125,292,833
S01008557,1051,255,796
S01008558,912,217,695
S01008559,862,213,649
S01008560,888,195,693
S01008561,1088,288,800
S01008562,858,228,630
S01008563,1138,232,906
S01008564,1043,248,795
S01008565,1087,234,853
S01008566,1137,258,879
S01008567,889,197,692
S01008568,871,114,757
S01008569,738,170,568
S01008570,1374,324,1050
S01008571,796,194,602
S01008572,1072,267,805
S01008573,1174,230,944
S01008574,1079,172,907
S01008575,875,103,772
S01008576,1009,151,858
S01008577,1203,292,911
S01008578,1003,198,805
S01008579,934,252,682
S01008580,816,166,650
S01008581,1014,273,741
S01008582,1368,307,1061
S01008583,921,226,695
S01008584,1309,238,1071
S01008585,991,218,773
S01008586,949,274,675
S01008587,914,116,798
S01008588,1116,176,940
S01008589,390,65,325
S01008590,759,141,618
S01008591,1084,134,950
S01008592,965,155,810
S01008593,870,126,744
S01008594,969,119,850
S01008595,1179,387,792
S01008596,953,212,741
S01008597,1116,220,896
S01008598,1229,160,1069
S01008599,1031,109,922
S01008600,2710,175,2535
S01008601,2533,123,2410
S01008602,555,92,463
S01008603,1029,96,933
S01008604,1144,92,1052
S01008605,921,62,859
S01008606,1052,99,953
S01008607,630,96,534
S01008608,848,169,679
S01008609,1165,272,893
S01008610,1235,184,1051
S01008611,1421,110,1311
S01008612,779,93,686
S01008613,1039,114,925
S01008614,910,67,843
S01008615,951,114,837
S01008616,872,82,790
S01008617,967,51,916
S01008618,739,47,692
S01008619,520,41,479
S01008620,815,51,764
S01008621,881,39,842
S01008622,837,42,795
S01008623,1136,145,991
S01008624,879,231,648
S01008625,573,82,491
S01008626,1110,92,1018
S01008627,840,139,701
S01008628,787,125,662
S01008629,1077,223,854
S01008630,739,93,646
S01008631,910,106,804
S01008632,1275,328,947
S01008633,1238,215,1023
S01008634,727,73,654
S01008635,850,101,749
S01008636,950,136,814
S01008637,792,116,676
S01008638,1499,243,1256
S01008639,1299,125,1174
S01008640,1210,103,1107
S01008641,1130,113,1017
S01008642,1043,73,970
S01008643,1012,95,917
S01008644,680,88,592
S01008645,1035,68,967
S01008646,1251,120,1131
S01008647,715,60,655
S01008648,988,90,898
S01008649,1281,199,1082
S01008650,912,110,802
S01008651,1203,157,1046
S01008652,739,134,605
S01008653,684,105,579
S01008654,1189,144,1045
S01008655,922,96,826
S01008656,1446,202,1244
S01008657,1058,105,953
S01008658,1751,233,1518
S01008659,1210,104,1106
S01008660,1162,90,1072
S01008661,1289,172,1117
S01008662,1051,95,956
S01008663,1009,167,842
S01008664,1006,108,898
S01008665,1698,156,1542
S01008666,1066,69,997
S01008667,1499,121,1378
S01008668,1253,90,1163
S01008669,690,42,648
S01008670,1141,75,1066
S01008671,1188,99,1089
S01008672,686,83,603
S01008673,1158,118,1040
S01008674,1037,92,945
S01008675,889,153,736
S01008676,966,73,893
S01008677,897,95,802
S01008678,1446,138,1308
S01008679,1355,224,1131
S01008680,948,127,821
S01008681,1096,206,890
S01008682,970,151,819
S01008683,2150,391,1759
S01008684,2919,282,2637
S01008685,883,194,689
S01008686,1258,282,976
S01008687,992,160,832
S01008688,1395,197,1198
S01008689,1190,206,984
S01008690,1078,149,929
S01008691,1293,162,1131
S01008692,1127,205,922
S01008693,591,120,471
S01008694,1436,172,1264
S01008695,1014,127,887
S01008696,675,77,598
S01008697,1059,165,894
S01008698,746,137,609
S01008699,1123,246,877
S01008700,747,149,598
S01008701,938,212,726
S01008702,815,159,656
S01008703,1410,346,1064
S01008704,1651,396,1255
S01008705,938,246,692
S01008706,1369,317,1052
S01008707,1311,354,957
S01008708,1031,307,724
S01008709,1048,254,794
S01008710,998,209,789
S01008711,784,205,579
S01008712,1253,451,802
S01008713,635,131,504
S01008714,656,173,483
S01008715,763,238,525
S01008716,694,185,509
S01008717,532,65,467
S01008718,625,157,468
S01008719,1145,196,949
S01008720,586,138,448
S01008721,809,89,720
S01008722,1058,240,818
S01008723,809,100,709
S01008724,1068,195,873
S01008725,752,113,639
S01008726,1169,149,1020
S01008727,1233,242,991
S01008728,654,109,545
S01008729,845,126,719
S01008730,1099,127,972
S01008731,514,139,375
S01008732,815,169,646
S01008733,869,132,737
S01008734,806,112,694
S01008735,1187,166,1021
S01008736,738,149,589
S01008737,801,155,646
S01008738,913,157,756
S01008739,559,86,473
S01008740,709,101,608
S01008741,1125,200,925
S01008742,731,181,550
S01008743,1107,225,882
S01008744,1058,225,833
S01008745,545,74,471
S01008746,1062,240,822
S01008747,575,135,440
S01008748,1063,182,881
S01008749,1186,219,967
S01008750,765,152,613
S01008751,1017,258,759
S01008752,976,296,680
S01008753,887,195,692
S01008754,866,202,664
S01008755,1001,205,796
S01008756,827,242,585
S01008757,784,268,516
S01008758,1002,290,712
S01008759,728,202,526
S01008760,1370,361,1009
S01008761,858,149,709
S01008762,551,98,453
S01008763,845,91,754
S01008764,714,108,606
S01008765,1270,163,1107
S01008766,1469,238,1231
S01008767,904,157,747
S01008768,2851,351,2500
S01008769,2294,210,2084
S01008770,2179,183,1996
S01008771,2179,183,1996
S01008772,1201,219,982
S01008773,1120,199,921
S01008774,901,162,739
S01008775,539,83,456
S01008776,1282,302,980
S01008777,1083,326,757
S01008778,990,110,880
S01008779,1100,167,933
S01008780,920,124,796
S01008781,1098,142,956
S01008782,999,157,842
S01008783,553,57,496
S01008784,779,101,678
S01008785,1066,217,849
S01008786,1197,166,1031
S01008787,690,119,571
S01008788,875,80,795
S01008789,654,203,451
S01008790,919,144,775
S01008791,978,109,869
S01008792,1001,185,816
S01008793,1102,273,829
S01008794,971,265,706
S01008795,1284,188,1096
S01008796,1182,218,964
S01008797,1048,158,890
S01008798,987,174,813
S01008799,783,100,683
S01008800,1205,172,1033
S01008801,854,101,753
S01008802,1241,163,1078
S01008803,1112,190,922
S01008804,929,236,693
S01008805,786,104,682
S01008806,1219,141,1078
S01008807,984,150,834
S01008808,663,101,562
S01008809,801,123,678
S01008810,1029,139,890
S01008811,844,79,765
S01008812,983,87,896
S01008813,1036,200,836
S01008814,1276,170,1106
S01008815,1287,197,1090
S01008816,523,91,432
S01008817,1192,173,1019
S01008818,1166,160,1006
S01008819,1117,207,910
S01008820,1538,287,1251
S01008821,787,73,714
S01008822,845,97,748
S01008823,959,203,756
S01008824,1274,165,1109
S01008825,619,88,531
S01008826,664,120,544
S01008827,1023,171,852
S01008828,1005,161,844
S01008829,1067,188,879
S01008830,1214,175,1039
S01008831,1044,156,888
S01008832,755,144,611
S01008833,1103,202,901
S01008834,1232,221,1011
S01008835,1037,208,829
S01008836,526,126,400
S01008837,1637,168,1469
S01008838,1009,126,883
S01008839,1188,136,1052
S01008840,1074,113,961
S01008841,1289,88,1201
S01008842,161,23,138
S01008843,991,81,910
S01008844,971,81,890
S01008845,853,57,796
S01008846,930,83,847
S01008847,840,51,789
S01008848,920,79,841
S01008849,1061,72,989
S01008850,1424,172,1252
S01008851,1199,202,997
S01008852,1232,119,1113
S01008853,680,42,638
S01008854,1012,75,937
S01008855,1156,117,1039
S01008856,718,68,650
S01008857,986,123,863
S01008858,1143,170,973
S01008859,1113,191,922
S01008860,1241,193,1048
S01008861,973,99,874
S01008862,1053,130,923
S01008863,795,87,708
S01008864,1516,159,1357
S01008865,1077,168,909
S01008866,1033,97,936
S01008867,961,95,866
S01008868,1121,70,1051
S01008869,1068,129,939
S01008870,1173,147,1026
S01008871,1318,103,1215
S01008872,1050,81,969
S01008873,809,70,739
S01008874,835,119,716
S01008875,1112,191,921
S01008876,807,193,614
S01008877,801,126,675
S01008878,1175,250,925
S01008879,817,150,667
S01008880,732,145,587
S01008881,640,122,518
S01008882,1289,222,1067
S01008883,1190,250,940
S01008884,823,126,697
S01008885,964,102,862
S01008886,1174,166,1008
S01008887,770,135,635
S01008888,1409,123,1286
S01008889,879,98,781
S01008890,833,139,694
S01008891,763,124,639
S01008892,1190,213,977
S01008893,1111,151,960
S01008894,1006,126,880
S01008895,863,189,674
S01008896,1089,178,911
S01008897,898,127,771
S01008898,1060,143,917
S01008899,843,219,624
S01008900,948,200,748
S01008901,1177,253,924
S01008902,1119,233,886
S01008903,1078,263,815
S01008904,1179,209,970
S01008905,1309,275,1034
S01008906,1006,217,789
S01008907,1142,226,916
S01008908,1119,208,911
S01008909,1095,183,912
S01008910,1787,162,1625
S01008911,1415,148,1267
S01008912,882,135,747
S01008913,525,67,458
S01008914,1106,257,849
S01008915,683,105,578
S01008916,1292,404,888
S01008917,690,173,517
S01008918,824,153,671
S01008919,674,179,495
S01008920,1430,147,1283
S01008921,1403,313,1090
S01008922,1187,256,931
S01008923,1299,232,1067
S01008924,2320,360,1960
S01008925,843,124,719
S01008926,1637,218,1419
S01008927,1174,154,1020
S01008928,813,202,611
S01008929,1400,411,989
S01008930,1131,272,859
S01008931,776,185,591
S01008932,1188,155,1033
S01008933,923,183,740
S01008934,865,144,721
S01008935,1086,171,915
S01008936,654,85,569
S01008937,831,155,676
S01008938,1045,164,881
S01008939,781,134,647
S01008940,787,122,665
S01008941,955,109,846
S01008942,1226,174,1052
S01008943,884,101,783
S01008944,1013,145,868
S01008945,1091,149,942
S01008946,912,131,781
S01008947,1141,179,962
S01008948,1028,242,786
S01008949,1379,280,1099
S01008950,1067,258,809
S01008951,1022,248,774
S01008952,1428,287,1141
S01008953,1142,271,871
S01008954,974,298,676
S01008955,878,114,764
S01008956,1250,207,1043
S01008957,1130,206,924
S01008958,821,185,636
S01008959,1022,178,844
S01008960,1021,84,937
S01008961,963,168,795
S01008962,616,99,517
S01008963,964,143,821
S01008964,740,121,619
S01008965,742,127,615
S01008966,907,144,763
S01008967,1148,191,957
S01008968,1135,162,973
S01008969,1088,193,895
S01008970,1144,140,1004
S01008971,697,70,627
S01008972,1539,310,1229
S01008973,812,204,608
S01008974,939,180,759
S01008975,903,271,632
S01008976,747,119,628
S01008977,835,120,715
S01008978,719,73,646
S01008979,853,75,778
S01008980,834,99,735
S01008981,808,150,658
S01008982,922,105,817
S01008983,844,108,736
S01008984,518,74,444
S01008985,794,122,672
S01008986,958,158,800
S01008987,1013,190,823
S01008988,1058,257,801
S01008989,1031,128,903
S01008990,1170,117,1053
S01008991,1220,120,1100
S01008992,440,82,358
S01008993,1284,172,1112
S01008994,1043,158,885
S01008995,1122,125,997
S01008996,703,153,550
S01008997,1088,167,921
S01008998,1197,172,1025
S01008999,970,214,756
S01009000,1117,190,927
S01009001,888,104,784
S01009002,941,129,812
S01009003,1035,126,909
S01009004,853,109,744
S01009005,1020,129,891
S01009006,1368,262,1106
S01009007,891,162,729
S01009008,916,176,740
S01009009,476,125,351
S01009010,1378,145,1233
S01009011,1195,98,1097
S01009012,875,99,776
S01009013,1036,118,918
S01009014,841,129,712
S01009015,643,104,539
S01009016,530,114,416
S01009017,721,138,583
S01009018,745,124,621
S01009019,886,167,719
S01009020,1027,174,853
S01009021,731,149,582
S01009022,888,167,721
S01009023,936,212,724
S01009024,1246,290,956
S01009025,918,197,721
S01009026,1108,251,857
S01009027,884,197,687
S01009028,620,145,475
S01009029,835,212,623
S01009030,1028,233,795
S01009031,761,172,589
S01009032,660,150,510
S01009033,895,204,691
S01009034,709,152,557
S01009035,930,179,751
S01009036,1074,181,893
S01009037,1025,145,880
S01009038,1090,176,914
S01009039,939,165,774
S01009040,833,209,624
S01009041,1139,273,866
S01009042,849,182,667
S01009043,1215,262,953
S01009044,1060,311,749
S01009045,1105,235,870
S01009046,872,176,696
S01009047,805,136,669
S01009048,837,151,686
S01009049,780,158,622
S01009050,992,195,797
S01009051,1101,213,888
S01009052,914,174,740
S01009053,532,136,396
S01009054,700,155,545
S01009055,807,147,660
S01009056,554,153,401
S01009057,732,157,575
S01009058,1029,254,775
S01009059,901,139,762
S01009060,1214,221,993
S01009061,941,178,763
S01009062,849,200,649
S01009063,733,109,624
S01009064,691,122,569
S01009065,1699,318,1381
S01009066,693,154,539
S01009067,645,89,556
S01009068,895,179,716
S01009069,882,113,769
S01009070,927,149,778
S01009071,658,137,521
S01009072,1355,156,1199
S01009073,848,234,614
S01009074,1025,253,772
S01009075,694,156,538
S01009076,1126,179,947
S01009077,949,123,826
S01009078,565,76,489
S01009079,1352,332,1020
S01009080,2007,424,1583
S01009081,1505,301,1204
S01009082,1708,321,1387
S01009083,774,179,595
S01009084,4234,534,3700
S01009085,1352,182,1170
S01009086,1781,264,1517
S01009087,1637,239,1398
S01009088,1220,209,1011
S01009089,839,74,765
S01009090,462,33,429
S01009091,1887,159,1728
S01009092,1047,245,802
S01009093,1014,184,830
S01009094,878,147,731
S01009095,1323,341,982
S01009096,1129,211,918
S01009097,1834,249,1585
S01009098,527,91,436
S01009099,807,191,616
S01009100,1224,311,913
S01009101,1045,250,795
S01009102,1086,216,870
S01009103,656,131,525
S01009104,775,176,599
S01009105,796,144,652
S01009106,791,175,616
S01009107,1277,178,1099
S01009108,874,129,745
S01009109,956,119,837
S01009110,805,188,617
S01009111,1056,160,896
S01009112,560,91,469
S01009113,632,106,526
S01009114,902,128,774
S01009115,979,180,799
S01009116,788,136,652
S01009117,765,152,613
S01009118,632,61,571
S01009119,917,205,712
S01009120,737,151,586
S01009121,1083,273,810
S01009122,1421,243,1178
S01009123,400,60,340
S01009124,992,135,857
S01009125,947,247,700
S01009126,805,203,602
S01009127,718,147,571
S01009128,941,302,639
S01009129,621,156,465
S01009130,733,122,611
S01009131,790,226,564
S01009132,962,144,818
S01009133,742,170,572
S01009134,1006,212,794
S01009135,565,65,500
S01009136,1170,183,987
S01009137,1510,198,1312
S01009138,1001,163,838
S01009139,578,117,461
S01009140,700,158,542
S01009141,636,200,436
S01009142,835,208,627
S01009143,600,187,413
S01009144,1435,194,1241
S01009145,1831,337,1494
S01009146,1210,265,945
S01009147,1639,275,1364
S01009148,762,163,599
S01009149,867,188,679
S01009150,747,425,322
S01009151,890,260,630
S01009152,841,278,563
S01009153,762,139,623
S01009154,972,228,744
S01009155,708,129,579
S01009156,1424,173,1251
S01009157,921,176,745
S01009158,848,168,680
S01009159,659,186,473
S01009160,674,208,466
S01009161,884,259,625
S01009162,709,200,509
S01009163,548,165,383
S01009164,974,230,744
S01009165,720,162,558
S01009166,959,267,692
S01009167,750,176,574
S01009168,1081,177,904
S01009169,890,326,564
S01009170,677,130,547
S01009171,1877,250,1627
S01009172,1036,126,910
S01009173,1471,138,1333
S01009174,93,6,87
S01009175,1784,116,1668
S01009176,1456,182,1274
S01009177,817,169,648
S01009178,845,163,682
S01009179,855,195,660
S01009180,984,230,754
S01009181,1450,241,1209
S01009182,1171,195,976
S01009183,1028,117,911
S01009184,1228,301,927
S01009185,1136,276,860
S01009186,979,180,799
S01009187,1121,153,968
S01009188,1390,254,1136
S01009189,1562,275,1287
S01009190,1557,170,1387
S01009191,801,44,757
S01009192,1345,144,1201
S01009193,734,132,602
S01009194,914,151,763
S01009195,1511,162,1349
S01009196,693,139,554
S01009197,2143,214,1929
S01009198,825,139,686
S01009199,858,140,718
S01009200,1387,211,1176
S01009201,679,120,559
S01009202,582,65,517
S01009203,633,189,444
S01009204,1106,227,879
S01009205,1145,140,1005
S01009206,1039,151,888
S01009207,875,144,731
S01009208,631,141,490
S01009209,1298,280,1018
S01009210,861,217,644
S01009211,749,120,629
S01009212,897,244,653
S01009213,894,239,655
S01009214,1237,251,986
S01009215,1099,248,851
S01009216,1086,255,831
S01009217,851,247,604
S01009218,1125,225,900
S01009219,736,175,561
S01009220,648,156,492
S01009221,634,139,495
S01009222,664,135,529
S01009223,556,135,421
S01009224,994,240,754
S01009225,749,197,552
S01009226,1201,324,877
S01009227,645,191,454
S01009228,772,195,577
S01009229,917,199,718
S01009230,890,164,726
S01009231,958,191,767
S01009232,684,155,529
S01009233,763,178,585
S01009234,1193,256,937
S01009235,921,193,728
S01009236,720,186,534
S01009237,747,156,591
S01009238,1010,206,804
S01009239,867,176,691
S01009240,672,161,511
S01009241,895,215,680
S01009242,886,155,731
S01009243,1187,224,963
S01009244,814,120,694
S01009245,830,150,680
S01009246,1033,237,796
S01009247,1224,255,969
S01009248,688,131,557
S01009249,1108,246,862
S01009250,770,161,609
S01009251,553,96,457
S01009252,478,29,449
S01009253,733,209,524
S01009254,951,246,705
S01009255,769,156,613
S01009256,634,151,483
S01009257,684,142,542
S01009258,1552,222,1330
S01009259,1080,167,913
S01009260,2083,302,1781
S01009261,795,196,599
S01009262,849,206,643
S01009263,1224,178,1046
S01009264,778,135,643
S01009265,791,161,630
S01009266,1098,252,846
S01009267,840,194,646
S01009268,1002,202,800
S01009269,1607,331,1276
S01009270,735,196,539
S01009271,885,137,748
S01009272,896,183,713
S01009273,922,226,696
S01009274,910,247,663
S01009275,665,185,480
S01009276,1029,183,846
S01009277,756,105,651
S01009278,836,149,687
S01009279,1089,209,880
S01009280,898,260,638
S01009281,933,280,653
S01009282,1358,264,1094
S01009283,602,89,513
S01009284,822,106,716
S01009285,906,108,798
S01009286,975,160,815
S01009287,846,159,687
S01009288,969,187,782
S01009289,871,169,702
S01009290,646,116,530
S01009291,1185,193,992
S01009292,511,132,379
S01009293,1000,161,839
S01009294,993,111,882
S01009295,710,106,604
S01009296,991,154,837
S01009297,1622,241,1381
S01009298,1238,337,901
S01009299,1124,185,939
S01009300,605,114,491
S01009301,1057,252,805
S01009302,903,205,698
S01009303,787,184,603
S01009304,1191,219,972
S01009305,1015,251,764
S01009306,1314,222,1092
S01009307,1302,254,1048
S01009308,1120,178,942
S01009309,734,113,621
S01009310,932,176,756
S01009311,1009,262,747
S01009312,991,142,849
S01009313,666,175,491
S01009314,907,133,774
S01009315,703,192,511
S01009316,947,104,843
S01009317,910,147,763
S01009318,951,111,840
S01009319,981,197,784
S01009320,965,218,747
S01009321,1099,155,944
S01009322,864,174,690
S01009323,1402,267,1135
S01009324,590,136,454
S01009325,978,141,837
S01009326,575,170,405
S01009327,655,175,480
S01009328,1256,71,1185
S01009330,130,57,73
S01009331,1321,72,1249
S01009332,857,168,689
S01009333,893,179,714
S01009334,636,149,487
S01009335,772,187,585
S01009336,658,161,497
S01009337,938,217,721
S01009338,1981,294,1687
S01009339,1139,265,874
S01009340,872,188,684
S01009341,939,239,700
S01009342,853,168,685
S01009343,574,90,484
S01009344,763,184,579
S01009345,1214,177,1037
S01009346,6248,405,5843
S01009347,6415,447,5968
S01009348,6345,431,5914
S01009349,1037,54,983
S01009350,177,22,155
S01009351,97,26,71
S01009352,75,6,69
S01009353,6695,438,6257
S01009354,7285,459,6826
S01009355,1021,152,869
S01009356,963,170,793
S01009357,678,68,610
S01009358,455,51,404
S01009359,1243,78,1165
S01009360,835,143,692
S01009361,856,151,705
S01009362,1176,166,1010
S01009363,952,194,758
S01009364,860,138,722
S01009365,825,157,668
S01009366,881,222,659
S01009367,749,132,617
S01009368,1028,127,901
S01009369,961,212,749
S01009370,838,202,636
S01009371,526,106,420
S01009372,642,109,533
S01009373,958,224,734
S01009374,993,251,742
S01009375,797,177,620
S01009376,867,222,645
S01009377,1284,145,1139
S01009378,1261,206,1055
S01009379,981,92,889
S01009380,743,106,637
S01009381,724,125,599
S01009382,1386,364,1022
S01009383,994,199,795
S01009384,564,95,469
S01009385,738,135,603
S01009386,1155,222,933
S01009387,949,155,794
S01009388,1232,204,1028
S01009389,986,201,785
S01009390,777,61,716
S01009391,873,56,817
S01009392,578,70,508
S01009393,950,118,832
S01009394,943,185,758
S01009395,1040,169,871
S01009396,736,110,626
S01009397,703,104,599
S01009398,1209,207,1002
S01009399,1004,156,848
S01009400,920,186,734
S01009401,953,168,785
S01009402,809,150,659
S01009403,751,112,639
S01009404,609,136,473
S01009405,749,135,614
S01009406,974,259,715
S01009407,508,114,394
S01009408,842,126,716
S01009409,782,193,589
S01009410,877,174,703
S01009411,1368,298,1070
S01009412,848,214,634
S01009413,1267,284,983
S01009414,802,161,641
S01009415,1190,324,866
S01009416,610,102,508
S01009417,1474,199,1275
S01009418,1327,341,986
S01009419,2054,323,1731
S01009420,763,168,595
S01009421,722,148,574
S01009422,2191,370,1821
S01009423,1337,170,1167
S01009424,723,219,504
S01009425,840,218,622
S01009426,1029,306,723
S01009427,608,187,421
S01009428,699,239,460
S01009429,827,272,555
S01009430,737,191,546
S01009431,2056,370,1686
S01009432,1101,279,822
S01009433,826,202,624
S01009434,543,160,383
S01009435,998,256,742
S01009436,828,198,630
S01009437,936,243,693
S01009438,1144,315,829
S01009439,1132,309,823
S01009440,887,248,639
S01009441,938,210,728
S01009442,1303,226,1077
S01009443,2808,387,2421
S01009444,893,174,719
S01009445,1068,274,794
S01009446,1603,389,1214
S01009447,764,194,570
S01009448,720,200,520
S01009449,678,166,512
S01009450,676,183,493
S01009451,1276,333,943
S01009452,828,270,558
S01009453,1046,343,703
S01009454,1115,161,954
S01009455,1384,255,1129
S01009456,852,227,625
S01009457,785,177,608
S01009458,687,167,520
S01009459,1092,245,847
S01009460,856,175,681
S01009461,778,85,693
S01009462,1285,183,1102
S01009463,1050,212,838
S01009464,842,138,704
S01009465,1299,164,1135
S01009466,800,146,654
S01009467,864,167,697
S01009468,748,205,543
S01009469,812,164,648
S01009470,1649,218,1431
S01009471,659,263,396
S01009472,1204,228,976
S01009473,1041,248,793
S01009474,900,148,752
S01009475,276,31,245
S01009476,1346,125,1221
S01009477,1096,276,820
S01009478,964,174,790
S01009479,1063,276,787
S01009480,1155,242,913
S01009481,922,189,733
S01009482,642,143,499
S01009483,724,84,640
S01009484,1213,314,899
S01009485,786,204,582
S01009486,799,176,623
S01009487,1179,300,879
S01009488,971,166,805
S01009489,877,253,624
S01009490,853,209,644
S01009491,698,223,475
S01009492,881,190,691
S01009493,1983,277,1706
S01009494,1224,155,1069
S01009495,871,97,774
S01009496,785,179,606
S01009497,1136,210,926
S01009498,643,117,526
S01009499,796,169,627
S01009500,857,212,645
S01009501,783,217,566
S01009502,971,224,747
S01009503,976,202,774
S01009504,840,183,657
S01009505,951,214,737
S01009506,1133,323,810
S01009507,1122,183,939
S01009508,1197,246,951
S01009509,1100,225,875
S01009510,808,141,667
S01009511,906,165,741
S01009512,996,132,864
S01009513,913,194,719
S01009514,846,111,735
S01009515,833,221,612
S01009516,1147,326,821
S01009517,81,21,60
S01009518,2193,216,1977
S01009519,899,211,688
S01009520,2932,336,2596
S01009521,985,269,716
S01009522,1271,249,1022
S01009523,754,201,553
S01009524,862,210,652
S01009525,532,123,409
S01009526,650,90,560
S01009527,850,168,682
S01009528,798,244,554
S01009529,1083,247,836
S01009530,918,198,720
S01009531,917,247,670
S01009532,975,320,655
S01009533,933,257,676
S01009534,856,212,644
S01009535,898,236,662
S01009536,559,115,444
S01009537,599,146,453
S01009538,1021,315,706
S01009539,980,260,720
S01009540,969,226,743
S01009541,1239,277,962
S01009542,1073,231,842
S01009543,935,230,705
S01009544,1019,244,775
S01009545,1114,199,915
S01009546,746,185,561
S01009547,979,231,748
S01009548,1027,203,824
S01009549,1312,231,1081
S01009550,569,100,469
S01009551,675,117,558
S01009552,1774,339,1435
S01009553,1051,247,804
S01009554,819,194,625
S01009555,883,176,707
S01009556,918,182,736
S01009557,960,190,770
S01009558,673,147,526
S01009559,1220,255,965
S01009560,814,198,616
S01009561,634,150,484
S01009562,1121,238,883
S01009563,931,224,707
S01009564,681,159,522
S01009565,588,121,467
S01009566,1700,239,1461
S01009567,959,184,775
S01009568,882,202,680
S01009569,1019,235,784
S01009570,669,155,514
S01009571,769,170,599
S01009572,1030,261,769
S01009573,743,198,545
S01009574,1493,360,1133
S01009575,827,223,604
S01009576,1370,154,1216
S01009577,878,168,710
S01009578,1064,236,828
S01009579,284,67,217
S01009580,1161,139,1022
S01009581,758,172,586
S01009582,592,108,484
S01009583,812,146,666
S01009584,537,89,448
S01009585,1216,235,981
S01009586,1103,304,799
S01009587,997,368,629
S01009588,1062,328,734
S01009589,1169,241,928
S01009590,898,150,748
S01009591,906,141,765
S01009592,1088,191,897
S01009593,690,97,593
S01009594,623,71,552
S01009595,824,106,718
S01009596,1014,183,831
S01009597,1117,228,889
S01009598,721,174,547
S01009599,1177,257,920
S01009600,996,255,741
S01009601,884,164,720
S01009602,770,93,677
S01009603,696,169,527
S01009604,689,176,513
S01009605,961,222,739
S01009606,823,125,698
S01009607,528,69,459
S01009608,606,120,486
S01009609,1084,196,888
S01009610,1054,251,803
S01009611,432,65,367
S01009612,597,135,462
S01009613,684,120,564
S01009614,649,124,525
S01009615,641,146,495
S01009616,1713,281,1432
S01009617,784,143,641
S01009618,953,259,694
S01009619,732,233,499
S01009620,934,275,659
S01009621,777,220,557
S01009622,836,232,604
S01009623,742,178,564
S01009624,876,250,626
S01009625,1672,284,1388
S01009626,838,238,600
S01009627,944,238,706
S01009628,620,266,354
S01009629,1666,279,1387
S01009630,811,207,604
S01009631,754,238,516
S01009632,667,198,469
S01009633,756,174,582
S01009634,761,275,486
S01009635,1209,272,937
S01009636,904,221,683
S01009637,952,256,696
S01009638,781,203,578
S01009639,1025,247,778
S01009640,845,231,614
S01009641,861,265,596
S01009642,1014,219,795
S01009643,837,104,733
S01009644,562,156,406
S01009645,879,216,663
S01009646,730,164,566
S01009647,595,185,410
S01009648,1280,320,960
S01009649,1486,334,1152
S01009650,773,181,592
S01009651,918,223,695
S01009652,1090,257,833
S01009653,781,144,637
S01009654,583,122,461
S01009655,986,239,747
S01009656,811,284,527
S01009657,951,208,743
S01009658,1193,271,922
S01009659,607,155,452
S01009660,1052,237,815
S01009661,1812,271,1541
S01009662,885,151,734
S01009663,775,141,634
S01009664,1125,163,962
S01009665,1366,249,1117
S01009666,1170,258,912
S01009667,523,79,444
S01009668,589,70,519
S01009669,590,129,461
S01009670,777,151,626
S01009671,924,146,778
S01009672,1252,259,993
S01009673,895,197,698
S01009674,1140,188,952
S01009675,882,157,725
S01009676,1366,248,1118
S01009677,782,126,656
S01009678,591,118,473
S01009679,1170,260,910
S01009680,1278,253,1025
S01009681,796,245,551
S01009682,856,153,703
S01009683,865,212,653
S01009684,1466,211,1255
S01009685,1104,311,793
S01009686,1355,250,1105
S01009687,1039,185,854
S01009688,1216,246,970
S01009689,605,131,474
S01009690,793,155,638
S01009691,760,127,633
S01009692,1236,287,949
S01009693,900,163,737
S01009694,1197,275,922
S01009695,967,172,795
S01009696,1019,190,829
S01009697,798,159,639
S01009698,697,119,578
S01009699,562,129,433
S01009700,649,137,512
S01009701,767,187,580
S01009702,631,107,524
S01009703,834,201,633
S01009704,1068,173,895
S01009705,732,184,548
S01009706,804,148,656
S01009707,477,84,393
S01009708,752,181,571
S01009709,796,178,618
S01009710,660,107,553
S01009711,997,268,729
S01009712,663,166,497
S01009713,890,201,689
S01009714,922,201,721
S01009715,638,124,514
S01009716,1242,214,1028
S01009717,1511,210,1301
S01009718,908,160,748
S01009719,960,186,774
S01009720,872,179,693
S01009721,668,53,615
S01009722,1134,116,1018
S01009723,1057,121,936
S01009724,1093,199,894
S01009725,1063,133,930
S01009726,1042,83,959
S01009727,1596,236,1360
S01009728,727,105,622
S01009729,936,155,781
S01009730,1716,296,1420
S01009731,971,194,777
S01009732,3142,297,2845
S01009733,696,107,589
S01009734,1829,204,1625
S01009735,1314,164,1150
S01009736,3181,246,2935
S01009737,782,116,666
S01009738,420,64,356
S01009739,764,65,699
S01009740,770,166,604
S01009741,946,65,881
S01009742,495,66,429
S01009743,1186,183,1003
S01009744,829,131,698
S01009745,1168,172,996
S01009746,802,126,676
S01009747,989,201,788
S01009748,703,124,579
S01009749,954,175,779
S01009750,752,156,596
S01009751,1046,202,844
S01009752,888,125,763
S01009753,854,181,673
S01009754,1548,325,1223
S01009755,673,116,557
S01009756,879,109,770
S01009757,804,111,693
S01009758,1018,240,778
S01009759,1183,220,963
S01009760,1113,267,846
S01009761,2442,268,2174
S01009762,1058,246,812
S01009763,432,41,391
S01009764,1201,264,937
S01009765,1128,259,869
S01009766,836,100,736
S01009767,2253,318,1935
S01009768,786,126,660
S01009769,1472,303,1169
S01009770,830,118,712
S01009771,888,114,774
S01009772,2167,204,1963
S01009773,161,24,137
S01009774,97,5,92
S01009775,802,282,520
S01009776,1191,321,870
S01009777,590,158,432
S01009778,1079,416,663
S01009779,810,272,538
S01009780,1331,277,1054
S01009781,799,254,545
S01009782,1067,182,885
S01009783,741,167,574
S01009784,951,283,668
S01009785,1096,340,756
S01009786,1134,292,842
S01009787,867,289,578
S01009788,1201,402,799
S01009789,1145,337,808
S01009790,981,275,706
S01009791,775,206,569
S01009792,423,67,356
S01009793,943,209,734
S01009794,483,49,434
S01009795,990,107,883
S01009796,1903,331,1572
S01009797,928,130,798
S01009798,1025,146,879
S01009799,1467,383,1084
S01009800,1233,321,912
S01009801,1255,316,939
S01009802,1022,213,809
S01009803,1132,275,857
S01009804,1650,253,1397
S01009805,962,231,731
S01009806,1201,383,818
S01009807,920,196,724
S01009808,1421,366,1055
S01009809,1037,231,806
S01009810,977,262,715
S01009811,1264,445,819
S01009812,856,249,607
S01009813,1102,317,785
S01009814,1118,288,830
S01009815,998,199,799
S01009816,1097,195,902
S01009817,837,230,607
S01009818,926,207,719
S01009819,1011,248,763
S01009820,958,245,713
S01009821,755,125,630
S01009822,802,171,631
S01009823,1068,351,717
S01009824,1132,247,885
S01009825,1300,362,938
S01009826,774,207,567
S01009827,854,238,616
S01009828,1264,387,877
S01009829,1137,242,895
S01009830,918,185,733
S01009831,1164,185,979
S01009832,1085,261,824
S01009833,624,141,483
S01009834,1187,251,936
S01009835,608,187,421
S01009836,961,246,715
S01009837,1024,347,677
S01009838,757,209,548
S01009839,1062,232,830
S01009840,965,342,623
S01009841,1163,314,849
S01009842,960,241,719
S01009843,745,239,506
S01009844,704,212,492
S01009845,1299,334,965
S01009846,983,241,742
S01009847,754,171,583
S01009848,866,255,611
S01009849,1005,365,640
S01009850,984,311,673
S01009851,1052,363,689
S01009852,608,177,431
S01009853,939,243,696
S01009854,982,193,789
S01009855,754,191,563
S01009856,635,191,444
S01009857,907,251,656
S01009858,987,265,722
S01009859,1109,344,765
S01009860,1085,310,775
S01009861,1484,423,1061
S01009862,1109,346,763
S01009863,969,218,751
S01009864,820,255,565
S01009865,549,133,416
S01009866,1002,260,742
S01009867,1201,238,963
S01009868,1104,195,909
S01009869,846,89,757
S01009870,889,237,652
S01009871,984,317,667
S01009872,818,118,700
S01009873,913,234,679
S01009874,1048,237,811
S01009875,896,183,713
S01009876,1091,256,835
S01009877,896,188,708
S01009878,705,128,577
S01009879,1025,135,890
S01009880,1169,214,955
S01009881,921,119,802
S01009882,1439,155,1284
S01009883,1226,142,1084
S01009884,996,147,849
S01009885,899,172,727
S01009886,813,157,656
S01009887,1147,208,939
S01009888,809,123,686
S01009889,1146,257,889
S01009890,753,205,548
S01009891,734,176,558
S01009892,1159,321,838
S01009893,976,145,831
S01009894,991,301,690
S01009895,888,267,621
S01009896,1229,388,841
S01009897,1245,301,944
S01009898,982,319,663
S01009899,1020,208,812
S01009900,1161,142,1019
S01009901,1054,137,917
S01009902,1111,322,789
S01009903,1040,164,876
S01009904,784,137,647
S01009905,749,73,676
S01009906,667,74,593
S01009907,1239,227,1012
S01009908,1320,168,1152
S01009909,899,121,778
S01009910,857,85,772
S01009911,1235,224,1011
S01009912,1073,218,855
S01009913,980,115,865
S01009914,984,130,854
S01009915,861,133,728
S01009916,1257,221,1036
S01009917,858,133,725
S01009918,889,128,761
S01009919,1194,218,976
S01009920,1087,185,902
S01009921,753,96,657
S01009922,1260,164,1096
S01009923,955,147,808
S01009924,1099,189,910
S01009925,1170,150,1020
S01009926,997,149,848
S01009927,614,116,498
S01009928,914,181,733
S01009929,562,85,477
S01009930,1034,143,891
S01009931,856,79,777
S01009932,1030,144,886
S01009933,1651,362,1289
S01009934,1446,214,1232
S01009935,714,292,422
S01009936,1119,283,836
S01009937,781,255,526
S01009938,1004,343,661
S01009939,1185,292,893
S01009940,837,284,553
S01009941,1261,210,1051
S01009942,1148,306,842
S01009943,1266,362,904
S01009944,1089,252,837
S01009945,1065,282,783
S01009946,984,255,729
S01009947,863,200,663
S01009948,1260,282,978
S01009949,963,196,767
S01009950,727,80,647
S01009951,858,90,768
S01009952,1080,194,886
S01009953,1319,214,1105
S01009954,725,119,606
S01009955,1150,258,892
S01009956,862,215,647
S01009957,1291,165,1126
S01009958,1162,152,1010
S01009959,913,136,777
S01009960,1337,231,1106
S01009961,674,161,513
S01009962,1062,191,871
S01009963,1135,198,937
S01009964,1253,234,1019
S01009965,923,174,749
S01009966,1164,219,945
S01009967,984,178,806
S01009968,608,122,486
S01009969,1358,302,1056
S01009970,1064,320,744
S01009971,1582,416,1166
S01009972,937,238,699
S01009973,829,171,658
S01009974,916,315,601
S01009975,908,336,572
S01009976,782,235,547
S01009977,1099,473,626
S01009978,1343,450,893
S01009979,1048,410,638
S01009980,707,301,406
S01009981,984,297,687
S01009982,1030,201,829
S01009983,663,186,477
S01009984,1048,224,824
S01009985,615,137,478
S01009986,699,240,459
S01009987,880,304,576
S01009988,665,272,393
S01009989,1022,202,820
S01009990,975,188,787
S01009991,1042,149,893
S01009992,945,337,608
S01009993,826,127,699
S01009994,725,108,617
S01009995,653,97,556
S01009996,918,171,747
S01009997,648,98,550
S01009998,934,168,766
S01009999,886,151,735
S01010000,860,122,738
S01010001,798,133,665
S01010002,1343,226,1117
S01010003,969,137,832
S01010004,924,164,760
S01010005,963,238,725
S01010006,1261,253,1008
S01010007,959,135,824
S01010008,765,113,652
S01010009,640,111,529
S01010010,1466,245,1221
S01010011,828,240,588
S01010012,1511,212,1299
S01010013,970,187,783
S01010014,1278,232,1046
S01010015,1038,113,925
S01010016,724,224,500
S01010017,968,257,711
S01010018,1180,352,828
S01010019,1164,392,772
S01010020,993,275,718
S01010021,806,219,587
S01010022,1040,313,727
S01010023,1409,504,905
S01010024,806,200,606
S01010025,891,243,648
S01010026,1788,470,1318
S01010027,1894,335,1559
S01010028,763,256,507
S01010029,535,201,334
S01010030,950,190,760
S01010031,1039,78,961
S01010032,1550,187,1363
S01010033,1132,248,884
S01010034,1422,366,1056
S01010035,973,236,737
S01010036,1588,97,1491
S01010037,1022,364,658
S01010038,1382,400,982
S01010039,1033,94,939
S01010040,907,190,717
S01010041,994,179,815
S01010042,1448,231,1217
S01010043,1034,284,750
S01010044,1450,426,1024
S01010045,824,303,521
S01010046,1130,365,765
S01010047,1083,423,660
S01010048,1370,503,867
S01010049,1078,339,739
S01010050,993,348,645
S01010051,808,300,508
S01010052,648,201,447
S01010053,859,211,648
S01010054,764,236,528
S01010055,1342,432,910
S01010056,599,156,443
S01010057,553,123,430
S01010058,996,251,745
S01010059,759,167,592
S01010060,986,291,695
S01010061,822,176,646
S01010062,807,226,581
S01010063,1132,346,786
S01010064,773,207,566
S01010065,839,297,542
S01010066,753,242,511
S01010067,1066,286,780
S01010068,742,222,520
S01010069,1082,239,843
S01010070,665,97,568
S01010071,925,274,651
S01010072,1097,317,780
S01010073,1023,279,744
S01010074,1128,285,843
S01010075,781,289,492
S01010076,859,240,619
S01010077,719,244,475
S01010078,692,121,571
S01010079,923,191,732
S01010080,803,151,652
S01010081,1104,238,866
S01010082,860,164,696
S01010083,1035,289,746
S01010084,1110,371,739
S01010085,1093,253,840
S01010086,1027,352,675
S01010087,573,131,442
S01010088,1545,139,1406
S01010089,1074,271,803
S01010090,1169,227,942
S01010091,1813,203,1610
S01010092,1144,400,744
S01010093,951,193,758
S01010094,1191,264,927
S01010095,1218,177,1041
S01010096,927,171,756
S01010097,735,147,588
S01010098,727,138,589
S01010099,948,176,772
S01010100,886,217,669
S01010101,1080,246,834
S01010102,742,87,655
S01010103,888,93,795
S01010104,1039,118,921
S01010105,803,254,549
S01010106,629,168,461
S01010107,1016,224,792
S01010108,733,232,501
S01010109,2300,394,1906
S01010110,1066,373,693
S01010111,1163,336,827
S01010112,1139,334,805
S01010113,551,149,402
S01010114,873,297,576
S01010115,632,114,518
S01010116,1428,230,1198
S01010117,1442,124,1318
S01010118,850,239,611
S01010119,543,110,433
S01010120,1045,292,753
S01010121,802,215,587
S01010122,547,221,326
S01010123,733,177,556
S01010124,723,116,607
S01010125,932,237,695
S01010126,657,133,524
S01010127,694,252,442
S01010128,758,211,547
S01010129,1039,293,746
S01010130,978,272,706
S01010131,1144,315,829
S01010132,1142,366,776
S01010133,924,387,537
S01010134,1244,395,849
S01010135,1166,472,694
S01010136,1076,305,771
S01010137,1297,480,817
S01010138,994,423,571
S01010139,1229,397,832
S01010140,989,208,781
S01010141,1065,375,690
S01010142,644,176,468
S01010143,829,306,523
S01010144,700,152,548
S01010145,778,204,574
S01010146,1267,334,933
S01010147,1136,333,803
S01010148,1420,429,991
S01010149,780,225,555
S01010150,870,392,478
S01010151,940,385,555
S01010152,954,269,685
S01010153,1043,393,650
S01010154,962,416,546
S01010155,821,331,490
S01010156,1064,379,685
S01010157,981,329,652
S01010158,913,314,599
S01010159,735,289,446
S01010160,822,208,614
S01010161,893,203,690
S01010162,1079,340,739
S01010163,1301,366,935
S01010164,888,289,599
S01010165,627,185,442
S01010166,1498,371,1127
S01010167,911,329,582
S01010168,616,145,471
S01010169,890,211,679
S01010170,858,257,601
S01010171,1613,372,1241
S01010172,769,303,466
S01010173,1108,337,771
S01010174,1540,451,1089
S01010175,480,134,346
S01010176,977,321,656
S01010177,776,188,588
S01010178,1103,258,845
S01010179,1655,472,1183
S01010180,923,201,722
S01010181,1057,337,720
S01010182,1107,246,861
S01010183,1528,320,1208
S01010184,630,181,449
S01010185,733,223,510
S01010186,647,107,540
S01010187,789,161,628
S01010188,1909,303,1606
S01010189,976,81,895
S01010190,272,104,168
S01010191,736,67,669
S01010192,1050,107,943
S01010193,907,212,695
S01010194,689,230,459
S01010195,1021,309,712
S01010196,820,256,564
S01010197,757,230,527
S01010198,1131,385,746
S01010199,693,180,513
S01010200,690,221,469
S01010201,928,229,699
S01010202,783,178,605
S01010203,729,127,602
S01010204,1190,322,868
S01010205,658,191,467
S01010206,497,63,434
S01010207,859,185,674
S01010208,1049,261,788
S01010209,1038,308,730
S01010210,1076,303,773
S01010211,916,313,603
S01010212,1262,400,862
S01010213,1112,375,737
S01010214,967,222,745
S01010215,1057,364,693
S01010216,1039,360,679
S01010217,1001,288,713
S01010218,1282,290,992
S01010219,767,162,605
S01010220,573,62,511
S01010221,655,245,410
S01010222,713,170,543
S01010223,655,221,434
S01010224,1364,430,934
S01010225,931,209,722
S01010226,792,203,589
S01010227,921,198,723
S01010228,695,304,391
S01010229,1087,295,792
S01010230,1431,339,1092
S01010231,1013,269,744
S01010232,880,193,687
S01010233,1567,368,1199
S01010234,1069,213,856
S01010235,884,140,744
S01010236,736,126,610
S01010237,1007,178,829
S01010238,1051,172,879
S01010239,1026,316,710
S01010240,1111,263,848
S01010241,1019,277,742
S01010242,1180,307,873
S01010243,1392,342,1050
S01010244,1006,306,700
S01010245,1122,401,721
S01010246,1162,287,875
S01010247,952,241,711
S01010248,959,125,834
S01010249,976,133,843
S01010250,1114,111,1003
S01010251,780,54,726
S01010252,754,91,663
S01010253,759,212,547
S01010254,1159,325,834
S01010255,1269,409,860
S01010256,1070,290,780
S01010257,2783,163,2620
S01010258,2329,162,2167
S01010259,1679,313,1366
S01010260,1682,134,1548
S01010261,2972,384,2588
S01010262,1221,431,790
S01010263,841,64,777
S01010264,1287,155,1132
S01010265,1296,52,1244
S01010266,934,100,834
S01010267,893,52,841
S01010268,965,127,838
S01010269,969,219,750
S01010270,1474,559,915
S01010271,931,117,814
S01010272,1283,286,997
S01010273,1107,78,1029
S01010274,677,55,622
S01010275,1410,115,1295
S01010276,993,64,929
S01010277,610,168,442
S01010278,1357,312,1045
S01010279,835,127,708
S01010280,878,98,780
S01010281,779,64,715
S01010282,1246,236,1010
S01010283,874,80,794
S01010284,1711,182,1529
S01010285,1151,118,1033
S01010286,2387,190,2197
S01010287,1323,107,1216
S01010288,1201,90,1111
S01010289,771,40,731
S01010290,857,128,729
S01010291,1149,157,992
S01010292,1197,106,1091
S01010293,926,122,804
S01010294,1025,104,921
S01010295,974,94,880
S01010296,894,117,777
S01010297,964,230,734
S01010298,966,291,675
S01010299,608,197,411
S01010300,1473,313,1160
S01010301,522,45,477
S01010302,846,249,597
S01010303,683,133,550
S01010304,732,227,505
S01010305,1155,287,868
S01010306,828,110,718
S01010307,892,88,804
S01010308,975,95,880
S01010309,615,226,389
S01010310,864,213,651
S01010311,1081,362,719
S01010312,1028,342,686
S01010313,1498,458,1040
S01010314,1451,393,1058
S01010315,1078,207,871
S01010316,1030,213,817
S01010317,1350,199,1151
S01010318,1753,161,1592
S01010319,1045,226,819
S01010320,783,174,609
S01010321,1172,336,836
S01010322,1374,151,1223
S01010323,735,276,459
S01010324,940,350,590
S01010325,1018,413,605
S01010326,1410,378,1032
S01010327,1352,355,997
S01010328,1137,364,773
S01010329,492,185,307
S01010330,725,216,509
S01010331,1283,484,799
S01010332,1046,330,716
S01010333,962,280,682
S01010334,1276,318,958
S01010335,1148,373,775
S01010336,1212,279,933
S01010337,852,285,567
S01010338,884,274,610
S01010339,936,260,676
S01010340,853,202,651
S01010341,812,163,649
S01010342,829,166,663
S01010343,1427,169,1258
S01010344,929,316,613
S01010345,652,89,563
S01010346,1157,259,898
S01010347,1125,223,902
S01010348,1076,282,794
S01010349,1137,315,822
S01010350,1362,336,1026
S01010351,1038,214,824
S01010352,803,194,609
S01010353,1070,344,726
S01010354,733,219,514
S01010355,1203,334,869
S01010356,724,126,598
S01010357,670,216,454
S01010358,902,316,586
S01010359,1237,497,740
S01010360,567,153,414
S01010361,535,165,370
S01010362,970,275,695
S01010363,758,122,636
S01010364,1181,178,1003
S01010365,1202,177,1025
S01010366,1401,224,1177
S01010367,1743,145,1598
S01010368,922,178,744
S01010369,825,106,719
S01010370,725,56,669
S01010371,1231,104,1127
S01010372,936,106,830
S01010373,761,102,659
S01010374,1015,93,922
S01010375,896,76,820
S01010376,1019,94,925
S01010377,1082,90,992
S01010378,954,57,897
S01010379,1545,134,1411
S01010380,1115,132,983
S01010381,1123,157,966
S01010382,958,121,837
S01010383,864,210,654
S01010384,1382,224,1158
S01010385,979,170,809
S01010386,1250,265,985
S01010387,1734,289,1445
S01010388,1103,250,853
S01010389,1777,111,1666
S01010390,1303,186,1117
S01010391,2917,278,2639
S01010392,2000,171,1829
S01010393,1628,281,1347
S01010394,936,290,646
S01010395,1144,214,930
S01010396,1033,195,838
S01010397,905,100,805
S01010398,1090,136,954
S01010399,1668,125,1543
S01010400,1101,124,977
S01010401,825,129,696
S01010402,1173,129,1044
S01010403,1158,145,1013
S01010404,1222,142,1080
S01010405,996,111,885
S01010406,962,107,855
S01010407,1256,89,1167
S01010408,695,142,553
S01010409,1350,178,1172
S01010410,595,63,532
S01010411,1539,135,1404
S01010412,966,164,802
S01010413,949,196,753
S01010414,1231,205,1026
S01010415,1173,357,816
S01010416,914,199,715
S01010417,580,91,489
S01010418,1223,209,1014
S01010419,1629,253,1376
S01010420,1202,207,995
S01010421,889,105,784
S01010422,1177,216,961
S01010423,1037,260,777
S01010424,1026,276,750
S01010425,1032,302,730
S01010426,1098,245,853
S01010427,1343,327,1016
S01010428,1603,346,1257
S01010429,978,127,851
S01010430,1040,276,764
S01010431,1020,169,851
S01010432,880,186,694
S01010433,905,160,745
S01010434,819,207,612
S01010435,689,204,485
S01010436,778,211,567
S01010437,557,157,400
S01010438,1058,185,873
S01010439,1371,249,1122
S01010440,1229,408,821
S01010441,899,138,761
S01010442,849,158,691
S01010443,765,204,561
S01010444,685,199,486
S01010445,1109,438,671
S01010446,838,201,637
S01010447,1126,322,804
S01010448,1057,281,776
S01010449,1014,372,642
S01010450,889,317,572
S01010451,1098,313,785
S01010452,919,286,633
S01010453,1143,290,853
S01010454,1170,384,786
S01010455,942,360,582
S01010456,633,205,428
S01010457,1044,316,728
S01010458,843,228,615
S01010459,752,258,494
S01010460,810,117,693
S01010461,1026,335,691
S01010462,1088,241,847
S01010463,796,192,604
S01010464,653,172,481
S01010465,999,148,851
S01010466,1608,216,1392
S01010467,981,236,745
S01010468,1209,203,1006
S01010469,826,194,632
S01010470,900,273,627
S01010471,922,260,662
S01010472,1339,145,1194
S01010473,1044,147,897
S01010474,1099,185,914
S01010475,1240,130,1110
S01010476,1048,285,763
S01010477,951,249,702
S01010478,1411,448,963
S01010479,1022,294,728
S01010480,845,230,615
S01010481,880,239,641
S01010482,998,309,689
S01010483,1110,327,783
S01010484,987,242,745
S01010485,1072,241,831
S01010486,1210,182,1028
S01010487,1123,261,862
S01010488,1366,363,1003
S01010489,1471,450,1021
S01010490,893,215,678
S01010491,1049,298,751
S01010492,808,233,575
S01010493,1200,315,885
S01010494,698,176,522
S01010495,1184,339,845
S01010496,1628,535,1093
S01010497,1063,247,816
S01010498,1333,412,921
S01010499,1355,416,939
S01010500,1258,279,979
S01010501,910,269,641
S01010502,756,162,594
S01010503,838,254,584
S01010504,531,101,430
S01010505,655,112,543
S01010506,889,144,745
S01010507,1092,175,917
S01010508,1150,212,938
S01010509,1183,204,979
S01010510,1659,337,1322
S01010511,1254,281,973
S01010512,912,191,721
S01010513,897,122,775
S01010514,918,166,752
S01010515,906,190,716
S01010516,614,95,519
S01010517,1136,181,955
S01010518,922,139,783
S01010519,938,144,794
S01010520,1172,219,953
S01010521,1035,185,850
S01010522,812,185,627
S01010523,1065,190,875
S01010524,585,111,474
S01010525,790,140,650
S01010526,927,216,711
S01010527,1300,289,1011
S01010528,794,136,658
S01010529,1084,177,907
S01010530,753,114,639
S01010531,1094,206,888
S01010532,840,135,705
S01010533,920,175,745
S01010534,1115,177,938
S01010535,715,104,611
S01010536,1165,211,954
S01010537,1411,252,1159
S01010538,1129,139,990
S01010539,1037,132,905
S01010540,628,105,523
S01010541,840,116,724
S01010542,1069,194,875
S01010543,606,97,509
S01010544,1281,193,1088
S01010545,738,141,597
S01010546,1010,230,780
S01010547,757,119,638
S01010548,583,113,470
S01010549,1286,205,1081
S01010550,690,96,594
S01010551,831,107,724
S01010552,1005,153,852
S01010553,621,101,520
S01010554,776,144,632
S01010555,1057,204,853
S01010556,1197,328,869
S01010557,736,124,612
S01010558,608,130,478
S01010559,791,208,583
S01010560,663,126,537
S01010561,963,182,781
S01010562,1007,161,846
S01010563,800,157,643
S01010564,806,218,588
S01010565,963,201,762
S01010566,1090,175,915
S01010567,1243,210,1033
S01010568,1422,218,1204
S01010569,953,138,815
S01010570,1563,283,1280
S01010571,917,144,773
S01010572,1004,191,813
S01010573,641,112,529
S01010574,609,90,519
S01010575,873,136,737
S01010576,822,146,676
S01010577,901,158,743
S01010578,576,92,484
S01010579,736,116,620
S01010580,513,98,415
S01010581,843,116,727
S01010582,686,116,570
S01010583,986,122,864
S01010584,2141,204,1937
S01010585,2051,189,1862
S01010586,632,95,537
S01010587,872,177,695
S01010588,836,119,717
S01010589,2397,248,2149
S01010590,1797,201,1596
S01010591,626,49,577
S01010592,366,51,315
S01010593,2428,200,2228
S01010594,1852,144,1708
S01010595,1850,139,1711
S01010596,3420,287,3133
S01010597,2421,189,2232
S01010598,2542,198,2344
S01010599,819,101,718
S01010600,1694,264,1430
S01010601,774,184,590
S01010602,652,73,579
S01010603,809,136,673
S01010604,845,141,704
S01010605,1368,215,1153
S01010606,1054,193,861
S01010607,1064,174,890
S01010608,781,147,634
S01010609,570,98,472
S01010610,781,152,629
S01010611,1197,212,985
S01010612,781,117,664
S01010613,820,205,615
S01010614,706,141,565
S01010615,1026,140,886
S01010616,1078,159,919
S01010617,1005,125,880
S01010618,1010,112,898
S01010619,1279,170,1109
S01010620,744,132,612
S01010621,1121,183,938
S01010622,648,130,518
S01010623,1066,99,967
S01010624,755,136,619
S01010625,786,154,632
S01010626,993,243,750
S01010627,1095,257,838
S01010628,1189,202,987
S01010629,1290,303,987
S01010630,698,147,551
S01010631,986,239,747
S01010632,958,249,709
S01010633,1035,245,790
S01010634,665,158,507
S01010635,803,168,635
S01010636,987,167,820
S01010637,852,193,659
S01010638,995,290,705
S01010639,1332,325,1007
S01010640,898,131,767
S01010641,1350,306,1044
S01010642,1035,227,808
S01010643,844,171,673
S01010644,879,240,639
S01010645,767,101,666
S01010646,807,134,673
S01010647,696,182,514
S01010648,981,196,785
S01010649,785,184,601
S01010650,701,151,550
S01010651,674,155,519
S01010652,825,145,680
S01010653,742,139,603
S01010654,763,146,617
S01010655,1019,176,843
S01010656,705,145,560
S01010657,919,142,777
S01010658,1106,208,898
S01010659,792,111,681
S01010660,917,175,742
S01010661,775,141,634
S01010662,922,139,783
S01010663,1511,239,1272
S01010664,783,122,661
S01010665,1055,186,869
S01010666,1405,266,1139
S01010667,801,135,666
S01010668,1318,239,1079
S01010669,608,113,495
S01010670,943,157,786
S01010671,895,123,772
S01010672,1366,240,1126
S01010673,1117,212,905
S01010674,1180,209,971
S01010675,952,192,760
S01010676,1201,181,1020
S01010677,501,90,411
S01010678,1057,238,819
S01010679,1584,335,1249
S01010680,788,173,615
S01010681,1353,239,1114
S01010682,1307,213,1094
S01010683,975,210,765
S01010684,1054,228,826
S01010685,758,171,587
S01010686,701,146,555
S01010687,1071,241,830
S01010688,849,150,699
S01010689,1007,237,770
S01010690,938,207,731
S01010691,1020,175,845
S01010692,749,136,613
S01010693,385,76,309
S01010694,798,223,575
S01010695,727,110,617
S01010696,1212,210,1002
S01010697,1122,214,908
S01010698,764,150,614
S01010699,605,99,506
S01010700,611,95,516
S01010701,1314,217,1097
S01010702,1077,224,853
S01010703,902,154,748
S01010704,1291,271,1020
S01010705,1290,219,1071
S01010706,887,176,711
S01010707,750,130,620
S01010708,1067,172,895
S01010709,904,123,781
S01010710,969,176,793
S01010711,778,107,671
S01010712,864,132,732
S01010713,1024,150,874
S01010714,839,198,641
S01010715,808,162,646
S01010716,976,227,749
S01010717,1009,149,860
S01010718,1078,156,922
S01010719,918,187,731
S01010720,881,189,692
S01010721,828,151,677
S01010722,1208,206,1002
S01010723,1108,127,981
S01010724,887,136,751
S01010725,822,128,694
S01010726,1091,174,917
S01010727,765,134,631
S01010728,1016,139,877
S01010729,924,133,791
S01010730,845,115,730
S01010731,906,183,723
S01010732,840,196,644
S01010733,1018,221,797
S01010734,1051,238,813
S01010735,1051,174,877
S01010736,500,81,419
S01010737,1038,254,784
S01010738,1127,237,890
S01010739,870,174,696
S01010740,700,172,528
S01010741,695,170,525
S01010742,887,187,700
S01010743,1008,221,787
S01010744,1166,256,910
S01010745,702,151,551
S01010746,1016,153,863
S01010747,1170,270,900
S01010748,631,127,504
S01010749,736,133,603
S01010750,626,131,495
S01010751,999,255,744
S01010752,1063,208,855
S01010753,1318,250,1068
S01010754,1021,242,779
S01010755,863,201,662
S01010756,835,143,692
S01010757,863,215,648
S01010758,702,172,530
S01010759,682,127,555
S01010760,816,207,609
S01010761,536,106,430
S01010762,598,142,456
S01010763,940,201,739
S01010764,576,127,449
S01010765,1228,285,943
S01010766,784,191,593
S01010767,706,161,545
S01010768,737,178,559
S01010769,483,99,384
S01010770,877,183,694
S01010771,960,277,683
S01010772,762,233,529
S01010773,785,194,591
S01010774,1353,361,992
S01010775,643,107,536
S01010776,833,179,654
S01010777,512,142,370
S01010778,649,149,500
S01010779,995,185,810
S01010780,648,143,505
S01010781,965,168,797
S01010782,623,152,471
S01010783,897,177,720
S01010784,1122,199,923
S01010785,793,124,669
S01010786,688,117,571
S01010787,913,171,742
S01010788,622,105,517
S01010789,888,160,728
S01010790,827,178,649
S01010791,993,206,787
S01010792,1152,207,945
S01010793,649,110,539
S01010794,550,89,461
S01010795,1311,235,1076
S01010796,1441,248,1193
S01010797,762,105,657
S01010798,694,127,567
S01010799,999,253,746
S01010800,797,152,645
S01010801,794,178,616
S01010802,626,90,536
S01010803,611,125,486
S01010804,778,136,642
S01010805,1276,226,1050
S01010806,916,207,709
S01010807,570,109,461
S01010808,553,90,463
S01010809,1007,193,814
S01010810,490,134,356
S01010811,923,203,720
S01010812,522,106,416
S01010813,910,156,754
S01010814,740,126,614
S01010815,582,114,468
S01010816,830,157,673
S01010817,1203,176,1027
S01010818,1454,300,1154
S01010819,1044,220,824
S01010820,1391,263,1128
S01010821,866,133,733
S01010822,772,195,577
S01010823,683,158,525
S01010824,1231,131,1100
S01010825,1642,235,1407
S01010826,755,103,652
S01010827,697,100,597
S01010828,1239,132,1107
S01010829,1121,204,917
S01010830,556,96,460
S01010831,598,43,555
S01010832,730,108,622
S01010833,1159,166,993
S01010834,1629,246,1383
S01010835,736,136,600
S01010836,920,167,753
S01010837,838,176,662
S01010838,1187,220,967
S01010839,908,160,748
S01010840,572,134,438
S01010841,1103,244,859
S01010842,960,327,633
S01010843,756,256,500
S01010844,838,144,694
S01010845,619,111,508
S01010846,910,158,752
S01010847,798,105,693
S01010848,924,218,706
S01010849,951,263,688
S01010850,1005,348,657
S01010851,935,227,708
S01010852,839,190,649
S01010853,999,242,757
S01010854,923,221,702
S01010855,560,125,435
S01010856,908,300,608
S01010857,950,155,795
S01010858,1138,316,822
S01010859,842,192,650
S01010860,885,215,670
S01010861,981,293,688
S01010862,651,170,481
S01010863,883,190,693
S01010864,622,82,540
S01010865,706,130,576
S01010866,881,260,621
S01010867,750,193,557
S01010868,839,266,573
S01010869,1144,179,965
S01010870,1020,243,777
S01010871,898,205,693
S01010872,830,194,636
S01010873,739,304,435
S01010874,928,115,813
S01010875,658,114,544
S01010876,740,183,557
S01010877,1633,409,1224
S01010878,1326,384,942
S01010879,1103,212,891
S01010880,669,170,499
S01010881,803,196,607
S01010882,1050,184,866
S01010883,1034,226,808
S01010884,1153,371,782
S01010885,1349,391,958
S01010886,615,147,468
S01010887,765,268,497
S01010888,1188,352,836
S01010889,825,268,557
S01010890,847,392,455
S01010891,870,351,519
S01010892,915,349,566
S01010893,1031,385,646
S01010894,805,275,530
S01010895,495,164,331
S01010896,984,344,640
S01010897,945,283,662
S01010898,1362,296,1066
S01010899,714,140,574
S01010900,930,214,716
S01010901,465,141,324
S01010902,957,260,697
S01010903,891,320,571
S01010904,538,158,380
S01010905,964,206,758
S01010906,966,179,787
S01010907,606,61,545
S01010908,1136,198,938
S01010909,1207,240,967
S01010910,844,222,622
S01010911,875,377,498
S01010912,773,290,483
S01010913,642,116,526
S01010914,1153,194,959
S01010915,982,179,803
S01010916,733,246,487
S01010917,843,242,601
S01010918,1289,392,897
S01010919,882,247,635
S01010920,733,180,553
S01010921,733,208,525
S01010922,988,311,677
S01010923,1154,307,847
S01010924,678,180,498
S01010925,858,205,653
S01010926,989,253,736
S01010927,970,261,709
S01010928,806,207,599
S01010929,918,231,687
S01010930,900,98,802
S01010931,430,81,349
S01010932,1496,312,1184
S01010933,864,143,721
S01010934,1114,154,960
S01010935,861,199,662
S01010936,682,163,519
S01010937,728,133,595
S01010938,951,225,726
S01010939,776,139,637
S01010940,683,87,596
S01010941,1253,161,1092
S01010942,646,82,564
S01010943,832,158,674
S01010944,845,218,627
S01010945,540,97,443
S01010946,1029,235,794
S01010947,791,160,631
S01010948,673,138,535
S01010949,1546,217,1329
S01010950,846,176,670
S01010951,724,106,618
S01010952,779,111,668
S01010953,737,113,624
S01010954,1268,102,1166
S01010955,1145,106,1039
S01010956,970,130,840
S01010957,581,101,480
S01010958,625,129,496
S01010959,891,138,753
S01010960,1480,264,1216
S01010961,1433,271,1162
S01010962,649,204,445
S01010963,1038,164,874
S01010964,523,117,406
S01010965,1012,227,785
S01010966,982,242,740
S01010967,920,199,721
S01010968,919,192,727
S01010969,736,189,547
S01010970,1511,403,1108
S01010971,1736,354,1382
S01010972,939,194,745
S01010973,627,126,501
S01010974,1133,275,858
S01010975,662,171,491
S01010976,2199,310,1889
S01010977,728,158,570
S01010978,949,235,714
S01010979,900,162,738
S01010980,821,163,658
S01010981,739,182,557
S01010982,1334,325,1009
S01010983,1132,255,877
S01010984,1097,215,882
S01010985,865,145,720
S01010986,750,50,700
S01010987,445,57,388
S01010988,627,47,580
S01010989,1514,121,1393
S01010990,798,166,632
S01010991,1936,190,1746
S01010992,1803,156,1647
S01010993,733,143,590
S01010994,2765,358,2407
S01010995,851,116,735
S01010996,901,147,754
S01010997,1056,160,896
S01010998,2440,291,2149
S01010999,903,177,726
S01011000,1120,279,841
S01011001,652,147,505
S01011002,707,188,519
S01011003,813,175,638
S01011004,809,145,664
S01011005,795,179,616
S01011006,1002,138,864
S01011007,883,206,677
S01011008,881,178,703
S01011009,627,106,521
S01011010,950,231,719
S01011011,768,241,527
S01011012,1218,287,931
S01011013,878,217,661
S01011014,811,147,664
S01011015,565,108,457
S01011016,1188,133,1055
S01011017,1670,225,1445
S01011018,1451,260,1191
S01011019,1253,194,1059
S01011020,472,72,400
S01011021,882,208,674
S01011022,705,140,565
S01011023,1043,196,847
S01011024,1223,238,985
S01011025,680,129,551
S01011026,540,115,425
S01011027,1160,291,869
S01011028,1175,226,949
S01011029,741,159,582
S01011030,969,172,797
S01011031,1190,215,975
S01011032,896,199,697
S01011033,794,162,632
S01011034,849,252,597
S01011035,662,142,520
S01011036,1019,210,809
S01011037,1079,217,862
S01011038,1053,234,819
S01011039,907,197,710
S01011040,1407,223,1184
S01011041,917,241,676
S01011042,818,119,699
S01011043,1277,214,1063
S01011044,1150,196,954
S01011045,939,159,780
S01011046,854,149,705
S01011047,1077,160,917
S01011048,1277,236,1041
S01011049,818,150,668
S01011050,1005,160,845
S01011051,1078,197,881
S01011052,1218,232,986
S01011053,742,131,611
S01011054,672,119,553
S01011055,568,88,480
S01011056,699,119,580
S01011057,728,110,618
S01011058,638,110,528
S01011059,778,127,651
S01011060,1225,290,935
S01011061,1077,188,889
S01011062,1404,252,1152
S01011063,1132,231,901
S01011064,1299,213,1086
S01011065,965,214,751
S01011066,614,126,488
S01011067,1167,251,916
S01011068,826,124,702
S01011069,721,162,559
S01011070,903,171,732
S01011071,948,199,749
S01011072,1142,207,935
S01011073,699,146,553
S01011074,607,96,511
S01011075,883,187,696
S01011076,1153,261,892
S01011077,1059,206,853
S01011078,1354,243,1111
S01011079,1307,222,1085
S01011080,1124,255,869
S01011081,824,146,678
S01011082,722,213,509
S01011083,1144,246,898
S01011084,876,162,714
S01011085,889,165,724
S01011086,641,142,499
S01011087,880,195,685
S01011088,1178,223,955
S01011089,950,183,767
S01011090,717,136,581
S01011091,700,92,608
S01011092,2474,244,2230
S01011093,3120,335,2785
S01011094,776,145,631
S01011095,1088,156,932
S01011096,951,145,806
S01011097,715,93,622
S01011098,1124,204,920
S01011099,819,124,695
S01011100,570,125,445
S01011101,790,141,649
S01011102,731,136,595
S01011103,773,219,554
S01011104,704,250,454
S01011105,799,154,645
S01011106,988,84,904
S01011107,2433,264,2169
S01011108,672,122,550
S01011109,807,132,675
S01011110,947,168,779
S01011111,1093,228,865
S01011112,142,30,112
S01011113,1004,215,789
S01011114,1195,188,1007
S01011115,902,202,700
S01011116,880,137,743
S01011117,868,157,711
S01011118,1011,193,818
S01011119,931,178,753
S01011120,1159,205,954
S01011121,622,128,494
S01011122,787,123,664
S01011123,1121,198,923
S01011124,661,95,566
S01011125,452,91,361
S01011126,763,125,638
S01011127,536,28,508
S01011128,1007,175,832
S01011129,940,119,821
S01011130,766,172,594
S01011131,739,119,620
S01011132,898,133,765
S01011133,527,104,423
S01011134,825,168,657
S01011135,1008,189,819
S01011136,658,144,514
S01011137,923,145,778
S01011138,641,103,538
S01011139,1335,93,1242
S01011140,537,104,433
S01011141,1696,181,1515
S01011142,1363,124,1239
S01011143,1190,186,1004
S01011144,919,180,739
S01011145,1079,180,899
S01011146,1051,174,877
S01011147,1186,219,967
S01011148,787,120,667
S01011149,802,58,744
S01011150,933,48,885
S01011151,749,85,664
S01011152,901,162,739
S01011153,1005,219,786
S01011154,624,182,442
S01011155,814,203,611
S01011156,845,157,688
S01011157,576,94,482
S01011158,598,130,468
S01011159,614,174,440
S01011160,909,154,755
S01011161,637,103,534
S01011162,885,118,767
S01011163,960,161,799
S01011164,851,161,690
S01011165,881,208,673
S01011166,603,111,492
S01011167,1064,191,873
S01011168,845,113,732
S01011169,1267,142,1125
S01011170,911,172,739
S01011171,1007,178,829
S01011172,752,167,585
S01011173,869,219,650
S01011174,762,189,573
S01011175,815,215,600
S01011176,689,176,513
S01011177,1082,235,847
S01011178,595,122,473
S01011179,705,167,538
S01011180,853,205,648
S01011181,1527,211,1316
S01011182,511,106,405
S01011183,757,130,627
S01011184,820,103,717
S01011185,790,166,624
S01011186,1127,303,824
S01011187,803,134,669
S01011188,1108,244,864
S01011189,1096,257,839
S01011190,1103,271,832
S01011191,750,158,592
S01011192,865,168,697
S01011193,942,178,764
S01011194,727,143,584
S01011195,945,170,775
S01011196,1050,266,784
S01011197,871,213,658
S01011198,695,148,547
S01011199,781,177,604
S01011200,865,181,684
S01011201,586,135,451
S01011202,949,223,726
S01011203,1289,289,1000
S01011204,555,85,470
S01011205,184,21,163
S01011206,734,102,632
S01011207,1852,291,1561
S01011208,907,103,804
S01011209,697,131,566
S01011210,830,141,689
S01011211,1745,216,1529
S01011212,735,159,576
S01011213,1180,235,945
S01011214,1144,320,824
S01011215,919,242,677
S01011216,1105,242,863
S01011217,1207,285,922
S01011218,933,209,724
S01011219,1031,290,741
S01011220,988,264,724
S01011221,1075,223,852
S01011222,662,155,507
S01011223,946,200,746
S01011224,681,218,463
S01011225,1029,262,767
S01011226,1098,280,818
S01011227,802,182,620
S01011228,1353,320,1033
S01011229,802,226,576
S01011230,1319,474,845
S01011231,1047,367,680
S01011232,915,219,696
S01011233,1500,229,1271
S01011234,1165,285,880
S01011235,525,144,381
S01011236,557,161,396
S01011237,1048,236,812
S01011238,806,212,594
S01011239,878,312,566
S01011240,1075,404,671
S01011241,1042,342,700
S01011242,1015,278,737
S01011243,1251,346,905
S01011244,666,195,471
S01011245,848,257,591
S01011246,926,225,701
S01011247,953,253,700
S01011248,945,198,747
S01011249,1048,156,892
S01011250,1241,225,1016
S01011251,871,206,665
S01011252,825,181,644
S01011253,968,253,715
S01011254,1209,189,1020
S01011255,428,45,383
S01011256,497,40,457
S01011257,468,106,362
S01011258,700,167,533
S01011259,931,246,685
S01011260,718,170,548
S01011261,925,211,714
S01011262,689,173,516
S01011263,898,232,666
S01011264,688,138,550
S01011265,1053,252,801
S01011266,908,229,679
S01011267,984,203,781
S01011268,591,164,427
S01011269,594,175,419
S01011270,833,230,603
S01011271,948,299,649
S01011272,728,206,522
S01011273,1285,232,1053
S01011274,1125,237,888
S01011275,1543,226,1317
S01011276,1114,240,874
S01011277,654,98,556
S01011278,639,79,560
S01011279,713,135,578
S01011280,690,117,573
S01011281,804,98,706
S01011282,918,120,798
S01011283,804,70,734
S01011284,1230,115,1115
S01011285,1140,295,845
S01011286,720,155,565
S01011287,987,240,747
S01011288,1067,211,856
S01011289,934,223,711
S01011290,1390,448,942
S01011291,986,258,728
S01011292,697,202,495
S01011293,953,260,693
S01011294,948,341,607
S01011295,1022,209,813
S01011296,722,216,506
S01011297,927,212,715
S01011298,1104,216,888
S01011299,494,91,403
S01011300,1008,231,777
S01011301,705,111,594
S01011302,945,330,615
S01011303,1186,196,990
S01011304,966,155,811
S01011305,829,155,674
S01011306,590,132,458
S01011307,2465,292,2173
S01011308,626,116,510
S01011309,858,171,687
S01011310,706,139,567
S01011311,1149,217,932
S01011312,1244,219,1025
S01011313,1122,224,898
S01011314,1097,190,907
S01011315,419,100,319
S01011316,938,186,752
S01011317,967,273,694
S01011318,964,243,721
S01011319,1116,262,854
S01011320,747,187,560
S01011321,663,103,560
S01011322,634,81,553
S01011323,1181,257,924
S01011324,509,114,395
S01011325,1030,316,714
S01011326,1099,353,746
S01011327,739,276,463
S01011328,897,257,640
S01011329,1053,276,777
S01011330,754,137,617
S01011331,832,151,681
S01011332,1270,270,1000
S01011333,733,175,558
S01011334,1448,232,1216
S01011335,1138,237,901
S01011336,698,139,559
S01011337,682,119,563
S01011338,847,118,729
S01011339,701,174,527
S01011340,1269,274,995
S01011341,874,201,673
S01011342,839,154,685
S01011343,906,232,674
S01011344,883,215,668
S01011345,1069,199,870
S01011346,832,187,645
S01011347,1186,291,895
S01011348,1225,262,963
S01011349,1113,161,952
S01011350,933,167,766
S01011351,796,217,579
S01011352,709,178,531
S01011353,650,176,474
S01011354,879,168,711
S01011355,1113,244,869
S01011356,962,148,814
S01011357,1399,303,1096
S01011358,547,68,479
S01011359,737,243,494
S01011360,852,150,702
S01011361,537,150,387
S01011362,661,93,568
S01011363,1714,364,1350
S01011364,659,115,544
S01011365,830,129,701
S01011366,498,203,295
S01011367,840,211,629
S01011368,1429,97,1332
S01011369,756,166,590
S01011370,1654,152,1502
S01011371,1560,350,1210
S01011372,1042,247,795
S01011373,866,172,694
S01011374,514,62,452
S01011375,726,129,597
S01011376,568,175,393
S01011377,594,93,501
S01011378,1041,232,809
S01011379,1125,162,963
S01011380,732,182,550
S01011381,810,162,648
S01011382,531,115,416
S01011383,1091,399,692
S01011384,839,208,631
S01011385,957,257,700
S01011386,1076,291,785
S01011387,988,264,724
S01011388,1431,244,1187
S01011389,1512,268,1244
S01011390,1040,299,741
S01011391,645,146,499
S01011392,1053,174,879
S01011393,841,233,608
S01011394,1012,164,848
S01011395,861,275,586
S01011396,986,307,679
S01011397,860,292,568
S01011398,779,213,566
S01011399,508,123,385
S01011400,925,203,722
S01011401,1020,252,768
S01011402,954,291,663
S01011403,1011,197,814
S01011404,1155,293,862
S01011405,731,157,574
S01011406,705,158,547
S01011407,1377,293,1084
S01011408,936,224,712
S01011409,839,201,638
S01011410,812,197,615
S01011411,993,196,797
S01011412,973,211,762
S01011413,560,56,504
S01011414,1077,267,810
S01011415,941,192,749
S01011416,875,146,729
S01011417,820,233,587
S01011418,780,230,550
S01011419,673,203,470
S01011420,491,137,354
S01011421,506,74,432
S01011422,467,135,332
S01011423,679,175,504
S01011424,560,135,425
S01011425,779,186,593
S01011426,1886,344,1542
S01011427,1423,302,1121
S01011428,673,171,502
S01011429,1327,219,1108
S01011430,1026,202,824
S01011431,1298,401,897
S01011432,1888,413,1475
S01011433,1048,212,836
S01011434,998,218,780
S01011435,1433,312,1121
S01011436,1245,299,946
S01011437,811,226,585
S01011438,881,199,682
S01011439,1155,279,876
S01011440,1091,277,814
S01011441,868,218,650
S01011442,683,208,475
S01011443,787,231,556
S01011444,1222,296,926
S01011445,635,172,463
S01011446,2472,307,2165
S01011447,1071,252,819
S01011448,1244,253,991
S01011449,757,209,548
S01011450,849,136,713
S01011451,1963,221,1742
S01011452,947,176,771
S01011453,820,186,634
S01011454,1109,262,847
S01011455,1041,275,766
S01011456,1034,270,764
S01011457,917,202,715
S01011458,804,122,682
S01011459,1370,194,1176
S01011460,984,176,808
S01011461,813,177,636
S01011462,1004,233,771
S01011463,670,135,535
S01011464,1681,156,1525
S01011465,826,152,674
S01011466,2111,318,1793
S01011467,539,92,447
S01011468,141,10,131
S01011469,859,163,696
S01011470,958,277,681
S01011471,953,256,697
S01011472,1225,331,894
S01011473,1013,337,676
S01011474,1075,337,738
S01011475,679,261,418
S01011476,915,106,809
S01011477,851,102,749
S01011478,1060,155,905
S01011479,886,173,713
S01011480,1113,162,951
S01011481,1169,252,917
S01011482,1155,309,846
S01011483,822,150,672
S01011484,1152,305,847
S01011485,965,259,706
S01011486,569,155,414
S01011487,1370,321,1049
S01011488,697,182,515
S01011489,995,146,849
S01011490,1134,285,849
S01011491,538,133,405
S01011492,859,183,676
S01011493,1048,146,902
S01011494,785,255,530
S01011495,1042,262,780
S01011496,649,147,502
S01011497,881,87,794
S01011498,672,58,614
S01011499,898,168,730
S01011500,1012,271,741
S01011501,673,186,487
S01011502,755,164,591
S01011503,1024,262,762
S01011504,666,169,497
S01011505,698,161,537
S01011506,588,185,403
S01011507,790,214,576
S01011508,962,151,811
S01011509,610,120,490
S01011510,1122,215,907
S01011511,678,168,510
S01011512,1239,298,941
S01011513,917,241,676
S01011514,1085,243,842
S01011515,752,130,622
S01011516,887,106,781
S01011517,649,166,483
S01011518,661,204,457
S01011519,781,179,602
S01011520,1091,295,796
S01011521,1429,341,1088
S01011522,956,269,687
S01011523,1305,284,1021
S01011524,890,167,723
S01011525,1099,254,845
S01011526,1018,197,821
S01011527,949,185,764
S01011528,974,269,705
S01011529,1084,286,798
S01011530,1256,358,898
S01011531,1814,375,1439
S01011532,1266,127,1139
S01011533,683,250,433
S01011534,766,179,587
S01011535,940,336,604
S01011536,674,91,583
S01011537,845,151,694
S01011538,733,107,626
S01011539,1096,336,760
S01011540,2031,330,1701
S01011541,1035,213,822
S01011542,1070,239,831
S01011543,920,204,716
S01011544,790,212,578
S01011545,851,228,623
S01011546,764,52,712
S01011547,475,49,426
S01011548,813,193,620
S01011549,915,176,739
S01011550,979,134,845
S01011551,876,193,683
S01011552,978,193,785
S01011553,1259,138,1121
S01011554,2044,339,1705
S01011555,766,164,602
S01011556,676,158,518
S01011557,1003,229,774
S01011558,874,207,667
S01011559,715,199,516
S01011560,1046,269,777
S01011561,834,214,620
S01011562,1038,215,823
S01011563,1118,315,803
S01011564,966,206,760
S01011565,1081,226,855
S01011566,917,195,722
S01011567,859,235,624
S01011568,847,170,677
S01011569,848,212,636
S01011570,946,261,685
S01011571,887,276,611
S01011572,883,271,612
S01011573,1084,200,884
S01011574,1100,185,915
S01011575,866,143,723
S01011576,979,377,602
S01011577,628,141,487
S01011578,2245,361,1884
S01011579,924,160,764
S01011580,1378,347,1031
S01011581,930,305,625
S01011582,2390,355,2035
S01011583,970,319,651
S01011584,843,208,635
S01011585,1196,324,872
S01011586,713,188,525
S01011587,738,160,578
S01011588,952,234,718
S01011589,1040,256,784
S01011590,2166,350,1816
S01011591,923,273,650
S01011592,1877,286,1591
S01011593,717,160,557
S01011594,622,169,453
S01011595,854,172,682
S01011596,1276,256,1020
S01011597,806,213,593
S01011598,984,280,704
S01011599,967,222,745
S01011600,737,201,536
S01011601,848,78,770
S01011602,709,169,540
S01011603,1000,324,676
S01011604,690,157,533
S01011605,844,224,620
S01011606,1001,87,914
S01011607,1266,124,1142
S01011608,1206,232,974
S01011609,970,267,703
S01011610,949,247,702
S01011611,1197,213,984
S01011612,296,31,265
S01011613,940,160,780
S01011614,570,140,430
S01011615,1356,207,1149
S01011616,511,151,360
S01011617,981,253,728
S01011618,794,165,629
S01011619,892,123,769
S01011620,972,92,880
S01011621,893,142,751
S01011622,160,31,129
S01011623,1888,326,1562
S01011624,937,171,766
S01011625,548,124,424
S01011626,1061,144,917
S01011627,733,63,670
S01011628,1289,203,1086
S01011629,809,183,626
S01011630,744,182,562
S01011631,839,214,625
S01011632,986,228,758
S01011633,1092,246,846
S01011634,754,179,575
S01011635,832,220,612
S01011636,867,212,655
S01011637,743,185,558
S01011638,737,208,529
S01011639,700,188,512
S01011640,1048,229,819
S01011641,946,164,782
S01011642,847,140,707
S01011643,896,206,690
S01011644,880,212,668
S01011645,622,145,477
S01011646,872,134,738
S01011647,1062,109,953
S01011648,414,96,318
S01011649,881,118,763
S01011650,1626,245,1381
S01011651,926,204,722
S01011652,760,135,625
S01011653,1109,247,862
S01011654,1064,293,771
S01011655,846,241,605
S01011656,730,184,546
S01011657,609,163,446
S01011658,895,228,667
S01011659,983,237,746
S01011660,1097,212,885
S01011661,1180,257,923
S01011662,1305,148,1157
S01011663,1103,212,891
S01011664,1044,296,748
S01011665,1123,302,821
S01011666,957,301,656
S01011667,1051,341,710
S01011668,1646,442,1204
S01011669,823,184,639
S01011670,799,173,626
S01011671,758,191,567
S01011672,806,187,619
S01011673,930,222,708
S01011674,1657,373,1284
S01011675,1448,301,1147
S01011676,778,204,574
S01011677,155,34,121
S01011678,464,141,323
S01011679,1416,299,1117
S01011680,1282,333,949
S01011681,847,200,647
S01011682,1669,310,1359
S01011683,1279,211,1068
S01011684,803,179,624
S01011685,856,111,745
S01011686,931,156,775
S01011687,935,221,714
S01011688,1161,183,978
S01011689,914,120,794
S01011690,1636,254,1382
S01011691,474,77,397
S01011692,1250,314,936
S01011693,1698,282,1416
S01011694,659,90,569
S01011695,3465,384,3081
S01011696,776,67,709
S01011697,1083,149,934
S01011698,643,163,480
S01011699,911,143,768
S01011700,869,209,660
S01011701,1222,173,1049
S01011702,972,204,768
S01011703,974,128,846
S01011704,1645,148,1497
S01011705,1785,228,1557
S01011706,1028,280,748
S01011707,713,118,595
S01011708,1094,267,827
S01011709,1109,243,866
S01011710,763,138,625
S01011711,1121,325,796
S01011712,530,126,404
S01011713,1108,281,827
S01011714,1302,131,1171
S01011715,1149,239,910
S01011716,1002,131,871
S01011717,764,150,614
S01011718,978,100,878
S01011719,1981,147,1834
S01011720,617,102,515
S01011721,784,178,606
S01011722,1316,335,981
S01011723,2146,311,1835
S01011724,733,98,635
S01011725,634,56,578
S01011726,552,59,493
S01011727,1489,144,1345
S01011728,929,166,763
S01011729,1157,313,844
S01011730,844,191,653
S01011731,1102,233,869
S01011732,899,163,736
S01011733,851,201,650
S01011734,891,198,693
S01011735,736,135,601
S01011736,1192,204,988
S01011737,966,216,750
S01011738,1109,233,876
S01011739,684,135,549
S01011740,729,173,556
S01011741,964,243,721
S01011742,864,149,715
S01011743,797,151,646
S01011744,849,215,634
S01011745,1033,326,707
S01011746,852,238,614
S01011747,1074,240,834
S01011748,1024,177,847
S01011749,896,170,726
S01011750,876,202,674
S01011751,1149,230,919
S01011752,1074,189,885
S01011753,777,138,639
S01011754,959,212,747
S01011755,939,192,747
S01011756,1113,218,895
S01011757,933,237,696
S01011758,624,120,504
S01011759,897,217,680
S01011760,884,195,689
S01011761,817,149,668
S01011762,876,204,672
S01011763,773,201,572
S01011764,403,69,334
S01011765,1156,145,1011
S01011766,733,95,638
S01011767,1209,263,946
S01011768,974,216,758
S01011769,789,241,548
S01011770,892,243,649
S01011771,667,73,594
S01011772,1102,125,977
S01011773,596,41,555
S01011774,941,137,804
S01011775,904,72,832
S01011776,1298,152,1146
S01011777,645,82,563
S01011778,634,88,546
S01011779,793,118,675
S01011780,939,124,815
S01011781,922,115,807
S01011782,889,156,733
S01011783,575,88,487
S01011784,793,183,610
S01011785,1070,258,812
S01011786,198,11,187
S01011787,1133,277,856
S01011788,1318,150,1168
S01011789,3188,433,2755
S01011790,1301,259,1042
S01011791,831,228,603
S01011792,888,303,585
S01011793,760,193,567
S01011794,982,265,717
S01011795,1051,212,839
S01011796,908,215,693
S01011797,1110,165,945
S01011798,550,136,414
S01011799,973,170,803
S01011800,677,148,529
S01011801,685,138,547
S01011802,731,173,558
S01011803,930,156,774
S01011804,1006,197,809
S01011805,919,186,733
S01011806,1308,222,1086
S01011807,1091,189,902
S01011808,948,173,775
S01011809,719,128,591
S01011810,1301,268,1033
S01011811,1146,194,952
S01011812,1122,228,894
S01011813,959,153,806
S01011814,721,118,603
S01011815,816,94,722
S01011816,707,107,600
S01011817,728,95,633
S01011818,1651,247,1404
S01011819,1218,231,987
S01011820,1034,237,797
S01011821,680,120,560
S01011822,913,181,732
S01011823,608,118,490
S01011824,1001,160,841
S01011825,535,100,435
S01011826,744,128,616
S01011827,603,176,427
S01011828,909,185,724
S01011829,541,101,440
S01011830,844,177,667
S01011831,1079,277,802
S01011832,838,196,642
S01011833,1016,170,846
S01011834,801,118,683
S01011835,685,81,604
S01011836,1104,174,930
S01011837,963,172,791
S01011838,1250,168,1082
S01011839,1064,165,899
S01011840,1255,177,1078
S01011841,1612,310,1302
S01011842,1320,260,1060
S01011843,1233,184,1049
S01011844,1070,175,895
S01011845,857,137,720
S01011846,869,133,736
S01011847,429,55,374
S01011848,842,133,709
S01011849,813,115,698
S01011850,1123,165,958
S01011851,898,165,733
S01011852,1012,205,807
S01011853,954,134,820
S01011854,1090,207,883
S01011855,1273,240,1033
S01011856,695,108,587
S01011857,1489,254,1235
S01011858,1096,228,868
S01011859,1069,282,787
S01011860,894,157,737
S01011861,851,158,693
S01011862,1132,200,932
S01011863,1148,253,895
S01011864,787,132,655
S01011865,670,154,516
S01011866,1268,203,1065
S01011867,1297,301,996
S01011868,1025,194,831
S01011869,1021,201,820
S01011870,864,176,688
S01011871,1179,162,1017
S01011872,1053,138,915
S01011873,812,94,718
S01011874,839,127,712
S01011875,1078,220,858
S01011876,1056,181,875
S01011877,775,144,631
S01011878,1688,242,1446
S01011879,801,107,694
S01011880,1247,174,1073
S01011881,871,174,697
S01011882,941,220,721
S01011883,1984,251,1733
S01011884,778,104,674
S01011885,766,102,664
S01011886,1335,197,1138
S01011887,745,128,617
S01011888,1321,281,1040
S01011889,1052,219,833
S01011890,918,172,746
S01011891,1260,288,972
S01011892,1193,157,1036
S01011893,1082,195,887
S01011894,1069,149,920
S01011895,1172,233,939
S01011896,964,166,798
S01011897,1131,165,966
S01011898,1043,117,926
S01011899,985,132,853
S01011900,735,102,633
S01011901,1119,142,977
S01011902,1146,220,926
S01011903,925,163,762
S01011904,956,176,780
S01011905,909,123,786
S01011906,329,50,279
S01011907,841,111,730
S01011908,566,84,482
S01011909,867,55,812
S01011910,1183,217,966
S01011911,713,156,557
S01011912,833,190,643
S01011913,858,169,689
S01011914,991,159,832
S01011915,908,184,724
S01011916,943,205,738
S01011917,620,141,479
S01011918,895,163,732
S01011919,1144,175,969
S01011920,684,145,539
S01011921,594,116,478
S01011922,882,173,709
S01011923,1088,242,846
S01011924,934,161,773
S01011925,921,80,841
S01011926,817,153,664
S01011927,613,135,478
S01011928,788,162,626
S01011929,692,152,540
S01011930,709,143,566
S01011931,679,141,538
S01011932,343,80,263
S01011933,1534,223,1311
S01011934,970,190,780
S01011935,1038,162,876
S01011936,766,179,587
S01011937,667,145,522
S01011938,472,91,381
S01011939,1010,188,822
S01011940,944,152,792
S01011941,1131,191,940
S01011942,930,217,713
S01011943,1483,350,1133
S01011944,509,84,425
S01011945,1482,248,1234
S01011946,935,200,735
S01011947,602,117,485
S01011948,1159,303,856
S01011949,966,219,747
S01011950,954,257,697
S01011951,833,145,688
S01011952,914,114,800
S01011953,925,132,793
S01011954,590,145,445
S01011955,1128,242,886
S01011956,1108,149,959
S01011957,1083,178,905
S01011958,2026,357,1669
S01011959,893,177,716
S01011960,1192,155,1037
S01011961,1161,159,1002
S01011962,1069,132,937
S01011963,818,145,673
S01011964,1086,181,905
S01011965,984,186,798
S01011966,842,138,704
S01011967,1155,192,963
S01011968,1395,248,1147
S01011969,1689,328,1361
S01011970,1835,333,1502
S01011971,667,101,566
S01011972,1743,296,1447
S01011973,656,133,523
S01011974,851,126,725
S01011975,452,83,369
S01011976,990,196,794
S01011977,1280,272,1008
S01011978,1204,294,910
S01011979,1276,279,997
S01011980,508,76,432
S01011981,1153,191,962
S01011982,1501,317,1184
S01011983,1165,214,951
S01011984,678,162,516
S01011985,718,174,544
S01011986,1019,240,779
S01011987,1150,229,921
S01011988,731,222,509
S01011989,866,152,714
S01011990,750,165,585
S01011991,973,192,781
S01011992,1113,235,878
S01011993,1010,225,785
S01011994,844,189,655
S01011995,1020,112,908
S01011996,730,140,590
S01011997,1170,223,947
S01011998,946,148,798
S01011999,621,98,523
S01012000,562,69,493
S01012001,876,136,740
S01012002,767,194,573
S01012003,856,169,687
S01012004,1707,292,1415
S01012005,1507,218,1289
S01012006,1130,123,1007
S01012007,968,216,752
S01012008,1379,263,1116
S01012009,725,113,612
S01012010,1513,312,1201
S01012011,1458,260,1198
S01012012,647,158,489
S01012013,742,123,619
S01012014,1845,353,1492
S01012015,1376,211,1165
S01012016,852,136,716
S01012017,561,112,449
S01012018,876,142,734
S01012019,921,141,780
S01012020,970,230,740
S01012021,821,129,692
S01012022,1080,197,883
S01012023,673,127,546
S01012024,1151,166,985
S01012025,690,140,550
S01012026,932,138,794
S01012027,2264,429,1835
S01012028,1089,163,926
S01012029,1499,446,1053
S01012030,1302,208,1094
S01012031,553,79,474
S01012032,353,61,292
S01012033,917,229,688
S01012034,978,170,808
S01012035,1153,220,933
S01012036,1140,225,915
S01012037,1247,263,984
S01012038,1273,282,991
S01012039,1165,337,828
S01012040,696,117,579
S01012041,1253,274,979
S01012042,1257,372,885
S01012043,926,191,735
S01012044,998,337,661
S01012045,1229,307,922
S01012046,834,229,605
S01012047,1081,311,770
S01012048,831,248,583
S01012049,732,157,575
S01012050,1172,196,976
S01012051,497,123,374
S01012052,951,232,719
S01012053,964,220,744
S01012054,1252,325,927
S01012055,947,283,664
S01012056,994,277,717
S01012057,773,158,615
S01012058,901,180,721
S01012059,986,272,714
S01012060,960,269,691
S01012061,1580,236,1344
S01012062,1011,150,861
S01012063,681,98,583
S01012064,892,213,679
S01012065,686,187,499
S01012066,852,167,685
S01012067,666,166,500
S01012068,788,208,580
S01012069,619,193,426
S01012070,1090,293,797
S01012071,1165,354,811
S01012072,1188,301,887
S01012073,786,108,678
S01012074,639,75,564
S01012075,1000,153,847
S01012076,936,221,715
S01012077,1177,329,848
S01012078,977,206,771
S01012079,1253,305,948
S01012080,1085,213,872
S01012081,737,177,560
S01012082,1002,275,727
S01012083,1119,357,762
S01012084,678,103,575
S01012085,777,159,618
S01012086,918,224,694
S01012087,815,208,607
S01012088,645,79,566
S01012089,842,121,721
S01012090,1102,161,941
S01012091,772,130,642
S01012092,635,92,543
S01012093,535,90,445
S01012094,875,161,714
S01012095,1463,368,1095
S01012096,871,236,635
S01012097,695,159,536
S01012098,977,203,774
S01012099,1066,346,720
S01012100,1711,333,1378
S01012101,931,143,788
S01012102,899,162,737
S01012103,1054,173,881
S01012104,924,81,843
S01012105,1606,228,1378
S01012106,1222,149,1073
S01012107,692,152,540
S01012108,1045,384,661
S01012109,1198,280,918
S01012110,852,240,612
S01012111,1274,330,944
S01012112,1035,297,738
S01012113,1292,264,1028
S01012114,1520,177,1343
S01012115,765,168,597
S01012116,680,161,519
S01012117,724,59,665
S01012118,1100,121,979
S01012119,900,150,750
S01012120,583,126,457
S01012121,953,278,675
S01012122,866,207,659
S01012123,731,152,579
S01012124,636,132,504
S01012125,1009,304,705
S01012126,945,152,793
S01012127,1258,207,1051
S01012128,704,128,576
S01012129,915,221,694
S01012130,1222,433,789
S01012131,1509,359,1150
S01012132,852,223,629
S01012133,1128,161,967
S01012134,1375,324,1051
S01012135,1171,326,845
S01012136,908,226,682
S01012137,848,274,574
S01012138,1037,221,816
S01012139,1163,295,868
S01012140,883,150,733
S01012141,1267,196,1071
S01012142,952,163,789
S01012143,1302,241,1061
S01012144,1046,202,844
S01012145,1135,172,963
S01012146,1138,314,824
S01012147,1028,280,748
S01012148,756,204,552
S01012149,967,210,757
S01012150,778,210,568
S01012151,1013,297,716
S01012152,1039,309,730
S01012153,772,182,590
S01012154,759,231,528
S01012155,859,236,623
S01012156,1173,321,852
S01012157,1088,207,881
S01012158,1764,257,1507
S01012159,503,100,403
S01012160,960,174,786
S01012161,532,122,410
S01012162,1035,232,803
S01012163,868,166,702
S01012164,1242,120,1122
S01012165,921,207,714
S01012166,799,153,646
S01012167,681,168,513
S01012168,1025,227,798
S01012169,851,240,611
S01012170,1291,374,917
S01012171,1180,271,909
S01012172,943,213,730
S01012173,817,215,602
S01012174,1092,169,923
S01012175,1031,144,887
S01012176,1365,263,1102
S01012177,833,139,694
S01012178,951,149,802
S01012179,765,178,587
S01012180,732,194,538
S01012181,1232,349,883
S01012182,1424,248,1176
S01012183,2115,339,1776
S01012184,787,131,656
S01012185,783,181,602
S01012186,887,234,653
S01012187,884,227,657
S01012188,672,188,484
S01012189,802,146,656
S01012190,805,83,722
S01012191,1063,161,902
S01012192,454,79,375
S01012193,769,79,690
S01012194,869,64,805
S01012195,895,165,730
S01012196,573,64,509
S01012197,1059,267,792
S01012198,1156,308,848
S01012199,879,201,678
S01012200,647,148,499
S01012201,1113,236,877
S01012202,585,115,470
S01012203,964,162,802
S01012204,789,75,714
S01012205,888,119,769
S01012206,965,119,846
S01012207,1231,257,974
S01012208,1418,289,1129
S01012209,1066,218,848
S01012210,790,216,574
S01012211,1169,213,956
S01012212,1141,185,956
S01012213,1205,342,863
S01012214,800,123,677
S01012215,986,131,855
S01012216,1319,156,1163
S01012217,560,143,417
S01012218,604,137,467
S01012219,931,280,651
S01012220,964,305,659
S01012221,709,199,510
S01012222,1233,356,877
S01012223,808,219,589
S01012224,1037,220,817
S01012225,1301,265,1036
S01012226,833,153,680
S01012227,907,153,754
S01012228,802,163,639
S01012229,837,139,698
S01012230,1064,123,941
S01012231,831,75,756
S01012232,1183,131,1052
S01012233,953,114,839
S01012234,1530,176,1354
S01012235,905,143,762
S01012236,864,146,718
S01012237,892,100,792
S01012238,604,147,457
S01012239,586,147,439
S01012240,842,205,637
S01012241,719,98,621
S01012242,891,102,789
S01012243,956,144,812
S01012244,1092,124,968
S01012245,1361,226,1135
S01012246,1093,97,996
S01012247,742,112,630
S01012248,942,120,822
S01012249,1001,147,854
S01012250,867,111,756
S01012251,1121,211,910
S01012252,1188,201,987
S01012253,958,222,736
S01012254,922,150,772
S01012255,924,203,721
S01012256,1453,153,1300
S01012257,1214,163,1051
S01012258,1793,210,1583
S01012259,837,132,705
S01012260,1541,240,1301
S01012261,1335,120,1215
S01012262,1961,197,1764
S01012263,782,138,644
S01012264,472,83,389
S01012265,1185,225,960
S01012266,1280,253,1027
S01012267,1133,153,980
S01012268,1558,266,1292
S01012269,1002,173,829
S01012270,898,150,748
S01012271,1536,201,1335
S01012272,903,140,763
S01012273,1025,168,857
S01012274,1157,188,969
S01012275,807,132,675
S01012276,1524,312,1212
S01012277,1367,225,1142
S01012278,1253,334,919
S01012279,1245,254,991
S01012280,1113,204,909
S01012281,948,176,772
S01012282,1241,220,1021
S01012283,1047,183,864
S01012284,779,171,608
S01012285,607,136,471
S01012286,1257,216,1041
S01012287,1395,253,1142
S01012288,1149,225,924
S01012289,1219,210,1009
S01012290,671,151,520
S01012291,865,125,740
S01012292,1359,276,1083
S01012293,1098,161,937
S01012294,1062,211,851
S01012295,754,102,652
S01012296,1210,129,1081
S01012297,1169,123,1046
S01012298,1440,200,1240
S01012299,621,88,533
S01012300,1251,227,1024
S01012301,1022,182,840
S01012302,767,142,625
S01012303,979,136,843
S01012304,1213,202,1011
S01012305,906,193,713
S01012306,898,168,730
S01012307,897,193,704
S01012308,1009,146,863
S01012309,941,215,726
S01012310,1619,290,1329
S01012311,889,229,660
S01012312,1008,197,811
S01012313,860,161,699
S01012314,945,204,741
S01012315,844,239,605
S01012316,693,174,519
S01012317,499,109,390
S01012318,792,144,648
S01012319,1119,172,947
S01012320,848,159,689
S01012321,1236,222,1014
S01012322,1181,222,959
S01012323,1391,252,1139
S01012324,1058,214,844
S01012325,904,217,687
S01012326,930,234,696
S01012327,962,195,767
S01012328,810,178,632
S01012329,993,175,818
S01012330,690,118,572
S01012331,1171,207,964
S01012332,1275,153,1122
S01012333,1413,213,1200
S01012334,949,201,748
S01012335,1896,231,1665
S01012336,864,207,657
S01012337,1014,251,763
S01012338,865,217,648
S01012339,1000,240,760
S01012340,1133,199,934
S01012341,949,132,817
S01012342,999,199,800
S01012343,1077,157,920
S01012344,1137,201,936
S01012345,785,138,647
S01012346,1348,200,1148
S01012347,688,132,556
S01012348,1196,185,1011
S01012349,1143,203,940
S01012350,1194,210,984
S01012351,1015,189,826
S01012352,1217,215,1002
S01012353,826,162,664
S01012354,1057,247,810
S01012355,1147,190,957
S01012356,1137,183,954
S01012357,1000,163,837
S01012358,851,159,692
S01012359,917,211,706
S01012360,808,142,666
S01012361,885,181,704
S01012362,1240,229,1011
S01012363,1211,319,892
S01012364,830,176,654
S01012365,1176,171,1005
S01012366,1035,213,822
S01012367,1075,199,876
S01012368,873,188,685
S01012369,1124,221,903
S01012370,1413,299,1114
S01012371,1153,309,844
S01012372,1119,279,840
S01012373,1296,246,1050
S01012374,920,172,748
S01012375,1290,221,1069
S01012376,963,160,803
S01012377,705,130,575
S01012378,682,110,572
S01012379,600,99,501
S01012380,1406,225,1181
S01012381,1093,259,834
S01012382,1101,166,935
S01012383,1100,232,868
S01012384,573,131,442
S01012385,760,111,649
S01012386,1188,253,935
S01012387,936,155,781
S01012388,704,134,570
S01012389,983,130,853
S01012390,769,126,643
S01012391,1541,186,1355
S01012392,864,133,731
S01012393,1326,201,1125
S01012394,995,192,803
S01012395,848,150,698
S01012396,879,171,708
S01012397,845,187,658
S01012398,1058,214,844
S01012399,873,162,711
S01012400,925,164,761
S01012401,917,163,754
S01012402,460,61,399
S01012403,1025,175,850
S01012404,1343,221,1122
S01012405,726,86,640
S01012406,732,129,603
S01012407,1102,163,939
S01012408,850,136,714
S01012409,1131,216,915
S01012410,1339,211,1128
S01012411,1377,234,1143
S01012412,646,125,521
S01012413,1027,236,791
S01012414,693,149,544
S01012415,810,114,696
S01012416,559,95,464
S01012417,636,181,455
S01012418,788,199,589
S01012419,1104,278,826
S01012420,1094,252,842
S01012421,1022,254,768
S01012422,1269,270,999
S01012423,1031,224,807
S01012424,950,203,747
S01012425,626,215,411
S01012426,625,157,468
S01012427,811,226,585
S01012428,865,194,671
S01012429,558,162,396
S01012430,1038,232,806
S01012431,1099,289,810
S01012432,802,227,575
S01012433,790,258,532
S01012434,841,199,642
S01012435,891,204,687
S01012436,900,184,716
S01012437,811,168,643
S01012438,1078,170,908
S01012439,953,185,768
S01012440,943,131,812
S01012441,971,195,776
S01012442,1000,162,838
S01012443,746,111,635
S01012444,1508,302,1206
S01012445,100,13,87
S01012446,687,147,540
S01012447,998,169,829
S01012448,927,151,776
S01012449,709,132,577
S01012450,981,170,811
S01012451,916,227,689
S01012452,743,129,614
S01012453,1053,185,868
S01012454,1084,249,835
S01012455,612,79,533
S01012456,984,192,792
S01012457,1318,223,1095
S01012458,895,118,777
S01012459,885,121,764
S01012460,830,131,699
S01012461,607,127,480
S01012462,858,226,632
S01012463,857,250,607
S01012464,625,124,501
S01012465,872,228,644
S01012466,1060,242,818
S01012467,1269,297,972
S01012468,866,189,677
S01012469,1089,253,836
S01012470,962,251,711
S01012471,835,154,681
S01012472,823,163,660
S01012473,691,127,564
S01012474,812,229,583
S01012475,724,170,554
S01012476,1119,248,871
S01012477,798,119,679
S01012478,840,168,672
S01012479,1019,145,874
S01012480,756,178,578
S01012481,803,150,653
S01012482,889,255,634
S01012483,881,265,616
S01012484,1188,224,964
S01012485,1423,466,957
S01012486,874,319,555
S01012487,612,135,477
S01012488,903,241,662
S01012489,1234,294,940
S01012490,1192,342,850
S01012491,721,175,546
S01012492,953,316,637
S01012493,776,296,480
S01012494,1471,338,1133
S01012495,1121,290,831
S01012496,765,213,552
S01012497,604,199,405
S01012498,943,251,692
S01012499,1329,321,1008
S01012500,558,144,414
S01012501,1006,313,693
S01012502,1043,231,812
S01012503,637,187,450
S01012504,713,180,533
S01012505,1090,301,789
S01012506,493,137,356
S01012507,946,242,704
S01012508,825,213,612
S01012509,541,103,438
S01012510,1070,170,900
S01012511,787,173,614
S01012512,899,175,724
S01012513,550,66,484
S01012514,810,63,747
S01012515,820,234,586
S01012516,668,132,536
S01012517,1030,193,837
S01012518,871,160,711
S01012519,759,151,608
S01012520,826,194,632
S01012521,766,150,616
S01012522,946,162,784
S01012523,1076,222,854
S01012524,980,244,736
S01012525,951,191,760
S01012526,949,182,767
S01012527,625,141,484
S01012528,823,174,649
S01012529,858,173,685
S01012530,1097,209,888
S01012531,1106,200,906
S01012532,1164,214,950
S01012533,864,178,686
S01012534,952,291,661
S01012535,892,200,692
S01012536,817,155,662
S01012537,1096,272,824
S01012538,1264,299,965
S01012539,801,151,650
S01012540,1023,230,793
S01012541,1192,214,978
S01012542,1283,281,1002
S01012543,686,78,608
S01012544,980,219,761
S01012545,615,131,484
S01012546,941,176,765
S01012547,746,163,583
S01012548,1058,170,888
S01012549,806,166,640
S01012550,1007,188,819
S01012551,1145,164,981
S01012552,964,161,803
S01012553,827,103,724
S01012554,886,79,807
S01012555,541,55,486
S01012556,545,91,454
S01012557,812,140,672
S01012558,746,155,591
S01012559,1058,322,736
S01012560,1101,270,831
S01012561,1154,285,869
S01012562,1140,333,807
S01012563,758,122,636
S01012564,886,156,730
S01012565,1007,223,784
S01012566,769,188,581
S01012567,1124,266,858
S01012568,1044,170,874
S01012569,876,198,678
S01012570,734,140,594
S01012571,809,172,637
S01012572,572,106,466
S01012573,838,139,699
S01012574,1295,217,1078
S01012575,793,126,667
S01012576,1218,233,985
S01012577,994,158,836
S01012578,1497,348,1149
S01012579,824,133,691
S01012580,753,111,642
S01012581,1240,297,943
S01012582,1022,156,866
S01012583,689,159,530
S01012584,739,149,590
S01012585,1552,306,1246
S01012586,941,195,746
S01012587,1028,159,869
S01012588,739,129,610
S01012589,805,209,596
S01012590,1076,290,786
S01012591,1198,312,886
S01012592,696,97,599
S01012593,1198,149,1049
S01012594,664,142,522
S01012595,798,190,608
S01012596,788,175,613
S01012597,386,79,307
S01012598,746,121,625
S01012599,718,152,566
S01012600,692,95,597
S01012601,889,132,757
S01012602,701,233,468
S01012603,650,179,471
S01012604,849,190,659
S01012605,915,175,740
S01012606,352,30,322
S01012607,737,128,609
S01012608,1026,225,801
S01012609,968,238,730
S01012610,1255,345,910
S01012611,885,184,701
S01012612,1189,271,918
S01012613,1231,287,944
S01012614,1121,262,859
S01012615,1053,215,838
S01012616,1038,211,827
S01012617,839,89,750
S01012618,696,125,571
S01012619,723,215,508
S01012620,958,166,792
S01012621,909,180,729
S01012622,844,173,671
S01012623,865,195,670
S01012624,777,162,615
S01012625,698,167,531
S01012626,850,139,711
S01012627,635,124,511
S01012628,1599,258,1341
S01012629,333,77,256
S01012630,823,231,592
S01012631,1101,226,875
S01012632,726,141,585
S01012633,989,200,789
S01012634,1305,265,1040
S01012635,2056,331,1725
S01012636,1543,186,1357
S01012637,1083,252,831
S01012638,1032,244,788
S01012639,1572,508,1064
S01012640,1375,334,1041
S01012641,1105,382,723
S01012642,1668,374,1294
S01012643,573,145,428
S01012644,772,182,590
S01012645,1315,299,1016
S01012646,1260,194,1066
S01012647,1144,109,1035
S01012648,678,150,528
S01012649,887,189,698
S01012650,794,181,613
S01012651,822,200,622
S01012652,1045,167,878
S01012653,987,215,772
S01012654,922,185,737
S01012655,1381,398,983
S01012656,970,286,684
S01012657,991,186,805
S01012658,938,200,738
S01012659,785,67,718
S01012660,728,193,535
S01012661,921,222,699
S01012662,921,250,671
S01012663,935,221,714
S01012664,1045,255,790
S01012665,811,237,574
S01012666,741,233,508
S01012667,686,175,511
S01012668,1116,252,864
S01012669,1002,182,820
S01012670,696,143,553
S01012671,1482,406,1076
S01012672,839,266,573
S01012673,927,223,704
S01012674,731,207,524
S01012675,1046,254,792
S01012676,1042,202,840
S01012677,583,152,431
S01012678,727,114,613
S01012679,791,209,582
S01012680,557,99,458
S01012681,831,169,662
S01012682,864,256,608
S01012683,908,178,730
S01012684,458,111,347
S01012685,1195,260,935
S01012686,1243,203,1040
S01012687,1350,210,1140
S01012688,891,192,699
S01012689,593,95,498
S01012690,532,104,428
S01012691,1055,134,921
S01012692,1031,224,807
S01012693,905,110,795
S01012694,639,128,511
S01012695,830,142,688
S01012696,861,139,722
S01012697,509,67,442
S01012698,969,167,802
S01012699,1045,183,862
S01012700,900,162,738
S01012701,1127,186,941
S01012702,684,111,573
S01012703,723,95,628
S01012704,772,183,589
S01012705,780,70,710
S01012706,993,230,763
S01012707,898,112,786
S01012708,915,242,673
S01012709,613,179,434
S01012710,943,246,697
S01012711,1145,387,758
S01012712,912,141,771
S01012713,1087,239,848
S01012714,657,142,515
S01012715,971,239,732
S01012716,1090,232,858
S01012717,1138,312,826
S01012718,989,236,753
S01012719,1135,257,878
S01012720,863,175,688
S01012721,660,161,499
S01012722,1107,340,767
S01012723,827,233,594
S01012724,728,182,546
S01012725,1071,219,852
S01012726,971,215,756
S01012727,936,252,684
S01012728,1067,273,794
S01012729,948,169,779
S01012730,556,120,436
S01012731,797,171,626
S01012732,765,163,602
S01012733,3564,260,3304
S01012734,91,19,72
S01012735,551,145,406
S01012736,1279,240,1039
S01012737,1274,218,1056
S01012738,612,134,478
S01012739,105,15,90
S01012740,90,20,70
S01012741,555,54,501
S01012742,880,126,754
S01012743,966,152,814
S01012744,675,86,589
S01012745,920,192,728
S01012746,1129,170,959
S01012747,1147,213,934
S01012748,829,245,584
S01012749,876,198,678
S01012750,788,180,608
S01012751,1273,326,947
S01012752,832,189,643
S01012753,496,131,365
S01012754,908,247,661
S01012755,643,200,443
S01012756,1795,315,1480
S01012757,461,141,320
S01012758,695,158,537
S01012759,801,215,586
S01012760,1008,287,721
S01012761,994,268,726
S01012762,788,173,615
S01012763,612,161,451
S01012764,991,231,760
S01012765,597,147,450
S01012766,699,189,510
S01012767,791,143,648
S01012768,831,143,688
S01012769,1072,138,934
S01012770,839,191,648
S01012771,819,183,636
S01012772,1177,291,886
S01012773,1174,290,884
S01012774,859,197,662
S01012775,641,162,479
S01012776,794,208,586
S01012777,1167,210,957
S01012778,1199,246,953
S01012779,1036,195,841
S01012780,918,213,705
S01012781,655,136,519
S01012782,828,243,585
S01012783,931,245,686
S01012784,1053,237,816
S01012785,733,235,498
S01012786,1145,307,838
S01012787,560,112,448
S01012788,1005,221,784
S01012789,1021,232,789
S01012790,911,148,763
S01012791,810,164,646
S01012792,1082,350,732
S01012793,1043,323,720
S01012794,396,72,324
S01012795,1255,363,892
S01012796,925,191,734
S01012797,758,130,628
S01012798,1060,221,839
S01012799,1182,207,975
S01012800,1078,154,924
S01012801,504,141,363
S01012802,756,78,678
S01012803,840,99,741
S01012804,857,181,676
S01012805,1069,224,845
S01012806,937,165,772
S01012807,1497,162,1335
S01012808,1059,205,854
S01012809,861,192,669
S01012810,898,285,613
S01012811,862,188,674
S01012812,961,206,755
S01012813,1001,141,860
S01012814,922,117,805
S01012815,1343,154,1189
S01012816,806,141,665
S01012817,476,46,430
S01012818,1016,135,881
S01012819,1098,325,773
S01012820,2669,239,2430
S01012821,1794,154,1640
S01012822,846,234,612
S01012823,774,69,705
S01012824,1337,212,1125
S01012825,1548,358,1190
S01012826,1661,280,1381
S01012827,1524,214,1310
S01012828,2277,172,2105
S01012829,865,220,645
S01012830,690,194,496
S01012831,739,266,473
S01012832,544,103,441
S01012833,1006,261,745
S01012834,782,216,566
S01012835,980,293,687
S01012836,595,69,526
S01012837,998,265,733
S01012838,858,257,601
S01012839,666,116,550
S01012840,993,86,907
S01012841,721,121,600
S01012842,995,173,822
S01012843,1101,167,934
S01012844,918,119,799
S01012845,907,228,679
S01012846,1051,329,722
S01012847,756,140,616
S01012848,980,128,852
S01012849,1136,254,882
S01012850,918,309,609
S01012851,998,282,716
S01012852,1061,154,907
S01012853,924,240,684
S01012854,1195,190,1005
S01012855,1112,229,883
S01012856,912,313,599
S01012857,1372,484,888
S01012858,875,246,629
S01012859,1143,234,909
S01012860,1067,420,647
S01012861,687,132,555
S01012862,844,264,580
S01012863,748,211,537
S01012864,775,190,585
S01012865,1170,316,854
S01012866,910,232,678
S01012867,829,309,520
S01012868,778,241,537
S01012869,546,133,413
S01012870,915,225,690
S01012871,912,194,718
S01012872,885,132,753
S01012873,936,179,757
S01012874,890,233,657
S01012875,645,150,495
S01012876,933,276,657
S01012877,726,209,517
S01012878,927,107,820
S01012879,1057,212,845
S01012880,1039,200,839
S01012881,1402,310,1092
S01012882,1198,221,977
S01012883,968,327,641
S01012884,617,183,434
S01012885,792,179,613
S01012886,925,157,768
S01012887,734,123,611
S01012888,966,184,782
S01012889,1197,185,1012
S01012890,809,194,615
S01012891,742,185,557
S01012892,1194,345,849
S01012893,1007,271,736
S01012894,921,146,775
S01012895,673,103,570
S01012896,1009,296,713
S01012897,1690,189,1501
S01012898,1041,107,934
S01012899,701,185,516
S01012900,1383,330,1053
S01012901,2017,240,1777
S01012902,992,163,829
S01012903,949,190,759
S01012904,989,160,829
S01012905,906,192,714
S01012906,1072,203,869
S01012907,1060,267,793
S01012908,1139,346,793
S01012909,906,228,678
S01012910,1303,356,947
S01012911,799,192,607
S01012912,1338,331,1007
S01012913,985,224,761
S01012914,1110,212,898
S01012915,1060,146,914
S01012916,936,190,746
S01012917,717,90,627
S01012918,859,176,683
S01012919,455,105,350
S01012920,571,110,461
S01012921,705,141,564
S01012922,1012,189,823
S01012923,1112,155,957
S01012924,567,86,481
S01012925,604,69,535
S01012926,697,98,599
S01012927,772,139,633
S01012928,1035,168,867
S01012929,918,174,744
S01012930,978,261,717
S01012931,1145,229,916
S01012932,625,109,516
S01012933,864,181,683
S01012934,823,227,596
S01012935,1487,309,1178
S01012936,913,261,652
S01012937,846,168,678
S01012938,843,120,723
S01012939,829,71,758
S01012940,817,101,716
S01012941,789,69,720
S01012942,902,193,709
S01012943,872,108,764
S01012944,725,107,618
S01012945,749,80,669
S01012946,861,106,755
S01012947,578,56,522
S01012948,1064,127,937
S01012949,1390,145,1245
S01012950,1806,227,1579
S01012951,1068,80,988
S01012952,1554,126,1428
S01012953,685,84,601
S01012954,485,54,431
S01012955,1293,270,1023
S01012956,994,275,719
S01012957,791,174,617
S01012958,502,96,406
S01012959,572,74,498
S01012960,733,119,614
S01012961,973,115,858
S01012962,922,119,803
S01012963,1174,92,1082
S01012964,1517,188,1329
S01012965,878,201,677
S01012966,1016,184,832
S01012967,889,183,706
S01012968,829,138,691
S01012969,958,197,761
S01012970,839,178,661
S01012971,1041,178,863
S01012972,932,203,729
S01012973,1007,304,703
S01012974,1217,378,839
S01012975,846,242,604
S01012976,675,135,540
S01012977,875,142,733
S01012978,952,207,745
S01012979,876,164,712
S01012980,806,132,674
S01012981,874,153,721
S01012982,820,129,691
S01012983,745,128,617
S01012984,784,143,641
S01012985,869,157,712
S01012986,995,220,775
S01012987,1053,246,807
S01012988,1115,266,849
S01012989,1183,285,898
S01012990,1155,287,868
S01012991,1123,268,855
S01012992,1063,258,805
S01012993,1003,254,749
S01012994,949,223,726
S01012995,795,153,642
S01012996,885,145,740
S01012997,605,134,471
S01012998,1239,197,1042
S01012999,777,108,669
S01013000,1104,238,866
S01013001,382,58,324
S01013002,717,96,621
S01013003,736,101,635
S01013004,985,134,851
S01013005,743,88,655
S01013006,912,99,813
S01013007,1262,234,1028
S01013008,1218,197,1021
S01013009,820,161,659
S01013010,653,100,553
S01013011,945,113,832
S01013012,1192,183,1009
S01013013,1036,121,915
S01013014,789,152,637
S01013015,761,95,666
S01013016,996,153,843
S01013017,1120,199,921
S01013018,1167,168,999
S01013019,1536,147,1389
S01013020,1031,175,856
S01013021,1233,173,1060
S01013022,407,67,340
S01013023,950,117,833
S01013024,628,113,515
S01013025,1329,213,1116
S01013026,945,231,714
S01013027,1642,426,1216
S01013028,942,123,819
S01013029,692,176,516
S01013030,1221,195,1026
S01013031,635,128,507
S01013032,635,72,563
S01013033,774,111,663
S01013034,808,198,610
S01013035,814,188,626
S01013036,923,176,747
S01013037,1180,285,895
S01013038,1252,264,988
S01013039,527,49,478
S01013040,628,158,470
S01013041,587,113,474
S01013042,898,151,747
S01013043,815,215,600
S01013044,1139,243,896
S01013045,713,142,571
S01013046,656,148,508
S01013047,931,95,836
S01013048,1170,161,1009
S01013049,1037,184,853
S01013050,872,240,632
S01013051,931,230,701
S01013052,738,192,546
S01013053,1043,306,737
S01013054,967,233,734
S01013055,754,185,569
S01013056,1279,339,940
S01013057,996,219,777
S01013058,564,61,503
S01013059,1156,252,904
S01013060,617,141,476
S01013061,1081,199,882
S01013062,1119,258,861
S01013063,894,145,749
S01013064,1189,279,910
S01013065,1167,230,937
S01013066,822,180,642
S01013067,1393,137,1256
S01013068,1541,221,1320
S01013069,966,138,828
S01013070,948,109,839
S01013071,1027,82,945
S01013072,876,201,675
S01013073,1156,274,882
S01013074,1531,391,1140
S01013075,868,303,565
S01013076,931,89,842
S01013077,717,188,529
S01013078,800,193,607
S01013079,1524,245,1279
S01013080,1136,195,941
S01013081,708,99,609
S01013082,1311,194,1117
S01013083,2754,169,2585
S01013084,1004,163,841
S01013085,1065,218,847
S01013086,1032,147,885
S01013087,2821,191,2630
S01013088,927,113,814
S01013089,837,164,673
S01013090,1346,151,1195
S01013091,875,116,759
S01013092,1335,242,1093
S01013093,472,79,393
S01013094,748,99,649
S01013095,1901,128,1773
S01013096,833,118,715
S01013097,2006,160,1846
S01013098,59,12,47
S01013099,908,214,694
S01013100,968,156,812
S01013101,1672,359,1313
S01013102,706,121,585
S01013103,863,84,779
S01013104,1087,164,923
S01013105,901,125,776
S01013106,1063,194,869
S01013107,856,112,744
S01013108,668,100,568
S01013109,1588,242,1346
S01013110,598,97,501
S01013111,750,117,633
S01013112,891,116,775
S01013113,1031,226,805
S01013114,1414,255,1159
S01013115,947,237,710
S01013116,963,195,768
S01013117,1037,172,865
S01013118,1043,161,882
S01013119,785,149,636
S01013120,1151,219,932
S01013121,454,73,381
S01013122,862,219,643
S01013123,932,210,722
S01013124,1123,308,815
S01013125,895,262,633
S01013126,978,246,732
S01013127,1128,308,820
S01013128,1003,269,734
S01013129,1356,384,972
S01013130,1043,330,713
S01013131,917,180,737
S01013132,705,189,516
S01013133,980,368,612
S01013134,840,182,658
S01013135,1025,256,769
S01013136,1157,304,853
S01013137,990,280,710
S01013138,903,217,686
S01013139,1115,328,787
S01013140,1083,314,769
S01013141,647,184,463
S01013142,1054,390,664
S01013143,1023,262,761
S01013144,894,257,637
S01013145,919,270,649
S01013146,558,146,412
S01013147,799,191,608
S01013148,1044,225,819
S01013149,824,175,649
S01013150,846,229,617
S01013151,569,100,469
S01013152,1407,374,1033
S01013153,987,246,741
S01013154,1358,330,1028
S01013155,908,158,750
S01013156,1079,258,821
S01013157,1243,257,986
S01013158,856,150,706
S01013159,844,119,725
S01013160,1006,170,836
S01013161,1021,202,819
S01013162,1141,275,866
S01013163,834,124,710
S01013164,1203,306,897
S01013165,1298,332,966
S01013166,779,220,559
S01013167,1192,306,886
S01013168,1067,300,767
S01013169,776,262,514
S01013170,1251,318,933
S01013171,787,128,659
S01013172,853,169,684
S01013173,799,130,669
S01013174,1142,128,1014
S01013175,837,118,719
S01013176,1014,262,752
S01013177,1115,259,856
S01013178,719,160,559
S01013179,1406,251,1155
S01013180,434,48,386
S01013181,967,194,773
S01013182,844,232,612
S01013183,1016,188,828
S01013184,572,107,465
S01013185,1047,217,830
S01013186,734,133,601
S01013187,957,213,744
S01013188,1010,175,835
S01013189,821,148,673
S01013190,897,192,705
S01013191,1055,132,923
S01013192,1076,268,808
S01013193,649,121,528
S01013194,1201,190,1011
S01013195,991,267,724
S01013196,680,112,568
S01013197,577,154,423
S01013198,886,247,639
S01013199,907,260,647
S01013200,978,316,662
S01013201,826,253,573
S01013202,574,135,439
S01013203,1014,202,812
S01013204,1040,146,894
S01013205,766,179,587
S01013206,904,238,666
S01013207,1170,276,894
S01013208,753,203,550
S01013209,1018,263,755
S01013210,784,134,650
S01013211,958,231,727
S01013212,852,78,774
S01013213,939,101,838
S01013214,438,58,380
S01013215,762,149,613
S01013216,822,155,667
S01013217,803,156,647
S01013218,754,146,608
S01013219,661,166,495
S01013220,892,211,681
S01013221,937,242,695
S01013222,690,222,468
S01013223,1389,398,991
S01013224,1110,246,864
S01013225,1223,236,987
S01013226,799,104,695
S01013227,586,166,420
S01013228,819,178,641
S01013229,1008,255,753
S01013230,898,260,638
S01013231,1296,278,1018
S01013232,779,235,544
S01013233,579,142,437
S01013234,644,90,554
S01013235,1064,266,798
S01013236,989,174,815
S01013237,1028,183,845
S01013238,1063,323,740
S01013239,941,222,719
S01013240,758,177,581
S01013241,821,131,690
S01013242,661,115,546
S01013243,815,177,638
S01013244,1219,331,888
S01013245,1009,190,819
S01013246,467,87,380
S01013247,962,265,697
S01013248,710,182,528
S01013249,1130,254,876
S01013250,1417,220,1197
S01013251,993,220,773
S01013252,1208,266,942
S01013253,856,179,677
S01013254,866,215,651
S01013255,1630,358,1272
S01013256,1020,250,770
S01013257,1034,259,775
S01013258,985,186,799
S01013259,1313,284,1029
S01013260,880,200,680
S01013261,1187,245,942
S01013262,827,193,634
S01013263,1125,95,1030
S01013264,290,34,256
S01013265,979,83,896
S01013266,416,26,390
S01013267,917,240,677
S01013268,1222,256,966
S01013269,1132,143,989
S01013270,829,58,771
S01013271,1221,150,1071
S01013272,1198,130,1068
S01013273,942,74,868
S01013274,938,132,806
S01013275,1125,213,912
S01013276,979,154,825
S01013277,889,201,688
S01013278,1145,355,790
S01013279,875,186,689
S01013280,817,165,652
S01013281,963,217,746
S01013282,827,149,678
S01013283,1116,173,943
S01013284,651,63,588
S01013285,764,94,670
S01013286,764,124,640
S01013287,783,81,702
S01013288,714,140,574
S01013289,1031,133,898
S01013290,1172,165,1007
S01013291,1217,159,1058
S01013292,849,113,736
S01013293,855,104,751
S01013294,866,134,732
S01013295,887,112,775
S01013296,871,201,670
S01013297,1163,271,892
S01013298,779,181,598
S01013299,1308,244,1064
S01013300,1212,246,966
S01013301,681,150,531
S01013302,1472,188,1284
S01013303,1548,325,1223
S01013304,1017,212,805
S01013305,952,220,732
S01013306,1023,234,789
S01013307,1200,217,983
S01013308,1380,254,1126
S01013309,898,141,757
S01013310,649,125,524
S01013311,1184,198,986
S01013312,1593,381,1212
S01013313,692,136,556
S01013314,834,173,661
S01013315,267,46,221
S01013316,692,146,546
S01013317,665,94,571
S01013318,709,78,631
S01013319,870,97,773
S01013320,744,55,689
S01013321,500,130,370
S01013322,801,206,595
S01013323,947,226,721
S01013324,1019,210,809
S01013325,1309,271,1038
S01013326,969,204,765
S01013327,868,168,700
S01013328,740,151,589
S01013329,538,130,408
S01013330,1002,132,870
S01013331,647,63,584
S01013332,825,182,643
S01013333,1128,165,963
S01013334,787,154,633
S01013335,1018,190,828
S01013336,1041,208,833
S01013337,2887,381,2506
S01013338,407,72,335
S01013339,863,129,734
S01013340,1315,207,1108
S01013341,898,119,779
S01013342,832,230,602
S01013343,757,126,631
S01013344,1390,271,1119
S01013345,855,141,714
S01013346,914,58,856
S01013347,691,95,596
S01013348,1530,143,1387
S01013349,1047,127,920
S01013350,1447,183,1264
S01013351,784,149,635
S01013352,1013,174,839
S01013353,1113,217,896
S01013354,885,192,693
S01013355,932,179,753
S01013356,972,241,731
S01013357,1103,207,896
S01013358,977,246,731
S01013359,621,181,440
S01013360,687,190,497
S01013361,1403,335,1068
S01013362,583,144,439
S01013363,1134,237,897
S01013364,788,163,625
S01013365,1236,231,1005
S01013366,635,69,566
S01013367,741,89,652
S01013368,891,217,674
S01013369,911,230,681
S01013370,902,230,672
S01013371,856,241,615
S01013372,1148,303,845
S01013373,1386,342,1044
S01013374,1080,305,775
S01013375,676,169,507
S01013376,661,175,486
S01013377,772,212,560
S01013378,1058,184,874
S01013379,1195,226,969
S01013380,1400,210,1190
S01013381,750,164,586
S01013382,1031,242,789
S01013383,811,294,517
S01013384,1151,285,866
S01013385,694,135,559
S01013386,800,116,684
S01013387,740,185,555
S01013388,759,205,554
S01013389,980,183,797
S01013390,548,130,418
S01013391,1039,204,835
S01013392,1077,120,957
S01013393,1904,302,1602
S01013394,742,172,570
S01013395,1518,249,1269
S01013396,1197,128,1069
S01013397,945,206,739
S01013398,234,37,197
S01013399,1171,208,963
S01013400,637,117,520
S01013401,3730,293,3437
S01013402,194,13,181
S01013403,96,22,74
S01013404,4319,354,3965
S01013405,663,141,522
S01013406,708,163,545
S01013407,1820,295,1525
S01013408,837,171,666
S01013409,1301,182,1119
S01013410,596,108,488
S01013411,940,157,783
S01013412,797,155,642
S01013413,1030,236,794
S01013414,955,303,652
S01013415,852,255,597
S01013416,576,140,436
S01013417,821,187,634
S01013418,519,103,416
S01013419,562,77,485
S01013420,1257,187,1070
S01013421,932,84,848
S01013422,968,191,777
S01013423,888,173,715
S01013424,808,118,690
S01013425,429,69,360
S01013426,895,202,693
S01013427,746,87,659
S01013428,1613,282,1331
S01013429,1525,278,1247
S01013430,1786,256,1530
S01013431,1013,197,816
S01013432,821,166,655
S01013433,746,121,625
S01013434,534,60,474
S01013435,786,64,722
S01013436,1005,159,846
S01013437,792,128,664
S01013438,709,155,554
S01013439,899,106,793
S01013440,1293,166,1127
S01013441,892,153,739
S01013442,907,125,782
S01013443,635,86,549
S01013444,1209,242,967
S01013445,717,177,540
S01013446,713,137,576
S01013447,645,31,614
S01013448,1091,194,897
S01013449,782,90,692
S01013450,822,73,749
S01013451,871,95,776
S01013452,629,58,571
S01013453,1018,193,825
S01013454,753,100,653
S01013455,560,102,458
S01013456,1044,224,820
S01013457,1021,231,790
S01013458,832,138,694
S01013459,1026,278,748
S01013460,1021,207,814
S01013461,1198,178,1020
S01013462,947,146,801
S01013463,997,150,847
S01013464,816,170,646
S01013465,785,182,603
S01013466,459,47,412
S01013467,950,127,823
S01013468,683,162,521
S01013469,1012,223,789
S01013470,964,195,769
S01013471,935,189,746
S01013472,1221,148,1073
S01013473,525,78,447
S01013474,756,81,675
S01013475,1650,219,1431
S01013476,626,117,509
S01013477,993,231,762
S01013478,951,182,769
S01013479,1034,217,817
S01013480,671,170,501
S01013481,1309,185,1124
