dz_2011,total,no_llti,llti
S01006506,872,736,136
S01006507,1042,883,159
S01006508,888,788,100
S01006509,693,585,108
S01006510,748,579,169
S01006511,1083,883,200
S01006512,395,333,62
S01006513,1166,1003,163
S01006514,1240,1094,146
S01006515,1123,1011,112
S01006516,910,807,103
S01006517,1014,878,136
S01006518,957,835,122
S01006519,865,755,110
S01006520,883,834,49
S01006521,743,685,58
S01006522,574,525,49
S01006523,1501,1244,257
S01006524,1320,988,332
S01006525,1289,1068,221
S01006526,1404,1136,268
S01006527,1328,1075,253
S01006528,1127,935,192
S01006529,1086,902,184
S01006530,1133,827,306
S01006531,1311,1030,281
S01006532,1002,805,197
S01006533,837,740,97
S01006534,910,813,97
S01006535,1105,1016,89
S01006536,1347,1221,126
S01006537,847,729,118
S01006538,664,559,105
S01006539,1025,802,223
S01006540,1264,1072,192
S01006541,952,771,181
S01006542,1001,850,151
S01006543,1075,892,183
S01006544,1430,1221,209
S01006545,1276,1019,257
S01006546,1128,944,184
S01006547,1461,1171,290
S01006548,721,619,102
S01006549,927,768,159
S01006550,1181,964,217
S01006551,1009,811,198
S01006552,1252,1061,191
S01006553,1027,747,280
S01006554,942,742,200
S01006555,1019,808,211
S01006556,976,714,262
S01006557,799,626,173
S01006558,843,736,107
S01006559,703,648,55
S01006560,1033,861,172
S01006561,852,748,104
S01006562,978,792,186
S01006563,1023,889,134
S01006564,1190,995,195
S01006565,1206,1035,171
S01006566,832,750,82
S01006567,1211,1027,184
S01006568,1135,1049,86
S01006569,748,678,70
S01006570,899,811,88
S01006571,1237,1130,107
S01006572,1371,1213,158
S01006573,724,662,62
S01006574,1001,884,117
S01006575,1180,1045,135
S01006576,902,809,93
S01006577,904,832,72
S01006578,1744,1543,201
S01006579,1367,1274,93
S01006580,855,766,89
S01006581,1344,1190,154
S01006582,695,626,69
S01006583,1091,1029,62
S01006584,919,874,45
S01006585,872,752,120
S01006586,941,796,145
S01006587,658,602,56
S01006588,915,853,62
S01006589,1330,1192,138
S01006590,649,580,69
S01006591,880,822,58
S01006592,654,625,29
S01006593,923,835,88
S01006594,794,682,112
S01006595,1031,953,78
S01006596,924,800,124
S01006597,790,723,67
S01006598,1295,1203,92
S01006599,1157,906,251
S01006600,1424,1167,257
S01006601,1002,884,118
S01006602,1044,889,155
S01006603,1337,1021,316
S01006604,920,722,198
S01006605,929,703,226
S01006606,1244,956,288
S01006607,1260,1023,237
S01006608,1555,1383,172
S01006609,1352,1063,289
S01006610,701,527,174
S01006611,1111,846,265
S01006612,997,818,179
S01006613,453,410,43
S01006614,908,856,52
S01006615,402,359,43
S01006616,755,698,57
S01006617,994,839,155
S01006618,514,442,72
S01006619,948,800,148
S01006620,1020,871,149
S01006621,748,629,119
S01006622,669,617,52
S01006623,1410,1120,290
S01006624,959,793,166
S01006625,844,686,158
S01006626,866,683,183
S01006627,859,726,133
S01006628,1410,1241,169
S01006629,959,717,242
S01006630,852,597,255
S01006631,1102,858,244
S01006632,1045,860,185
S01006633,950,768,182
S01006634,870,712,158
S01006635,1040,808,232
S01006636,1084,881,203
S01006637,753,592,161
S01006638,1111,864,247
S01006639,1006,788,218
S01006640,817,771,46
S01006641,1351,1166,185
S01006642,1373,1257,116
S01006643,1248,1148,100
S01006644,1031,892,139
S01006645,1548,1287,261
S01006646,1369,1227,142
S01006647,961,850,111
S01006648,2018,1833,185
S01006649,1204,1051,153
S01006650,1422,1260,162
S01006651,776,658,118
S01006652,826,742,84
S01006653,818,751,67
S01006654,914,701,213
S01006655,724,582,142
S01006656,1095,952,143
S01006657,599,545,54
S01006658,1280,1157,123
S01006659,883,798,85
S01006660,833,728,105
S01006661,736,649,87
S01006662,942,809,133
S01006663,1309,1205,104
S01006664,511,455,56
S01006665,935,851,84
S01006666,1818,1421,397
S01006667,1260,951,309
S01006668,908,830,78
S01006669,1334,1093,241
S01006670,929,792,137
S01006671,2611,2405,206
S01006672,810,677,133
S01006673,973,845,128
S01006674,1048,789,259
S01006675,774,653,121
S01006676,881,697,184
S01006677,723,592,131
S01006678,1273,1053,220
S01006679,945,782,163
S01006680,971,806,165
S01006681,1097,783,314
S01006682,956,775,181
S01006683,1283,1109,174
S01006684,870,714,156
S01006685,910,690,220
S01006686,952,731,221
S01006687,1000,804,196
S01006688,1041,729,312
S01006689,629,589,40
S01006690,795,667,128
S01006691,918,773,145
S01006692,862,745,117
S01006693,1274,1084,190
S01006694,1144,788,356
S01006695,712,548,164
S01006696,1150,888,262
S01006697,1163,953,210
S01006698,936,694,242
S01006699,784,651,133
S01006700,1228,953,275
S01006701,1040,808,232
S01006702,934,706,228
S01006703,773,612,161
S01006704,805,599,206
S01006705,944,716,228
S01006706,809,637,172
S01006707,685,544,141
S01006708,865,633,232
S01006709,1245,957,288
S01006710,1064,797,267
S01006711,1125,828,297
S01006712,631,457,174
S01006713,939,694,245
S01006714,900,699,201
S01006715,1123,924,199
S01006716,606,486,120
S01006717,1068,799,269
S01006718,627,497,130
S01006719,1031,828,203
S01006720,745,606,139
S01006721,942,731,211
S01006722,856,690,166
S01006723,987,757,230
S01006724,1367,1053,314
S01006725,960,737,223
S01006726,1391,1183,208
S01006727,1370,1052,318
S01006728,887,747,140
S01006729,986,775,211
S01006730,778,639,139
S01006731,503,393,110
S01006732,1494,1301,193
S01006733,911,838,73
S01006734,1147,1000,147
S01006735,929,796,133
S01006736,1318,1243,75
S01006737,1059,943,116
S01006738,829,737,92
S01006739,607,539,68
S01006740,1039,792,247
S01006741,754,541,213
S01006742,460,345,115
S01006743,1081,880,201
S01006744,662,547,115
S01006745,1048,801,247
S01006746,846,653,193
S01006747,1141,926,215
S01006748,1163,979,184
S01006749,1351,1051,300
S01006750,812,618,194
S01006751,509,377,132
S01006752,810,659,151
S01006753,913,774,139
S01006754,1132,978,154
S01006755,1090,934,156
S01006756,990,835,155
S01006757,1306,1065,241
S01006758,694,630,64
S01006759,1334,1157,177
S01006760,593,525,68
S01006761,927,812,115
S01006762,939,703,236
S01006763,1100,1027,73
S01006764,790,719,71
S01006765,725,657,68
S01006766,608,559,49
S01006767,869,661,208
S01006768,599,542,57
S01006769,1283,1128,155
S01006770,655,584,71
S01006771,563,517,46
S01006772,1218,1072,146
S01006773,734,614,120
S01006774,861,744,117
S01006775,758,641,117
S01006776,662,485,177
S01006777,918,819,99
S01006778,867,721,146
S01006779,1058,857,201
S01006780,868,720,148
S01006781,972,796,176
S01006782,1016,911,105
S01006783,672,549,123
S01006784,706,606,100
S01006785,785,658,127
S01006786,1087,948,139
S01006787,969,824,145
S01006788,646,591,55
S01006789,942,772,170
S01006790,980,769,211
S01006791,536,433,103
S01006792,696,585,111
S01006793,619,505,114
S01006794,775,621,154
S01006795,777,655,122
S01006796,795,684,111
S01006797,752,661,91
S01006798,738,649,89
S01006799,1053,862,191
S01006800,960,849,111
S01006801,1414,1184,230
S01006802,675,561,114
S01006803,766,630,136
S01006804,1274,1131,143
S01006805,1346,1184,162
S01006806,1095,949,146
S01006807,620,534,86
S01006808,973,827,146
S01006809,975,782,193
S01006810,1010,840,170
S01006811,1090,972,118
S01006812,835,731,104
S01006813,996,855,141
S01006814,1109,979,130
S01006815,753,627,126
S01006816,944,777,167
S01006817,865,744,121
S01006818,719,622,97
S01006819,1266,1157,109
S01006820,640,579,61
S01006821,1161,1040,121
S01006822,759,673,86
S01006823,885,753,132
S01006824,736,611,125
S01006825,1017,900,117
S01006826,1310,1099,211
S01006827,1041,852,189
S01006828,1011,833,178
S01006829,706,654,52
S01006830,634,539,95
S01006831,1231,1039,192
S01006832,1029,850,179
S01006833,730,607,123
S01006834,336,301,35
S01006835,1291,993,298
S01006836,514,473,41
S01006837,1004,893,111
S01006838,979,884,95
S01006839,933,793,140
S01006840,1211,1084,127
S01006841,1332,1176,156
S01006842,996,860,136
S01006843,965,852,113
S01006844,671,589,82
S01006845,1033,932,101
S01006846,890,710,180
S01006847,807,682,125
S01006848,1396,1262,134
S01006849,1300,1192,108
S01006850,1119,973,146
S01006851,805,647,158
S01006852,595,518,77
S01006853,948,872,76
S01006854,1601,1378,223
S01006855,790,697,93
S01006856,942,838,104
S01006857,1052,932,120
S01006858,642,572,70
S01006859,1439,1300,139
S01006860,692,555,137
S01006861,861,787,74
S01006862,933,788,145
S01006863,1291,1161,130
S01006864,148,126,22
S01006865,938,804,134
S01006866,636,551,85
S01006867,1210,1051,159
S01006868,879,744,135
S01006869,581,490,91
S01006870,630,544,86
S01006871,1006,883,123
S01006872,1639,1477,162
S01006873,1250,972,278
S01006874,584,507,77
S01006875,1009,790,219
S01006876,1121,951,170
S01006877,1101,954,147
S01006878,958,797,161
S01006879,1135,911,224
S01006880,787,698,89
S01006881,578,499,79
S01006882,841,665,176
S01006883,646,538,108
S01006884,1050,875,175
S01006885,754,642,112
S01006886,733,633,100
S01006887,905,793,112
S01006888,939,818,121
S01006889,647,536,111
S01006890,1070,899,171
S01006891,645,557,88
S01006892,584,470,114
S01006893,1004,857,147
S01006894,597,469,128
S01006895,474,397,77
S01006896,749,637,112
S01006897,1007,888,119
S01006898,548,458,90
S01006899,510,473,37
S01006900,455,410,45
S01006901,793,664,129
S01006902,693,590,103
S01006903,947,774,173
S01006904,569,431,138
S01006905,1010,828,182
S01006906,948,710,238
S01006907,716,593,123
S01006908,911,745,166
S01006909,428,379,49
S01006910,501,451,50
S01006911,1869,1764,105
S01006912,245,209,36
S01006913,2012,1910,102
S01006914,862,763,99
S01006915,848,767,81
S01006916,360,323,37
S01006917,1458,1377,81
S01006918,1807,1686,121
S01006919,687,607,80
S01006920,816,665,151
S01006921,1086,1005,81
S01006922,2000,1865,135
S01006923,1473,1293,180
S01006924,758,684,74
S01006925,499,432,67
S01006926,1739,1637,102
S01006927,374,329,45
S01006928,2797,2545,252
S01006929,1797,1658,139
S01006930,677,589,88
S01006931,1948,1835,113
S01006932,838,778,60
S01006933,801,738,63
S01006934,1749,1561,188
S01006935,911,791,120
S01006936,698,594,104
S01006937,786,682,104
S01006938,844,727,117
S01006939,615,555,60
S01006940,995,891,104
S01006941,1283,1164,119
S01006942,2211,2074,137
S01006943,1763,1668,95
S01006944,83,74,9
S01006945,894,789,105
S01006946,1348,1229,119
S01006947,1444,1327,117
S01006948,1443,1290,153
S01006949,765,697,68
S01006950,718,661,57
S01006951,1316,1144,172
S01006952,1529,1345,184
S01006953,1542,1392,150
S01006954,1765,1581,184
S01006955,622,521,101
S01006956,1548,1416,132
S01006957,1675,1504,171
S01006958,1006,794,212
S01006959,856,611,245
S01006960,2275,2132,143
S01006961,2321,2140,181
S01006962,871,739,132
S01006963,971,848,123
S01006964,850,749,101
S01006965,501,406,95
S01006966,731,624,107
S01006967,744,670,74
S01006968,1120,866,254
S01006969,1009,806,203
S01006970,614,531,83
S01006971,991,811,180
S01006972,522,458,64
S01006973,594,490,104
S01006974,1389,1241,148
S01006975,1168,1037,131
S01006976,2534,2364,170
S01006977,2911,2681,230
S01006978,855,711,144
S01006979,1437,1226,211
S01006980,688,604,84
S01006981,798,711,87
S01006982,1212,1095,117
S01006983,1001,864,137
S01006984,976,881,95
S01006985,1345,1152,193
S01006986,777,663,114
S01006987,1039,886,153
S01006988,765,674,91
S01006989,855,775,80
S01006990,1009,925,84
S01006991,617,511,106
S01006992,883,770,113
S01006993,740,629,111
S01006994,642,538,104
S01006995,1152,1000,152
S01006996,939,828,111
S01006997,786,719,67
S01006998,1206,1048,158
S01006999,872,725,147
S01007000,1439,1226,213
S01007001,1382,1170,212
S01007002,758,641,117
S01007003,616,546,70
S01007004,1043,888,155
S01007005,1041,922,119
S01007006,1003,824,179
S01007007,848,715,133
S01007008,884,686,198
S01007009,1297,1072,225
S01007010,880,666,214
S01007011,1124,869,255
S01007012,921,758,163
S01007013,1287,1058,229
S01007014,1389,1206,183
S01007015,739,636,103
S01007016,592,526,66
S01007017,1047,857,190
S01007018,1204,1044,160
S01007019,1061,851,210
S01007020,1373,1091,282
S01007021,1369,1064,305
S01007022,851,711,140
S01007023,678,530,148
S01007024,1203,951,252
S01007025,1188,923,265
S01007026,1026,758,268
S01007027,1314,1020,294
S01007028,1507,1207,300
S01007029,662,527,135
S01007030,1009,829,180
S01007031,630,500,130
S01007032,1165,881,284
S01007033,1060,832,228
S01007034,1057,839,218
S01007035,922,733,189
S01007036,1135,904,231
S01007037,1157,928,229
S01007038,854,708,146
S01007039,967,811,156
S01007040,1237,1014,223
S01007041,925,722,203
S01007042,987,817,170
S01007043,1112,909,203
S01007044,1013,807,206
S01007045,948,769,179
S01007046,574,437,137
S01007047,1014,799,215
S01007048,1303,1065,238
S01007049,1039,834,205
S01007050,1042,859,183
S01007051,1029,884,145
S01007052,573,492,81
S01007053,802,672,130
S01007054,1130,905,225
S01007055,515,464,51
S01007056,902,747,155
S01007057,833,698,135
S01007058,768,580,188
S01007059,1336,1098,238
S01007060,604,489,115
S01007061,1155,1029,126
S01007062,758,656,102
S01007063,1503,1243,260
S01007064,762,644,118
S01007065,950,806,144
S01007066,648,535,113
S01007067,1290,1057,233
S01007068,692,498,194
S01007069,997,806,191
S01007070,733,575,158
S01007071,1234,1061,173
S01007072,1482,1276,206
S01007073,1529,1285,244
S01007074,1102,928,174
S01007075,901,756,145
S01007076,1048,912,136
S01007077,757,609,148
S01007078,964,746,218
S01007079,1226,892,334
S01007080,790,582,208
S01007081,1064,868,196
S01007082,699,561,138
S01007083,937,679,258
S01007084,911,656,255
S01007085,1118,948,170
S01007086,1385,1143,242
S01007087,986,766,220
S01007088,651,506,145
S01007089,529,462,67
S01007090,540,476,64
S01007091,1388,1246,142
S01007092,624,442,182
S01007093,987,788,199
S01007094,2273,1993,280
S01007095,736,623,113
S01007096,1172,997,175
S01007097,2158,1924,234
S01007098,1650,1461,189
S01007099,883,754,129
S01007100,868,723,145
S01007101,1358,1083,275
S01007102,847,691,156
S01007103,832,688,144
S01007104,486,393,93
S01007105,655,504,151
S01007106,898,681,217
S01007107,766,649,117
S01007108,1249,1040,209
S01007109,1526,1246,280
S01007110,1052,874,178
S01007111,534,439,95
S01007112,928,767,161
S01007113,758,549,209
S01007114,888,731,157
S01007115,720,571,149
S01007116,1304,1138,166
S01007117,553,476,77
S01007118,847,678,169
S01007119,964,784,180
S01007120,1163,940,223
S01007121,835,589,246
S01007122,594,478,116
S01007123,965,717,248
S01007124,1095,899,196
S01007125,867,690,177
S01007126,1090,845,245
S01007127,1030,838,192
S01007128,979,721,258
S01007129,956,853,103
S01007130,676,547,129
S01007131,1096,893,203
S01007132,700,607,93
S01007133,674,566,108
S01007134,860,695,165
S01007135,806,685,121
S01007136,661,597,64
S01007137,842,780,62
S01007138,957,831,126
S01007139,776,656,120
S01007140,1022,849,173
S01007141,1331,1136,195
S01007142,201,184,17
S01007143,1174,1060,114
S01007144,2358,2031,327
S01007145,892,702,190
S01007146,881,724,157
S01007147,830,665,165
S01007148,538,473,65
S01007149,850,671,179
S01007150,750,548,202
S01007151,1188,1015,173
S01007152,787,617,170
S01007153,916,726,190
S01007154,1000,732,268
S01007155,715,557,158
S01007156,1127,949,178
S01007157,875,715,160
S01007158,1043,895,148
S01007159,933,755,178
S01007160,969,782,187
S01007161,1114,899,215
S01007162,608,484,124
S01007163,1019,828,191
S01007164,778,617,161
S01007165,987,767,220
S01007166,1096,884,212
S01007167,795,650,145
S01007168,965,801,164
S01007169,854,699,155
S01007170,744,631,113
S01007171,1048,891,157
S01007172,1330,1140,190
S01007173,523,449,74
S01007174,1004,822,182
S01007175,922,705,217
S01007176,1078,851,227
S01007177,801,644,157
S01007178,1045,814,231
S01007179,1320,1042,278
S01007180,1009,783,226
S01007181,1158,882,276
S01007182,1250,989,261
S01007183,1321,1003,318
S01007184,1039,792,247
S01007185,979,725,254
S01007186,777,610,167
S01007187,804,594,210
S01007188,803,632,171
S01007189,910,618,292
S01007190,935,681,254
S01007191,735,583,152
S01007192,784,628,156
S01007193,893,714,179
S01007194,641,523,118
S01007195,1056,865,191
S01007196,974,832,142
S01007197,743,617,126
S01007198,532,444,88
S01007199,1091,855,236
S01007200,849,705,144
S01007201,1014,809,205
S01007202,735,575,160
S01007203,840,694,146
S01007204,1078,879,199
S01007205,843,721,122
S01007206,392,310,82
S01007207,1048,881,167
S01007208,990,792,198
S01007209,833,620,213
S01007210,1067,877,190
S01007211,967,748,219
S01007212,847,723,124
S01007213,912,710,202
S01007214,1074,761,313
S01007215,984,786,198
S01007216,791,623,168
S01007217,1186,965,221
S01007218,992,847,145
S01007219,1097,893,204
S01007220,787,628,159
S01007221,1105,928,177
S01007222,1100,927,173
S01007223,714,618,96
S01007224,742,609,133
S01007225,1206,1035,171
S01007226,1027,887,140
S01007227,1533,1248,285
S01007228,819,691,128
S01007229,1249,1069,180
S01007230,1291,1041,250
S01007231,818,601,217
S01007232,726,573,153
S01007233,788,653,135
S01007234,630,512,118
S01007235,1078,853,225
S01007236,1094,847,247
S01007237,779,632,147
S01007238,1007,821,186
S01007239,1422,1133,289
S01007240,539,435,104
S01007241,1174,978,196
S01007242,1158,939,219
S01007243,1415,1185,230
S01007244,721,590,131
S01007245,776,619,157
S01007246,891,754,137
S01007247,1082,871,211
S01007248,1060,873,187
S01007249,609,468,141
S01007250,822,675,147
S01007251,893,729,164
S01007252,925,769,156
S01007253,798,644,154
S01007254,948,692,256
S01007255,1038,835,203
S01007256,935,757,178
S01007257,894,748,146
S01007258,886,703,183
S01007259,1048,803,245
S01007260,1218,989,229
S01007261,1051,853,198
S01007262,712,579,133
S01007263,1142,907,235
S01007264,869,676,193
S01007265,1216,899,317
S01007266,823,656,167
S01007267,610,525,85
S01007268,596,476,120
S01007269,667,540,127
S01007270,457,388,69
S01007271,1146,928,218
S01007272,1141,925,216
S01007273,760,656,104
S01007274,905,680,225
S01007275,729,563,166
S01007276,1159,942,217
S01007277,919,767,152
S01007278,941,788,153
S01007279,674,568,106
S01007280,676,572,104
S01007281,1181,1023,158
S01007282,538,478,60
S01007283,1023,757,266
S01007284,848,660,188
S01007285,1145,931,214
S01007286,1464,1214,250
S01007287,616,516,100
S01007288,667,544,123
S01007289,1011,869,142
S01007290,1136,956,180
S01007291,637,491,146
S01007292,771,666,105
S01007293,1080,932,148
S01007294,1054,867,187
S01007295,677,497,180
S01007296,563,452,111
S01007297,1176,1008,168
S01007298,532,427,105
S01007299,1008,847,161
S01007300,668,548,120
S01007301,870,710,160
S01007302,796,632,164
S01007303,1117,858,259
S01007304,693,553,140
S01007305,1008,843,165
S01007306,1252,1055,197
S01007307,1088,916,172
S01007308,882,715,167
S01007309,815,655,160
S01007310,865,698,167
S01007311,926,748,178
S01007312,862,675,187
S01007313,972,808,164
S01007314,875,743,132
S01007315,940,790,150
S01007316,1141,886,255
S01007317,1153,947,206
S01007318,607,509,98
S01007319,857,679,178
S01007320,894,738,156
S01007321,595,465,130
S01007322,836,686,150
S01007323,449,354,95
S01007324,328,252,76
S01007325,833,659,174
S01007326,970,777,193
S01007327,886,667,219
S01007328,1077,860,217
S01007329,702,546,156
S01007330,778,593,185
S01007331,1082,885,197
S01007332,624,509,115
S01007333,1123,889,234
S01007334,995,736,259
S01007335,898,708,190
S01007336,762,563,199
S01007337,658,473,185
S01007338,1084,874,210
S01007339,854,675,179
S01007340,664,472,192
S01007341,853,634,219
S01007342,826,668,158
S01007343,651,483,168
S01007344,579,426,153
S01007345,691,508,183
S01007346,834,574,260
S01007347,1056,774,282
S01007348,802,630,172
S01007349,687,524,163
S01007350,661,482,179
S01007351,658,457,201
S01007352,498,386,112
S01007353,791,602,189
S01007354,786,557,229
S01007355,1326,984,342
S01007356,714,514,200
S01007357,803,620,183
S01007358,1442,1205,237
S01007359,999,708,291
S01007360,906,649,257
S01007361,1043,807,236
S01007362,1162,865,297
S01007363,1008,723,285
S01007364,1093,821,272
S01007365,478,363,115
S01007366,550,354,196
S01007367,629,459,170
S01007368,659,504,155
S01007369,1138,886,252
S01007370,917,709,208
S01007371,958,752,206
S01007372,1250,946,304
S01007373,704,542,162
S01007374,810,692,118
S01007375,464,380,84
S01007376,1015,806,209
S01007377,664,536,128
S01007378,1716,1558,158
S01007379,925,718,207
S01007380,846,695,151
S01007381,512,414,98
S01007382,990,832,158
S01007383,749,614,135
S01007384,1075,899,176
S01007385,1228,995,233
S01007386,806,687,119
S01007387,864,719,145
S01007388,741,640,101
S01007389,763,698,65
S01007390,727,660,67
S01007391,664,596,68
S01007392,466,386,80
S01007393,1058,790,268
S01007394,702,528,174
S01007395,1111,799,312
S01007396,1049,805,244
S01007397,943,777,166
S01007398,821,673,148
S01007399,891,677,214
S01007400,845,642,203
S01007401,752,616,136
S01007402,700,586,114
S01007403,943,874,69
S01007404,579,469,110
S01007405,813,686,127
S01007406,1007,864,143
S01007407,1108,944,164
S01007408,862,704,158
S01007409,666,526,140
S01007410,952,693,259
S01007411,1062,772,290
S01007412,579,452,127
S01007413,997,874,123
S01007414,858,758,100
S01007415,853,638,215
S01007416,595,473,122
S01007417,220,167,53
S01007418,890,684,206
S01007419,1001,798,203
S01007420,4568,3893,675
S01007421,1394,1209,185
S01007422,794,618,176
S01007423,388,298,90
S01007424,787,662,125
S01007425,947,804,143
S01007426,821,643,178
S01007427,744,547,197
S01007428,1005,784,221
S01007429,928,753,175
S01007430,554,466,88
S01007431,710,579,131
S01007432,818,614,204
S01007433,1139,887,252
S01007434,589,460,129
S01007435,788,622,166
S01007436,990,777,213
S01007437,569,463,106
S01007438,673,525,148
S01007439,858,672,186
S01007440,767,624,143
S01007441,656,561,95
S01007442,866,744,122
S01007443,1039,843,196
S01007444,1549,1264,285
S01007445,687,607,80
S01007446,728,633,95
S01007447,659,562,97
S01007448,1134,897,237
S01007449,1173,934,239
S01007450,1353,1048,305
S01007451,623,496,127
S01007452,1435,1186,249
S01007453,110,80,30
S01007454,512,383,129
S01007455,846,655,191
S01007456,1089,843,246
S01007457,1080,845,235
S01007458,811,658,153
S01007459,873,655,218
S01007460,922,696,226
S01007461,933,672,261
S01007462,1006,795,211
S01007463,1149,876,273
S01007464,1042,764,278
S01007465,785,585,200
S01007466,1145,814,331
S01007467,996,720,276
S01007468,1143,968,175
S01007469,611,493,118
S01007470,699,513,186
S01007471,479,407,72
S01007472,1077,808,269
S01007473,895,730,165
S01007474,755,673,82
S01007475,517,396,121
S01007476,738,568,170
S01007477,737,599,138
S01007478,1126,868,258
S01007479,435,330,105
S01007480,1324,1130,194
S01007481,988,769,219
S01007482,668,464,204
S01007483,955,754,201
S01007484,842,644,198
S01007485,842,657,185
S01007486,860,634,226
S01007487,1195,865,330
S01007488,1194,945,249
S01007489,856,653,203
S01007490,1233,895,338
S01007491,1118,885,233
S01007492,685,507,178
S01007493,1109,866,243
S01007494,743,552,191
S01007495,844,696,148
S01007496,1185,911,274
S01007497,596,462,134
S01007498,1028,752,276
S01007499,842,663,179
S01007500,768,559,209
S01007501,680,487,193
S01007502,641,481,160
S01007503,1135,847,288
S01007504,1169,885,284
S01007505,538,421,117
S01007506,514,401,113
S01007507,1489,1117,372
S01007508,696,516,180
S01007509,720,560,160
S01007510,1014,735,279
S01007511,1149,851,298
S01007512,526,384,142
S01007513,1304,1034,270
S01007514,645,474,171
S01007515,699,524,175
S01007516,818,639,179
S01007517,540,342,198
S01007518,1014,746,268
S01007519,497,357,140
S01007520,980,746,234
S01007521,677,545,132
S01007522,1136,843,293
S01007523,542,429,113
S01007524,951,757,194
S01007525,536,383,153
S01007526,903,688,215
S01007527,1426,1133,293
S01007528,968,759,209
S01007529,867,688,179
S01007530,524,423,101
S01007531,767,595,172
S01007532,597,482,115
S01007533,876,697,179
S01007534,1451,1153,298
S01007535,961,731,230
S01007536,1026,804,222
S01007537,1698,1302,396
S01007538,1123,909,214
S01007539,853,635,218
S01007540,838,613,225
S01007541,1233,944,289
S01007542,980,806,174
S01007543,1284,1041,243
S01007544,1291,978,313
S01007545,1525,1249,276
S01007546,663,558,105
S01007547,551,470,81
S01007548,947,761,186
S01007549,765,595,170
S01007550,1233,923,310
S01007551,1310,990,320
S01007552,1042,798,244
S01007553,1059,759,300
S01007554,840,580,260
S01007555,818,608,210
S01007556,748,530,218
S01007557,1131,848,283
S01007558,482,375,107
S01007559,864,716,148
S01007560,1196,911,285
S01007561,1104,815,289
S01007562,854,701,153
S01007563,1106,885,221
S01007564,1271,984,287
S01007565,1153,931,222
S01007566,822,712,110
S01007567,588,510,78
S01007568,745,607,138
S01007569,1259,1009,250
S01007570,1113,871,242
S01007571,539,434,105
S01007572,1778,1500,278
S01007573,84,63,21
S01007574,2322,1962,360
S01007575,860,640,220
S01007576,1025,778,247
S01007577,893,662,231
S01007578,834,651,183
S01007579,663,543,120
S01007580,993,784,209
S01007581,657,479,178
S01007582,873,668,205
S01007583,1318,1001,317
S01007584,995,761,234
S01007585,1087,814,273
S01007586,1155,937,218
S01007587,819,634,185
S01007588,949,757,192
S01007589,1123,881,242
S01007590,661,544,117
S01007591,1178,939,239
S01007592,1143,864,279
S01007593,1200,865,335
S01007594,843,655,188
S01007595,1056,849,207
S01007596,715,535,180
S01007597,647,536,111
S01007598,1121,919,202
S01007599,840,672,168
S01007600,1066,835,231
S01007601,631,553,78
S01007602,958,854,104
S01007603,923,830,93
S01007604,1020,861,159
S01007605,1157,969,188
S01007606,614,492,122
S01007607,927,766,161
S01007608,971,793,178
S01007609,981,754,227
S01007610,730,498,232
S01007611,1147,784,363
S01007612,1044,797,247
S01007613,1013,822,191
S01007614,1112,944,168
S01007615,1375,1079,296
S01007616,917,727,190
S01007617,671,519,152
S01007618,781,617,164
S01007619,736,568,168
S01007620,822,693,129
S01007621,898,694,204
S01007622,1331,1106,225
S01007623,608,516,92
S01007624,741,624,117
S01007625,690,559,131
S01007626,650,594,56
S01007627,547,472,75
S01007628,881,684,197
S01007629,860,730,130
S01007630,813,673,140
S01007631,631,507,124
S01007632,1683,1379,304
S01007633,1550,1256,294
S01007634,803,665,138
S01007635,981,719,262
S01007636,1413,1063,350
S01007637,1378,1093,285
S01007638,1058,751,307
S01007639,1087,899,188
S01007640,724,594,130
S01007641,856,720,136
S01007642,1152,904,248
S01007643,1067,848,219
S01007644,1095,864,231
S01007645,897,750,147
S01007646,627,510,117
S01007647,1020,836,184
S01007648,1086,890,196
S01007649,741,592,149
S01007650,1062,841,221
S01007651,716,606,110
S01007652,895,701,194
S01007653,1159,941,218
S01007654,1299,982,317
S01007655,781,614,167
S01007656,936,730,206
S01007657,595,492,103
S01007658,689,547,142
S01007659,1055,806,249
S01007660,1289,1000,289
S01007661,905,699,206
S01007662,1070,796,274
S01007663,1135,883,252
S01007664,578,433,145
S01007665,745,599,146
S01007666,510,405,105
S01007667,717,590,127
S01007668,1269,971,298
S01007669,642,523,119
S01007670,1146,892,254
S01007671,857,679,178
S01007672,1002,776,226
S01007673,700,579,121
S01007674,1149,899,250
S01007675,801,636,165
S01007676,572,480,92
S01007677,279,223,56
S01007678,823,617,206
S01007679,1045,774,271
S01007680,922,778,144
S01007681,519,399,120
S01007682,998,852,146
S01007683,1045,913,132
S01007684,1173,985,188
S01007685,1173,1030,143
S01007686,1115,967,148
S01007687,952,852,100
S01007688,1211,1087,124
S01007689,613,507,106
S01007690,1148,984,164
S01007691,4465,4134,331
S01007692,1036,903,133
S01007693,1290,1110,180
S01007694,990,822,168
S01007695,1031,781,250
S01007696,1033,880,153
S01007697,1329,1057,272
S01007698,1312,1131,181
S01007699,808,677,131
S01007700,990,826,164
S01007701,451,332,119
S01007702,2253,2112,141
S01007703,1230,950,280
S01007704,1393,1118,275
S01007705,1058,963,95
S01007706,1058,953,105
S01007707,1285,1188,97
S01007708,1038,849,189
S01007709,825,623,202
S01007710,2214,1950,264
S01007711,1342,1091,251
S01007712,1066,855,211
S01007713,573,446,127
S01007714,643,521,122
S01007715,774,553,221
S01007716,1214,842,372
S01007717,1003,773,230
S01007718,963,663,300
S01007719,1534,1124,410
S01007720,1091,765,326
S01007721,1085,777,308
S01007722,940,682,258
S01007723,1020,678,342
S01007724,805,678,127
S01007725,1343,967,376
S01007726,858,658,200
S01007727,1023,803,220
S01007728,1291,1076,215
S01007729,1002,855,147
S01007730,985,840,145
S01007731,729,636,93
S01007732,1003,841,162
S01007733,853,737,116
S01007734,821,659,162
S01007735,827,669,158
S01007736,844,685,159
S01007737,1140,898,242
S01007738,1114,856,258
S01007739,819,562,257
S01007740,709,518,191
S01007741,899,617,282
S01007742,729,546,183
S01007743,895,695,200
S01007744,766,529,237
S01007745,1016,730,286
S01007746,889,685,204
S01007747,815,640,175
S01007748,704,534,170
S01007749,866,716,150
S01007750,930,737,193
S01007751,790,602,188
S01007752,1167,863,304
S01007753,961,738,223
S01007754,1313,985,328
S01007755,877,629,248
S01007756,955,649,306
S01007757,1311,1055,256
S01007758,1040,803,237
S01007759,1255,931,324
S01007760,950,731,219
S01007761,853,715,138
S01007762,814,600,214
S01007763,772,540,232
S01007764,895,761,134
S01007765,969,799,170
S01007766,1083,890,193
S01007767,1000,837,163
S01007768,765,602,163
S01007769,809,636,173
S01007770,812,668,144
S01007771,823,667,156
S01007772,1185,872,313
S01007773,734,609,125
S01007774,146,132,14
S01007775,1292,1057,235
S01007776,591,544,47
S01007777,562,525,37
S01007778,2422,2171,251
S01007779,774,617,157
S01007780,795,694,101
S01007781,796,692,104
S01007782,709,576,133
S01007783,873,588,285
S01007784,1006,843,163
S01007785,507,392,115
S01007786,900,684,216
S01007787,804,652,152
S01007788,832,641,191
S01007789,1151,936,215
S01007790,1899,1633,266
S01007791,1170,1030,140
S01007792,998,752,246
S01007793,1046,763,283
S01007794,1109,865,244
S01007795,712,586,126
S01007796,692,516,176
S01007797,635,465,170
S01007798,778,666,112
S01007799,418,359,59
S01007800,1038,725,313
S01007801,973,668,305
S01007802,634,552,82
S01007803,1468,1042,426
S01007804,846,624,222
S01007805,971,734,237
S01007806,888,675,213
S01007807,894,740,154
S01007808,933,741,192
S01007809,1249,993,256
S01007810,983,714,269
S01007811,871,700,171
S01007812,850,686,164
S01007813,1108,848,260
S01007814,854,608,246
S01007815,1159,908,251
S01007816,669,567,102
S01007817,826,620,206
S01007818,950,774,176
S01007819,803,636,167
S01007820,1088,811,277
S01007821,826,576,250
S01007822,966,737,229
S01007823,789,624,165
S01007824,1125,876,249
S01007825,1294,997,297
S01007826,598,396,202
S01007827,661,546,115
S01007828,1214,868,346
S01007829,763,540,223
S01007830,1072,758,314
S01007831,1059,758,301
S01007832,956,686,270
S01007833,983,588,395
S01007834,742,569,173
S01007835,784,611,173
S01007836,739,554,185
S01007837,1260,1021,239
S01007838,973,729,244
S01007839,1199,906,293
S01007840,902,701,201
S01007841,951,785,166
S01007842,1215,970,245
S01007843,944,737,207
S01007844,1340,1059,281
S01007845,995,766,229
S01007846,852,644,208
S01007847,1474,1104,370
S01007848,1070,803,267
S01007849,1112,911,201
S01007850,754,539,215
S01007851,1036,701,335
S01007852,1282,938,344
S01007853,807,550,257
S01007854,1286,915,371
S01007855,658,493,165
S01007856,1053,764,289
S01007857,595,437,158
S01007858,2159,1604,555
S01007859,1529,1176,353
S01007860,1165,939,226
S01007861,1067,830,237
S01007862,1067,842,225
S01007863,895,700,195
S01007864,938,727,211
S01007865,1461,1279,182
S01007866,586,547,39
S01007867,1427,1257,170
S01007868,2091,1814,277
S01007869,2241,1924,317
S01007870,666,484,182
S01007871,1111,809,302
S01007872,795,538,257
S01007873,778,544,234
S01007874,887,596,291
S01007875,764,612,152
S01007876,1009,810,199
S01007877,888,618,270
S01007878,724,459,265
S01007879,1203,819,384
S01007880,460,353,107
S01007881,656,487,169
S01007882,1612,1357,255
S01007883,1211,988,223
S01007884,953,745,208
S01007885,1038,707,331
S01007886,1168,872,296
S01007887,717,565,152
S01007888,1070,840,230
S01007889,1119,798,321
S01007890,695,520,175
S01007891,1333,1035,298
S01007892,1174,907,267
S01007893,1326,1084,242
S01007894,1050,837,213
S01007895,771,599,172
S01007896,1110,855,255
S01007897,1609,1317,292
S01007898,758,594,164
S01007899,502,399,103
S01007900,549,415,134
S01007901,801,600,201
S01007902,980,669,311
S01007903,803,537,266
S01007904,849,641,208
S01007905,827,634,193
S01007906,824,523,301
S01007907,780,506,274
S01007908,1296,917,379
S01007909,719,582,137
S01007910,1111,843,268
S01007911,1094,810,284
S01007912,865,631,234
S01007913,1069,752,317
S01007914,744,565,179
S01007915,961,735,226
S01007916,1041,686,355
S01007917,1234,875,359
S01007918,1034,714,320
S01007919,949,768,181
S01007920,615,520,95
S01007921,1146,821,325
S01007922,1361,971,390
S01007923,1279,1011,268
S01007924,1179,798,381
S01007925,665,570,95
S01007926,931,785,146
S01007927,617,528,89
S01007928,1208,984,224
S01007929,1617,1459,158
S01007930,727,651,76
S01007931,1353,1119,234
S01007932,831,685,146
S01007933,1341,1145,196
S01007934,720,583,137
S01007935,1273,1060,213
S01007936,1233,1104,129
S01007937,1503,1311,192
S01007938,837,653,184
S01007939,1016,789,227
S01007940,1719,1367,352
S01007941,631,527,104
S01007942,508,424,84
S01007943,970,755,215
S01007944,1026,806,220
S01007945,1202,888,314
S01007946,1039,797,242
S01007947,1048,819,229
S01007948,760,567,193
S01007949,954,744,210
S01007950,1135,958,177
S01007951,1005,781,224
S01007952,857,608,249
S01007953,1022,796,226
S01007954,728,533,195
S01007955,1736,1357,379
S01007956,999,799,200
S01007957,1230,898,332
S01007958,1059,758,301
S01007959,1951,1465,486
S01007960,607,464,143
S01007961,1674,1296,378
S01007962,1096,880,216
S01007963,1158,884,274
S01007964,890,677,213
S01007965,774,569,205
S01007966,1090,812,278
S01007967,860,668,192
S01007968,1038,783,255
S01007969,840,630,210
S01007970,1062,798,264
S01007971,1027,759,268
S01007972,1126,856,270
S01007973,867,725,142
S01007974,940,644,296
S01007975,655,485,170
S01007976,1086,799,287
S01007977,645,540,105
S01007978,826,667,159
S01007979,904,751,153
S01007980,816,638,178
S01007981,755,578,177
S01007982,695,546,149
S01007983,1415,1053,362
S01007984,896,703,193
S01007985,923,714,209
S01007986,675,557,118
S01007987,1033,840,193
S01007988,906,696,210
S01007989,722,586,136
S01007990,1253,1069,184
S01007991,1003,921,82
S01007992,1058,985,73
S01007993,908,783,125
S01007994,659,610,49
S01007995,721,636,85
S01007996,338,279,59
S01007997,669,562,107
S01007998,606,480,126
S01007999,801,600,201
S01008000,913,656,257
S01008001,961,685,276
S01008002,1039,801,238
S01008003,760,562,198
S01008004,122,100,22
S01008005,165,76,89
S01008006,864,652,212
S01008007,570,446,124
S01008008,787,643,144
S01008009,1021,787,234
S01008010,1313,1033,280
S01008011,846,567,279
S01008012,997,772,225
S01008013,834,580,254
S01008014,800,639,161
S01008015,832,624,208
S01008016,781,567,214
S01008017,900,721,179
S01008018,944,784,160
S01008019,1011,790,221
S01008020,891,733,158
S01008021,699,589,110
S01008022,844,719,125
S01008023,1739,1587,152
S01008024,955,891,64
S01008025,891,729,162
S01008026,1371,1000,371
S01008027,809,629,180
S01008028,585,493,92
S01008029,3738,3314,424
S01008030,2233,1938,295
S01008031,1573,1296,277
S01008032,1248,971,277
S01008033,1166,1050,116
S01008034,1176,1086,90
S01008035,1020,886,134
S01008036,669,582,87
S01008037,1446,1151,295
S01008038,999,821,178
S01008039,1079,855,224
S01008040,752,638,114
S01008041,1074,800,274
S01008042,862,712,150
S01008043,1364,1179,185
S01008044,1195,1012,183
S01008045,1313,1072,241
S01008046,1157,763,394
S01008047,697,586,111
S01008048,662,550,112
S01008049,1023,864,159
S01008050,682,576,106
S01008051,1229,1086,143
S01008052,829,738,91
S01008053,959,789,170
S01008054,778,625,153
S01008055,1049,924,125
S01008056,1204,1003,201
S01008057,1358,1127,231
S01008058,895,821,74
S01008059,678,604,74
S01008060,1833,1583,250
S01008061,887,787,100
S01008062,997,827,170
S01008063,874,748,126
S01008064,1013,858,155
S01008065,1219,1093,126
S01008066,1022,876,146
S01008067,691,594,97
S01008068,1203,1027,176
S01008069,1201,982,219
S01008070,1125,940,185
S01008071,966,810,156
S01008072,1336,1097,239
S01008073,471,399,72
S01008074,976,842,134
S01008075,613,515,98
S01008076,1035,820,215
S01008077,1003,854,149
S01008078,860,733,127
S01008079,905,777,128
S01008080,808,669,139
S01008081,703,615,88
S01008082,1032,871,161
S01008083,839,729,110
S01008084,1033,878,155
S01008085,1314,1158,156
S01008086,1256,1085,171
S01008087,1136,955,181
S01008088,917,741,176
S01008089,997,850,147
S01008090,771,645,126
S01008091,513,429,84
S01008092,1138,880,258
S01008093,900,712,188
S01008094,725,606,119
S01008095,1093,880,213
S01008096,790,620,170
S01008097,897,713,184
S01008098,750,628,122
S01008099,540,463,77
S01008100,1035,809,226
S01008101,1244,1040,204
S01008102,819,633,186
S01008103,706,502,204
S01008104,1022,820,202
S01008105,1226,901,325
S01008106,1742,1420,322
S01008107,1301,1168,133
S01008108,936,815,121
S01008109,940,799,141
S01008110,941,813,128
S01008111,869,702,167
S01008112,947,783,164
S01008113,1002,838,164
S01008114,899,737,162
S01008115,915,781,134
S01008116,1116,971,145
S01008117,800,640,160
S01008118,1351,1124,227
S01008119,784,600,184
S01008120,707,561,146
S01008121,662,563,99
S01008122,1135,975,160
S01008123,1063,894,169
S01008124,1012,900,112
S01008125,1177,1013,164
S01008126,935,851,84
S01008127,489,396,93
S01008128,1104,931,173
S01008129,980,764,216
S01008130,1152,901,251
S01008131,766,608,158
S01008132,1110,905,205
S01008133,829,624,205
S01008134,703,544,159
S01008135,1605,1316,289
S01008136,1419,1117,302
S01008137,1440,1149,291
S01008138,1051,784,267
S01008139,1086,796,290
S01008140,741,541,200
S01008141,1168,977,191
S01008142,974,858,116
S01008143,1181,919,262
S01008144,1019,877,142
S01008145,1018,785,233
S01008146,649,489,160
S01008147,901,725,176
S01008148,915,770,145
S01008149,960,773,187
S01008150,1409,1090,319
S01008151,1030,799,231
S01008152,1241,920,321
S01008153,892,685,207
S01008154,1050,847,203
S01008155,836,718,118
S01008156,1062,871,191
S01008157,1083,915,168
S01008158,1002,885,117
S01008159,1210,903,307
S01008160,1419,1128,291
S01008161,1499,1276,223
S01008162,1264,1007,257
S01008163,894,676,218
S01008164,1450,1285,165
S01008165,880,781,99
S01008166,1347,1146,201
S01008167,1604,1350,254
S01008168,1129,853,276
S01008169,1499,1269,230
S01008170,1530,1361,169
S01008171,909,690,219
S01008172,557,456,101
S01008173,785,671,114
S01008174,532,448,84
S01008175,750,631,119
S01008176,1515,1344,171
S01008177,864,668,196
S01008178,640,538,102
S01008179,391,348,43
S01008180,473,432,41
S01008181,678,559,119
S01008182,1253,996,257
S01008183,968,799,169
S01008184,881,661,220
S01008185,1235,970,265
S01008186,1076,858,218
S01008187,699,551,148
S01008188,1467,1118,349
S01008189,1062,872,190
S01008190,1035,810,225
S01008191,1481,1252,229
S01008192,1099,837,262
S01008193,972,774,198
S01008194,682,524,158
S01008195,1148,950,198
S01008196,923,738,185
S01008197,1901,1704,197
S01008198,693,550,143
S01008199,776,591,185
S01008200,867,634,233
S01008201,1327,1010,317
S01008202,803,600,203
S01008203,556,435,121
S01008204,2717,2234,483
S01008205,771,604,167
S01008206,1604,1256,348
S01008207,824,659,165
S01008208,1026,893,133
S01008209,686,613,73
S01008210,1423,1136,287
S01008211,991,777,214
S01008212,712,639,73
S01008213,1019,904,115
S01008214,837,595,242
S01008215,1099,880,219
S01008216,770,652,118
S01008217,679,590,89
S01008218,2156,1932,224
S01008219,1242,946,296
S01008220,644,519,125
S01008221,832,684,148
S01008222,722,540,182
S01008223,597,408,189
S01008224,907,763,144
S01008225,786,640,146
S01008226,755,522,233
S01008227,986,752,234
S01008228,792,644,148
S01008229,1317,1072,245
S01008230,811,723,88
S01008231,640,565,75
S01008232,244,218,26
S01008233,1740,1576,164
S01008234,2097,1832,265
S01008235,929,692,237
S01008236,1009,831,178
S01008237,929,765,164
S01008238,1038,823,215
S01008239,762,638,124
S01008240,1402,1203,199
S01008241,1055,918,137
S01008242,1211,924,287
S01008243,1134,976,158
S01008244,1051,896,155
S01008245,1133,932,201
S01008246,1274,1087,187
S01008247,982,841,141
S01008248,1329,1109,220
S01008249,903,774,129
S01008250,1117,953,164
S01008251,1038,947,91
S01008252,1120,923,197
S01008253,855,608,247
S01008254,1286,1011,275
S01008255,1017,842,175
S01008256,1033,843,190
S01008257,886,644,242
S01008258,1289,1092,197
S01008259,1455,1227,228
S01008260,1054,864,190
S01008261,1197,967,230
S01008262,914,748,166
S01008263,801,631,170
S01008264,919,769,150
S01008265,706,592,114
S01008266,1061,915,146
S01008267,818,698,120
S01008268,878,753,125
S01008269,1126,872,254
S01008270,1191,935,256
S01008271,749,586,163
S01008272,1002,842,160
S01008273,1026,832,194
S01008274,930,752,178
S01008275,682,565,117
S01008276,681,599,82
S01008277,692,620,72
S01008278,774,672,102
S01008279,733,590,143
S01008280,1275,1055,220
S01008281,830,726,104
S01008282,779,644,135
S01008283,1338,1150,188
S01008284,1651,1449,202
S01008285,754,567,187
S01008286,1368,1073,295
S01008287,967,842,125
S01008288,1002,769,233
S01008289,768,593,175
S01008290,1038,816,222
S01008291,1135,837,298
S01008292,1640,1420,220
S01008293,1184,1073,111
S01008294,730,636,94
S01008295,1211,1046,165
S01008296,932,744,188
S01008297,626,526,100
S01008298,1079,890,189
S01008299,1177,868,309
S01008300,940,739,201
S01008301,1015,870,145
S01008302,940,809,131
S01008303,788,604,184
S01008304,476,387,89
S01008305,791,670,121
S01008306,611,520,91
S01008307,805,647,158
S01008308,566,478,88
S01008309,932,645,287
S01008310,949,708,241
S01008311,728,580,148
S01008312,720,556,164
S01008313,1013,694,319
S01008314,939,731,208
S01008315,748,560,188
S01008316,943,755,188
S01008317,738,596,142
S01008318,1628,1367,261
S01008319,614,425,189
S01008320,633,462,171
S01008321,729,630,99
S01008322,1956,1591,365
S01008323,881,680,201
S01008324,651,505,146
S01008325,1229,1040,189
S01008326,1164,899,265
S01008327,1094,839,255
S01008328,935,844,91
S01008329,1038,937,101
S01008330,1088,937,151
S01008331,785,701,84
S01008332,1108,869,239
S01008333,1161,877,284
S01008334,995,839,156
S01008335,1012,785,227
S01008336,1000,750,250
S01008337,906,800,106
S01008338,915,815,100
S01008339,629,564,65
S01008340,929,837,92
S01008341,700,655,45
S01008342,1167,941,226
S01008343,1162,895,267
S01008344,872,784,88
S01008345,1273,1119,154
S01008346,1102,981,121
S01008347,1228,1000,228
S01008348,976,815,161
S01008349,1481,1298,183
S01008350,760,636,124
S01008351,1067,917,150
S01008352,933,804,129
S01008353,525,460,65
S01008354,1110,985,125
S01008355,1123,866,257
S01008356,884,765,119
S01008357,908,776,132
S01008358,870,680,190
S01008359,772,666,106
S01008360,1338,1192,146
S01008361,786,695,91
S01008362,1158,1028,130
S01008363,829,715,114
S01008364,818,705,113
S01008365,972,826,146
S01008366,980,723,257
S01008367,966,736,230
S01008368,905,755,150
S01008369,782,671,111
S01008370,692,595,97
S01008371,913,824,89
S01008372,927,834,93
S01008373,1199,1065,134
S01008374,877,772,105
S01008375,789,687,102
S01008376,655,582,73
S01008377,944,805,139
S01008378,1103,914,189
S01008379,530,444,86
S01008380,649,586,63
S01008381,1070,965,105
S01008382,921,800,121
S01008383,619,546,73
S01008384,976,830,146
S01008385,674,574,100
S01008386,951,825,126
S01008387,871,775,96
S01008388,637,563,74
S01008389,756,550,206
S01008390,732,634,98
S01008391,785,629,156
S01008392,916,805,111
S01008393,912,742,170
S01008394,1108,980,128
S01008395,832,737,95
S01008396,807,656,151
S01008397,996,893,103
S01008398,907,765,142
S01008399,703,531,172
S01008400,1101,933,168
S01008401,1258,1039,219
S01008402,1092,934,158
S01008403,1014,839,175
S01008404,1087,901,186
S01008405,908,792,116
S01008406,1200,942,258
S01008407,522,359,163
S01008408,812,724,88
S01008409,1092,842,250
S01008410,870,650,220
S01008411,1121,929,192
S01008412,706,574,132
S01008413,690,552,138
S01008414,660,584,76
S01008415,1058,847,211
S01008416,1164,916,248
S01008417,726,631,95
S01008418,692,591,101
S01008419,525,461,64
S01008420,569,478,91
S01008421,858,703,155
S01008422,972,814,158
S01008423,1063,929,134
S01008424,1120,953,167
S01008425,2557,2338,219
S01008426,1163,922,241
S01008427,1249,1116,133
S01008428,884,672,212
S01008429,913,745,168
S01008430,1117,929,188
S01008431,1067,894,173
S01008432,1116,937,179
S01008433,807,691,116
S01008434,1043,890,153
S01008435,1083,941,142
S01008436,1059,865,194
S01008437,796,634,162
S01008438,587,506,81
S01008439,1120,1011,109
S01008440,1143,975,168
S01008441,1022,916,106
S01008442,774,700,74
S01008443,582,501,81
S01008444,720,619,101
S01008445,1077,873,204
S01008446,1706,1432,274
S01008447,675,608,67
S01008448,879,743,136
S01008449,964,801,163
S01008450,592,458,134
S01008451,1018,839,179
S01008452,979,820,159
S01008453,956,828,128
S01008454,1339,1059,280
S01008455,1254,1008,246
S01008456,1236,976,260
S01008457,1101,788,313
S01008458,995,813,182
S01008459,815,631,184
S01008460,1227,958,269
S01008461,1018,786,232
S01008462,694,452,242
S01008463,937,761,176
S01008464,921,733,188
S01008465,953,816,137
S01008466,840,729,111
S01008467,887,746,141
S01008468,1011,783,228
S01008469,804,689,115
S01008470,992,762,230
S01008471,858,672,186
S01008472,811,645,166
S01008473,700,533,167
S01008474,832,607,225
S01008475,1040,841,199
S01008476,779,553,226
S01008477,1167,851,316
S01008478,1021,728,293
S01008479,1097,788,309
S01008480,534,409,125
S01008481,1615,1229,386
S01008482,1498,1100,398
S01008483,832,619,213
S01008484,952,738,214
S01008485,1203,997,206
S01008486,867,648,219
S01008487,961,829,132
S01008488,1303,1071,232
S01008489,874,668,206
S01008490,1159,987,172
S01008491,935,814,121
S01008492,944,806,138
S01008493,913,713,200
S01008494,837,702,135
S01008495,1059,953,106
S01008496,1160,1051,109
S01008497,927,809,118
S01008498,772,654,118
S01008499,1123,980,143
S01008500,398,339,59
S01008501,835,776,59
S01008502,648,592,56
S01008503,994,922,72
S01008504,1723,1569,154
S01008505,1000,910,90
S01008506,1108,906,202
S01008507,897,829,68
S01008508,1106,942,164
S01008509,1251,1068,183
S01008510,906,801,105
S01008511,1009,849,160
S01008512,1202,1052,150
S01008513,1190,1056,134
S01008514,762,592,170
S01008515,998,850,148
S01008516,1486,1128,358
S01008517,1042,879,163
S01008518,1192,1070,122
S01008519,1083,960,123
S01008520,1359,1197,162
S01008521,907,810,97
S01008522,594,545,49
S01008523,1172,1062,110
S01008524,1202,925,277
S01008525,1139,837,302
S01008526,850,655,195
S01008527,726,626,100
S01008528,720,618,102
S01008529,839,657,182
S01008530,1053,815,238
S01008531,946,720,226
S01008532,661,500,161
S01008533,549,496,53
S01008534,869,784,85
S01008535,709,623,86
S01008536,707,606,101
S01008537,673,594,79
S01008538,641,528,113
S01008539,1100,958,142
S01008540,982,819,163
S01008541,1028,933,95
S01008542,1221,1099,122
S01008543,995,898,97
S01008544,653,612,41
S01008545,1053,938,115
S01008546,806,688,118
S01008547,1167,1018,149
S01008548,1056,879,177
S01008549,1185,963,222
S01008550,1039,908,131
S01008551,984,813,171
S01008552,1031,877,154
S01008553,659,507,152
S01008554,1090,840,250
S01008555,1295,1010,285
S01008556,1125,833,292
S01008557,1051,796,255
S01008558,912,695,217
S01008559,862,649,213
S01008560,888,693,195
S01008561,1088,800,288
S01008562,858,630,228
S01008563,1138,906,232
S01008564,1043,795,248
S01008565,1087,853,234
S01008566,1137,879,258
S01008567,889,692,197
S01008568,871,757,114
S01008569,738,568,170
S01008570,1374,1050,324
S01008571,796,602,194
S01008572,1072,805,267
S01008573,1174,944,230
S01008574,1079,907,172
S01008575,875,772,103
S01008576,1009,858,151
S01008577,1203,911,292
S01008578,1003,805,198
S01008579,934,682,252
S01008580,816,650,166
S01008581,1014,741,273
S01008582,1368,1061,307
S01008583,921,695,226
S01008584,1309,1071,238
S01008585,991,773,218
S01008586,949,675,274
S01008587,914,798,116
S01008588,1116,940,176
S01008589,390,325,65
S01008590,759,618,141
S01008591,1084,950,134
S01008592,965,810,155
S01008593,870,744,126
S01008594,969,850,119
S01008595,1179,792,387
S01008596,953,741,212
S01008597,1116,896,220
S01008598,1229,1069,160
S01008599,1031,922,109
S01008600,2710,2535,175
S01008601,2533,2410,123
S01008602,555,463,92
S01008603,1029,933,96
S01008604,1144,1052,92
S01008605,921,859,62
S01008606,1052,953,99
S01008607,630,534,96
S01008608,848,679,169
S01008609,1165,893,272
S01008610,1235,1051,184
S01008611,1421,1311,110
S01008612,779,686,93
S01008613,1039,925,114
S01008614,910,843,67
S01008615,951,837,114
S01008616,872,790,82
S01008617,967,916,51
S01008618,739,692,47
S01008619,520,479,41
S01008620,815,764,51
S01008621,881,842,39
S01008622,837,795,42
S01008623,1136,991,145
S01008624,879,648,231
S01008625,573,491,82
S01008626,1110,1018,92
S01008627,840,701,139
S01008628,787,662,125
S01008629,1077,854,223
S01008630,739,646,93
S01008631,910,804,106
S01008632,1275,947,328
S01008633,1238,1023,215
S01008634,727,654,73
S01008635,850,749,101
S01008636,950,814,136
S01008637,792,676,116
S01008638,1499,1256,243
S01008639,1299,1174,125
S01008640,1210,1107,103
S01008641,1130,1017,113
S01008642,1043,970,73
S01008643,1012,917,95
S01008644,680,592,88
S01008645,1035,967,68
S01008646,1251,1131,120
S01008647,715,655,60
S01008648,988,898,90
S01008649,1281,1082,199
S01008650,912,802,110
S01008651,1203,1046,157
S01008652,739,605,134
S01008653,684,579,105
S01008654,1189,1045,144
S01008655,922,826,96
S01008656,1446,1244,202
S01008657,1058,953,105
S01008658,1751,1518,233
S01008659,1210,1106,104
S01008660,1162,1072,90
S01008661,1289,1117,172
S01008662,1051,956,95
S01008663,1009,842,167
S01008664,1006,898,108
S01008665,1698,1542,156
S01008666,1066,997,69
S01008667,1499,1378,121
S01008668,1253,1163,90
S01008669,690,648,42
S01008670,1141,1066,75
S01008671,1188,1089,99
S01008672,686,603,83
S01008673,1158,1040,118
S01008674,1037,945,92
S01008675,889,736,153
S01008676,966,893,73
S01008677,897,802,95
S01008678,1446,1308,138
S01008679,1355,1131,224
S01008680,948,821,127
S01008681,1096,890,206
S01008682,970,819,151
S01008683,2150,1759,391
S01008684,2919,2637,282
S01008685,883,689,194
S01008686,1258,976,282
S01008687,992,832,160
S01008688,1395,1198,197
S01008689,1190,984,206
S01008690,1078,929,149
S01008691,1293,1131,162
S01008692,1127,922,205
S01008693,591,471,120
S01008694,1436,1264,172
S01008695,1014,887,127
S01008696,675,598,77
S01008697,1059,894,165
S01008698,746,609,137
S01008699,1123,877,246
S01008700,747,598,149
S01008701,938,726,212
S01008702,815,656,159
S01008703,1410,1064,346
S01008704,1651,1255,396
S01008705,938,692,246
S01008706,1369,1052,317
S01008707,1311,957,354
S01008708,1031,724,307
S01008709,1048,794,254
S01008710,998,789,209
S01008711,784,579,205
S01008712,1253,802,451
S01008713,635,504,131
S01008714,656,483,173
S01008715,763,525,238
S01008716,694,509,185
S01008717,532,467,65
S01008718,625,468,157
S01008719,1145,949,196
S01008720,586,448,138
S01008721,809,720,89
S01008722,1058,818,240
S01008723,809,709,100
S01008724,1068,873,195
S01008725,752,639,113
S01008726,1169,1020,149
S01008727,1233,991,242
S01008728,654,545,109
S01008729,845,719,126
S01008730,1099,972,127
S01008731,514,375,139
S01008732,815,646,169
S01008733,869,737,132
S01008734,806,694,112
S01008735,1187,1021,166
S01008736,738,589,149
S01008737,801,646,155
S01008738,913,756,157
S01008739,559,473,86
S01008740,709,608,101
S01008741,1125,925,200
S01008742,731,550,181
S01008743,1107,882,225
S01008744,1058,833,225
S01008745,545,471,74
S01008746,1062,822,240
S01008747,575,440,135
S01008748,1063,881,182
S01008749,1186,967,219
S01008750,765,613,152
S01008751,1017,759,258
S01008752,976,680,296
S01008753,887,692,195
S01008754,866,664,202
S01008755,1001,796,205
S01008756,827,585,242
S01008757,784,516,268
S01008758,1002,712,290
S01008759,728,526,202
S01008760,1370,1009,361
S01008761,858,709,149
S01008762,551,453,98
S01008763,845,754,91
S01008764,714,606,108
S01008765,1270,1107,163
S01008766,1469,1231,238
S01008767,904,747,157
S01008768,2851,2500,351
S01008769,2294,2084,210
S01008770,2179,1996,183
S01008771,2179,1996,183
S01008772,1201,982,219
S01008773,1120,921,199
S01008774,901,739,162
S01008775,539,456,83
S01008776,1282,980,302
S01008777,1083,757,326
S01008778,990,880,110
S01008779,1100,933,167
S01008780,920,796,124
S01008781,1098,956,142
S01008782,999,842,157
S01008783,553,496,57
S01008784,779,678,101
S01008785,1066,849,217
S01008786,1197,1031,166
S01008787,690,571,119
S01008788,875,795,80
S01008789,654,451,203
S01008790,919,775,144
S01008791,978,869,109
S01008792,1001,816,185
S01008793,1102,829,273
S01008794,971,706,265
S01008795,1284,1096,188
S01008796,1182,964,218
S01008797,1048,890,158
S01008798,987,813,174
S01008799,783,683,100
S01008800,1205,1033,172
S01008801,854,753,101
S01008802,1241,1078,163
S01008803,1112,922,190
S01008804,929,693,236
S01008805,786,682,104
S01008806,1219,1078,141
S01008807,984,834,150
S01008808,663,562,101
S01008809,801,678,123
S01008810,1029,890,139
S01008811,844,765,79
S01008812,983,896,87
S01008813,1036,836,200
S01008814,1276,1106,170
S01008815,1287,1090,197
S01008816,523,432,91
S01008817,1192,1019,173
S01008818,1166,1006,160
S01008819,1117,910,207
S01008820,1538,1251,287
S01008821,787,714,73
S01008822,845,748,97
S01008823,959,756,203
S01008824,1274,1109,165
S01008825,619,531,88
S01008826,664,544,120
S01008827,1023,852,171
S01008828,1005,844,161
S01008829,1067,879,188
S01008830,1214,1039,175
S01008831,1044,888,156
S01008832,755,611,144
S01008833,1103,901,202
S01008834,1232,1011,221
S01008835,1037,829,208
S01008836,526,400,126
S01008837,1637,1469,168
S01008838,1009,883,126
S01008839,1188,1052,136
S01008840,1074,961,113
S01008841,1289,1201,88
S01008842,161,138,23
S01008843,991,910,81
S01008844,971,890,81
S01008845,853,796,57
S01008846,930,847,83
S01008847,840,789,51
S01008848,920,841,79
S01008849,1061,989,72
S01008850,1424,1252,172
S01008851,1199,997,202
S01008852,1232,1113,119
S01008853,680,638,42
S01008854,1012,937,75
S01008855,1156,1039,117
S01008856,718,650,68
S01008857,986,863,123
S01008858,1143,973,170
S01008859,1113,922,191
S01008860,1241,1048,193
S01008861,973,874,99
S01008862,1053,923,130
S01008863,795,708,87
S01008864,1516,1357,159
S01008865,1077,909,168
S01008866,1033,936,97
S01008867,961,866,95
S01008868,1121,1051,70
S01008869,1068,939,129
S01008870,1173,1026,147
S01008871,1318,1215,103
S01008872,1050,969,81
S01008873,809,739,70
S01008874,835,716,119
S01008875,1112,921,191
S01008876,807,614,193
S01008877,801,675,126
S01008878,1175,925,250
S01008879,817,667,150
S01008880,732,587,145
S01008881,640,518,122
S01008882,1289,1067,222
S01008883,1190,940,250
S01008884,823,697,126
S01008885,964,862,102
S01008886,1174,1008,166
S01008887,770,635,135
S01008888,1409,1286,123
S01008889,879,781,98
S01008890,833,694,139
S01008891,763,639,124
S01008892,1190,977,213
S01008893,1111,960,151
S01008894,1006,880,126
S01008895,863,674,189
S01008896,1089,911,178
S01008897,898,771,127
S01008898,1060,917,143
S01008899,843,624,219
S01008900,948,748,200
S01008901,1177,924,253
S01008902,1119,886,233
S01008903,1078,815,263
S01008904,1179,970,209
S01008905,1309,1034,275
S01008906,1006,789,217
S01008907,1142,916,226
S01008908,1119,911,208
S01008909,1095,912,183
S01008910,1787,1625,162
S01008911,1415,1267,148
S01008912,882,747,135
S01008913,525,458,67
S01008914,1106,849,257
S01008915,683,578,105
S01008916,1292,888,404
S01008917,690,517,173
S01008918,824,671,153
S01008919,674,495,179
S01008920,1430,1283,147
S01008921,1403,1090,313
S01008922,1187,931,256
S01008923,1299,1067,232
S01008924,2320,1960,360
S01008925,843,719,124
S01008926,1637,1419,218
S01008927,1174,1020,154
S01008928,813,611,202
S01008929,1400,989,411
S01008930,1131,859,272
S01008931,776,591,185
S01008932,1188,1033,155
S01008933,923,740,183
S01008934,865,721,144
S01008935,1086,915,171
S01008936,654,569,85
S01008937,831,676,155
S01008938,1045,881,164
S01008939,781,647,134
S01008940,787,665,122
S01008941,955,846,109
S01008942,1226,1052,174
S01008943,884,783,101
S01008944,1013,868,145
S01008945,1091,942,149
S01008946,912,781,131
S01008947,1141,962,179
S01008948,1028,786,242
S01008949,1379,1099,280
S01008950,1067,809,258
S01008951,1022,774,248
S01008952,1428,1141,287
S01008953,1142,871,271
S01008954,974,676,298
S01008955,878,764,114
S01008956,1250,1043,207
S01008957,1130,924,206
S01008958,821,636,185
S01008959,1022,844,178
S01008960,1021,937,84
S01008961,963,795,168
S01008962,616,517,99
S01008963,964,821,143
S01008964,740,619,121
S01008965,742,615,127
S01008966,907,763,144
S01008967,1148,957,191
S01008968,1135,973,162
S01008969,1088,895,193
S01008970,1144,1004,140
S01008971,697,627,70
S01008972,1539,1229,310
S01008973,812,608,204
S01008974,939,759,180
S01008975,903,632,271
S01008976,747,628,119
S01008977,835,715,120
S01008978,719,646,73
S01008979,853,778,75
S01008980,834,735,99
S01008981,808,658,150
S01008982,922,817,105
S01008983,844,736,108
S01008984,518,444,74
S01008985,794,672,122
S01008986,958,800,158
S01008987,1013,823,190
S01008988,1058,801,257
S01008989,1031,903,128
S01008990,1170,1053,117
S01008991,1220,1100,120
S01008992,440,358,82
S01008993,1284,1112,172
S01008994,1043,885,158
S01008995,1122,997,125
S01008996,703,550,153
S01008997,1088,921,167
S01008998,1197,1025,172
S01008999,970,756,214
S01009000,1117,927,190
S01009001,888,784,104
S01009002,941,812,129
S01009003,1035,909,126
S01009004,853,744,109
S01009005,1020,891,129
S01009006,1368,1106,262
S01009007,891,729,162
S01009008,916,740,176
S01009009,476,351,125
S01009010,1378,1233,145
S01009011,1195,1097,98
S01009012,875,776,99
S01009013,1036,918,118
S01009014,841,712,129
S01009015,643,539,104
S01009016,530,416,114
S01009017,721,583,138
S01009018,745,621,124
S01009019,886,719,167
S01009020,1027,853,174
S01009021,731,582,149
S01009022,888,721,167
S01009023,936,724,212
S01009024,1246,956,290
S01009025,918,721,197
S01009026,1108,857,251
S01009027,884,687,197
S01009028,620,475,145
S01009029,835,623,212
S01009030,1028,795,233
S01009031,761,589,172
S01009032,660,510,150
S01009033,895,691,204
S01009034,709,557,152
S01009035,930,751,179
S01009036,1074,893,181
S01009037,1025,880,145
S01009038,1090,914,176
S01009039,939,774,165
S01009040,833,624,209
S01009041,1139,866,273
S01009042,849,667,182
S01009043,1215,953,262
S01009044,1060,749,311
S01009045,1105,870,235
S01009046,872,696,176
S01009047,805,669,136
S01009048,837,686,151
S01009049,780,622,158
S01009050,992,797,195
S01009051,1101,888,213
S01009052,914,740,174
S01009053,532,396,136
S01009054,700,545,155
S01009055,807,660,147
S01009056,554,401,153
S01009057,732,575,157
S01009058,1029,775,254
S01009059,901,762,139
S01009060,1214,993,221
S01009061,941,763,178
S01009062,849,649,200
S01009063,733,624,109
S01009064,691,569,122
S01009065,1699,1381,318
S01009066,693,539,154
S01009067,645,556,89
S01009068,895,716,179
S01009069,882,769,113
S01009070,927,778,149
S01009071,658,521,137
S01009072,1355,1199,156
S01009073,848,614,234
S01009074,1025,772,253
S01009075,694,538,156
S01009076,1126,947,179
S01009077,949,826,123
S01009078,565,489,76
S01009079,1352,1020,332
S01009080,2007,1583,424
S01009081,1505,1204,301
S01009082,1708,1387,321
S01009083,774,595,179
S01009084,4234,3700,534
S01009085,1352,1170,182
S01009086,1781,1517,264
S01009087,1637,1398,239
S01009088,1220,1011,209
S01009089,839,765,74
S01009090,462,429,33
S01009091,1887,1728,159
S01009092,1047,802,245
S01009093,1014,830,184
S01009094,878,731,147
S01009095,1323,982,341
S01009096,1129,918,211
S01009097,1834,1585,249
S01009098,527,436,91
S01009099,807,616,191
S01009100,1224,913,311
S01009101,1045,795,250
S01009102,1086,870,216
S01009103,656,525,131
S01009104,775,599,176
S01009105,796,652,144
S01009106,791,616,175
S01009107,1277,1099,178
S01009108,874,745,129
S01009109,956,837,119
S01009110,805,617,188
S01009111,1056,896,160
S01009112,560,469,91
S01009113,632,526,106
S01009114,902,774,128
S01009115,979,799,180
S01009116,788,652,136
S01009117,765,613,152
S01009118,632,571,61
S01009119,917,712,205
S01009120,737,586,151
S01009121,1083,810,273
S01009122,1421,1178,243
S01009123,400,340,60
S01009124,992,857,135
S01009125,947,700,247
S01009126,805,602,203
S01009127,718,571,147
S01009128,941,639,302
S01009129,621,465,156
S01009130,733,611,122
S01009131,790,564,226
S01009132,962,818,144
S01009133,742,572,170
S01009134,1006,794,212
S01009135,565,500,65
S01009136,1170,987,183
S01009137,1510,1312,198
S01009138,1001,838,163
S01009139,578,461,117
S01009140,700,542,158
S01009141,636,436,200
S01009142,835,627,208
S01009143,600,413,187
S01009144,1435,1241,194
S01009145,1831,1494,337
S01009146,1210,945,265
S01009147,1639,1364,275
S01009148,762,599,163
S01009149,867,679,188
S01009150,747,322,425
S01009151,890,630,260
S01009152,841,563,278
S01009153,762,623,139
S01009154,972,744,228
S01009155,708,579,129
S01009156,1424,1251,173
S01009157,921,745,176
S01009158,848,680,168
S01009159,659,473,186
S01009160,674,466,208
S01009161,884,625,259
S01009162,709,509,200
S01009163,548,383,165
S01009164,974,744,230
S01009165,720,558,162
S01009166,959,692,267
S01009167,750,574,176
S01009168,1081,904,177
S01009169,890,564,326
S01009170,677,547,130
S01009171,1877,1627,250
S01009172,1036,910,126
S01009173,1471,1333,138
S01009174,93,87,6
S01009175,1784,1668,116
S01009176,1456,1274,182
S01009177,817,648,169
S01009178,845,682,163
S01009179,855,660,195
S01009180,984,754,230
S01009181,1450,1209,241
S01009182,1171,976,195
S01009183,1028,911,117
S01009184,1228,927,301
S01009185,1136,860,276
S01009186,979,799,180
S01009187,1121,968,153
S01009188,1390,1136,254
S01009189,1562,1287,275
S01009190,1557,1387,170
S01009191,801,757,44
S01009192,1345,1201,144
S01009193,734,602,132
S01009194,914,763,151
S01009195,1511,1349,162
S01009196,693,554,139
S01009197,2143,1929,214
S01009198,825,686,139
S01009199,858,718,140
S01009200,1387,1176,211
S01009201,679,559,120
S01009202,582,517,65
S01009203,633,444,189
S01009204,1106,879,227
S01009205,1145,1005,140
S01009206,1039,888,151
S01009207,875,731,144
S01009208,631,490,141
S01009209,1298,1018,280
S01009210,861,644,217
S01009211,749,629,120
S01009212,897,653,244
S01009213,894,655,239
S01009214,1237,986,251
S01009215,1099,851,248
S01009216,1086,831,255
S01009217,851,604,247
S01009218,1125,900,225
S01009219,736,561,175
S01009220,648,492,156
S01009221,634,495,139
S01009222,664,529,135
S01009223,556,421,135
S01009224,994,754,240
S01009225,749,552,197
S01009226,1201,877,324
S01009227,645,454,191
S01009228,772,577,195
S01009229,917,718,199
S01009230,890,726,164
S01009231,958,767,191
S01009232,684,529,155
S01009233,763,585,178
S01009234,1193,937,256
S01009235,921,728,193
S01009236,720,534,186
S01009237,747,591,156
S01009238,1010,804,206
S01009239,867,691,176
S01009240,672,511,161
S01009241,895,680,215
S01009242,886,731,155
S01009243,1187,963,224
S01009244,814,694,120
S01009245,830,680,150
S01009246,1033,796,237
S01009247,1224,969,255
S01009248,688,557,131
S01009249,1108,862,246
S01009250,770,609,161
S01009251,553,457,96
S01009252,478,449,29
S01009253,733,524,209
S01009254,951,705,246
S01009255,769,613,156
S01009256,634,483,151
S01009257,684,542,142
S01009258,1552,1330,222
S01009259,1080,913,167
S01009260,2083,1781,302
S01009261,795,599,196
S01009262,849,643,206
S01009263,1224,1046,178
S01009264,778,643,135
S01009265,791,630,161
S01009266,1098,846,252
S01009267,840,646,194
S01009268,1002,800,202
S01009269,1607,1276,331
S01009270,735,539,196
S01009271,885,748,137
S01009272,896,713,183
S01009273,922,696,226
S01009274,910,663,247
S01009275,665,480,185
S01009276,1029,846,183
S01009277,756,651,105
S01009278,836,687,149
S01009279,1089,880,209
S01009280,898,638,260
S01009281,933,653,280
S01009282,1358,1094,264
S01009283,602,513,89
S01009284,822,716,106
S01009285,906,798,108
S01009286,975,815,160
S01009287,846,687,159
S01009288,969,782,187
S01009289,871,702,169
S01009290,646,530,116
S01009291,1185,992,193
S01009292,511,379,132
S01009293,1000,839,161
S01009294,993,882,111
S01009295,710,604,106
S01009296,991,837,154
S01009297,1622,1381,241
S01009298,1238,901,337
S01009299,1124,939,185
S01009300,605,491,114
S01009301,1057,805,252
S01009302,903,698,205
S01009303,787,603,184
S01009304,1191,972,219
S01009305,1015,764,251
S01009306,1314,1092,222
S01009307,1302,1048,254
S01009308,1120,942,178
S01009309,734,621,113
S01009310,932,756,176
S01009311,1009,747,262
S01009312,991,849,142
S01009313,666,491,175
S01009314,907,774,133
S01009315,703,511,192
S01009316,947,843,104
S01009317,910,763,147
S01009318,951,840,111
S01009319,981,784,197
S01009320,965,747,218
S01009321,1099,944,155
S01009322,864,690,174
S01009323,1402,1135,267
S01009324,590,454,136
S01009325,978,837,141
S01009326,575,405,170
S01009327,655,480,175
S01009328,1256,1185,71
S01009330,130,73,57
S01009331,1321,1249,72
S01009332,857,689,168
S01009333,893,714,179
S01009334,636,487,149
S01009335,772,585,187
S01009336,658,497,161
S01009337,938,721,217
S01009338,1981,1687,294
S01009339,1139,874,265
S01009340,872,684,188
S01009341,939,700,239
S01009342,853,685,168
S01009343,574,484,90
S01009344,763,579,184
S01009345,1214,1037,177
S01009346,6248,5843,405
S01009347,6415,5968,447
S01009348,6345,5914,431
S01009349,1037,983,54
S01009350,177,155,22
S01009351,97,71,26
S01009352,75,69,6
S01009353,6695,6257,438
S01009354,7285,6826,459
S01009355,1021,869,152
S01009356,963,793,170
S01009357,678,610,68
S01009358,455,404,51
S01009359,1243,1165,78
S01009360,835,692,143
S01009361,856,705,151
S01009362,1176,1010,166
S01009363,952,758,194
S01009364,860,722,138
S01009365,825,668,157
S01009366,881,659,222
S01009367,749,617,132
S01009368,1028,901,127
S01009369,961,749,212
S01009370,838,636,202
S01009371,526,420,106
S01009372,642,533,109
S01009373,958,734,224
S01009374,993,742,251
S01009375,797,620,177
S01009376,867,645,222
S01009377,1284,1139,145
S01009378,1261,1055,206
S01009379,981,889,92
S01009380,743,637,106
S01009381,724,599,125
S01009382,1386,1022,364
S01009383,994,795,199
S01009384,564,469,95
S01009385,738,603,135
S01009386,1155,933,222
S01009387,949,794,155
S01009388,1232,1028,204
S01009389,986,785,201
S01009390,777,716,61
S01009391,873,817,56
S01009392,578,508,70
S01009393,950,832,118
S01009394,943,758,185
S01009395,1040,871,169
S01009396,736,626,110
S01009397,703,599,104
S01009398,1209,1002,207
S01009399,1004,848,156
S01009400,920,734,186
S01009401,953,785,168
S01009402,809,659,150
S01009403,751,639,112
S01009404,609,473,136
S01009405,749,614,135
S01009406,974,715,259
S01009407,508,394,114
S01009408,842,716,126
S01009409,782,589,193
S01009410,877,703,174
S01009411,1368,1070,298
S01009412,848,634,214
S01009413,1267,983,284
S01009414,802,641,161
S01009415,1190,866,324
S01009416,610,508,102
S01009417,1474,1275,199
S01009418,1327,986,341
S01009419,2054,1731,323
S01009420,763,595,168
S01009421,722,574,148
S01009422,2191,1821,370
S01009423,1337,1167,170
S01009424,723,504,219
S01009425,840,622,218
S01009426,1029,723,306
S01009427,608,421,187
S01009428,699,460,239
S01009429,827,555,272
S01009430,737,546,191
S01009431,2056,1686,370
S01009432,1101,822,279
S01009433,826,624,202
S01009434,543,383,160
S01009435,998,742,256
S01009436,828,630,198
S01009437,936,693,243
S01009438,1144,829,315
S01009439,1132,823,309
S01009440,887,639,248
S01009441,938,728,210
S01009442,1303,1077,226
S01009443,2808,2421,387
S01009444,893,719,174
S01009445,1068,794,274
S01009446,1603,1214,389
S01009447,764,570,194
S01009448,720,520,200
S01009449,678,512,166
S01009450,676,493,183
S01009451,1276,943,333
S01009452,828,558,270
S01009453,1046,703,343
S01009454,1115,954,161
S01009455,1384,1129,255
S01009456,852,625,227
S01009457,785,608,177
S01009458,687,520,167
S01009459,1092,847,245
S01009460,856,681,175
S01009461,778,693,85
S01009462,1285,1102,183
S01009463,1050,838,212
S01009464,842,704,138
S01009465,1299,1135,164
S01009466,800,654,146
S01009467,864,697,167
S01009468,748,543,205
S01009469,812,648,164
S01009470,1649,1431,218
S01009471,659,396,263
S01009472,1204,976,228
S01009473,1041,793,248
S01009474,900,752,148
S01009475,276,245,31
S01009476,1346,1221,125
S01009477,1096,820,276
S01009478,964,790,174
S01009479,1063,787,276
S01009480,1155,913,242
S01009481,922,733,189
S01009482,642,499,143
S01009483,724,640,84
S01009484,1213,899,314
S01009485,786,582,204
S01009486,799,623,176
S01009487,1179,879,300
S01009488,971,805,166
S01009489,877,624,253
S01009490,853,644,209
S01009491,698,475,223
S01009492,881,691,190
S01009493,1983,1706,277
S01009494,1224,1069,155
S01009495,871,774,97
S01009496,785,606,179
S01009497,1136,926,210
S01009498,643,526,117
S01009499,796,627,169
S01009500,857,645,212
S01009501,783,566,217
S01009502,971,747,224
S01009503,976,774,202
S01009504,840,657,183
S01009505,951,737,214
S01009506,1133,810,323
S01009507,1122,939,183
S01009508,1197,951,246
S01009509,1100,875,225
S01009510,808,667,141
S01009511,906,741,165
S01009512,996,864,132
S01009513,913,719,194
S01009514,846,735,111
S01009515,833,612,221
S01009516,1147,821,326
S01009517,81,60,21
S01009518,2193,1977,216
S01009519,899,688,211
S01009520,2932,2596,336
S01009521,985,716,269
S01009522,1271,1022,249
S01009523,754,553,201
S01009524,862,652,210
S01009525,532,409,123
S01009526,650,560,90
S01009527,850,682,168
S01009528,798,554,244
S01009529,1083,836,247
S01009530,918,720,198
S01009531,917,670,247
S01009532,975,655,320
S01009533,933,676,257
S01009534,856,644,212
S01009535,898,662,236
S01009536,559,444,115
S01009537,599,453,146
S01009538,1021,706,315
S01009539,980,720,260
S01009540,969,743,226
S01009541,1239,962,277
S01009542,1073,842,231
S01009543,935,705,230
S01009544,1019,775,244
S01009545,1114,915,199
S01009546,746,561,185
S01009547,979,748,231
S01009548,1027,824,203
S01009549,1312,1081,231
S01009550,569,469,100
S01009551,675,558,117
S01009552,1774,1435,339
S01009553,1051,804,247
S01009554,819,625,194
S01009555,883,707,176
S01009556,918,736,182
S01009557,960,770,190
S01009558,673,526,147
S01009559,1220,965,255
S01009560,814,616,198
S01009561,634,484,150
S01009562,1121,883,238
S01009563,931,707,224
S01009564,681,522,159
S01009565,588,467,121
S01009566,1700,1461,239
S01009567,959,775,184
S01009568,882,680,202
S01009569,1019,784,235
S01009570,669,514,155
S01009571,769,599,170
S01009572,1030,769,261
S01009573,743,545,198
S01009574,1493,1133,360
S01009575,827,604,223
S01009576,1370,1216,154
S01009577,878,710,168
S01009578,1064,828,236
S01009579,284,217,67
S01009580,1161,1022,139
S01009581,758,586,172
S01009582,592,484,108
S01009583,812,666,146
S01009584,537,448,89
S01009585,1216,981,235
S01009586,1103,799,304
S01009587,997,629,368
S01009588,1062,734,328
S01009589,1169,928,241
S01009590,898,748,150
S01009591,906,765,141
S01009592,1088,897,191
S01009593,690,593,97
S01009594,623,552,71
S01009595,824,718,106
S01009596,1014,831,183
S01009597,1117,889,228
S01009598,721,547,174
S01009599,1177,920,257
S01009600,996,741,255
S01009601,884,720,164
S01009602,770,677,93
S01009603,696,527,169
S01009604,689,513,176
S01009605,961,739,222
S01009606,823,698,125
S01009607,528,459,69
S01009608,606,486,120
S01009609,1084,888,196
S01009610,1054,803,251
S01009611,432,367,65
S01009612,597,462,135
S01009613,684,564,120
S01009614,649,525,124
S01009615,641,495,146
S01009616,1713,1432,281
S01009617,784,641,143
S01009618,953,694,259
S01009619,732,499,233
S01009620,934,659,275
S01009621,777,557,220
S01009622,836,604,232
S01009623,742,564,178
S01009624,876,626,250
S01009625,1672,1388,284
S01009626,838,600,238
S01009627,944,706,238
S01009628,620,354,266
S01009629,1666,1387,279
S01009630,811,604,207
S01009631,754,516,238
S01009632,667,469,198
S01009633,756,582,174
S01009634,761,486,275
S01009635,1209,937,272
S01009636,904,683,221
S01009637,952,696,256
S01009638,781,578,203
S01009639,1025,778,247
S01009640,845,614,231
S01009641,861,596,265
S01009642,1014,795,219
S01009643,837,733,104
S01009644,562,406,156
S01009645,879,663,216
S01009646,730,566,164
S01009647,595,410,185
S01009648,1280,960,320
S01009649,1486,1152,334
S01009650,773,592,181
S01009651,918,695,223
S01009652,1090,833,257
S01009653,781,637,144
S01009654,583,461,122
S01009655,986,747,239
S01009656,811,527,284
S01009657,951,743,208
S01009658,1193,922,271
S01009659,607,452,155
S01009660,1052,815,237
S01009661,1812,1541,271
S01009662,885,734,151
S01009663,775,634,141
S01009664,1125,962,163
S01009665,1366,1117,249
S01009666,1170,912,258
S01009667,523,444,79
S01009668,589,519,70
S01009669,590,461,129
S01009670,777,626,151
S01009671,924,778,146
S01009672,1252,993,259
S01009673,895,698,197
S01009674,1140,952,188
S01009675,882,725,157
S01009676,1366,1118,248
S01009677,782,656,126
S01009678,591,473,118
S01009679,1170,910,260
S01009680,1278,1025,253
S01009681,796,551,245
S01009682,856,703,153
S01009683,865,653,212
S01009684,1466,1255,211
S01009685,1104,793,311
S01009686,1355,1105,250
S01009687,1039,854,185
S01009688,1216,970,246
S01009689,605,474,131
S01009690,793,638,155
S01009691,760,633,127
S01009692,1236,949,287
S01009693,900,737,163
S01009694,1197,922,275
S01009695,967,795,172
S01009696,1019,829,190
S01009697,798,639,159
S01009698,697,578,119
S01009699,562,433,129
S01009700,649,512,137
S01009701,767,580,187
S01009702,631,524,107
S01009703,834,633,201
S01009704,1068,895,173
S01009705,732,548,184
S01009706,804,656,148
S01009707,477,393,84
S01009708,752,571,181
S01009709,796,618,178
S01009710,660,553,107
S01009711,997,729,268
S01009712,663,497,166
S01009713,890,689,201
S01009714,922,721,201
S01009715,638,514,124
S01009716,1242,1028,214
S01009717,1511,1301,210
S01009718,908,748,160
S01009719,960,774,186
S01009720,872,693,179
S01009721,668,615,53
S01009722,1134,1018,116
S01009723,1057,936,121
S01009724,1093,894,199
S01009725,1063,930,133
S01009726,1042,959,83
S01009727,1596,1360,236
S01009728,727,622,105
S01009729,936,781,155
S01009730,1716,1420,296
S01009731,971,777,194
S01009732,3142,2845,297
S01009733,696,589,107
S01009734,1829,1625,204
S01009735,1314,1150,164
S01009736,3181,2935,246
S01009737,782,666,116
S01009738,420,356,64
S01009739,764,699,65
S01009740,770,604,166
S01009741,946,881,65
S01009742,495,429,66
S01009743,1186,1003,183
S01009744,829,698,131
S01009745,1168,996,172
S01009746,802,676,126
S01009747,989,788,201
S01009748,703,579,124
S01009749,954,779,175
S01009750,752,596,156
S01009751,1046,844,202
S01009752,888,763,125
S01009753,854,673,181
S01009754,1548,1223,325
S01009755,673,557,116
S01009756,879,770,109
S01009757,804,693,111
S01009758,1018,778,240
S01009759,1183,963,220
S01009760,1113,846,267
S01009761,2442,2174,268
S01009762,1058,812,246
S01009763,432,391,41
S01009764,1201,937,264
S01009765,1128,869,259
S01009766,836,736,100
S01009767,2253,1935,318
S01009768,786,660,126
S01009769,1472,1169,303
S01009770,830,712,118
S01009771,888,774,114
S01009772,2167,1963,204
S01009773,161,137,24
S01009774,97,92,5
S01009775,802,520,282
S01009776,1191,870,321
S01009777,590,432,158
S01009778,1079,663,416
S01009779,810,538,272
S01009780,1331,1054,277
S01009781,799,545,254
S01009782,1067,885,182
S01009783,741,574,167
S01009784,951,668,283
S01009785,1096,756,340
S01009786,1134,842,292
S01009787,867,578,289
S01009788,1201,799,402
S01009789,1145,808,337
S01009790,981,706,275
S01009791,775,569,206
S01009792,423,356,67
S01009793,943,734,209
S01009794,483,434,49
S01009795,990,883,107
S01009796,1903,1572,331
S01009797,928,798,130
S01009798,1025,879,146
S01009799,1467,1084,383
S01009800,1233,912,321
S01009801,1255,939,316
S01009802,1022,809,213
S01009803,1132,857,275
S01009804,1650,1397,253
S01009805,962,731,231
S01009806,1201,818,383
S01009807,920,724,196
S01009808,1421,1055,366
S01009809,1037,806,231
S01009810,977,715,262
S01009811,1264,819,445
S01009812,856,607,249
S01009813,1102,785,317
S01009814,1118,830,288
S01009815,998,799,199
S01009816,1097,902,195
S01009817,837,607,230
S01009818,926,719,207
S01009819,1011,763,248
S01009820,958,713,245
S01009821,755,630,125
S01009822,802,631,171
S01009823,1068,717,351
S01009824,1132,885,247
S01009825,1300,938,362
S01009826,774,567,207
S01009827,854,616,238
S01009828,1264,877,387
S01009829,1137,895,242
S01009830,918,733,185
S01009831,1164,979,185
S01009832,1085,824,261
S01009833,624,483,141
S01009834,1187,936,251
S01009835,608,421,187
S01009836,961,715,246
S01009837,1024,677,347
S01009838,757,548,209
S01009839,1062,830,232
S01009840,965,623,342
S01009841,1163,849,314
S01009842,960,719,241
S01009843,745,506,239
S01009844,704,492,212
S01009845,1299,965,334
S01009846,983,742,241
S01009847,754,583,171
S01009848,866,611,255
S01009849,1005,640,365
S01009850,984,673,311
S01009851,1052,689,363
S01009852,608,431,177
S01009853,939,696,243
S01009854,982,789,193
S01009855,754,563,191
S01009856,635,444,191
S01009857,907,656,251
S01009858,987,722,265
S01009859,1109,765,344
S01009860,1085,775,310
S01009861,1484,1061,423
S01009862,1109,763,346
S01009863,969,751,218
S01009864,820,565,255
S01009865,549,416,133
S01009866,1002,742,260
S01009867,1201,963,238
S01009868,1104,909,195
S01009869,846,757,89
S01009870,889,652,237
S01009871,984,667,317
S01009872,818,700,118
S01009873,913,679,234
S01009874,1048,811,237
S01009875,896,713,183
S01009876,1091,835,256
S01009877,896,708,188
S01009878,705,577,128
S01009879,1025,890,135
S01009880,1169,955,214
S01009881,921,802,119
S01009882,1439,1284,155
S01009883,1226,1084,142
S01009884,996,849,147
S01009885,899,727,172
S01009886,813,656,157
S01009887,1147,939,208
S01009888,809,686,123
S01009889,1146,889,257
S01009890,753,548,205
S01009891,734,558,176
S01009892,1159,838,321
S01009893,976,831,145
S01009894,991,690,301
S01009895,888,621,267
S01009896,1229,841,388
S01009897,1245,944,301
S01009898,982,663,319
S01009899,1020,812,208
S01009900,1161,1019,142
S01009901,1054,917,137
S01009902,1111,789,322
S01009903,1040,876,164
S01009904,784,647,137
S01009905,749,676,73
S01009906,667,593,74
S01009907,1239,1012,227
S01009908,1320,1152,168
S01009909,899,778,121
S01009910,857,772,85
S01009911,1235,1011,224
S01009912,1073,855,218
S01009913,980,865,115
S01009914,984,854,130
S01009915,861,728,133
S01009916,1257,1036,221
S01009917,858,725,133
S01009918,889,761,128
S01009919,1194,976,218
S01009920,1087,902,185
S01009921,753,657,96
S01009922,1260,1096,164
S01009923,955,808,147
S01009924,1099,910,189
S01009925,1170,1020,150
S01009926,997,848,149
S01009927,614,498,116
S01009928,914,733,181
S01009929,562,477,85
S01009930,1034,891,143
S01009931,856,777,79
S01009932,1030,886,144
S01009933,1651,1289,362
S01009934,1446,1232,214
S01009935,714,422,292
S01009936,1119,836,283
S01009937,781,526,255
S01009938,1004,661,343
S01009939,1185,893,292
S01009940,837,553,284
S01009941,1261,1051,210
S01009942,1148,842,306
S01009943,1266,904,362
S01009944,1089,837,252
S01009945,1065,783,282
S01009946,984,729,255
S01009947,863,663,200
S01009948,1260,978,282
S01009949,963,767,196
S01009950,727,647,80
S01009951,858,768,90
S01009952,1080,886,194
S01009953,1319,1105,214
S01009954,725,606,119
S01009955,1150,892,258
S01009956,862,647,215
S01009957,1291,1126,165
S01009958,1162,1010,152
S01009959,913,777,136
S01009960,1337,1106,231
S01009961,674,513,161
S01009962,1062,871,191
S01009963,1135,937,198
S01009964,1253,1019,234
S01009965,923,749,174
S01009966,1164,945,219
S01009967,984,806,178
S01009968,608,486,122
S01009969,1358,1056,302
S01009970,1064,744,320
S01009971,1582,1166,416
S01009972,937,699,238
S01009973,829,658,171
S01009974,916,601,315
S01009975,908,572,336
S01009976,782,547,235
S01009977,1099,626,473
S01009978,1343,893,450
S01009979,1048,638,410
S01009980,707,406,301
S01009981,984,687,297
S01009982,1030,829,201
S01009983,663,477,186
S01009984,1048,824,224
S01009985,615,478,137
S01009986,699,459,240
S01009987,880,576,304
S01009988,665,393,272
S01009989,1022,820,202
S01009990,975,787,188
S01009991,1042,893,149
S01009992,945,608,337
S01009993,826,699,127
S01009994,725,617,108
S01009995,653,556,97
S01009996,918,747,171
S01009997,648,550,98
S01009998,934,766,168
S01009999,886,735,151
S01010000,860,738,122
S01010001,798,665,133
S01010002,1343,1117,226
S01010003,969,832,137
S01010004,924,760,164
S01010005,963,725,238
S01010006,1261,1008,253
S01010007,959,824,135
S01010008,765,652,113
S01010009,640,529,111
S01010010,1466,1221,245
S01010011,828,588,240
S01010012,1511,1299,212
S01010013,970,783,187
S01010014,1278,1046,232
S01010015,1038,925,113
S01010016,724,500,224
S01010017,968,711,257
S01010018,1180,828,352
S01010019,1164,772,392
S01010020,993,718,275
S01010021,806,587,219
S01010022,1040,727,313
S01010023,1409,905,504
S01010024,806,606,200
S01010025,891,648,243
S01010026,1788,1318,470
S01010027,1894,1559,335
S01010028,763,507,256
S01010029,535,334,201
S01010030,950,760,190
S01010031,1039,961,78
S01010032,1550,1363,187
S01010033,1132,884,248
S01010034,1422,1056,366
S01010035,973,737,236
S01010036,1588,1491,97
S01010037,1022,658,364
S01010038,1382,982,400
S01010039,1033,939,94
S01010040,907,717,190
S01010041,994,815,179
S01010042,1448,1217,231
S01010043,1034,750,284
S01010044,1450,1024,426
S01010045,824,521,303
S01010046,1130,765,365
S01010047,1083,660,423
S01010048,1370,867,503
S01010049,1078,739,339
S01010050,993,645,348
S01010051,808,508,300
S01010052,648,447,201
S01010053,859,648,211
S01010054,764,528,236
S01010055,1342,910,432
S01010056,599,443,156
S01010057,553,430,123
S01010058,996,745,251
S01010059,759,592,167
S01010060,986,695,291
S01010061,822,646,176
S01010062,807,581,226
S01010063,1132,786,346
S01010064,773,566,207
S01010065,839,542,297
S01010066,753,511,242
S01010067,1066,780,286
S01010068,742,520,222
S01010069,1082,843,239
S01010070,665,568,97
S01010071,925,651,274
S01010072,1097,780,317
S01010073,1023,744,279
S01010074,1128,843,285
S01010075,781,492,289
S01010076,859,619,240
S01010077,719,475,244
S01010078,692,571,121
S01010079,923,732,191
S01010080,803,652,151
S01010081,1104,866,238
S01010082,860,696,164
S01010083,1035,746,289
S01010084,1110,739,371
S01010085,1093,840,253
S01010086,1027,675,352
S01010087,573,442,131
S01010088,1545,1406,139
S01010089,1074,803,271
S01010090,1169,942,227
S01010091,1813,1610,203
S01010092,1144,744,400
S01010093,951,758,193
S01010094,1191,927,264
S01010095,1218,1041,177
S01010096,927,756,171
S01010097,735,588,147
S01010098,727,589,138
S01010099,948,772,176
S01010100,886,669,217
S01010101,1080,834,246
S01010102,742,655,87
S01010103,888,795,93
S01010104,1039,921,118
S01010105,803,549,254
S01010106,629,461,168
S01010107,1016,792,224
S01010108,733,501,232
S01010109,2300,1906,394
S01010110,1066,693,373
S01010111,1163,827,336
S01010112,1139,805,334
S01010113,551,402,149
S01010114,873,576,297
S01010115,632,518,114
S01010116,1428,1198,230
S01010117,1442,1318,124
S01010118,850,611,239
S01010119,543,433,110
S01010120,1045,753,292
S01010121,802,587,215
S01010122,547,326,221
S01010123,733,556,177
S01010124,723,607,116
S01010125,932,695,237
S01010126,657,524,133
S01010127,694,442,252
S01010128,758,547,211
S01010129,1039,746,293
S01010130,978,706,272
S01010131,1144,829,315
S01010132,1142,776,366
S01010133,924,537,387
S01010134,1244,849,395
S01010135,1166,694,472
S01010136,1076,771,305
S01010137,1297,817,480
S01010138,994,571,423
S01010139,1229,832,397
S01010140,989,781,208
S01010141,1065,690,375
S01010142,644,468,176
S01010143,829,523,306
S01010144,700,548,152
S01010145,778,574,204
S01010146,1267,933,334
S01010147,1136,803,333
S01010148,1420,991,429
S01010149,780,555,225
S01010150,870,478,392
S01010151,940,555,385
S01010152,954,685,269
S01010153,1043,650,393
S01010154,962,546,416
S01010155,821,490,331
S01010156,1064,685,379
S01010157,981,652,329
S01010158,913,599,314
S01010159,735,446,289
S01010160,822,614,208
S01010161,893,690,203
S01010162,1079,739,340
S01010163,1301,935,366
S01010164,888,599,289
S01010165,627,442,185
S01010166,1498,1127,371
S01010167,911,582,329
S01010168,616,471,145
S01010169,890,679,211
S01010170,858,601,257
S01010171,1613,1241,372
S01010172,769,466,303
S01010173,1108,771,337
S01010174,1540,1089,451
S01010175,480,346,134
S01010176,977,656,321
S01010177,776,588,188
S01010178,1103,845,258
S01010179,1655,1183,472
S01010180,923,722,201
S01010181,1057,720,337
S01010182,1107,861,246
S01010183,1528,1208,320
S01010184,630,449,181
S01010185,733,510,223
S01010186,647,540,107
S01010187,789,628,161
S01010188,1909,1606,303
S01010189,976,895,81
S01010190,272,168,104
S01010191,736,669,67
S01010192,1050,943,107
S01010193,907,695,212
S01010194,689,459,230
S01010195,1021,712,309
S01010196,820,564,256
S01010197,757,527,230
S01010198,1131,746,385
S01010199,693,513,180
S01010200,690,469,221
S01010201,928,699,229
S01010202,783,605,178
S01010203,729,602,127
S01010204,1190,868,322
S01010205,658,467,191
S01010206,497,434,63
S01010207,859,674,185
S01010208,1049,788,261
S01010209,1038,730,308
S01010210,1076,773,303
S01010211,916,603,313
S01010212,1262,862,400
S01010213,1112,737,375
S01010214,967,745,222
S01010215,1057,693,364
S01010216,1039,679,360
S01010217,1001,713,288
S01010218,1282,992,290
S01010219,767,605,162
S01010220,573,511,62
S01010221,655,410,245
S01010222,713,543,170
S01010223,655,434,221
S01010224,1364,934,430
S01010225,931,722,209
S01010226,792,589,203
S01010227,921,723,198
S01010228,695,391,304
S01010229,1087,792,295
S01010230,1431,1092,339
S01010231,1013,744,269
S01010232,880,687,193
S01010233,1567,1199,368
S01010234,1069,856,213
S01010235,884,744,140
S01010236,736,610,126
S01010237,1007,829,178
S01010238,1051,879,172
S01010239,1026,710,316
S01010240,1111,848,263
S01010241,1019,742,277
S01010242,1180,873,307
S01010243,1392,1050,342
S01010244,1006,700,306
S01010245,1122,721,401
S01010246,1162,875,287
S01010247,952,711,241
S01010248,959,834,125
S01010249,976,843,133
S01010250,1114,1003,111
S01010251,780,726,54
S01010252,754,663,91
S01010253,759,547,212
S01010254,1159,834,325
S01010255,1269,860,409
S01010256,1070,780,290
S01010257,2783,2620,163
S01010258,2329,2167,162
S01010259,1679,1366,313
S01010260,1682,1548,134
S01010261,2972,2588,384
S01010262,1221,790,431
S01010263,841,777,64
S01010264,1287,1132,155
S01010265,1296,1244,52
S01010266,934,834,100
S01010267,893,841,52
S01010268,965,838,127
S01010269,969,750,219
S01010270,1474,915,559
S01010271,931,814,117
S01010272,1283,997,286
S01010273,1107,1029,78
S01010274,677,622,55
S01010275,1410,1295,115
S01010276,993,929,64
S01010277,610,442,168
S01010278,1357,1045,312
S01010279,835,708,127
S01010280,878,780,98
S01010281,779,715,64
S01010282,1246,1010,236
S01010283,874,794,80
S01010284,1711,1529,182
S01010285,1151,1033,118
S01010286,2387,2197,190
S01010287,1323,1216,107
S01010288,1201,1111,90
S01010289,771,731,40
S01010290,857,729,128
S01010291,1149,992,157
S01010292,1197,1091,106
S01010293,926,804,122
S01010294,1025,921,104
S01010295,974,880,94
S01010296,894,777,117
S01010297,964,734,230
S01010298,966,675,291
S01010299,608,411,197
S01010300,1473,1160,313
S01010301,522,477,45
S01010302,846,597,249
S01010303,683,550,133
S01010304,732,505,227
S01010305,1155,868,287
S01010306,828,718,110
S01010307,892,804,88
S01010308,975,880,95
S01010309,615,389,226
S01010310,864,651,213
S01010311,1081,719,362
S01010312,1028,686,342
S01010313,1498,1040,458
S01010314,1451,1058,393
S01010315,1078,871,207
S01010316,1030,817,213
S01010317,1350,1151,199
S01010318,1753,1592,161
S01010319,1045,819,226
S01010320,783,609,174
S01010321,1172,836,336
S01010322,1374,1223,151
S01010323,735,459,276
S01010324,940,590,350
S01010325,1018,605,413
S01010326,1410,1032,378
S01010327,1352,997,355
S01010328,1137,773,364
S01010329,492,307,185
S01010330,725,509,216
S01010331,1283,799,484
S01010332,1046,716,330
S01010333,962,682,280
S01010334,1276,958,318
S01010335,1148,775,373
S01010336,1212,933,279
S01010337,852,567,285
S01010338,884,610,274
S01010339,936,676,260
S01010340,853,651,202
S01010341,812,649,163
S01010342,829,663,166
S01010343,1427,1258,169
S01010344,929,613,316
S01010345,652,563,89
S01010346,1157,898,259
S01010347,1125,902,223
S01010348,1076,794,282
S01010349,1137,822,315
S01010350,1362,1026,336
S01010351,1038,824,214
S01010352,803,609,194
S01010353,1070,726,344
S01010354,733,514,219
S01010355,1203,869,334
S01010356,724,598,126
S01010357,670,454,216
S01010358,902,586,316
S01010359,1237,740,497
S01010360,567,414,153
S01010361,535,370,165
S01010362,970,695,275
S01010363,758,636,122
S01010364,1181,1003,178
S01010365,1202,1025,177
S01010366,1401,1177,224
S01010367,1743,1598,145
S01010368,922,744,178
S01010369,825,719,106
S01010370,725,669,56
S01010371,1231,1127,104
S01010372,936,830,106
S01010373,761,659,102
S01010374,1015,922,93
S01010375,896,820,76
S01010376,1019,925,94
S01010377,1082,992,90
S01010378,954,897,57
S01010379,1545,1411,134
S01010380,1115,983,132
S01010381,1123,966,157
S01010382,958,837,121
S01010383,864,654,210
S01010384,1382,1158,224
S01010385,979,809,170
S01010386,1250,985,265
S01010387,1734,1445,289
S01010388,1103,853,250
S01010389,1777,1666,111
S01010390,1303,1117,186
S01010391,2917,2639,278
S01010392,2000,1829,171
S01010393,1628,1347,281
S01010394,936,646,290
S01010395,1144,930,214
S01010396,1033,838,195
S01010397,905,805,100
S01010398,1090,954,136
S01010399,1668,1543,125
S01010400,1101,977,124
S01010401,825,696,129
S01010402,1173,1044,129
S01010403,1158,1013,145
S01010404,1222,1080,142
S01010405,996,885,111
S01010406,962,855,107
S01010407,1256,1167,89
S01010408,695,553,142
S01010409,1350,1172,178
S01010410,595,532,63
S01010411,1539,1404,135
S01010412,966,802,164
S01010413,949,753,196
S01010414,1231,1026,205
S01010415,1173,816,357
S01010416,914,715,199
S01010417,580,489,91
S01010418,1223,1014,209
S01010419,1629,1376,253
S01010420,1202,995,207
S01010421,889,784,105
S01010422,1177,961,216
S01010423,1037,777,260
S01010424,1026,750,276
S01010425,1032,730,302
S01010426,1098,853,245
S01010427,1343,1016,327
S01010428,1603,1257,346
S01010429,978,851,127
S01010430,1040,764,276
S01010431,1020,851,169
S01010432,880,694,186
S01010433,905,745,160
S01010434,819,612,207
S01010435,689,485,204
S01010436,778,567,211
S01010437,557,400,157
S01010438,1058,873,185
S01010439,1371,1122,249
S01010440,1229,821,408
S01010441,899,761,138
S01010442,849,691,158
S01010443,765,561,204
S01010444,685,486,199
S01010445,1109,671,438
S01010446,838,637,201
S01010447,1126,804,322
S01010448,1057,776,281
S01010449,1014,642,372
S01010450,889,572,317
S01010451,1098,785,313
S01010452,919,633,286
S01010453,1143,853,290
S01010454,1170,786,384
S01010455,942,582,360
S01010456,633,428,205
S01010457,1044,728,316
S01010458,843,615,228
S01010459,752,494,258
S01010460,810,693,117
S01010461,1026,691,335
S01010462,1088,847,241
S01010463,796,604,192
S01010464,653,481,172
S01010465,999,851,148
S01010466,1608,1392,216
S01010467,981,745,236
S01010468,1209,1006,203
S01010469,826,632,194
S01010470,900,627,273
S01010471,922,662,260
S01010472,1339,1194,145
S01010473,1044,897,147
S01010474,1099,914,185
S01010475,1240,1110,130
S01010476,1048,763,285
S01010477,951,702,249
S01010478,1411,963,448
S01010479,1022,728,294
S01010480,845,615,230
S01010481,880,641,239
S01010482,998,689,309
S01010483,1110,783,327
S01010484,987,745,242
S01010485,1072,831,241
S01010486,1210,1028,182
S01010487,1123,862,261
S01010488,1366,1003,363
S01010489,1471,1021,450
S01010490,893,678,215
S01010491,1049,751,298
S01010492,808,575,233
S01010493,1200,885,315
S01010494,698,522,176
S01010495,1184,845,339
S01010496,1628,1093,535
S01010497,1063,816,247
S01010498,1333,921,412
S01010499,1355,939,416
S01010500,1258,979,279
S01010501,910,641,269
S01010502,756,594,162
S01010503,838,584,254
S01010504,531,430,101
S01010505,655,543,112
S01010506,889,745,144
S01010507,1092,917,175
S01010508,1150,938,212
S01010509,1183,979,204
S01010510,1659,1322,337
S01010511,1254,973,281
S01010512,912,721,191
S01010513,897,775,122
S01010514,918,752,166
S01010515,906,716,190
S01010516,614,519,95
S01010517,1136,955,181
S01010518,922,783,139
S01010519,938,794,144
S01010520,1172,953,219
S01010521,1035,850,185
S01010522,812,627,185
S01010523,1065,875,190
S01010524,585,474,111
S01010525,790,650,140
S01010526,927,711,216
S01010527,1300,1011,289
S01010528,794,658,136
S01010529,1084,907,177
S01010530,753,639,114
S01010531,1094,888,206
S01010532,840,705,135
S01010533,920,745,175
S01010534,1115,938,177
S01010535,715,611,104
S01010536,1165,954,211
S01010537,1411,1159,252
S01010538,1129,990,139
S01010539,1037,905,132
S01010540,628,523,105
S01010541,840,724,116
S01010542,1069,875,194
S01010543,606,509,97
S01010544,1281,1088,193
S01010545,738,597,141
S01010546,1010,780,230
S01010547,757,638,119
S01010548,583,470,113
S01010549,1286,1081,205
S01010550,690,594,96
S01010551,831,724,107
S01010552,1005,852,153
S01010553,621,520,101
S01010554,776,632,144
S01010555,1057,853,204
S01010556,1197,869,328
S01010557,736,612,124
S01010558,608,478,130
S01010559,791,583,208
S01010560,663,537,126
S01010561,963,781,182
S01010562,1007,846,161
S01010563,800,643,157
S01010564,806,588,218
S01010565,963,762,201
S01010566,1090,915,175
S01010567,1243,1033,210
S01010568,1422,1204,218
S01010569,953,815,138
S01010570,1563,1280,283
S01010571,917,773,144
S01010572,1004,813,191
S01010573,641,529,112
S01010574,609,519,90
S01010575,873,737,136
S01010576,822,676,146
S01010577,901,743,158
S01010578,576,484,92
S01010579,736,620,116
S01010580,513,415,98
S01010581,843,727,116
S01010582,686,570,116
S01010583,986,864,122
S01010584,2141,1937,204
S01010585,2051,1862,189
S01010586,632,537,95
S01010587,872,695,177
S01010588,836,717,119
S01010589,2397,2149,248
S01010590,1797,1596,201
S01010591,626,577,49
S01010592,366,315,51
S01010593,2428,2228,200
S01010594,1852,1708,144
S01010595,1850,1711,139
S01010596,3420,3133,287
S01010597,2421,2232,189
S01010598,2542,2344,198
S01010599,819,718,101
S01010600,1694,1430,264
S01010601,774,590,184
S01010602,652,579,73
S01010603,809,673,136
S01010604,845,704,141
S01010605,1368,1153,215
S01010606,1054,861,193
S01010607,1064,890,174
S01010608,781,634,147
S01010609,570,472,98
S01010610,781,629,152
S01010611,1197,985,212
S01010612,781,664,117
S01010613,820,615,205
S01010614,706,565,141
S01010615,1026,886,140
S01010616,1078,919,159
S01010617,1005,880,125
S01010618,1010,898,112
S01010619,1279,1109,170
S01010620,744,612,132
S01010621,1121,938,183
S01010622,648,518,130
S01010623,1066,967,99
S01010624,755,619,136
S01010625,786,632,154
S01010626,993,750,243
S01010627,1095,838,257
S01010628,1189,987,202
S01010629,1290,987,303
S01010630,698,551,147
S01010631,986,747,239
S01010632,958,709,249
S01010633,1035,790,245
S01010634,665,507,158
S01010635,803,635,168
S01010636,987,820,167
S01010637,852,659,193
S01010638,995,705,290
S01010639,1332,1007,325
S01010640,898,767,131
S01010641,1350,1044,306
S01010642,1035,808,227
S01010643,844,673,171
S01010644,879,639,240
S01010645,767,666,101
S01010646,807,673,134
S01010647,696,514,182
S01010648,981,785,196
S01010649,785,601,184
S01010650,701,550,151
S01010651,674,519,155
S01010652,825,680,145
S01010653,742,603,139
S01010654,763,617,146
S01010655,1019,843,176
S01010656,705,560,145
S01010657,919,777,142
S01010658,1106,898,208
S01010659,792,681,111
S01010660,917,742,175
S01010661,775,634,141
S01010662,922,783,139
S01010663,1511,1272,239
S01010664,783,661,122
S01010665,1055,869,186
S01010666,1405,1139,266
S01010667,801,666,135
S01010668,1318,1079,239
S01010669,608,495,113
S01010670,943,786,157
S01010671,895,772,123
S01010672,1366,1126,240
S01010673,1117,905,212
S01010674,1180,971,209
S01010675,952,760,192
S01010676,1201,1020,181
S01010677,501,411,90
S01010678,1057,819,238
S01010679,1584,1249,335
S01010680,788,615,173
S01010681,1353,1114,239
S01010682,1307,1094,213
S01010683,975,765,210
S01010684,1054,826,228
S01010685,758,587,171
S01010686,701,555,146
S01010687,1071,830,241
S01010688,849,699,150
S01010689,1007,770,237
S01010690,938,731,207
S01010691,1020,845,175
S01010692,749,613,136
S01010693,385,309,76
S01010694,798,575,223
S01010695,727,617,110
S01010696,1212,1002,210
S01010697,1122,908,214
S01010698,764,614,150
S01010699,605,506,99
S01010700,611,516,95
S01010701,1314,1097,217
S01010702,1077,853,224
S01010703,902,748,154
S01010704,1291,1020,271
S01010705,1290,1071,219
S01010706,887,711,176
S01010707,750,620,130
S01010708,1067,895,172
S01010709,904,781,123
S01010710,969,793,176
S01010711,778,671,107
S01010712,864,732,132
S01010713,1024,874,150
S01010714,839,641,198
S01010715,808,646,162
S01010716,976,749,227
S01010717,1009,860,149
S01010718,1078,922,156
S01010719,918,731,187
S01010720,881,692,189
S01010721,828,677,151
S01010722,1208,1002,206
S01010723,1108,981,127
S01010724,887,751,136
S01010725,822,694,128
S01010726,1091,917,174
S01010727,765,631,134
S01010728,1016,877,139
S01010729,924,791,133
S01010730,845,730,115
S01010731,906,723,183
S01010732,840,644,196
S01010733,1018,797,221
S01010734,1051,813,238
S01010735,1051,877,174
S01010736,500,419,81
S01010737,1038,784,254
S01010738,1127,890,237
S01010739,870,696,174
S01010740,700,528,172
S01010741,695,525,170
S01010742,887,700,187
S01010743,1008,787,221
S01010744,1166,910,256
S01010745,702,551,151
S01010746,1016,863,153
S01010747,1170,900,270
S01010748,631,504,127
S01010749,736,603,133
S01010750,626,495,131
S01010751,999,744,255
S01010752,1063,855,208
S01010753,1318,1068,250
S01010754,1021,779,242
S01010755,863,662,201
S01010756,835,692,143
S01010757,863,648,215
S01010758,702,530,172
S01010759,682,555,127
S01010760,816,609,207
S01010761,536,430,106
S01010762,598,456,142
S01010763,940,739,201
S01010764,576,449,127
S01010765,1228,943,285
S01010766,784,593,191
S01010767,706,545,161
S01010768,737,559,178
S01010769,483,384,99
S01010770,877,694,183
S01010771,960,683,277
S01010772,762,529,233
S01010773,785,591,194
S01010774,1353,992,361
S01010775,643,536,107
S01010776,833,654,179
S01010777,512,370,142
S01010778,649,500,149
S01010779,995,810,185
S01010780,648,505,143
S01010781,965,797,168
S01010782,623,471,152
S01010783,897,720,177
S01010784,1122,923,199
S01010785,793,669,124
S01010786,688,571,117
S01010787,913,742,171
S01010788,622,517,105
S01010789,888,728,160
S01010790,827,649,178
S01010791,993,787,206
S01010792,1152,945,207
S01010793,649,539,110
S01010794,550,461,89
S01010795,1311,1076,235
S01010796,1441,1193,248
S01010797,762,657,105
S01010798,694,567,127
S01010799,999,746,253
S01010800,797,645,152
S01010801,794,616,178
S01010802,626,536,90
S01010803,611,486,125
S01010804,778,642,136
S01010805,1276,1050,226
S01010806,916,709,207
S01010807,570,461,109
S01010808,553,463,90
S01010809,1007,814,193
S01010810,490,356,134
S01010811,923,720,203
S01010812,522,416,106
S01010813,910,754,156
S01010814,740,614,126
S01010815,582,468,114
S01010816,830,673,157
S01010817,1203,1027,176
S01010818,1454,1154,300
S01010819,1044,824,220
S01010820,1391,1128,263
S01010821,866,733,133
S01010822,772,577,195
S01010823,683,525,158
S01010824,1231,1100,131
S01010825,1642,1407,235
S01010826,755,652,103
S01010827,697,597,100
S01010828,1239,1107,132
S01010829,1121,917,204
S01010830,556,460,96
S01010831,598,555,43
S01010832,730,622,108
S01010833,1159,993,166
S01010834,1629,1383,246
S01010835,736,600,136
S01010836,920,753,167
S01010837,838,662,176
S01010838,1187,967,220
S01010839,908,748,160
S01010840,572,438,134
S01010841,1103,859,244
S01010842,960,633,327
S01010843,756,500,256
S01010844,838,694,144
S01010845,619,508,111
S01010846,910,752,158
S01010847,798,693,105
S01010848,924,706,218
S01010849,951,688,263
S01010850,1005,657,348
S01010851,935,708,227
S01010852,839,649,190
S01010853,999,757,242
S01010854,923,702,221
S01010855,560,435,125
S01010856,908,608,300
S01010857,950,795,155
S01010858,1138,822,316
S01010859,842,650,192
S01010860,885,670,215
S01010861,981,688,293
S01010862,651,481,170
S01010863,883,693,190
S01010864,622,540,82
S01010865,706,576,130
S01010866,881,621,260
S01010867,750,557,193
S01010868,839,573,266
S01010869,1144,965,179
S01010870,1020,777,243
S01010871,898,693,205
S01010872,830,636,194
S01010873,739,435,304
S01010874,928,813,115
S01010875,658,544,114
S01010876,740,557,183
S01010877,1633,1224,409
S01010878,1326,942,384
S01010879,1103,891,212
S01010880,669,499,170
S01010881,803,607,196
S01010882,1050,866,184
S01010883,1034,808,226
S01010884,1153,782,371
S01010885,1349,958,391
S01010886,615,468,147
S01010887,765,497,268
S01010888,1188,836,352
S01010889,825,557,268
S01010890,847,455,392
S01010891,870,519,351
S01010892,915,566,349
S01010893,1031,646,385
S01010894,805,530,275
S01010895,495,331,164
S01010896,984,640,344
S01010897,945,662,283
S01010898,1362,1066,296
S01010899,714,574,140
S01010900,930,716,214
S01010901,465,324,141
S01010902,957,697,260
S01010903,891,571,320
S01010904,538,380,158
S01010905,964,758,206
S01010906,966,787,179
S01010907,606,545,61
S01010908,1136,938,198
S01010909,1207,967,240
S01010910,844,622,222
S01010911,875,498,377
S01010912,773,483,290
S01010913,642,526,116
S01010914,1153,959,194
S01010915,982,803,179
S01010916,733,487,246
S01010917,843,601,242
S01010918,1289,897,392
S01010919,882,635,247
S01010920,733,553,180
S01010921,733,525,208
S01010922,988,677,311
S01010923,1154,847,307
S01010924,678,498,180
S01010925,858,653,205
S01010926,989,736,253
S01010927,970,709,261
S01010928,806,599,207
S01010929,918,687,231
S01010930,900,802,98
S01010931,430,349,81
S01010932,1496,1184,312
S01010933,864,721,143
S01010934,1114,960,154
S01010935,861,662,199
S01010936,682,519,163
S01010937,728,595,133
S01010938,951,726,225
S01010939,776,637,139
S01010940,683,596,87
S01010941,1253,1092,161
S01010942,646,564,82
S01010943,832,674,158
S01010944,845,627,218
S01010945,540,443,97
S01010946,1029,794,235
S01010947,791,631,160
S01010948,673,535,138
S01010949,1546,1329,217
S01010950,846,670,176
S01010951,724,618,106
S01010952,779,668,111
S01010953,737,624,113
S01010954,1268,1166,102
S01010955,1145,1039,106
S01010956,970,840,130
S01010957,581,480,101
S01010958,625,496,129
S01010959,891,753,138
S01010960,1480,1216,264
S01010961,1433,1162,271
S01010962,649,445,204
S01010963,1038,874,164
S01010964,523,406,117
S01010965,1012,785,227
S01010966,982,740,242
S01010967,920,721,199
S01010968,919,727,192
S01010969,736,547,189
S01010970,1511,1108,403
S01010971,1736,1382,354
S01010972,939,745,194
S01010973,627,501,126
S01010974,1133,858,275
S01010975,662,491,171
S01010976,2199,1889,310
S01010977,728,570,158
S01010978,949,714,235
S01010979,900,738,162
S01010980,821,658,163
S01010981,739,557,182
S01010982,1334,1009,325
S01010983,1132,877,255
S01010984,1097,882,215
S01010985,865,720,145
S01010986,750,700,50
S01010987,445,388,57
S01010988,627,580,47
S01010989,1514,1393,121
S01010990,798,632,166
S01010991,1936,1746,190
S01010992,1803,1647,156
S01010993,733,590,143
S01010994,2765,2407,358
S01010995,851,735,116
S01010996,901,754,147
S01010997,1056,896,160
S01010998,2440,2149,291
S01010999,903,726,177
S01011000,1120,841,279
S01011001,652,505,147
S01011002,707,519,188
S01011003,813,638,175
S01011004,809,664,145
S01011005,795,616,179
S01011006,1002,864,138
S01011007,883,677,206
S01011008,881,703,178
S01011009,627,521,106
S01011010,950,719,231
S01011011,768,527,241
S01011012,1218,931,287
S01011013,878,661,217
S01011014,811,664,147
S01011015,565,457,108
S01011016,1188,1055,133
S01011017,1670,1445,225
S01011018,1451,1191,260
S01011019,1253,1059,194
S01011020,472,400,72
S01011021,882,674,208
S01011022,705,565,140
S01011023,1043,847,196
S01011024,1223,985,238
S01011025,680,551,129
S01011026,540,425,115
S01011027,1160,869,291
S01011028,1175,949,226
S01011029,741,582,159
S01011030,969,797,172
S01011031,1190,975,215
S01011032,896,697,199
S01011033,794,632,162
S01011034,849,597,252
S01011035,662,520,142
S01011036,1019,809,210
S01011037,1079,862,217
S01011038,1053,819,234
S01011039,907,710,197
S01011040,1407,1184,223
S01011041,917,676,241
S01011042,818,699,119
S01011043,1277,1063,214
S01011044,1150,954,196
S01011045,939,780,159
S01011046,854,705,149
S01011047,1077,917,160
S01011048,1277,1041,236
S01011049,818,668,150
S01011050,1005,845,160
S01011051,1078,881,197
S01011052,1218,986,232
S01011053,742,611,131
S01011054,672,553,119
S01011055,568,480,88
S01011056,699,580,119
S01011057,728,618,110
S01011058,638,528,110
S01011059,778,651,127
S01011060,1225,935,290
S01011061,1077,889,188
S01011062,1404,1152,252
S01011063,1132,901,231
S01011064,1299,1086,213
S01011065,965,751,214
S01011066,614,488,126
S01011067,1167,916,251
S01011068,826,702,124
S01011069,721,559,162
S01011070,903,732,171
S01011071,948,749,199
S01011072,1142,935,207
S01011073,699,553,146
S01011074,607,511,96
S01011075,883,696,187
S01011076,1153,892,261
S01011077,1059,853,206
S01011078,1354,1111,243
S01011079,1307,1085,222
S01011080,1124,869,255
S01011081,824,678,146
S01011082,722,509,213
S01011083,1144,898,246
S01011084,876,714,162
S01011085,889,724,165
S01011086,641,499,142
S01011087,880,685,195
S01011088,1178,955,223
S01011089,950,767,183
S01011090,717,581,136
S01011091,700,608,92
S01011092,2474,2230,244
S01011093,3120,2785,335
S01011094,776,631,145
S01011095,1088,932,156
S01011096,951,806,145
S01011097,715,622,93
S01011098,1124,920,204
S01011099,819,695,124
S01011100,570,445,125
S01011101,790,649,141
S01011102,731,595,136
S01011103,773,554,219
S01011104,704,454,250
S01011105,799,645,154
S01011106,988,904,84
S01011107,2433,2169,264
S01011108,672,550,122
S01011109,807,675,132
S01011110,947,779,168
S01011111,1093,865,228
S01011112,142,112,30
S01011113,1004,789,215
S01011114,1195,1007,188
S01011115,902,700,202
S01011116,880,743,137
S01011117,868,711,157
S01011118,1011,818,193
S01011119,931,753,178
S01011120,1159,954,205
S01011121,622,494,128
S01011122,787,664,123
S01011123,1121,923,198
S01011124,661,566,95
S01011125,452,361,91
S01011126,763,638,125
S01011127,536,508,28
S01011128,1007,832,175
S01011129,940,821,119
S01011130,766,594,172
S01011131,739,620,119
S01011132,898,765,133
S01011133,527,423,104
S01011134,825,657,168
S01011135,1008,819,189
S01011136,658,514,144
S01011137,923,778,145
S01011138,641,538,103
S01011139,1335,1242,93
S01011140,537,433,104
S01011141,1696,1515,181
S01011142,1363,1239,124
S01011143,1190,1004,186
S01011144,919,739,180
S01011145,1079,899,180
S01011146,1051,877,174
S01011147,1186,967,219
S01011148,787,667,120
S01011149,802,744,58
S01011150,933,885,48
S01011151,749,664,85
S01011152,901,739,162
S01011153,1005,786,219
S01011154,624,442,182
S01011155,814,611,203
S01011156,845,688,157
S01011157,576,482,94
S01011158,598,468,130
S01011159,614,440,174
S01011160,909,755,154
S01011161,637,534,103
S01011162,885,767,118
S01011163,960,799,161
S01011164,851,690,161
S01011165,881,673,208
S01011166,603,492,111
S01011167,1064,873,191
S01011168,845,732,113
S01011169,1267,1125,142
S01011170,911,739,172
S01011171,1007,829,178
S01011172,752,585,167
S01011173,869,650,219
S01011174,762,573,189
S01011175,815,600,215
S01011176,689,513,176
S01011177,1082,847,235
S01011178,595,473,122
S01011179,705,538,167
S01011180,853,648,205
S01011181,1527,1316,211
S01011182,511,405,106
S01011183,757,627,130
S01011184,820,717,103
S01011185,790,624,166
S01011186,1127,824,303
S01011187,803,669,134
S01011188,1108,864,244
S01011189,1096,839,257
S01011190,1103,832,271
S01011191,750,592,158
S01011192,865,697,168
S01011193,942,764,178
S01011194,727,584,143
S01011195,945,775,170
S01011196,1050,784,266
S01011197,871,658,213
S01011198,695,547,148
S01011199,781,604,177
S01011200,865,684,181
S01011201,586,451,135
S01011202,949,726,223
S01011203,1289,1000,289
S01011204,555,470,85
S01011205,184,163,21
S01011206,734,632,102
S01011207,1852,1561,291
S01011208,907,804,103
S01011209,697,566,131
S01011210,830,689,141
S01011211,1745,1529,216
S01011212,735,576,159
S01011213,1180,945,235
S01011214,1144,824,320
S01011215,919,677,242
S01011216,1105,863,242
S01011217,1207,922,285
S01011218,933,724,209
S01011219,1031,741,290
S01011220,988,724,264
S01011221,1075,852,223
S01011222,662,507,155
S01011223,946,746,200
S01011224,681,463,218
S01011225,1029,767,262
S01011226,1098,818,280
S01011227,802,620,182
S01011228,1353,1033,320
S01011229,802,576,226
S01011230,1319,845,474
S01011231,1047,680,367
S01011232,915,696,219
S01011233,1500,1271,229
S01011234,1165,880,285
S01011235,525,381,144
S01011236,557,396,161
S01011237,1048,812,236
S01011238,806,594,212
S01011239,878,566,312
S01011240,1075,671,404
S01011241,1042,700,342
S01011242,1015,737,278
S01011243,1251,905,346
S01011244,666,471,195
S01011245,848,591,257
S01011246,926,701,225
S01011247,953,700,253
S01011248,945,747,198
S01011249,1048,892,156
S01011250,1241,1016,225
S01011251,871,665,206
S01011252,825,644,181
S01011253,968,715,253
S01011254,1209,1020,189
S01011255,428,383,45
S01011256,497,457,40
S01011257,468,362,106
S01011258,700,533,167
S01011259,931,685,246
S01011260,718,548,170
S01011261,925,714,211
S01011262,689,516,173
S01011263,898,666,232
S01011264,688,550,138
S01011265,1053,801,252
S01011266,908,679,229
S01011267,984,781,203
S01011268,591,427,164
S01011269,594,419,175
S01011270,833,603,230
S01011271,948,649,299
S01011272,728,522,206
S01011273,1285,1053,232
S01011274,1125,888,237
S01011275,1543,1317,226
S01011276,1114,874,240
S01011277,654,556,98
S01011278,639,560,79
S01011279,713,578,135
S01011280,690,573,117
S01011281,804,706,98
S01011282,918,798,120
S01011283,804,734,70
S01011284,1230,1115,115
S01011285,1140,845,295
S01011286,720,565,155
S01011287,987,747,240
S01011288,1067,856,211
S01011289,934,711,223
S01011290,1390,942,448
S01011291,986,728,258
S01011292,697,495,202
S01011293,953,693,260
S01011294,948,607,341
S01011295,1022,813,209
S01011296,722,506,216
S01011297,927,715,212
S01011298,1104,888,216
S01011299,494,403,91
S01011300,1008,777,231
S01011301,705,594,111
S01011302,945,615,330
S01011303,1186,990,196
S01011304,966,811,155
S01011305,829,674,155
S01011306,590,458,132
S01011307,2465,2173,292
S01011308,626,510,116
S01011309,858,687,171
S01011310,706,567,139
S01011311,1149,932,217
S01011312,1244,1025,219
S01011313,1122,898,224
S01011314,1097,907,190
S01011315,419,319,100
S01011316,938,752,186
S01011317,967,694,273
S01011318,964,721,243
S01011319,1116,854,262
S01011320,747,560,187
S01011321,663,560,103
S01011322,634,553,81
S01011323,1181,924,257
S01011324,509,395,114
S01011325,1030,714,316
S01011326,1099,746,353
S01011327,739,463,276
S01011328,897,640,257
S01011329,1053,777,276
S01011330,754,617,137
S01011331,832,681,151
S01011332,1270,1000,270
S01011333,733,558,175
S01011334,1448,1216,232
S01011335,1138,901,237
S01011336,698,559,139
S01011337,682,563,119
S01011338,847,729,118
S01011339,701,527,174
S01011340,1269,995,274
S01011341,874,673,201
S01011342,839,685,154
S01011343,906,674,232
S01011344,883,668,215
S01011345,1069,870,199
S01011346,832,645,187
S01011347,1186,895,291
S01011348,1225,963,262
S01011349,1113,952,161
S01011350,933,766,167
S01011351,796,579,217
S01011352,709,531,178
S01011353,650,474,176
S01011354,879,711,168
S01011355,1113,869,244
S01011356,962,814,148
S01011357,1399,1096,303
S01011358,547,479,68
S01011359,737,494,243
S01011360,852,702,150
S01011361,537,387,150
S01011362,661,568,93
S01011363,1714,1350,364
S01011364,659,544,115
S01011365,830,701,129
S01011366,498,295,203
S01011367,840,629,211
S01011368,1429,1332,97
S01011369,756,590,166
S01011370,1654,1502,152
S01011371,1560,1210,350
S01011372,1042,795,247
S01011373,866,694,172
S01011374,514,452,62
S01011375,726,597,129
S01011376,568,393,175
S01011377,594,501,93
S01011378,1041,809,232
S01011379,1125,963,162
S01011380,732,550,182
S01011381,810,648,162
S01011382,531,416,115
S01011383,1091,692,399
S01011384,839,631,208
S01011385,957,700,257
S01011386,1076,785,291
S01011387,988,724,264
S01011388,1431,1187,244
S01011389,1512,1244,268
S01011390,1040,741,299
S01011391,645,499,146
S01011392,1053,879,174
S01011393,841,608,233
S01011394,1012,848,164
S01011395,861,586,275
S01011396,986,679,307
S01011397,860,568,292
S01011398,779,566,213
S01011399,508,385,123
S01011400,925,722,203
S01011401,1020,768,252
S01011402,954,663,291
S01011403,1011,814,197
S01011404,1155,862,293
S01011405,731,574,157
S01011406,705,547,158
S01011407,1377,1084,293
S01011408,936,712,224
S01011409,839,638,201
S01011410,812,615,197
S01011411,993,797,196
S01011412,973,762,211
S01011413,560,504,56
S01011414,1077,810,267
S01011415,941,749,192
S01011416,875,729,146
S01011417,820,587,233
S01011418,780,550,230
S01011419,673,470,203
S01011420,491,354,137
S01011421,506,432,74
S01011422,467,332,135
S01011423,679,504,175
S01011424,560,425,135
S01011425,779,593,186
S01011426,1886,1542,344
S01011427,1423,1121,302
S01011428,673,502,171
S01011429,1327,1108,219
S01011430,1026,824,202
S01011431,1298,897,401
S01011432,1888,1475,413
S01011433,1048,836,212
S01011434,998,780,218
S01011435,1433,1121,312
S01011436,1245,946,299
S01011437,811,585,226
S01011438,881,682,199
S01011439,1155,876,279
S01011440,1091,814,277
S01011441,868,650,218
S01011442,683,475,208
S01011443,787,556,231
S01011444,1222,926,296
S01011445,635,463,172
S01011446,2472,2165,307
S01011447,1071,819,252
S01011448,1244,991,253
S01011449,757,548,209
S01011450,849,713,136
S01011451,1963,1742,221
S01011452,947,771,176
S01011453,820,634,186
S01011454,1109,847,262
S01011455,1041,766,275
S01011456,1034,764,270
S01011457,917,715,202
S01011458,804,682,122
S01011459,1370,1176,194
S01011460,984,808,176
S01011461,813,636,177
S01011462,1004,771,233
S01011463,670,535,135
S01011464,1681,1525,156
S01011465,826,674,152
S01011466,2111,1793,318
S01011467,539,447,92
S01011468,141,131,10
S01011469,859,696,163
S01011470,958,681,277
S01011471,953,697,256
S01011472,1225,894,331
S01011473,1013,676,337
S01011474,1075,738,337
S01011475,679,418,261
S01011476,915,809,106
S01011477,851,749,102
S01011478,1060,905,155
S01011479,886,713,173
S01011480,1113,951,162
S01011481,1169,917,252
S01011482,1155,846,309
S01011483,822,672,150
S01011484,1152,847,305
S01011485,965,706,259
S01011486,569,414,155
S01011487,1370,1049,321
S01011488,697,515,182
S01011489,995,849,146
S01011490,1134,849,285
S01011491,538,405,133
S01011492,859,676,183
S01011493,1048,902,146
S01011494,785,530,255
S01011495,1042,780,262
S01011496,649,502,147
S01011497,881,794,87
S01011498,672,614,58
S01011499,898,730,168
S01011500,1012,741,271
S01011501,673,487,186
S01011502,755,591,164
S01011503,1024,762,262
S01011504,666,497,169
S01011505,698,537,161
S01011506,588,403,185
S01011507,790,576,214
S01011508,962,811,151
S01011509,610,490,120
S01011510,1122,907,215
S01011511,678,510,168
S01011512,1239,941,298
S01011513,917,676,241
S01011514,1085,842,243
S01011515,752,622,130
S01011516,887,781,106
S01011517,649,483,166
S01011518,661,457,204
S01011519,781,602,179
S01011520,1091,796,295
S01011521,1429,1088,341
S01011522,956,687,269
S01011523,1305,1021,284
S01011524,890,723,167
S01011525,1099,845,254
S01011526,1018,821,197
S01011527,949,764,185
S01011528,974,705,269
S01011529,1084,798,286
S01011530,1256,898,358
S01011531,1814,1439,375
S01011532,1266,1139,127
S01011533,683,433,250
S01011534,766,587,179
S01011535,940,604,336
S01011536,674,583,91
S01011537,845,694,151
S01011538,733,626,107
S01011539,1096,760,336
S01011540,2031,1701,330
S01011541,1035,822,213
S01011542,1070,831,239
S01011543,920,716,204
S01011544,790,578,212
S01011545,851,623,228
S01011546,764,712,52
S01011547,475,426,49
S01011548,813,620,193
S01011549,915,739,176
S01011550,979,845,134
S01011551,876,683,193
S01011552,978,785,193
S01011553,1259,1121,138
S01011554,2044,1705,339
S01011555,766,602,164
S01011556,676,518,158
S01011557,1003,774,229
S01011558,874,667,207
S01011559,715,516,199
S01011560,1046,777,269
S01011561,834,620,214
S01011562,1038,823,215
S01011563,1118,803,315
S01011564,966,760,206
S01011565,1081,855,226
S01011566,917,722,195
S01011567,859,624,235
S01011568,847,677,170
S01011569,848,636,212
S01011570,946,685,261
S01011571,887,611,276
S01011572,883,612,271
S01011573,1084,884,200
S01011574,1100,915,185
S01011575,866,723,143
S01011576,979,602,377
S01011577,628,487,141
S01011578,2245,1884,361
S01011579,924,764,160
S01011580,1378,1031,347
S01011581,930,625,305
S01011582,2390,2035,355
S01011583,970,651,319
S01011584,843,635,208
S01011585,1196,872,324
S01011586,713,525,188
S01011587,738,578,160
S01011588,952,718,234
S01011589,1040,784,256
S01011590,2166,1816,350
S01011591,923,650,273
S01011592,1877,1591,286
S01011593,717,557,160
S01011594,622,453,169
S01011595,854,682,172
S01011596,1276,1020,256
S01011597,806,593,213
S01011598,984,704,280
S01011599,967,745,222
S01011600,737,536,201
S01011601,848,770,78
S01011602,709,540,169
S01011603,1000,676,324
S01011604,690,533,157
S01011605,844,620,224
S01011606,1001,914,87
S01011607,1266,1142,124
S01011608,1206,974,232
S01011609,970,703,267
S01011610,949,702,247
S01011611,1197,984,213
S01011612,296,265,31
S01011613,940,780,160
S01011614,570,430,140
S01011615,1356,1149,207
S01011616,511,360,151
S01011617,981,728,253
S01011618,794,629,165
S01011619,892,769,123
S01011620,972,880,92
S01011621,893,751,142
S01011622,160,129,31
S01011623,1888,1562,326
S01011624,937,766,171
S01011625,548,424,124
S01011626,1061,917,144
S01011627,733,670,63
S01011628,1289,1086,203
S01011629,809,626,183
S01011630,744,562,182
S01011631,839,625,214
S01011632,986,758,228
S01011633,1092,846,246
S01011634,754,575,179
S01011635,832,612,220
S01011636,867,655,212
S01011637,743,558,185
S01011638,737,529,208
S01011639,700,512,188
S01011640,1048,819,229
S01011641,946,782,164
S01011642,847,707,140
S01011643,896,690,206
S01011644,880,668,212
S01011645,622,477,145
S01011646,872,738,134
S01011647,1062,953,109
S01011648,414,318,96
S01011649,881,763,118
S01011650,1626,1381,245
S01011651,926,722,204
S01011652,760,625,135
S01011653,1109,862,247
S01011654,1064,771,293
S01011655,846,605,241
S01011656,730,546,184
S01011657,609,446,163
S01011658,895,667,228
S01011659,983,746,237
S01011660,1097,885,212
S01011661,1180,923,257
S01011662,1305,1157,148
S01011663,1103,891,212
S01011664,1044,748,296
S01011665,1123,821,302
S01011666,957,656,301
S01011667,1051,710,341
S01011668,1646,1204,442
S01011669,823,639,184
S01011670,799,626,173
S01011671,758,567,191
S01011672,806,619,187
S01011673,930,708,222
S01011674,1657,1284,373
S01011675,1448,1147,301
S01011676,778,574,204
S01011677,155,121,34
S01011678,464,323,141
S01011679,1416,1117,299
S01011680,1282,949,333
S01011681,847,647,200
S01011682,1669,1359,310
S01011683,1279,1068,211
S01011684,803,624,179
S01011685,856,745,111
S01011686,931,775,156
S01011687,935,714,221
S01011688,1161,978,183
S01011689,914,794,120
S01011690,1636,1382,254
S01011691,474,397,77
S01011692,1250,936,314
S01011693,1698,1416,282
S01011694,659,569,90
S01011695,3465,3081,384
S01011696,776,709,67
S01011697,1083,934,149
S01011698,643,480,163
S01011699,911,768,143
S01011700,869,660,209
S01011701,1222,1049,173
S01011702,972,768,204
S01011703,974,846,128
S01011704,1645,1497,148
S01011705,1785,1557,228
S01011706,1028,748,280
S01011707,713,595,118
S01011708,1094,827,267
S01011709,1109,866,243
S01011710,763,625,138
S01011711,1121,796,325
S01011712,530,404,126
S01011713,1108,827,281
S01011714,1302,1171,131
S01011715,1149,910,239
S01011716,1002,871,131
S01011717,764,614,150
S01011718,978,878,100
S01011719,1981,1834,147
S01011720,617,515,102
S01011721,784,606,178
S01011722,1316,981,335
S01011723,2146,1835,311
S01011724,733,635,98
S01011725,634,578,56
S01011726,552,493,59
S01011727,1489,1345,144
S01011728,929,763,166
S01011729,1157,844,313
S01011730,844,653,191
S01011731,1102,869,233
S01011732,899,736,163
S01011733,851,650,201
S01011734,891,693,198
S01011735,736,601,135
S01011736,1192,988,204
S01011737,966,750,216
S01011738,1109,876,233
S01011739,684,549,135
S01011740,729,556,173
S01011741,964,721,243
S01011742,864,715,149
S01011743,797,646,151
S01011744,849,634,215
S01011745,1033,707,326
S01011746,852,614,238
S01011747,1074,834,240
S01011748,1024,847,177
S01011749,896,726,170
S01011750,876,674,202
S01011751,1149,919,230
S01011752,1074,885,189
S01011753,777,639,138
S01011754,959,747,212
S01011755,939,747,192
S01011756,1113,895,218
S01011757,933,696,237
S01011758,624,504,120
S01011759,897,680,217
S01011760,884,689,195
S01011761,817,668,149
S01011762,876,672,204
S01011763,773,572,201
S01011764,403,334,69
S01011765,1156,1011,145
S01011766,733,638,95
S01011767,1209,946,263
S01011768,974,758,216
S01011769,789,548,241
S01011770,892,649,243
S01011771,667,594,73
S01011772,1102,977,125
S01011773,596,555,41
S01011774,941,804,137
S01011775,904,832,72
S01011776,1298,1146,152
S01011777,645,563,82
S01011778,634,546,88
S01011779,793,675,118
S01011780,939,815,124
S01011781,922,807,115
S01011782,889,733,156
S01011783,575,487,88
S01011784,793,610,183
S01011785,1070,812,258
S01011786,198,187,11
S01011787,1133,856,277
S01011788,1318,1168,150
S01011789,3188,2755,433
S01011790,1301,1042,259
S01011791,831,603,228
S01011792,888,585,303
S01011793,760,567,193
S01011794,982,717,265
S01011795,1051,839,212
S01011796,908,693,215
S01011797,1110,945,165
S01011798,550,414,136
S01011799,973,803,170
S01011800,677,529,148
S01011801,685,547,138
S01011802,731,558,173
S01011803,930,774,156
S01011804,1006,809,197
S01011805,919,733,186
S01011806,1308,1086,222
S01011807,1091,902,189
S01011808,948,775,173
S01011809,719,591,128
S01011810,1301,1033,268
S01011811,1146,952,194
S01011812,1122,894,228
S01011813,959,806,153
S01011814,721,603,118
S01011815,816,722,94
S01011816,707,600,107
S01011817,728,633,95
S01011818,1651,1404,247
S01011819,1218,987,231
S01011820,1034,797,237
S01011821,680,560,120
S01011822,913,732,181
S01011823,608,490,118
S01011824,1001,841,160
S01011825,535,435,100
S01011826,744,616,128
S01011827,603,427,176
S01011828,909,724,185
S01011829,541,440,101
S01011830,844,667,177
S01011831,1079,802,277
S01011832,838,642,196
S01011833,1016,846,170
S01011834,801,683,118
S01011835,685,604,81
S01011836,1104,930,174
S01011837,963,791,172
S01011838,1250,1082,168
S01011839,1064,899,165
S01011840,1255,1078,177
S01011841,1612,1302,310
S01011842,1320,1060,260
S01011843,1233,1049,184
S01011844,1070,895,175
S01011845,857,720,137
S01011846,869,736,133
S01011847,429,374,55
S01011848,842,709,133
S01011849,813,698,115
S01011850,1123,958,165
S01011851,898,733,165
S01011852,1012,807,205
S01011853,954,820,134
S01011854,1090,883,207
S01011855,1273,1033,240
S01011856,695,587,108
S01011857,1489,1235,254
S01011858,1096,868,228
S01011859,1069,787,282
S01011860,894,737,157
S01011861,851,693,158
S01011862,1132,932,200
S01011863,1148,895,253
S01011864,787,655,132
S01011865,670,516,154
S01011866,1268,1065,203
S01011867,1297,996,301
S01011868,1025,831,194
S01011869,1021,820,201
S01011870,864,688,176
S01011871,1179,1017,162
S01011872,1053,915,138
S01011873,812,718,94
S01011874,839,712,127
S01011875,1078,858,220
S01011876,1056,875,181
S01011877,775,631,144
S01011878,1688,1446,242
S01011879,801,694,107
S01011880,1247,1073,174
S01011881,871,697,174
S01011882,941,721,220
S01011883,1984,1733,251
S01011884,778,674,104
S01011885,766,664,102
S01011886,1335,1138,197
S01011887,745,617,128
S01011888,1321,1040,281
S01011889,1052,833,219
S01011890,918,746,172
S01011891,1260,972,288
S01011892,1193,1036,157
S01011893,1082,887,195
S01011894,1069,920,149
S01011895,1172,939,233
S01011896,964,798,166
S01011897,1131,966,165
S01011898,1043,926,117
S01011899,985,853,132
S01011900,735,633,102
S01011901,1119,977,142
S01011902,1146,926,220
S01011903,925,762,163
S01011904,956,780,176
S01011905,909,786,123
S01011906,329,279,50
S01011907,841,730,111
S01011908,566,482,84
S01011909,867,812,55
S01011910,1183,966,217
S01011911,713,557,156
S01011912,833,643,190
S01011913,858,689,169
S01011914,991,832,159
S01011915,908,724,184
S01011916,943,738,205
S01011917,620,479,141
S01011918,895,732,163
S01011919,1144,969,175
S01011920,684,539,145
S01011921,594,478,116
S01011922,882,709,173
S01011923,1088,846,242
S01011924,934,773,161
S01011925,921,841,80
S01011926,817,664,153
S01011927,613,478,135
S01011928,788,626,162
S01011929,692,540,152
S01011930,709,566,143
S01011931,679,538,141
S01011932,343,263,80
S01011933,1534,1311,223
S01011934,970,780,190
S01011935,1038,876,162
S01011936,766,587,179
S01011937,667,522,145
S01011938,472,381,91
S01011939,1010,822,188
S01011940,944,792,152
S01011941,1131,940,191
S01011942,930,713,217
S01011943,1483,1133,350
S01011944,509,425,84
S01011945,1482,1234,248
S01011946,935,735,200
S01011947,602,485,117
S01011948,1159,856,303
S01011949,966,747,219
S01011950,954,697,257
S01011951,833,688,145
S01011952,914,800,114
S01011953,925,793,132
S01011954,590,445,145
S01011955,1128,886,242
S01011956,1108,959,149
S01011957,1083,905,178
S01011958,2026,1669,357
S01011959,893,716,177
S01011960,1192,1037,155
S01011961,1161,1002,159
S01011962,1069,937,132
S01011963,818,673,145
S01011964,1086,905,181
S01011965,984,798,186
S01011966,842,704,138
S01011967,1155,963,192
S01011968,1395,1147,248
S01011969,1689,1361,328
S01011970,1835,1502,333
S01011971,667,566,101
S01011972,1743,1447,296
S01011973,656,523,133
S01011974,851,725,126
S01011975,452,369,83
S01011976,990,794,196
S01011977,1280,1008,272
S01011978,1204,910,294
S01011979,1276,997,279
S01011980,508,432,76
S01011981,1153,962,191
S01011982,1501,1184,317
S01011983,1165,951,214
S01011984,678,516,162
S01011985,718,544,174
S01011986,1019,779,240
S01011987,1150,921,229
S01011988,731,509,222
S01011989,866,714,152
S01011990,750,585,165
S01011991,973,781,192
S01011992,1113,878,235
S01011993,1010,785,225
S01011994,844,655,189
S01011995,1020,908,112
S01011996,730,590,140
S01011997,1170,947,223
S01011998,946,798,148
S01011999,621,523,98
S01012000,562,493,69
S01012001,876,740,136
S01012002,767,573,194
S01012003,856,687,169
S01012004,1707,1415,292
S01012005,1507,1289,218
S01012006,1130,1007,123
S01012007,968,752,216
S01012008,1379,1116,263
S01012009,725,612,113
S01012010,1513,1201,312
S01012011,1458,1198,260
S01012012,647,489,158
S01012013,742,619,123
S01012014,1845,1492,353
S01012015,1376,1165,211
S01012016,852,716,136
S01012017,561,449,112
S01012018,876,734,142
S01012019,921,780,141
S01012020,970,740,230
S01012021,821,692,129
S01012022,1080,883,197
S01012023,673,546,127
S01012024,1151,985,166
S01012025,690,550,140
S01012026,932,794,138
S01012027,2264,1835,429
S01012028,1089,926,163
S01012029,1499,1053,446
S01012030,1302,1094,208
S01012031,553,474,79
S01012032,353,292,61
S01012033,917,688,229
S01012034,978,808,170
S01012035,1153,933,220
S01012036,1140,915,225
S01012037,1247,984,263
S01012038,1273,991,282
S01012039,1165,828,337
S01012040,696,579,117
S01012041,1253,979,274
S01012042,1257,885,372
S01012043,926,735,191
S01012044,998,661,337
S01012045,1229,922,307
S01012046,834,605,229
S01012047,1081,770,311
S01012048,831,583,248
S01012049,732,575,157
S01012050,1172,976,196
S01012051,497,374,123
S01012052,951,719,232
S01012053,964,744,220
S01012054,1252,927,325
S01012055,947,664,283
S01012056,994,717,277
S01012057,773,615,158
S01012058,901,721,180
S01012059,986,714,272
S01012060,960,691,269
S01012061,1580,1344,236
S01012062,1011,861,150
S01012063,681,583,98
S01012064,892,679,213
S01012065,686,499,187
S01012066,852,685,167
S01012067,666,500,166
S01012068,788,580,208
S01012069,619,426,193
S01012070,1090,797,293
S01012071,1165,811,354
S01012072,1188,887,301
S01012073,786,678,108
S01012074,639,564,75
S01012075,1000,847,153
S01012076,936,715,221
S01012077,1177,848,329
S01012078,977,771,206
S01012079,1253,948,305
S01012080,1085,872,213
S01012081,737,560,177
S01012082,1002,727,275
S01012083,1119,762,357
S01012084,678,575,103
S01012085,777,618,159
S01012086,918,694,224
S01012087,815,607,208
S01012088,645,566,79
S01012089,842,721,121
S01012090,1102,941,161
S01012091,772,642,130
S01012092,635,543,92
S01012093,535,445,90
S01012094,875,714,161
S01012095,1463,1095,368
S01012096,871,635,236
S01012097,695,536,159
S01012098,977,774,203
S01012099,1066,720,346
S01012100,1711,1378,333
S01012101,931,788,143
S01012102,899,737,162
S01012103,1054,881,173
S01012104,924,843,81
S01012105,1606,1378,228
S01012106,1222,1073,149
S01012107,692,540,152
S01012108,1045,661,384
S01012109,1198,918,280
S01012110,852,612,240
S01012111,1274,944,330
S01012112,1035,738,297
S01012113,1292,1028,264
S01012114,1520,1343,177
S01012115,765,597,168
S01012116,680,519,161
S01012117,724,665,59
S01012118,1100,979,121
S01012119,900,750,150
S01012120,583,457,126
S01012121,953,675,278
S01012122,866,659,207
S01012123,731,579,152
S01012124,636,504,132
S01012125,1009,705,304
S01012126,945,793,152
S01012127,1258,1051,207
S01012128,704,576,128
S01012129,915,694,221
S01012130,1222,789,433
S01012131,1509,1150,359
S01012132,852,629,223
S01012133,1128,967,161
S01012134,1375,1051,324
S01012135,1171,845,326
S01012136,908,682,226
S01012137,848,574,274
S01012138,1037,816,221
S01012139,1163,868,295
S01012140,883,733,150
S01012141,1267,1071,196
S01012142,952,789,163
S01012143,1302,1061,241
S01012144,1046,844,202
S01012145,1135,963,172
S01012146,1138,824,314
S01012147,1028,748,280
S01012148,756,552,204
S01012149,967,757,210
S01012150,778,568,210
S01012151,1013,716,297
S01012152,1039,730,309
S01012153,772,590,182
S01012154,759,528,231
S01012155,859,623,236
S01012156,1173,852,321
S01012157,1088,881,207
S01012158,1764,1507,257
S01012159,503,403,100
S01012160,960,786,174
S01012161,532,410,122
S01012162,1035,803,232
S01012163,868,702,166
S01012164,1242,1122,120
S01012165,921,714,207
S01012166,799,646,153
S01012167,681,513,168
S01012168,1025,798,227
S01012169,851,611,240
S01012170,1291,917,374
S01012171,1180,909,271
S01012172,943,730,213
S01012173,817,602,215
S01012174,1092,923,169
S01012175,1031,887,144
S01012176,1365,1102,263
S01012177,833,694,139
S01012178,951,802,149
S01012179,765,587,178
S01012180,732,538,194
S01012181,1232,883,349
S01012182,1424,1176,248
S01012183,2115,1776,339
S01012184,787,656,131
S01012185,783,602,181
S01012186,887,653,234
S01012187,884,657,227
S01012188,672,484,188
S01012189,802,656,146
S01012190,805,722,83
S01012191,1063,902,161
S01012192,454,375,79
S01012193,769,690,79
S01012194,869,805,64
S01012195,895,730,165
S01012196,573,509,64
S01012197,1059,792,267
S01012198,1156,848,308
S01012199,879,678,201
S01012200,647,499,148
S01012201,1113,877,236
S01012202,585,470,115
S01012203,964,802,162
S01012204,789,714,75
S01012205,888,769,119
S01012206,965,846,119
S01012207,1231,974,257
S01012208,1418,1129,289
S01012209,1066,848,218
S01012210,790,574,216
S01012211,1169,956,213
S01012212,1141,956,185
S01012213,1205,863,342
S01012214,800,677,123
S01012215,986,855,131
S01012216,1319,1163,156
S01012217,560,417,143
S01012218,604,467,137
S01012219,931,651,280
S01012220,964,659,305
S01012221,709,510,199
S01012222,1233,877,356
S01012223,808,589,219
S01012224,1037,817,220
S01012225,1301,1036,265
S01012226,833,680,153
S01012227,907,754,153
S01012228,802,639,163
S01012229,837,698,139
S01012230,1064,941,123
S01012231,831,756,75
S01012232,1183,1052,131
S01012233,953,839,114
S01012234,1530,1354,176
S01012235,905,762,143
S01012236,864,718,146
S01012237,892,792,100
S01012238,604,457,147
S01012239,586,439,147
S01012240,842,637,205
S01012241,719,621,98
S01012242,891,789,102
S01012243,956,812,144
S01012244,1092,968,124
S01012245,1361,1135,226
S01012246,1093,996,97
S01012247,742,630,112
S01012248,942,822,120
S01012249,1001,854,147
S01012250,867,756,111
S01012251,1121,910,211
S01012252,1188,987,201
S01012253,958,736,222
S01012254,922,772,150
S01012255,924,721,203
S01012256,1453,1300,153
S01012257,1214,1051,163
S01012258,1793,1583,210
S01012259,837,705,132
S01012260,1541,1301,240
S01012261,1335,1215,120
S01012262,1961,1764,197
S01012263,782,644,138
S01012264,472,389,83
S01012265,1185,960,225
S01012266,1280,1027,253
S01012267,1133,980,153
S01012268,1558,1292,266
S01012269,1002,829,173
S01012270,898,748,150
S01012271,1536,1335,201
S01012272,903,763,140
S01012273,1025,857,168
S01012274,1157,969,188
S01012275,807,675,132
S01012276,1524,1212,312
S01012277,1367,1142,225
S01012278,1253,919,334
S01012279,1245,991,254
S01012280,1113,909,204
S01012281,948,772,176
S01012282,1241,1021,220
S01012283,1047,864,183
S01012284,779,608,171
S01012285,607,471,136
S01012286,1257,1041,216
S01012287,1395,1142,253
S01012288,1149,924,225
S01012289,1219,1009,210
S01012290,671,520,151
S01012291,865,740,125
S01012292,1359,1083,276
S01012293,1098,937,161
S01012294,1062,851,211
S01012295,754,652,102
S01012296,1210,1081,129
S01012297,1169,1046,123
S01012298,1440,1240,200
S01012299,621,533,88
S01012300,1251,1024,227
S01012301,1022,840,182
S01012302,767,625,142
S01012303,979,843,136
S01012304,1213,1011,202
S01012305,906,713,193
S01012306,898,730,168
S01012307,897,704,193
S01012308,1009,863,146
S01012309,941,726,215
S01012310,1619,1329,290
S01012311,889,660,229
S01012312,1008,811,197
S01012313,860,699,161
S01012314,945,741,204
S01012315,844,605,239
S01012316,693,519,174
S01012317,499,390,109
S01012318,792,648,144
S01012319,1119,947,172
S01012320,848,689,159
S01012321,1236,1014,222
S01012322,1181,959,222
S01012323,1391,1139,252
S01012324,1058,844,214
S01012325,904,687,217
S01012326,930,696,234
S01012327,962,767,195
S01012328,810,632,178
S01012329,993,818,175
S01012330,690,572,118
S01012331,1171,964,207
S01012332,1275,1122,153
S01012333,1413,1200,213
S01012334,949,748,201
S01012335,1896,1665,231
S01012336,864,657,207
S01012337,1014,763,251
S01012338,865,648,217
S01012339,1000,760,240
S01012340,1133,934,199
S01012341,949,817,132
S01012342,999,800,199
S01012343,1077,920,157
S01012344,1137,936,201
S01012345,785,647,138
S01012346,1348,1148,200
S01012347,688,556,132
S01012348,1196,1011,185
S01012349,1143,940,203
S01012350,1194,984,210
S01012351,1015,826,189
S01012352,1217,1002,215
S01012353,826,664,162
S01012354,1057,810,247
S01012355,1147,957,190
S01012356,1137,954,183
S01012357,1000,837,163
S01012358,851,692,159
S01012359,917,706,211
S01012360,808,666,142
S01012361,885,704,181
S01012362,1240,1011,229
S01012363,1211,892,319
S01012364,830,654,176
S01012365,1176,1005,171
S01012366,1035,822,213
S01012367,1075,876,199
S01012368,873,685,188
S01012369,1124,903,221
S01012370,1413,1114,299
S01012371,1153,844,309
S01012372,1119,840,279
S01012373,1296,1050,246
S01012374,920,748,172
S01012375,1290,1069,221
S01012376,963,803,160
S01012377,705,575,130
S01012378,682,572,110
S01012379,600,501,99
S01012380,1406,1181,225
S01012381,1093,834,259
S01012382,1101,935,166
S01012383,1100,868,232
S01012384,573,442,131
S01012385,760,649,111
S01012386,1188,935,253
S01012387,936,781,155
S01012388,704,570,134
S01012389,983,853,130
S01012390,769,643,126
S01012391,1541,1355,186
S01012392,864,731,133
S01012393,1326,1125,201
S01012394,995,803,192
S01012395,848,698,150
S01012396,879,708,171
S01012397,845,658,187
S01012398,1058,844,214
S01012399,873,711,162
S01012400,925,761,164
S01012401,917,754,163
S01012402,460,399,61
S01012403,1025,850,175
S01012404,1343,1122,221
S01012405,726,640,86
S01012406,732,603,129
S01012407,1102,939,163
S01012408,850,714,136
S01012409,1131,915,216
S01012410,1339,1128,211
S01012411,1377,1143,234
S01012412,646,521,125
S01012413,1027,791,236
S01012414,693,544,149
S01012415,810,696,114
S01012416,559,464,95
S01012417,636,455,181
S01012418,788,589,199
S01012419,1104,826,278
S01012420,1094,842,252
S01012421,1022,768,254
S01012422,1269,999,270
S01012423,1031,807,224
S01012424,950,747,203
S01012425,626,411,215
S01012426,625,468,157
S01012427,811,585,226
S01012428,865,671,194
S01012429,558,396,162
S01012430,1038,806,232
S01012431,1099,810,289
S01012432,802,575,227
S01012433,790,532,258
S01012434,841,642,199
S01012435,891,687,204
S01012436,900,716,184
S01012437,811,643,168
S01012438,1078,908,170
S01012439,953,768,185
S01012440,943,812,131
S01012441,971,776,195
S01012442,1000,838,162
S01012443,746,635,111
S01012444,1508,1206,302
S01012445,100,87,13
S01012446,687,540,147
S01012447,998,829,169
S01012448,927,776,151
S01012449,709,577,132
S01012450,981,811,170
S01012451,916,689,227
S01012452,743,614,129
S01012453,1053,868,185
S01012454,1084,835,249
S01012455,612,533,79
S01012456,984,792,192
S01012457,1318,1095,223
S01012458,895,777,118
S01012459,885,764,121
S01012460,830,699,131
S01012461,607,480,127
S01012462,858,632,226
S01012463,857,607,250
S01012464,625,501,124
S01012465,872,644,228
S01012466,1060,818,242
S01012467,1269,972,297
S01012468,866,677,189
S01012469,1089,836,253
S01012470,962,711,251
S01012471,835,681,154
S01012472,823,660,163
S01012473,691,564,127
S01012474,812,583,229
S01012475,724,554,170
S01012476,1119,871,248
S01012477,798,679,119
S01012478,840,672,168
S01012479,1019,874,145
S01012480,756,578,178
S01012481,803,653,150
S01012482,889,634,255
S01012483,881,616,265
S01012484,1188,964,224
S01012485,1423,957,466
S01012486,874,555,319
S01012487,612,477,135
S01012488,903,662,241
S01012489,1234,940,294
S01012490,1192,850,342
S01012491,721,546,175
S01012492,953,637,316
S01012493,776,480,296
S01012494,1471,1133,338
S01012495,1121,831,290
S01012496,765,552,213
S01012497,604,405,199
S01012498,943,692,251
S01012499,1329,1008,321
S01012500,558,414,144
S01012501,1006,693,313
S01012502,1043,812,231
S01012503,637,450,187
S01012504,713,533,180
S01012505,1090,789,301
S01012506,493,356,137
S01012507,946,704,242
S01012508,825,612,213
S01012509,541,438,103
S01012510,1070,900,170
S01012511,787,614,173
S01012512,899,724,175
S01012513,550,484,66
S01012514,810,747,63
S01012515,820,586,234
S01012516,668,536,132
S01012517,1030,837,193
S01012518,871,711,160
S01012519,759,608,151
S01012520,826,632,194
S01012521,766,616,150
S01012522,946,784,162
S01012523,1076,854,222
S01012524,980,736,244
S01012525,951,760,191
S01012526,949,767,182
S01012527,625,484,141
S01012528,823,649,174
S01012529,858,685,173
S01012530,1097,888,209
S01012531,1106,906,200
S01012532,1164,950,214
S01012533,864,686,178
S01012534,952,661,291
S01012535,892,692,200
S01012536,817,662,155
S01012537,1096,824,272
S01012538,1264,965,299
S01012539,801,650,151
S01012540,1023,793,230
S01012541,1192,978,214
S01012542,1283,1002,281
S01012543,686,608,78
S01012544,980,761,219
S01012545,615,484,131
S01012546,941,765,176
S01012547,746,583,163
S01012548,1058,888,170
S01012549,806,640,166
S01012550,1007,819,188
S01012551,1145,981,164
S01012552,964,803,161
S01012553,827,724,103
S01012554,886,807,79
S01012555,541,486,55
S01012556,545,454,91
S01012557,812,672,140
S01012558,746,591,155
S01012559,1058,736,322
S01012560,1101,831,270
S01012561,1154,869,285
S01012562,1140,807,333
S01012563,758,636,122
S01012564,886,730,156
S01012565,1007,784,223
S01012566,769,581,188
S01012567,1124,858,266
S01012568,1044,874,170
S01012569,876,678,198
S01012570,734,594,140
S01012571,809,637,172
S01012572,572,466,106
S01012573,838,699,139
S01012574,1295,1078,217
S01012575,793,667,126
S01012576,1218,985,233
S01012577,994,836,158
S01012578,1497,1149,348
S01012579,824,691,133
S01012580,753,642,111
S01012581,1240,943,297
S01012582,1022,866,156
S01012583,689,530,159
S01012584,739,590,149
S01012585,1552,1246,306
S01012586,941,746,195
S01012587,1028,869,159
S01012588,739,610,129
S01012589,805,596,209
S01012590,1076,786,290
S01012591,1198,886,312
S01012592,696,599,97
S01012593,1198,1049,149
S01012594,664,522,142
S01012595,798,608,190
S01012596,788,613,175
S01012597,386,307,79
S01012598,746,625,121
S01012599,718,566,152
S01012600,692,597,95
S01012601,889,757,132
S01012602,701,468,233
S01012603,650,471,179
S01012604,849,659,190
S01012605,915,740,175
S01012606,352,322,30
S01012607,737,609,128
S01012608,1026,801,225
S01012609,968,730,238
S01012610,1255,910,345
S01012611,885,701,184
S01012612,1189,918,271
S01012613,1231,944,287
S01012614,1121,859,262
S01012615,1053,838,215
S01012616,1038,827,211
S01012617,839,750,89
S01012618,696,571,125
S01012619,723,508,215
S01012620,958,792,166
S01012621,909,729,180
S01012622,844,671,173
S01012623,865,670,195
S01012624,777,615,162
S01012625,698,531,167
S01012626,850,711,139
S01012627,635,511,124
S01012628,1599,1341,258
S01012629,333,256,77
S01012630,823,592,231
S01012631,1101,875,226
S01012632,726,585,141
S01012633,989,789,200
S01012634,1305,1040,265
S01012635,2056,1725,331
S01012636,1543,1357,186
S01012637,1083,831,252
S01012638,1032,788,244
S01012639,1572,1064,508
S01012640,1375,1041,334
S01012641,1105,723,382
S01012642,1668,1294,374
S01012643,573,428,145
S01012644,772,590,182
S01012645,1315,1016,299
S01012646,1260,1066,194
S01012647,1144,1035,109
S01012648,678,528,150
S01012649,887,698,189
S01012650,794,613,181
S01012651,822,622,200
S01012652,1045,878,167
S01012653,987,772,215
S01012654,922,737,185
S01012655,1381,983,398
S01012656,970,684,286
S01012657,991,805,186
S01012658,938,738,200
S01012659,785,718,67
S01012660,728,535,193
S01012661,921,699,222
S01012662,921,671,250
S01012663,935,714,221
S01012664,1045,790,255
S01012665,811,574,237
S01012666,741,508,233
S01012667,686,511,175
S01012668,1116,864,252
S01012669,1002,820,182
S01012670,696,553,143
S01012671,1482,1076,406
S01012672,839,573,266
S01012673,927,704,223
S01012674,731,524,207
S01012675,1046,792,254
S01012676,1042,840,202
S01012677,583,431,152
S01012678,727,613,114
S01012679,791,582,209
S01012680,557,458,99
S01012681,831,662,169
S01012682,864,608,256
S01012683,908,730,178
S01012684,458,347,111
S01012685,1195,935,260
S01012686,1243,1040,203
S01012687,1350,1140,210
S01012688,891,699,192
S01012689,593,498,95
S01012690,532,428,104
S01012691,1055,921,134
S01012692,1031,807,224
S01012693,905,795,110
S01012694,639,511,128
S01012695,830,688,142
S01012696,861,722,139
S01012697,509,442,67
S01012698,969,802,167
S01012699,1045,862,183
S01012700,900,738,162
S01012701,1127,941,186
S01012702,684,573,111
S01012703,723,628,95
S01012704,772,589,183
S01012705,780,710,70
S01012706,993,763,230
S01012707,898,786,112
S01012708,915,673,242
S01012709,613,434,179
S01012710,943,697,246
S01012711,1145,758,387
S01012712,912,771,141
S01012713,1087,848,239
S01012714,657,515,142
S01012715,971,732,239
S01012716,1090,858,232
S01012717,1138,826,312
S01012718,989,753,236
S01012719,1135,878,257
S01012720,863,688,175
S01012721,660,499,161
S01012722,1107,767,340
S01012723,827,594,233
S01012724,728,546,182
S01012725,1071,852,219
S01012726,971,756,215
S01012727,936,684,252
S01012728,1067,794,273
S01012729,948,779,169
S01012730,556,436,120
S01012731,797,626,171
S01012732,765,602,163
S01012733,3564,3304,260
S01012734,91,72,19
S01012735,551,406,145
S01012736,1279,1039,240
S01012737,1274,1056,218
S01012738,612,478,134
S01012739,105,90,15
S01012740,90,70,20
S01012741,555,501,54
S01012742,880,754,126
S01012743,966,814,152
S01012744,675,589,86
S01012745,920,728,192
S01012746,1129,959,170
S01012747,1147,934,213
S01012748,829,584,245
S01012749,876,678,198
S01012750,788,608,180
S01012751,1273,947,326
S01012752,832,643,189
S01012753,496,365,131
S01012754,908,661,247
S01012755,643,443,200
S01012756,1795,1480,315
S01012757,461,320,141
S01012758,695,537,158
S01012759,801,586,215
S01012760,1008,721,287
S01012761,994,726,268
S01012762,788,615,173
S01012763,612,451,161
S01012764,991,760,231
S01012765,597,450,147
S01012766,699,510,189
S01012767,791,648,143
S01012768,831,688,143
S01012769,1072,934,138
S01012770,839,648,191
S01012771,819,636,183
S01012772,1177,886,291
S01012773,1174,884,290
S01012774,859,662,197
S01012775,641,479,162
S01012776,794,586,208
S01012777,1167,957,210
S01012778,1199,953,246
S01012779,1036,841,195
S01012780,918,705,213
S01012781,655,519,136
S01012782,828,585,243
S01012783,931,686,245
S01012784,1053,816,237
S01012785,733,498,235
S01012786,1145,838,307
S01012787,560,448,112
S01012788,1005,784,221
S01012789,1021,789,232
S01012790,911,763,148
S01012791,810,646,164
S01012792,1082,732,350
S01012793,1043,720,323
S01012794,396,324,72
S01012795,1255,892,363
S01012796,925,734,191
S01012797,758,628,130
S01012798,1060,839,221
S01012799,1182,975,207
S01012800,1078,924,154
S01012801,504,363,141
S01012802,756,678,78
S01012803,840,741,99
S01012804,857,676,181
S01012805,1069,845,224
S01012806,937,772,165
S01012807,1497,1335,162
S01012808,1059,854,205
S01012809,861,669,192
S01012810,898,613,285
S01012811,862,674,188
S01012812,961,755,206
S01012813,1001,860,141
S01012814,922,805,117
S01012815,1343,1189,154
S01012816,806,665,141
S01012817,476,430,46
S01012818,1016,881,135
S01012819,1098,773,325
S01012820,2669,2430,239
S01012821,1794,1640,154
S01012822,846,612,234
S01012823,774,705,69
S01012824,1337,1125,212
S01012825,1548,1190,358
S01012826,1661,1381,280
S01012827,1524,1310,214
S01012828,2277,2105,172
S01012829,865,645,220
S01012830,690,496,194
S01012831,739,473,266
S01012832,544,441,103
S01012833,1006,745,261
S01012834,782,566,216
S01012835,980,687,293
S01012836,595,526,69
S01012837,998,733,265
S01012838,858,601,257
S01012839,666,550,116
S01012840,993,907,86
S01012841,721,600,121
S01012842,995,822,173
S01012843,1101,934,167
S01012844,918,799,119
S01012845,907,679,228
S01012846,1051,722,329
S01012847,756,616,140
S01012848,980,852,128
S01012849,1136,882,254
S01012850,918,609,309
S01012851,998,716,282
S01012852,1061,907,154
S01012853,924,684,240
S01012854,1195,1005,190
S01012855,1112,883,229
S01012856,912,599,313
S01012857,1372,888,484
S01012858,875,629,246
S01012859,1143,909,234
S01012860,1067,647,420
S01012861,687,555,132
S01012862,844,580,264
S01012863,748,537,211
S01012864,775,585,190
S01012865,1170,854,316
S01012866,910,678,232
S01012867,829,520,309
S01012868,778,537,241
S01012869,546,413,133
S01012870,915,690,225
S01012871,912,718,194
S01012872,885,753,132
S01012873,936,757,179
S01012874,890,657,233
S01012875,645,495,150
S01012876,933,657,276
S01012877,726,517,209
S01012878,927,820,107
S01012879,1057,845,212
S01012880,1039,839,200
S01012881,1402,1092,310
S01012882,1198,977,221
S01012883,968,641,327
S01012884,617,434,183
S01012885,792,613,179
S01012886,925,768,157
S01012887,734,611,123
S01012888,966,782,184
S01012889,1197,1012,185
S01012890,809,615,194
S01012891,742,557,185
S01012892,1194,849,345
S01012893,1007,736,271
S01012894,921,775,146
S01012895,673,570,103
S01012896,1009,713,296
S01012897,1690,1501,189
S01012898,1041,934,107
S01012899,701,516,185
S01012900,1383,1053,330
S01012901,2017,1777,240
S01012902,992,829,163
S01012903,949,759,190
S01012904,989,829,160
S01012905,906,714,192
S01012906,1072,869,203
S01012907,1060,793,267
S01012908,1139,793,346
S01012909,906,678,228
S01012910,1303,947,356
S01012911,799,607,192
S01012912,1338,1007,331
S01012913,985,761,224
S01012914,1110,898,212
S01012915,1060,914,146
S01012916,936,746,190
S01012917,717,627,90
S01012918,859,683,176
S01012919,455,350,105
S01012920,571,461,110
S01012921,705,564,141
S01012922,1012,823,189
S01012923,1112,957,155
S01012924,567,481,86
S01012925,604,535,69
S01012926,697,599,98
S01012927,772,633,139
S01012928,1035,867,168
S01012929,918,744,174
S01012930,978,717,261
S01012931,1145,916,229
S01012932,625,516,109
S01012933,864,683,181
S01012934,823,596,227
S01012935,1487,1178,309
S01012936,913,652,261
S01012937,846,678,168
S01012938,843,723,120
S01012939,829,758,71
S01012940,817,716,101
S01012941,789,720,69
S01012942,902,709,193
S01012943,872,764,108
S01012944,725,618,107
S01012945,749,669,80
S01012946,861,755,106
S01012947,578,522,56
S01012948,1064,937,127
S01012949,1390,1245,145
S01012950,1806,1579,227
S01012951,1068,988,80
S01012952,1554,1428,126
S01012953,685,601,84
S01012954,485,431,54
S01012955,1293,1023,270
S01012956,994,719,275
S01012957,791,617,174
S01012958,502,406,96
S01012959,572,498,74
S01012960,733,614,119
S01012961,973,858,115
S01012962,922,803,119
S01012963,1174,1082,92
S01012964,1517,1329,188
S01012965,878,677,201
S01012966,1016,832,184
S01012967,889,706,183
S01012968,829,691,138
S01012969,958,761,197
S01012970,839,661,178
S01012971,1041,863,178
S01012972,932,729,203
S01012973,1007,703,304
S01012974,1217,839,378
S01012975,846,604,242
S01012976,675,540,135
S01012977,875,733,142
S01012978,952,745,207
S01012979,876,712,164
S01012980,806,674,132
S01012981,874,721,153
S01012982,820,691,129
S01012983,745,617,128
S01012984,784,641,143
S01012985,869,712,157
S01012986,995,775,220
S01012987,1053,807,246
S01012988,1115,849,266
S01012989,1183,898,285
S01012990,1155,868,287
S01012991,1123,855,268
S01012992,1063,805,258
S01012993,1003,749,254
S01012994,949,726,223
S01012995,795,642,153
S01012996,885,740,145
S01012997,605,471,134
S01012998,1239,1042,197
S01012999,777,669,108
S01013000,1104,866,238
S01013001,382,324,58
S01013002,717,621,96
S01013003,736,635,101
S01013004,985,851,134
S01013005,743,655,88
S01013006,912,813,99
S01013007,1262,1028,234
S01013008,1218,1021,197
S01013009,820,659,161
S01013010,653,553,100
S01013011,945,832,113
S01013012,1192,1009,183
S01013013,1036,915,121
S01013014,789,637,152
S01013015,761,666,95
S01013016,996,843,153
S01013017,1120,921,199
S01013018,1167,999,168
S01013019,1536,1389,147
S01013020,1031,856,175
S01013021,1233,1060,173
S01013022,407,340,67
S01013023,950,833,117
S01013024,628,515,113
S01013025,1329,1116,213
S01013026,945,714,231
S01013027,1642,1216,426
S01013028,942,819,123
S01013029,692,516,176
S01013030,1221,1026,195
S01013031,635,507,128
S01013032,635,563,72
S01013033,774,663,111
S01013034,808,610,198
S01013035,814,626,188
S01013036,923,747,176
S01013037,1180,895,285
S01013038,1252,988,264
S01013039,527,478,49
S01013040,628,470,158
S01013041,587,474,113
S01013042,898,747,151
S01013043,815,600,215
S01013044,1139,896,243
S01013045,713,571,142
S01013046,656,508,148
S01013047,931,836,95
S01013048,1170,1009,161
S01013049,1037,853,184
S01013050,872,632,240
S01013051,931,701,230
S01013052,738,546,192
S01013053,1043,737,306
S01013054,967,734,233
S01013055,754,569,185
S01013056,1279,940,339
S01013057,996,777,219
S01013058,564,503,61
S01013059,1156,904,252
S01013060,617,476,141
S01013061,1081,882,199
S01013062,1119,861,258
S01013063,894,749,145
S01013064,1189,910,279
S01013065,1167,937,230
S01013066,822,642,180
S01013067,1393,1256,137
S01013068,1541,1320,221
S01013069,966,828,138
S01013070,948,839,109
S01013071,1027,945,82
S01013072,876,675,201
S01013073,1156,882,274
S01013074,1531,1140,391
S01013075,868,565,303
S01013076,931,842,89
S01013077,717,529,188
S01013078,800,607,193
S01013079,1524,1279,245
S01013080,1136,941,195
S01013081,708,609,99
S01013082,1311,1117,194
S01013083,2754,2585,169
S01013084,1004,841,163
S01013085,1065,847,218
S01013086,1032,885,147
S01013087,2821,2630,191
S01013088,927,814,113
S01013089,837,673,164
S01013090,1346,1195,151
S01013091,875,759,116
S01013092,1335,1093,242
S01013093,472,393,79
S01013094,748,649,99
S01013095,1901,1773,128
S01013096,833,715,118
S01013097,2006,1846,160
S01013098,59,47,12
S01013099,908,694,214
S01013100,968,812,156
S01013101,1672,1313,359
S01013102,706,585,121
S01013103,863,779,84
S01013104,1087,923,164
S01013105,901,776,125
S01013106,1063,869,194
S01013107,856,744,112
S01013108,668,568,100
S01013109,1588,1346,242
S01013110,598,501,97
S01013111,750,633,117
S01013112,891,775,116
S01013113,1031,805,226
S01013114,1414,1159,255
S01013115,947,710,237
S01013116,963,768,195
S01013117,1037,865,172
S01013118,1043,882,161
S01013119,785,636,149
S01013120,1151,932,219
S01013121,454,381,73
S01013122,862,643,219
S01013123,932,722,210
S01013124,1123,815,308
S01013125,895,633,262
S01013126,978,732,246
S01013127,1128,820,308
S01013128,1003,734,269
S01013129,1356,972,384
S01013130,1043,713,330
S01013131,917,737,180
S01013132,705,516,189
S01013133,980,612,368
S01013134,840,658,182
S01013135,1025,769,256
S01013136,1157,853,304
S01013137,990,710,280
S01013138,903,686,217
S01013139,1115,787,328
S01013140,1083,769,314
S01013141,647,463,184
S01013142,1054,664,390
S01013143,1023,761,262
S01013144,894,637,257
S01013145,919,649,270
S01013146,558,412,146
S01013147,799,608,191
S01013148,1044,819,225
S01013149,824,649,175
S01013150,846,617,229
S01013151,569,469,100
S01013152,1407,1033,374
S01013153,987,741,246
S01013154,1358,1028,330
S01013155,908,750,158
S01013156,1079,821,258
S01013157,1243,986,257
S01013158,856,706,150
S01013159,844,725,119
S01013160,1006,836,170
S01013161,1021,819,202
S01013162,1141,866,275
S01013163,834,710,124
S01013164,1203,897,306
S01013165,1298,966,332
S01013166,779,559,220
S01013167,1192,886,306
S01013168,1067,767,300
S01013169,776,514,262
S01013170,1251,933,318
S01013171,787,659,128
S01013172,853,684,169
S01013173,799,669,130
S01013174,1142,1014,128
S01013175,837,719,118
S01013176,1014,752,262
S01013177,1115,856,259
S01013178,719,559,160
S01013179,1406,1155,251
S01013180,434,386,48
S01013181,967,773,194
S01013182,844,612,232
S01013183,1016,828,188
S01013184,572,465,107
S01013185,1047,830,217
S01013186,734,601,133
S01013187,957,744,213
S01013188,1010,835,175
S01013189,821,673,148
S01013190,897,705,192
S01013191,1055,923,132
S01013192,1076,808,268
S01013193,649,528,121
S01013194,1201,1011,190
S01013195,991,724,267
S01013196,680,568,112
S01013197,577,423,154
S01013198,886,639,247
S01013199,907,647,260
S01013200,978,662,316
S01013201,826,573,253
S01013202,574,439,135
S01013203,1014,812,202
S01013204,1040,894,146
S01013205,766,587,179
S01013206,904,666,238
S01013207,1170,894,276
S01013208,753,550,203
S01013209,1018,755,263
S01013210,784,650,134
S01013211,958,727,231
S01013212,852,774,78
S01013213,939,838,101
S01013214,438,380,58
S01013215,762,613,149
S01013216,822,667,155
S01013217,803,647,156
S01013218,754,608,146
S01013219,661,495,166
S01013220,892,681,211
S01013221,937,695,242
S01013222,690,468,222
S01013223,1389,991,398
S01013224,1110,864,246
S01013225,1223,987,236
S01013226,799,695,104
S01013227,586,420,166
S01013228,819,641,178
S01013229,1008,753,255
S01013230,898,638,260
S01013231,1296,1018,278
S01013232,779,544,235
S01013233,579,437,142
S01013234,644,554,90
S01013235,1064,798,266
S01013236,989,815,174
S01013237,1028,845,183
S01013238,1063,740,323
S01013239,941,719,222
S01013240,758,581,177
S01013241,821,690,131
S01013242,661,546,115
S01013243,815,638,177
S01013244,1219,888,331
S01013245,1009,819,190
S01013246,467,380,87
S01013247,962,697,265
S01013248,710,528,182
S01013249,1130,876,254
S01013250,1417,1197,220
S01013251,993,773,220
S01013252,1208,942,266
S01013253,856,677,179
S01013254,866,651,215
S01013255,1630,1272,358
S01013256,1020,770,250
S01013257,1034,775,259
S01013258,985,799,186
S01013259,1313,1029,284
S01013260,880,680,200
S01013261,1187,942,245
S01013262,827,634,193
S01013263,1125,1030,95
S01013264,290,256,34
S01013265,979,896,83
S01013266,416,390,26
S01013267,917,677,240
S01013268,1222,966,256
S01013269,1132,989,143
S01013270,829,771,58
S01013271,1221,1071,150
S01013272,1198,1068,130
S01013273,942,868,74
S01013274,938,806,132
S01013275,1125,912,213
S01013276,979,825,154
S01013277,889,688,201
S01013278,1145,790,355
S01013279,875,689,186
S01013280,817,652,165
S01013281,963,746,217
S01013282,827,678,149
S01013283,1116,943,173
S01013284,651,588,63
S01013285,764,670,94
S01013286,764,640,124
S01013287,783,702,81
S01013288,714,574,140
S01013289,1031,898,133
S01013290,1172,1007,165
S01013291,1217,1058,159
S01013292,849,736,113
S01013293,855,751,104
S01013294,866,732,134
S01013295,887,775,112
S01013296,871,670,201
S01013297,1163,892,271
S01013298,779,598,181
S01013299,1308,1064,244
S01013300,1212,966,246
S01013301,681,531,150
S01013302,1472,1284,188
S01013303,1548,1223,325
S01013304,1017,805,212
S01013305,952,732,220
S01013306,1023,789,234
S01013307,1200,983,217
S01013308,1380,1126,254
S01013309,898,757,141
S01013310,649,524,125
S01013311,1184,986,198
S01013312,1593,1212,381
S01013313,692,556,136
S01013314,834,661,173
S01013315,267,221,46
S01013316,692,546,146
S01013317,665,571,94
S01013318,709,631,78
S01013319,870,773,97
S01013320,744,689,55
S01013321,500,370,130
S01013322,801,595,206
S01013323,947,721,226
S01013324,1019,809,210
S01013325,1309,1038,271
S01013326,969,765,204
S01013327,868,700,168
S01013328,740,589,151
S01013329,538,408,130
S01013330,1002,870,132
S01013331,647,584,63
S01013332,825,643,182
S01013333,1128,963,165
S01013334,787,633,154
S01013335,1018,828,190
S01013336,1041,833,208
S01013337,2887,2506,381
S01013338,407,335,72
S01013339,863,734,129
S01013340,1315,1108,207
S01013341,898,779,119
S01013342,832,602,230
S01013343,757,631,126
S01013344,1390,1119,271
S01013345,855,714,141
S01013346,914,856,58
S01013347,691,596,95
S01013348,1530,1387,143
S01013349,1047,920,127
S01013350,1447,1264,183
S01013351,784,635,149
S01013352,1013,839,174
S01013353,1113,896,217
S01013354,885,693,192
S01013355,932,753,179
S01013356,972,731,241
S01013357,1103,896,207
S01013358,977,731,246
S01013359,621,440,181
S01013360,687,497,190
S01013361,1403,1068,335
S01013362,583,439,144
S01013363,1134,897,237
S01013364,788,625,163
S01013365,1236,1005,231
S01013366,635,566,69
S01013367,741,652,89
S01013368,891,674,217
S01013369,911,681,230
S01013370,902,672,230
S01013371,856,615,241
S01013372,1148,845,303
S01013373,1386,1044,342
S01013374,1080,775,305
S01013375,676,507,169
S01013376,661,486,175
S01013377,772,560,212
S01013378,1058,874,184
S01013379,1195,969,226
S01013380,1400,1190,210
S01013381,750,586,164
S01013382,1031,789,242
S01013383,811,517,294
S01013384,1151,866,285
S01013385,694,559,135
S01013386,800,684,116
S01013387,740,555,185
S01013388,759,554,205
S01013389,980,797,183
S01013390,548,418,130
S01013391,1039,835,204
S01013392,1077,957,120
S01013393,1904,1602,302
S01013394,742,570,172
S01013395,1518,1269,249
S01013396,1197,1069,128
S01013397,945,739,206
S01013398,234,197,37
S01013399,1171,963,208
S01013400,637,520,117
S01013401,3730,3437,293
S01013402,194,181,13
S01013403,96,74,22
S01013404,4319,3965,354
S01013405,663,522,141
S01013406,708,545,163
S01013407,1820,1525,295
S01013408,837,666,171
S01013409,1301,1119,182
S01013410,596,488,108
S01013411,940,783,157
S01013412,797,642,155
S01013413,1030,794,236
S01013414,955,652,303
S01013415,852,597,255
S01013416,576,436,140
S01013417,821,634,187
S01013418,519,416,103
S01013419,562,485,77
S01013420,1257,1070,187
S01013421,932,848,84
S01013422,968,777,191
S01013423,888,715,173
S01013424,808,690,118
S01013425,429,360,69
S01013426,895,693,202
S01013427,746,659,87
S01013428,1613,1331,282
S01013429,1525,1247,278
S01013430,1786,1530,256
S01013431,1013,816,197
S01013432,821,655,166
S01013433,746,625,121
S01013434,534,474,60
S01013435,786,722,64
S01013436,1005,846,159
S01013437,792,664,128
S01013438,709,554,155
S01013439,899,793,106
S01013440,1293,1127,166
S01013441,892,739,153
S01013442,907,782,125
S01013443,635,549,86
S01013444,1209,967,242
S01013445,717,540,177
S01013446,713,576,137
S01013447,645,614,31
S01013448,1091,897,194
S01013449,782,692,90
S01013450,822,749,73
S01013451,871,776,95
S01013452,629,571,58
S01013453,1018,825,193
S01013454,753,653,100
S01013455,560,458,102
S01013456,1044,820,224
S01013457,1021,790,231
S01013458,832,694,138
S01013459,1026,748,278
S01013460,1021,814,207
S01013461,1198,1020,178
S01013462,947,801,146
S01013463,997,847,150
S01013464,816,646,170
S01013465,785,603,182
S01013466,459,412,47
S01013467,950,823,127
S01013468,683,521,162
S01013469,1012,789,223
S01013470,964,769,195
S01013471,935,746,189
S01013472,1221,1073,148
S01013473,525,447,78
S01013474,756,675,81
S01013475,1650,1431,219
S01013476,626,509,117
S01013477,993,762,231
S01013478,951,769,182
S01013479,1034,817,217
S01013480,671,501,170
S01013481,1309,1124,185
