dz_2011,total,no_llti,llti
S01006506,765,654,111
S01006507,1092,942,150
S01006508,858,769,89
S01006509,715,582,133
S01006510,735,569,166
S01006511,1019,778,241
S01006512,407,348,59
S01006513,1006,902,104
S01006514,1117,942,175
S01006515,1168,1076,92
S01006516,903,775,128
S01006517,1049,940,109
S01006518,1049,924,125
S01006519,874,789,85
S01006520,897,871,26
S01006521,577,451,126
S01006522,560,513,47
S01006523,1409,1172,237
S01006524,1299,959,340
S01006525,1305,1110,195
S01006526,1529,1211,318
S01006527,1388,1083,305
S01006528,1125,918,207
S01006529,1028,803,225
S01006530,1179,890,289
S01006531,1278,947,331
S01006532,806,641,165
S01006533,830,736,94
S01006534,983,858,125
S01006535,1063,969,94
S01006536,1246,1119,127
S01006537,852,736,116
S01006538,686,583,103
S01006539,1008,814,194
S01006540,1259,1071,188
S01006541,990,781,209
S01006542,963,821,142
S01006543,1012,835,177
S01006544,1140,979,161
S01006545,1112,899,213
S01006546,1175,1004,171
S01006547,1409,1080,329
S01006548,770,673,97
S01006549,828,703,125
S01006550,1263,1066,197
S01006551,921,706,215
S01006552,1348,1025,323
S01006553,1022,748,274
S01006554,937,721,216
S01006555,1089,711,378
S01006556,1032,776,256
S01006557,862,688,174
S01006558,880,777,103
S01006559,639,569,70
S01006560,1056,868,188
S01006561,891,807,84
S01006562,1044,844,200
S01006563,1138,978,160
S01006564,1172,932,240
S01006565,1201,1011,190
S01006566,851,762,89
S01006567,1149,928,221
S01006568,1104,988,116
S01006569,749,661,88
S01006570,875,778,97
S01006571,1168,1056,112
S01006572,1364,1176,188
S01006573,706,656,50
S01006574,967,855,112
S01006575,1145,1021,124
S01006576,871,774,97
S01006577,925,846,79
S01006578,1514,1315,199
S01006579,1299,1191,108
S01006580,806,725,81
S01006581,1233,1065,168
S01006582,591,516,75
S01006583,964,892,72
S01006584,872,804,68
S01006585,809,639,170
S01006586,803,669,134
S01006587,502,413,89
S01006588,650,611,39
S01006589,1065,912,153
S01006590,617,520,97
S01006591,544,509,35
S01006592,434,398,36
S01006593,589,470,119
S01006594,761,656,105
S01006595,740,678,62
S01006596,964,801,163
S01006597,822,727,95
S01006598,1074,951,123
S01006599,1087,788,299
S01006600,1326,1079,247
S01006601,953,833,120
S01006602,982,817,165
S01006603,1377,1073,304
S01006604,938,765,173
S01006605,868,634,234
S01006606,1380,1090,290
S01006607,1302,1024,278
S01006608,871,740,131
S01006609,1343,1039,304
S01006610,752,558,194
S01006611,1183,916,267
S01006612,995,806,189
S01006613,474,431,43
S01006614,929,879,50
S01006615,445,412,33
S01006616,811,749,62
S01006617,1022,880,142
S01006618,568,517,51
S01006619,995,871,124
S01006620,1146,1005,141
S01006621,838,698,140
S01006622,655,614,41
S01006623,1500,1178,322
S01006624,800,646,154
S01006625,858,685,173
S01006626,839,636,203
S01006627,674,544,130
S01006628,1110,914,196
S01006629,925,698,227
S01006630,867,626,241
S01006631,1155,858,297
S01006632,960,723,237
S01006633,967,748,219
S01006634,804,640,164
S01006635,1001,736,265
S01006636,980,773,207
S01006637,606,456,150
S01006638,1061,784,277
S01006639,944,695,249
S01006640,201,168,33
S01006641,962,735,227
S01006642,822,695,127
S01006643,1056,934,122
S01006644,590,491,99
S01006645,1185,949,236
S01006646,1040,956,84
S01006647,688,528,160
S01006648,1691,1491,200
S01006649,696,562,134
S01006650,914,766,148
S01006651,725,593,132
S01006652,678,576,102
S01006653,714,653,61
S01006654,861,607,254
S01006655,581,286,295
S01006656,906,762,144
S01006657,595,520,75
S01006658,1186,1035,151
S01006659,895,792,103
S01006660,639,525,114
S01006661,726,619,107
S01006662,685,548,137
S01006663,1263,1165,98
S01006664,421,366,55
S01006665,799,693,106
S01006666,1388,964,424
S01006667,1059,682,377
S01006668,833,733,100
S01006669,1193,889,304
S01006670,471,290,181
S01006671,1338,1174,164
S01006672,767,609,158
S01006673,960,836,124
S01006674,930,682,248
S01006675,520,414,106
S01006676,798,572,226
S01006677,697,526,171
S01006678,1092,845,247
S01006679,884,705,179
S01006680,801,611,190
S01006681,1134,751,383
S01006682,812,600,212
S01006683,1164,951,213
S01006684,727,555,172
S01006685,854,592,262
S01006686,931,675,256
S01006687,987,753,234
S01006688,1064,747,317
S01006689,481,433,48
S01006690,772,600,172
S01006691,873,727,146
S01006692,918,759,159
S01006693,1157,941,216
S01006694,1219,849,370
S01006695,761,568,193
S01006696,1127,832,295
S01006697,1122,883,239
S01006698,938,636,302
S01006699,820,687,133
S01006700,1319,1055,264
S01006701,1102,861,241
S01006702,996,757,239
S01006703,804,626,178
S01006704,896,672,224
S01006705,1004,780,224
S01006706,854,672,182
S01006707,772,605,167
S01006708,892,639,253
S01006709,1107,852,255
S01006710,1164,927,237
S01006711,1146,836,310
S01006712,664,494,170
S01006713,997,763,234
S01006714,934,686,248
S01006715,1104,904,200
S01006716,654,539,115
S01006717,1062,826,236
S01006718,713,569,144
S01006719,1015,774,241
S01006720,786,622,164
S01006721,1005,780,225
S01006722,852,664,188
S01006723,1025,777,248
S01006724,1319,1015,304
S01006725,1038,803,235
S01006726,987,803,184
S01006727,1187,849,338
S01006728,944,775,169
S01006729,863,643,220
S01006730,779,632,147
S01006731,557,441,116
S01006732,1047,889,158
S01006733,945,892,53
S01006734,1136,1017,119
S01006735,952,860,92
S01006736,920,865,55
S01006737,822,727,95
S01006738,660,584,76
S01006739,525,461,64
S01006740,1072,823,249
S01006741,812,597,215
S01006742,507,399,108
S01006743,968,788,180
S01006744,661,540,121
S01006745,1061,835,226
S01006746,768,572,196
S01006747,1207,1003,204
S01006748,1064,926,138
S01006749,1398,1126,272
S01006750,792,628,164
S01006751,486,396,90
S01006752,893,712,181
S01006753,946,783,163
S01006754,1233,1084,149
S01006755,817,731,86
S01006756,269,224,45
S01006757,1436,1237,199
S01006758,710,661,49
S01006759,646,589,57
S01006760,628,572,56
S01006761,1017,884,133
S01006762,1058,849,209
S01006763,1176,1120,56
S01006764,867,817,50
S01006765,781,727,54
S01006766,666,625,41
S01006767,939,741,198
S01006768,746,700,46
S01006769,1345,1188,157
S01006770,767,702,65
S01006771,570,532,38
S01006772,1452,1309,143
S01006773,736,672,64
S01006774,894,860,34
S01006775,805,672,133
S01006776,735,534,201
S01006777,1080,987,93
S01006778,955,826,129
S01006779,1099,858,241
S01006780,899,721,178
S01006781,1030,879,151
S01006782,985,875,110
S01006783,680,571,109
S01006784,726,626,100
S01006785,714,667,47
S01006786,1124,1008,116
S01006787,1121,984,137
S01006788,694,633,61
S01006789,973,798,175
S01006790,898,703,195
S01006791,514,435,79
S01006792,689,556,133
S01006793,639,539,100
S01006794,841,701,140
S01006795,703,605,98
S01006796,379,321,58
S01006797,673,589,84
S01006798,691,611,80
S01006799,960,755,205
S01006800,899,820,79
S01006801,739,601,138
S01006802,679,575,104
S01006803,751,639,112
S01006804,731,632,99
S01006805,1072,937,135
S01006806,1015,866,149
S01006807,524,461,63
S01006808,890,766,124
S01006809,960,807,153
S01006810,1017,849,168
S01006811,881,791,90
S01006812,751,667,84
S01006813,864,737,127
S01006814,958,878,80
S01006815,612,490,122
S01006816,931,804,127
S01006817,710,630,80
S01006818,672,608,64
S01006819,819,751,68
S01006820,561,511,50
S01006821,938,832,106
S01006822,774,707,67
S01006823,881,766,115
S01006824,690,587,103
S01006825,1098,991,107
S01006826,1229,1073,156
S01006827,994,836,158
S01006828,973,810,163
S01006829,257,230,27
S01006830,640,564,76
S01006831,1355,1183,172
S01006832,980,825,155
S01006833,724,622,102
S01006834,255,238,17
S01006835,1198,926,272
S01006836,51,38,13
S01006837,488,436,52
S01006838,1067,963,104
S01006839,922,802,120
S01006840,1184,1090,94
S01006841,1438,1310,128
S01006842,1101,971,130
S01006843,1017,921,96
S01006844,722,645,77
S01006845,1016,925,91
S01006846,887,754,133
S01006847,832,739,93
S01006848,848,757,91
S01006849,400,332,68
S01006850,1213,1081,132
S01006851,763,634,129
S01006852,581,524,57
S01006853,841,766,75
S01006854,1352,1176,176
S01006855,746,685,61
S01006856,881,770,111
S01006857,971,852,119
S01006858,611,555,56
S01006859,1049,968,81
S01006860,692,566,126
S01006861,243,191,52
S01006862,962,829,133
S01006863,618,510,108
S01006864,145,112,33
S01006865,947,803,144
S01006866,668,599,69
S01006867,1132,929,203
S01006868,888,756,132
S01006869,576,475,101
S01006870,547,482,65
S01006871,986,846,140
S01006872,961,851,110
S01006873,1137,926,211
S01006874,644,558,86
S01006875,701,542,159
S01006876,1010,872,138
S01006877,1045,911,134
S01006878,988,819,169
S01006879,883,742,141
S01006880,574,520,54
S01006881,561,508,53
S01006882,931,749,182
S01006883,581,498,83
S01006884,1000,829,171
S01006885,698,598,100
S01006886,755,665,90
S01006887,422,387,35
S01006888,704,622,82
S01006889,681,579,102
S01006890,1012,853,159
S01006891,675,592,83
S01006892,622,522,100
S01006893,1095,948,147
S01006894,639,508,131
S01006895,558,479,79
S01006896,744,667,77
S01006897,1074,950,124
S01006898,491,433,58
S01006899,394,369,25
S01006900,514,471,43
S01006901,883,761,122
S01006902,688,605,83
S01006903,917,740,177
S01006904,513,407,106
S01006905,937,730,207
S01006906,1058,790,268
S01006907,619,501,118
S01006908,869,719,150
S01006909,264,237,27
S01006910,333,296,37
S01006911,316,294,22
S01006912,262,235,27
S01006913,549,509,40
S01006914,777,703,74
S01006915,835,768,67
S01006916,272,238,34
S01006917,113,99,14
S01006918,472,410,62
S01006919,541,468,73
S01006920,583,473,110
S01006921,415,369,46
S01006922,587,526,61
S01006923,718,601,117
S01006924,429,386,43
S01006925,553,495,58
S01006926,310,285,25
S01006927,275,251,24
S01006928,1132,991,141
S01006929,1337,1266,71
S01006930,803,725,78
S01006931,420,377,43
S01006932,479,447,32
S01006933,896,850,46
S01006934,693,534,159
S01006935,1025,945,80
S01006936,746,669,77
S01006937,911,827,84
S01006938,932,832,100
S01006939,707,666,41
S01006940,1118,1024,94
S01006941,887,775,112
S01006942,1089,1008,81
S01006943,264,241,23
S01006944,87,82,5
S01006945,1094,1004,90
S01006946,795,717,78
S01006947,1110,1024,86
S01006948,966,880,86
S01006949,680,613,67
S01006950,222,200,22
S01006951,827,695,132
S01006952,1092,949,143
S01006953,1257,1142,115
S01006954,1090,978,112
S01006955,574,502,72
S01006956,708,636,72
S01006957,830,721,109
S01006958,1060,897,163
S01006959,824,624,200
S01006960,363,340,23
S01006961,322,288,34
S01006962,782,658,124
S01006963,1103,996,107
S01006964,870,791,79
S01006965,570,500,70
S01006966,811,708,103
S01006967,820,766,54
S01006968,1094,874,220
S01006969,1088,911,177
S01006970,724,656,68
S01006971,915,771,144
S01006972,474,432,42
S01006973,564,494,70
S01006974,1319,1183,136
S01006975,1084,934,150
S01006976,573,522,51
S01006977,838,766,72
S01006978,790,685,105
S01006979,1349,1187,162
S01006980,627,555,72
S01006981,787,710,77
S01006982,960,859,101
S01006983,1054,922,132
S01006984,793,713,80
S01006985,1317,1150,167
S01006986,449,363,86
S01006987,1005,874,131
S01006988,472,434,38
S01006989,716,661,55
S01006990,448,403,45
S01006991,701,570,131
S01006992,854,773,81
S01006993,705,628,77
S01006994,627,557,70
S01006995,897,786,111
S01006996,706,614,92
S01006997,601,544,57
S01006998,974,829,145
S01006999,808,706,102
S01007000,1151,952,199
S01007001,977,794,183
S01007002,428,357,71
S01007003,533,466,67
S01007004,1048,908,140
S01007005,917,806,111
S01007006,963,776,187
S01007007,741,642,99
S01007008,871,682,189
S01007009,1310,1094,216
S01007010,965,750,215
S01007011,1119,876,243
S01007012,999,791,208
S01007013,862,714,148
S01007014,1025,879,146
S01007015,735,650,85
S01007016,538,481,57
S01007017,1137,925,212
S01007018,1207,1046,161
S01007019,1010,834,176
S01007020,969,766,203
S01007021,1347,1113,234
S01007022,448,371,77
S01007023,719,580,139
S01007024,1099,863,236
S01007025,1125,820,305
S01007026,955,721,234
S01007027,1335,933,402
S01007028,1236,938,298
S01007029,506,421,85
S01007030,987,815,172
S01007031,611,475,136
S01007032,1181,892,289
S01007033,1144,921,223
S01007034,988,756,232
S01007035,956,763,193
S01007036,1022,795,227
S01007037,1126,931,195
S01007038,815,675,140
S01007039,726,584,142
S01007040,1067,851,216
S01007041,1009,791,218
S01007042,889,735,154
S01007043,1070,869,201
S01007044,1059,879,180
S01007045,857,707,150
S01007046,523,409,114
S01007047,950,743,207
S01007048,1310,1105,205
S01007049,1014,791,223
S01007050,973,823,150
S01007051,942,746,196
S01007052,556,476,80
S01007053,796,633,163
S01007054,1044,857,187
S01007055,476,411,65
S01007056,803,669,134
S01007057,870,732,138
S01007058,822,656,166
S01007059,1148,1006,142
S01007060,675,577,98
S01007061,1100,981,119
S01007062,696,601,95
S01007063,1401,1177,224
S01007064,717,606,111
S01007065,738,625,113
S01007066,664,571,93
S01007067,1321,1108,213
S01007068,768,602,166
S01007069,1051,887,164
S01007070,755,583,172
S01007071,1151,990,161
S01007072,1492,1255,237
S01007073,1797,1508,289
S01007074,1225,1062,163
S01007075,1091,929,162
S01007076,926,813,113
S01007077,883,736,147
S01007078,1076,839,237
S01007079,1206,894,312
S01007080,869,656,213
S01007081,1093,908,185
S01007082,705,566,139
S01007083,904,611,293
S01007084,875,623,252
S01007085,1112,923,189
S01007086,1037,717,320
S01007087,925,661,264
S01007088,710,571,139
S01007089,587,538,49
S01007090,541,496,45
S01007091,283,255,28
S01007092,703,518,185
S01007093,1080,985,95
S01007094,1174,982,192
S01007095,667,579,88
S01007096,952,815,137
S01007097,842,737,105
S01007098,498,425,73
S01007099,654,548,106
S01007100,884,750,134
S01007101,1251,1029,222
S01007102,774,642,132
S01007103,814,676,138
S01007104,477,407,70
S01007105,654,511,143
S01007106,929,743,186
S01007107,650,554,96
S01007108,654,518,136
S01007109,983,768,215
S01007110,964,769,195
S01007111,547,445,102
S01007112,888,755,133
S01007113,822,605,217
S01007114,867,742,125
S01007115,777,631,146
S01007116,687,622,65
S01007117,667,601,66
S01007118,978,805,173
S01007119,1043,852,191
S01007120,1131,903,228
S01007121,727,482,245
S01007122,585,452,133
S01007123,1002,732,270
S01007124,1080,860,220
S01007125,759,597,162
S01007126,1025,786,239
S01007127,590,447,143
S01007128,1047,792,255
S01007129,681,612,69
S01007130,675,542,133
S01007131,795,669,126
S01007132,707,604,103
S01007133,607,437,170
S01007134,800,673,127
S01007135,667,560,107
S01007136,320,282,38
S01007137,154,135,19
S01007138,454,381,73
S01007139,742,625,117
S01007140,822,712,110
S01007141,655,514,141
S01007142,162,154,8
S01007143,448,383,65
S01007144,1476,1268,208
S01007145,939,754,185
S01007146,876,734,142
S01007147,927,799,128
S01007148,600,553,47
S01007149,991,852,139
S01007150,814,631,183
S01007151,1065,832,233
S01007152,825,672,153
S01007153,1022,841,181
S01007154,927,674,253
S01007155,693,556,137
S01007156,984,839,145
S01007157,850,752,98
S01007158,872,765,107
S01007159,871,674,197
S01007160,823,651,172
S01007161,920,731,189
S01007162,398,290,108
S01007163,1059,875,184
S01007164,835,687,148
S01007165,902,750,152
S01007166,1083,910,173
S01007167,945,837,108
S01007168,1065,917,148
S01007169,946,790,156
S01007170,709,608,101
S01007171,1199,1035,164
S01007172,1133,989,144
S01007173,632,557,75
S01007174,773,639,134
S01007175,784,603,181
S01007176,1092,902,190
S01007177,791,618,173
S01007178,1007,774,233
S01007179,1302,1090,212
S01007180,1062,827,235
S01007181,1211,925,286
S01007182,1201,975,226
S01007183,1253,975,278
S01007184,995,785,210
S01007185,928,682,246
S01007186,600,450,150
S01007187,773,545,228
S01007188,733,576,157
S01007189,884,564,320
S01007190,958,692,266
S01007191,740,589,151
S01007192,821,667,154
S01007193,880,705,175
S01007194,629,497,132
S01007195,926,727,199
S01007196,730,599,131
S01007197,408,313,95
S01007198,473,360,113
S01007199,1102,865,237
S01007200,931,757,174
S01007201,1057,881,176
S01007202,822,678,144
S01007203,908,775,133
S01007204,981,791,190
S01007205,825,739,86
S01007206,336,254,82
S01007207,1074,914,160
S01007208,802,637,165
S01007209,701,512,189
S01007210,1042,848,194
S01007211,778,627,151
S01007212,786,661,125
S01007213,843,674,169
S01007214,943,647,296
S01007215,944,781,163
S01007216,852,679,173
S01007217,896,744,152
S01007218,787,670,117
S01007219,1085,894,191
S01007220,820,673,147
S01007221,659,548,111
S01007222,1175,1017,158
S01007223,706,581,125
S01007224,704,574,130
S01007225,1028,866,162
S01007226,910,781,129
S01007227,1381,1130,251
S01007228,788,658,130
S01007229,1220,1027,193
S01007230,1297,1051,246
S01007231,759,582,177
S01007232,587,432,155
S01007233,745,623,122
S01007234,658,509,149
S01007235,1023,788,235
S01007236,1145,894,251
S01007237,770,633,137
S01007238,986,816,170
S01007239,1305,1059,246
S01007240,589,501,88
S01007241,1189,1023,166
S01007242,1091,901,190
S01007243,1294,1075,219
S01007244,635,536,99
S01007245,762,619,143
S01007246,632,549,83
S01007247,1063,906,157
S01007248,857,716,141
S01007249,602,446,156
S01007250,765,607,158
S01007251,654,531,123
S01007252,815,662,153
S01007253,748,611,137
S01007254,886,658,228
S01007255,1061,846,215
S01007256,773,601,172
S01007257,837,669,168
S01007258,806,658,148
S01007259,966,789,177
S01007260,1193,967,226
S01007261,1015,878,137
S01007262,737,600,137
S01007263,1272,1044,228
S01007264,921,726,195
S01007265,1139,908,231
S01007266,830,659,171
S01007267,581,506,75
S01007268,582,488,94
S01007269,653,556,97
S01007270,501,387,114
S01007271,1136,914,222
S01007272,1163,948,215
S01007273,667,546,121
S01007274,854,635,219
S01007275,782,614,168
S01007276,1129,945,184
S01007277,991,850,141
S01007278,949,794,155
S01007279,660,571,89
S01007280,630,528,102
S01007281,1085,917,168
S01007282,534,464,70
S01007283,888,681,207
S01007284,882,707,175
S01007285,1014,811,203
S01007286,1347,1104,243
S01007287,553,460,93
S01007288,742,600,142
S01007289,1001,879,122
S01007290,411,299,112
S01007291,585,428,157
S01007292,758,675,83
S01007293,1250,1083,167
S01007294,1005,824,181
S01007295,658,480,178
S01007296,584,473,111
S01007297,927,800,127
S01007298,554,467,87
S01007299,953,779,174
S01007300,780,669,111
S01007301,865,720,145
S01007302,896,695,201
S01007303,1025,822,203
S01007304,577,451,126
S01007305,961,774,187
S01007306,1026,836,190
S01007307,965,824,141
S01007308,812,658,154
S01007309,760,622,138
S01007310,947,780,167
S01007311,958,784,174
S01007312,851,674,177
S01007313,875,732,143
S01007314,893,748,145
S01007315,771,633,138
S01007316,1106,867,239
S01007317,1187,925,262
S01007318,630,513,117
S01007319,834,655,179
S01007320,1025,851,174
S01007321,633,498,135
S01007322,839,698,141
S01007323,579,456,123
S01007324,301,244,57
S01007325,758,578,180
S01007326,1069,881,188
S01007327,958,725,233
S01007328,1126,906,220
S01007329,658,536,122
S01007330,858,686,172
S01007331,935,794,141
S01007332,725,610,115
S01007333,1166,942,224
S01007334,944,727,217
S01007335,1026,807,219
S01007336,769,587,182
S01007337,671,467,204
S01007338,1189,973,216
S01007339,865,705,160
S01007340,748,552,196
S01007341,806,595,211
S01007342,851,662,189
S01007343,768,604,164
S01007344,579,442,137
S01007345,597,408,189
S01007346,897,606,291
S01007347,1156,875,281
S01007348,905,675,230
S01007349,688,529,159
S01007350,687,485,202
S01007351,673,508,165
S01007352,526,414,112
S01007353,687,502,185
S01007354,806,615,191
S01007355,1300,945,355
S01007356,734,546,188
S01007357,822,629,193
S01007358,1539,1276,263
S01007359,950,696,254
S01007360,809,595,214
S01007361,1104,811,293
S01007362,1025,763,262
S01007363,1037,759,278
S01007364,1095,774,321
S01007365,466,321,145
S01007366,597,361,236
S01007367,647,463,184
S01007368,706,492,214
S01007369,1098,857,241
S01007370,908,694,214
S01007371,893,710,183
S01007372,983,696,287
S01007373,593,457,136
S01007374,881,730,151
S01007375,506,428,78
S01007376,1093,890,203
S01007377,690,584,106
S01007378,3013,2836,177
S01007379,893,693,200
S01007380,784,652,132
S01007381,514,422,92
S01007382,1041,856,185
S01007383,784,627,157
S01007384,1088,911,177
S01007385,1377,1099,278
S01007386,877,749,128
S01007387,947,793,154
S01007388,788,695,93
S01007389,966,890,76
S01007390,440,398,42
S01007391,671,619,52
S01007392,464,397,67
S01007393,1022,780,242
S01007394,765,594,171
S01007395,1240,950,290
S01007396,1112,876,236
S01007397,983,815,168
S01007398,715,562,153
S01007399,731,564,167
S01007400,924,687,237
S01007401,782,661,121
S01007402,755,645,110
S01007403,801,742,59
S01007404,689,571,118
S01007405,513,421,92
S01007406,710,598,112
S01007407,804,670,134
S01007408,919,754,165
S01007409,727,582,145
S01007410,917,652,265
S01007411,872,577,295
S01007412,582,412,170
S01007413,805,711,94
S01007414,343,302,41
S01007415,944,668,276
S01007416,566,450,116
S01007417,249,187,62
S01007418,756,556,200
S01007419,999,764,235
S01007420,1485,1129,356
S01007421,615,468,147
S01007422,803,618,185
S01007423,377,298,79
S01007424,778,658,120
S01007425,1053,900,153
S01007426,909,720,189
S01007427,809,596,213
S01007428,1121,890,231
S01007429,1030,833,197
S01007430,580,471,109
S01007431,719,624,95
S01007432,730,585,145
S01007433,960,750,210
S01007434,634,496,138
S01007435,860,699,161
S01007436,1062,817,245
S01007437,562,447,115
S01007438,721,563,158
S01007439,976,757,219
S01007440,868,699,169
S01007441,676,591,85
S01007442,790,701,89
S01007443,1010,840,170
S01007444,1473,1245,228
S01007445,793,709,84
S01007446,758,651,107
S01007447,638,555,83
S01007448,1004,788,216
S01007449,1044,739,305
S01007450,1333,1034,299
S01007451,723,598,125
S01007452,800,629,171
S01007453,116,87,29
S01007454,626,435,191
S01007455,933,705,228
S01007456,1079,811,268
S01007457,692,513,179
S01007458,846,682,164
S01007459,920,722,198
S01007460,918,641,277
S01007461,969,709,260
S01007462,1006,717,289
S01007463,1149,873,276
S01007464,1145,843,302
S01007465,847,650,197
S01007466,942,685,257
S01007467,1016,703,313
S01007468,1215,1060,155
S01007469,731,595,136
S01007470,657,443,214
S01007471,539,417,122
S01007472,1153,837,316
S01007473,485,357,128
S01007474,435,362,73
S01007475,503,384,119
S01007476,787,619,168
S01007477,786,607,179
S01007478,947,748,199
S01007479,462,363,99
S01007480,891,742,149
S01007481,993,800,193
S01007482,740,552,188
S01007483,1049,835,214
S01007484,912,717,195
S01007485,909,715,194
S01007486,923,686,237
S01007487,1200,866,334
S01007488,1039,819,220
S01007489,926,704,222
S01007490,1273,978,295
S01007491,767,582,185
S01007492,716,534,182
S01007493,977,800,177
S01007494,818,626,192
S01007495,721,596,125
S01007496,1080,856,224
S01007497,637,517,120
S01007498,1127,841,286
S01007499,870,725,145
S01007500,779,595,184
S01007501,685,505,180
S01007502,680,523,157
S01007503,1097,835,262
S01007504,1147,887,260
S01007505,460,373,87
S01007506,557,457,100
S01007507,1490,1181,309
S01007508,689,525,164
S01007509,736,576,160
S01007510,968,724,244
S01007511,1201,910,291
S01007512,576,442,134
S01007513,1115,850,265
S01007514,619,449,170
S01007515,638,495,143
S01007516,816,629,187
S01007517,555,396,159
S01007518,914,661,253
S01007519,605,466,139
S01007520,979,749,230
S01007521,731,602,129
S01007522,1149,879,270
S01007523,511,410,101
S01007524,934,784,150
S01007525,565,441,124
S01007526,943,738,205
S01007527,1473,1198,275
S01007528,961,751,210
S01007529,827,670,157
S01007530,534,442,92
S01007531,793,662,131
S01007532,505,414,91
S01007533,799,641,158
S01007534,1369,1090,279
S01007535,913,722,191
S01007536,1066,848,218
S01007537,1458,1117,341
S01007538,796,636,160
S01007539,869,653,216
S01007540,833,600,233
S01007541,1166,867,299
S01007542,960,766,194
S01007543,1278,1053,225
S01007544,1440,1100,340
S01007545,1302,1036,266
S01007546,606,502,104
S01007547,546,464,82
S01007548,896,744,152
S01007549,783,624,159
S01007550,1284,1017,267
S01007551,1290,1011,279
S01007552,1044,768,276
S01007553,1065,759,306
S01007554,889,609,280
S01007555,782,589,193
S01007556,785,583,202
S01007557,1201,948,253
S01007558,570,438,132
S01007559,796,681,115
S01007560,1052,827,225
S01007561,1004,764,240
S01007562,783,654,129
S01007563,1084,877,207
S01007564,1225,969,256
S01007565,1002,819,183
S01007566,767,606,161
S01007567,547,471,76
S01007568,765,633,132
S01007569,960,755,205
S01007570,990,802,188
S01007571,549,453,96
S01007572,712,583,129
S01007573,169,76,93
S01007574,1380,1145,235
S01007575,879,640,239
S01007576,1113,861,252
S01007577,919,719,200
S01007578,885,694,191
S01007579,538,420,118
S01007580,1011,791,220
S01007581,651,526,125
S01007582,875,667,208
S01007583,1241,940,301
S01007584,857,636,221
S01007585,1041,801,240
S01007586,1003,814,189
S01007587,814,650,164
S01007588,1052,857,195
S01007589,1106,890,216
S01007590,653,531,122
S01007591,883,691,192
S01007592,998,751,247
S01007593,1065,763,302
S01007594,897,717,180
S01007595,956,767,189
S01007596,807,613,194
S01007597,646,530,116
S01007598,1068,896,172
S01007599,636,480,156
S01007600,975,725,250
S01007601,673,617,56
S01007602,1050,934,116
S01007603,973,894,79
S01007604,1099,954,145
S01007605,1188,1038,150
S01007606,614,511,103
S01007607,1038,908,130
S01007608,1094,912,182
S01007609,909,698,211
S01007610,804,539,265
S01007611,1017,709,308
S01007612,1001,750,251
S01007613,999,815,184
S01007614,807,666,141
S01007615,1280,989,291
S01007616,907,686,221
S01007617,736,613,123
S01007618,866,654,212
S01007619,808,628,180
S01007620,853,707,146
S01007621,771,588,183
S01007622,860,694,166
S01007623,501,421,80
S01007624,777,676,101
S01007625,721,624,97
S01007626,496,465,31
S01007627,242,213,29
S01007628,859,719,140
S01007629,740,625,115
S01007630,833,706,127
S01007631,593,481,112
S01007632,1647,1349,298
S01007633,1513,1235,278
S01007634,666,550,116
S01007635,805,636,169
S01007636,1257,974,283
S01007637,1420,1144,276
S01007638,1064,827,237
S01007639,1007,865,142
S01007640,582,488,94
S01007641,679,553,126
S01007642,1104,883,221
S01007643,958,742,216
S01007644,888,730,158
S01007645,775,656,119
S01007646,672,546,126
S01007647,1083,913,170
S01007648,1106,921,185
S01007649,790,651,139
S01007650,1065,848,217
S01007651,753,613,140
S01007652,797,650,147
S01007653,1129,950,179
S01007654,1238,972,266
S01007655,777,652,125
S01007656,968,801,167
S01007657,684,588,96
S01007658,662,525,137
S01007659,988,788,200
S01007660,1332,1042,290
S01007661,800,632,168
S01007662,994,747,247
S01007663,1109,870,239
S01007664,576,426,150
S01007665,675,540,135
S01007666,313,260,53
S01007667,535,428,107
S01007668,1296,998,298
S01007669,665,550,115
S01007670,1033,807,226
S01007671,695,540,155
S01007672,1049,865,184
S01007673,688,569,119
S01007674,1143,938,205
S01007675,701,586,115
S01007676,531,439,92
S01007677,155,134,21
S01007678,783,598,185
S01007679,945,728,217
S01007680,977,835,142
S01007681,540,429,111
S01007682,1120,954,166
S01007683,1224,1106,118
S01007684,1305,1083,222
S01007685,1246,1114,132
S01007686,1177,998,179
S01007687,1018,889,129
S01007688,1140,981,159
S01007689,662,543,119
S01007690,1335,1163,172
S01007691,2035,1829,206
S01007692,982,854,128
S01007693,735,599,136
S01007694,401,309,92
S01007695,994,702,292
S01007696,929,753,176
S01007697,1331,1024,307
S01007698,1247,1017,230
S01007699,820,681,139
S01007700,939,778,161
S01007701,444,311,133
S01007702,344,309,35
S01007703,1199,907,292
S01007704,1367,1034,333
S01007705,795,671,124
S01007706,771,671,100
S01007707,267,233,34
S01007708,1144,875,269
S01007709,817,586,231
S01007710,1107,890,217
S01007711,1312,1031,281
S01007712,1056,823,233
S01007713,609,430,179
S01007714,673,544,129
S01007715,658,439,219
S01007716,1122,715,407
S01007717,967,700,267
S01007718,985,635,350
S01007719,1493,1057,436
S01007720,1145,791,354
S01007721,1119,769,350
S01007722,969,631,338
S01007723,1067,650,417
S01007724,744,618,126
S01007725,1320,878,442
S01007726,885,659,226
S01007727,771,592,179
S01007728,1058,847,211
S01007729,963,799,164
S01007730,891,752,139
S01007731,500,369,131
S01007732,623,462,161
S01007733,939,801,138
S01007734,865,711,154
S01007735,865,732,133
S01007736,898,735,163
S01007737,994,748,246
S01007738,1130,828,302
S01007739,779,513,266
S01007740,730,596,134
S01007741,889,600,289
S01007742,742,535,207
S01007743,908,635,273
S01007744,795,545,250
S01007745,1013,698,315
S01007746,963,725,238
S01007747,890,671,219
S01007748,709,538,171
S01007749,1013,862,151
S01007750,1084,892,192
S01007751,771,605,166
S01007752,1176,888,288
S01007753,971,717,254
S01007754,1428,1110,318
S01007755,866,612,254
S01007756,939,644,295
S01007757,1368,1133,235
S01007758,1122,811,311
S01007759,1271,933,338
S01007760,1028,798,230
S01007761,990,875,115
S01007762,825,608,217
S01007763,845,606,239
S01007764,1032,926,106
S01007765,1014,857,157
S01007766,1167,1007,160
S01007767,1037,870,167
S01007768,797,633,164
S01007769,838,671,167
S01007770,844,701,143
S01007771,890,753,137
S01007772,1244,913,331
S01007773,830,707,123
S01007774,165,158,7
S01007775,1032,924,108
S01007776,554,518,36
S01007777,391,358,33
S01007778,417,261,156
S01007779,863,749,114
S01007780,876,787,89
S01007781,802,726,76
S01007782,686,580,106
S01007783,841,531,310
S01007784,908,806,102
S01007785,488,356,132
S01007786,939,689,250
S01007787,789,606,183
S01007788,825,633,192
S01007789,654,516,138
S01007790,823,660,163
S01007791,247,170,77
S01007792,1070,835,235
S01007793,1082,773,309
S01007794,1231,958,273
S01007795,915,734,181
S01007796,977,743,234
S01007797,831,641,190
S01007798,385,325,60
S01007799,225,197,28
S01007800,996,747,249
S01007801,1030,720,310
S01007802,716,647,69
S01007803,1152,786,366
S01007804,769,585,184
S01007805,846,663,183
S01007806,1004,792,212
S01007807,993,852,141
S01007808,974,789,185
S01007809,1360,1084,276
S01007810,1035,754,281
S01007811,947,733,214
S01007812,813,653,160
S01007813,1154,908,246
S01007814,889,698,191
S01007815,1249,968,281
S01007816,764,668,96
S01007817,921,730,191
S01007818,972,855,117
S01007819,809,616,193
S01007820,1080,821,259
S01007821,868,603,265
S01007822,1031,790,241
S01007823,872,731,141
S01007824,1236,975,261
S01007825,1283,971,312
S01007826,648,438,210
S01007827,740,624,116
S01007828,1273,890,383
S01007829,801,563,238
S01007830,1120,768,352
S01007831,935,690,245
S01007832,928,646,282
S01007833,1073,653,420
S01007834,811,603,208
S01007835,831,660,171
S01007836,898,686,212
S01007837,1314,1101,213
S01007838,1285,1001,284
S01007839,845,576,269
S01007840,986,767,219
S01007841,968,785,183
S01007842,1231,968,263
S01007843,1042,788,254
S01007844,1394,1147,247
S01007845,1003,778,225
S01007846,801,607,194
S01007847,1493,1060,433
S01007848,1113,811,302
S01007849,1023,742,281
S01007850,852,622,230
S01007851,1033,694,339
S01007852,1282,972,310
S01007853,838,562,276
S01007854,1207,800,407
S01007855,757,539,218
S01007856,952,708,244
S01007857,483,361,122
S01007858,959,645,314
S01007859,612,474,138
S01007860,252,213,39
S01007861,1181,919,262
S01007862,1137,874,263
S01007863,933,708,225
S01007864,988,728,260
S01007865,651,456,195
S01007866,594,556,38
S01007867,529,362,167
S01007868,1401,1170,231
S01007869,1244,974,270
S01007870,661,495,166
S01007871,1279,882,397
S01007872,833,569,264
S01007873,777,537,240
S01007874,876,558,318
S01007875,764,596,168
S01007876,790,616,174
S01007877,912,645,267
S01007878,798,503,295
S01007879,1300,895,405
S01007880,592,469,123
S01007881,644,478,166
S01007882,993,856,137
S01007883,920,722,198
S01007884,890,687,203
S01007885,1077,756,321
S01007886,937,662,275
S01007887,705,567,138
S01007888,1172,905,267
S01007889,1207,853,354
S01007890,766,602,164
S01007891,845,630,215
S01007892,1179,937,242
S01007893,1236,1015,221
S01007894,1084,896,188
S01007895,798,638,160
S01007896,1163,894,269
S01007897,757,635,122
S01007898,718,591,127
S01007899,558,450,108
S01007900,632,484,148
S01007901,798,604,194
S01007902,1116,772,344
S01007903,840,563,277
S01007904,822,613,209
S01007905,867,673,194
S01007906,910,596,314
S01007907,894,612,282
S01007908,1186,869,317
S01007909,533,419,114
S01007910,1245,978,267
S01007911,944,716,228
S01007912,897,630,267
S01007913,1240,871,369
S01007914,901,699,202
S01007915,928,736,192
S01007916,1171,760,411
S01007917,1380,1013,367
S01007918,1171,817,354
S01007919,708,614,94
S01007920,611,505,106
S01007921,1275,931,344
S01007922,1425,964,461
S01007923,747,553,194
S01007924,1203,856,347
S01007925,612,533,79
S01007926,748,640,108
S01007927,578,509,69
S01007928,1264,1006,258
S01007929,988,845,143
S01007930,549,473,76
S01007931,1056,861,195
S01007932,944,803,141
S01007933,1317,1115,202
S01007934,685,542,143
S01007935,1137,919,218
S01007936,922,832,90
S01007937,1241,1101,140
S01007938,878,656,222
S01007939,1068,815,253
S01007940,1681,1339,342
S01007941,674,599,75
S01007942,216,149,67
S01007943,1032,832,200
S01007944,1039,823,216
S01007945,1201,910,291
S01007946,1053,799,254
S01007947,1097,859,238
S01007948,842,615,227
S01007949,1042,867,175
S01007950,1057,899,158
S01007951,937,709,228
S01007952,864,642,222
S01007953,1085,831,254
S01007954,814,643,171
S01007955,1767,1358,409
S01007956,1027,792,235
S01007957,1249,900,349
S01007958,1120,769,351
S01007959,1934,1469,465
S01007960,644,485,159
S01007961,1674,1284,390
S01007962,1077,864,213
S01007963,1119,889,230
S01007964,868,663,205
S01007965,823,621,202
S01007966,1023,777,246
S01007967,902,709,193
S01007968,1117,902,215
S01007969,869,683,186
S01007970,1115,861,254
S01007971,1110,807,303
S01007972,1208,941,267
S01007973,1077,949,128
S01007974,1060,740,320
S01007975,730,537,193
S01007976,1026,731,295
S01007977,558,473,85
S01007978,860,721,139
S01007979,805,653,152
S01007980,845,603,242
S01007981,843,673,170
S01007982,755,648,107
S01007983,1523,1153,370
S01007984,939,716,223
S01007985,950,759,191
S01007986,600,487,113
S01007987,1166,971,195
S01007988,973,799,174
S01007989,828,701,127
S01007990,1231,1077,154
S01007991,699,646,53
S01007992,727,676,51
S01007993,1033,934,99
S01007994,338,330,8
S01007995,794,734,60
S01007996,383,337,46
S01007997,798,700,98
S01007998,675,548,127
S01007999,889,655,234
S01008000,927,717,210
S01008001,958,722,236
S01008002,1138,900,238
S01008003,730,572,158
S01008004,127,95,32
S01008005,130,85,45
S01008006,619,443,176
S01008007,684,558,126
S01008008,562,435,127
S01008009,815,598,217
S01008010,1112,833,279
S01008011,761,433,328
S01008012,848,639,209
S01008013,746,540,206
S01008014,779,639,140
S01008015,846,621,225
S01008016,825,598,227
S01008017,969,809,160
S01008018,973,822,151
S01008019,1076,830,246
S01008020,898,735,163
S01008021,691,593,98
S01008022,945,812,133
S01008023,1027,951,76
S01008024,170,158,12
S01008025,929,791,138
S01008026,1323,970,353
S01008027,955,735,220
S01008028,358,279,79
S01008029,1164,923,241
S01008030,1018,840,178
S01008031,1088,847,241
S01008032,1298,1051,247
S01008033,1280,1196,84
S01008034,1207,1144,63
S01008035,1073,953,120
S01008036,705,621,84
S01008037,1519,1254,265
S01008038,1103,913,190
S01008039,1068,907,161
S01008040,814,707,107
S01008041,1000,780,220
S01008042,913,757,156
S01008043,1188,1007,181
S01008044,1211,1046,165
S01008045,1231,1049,182
S01008046,1254,861,393
S01008047,729,627,102
S01008048,713,632,81
S01008049,1005,847,158
S01008050,680,559,121
S01008051,1285,1137,148
S01008052,855,739,116
S01008053,886,748,138
S01008054,807,639,168
S01008055,906,803,103
S01008056,1286,1052,234
S01008057,1337,1103,234
S01008058,962,883,79
S01008059,770,700,70
S01008060,2129,1935,194
S01008061,1062,961,101
S01008062,1110,947,163
S01008063,998,882,116
S01008064,1077,907,170
S01008065,1312,1169,143
S01008066,1100,996,104
S01008067,660,590,70
S01008068,1265,1084,181
S01008069,1222,1027,195
S01008070,1248,1098,150
S01008071,1035,905,130
S01008072,899,738,161
S01008073,478,434,44
S01008074,990,867,123
S01008075,620,518,102
S01008076,1032,833,199
S01008077,1094,943,151
S01008078,835,745,90
S01008079,918,779,139
S01008080,817,708,109
S01008081,693,601,92
S01008082,1024,881,143
S01008083,895,795,100
S01008084,939,793,146
S01008085,1286,1152,134
S01008086,1229,1048,181
S01008087,1218,1053,165
S01008088,974,833,141
S01008089,1066,928,138
S01008090,798,649,149
S01008091,597,526,71
S01008092,1087,865,222
S01008093,891,736,155
S01008094,1008,814,194
S01008095,1055,885,170
S01008096,829,649,180
S01008097,805,672,133
S01008098,784,666,118
S01008099,498,420,78
S01008100,1090,909,181
S01008101,1189,981,208
S01008102,787,620,167
S01008103,682,501,181
S01008104,1165,880,285
S01008105,1225,939,286
S01008106,983,702,281
S01008107,576,504,72
S01008108,1059,963,96
S01008109,1027,902,125
S01008110,994,840,154
S01008111,974,824,150
S01008112,1061,914,147
S01008113,1020,890,130
S01008114,950,841,109
S01008115,1015,912,103
S01008116,1593,1386,207
S01008117,876,716,160
S01008118,1727,1375,352
S01008119,792,612,180
S01008120,717,576,141
S01008121,695,597,98
S01008122,1465,1246,219
S01008123,1069,918,151
S01008124,1072,951,121
S01008125,1249,1101,148
S01008126,1028,932,96
S01008127,532,446,86
S01008128,1181,1010,171
S01008129,949,704,245
S01008130,977,747,230
S01008131,762,603,159
S01008132,1112,896,216
S01008133,787,606,181
S01008134,696,549,147
S01008135,1443,1085,358
S01008136,1462,1120,342
S01008137,1235,950,285
S01008138,915,679,236
S01008139,1272,940,332
S01008140,953,705,248
S01008141,1234,1054,180
S01008142,1092,972,120
S01008143,1356,1090,266
S01008144,1210,1090,120
S01008145,1158,875,283
S01008146,782,557,225
S01008147,961,770,191
S01008148,1023,872,151
S01008149,956,764,192
S01008150,1338,1040,298
S01008151,1025,771,254
S01008152,1214,886,328
S01008153,869,736,133
S01008154,1067,890,177
S01008155,927,803,124
S01008156,1097,898,199
S01008157,1056,877,179
S01008158,1113,1018,95
S01008159,1181,891,290
S01008160,1038,781,257
S01008161,1178,848,330
S01008162,1405,1006,399
S01008163,923,706,217
S01008164,669,534,135
S01008165,268,230,38
S01008166,731,604,127
S01008167,1020,801,219
S01008168,1105,828,277
S01008169,773,619,154
S01008170,732,623,109
S01008171,949,706,243
S01008172,582,475,107
S01008173,791,703,88
S01008174,581,506,75
S01008175,780,647,133
S01008176,838,740,98
S01008177,846,631,215
S01008178,729,639,90
S01008179,420,402,18
S01008180,518,484,34
S01008181,637,523,114
S01008182,1196,926,270
S01008183,1118,951,167
S01008184,872,660,212
S01008185,1258,933,325
S01008186,1035,833,202
S01008187,676,535,141
S01008188,1470,1110,360
S01008189,1014,809,205
S01008190,1087,842,245
S01008191,862,694,168
S01008192,1207,933,274
S01008193,943,731,212
S01008194,622,469,153
S01008195,1153,932,221
S01008196,901,744,157
S01008197,281,244,37
S01008198,723,554,169
S01008199,861,692,169
S01008200,935,686,249
S01008201,1302,960,342
S01008202,790,584,206
S01008203,548,418,130
S01008204,1031,703,328
S01008205,845,668,177
S01008206,1088,766,322
S01008207,771,637,134
S01008208,400,341,59
S01008209,194,155,39
S01008210,1417,1069,348
S01008211,993,775,218
S01008212,734,682,52
S01008213,831,719,112
S01008214,804,594,210
S01008215,1114,919,195
S01008216,883,798,85
S01008217,700,622,78
S01008218,560,514,46
S01008219,1068,819,249
S01008220,682,563,119
S01008221,848,664,184
S01008222,736,527,209
S01008223,593,402,191
S01008224,962,873,89
S01008225,852,703,149
S01008226,823,588,235
S01008227,947,730,217
S01008228,592,498,94
S01008229,843,664,179
S01008230,536,491,45
S01008231,96,86,10
S01008232,295,273,22
S01008233,373,313,60
S01008234,731,567,164
S01008235,937,723,214
S01008236,1105,920,185
S01008237,921,781,140
S01008238,988,800,188
S01008239,607,486,121
S01008240,1449,1255,194
S01008241,1092,955,137
S01008242,1278,999,279
S01008243,810,665,145
S01008244,830,690,140
S01008245,1173,982,191
S01008246,1344,1166,178
S01008247,865,748,117
S01008248,1228,1041,187
S01008249,809,686,123
S01008250,865,763,102
S01008251,881,806,75
S01008252,1107,961,146
S01008253,792,604,188
S01008254,1351,1039,312
S01008255,1123,934,189
S01008256,1145,941,204
S01008257,845,627,218
S01008258,1190,1039,151
S01008259,1083,869,214
S01008260,884,689,195
S01008261,1170,981,189
S01008262,813,704,109
S01008263,470,345,125
S01008264,591,472,119
S01008265,645,524,121
S01008266,770,668,102
S01008267,648,519,129
S01008268,692,540,152
S01008269,950,754,196
S01008270,1071,848,223
S01008271,741,600,141
S01008272,925,779,146
S01008273,988,826,162
S01008274,969,758,211
S01008275,771,646,125
S01008276,702,622,80
S01008277,693,610,83
S01008278,816,729,87
S01008279,762,641,121
S01008280,1264,1041,223
S01008281,860,765,95
S01008282,638,534,104
S01008283,470,375,95
S01008284,677,541,136
S01008285,759,561,198
S01008286,1390,1102,288
S01008287,1018,904,114
S01008288,1008,804,204
S01008289,779,641,138
S01008290,964,755,209
S01008291,1188,958,230
S01008292,647,544,103
S01008293,220,172,48
S01008294,385,317,68
S01008295,1193,1036,157
S01008296,713,548,165
S01008297,608,507,101
S01008298,1200,1014,186
S01008299,1078,787,291
S01008300,911,733,178
S01008301,1140,1026,114
S01008302,844,739,105
S01008303,783,613,170
S01008304,542,453,89
S01008305,874,754,120
S01008306,679,598,81
S01008307,820,661,159
S01008308,642,544,98
S01008309,902,640,262
S01008310,993,712,281
S01008311,623,478,145
S01008312,604,452,152
S01008313,1055,708,347
S01008314,885,698,187
S01008315,670,497,173
S01008316,918,743,175
S01008317,531,430,101
S01008318,1419,1227,192
S01008319,642,450,192
S01008320,731,571,160
S01008321,801,719,82
S01008322,1662,1328,334
S01008323,934,702,232
S01008324,650,483,167
S01008325,1212,979,233
S01008326,1053,828,225
S01008327,1141,848,293
S01008328,918,857,61
S01008329,1157,1052,105
S01008330,1168,1040,128
S01008331,752,690,62
S01008332,1105,861,244
S01008333,1098,814,284
S01008334,808,669,139
S01008335,892,695,197
S01008336,906,714,192
S01008337,545,456,89
S01008338,808,746,62
S01008339,590,556,34
S01008340,870,803,67
S01008341,666,637,29
S01008342,1125,970,155
S01008343,1161,910,251
S01008344,709,646,63
S01008345,1270,1138,132
S01008346,1062,934,128
S01008347,1241,1003,238
S01008348,1007,872,135
S01008349,1112,969,143
S01008350,821,721,100
S01008351,1127,971,156
S01008352,894,794,100
S01008353,408,362,46
S01008354,895,730,165
S01008355,1165,933,232
S01008356,911,812,99
S01008357,883,763,120
S01008358,916,728,188
S01008359,813,703,110
S01008360,1105,990,115
S01008361,830,762,68
S01008362,1045,946,99
S01008363,844,755,89
S01008364,815,722,93
S01008365,1045,908,137
S01008366,999,719,280
S01008367,906,682,224
S01008368,829,694,135
S01008369,847,716,131
S01008370,663,568,95
S01008371,879,786,93
S01008372,890,801,89
S01008373,1181,1059,122
S01008374,865,760,105
S01008375,784,686,98
S01008376,579,506,73
S01008377,928,815,113
S01008378,978,878,100
S01008379,527,446,81
S01008380,662,591,71
S01008381,1080,942,138
S01008382,923,810,113
S01008383,648,564,84
S01008384,970,840,130
S01008385,635,558,77
S01008386,994,855,139
S01008387,868,770,98
S01008388,628,574,54
S01008389,755,573,182
S01008390,754,664,90
S01008391,766,616,150
S01008392,924,820,104
S01008393,829,694,135
S01008394,1132,1014,118
S01008395,854,771,83
S01008396,906,773,133
S01008397,1052,938,114
S01008398,959,835,124
S01008399,714,524,190
S01008400,1109,943,166
S01008401,1227,1031,196
S01008402,999,881,118
S01008403,952,824,128
S01008404,1148,934,214
S01008405,960,873,87
S01008406,1202,936,266
S01008407,539,360,179
S01008408,757,681,76
S01008409,1020,828,192
S01008410,815,663,152
S01008411,1123,941,182
S01008412,658,547,111
S01008413,557,440,117
S01008414,684,629,55
S01008415,1027,839,188
S01008416,1184,947,237
S01008417,748,691,57
S01008418,762,682,80
S01008419,521,453,68
S01008420,627,548,79
S01008421,796,628,168
S01008422,959,824,135
S01008423,998,886,112
S01008424,1195,1048,147
S01008425,2744,2524,220
S01008426,1213,940,273
S01008427,1349,1225,124
S01008428,928,733,195
S01008429,926,747,179
S01008430,1164,967,197
S01008431,1089,939,150
S01008432,1167,1010,157
S01008433,916,807,109
S01008434,1175,1050,125
S01008435,1187,1060,127
S01008436,934,758,176
S01008437,1169,961,208
S01008438,1021,901,120
S01008439,1076,986,90
S01008440,1176,1025,151
S01008441,856,766,90
S01008442,568,514,54
S01008443,631,531,100
S01008444,1109,975,134
S01008445,1321,1102,219
S01008446,1696,1393,303
S01008447,704,625,79
S01008448,788,681,107
S01008449,637,530,107
S01008450,428,332,96
S01008451,1054,869,185
S01008452,813,642,171
S01008453,555,465,90
S01008454,1318,1093,225
S01008455,1242,953,289
S01008456,1024,783,241
S01008457,966,685,281
S01008458,843,681,162
S01008459,805,630,175
S01008460,1135,855,280
S01008461,943,727,216
S01008462,671,471,200
S01008463,928,713,215
S01008464,991,825,166
S01008465,1019,853,166
S01008466,918,800,118
S01008467,879,745,134
S01008468,1016,795,221
S01008469,574,446,128
S01008470,992,724,268
S01008471,838,646,192
S01008472,707,558,149
S01008473,724,572,152
S01008474,861,606,255
S01008475,826,593,233
S01008476,769,486,283
S01008477,1151,799,352
S01008478,963,679,284
S01008479,1142,767,375
S01008480,467,348,119
S01008481,1338,1018,320
S01008482,1212,882,330
S01008483,907,668,239
S01008484,980,768,212
S01008485,1166,1000,166
S01008486,900,701,199
S01008487,498,396,102
S01008488,775,554,221
S01008489,962,769,193
S01008490,1169,950,219
S01008491,756,609,147
S01008492,531,433,98
S01008493,863,687,176
S01008494,796,667,129
S01008495,989,859,130
S01008496,1113,1002,111
S01008497,900,793,107
S01008498,753,619,134
S01008499,1006,860,146
S01008500,326,267,59
S01008501,569,499,70
S01008502,633,594,39
S01008503,876,782,94
S01008504,1403,1254,149
S01008505,1029,942,87
S01008506,1094,883,211
S01008507,845,779,66
S01008508,1085,931,154
S01008509,995,877,118
S01008510,849,732,117
S01008511,1015,873,142
S01008512,1073,923,150
S01008513,1068,921,147
S01008514,836,648,188
S01008515,1033,886,147
S01008516,1633,1149,484
S01008517,963,809,154
S01008518,1197,1080,117
S01008519,1129,1008,121
S01008520,1245,1100,145
S01008521,880,777,103
S01008522,637,585,52
S01008523,294,267,27
S01008524,1212,913,299
S01008525,971,700,271
S01008526,902,688,214
S01008527,784,680,104
S01008528,740,648,92
S01008529,874,673,201
S01008530,1087,821,266
S01008531,1007,746,261
S01008532,702,540,162
S01008533,524,462,62
S01008534,920,853,67
S01008535,715,632,83
S01008536,726,631,95
S01008537,716,646,70
S01008538,655,550,105
S01008539,1148,1018,130
S01008540,1029,889,140
S01008541,1053,951,102
S01008542,1240,1139,101
S01008543,1082,1007,75
S01008544,680,650,30
S01008545,782,701,81
S01008546,909,815,94
S01008547,1194,1071,123
S01008548,1075,906,169
S01008549,1260,1082,178
S01008550,1063,962,101
S01008551,1014,869,145
S01008552,1163,1039,124
S01008553,805,629,176
S01008554,1022,789,233
S01008555,1023,729,294
S01008556,1193,837,356
S01008557,895,621,274
S01008558,956,694,262
S01008559,819,573,246
S01008560,807,594,213
S01008561,971,730,241
S01008562,798,566,232
S01008563,1280,1010,270
S01008564,1046,805,241
S01008565,1043,776,267
S01008566,1046,780,266
S01008567,705,527,178
S01008568,883,763,120
S01008569,782,568,214
S01008570,1045,735,310
S01008571,907,678,229
S01008572,960,717,243
S01008573,922,785,137
S01008574,1035,872,163
S01008575,842,756,86
S01008576,1020,879,141
S01008577,1235,937,298
S01008578,1010,830,180
S01008579,890,778,112
S01008580,884,691,193
S01008581,1113,755,358
S01008582,1434,1069,365
S01008583,902,605,297
S01008584,1216,932,284
S01008585,954,703,251
S01008586,936,637,299
S01008587,884,793,91
S01008588,1046,872,174
S01008589,380,323,57
S01008590,565,456,109
S01008591,1007,904,103
S01008592,953,738,215
S01008593,893,781,112
S01008594,860,746,114
S01008595,1132,738,394
S01008596,970,699,271
S01008597,1093,849,244
S01008598,1138,950,188
S01008599,970,868,102
S01008600,2999,2727,272
S01008601,2692,2531,161
S01008602,564,482,82
S01008603,1011,902,109
S01008604,995,866,129
S01008605,847,758,89
S01008606,1009,878,131
S01008607,614,484,130
S01008608,793,621,172
S01008609,1064,823,241
S01008610,1185,998,187
S01008611,1230,1125,105
S01008612,717,636,81
S01008613,1044,913,131
S01008614,914,840,74
S01008615,880,772,108
S01008616,900,838,62
S01008617,975,920,55
S01008618,748,701,47
S01008619,514,456,58
S01008620,788,729,59
S01008621,870,817,53
S01008622,962,916,46
S01008623,1101,1008,93
S01008624,750,531,219
S01008625,603,509,94
S01008626,1086,988,98
S01008627,844,698,146
S01008628,716,592,124
S01008629,1025,786,239
S01008630,652,540,112
S01008631,879,757,122
S01008632,1461,998,463
S01008633,1128,880,248
S01008634,761,697,64
S01008635,797,703,94
S01008636,873,731,142
S01008637,705,588,117
S01008638,1296,1054,242
S01008639,1292,1139,153
S01008640,1240,1115,125
S01008641,1090,976,114
S01008642,985,903,82
S01008643,1036,938,98
S01008644,623,568,55
S01008645,1014,922,92
S01008646,1239,1099,140
S01008647,668,626,42
S01008648,907,799,108
S01008649,1221,1070,151
S01008650,947,845,102
S01008651,837,702,135
S01008652,765,626,139
S01008653,711,589,122
S01008654,1137,984,153
S01008655,687,601,86
S01008656,1034,844,190
S01008657,818,721,97
S01008658,1067,880,187
S01008659,1169,1043,126
S01008660,1098,1012,86
S01008661,1023,874,149
S01008662,964,853,111
S01008663,1011,824,187
S01008664,959,847,112
S01008665,1093,955,138
S01008666,819,759,60
S01008667,947,824,123
S01008668,1001,941,60
S01008669,635,596,39
S01008670,1155,1034,121
S01008671,1183,1053,130
S01008672,605,561,44
S01008673,801,681,120
S01008674,1048,906,142
S01008675,826,683,143
S01008676,908,780,128
S01008677,742,621,121
S01008678,1071,966,105
S01008679,1071,854,217
S01008680,828,684,144
S01008681,964,728,236
S01008682,884,732,152
S01008683,1630,1205,425
S01008684,2943,2645,298
S01008685,773,585,188
S01008686,1068,798,270
S01008687,832,679,153
S01008688,889,707,182
S01008689,1248,1041,207
S01008690,1017,843,174
S01008691,1237,1067,170
S01008692,1003,876,127
S01008693,606,486,120
S01008694,1299,1141,158
S01008695,984,823,161
S01008696,703,627,76
S01008697,871,739,132
S01008698,757,610,147
S01008699,1140,856,284
S01008700,678,543,135
S01008701,417,309,108
S01008702,296,202,94
S01008703,757,519,238
S01008704,934,620,314
S01008705,391,252,139
S01008706,770,565,205
S01008707,1123,801,322
S01008708,816,585,231
S01008709,1137,884,253
S01008710,371,311,60
S01008711,763,538,225
S01008712,1174,795,379
S01008713,703,535,168
S01008714,717,541,176
S01008715,818,571,247
S01008716,689,478,211
S01008717,560,500,60
S01008718,608,467,141
S01008719,1110,950,160
S01008720,566,411,155
S01008721,854,813,41
S01008722,1076,823,253
S01008723,767,688,79
S01008724,1002,801,201
S01008725,785,672,113
S01008726,1156,990,166
S01008727,1249,972,277
S01008728,532,406,126
S01008729,828,705,123
S01008730,1051,907,144
S01008731,558,412,146
S01008732,816,645,171
S01008733,851,710,141
S01008734,850,721,129
S01008735,1178,1001,177
S01008736,710,564,146
S01008737,775,642,133
S01008738,916,744,172
S01008739,634,554,80
S01008740,833,745,88
S01008741,1192,1016,176
S01008742,763,594,169
S01008743,1121,877,244
S01008744,1060,788,272
S01008745,539,456,83
S01008746,1135,849,286
S01008747,593,460,133
S01008748,1076,889,187
S01008749,1185,959,226
S01008750,797,648,149
S01008751,1135,836,299
S01008752,1020,710,310
S01008753,711,505,206
S01008754,732,556,176
S01008755,852,641,211
S01008756,827,551,276
S01008757,714,456,258
S01008758,1013,675,338
S01008759,716,481,235
S01008760,1360,1057,303
S01008761,589,466,123
S01008762,584,513,71
S01008763,901,779,122
S01008764,713,615,98
S01008765,1301,1158,143
S01008766,1435,1194,241
S01008767,891,737,154
S01008768,656,515,141
S01008769,217,190,27
S01008770,76,72,4
S01008771,76,72,4
S01008772,1095,840,255
S01008773,927,723,204
S01008774,845,663,182
S01008775,586,500,86
S01008776,1272,982,290
S01008777,914,654,260
S01008778,597,525,72
S01008779,411,335,76
S01008780,352,287,65
S01008781,320,284,36
S01008782,510,469,41
S01008783,325,279,46
S01008784,554,457,97
S01008785,846,589,257
S01008786,873,684,189
S01008787,562,420,142
S01008788,405,355,50
S01008789,641,405,236
S01008790,679,547,132
S01008791,392,339,53
S01008792,994,774,220
S01008793,859,625,234
S01008794,832,577,255
S01008795,1016,829,187
S01008796,1014,868,146
S01008797,941,769,172
S01008798,950,745,205
S01008799,237,151,86
S01008800,818,660,158
S01008801,848,734,114
S01008802,1072,875,197
S01008803,1101,866,235
S01008804,732,510,222
S01008805,619,538,81
S01008806,738,613,125
S01008807,1013,867,146
S01008808,732,608,124
S01008809,849,717,132
S01008810,1034,891,143
S01008811,780,667,113
S01008812,896,803,93
S01008813,808,653,155
S01008814,1197,994,203
S01008815,1102,899,203
S01008816,243,158,85
S01008817,664,564,100
S01008818,991,834,157
S01008819,1027,826,201
S01008820,1204,946,258
S01008821,826,739,87
S01008822,851,760,91
S01008823,949,732,217
S01008824,1239,1078,161
S01008825,638,540,98
S01008826,689,603,86
S01008827,1050,906,144
S01008828,973,816,157
S01008829,1093,896,197
S01008830,1299,1127,172
S01008831,1056,907,149
S01008832,607,482,125
S01008833,1063,876,187
S01008834,1269,1060,209
S01008835,1075,876,199
S01008836,536,398,138
S01008837,953,813,140
S01008838,968,842,126
S01008839,1137,957,180
S01008840,1037,916,121
S01008841,441,396,45
S01008842,201,174,27
S01008843,721,626,95
S01008844,439,406,33
S01008845,688,630,58
S01008846,842,758,84
S01008847,701,635,66
S01008848,871,780,91
S01008849,990,908,82
S01008850,1327,1170,157
S01008851,1201,975,226
S01008852,1194,1071,123
S01008853,557,508,49
S01008854,1030,937,93
S01008855,984,906,78
S01008856,658,600,58
S01008857,1029,889,140
S01008858,1058,891,167
S01008859,909,732,177
S01008860,1317,1061,256
S01008861,1026,915,111
S01008862,1095,956,139
S01008863,823,736,87
S01008864,1496,1322,174
S01008865,1079,886,193
S01008866,1009,917,92
S01008867,925,824,101
S01008868,1065,975,90
S01008869,1166,997,169
S01008870,1119,996,123
S01008871,1298,1179,119
S01008872,1057,959,98
S01008873,802,729,73
S01008874,848,718,130
S01008875,1095,907,188
S01008876,766,604,162
S01008877,766,638,128
S01008878,1249,970,279
S01008879,872,714,158
S01008880,722,593,129
S01008881,642,538,104
S01008882,1316,1085,231
S01008883,1199,943,256
S01008884,842,717,125
S01008885,968,852,116
S01008886,1146,1021,125
S01008887,783,662,121
S01008888,1033,940,93
S01008889,549,453,96
S01008890,835,709,126
S01008891,792,684,108
S01008892,1161,938,223
S01008893,1107,955,152
S01008894,1011,905,106
S01008895,776,577,199
S01008896,708,541,167
S01008897,902,772,130
S01008898,1018,856,162
S01008899,866,625,241
S01008900,907,696,211
S01008901,1038,754,284
S01008902,991,730,261
S01008903,1141,820,321
S01008904,1079,853,226
S01008905,1231,956,275
S01008906,678,554,124
S01008907,779,593,186
S01008908,938,722,216
S01008909,1179,1006,173
S01008910,763,640,123
S01008911,344,239,105
S01008912,902,753,149
S01008913,532,477,55
S01008914,1185,887,298
S01008915,630,533,97
S01008916,1339,910,429
S01008917,653,485,168
S01008918,632,461,171
S01008919,564,386,178
S01008920,225,179,46
S01008921,1007,677,330
S01008922,1304,1050,254
S01008923,943,681,262
S01008924,994,804,190
S01008925,836,722,114
S01008926,368,300,68
S01008927,71,61,10
S01008928,448,268,180
S01008929,1535,1075,460
S01008930,1244,952,292
S01008931,864,662,202
S01008932,436,336,100
S01008933,660,516,144
S01008934,526,394,132
S01008935,1062,878,184
S01008936,661,564,97
S01008937,721,578,143
S01008938,1007,866,141
S01008939,841,722,119
S01008940,758,643,115
S01008941,824,743,81
S01008942,1248,1100,148
S01008943,813,738,75
S01008944,991,874,117
S01008945,1147,1039,108
S01008946,746,636,110
S01008947,1166,1029,137
S01008948,1070,827,243
S01008949,1337,1027,310
S01008950,1000,727,273
S01008951,1117,802,315
S01008952,1606,1250,356
S01008953,1180,875,305
S01008954,972,639,333
S01008955,888,757,131
S01008956,1374,1194,180
S01008957,1177,1021,156
S01008958,744,559,185
S01008959,1051,898,153
S01008960,424,396,28
S01008961,1030,879,151
S01008962,744,654,90
S01008963,932,795,137
S01008964,773,663,110
S01008965,762,648,114
S01008966,934,807,127
S01008967,1134,982,152
S01008968,1412,1261,151
S01008969,1050,867,183
S01008970,1125,959,166
S01008971,715,638,77
S01008972,1533,1227,306
S01008973,746,562,184
S01008974,865,687,178
S01008975,864,594,270
S01008976,715,619,96
S01008977,839,715,124
S01008978,724,616,108
S01008979,831,730,101
S01008980,792,705,87
S01008981,829,667,162
S01008982,928,797,131
S01008983,886,775,111
S01008984,519,449,70
S01008985,826,738,88
S01008986,956,834,122
S01008987,1062,883,179
S01008988,871,642,229
S01008989,1059,931,128
S01008990,1218,1094,124
S01008991,1251,1181,70
S01008992,447,371,76
S01008993,1081,931,150
S01008994,1002,866,136
S01008995,1074,956,118
S01008996,783,640,143
S01008997,902,759,143
S01008998,959,837,122
S01008999,1015,799,216
S01009000,1163,1010,153
S01009001,744,654,90
S01009002,789,668,121
S01009003,920,801,119
S01009004,894,787,107
S01009005,972,862,110
S01009006,1413,1152,261
S01009007,927,735,192
S01009008,983,869,114
S01009009,579,460,119
S01009010,1421,1309,112
S01009011,1338,1253,85
S01009012,993,901,92
S01009013,1155,1041,114
S01009014,804,634,170
S01009015,540,432,108
S01009016,560,468,92
S01009017,725,614,111
S01009018,777,663,114
S01009019,935,799,136
S01009020,951,782,169
S01009021,736,610,126
S01009022,921,749,172
S01009023,958,766,192
S01009024,1238,968,270
S01009025,965,771,194
S01009026,1100,851,249
S01009027,834,650,184
S01009028,596,456,140
S01009029,768,612,156
S01009030,994,806,188
S01009031,798,643,155
S01009032,631,495,136
S01009033,816,624,192
S01009034,644,511,133
S01009035,867,730,137
S01009036,871,703,168
S01009037,683,549,134
S01009038,928,737,191
S01009039,1103,907,196
S01009040,919,617,302
S01009041,1031,772,259
S01009042,881,708,173
S01009043,1270,1000,270
S01009044,1127,806,321
S01009045,1105,884,221
S01009046,782,626,156
S01009047,691,583,108
S01009048,745,603,142
S01009049,706,558,148
S01009050,860,687,173
S01009051,878,683,195
S01009052,907,709,198
S01009053,602,448,154
S01009054,713,546,167
S01009055,735,583,152
S01009056,604,482,122
S01009057,733,547,186
S01009058,895,657,238
S01009059,500,375,125
S01009060,456,301,155
S01009061,1021,856,165
S01009062,990,795,195
S01009063,704,596,108
S01009064,728,614,114
S01009065,1225,912,313
S01009066,774,617,157
S01009067,480,430,50
S01009068,935,756,179
S01009069,920,826,94
S01009070,1014,869,145
S01009071,558,441,117
S01009072,344,268,76
S01009073,887,640,247
S01009074,1097,817,280
S01009075,709,561,148
S01009076,1217,1046,171
S01009077,796,687,109
S01009078,386,337,49
S01009079,1207,837,370
S01009080,1560,1130,430
S01009081,1060,764,296
S01009082,1149,827,322
S01009083,722,580,142
S01009084,1030,723,307
S01009085,277,237,40
S01009086,709,557,152
S01009087,704,545,159
S01009088,1374,891,483
S01009089,463,419,44
S01009090,154,145,9
S01009091,211,195,16
S01009092,991,726,265
S01009093,944,764,180
S01009094,923,792,131
S01009095,1548,1008,540
S01009096,467,363,104
S01009097,909,811,98
S01009098,578,504,74
S01009099,905,690,215
S01009100,1253,889,364
S01009101,1088,831,257
S01009102,1158,932,226
S01009103,694,606,88
S01009104,839,635,204
S01009105,683,535,148
S01009106,851,677,174
S01009107,965,795,170
S01009108,951,813,138
S01009109,1109,986,123
S01009110,881,710,171
S01009111,1140,1004,136
S01009112,620,517,103
S01009113,665,561,104
S01009114,791,677,114
S01009115,877,742,135
S01009116,900,773,127
S01009117,705,565,140
S01009118,661,621,40
S01009119,972,745,227
S01009120,746,610,136
S01009121,1056,805,251
S01009122,977,779,198
S01009123,340,294,46
S01009124,561,466,95
S01009125,822,596,226
S01009126,742,521,221
S01009127,595,460,135
S01009128,1011,674,337
S01009129,683,519,164
S01009130,430,308,122
S01009131,878,581,297
S01009132,939,838,101
S01009133,762,573,189
S01009134,1024,798,226
S01009135,619,575,44
S01009136,328,178,150
S01009137,302,159,143
S01009138,995,857,138
S01009139,675,527,148
S01009140,673,526,147
S01009141,586,409,177
S01009142,674,498,176
S01009143,553,379,174
S01009144,691,571,120
S01009145,1193,865,328
S01009146,1059,761,298
S01009147,995,723,272
S01009148,799,637,162
S01009149,563,417,146
S01009150,724,317,407
S01009151,679,483,196
S01009152,805,510,295
S01009153,735,596,139
S01009154,818,655,163
S01009155,623,472,151
S01009156,924,723,201
S01009157,981,745,236
S01009158,890,700,190
S01009159,687,491,196
S01009160,610,387,223
S01009161,887,636,251
S01009162,712,524,188
S01009163,521,377,144
S01009164,1057,803,254
S01009165,739,580,159
S01009166,962,669,293
S01009167,857,623,234
S01009168,1007,845,162
S01009169,920,617,303
S01009170,710,549,161
S01009171,845,725,120
S01009172,721,612,109
S01009173,883,785,98
S01009174,88,83,5
S01009175,987,915,72
S01009176,883,739,144
S01009177,895,749,146
S01009178,883,732,151
S01009179,986,805,181
S01009180,1017,778,239
S01009181,1216,989,227
S01009182,1186,1004,182
S01009183,1124,1012,112
S01009184,1230,928,302
S01009185,1118,832,286
S01009186,893,714,179
S01009187,840,719,121
S01009188,1105,866,239
S01009189,1127,874,253
S01009190,826,717,109
S01009191,189,176,13
S01009192,948,822,126
S01009193,380,326,54
S01009194,960,833,127
S01009195,923,808,115
S01009196,754,587,167
S01009197,963,810,153
S01009198,876,749,127
S01009199,736,610,126
S01009200,951,788,163
S01009201,779,659,120
S01009202,606,531,75
S01009203,666,465,201
S01009204,1065,841,224
S01009205,1291,1156,135
S01009206,1138,1023,115
S01009207,968,866,102
S01009208,722,598,124
S01009209,1143,886,257
S01009210,907,703,204
S01009211,785,660,125
S01009212,947,698,249
S01009213,790,618,172
S01009214,1253,1035,218
S01009215,1155,865,290
S01009216,1138,881,257
S01009217,796,584,212
S01009218,1216,963,253
S01009219,679,508,171
S01009220,629,503,126
S01009221,599,447,152
S01009222,710,554,156
S01009223,510,362,148
S01009224,975,679,296
S01009225,812,591,221
S01009226,1198,820,378
S01009227,686,463,223
S01009228,797,580,217
S01009229,918,746,172
S01009230,898,777,121
S01009231,1022,841,181
S01009232,700,556,144
S01009233,819,603,216
S01009234,1049,826,223
S01009235,847,678,169
S01009236,712,580,132
S01009237,722,614,108
S01009238,1092,881,211
S01009239,913,767,146
S01009240,701,514,187
S01009241,1013,807,206
S01009242,986,818,168
S01009243,1298,1084,214
S01009244,876,785,91
S01009245,892,744,148
S01009246,1058,801,257
S01009247,1246,936,310
S01009248,799,691,108
S01009249,1133,824,309
S01009250,793,615,178
S01009251,627,527,100
S01009252,477,457,20
S01009253,741,510,231
S01009254,1026,771,255
S01009255,649,465,184
S01009256,627,503,124
S01009257,575,419,156
S01009258,792,646,146
S01009259,787,634,153
S01009260,1175,952,223
S01009261,840,617,223
S01009262,814,596,218
S01009263,431,324,107
S01009264,818,669,149
S01009265,755,617,138
S01009266,1051,785,266
S01009267,822,607,215
S01009268,724,555,169
S01009269,1180,934,246
S01009270,764,540,224
S01009271,916,809,107
S01009272,949,753,196
S01009273,939,719,220
S01009274,987,741,246
S01009275,694,521,173
S01009276,1062,918,144
S01009277,746,645,101
S01009278,389,320,69
S01009279,591,482,109
S01009280,939,646,293
S01009281,899,638,261
S01009282,948,790,158
S01009283,602,501,101
S01009284,805,723,82
S01009285,961,852,109
S01009286,972,844,128
S01009287,888,763,125
S01009288,869,705,164
S01009289,929,795,134
S01009290,673,564,109
S01009291,1204,1074,130
S01009292,531,407,124
S01009293,661,534,127
S01009294,654,554,100
S01009295,830,743,87
S01009296,953,784,169
S01009297,1004,882,122
S01009298,1208,863,345
S01009299,1008,824,184
S01009300,615,498,117
S01009301,1093,879,214
S01009302,970,692,278
S01009303,835,623,212
S01009304,1306,1047,259
S01009305,974,759,215
S01009306,1121,913,208
S01009307,1216,1014,202
S01009308,809,669,140
S01009309,604,494,110
S01009310,956,826,130
S01009311,1033,788,245
S01009312,1002,865,137
S01009313,683,500,183
S01009314,988,852,136
S01009315,697,497,200
S01009316,917,826,91
S01009317,1030,919,111
S01009318,1052,929,123
S01009319,1006,828,178
S01009320,881,714,167
S01009321,558,502,56
S01009322,710,598,112
S01009323,968,788,180
S01009324,652,526,126
S01009325,546,483,63
S01009326,371,237,134
S01009327,675,489,186
S01009328,102,96,6
S01009330,157,117,40
S01009331,250,233,17
S01009332,862,675,187
S01009333,998,810,188
S01009334,647,496,151
S01009335,865,665,200
S01009336,616,470,146
S01009337,986,763,223
S01009338,778,591,187
S01009339,1011,753,258
S01009340,1066,847,219
S01009341,1072,788,284
S01009342,954,740,214
S01009343,596,503,93
S01009344,785,598,187
S01009345,1287,1086,201
S01009346,164,153,11
S01009347,293,251,42
S01009348,239,208,31
S01009349,126,123,3
S01009350,186,157,29
S01009351,75,55,20
S01009352,76,73,3
S01009353,397,372,25
S01009354,290,276,14
S01009355,1010,898,112
S01009356,1059,914,145
S01009357,482,443,39
S01009358,334,311,23
S01009359,255,241,14
S01009360,821,696,125
S01009361,891,763,128
S01009362,1239,1109,130
S01009363,1044,826,218
S01009364,854,740,114
S01009365,733,619,114
S01009366,925,705,220
S01009367,801,607,194
S01009368,834,724,110
S01009369,1057,857,200
S01009370,928,734,194
S01009371,551,436,115
S01009372,653,528,125
S01009373,976,744,232
S01009374,922,712,210
S01009375,777,618,159
S01009376,920,712,208
S01009377,846,731,115
S01009378,1092,968,124
S01009379,221,189,32
S01009380,709,642,67
S01009381,692,583,109
S01009382,1322,974,348
S01009383,987,783,204
S01009384,579,492,87
S01009385,758,655,103
S01009386,1126,903,223
S01009387,986,814,172
S01009388,1220,948,272
S01009389,960,776,184
S01009390,783,746,37
S01009391,828,789,39
S01009392,521,480,41
S01009393,831,738,93
S01009394,809,664,145
S01009395,1133,982,151
S01009396,779,704,75
S01009397,741,638,103
S01009398,1223,1016,207
S01009399,1128,989,139
S01009400,1002,818,184
S01009401,1060,911,149
S01009402,846,704,142
S01009403,844,750,94
S01009404,718,563,155
S01009405,752,625,127
S01009406,1015,792,223
S01009407,492,394,98
S01009408,494,403,91
S01009409,911,682,229
S01009410,909,716,193
S01009411,1440,1114,326
S01009412,922,685,237
S01009413,1302,1008,294
S01009414,835,688,147
S01009415,1130,839,291
S01009416,665,562,103
S01009417,400,315,85
S01009418,1196,869,327
S01009419,1026,799,227
S01009420,829,647,182
S01009421,709,567,142
S01009422,1156,915,241
S01009423,264,213,51
S01009424,745,546,199
S01009425,853,646,207
S01009426,1053,748,305
S01009427,622,434,188
S01009428,624,428,196
S01009429,924,645,279
S01009430,728,498,230
S01009431,998,707,291
S01009432,1159,887,272
S01009433,924,696,228
S01009434,575,387,188
S01009435,1072,781,291
S01009436,615,451,164
S01009437,915,659,256
S01009438,1120,777,343
S01009439,1192,830,362
S01009440,944,668,276
S01009441,940,705,235
S01009442,704,547,157
S01009443,913,689,224
S01009444,801,684,117
S01009445,1036,766,270
S01009446,1011,700,311
S01009447,786,558,228
S01009448,655,463,192
S01009449,707,491,216
S01009450,697,501,196
S01009451,1274,896,378
S01009452,861,631,230
S01009453,1010,707,303
S01009454,1157,1002,155
S01009455,1419,1170,249
S01009456,881,610,271
S01009457,798,645,153
S01009458,638,471,167
S01009459,1002,745,257
S01009460,793,611,182
S01009461,181,153,28
S01009462,682,533,149
S01009463,1118,915,203
S01009464,897,741,156
S01009465,648,556,92
S01009466,840,685,155
S01009467,849,697,152
S01009468,725,540,185
S01009469,815,636,179
S01009470,854,710,144
S01009471,797,520,277
S01009472,1175,942,233
S01009473,776,573,203
S01009474,810,639,171
S01009475,203,188,15
S01009476,435,381,54
S01009477,1095,856,239
S01009478,920,759,161
S01009479,887,720,167
S01009480,1061,877,184
S01009481,865,686,179
S01009482,684,518,166
S01009483,743,629,114
S01009484,1269,959,310
S01009485,790,579,211
S01009486,771,542,229
S01009487,1226,886,340
S01009488,978,790,188
S01009489,867,608,259
S01009490,895,686,209
S01009491,637,416,221
S01009492,943,749,194
S01009493,1250,1034,216
S01009494,1255,1132,123
S01009495,941,850,91
S01009496,849,669,180
S01009497,1101,942,159
S01009498,662,577,85
S01009499,834,667,167
S01009500,869,652,217
S01009501,836,620,216
S01009502,1078,841,237
S01009503,1068,865,203
S01009504,888,697,191
S01009505,920,706,214
S01009506,1215,887,328
S01009507,789,664,125
S01009508,1181,935,246
S01009509,1056,791,265
S01009510,888,784,104
S01009511,1020,886,134
S01009512,1089,966,123
S01009513,863,772,91
S01009514,960,863,97
S01009515,869,644,225
S01009516,1194,890,304
S01009517,81,56,25
S01009518,285,219,66
S01009519,777,677,100
S01009520,990,837,153
S01009521,907,656,251
S01009522,1028,787,241
S01009523,893,676,217
S01009524,782,570,212
S01009525,595,447,148
S01009526,407,361,46
S01009527,774,603,171
S01009528,739,497,242
S01009529,1164,926,238
S01009530,897,733,164
S01009531,1094,810,284
S01009532,1059,712,347
S01009533,876,580,296
S01009534,751,493,258
S01009535,899,632,267
S01009536,567,455,112
S01009537,604,444,160
S01009538,1064,744,320
S01009539,1091,811,280
S01009540,1080,803,277
S01009541,1143,886,257
S01009542,879,653,226
S01009543,849,645,204
S01009544,932,710,222
S01009545,800,612,188
S01009546,750,534,216
S01009547,828,638,190
S01009548,1015,794,221
S01009549,1066,880,186
S01009550,669,574,95
S01009551,728,600,128
S01009552,1345,1026,319
S01009553,1126,877,249
S01009554,863,682,181
S01009555,939,763,176
S01009556,1075,911,164
S01009557,1019,817,202
S01009558,752,604,148
S01009559,1303,1065,238
S01009560,861,705,156
S01009561,783,609,174
S01009562,1169,922,247
S01009563,937,699,238
S01009564,719,569,150
S01009565,640,513,127
S01009566,1098,917,181
S01009567,1076,886,190
S01009568,939,727,212
S01009569,1080,861,219
S01009570,639,500,139
S01009571,794,630,164
S01009572,1083,817,266
S01009573,754,553,201
S01009574,1058,795,263
S01009575,878,666,212
S01009576,670,575,95
S01009577,921,784,137
S01009578,1130,923,207
S01009579,321,277,44
S01009580,626,556,70
S01009581,810,661,149
S01009582,578,479,99
S01009583,853,698,155
S01009584,353,275,78
S01009585,1320,1076,244
S01009586,1145,852,293
S01009587,979,694,285
S01009588,1133,817,316
S01009589,1184,965,219
S01009590,584,434,150
S01009591,886,771,115
S01009592,840,667,173
S01009593,634,552,82
S01009594,670,630,40
S01009595,405,330,75
S01009596,1125,939,186
S01009597,1193,976,217
S01009598,778,610,168
S01009599,1306,1069,237
S01009600,1053,824,229
S01009601,938,775,163
S01009602,713,670,43
S01009603,833,706,127
S01009604,834,668,166
S01009605,1020,797,223
S01009606,280,205,75
S01009607,506,438,68
S01009608,610,473,137
S01009609,1009,823,186
S01009610,1056,827,229
S01009611,478,406,72
S01009612,569,423,146
S01009613,523,439,84
S01009614,631,508,123
S01009615,629,508,121
S01009616,1221,996,225
S01009617,766,675,91
S01009618,1013,719,294
S01009619,776,516,260
S01009620,975,664,311
S01009621,975,733,242
S01009622,953,691,262
S01009623,843,613,230
S01009624,1008,731,277
S01009625,1295,961,334
S01009626,842,612,230
S01009627,978,713,265
S01009628,645,378,267
S01009629,1228,939,289
S01009630,851,626,225
S01009631,814,583,231
S01009632,742,497,245
S01009633,747,561,186
S01009634,781,540,241
S01009635,1315,1023,292
S01009636,974,734,240
S01009637,870,649,221
S01009638,719,525,194
S01009639,1010,792,218
S01009640,749,521,228
S01009641,843,606,237
S01009642,1036,813,223
S01009643,215,150,65
S01009644,603,453,150
S01009645,920,676,244
S01009646,773,581,192
S01009647,659,446,213
S01009648,1197,938,259
S01009649,1079,824,255
S01009650,787,626,161
S01009651,968,783,185
S01009652,1132,921,211
S01009653,842,710,132
S01009654,596,474,122
S01009655,1044,785,259
S01009656,875,575,300
S01009657,935,694,241
S01009658,1024,821,203
S01009659,705,537,168
S01009660,941,722,219
S01009661,899,705,194
S01009662,849,698,151
S01009663,773,635,138
S01009664,1062,895,167
S01009665,1230,970,260
S01009666,1191,958,233
S01009667,409,348,61
S01009668,458,392,66
S01009669,594,496,98
S01009670,875,723,152
S01009671,820,696,124
S01009672,1206,969,237
S01009673,861,656,205
S01009674,1088,898,190
S01009675,960,825,135
S01009676,1463,1249,214
S01009677,683,571,112
S01009678,604,487,117
S01009679,1014,820,194
S01009680,1054,886,168
S01009681,946,628,318
S01009682,753,612,141
S01009683,895,729,166
S01009684,930,807,123
S01009685,1209,813,396
S01009686,1098,861,237
S01009687,1047,832,215
S01009688,1251,972,279
S01009689,550,419,131
S01009690,769,637,132
S01009691,606,530,76
S01009692,1183,934,249
S01009693,815,712,103
S01009694,1161,948,213
S01009695,1044,896,148
S01009696,1057,903,154
S01009697,801,651,150
S01009698,687,573,114
S01009699,733,583,150
S01009700,699,563,136
S01009701,944,766,178
S01009702,608,512,96
S01009703,991,768,223
S01009704,1297,1089,208
S01009705,785,646,139
S01009706,885,704,181
S01009707,642,540,102
S01009708,696,561,135
S01009709,865,679,186
S01009710,483,414,69
S01009711,998,759,239
S01009712,676,541,135
S01009713,904,729,175
S01009714,898,718,180
S01009715,819,664,155
S01009716,1255,1032,223
S01009717,1184,967,217
S01009718,952,753,199
S01009719,1024,838,186
S01009720,861,643,218
S01009721,842,781,61
S01009722,1117,984,133
S01009723,796,651,145
S01009724,1083,820,263
S01009725,942,825,117
S01009726,906,817,89
S01009727,1049,950,99
S01009728,827,727,100
S01009729,1039,891,148
S01009730,1011,855,156
S01009731,906,731,175
S01009732,1450,1228,222
S01009733,1067,952,115
S01009734,1809,1614,195
S01009735,823,679,144
S01009736,1641,1439,202
S01009737,781,671,110
S01009738,524,457,67
S01009739,470,434,36
S01009740,755,590,165
S01009741,963,899,64
S01009742,492,432,60
S01009743,1203,1022,181
S01009744,721,627,94
S01009745,881,756,125
S01009746,795,680,115
S01009747,947,763,184
S01009748,792,671,121
S01009749,980,789,191
S01009750,739,569,170
S01009751,1056,833,223
S01009752,835,716,119
S01009753,736,596,140
S01009754,1430,1191,239
S01009755,691,555,136
S01009756,862,737,125
S01009757,773,672,101
S01009758,1130,887,243
S01009759,1211,895,316
S01009760,1052,742,310
S01009761,1003,804,199
S01009762,976,727,249
S01009763,451,422,29
S01009764,952,747,205
S01009765,1031,814,217
S01009766,996,784,212
S01009767,801,614,187
S01009768,514,361,153
S01009769,1001,676,325
S01009770,874,784,90
S01009771,896,802,94
S01009772,799,659,140
S01009773,156,127,29
S01009774,108,104,4
S01009775,928,621,307
S01009776,1053,777,276
S01009777,673,515,158
S01009778,1141,676,465
S01009779,716,437,279
S01009780,936,685,251
S01009781,863,578,285
S01009782,542,434,108
S01009783,516,401,115
S01009784,1052,758,294
S01009785,1067,729,338
S01009786,1141,792,349
S01009787,964,642,322
S01009788,1300,832,468
S01009789,1157,742,415
S01009790,940,646,294
S01009791,810,566,244
S01009792,239,205,34
S01009793,914,718,196
S01009794,368,343,25
S01009795,855,783,72
S01009796,746,519,227
S01009797,572,485,87
S01009798,970,838,132
S01009799,1535,1084,451
S01009800,1306,937,369
S01009801,1325,959,366
S01009802,957,726,231
S01009803,893,596,297
S01009804,414,215,199
S01009805,800,546,254
S01009806,1173,776,397
S01009807,942,744,198
S01009808,1317,875,442
S01009809,1133,875,258
S01009810,920,632,288
S01009811,1263,770,493
S01009812,914,638,276
S01009813,1128,782,346
S01009814,1134,824,310
S01009815,1059,850,209
S01009816,1181,998,183
S01009817,856,619,237
S01009818,925,751,174
S01009819,1145,857,288
S01009820,1018,743,275
S01009821,862,693,169
S01009822,933,699,234
S01009823,1157,757,400
S01009824,843,578,265
S01009825,1214,843,371
S01009826,824,579,245
S01009827,900,592,308
S01009828,1283,831,452
S01009829,1241,943,298
S01009830,1007,802,205
S01009831,1264,1072,192
S01009832,1090,798,292
S01009833,660,528,132
S01009834,693,499,194
S01009835,623,391,232
S01009836,756,540,216
S01009837,805,474,331
S01009838,777,545,232
S01009839,1081,822,259
S01009840,1025,661,364
S01009841,1165,761,404
S01009842,959,654,305
S01009843,560,336,224
S01009844,730,499,231
S01009845,1046,700,346
S01009846,1050,780,270
S01009847,571,407,164
S01009848,902,603,299
S01009849,1087,639,448
S01009850,966,645,321
S01009851,1060,641,419
S01009852,582,366,216
S01009853,935,632,303
S01009854,789,535,254
S01009855,758,540,218
S01009856,584,363,221
S01009857,826,555,271
S01009858,965,650,315
S01009859,1140,683,457
S01009860,988,628,360
S01009861,1571,1091,480
S01009862,1079,736,343
S01009863,987,768,219
S01009864,973,739,234
S01009865,655,486,169
S01009866,986,681,305
S01009867,992,737,255
S01009868,1086,857,229
S01009869,1043,906,137
S01009870,1012,696,316
S01009871,1048,658,390
S01009872,884,738,146
S01009873,926,733,193
S01009874,1036,765,271
S01009875,561,425,136
S01009876,983,704,279
S01009877,843,695,148
S01009878,832,680,152
S01009879,1177,1000,177
S01009880,1160,939,221
S01009881,824,699,125
S01009882,570,445,125
S01009883,865,732,133
S01009884,961,807,154
S01009885,920,723,197
S01009886,798,636,162
S01009887,973,748,225
S01009888,821,673,148
S01009889,1132,904,228
S01009890,758,588,170
S01009891,696,477,219
S01009892,1081,795,286
S01009893,1003,781,222
S01009894,996,664,332
S01009895,932,670,262
S01009896,1258,859,399
S01009897,1275,944,331
S01009898,894,553,341
S01009899,1074,862,212
S01009900,1127,967,160
S01009901,999,843,156
S01009902,1100,735,365
S01009903,1155,916,239
S01009904,756,619,137
S01009905,718,612,106
S01009906,701,594,107
S01009907,1161,919,242
S01009908,1178,1020,158
S01009909,852,719,133
S01009910,798,699,99
S01009911,1251,1028,223
S01009912,1015,773,242
S01009913,913,810,103
S01009914,947,836,111
S01009915,908,780,128
S01009916,1224,1006,218
S01009917,816,673,143
S01009918,994,823,171
S01009919,1078,773,305
S01009920,1097,879,218
S01009921,805,690,115
S01009922,1207,1007,200
S01009923,1014,824,190
S01009924,1084,938,146
S01009925,1138,1005,133
S01009926,906,762,144
S01009927,553,432,121
S01009928,752,569,183
S01009929,578,492,86
S01009930,976,804,172
S01009931,839,746,93
S01009932,811,661,150
S01009933,1212,830,382
S01009934,889,738,151
S01009935,687,378,309
S01009936,1167,841,326
S01009937,776,464,312
S01009938,1057,642,415
S01009939,1121,815,306
S01009940,926,578,348
S01009941,1176,1014,162
S01009942,1119,807,312
S01009943,1332,910,422
S01009944,1053,795,258
S01009945,1137,784,353
S01009946,1008,698,310
S01009947,928,709,219
S01009948,1247,923,324
S01009949,1041,789,252
S01009950,788,682,106
S01009951,931,837,94
S01009952,1106,915,191
S01009953,1212,1010,202
S01009954,838,695,143
S01009955,1167,877,290
S01009956,887,639,248
S01009957,1372,1188,184
S01009958,1276,1126,150
S01009959,895,745,150
S01009960,1206,992,214
S01009961,722,567,155
S01009962,999,807,192
S01009963,1274,1090,184
S01009964,1240,1010,230
S01009965,1028,897,131
S01009966,1262,1089,173
S01009967,1046,868,178
S01009968,661,552,109
S01009969,1277,970,307
S01009970,1117,715,402
S01009971,1042,689,353
S01009972,761,510,251
S01009973,300,203,97
S01009974,927,606,321
S01009975,835,529,306
S01009976,749,534,215
S01009977,889,527,362
S01009978,906,682,224
S01009979,806,544,262
S01009980,527,323,204
S01009981,787,561,226
S01009982,692,511,181
S01009983,680,484,196
S01009984,988,757,231
S01009985,652,474,178
S01009986,693,471,222
S01009987,850,543,307
S01009988,671,374,297
S01009989,1108,882,226
S01009990,1045,872,173
S01009991,1030,878,152
S01009992,1057,684,373
S01009993,859,766,93
S01009994,763,651,112
S01009995,679,586,93
S01009996,925,769,156
S01009997,707,607,100
S01009998,968,811,157
S01009999,951,807,144
S01010000,981,871,110
S01010001,798,661,137
S01010002,1474,1242,232
S01010003,1044,921,123
S01010004,963,815,148
S01010005,980,741,239
S01010006,1210,896,314
S01010007,952,819,133
S01010008,562,426,136
S01010009,699,572,127
S01010010,1509,1243,266
S01010011,831,578,253
S01010012,1711,1456,255
S01010013,1018,811,207
S01010014,1306,1048,258
S01010015,892,774,118
S01010016,777,525,252
S01010017,988,722,266
S01010018,977,633,344
S01010019,1241,820,421
S01010020,1014,727,287
S01010021,783,528,255
S01010022,298,166,132
S01010023,950,540,410
S01010024,626,441,185
S01010025,696,425,271
S01010026,783,474,309
S01010027,970,731,239
S01010028,478,275,203
S01010029,619,389,230
S01010030,458,334,124
S01010031,597,525,72
S01010032,481,369,112
S01010033,926,625,301
S01010034,1012,640,372
S01010035,650,443,207
S01010036,367,330,37
S01010037,1016,556,460
S01010038,1272,781,491
S01010039,510,408,102
S01010040,539,404,135
S01010041,780,558,222
S01010042,526,382,144
S01010043,975,707,268
S01010044,1156,739,417
S01010045,875,551,324
S01010046,1101,712,389
S01010047,1115,680,435
S01010048,1223,701,522
S01010049,891,548,343
S01010050,822,492,330
S01010051,797,472,325
S01010052,598,365,233
S01010053,542,330,212
S01010054,788,531,257
S01010055,1161,772,389
S01010056,530,381,149
S01010057,452,298,154
S01010058,964,707,257
S01010059,706,551,155
S01010060,986,663,323
S01010061,450,297,153
S01010062,812,517,295
S01010063,1197,801,396
S01010064,833,640,193
S01010065,927,578,349
S01010066,792,576,216
S01010067,946,672,274
S01010068,363,170,193
S01010069,1119,873,246
S01010070,752,661,91
S01010071,921,661,260
S01010072,1129,762,367
S01010073,1071,745,326
S01010074,1104,797,307
S01010075,919,610,309
S01010076,969,710,259
S01010077,819,559,260
S01010078,779,660,119
S01010079,1017,845,172
S01010080,914,731,183
S01010081,1262,1044,218
S01010082,727,569,158
S01010083,1144,791,353
S01010084,1210,799,411
S01010085,1310,1005,305
S01010086,1125,730,395
S01010087,697,570,127
S01010088,252,203,49
S01010089,916,582,334
S01010090,1096,849,247
S01010091,747,606,141
S01010092,1176,740,436
S01010093,937,732,205
S01010094,1352,1081,271
S01010095,1345,1165,180
S01010096,862,735,127
S01010097,784,642,142
S01010098,784,663,121
S01010099,1070,907,163
S01010100,1030,816,214
S01010101,1200,927,273
S01010102,784,716,68
S01010103,902,822,80
S01010104,846,751,95
S01010105,902,627,275
S01010106,758,585,173
S01010107,1073,815,258
S01010108,838,602,236
S01010109,1199,818,381
S01010110,1194,767,427
S01010111,1197,853,344
S01010112,918,673,245
S01010113,611,461,150
S01010114,739,487,252
S01010115,731,627,104
S01010116,905,764,141
S01010117,245,191,54
S01010118,818,587,231
S01010119,328,218,110
S01010120,878,688,190
S01010121,699,531,168
S01010122,625,445,180
S01010123,611,441,170
S01010124,795,688,107
S01010125,560,396,164
S01010126,701,565,136
S01010127,552,337,215
S01010128,822,603,219
S01010129,870,597,273
S01010130,824,554,270
S01010131,1214,897,317
S01010132,1027,658,369
S01010133,1003,621,382
S01010134,1345,913,432
S01010135,1203,724,479
S01010136,1071,755,316
S01010137,1294,778,516
S01010138,1069,590,479
S01010139,1196,781,415
S01010140,1039,845,194
S01010141,1206,746,460
S01010142,709,524,185
S01010143,832,460,372
S01010144,778,589,189
S01010145,709,507,202
S01010146,1160,856,304
S01010147,947,632,315
S01010148,921,523,398
S01010149,452,236,216
S01010150,1055,554,501
S01010151,1071,602,469
S01010152,851,553,298
S01010153,1049,610,439
S01010154,1122,598,524
S01010155,748,413,335
S01010156,700,402,298
S01010157,885,652,233
S01010158,954,599,355
S01010159,789,487,302
S01010160,646,385,261
S01010161,910,716,194
S01010162,1024,712,312
S01010163,853,585,268
S01010164,858,591,267
S01010165,650,434,216
S01010166,1130,754,376
S01010167,950,585,365
S01010168,505,331,174
S01010169,915,721,194
S01010170,1000,690,310
S01010171,1003,684,319
S01010172,718,372,346
S01010173,1173,793,380
S01010174,1219,859,360
S01010175,500,367,133
S01010176,1034,616,418
S01010177,720,520,200
S01010178,885,651,234
S01010179,1245,841,404
S01010180,462,317,145
S01010181,1161,793,368
S01010182,1185,944,241
S01010183,824,540,284
S01010184,670,445,225
S01010185,762,535,227
S01010186,713,618,95
S01010187,863,707,156
S01010188,1207,967,240
S01010189,874,811,63
S01010190,277,188,89
S01010191,752,691,61
S01010192,872,796,76
S01010193,1008,819,189
S01010194,798,522,276
S01010195,1001,682,319
S01010196,829,539,290
S01010197,949,665,284
S01010198,1241,775,466
S01010199,697,502,195
S01010200,725,480,245
S01010201,799,529,270
S01010202,785,588,197
S01010203,698,626,72
S01010204,1159,864,295
S01010205,745,508,237
S01010206,516,348,168
S01010207,673,519,154
S01010208,1091,850,241
S01010209,960,699,261
S01010210,1054,710,344
S01010211,924,587,337
S01010212,1095,691,404
S01010213,1085,676,409
S01010214,1072,848,224
S01010215,961,530,431
S01010216,1008,661,347
S01010217,969,690,279
S01010218,1127,816,311
S01010219,820,589,231
S01010220,313,237,76
S01010221,498,334,164
S01010222,729,547,182
S01010223,716,498,218
S01010224,1099,739,360
S01010225,734,543,191
S01010226,815,545,270
S01010227,1047,752,295
S01010228,691,363,328
S01010229,975,723,252
S01010230,1226,791,435
S01010231,731,458,273
S01010232,718,548,170
S01010233,1526,1066,460
S01010234,921,661,260
S01010235,184,59,125
S01010236,775,613,162
S01010237,1052,834,218
S01010238,1008,755,253
S01010239,1026,634,392
S01010240,1213,861,352
S01010241,1001,715,286
S01010242,1196,859,337
S01010243,1375,1012,363
S01010244,990,648,342
S01010245,1022,624,398
S01010246,1125,769,356
S01010247,879,648,231
S01010248,969,803,166
S01010249,1093,856,237
S01010250,934,761,173
S01010251,254,217,37
S01010252,585,444,141
S01010253,812,518,294
S01010254,985,656,329
S01010255,881,564,317
S01010256,1124,779,345
S01010257,1622,1401,221
S01010258,1048,967,81
S01010259,1761,1319,442
S01010260,1368,1228,140
S01010261,2195,1528,667
S01010262,1182,686,496
S01010263,636,572,64
S01010264,733,522,211
S01010265,393,344,49
S01010266,809,677,132
S01010267,741,690,51
S01010268,1031,867,164
S01010269,956,721,235
S01010270,1152,529,623
S01010271,752,633,119
S01010272,355,184,171
S01010273,276,232,44
S01010274,244,222,22
S01010275,310,267,43
S01010276,120,107,13
S01010277,584,336,248
S01010278,1326,973,353
S01010279,632,507,125
S01010280,861,721,140
S01010281,552,485,67
S01010282,1037,787,250
S01010283,755,649,106
S01010284,1225,1046,179
S01010285,1193,1028,165
S01010286,1407,1235,172
S01010287,1353,1157,196
S01010288,1067,951,116
S01010289,272,250,22
S01010290,774,633,141
S01010291,1049,872,177
S01010292,1303,1173,130
S01010293,807,689,118
S01010294,1075,967,108
S01010295,924,844,80
S01010296,860,703,157
S01010297,916,650,266
S01010298,1018,588,430
S01010299,621,423,198
S01010300,1451,1127,324
S01010301,528,496,32
S01010302,800,482,318
S01010303,635,474,161
S01010304,778,536,242
S01010305,1101,745,356
S01010306,752,625,127
S01010307,866,763,103
S01010308,895,799,96
S01010309,702,416,286
S01010310,837,591,246
S01010311,968,618,350
S01010312,744,515,229
S01010313,1239,772,467
S01010314,1151,703,448
S01010315,612,431,181
S01010316,611,430,181
S01010317,1279,1081,198
S01010318,1489,1318,171
S01010319,761,515,246
S01010320,696,464,232
S01010321,1142,763,379
S01010322,1262,1088,174
S01010323,632,342,290
S01010324,1013,596,417
S01010325,1044,567,477
S01010326,924,599,325
S01010327,825,528,297
S01010328,768,453,315
S01010329,523,343,180
S01010330,809,555,254
S01010331,1386,797,589
S01010332,1152,765,387
S01010333,961,586,375
S01010334,1003,581,422
S01010335,1218,750,468
S01010336,904,646,258
S01010337,1067,676,391
S01010338,1025,700,325
S01010339,1075,717,358
S01010340,904,626,278
S01010341,877,690,187
S01010342,884,729,155
S01010343,1153,1003,150
S01010344,1040,677,363
S01010345,274,203,71
S01010346,1202,999,203
S01010347,958,713,245
S01010348,1146,784,362
S01010349,1214,876,338
S01010350,1286,911,375
S01010351,750,520,230
S01010352,848,603,245
S01010353,1087,724,363
S01010354,633,430,203
S01010355,1125,767,358
S01010356,586,502,84
S01010357,672,439,233
S01010358,939,561,378
S01010359,1333,756,577
S01010360,670,472,198
S01010361,591,358,233
S01010362,974,659,315
S01010363,763,609,154
S01010364,1208,1009,199
S01010365,1219,964,255
S01010366,1318,1102,216
S01010367,1372,1227,145
S01010368,914,748,166
S01010369,849,707,142
S01010370,818,750,68
S01010371,1145,1025,120
S01010372,964,841,123
S01010373,776,645,131
S01010374,908,816,92
S01010375,921,811,110
S01010376,940,837,103
S01010377,839,756,83
S01010378,928,823,105
S01010379,1315,1165,150
S01010380,1104,922,182
S01010381,541,422,119
S01010382,915,781,134
S01010383,831,609,222
S01010384,1270,1037,233
S01010385,925,707,218
S01010386,963,727,236
S01010387,1261,1010,251
S01010388,939,728,211
S01010389,85,65,20
S01010390,1166,998,168
S01010391,1088,943,145
S01010392,211,159,52
S01010393,1390,1115,275
S01010394,943,662,281
S01010395,1138,915,223
S01010396,1001,777,224
S01010397,845,727,118
S01010398,974,818,156
S01010399,1454,1353,101
S01010400,979,876,103
S01010401,783,649,134
S01010402,1187,1052,135
S01010403,1084,970,114
S01010404,1267,1113,154
S01010405,1203,1090,113
S01010406,902,804,98
S01010407,1107,1010,97
S01010408,693,520,173
S01010409,1160,980,180
S01010410,556,502,54
S01010411,1502,1353,149
S01010412,997,694,303
S01010413,801,623,178
S01010414,1166,958,208
S01010415,1148,782,366
S01010416,604,511,93
S01010417,551,469,82
S01010418,1209,1013,196
S01010419,1548,1281,267
S01010420,1189,1011,178
S01010421,910,786,124
S01010422,1140,943,197
S01010423,918,647,271
S01010424,760,522,238
S01010425,979,767,212
S01010426,1111,903,208
S01010427,1173,796,377
S01010428,1624,1229,395
S01010429,897,789,108
S01010430,1064,735,329
S01010431,1051,881,170
S01010432,897,679,218
S01010433,855,630,225
S01010434,904,651,253
S01010435,767,538,229
S01010436,795,552,243
S01010437,540,371,169
S01010438,724,559,165
S01010439,953,740,213
S01010440,1180,719,461
S01010441,578,494,84
S01010442,783,634,149
S01010443,786,543,243
S01010444,699,445,254
S01010445,1118,670,448
S01010446,915,700,215
S01010447,1190,830,360
S01010448,1094,778,316
S01010449,1017,628,389
S01010450,955,631,324
S01010451,1084,711,373
S01010452,885,556,329
S01010453,1132,770,362
S01010454,1161,734,427
S01010455,961,539,422
S01010456,661,403,258
S01010457,992,641,351
S01010458,828,524,304
S01010459,810,502,308
S01010460,286,213,73
S01010461,1060,705,355
S01010462,895,648,247
S01010463,770,539,231
S01010464,663,468,195
S01010465,889,776,113
S01010466,1246,1071,175
S01010467,1008,772,236
S01010468,1034,906,128
S01010469,869,654,215
S01010470,907,517,390
S01010471,1001,630,371
S01010472,515,401,114
S01010473,1094,919,175
S01010474,1085,838,247
S01010475,451,356,95
S01010476,745,505,240
S01010477,906,610,296
S01010478,1380,871,509
S01010479,1023,677,346
S01010480,835,573,262
S01010481,836,596,240
S01010482,976,657,319
S01010483,1178,781,397
S01010484,1062,799,263
S01010485,982,723,259
S01010486,1252,1050,202
S01010487,1047,701,346
S01010488,1353,979,374
S01010489,1287,859,428
S01010490,957,732,225
S01010491,972,705,267
S01010492,917,659,258
S01010493,855,627,228
S01010494,871,634,237
S01010495,1089,777,312
S01010496,1382,853,529
S01010497,696,520,176
S01010498,1312,864,448
S01010499,1151,697,454
S01010500,943,732,211
S01010501,784,527,257
S01010502,810,673,137
S01010503,980,679,301
S01010504,528,458,70
S01010505,607,499,108
S01010506,855,708,147
S01010507,980,840,140
S01010508,1048,877,171
S01010509,1207,1012,195
S01010510,1493,1210,283
S01010511,1193,931,262
S01010512,920,752,168
S01010513,799,685,114
S01010514,943,786,157
S01010515,937,756,181
S01010516,613,499,114
S01010517,948,761,187
S01010518,892,786,106
S01010519,928,800,128
S01010520,980,798,182
S01010521,957,767,190
S01010522,655,504,151
S01010523,964,762,202
S01010524,606,511,95
S01010525,701,574,127
S01010526,858,685,173
S01010527,1285,980,305
S01010528,689,555,134
S01010529,830,694,136
S01010530,677,555,122
S01010531,982,804,178
S01010532,899,735,164
S01010533,878,678,200
S01010534,1030,879,151
S01010535,557,484,73
S01010536,1162,967,195
S01010537,1297,1096,201
S01010538,368,320,48
S01010539,851,741,110
S01010540,615,508,107
S01010541,758,683,75
S01010542,853,705,148
S01010543,574,452,122
S01010544,1240,1014,226
S01010545,611,482,129
S01010546,883,681,202
S01010547,678,569,109
S01010548,413,351,62
S01010549,315,270,45
S01010550,658,562,96
S01010551,722,618,104
S01010552,905,767,138
S01010553,560,486,74
S01010554,708,568,140
S01010555,934,738,196
S01010556,1101,834,267
S01010557,793,678,115
S01010558,560,461,99
S01010559,762,562,200
S01010560,652,540,112
S01010561,931,754,177
S01010562,1057,888,169
S01010563,842,683,159
S01010564,678,531,147
S01010565,974,810,164
S01010566,742,648,94
S01010567,1115,919,196
S01010568,1202,1014,188
S01010569,989,863,126
S01010570,1482,1232,250
S01010571,923,822,101
S01010572,1005,870,135
S01010573,722,606,116
S01010574,570,501,69
S01010575,876,759,117
S01010576,872,745,127
S01010577,917,707,210
S01010578,623,527,96
S01010579,781,690,91
S01010580,589,494,95
S01010581,894,794,100
S01010582,403,353,50
S01010583,846,762,84
S01010584,269,227,42
S01010585,200,189,11
S01010586,681,596,85
S01010587,876,754,122
S01010588,572,478,94
S01010589,752,628,124
S01010590,362,334,28
S01010591,121,112,9
S01010592,400,360,40
S01010593,560,504,56
S01010594,208,177,31
S01010595,190,167,23
S01010596,884,775,109
S01010597,324,294,30
S01010598,439,397,42
S01010599,351,314,37
S01010600,873,760,113
S01010601,777,603,174
S01010602,554,493,61
S01010603,830,725,105
S01010604,898,790,108
S01010605,1022,862,160
S01010606,1008,810,198
S01010607,1020,854,166
S01010608,770,627,143
S01010609,618,535,83
S01010610,810,638,172
S01010611,1248,1033,215
S01010612,765,631,134
S01010613,797,598,199
S01010614,709,559,150
S01010615,831,718,113
S01010616,1228,1086,142
S01010617,1050,925,125
S01010618,1115,1016,99
S01010619,704,589,115
S01010620,363,280,83
S01010621,1041,850,191
S01010622,674,519,155
S01010623,940,849,91
S01010624,824,696,128
S01010625,773,616,157
S01010626,980,765,215
S01010627,946,742,204
S01010628,1175,968,207
S01010629,1245,954,291
S01010630,747,583,164
S01010631,753,553,200
S01010632,898,646,252
S01010633,926,695,231
S01010634,665,511,154
S01010635,830,632,198
S01010636,934,745,189
S01010637,829,620,209
S01010638,917,639,278
S01010639,1105,836,269
S01010640,754,610,144
S01010641,1079,767,312
S01010642,1062,841,221
S01010643,730,570,160
S01010644,839,598,241
S01010645,764,686,78
S01010646,838,741,97
S01010647,712,567,145
S01010648,994,808,186
S01010649,785,663,122
S01010650,597,394,203
S01010651,768,623,145
S01010652,723,629,94
S01010653,763,681,82
S01010654,837,661,176
S01010655,841,691,150
S01010656,619,504,115
S01010657,768,657,111
S01010658,938,649,289
S01010659,657,565,92
S01010660,697,569,128
S01010661,741,621,120
S01010662,716,600,116
S01010663,1088,909,179
S01010664,591,506,85
S01010665,835,703,132
S01010666,1082,881,201
S01010667,662,570,92
S01010668,1139,904,235
S01010669,592,508,84
S01010670,952,807,145
S01010671,786,662,124
S01010672,1424,1198,226
S01010673,1076,855,221
S01010674,1084,870,214
S01010675,882,710,172
S01010676,1026,684,342
S01010677,491,419,72
S01010678,905,751,154
S01010679,1454,1152,302
S01010680,826,667,159
S01010681,937,750,187
S01010682,1094,902,192
S01010683,891,701,190
S01010684,1075,859,216
S01010685,740,559,181
S01010686,644,513,131
S01010687,1032,827,205
S01010688,826,675,151
S01010689,1037,827,210
S01010690,870,697,173
S01010691,820,668,152
S01010692,629,533,96
S01010693,430,356,74
S01010694,803,616,187
S01010695,693,560,133
S01010696,978,814,164
S01010697,978,816,162
S01010698,638,512,126
S01010699,526,451,75
S01010700,574,507,67
S01010701,1242,1068,174
S01010702,1004,810,194
S01010703,844,723,121
S01010704,1105,880,225
S01010705,982,808,174
S01010706,545,425,120
S01010707,669,551,118
S01010708,1051,892,159
S01010709,909,771,138
S01010710,949,786,163
S01010711,634,544,90
S01010712,784,667,117
S01010713,1028,876,152
S01010714,812,603,209
S01010715,850,679,171
S01010716,807,659,148
S01010717,1051,906,145
S01010718,805,688,117
S01010719,829,644,185
S01010720,802,624,178
S01010721,773,629,144
S01010722,1057,867,190
S01010723,976,848,128
S01010724,759,631,128
S01010725,755,645,110
S01010726,1055,880,175
S01010727,629,535,94
S01010728,749,643,106
S01010729,817,713,104
S01010730,775,655,120
S01010731,886,695,191
S01010732,890,688,202
S01010733,926,681,245
S01010734,938,707,231
S01010735,884,717,167
S01010736,364,299,65
S01010737,775,545,230
S01010738,927,725,202
S01010739,746,592,154
S01010740,742,573,169
S01010741,690,538,152
S01010742,797,628,169
S01010743,944,749,195
S01010744,1201,988,213
S01010745,655,489,166
S01010746,898,734,164
S01010747,1015,780,235
S01010748,511,418,93
S01010749,675,556,119
S01010750,589,464,125
S01010751,1067,837,230
S01010752,1070,854,216
S01010753,1135,932,203
S01010754,941,757,184
S01010755,868,682,186
S01010756,878,751,127
S01010757,832,666,166
S01010758,546,419,127
S01010759,665,544,121
S01010760,751,563,188
S01010761,524,442,82
S01010762,594,474,120
S01010763,951,772,179
S01010764,543,415,128
S01010765,1145,905,240
S01010766,762,596,166
S01010767,575,453,122
S01010768,708,545,163
S01010769,459,373,86
S01010770,890,697,193
S01010771,1003,740,263
S01010772,775,592,183
S01010773,632,491,141
S01010774,1220,944,276
S01010775,558,457,101
S01010776,824,631,193
S01010777,610,468,142
S01010778,804,635,169
S01010779,840,656,184
S01010780,675,536,139
S01010781,918,781,137
S01010782,654,485,169
S01010783,942,757,185
S01010784,1293,1068,225
S01010785,869,740,129
S01010786,546,442,104
S01010787,800,635,165
S01010788,593,490,103
S01010789,823,682,141
S01010790,780,635,145
S01010791,909,740,169
S01010792,1121,961,160
S01010793,512,430,82
S01010794,358,301,57
S01010795,1202,1020,182
S01010796,1225,1051,174
S01010797,518,443,75
S01010798,652,541,111
S01010799,988,753,235
S01010800,895,754,141
S01010801,854,683,171
S01010802,661,577,84
S01010803,584,473,111
S01010804,839,710,129
S01010805,1245,1092,153
S01010806,938,780,158
S01010807,549,448,101
S01010808,576,493,83
S01010809,767,621,146
S01010810,525,413,112
S01010811,928,727,201
S01010812,506,400,106
S01010813,876,701,175
S01010814,753,607,146
S01010815,683,568,115
S01010816,771,636,135
S01010817,1260,1080,180
S01010818,1306,1085,221
S01010819,930,718,212
S01010820,1202,900,302
S01010821,865,734,131
S01010822,543,364,179
S01010823,560,338,222
S01010824,629,586,43
S01010825,964,712,252
S01010826,729,610,119
S01010827,697,598,99
S01010828,1218,1112,106
S01010829,788,643,145
S01010830,603,521,82
S01010831,344,328,16
S01010832,805,725,80
S01010833,874,769,105
S01010834,1300,1111,189
S01010835,790,665,125
S01010836,976,798,178
S01010837,960,789,171
S01010838,1153,901,252
S01010839,924,717,207
S01010840,671,534,137
S01010841,1127,872,255
S01010842,988,646,342
S01010843,752,500,252
S01010844,863,696,167
S01010845,630,509,121
S01010846,976,800,176
S01010847,872,782,90
S01010848,1093,860,233
S01010849,1016,774,242
S01010850,1021,784,237
S01010851,1093,871,222
S01010852,921,703,218
S01010853,1075,822,253
S01010854,657,506,151
S01010855,564,424,140
S01010856,858,593,265
S01010857,959,818,141
S01010858,1158,847,311
S01010859,984,766,218
S01010860,909,717,192
S01010861,902,644,258
S01010862,759,567,192
S01010863,882,700,182
S01010864,686,603,83
S01010865,720,595,125
S01010866,932,671,261
S01010867,829,662,167
S01010868,874,602,272
S01010869,1187,1045,142
S01010870,817,619,198
S01010871,801,652,149
S01010872,818,663,155
S01010873,786,512,274
S01010874,952,817,135
S01010875,635,552,83
S01010876,697,588,109
S01010877,1253,1061,192
S01010878,1234,884,350
S01010879,1085,899,186
S01010880,675,538,137
S01010881,865,635,230
S01010882,953,723,230
S01010883,1157,948,209
S01010884,1227,897,330
S01010885,1490,1127,363
S01010886,850,678,172
S01010887,641,423,218
S01010888,1007,760,247
S01010889,851,655,196
S01010890,853,435,418
S01010891,546,307,239
S01010892,748,446,302
S01010893,754,469,285
S01010894,488,335,153
S01010895,561,395,166
S01010896,1064,719,345
S01010897,704,524,180
S01010898,1239,890,349
S01010899,738,613,125
S01010900,999,800,199
S01010901,529,398,131
S01010902,932,673,259
S01010903,708,427,281
S01010904,585,447,138
S01010905,481,379,102
S01010906,830,686,144
S01010907,87,76,11
S01010908,676,492,184
S01010909,987,700,287
S01010910,826,611,215
S01010911,871,484,387
S01010912,838,549,289
S01010913,661,552,109
S01010914,1070,807,263
S01010915,1060,897,163
S01010916,845,621,224
S01010917,837,574,263
S01010918,1303,963,340
S01010919,958,724,234
S01010920,800,575,225
S01010921,824,612,212
S01010922,1024,741,283
S01010923,1206,902,304
S01010924,755,575,180
S01010925,853,618,235
S01010926,1000,747,253
S01010927,990,723,267
S01010928,856,636,220
S01010929,1076,816,260
S01010930,626,557,69
S01010931,461,396,65
S01010932,1037,805,232
S01010933,345,267,78
S01010934,1053,934,119
S01010935,778,611,167
S01010936,642,474,168
S01010937,842,732,110
S01010938,953,714,239
S01010939,792,677,115
S01010940,741,646,95
S01010941,1390,1268,122
S01010942,712,650,62
S01010943,876,726,150
S01010944,896,695,201
S01010945,600,516,84
S01010946,1145,922,223
S01010947,870,725,145
S01010948,710,586,124
S01010949,1168,1004,164
S01010950,888,733,155
S01010951,811,686,125
S01010952,841,738,103
S01010953,727,621,106
S01010954,891,768,123
S01010955,757,640,117
S01010956,831,736,95
S01010957,654,587,67
S01010958,670,552,118
S01010959,687,575,112
S01010960,1360,1118,242
S01010961,1220,967,253
S01010962,685,490,195
S01010963,1017,843,174
S01010964,561,455,106
S01010965,1106,832,274
S01010966,922,707,215
S01010967,930,729,201
S01010968,920,748,172
S01010969,844,630,214
S01010970,1483,1086,397
S01010971,1809,1445,364
S01010972,692,545,147
S01010973,661,541,120
S01010974,1142,862,280
S01010975,671,515,156
S01010976,798,595,203
S01010977,760,593,167
S01010978,944,727,217
S01010979,881,678,203
S01010980,863,691,172
S01010981,794,617,177
S01010982,1546,1150,396
S01010983,1221,981,240
S01010984,1145,959,186
S01010985,845,655,190
S01010986,460,423,37
S01010987,425,387,38
S01010988,614,584,30
S01010989,342,281,61
S01010990,739,587,152
S01010991,751,634,117
S01010992,508,406,102
S01010993,732,626,106
S01010994,1307,1080,227
S01010995,944,845,99
S01010996,845,758,87
S01010997,1058,917,141
S01010998,1038,886,152
S01010999,786,652,134
S01011000,1217,896,321
S01011001,703,536,167
S01011002,766,585,181
S01011003,851,657,194
S01011004,866,734,132
S01011005,815,623,192
S01011006,603,479,124
S01011007,975,758,217
S01011008,1003,801,202
S01011009,747,599,148
S01011010,952,674,278
S01011011,836,573,263
S01011012,1274,984,290
S01011013,939,680,259
S01011014,983,795,188
S01011015,616,493,123
S01011016,370,331,39
S01011017,809,701,108
S01011018,1515,1256,259
S01011019,937,770,167
S01011020,375,317,58
S01011021,866,636,230
S01011022,793,629,164
S01011023,863,625,238
S01011024,1312,1025,287
S01011025,828,687,141
S01011026,631,527,104
S01011027,1180,901,279
S01011028,872,688,184
S01011029,809,649,160
S01011030,1000,881,119
S01011031,734,558,176
S01011032,986,758,228
S01011033,685,524,161
S01011034,777,542,235
S01011035,719,571,148
S01011036,926,728,198
S01011037,902,682,220
S01011038,1060,819,241
S01011039,859,667,192
S01011040,1047,817,230
S01011041,735,548,187
S01011042,722,645,77
S01011043,1045,823,222
S01011044,841,649,192
S01011045,725,605,120
S01011046,623,537,86
S01011047,1071,909,162
S01011048,1122,902,220
S01011049,819,675,144
S01011050,823,711,112
S01011051,859,698,161
S01011052,1098,926,172
S01011053,678,562,116
S01011054,620,520,100
S01011055,562,466,96
S01011056,580,483,97
S01011057,678,562,116
S01011058,552,450,102
S01011059,693,597,96
S01011060,1227,993,234
S01011061,1061,896,165
S01011062,1366,1106,260
S01011063,1049,834,215
S01011064,1286,1066,220
S01011065,838,665,173
S01011066,633,522,111
S01011067,994,770,224
S01011068,762,613,149
S01011069,668,546,122
S01011070,829,685,144
S01011071,911,735,176
S01011072,829,685,144
S01011073,700,603,97
S01011074,667,551,116
S01011075,935,733,202
S01011076,1092,828,264
S01011077,1073,895,178
S01011078,1016,819,197
S01011079,1235,1026,209
S01011080,1135,906,229
S01011081,918,754,164
S01011082,810,580,230
S01011083,1074,842,232
S01011084,771,632,139
S01011085,872,738,134
S01011086,646,532,114
S01011087,901,752,149
S01011088,1173,997,176
S01011089,862,682,180
S01011090,709,595,114
S01011091,648,553,95
S01011092,383,356,27
S01011093,887,795,92
S01011094,517,414,103
S01011095,905,784,121
S01011096,1006,920,86
S01011097,737,635,102
S01011098,938,779,159
S01011099,929,800,129
S01011100,569,447,122
S01011101,846,707,139
S01011102,820,686,134
S01011103,765,519,246
S01011104,716,501,215
S01011105,763,636,127
S01011106,774,723,51
S01011107,316,271,45
S01011108,772,661,111
S01011109,827,724,103
S01011110,1021,859,162
S01011111,1218,1012,206
S01011112,162,134,28
S01011113,1090,849,241
S01011114,1144,1004,140
S01011115,960,784,176
S01011116,932,817,115
S01011117,913,781,132
S01011118,901,752,149
S01011119,817,650,167
S01011120,1114,955,159
S01011121,660,515,145
S01011122,809,674,135
S01011123,1206,977,229
S01011124,367,304,63
S01011125,467,405,62
S01011126,769,677,92
S01011127,535,508,27
S01011128,1124,929,195
S01011129,879,704,175
S01011130,752,602,150
S01011131,682,572,110
S01011132,793,653,140
S01011133,618,531,87
S01011134,831,659,172
S01011135,989,796,193
S01011136,553,422,131
S01011137,622,529,93
S01011138,547,465,82
S01011139,801,738,63
S01011140,577,468,109
S01011141,1508,1347,161
S01011142,1690,1551,139
S01011143,1209,1028,181
S01011144,855,700,155
S01011145,828,708,120
S01011146,629,525,104
S01011147,1196,987,209
S01011148,751,647,104
S01011149,796,758,38
S01011150,1359,1307,52
S01011151,910,810,100
S01011152,885,735,150
S01011153,862,689,173
S01011154,625,462,163
S01011155,729,551,178
S01011156,929,771,158
S01011157,712,628,84
S01011158,633,530,103
S01011159,616,462,154
S01011160,921,806,115
S01011161,655,585,70
S01011162,802,708,94
S01011163,1048,869,179
S01011164,708,591,117
S01011165,884,705,179
S01011166,681,577,104
S01011167,1031,858,173
S01011168,865,735,130
S01011169,242,219,23
S01011170,796,668,128
S01011171,1073,901,172
S01011172,800,667,133
S01011173,872,666,206
S01011174,1032,811,221
S01011175,834,620,214
S01011176,738,577,161
S01011177,1141,903,238
S01011178,786,661,125
S01011179,689,540,149
S01011180,881,670,211
S01011181,695,562,133
S01011182,515,449,66
S01011183,795,681,114
S01011184,775,703,72
S01011185,825,705,120
S01011186,1176,887,289
S01011187,924,789,135
S01011188,1159,922,237
S01011189,880,700,180
S01011190,987,719,268
S01011191,824,637,187
S01011192,971,844,127
S01011193,1037,859,178
S01011194,761,636,125
S01011195,1049,874,175
S01011196,1119,893,226
S01011197,931,769,162
S01011198,830,686,144
S01011199,816,664,152
S01011200,971,811,160
S01011201,609,481,128
S01011202,1006,790,216
S01011203,1331,1069,262
S01011204,593,501,92
S01011205,205,175,30
S01011206,669,591,78
S01011207,1117,928,189
S01011208,958,874,84
S01011209,724,596,128
S01011210,677,588,89
S01011211,1019,888,131
S01011212,741,607,134
S01011213,1082,845,237
S01011214,1127,832,295
S01011215,852,643,209
S01011216,1041,751,290
S01011217,1261,959,302
S01011218,971,715,256
S01011219,1045,773,272
S01011220,1015,782,233
S01011221,1106,879,227
S01011222,681,496,185
S01011223,972,758,214
S01011224,687,451,236
S01011225,1065,810,255
S01011226,981,755,226
S01011227,847,681,166
S01011228,1200,923,277
S01011229,823,607,216
S01011230,1382,943,439
S01011231,1027,668,359
S01011232,787,611,176
S01011233,773,590,183
S01011234,1180,871,309
S01011235,519,366,153
S01011236,628,432,196
S01011237,1008,754,254
S01011238,736,528,208
S01011239,1004,661,343
S01011240,1068,632,436
S01011241,958,686,272
S01011242,1064,801,263
S01011243,833,542,291
S01011244,714,516,198
S01011245,928,659,269
S01011246,677,504,173
S01011247,918,705,213
S01011248,978,803,175
S01011249,867,742,125
S01011250,1092,874,218
S01011251,871,634,237
S01011252,846,670,176
S01011253,1015,752,263
S01011254,1305,1133,172
S01011255,176,167,9
S01011256,172,161,11
S01011257,553,446,107
S01011258,767,619,148
S01011259,851,641,210
S01011260,756,572,184
S01011261,975,729,246
S01011262,701,510,191
S01011263,769,506,263
S01011264,686,555,131
S01011265,1082,850,232
S01011266,968,718,250
S01011267,697,543,154
S01011268,552,425,127
S01011269,570,400,170
S01011270,808,551,257
S01011271,968,734,234
S01011272,737,501,236
S01011273,1279,1008,271
S01011274,1038,773,265
S01011275,916,713,203
S01011276,1068,833,235
S01011277,753,669,84
S01011278,720,650,70
S01011279,757,644,113
S01011280,747,668,79
S01011281,790,722,68
S01011282,796,698,98
S01011283,543,489,54
S01011284,451,405,46
S01011285,1194,894,300
S01011286,754,582,172
S01011287,977,738,239
S01011288,1107,912,195
S01011289,895,680,215
S01011290,1369,979,390
S01011291,1052,804,248
S01011292,715,500,215
S01011293,940,669,271
S01011294,979,603,376
S01011295,973,758,215
S01011296,732,516,216
S01011297,1024,809,215
S01011298,1271,1057,214
S01011299,501,420,81
S01011300,1045,832,213
S01011301,650,562,88
S01011302,1012,698,314
S01011303,1203,1024,179
S01011304,1078,893,185
S01011305,569,440,129
S01011306,635,516,119
S01011307,987,813,174
S01011308,589,470,119
S01011309,884,736,148
S01011310,763,609,154
S01011311,1105,930,175
S01011312,1187,1022,165
S01011313,1047,831,216
S01011314,904,764,140
S01011315,397,297,100
S01011316,835,641,194
S01011317,978,711,267
S01011318,868,650,218
S01011319,1202,949,253
S01011320,750,601,149
S01011321,676,577,99
S01011322,691,575,116
S01011323,1108,862,246
S01011324,568,434,134
S01011325,943,670,273
S01011326,1070,776,294
S01011327,837,548,289
S01011328,854,611,243
S01011329,982,732,250
S01011330,787,664,123
S01011331,699,568,131
S01011332,1059,895,164
S01011333,692,561,131
S01011334,1089,863,226
S01011335,970,836,134
S01011336,674,529,145
S01011337,726,590,136
S01011338,695,583,112
S01011339,755,601,154
S01011340,1102,826,276
S01011341,732,581,151
S01011342,791,602,189
S01011343,867,656,211
S01011344,889,701,188
S01011345,1073,853,220
S01011346,867,660,207
S01011347,1072,822,250
S01011348,1300,1062,238
S01011349,1058,955,103
S01011350,882,750,132
S01011351,822,599,223
S01011352,699,540,159
S01011353,690,554,136
S01011354,913,756,157
S01011355,1171,922,249
S01011356,938,805,133
S01011357,1415,1187,228
S01011358,602,551,51
S01011359,791,553,238
S01011360,649,487,162
S01011361,485,338,147
S01011362,314,252,62
S01011363,1236,889,347
S01011364,519,422,97
S01011365,620,508,112
S01011366,526,332,194
S01011367,768,538,230
S01011368,87,61,26
S01011369,699,525,174
S01011370,319,223,96
S01011371,1519,1136,383
S01011372,1054,744,310
S01011373,862,654,208
S01011374,551,502,49
S01011375,637,516,121
S01011376,601,412,189
S01011377,567,474,93
S01011378,1000,751,249
S01011379,939,813,126
S01011380,784,564,220
S01011381,726,568,158
S01011382,257,160,97
S01011383,979,612,367
S01011384,811,598,213
S01011385,1044,748,296
S01011386,1067,811,256
S01011387,879,632,247
S01011388,621,425,196
S01011389,743,531,212
S01011390,1096,748,348
S01011391,702,521,181
S01011392,1070,872,198
S01011393,876,626,250
S01011394,690,555,135
S01011395,820,562,258
S01011396,1044,718,326
S01011397,829,524,305
S01011398,828,599,229
S01011399,518,376,142
S01011400,780,586,194
S01011401,1062,813,249
S01011402,1021,716,305
S01011403,1014,783,231
S01011404,1201,856,345
S01011405,766,599,167
S01011406,736,540,196
S01011407,1324,1026,298
S01011408,994,725,269
S01011409,701,574,127
S01011410,849,646,203
S01011411,1047,817,230
S01011412,1084,885,199
S01011413,618,554,64
S01011414,1066,771,295
S01011415,933,737,196
S01011416,953,809,144
S01011417,753,531,222
S01011418,834,569,265
S01011419,737,529,208
S01011420,567,407,160
S01011421,407,366,41
S01011422,451,312,139
S01011423,590,415,175
S01011424,581,432,149
S01011425,812,594,218
S01011426,953,682,271
S01011427,1056,719,337
S01011428,858,503,355
S01011429,1200,950,250
S01011430,1010,796,214
S01011431,1271,828,443
S01011432,1988,1511,477
S01011433,1065,820,245
S01011434,1025,777,248
S01011435,1294,964,330
S01011436,1218,876,342
S01011437,892,633,259
S01011438,958,726,232
S01011439,1239,911,328
S01011440,1035,774,261
S01011441,797,593,204
S01011442,705,496,209
S01011443,855,608,247
S01011444,1081,783,298
S01011445,690,478,212
S01011446,977,793,184
S01011447,1128,861,267
S01011448,1248,910,338
S01011449,667,500,167
S01011450,496,431,65
S01011451,860,756,104
S01011452,949,778,171
S01011453,836,628,208
S01011454,1177,891,286
S01011455,1110,808,302
S01011456,1155,861,294
S01011457,957,725,232
S01011458,767,650,117
S01011459,608,485,123
S01011460,1105,909,196
S01011461,902,706,196
S01011462,1015,810,205
S01011463,614,496,118
S01011464,284,215,69
S01011465,786,631,155
S01011466,1328,1069,259
S01011467,354,264,90
S01011468,133,131,2
S01011469,912,748,164
S01011470,1011,732,279
S01011471,993,707,286
S01011472,1426,1001,425
S01011473,997,683,314
S01011474,1087,732,355
S01011475,724,502,222
S01011476,779,672,107
S01011477,941,822,119
S01011478,1118,921,197
S01011479,862,695,167
S01011480,1024,875,149
S01011481,653,433,220
S01011482,1151,840,311
S01011483,884,763,121
S01011484,1202,870,332
S01011485,1025,754,271
S01011486,589,444,145
S01011487,1020,720,300
S01011488,752,534,218
S01011489,619,427,192
S01011490,1110,859,251
S01011491,513,365,148
S01011492,982,768,214
S01011493,1043,878,165
S01011494,664,443,221
S01011495,1169,879,290
S01011496,658,509,149
S01011497,902,805,97
S01011498,673,626,47
S01011499,992,803,189
S01011500,1081,798,283
S01011501,753,545,208
S01011502,788,614,174
S01011503,1100,833,267
S01011504,655,500,155
S01011505,704,521,183
S01011506,589,398,191
S01011507,820,564,256
S01011508,911,753,158
S01011509,656,539,117
S01011510,975,725,250
S01011511,775,571,204
S01011512,1263,951,312
S01011513,925,614,311
S01011514,1137,897,240
S01011515,841,702,139
S01011516,989,874,115
S01011517,626,428,198
S01011518,713,462,251
S01011519,775,543,232
S01011520,1041,719,322
S01011521,1321,954,367
S01011522,890,633,257
S01011523,1276,957,319
S01011524,883,743,140
S01011525,926,646,280
S01011526,998,780,218
S01011527,985,788,197
S01011528,1034,743,291
S01011529,1127,814,313
S01011530,1227,858,369
S01011531,1125,820,305
S01011532,475,419,56
S01011533,742,491,251
S01011534,778,555,223
S01011535,866,614,252
S01011536,719,653,66
S01011537,897,743,154
S01011538,814,703,111
S01011539,922,633,289
S01011540,1072,771,301
S01011541,951,724,227
S01011542,1158,874,284
S01011543,923,690,233
S01011544,809,558,251
S01011545,929,668,261
S01011546,811,749,62
S01011547,465,439,26
S01011548,815,579,236
S01011549,1004,809,195
S01011550,1095,950,145
S01011551,948,709,239
S01011552,1042,863,179
S01011553,244,185,59
S01011554,1102,805,297
S01011555,874,652,222
S01011556,711,531,180
S01011557,965,701,264
S01011558,860,649,211
S01011559,749,531,218
S01011560,1032,739,293
S01011561,795,556,239
S01011562,854,638,216
S01011563,925,635,290
S01011564,726,515,211
S01011565,885,667,218
S01011566,810,639,171
S01011567,839,568,271
S01011568,825,639,186
S01011569,798,558,240
S01011570,1033,715,318
S01011571,940,625,315
S01011572,905,647,258
S01011573,667,525,142
S01011574,717,550,167
S01011575,468,357,111
S01011576,899,630,269
S01011577,676,532,144
S01011578,1280,971,309
S01011579,987,852,135
S01011580,1050,713,337
S01011581,961,662,299
S01011582,1390,1124,266
S01011583,1011,692,319
S01011584,832,616,216
S01011585,1252,888,364
S01011586,757,539,218
S01011587,860,651,209
S01011588,976,695,281
S01011589,1067,760,307
S01011590,1182,854,328
S01011591,982,714,268
S01011592,886,665,221
S01011593,638,450,188
S01011594,718,533,185
S01011595,962,794,168
S01011596,1361,1081,280
S01011597,838,697,141
S01011598,978,676,302
S01011599,941,676,265
S01011600,767,546,221
S01011601,859,781,78
S01011602,723,561,162
S01011603,1084,704,380
S01011604,705,535,170
S01011605,894,636,258
S01011606,412,382,30
S01011607,859,768,91
S01011608,855,743,112
S01011609,1016,694,322
S01011610,1043,757,286
S01011611,733,626,107
S01011612,301,268,33
S01011613,1021,892,129
S01011614,470,362,108
S01011615,882,656,226
S01011616,581,397,184
S01011617,1131,834,297
S01011618,874,671,203
S01011619,785,687,98
S01011620,682,636,46
S01011621,898,778,120
S01011622,171,150,21
S01011623,955,714,241
S01011624,833,691,142
S01011625,568,465,103
S01011626,1168,1023,145
S01011627,619,582,37
S01011628,1426,1190,236
S01011629,809,578,231
S01011630,704,540,164
S01011631,948,731,217
S01011632,1065,802,263
S01011633,1165,881,284
S01011634,869,657,212
S01011635,667,538,129
S01011636,887,643,244
S01011637,787,566,221
S01011638,770,539,231
S01011639,639,453,186
S01011640,1063,783,280
S01011641,1028,884,144
S01011642,897,738,159
S01011643,542,347,195
S01011644,851,593,258
S01011645,626,475,151
S01011646,973,871,102
S01011647,1108,1024,84
S01011648,462,361,101
S01011649,419,317,102
S01011650,1169,925,244
S01011651,824,628,196
S01011652,912,808,104
S01011653,1221,915,306
S01011654,1091,754,337
S01011655,885,613,272
S01011656,800,593,207
S01011657,634,438,196
S01011658,1048,731,317
S01011659,997,712,285
S01011660,1222,1030,192
S01011661,1142,876,266
S01011662,481,403,78
S01011663,901,692,209
S01011664,1090,762,328
S01011665,1190,891,299
S01011666,1044,717,327
S01011667,1051,688,363
S01011668,1619,1143,476
S01011669,948,727,221
S01011670,875,627,248
S01011671,779,574,205
S01011672,846,632,214
S01011673,790,557,233
S01011674,831,596,235
S01011675,1079,770,309
S01011676,863,629,234
S01011677,164,119,45
S01011678,533,376,157
S01011679,639,467,172
S01011680,1228,896,332
S01011681,758,581,177
S01011682,840,650,190
S01011683,878,701,177
S01011684,728,559,169
S01011685,273,203,70
S01011686,953,798,155
S01011687,1034,801,233
S01011688,1077,869,208
S01011689,514,433,81
S01011690,827,648,179
S01011691,324,249,75
S01011692,1293,946,347
S01011693,952,755,197
S01011694,110,78,32
S01011695,973,805,168
S01011696,163,122,41
S01011697,490,348,142
S01011698,765,591,174
S01011699,929,787,142
S01011700,914,672,242
S01011701,853,710,143
S01011702,853,665,188
S01011703,786,664,122
S01011704,840,746,94
S01011705,962,763,199
S01011706,950,705,245
S01011707,688,587,101
S01011708,1076,785,291
S01011709,1146,880,266
S01011710,679,518,161
S01011711,1219,827,392
S01011712,576,389,187
S01011713,1296,1035,261
S01011714,479,414,65
S01011715,1141,886,255
S01011716,1045,930,115
S01011717,898,751,147
S01011718,230,185,45
S01011719,772,719,53
S01011720,696,619,77
S01011721,773,589,184
S01011722,1462,1100,362
S01011723,950,726,224
S01011724,706,639,67
S01011725,640,609,31
S01011726,577,543,34
S01011727,237,203,34
S01011728,1018,824,194
S01011729,1245,834,411
S01011730,986,827,159
S01011731,1217,957,260
S01011732,1027,881,146
S01011733,936,749,187
S01011734,929,738,191
S01011735,800,667,133
S01011736,1186,978,208
S01011737,1044,838,206
S01011738,863,669,194
S01011739,620,488,132
S01011740,718,574,144
S01011741,1032,789,243
S01011742,894,705,189
S01011743,746,593,153
S01011744,756,517,239
S01011745,1090,775,315
S01011746,912,658,254
S01011747,1050,784,266
S01011748,1016,846,170
S01011749,880,716,164
S01011750,864,639,225
S01011751,1170,943,227
S01011752,1107,896,211
S01011753,880,742,138
S01011754,983,784,199
S01011755,1038,853,185
S01011756,1218,1010,208
S01011757,967,719,248
S01011758,710,564,146
S01011759,933,733,200
S01011760,966,765,201
S01011761,642,486,156
S01011762,967,756,211
S01011763,868,670,198
S01011764,428,338,90
S01011765,1334,1188,146
S01011766,757,668,89
S01011767,1303,1038,265
S01011768,936,723,213
S01011769,894,584,310
S01011770,960,721,239
S01011771,701,647,54
S01011772,1139,1040,99
S01011773,566,536,30
S01011774,837,724,113
S01011775,792,698,94
S01011776,426,397,29
S01011777,586,530,56
S01011778,663,582,81
S01011779,734,617,117
S01011780,730,648,82
S01011781,960,837,123
S01011782,859,771,88
S01011783,595,537,58
S01011784,922,715,207
S01011785,1155,898,257
S01011786,219,209,10
S01011787,1110,788,322
S01011788,427,394,33
S01011789,1194,1001,193
S01011790,1281,1034,247
S01011791,783,603,180
S01011792,907,581,326
S01011793,694,504,190
S01011794,871,627,244
S01011795,784,579,205
S01011796,871,643,228
S01011797,952,819,133
S01011798,605,469,136
S01011799,1095,916,179
S01011800,719,551,168
S01011801,731,594,137
S01011802,771,576,195
S01011803,681,545,136
S01011804,943,746,197
S01011805,907,725,182
S01011806,1151,979,172
S01011807,989,856,133
S01011808,905,754,151
S01011809,566,469,97
S01011810,1049,881,168
S01011811,864,731,133
S01011812,990,816,174
S01011813,862,749,113
S01011814,604,511,93
S01011815,509,436,73
S01011816,648,580,68
S01011817,645,572,73
S01011818,1298,1133,165
S01011819,1272,1047,225
S01011820,772,562,210
S01011821,475,390,85
S01011822,800,648,152
S01011823,670,549,121
S01011824,1042,905,137
S01011825,582,468,114
S01011826,707,599,108
S01011827,577,470,107
S01011828,854,671,183
S01011829,473,387,86
S01011830,836,660,176
S01011831,1027,805,222
S01011832,749,610,139
S01011833,869,738,131
S01011834,622,558,64
S01011835,574,494,80
S01011836,1090,945,145
S01011837,844,689,155
S01011838,1189,1064,125
S01011839,1172,1024,148
S01011840,1235,1099,136
S01011841,1374,1111,263
S01011842,1392,1127,265
S01011843,1223,1034,189
S01011844,968,809,159
S01011845,789,650,139
S01011846,898,791,107
S01011847,451,402,49
S01011848,771,653,118
S01011849,718,605,113
S01011850,998,853,145
S01011851,822,679,143
S01011852,931,730,201
S01011853,847,716,131
S01011854,1083,864,219
S01011855,1205,931,274
S01011856,740,629,111
S01011857,1075,865,210
S01011858,863,669,194
S01011859,1075,841,234
S01011860,702,597,105
S01011861,761,644,117
S01011862,1045,869,176
S01011863,1107,850,257
S01011864,791,676,115
S01011865,741,594,147
S01011866,1119,908,211
S01011867,967,730,237
S01011868,879,705,174
S01011869,785,642,143
S01011870,690,563,127
S01011871,938,830,108
S01011872,817,719,98
S01011873,702,629,73
S01011874,853,740,113
S01011875,1114,920,194
S01011876,989,825,164
S01011877,778,674,104
S01011878,1584,1421,163
S01011879,767,696,71
S01011880,953,842,111
S01011881,770,615,155
S01011882,954,754,200
S01011883,1907,1697,210
S01011884,371,330,41
S01011885,453,386,67
S01011886,926,785,141
S01011887,772,643,129
S01011888,1262,1000,262
S01011889,1044,801,243
S01011890,877,729,148
S01011891,1020,746,274
S01011892,1125,982,143
S01011893,996,828,168
S01011894,726,620,106
S01011895,1146,919,227
S01011896,961,771,190
S01011897,1101,929,172
S01011898,762,645,117
S01011899,1065,911,154
S01011900,711,616,95
S01011901,814,692,122
S01011902,1186,954,232
S01011903,990,843,147
S01011904,1052,893,159
S01011905,808,699,109
S01011906,355,306,49
S01011907,871,789,82
S01011908,583,512,71
S01011909,524,503,21
S01011910,1194,977,217
S01011911,772,600,172
S01011912,847,675,172
S01011913,898,722,176
S01011914,1010,806,204
S01011915,882,681,201
S01011916,955,763,192
S01011917,664,542,122
S01011918,923,743,180
S01011919,946,779,167
S01011920,664,523,141
S01011921,614,473,141
S01011922,884,727,157
S01011923,860,710,150
S01011924,937,779,158
S01011925,238,179,59
S01011926,845,684,161
S01011927,621,486,135
S01011928,884,726,158
S01011929,730,592,138
S01011930,771,597,174
S01011931,871,727,144
S01011932,477,389,88
S01011933,1016,836,180
S01011934,793,613,180
S01011935,940,725,215
S01011936,740,562,178
S01011937,333,225,108
S01011938,452,341,111
S01011939,825,668,157
S01011940,817,657,160
S01011941,864,657,207
S01011942,691,519,172
S01011943,1184,834,350
S01011944,479,390,89
S01011945,1424,1156,268
S01011946,853,649,204
S01011947,676,574,102
S01011948,961,714,247
S01011949,1038,870,168
S01011950,1005,783,222
S01011951,806,675,131
S01011952,414,350,64
S01011953,963,794,169
S01011954,623,485,138
S01011955,1051,823,228
S01011956,719,595,124
S01011957,805,671,134
S01011958,1463,1197,266
S01011959,973,796,177
S01011960,716,616,100
S01011961,1064,940,124
S01011962,595,522,73
S01011963,607,496,111
S01011964,1011,854,157
S01011965,1019,829,190
S01011966,753,626,127
S01011967,999,846,153
S01011968,1235,1000,235
S01011969,1703,1400,303
S01011970,1615,1311,304
S01011971,604,510,94
S01011972,1646,1391,255
S01011973,559,460,99
S01011974,721,619,102
S01011975,445,373,72
S01011976,902,749,153
S01011977,1245,1035,210
S01011978,1224,966,258
S01011979,891,645,246
S01011980,492,433,59
S01011981,1122,977,145
S01011982,1436,1147,289
S01011983,1270,1055,215
S01011984,633,468,165
S01011985,699,545,154
S01011986,1010,777,233
S01011987,1096,921,175
S01011988,718,542,176
S01011989,773,651,122
S01011990,746,597,149
S01011991,969,757,212
S01011992,925,752,173
S01011993,953,733,220
S01011994,815,666,149
S01011995,718,633,85
S01011996,783,634,149
S01011997,1239,1042,197
S01011998,640,545,95
S01011999,647,535,112
S01012000,580,498,82
S01012001,810,671,139
S01012002,789,607,182
S01012003,868,712,156
S01012004,1198,966,232
S01012005,761,628,133
S01012006,1154,1029,125
S01012007,912,708,204
S01012008,1284,1003,281
S01012009,657,561,96
S01012010,1367,1130,237
S01012011,1359,1095,264
S01012012,703,555,148
S01012013,791,663,128
S01012014,1713,1393,320
S01012015,1190,969,221
S01012016,718,595,123
S01012017,713,615,98
S01012018,880,769,111
S01012019,686,583,103
S01012020,1047,816,231
S01012021,897,744,153
S01012022,1142,939,203
S01012023,641,535,106
S01012024,1065,895,170
S01012025,746,604,142
S01012026,468,359,109
S01012027,1371,902,469
S01012028,1044,927,117
S01012029,1114,731,383
S01012030,1551,1131,420
S01012031,881,566,315
S01012032,406,344,62
S01012033,958,745,213
S01012034,961,787,174
S01012035,1195,978,217
S01012036,1245,1006,239
S01012037,1300,996,304
S01012038,1139,849,290
S01012039,1016,736,280
S01012040,705,608,97
S01012041,1261,984,277
S01012042,1011,786,225
S01012043,880,669,211
S01012044,1041,690,351
S01012045,1289,795,494
S01012046,953,664,289
S01012047,1041,679,362
S01012048,698,462,236
S01012049,760,611,149
S01012050,968,821,147
S01012051,555,423,132
S01012052,878,631,247
S01012053,1042,818,224
S01012054,1247,966,281
S01012055,909,615,294
S01012056,974,773,201
S01012057,836,681,155
S01012058,757,603,154
S01012059,999,732,267
S01012060,886,608,278
S01012061,1076,862,214
S01012062,950,836,114
S01012063,704,629,75
S01012064,718,546,172
S01012065,818,635,183
S01012066,935,769,166
S01012067,690,535,155
S01012068,779,565,214
S01012069,604,429,175
S01012070,874,576,298
S01012071,817,563,254
S01012072,997,740,257
S01012073,640,545,95
S01012074,673,613,60
S01012075,1060,938,122
S01012076,981,768,213
S01012077,869,707,162
S01012078,835,732,103
S01012079,1020,796,224
S01012080,1056,871,185
S01012081,722,510,212
S01012082,986,731,255
S01012083,1200,852,348
S01012084,729,640,89
S01012085,872,714,158
S01012086,973,748,225
S01012087,859,673,186
S01012088,593,530,63
S01012089,910,816,94
S01012090,1191,1033,158
S01012091,868,770,98
S01012092,687,624,63
S01012093,588,496,92
S01012094,976,778,198
S01012095,1210,1004,206
S01012096,913,663,250
S01012097,719,564,155
S01012098,950,703,247
S01012099,1156,782,374
S01012100,1485,1155,330
S01012101,974,852,122
S01012102,1003,797,206
S01012103,1134,970,164
S01012104,907,816,91
S01012105,1077,966,111
S01012106,1017,891,126
S01012107,789,563,226
S01012108,1173,684,489
S01012109,1101,880,221
S01012110,924,689,235
S01012111,1305,932,373
S01012112,1073,754,319
S01012113,1080,790,290
S01012114,1336,919,417
S01012115,742,538,204
S01012116,668,503,165
S01012117,650,328,322
S01012118,986,623,363
S01012119,1007,887,120
S01012120,696,547,149
S01012121,857,601,256
S01012122,1026,787,239
S01012123,799,648,151
S01012124,690,544,146
S01012125,942,662,280
S01012126,538,436,102
S01012127,771,609,162
S01012128,406,332,74
S01012129,964,690,274
S01012130,1067,624,443
S01012131,1239,933,306
S01012132,831,661,170
S01012133,994,815,179
S01012134,1172,857,315
S01012135,1239,898,341
S01012136,880,723,157
S01012137,825,588,237
S01012138,1106,869,237
S01012139,977,660,317
S01012140,934,764,170
S01012141,1264,1078,186
S01012142,950,790,160
S01012143,1284,1094,190
S01012144,1059,850,209
S01012145,1208,1055,153
S01012146,1000,682,318
S01012147,905,623,282
S01012148,764,558,206
S01012149,872,686,186
S01012150,886,647,239
S01012151,1165,859,306
S01012152,1008,715,293
S01012153,361,267,94
S01012154,603,423,180
S01012155,788,588,200
S01012156,1220,906,314
S01012157,901,706,195
S01012158,958,784,174
S01012159,578,499,79
S01012160,1042,873,169
S01012161,529,399,130
S01012162,773,585,188
S01012163,568,477,91
S01012164,434,388,46
S01012165,961,738,223
S01012166,859,687,172
S01012167,609,442,167
S01012168,1121,905,216
S01012169,945,710,235
S01012170,1374,1012,362
S01012171,1263,964,299
S01012172,1052,809,243
S01012173,811,669,142
S01012174,1147,967,180
S01012175,1161,1031,130
S01012176,1496,1285,211
S01012177,952,837,115
S01012178,1070,933,137
S01012179,785,583,202
S01012180,737,504,233
S01012181,1160,826,334
S01012182,721,579,142
S01012183,649,491,158
S01012184,131,85,46
S01012185,710,528,182
S01012186,895,639,256
S01012187,935,675,260
S01012188,680,504,176
S01012189,708,585,123
S01012190,336,301,35
S01012191,1185,1048,137
S01012192,519,441,78
S01012193,773,705,68
S01012194,882,827,55
S01012195,971,821,150
S01012196,589,537,52
S01012197,1132,856,276
S01012198,1134,900,234
S01012199,946,723,223
S01012200,699,531,168
S01012201,1134,897,237
S01012202,596,484,112
S01012203,1011,876,135
S01012204,840,779,61
S01012205,972,861,111
S01012206,1025,890,135
S01012207,1249,941,308
S01012208,1373,1015,358
S01012209,1065,790,275
S01012210,745,551,194
S01012211,1201,967,234
S01012212,1296,1145,151
S01012213,1320,995,325
S01012214,869,746,123
S01012215,1128,1019,109
S01012216,1360,1227,133
S01012217,571,437,134
S01012218,757,595,162
S01012219,934,631,303
S01012220,797,532,265
S01012221,818,544,274
S01012222,1216,931,285
S01012223,827,622,205
S01012224,1191,930,261
S01012225,1180,907,273
S01012226,905,739,166
S01012227,988,811,177
S01012228,844,694,150
S01012229,826,721,105
S01012230,1103,978,125
S01012231,890,816,74
S01012232,1227,1114,113
S01012233,919,840,79
S01012234,1367,1215,152
S01012235,841,724,117
S01012236,936,738,198
S01012237,878,804,74
S01012238,594,448,146
S01012239,602,460,142
S01012240,763,591,172
S01012241,699,633,66
S01012242,948,849,99
S01012243,1001,883,118
S01012244,1063,949,114
S01012245,1404,1187,217
S01012246,978,905,73
S01012247,760,629,131
S01012248,799,708,91
S01012249,999,878,121
S01012250,863,759,104
S01012251,1200,991,209
S01012252,1245,1053,192
S01012253,969,762,207
S01012254,946,804,142
S01012255,780,628,152
S01012256,847,755,92
S01012257,1152,977,175
S01012258,1146,1009,137
S01012259,883,756,127
S01012260,915,720,195
S01012261,454,397,57
S01012262,944,790,154
S01012263,727,587,140
S01012264,297,237,60
S01012265,1266,1043,223
S01012266,1027,832,195
S01012267,779,651,128
S01012268,1146,952,194
S01012269,928,782,146
S01012270,881,731,150
S01012271,1140,1029,111
S01012272,741,627,114
S01012273,664,582,82
S01012274,1099,960,139
S01012275,655,546,109
S01012276,1521,1248,273
S01012277,1170,977,193
S01012278,1219,903,316
S01012279,1107,902,205
S01012280,1139,949,190
S01012281,1013,833,180
S01012282,1153,937,216
S01012283,933,750,183
S01012284,782,618,164
S01012285,711,602,109
S01012286,1104,909,195
S01012287,1269,1000,269
S01012288,1040,865,175
S01012289,927,755,172
S01012290,633,512,121
S01012291,821,691,130
S01012292,1098,875,223
S01012293,620,524,96
S01012294,1055,879,176
S01012295,311,249,62
S01012296,580,505,75
S01012297,547,493,54
S01012298,867,734,133
S01012299,570,493,77
S01012300,1160,928,232
S01012301,988,849,139
S01012302,712,610,102
S01012303,852,702,150
S01012304,1112,952,160
S01012305,922,735,187
S01012306,858,666,192
S01012307,939,769,170
S01012308,810,688,122
S01012309,1020,811,209
S01012310,1425,1141,284
S01012311,973,747,226
S01012312,1047,877,170
S01012313,823,674,149
S01012314,898,720,178
S01012315,738,594,144
S01012316,704,555,149
S01012317,435,346,89
S01012318,891,753,138
S01012319,760,630,130
S01012320,767,628,139
S01012321,821,676,145
S01012322,1061,871,190
S01012323,897,733,164
S01012324,1000,818,182
S01012325,651,495,156
S01012326,958,740,218
S01012327,1061,846,215
S01012328,876,726,150
S01012329,1023,877,146
S01012330,718,629,89
S01012331,775,652,123
S01012332,990,843,147
S01012333,943,791,152
S01012334,1027,871,156
S01012335,1574,1406,168
S01012336,916,731,185
S01012337,1020,752,268
S01012338,712,561,151
S01012339,798,653,145
S01012340,692,594,98
S01012341,815,709,106
S01012342,934,778,156
S01012343,890,765,125
S01012344,914,760,154
S01012345,727,614,113
S01012346,857,713,144
S01012347,693,560,133
S01012348,890,740,150
S01012349,1186,1006,180
S01012350,1197,994,203
S01012351,1024,865,159
S01012352,1119,928,191
S01012353,826,650,176
S01012354,910,719,191
S01012355,957,831,126
S01012356,1073,905,168
S01012357,954,796,158
S01012358,872,711,161
S01012359,962,756,206
S01012360,778,625,153
S01012361,950,752,198
S01012362,1111,902,209
S01012363,1247,947,300
S01012364,828,658,170
S01012365,1235,1063,172
S01012366,959,767,192
S01012367,1141,930,211
S01012368,944,745,199
S01012369,1229,994,235
S01012370,1266,996,270
S01012371,1249,956,293
S01012372,1069,838,231
S01012373,1269,1060,209
S01012374,973,820,153
S01012375,1277,1043,234
S01012376,841,738,103
S01012377,674,529,145
S01012378,779,682,97
S01012379,549,463,86
S01012380,1457,1212,245
S01012381,1090,855,235
S01012382,1110,977,133
S01012383,1186,951,235
S01012384,512,406,106
S01012385,756,668,88
S01012386,1158,942,216
S01012387,948,793,155
S01012388,683,564,119
S01012389,774,659,115
S01012390,658,558,100
S01012391,922,828,94
S01012392,600,539,61
S01012393,1168,1053,115
S01012394,1114,943,171
S01012395,858,707,151
S01012396,867,719,148
S01012397,859,703,156
S01012398,1047,797,250
S01012399,927,764,163
S01012400,894,716,178
S01012401,935,813,122
S01012402,340,315,25
S01012403,983,828,155
S01012404,1129,916,213
S01012405,610,551,59
S01012406,675,588,87
S01012407,919,792,127
S01012408,763,651,112
S01012409,1069,898,171
S01012410,1259,1081,178
S01012411,1318,1134,184
S01012412,681,562,119
S01012413,1043,807,236
S01012414,806,658,148
S01012415,799,713,86
S01012416,520,449,71
S01012417,628,486,142
S01012418,879,684,195
S01012419,1104,857,247
S01012420,1114,886,228
S01012421,1033,771,262
S01012422,1330,1014,316
S01012423,1099,891,208
S01012424,861,681,180
S01012425,660,462,198
S01012426,654,499,155
S01012427,861,665,196
S01012428,946,768,178
S01012429,498,349,149
S01012430,1064,836,228
S01012431,1161,888,273
S01012432,873,648,225
S01012433,909,655,254
S01012434,827,643,184
S01012435,939,713,226
S01012436,952,761,191
S01012437,816,668,148
S01012438,631,510,121
S01012439,963,750,213
S01012440,559,479,80
S01012441,1007,832,175
S01012442,697,574,123
S01012443,683,565,118
S01012444,1151,871,280
S01012445,116,107,9
S01012446,730,592,138
S01012447,978,839,139
S01012448,497,432,65
S01012449,589,470,119
S01012450,809,687,122
S01012451,927,630,297
S01012452,713,591,122
S01012453,906,730,176
S01012454,1166,958,208
S01012455,627,557,70
S01012456,1074,912,162
S01012457,1058,906,152
S01012458,900,773,127
S01012459,881,755,126
S01012460,905,764,141
S01012461,732,576,156
S01012462,908,665,243
S01012463,1037,748,289
S01012464,698,601,97
S01012465,1048,757,291
S01012466,1067,827,240
S01012467,1264,946,318
S01012468,878,675,203
S01012469,1119,883,236
S01012470,994,719,275
S01012471,804,670,134
S01012472,848,697,151
S01012473,693,595,98
S01012474,800,576,224
S01012475,690,534,156
S01012476,1129,859,270
S01012477,881,759,122
S01012478,836,635,201
S01012479,1118,980,138
S01012480,177,140,37
S01012481,747,606,141
S01012482,805,611,194
S01012483,755,546,209
S01012484,1190,968,222
S01012485,1439,940,499
S01012486,887,542,345
S01012487,620,488,132
S01012488,977,722,255
S01012489,1150,857,293
S01012490,1050,742,308
S01012491,781,604,177
S01012492,994,657,337
S01012493,813,524,289
S01012494,1464,1126,338
S01012495,1113,822,291
S01012496,893,654,239
S01012497,645,435,210
S01012498,938,688,250
S01012499,1099,906,193
S01012500,665,527,138
S01012501,966,738,228
S01012502,959,744,215
S01012503,729,519,210
S01012504,590,427,163
S01012505,1042,772,270
S01012506,480,359,121
S01012507,963,704,259
S01012508,812,586,226
S01012509,581,449,132
S01012510,1099,939,160
S01012511,805,658,147
S01012512,966,785,181
S01012513,605,549,56
S01012514,766,724,42
S01012515,859,602,257
S01012516,658,532,126
S01012517,911,744,167
S01012518,819,623,196
S01012519,793,632,161
S01012520,862,694,168
S01012521,778,632,146
S01012522,954,807,147
S01012523,1113,888,225
S01012524,1083,840,243
S01012525,1051,858,193
S01012526,951,792,159
S01012527,692,538,154
S01012528,839,649,190
S01012529,982,766,216
S01012530,1148,897,251
S01012531,844,660,184
S01012532,1079,882,197
S01012533,813,582,231
S01012534,951,691,260
S01012535,954,716,238
S01012536,880,678,202
S01012537,1173,905,268
S01012538,1057,771,286
S01012539,850,672,178
S01012540,1098,857,241
S01012541,1005,844,161
S01012542,1225,925,300
S01012543,717,616,101
S01012544,583,427,156
S01012545,550,409,141
S01012546,994,824,170
S01012547,778,625,153
S01012548,883,720,163
S01012549,908,701,207
S01012550,1088,863,225
S01012551,1250,1125,125
S01012552,969,834,135
S01012553,819,727,92
S01012554,737,665,72
S01012555,592,530,62
S01012556,621,558,63
S01012557,867,739,128
S01012558,826,661,165
S01012559,929,673,256
S01012560,1132,891,241
S01012561,1169,918,251
S01012562,971,734,237
S01012563,786,668,118
S01012564,917,783,134
S01012565,959,756,203
S01012566,866,663,203
S01012567,1022,768,254
S01012568,1066,889,177
S01012569,791,647,144
S01012570,809,651,158
S01012571,799,635,164
S01012572,607,496,111
S01012573,842,702,140
S01012574,1238,1025,213
S01012575,858,738,120
S01012576,940,770,170
S01012577,977,823,154
S01012578,1363,1077,286
S01012579,775,636,139
S01012580,732,622,110
S01012581,1325,882,443
S01012582,744,577,167
S01012583,743,568,175
S01012584,638,522,116
S01012585,1429,1133,296
S01012586,1000,688,312
S01012587,800,661,139
S01012588,699,574,125
S01012589,876,675,201
S01012590,1063,764,299
S01012591,1109,803,306
S01012592,421,359,62
S01012593,953,836,117
S01012594,750,597,153
S01012595,918,707,211
S01012596,698,519,179
S01012597,345,255,90
S01012598,757,636,121
S01012599,715,596,119
S01012600,728,664,64
S01012601,860,764,96
S01012602,774,517,257
S01012603,699,486,213
S01012604,914,719,195
S01012605,709,569,140
S01012606,316,293,23
S01012607,817,628,189
S01012608,1124,886,238
S01012609,1011,779,232
S01012610,1205,901,304
S01012611,961,790,171
S01012612,1251,965,286
S01012613,1351,1065,286
S01012614,1058,803,255
S01012615,1060,855,205
S01012616,783,591,192
S01012617,352,312,40
S01012618,733,628,105
S01012619,729,535,194
S01012620,1020,871,149
S01012621,993,814,179
S01012622,917,717,200
S01012623,895,655,240
S01012624,832,627,205
S01012625,729,552,177
S01012626,777,639,138
S01012627,667,530,137
S01012628,635,446,189
S01012629,344,288,56
S01012630,799,579,220
S01012631,1073,826,247
S01012632,551,465,86
S01012633,931,747,184
S01012634,1215,977,238
S01012635,1397,1127,270
S01012636,697,579,118
S01012637,1133,854,279
S01012638,1126,901,225
S01012639,1384,1046,338
S01012640,1384,1032,352
S01012641,880,586,294
S01012642,1687,1203,484
S01012643,553,418,135
S01012644,543,398,145
S01012645,1063,771,292
S01012646,948,802,146
S01012647,319,286,33
S01012648,730,552,178
S01012649,913,684,229
S01012650,784,649,135
S01012651,832,586,246
S01012652,1055,919,136
S01012653,973,772,201
S01012654,897,723,174
S01012655,1239,880,359
S01012656,959,689,270
S01012657,928,727,201
S01012658,972,780,192
S01012659,520,470,50
S01012660,772,566,206
S01012661,973,756,217
S01012662,1049,781,268
S01012663,909,703,206
S01012664,976,708,268
S01012665,949,632,317
S01012666,888,624,264
S01012667,719,532,187
S01012668,1144,844,300
S01012669,1091,918,173
S01012670,716,581,135
S01012671,1283,908,375
S01012672,727,491,236
S01012673,1135,844,291
S01012674,767,512,255
S01012675,1116,831,285
S01012676,958,775,183
S01012677,623,456,167
S01012678,824,711,113
S01012679,575,412,163
S01012680,245,175,70
S01012681,693,586,107
S01012682,886,622,264
S01012683,922,763,159
S01012684,473,347,126
S01012685,1237,947,290
S01012686,1241,1014,227
S01012687,1435,1224,211
S01012688,944,744,200
S01012689,653,551,102
S01012690,542,472,70
S01012691,1078,962,116
S01012692,1019,825,194
S01012693,1008,921,87
S01012694,595,493,102
S01012695,730,553,177
S01012696,667,576,91
S01012697,505,443,62
S01012698,1067,895,172
S01012699,996,818,178
S01012700,980,827,153
S01012701,1188,1044,144
S01012702,437,332,105
S01012703,735,647,88
S01012704,711,527,184
S01012705,755,715,40
S01012706,1050,819,231
S01012707,984,902,82
S01012708,1020,746,274
S01012709,749,571,178
S01012710,944,677,267
S01012711,1284,880,404
S01012712,1016,872,144
S01012713,1205,952,253
S01012714,727,614,113
S01012715,1013,752,261
S01012716,1191,957,234
S01012717,965,719,246
S01012718,748,581,167
S01012719,858,659,199
S01012720,650,509,141
S01012721,708,521,187
S01012722,1204,795,409
S01012723,888,595,293
S01012724,763,544,219
S01012725,926,720,206
S01012726,993,752,241
S01012727,989,697,292
S01012728,1130,854,276
S01012729,1081,881,200
S01012730,622,482,140
S01012731,864,631,233
S01012732,894,705,189
S01012733,210,178,32
S01012734,100,85,15
S01012735,616,464,152
S01012736,1302,1047,255
S01012737,1223,995,228
S01012738,622,462,160
S01012739,123,106,17
S01012740,91,65,26
S01012741,686,625,61
S01012742,1032,927,105
S01012743,1019,863,156
S01012744,786,722,64
S01012745,885,711,174
S01012746,1124,966,158
S01012747,1293,1058,235
S01012748,944,706,238
S01012749,886,673,213
S01012750,784,610,174
S01012751,1380,1031,349
S01012752,693,524,169
S01012753,540,403,137
S01012754,969,735,234
S01012755,630,410,220
S01012756,1006,735,271
S01012757,519,362,157
S01012758,646,490,156
S01012759,817,601,216
S01012760,957,626,331
S01012761,1059,772,287
S01012762,876,683,193
S01012763,692,515,177
S01012764,1011,761,250
S01012765,663,510,153
S01012766,801,578,223
S01012767,901,790,111
S01012768,987,850,137
S01012769,532,436,96
S01012770,789,578,211
S01012771,924,680,244
S01012772,1193,864,329
S01012773,1270,933,337
S01012774,1012,695,317
S01012775,747,557,190
S01012776,930,716,214
S01012777,585,451,134
S01012778,750,537,213
S01012779,697,532,165
S01012780,837,605,232
S01012781,623,493,130
S01012782,969,713,256
S01012783,1070,756,314
S01012784,948,689,259
S01012785,806,520,286
S01012786,870,538,332
S01012787,387,269,118
S01012788,1008,751,257
S01012789,1076,853,223
S01012790,521,408,113
S01012791,945,722,223
S01012792,1110,732,378
S01012793,919,598,321
S01012794,282,185,97
S01012795,1192,836,356
S01012796,555,390,165
S01012797,652,470,182
S01012798,881,727,154
S01012799,1170,942,228
S01012800,872,736,136
S01012801,286,236,50
S01012802,672,614,58
S01012803,985,896,89
S01012804,915,693,222
S01012805,1055,801,254
S01012806,1105,767,338
S01012807,754,649,105
S01012808,901,714,187
S01012809,867,699,168
S01012810,940,647,293
S01012811,921,739,182
S01012812,993,782,211
S01012813,1097,947,150
S01012814,827,742,85
S01012815,643,557,86
S01012816,432,324,108
S01012817,332,301,31
S01012818,888,800,88
S01012819,1235,831,404
S01012820,699,602,97
S01012821,417,339,78
S01012822,783,505,278
S01012823,376,330,46
S01012824,893,667,226
S01012825,677,415,262
S01012826,610,475,135
S01012827,431,305,126
S01012828,563,481,82
S01012829,765,523,242
S01012830,714,511,203
S01012831,800,528,272
S01012832,646,514,132
S01012833,1090,769,321
S01012834,830,574,256
S01012835,969,649,320
S01012836,66,53,13
S01012837,1085,856,229
S01012838,910,664,246
S01012839,797,685,112
S01012840,426,375,51
S01012841,834,707,127
S01012842,1102,943,159
S01012843,1042,912,130
S01012844,1041,936,105
S01012845,998,790,208
S01012846,1029,664,365
S01012847,873,703,170
S01012848,630,527,103
S01012849,978,684,294
S01012850,972,651,321
S01012851,1044,739,305
S01012852,1105,913,192
S01012853,1021,770,251
S01012854,1087,925,162
S01012855,1043,829,214
S01012856,909,586,323
S01012857,1374,857,517
S01012858,862,565,297
S01012859,949,732,217
S01012860,954,612,342
S01012861,678,546,132
S01012862,788,504,284
S01012863,784,534,250
S01012864,779,543,236
S01012865,1206,861,345
S01012866,1018,760,258
S01012867,933,564,369
S01012868,776,471,305
S01012869,614,421,193
S01012870,980,761,219
S01012871,1006,833,173
S01012872,993,849,144
S01012873,1125,930,195
S01012874,950,706,244
S01012875,640,471,169
S01012876,991,655,336
S01012877,786,516,270
S01012878,958,862,96
S01012879,1057,863,194
S01012880,1114,930,184
S01012881,1354,1057,297
S01012882,740,585,155
S01012883,1079,723,356
S01012884,677,467,210
S01012885,919,728,191
S01012886,989,822,167
S01012887,744,615,129
S01012888,983,813,170
S01012889,800,659,141
S01012890,700,498,202
S01012891,826,573,253
S01012892,1257,899,358
S01012893,1057,739,318
S01012894,254,209,45
S01012895,476,403,73
S01012896,1111,829,282
S01012897,644,532,112
S01012898,237,179,58
S01012899,749,597,152
S01012900,927,689,238
S01012901,1322,1110,212
S01012902,1066,878,188
S01012903,1068,885,183
S01012904,1058,865,193
S01012905,1047,856,191
S01012906,1137,930,207
S01012907,1116,844,272
S01012908,1183,835,348
S01012909,952,711,241
S01012910,1327,962,365
S01012911,866,665,201
S01012912,1142,835,307
S01012913,1053,810,243
S01012914,963,734,229
S01012915,650,478,172
S01012916,1057,840,217
S01012917,786,687,99
S01012918,940,716,224
S01012919,509,396,113
S01012920,644,553,91
S01012921,770,622,148
S01012922,761,630,131
S01012923,907,770,137
S01012924,651,551,100
S01012925,684,606,78
S01012926,765,653,112
S01012927,827,682,145
S01012928,1011,853,158
S01012929,968,806,162
S01012930,877,591,286
S01012931,1136,827,309
S01012932,661,564,97
S01012933,912,687,225
S01012934,867,643,224
S01012935,1533,1191,342
S01012936,792,627,165
S01012937,906,722,184
S01012938,962,849,113
S01012939,846,778,68
S01012940,904,810,94
S01012941,929,802,127
S01012942,930,728,202
S01012943,883,774,109
S01012944,779,692,87
S01012945,759,666,93
S01012946,808,748,60
S01012947,668,630,38
S01012948,1176,1082,94
S01012949,842,769,73
S01012950,847,753,94
S01012951,499,459,40
S01012952,575,504,71
S01012953,790,718,72
S01012954,513,458,55
S01012955,553,443,110
S01012956,999,729,270
S01012957,857,680,177
S01012958,550,461,89
S01012959,660,600,60
S01012960,864,740,124
S01012961,1093,1004,89
S01012962,1027,921,106
S01012963,410,367,43
S01012964,289,257,32
S01012965,648,594,54
S01012966,1028,921,107
S01012967,1128,926,202
S01012968,904,730,174
S01012969,1079,856,223
S01012970,947,786,161
S01012971,1140,968,172
S01012972,827,653,174
S01012973,983,788,195
S01012974,1123,887,236
S01012975,825,648,177
S01012976,791,646,145
S01012977,981,819,162
S01012978,1126,921,205
S01012979,781,637,144
S01012980,878,748,130
S01012981,929,742,187
S01012982,891,764,127
S01012983,791,664,127
S01012984,871,696,175
S01012985,980,806,174
S01012986,1043,767,276
S01012987,1153,893,260
S01012988,1134,837,297
S01012989,1256,981,275
S01012990,1158,892,266
S01012991,1119,848,271
S01012992,1067,808,259
S01012993,1093,794,299
S01012994,985,774,211
S01012995,931,802,129
S01012996,1064,922,142
S01012997,644,504,140
S01012998,991,786,205
S01012999,598,474,124
S01013000,1228,934,294
S01013001,464,386,78
S01013002,728,573,155
S01013003,795,701,94
S01013004,1057,925,132
S01013005,807,714,93
S01013006,698,615,83
S01013007,1377,1143,234
S01013008,1074,919,155
S01013009,681,522,159
S01013010,539,445,94
S01013011,682,605,77
S01013012,903,739,164
S01013013,937,811,126
S01013014,791,637,154
S01013015,761,654,107
S01013016,896,787,109
S01013017,1003,850,153
S01013018,1113,980,133
S01013019,869,771,98
S01013020,1016,833,183
S01013021,791,634,157
S01013022,376,325,51
S01013023,1063,942,121
S01013024,635,544,91
S01013025,932,750,182
S01013026,782,552,230
S01013027,1604,1152,452
S01013028,524,430,94
S01013029,720,526,194
S01013030,921,734,187
S01013031,749,590,159
S01013032,515,466,49
S01013033,518,436,82
S01013034,878,671,207
S01013035,874,657,217
S01013036,948,752,196
S01013037,1236,967,269
S01013038,1273,1030,243
S01013039,612,559,53
S01013040,662,490,172
S01013041,620,489,131
S01013042,723,581,142
S01013043,855,654,201
S01013044,1217,922,295
S01013045,551,434,117
S01013046,775,597,178
S01013047,957,876,81
S01013048,1300,1149,151
S01013049,1079,904,175
S01013050,936,732,204
S01013051,933,658,275
S01013052,842,594,248
S01013053,1066,756,310
S01013054,1054,803,251
S01013055,718,500,218
S01013056,1297,921,376
S01013057,1140,897,243
S01013058,355,299,56
S01013059,1027,788,239
S01013060,514,393,121
S01013061,1096,929,167
S01013062,952,714,238
S01013063,873,734,139
S01013064,1045,773,272
S01013065,1158,878,280
S01013066,763,603,160
S01013067,1041,898,143
S01013068,1166,936,230
S01013069,814,705,109
S01013070,950,800,150
S01013071,890,810,80
S01013072,817,588,229
S01013073,974,640,334
S01013074,1468,1046,422
S01013075,931,571,360
S01013076,671,587,84
S01013077,773,561,212
S01013078,693,541,152
S01013079,430,365,65
S01013080,1056,863,193
S01013081,786,666,120
S01013082,1204,1026,178
S01013083,1192,1081,111
S01013084,1016,848,168
S01013085,1018,800,218
S01013086,1066,915,151
S01013087,1545,1423,122
S01013088,919,825,94
S01013089,830,678,152
S01013090,889,790,99
S01013091,366,290,76
S01013092,937,761,176
S01013093,481,404,77
S01013094,800,738,62
S01013095,1045,952,93
S01013096,826,716,110
S01013097,1164,1061,103
S01013098,116,90,26
S01013099,859,711,148
S01013100,970,762,208
S01013101,1743,1378,365
S01013102,819,694,125
S01013103,830,758,72
S01013104,1136,978,158
S01013105,897,765,132
S01013106,987,796,191
S01013107,919,804,115
S01013108,748,616,132
S01013109,1280,1056,224
S01013110,637,527,110
S01013111,642,547,95
S01013112,607,520,87
S01013113,1116,882,234
S01013114,1309,1056,253
S01013115,996,770,226
S01013116,1034,866,168
S01013117,941,799,142
S01013118,1189,1011,178
S01013119,755,602,153
S01013120,1150,942,208
S01013121,451,373,78
S01013122,858,594,264
S01013123,995,779,216
S01013124,1223,911,312
S01013125,962,745,217
S01013126,898,670,228
S01013127,947,697,250
S01013128,814,618,196
S01013129,1093,798,295
S01013130,1056,809,247
S01013131,1026,800,226
S01013132,708,518,190
S01013133,792,417,375
S01013134,823,625,198
S01013135,1168,875,293
S01013136,1266,937,329
S01013137,1047,772,275
S01013138,1005,754,251
S01013139,1160,818,342
S01013140,1153,859,294
S01013141,744,529,215
S01013142,1094,718,376
S01013143,1067,827,240
S01013144,942,677,265
S01013145,954,664,290
S01013146,590,413,177
S01013147,807,600,207
S01013148,1072,832,240
S01013149,766,604,162
S01013150,933,707,226
S01013151,572,486,86
S01013152,1202,839,363
S01013153,881,644,237
S01013154,1414,1037,377
S01013155,971,801,170
S01013156,1144,881,263
S01013157,1085,811,274
S01013158,775,612,163
S01013159,899,790,109
S01013160,1117,952,165
S01013161,994,809,185
S01013162,1032,738,294
S01013163,894,773,121
S01013164,1009,710,299
S01013165,1297,971,326
S01013166,763,545,218
S01013167,1124,829,295
S01013168,1163,799,364
S01013169,846,533,313
S01013170,1259,940,319
S01013171,872,755,117
S01013172,949,798,151
S01013173,875,746,129
S01013174,1219,1093,126
S01013175,853,740,113
S01013176,1073,796,277
S01013177,1185,908,277
S01013178,648,525,123
S01013179,1166,973,193
S01013180,523,473,50
S01013181,1032,832,200
S01013182,865,626,239
S01013183,1057,902,155
S01013184,748,587,161
S01013185,1122,840,282
S01013186,761,587,174
S01013187,944,729,215
S01013188,1076,901,175
S01013189,877,715,162
S01013190,739,544,195
S01013191,774,698,76
S01013192,1143,866,277
S01013193,556,450,106
S01013194,993,803,190
S01013195,846,636,210
S01013196,778,634,144
S01013197,624,482,142
S01013198,955,671,284
S01013199,880,631,249
S01013200,1109,789,320
S01013201,900,664,236
S01013202,653,478,175
S01013203,1038,827,211
S01013204,953,835,118
S01013205,856,652,204
S01013206,1060,765,295
S01013207,918,663,255
S01013208,542,426,116
S01013209,1011,763,248
S01013210,808,698,110
S01013211,1062,837,225
S01013212,873,805,68
S01013213,1000,924,76
S01013214,422,376,46
S01013215,822,697,125
S01013216,908,766,142
S01013217,867,723,144
S01013218,863,692,171
S01013219,849,703,146
S01013220,881,685,196
S01013221,1044,790,254
S01013222,520,349,171
S01013223,1156,766,390
S01013224,1229,958,271
S01013225,843,643,200
S01013226,331,270,61
S01013227,514,372,142
S01013228,999,765,234
S01013229,1109,816,293
S01013230,998,707,291
S01013231,1096,864,232
S01013232,817,555,262
S01013233,620,483,137
S01013234,403,352,51
S01013235,1189,885,304
S01013236,1130,936,194
S01013237,1035,850,185
S01013238,1095,763,332
S01013239,1065,794,271
S01013240,774,563,211
S01013241,976,846,130
S01013242,732,637,95
S01013243,821,652,169
S01013244,1202,891,311
S01013245,877,694,183
S01013246,435,344,91
S01013247,963,700,263
S01013248,732,528,204
S01013249,950,705,245
S01013250,1103,958,145
S01013251,821,635,186
S01013252,995,758,237
S01013253,782,627,155
S01013254,849,640,209
S01013255,931,743,188
S01013256,729,562,167
S01013257,976,714,262
S01013258,966,816,150
S01013259,1430,1190,240
S01013260,942,730,212
S01013261,1245,980,265
S01013262,833,662,171
S01013263,569,502,67
S01013264,300,282,18
S01013265,423,382,41
S01013266,309,292,17
S01013267,787,579,208
S01013268,1254,998,256
S01013269,1002,913,89
S01013270,698,654,44
S01013271,1002,912,90
S01013272,996,903,93
S01013273,492,460,32
S01013274,1021,921,100
S01013275,1227,1045,182
S01013276,994,861,133
S01013277,1006,808,198
S01013278,1066,756,310
S01013279,901,729,172
S01013280,882,710,172
S01013281,955,751,204
S01013282,855,703,152
S01013283,837,699,138
S01013284,679,624,55
S01013285,780,708,72
S01013286,839,753,86
S01013287,863,794,69
S01013288,763,606,157
S01013289,965,856,109
S01013290,1160,995,165
S01013291,1141,986,155
S01013292,893,797,96
S01013293,899,811,88
S01013294,897,786,111
S01013295,951,859,92
S01013296,940,738,202
S01013297,1072,828,244
S01013298,790,602,188
S01013299,935,745,190
S01013300,811,609,202
S01013301,697,548,149
S01013302,665,578,87
S01013303,1228,958,270
S01013304,1033,827,206
S01013305,857,667,190
S01013306,1015,769,246
S01013307,1135,921,214
S01013308,636,515,121
S01013309,876,766,110
S01013310,697,571,126
S01013311,924,769,155
S01013312,1632,1279,353
S01013313,666,534,132
S01013314,939,733,206
S01013315,277,247,30
S01013316,754,619,135
S01013317,687,589,98
S01013318,649,596,53
S01013319,739,669,70
S01013320,601,559,42
S01013321,458,335,123
S01013322,845,675,170
S01013323,870,679,191
S01013324,1074,884,190
S01013325,869,694,175
S01013326,1006,795,211
S01013327,927,743,184
S01013328,786,634,152
S01013329,603,444,159
S01013330,711,639,72
S01013331,571,519,52
S01013332,875,710,165
S01013333,1074,934,140
S01013334,771,631,140
S01013335,1056,865,191
S01013336,1198,1010,188
S01013337,1133,914,219
S01013338,368,298,70
S01013339,900,800,100
S01013340,1338,1191,147
S01013341,767,701,66
S01013342,920,671,249
S01013343,717,591,126
S01013344,710,537,173
S01013345,916,760,156
S01013346,729,686,43
S01013347,738,659,79
S01013348,491,457,34
S01013349,220,164,56
S01013350,629,510,119
S01013351,819,677,142
S01013352,1095,909,186
S01013353,1207,971,236
S01013354,787,634,153
S01013355,985,806,179
S01013356,840,656,184
S01013357,510,440,70
S01013358,810,592,218
S01013359,692,512,180
S01013360,737,530,207
S01013361,924,662,262
S01013362,613,426,187
S01013363,1074,806,268
S01013364,746,600,146
S01013365,1085,914,171
S01013366,644,587,57
S01013367,628,573,55
S01013368,906,726,180
S01013369,905,702,203
S01013370,868,669,199
S01013371,879,625,254
S01013372,1044,765,279
S01013373,1150,847,303
S01013374,1047,732,315
S01013375,686,526,160
S01013376,719,527,192
S01013377,803,610,193
S01013378,957,800,157
S01013379,1121,915,206
S01013380,523,396,127
S01013381,733,538,195
S01013382,765,561,204
S01013383,864,572,292
S01013384,1176,832,344
S01013385,726,570,156
S01013386,763,675,88
S01013387,742,520,222
S01013388,761,544,217
S01013389,1073,906,167
S01013390,609,456,153
S01013391,986,814,172
S01013392,386,319,67
S01013393,1082,815,267
S01013394,761,568,193
S01013395,894,694,200
S01013396,382,297,85
S01013397,889,689,200
S01013398,337,296,41
S01013399,476,349,127
S01013400,596,468,128
S01013401,141,132,9
S01013402,76,56,20
S01013403,101,88,13
S01013404,488,430,58
S01013405,707,586,121
S01013406,781,599,182
S01013407,842,652,190
S01013408,791,599,192
S01013409,991,826,165
S01013410,496,391,105
S01013411,761,639,122
S01013412,833,688,145
S01013413,804,616,188
S01013414,669,470,199
S01013415,785,500,285
S01013416,588,410,178
S01013417,733,551,182
S01013418,634,519,115
S01013419,649,561,88
S01013420,822,677,145
S01013421,510,408,102
S01013422,1045,860,185
S01013423,898,764,134
S01013424,914,804,110
S01013425,456,396,60
S01013426,886,689,197
S01013427,232,212,20
S01013428,944,779,165
S01013429,1244,923,321
S01013430,789,639,150
S01013431,912,741,171
S01013432,880,716,164
S01013433,778,666,112
S01013434,514,457,57
S01013435,862,824,38
S01013436,919,752,167
S01013437,717,599,118
S01013438,709,565,144
S01013439,965,864,101
S01013440,1315,1202,113
S01013441,788,685,103
S01013442,914,830,84
S01013443,497,408,89
S01013444,1177,908,269
S01013445,720,528,192
S01013446,741,631,110
S01013447,566,540,26
S01013448,1001,879,122
S01013449,839,768,71
S01013450,885,828,57
S01013451,972,913,59
S01013452,626,583,43
S01013453,983,800,183
S01013454,705,614,91
S01013455,502,411,91
S01013456,1087,860,227
S01013457,1024,815,209
S01013458,895,771,124
S01013459,988,733,255
S01013460,1039,812,227
S01013461,945,792,153
S01013462,971,861,110
S01013463,584,455,129
S01013464,920,722,198
S01013465,872,710,162
S01013466,386,268,118
S01013467,410,323,87
S01013468,719,543,176
S01013469,1053,837,216
S01013470,898,685,213
S01013471,1020,819,201
S01013472,440,359,81
S01013473,272,249,23
S01013474,467,409,58
S01013475,904,776,128
S01013476,679,569,110
S01013477,993,763,230
S01013478,872,710,162
S01013479,1046,844,202
S01013480,657,465,192
S01013481,399,326,73
