dz_2011,total,llti,no_llti
S01006506,765,111,654
S01006507,1092,150,942
S01006508,858,89,769
S01006509,715,133,582
S01006510,735,166,569
S01006511,1019,241,778
S01006512,407,59,348
S01006513,1006,104,902
S01006514,1117,175,942
S01006515,1168,92,1076
S01006516,903,128,775
S01006517,1049,109,940
S01006518,1049,125,924
S01006519,874,85,789
S01006520,897,26,871
S01006521,577,126,451
S01006522,560,47,513
S01006523,1409,237,1172
S01006524,1299,340,959
S01006525,1305,195,1110
S01006526,1529,318,1211
S01006527,1388,305,1083
S01006528,1125,207,918
S01006529,1028,225,803
S01006530,1179,289,890
S01006531,1278,331,947
S01006532,806,165,641
S01006533,830,94,736
S01006534,983,125,858
S01006535,1063,94,969
S01006536,1246,127,1119
S01006537,852,116,736
S01006538,686,103,583
S01006539,1008,194,814
S01006540,1259,188,1071
S01006541,990,209,781
S01006542,963,142,821
S01006543,1012,177,835
S01006544,1140,161,979
S01006545,1112,213,899
S01006546,1175,171,1004
S01006547,1409,329,1080
S01006548,770,97,673
S01006549,828,125,703
S01006550,1263,197,1066
S01006551,921,215,706
S01006552,1348,323,1025
S01006553,1022,274,748
S01006554,937,216,721
S01006555,1089,378,711
S01006556,1032,256,776
S01006557,862,174,688
S01006558,880,103,777
S01006559,639,70,569
S01006560,1056,188,868
S01006561,891,84,807
S01006562,1044,200,844
S01006563,1138,160,978
S01006564,1172,240,932
S01006565,1201,190,1011
S01006566,851,89,762
S01006567,1149,221,928
S01006568,1104,116,988
S01006569,749,88,661
S01006570,875,97,778
S01006571,1168,112,1056
S01006572,1364,188,1176
S01006573,706,50,656
S01006574,967,112,855
S01006575,1145,124,1021
S01006576,871,97,774
S01006577,925,79,846
S01006578,1514,199,1315
S01006579,1299,108,1191
S01006580,806,81,725
S01006581,1233,168,1065
S01006582,591,75,516
S01006583,964,72,892
S01006584,872,68,804
S01006585,809,170,639
S01006586,803,134,669
S01006587,502,89,413
S01006588,650,39,611
S01006589,1065,153,912
S01006590,617,97,520
S01006591,544,35,509
S01006592,434,36,398
S01006593,589,119,470
S01006594,761,105,656
S01006595,740,62,678
S01006596,964,163,801
S01006597,822,95,727
S01006598,1074,123,951
S01006599,1087,299,788
S01006600,1326,247,1079
S01006601,953,120,833
S01006602,982,165,817
S01006603,1377,304,1073
S01006604,938,173,765
S01006605,868,234,634
S01006606,1380,290,1090
S01006607,1302,278,1024
S01006608,871,131,740
S01006609,1343,304,1039
S01006610,752,194,558
S01006611,1183,267,916
S01006612,995,189,806
S01006613,474,43,431
S01006614,929,50,879
S01006615,445,33,412
S01006616,811,62,749
S01006617,1022,142,880
S01006618,568,51,517
S01006619,995,124,871
S01006620,1146,141,1005
S01006621,838,140,698
S01006622,655,41,614
S01006623,1500,322,1178
S01006624,800,154,646
S01006625,858,173,685
S01006626,839,203,636
S01006627,674,130,544
S01006628,1110,196,914
S01006629,925,227,698
S01006630,867,241,626
S01006631,1155,297,858
S01006632,960,237,723
S01006633,967,219,748
S01006634,804,164,640
S01006635,1001,265,736
S01006636,980,207,773
S01006637,606,150,456
S01006638,1061,277,784
S01006639,944,249,695
S01006640,201,33,168
S01006641,962,227,735
S01006642,822,127,695
S01006643,1056,122,934
S01006644,590,99,491
S01006645,1185,236,949
S01006646,1040,84,956
S01006647,688,160,528
S01006648,1691,200,1491
S01006649,696,134,562
S01006650,914,148,766
S01006651,725,132,593
S01006652,678,102,576
S01006653,714,61,653
S01006654,861,254,607
S01006655,581,295,286
S01006656,906,144,762
S01006657,595,75,520
S01006658,1186,151,1035
S01006659,895,103,792
S01006660,639,114,525
S01006661,726,107,619
S01006662,685,137,548
S01006663,1263,98,1165
S01006664,421,55,366
S01006665,799,106,693
S01006666,1388,424,964
S01006667,1059,377,682
S01006668,833,100,733
S01006669,1193,304,889
S01006670,471,181,290
S01006671,1338,164,1174
S01006672,767,158,609
S01006673,960,124,836
S01006674,930,248,682
S01006675,520,106,414
S01006676,798,226,572
S01006677,697,171,526
S01006678,1092,247,845
S01006679,884,179,705
S01006680,801,190,611
S01006681,1134,383,751
S01006682,812,212,600
S01006683,1164,213,951
S01006684,727,172,555
S01006685,854,262,592
S01006686,931,256,675
S01006687,987,234,753
S01006688,1064,317,747
S01006689,481,48,433
S01006690,772,172,600
S01006691,873,146,727
S01006692,918,159,759
S01006693,1157,216,941
S01006694,1219,370,849
S01006695,761,193,568
S01006696,1127,295,832
S01006697,1122,239,883
S01006698,938,302,636
S01006699,820,133,687
S01006700,1319,264,1055
S01006701,1102,241,861
S01006702,996,239,757
S01006703,804,178,626
S01006704,896,224,672
S01006705,1004,224,780
S01006706,854,182,672
S01006707,772,167,605
S01006708,892,253,639
S01006709,1107,255,852
S01006710,1164,237,927
S01006711,1146,310,836
S01006712,664,170,494
S01006713,997,234,763
S01006714,934,248,686
S01006715,1104,200,904
S01006716,654,115,539
S01006717,1062,236,826
S01006718,713,144,569
S01006719,1015,241,774
S01006720,786,164,622
S01006721,1005,225,780
S01006722,852,188,664
S01006723,1025,248,777
S01006724,1319,304,1015
S01006725,1038,235,803
S01006726,987,184,803
S01006727,1187,338,849
S01006728,944,169,775
S01006729,863,220,643
S01006730,779,147,632
S01006731,557,116,441
S01006732,1047,158,889
S01006733,945,53,892
S01006734,1136,119,1017
S01006735,952,92,860
S01006736,920,55,865
S01006737,822,95,727
S01006738,660,76,584
S01006739,525,64,461
S01006740,1072,249,823
S01006741,812,215,597
S01006742,507,108,399
S01006743,968,180,788
S01006744,661,121,540
S01006745,1061,226,835
S01006746,768,196,572
S01006747,1207,204,1003
S01006748,1064,138,926
S01006749,1398,272,1126
S01006750,792,164,628
S01006751,486,90,396
S01006752,893,181,712
S01006753,946,163,783
S01006754,1233,149,1084
S01006755,817,86,731
S01006756,269,45,224
S01006757,1436,199,1237
S01006758,710,49,661
S01006759,646,57,589
S01006760,628,56,572
S01006761,1017,133,884
S01006762,1058,209,849
S01006763,1176,56,1120
S01006764,867,50,817
S01006765,781,54,727
S01006766,666,41,625
S01006767,939,198,741
S01006768,746,46,700
S01006769,1345,157,1188
S01006770,767,65,702
S01006771,570,38,532
S01006772,1452,143,1309
S01006773,736,64,672
S01006774,894,34,860
S01006775,805,133,672
S01006776,735,201,534
S01006777,1080,93,987
S01006778,955,129,826
S01006779,1099,241,858
S01006780,899,178,721
S01006781,1030,151,879
S01006782,985,110,875
S01006783,680,109,571
S01006784,726,100,626
S01006785,714,47,667
S01006786,1124,116,1008
S01006787,1121,137,984
S01006788,694,61,633
S01006789,973,175,798
S01006790,898,195,703
S01006791,514,79,435
S01006792,689,133,556
S01006793,639,100,539
S01006794,841,140,701
S01006795,703,98,605
S01006796,379,58,321
S01006797,673,84,589
S01006798,691,80,611
S01006799,960,205,755
S01006800,899,79,820
S01006801,739,138,601
S01006802,679,104,575
S01006803,751,112,639
S01006804,731,99,632
S01006805,1072,135,937
S01006806,1015,149,866
S01006807,524,63,461
S01006808,890,124,766
S01006809,960,153,807
S01006810,1017,168,849
S01006811,881,90,791
S01006812,751,84,667
S01006813,864,127,737
S01006814,958,80,878
S01006815,612,122,490
S01006816,931,127,804
S01006817,710,80,630
S01006818,672,64,608
S01006819,819,68,751
S01006820,561,50,511
S01006821,938,106,832
S01006822,774,67,707
S01006823,881,115,766
S01006824,690,103,587
S01006825,1098,107,991
S01006826,1229,156,1073
S01006827,994,158,836
S01006828,973,163,810
S01006829,257,27,230
S01006830,640,76,564
S01006831,1355,172,1183
S01006832,980,155,825
S01006833,724,102,622
S01006834,255,17,238
S01006835,1198,272,926
S01006836,51,13,38
S01006837,488,52,436
S01006838,1067,104,963
S01006839,922,120,802
S01006840,1184,94,1090
S01006841,1438,128,1310
S01006842,1101,130,971
S01006843,1017,96,921
S01006844,722,77,645
S01006845,1016,91,925
S01006846,887,133,754
S01006847,832,93,739
S01006848,848,91,757
S01006849,400,68,332
S01006850,1213,132,1081
S01006851,763,129,634
S01006852,581,57,524
S01006853,841,75,766
S01006854,1352,176,1176
S01006855,746,61,685
S01006856,881,111,770
S01006857,971,119,852
S01006858,611,56,555
S01006859,1049,81,968
S01006860,692,126,566
S01006861,243,52,191
S01006862,962,133,829
S01006863,618,108,510
S01006864,145,33,112
S01006865,947,144,803
S01006866,668,69,599
S01006867,1132,203,929
S01006868,888,132,756
S01006869,576,101,475
S01006870,547,65,482
S01006871,986,140,846
S01006872,961,110,851
S01006873,1137,211,926
S01006874,644,86,558
S01006875,701,159,542
S01006876,1010,138,872
S01006877,1045,134,911
S01006878,988,169,819
S01006879,883,141,742
S01006880,574,54,520
S01006881,561,53,508
S01006882,931,182,749
S01006883,581,83,498
S01006884,1000,171,829
S01006885,698,100,598
S01006886,755,90,665
S01006887,422,35,387
S01006888,704,82,622
S01006889,681,102,579
S01006890,1012,159,853
S01006891,675,83,592
S01006892,622,100,522
S01006893,1095,147,948
S01006894,639,131,508
S01006895,558,79,479
S01006896,744,77,667
S01006897,1074,124,950
S01006898,491,58,433
S01006899,394,25,369
S01006900,514,43,471
S01006901,883,122,761
S01006902,688,83,605
S01006903,917,177,740
S01006904,513,106,407
S01006905,937,207,730
S01006906,1058,268,790
S01006907,619,118,501
S01006908,869,150,719
S01006909,264,27,237
S01006910,333,37,296
S01006911,316,22,294
S01006912,262,27,235
S01006913,549,40,509
S01006914,777,74,703
S01006915,835,67,768
S01006916,272,34,238
S01006917,113,14,99
S01006918,472,62,410
S01006919,541,73,468
S01006920,583,110,473
S01006921,415,46,369
S01006922,587,61,526
S01006923,718,117,601
S01006924,429,43,386
S01006925,553,58,495
S01006926,310,25,285
S01006927,275,24,251
S01006928,1132,141,991
S01006929,1337,71,1266
S01006930,803,78,725
S01006931,420,43,377
S01006932,479,32,447
S01006933,896,46,850
S01006934,693,159,534
S01006935,1025,80,945
S01006936,746,77,669
S01006937,911,84,827
S01006938,932,100,832
S01006939,707,41,666
S01006940,1118,94,1024
S01006941,887,112,775
S01006942,1089,81,1008
S01006943,264,23,241
S01006944,87,5,82
S01006945,1094,90,1004
S01006946,795,78,717
S01006947,1110,86,1024
S01006948,966,86,880
S01006949,680,67,613
S01006950,222,22,200
S01006951,827,132,695
S01006952,1092,143,949
S01006953,1257,115,1142
S01006954,1090,112,978
S01006955,574,72,502
S01006956,708,72,636
S01006957,830,109,721
S01006958,1060,163,897
S01006959,824,200,624
S01006960,363,23,340
S01006961,322,34,288
S01006962,782,124,658
S01006963,1103,107,996
S01006964,870,79,791
S01006965,570,70,500
S01006966,811,103,708
S01006967,820,54,766
S01006968,1094,220,874
S01006969,1088,177,911
S01006970,724,68,656
S01006971,915,144,771
S01006972,474,42,432
S01006973,564,70,494
S01006974,1319,136,1183
S01006975,1084,150,934
S01006976,573,51,522
S01006977,838,72,766
S01006978,790,105,685
S01006979,1349,162,1187
S01006980,627,72,555
S01006981,787,77,710
S01006982,960,101,859
S01006983,1054,132,922
S01006984,793,80,713
S01006985,1317,167,1150
S01006986,449,86,363
S01006987,1005,131,874
S01006988,472,38,434
S01006989,716,55,661
S01006990,448,45,403
S01006991,701,131,570
S01006992,854,81,773
S01006993,705,77,628
S01006994,627,70,557
S01006995,897,111,786
S01006996,706,92,614
S01006997,601,57,544
S01006998,974,145,829
S01006999,808,102,706
S01007000,1151,199,952
S01007001,977,183,794
S01007002,428,71,357
S01007003,533,67,466
S01007004,1048,140,908
S01007005,917,111,806
S01007006,963,187,776
S01007007,741,99,642
S01007008,871,189,682
S01007009,1310,216,1094
S01007010,965,215,750
S01007011,1119,243,876
S01007012,999,208,791
S01007013,862,148,714
S01007014,1025,146,879
S01007015,735,85,650
S01007016,538,57,481
S01007017,1137,212,925
S01007018,1207,161,1046
S01007019,1010,176,834
S01007020,969,203,766
S01007021,1347,234,1113
S01007022,448,77,371
S01007023,719,139,580
S01007024,1099,236,863
S01007025,1125,305,820
S01007026,955,234,721
S01007027,1335,402,933
S01007028,1236,298,938
S01007029,506,85,421
S01007030,987,172,815
S01007031,611,136,475
S01007032,1181,289,892
S01007033,1144,223,921
S01007034,988,232,756
S01007035,956,193,763
S01007036,1022,227,795
S01007037,1126,195,931
S01007038,815,140,675
S01007039,726,142,584
S01007040,1067,216,851
S01007041,1009,218,791
S01007042,889,154,735
S01007043,1070,201,869
S01007044,1059,180,879
S01007045,857,150,707
S01007046,523,114,409
S01007047,950,207,743
S01007048,1310,205,1105
S01007049,1014,223,791
S01007050,973,150,823
S01007051,942,196,746
S01007052,556,80,476
S01007053,796,163,633
S01007054,1044,187,857
S01007055,476,65,411
S01007056,803,134,669
S01007057,870,138,732
S01007058,822,166,656
S01007059,1148,142,1006
S01007060,675,98,577
S01007061,1100,119,981
S01007062,696,95,601
S01007063,1401,224,1177
S01007064,717,111,606
S01007065,738,113,625
S01007066,664,93,571
S01007067,1321,213,1108
S01007068,768,166,602
S01007069,1051,164,887
S01007070,755,172,583
S01007071,1151,161,990
S01007072,1492,237,1255
S01007073,1797,289,1508
S01007074,1225,163,1062
S01007075,1091,162,929
S01007076,926,113,813
S01007077,883,147,736
S01007078,1076,237,839
S01007079,1206,312,894
S01007080,869,213,656
S01007081,1093,185,908
S01007082,705,139,566
S01007083,904,293,611
S01007084,875,252,623
S01007085,1112,189,923
S01007086,1037,320,717
S01007087,925,264,661
S01007088,710,139,571
S01007089,587,49,538
S01007090,541,45,496
S01007091,283,28,255
S01007092,703,185,518
S01007093,1080,95,985
S01007094,1174,192,982
S01007095,667,88,579
S01007096,952,137,815
S01007097,842,105,737
S01007098,498,73,425
S01007099,654,106,548
S01007100,884,134,750
S01007101,1251,222,1029
S01007102,774,132,642
S01007103,814,138,676
S01007104,477,70,407
S01007105,654,143,511
S01007106,929,186,743
S01007107,650,96,554
S01007108,654,136,518
S01007109,983,215,768
S01007110,964,195,769
S01007111,547,102,445
S01007112,888,133,755
S01007113,822,217,605
S01007114,867,125,742
S01007115,777,146,631
S01007116,687,65,622
S01007117,667,66,601
S01007118,978,173,805
S01007119,1043,191,852
S01007120,1131,228,903
S01007121,727,245,482
S01007122,585,133,452
S01007123,1002,270,732
S01007124,1080,220,860
S01007125,759,162,597
S01007126,1025,239,786
S01007127,590,143,447
S01007128,1047,255,792
S01007129,681,69,612
S01007130,675,133,542
S01007131,795,126,669
S01007132,707,103,604
S01007133,607,170,437
S01007134,800,127,673
S01007135,667,107,560
S01007136,320,38,282
S01007137,154,19,135
S01007138,454,73,381
S01007139,742,117,625
S01007140,822,110,712
S01007141,655,141,514
S01007142,162,8,154
S01007143,448,65,383
S01007144,1476,208,1268
S01007145,939,185,754
S01007146,876,142,734
S01007147,927,128,799
S01007148,600,47,553
S01007149,991,139,852
S01007150,814,183,631
S01007151,1065,233,832
S01007152,825,153,672
S01007153,1022,181,841
S01007154,927,253,674
S01007155,693,137,556
S01007156,984,145,839
S01007157,850,98,752
S01007158,872,107,765
S01007159,871,197,674
S01007160,823,172,651
S01007161,920,189,731
S01007162,398,108,290
S01007163,1059,184,875
S01007164,835,148,687
S01007165,902,152,750
S01007166,1083,173,910
S01007167,945,108,837
S01007168,1065,148,917
S01007169,946,156,790
S01007170,709,101,608
S01007171,1199,164,1035
S01007172,1133,144,989
S01007173,632,75,557
S01007174,773,134,639
S01007175,784,181,603
S01007176,1092,190,902
S01007177,791,173,618
S01007178,1007,233,774
S01007179,1302,212,1090
S01007180,1062,235,827
S01007181,1211,286,925
S01007182,1201,226,975
S01007183,1253,278,975
S01007184,995,210,785
S01007185,928,246,682
S01007186,600,150,450
S01007187,773,228,545
S01007188,733,157,576
S01007189,884,320,564
S01007190,958,266,692
S01007191,740,151,589
S01007192,821,154,667
S01007193,880,175,705
S01007194,629,132,497
S01007195,926,199,727
S01007196,730,131,599
S01007197,408,95,313
S01007198,473,113,360
S01007199,1102,237,865
S01007200,931,174,757
S01007201,1057,176,881
S01007202,822,144,678
S01007203,908,133,775
S01007204,981,190,791
S01007205,825,86,739
S01007206,336,82,254
S01007207,1074,160,914
S01007208,802,165,637
S01007209,701,189,512
S01007210,1042,194,848
S01007211,778,151,627
S01007212,786,125,661
S01007213,843,169,674
S01007214,943,296,647
S01007215,944,163,781
S01007216,852,173,679
S01007217,896,152,744
S01007218,787,117,670
S01007219,1085,191,894
S01007220,820,147,673
S01007221,659,111,548
S01007222,1175,158,1017
S01007223,706,125,581
S01007224,704,130,574
S01007225,1028,162,866
S01007226,910,129,781
S01007227,1381,251,1130
S01007228,788,130,658
S01007229,1220,193,1027
S01007230,1297,246,1051
S01007231,759,177,582
S01007232,587,155,432
S01007233,745,122,623
S01007234,658,149,509
S01007235,1023,235,788
S01007236,1145,251,894
S01007237,770,137,633
S01007238,986,170,816
S01007239,1305,246,1059
S01007240,589,88,501
S01007241,1189,166,1023
S01007242,1091,190,901
S01007243,1294,219,1075
S01007244,635,99,536
S01007245,762,143,619
S01007246,632,83,549
S01007247,1063,157,906
S01007248,857,141,716
S01007249,602,156,446
S01007250,765,158,607
S01007251,654,123,531
S01007252,815,153,662
S01007253,748,137,611
S01007254,886,228,658
S01007255,1061,215,846
S01007256,773,172,601
S01007257,837,168,669
S01007258,806,148,658
S01007259,966,177,789
S01007260,1193,226,967
S01007261,1015,137,878
S01007262,737,137,600
S01007263,1272,228,1044
S01007264,921,195,726
S01007265,1139,231,908
S01007266,830,171,659
S01007267,581,75,506
S01007268,582,94,488
S01007269,653,97,556
S01007270,501,114,387
S01007271,1136,222,914
S01007272,1163,215,948
S01007273,667,121,546
S01007274,854,219,635
S01007275,782,168,614
S01007276,1129,184,945
S01007277,991,141,850
S01007278,949,155,794
S01007279,660,89,571
S01007280,630,102,528
S01007281,1085,168,917
S01007282,534,70,464
S01007283,888,207,681
S01007284,882,175,707
S01007285,1014,203,811
S01007286,1347,243,1104
S01007287,553,93,460
S01007288,742,142,600
S01007289,1001,122,879
S01007290,411,112,299
S01007291,585,157,428
S01007292,758,83,675
S01007293,1250,167,1083
S01007294,1005,181,824
S01007295,658,178,480
S01007296,584,111,473
S01007297,927,127,800
S01007298,554,87,467
S01007299,953,174,779
S01007300,780,111,669
S01007301,865,145,720
S01007302,896,201,695
S01007303,1025,203,822
S01007304,577,126,451
S01007305,961,187,774
S01007306,1026,190,836
S01007307,965,141,824
S01007308,812,154,658
S01007309,760,138,622
S01007310,947,167,780
S01007311,958,174,784
S01007312,851,177,674
S01007313,875,143,732
S01007314,893,145,748
S01007315,771,138,633
S01007316,1106,239,867
S01007317,1187,262,925
S01007318,630,117,513
S01007319,834,179,655
S01007320,1025,174,851
S01007321,633,135,498
S01007322,839,141,698
S01007323,579,123,456
S01007324,301,57,244
S01007325,758,180,578
S01007326,1069,188,881
S01007327,958,233,725
S01007328,1126,220,906
S01007329,658,122,536
S01007330,858,172,686
S01007331,935,141,794
S01007332,725,115,610
S01007333,1166,224,942
S01007334,944,217,727
S01007335,1026,219,807
S01007336,769,182,587
S01007337,671,204,467
S01007338,1189,216,973
S01007339,865,160,705
S01007340,748,196,552
S01007341,806,211,595
S01007342,851,189,662
S01007343,768,164,604
S01007344,579,137,442
S01007345,597,189,408
S01007346,897,291,606
S01007347,1156,281,875
S01007348,905,230,675
S01007349,688,159,529
S01007350,687,202,485
S01007351,673,165,508
S01007352,526,112,414
S01007353,687,185,502
S01007354,806,191,615
S01007355,1300,355,945
S01007356,734,188,546
S01007357,822,193,629
S01007358,1539,263,1276
S01007359,950,254,696
S01007360,809,214,595
S01007361,1104,293,811
S01007362,1025,262,763
S01007363,1037,278,759
S01007364,1095,321,774
S01007365,466,145,321
S01007366,597,236,361
S01007367,647,184,463
S01007368,706,214,492
S01007369,1098,241,857
S01007370,908,214,694
S01007371,893,183,710
S01007372,983,287,696
S01007373,593,136,457
S01007374,881,151,730
S01007375,506,78,428
S01007376,1093,203,890
S01007377,690,106,584
S01007378,3013,177,2836
S01007379,893,200,693
S01007380,784,132,652
S01007381,514,92,422
S01007382,1041,185,856
S01007383,784,157,627
S01007384,1088,177,911
S01007385,1377,278,1099
S01007386,877,128,749
S01007387,947,154,793
S01007388,788,93,695
S01007389,966,76,890
S01007390,440,42,398
S01007391,671,52,619
S01007392,464,67,397
S01007393,1022,242,780
S01007394,765,171,594
S01007395,1240,290,950
S01007396,1112,236,876
S01007397,983,168,815
S01007398,715,153,562
S01007399,731,167,564
S01007400,924,237,687
S01007401,782,121,661
S01007402,755,110,645
S01007403,801,59,742
S01007404,689,118,571
S01007405,513,92,421
S01007406,710,112,598
S01007407,804,134,670
S01007408,919,165,754
S01007409,727,145,582
S01007410,917,265,652
S01007411,872,295,577
S01007412,582,170,412
S01007413,805,94,711
S01007414,343,41,302
S01007415,944,276,668
S01007416,566,116,450
S01007417,249,62,187
S01007418,756,200,556
S01007419,999,235,764
S01007420,1485,356,1129
S01007421,615,147,468
S01007422,803,185,618
S01007423,377,79,298
S01007424,778,120,658
S01007425,1053,153,900
S01007426,909,189,720
S01007427,809,213,596
S01007428,1121,231,890
S01007429,1030,197,833
S01007430,580,109,471
S01007431,719,95,624
S01007432,730,145,585
S01007433,960,210,750
S01007434,634,138,496
S01007435,860,161,699
S01007436,1062,245,817
S01007437,562,115,447
S01007438,721,158,563
S01007439,976,219,757
S01007440,868,169,699
S01007441,676,85,591
S01007442,790,89,701
S01007443,1010,170,840
S01007444,1473,228,1245
S01007445,793,84,709
S01007446,758,107,651
S01007447,638,83,555
S01007448,1004,216,788
S01007449,1044,305,739
S01007450,1333,299,1034
S01007451,723,125,598
S01007452,800,171,629
S01007453,116,29,87
S01007454,626,191,435
S01007455,933,228,705
S01007456,1079,268,811
S01007457,692,179,513
S01007458,846,164,682
S01007459,920,198,722
S01007460,918,277,641
S01007461,969,260,709
S01007462,1006,289,717
S01007463,1149,276,873
S01007464,1145,302,843
S01007465,847,197,650
S01007466,942,257,685
S01007467,1016,313,703
S01007468,1215,155,1060
S01007469,731,136,595
S01007470,657,214,443
S01007471,539,122,417
S01007472,1153,316,837
S01007473,485,128,357
S01007474,435,73,362
S01007475,503,119,384
S01007476,787,168,619
S01007477,786,179,607
S01007478,947,199,748
S01007479,462,99,363
S01007480,891,149,742
S01007481,993,193,800
S01007482,740,188,552
S01007483,1049,214,835
S01007484,912,195,717
S01007485,909,194,715
S01007486,923,237,686
S01007487,1200,334,866
S01007488,1039,220,819
S01007489,926,222,704
S01007490,1273,295,978
S01007491,767,185,582
S01007492,716,182,534
S01007493,977,177,800
S01007494,818,192,626
S01007495,721,125,596
S01007496,1080,224,856
S01007497,637,120,517
S01007498,1127,286,841
S01007499,870,145,725
S01007500,779,184,595
S01007501,685,180,505
S01007502,680,157,523
S01007503,1097,262,835
S01007504,1147,260,887
S01007505,460,87,373
S01007506,557,100,457
S01007507,1490,309,1181
S01007508,689,164,525
S01007509,736,160,576
S01007510,968,244,724
S01007511,1201,291,910
S01007512,576,134,442
S01007513,1115,265,850
S01007514,619,170,449
S01007515,638,143,495
S01007516,816,187,629
S01007517,555,159,396
S01007518,914,253,661
S01007519,605,139,466
S01007520,979,230,749
S01007521,731,129,602
S01007522,1149,270,879
S01007523,511,101,410
S01007524,934,150,784
S01007525,565,124,441
S01007526,943,205,738
S01007527,1473,275,1198
S01007528,961,210,751
S01007529,827,157,670
S01007530,534,92,442
S01007531,793,131,662
S01007532,505,91,414
S01007533,799,158,641
S01007534,1369,279,1090
S01007535,913,191,722
S01007536,1066,218,848
S01007537,1458,341,1117
S01007538,796,160,636
S01007539,869,216,653
S01007540,833,233,600
S01007541,1166,299,867
S01007542,960,194,766
S01007543,1278,225,1053
S01007544,1440,340,1100
S01007545,1302,266,1036
S01007546,606,104,502
S01007547,546,82,464
S01007548,896,152,744
S01007549,783,159,624
S01007550,1284,267,1017
S01007551,1290,279,1011
S01007552,1044,276,768
S01007553,1065,306,759
S01007554,889,280,609
S01007555,782,193,589
S01007556,785,202,583
S01007557,1201,253,948
S01007558,570,132,438
S01007559,796,115,681
S01007560,1052,225,827
S01007561,1004,240,764
S01007562,783,129,654
S01007563,1084,207,877
S01007564,1225,256,969
S01007565,1002,183,819
S01007566,767,161,606
S01007567,547,76,471
S01007568,765,132,633
S01007569,960,205,755
S01007570,990,188,802
S01007571,549,96,453
S01007572,712,129,583
S01007573,169,93,76
S01007574,1380,235,1145
S01007575,879,239,640
S01007576,1113,252,861
S01007577,919,200,719
S01007578,885,191,694
S01007579,538,118,420
S01007580,1011,220,791
S01007581,651,125,526
S01007582,875,208,667
S01007583,1241,301,940
S01007584,857,221,636
S01007585,1041,240,801
S01007586,1003,189,814
S01007587,814,164,650
S01007588,1052,195,857
S01007589,1106,216,890
S01007590,653,122,531
S01007591,883,192,691
S01007592,998,247,751
S01007593,1065,302,763
S01007594,897,180,717
S01007595,956,189,767
S01007596,807,194,613
S01007597,646,116,530
S01007598,1068,172,896
S01007599,636,156,480
S01007600,975,250,725
S01007601,673,56,617
S01007602,1050,116,934
S01007603,973,79,894
S01007604,1099,145,954
S01007605,1188,150,1038
S01007606,614,103,511
S01007607,1038,130,908
S01007608,1094,182,912
S01007609,909,211,698
S01007610,804,265,539
S01007611,1017,308,709
S01007612,1001,251,750
S01007613,999,184,815
S01007614,807,141,666
S01007615,1280,291,989
S01007616,907,221,686
S01007617,736,123,613
S01007618,866,212,654
S01007619,808,180,628
S01007620,853,146,707
S01007621,771,183,588
S01007622,860,166,694
S01007623,501,80,421
S01007624,777,101,676
S01007625,721,97,624
S01007626,496,31,465
S01007627,242,29,213
S01007628,859,140,719
S01007629,740,115,625
S01007630,833,127,706
S01007631,593,112,481
S01007632,1647,298,1349
S01007633,1513,278,1235
S01007634,666,116,550
S01007635,805,169,636
S01007636,1257,283,974
S01007637,1420,276,1144
S01007638,1064,237,827
S01007639,1007,142,865
S01007640,582,94,488
S01007641,679,126,553
S01007642,1104,221,883
S01007643,958,216,742
S01007644,888,158,730
S01007645,775,119,656
S01007646,672,126,546
S01007647,1083,170,913
S01007648,1106,185,921
S01007649,790,139,651
S01007650,1065,217,848
S01007651,753,140,613
S01007652,797,147,650
S01007653,1129,179,950
S01007654,1238,266,972
S01007655,777,125,652
S01007656,968,167,801
S01007657,684,96,588
S01007658,662,137,525
S01007659,988,200,788
S01007660,1332,290,1042
S01007661,800,168,632
S01007662,994,247,747
S01007663,1109,239,870
S01007664,576,150,426
S01007665,675,135,540
S01007666,313,53,260
S01007667,535,107,428
S01007668,1296,298,998
S01007669,665,115,550
S01007670,1033,226,807
S01007671,695,155,540
S01007672,1049,184,865
S01007673,688,119,569
S01007674,1143,205,938
S01007675,701,115,586
S01007676,531,92,439
S01007677,155,21,134
S01007678,783,185,598
S01007679,945,217,728
S01007680,977,142,835
S01007681,540,111,429
S01007682,1120,166,954
S01007683,1224,118,1106
S01007684,1305,222,1083
S01007685,1246,132,1114
S01007686,1177,179,998
S01007687,1018,129,889
S01007688,1140,159,981
S01007689,662,119,543
S01007690,1335,172,1163
S01007691,2035,206,1829
S01007692,982,128,854
S01007693,735,136,599
S01007694,401,92,309
S01007695,994,292,702
S01007696,929,176,753
S01007697,1331,307,1024
S01007698,1247,230,1017
S01007699,820,139,681
S01007700,939,161,778
S01007701,444,133,311
S01007702,344,35,309
S01007703,1199,292,907
S01007704,1367,333,1034
S01007705,795,124,671
S01007706,771,100,671
S01007707,267,34,233
S01007708,1144,269,875
S01007709,817,231,586
S01007710,1107,217,890
S01007711,1312,281,1031
S01007712,1056,233,823
S01007713,609,179,430
S01007714,673,129,544
S01007715,658,219,439
S01007716,1122,407,715
S01007717,967,267,700
S01007718,985,350,635
S01007719,1493,436,1057
S01007720,1145,354,791
S01007721,1119,350,769
S01007722,969,338,631
S01007723,1067,417,650
S01007724,744,126,618
S01007725,1320,442,878
S01007726,885,226,659
S01007727,771,179,592
S01007728,1058,211,847
S01007729,963,164,799
S01007730,891,139,752
S01007731,500,131,369
S01007732,623,161,462
S01007733,939,138,801
S01007734,865,154,711
S01007735,865,133,732
S01007736,898,163,735
S01007737,994,246,748
S01007738,1130,302,828
S01007739,779,266,513
S01007740,730,134,596
S01007741,889,289,600
S01007742,742,207,535
S01007743,908,273,635
S01007744,795,250,545
S01007745,1013,315,698
S01007746,963,238,725
S01007747,890,219,671
S01007748,709,171,538
S01007749,1013,151,862
S01007750,1084,192,892
S01007751,771,166,605
S01007752,1176,288,888
S01007753,971,254,717
S01007754,1428,318,1110
S01007755,866,254,612
S01007756,939,295,644
S01007757,1368,235,1133
S01007758,1122,311,811
S01007759,1271,338,933
S01007760,1028,230,798
S01007761,990,115,875
S01007762,825,217,608
S01007763,845,239,606
S01007764,1032,106,926
S01007765,1014,157,857
S01007766,1167,160,1007
S01007767,1037,167,870
S01007768,797,164,633
S01007769,838,167,671
S01007770,844,143,701
S01007771,890,137,753
S01007772,1244,331,913
S01007773,830,123,707
S01007774,165,7,158
S01007775,1032,108,924
S01007776,554,36,518
S01007777,391,33,358
S01007778,417,156,261
S01007779,863,114,749
S01007780,876,89,787
S01007781,802,76,726
S01007782,686,106,580
S01007783,841,310,531
S01007784,908,102,806
S01007785,488,132,356
S01007786,939,250,689
S01007787,789,183,606
S01007788,825,192,633
S01007789,654,138,516
S01007790,823,163,660
S01007791,247,77,170
S01007792,1070,235,835
S01007793,1082,309,773
S01007794,1231,273,958
S01007795,915,181,734
S01007796,977,234,743
S01007797,831,190,641
S01007798,385,60,325
S01007799,225,28,197
S01007800,996,249,747
S01007801,1030,310,720
S01007802,716,69,647
S01007803,1152,366,786
S01007804,769,184,585
S01007805,846,183,663
S01007806,1004,212,792
S01007807,993,141,852
S01007808,974,185,789
S01007809,1360,276,1084
S01007810,1035,281,754
S01007811,947,214,733
S01007812,813,160,653
S01007813,1154,246,908
S01007814,889,191,698
S01007815,1249,281,968
S01007816,764,96,668
S01007817,921,191,730
S01007818,972,117,855
S01007819,809,193,616
S01007820,1080,259,821
S01007821,868,265,603
S01007822,1031,241,790
S01007823,872,141,731
S01007824,1236,261,975
S01007825,1283,312,971
S01007826,648,210,438
S01007827,740,116,624
S01007828,1273,383,890
S01007829,801,238,563
S01007830,1120,352,768
S01007831,935,245,690
S01007832,928,282,646
S01007833,1073,420,653
S01007834,811,208,603
S01007835,831,171,660
S01007836,898,212,686
S01007837,1314,213,1101
S01007838,1285,284,1001
S01007839,845,269,576
S01007840,986,219,767
S01007841,968,183,785
S01007842,1231,263,968
S01007843,1042,254,788
S01007844,1394,247,1147
S01007845,1003,225,778
S01007846,801,194,607
S01007847,1493,433,1060
S01007848,1113,302,811
S01007849,1023,281,742
S01007850,852,230,622
S01007851,1033,339,694
S01007852,1282,310,972
S01007853,838,276,562
S01007854,1207,407,800
S01007855,757,218,539
S01007856,952,244,708
S01007857,483,122,361
S01007858,959,314,645
S01007859,612,138,474
S01007860,252,39,213
S01007861,1181,262,919
S01007862,1137,263,874
S01007863,933,225,708
S01007864,988,260,728
S01007865,651,195,456
S01007866,594,38,556
S01007867,529,167,362
S01007868,1401,231,1170
S01007869,1244,270,974
S01007870,661,166,495
S01007871,1279,397,882
S01007872,833,264,569
S01007873,777,240,537
S01007874,876,318,558
S01007875,764,168,596
S01007876,790,174,616
S01007877,912,267,645
S01007878,798,295,503
S01007879,1300,405,895
S01007880,592,123,469
S01007881,644,166,478
S01007882,993,137,856
S01007883,920,198,722
S01007884,890,203,687
S01007885,1077,321,756
S01007886,937,275,662
S01007887,705,138,567
S01007888,1172,267,905
S01007889,1207,354,853
S01007890,766,164,602
S01007891,845,215,630
S01007892,1179,242,937
S01007893,1236,221,1015
S01007894,1084,188,896
S01007895,798,160,638
S01007896,1163,269,894
S01007897,757,122,635
S01007898,718,127,591
S01007899,558,108,450
S01007900,632,148,484
S01007901,798,194,604
S01007902,1116,344,772
S01007903,840,277,563
S01007904,822,209,613
S01007905,867,194,673
S01007906,910,314,596
S01007907,894,282,612
S01007908,1186,317,869
S01007909,533,114,419
S01007910,1245,267,978
S01007911,944,228,716
S01007912,897,267,630
S01007913,1240,369,871
S01007914,901,202,699
S01007915,928,192,736
S01007916,1171,411,760
S01007917,1380,367,1013
S01007918,1171,354,817
S01007919,708,94,614
S01007920,611,106,505
S01007921,1275,344,931
S01007922,1425,461,964
S01007923,747,194,553
S01007924,1203,347,856
S01007925,612,79,533
S01007926,748,108,640
S01007927,578,69,509
S01007928,1264,258,1006
S01007929,988,143,845
S01007930,549,76,473
S01007931,1056,195,861
S01007932,944,141,803
S01007933,1317,202,1115
S01007934,685,143,542
S01007935,1137,218,919
S01007936,922,90,832
S01007937,1241,140,1101
S01007938,878,222,656
S01007939,1068,253,815
S01007940,1681,342,1339
S01007941,674,75,599
S01007942,216,67,149
S01007943,1032,200,832
S01007944,1039,216,823
S01007945,1201,291,910
S01007946,1053,254,799
S01007947,1097,238,859
S01007948,842,227,615
S01007949,1042,175,867
S01007950,1057,158,899
S01007951,937,228,709
S01007952,864,222,642
S01007953,1085,254,831
S01007954,814,171,643
S01007955,1767,409,1358
S01007956,1027,235,792
S01007957,1249,349,900
S01007958,1120,351,769
S01007959,1934,465,1469
S01007960,644,159,485
S01007961,1674,390,1284
S01007962,1077,213,864
S01007963,1119,230,889
S01007964,868,205,663
S01007965,823,202,621
S01007966,1023,246,777
S01007967,902,193,709
S01007968,1117,215,902
S01007969,869,186,683
S01007970,1115,254,861
S01007971,1110,303,807
S01007972,1208,267,941
S01007973,1077,128,949
S01007974,1060,320,740
S01007975,730,193,537
S01007976,1026,295,731
S01007977,558,85,473
S01007978,860,139,721
S01007979,805,152,653
S01007980,845,242,603
S01007981,843,170,673
S01007982,755,107,648
S01007983,1523,370,1153
S01007984,939,223,716
S01007985,950,191,759
S01007986,600,113,487
S01007987,1166,195,971
S01007988,973,174,799
S01007989,828,127,701
S01007990,1231,154,1077
S01007991,699,53,646
S01007992,727,51,676
S01007993,1033,99,934
S01007994,338,8,330
S01007995,794,60,734
S01007996,383,46,337
S01007997,798,98,700
S01007998,675,127,548
S01007999,889,234,655
S01008000,927,210,717
S01008001,958,236,722
S01008002,1138,238,900
S01008003,730,158,572
S01008004,127,32,95
S01008005,130,45,85
S01008006,619,176,443
S01008007,684,126,558
S01008008,562,127,435
S01008009,815,217,598
S01008010,1112,279,833
S01008011,761,328,433
S01008012,848,209,639
S01008013,746,206,540
S01008014,779,140,639
S01008015,846,225,621
S01008016,825,227,598
S01008017,969,160,809
S01008018,973,151,822
S01008019,1076,246,830
S01008020,898,163,735
S01008021,691,98,593
S01008022,945,133,812
S01008023,1027,76,951
S01008024,170,12,158
S01008025,929,138,791
S01008026,1323,353,970
S01008027,955,220,735
S01008028,358,79,279
S01008029,1164,241,923
S01008030,1018,178,840
S01008031,1088,241,847
S01008032,1298,247,1051
S01008033,1280,84,1196
S01008034,1207,63,1144
S01008035,1073,120,953
S01008036,705,84,621
S01008037,1519,265,1254
S01008038,1103,190,913
S01008039,1068,161,907
S01008040,814,107,707
S01008041,1000,220,780
S01008042,913,156,757
S01008043,1188,181,1007
S01008044,1211,165,1046
S01008045,1231,182,1049
S01008046,1254,393,861
S01008047,729,102,627
S01008048,713,81,632
S01008049,1005,158,847
S01008050,680,121,559
S01008051,1285,148,1137
S01008052,855,116,739
S01008053,886,138,748
S01008054,807,168,639
S01008055,906,103,803
S01008056,1286,234,1052
S01008057,1337,234,1103
S01008058,962,79,883
S01008059,770,70,700
S01008060,2129,194,1935
S01008061,1062,101,961
S01008062,1110,163,947
S01008063,998,116,882
S01008064,1077,170,907
S01008065,1312,143,1169
S01008066,1100,104,996
S01008067,660,70,590
S01008068,1265,181,1084
S01008069,1222,195,1027
S01008070,1248,150,1098
S01008071,1035,130,905
S01008072,899,161,738
S01008073,478,44,434
S01008074,990,123,867
S01008075,620,102,518
S01008076,1032,199,833
S01008077,1094,151,943
S01008078,835,90,745
S01008079,918,139,779
S01008080,817,109,708
S01008081,693,92,601
S01008082,1024,143,881
S01008083,895,100,795
S01008084,939,146,793
S01008085,1286,134,1152
S01008086,1229,181,1048
S01008087,1218,165,1053
S01008088,974,141,833
S01008089,1066,138,928
S01008090,798,149,649
S01008091,597,71,526
S01008092,1087,222,865
S01008093,891,155,736
S01008094,1008,194,814
S01008095,1055,170,885
S01008096,829,180,649
S01008097,805,133,672
S01008098,784,118,666
S01008099,498,78,420
S01008100,1090,181,909
S01008101,1189,208,981
S01008102,787,167,620
S01008103,682,181,501
S01008104,1165,285,880
S01008105,1225,286,939
S01008106,983,281,702
S01008107,576,72,504
S01008108,1059,96,963
S01008109,1027,125,902
S01008110,994,154,840
S01008111,974,150,824
S01008112,1061,147,914
S01008113,1020,130,890
S01008114,950,109,841
S01008115,1015,103,912
S01008116,1593,207,1386
S01008117,876,160,716
S01008118,1727,352,1375
S01008119,792,180,612
S01008120,717,141,576
S01008121,695,98,597
S01008122,1465,219,1246
S01008123,1069,151,918
S01008124,1072,121,951
S01008125,1249,148,1101
S01008126,1028,96,932
S01008127,532,86,446
S01008128,1181,171,1010
S01008129,949,245,704
S01008130,977,230,747
S01008131,762,159,603
S01008132,1112,216,896
S01008133,787,181,606
S01008134,696,147,549
S01008135,1443,358,1085
S01008136,1462,342,1120
S01008137,1235,285,950
S01008138,915,236,679
S01008139,1272,332,940
S01008140,953,248,705
S01008141,1234,180,1054
S01008142,1092,120,972
S01008143,1356,266,1090
S01008144,1210,120,1090
S01008145,1158,283,875
S01008146,782,225,557
S01008147,961,191,770
S01008148,1023,151,872
S01008149,956,192,764
S01008150,1338,298,1040
S01008151,1025,254,771
S01008152,1214,328,886
S01008153,869,133,736
S01008154,1067,177,890
S01008155,927,124,803
S01008156,1097,199,898
S01008157,1056,179,877
S01008158,1113,95,1018
S01008159,1181,290,891
S01008160,1038,257,781
S01008161,1178,330,848
S01008162,1405,399,1006
S01008163,923,217,706
S01008164,669,135,534
S01008165,268,38,230
S01008166,731,127,604
S01008167,1020,219,801
S01008168,1105,277,828
S01008169,773,154,619
S01008170,732,109,623
S01008171,949,243,706
S01008172,582,107,475
S01008173,791,88,703
S01008174,581,75,506
S01008175,780,133,647
S01008176,838,98,740
S01008177,846,215,631
S01008178,729,90,639
S01008179,420,18,402
S01008180,518,34,484
S01008181,637,114,523
S01008182,1196,270,926
S01008183,1118,167,951
S01008184,872,212,660
S01008185,1258,325,933
S01008186,1035,202,833
S01008187,676,141,535
S01008188,1470,360,1110
S01008189,1014,205,809
S01008190,1087,245,842
S01008191,862,168,694
S01008192,1207,274,933
S01008193,943,212,731
S01008194,622,153,469
S01008195,1153,221,932
S01008196,901,157,744
S01008197,281,37,244
S01008198,723,169,554
S01008199,861,169,692
S01008200,935,249,686
S01008201,1302,342,960
S01008202,790,206,584
S01008203,548,130,418
S01008204,1031,328,703
S01008205,845,177,668
S01008206,1088,322,766
S01008207,771,134,637
S01008208,400,59,341
S01008209,194,39,155
S01008210,1417,348,1069
S01008211,993,218,775
S01008212,734,52,682
S01008213,831,112,719
S01008214,804,210,594
S01008215,1114,195,919
S01008216,883,85,798
S01008217,700,78,622
S01008218,560,46,514
S01008219,1068,249,819
S01008220,682,119,563
S01008221,848,184,664
S01008222,736,209,527
S01008223,593,191,402
S01008224,962,89,873
S01008225,852,149,703
S01008226,823,235,588
S01008227,947,217,730
S01008228,592,94,498
S01008229,843,179,664
S01008230,536,45,491
S01008231,96,10,86
S01008232,295,22,273
S01008233,373,60,313
S01008234,731,164,567
S01008235,937,214,723
S01008236,1105,185,920
S01008237,921,140,781
S01008238,988,188,800
S01008239,607,121,486
S01008240,1449,194,1255
S01008241,1092,137,955
S01008242,1278,279,999
S01008243,810,145,665
S01008244,830,140,690
S01008245,1173,191,982
S01008246,1344,178,1166
S01008247,865,117,748
S01008248,1228,187,1041
S01008249,809,123,686
S01008250,865,102,763
S01008251,881,75,806
S01008252,1107,146,961
S01008253,792,188,604
S01008254,1351,312,1039
S01008255,1123,189,934
S01008256,1145,204,941
S01008257,845,218,627
S01008258,1190,151,1039
S01008259,1083,214,869
S01008260,884,195,689
S01008261,1170,189,981
S01008262,813,109,704
S01008263,470,125,345
S01008264,591,119,472
S01008265,645,121,524
S01008266,770,102,668
S01008267,648,129,519
S01008268,692,152,540
S01008269,950,196,754
S01008270,1071,223,848
S01008271,741,141,600
S01008272,925,146,779
S01008273,988,162,826
S01008274,969,211,758
S01008275,771,125,646
S01008276,702,80,622
S01008277,693,83,610
S01008278,816,87,729
S01008279,762,121,641
S01008280,1264,223,1041
S01008281,860,95,765
S01008282,638,104,534
S01008283,470,95,375
S01008284,677,136,541
S01008285,759,198,561
S01008286,1390,288,1102
S01008287,1018,114,904
S01008288,1008,204,804
S01008289,779,138,641
S01008290,964,209,755
S01008291,1188,230,958
S01008292,647,103,544
S01008293,220,48,172
S01008294,385,68,317
S01008295,1193,157,1036
S01008296,713,165,548
S01008297,608,101,507
S01008298,1200,186,1014
S01008299,1078,291,787
S01008300,911,178,733
S01008301,1140,114,1026
S01008302,844,105,739
S01008303,783,170,613
S01008304,542,89,453
S01008305,874,120,754
S01008306,679,81,598
S01008307,820,159,661
S01008308,642,98,544
S01008309,902,262,640
S01008310,993,281,712
S01008311,623,145,478
S01008312,604,152,452
S01008313,1055,347,708
S01008314,885,187,698
S01008315,670,173,497
S01008316,918,175,743
S01008317,531,101,430
S01008318,1419,192,1227
S01008319,642,192,450
S01008320,731,160,571
S01008321,801,82,719
S01008322,1662,334,1328
S01008323,934,232,702
S01008324,650,167,483
S01008325,1212,233,979
S01008326,1053,225,828
S01008327,1141,293,848
S01008328,918,61,857
S01008329,1157,105,1052
S01008330,1168,128,1040
S01008331,752,62,690
S01008332,1105,244,861
S01008333,1098,284,814
S01008334,808,139,669
S01008335,892,197,695
S01008336,906,192,714
S01008337,545,89,456
S01008338,808,62,746
S01008339,590,34,556
S01008340,870,67,803
S01008341,666,29,637
S01008342,1125,155,970
S01008343,1161,251,910
S01008344,709,63,646
S01008345,1270,132,1138
S01008346,1062,128,934
S01008347,1241,238,1003
S01008348,1007,135,872
S01008349,1112,143,969
S01008350,821,100,721
S01008351,1127,156,971
S01008352,894,100,794
S01008353,408,46,362
S01008354,895,165,730
S01008355,1165,232,933
S01008356,911,99,812
S01008357,883,120,763
S01008358,916,188,728
S01008359,813,110,703
S01008360,1105,115,990
S01008361,830,68,762
S01008362,1045,99,946
S01008363,844,89,755
S01008364,815,93,722
S01008365,1045,137,908
S01008366,999,280,719
S01008367,906,224,682
S01008368,829,135,694
S01008369,847,131,716
S01008370,663,95,568
S01008371,879,93,786
S01008372,890,89,801
S01008373,1181,122,1059
S01008374,865,105,760
S01008375,784,98,686
S01008376,579,73,506
S01008377,928,113,815
S01008378,978,100,878
S01008379,527,81,446
S01008380,662,71,591
S01008381,1080,138,942
S01008382,923,113,810
S01008383,648,84,564
S01008384,970,130,840
S01008385,635,77,558
S01008386,994,139,855
S01008387,868,98,770
S01008388,628,54,574
S01008389,755,182,573
S01008390,754,90,664
S01008391,766,150,616
S01008392,924,104,820
S01008393,829,135,694
S01008394,1132,118,1014
S01008395,854,83,771
S01008396,906,133,773
S01008397,1052,114,938
S01008398,959,124,835
S01008399,714,190,524
S01008400,1109,166,943
S01008401,1227,196,1031
S01008402,999,118,881
S01008403,952,128,824
S01008404,1148,214,934
S01008405,960,87,873
S01008406,1202,266,936
S01008407,539,179,360
S01008408,757,76,681
S01008409,1020,192,828
S01008410,815,152,663
S01008411,1123,182,941
S01008412,658,111,547
S01008413,557,117,440
S01008414,684,55,629
S01008415,1027,188,839
S01008416,1184,237,947
S01008417,748,57,691
S01008418,762,80,682
S01008419,521,68,453
S01008420,627,79,548
S01008421,796,168,628
S01008422,959,135,824
S01008423,998,112,886
S01008424,1195,147,1048
S01008425,2744,220,2524
S01008426,1213,273,940
S01008427,1349,124,1225
S01008428,928,195,733
S01008429,926,179,747
S01008430,1164,197,967
S01008431,1089,150,939
S01008432,1167,157,1010
S01008433,916,109,807
S01008434,1175,125,1050
S01008435,1187,127,1060
S01008436,934,176,758
S01008437,1169,208,961
S01008438,1021,120,901
S01008439,1076,90,986
S01008440,1176,151,1025
S01008441,856,90,766
S01008442,568,54,514
S01008443,631,100,531
S01008444,1109,134,975
S01008445,1321,219,1102
S01008446,1696,303,1393
S01008447,704,79,625
S01008448,788,107,681
S01008449,637,107,530
S01008450,428,96,332
S01008451,1054,185,869
S01008452,813,171,642
S01008453,555,90,465
S01008454,1318,225,1093
S01008455,1242,289,953
S01008456,1024,241,783
S01008457,966,281,685
S01008458,843,162,681
S01008459,805,175,630
S01008460,1135,280,855
S01008461,943,216,727
S01008462,671,200,471
S01008463,928,215,713
S01008464,991,166,825
S01008465,1019,166,853
S01008466,918,118,800
S01008467,879,134,745
S01008468,1016,221,795
S01008469,574,128,446
S01008470,992,268,724
S01008471,838,192,646
S01008472,707,149,558
S01008473,724,152,572
S01008474,861,255,606
S01008475,826,233,593
S01008476,769,283,486
S01008477,1151,352,799
S01008478,963,284,679
S01008479,1142,375,767
S01008480,467,119,348
S01008481,1338,320,1018
S01008482,1212,330,882
S01008483,907,239,668
S01008484,980,212,768
S01008485,1166,166,1000
S01008486,900,199,701
S01008487,498,102,396
S01008488,775,221,554
S01008489,962,193,769
S01008490,1169,219,950
S01008491,756,147,609
S01008492,531,98,433
S01008493,863,176,687
S01008494,796,129,667
S01008495,989,130,859
S01008496,1113,111,1002
S01008497,900,107,793
S01008498,753,134,619
S01008499,1006,146,860
S01008500,326,59,267
S01008501,569,70,499
S01008502,633,39,594
S01008503,876,94,782
S01008504,1403,149,1254
S01008505,1029,87,942
S01008506,1094,211,883
S01008507,845,66,779
S01008508,1085,154,931
S01008509,995,118,877
S01008510,849,117,732
S01008511,1015,142,873
S01008512,1073,150,923
S01008513,1068,147,921
S01008514,836,188,648
S01008515,1033,147,886
S01008516,1633,484,1149
S01008517,963,154,809
S01008518,1197,117,1080
S01008519,1129,121,1008
S01008520,1245,145,1100
S01008521,880,103,777
S01008522,637,52,585
S01008523,294,27,267
S01008524,1212,299,913
S01008525,971,271,700
S01008526,902,214,688
S01008527,784,104,680
S01008528,740,92,648
S01008529,874,201,673
S01008530,1087,266,821
S01008531,1007,261,746
S01008532,702,162,540
S01008533,524,62,462
S01008534,920,67,853
S01008535,715,83,632
S01008536,726,95,631
S01008537,716,70,646
S01008538,655,105,550
S01008539,1148,130,1018
S01008540,1029,140,889
S01008541,1053,102,951
S01008542,1240,101,1139
S01008543,1082,75,1007
S01008544,680,30,650
S01008545,782,81,701
S01008546,909,94,815
S01008547,1194,123,1071
S01008548,1075,169,906
S01008549,1260,178,1082
S01008550,1063,101,962
S01008551,1014,145,869
S01008552,1163,124,1039
S01008553,805,176,629
S01008554,1022,233,789
S01008555,1023,294,729
S01008556,1193,356,837
S01008557,895,274,621
S01008558,956,262,694
S01008559,819,246,573
S01008560,807,213,594
S01008561,971,241,730
S01008562,798,232,566
S01008563,1280,270,1010
S01008564,1046,241,805
S01008565,1043,267,776
S01008566,1046,266,780
S01008567,705,178,527
S01008568,883,120,763
S01008569,782,214,568
S01008570,1045,310,735
S01008571,907,229,678
S01008572,960,243,717
S01008573,922,137,785
S01008574,1035,163,872
S01008575,842,86,756
S01008576,1020,141,879
S01008577,1235,298,937
S01008578,1010,180,830
S01008579,890,112,778
S01008580,884,193,691
S01008581,1113,358,755
S01008582,1434,365,1069
S01008583,902,297,605
S01008584,1216,284,932
S01008585,954,251,703
S01008586,936,299,637
S01008587,884,91,793
S01008588,1046,174,872
S01008589,380,57,323
S01008590,565,109,456
S01008591,1007,103,904
S01008592,953,215,738
S01008593,893,112,781
S01008594,860,114,746
S01008595,1132,394,738
S01008596,970,271,699
S01008597,1093,244,849
S01008598,1138,188,950
S01008599,970,102,868
S01008600,2999,272,2727
S01008601,2692,161,2531
S01008602,564,82,482
S01008603,1011,109,902
S01008604,995,129,866
S01008605,847,89,758
S01008606,1009,131,878
S01008607,614,130,484
S01008608,793,172,621
S01008609,1064,241,823
S01008610,1185,187,998
S01008611,1230,105,1125
S01008612,717,81,636
S01008613,1044,131,913
S01008614,914,74,840
S01008615,880,108,772
S01008616,900,62,838
S01008617,975,55,920
S01008618,748,47,701
S01008619,514,58,456
S01008620,788,59,729
S01008621,870,53,817
S01008622,962,46,916
S01008623,1101,93,1008
S01008624,750,219,531
S01008625,603,94,509
S01008626,1086,98,988
S01008627,844,146,698
S01008628,716,124,592
S01008629,1025,239,786
S01008630,652,112,540
S01008631,879,122,757
S01008632,1461,463,998
S01008633,1128,248,880
S01008634,761,64,697
S01008635,797,94,703
S01008636,873,142,731
S01008637,705,117,588
S01008638,1296,242,1054
S01008639,1292,153,1139
S01008640,1240,125,1115
S01008641,1090,114,976
S01008642,985,82,903
S01008643,1036,98,938
S01008644,623,55,568
S01008645,1014,92,922
S01008646,1239,140,1099
S01008647,668,42,626
S01008648,907,108,799
S01008649,1221,151,1070
S01008650,947,102,845
S01008651,837,135,702
S01008652,765,139,626
S01008653,711,122,589
S01008654,1137,153,984
S01008655,687,86,601
S01008656,1034,190,844
S01008657,818,97,721
S01008658,1067,187,880
S01008659,1169,126,1043
S01008660,1098,86,1012
S01008661,1023,149,874
S01008662,964,111,853
S01008663,1011,187,824
S01008664,959,112,847
S01008665,1093,138,955
S01008666,819,60,759
S01008667,947,123,824
S01008668,1001,60,941
S01008669,635,39,596
S01008670,1155,121,1034
S01008671,1183,130,1053
S01008672,605,44,561
S01008673,801,120,681
S01008674,1048,142,906
S01008675,826,143,683
S01008676,908,128,780
S01008677,742,121,621
S01008678,1071,105,966
S01008679,1071,217,854
S01008680,828,144,684
S01008681,964,236,728
S01008682,884,152,732
S01008683,1630,425,1205
S01008684,2943,298,2645
S01008685,773,188,585
S01008686,1068,270,798
S01008687,832,153,679
S01008688,889,182,707
S01008689,1248,207,1041
S01008690,1017,174,843
S01008691,1237,170,1067
S01008692,1003,127,876
S01008693,606,120,486
S01008694,1299,158,1141
S01008695,984,161,823
S01008696,703,76,627
S01008697,871,132,739
S01008698,757,147,610
S01008699,1140,284,856
S01008700,678,135,543
S01008701,417,108,309
S01008702,296,94,202
S01008703,757,238,519
S01008704,934,314,620
S01008705,391,139,252
S01008706,770,205,565
S01008707,1123,322,801
S01008708,816,231,585
S01008709,1137,253,884
S01008710,371,60,311
S01008711,763,225,538
S01008712,1174,379,795
S01008713,703,168,535
S01008714,717,176,541
S01008715,818,247,571
S01008716,689,211,478
S01008717,560,60,500
S01008718,608,141,467
S01008719,1110,160,950
S01008720,566,155,411
S01008721,854,41,813
S01008722,1076,253,823
S01008723,767,79,688
S01008724,1002,201,801
S01008725,785,113,672
S01008726,1156,166,990
S01008727,1249,277,972
S01008728,532,126,406
S01008729,828,123,705
S01008730,1051,144,907
S01008731,558,146,412
S01008732,816,171,645
S01008733,851,141,710
S01008734,850,129,721
S01008735,1178,177,1001
S01008736,710,146,564
S01008737,775,133,642
S01008738,916,172,744
S01008739,634,80,554
S01008740,833,88,745
S01008741,1192,176,1016
S01008742,763,169,594
S01008743,1121,244,877
S01008744,1060,272,788
S01008745,539,83,456
S01008746,1135,286,849
S01008747,593,133,460
S01008748,1076,187,889
S01008749,1185,226,959
S01008750,797,149,648
S01008751,1135,299,836
S01008752,1020,310,710
S01008753,711,206,505
S01008754,732,176,556
S01008755,852,211,641
S01008756,827,276,551
S01008757,714,258,456
S01008758,1013,338,675
S01008759,716,235,481
S01008760,1360,303,1057
S01008761,589,123,466
S01008762,584,71,513
S01008763,901,122,779
S01008764,713,98,615
S01008765,1301,143,1158
S01008766,1435,241,1194
S01008767,891,154,737
S01008768,656,141,515
S01008769,217,27,190
S01008770,76,4,72
S01008771,76,4,72
S01008772,1095,255,840
S01008773,927,204,723
S01008774,845,182,663
S01008775,586,86,500
S01008776,1272,290,982
S01008777,914,260,654
S01008778,597,72,525
S01008779,411,76,335
S01008780,352,65,287
S01008781,320,36,284
S01008782,510,41,469
S01008783,325,46,279
S01008784,554,97,457
S01008785,846,257,589
S01008786,873,189,684
S01008787,562,142,420
S01008788,405,50,355
S01008789,641,236,405
S01008790,679,132,547
S01008791,392,53,339
S01008792,994,220,774
S01008793,859,234,625
S01008794,832,255,577
S01008795,1016,187,829
S01008796,1014,146,868
S01008797,941,172,769
S01008798,950,205,745
S01008799,237,86,151
S01008800,818,158,660
S01008801,848,114,734
S01008802,1072,197,875
S01008803,1101,235,866
S01008804,732,222,510
S01008805,619,81,538
S01008806,738,125,613
S01008807,1013,146,867
S01008808,732,124,608
S01008809,849,132,717
S01008810,1034,143,891
S01008811,780,113,667
S01008812,896,93,803
S01008813,808,155,653
S01008814,1197,203,994
S01008815,1102,203,899
S01008816,243,85,158
S01008817,664,100,564
S01008818,991,157,834
S01008819,1027,201,826
S01008820,1204,258,946
S01008821,826,87,739
S01008822,851,91,760
S01008823,949,217,732
S01008824,1239,161,1078
S01008825,638,98,540
S01008826,689,86,603
S01008827,1050,144,906
S01008828,973,157,816
S01008829,1093,197,896
S01008830,1299,172,1127
S01008831,1056,149,907
S01008832,607,125,482
S01008833,1063,187,876
S01008834,1269,209,1060
S01008835,1075,199,876
S01008836,536,138,398
S01008837,953,140,813
S01008838,968,126,842
S01008839,1137,180,957
S01008840,1037,121,916
S01008841,441,45,396
S01008842,201,27,174
S01008843,721,95,626
S01008844,439,33,406
S01008845,688,58,630
S01008846,842,84,758
S01008847,701,66,635
S01008848,871,91,780
S01008849,990,82,908
S01008850,1327,157,1170
S01008851,1201,226,975
S01008852,1194,123,1071
S01008853,557,49,508
S01008854,1030,93,937
S01008855,984,78,906
S01008856,658,58,600
S01008857,1029,140,889
S01008858,1058,167,891
S01008859,909,177,732
S01008860,1317,256,1061
S01008861,1026,111,915
S01008862,1095,139,956
S01008863,823,87,736
S01008864,1496,174,1322
S01008865,1079,193,886
S01008866,1009,92,917
S01008867,925,101,824
S01008868,1065,90,975
S01008869,1166,169,997
S01008870,1119,123,996
S01008871,1298,119,1179
S01008872,1057,98,959
S01008873,802,73,729
S01008874,848,130,718
S01008875,1095,188,907
S01008876,766,162,604
S01008877,766,128,638
S01008878,1249,279,970
S01008879,872,158,714
S01008880,722,129,593
S01008881,642,104,538
S01008882,1316,231,1085
S01008883,1199,256,943
S01008884,842,125,717
S01008885,968,116,852
S01008886,1146,125,1021
S01008887,783,121,662
S01008888,1033,93,940
S01008889,549,96,453
S01008890,835,126,709
S01008891,792,108,684
S01008892,1161,223,938
S01008893,1107,152,955
S01008894,1011,106,905
S01008895,776,199,577
S01008896,708,167,541
S01008897,902,130,772
S01008898,1018,162,856
S01008899,866,241,625
S01008900,907,211,696
S01008901,1038,284,754
S01008902,991,261,730
S01008903,1141,321,820
S01008904,1079,226,853
S01008905,1231,275,956
S01008906,678,124,554
S01008907,779,186,593
S01008908,938,216,722
S01008909,1179,173,1006
S01008910,763,123,640
S01008911,344,105,239
S01008912,902,149,753
S01008913,532,55,477
S01008914,1185,298,887
S01008915,630,97,533
S01008916,1339,429,910
S01008917,653,168,485
S01008918,632,171,461
S01008919,564,178,386
S01008920,225,46,179
S01008921,1007,330,677
S01008922,1304,254,1050
S01008923,943,262,681
S01008924,994,190,804
S01008925,836,114,722
S01008926,368,68,300
S01008927,71,10,61
S01008928,448,180,268
S01008929,1535,460,1075
S01008930,1244,292,952
S01008931,864,202,662
S01008932,436,100,336
S01008933,660,144,516
S01008934,526,132,394
S01008935,1062,184,878
S01008936,661,97,564
S01008937,721,143,578
S01008938,1007,141,866
S01008939,841,119,722
S01008940,758,115,643
S01008941,824,81,743
S01008942,1248,148,1100
S01008943,813,75,738
S01008944,991,117,874
S01008945,1147,108,1039
S01008946,746,110,636
S01008947,1166,137,1029
S01008948,1070,243,827
S01008949,1337,310,1027
S01008950,1000,273,727
S01008951,1117,315,802
S01008952,1606,356,1250
S01008953,1180,305,875
S01008954,972,333,639
S01008955,888,131,757
S01008956,1374,180,1194
S01008957,1177,156,1021
S01008958,744,185,559
S01008959,1051,153,898
S01008960,424,28,396
S01008961,1030,151,879
S01008962,744,90,654
S01008963,932,137,795
S01008964,773,110,663
S01008965,762,114,648
S01008966,934,127,807
S01008967,1134,152,982
S01008968,1412,151,1261
S01008969,1050,183,867
S01008970,1125,166,959
S01008971,715,77,638
S01008972,1533,306,1227
S01008973,746,184,562
S01008974,865,178,687
S01008975,864,270,594
S01008976,715,96,619
S01008977,839,124,715
S01008978,724,108,616
S01008979,831,101,730
S01008980,792,87,705
S01008981,829,162,667
S01008982,928,131,797
S01008983,886,111,775
S01008984,519,70,449
S01008985,826,88,738
S01008986,956,122,834
S01008987,1062,179,883
S01008988,871,229,642
S01008989,1059,128,931
S01008990,1218,124,1094
S01008991,1251,70,1181
S01008992,447,76,371
S01008993,1081,150,931
S01008994,1002,136,866
S01008995,1074,118,956
S01008996,783,143,640
S01008997,902,143,759
S01008998,959,122,837
S01008999,1015,216,799
S01009000,1163,153,1010
S01009001,744,90,654
S01009002,789,121,668
S01009003,920,119,801
S01009004,894,107,787
S01009005,972,110,862
S01009006,1413,261,1152
S01009007,927,192,735
S01009008,983,114,869
S01009009,579,119,460
S01009010,1421,112,1309
S01009011,1338,85,1253
S01009012,993,92,901
S01009013,1155,114,1041
S01009014,804,170,634
S01009015,540,108,432
S01009016,560,92,468
S01009017,725,111,614
S01009018,777,114,663
S01009019,935,136,799
S01009020,951,169,782
S01009021,736,126,610
S01009022,921,172,749
S01009023,958,192,766
S01009024,1238,270,968
S01009025,965,194,771
S01009026,1100,249,851
S01009027,834,184,650
S01009028,596,140,456
S01009029,768,156,612
S01009030,994,188,806
S01009031,798,155,643
S01009032,631,136,495
S01009033,816,192,624
S01009034,644,133,511
S01009035,867,137,730
S01009036,871,168,703
S01009037,683,134,549
S01009038,928,191,737
S01009039,1103,196,907
S01009040,919,302,617
S01009041,1031,259,772
S01009042,881,173,708
S01009043,1270,270,1000
S01009044,1127,321,806
S01009045,1105,221,884
S01009046,782,156,626
S01009047,691,108,583
S01009048,745,142,603
S01009049,706,148,558
S01009050,860,173,687
S01009051,878,195,683
S01009052,907,198,709
S01009053,602,154,448
S01009054,713,167,546
S01009055,735,152,583
S01009056,604,122,482
S01009057,733,186,547
S01009058,895,238,657
S01009059,500,125,375
S01009060,456,155,301
S01009061,1021,165,856
S01009062,990,195,795
S01009063,704,108,596
S01009064,728,114,614
S01009065,1225,313,912
S01009066,774,157,617
S01009067,480,50,430
S01009068,935,179,756
S01009069,920,94,826
S01009070,1014,145,869
S01009071,558,117,441
S01009072,344,76,268
S01009073,887,247,640
S01009074,1097,280,817
S01009075,709,148,561
S01009076,1217,171,1046
S01009077,796,109,687
S01009078,386,49,337
S01009079,1207,370,837
S01009080,1560,430,1130
S01009081,1060,296,764
S01009082,1149,322,827
S01009083,722,142,580
S01009084,1030,307,723
S01009085,277,40,237
S01009086,709,152,557
S01009087,704,159,545
S01009088,1374,483,891
S01009089,463,44,419
S01009090,154,9,145
S01009091,211,16,195
S01009092,991,265,726
S01009093,944,180,764
S01009094,923,131,792
S01009095,1548,540,1008
S01009096,467,104,363
S01009097,909,98,811
S01009098,578,74,504
S01009099,905,215,690
S01009100,1253,364,889
S01009101,1088,257,831
S01009102,1158,226,932
S01009103,694,88,606
S01009104,839,204,635
S01009105,683,148,535
S01009106,851,174,677
S01009107,965,170,795
S01009108,951,138,813
S01009109,1109,123,986
S01009110,881,171,710
S01009111,1140,136,1004
S01009112,620,103,517
S01009113,665,104,561
S01009114,791,114,677
S01009115,877,135,742
S01009116,900,127,773
S01009117,705,140,565
S01009118,661,40,621
S01009119,972,227,745
S01009120,746,136,610
S01009121,1056,251,805
S01009122,977,198,779
S01009123,340,46,294
S01009124,561,95,466
S01009125,822,226,596
S01009126,742,221,521
S01009127,595,135,460
S01009128,1011,337,674
S01009129,683,164,519
S01009130,430,122,308
S01009131,878,297,581
S01009132,939,101,838
S01009133,762,189,573
S01009134,1024,226,798
S01009135,619,44,575
S01009136,328,150,178
S01009137,302,143,159
S01009138,995,138,857
S01009139,675,148,527
S01009140,673,147,526
S01009141,586,177,409
S01009142,674,176,498
S01009143,553,174,379
S01009144,691,120,571
S01009145,1193,328,865
S01009146,1059,298,761
S01009147,995,272,723
S01009148,799,162,637
S01009149,563,146,417
S01009150,724,407,317
S01009151,679,196,483
S01009152,805,295,510
S01009153,735,139,596
S01009154,818,163,655
S01009155,623,151,472
S01009156,924,201,723
S01009157,981,236,745
S01009158,890,190,700
S01009159,687,196,491
S01009160,610,223,387
S01009161,887,251,636
S01009162,712,188,524
S01009163,521,144,377
S01009164,1057,254,803
S01009165,739,159,580
S01009166,962,293,669
S01009167,857,234,623
S01009168,1007,162,845
S01009169,920,303,617
S01009170,710,161,549
S01009171,845,120,725
S01009172,721,109,612
S01009173,883,98,785
S01009174,88,5,83
S01009175,987,72,915
S01009176,883,144,739
S01009177,895,146,749
S01009178,883,151,732
S01009179,986,181,805
S01009180,1017,239,778
S01009181,1216,227,989
S01009182,1186,182,1004
S01009183,1124,112,1012
S01009184,1230,302,928
S01009185,1118,286,832
S01009186,893,179,714
S01009187,840,121,719
S01009188,1105,239,866
S01009189,1127,253,874
S01009190,826,109,717
S01009191,189,13,176
S01009192,948,126,822
S01009193,380,54,326
S01009194,960,127,833
S01009195,923,115,808
S01009196,754,167,587
S01009197,963,153,810
S01009198,876,127,749
S01009199,736,126,610
S01009200,951,163,788
S01009201,779,120,659
S01009202,606,75,531
S01009203,666,201,465
S01009204,1065,224,841
S01009205,1291,135,1156
S01009206,1138,115,1023
S01009207,968,102,866
S01009208,722,124,598
S01009209,1143,257,886
S01009210,907,204,703
S01009211,785,125,660
S01009212,947,249,698
S01009213,790,172,618
S01009214,1253,218,1035
S01009215,1155,290,865
S01009216,1138,257,881
S01009217,796,212,584
S01009218,1216,253,963
S01009219,679,171,508
S01009220,629,126,503
S01009221,599,152,447
S01009222,710,156,554
S01009223,510,148,362
S01009224,975,296,679
S01009225,812,221,591
S01009226,1198,378,820
S01009227,686,223,463
S01009228,797,217,580
S01009229,918,172,746
S01009230,898,121,777
S01009231,1022,181,841
S01009232,700,144,556
S01009233,819,216,603
S01009234,1049,223,826
S01009235,847,169,678
S01009236,712,132,580
S01009237,722,108,614
S01009238,1092,211,881
S01009239,913,146,767
S01009240,701,187,514
S01009241,1013,206,807
S01009242,986,168,818
S01009243,1298,214,1084
S01009244,876,91,785
S01009245,892,148,744
S01009246,1058,257,801
S01009247,1246,310,936
S01009248,799,108,691
S01009249,1133,309,824
S01009250,793,178,615
S01009251,627,100,527
S01009252,477,20,457
S01009253,741,231,510
S01009254,1026,255,771
S01009255,649,184,465
S01009256,627,124,503
S01009257,575,156,419
S01009258,792,146,646
S01009259,787,153,634
S01009260,1175,223,952
S01009261,840,223,617
S01009262,814,218,596
S01009263,431,107,324
S01009264,818,149,669
S01009265,755,138,617
S01009266,1051,266,785
S01009267,822,215,607
S01009268,724,169,555
S01009269,1180,246,934
S01009270,764,224,540
S01009271,916,107,809
S01009272,949,196,753
S01009273,939,220,719
S01009274,987,246,741
S01009275,694,173,521
S01009276,1062,144,918
S01009277,746,101,645
S01009278,389,69,320
S01009279,591,109,482
S01009280,939,293,646
S01009281,899,261,638
S01009282,948,158,790
S01009283,602,101,501
S01009284,805,82,723
S01009285,961,109,852
S01009286,972,128,844
S01009287,888,125,763
S01009288,869,164,705
S01009289,929,134,795
S01009290,673,109,564
S01009291,1204,130,1074
S01009292,531,124,407
S01009293,661,127,534
S01009294,654,100,554
S01009295,830,87,743
S01009296,953,169,784
S01009297,1004,122,882
S01009298,1208,345,863
S01009299,1008,184,824
S01009300,615,117,498
S01009301,1093,214,879
S01009302,970,278,692
S01009303,835,212,623
S01009304,1306,259,1047
S01009305,974,215,759
S01009306,1121,208,913
S01009307,1216,202,1014
S01009308,809,140,669
S01009309,604,110,494
S01009310,956,130,826
S01009311,1033,245,788
S01009312,1002,137,865
S01009313,683,183,500
S01009314,988,136,852
S01009315,697,200,497
S01009316,917,91,826
S01009317,1030,111,919
S01009318,1052,123,929
S01009319,1006,178,828
S01009320,881,167,714
S01009321,558,56,502
S01009322,710,112,598
S01009323,968,180,788
S01009324,652,126,526
S01009325,546,63,483
S01009326,371,134,237
S01009327,675,186,489
S01009328,102,6,96
S01009330,157,40,117
S01009331,250,17,233
S01009332,862,187,675
S01009333,998,188,810
S01009334,647,151,496
S01009335,865,200,665
S01009336,616,146,470
S01009337,986,223,763
S01009338,778,187,591
S01009339,1011,258,753
S01009340,1066,219,847
S01009341,1072,284,788
S01009342,954,214,740
S01009343,596,93,503
S01009344,785,187,598
S01009345,1287,201,1086
S01009346,164,11,153
S01009347,293,42,251
S01009348,239,31,208
S01009349,126,3,123
S01009350,186,29,157
S01009351,75,20,55
S01009352,76,3,73
S01009353,397,25,372
S01009354,290,14,276
S01009355,1010,112,898
S01009356,1059,145,914
S01009357,482,39,443
S01009358,334,23,311
S01009359,255,14,241
S01009360,821,125,696
S01009361,891,128,763
S01009362,1239,130,1109
S01009363,1044,218,826
S01009364,854,114,740
S01009365,733,114,619
S01009366,925,220,705
S01009367,801,194,607
S01009368,834,110,724
S01009369,1057,200,857
S01009370,928,194,734
S01009371,551,115,436
S01009372,653,125,528
S01009373,976,232,744
S01009374,922,210,712
S01009375,777,159,618
S01009376,920,208,712
S01009377,846,115,731
S01009378,1092,124,968
S01009379,221,32,189
S01009380,709,67,642
S01009381,692,109,583
S01009382,1322,348,974
S01009383,987,204,783
S01009384,579,87,492
S01009385,758,103,655
S01009386,1126,223,903
S01009387,986,172,814
S01009388,1220,272,948
S01009389,960,184,776
S01009390,783,37,746
S01009391,828,39,789
S01009392,521,41,480
S01009393,831,93,738
S01009394,809,145,664
S01009395,1133,151,982
S01009396,779,75,704
S01009397,741,103,638
S01009398,1223,207,1016
S01009399,1128,139,989
S01009400,1002,184,818
S01009401,1060,149,911
S01009402,846,142,704
S01009403,844,94,750
S01009404,718,155,563
S01009405,752,127,625
S01009406,1015,223,792
S01009407,492,98,394
S01009408,494,91,403
S01009409,911,229,682
S01009410,909,193,716
S01009411,1440,326,1114
S01009412,922,237,685
S01009413,1302,294,1008
S01009414,835,147,688
S01009415,1130,291,839
S01009416,665,103,562
S01009417,400,85,315
S01009418,1196,327,869
S01009419,1026,227,799
S01009420,829,182,647
S01009421,709,142,567
S01009422,1156,241,915
S01009423,264,51,213
S01009424,745,199,546
S01009425,853,207,646
S01009426,1053,305,748
S01009427,622,188,434
S01009428,624,196,428
S01009429,924,279,645
S01009430,728,230,498
S01009431,998,291,707
S01009432,1159,272,887
S01009433,924,228,696
S01009434,575,188,387
S01009435,1072,291,781
S01009436,615,164,451
S01009437,915,256,659
S01009438,1120,343,777
S01009439,1192,362,830
S01009440,944,276,668
S01009441,940,235,705
S01009442,704,157,547
S01009443,913,224,689
S01009444,801,117,684
S01009445,1036,270,766
S01009446,1011,311,700
S01009447,786,228,558
S01009448,655,192,463
S01009449,707,216,491
S01009450,697,196,501
S01009451,1274,378,896
S01009452,861,230,631
S01009453,1010,303,707
S01009454,1157,155,1002
S01009455,1419,249,1170
S01009456,881,271,610
S01009457,798,153,645
S01009458,638,167,471
S01009459,1002,257,745
S01009460,793,182,611
S01009461,181,28,153
S01009462,682,149,533
S01009463,1118,203,915
S01009464,897,156,741
S01009465,648,92,556
S01009466,840,155,685
S01009467,849,152,697
S01009468,725,185,540
S01009469,815,179,636
S01009470,854,144,710
S01009471,797,277,520
S01009472,1175,233,942
S01009473,776,203,573
S01009474,810,171,639
S01009475,203,15,188
S01009476,435,54,381
S01009477,1095,239,856
S01009478,920,161,759
S01009479,887,167,720
S01009480,1061,184,877
S01009481,865,179,686
S01009482,684,166,518
S01009483,743,114,629
S01009484,1269,310,959
S01009485,790,211,579
S01009486,771,229,542
S01009487,1226,340,886
S01009488,978,188,790
S01009489,867,259,608
S01009490,895,209,686
S01009491,637,221,416
S01009492,943,194,749
S01009493,1250,216,1034
S01009494,1255,123,1132
S01009495,941,91,850
S01009496,849,180,669
S01009497,1101,159,942
S01009498,662,85,577
S01009499,834,167,667
S01009500,869,217,652
S01009501,836,216,620
S01009502,1078,237,841
S01009503,1068,203,865
S01009504,888,191,697
S01009505,920,214,706
S01009506,1215,328,887
S01009507,789,125,664
S01009508,1181,246,935
S01009509,1056,265,791
S01009510,888,104,784
S01009511,1020,134,886
S01009512,1089,123,966
S01009513,863,91,772
S01009514,960,97,863
S01009515,869,225,644
S01009516,1194,304,890
S01009517,81,25,56
S01009518,285,66,219
S01009519,777,100,677
S01009520,990,153,837
S01009521,907,251,656
S01009522,1028,241,787
S01009523,893,217,676
S01009524,782,212,570
S01009525,595,148,447
S01009526,407,46,361
S01009527,774,171,603
S01009528,739,242,497
S01009529,1164,238,926
S01009530,897,164,733
S01009531,1094,284,810
S01009532,1059,347,712
S01009533,876,296,580
S01009534,751,258,493
S01009535,899,267,632
S01009536,567,112,455
S01009537,604,160,444
S01009538,1064,320,744
S01009539,1091,280,811
S01009540,1080,277,803
S01009541,1143,257,886
S01009542,879,226,653
S01009543,849,204,645
S01009544,932,222,710
S01009545,800,188,612
S01009546,750,216,534
S01009547,828,190,638
S01009548,1015,221,794
S01009549,1066,186,880
S01009550,669,95,574
S01009551,728,128,600
S01009552,1345,319,1026
S01009553,1126,249,877
S01009554,863,181,682
S01009555,939,176,763
S01009556,1075,164,911
S01009557,1019,202,817
S01009558,752,148,604
S01009559,1303,238,1065
S01009560,861,156,705
S01009561,783,174,609
S01009562,1169,247,922
S01009563,937,238,699
S01009564,719,150,569
S01009565,640,127,513
S01009566,1098,181,917
S01009567,1076,190,886
S01009568,939,212,727
S01009569,1080,219,861
S01009570,639,139,500
S01009571,794,164,630
S01009572,1083,266,817
S01009573,754,201,553
S01009574,1058,263,795
S01009575,878,212,666
S01009576,670,95,575
S01009577,921,137,784
S01009578,1130,207,923
S01009579,321,44,277
S01009580,626,70,556
S01009581,810,149,661
S01009582,578,99,479
S01009583,853,155,698
S01009584,353,78,275
S01009585,1320,244,1076
S01009586,1145,293,852
S01009587,979,285,694
S01009588,1133,316,817
S01009589,1184,219,965
S01009590,584,150,434
S01009591,886,115,771
S01009592,840,173,667
S01009593,634,82,552
S01009594,670,40,630
S01009595,405,75,330
S01009596,1125,186,939
S01009597,1193,217,976
S01009598,778,168,610
S01009599,1306,237,1069
S01009600,1053,229,824
S01009601,938,163,775
S01009602,713,43,670
S01009603,833,127,706
S01009604,834,166,668
S01009605,1020,223,797
S01009606,280,75,205
S01009607,506,68,438
S01009608,610,137,473
S01009609,1009,186,823
S01009610,1056,229,827
S01009611,478,72,406
S01009612,569,146,423
S01009613,523,84,439
S01009614,631,123,508
S01009615,629,121,508
S01009616,1221,225,996
S01009617,766,91,675
S01009618,1013,294,719
S01009619,776,260,516
S01009620,975,311,664
S01009621,975,242,733
S01009622,953,262,691
S01009623,843,230,613
S01009624,1008,277,731
S01009625,1295,334,961
S01009626,842,230,612
S01009627,978,265,713
S01009628,645,267,378
S01009629,1228,289,939
S01009630,851,225,626
S01009631,814,231,583
S01009632,742,245,497
S01009633,747,186,561
S01009634,781,241,540
S01009635,1315,292,1023
S01009636,974,240,734
S01009637,870,221,649
S01009638,719,194,525
S01009639,1010,218,792
S01009640,749,228,521
S01009641,843,237,606
S01009642,1036,223,813
S01009643,215,65,150
S01009644,603,150,453
S01009645,920,244,676
S01009646,773,192,581
S01009647,659,213,446
S01009648,1197,259,938
S01009649,1079,255,824
S01009650,787,161,626
S01009651,968,185,783
S01009652,1132,211,921
S01009653,842,132,710
S01009654,596,122,474
S01009655,1044,259,785
S01009656,875,300,575
S01009657,935,241,694
S01009658,1024,203,821
S01009659,705,168,537
S01009660,941,219,722
S01009661,899,194,705
S01009662,849,151,698
S01009663,773,138,635
S01009664,1062,167,895
S01009665,1230,260,970
S01009666,1191,233,958
S01009667,409,61,348
S01009668,458,66,392
S01009669,594,98,496
S01009670,875,152,723
S01009671,820,124,696
S01009672,1206,237,969
S01009673,861,205,656
S01009674,1088,190,898
S01009675,960,135,825
S01009676,1463,214,1249
S01009677,683,112,571
S01009678,604,117,487
S01009679,1014,194,820
S01009680,1054,168,886
S01009681,946,318,628
S01009682,753,141,612
S01009683,895,166,729
S01009684,930,123,807
S01009685,1209,396,813
S01009686,1098,237,861
S01009687,1047,215,832
S01009688,1251,279,972
S01009689,550,131,419
S01009690,769,132,637
S01009691,606,76,530
S01009692,1183,249,934
S01009693,815,103,712
S01009694,1161,213,948
S01009695,1044,148,896
S01009696,1057,154,903
S01009697,801,150,651
S01009698,687,114,573
S01009699,733,150,583
S01009700,699,136,563
S01009701,944,178,766
S01009702,608,96,512
S01009703,991,223,768
S01009704,1297,208,1089
S01009705,785,139,646
S01009706,885,181,704
S01009707,642,102,540
S01009708,696,135,561
S01009709,865,186,679
S01009710,483,69,414
S01009711,998,239,759
S01009712,676,135,541
S01009713,904,175,729
S01009714,898,180,718
S01009715,819,155,664
S01009716,1255,223,1032
S01009717,1184,217,967
S01009718,952,199,753
S01009719,1024,186,838
S01009720,861,218,643
S01009721,842,61,781
S01009722,1117,133,984
S01009723,796,145,651
S01009724,1083,263,820
S01009725,942,117,825
S01009726,906,89,817
S01009727,1049,99,950
S01009728,827,100,727
S01009729,1039,148,891
S01009730,1011,156,855
S01009731,906,175,731
S01009732,1450,222,1228
S01009733,1067,115,952
S01009734,1809,195,1614
S01009735,823,144,679
S01009736,1641,202,1439
S01009737,781,110,671
S01009738,524,67,457
S01009739,470,36,434
S01009740,755,165,590
S01009741,963,64,899
S01009742,492,60,432
S01009743,1203,181,1022
S01009744,721,94,627
S01009745,881,125,756
S01009746,795,115,680
S01009747,947,184,763
S01009748,792,121,671
S01009749,980,191,789
S01009750,739,170,569
S01009751,1056,223,833
S01009752,835,119,716
S01009753,736,140,596
S01009754,1430,239,1191
S01009755,691,136,555
S01009756,862,125,737
S01009757,773,101,672
S01009758,1130,243,887
S01009759,1211,316,895
S01009760,1052,310,742
S01009761,1003,199,804
S01009762,976,249,727
S01009763,451,29,422
S01009764,952,205,747
S01009765,1031,217,814
S01009766,996,212,784
S01009767,801,187,614
S01009768,514,153,361
S01009769,1001,325,676
S01009770,874,90,784
S01009771,896,94,802
S01009772,799,140,659
S01009773,156,29,127
S01009774,108,4,104
S01009775,928,307,621
S01009776,1053,276,777
S01009777,673,158,515
S01009778,1141,465,676
S01009779,716,279,437
S01009780,936,251,685
S01009781,863,285,578
S01009782,542,108,434
S01009783,516,115,401
S01009784,1052,294,758
S01009785,1067,338,729
S01009786,1141,349,792
S01009787,964,322,642
S01009788,1300,468,832
S01009789,1157,415,742
S01009790,940,294,646
S01009791,810,244,566
S01009792,239,34,205
S01009793,914,196,718
S01009794,368,25,343
S01009795,855,72,783
S01009796,746,227,519
S01009797,572,87,485
S01009798,970,132,838
S01009799,1535,451,1084
S01009800,1306,369,937
S01009801,1325,366,959
S01009802,957,231,726
S01009803,893,297,596
S01009804,414,199,215
S01009805,800,254,546
S01009806,1173,397,776
S01009807,942,198,744
S01009808,1317,442,875
S01009809,1133,258,875
S01009810,920,288,632
S01009811,1263,493,770
S01009812,914,276,638
S01009813,1128,346,782
S01009814,1134,310,824
S01009815,1059,209,850
S01009816,1181,183,998
S01009817,856,237,619
S01009818,925,174,751
S01009819,1145,288,857
S01009820,1018,275,743
S01009821,862,169,693
S01009822,933,234,699
S01009823,1157,400,757
S01009824,843,265,578
S01009825,1214,371,843
S01009826,824,245,579
S01009827,900,308,592
S01009828,1283,452,831
S01009829,1241,298,943
S01009830,1007,205,802
S01009831,1264,192,1072
S01009832,1090,292,798
S01009833,660,132,528
S01009834,693,194,499
S01009835,623,232,391
S01009836,756,216,540
S01009837,805,331,474
S01009838,777,232,545
S01009839,1081,259,822
S01009840,1025,364,661
S01009841,1165,404,761
S01009842,959,305,654
S01009843,560,224,336
S01009844,730,231,499
S01009845,1046,346,700
S01009846,1050,270,780
S01009847,571,164,407
S01009848,902,299,603
S01009849,1087,448,639
S01009850,966,321,645
S01009851,1060,419,641
S01009852,582,216,366
S01009853,935,303,632
S01009854,789,254,535
S01009855,758,218,540
S01009856,584,221,363
S01009857,826,271,555
S01009858,965,315,650
S01009859,1140,457,683
S01009860,988,360,628
S01009861,1571,480,1091
S01009862,1079,343,736
S01009863,987,219,768
S01009864,973,234,739
S01009865,655,169,486
S01009866,986,305,681
S01009867,992,255,737
S01009868,1086,229,857
S01009869,1043,137,906
S01009870,1012,316,696
S01009871,1048,390,658
S01009872,884,146,738
S01009873,926,193,733
S01009874,1036,271,765
S01009875,561,136,425
S01009876,983,279,704
S01009877,843,148,695
S01009878,832,152,680
S01009879,1177,177,1000
S01009880,1160,221,939
S01009881,824,125,699
S01009882,570,125,445
S01009883,865,133,732
S01009884,961,154,807
S01009885,920,197,723
S01009886,798,162,636
S01009887,973,225,748
S01009888,821,148,673
S01009889,1132,228,904
S01009890,758,170,588
S01009891,696,219,477
S01009892,1081,286,795
S01009893,1003,222,781
S01009894,996,332,664
S01009895,932,262,670
S01009896,1258,399,859
S01009897,1275,331,944
S01009898,894,341,553
S01009899,1074,212,862
S01009900,1127,160,967
S01009901,999,156,843
S01009902,1100,365,735
S01009903,1155,239,916
S01009904,756,137,619
S01009905,718,106,612
S01009906,701,107,594
S01009907,1161,242,919
S01009908,1178,158,1020
S01009909,852,133,719
S01009910,798,99,699
S01009911,1251,223,1028
S01009912,1015,242,773
S01009913,913,103,810
S01009914,947,111,836
S01009915,908,128,780
S01009916,1224,218,1006
S01009917,816,143,673
S01009918,994,171,823
S01009919,1078,305,773
S01009920,1097,218,879
S01009921,805,115,690
S01009922,1207,200,1007
S01009923,1014,190,824
S01009924,1084,146,938
S01009925,1138,133,1005
S01009926,906,144,762
S01009927,553,121,432
S01009928,752,183,569
S01009929,578,86,492
S01009930,976,172,804
S01009931,839,93,746
S01009932,811,150,661
S01009933,1212,382,830
S01009934,889,151,738
S01009935,687,309,378
S01009936,1167,326,841
S01009937,776,312,464
S01009938,1057,415,642
S01009939,1121,306,815
S01009940,926,348,578
S01009941,1176,162,1014
S01009942,1119,312,807
S01009943,1332,422,910
S01009944,1053,258,795
S01009945,1137,353,784
S01009946,1008,310,698
S01009947,928,219,709
S01009948,1247,324,923
S01009949,1041,252,789
S01009950,788,106,682
S01009951,931,94,837
S01009952,1106,191,915
S01009953,1212,202,1010
S01009954,838,143,695
S01009955,1167,290,877
S01009956,887,248,639
S01009957,1372,184,1188
S01009958,1276,150,1126
S01009959,895,150,745
S01009960,1206,214,992
S01009961,722,155,567
S01009962,999,192,807
S01009963,1274,184,1090
S01009964,1240,230,1010
S01009965,1028,131,897
S01009966,1262,173,1089
S01009967,1046,178,868
S01009968,661,109,552
S01009969,1277,307,970
S01009970,1117,402,715
S01009971,1042,353,689
S01009972,761,251,510
S01009973,300,97,203
S01009974,927,321,606
S01009975,835,306,529
S01009976,749,215,534
S01009977,889,362,527
S01009978,906,224,682
S01009979,806,262,544
S01009980,527,204,323
S01009981,787,226,561
S01009982,692,181,511
S01009983,680,196,484
S01009984,988,231,757
S01009985,652,178,474
S01009986,693,222,471
S01009987,850,307,543
S01009988,671,297,374
S01009989,1108,226,882
S01009990,1045,173,872
S01009991,1030,152,878
S01009992,1057,373,684
S01009993,859,93,766
S01009994,763,112,651
S01009995,679,93,586
S01009996,925,156,769
S01009997,707,100,607
S01009998,968,157,811
S01009999,951,144,807
S01010000,981,110,871
S01010001,798,137,661
S01010002,1474,232,1242
S01010003,1044,123,921
S01010004,963,148,815
S01010005,980,239,741
S01010006,1210,314,896
S01010007,952,133,819
S01010008,562,136,426
S01010009,699,127,572
S01010010,1509,266,1243
S01010011,831,253,578
S01010012,1711,255,1456
S01010013,1018,207,811
S01010014,1306,258,1048
S01010015,892,118,774
S01010016,777,252,525
S01010017,988,266,722
S01010018,977,344,633
S01010019,1241,421,820
S01010020,1014,287,727
S01010021,783,255,528
S01010022,298,132,166
S01010023,950,410,540
S01010024,626,185,441
S01010025,696,271,425
S01010026,783,309,474
S01010027,970,239,731
S01010028,478,203,275
S01010029,619,230,389
S01010030,458,124,334
S01010031,597,72,525
S01010032,481,112,369
S01010033,926,301,625
S01010034,1012,372,640
S01010035,650,207,443
S01010036,367,37,330
S01010037,1016,460,556
S01010038,1272,491,781
S01010039,510,102,408
S01010040,539,135,404
S01010041,780,222,558
S01010042,526,144,382
S01010043,975,268,707
S01010044,1156,417,739
S01010045,875,324,551
S01010046,1101,389,712
S01010047,1115,435,680
S01010048,1223,522,701
S01010049,891,343,548
S01010050,822,330,492
S01010051,797,325,472
S01010052,598,233,365
S01010053,542,212,330
S01010054,788,257,531
S01010055,1161,389,772
S01010056,530,149,381
S01010057,452,154,298
S01010058,964,257,707
S01010059,706,155,551
S01010060,986,323,663
S01010061,450,153,297
S01010062,812,295,517
S01010063,1197,396,801
S01010064,833,193,640
S01010065,927,349,578
S01010066,792,216,576
S01010067,946,274,672
S01010068,363,193,170
S01010069,1119,246,873
S01010070,752,91,661
S01010071,921,260,661
S01010072,1129,367,762
S01010073,1071,326,745
S01010074,1104,307,797
S01010075,919,309,610
S01010076,969,259,710
S01010077,819,260,559
S01010078,779,119,660
S01010079,1017,172,845
S01010080,914,183,731
S01010081,1262,218,1044
S01010082,727,158,569
S01010083,1144,353,791
S01010084,1210,411,799
S01010085,1310,305,1005
S01010086,1125,395,730
S01010087,697,127,570
S01010088,252,49,203
S01010089,916,334,582
S01010090,1096,247,849
S01010091,747,141,606
S01010092,1176,436,740
S01010093,937,205,732
S01010094,1352,271,1081
S01010095,1345,180,1165
S01010096,862,127,735
S01010097,784,142,642
S01010098,784,121,663
S01010099,1070,163,907
S01010100,1030,214,816
S01010101,1200,273,927
S01010102,784,68,716
S01010103,902,80,822
S01010104,846,95,751
S01010105,902,275,627
S01010106,758,173,585
S01010107,1073,258,815
S01010108,838,236,602
S01010109,1199,381,818
S01010110,1194,427,767
S01010111,1197,344,853
S01010112,918,245,673
S01010113,611,150,461
S01010114,739,252,487
S01010115,731,104,627
S01010116,905,141,764
S01010117,245,54,191
S01010118,818,231,587
S01010119,328,110,218
S01010120,878,190,688
S01010121,699,168,531
S01010122,625,180,445
S01010123,611,170,441
S01010124,795,107,688
S01010125,560,164,396
S01010126,701,136,565
S01010127,552,215,337
S01010128,822,219,603
S01010129,870,273,597
S01010130,824,270,554
S01010131,1214,317,897
S01010132,1027,369,658
S01010133,1003,382,621
S01010134,1345,432,913
S01010135,1203,479,724
S01010136,1071,316,755
S01010137,1294,516,778
S01010138,1069,479,590
S01010139,1196,415,781
S01010140,1039,194,845
S01010141,1206,460,746
S01010142,709,185,524
S01010143,832,372,460
S01010144,778,189,589
S01010145,709,202,507
S01010146,1160,304,856
S01010147,947,315,632
S01010148,921,398,523
S01010149,452,216,236
S01010150,1055,501,554
S01010151,1071,469,602
S01010152,851,298,553
S01010153,1049,439,610
S01010154,1122,524,598
S01010155,748,335,413
S01010156,700,298,402
S01010157,885,233,652
S01010158,954,355,599
S01010159,789,302,487
S01010160,646,261,385
S01010161,910,194,716
S01010162,1024,312,712
S01010163,853,268,585
S01010164,858,267,591
S01010165,650,216,434
S01010166,1130,376,754
S01010167,950,365,585
S01010168,505,174,331
S01010169,915,194,721
S01010170,1000,310,690
S01010171,1003,319,684
S01010172,718,346,372
S01010173,1173,380,793
S01010174,1219,360,859
S01010175,500,133,367
S01010176,1034,418,616
S01010177,720,200,520
S01010178,885,234,651
S01010179,1245,404,841
S01010180,462,145,317
S01010181,1161,368,793
S01010182,1185,241,944
S01010183,824,284,540
S01010184,670,225,445
S01010185,762,227,535
S01010186,713,95,618
S01010187,863,156,707
S01010188,1207,240,967
S01010189,874,63,811
S01010190,277,89,188
S01010191,752,61,691
S01010192,872,76,796
S01010193,1008,189,819
S01010194,798,276,522
S01010195,1001,319,682
S01010196,829,290,539
S01010197,949,284,665
S01010198,1241,466,775
S01010199,697,195,502
S01010200,725,245,480
S01010201,799,270,529
S01010202,785,197,588
S01010203,698,72,626
S01010204,1159,295,864
S01010205,745,237,508
S01010206,516,168,348
S01010207,673,154,519
S01010208,1091,241,850
S01010209,960,261,699
S01010210,1054,344,710
S01010211,924,337,587
S01010212,1095,404,691
S01010213,1085,409,676
S01010214,1072,224,848
S01010215,961,431,530
S01010216,1008,347,661
S01010217,969,279,690
S01010218,1127,311,816
S01010219,820,231,589
S01010220,313,76,237
S01010221,498,164,334
S01010222,729,182,547
S01010223,716,218,498
S01010224,1099,360,739
S01010225,734,191,543
S01010226,815,270,545
S01010227,1047,295,752
S01010228,691,328,363
S01010229,975,252,723
S01010230,1226,435,791
S01010231,731,273,458
S01010232,718,170,548
S01010233,1526,460,1066
S01010234,921,260,661
S01010235,184,125,59
S01010236,775,162,613
S01010237,1052,218,834
S01010238,1008,253,755
S01010239,1026,392,634
S01010240,1213,352,861
S01010241,1001,286,715
S01010242,1196,337,859
S01010243,1375,363,1012
S01010244,990,342,648
S01010245,1022,398,624
S01010246,1125,356,769
S01010247,879,231,648
S01010248,969,166,803
S01010249,1093,237,856
S01010250,934,173,761
S01010251,254,37,217
S01010252,585,141,444
S01010253,812,294,518
S01010254,985,329,656
S01010255,881,317,564
S01010256,1124,345,779
S01010257,1622,221,1401
S01010258,1048,81,967
S01010259,1761,442,1319
S01010260,1368,140,1228
S01010261,2195,667,1528
S01010262,1182,496,686
S01010263,636,64,572
S01010264,733,211,522
S01010265,393,49,344
S01010266,809,132,677
S01010267,741,51,690
S01010268,1031,164,867
S01010269,956,235,721
S01010270,1152,623,529
S01010271,752,119,633
S01010272,355,171,184
S01010273,276,44,232
S01010274,244,22,222
S01010275,310,43,267
S01010276,120,13,107
S01010277,584,248,336
S01010278,1326,353,973
S01010279,632,125,507
S01010280,861,140,721
S01010281,552,67,485
S01010282,1037,250,787
S01010283,755,106,649
S01010284,1225,179,1046
S01010285,1193,165,1028
S01010286,1407,172,1235
S01010287,1353,196,1157
S01010288,1067,116,951
S01010289,272,22,250
S01010290,774,141,633
S01010291,1049,177,872
S01010292,1303,130,1173
S01010293,807,118,689
S01010294,1075,108,967
S01010295,924,80,844
S01010296,860,157,703
S01010297,916,266,650
S01010298,1018,430,588
S01010299,621,198,423
S01010300,1451,324,1127
S01010301,528,32,496
S01010302,800,318,482
S01010303,635,161,474
S01010304,778,242,536
S01010305,1101,356,745
S01010306,752,127,625
S01010307,866,103,763
S01010308,895,96,799
S01010309,702,286,416
S01010310,837,246,591
S01010311,968,350,618
S01010312,744,229,515
S01010313,1239,467,772
S01010314,1151,448,703
S01010315,612,181,431
S01010316,611,181,430
S01010317,1279,198,1081
S01010318,1489,171,1318
S01010319,761,246,515
S01010320,696,232,464
S01010321,1142,379,763
S01010322,1262,174,1088
S01010323,632,290,342
S01010324,1013,417,596
S01010325,1044,477,567
S01010326,924,325,599
S01010327,825,297,528
S01010328,768,315,453
S01010329,523,180,343
S01010330,809,254,555
S01010331,1386,589,797
S01010332,1152,387,765
S01010333,961,375,586
S01010334,1003,422,581
S01010335,1218,468,750
S01010336,904,258,646
S01010337,1067,391,676
S01010338,1025,325,700
S01010339,1075,358,717
S01010340,904,278,626
S01010341,877,187,690
S01010342,884,155,729
S01010343,1153,150,1003
S01010344,1040,363,677
S01010345,274,71,203
S01010346,1202,203,999
S01010347,958,245,713
S01010348,1146,362,784
S01010349,1214,338,876
S01010350,1286,375,911
S01010351,750,230,520
S01010352,848,245,603
S01010353,1087,363,724
S01010354,633,203,430
S01010355,1125,358,767
S01010356,586,84,502
S01010357,672,233,439
S01010358,939,378,561
S01010359,1333,577,756
S01010360,670,198,472
S01010361,591,233,358
S01010362,974,315,659
S01010363,763,154,609
S01010364,1208,199,1009
S01010365,1219,255,964
S01010366,1318,216,1102
S01010367,1372,145,1227
S01010368,914,166,748
S01010369,849,142,707
S01010370,818,68,750
S01010371,1145,120,1025
S01010372,964,123,841
S01010373,776,131,645
S01010374,908,92,816
S01010375,921,110,811
S01010376,940,103,837
S01010377,839,83,756
S01010378,928,105,823
S01010379,1315,150,1165
S01010380,1104,182,922
S01010381,541,119,422
S01010382,915,134,781
S01010383,831,222,609
S01010384,1270,233,1037
S01010385,925,218,707
S01010386,963,236,727
S01010387,1261,251,1010
S01010388,939,211,728
S01010389,85,20,65
S01010390,1166,168,998
S01010391,1088,145,943
S01010392,211,52,159
S01010393,1390,275,1115
S01010394,943,281,662
S01010395,1138,223,915
S01010396,1001,224,777
S01010397,845,118,727
S01010398,974,156,818
S01010399,1454,101,1353
S01010400,979,103,876
S01010401,783,134,649
S01010402,1187,135,1052
S01010403,1084,114,970
S01010404,1267,154,1113
S01010405,1203,113,1090
S01010406,902,98,804
S01010407,1107,97,1010
S01010408,693,173,520
S01010409,1160,180,980
S01010410,556,54,502
S01010411,1502,149,1353
S01010412,997,303,694
S01010413,801,178,623
S01010414,1166,208,958
S01010415,1148,366,782
S01010416,604,93,511
S01010417,551,82,469
S01010418,1209,196,1013
S01010419,1548,267,1281
S01010420,1189,178,1011
S01010421,910,124,786
S01010422,1140,197,943
S01010423,918,271,647
S01010424,760,238,522
S01010425,979,212,767
S01010426,1111,208,903
S01010427,1173,377,796
S01010428,1624,395,1229
S01010429,897,108,789
S01010430,1064,329,735
S01010431,1051,170,881
S01010432,897,218,679
S01010433,855,225,630
S01010434,904,253,651
S01010435,767,229,538
S01010436,795,243,552
S01010437,540,169,371
S01010438,724,165,559
S01010439,953,213,740
S01010440,1180,461,719
S01010441,578,84,494
S01010442,783,149,634
S01010443,786,243,543
S01010444,699,254,445
S01010445,1118,448,670
S01010446,915,215,700
S01010447,1190,360,830
S01010448,1094,316,778
S01010449,1017,389,628
S01010450,955,324,631
S01010451,1084,373,711
S01010452,885,329,556
S01010453,1132,362,770
S01010454,1161,427,734
S01010455,961,422,539
S01010456,661,258,403
S01010457,992,351,641
S01010458,828,304,524
S01010459,810,308,502
S01010460,286,73,213
S01010461,1060,355,705
S01010462,895,247,648
S01010463,770,231,539
S01010464,663,195,468
S01010465,889,113,776
S01010466,1246,175,1071
S01010467,1008,236,772
S01010468,1034,128,906
S01010469,869,215,654
S01010470,907,390,517
S01010471,1001,371,630
S01010472,515,114,401
S01010473,1094,175,919
S01010474,1085,247,838
S01010475,451,95,356
S01010476,745,240,505
S01010477,906,296,610
S01010478,1380,509,871
S01010479,1023,346,677
S01010480,835,262,573
S01010481,836,240,596
S01010482,976,319,657
S01010483,1178,397,781
S01010484,1062,263,799
S01010485,982,259,723
S01010486,1252,202,1050
S01010487,1047,346,701
S01010488,1353,374,979
S01010489,1287,428,859
S01010490,957,225,732
S01010491,972,267,705
S01010492,917,258,659
S01010493,855,228,627
S01010494,871,237,634
S01010495,1089,312,777
S01010496,1382,529,853
S01010497,696,176,520
S01010498,1312,448,864
S01010499,1151,454,697
S01010500,943,211,732
S01010501,784,257,527
S01010502,810,137,673
S01010503,980,301,679
S01010504,528,70,458
S01010505,607,108,499
S01010506,855,147,708
S01010507,980,140,840
S01010508,1048,171,877
S01010509,1207,195,1012
S01010510,1493,283,1210
S01010511,1193,262,931
S01010512,920,168,752
S01010513,799,114,685
S01010514,943,157,786
S01010515,937,181,756
S01010516,613,114,499
S01010517,948,187,761
S01010518,892,106,786
S01010519,928,128,800
S01010520,980,182,798
S01010521,957,190,767
S01010522,655,151,504
S01010523,964,202,762
S01010524,606,95,511
S01010525,701,127,574
S01010526,858,173,685
S01010527,1285,305,980
S01010528,689,134,555
S01010529,830,136,694
S01010530,677,122,555
S01010531,982,178,804
S01010532,899,164,735
S01010533,878,200,678
S01010534,1030,151,879
S01010535,557,73,484
S01010536,1162,195,967
S01010537,1297,201,1096
S01010538,368,48,320
S01010539,851,110,741
S01010540,615,107,508
S01010541,758,75,683
S01010542,853,148,705
S01010543,574,122,452
S01010544,1240,226,1014
S01010545,611,129,482
S01010546,883,202,681
S01010547,678,109,569
S01010548,413,62,351
S01010549,315,45,270
S01010550,658,96,562
S01010551,722,104,618
S01010552,905,138,767
S01010553,560,74,486
S01010554,708,140,568
S01010555,934,196,738
S01010556,1101,267,834
S01010557,793,115,678
S01010558,560,99,461
S01010559,762,200,562
S01010560,652,112,540
S01010561,931,177,754
S01010562,1057,169,888
S01010563,842,159,683
S01010564,678,147,531
S01010565,974,164,810
S01010566,742,94,648
S01010567,1115,196,919
S01010568,1202,188,1014
S01010569,989,126,863
S01010570,1482,250,1232
S01010571,923,101,822
S01010572,1005,135,870
S01010573,722,116,606
S01010574,570,69,501
S01010575,876,117,759
S01010576,872,127,745
S01010577,917,210,707
S01010578,623,96,527
S01010579,781,91,690
S01010580,589,95,494
S01010581,894,100,794
S01010582,403,50,353
S01010583,846,84,762
S01010584,269,42,227
S01010585,200,11,189
S01010586,681,85,596
S01010587,876,122,754
S01010588,572,94,478
S01010589,752,124,628
S01010590,362,28,334
S01010591,121,9,112
S01010592,400,40,360
S01010593,560,56,504
S01010594,208,31,177
S01010595,190,23,167
S01010596,884,109,775
S01010597,324,30,294
S01010598,439,42,397
S01010599,351,37,314
S01010600,873,113,760
S01010601,777,174,603
S01010602,554,61,493
S01010603,830,105,725
S01010604,898,108,790
S01010605,1022,160,862
S01010606,1008,198,810
S01010607,1020,166,854
S01010608,770,143,627
S01010609,618,83,535
S01010610,810,172,638
S01010611,1248,215,1033
S01010612,765,134,631
S01010613,797,199,598
S01010614,709,150,559
S01010615,831,113,718
S01010616,1228,142,1086
S01010617,1050,125,925
S01010618,1115,99,1016
S01010619,704,115,589
S01010620,363,83,280
S01010621,1041,191,850
S01010622,674,155,519
S01010623,940,91,849
S01010624,824,128,696
S01010625,773,157,616
S01010626,980,215,765
S01010627,946,204,742
S01010628,1175,207,968
S01010629,1245,291,954
S01010630,747,164,583
S01010631,753,200,553
S01010632,898,252,646
S01010633,926,231,695
S01010634,665,154,511
S01010635,830,198,632
S01010636,934,189,745
S01010637,829,209,620
S01010638,917,278,639
S01010639,1105,269,836
S01010640,754,144,610
S01010641,1079,312,767
S01010642,1062,221,841
S01010643,730,160,570
S01010644,839,241,598
S01010645,764,78,686
S01010646,838,97,741
S01010647,712,145,567
S01010648,994,186,808
S01010649,785,122,663
S01010650,597,203,394
S01010651,768,145,623
S01010652,723,94,629
S01010653,763,82,681
S01010654,837,176,661
S01010655,841,150,691
S01010656,619,115,504
S01010657,768,111,657
S01010658,938,289,649
S01010659,657,92,565
S01010660,697,128,569
S01010661,741,120,621
S01010662,716,116,600
S01010663,1088,179,909
S01010664,591,85,506
S01010665,835,132,703
S01010666,1082,201,881
S01010667,662,92,570
S01010668,1139,235,904
S01010669,592,84,508
S01010670,952,145,807
S01010671,786,124,662
S01010672,1424,226,1198
S01010673,1076,221,855
S01010674,1084,214,870
S01010675,882,172,710
S01010676,1026,342,684
S01010677,491,72,419
S01010678,905,154,751
S01010679,1454,302,1152
S01010680,826,159,667
S01010681,937,187,750
S01010682,1094,192,902
S01010683,891,190,701
S01010684,1075,216,859
S01010685,740,181,559
S01010686,644,131,513
S01010687,1032,205,827
S01010688,826,151,675
S01010689,1037,210,827
S01010690,870,173,697
S01010691,820,152,668
S01010692,629,96,533
S01010693,430,74,356
S01010694,803,187,616
S01010695,693,133,560
S01010696,978,164,814
S01010697,978,162,816
S01010698,638,126,512
S01010699,526,75,451
S01010700,574,67,507
S01010701,1242,174,1068
S01010702,1004,194,810
S01010703,844,121,723
S01010704,1105,225,880
S01010705,982,174,808
S01010706,545,120,425
S01010707,669,118,551
S01010708,1051,159,892
S01010709,909,138,771
S01010710,949,163,786
S01010711,634,90,544
S01010712,784,117,667
S01010713,1028,152,876
S01010714,812,209,603
S01010715,850,171,679
S01010716,807,148,659
S01010717,1051,145,906
S01010718,805,117,688
S01010719,829,185,644
S01010720,802,178,624
S01010721,773,144,629
S01010722,1057,190,867
S01010723,976,128,848
S01010724,759,128,631
S01010725,755,110,645
S01010726,1055,175,880
S01010727,629,94,535
S01010728,749,106,643
S01010729,817,104,713
S01010730,775,120,655
S01010731,886,191,695
S01010732,890,202,688
S01010733,926,245,681
S01010734,938,231,707
S01010735,884,167,717
S01010736,364,65,299
S01010737,775,230,545
S01010738,927,202,725
S01010739,746,154,592
S01010740,742,169,573
S01010741,690,152,538
S01010742,797,169,628
S01010743,944,195,749
S01010744,1201,213,988
S01010745,655,166,489
S01010746,898,164,734
S01010747,1015,235,780
S01010748,511,93,418
S01010749,675,119,556
S01010750,589,125,464
S01010751,1067,230,837
S01010752,1070,216,854
S01010753,1135,203,932
S01010754,941,184,757
S01010755,868,186,682
S01010756,878,127,751
S01010757,832,166,666
S01010758,546,127,419
S01010759,665,121,544
S01010760,751,188,563
S01010761,524,82,442
S01010762,594,120,474
S01010763,951,179,772
S01010764,543,128,415
S01010765,1145,240,905
S01010766,762,166,596
S01010767,575,122,453
S01010768,708,163,545
S01010769,459,86,373
S01010770,890,193,697
S01010771,1003,263,740
S01010772,775,183,592
S01010773,632,141,491
S01010774,1220,276,944
S01010775,558,101,457
S01010776,824,193,631
S01010777,610,142,468
S01010778,804,169,635
S01010779,840,184,656
S01010780,675,139,536
S01010781,918,137,781
S01010782,654,169,485
S01010783,942,185,757
S01010784,1293,225,1068
S01010785,869,129,740
S01010786,546,104,442
S01010787,800,165,635
S01010788,593,103,490
S01010789,823,141,682
S01010790,780,145,635
S01010791,909,169,740
S01010792,1121,160,961
S01010793,512,82,430
S01010794,358,57,301
S01010795,1202,182,1020
S01010796,1225,174,1051
S01010797,518,75,443
S01010798,652,111,541
S01010799,988,235,753
S01010800,895,141,754
S01010801,854,171,683
S01010802,661,84,577
S01010803,584,111,473
S01010804,839,129,710
S01010805,1245,153,1092
S01010806,938,158,780
S01010807,549,101,448
S01010808,576,83,493
S01010809,767,146,621
S01010810,525,112,413
S01010811,928,201,727
S01010812,506,106,400
S01010813,876,175,701
S01010814,753,146,607
S01010815,683,115,568
S01010816,771,135,636
S01010817,1260,180,1080
S01010818,1306,221,1085
S01010819,930,212,718
S01010820,1202,302,900
S01010821,865,131,734
S01010822,543,179,364
S01010823,560,222,338
S01010824,629,43,586
S01010825,964,252,712
S01010826,729,119,610
S01010827,697,99,598
S01010828,1218,106,1112
S01010829,788,145,643
S01010830,603,82,521
S01010831,344,16,328
S01010832,805,80,725
S01010833,874,105,769
S01010834,1300,189,1111
S01010835,790,125,665
S01010836,976,178,798
S01010837,960,171,789
S01010838,1153,252,901
S01010839,924,207,717
S01010840,671,137,534
S01010841,1127,255,872
S01010842,988,342,646
S01010843,752,252,500
S01010844,863,167,696
S01010845,630,121,509
S01010846,976,176,800
S01010847,872,90,782
S01010848,1093,233,860
S01010849,1016,242,774
S01010850,1021,237,784
S01010851,1093,222,871
S01010852,921,218,703
S01010853,1075,253,822
S01010854,657,151,506
S01010855,564,140,424
S01010856,858,265,593
S01010857,959,141,818
S01010858,1158,311,847
S01010859,984,218,766
S01010860,909,192,717
S01010861,902,258,644
S01010862,759,192,567
S01010863,882,182,700
S01010864,686,83,603
S01010865,720,125,595
S01010866,932,261,671
S01010867,829,167,662
S01010868,874,272,602
S01010869,1187,142,1045
S01010870,817,198,619
S01010871,801,149,652
S01010872,818,155,663
S01010873,786,274,512
S01010874,952,135,817
S01010875,635,83,552
S01010876,697,109,588
S01010877,1253,192,1061
S01010878,1234,350,884
S01010879,1085,186,899
S01010880,675,137,538
S01010881,865,230,635
S01010882,953,230,723
S01010883,1157,209,948
S01010884,1227,330,897
S01010885,1490,363,1127
S01010886,850,172,678
S01010887,641,218,423
S01010888,1007,247,760
S01010889,851,196,655
S01010890,853,418,435
S01010891,546,239,307
S01010892,748,302,446
S01010893,754,285,469
S01010894,488,153,335
S01010895,561,166,395
S01010896,1064,345,719
S01010897,704,180,524
S01010898,1239,349,890
S01010899,738,125,613
S01010900,999,199,800
S01010901,529,131,398
S01010902,932,259,673
S01010903,708,281,427
S01010904,585,138,447
S01010905,481,102,379
S01010906,830,144,686
S01010907,87,11,76
S01010908,676,184,492
S01010909,987,287,700
S01010910,826,215,611
S01010911,871,387,484
S01010912,838,289,549
S01010913,661,109,552
S01010914,1070,263,807
S01010915,1060,163,897
S01010916,845,224,621
S01010917,837,263,574
S01010918,1303,340,963
S01010919,958,234,724
S01010920,800,225,575
S01010921,824,212,612
S01010922,1024,283,741
S01010923,1206,304,902
S01010924,755,180,575
S01010925,853,235,618
S01010926,1000,253,747
S01010927,990,267,723
S01010928,856,220,636
S01010929,1076,260,816
S01010930,626,69,557
S01010931,461,65,396
S01010932,1037,232,805
S01010933,345,78,267
S01010934,1053,119,934
S01010935,778,167,611
S01010936,642,168,474
S01010937,842,110,732
S01010938,953,239,714
S01010939,792,115,677
S01010940,741,95,646
S01010941,1390,122,1268
S01010942,712,62,650
S01010943,876,150,726
S01010944,896,201,695
S01010945,600,84,516
S01010946,1145,223,922
S01010947,870,145,725
S01010948,710,124,586
S01010949,1168,164,1004
S01010950,888,155,733
S01010951,811,125,686
S01010952,841,103,738
S01010953,727,106,621
S01010954,891,123,768
S01010955,757,117,640
S01010956,831,95,736
S01010957,654,67,587
S01010958,670,118,552
S01010959,687,112,575
S01010960,1360,242,1118
S01010961,1220,253,967
S01010962,685,195,490
S01010963,1017,174,843
S01010964,561,106,455
S01010965,1106,274,832
S01010966,922,215,707
S01010967,930,201,729
S01010968,920,172,748
S01010969,844,214,630
S01010970,1483,397,1086
S01010971,1809,364,1445
S01010972,692,147,545
S01010973,661,120,541
S01010974,1142,280,862
S01010975,671,156,515
S01010976,798,203,595
S01010977,760,167,593
S01010978,944,217,727
S01010979,881,203,678
S01010980,863,172,691
S01010981,794,177,617
S01010982,1546,396,1150
S01010983,1221,240,981
S01010984,1145,186,959
S01010985,845,190,655
S01010986,460,37,423
S01010987,425,38,387
S01010988,614,30,584
S01010989,342,61,281
S01010990,739,152,587
S01010991,751,117,634
S01010992,508,102,406
S01010993,732,106,626
S01010994,1307,227,1080
S01010995,944,99,845
S01010996,845,87,758
S01010997,1058,141,917
S01010998,1038,152,886
S01010999,786,134,652
S01011000,1217,321,896
S01011001,703,167,536
S01011002,766,181,585
S01011003,851,194,657
S01011004,866,132,734
S01011005,815,192,623
S01011006,603,124,479
S01011007,975,217,758
S01011008,1003,202,801
S01011009,747,148,599
S01011010,952,278,674
S01011011,836,263,573
S01011012,1274,290,984
S01011013,939,259,680
S01011014,983,188,795
S01011015,616,123,493
S01011016,370,39,331
S01011017,809,108,701
S01011018,1515,259,1256
S01011019,937,167,770
S01011020,375,58,317
S01011021,866,230,636
S01011022,793,164,629
S01011023,863,238,625
S01011024,1312,287,1025
S01011025,828,141,687
S01011026,631,104,527
S01011027,1180,279,901
S01011028,872,184,688
S01011029,809,160,649
S01011030,1000,119,881
S01011031,734,176,558
S01011032,986,228,758
S01011033,685,161,524
S01011034,777,235,542
S01011035,719,148,571
S01011036,926,198,728
S01011037,902,220,682
S01011038,1060,241,819
S01011039,859,192,667
S01011040,1047,230,817
S01011041,735,187,548
S01011042,722,77,645
S01011043,1045,222,823
S01011044,841,192,649
S01011045,725,120,605
S01011046,623,86,537
S01011047,1071,162,909
S01011048,1122,220,902
S01011049,819,144,675
S01011050,823,112,711
S01011051,859,161,698
S01011052,1098,172,926
S01011053,678,116,562
S01011054,620,100,520
S01011055,562,96,466
S01011056,580,97,483
S01011057,678,116,562
S01011058,552,102,450
S01011059,693,96,597
S01011060,1227,234,993
S01011061,1061,165,896
S01011062,1366,260,1106
S01011063,1049,215,834
S01011064,1286,220,1066
S01011065,838,173,665
S01011066,633,111,522
S01011067,994,224,770
S01011068,762,149,613
S01011069,668,122,546
S01011070,829,144,685
S01011071,911,176,735
S01011072,829,144,685
S01011073,700,97,603
S01011074,667,116,551
S01011075,935,202,733
S01011076,1092,264,828
S01011077,1073,178,895
S01011078,1016,197,819
S01011079,1235,209,1026
S01011080,1135,229,906
S01011081,918,164,754
S01011082,810,230,580
S01011083,1074,232,842
S01011084,771,139,632
S01011085,872,134,738
S01011086,646,114,532
S01011087,901,149,752
S01011088,1173,176,997
S01011089,862,180,682
S01011090,709,114,595
S01011091,648,95,553
S01011092,383,27,356
S01011093,887,92,795
S01011094,517,103,414
S01011095,905,121,784
S01011096,1006,86,920
S01011097,737,102,635
S01011098,938,159,779
S01011099,929,129,800
S01011100,569,122,447
S01011101,846,139,707
S01011102,820,134,686
S01011103,765,246,519
S01011104,716,215,501
S01011105,763,127,636
S01011106,774,51,723
S01011107,316,45,271
S01011108,772,111,661
S01011109,827,103,724
S01011110,1021,162,859
S01011111,1218,206,1012
S01011112,162,28,134
S01011113,1090,241,849
S01011114,1144,140,1004
S01011115,960,176,784
S01011116,932,115,817
S01011117,913,132,781
S01011118,901,149,752
S01011119,817,167,650
S01011120,1114,159,955
S01011121,660,145,515
S01011122,809,135,674
S01011123,1206,229,977
S01011124,367,63,304
S01011125,467,62,405
S01011126,769,92,677
S01011127,535,27,508
S01011128,1124,195,929
S01011129,879,175,704
S01011130,752,150,602
S01011131,682,110,572
S01011132,793,140,653
S01011133,618,87,531
S01011134,831,172,659
S01011135,989,193,796
S01011136,553,131,422
S01011137,622,93,529
S01011138,547,82,465
S01011139,801,63,738
S01011140,577,109,468
S01011141,1508,161,1347
S01011142,1690,139,1551
S01011143,1209,181,1028
S01011144,855,155,700
S01011145,828,120,708
S01011146,629,104,525
S01011147,1196,209,987
S01011148,751,104,647
S01011149,796,38,758
S01011150,1359,52,1307
S01011151,910,100,810
S01011152,885,150,735
S01011153,862,173,689
S01011154,625,163,462
S01011155,729,178,551
S01011156,929,158,771
S01011157,712,84,628
S01011158,633,103,530
S01011159,616,154,462
S01011160,921,115,806
S01011161,655,70,585
S01011162,802,94,708
S01011163,1048,179,869
S01011164,708,117,591
S01011165,884,179,705
S01011166,681,104,577
S01011167,1031,173,858
S01011168,865,130,735
S01011169,242,23,219
S01011170,796,128,668
S01011171,1073,172,901
S01011172,800,133,667
S01011173,872,206,666
S01011174,1032,221,811
S01011175,834,214,620
S01011176,738,161,577
S01011177,1141,238,903
S01011178,786,125,661
S01011179,689,149,540
S01011180,881,211,670
S01011181,695,133,562
S01011182,515,66,449
S01011183,795,114,681
S01011184,775,72,703
S01011185,825,120,705
S01011186,1176,289,887
S01011187,924,135,789
S01011188,1159,237,922
S01011189,880,180,700
S01011190,987,268,719
S01011191,824,187,637
S01011192,971,127,844
S01011193,1037,178,859
S01011194,761,125,636
S01011195,1049,175,874
S01011196,1119,226,893
S01011197,931,162,769
S01011198,830,144,686
S01011199,816,152,664
S01011200,971,160,811
S01011201,609,128,481
S01011202,1006,216,790
S01011203,1331,262,1069
S01011204,593,92,501
S01011205,205,30,175
S01011206,669,78,591
S01011207,1117,189,928
S01011208,958,84,874
S01011209,724,128,596
S01011210,677,89,588
S01011211,1019,131,888
S01011212,741,134,607
S01011213,1082,237,845
S01011214,1127,295,832
S01011215,852,209,643
S01011216,1041,290,751
S01011217,1261,302,959
S01011218,971,256,715
S01011219,1045,272,773
S01011220,1015,233,782
S01011221,1106,227,879
S01011222,681,185,496
S01011223,972,214,758
S01011224,687,236,451
S01011225,1065,255,810
S01011226,981,226,755
S01011227,847,166,681
S01011228,1200,277,923
S01011229,823,216,607
S01011230,1382,439,943
S01011231,1027,359,668
S01011232,787,176,611
S01011233,773,183,590
S01011234,1180,309,871
S01011235,519,153,366
S01011236,628,196,432
S01011237,1008,254,754
S01011238,736,208,528
S01011239,1004,343,661
S01011240,1068,436,632
S01011241,958,272,686
S01011242,1064,263,801
S01011243,833,291,542
S01011244,714,198,516
S01011245,928,269,659
S01011246,677,173,504
S01011247,918,213,705
S01011248,978,175,803
S01011249,867,125,742
S01011250,1092,218,874
S01011251,871,237,634
S01011252,846,176,670
S01011253,1015,263,752
S01011254,1305,172,1133
S01011255,176,9,167
S01011256,172,11,161
S01011257,553,107,446
S01011258,767,148,619
S01011259,851,210,641
S01011260,756,184,572
S01011261,975,246,729
S01011262,701,191,510
S01011263,769,263,506
S01011264,686,131,555
S01011265,1082,232,850
S01011266,968,250,718
S01011267,697,154,543
S01011268,552,127,425
S01011269,570,170,400
S01011270,808,257,551
S01011271,968,234,734
S01011272,737,236,501
S01011273,1279,271,1008
S01011274,1038,265,773
S01011275,916,203,713
S01011276,1068,235,833
S01011277,753,84,669
S01011278,720,70,650
S01011279,757,113,644
S01011280,747,79,668
S01011281,790,68,722
S01011282,796,98,698
S01011283,543,54,489
S01011284,451,46,405
S01011285,1194,300,894
S01011286,754,172,582
S01011287,977,239,738
S01011288,1107,195,912
S01011289,895,215,680
S01011290,1369,390,979
S01011291,1052,248,804
S01011292,715,215,500
S01011293,940,271,669
S01011294,979,376,603
S01011295,973,215,758
S01011296,732,216,516
S01011297,1024,215,809
S01011298,1271,214,1057
S01011299,501,81,420
S01011300,1045,213,832
S01011301,650,88,562
S01011302,1012,314,698
S01011303,1203,179,1024
S01011304,1078,185,893
S01011305,569,129,440
S01011306,635,119,516
S01011307,987,174,813
S01011308,589,119,470
S01011309,884,148,736
S01011310,763,154,609
S01011311,1105,175,930
S01011312,1187,165,1022
S01011313,1047,216,831
S01011314,904,140,764
S01011315,397,100,297
S01011316,835,194,641
S01011317,978,267,711
S01011318,868,218,650
S01011319,1202,253,949
S01011320,750,149,601
S01011321,676,99,577
S01011322,691,116,575
S01011323,1108,246,862
S01011324,568,134,434
S01011325,943,273,670
S01011326,1070,294,776
S01011327,837,289,548
S01011328,854,243,611
S01011329,982,250,732
S01011330,787,123,664
S01011331,699,131,568
S01011332,1059,164,895
S01011333,692,131,561
S01011334,1089,226,863
S01011335,970,134,836
S01011336,674,145,529
S01011337,726,136,590
S01011338,695,112,583
S01011339,755,154,601
S01011340,1102,276,826
S01011341,732,151,581
S01011342,791,189,602
S01011343,867,211,656
S01011344,889,188,701
S01011345,1073,220,853
S01011346,867,207,660
S01011347,1072,250,822
S01011348,1300,238,1062
S01011349,1058,103,955
S01011350,882,132,750
S01011351,822,223,599
S01011352,699,159,540
S01011353,690,136,554
S01011354,913,157,756
S01011355,1171,249,922
S01011356,938,133,805
S01011357,1415,228,1187
S01011358,602,51,551
S01011359,791,238,553
S01011360,649,162,487
S01011361,485,147,338
S01011362,314,62,252
S01011363,1236,347,889
S01011364,519,97,422
S01011365,620,112,508
S01011366,526,194,332
S01011367,768,230,538
S01011368,87,26,61
S01011369,699,174,525
S01011370,319,96,223
S01011371,1519,383,1136
S01011372,1054,310,744
S01011373,862,208,654
S01011374,551,49,502
S01011375,637,121,516
S01011376,601,189,412
S01011377,567,93,474
S01011378,1000,249,751
S01011379,939,126,813
S01011380,784,220,564
S01011381,726,158,568
S01011382,257,97,160
S01011383,979,367,612
S01011384,811,213,598
S01011385,1044,296,748
S01011386,1067,256,811
S01011387,879,247,632
S01011388,621,196,425
S01011389,743,212,531
S01011390,1096,348,748
S01011391,702,181,521
S01011392,1070,198,872
S01011393,876,250,626
S01011394,690,135,555
S01011395,820,258,562
S01011396,1044,326,718
S01011397,829,305,524
S01011398,828,229,599
S01011399,518,142,376
S01011400,780,194,586
S01011401,1062,249,813
S01011402,1021,305,716
S01011403,1014,231,783
S01011404,1201,345,856
S01011405,766,167,599
S01011406,736,196,540
S01011407,1324,298,1026
S01011408,994,269,725
S01011409,701,127,574
S01011410,849,203,646
S01011411,1047,230,817
S01011412,1084,199,885
S01011413,618,64,554
S01011414,1066,295,771
S01011415,933,196,737
S01011416,953,144,809
S01011417,753,222,531
S01011418,834,265,569
S01011419,737,208,529
S01011420,567,160,407
S01011421,407,41,366
S01011422,451,139,312
S01011423,590,175,415
S01011424,581,149,432
S01011425,812,218,594
S01011426,953,271,682
S01011427,1056,337,719
S01011428,858,355,503
S01011429,1200,250,950
S01011430,1010,214,796
S01011431,1271,443,828
S01011432,1988,477,1511
S01011433,1065,245,820
S01011434,1025,248,777
S01011435,1294,330,964
S01011436,1218,342,876
S01011437,892,259,633
S01011438,958,232,726
S01011439,1239,328,911
S01011440,1035,261,774
S01011441,797,204,593
S01011442,705,209,496
S01011443,855,247,608
S01011444,1081,298,783
S01011445,690,212,478
S01011446,977,184,793
S01011447,1128,267,861
S01011448,1248,338,910
S01011449,667,167,500
S01011450,496,65,431
S01011451,860,104,756
S01011452,949,171,778
S01011453,836,208,628
S01011454,1177,286,891
S01011455,1110,302,808
S01011456,1155,294,861
S01011457,957,232,725
S01011458,767,117,650
S01011459,608,123,485
S01011460,1105,196,909
S01011461,902,196,706
S01011462,1015,205,810
S01011463,614,118,496
S01011464,284,69,215
S01011465,786,155,631
S01011466,1328,259,1069
S01011467,354,90,264
S01011468,133,2,131
S01011469,912,164,748
S01011470,1011,279,732
S01011471,993,286,707
S01011472,1426,425,1001
S01011473,997,314,683
S01011474,1087,355,732
S01011475,724,222,502
S01011476,779,107,672
S01011477,941,119,822
S01011478,1118,197,921
S01011479,862,167,695
S01011480,1024,149,875
S01011481,653,220,433
S01011482,1151,311,840
S01011483,884,121,763
S01011484,1202,332,870
S01011485,1025,271,754
S01011486,589,145,444
S01011487,1020,300,720
S01011488,752,218,534
S01011489,619,192,427
S01011490,1110,251,859
S01011491,513,148,365
S01011492,982,214,768
S01011493,1043,165,878
S01011494,664,221,443
S01011495,1169,290,879
S01011496,658,149,509
S01011497,902,97,805
S01011498,673,47,626
S01011499,992,189,803
S01011500,1081,283,798
S01011501,753,208,545
S01011502,788,174,614
S01011503,1100,267,833
S01011504,655,155,500
S01011505,704,183,521
S01011506,589,191,398
S01011507,820,256,564
S01011508,911,158,753
S01011509,656,117,539
S01011510,975,250,725
S01011511,775,204,571
S01011512,1263,312,951
S01011513,925,311,614
S01011514,1137,240,897
S01011515,841,139,702
S01011516,989,115,874
S01011517,626,198,428
S01011518,713,251,462
S01011519,775,232,543
S01011520,1041,322,719
S01011521,1321,367,954
S01011522,890,257,633
S01011523,1276,319,957
S01011524,883,140,743
S01011525,926,280,646
S01011526,998,218,780
S01011527,985,197,788
S01011528,1034,291,743
S01011529,1127,313,814
S01011530,1227,369,858
S01011531,1125,305,820
S01011532,475,56,419
S01011533,742,251,491
S01011534,778,223,555
S01011535,866,252,614
S01011536,719,66,653
S01011537,897,154,743
S01011538,814,111,703
S01011539,922,289,633
S01011540,1072,301,771
S01011541,951,227,724
S01011542,1158,284,874
S01011543,923,233,690
S01011544,809,251,558
S01011545,929,261,668
S01011546,811,62,749
S01011547,465,26,439
S01011548,815,236,579
S01011549,1004,195,809
S01011550,1095,145,950
S01011551,948,239,709
S01011552,1042,179,863
S01011553,244,59,185
S01011554,1102,297,805
S01011555,874,222,652
S01011556,711,180,531
S01011557,965,264,701
S01011558,860,211,649
S01011559,749,218,531
S01011560,1032,293,739
S01011561,795,239,556
S01011562,854,216,638
S01011563,925,290,635
S01011564,726,211,515
S01011565,885,218,667
S01011566,810,171,639
S01011567,839,271,568
S01011568,825,186,639
S01011569,798,240,558
S01011570,1033,318,715
S01011571,940,315,625
S01011572,905,258,647
S01011573,667,142,525
S01011574,717,167,550
S01011575,468,111,357
S01011576,899,269,630
S01011577,676,144,532
S01011578,1280,309,971
S01011579,987,135,852
S01011580,1050,337,713
S01011581,961,299,662
S01011582,1390,266,1124
S01011583,1011,319,692
S01011584,832,216,616
S01011585,1252,364,888
S01011586,757,218,539
S01011587,860,209,651
S01011588,976,281,695
S01011589,1067,307,760
S01011590,1182,328,854
S01011591,982,268,714
S01011592,886,221,665
S01011593,638,188,450
S01011594,718,185,533
S01011595,962,168,794
S01011596,1361,280,1081
S01011597,838,141,697
S01011598,978,302,676
S01011599,941,265,676
S01011600,767,221,546
S01011601,859,78,781
S01011602,723,162,561
S01011603,1084,380,704
S01011604,705,170,535
S01011605,894,258,636
S01011606,412,30,382
S01011607,859,91,768
S01011608,855,112,743
S01011609,1016,322,694
S01011610,1043,286,757
S01011611,733,107,626
S01011612,301,33,268
S01011613,1021,129,892
S01011614,470,108,362
S01011615,882,226,656
S01011616,581,184,397
S01011617,1131,297,834
S01011618,874,203,671
S01011619,785,98,687
S01011620,682,46,636
S01011621,898,120,778
S01011622,171,21,150
S01011623,955,241,714
S01011624,833,142,691
S01011625,568,103,465
S01011626,1168,145,1023
S01011627,619,37,582
S01011628,1426,236,1190
S01011629,809,231,578
S01011630,704,164,540
S01011631,948,217,731
S01011632,1065,263,802
S01011633,1165,284,881
S01011634,869,212,657
S01011635,667,129,538
S01011636,887,244,643
S01011637,787,221,566
S01011638,770,231,539
S01011639,639,186,453
S01011640,1063,280,783
S01011641,1028,144,884
S01011642,897,159,738
S01011643,542,195,347
S01011644,851,258,593
S01011645,626,151,475
S01011646,973,102,871
S01011647,1108,84,1024
S01011648,462,101,361
S01011649,419,102,317
S01011650,1169,244,925
S01011651,824,196,628
S01011652,912,104,808
S01011653,1221,306,915
S01011654,1091,337,754
S01011655,885,272,613
S01011656,800,207,593
S01011657,634,196,438
S01011658,1048,317,731
S01011659,997,285,712
S01011660,1222,192,1030
S01011661,1142,266,876
S01011662,481,78,403
S01011663,901,209,692
S01011664,1090,328,762
S01011665,1190,299,891
S01011666,1044,327,717
S01011667,1051,363,688
S01011668,1619,476,1143
S01011669,948,221,727
S01011670,875,248,627
S01011671,779,205,574
S01011672,846,214,632
S01011673,790,233,557
S01011674,831,235,596
S01011675,1079,309,770
S01011676,863,234,629
S01011677,164,45,119
S01011678,533,157,376
S01011679,639,172,467
S01011680,1228,332,896
S01011681,758,177,581
S01011682,840,190,650
S01011683,878,177,701
S01011684,728,169,559
S01011685,273,70,203
S01011686,953,155,798
S01011687,1034,233,801
S01011688,1077,208,869
S01011689,514,81,433
S01011690,827,179,648
S01011691,324,75,249
S01011692,1293,347,946
S01011693,952,197,755
S01011694,110,32,78
S01011695,973,168,805
S01011696,163,41,122
S01011697,490,142,348
S01011698,765,174,591
S01011699,929,142,787
S01011700,914,242,672
S01011701,853,143,710
S01011702,853,188,665
S01011703,786,122,664
S01011704,840,94,746
S01011705,962,199,763
S01011706,950,245,705
S01011707,688,101,587
S01011708,1076,291,785
S01011709,1146,266,880
S01011710,679,161,518
S01011711,1219,392,827
S01011712,576,187,389
S01011713,1296,261,1035
S01011714,479,65,414
S01011715,1141,255,886
S01011716,1045,115,930
S01011717,898,147,751
S01011718,230,45,185
S01011719,772,53,719
S01011720,696,77,619
S01011721,773,184,589
S01011722,1462,362,1100
S01011723,950,224,726
S01011724,706,67,639
S01011725,640,31,609
S01011726,577,34,543
S01011727,237,34,203
S01011728,1018,194,824
S01011729,1245,411,834
S01011730,986,159,827
S01011731,1217,260,957
S01011732,1027,146,881
S01011733,936,187,749
S01011734,929,191,738
S01011735,800,133,667
S01011736,1186,208,978
S01011737,1044,206,838
S01011738,863,194,669
S01011739,620,132,488
S01011740,718,144,574
S01011741,1032,243,789
S01011742,894,189,705
S01011743,746,153,593
S01011744,756,239,517
S01011745,1090,315,775
S01011746,912,254,658
S01011747,1050,266,784
S01011748,1016,170,846
S01011749,880,164,716
S01011750,864,225,639
S01011751,1170,227,943
S01011752,1107,211,896
S01011753,880,138,742
S01011754,983,199,784
S01011755,1038,185,853
S01011756,1218,208,1010
S01011757,967,248,719
S01011758,710,146,564
S01011759,933,200,733
S01011760,966,201,765
S01011761,642,156,486
S01011762,967,211,756
S01011763,868,198,670
S01011764,428,90,338
S01011765,1334,146,1188
S01011766,757,89,668
S01011767,1303,265,1038
S01011768,936,213,723
S01011769,894,310,584
S01011770,960,239,721
S01011771,701,54,647
S01011772,1139,99,1040
S01011773,566,30,536
S01011774,837,113,724
S01011775,792,94,698
S01011776,426,29,397
S01011777,586,56,530
S01011778,663,81,582
S01011779,734,117,617
S01011780,730,82,648
S01011781,960,123,837
S01011782,859,88,771
S01011783,595,58,537
S01011784,922,207,715
S01011785,1155,257,898
S01011786,219,10,209
S01011787,1110,322,788
S01011788,427,33,394
S01011789,1194,193,1001
S01011790,1281,247,1034
S01011791,783,180,603
S01011792,907,326,581
S01011793,694,190,504
S01011794,871,244,627
S01011795,784,205,579
S01011796,871,228,643
S01011797,952,133,819
S01011798,605,136,469
S01011799,1095,179,916
S01011800,719,168,551
S01011801,731,137,594
S01011802,771,195,576
S01011803,681,136,545
S01011804,943,197,746
S01011805,907,182,725
S01011806,1151,172,979
S01011807,989,133,856
S01011808,905,151,754
S01011809,566,97,469
S01011810,1049,168,881
S01011811,864,133,731
S01011812,990,174,816
S01011813,862,113,749
S01011814,604,93,511
S01011815,509,73,436
S01011816,648,68,580
S01011817,645,73,572
S01011818,1298,165,1133
S01011819,1272,225,1047
S01011820,772,210,562
S01011821,475,85,390
S01011822,800,152,648
S01011823,670,121,549
S01011824,1042,137,905
S01011825,582,114,468
S01011826,707,108,599
S01011827,577,107,470
S01011828,854,183,671
S01011829,473,86,387
S01011830,836,176,660
S01011831,1027,222,805
S01011832,749,139,610
S01011833,869,131,738
S01011834,622,64,558
S01011835,574,80,494
S01011836,1090,145,945
S01011837,844,155,689
S01011838,1189,125,1064
S01011839,1172,148,1024
S01011840,1235,136,1099
S01011841,1374,263,1111
S01011842,1392,265,1127
S01011843,1223,189,1034
S01011844,968,159,809
S01011845,789,139,650
S01011846,898,107,791
S01011847,451,49,402
S01011848,771,118,653
S01011849,718,113,605
S01011850,998,145,853
S01011851,822,143,679
S01011852,931,201,730
S01011853,847,131,716
S01011854,1083,219,864
S01011855,1205,274,931
S01011856,740,111,629
S01011857,1075,210,865
S01011858,863,194,669
S01011859,1075,234,841
S01011860,702,105,597
S01011861,761,117,644
S01011862,1045,176,869
S01011863,1107,257,850
S01011864,791,115,676
S01011865,741,147,594
S01011866,1119,211,908
S01011867,967,237,730
S01011868,879,174,705
S01011869,785,143,642
S01011870,690,127,563
S01011871,938,108,830
S01011872,817,98,719
S01011873,702,73,629
S01011874,853,113,740
S01011875,1114,194,920
S01011876,989,164,825
S01011877,778,104,674
S01011878,1584,163,1421
S01011879,767,71,696
S01011880,953,111,842
S01011881,770,155,615
S01011882,954,200,754
S01011883,1907,210,1697
S01011884,371,41,330
S01011885,453,67,386
S01011886,926,141,785
S01011887,772,129,643
S01011888,1262,262,1000
S01011889,1044,243,801
S01011890,877,148,729
S01011891,1020,274,746
S01011892,1125,143,982
S01011893,996,168,828
S01011894,726,106,620
S01011895,1146,227,919
S01011896,961,190,771
S01011897,1101,172,929
S01011898,762,117,645
S01011899,1065,154,911
S01011900,711,95,616
S01011901,814,122,692
S01011902,1186,232,954
S01011903,990,147,843
S01011904,1052,159,893
S01011905,808,109,699
S01011906,355,49,306
S01011907,871,82,789
S01011908,583,71,512
S01011909,524,21,503
S01011910,1194,217,977
S01011911,772,172,600
S01011912,847,172,675
S01011913,898,176,722
S01011914,1010,204,806
S01011915,882,201,681
S01011916,955,192,763
S01011917,664,122,542
S01011918,923,180,743
S01011919,946,167,779
S01011920,664,141,523
S01011921,614,141,473
S01011922,884,157,727
S01011923,860,150,710
S01011924,937,158,779
S01011925,238,59,179
S01011926,845,161,684
S01011927,621,135,486
S01011928,884,158,726
S01011929,730,138,592
S01011930,771,174,597
S01011931,871,144,727
S01011932,477,88,389
S01011933,1016,180,836
S01011934,793,180,613
S01011935,940,215,725
S01011936,740,178,562
S01011937,333,108,225
S01011938,452,111,341
S01011939,825,157,668
S01011940,817,160,657
S01011941,864,207,657
S01011942,691,172,519
S01011943,1184,350,834
S01011944,479,89,390
S01011945,1424,268,1156
S01011946,853,204,649
S01011947,676,102,574
S01011948,961,247,714
S01011949,1038,168,870
S01011950,1005,222,783
S01011951,806,131,675
S01011952,414,64,350
S01011953,963,169,794
S01011954,623,138,485
S01011955,1051,228,823
S01011956,719,124,595
S01011957,805,134,671
S01011958,1463,266,1197
S01011959,973,177,796
S01011960,716,100,616
S01011961,1064,124,940
S01011962,595,73,522
S01011963,607,111,496
S01011964,1011,157,854
S01011965,1019,190,829
S01011966,753,127,626
S01011967,999,153,846
S01011968,1235,235,1000
S01011969,1703,303,1400
S01011970,1615,304,1311
S01011971,604,94,510
S01011972,1646,255,1391
S01011973,559,99,460
S01011974,721,102,619
S01011975,445,72,373
S01011976,902,153,749
S01011977,1245,210,1035
S01011978,1224,258,966
S01011979,891,246,645
S01011980,492,59,433
S01011981,1122,145,977
S01011982,1436,289,1147
S01011983,1270,215,1055
S01011984,633,165,468
S01011985,699,154,545
S01011986,1010,233,777
S01011987,1096,175,921
S01011988,718,176,542
S01011989,773,122,651
S01011990,746,149,597
S01011991,969,212,757
S01011992,925,173,752
S01011993,953,220,733
S01011994,815,149,666
S01011995,718,85,633
S01011996,783,149,634
S01011997,1239,197,1042
S01011998,640,95,545
S01011999,647,112,535
S01012000,580,82,498
S01012001,810,139,671
S01012002,789,182,607
S01012003,868,156,712
S01012004,1198,232,966
S01012005,761,133,628
S01012006,1154,125,1029
S01012007,912,204,708
S01012008,1284,281,1003
S01012009,657,96,561
S01012010,1367,237,1130
S01012011,1359,264,1095
S01012012,703,148,555
S01012013,791,128,663
S01012014,1713,320,1393
S01012015,1190,221,969
S01012016,718,123,595
S01012017,713,98,615
S01012018,880,111,769
S01012019,686,103,583
S01012020,1047,231,816
S01012021,897,153,744
S01012022,1142,203,939
S01012023,641,106,535
S01012024,1065,170,895
S01012025,746,142,604
S01012026,468,109,359
S01012027,1371,469,902
S01012028,1044,117,927
S01012029,1114,383,731
S01012030,1551,420,1131
S01012031,881,315,566
S01012032,406,62,344
S01012033,958,213,745
S01012034,961,174,787
S01012035,1195,217,978
S01012036,1245,239,1006
S01012037,1300,304,996
S01012038,1139,290,849
S01012039,1016,280,736
S01012040,705,97,608
S01012041,1261,277,984
S01012042,1011,225,786
S01012043,880,211,669
S01012044,1041,351,690
S01012045,1289,494,795
S01012046,953,289,664
S01012047,1041,362,679
S01012048,698,236,462
S01012049,760,149,611
S01012050,968,147,821
S01012051,555,132,423
S01012052,878,247,631
S01012053,1042,224,818
S01012054,1247,281,966
S01012055,909,294,615
S01012056,974,201,773
S01012057,836,155,681
S01012058,757,154,603
S01012059,999,267,732
S01012060,886,278,608
S01012061,1076,214,862
S01012062,950,114,836
S01012063,704,75,629
S01012064,718,172,546
S01012065,818,183,635
S01012066,935,166,769
S01012067,690,155,535
S01012068,779,214,565
S01012069,604,175,429
S01012070,874,298,576
S01012071,817,254,563
S01012072,997,257,740
S01012073,640,95,545
S01012074,673,60,613
S01012075,1060,122,938
S01012076,981,213,768
S01012077,869,162,707
S01012078,835,103,732
S01012079,1020,224,796
S01012080,1056,185,871
S01012081,722,212,510
S01012082,986,255,731
S01012083,1200,348,852
S01012084,729,89,640
S01012085,872,158,714
S01012086,973,225,748
S01012087,859,186,673
S01012088,593,63,530
S01012089,910,94,816
S01012090,1191,158,1033
S01012091,868,98,770
S01012092,687,63,624
S01012093,588,92,496
S01012094,976,198,778
S01012095,1210,206,1004
S01012096,913,250,663
S01012097,719,155,564
S01012098,950,247,703
S01012099,1156,374,782
S01012100,1485,330,1155
S01012101,974,122,852
S01012102,1003,206,797
S01012103,1134,164,970
S01012104,907,91,816
S01012105,1077,111,966
S01012106,1017,126,891
S01012107,789,226,563
S01012108,1173,489,684
S01012109,1101,221,880
S01012110,924,235,689
S01012111,1305,373,932
S01012112,1073,319,754
S01012113,1080,290,790
S01012114,1336,417,919
S01012115,742,204,538
S01012116,668,165,503
S01012117,650,322,328
S01012118,986,363,623
S01012119,1007,120,887
S01012120,696,149,547
S01012121,857,256,601
S01012122,1026,239,787
S01012123,799,151,648
S01012124,690,146,544
S01012125,942,280,662
S01012126,538,102,436
S01012127,771,162,609
S01012128,406,74,332
S01012129,964,274,690
S01012130,1067,443,624
S01012131,1239,306,933
S01012132,831,170,661
S01012133,994,179,815
S01012134,1172,315,857
S01012135,1239,341,898
S01012136,880,157,723
S01012137,825,237,588
S01012138,1106,237,869
S01012139,977,317,660
S01012140,934,170,764
S01012141,1264,186,1078
S01012142,950,160,790
S01012143,1284,190,1094
S01012144,1059,209,850
S01012145,1208,153,1055
S01012146,1000,318,682
S01012147,905,282,623
S01012148,764,206,558
S01012149,872,186,686
S01012150,886,239,647
S01012151,1165,306,859
S01012152,1008,293,715
S01012153,361,94,267
S01012154,603,180,423
S01012155,788,200,588
S01012156,1220,314,906
S01012157,901,195,706
S01012158,958,174,784
S01012159,578,79,499
S01012160,1042,169,873
S01012161,529,130,399
S01012162,773,188,585
S01012163,568,91,477
S01012164,434,46,388
S01012165,961,223,738
S01012166,859,172,687
S01012167,609,167,442
S01012168,1121,216,905
S01012169,945,235,710
S01012170,1374,362,1012
S01012171,1263,299,964
S01012172,1052,243,809
S01012173,811,142,669
S01012174,1147,180,967
S01012175,1161,130,1031
S01012176,1496,211,1285
S01012177,952,115,837
S01012178,1070,137,933
S01012179,785,202,583
S01012180,737,233,504
S01012181,1160,334,826
S01012182,721,142,579
S01012183,649,158,491
S01012184,131,46,85
S01012185,710,182,528
S01012186,895,256,639
S01012187,935,260,675
S01012188,680,176,504
S01012189,708,123,585
S01012190,336,35,301
S01012191,1185,137,1048
S01012192,519,78,441
S01012193,773,68,705
S01012194,882,55,827
S01012195,971,150,821
S01012196,589,52,537
S01012197,1132,276,856
S01012198,1134,234,900
S01012199,946,223,723
S01012200,699,168,531
S01012201,1134,237,897
S01012202,596,112,484
S01012203,1011,135,876
S01012204,840,61,779
S01012205,972,111,861
S01012206,1025,135,890
S01012207,1249,308,941
S01012208,1373,358,1015
S01012209,1065,275,790
S01012210,745,194,551
S01012211,1201,234,967
S01012212,1296,151,1145
S01012213,1320,325,995
S01012214,869,123,746
S01012215,1128,109,1019
S01012216,1360,133,1227
S01012217,571,134,437
S01012218,757,162,595
S01012219,934,303,631
S01012220,797,265,532
S01012221,818,274,544
S01012222,1216,285,931
S01012223,827,205,622
S01012224,1191,261,930
S01012225,1180,273,907
S01012226,905,166,739
S01012227,988,177,811
S01012228,844,150,694
S01012229,826,105,721
S01012230,1103,125,978
S01012231,890,74,816
S01012232,1227,113,1114
S01012233,919,79,840
S01012234,1367,152,1215
S01012235,841,117,724
S01012236,936,198,738
S01012237,878,74,804
S01012238,594,146,448
S01012239,602,142,460
S01012240,763,172,591
S01012241,699,66,633
S01012242,948,99,849
S01012243,1001,118,883
S01012244,1063,114,949
S01012245,1404,217,1187
S01012246,978,73,905
S01012247,760,131,629
S01012248,799,91,708
S01012249,999,121,878
S01012250,863,104,759
S01012251,1200,209,991
S01012252,1245,192,1053
S01012253,969,207,762
S01012254,946,142,804
S01012255,780,152,628
S01012256,847,92,755
S01012257,1152,175,977
S01012258,1146,137,1009
S01012259,883,127,756
S01012260,915,195,720
S01012261,454,57,397
S01012262,944,154,790
S01012263,727,140,587
S01012264,297,60,237
S01012265,1266,223,1043
S01012266,1027,195,832
S01012267,779,128,651
S01012268,1146,194,952
S01012269,928,146,782
S01012270,881,150,731
S01012271,1140,111,1029
S01012272,741,114,627
S01012273,664,82,582
S01012274,1099,139,960
S01012275,655,109,546
S01012276,1521,273,1248
S01012277,1170,193,977
S01012278,1219,316,903
S01012279,1107,205,902
S01012280,1139,190,949
S01012281,1013,180,833
S01012282,1153,216,937
S01012283,933,183,750
S01012284,782,164,618
S01012285,711,109,602
S01012286,1104,195,909
S01012287,1269,269,1000
S01012288,1040,175,865
S01012289,927,172,755
S01012290,633,121,512
S01012291,821,130,691
S01012292,1098,223,875
S01012293,620,96,524
S01012294,1055,176,879
S01012295,311,62,249
S01012296,580,75,505
S01012297,547,54,493
S01012298,867,133,734
S01012299,570,77,493
S01012300,1160,232,928
S01012301,988,139,849
S01012302,712,102,610
S01012303,852,150,702
S01012304,1112,160,952
S01012305,922,187,735
S01012306,858,192,666
S01012307,939,170,769
S01012308,810,122,688
S01012309,1020,209,811
S01012310,1425,284,1141
S01012311,973,226,747
S01012312,1047,170,877
S01012313,823,149,674
S01012314,898,178,720
S01012315,738,144,594
S01012316,704,149,555
S01012317,435,89,346
S01012318,891,138,753
S01012319,760,130,630
S01012320,767,139,628
S01012321,821,145,676
S01012322,1061,190,871
S01012323,897,164,733
S01012324,1000,182,818
S01012325,651,156,495
S01012326,958,218,740
S01012327,1061,215,846
S01012328,876,150,726
S01012329,1023,146,877
S01012330,718,89,629
S01012331,775,123,652
S01012332,990,147,843
S01012333,943,152,791
S01012334,1027,156,871
S01012335,1574,168,1406
S01012336,916,185,731
S01012337,1020,268,752
S01012338,712,151,561
S01012339,798,145,653
S01012340,692,98,594
S01012341,815,106,709
S01012342,934,156,778
S01012343,890,125,765
S01012344,914,154,760
S01012345,727,113,614
S01012346,857,144,713
S01012347,693,133,560
S01012348,890,150,740
S01012349,1186,180,1006
S01012350,1197,203,994
S01012351,1024,159,865
S01012352,1119,191,928
S01012353,826,176,650
S01012354,910,191,719
S01012355,957,126,831
S01012356,1073,168,905
S01012357,954,158,796
S01012358,872,161,711
S01012359,962,206,756
S01012360,778,153,625
S01012361,950,198,752
S01012362,1111,209,902
S01012363,1247,300,947
S01012364,828,170,658
S01012365,1235,172,1063
S01012366,959,192,767
S01012367,1141,211,930
S01012368,944,199,745
S01012369,1229,235,994
S01012370,1266,270,996
S01012371,1249,293,956
S01012372,1069,231,838
S01012373,1269,209,1060
S01012374,973,153,820
S01012375,1277,234,1043
S01012376,841,103,738
S01012377,674,145,529
S01012378,779,97,682
S01012379,549,86,463
S01012380,1457,245,1212
S01012381,1090,235,855
S01012382,1110,133,977
S01012383,1186,235,951
S01012384,512,106,406
S01012385,756,88,668
S01012386,1158,216,942
S01012387,948,155,793
S01012388,683,119,564
S01012389,774,115,659
S01012390,658,100,558
S01012391,922,94,828
S01012392,600,61,539
S01012393,1168,115,1053
S01012394,1114,171,943
S01012395,858,151,707
S01012396,867,148,719
S01012397,859,156,703
S01012398,1047,250,797
S01012399,927,163,764
S01012400,894,178,716
S01012401,935,122,813
S01012402,340,25,315
S01012403,983,155,828
S01012404,1129,213,916
S01012405,610,59,551
S01012406,675,87,588
S01012407,919,127,792
S01012408,763,112,651
S01012409,1069,171,898
S01012410,1259,178,1081
S01012411,1318,184,1134
S01012412,681,119,562
S01012413,1043,236,807
S01012414,806,148,658
S01012415,799,86,713
S01012416,520,71,449
S01012417,628,142,486
S01012418,879,195,684
S01012419,1104,247,857
S01012420,1114,228,886
S01012421,1033,262,771
S01012422,1330,316,1014
S01012423,1099,208,891
S01012424,861,180,681
S01012425,660,198,462
S01012426,654,155,499
S01012427,861,196,665
S01012428,946,178,768
S01012429,498,149,349
S01012430,1064,228,836
S01012431,1161,273,888
S01012432,873,225,648
S01012433,909,254,655
S01012434,827,184,643
S01012435,939,226,713
S01012436,952,191,761
S01012437,816,148,668
S01012438,631,121,510
S01012439,963,213,750
S01012440,559,80,479
S01012441,1007,175,832
S01012442,697,123,574
S01012443,683,118,565
S01012444,1151,280,871
S01012445,116,9,107
S01012446,730,138,592
S01012447,978,139,839
S01012448,497,65,432
S01012449,589,119,470
S01012450,809,122,687
S01012451,927,297,630
S01012452,713,122,591
S01012453,906,176,730
S01012454,1166,208,958
S01012455,627,70,557
S01012456,1074,162,912
S01012457,1058,152,906
S01012458,900,127,773
S01012459,881,126,755
S01012460,905,141,764
S01012461,732,156,576
S01012462,908,243,665
S01012463,1037,289,748
S01012464,698,97,601
S01012465,1048,291,757
S01012466,1067,240,827
S01012467,1264,318,946
S01012468,878,203,675
S01012469,1119,236,883
S01012470,994,275,719
S01012471,804,134,670
S01012472,848,151,697
S01012473,693,98,595
S01012474,800,224,576
S01012475,690,156,534
S01012476,1129,270,859
S01012477,881,122,759
S01012478,836,201,635
S01012479,1118,138,980
S01012480,177,37,140
S01012481,747,141,606
S01012482,805,194,611
S01012483,755,209,546
S01012484,1190,222,968
S01012485,1439,499,940
S01012486,887,345,542
S01012487,620,132,488
S01012488,977,255,722
S01012489,1150,293,857
S01012490,1050,308,742
S01012491,781,177,604
S01012492,994,337,657
S01012493,813,289,524
S01012494,1464,338,1126
S01012495,1113,291,822
S01012496,893,239,654
S01012497,645,210,435
S01012498,938,250,688
S01012499,1099,193,906
S01012500,665,138,527
S01012501,966,228,738
S01012502,959,215,744
S01012503,729,210,519
S01012504,590,163,427
S01012505,1042,270,772
S01012506,480,121,359
S01012507,963,259,704
S01012508,812,226,586
S01012509,581,132,449
S01012510,1099,160,939
S01012511,805,147,658
S01012512,966,181,785
S01012513,605,56,549
S01012514,766,42,724
S01012515,859,257,602
S01012516,658,126,532
S01012517,911,167,744
S01012518,819,196,623
S01012519,793,161,632
S01012520,862,168,694
S01012521,778,146,632
S01012522,954,147,807
S01012523,1113,225,888
S01012524,1083,243,840
S01012525,1051,193,858
S01012526,951,159,792
S01012527,692,154,538
S01012528,839,190,649
S01012529,982,216,766
S01012530,1148,251,897
S01012531,844,184,660
S01012532,1079,197,882
S01012533,813,231,582
S01012534,951,260,691
S01012535,954,238,716
S01012536,880,202,678
S01012537,1173,268,905
S01012538,1057,286,771
S01012539,850,178,672
S01012540,1098,241,857
S01012541,1005,161,844
S01012542,1225,300,925
S01012543,717,101,616
S01012544,583,156,427
S01012545,550,141,409
S01012546,994,170,824
S01012547,778,153,625
S01012548,883,163,720
S01012549,908,207,701
S01012550,1088,225,863
S01012551,1250,125,1125
S01012552,969,135,834
S01012553,819,92,727
S01012554,737,72,665
S01012555,592,62,530
S01012556,621,63,558
S01012557,867,128,739
S01012558,826,165,661
S01012559,929,256,673
S01012560,1132,241,891
S01012561,1169,251,918
S01012562,971,237,734
S01012563,786,118,668
S01012564,917,134,783
S01012565,959,203,756
S01012566,866,203,663
S01012567,1022,254,768
S01012568,1066,177,889
S01012569,791,144,647
S01012570,809,158,651
S01012571,799,164,635
S01012572,607,111,496
S01012573,842,140,702
S01012574,1238,213,1025
S01012575,858,120,738
S01012576,940,170,770
S01012577,977,154,823
S01012578,1363,286,1077
S01012579,775,139,636
S01012580,732,110,622
S01012581,1325,443,882
S01012582,744,167,577
S01012583,743,175,568
S01012584,638,116,522
S01012585,1429,296,1133
S01012586,1000,312,688
S01012587,800,139,661
S01012588,699,125,574
S01012589,876,201,675
S01012590,1063,299,764
S01012591,1109,306,803
S01012592,421,62,359
S01012593,953,117,836
S01012594,750,153,597
S01012595,918,211,707
S01012596,698,179,519
S01012597,345,90,255
S01012598,757,121,636
S01012599,715,119,596
S01012600,728,64,664
S01012601,860,96,764
S01012602,774,257,517
S01012603,699,213,486
S01012604,914,195,719
S01012605,709,140,569
S01012606,316,23,293
S01012607,817,189,628
S01012608,1124,238,886
S01012609,1011,232,779
S01012610,1205,304,901
S01012611,961,171,790
S01012612,1251,286,965
S01012613,1351,286,1065
S01012614,1058,255,803
S01012615,1060,205,855
S01012616,783,192,591
S01012617,352,40,312
S01012618,733,105,628
S01012619,729,194,535
S01012620,1020,149,871
S01012621,993,179,814
S01012622,917,200,717
S01012623,895,240,655
S01012624,832,205,627
S01012625,729,177,552
S01012626,777,138,639
S01012627,667,137,530
S01012628,635,189,446
S01012629,344,56,288
S01012630,799,220,579
S01012631,1073,247,826
S01012632,551,86,465
S01012633,931,184,747
S01012634,1215,238,977
S01012635,1397,270,1127
S01012636,697,118,579
S01012637,1133,279,854
S01012638,1126,225,901
S01012639,1384,338,1046
S01012640,1384,352,1032
S01012641,880,294,586
S01012642,1687,484,1203
S01012643,553,135,418
S01012644,543,145,398
S01012645,1063,292,771
S01012646,948,146,802
S01012647,319,33,286
S01012648,730,178,552
S01012649,913,229,684
S01012650,784,135,649
S01012651,832,246,586
S01012652,1055,136,919
S01012653,973,201,772
S01012654,897,174,723
S01012655,1239,359,880
S01012656,959,270,689
S01012657,928,201,727
S01012658,972,192,780
S01012659,520,50,470
S01012660,772,206,566
S01012661,973,217,756
S01012662,1049,268,781
S01012663,909,206,703
S01012664,976,268,708
S01012665,949,317,632
S01012666,888,264,624
S01012667,719,187,532
S01012668,1144,300,844
S01012669,1091,173,918
S01012670,716,135,581
S01012671,1283,375,908
S01012672,727,236,491
S01012673,1135,291,844
S01012674,767,255,512
S01012675,1116,285,831
S01012676,958,183,775
S01012677,623,167,456
S01012678,824,113,711
S01012679,575,163,412
S01012680,245,70,175
S01012681,693,107,586
S01012682,886,264,622
S01012683,922,159,763
S01012684,473,126,347
S01012685,1237,290,947
S01012686,1241,227,1014
S01012687,1435,211,1224
S01012688,944,200,744
S01012689,653,102,551
S01012690,542,70,472
S01012691,1078,116,962
S01012692,1019,194,825
S01012693,1008,87,921
S01012694,595,102,493
S01012695,730,177,553
S01012696,667,91,576
S01012697,505,62,443
S01012698,1067,172,895
S01012699,996,178,818
S01012700,980,153,827
S01012701,1188,144,1044
S01012702,437,105,332
S01012703,735,88,647
S01012704,711,184,527
S01012705,755,40,715
S01012706,1050,231,819
S01012707,984,82,902
S01012708,1020,274,746
S01012709,749,178,571
S01012710,944,267,677
S01012711,1284,404,880
S01012712,1016,144,872
S01012713,1205,253,952
S01012714,727,113,614
S01012715,1013,261,752
S01012716,1191,234,957
S01012717,965,246,719
S01012718,748,167,581
S01012719,858,199,659
S01012720,650,141,509
S01012721,708,187,521
S01012722,1204,409,795
S01012723,888,293,595
S01012724,763,219,544
S01012725,926,206,720
S01012726,993,241,752
S01012727,989,292,697
S01012728,1130,276,854
S01012729,1081,200,881
S01012730,622,140,482
S01012731,864,233,631
S01012732,894,189,705
S01012733,210,32,178
S01012734,100,15,85
S01012735,616,152,464
S01012736,1302,255,1047
S01012737,1223,228,995
S01012738,622,160,462
S01012739,123,17,106
S01012740,91,26,65
S01012741,686,61,625
S01012742,1032,105,927
S01012743,1019,156,863
S01012744,786,64,722
S01012745,885,174,711
S01012746,1124,158,966
S01012747,1293,235,1058
S01012748,944,238,706
S01012749,886,213,673
S01012750,784,174,610
S01012751,1380,349,1031
S01012752,693,169,524
S01012753,540,137,403
S01012754,969,234,735
S01012755,630,220,410
S01012756,1006,271,735
S01012757,519,157,362
S01012758,646,156,490
S01012759,817,216,601
S01012760,957,331,626
S01012761,1059,287,772
S01012762,876,193,683
S01012763,692,177,515
S01012764,1011,250,761
S01012765,663,153,510
S01012766,801,223,578
S01012767,901,111,790
S01012768,987,137,850
S01012769,532,96,436
S01012770,789,211,578
S01012771,924,244,680
S01012772,1193,329,864
S01012773,1270,337,933
S01012774,1012,317,695
S01012775,747,190,557
S01012776,930,214,716
S01012777,585,134,451
S01012778,750,213,537
S01012779,697,165,532
S01012780,837,232,605
S01012781,623,130,493
S01012782,969,256,713
S01012783,1070,314,756
S01012784,948,259,689
S01012785,806,286,520
S01012786,870,332,538
S01012787,387,118,269
S01012788,1008,257,751
S01012789,1076,223,853
S01012790,521,113,408
S01012791,945,223,722
S01012792,1110,378,732
S01012793,919,321,598
S01012794,282,97,185
S01012795,1192,356,836
S01012796,555,165,390
S01012797,652,182,470
S01012798,881,154,727
S01012799,1170,228,942
S01012800,872,136,736
S01012801,286,50,236
S01012802,672,58,614
S01012803,985,89,896
S01012804,915,222,693
S01012805,1055,254,801
S01012806,1105,338,767
S01012807,754,105,649
S01012808,901,187,714
S01012809,867,168,699
S01012810,940,293,647
S01012811,921,182,739
S01012812,993,211,782
S01012813,1097,150,947
S01012814,827,85,742
S01012815,643,86,557
S01012816,432,108,324
S01012817,332,31,301
S01012818,888,88,800
S01012819,1235,404,831
S01012820,699,97,602
S01012821,417,78,339
S01012822,783,278,505
S01012823,376,46,330
S01012824,893,226,667
S01012825,677,262,415
S01012826,610,135,475
S01012827,431,126,305
S01012828,563,82,481
S01012829,765,242,523
S01012830,714,203,511
S01012831,800,272,528
S01012832,646,132,514
S01012833,1090,321,769
S01012834,830,256,574
S01012835,969,320,649
S01012836,66,13,53
S01012837,1085,229,856
S01012838,910,246,664
S01012839,797,112,685
S01012840,426,51,375
S01012841,834,127,707
S01012842,1102,159,943
S01012843,1042,130,912
S01012844,1041,105,936
S01012845,998,208,790
S01012846,1029,365,664
S01012847,873,170,703
S01012848,630,103,527
S01012849,978,294,684
S01012850,972,321,651
S01012851,1044,305,739
S01012852,1105,192,913
S01012853,1021,251,770
S01012854,1087,162,925
S01012855,1043,214,829
S01012856,909,323,586
S01012857,1374,517,857
S01012858,862,297,565
S01012859,949,217,732
S01012860,954,342,612
S01012861,678,132,546
S01012862,788,284,504
S01012863,784,250,534
S01012864,779,236,543
S01012865,1206,345,861
S01012866,1018,258,760
S01012867,933,369,564
S01012868,776,305,471
S01012869,614,193,421
S01012870,980,219,761
S01012871,1006,173,833
S01012872,993,144,849
S01012873,1125,195,930
S01012874,950,244,706
S01012875,640,169,471
S01012876,991,336,655
S01012877,786,270,516
S01012878,958,96,862
S01012879,1057,194,863
S01012880,1114,184,930
S01012881,1354,297,1057
S01012882,740,155,585
S01012883,1079,356,723
S01012884,677,210,467
S01012885,919,191,728
S01012886,989,167,822
S01012887,744,129,615
S01012888,983,170,813
S01012889,800,141,659
S01012890,700,202,498
S01012891,826,253,573
S01012892,1257,358,899
S01012893,1057,318,739
S01012894,254,45,209
S01012895,476,73,403
S01012896,1111,282,829
S01012897,644,112,532
S01012898,237,58,179
S01012899,749,152,597
S01012900,927,238,689
S01012901,1322,212,1110
S01012902,1066,188,878
S01012903,1068,183,885
S01012904,1058,193,865
S01012905,1047,191,856
S01012906,1137,207,930
S01012907,1116,272,844
S01012908,1183,348,835
S01012909,952,241,711
S01012910,1327,365,962
S01012911,866,201,665
S01012912,1142,307,835
S01012913,1053,243,810
S01012914,963,229,734
S01012915,650,172,478
S01012916,1057,217,840
S01012917,786,99,687
S01012918,940,224,716
S01012919,509,113,396
S01012920,644,91,553
S01012921,770,148,622
S01012922,761,131,630
S01012923,907,137,770
S01012924,651,100,551
S01012925,684,78,606
S01012926,765,112,653
S01012927,827,145,682
S01012928,1011,158,853
S01012929,968,162,806
S01012930,877,286,591
S01012931,1136,309,827
S01012932,661,97,564
S01012933,912,225,687
S01012934,867,224,643
S01012935,1533,342,1191
S01012936,792,165,627
S01012937,906,184,722
S01012938,962,113,849
S01012939,846,68,778
S01012940,904,94,810
S01012941,929,127,802
S01012942,930,202,728
S01012943,883,109,774
S01012944,779,87,692
S01012945,759,93,666
S01012946,808,60,748
S01012947,668,38,630
S01012948,1176,94,1082
S01012949,842,73,769
S01012950,847,94,753
S01012951,499,40,459
S01012952,575,71,504
S01012953,790,72,718
S01012954,513,55,458
S01012955,553,110,443
S01012956,999,270,729
S01012957,857,177,680
S01012958,550,89,461
S01012959,660,60,600
S01012960,864,124,740
S01012961,1093,89,1004
S01012962,1027,106,921
S01012963,410,43,367
S01012964,289,32,257
S01012965,648,54,594
S01012966,1028,107,921
S01012967,1128,202,926
S01012968,904,174,730
S01012969,1079,223,856
S01012970,947,161,786
S01012971,1140,172,968
S01012972,827,174,653
S01012973,983,195,788
S01012974,1123,236,887
S01012975,825,177,648
S01012976,791,145,646
S01012977,981,162,819
S01012978,1126,205,921
S01012979,781,144,637
S01012980,878,130,748
S01012981,929,187,742
S01012982,891,127,764
S01012983,791,127,664
S01012984,871,175,696
S01012985,980,174,806
S01012986,1043,276,767
S01012987,1153,260,893
S01012988,1134,297,837
S01012989,1256,275,981
S01012990,1158,266,892
S01012991,1119,271,848
S01012992,1067,259,808
S01012993,1093,299,794
S01012994,985,211,774
S01012995,931,129,802
S01012996,1064,142,922
S01012997,644,140,504
S01012998,991,205,786
S01012999,598,124,474
S01013000,1228,294,934
S01013001,464,78,386
S01013002,728,155,573
S01013003,795,94,701
S01013004,1057,132,925
S01013005,807,93,714
S01013006,698,83,615
S01013007,1377,234,1143
S01013008,1074,155,919
S01013009,681,159,522
S01013010,539,94,445
S01013011,682,77,605
S01013012,903,164,739
S01013013,937,126,811
S01013014,791,154,637
S01013015,761,107,654
S01013016,896,109,787
S01013017,1003,153,850
S01013018,1113,133,980
S01013019,869,98,771
S01013020,1016,183,833
S01013021,791,157,634
S01013022,376,51,325
S01013023,1063,121,942
S01013024,635,91,544
S01013025,932,182,750
S01013026,782,230,552
S01013027,1604,452,1152
S01013028,524,94,430
S01013029,720,194,526
S01013030,921,187,734
S01013031,749,159,590
S01013032,515,49,466
S01013033,518,82,436
S01013034,878,207,671
S01013035,874,217,657
S01013036,948,196,752
S01013037,1236,269,967
S01013038,1273,243,1030
S01013039,612,53,559
S01013040,662,172,490
S01013041,620,131,489
S01013042,723,142,581
S01013043,855,201,654
S01013044,1217,295,922
S01013045,551,117,434
S01013046,775,178,597
S01013047,957,81,876
S01013048,1300,151,1149
S01013049,1079,175,904
S01013050,936,204,732
S01013051,933,275,658
S01013052,842,248,594
S01013053,1066,310,756
S01013054,1054,251,803
S01013055,718,218,500
S01013056,1297,376,921
S01013057,1140,243,897
S01013058,355,56,299
S01013059,1027,239,788
S01013060,514,121,393
S01013061,1096,167,929
S01013062,952,238,714
S01013063,873,139,734
S01013064,1045,272,773
S01013065,1158,280,878
S01013066,763,160,603
S01013067,1041,143,898
S01013068,1166,230,936
S01013069,814,109,705
S01013070,950,150,800
S01013071,890,80,810
S01013072,817,229,588
S01013073,974,334,640
S01013074,1468,422,1046
S01013075,931,360,571
S01013076,671,84,587
S01013077,773,212,561
S01013078,693,152,541
S01013079,430,65,365
S01013080,1056,193,863
S01013081,786,120,666
S01013082,1204,178,1026
S01013083,1192,111,1081
S01013084,1016,168,848
S01013085,1018,218,800
S01013086,1066,151,915
S01013087,1545,122,1423
S01013088,919,94,825
S01013089,830,152,678
S01013090,889,99,790
S01013091,366,76,290
S01013092,937,176,761
S01013093,481,77,404
S01013094,800,62,738
S01013095,1045,93,952
S01013096,826,110,716
S01013097,1164,103,1061
S01013098,116,26,90
S01013099,859,148,711
S01013100,970,208,762
S01013101,1743,365,1378
S01013102,819,125,694
S01013103,830,72,758
S01013104,1136,158,978
S01013105,897,132,765
S01013106,987,191,796
S01013107,919,115,804
S01013108,748,132,616
S01013109,1280,224,1056
S01013110,637,110,527
S01013111,642,95,547
S01013112,607,87,520
S01013113,1116,234,882
S01013114,1309,253,1056
S01013115,996,226,770
S01013116,1034,168,866
S01013117,941,142,799
S01013118,1189,178,1011
S01013119,755,153,602
S01013120,1150,208,942
S01013121,451,78,373
S01013122,858,264,594
S01013123,995,216,779
S01013124,1223,312,911
S01013125,962,217,745
S01013126,898,228,670
S01013127,947,250,697
S01013128,814,196,618
S01013129,1093,295,798
S01013130,1056,247,809
S01013131,1026,226,800
S01013132,708,190,518
S01013133,792,375,417
S01013134,823,198,625
S01013135,1168,293,875
S01013136,1266,329,937
S01013137,1047,275,772
S01013138,1005,251,754
S01013139,1160,342,818
S01013140,1153,294,859
S01013141,744,215,529
S01013142,1094,376,718
S01013143,1067,240,827
S01013144,942,265,677
S01013145,954,290,664
S01013146,590,177,413
S01013147,807,207,600
S01013148,1072,240,832
S01013149,766,162,604
S01013150,933,226,707
S01013151,572,86,486
S01013152,1202,363,839
S01013153,881,237,644
S01013154,1414,377,1037
S01013155,971,170,801
S01013156,1144,263,881
S01013157,1085,274,811
S01013158,775,163,612
S01013159,899,109,790
S01013160,1117,165,952
S01013161,994,185,809
S01013162,1032,294,738
S01013163,894,121,773
S01013164,1009,299,710
S01013165,1297,326,971
S01013166,763,218,545
S01013167,1124,295,829
S01013168,1163,364,799
S01013169,846,313,533
S01013170,1259,319,940
S01013171,872,117,755
S01013172,949,151,798
S01013173,875,129,746
S01013174,1219,126,1093
S01013175,853,113,740
S01013176,1073,277,796
S01013177,1185,277,908
S01013178,648,123,525
S01013179,1166,193,973
S01013180,523,50,473
S01013181,1032,200,832
S01013182,865,239,626
S01013183,1057,155,902
S01013184,748,161,587
S01013185,1122,282,840
S01013186,761,174,587
S01013187,944,215,729
S01013188,1076,175,901
S01013189,877,162,715
S01013190,739,195,544
S01013191,774,76,698
S01013192,1143,277,866
S01013193,556,106,450
S01013194,993,190,803
S01013195,846,210,636
S01013196,778,144,634
S01013197,624,142,482
S01013198,955,284,671
S01013199,880,249,631
S01013200,1109,320,789
S01013201,900,236,664
S01013202,653,175,478
S01013203,1038,211,827
S01013204,953,118,835
S01013205,856,204,652
S01013206,1060,295,765
S01013207,918,255,663
S01013208,542,116,426
S01013209,1011,248,763
S01013210,808,110,698
S01013211,1062,225,837
S01013212,873,68,805
S01013213,1000,76,924
S01013214,422,46,376
S01013215,822,125,697
S01013216,908,142,766
S01013217,867,144,723
S01013218,863,171,692
S01013219,849,146,703
S01013220,881,196,685
S01013221,1044,254,790
S01013222,520,171,349
S01013223,1156,390,766
S01013224,1229,271,958
S01013225,843,200,643
S01013226,331,61,270
S01013227,514,142,372
S01013228,999,234,765
S01013229,1109,293,816
S01013230,998,291,707
S01013231,1096,232,864
S01013232,817,262,555
S01013233,620,137,483
S01013234,403,51,352
S01013235,1189,304,885
S01013236,1130,194,936
S01013237,1035,185,850
S01013238,1095,332,763
S01013239,1065,271,794
S01013240,774,211,563
S01013241,976,130,846
S01013242,732,95,637
S01013243,821,169,652
S01013244,1202,311,891
S01013245,877,183,694
S01013246,435,91,344
S01013247,963,263,700
S01013248,732,204,528
S01013249,950,245,705
S01013250,1103,145,958
S01013251,821,186,635
S01013252,995,237,758
S01013253,782,155,627
S01013254,849,209,640
S01013255,931,188,743
S01013256,729,167,562
S01013257,976,262,714
S01013258,966,150,816
S01013259,1430,240,1190
S01013260,942,212,730
S01013261,1245,265,980
S01013262,833,171,662
S01013263,569,67,502
S01013264,300,18,282
S01013265,423,41,382
S01013266,309,17,292
S01013267,787,208,579
S01013268,1254,256,998
S01013269,1002,89,913
S01013270,698,44,654
S01013271,1002,90,912
S01013272,996,93,903
S01013273,492,32,460
S01013274,1021,100,921
S01013275,1227,182,1045
S01013276,994,133,861
S01013277,1006,198,808
S01013278,1066,310,756
S01013279,901,172,729
S01013280,882,172,710
S01013281,955,204,751
S01013282,855,152,703
S01013283,837,138,699
S01013284,679,55,624
S01013285,780,72,708
S01013286,839,86,753
S01013287,863,69,794
S01013288,763,157,606
S01013289,965,109,856
S01013290,1160,165,995
S01013291,1141,155,986
S01013292,893,96,797
S01013293,899,88,811
S01013294,897,111,786
S01013295,951,92,859
S01013296,940,202,738
S01013297,1072,244,828
S01013298,790,188,602
S01013299,935,190,745
S01013300,811,202,609
S01013301,697,149,548
S01013302,665,87,578
S01013303,1228,270,958
S01013304,1033,206,827
S01013305,857,190,667
S01013306,1015,246,769
S01013307,1135,214,921
S01013308,636,121,515
S01013309,876,110,766
S01013310,697,126,571
S01013311,924,155,769
S01013312,1632,353,1279
S01013313,666,132,534
S01013314,939,206,733
S01013315,277,30,247
S01013316,754,135,619
S01013317,687,98,589
S01013318,649,53,596
S01013319,739,70,669
S01013320,601,42,559
S01013321,458,123,335
S01013322,845,170,675
S01013323,870,191,679
S01013324,1074,190,884
S01013325,869,175,694
S01013326,1006,211,795
S01013327,927,184,743
S01013328,786,152,634
S01013329,603,159,444
S01013330,711,72,639
S01013331,571,52,519
S01013332,875,165,710
S01013333,1074,140,934
S01013334,771,140,631
S01013335,1056,191,865
S01013336,1198,188,1010
S01013337,1133,219,914
S01013338,368,70,298
S01013339,900,100,800
S01013340,1338,147,1191
S01013341,767,66,701
S01013342,920,249,671
S01013343,717,126,591
S01013344,710,173,537
S01013345,916,156,760
S01013346,729,43,686
S01013347,738,79,659
S01013348,491,34,457
S01013349,220,56,164
S01013350,629,119,510
S01013351,819,142,677
S01013352,1095,186,909
S01013353,1207,236,971
S01013354,787,153,634
S01013355,985,179,806
S01013356,840,184,656
S01013357,510,70,440
S01013358,810,218,592
S01013359,692,180,512
S01013360,737,207,530
S01013361,924,262,662
S01013362,613,187,426
S01013363,1074,268,806
S01013364,746,146,600
S01013365,1085,171,914
S01013366,644,57,587
S01013367,628,55,573
S01013368,906,180,726
S01013369,905,203,702
S01013370,868,199,669
S01013371,879,254,625
S01013372,1044,279,765
S01013373,1150,303,847
S01013374,1047,315,732
S01013375,686,160,526
S01013376,719,192,527
S01013377,803,193,610
S01013378,957,157,800
S01013379,1121,206,915
S01013380,523,127,396
S01013381,733,195,538
S01013382,765,204,561
S01013383,864,292,572
S01013384,1176,344,832
S01013385,726,156,570
S01013386,763,88,675
S01013387,742,222,520
S01013388,761,217,544
S01013389,1073,167,906
S01013390,609,153,456
S01013391,986,172,814
S01013392,386,67,319
S01013393,1082,267,815
S01013394,761,193,568
S01013395,894,200,694
S01013396,382,85,297
S01013397,889,200,689
S01013398,337,41,296
S01013399,476,127,349
S01013400,596,128,468
S01013401,141,9,132
S01013402,76,20,56
S01013403,101,13,88
S01013404,488,58,430
S01013405,707,121,586
S01013406,781,182,599
S01013407,842,190,652
S01013408,791,192,599
S01013409,991,165,826
S01013410,496,105,391
S01013411,761,122,639
S01013412,833,145,688
S01013413,804,188,616
S01013414,669,199,470
S01013415,785,285,500
S01013416,588,178,410
S01013417,733,182,551
S01013418,634,115,519
S01013419,649,88,561
S01013420,822,145,677
S01013421,510,102,408
S01013422,1045,185,860
S01013423,898,134,764
S01013424,914,110,804
S01013425,456,60,396
S01013426,886,197,689
S01013427,232,20,212
S01013428,944,165,779
S01013429,1244,321,923
S01013430,789,150,639
S01013431,912,171,741
S01013432,880,164,716
S01013433,778,112,666
S01013434,514,57,457
S01013435,862,38,824
S01013436,919,167,752
S01013437,717,118,599
S01013438,709,144,565
S01013439,965,101,864
S01013440,1315,113,1202
S01013441,788,103,685
S01013442,914,84,830
S01013443,497,89,408
S01013444,1177,269,908
S01013445,720,192,528
S01013446,741,110,631
S01013447,566,26,540
S01013448,1001,122,879
S01013449,839,71,768
S01013450,885,57,828
S01013451,972,59,913
S01013452,626,43,583
S01013453,983,183,800
S01013454,705,91,614
S01013455,502,91,411
S01013456,1087,227,860
S01013457,1024,209,815
S01013458,895,124,771
S01013459,988,255,733
S01013460,1039,227,812
S01013461,945,153,792
S01013462,971,110,861
S01013463,584,129,455
S01013464,920,198,722
S01013465,872,162,710
S01013466,386,118,268
S01013467,410,87,323
S01013468,719,176,543
S01013469,1053,216,837
S01013470,898,213,685
S01013471,1020,201,819
S01013472,440,81,359
S01013473,272,23,249
S01013474,467,58,409
S01013475,904,128,776
S01013476,679,110,569
S01013477,993,230,763
S01013478,872,162,710
S01013479,1046,202,844
S01013480,657,192,465
S01013481,399,73,326
