dz_2011,total,married,single
S01006506,623,296,327
S01006507,848,541,307
S01006508,683,317,366
S01006509,611,312,299
S01006510,613,331,282
S01006511,841,485,356
S01006512,292,187,105
S01006513,760,540,220
S01006514,859,576,283
S01006515,847,623,224
S01006516,686,406,280
S01006517,811,540,271
S01006518,776,514,262
S01006519,664,454,210
S01006520,590,469,121
S01006521,449,275,174
S01006522,427,296,131
S01006523,1095,695,400
S01006524,1064,490,574
S01006525,1065,659,406
S01006526,1258,571,687
S01006527,1130,536,594
S01006528,914,389,525
S01006529,925,296,629
S01006530,995,404,591
S01006531,1045,411,634
S01006532,689,341,348
S01006533,649,410,239
S01006534,814,415,399
S01006535,944,304,640
S01006536,1158,284,874
S01006537,695,476,219
S01006538,582,385,197
S01006539,841,454,387
S01006540,1067,594,473
S01006541,829,501,328
S01006542,836,514,322
S01006543,827,550,277
S01006544,980,460,520
S01006545,966,478,488
S01006546,981,573,408
S01006547,1209,638,571
S01006548,631,479,152
S01006549,702,458,244
S01006550,1069,735,334
S01006551,786,362,424
S01006552,1155,544,611
S01006553,900,492,408
S01006554,775,386,389
S01006555,903,297,606
S01006556,861,427,434
S01006557,672,276,396
S01006558,767,292,475
S01006559,500,252,248
S01006560,837,425,412
S01006561,706,428,278
S01006562,843,497,346
S01006563,964,448,516
S01006564,1033,247,786
S01006565,1147,174,973
S01006566,781,211,570
S01006567,1028,204,824
S01006568,1037,144,893
S01006569,660,177,483
S01006570,733,338,395
S01006571,986,429,557
S01006572,1073,712,361
S01006573,514,299,215
S01006574,773,453,320
S01006575,915,498,417
S01006576,729,305,424
S01006577,789,299,490
S01006578,1435,305,1130
S01006579,1252,208,1044
S01006580,712,247,465
S01006581,1014,599,415
S01006582,548,75,473
S01006583,929,147,782
S01006584,807,191,616
S01006585,745,181,564
S01006586,770,138,632
S01006587,471,54,417
S01006588,638,62,576
S01006589,979,128,851
S01006590,583,106,477
S01006591,491,97,394
S01006592,371,121,250
S01006593,520,140,380
S01006594,694,190,504
S01006595,675,208,467
S01006596,842,282,560
S01006597,796,114,682
S01006598,910,427,483
S01006599,1000,365,635
S01006600,1182,454,728
S01006601,878,263,615
S01006602,818,391,427
S01006603,1131,591,540
S01006604,753,408,345
S01006605,681,288,393
S01006606,1160,632,528
S01006607,1044,500,544
S01006608,741,441,300
S01006609,1126,621,505
S01006610,615,310,305
S01006611,962,512,450
S01006612,799,432,367
S01006613,350,262,88
S01006614,698,468,230
S01006615,335,234,101
S01006616,593,360,233
S01006617,812,476,336
S01006618,458,290,168
S01006619,797,467,330
S01006620,947,548,399
S01006621,725,438,287
S01006622,508,274,234
S01006623,1215,523,692
S01006624,727,230,497
S01006625,707,338,369
S01006626,703,265,438
S01006627,610,132,478
S01006628,1006,230,776
S01006629,733,250,483
S01006630,697,299,398
S01006631,958,346,612
S01006632,764,225,539
S01006633,728,301,427
S01006634,577,170,407
S01006635,806,312,494
S01006636,735,240,495
S01006637,546,179,367
S01006638,1001,208,793
S01006639,890,160,730
S01006640,153,55,98
S01006641,875,142,733
S01006642,778,131,647
S01006643,990,146,844
S01006644,540,108,432
S01006645,1091,208,883
S01006646,982,110,872
S01006647,600,158,442
S01006648,1621,136,1485
S01006649,628,84,544
S01006650,817,143,674
S01006651,696,145,551
S01006652,639,105,534
S01006653,643,222,421
S01006654,741,234,507
S01006655,548,172,376
S01006656,817,150,667
S01006657,528,108,420
S01006658,1032,193,839
S01006659,836,202,634
S01006660,521,86,435
S01006661,677,197,480
S01006662,544,124,420
S01006663,1210,220,990
S01006664,390,75,315
S01006665,761,167,594
S01006666,1177,334,843
S01006667,969,318,651
S01006668,778,106,672
S01006669,1161,308,853
S01006670,443,160,283
S01006671,1277,173,1104
S01006672,645,195,450
S01006673,861,185,676
S01006674,805,244,561
S01006675,402,115,287
S01006676,663,224,439
S01006677,608,178,430
S01006678,872,327,545
S01006679,785,359,426
S01006680,625,193,432
S01006681,983,312,671
S01006682,615,167,448
S01006683,939,306,633
S01006684,627,171,456
S01006685,749,224,525
S01006686,774,342,432
S01006687,833,329,504
S01006688,965,491,474
S01006689,440,137,303
S01006690,706,274,432
S01006691,762,282,480
S01006692,805,363,442
S01006693,996,376,620
S01006694,1054,470,584
S01006695,663,386,277
S01006696,916,408,508
S01006697,901,418,483
S01006698,829,363,466
S01006699,663,375,288
S01006700,1137,578,559
S01006701,871,406,465
S01006702,854,461,393
S01006703,629,297,332
S01006704,677,300,377
S01006705,831,396,435
S01006706,647,266,381
S01006707,583,212,371
S01006708,783,402,381
S01006709,918,476,442
S01006710,992,512,480
S01006711,975,426,549
S01006712,584,342,242
S01006713,809,447,362
S01006714,779,398,381
S01006715,758,324,434
S01006716,481,221,260
S01006717,875,456,419
S01006718,530,291,239
S01006719,814,428,386
S01006720,621,315,306
S01006721,827,410,417
S01006722,689,344,345
S01006723,837,429,408
S01006724,923,356,567
S01006725,809,389,420
S01006726,623,195,428
S01006727,870,304,566
S01006728,708,374,334
S01006729,665,274,391
S01006730,595,320,275
S01006731,437,224,213
S01006732,875,468,407
S01006733,635,478,157
S01006734,839,534,305
S01006735,747,553,194
S01006736,676,426,250
S01006737,656,428,228
S01006738,575,210,365
S01006739,450,219,231
S01006740,912,485,427
S01006741,713,394,319
S01006742,423,238,185
S01006743,820,460,360
S01006744,572,261,311
S01006745,922,458,464
S01006746,652,354,298
S01006747,1053,637,416
S01006748,898,564,334
S01006749,1155,615,540
S01006750,702,366,336
S01006751,399,205,194
S01006752,740,430,310
S01006753,803,477,326
S01006754,1043,695,348
S01006755,653,386,267
S01006756,207,141,66
S01006757,1153,631,522
S01006758,569,340,229
S01006759,496,345,151
S01006760,512,257,255
S01006761,845,528,317
S01006762,904,535,369
S01006763,876,483,393
S01006764,662,365,297
S01006765,616,319,297
S01006766,502,318,184
S01006767,780,457,323
S01006768,558,389,169
S01006769,1061,663,398
S01006770,641,416,225
S01006771,411,305,106
S01006772,1219,694,525
S01006773,558,368,190
S01006774,669,462,207
S01006775,655,313,342
S01006776,637,319,318
S01006777,890,606,284
S01006778,789,483,306
S01006779,905,448,457
S01006780,757,393,364
S01006781,848,587,261
S01006782,773,462,311
S01006783,570,372,198
S01006784,642,347,295
S01006785,522,375,147
S01006786,904,588,316
S01006787,921,595,326
S01006788,550,302,248
S01006789,811,420,391
S01006790,733,429,304
S01006791,419,240,179
S01006792,601,329,272
S01006793,542,321,221
S01006794,683,429,254
S01006795,549,389,160
S01006796,304,204,100
S01006797,510,320,190
S01006798,531,341,190
S01006799,761,376,385
S01006800,687,488,199
S01006801,578,355,223
S01006802,538,306,232
S01006803,589,354,235
S01006804,566,348,218
S01006805,817,527,290
S01006806,802,487,315
S01006807,387,228,159
S01006808,689,466,223
S01006809,735,437,298
S01006810,777,475,302
S01006811,657,398,259
S01006812,588,341,247
S01006813,675,383,292
S01006814,692,476,216
S01006815,498,270,228
S01006816,748,467,281
S01006817,546,315,231
S01006818,529,352,177
S01006819,594,401,193
S01006820,447,282,165
S01006821,736,498,238
S01006822,597,381,216
S01006823,710,424,286
S01006824,548,205,343
S01006825,862,556,306
S01006826,922,624,298
S01006827,837,409,428
S01006828,829,385,444
S01006829,198,108,90
S01006830,491,318,173
S01006831,1107,742,365
S01006832,763,458,305
S01006833,573,367,206
S01006834,192,140,52
S01006835,1035,477,558
S01006836,46,17,29
S01006837,378,247,131
S01006838,770,505,265
S01006839,729,466,263
S01006840,903,645,258
S01006841,1052,708,344
S01006842,845,571,274
S01006843,754,527,227
S01006844,576,310,266
S01006845,777,474,303
S01006846,694,406,288
S01006847,596,384,212
S01006848,641,399,242
S01006849,334,206,128
S01006850,899,513,386
S01006851,576,350,226
S01006852,463,313,150
S01006853,638,425,213
S01006854,1081,724,357
S01006855,598,414,184
S01006856,685,454,231
S01006857,778,495,283
S01006858,486,313,173
S01006859,769,533,236
S01006860,560,321,239
S01006861,213,143,70
S01006862,787,485,302
S01006863,500,273,227
S01006864,124,45,79
S01006865,791,429,362
S01006866,515,354,161
S01006867,915,574,341
S01006868,691,422,269
S01006869,466,280,186
S01006870,432,287,145
S01006871,719,495,224
S01006872,749,512,237
S01006873,912,576,336
S01006874,479,316,163
S01006875,568,304,264
S01006876,777,520,257
S01006877,812,532,280
S01006878,796,478,318
S01006879,702,437,265
S01006880,444,311,133
S01006881,437,297,140
S01006882,764,450,314
S01006883,463,271,192
S01006884,808,490,318
S01006885,557,370,187
S01006886,578,360,218
S01006887,305,219,86
S01006888,552,359,193
S01006889,535,293,242
S01006890,803,512,291
S01006891,512,301,211
S01006892,491,244,247
S01006893,839,487,352
S01006894,519,320,199
S01006895,436,200,236
S01006896,634,414,220
S01006897,835,527,308
S01006898,411,248,163
S01006899,289,207,82
S01006900,372,251,121
S01006901,662,352,310
S01006902,520,281,239
S01006903,741,424,317
S01006904,380,187,193
S01006905,812,521,291
S01006906,938,491,447
S01006907,531,229,302
S01006908,737,350,387
S01006909,203,128,75
S01006910,260,172,88
S01006911,250,146,104
S01006912,214,144,70
S01006913,386,242,144
S01006914,593,396,197
S01006915,619,440,179
S01006916,227,138,89
S01006917,92,53,39
S01006918,369,245,124
S01006919,448,299,149
S01006920,501,255,246
S01006921,346,247,99
S01006922,478,295,183
S01006923,600,380,220
S01006924,347,215,132
S01006925,447,283,164
S01006926,252,177,75
S01006927,204,134,70
S01006928,897,559,338
S01006929,960,712,248
S01006930,669,429,240
S01006931,315,196,119
S01006932,362,264,98
S01006933,677,421,256
S01006934,569,305,264
S01006935,773,536,237
S01006936,604,375,229
S01006937,737,440,297
S01006938,745,442,303
S01006939,538,390,148
S01006940,867,534,333
S01006941,695,429,266
S01006942,784,529,255
S01006943,206,112,94
S01006944,73,38,35
S01006945,837,547,290
S01006946,629,392,237
S01006947,842,528,314
S01006948,767,479,288
S01006949,522,355,167
S01006950,182,104,78
S01006951,672,407,265
S01006952,933,555,378
S01006953,947,626,321
S01006954,895,580,315
S01006955,447,227,220
S01006956,549,337,212
S01006957,664,409,255
S01006958,878,578,300
S01006959,698,346,352
S01006960,269,206,63
S01006961,247,169,78
S01006962,665,426,239
S01006963,863,596,267
S01006964,661,377,284
S01006965,449,280,169
S01006966,618,330,288
S01006967,589,413,176
S01006968,926,543,383
S01006969,865,482,383
S01006970,553,392,161
S01006971,737,421,316
S01006972,355,230,125
S01006973,466,288,178
S01006974,992,652,340
S01006975,869,522,347
S01006976,449,287,162
S01006977,663,409,254
S01006978,607,386,221
S01006979,1045,681,364
S01006980,490,337,153
S01006981,618,414,204
S01006982,722,411,311
S01006983,788,491,297
S01006984,609,372,237
S01006985,1029,636,393
S01006986,360,193,167
S01006987,781,487,294
S01006988,365,231,134
S01006989,553,382,171
S01006990,333,224,109
S01006991,554,322,232
S01006992,650,443,207
S01006993,554,386,168
S01006994,480,300,180
S01006995,691,469,222
S01006996,535,357,178
S01006997,456,305,151
S01006998,750,468,282
S01006999,626,421,205
S01007000,881,521,360
S01007001,756,439,317
S01007002,310,181,129
S01007003,430,286,144
S01007004,822,534,288
S01007005,703,478,225
S01007006,755,476,279
S01007007,583,389,194
S01007008,720,359,361
S01007009,1087,574,513
S01007010,833,438,395
S01007011,955,436,519
S01007012,768,385,383
S01007013,740,476,264
S01007014,783,543,240
S01007015,567,371,196
S01007016,418,277,141
S01007017,907,467,440
S01007018,944,600,344
S01007019,848,482,366
S01007020,821,412,409
S01007021,1103,610,493
S01007022,379,250,129
S01007023,582,363,219
S01007024,896,582,314
S01007025,944,483,461
S01007026,799,433,366
S01007027,1116,619,497
S01007028,1013,595,418
S01007029,417,276,141
S01007030,767,440,327
S01007031,487,269,218
S01007032,1001,444,557
S01007033,932,518,414
S01007034,782,385,397
S01007035,770,379,391
S01007036,820,497,323
S01007037,886,539,347
S01007038,651,326,325
S01007039,566,296,270
S01007040,814,470,344
S01007041,820,452,368
S01007042,702,420,282
S01007043,833,516,317
S01007044,833,501,332
S01007045,691,438,253
S01007046,431,227,204
S01007047,778,454,324
S01007048,1050,665,385
S01007049,794,432,362
S01007050,764,453,311
S01007051,783,472,311
S01007052,423,254,169
S01007053,642,375,267
S01007054,843,503,340
S01007055,383,247,136
S01007056,633,375,258
S01007057,737,467,270
S01007058,679,406,273
S01007059,896,545,351
S01007060,513,249,264
S01007061,836,540,296
S01007062,552,368,184
S01007063,1098,680,418
S01007064,560,341,219
S01007065,596,357,239
S01007066,531,308,223
S01007067,1071,619,452
S01007068,626,353,273
S01007069,840,433,407
S01007070,629,327,302
S01007071,895,568,327
S01007072,1181,708,473
S01007073,1400,817,583
S01007074,920,589,331
S01007075,792,438,354
S01007076,673,412,261
S01007077,700,440,260
S01007078,857,432,425
S01007079,1005,487,518
S01007080,725,400,325
S01007081,809,405,404
S01007082,519,226,293
S01007083,758,334,424
S01007084,740,382,358
S01007085,895,369,526
S01007086,910,239,671
S01007087,793,302,491
S01007088,508,211,297
S01007089,444,320,124
S01007090,427,259,168
S01007091,211,154,57
S01007092,596,328,268
S01007093,862,594,268
S01007094,931,614,317
S01007095,522,323,199
S01007096,753,495,258
S01007097,676,438,238
S01007098,406,257,149
S01007099,499,332,167
S01007100,695,434,261
S01007101,980,550,430
S01007102,607,393,214
S01007103,632,399,233
S01007104,380,262,118
S01007105,536,318,218
S01007106,755,444,311
S01007107,517,338,179
S01007108,535,324,211
S01007109,777,436,341
S01007110,769,447,322
S01007111,419,261,158
S01007112,727,497,230
S01007113,700,391,309
S01007114,686,456,230
S01007115,610,398,212
S01007116,513,379,134
S01007117,488,387,101
S01007118,703,390,313
S01007119,770,403,367
S01007120,878,470,408
S01007121,634,239,395
S01007122,492,255,237
S01007123,836,413,423
S01007124,893,512,381
S01007125,608,323,285
S01007126,771,328,443
S01007127,496,203,293
S01007128,846,430,416
S01007129,530,359,171
S01007130,566,346,220
S01007131,640,428,212
S01007132,566,392,174
S01007133,508,277,231
S01007134,665,389,276
S01007135,547,344,203
S01007136,251,170,81
S01007137,118,72,46
S01007138,355,214,141
S01007139,604,404,200
S01007140,653,436,217
S01007141,520,300,220
S01007142,120,80,40
S01007143,371,253,118
S01007144,1208,777,431
S01007145,792,491,301
S01007146,733,457,276
S01007147,754,527,227
S01007148,433,322,111
S01007149,785,589,196
S01007150,726,469,257
S01007151,864,540,324
S01007152,675,421,254
S01007153,830,561,269
S01007154,800,359,441
S01007155,589,337,252
S01007156,777,469,308
S01007157,647,362,285
S01007158,682,427,255
S01007159,717,333,384
S01007160,669,362,307
S01007161,771,417,354
S01007162,351,177,174
S01007163,898,558,340
S01007164,689,381,308
S01007165,748,446,302
S01007166,919,551,368
S01007167,757,516,241
S01007168,851,574,277
S01007169,725,464,261
S01007170,561,366,195
S01007171,1036,487,549
S01007172,981,490,491
S01007173,475,317,158
S01007174,582,349,233
S01007175,672,408,264
S01007176,847,524,323
S01007177,622,265,357
S01007178,765,292,473
S01007179,1050,704,346
S01007180,894,559,335
S01007181,977,537,440
S01007182,1012,523,489
S01007183,1066,530,536
S01007184,854,355,499
S01007185,747,251,496
S01007186,527,166,361
S01007187,658,230,428
S01007188,627,252,375
S01007189,798,301,497
S01007190,838,500,338
S01007191,604,318,286
S01007192,678,358,320
S01007193,659,332,327
S01007194,453,196,257
S01007195,758,382,376
S01007196,523,245,278
S01007197,309,99,210
S01007198,368,169,199
S01007199,786,358,428
S01007200,746,395,351
S01007201,882,483,399
S01007202,659,365,294
S01007203,712,450,262
S01007204,813,448,365
S01007205,622,395,227
S01007206,297,133,164
S01007207,859,505,354
S01007208,673,231,442
S01007209,606,198,408
S01007210,837,347,490
S01007211,639,292,347
S01007212,675,345,330
S01007213,739,367,372
S01007214,835,284,551
S01007215,778,377,401
S01007216,706,383,323
S01007217,723,388,335
S01007218,632,445,187
S01007219,876,496,380
S01007220,652,323,329
S01007221,530,351,179
S01007222,885,496,389
S01007223,558,377,181
S01007224,596,351,245
S01007225,835,496,339
S01007226,746,449,297
S01007227,1116,664,452
S01007228,611,385,226
S01007229,971,628,343
S01007230,1039,480,559
S01007231,632,247,385
S01007232,479,208,271
S01007233,582,345,237
S01007234,524,283,241
S01007235,872,439,433
S01007236,935,510,425
S01007237,631,388,243
S01007238,798,502,296
S01007239,1077,683,394
S01007240,474,295,179
S01007241,952,605,347
S01007242,873,561,312
S01007243,1016,656,360
S01007244,530,357,173
S01007245,639,396,243
S01007246,508,346,162
S01007247,862,528,334
S01007248,706,498,208
S01007249,507,329,178
S01007250,649,330,319
S01007251,528,246,282
S01007252,667,384,283
S01007253,622,414,208
S01007254,741,329,412
S01007255,819,364,455
S01007256,645,263,382
S01007257,699,265,434
S01007258,654,324,330
S01007259,769,335,434
S01007260,903,415,488
S01007261,842,557,285
S01007262,582,347,235
S01007263,1020,584,436
S01007264,758,451,307
S01007265,934,414,520
S01007266,671,381,290
S01007267,456,292,164
S01007268,465,306,159
S01007269,525,340,185
S01007270,405,249,156
S01007271,938,499,439
S01007272,896,403,493
S01007273,539,301,238
S01007274,703,316,387
S01007275,653,379,274
S01007276,892,492,400
S01007277,800,522,278
S01007278,754,519,235
S01007279,532,351,181
S01007280,520,324,196
S01007281,894,504,390
S01007282,400,235,165
S01007283,750,441,309
S01007284,711,364,347
S01007285,838,464,374
S01007286,1075,596,479
S01007287,466,243,223
S01007288,609,355,254
S01007289,792,502,290
S01007290,329,167,162
S01007291,499,244,255
S01007292,562,377,185
S01007293,857,381,476
S01007294,784,403,381
S01007295,524,155,369
S01007296,527,130,397
S01007297,788,421,367
S01007298,446,214,232
S01007299,788,375,413
S01007300,614,265,349
S01007301,703,435,268
S01007302,721,402,319
S01007303,829,498,331
S01007304,489,304,185
S01007305,777,479,298
S01007306,819,454,365
S01007307,776,513,263
S01007308,669,398,271
S01007309,643,351,292
S01007310,787,459,328
S01007311,781,420,361
S01007312,684,408,276
S01007313,728,414,314
S01007314,735,442,293
S01007315,626,334,292
S01007316,905,427,478
S01007317,912,469,443
S01007318,488,259,229
S01007319,706,384,322
S01007320,827,493,334
S01007321,514,307,207
S01007322,674,349,325
S01007323,491,243,248
S01007324,245,121,124
S01007325,650,340,310
S01007326,849,494,355
S01007327,774,389,385
S01007328,880,436,444
S01007329,522,286,236
S01007330,715,438,277
S01007331,725,446,279
S01007332,560,359,201
S01007333,939,527,412
S01007334,715,284,431
S01007335,826,433,393
S01007336,630,206,424
S01007337,572,247,325
S01007338,931,564,367
S01007339,714,433,281
S01007340,628,318,310
S01007341,677,387,290
S01007342,698,440,258
S01007343,638,373,265
S01007344,488,278,210
S01007345,480,141,339
S01007346,773,183,590
S01007347,953,416,537
S01007348,681,281,400
S01007349,540,227,313
S01007350,579,281,298
S01007351,564,334,230
S01007352,434,275,159
S01007353,594,356,238
S01007354,675,417,258
S01007355,1107,613,494
S01007356,602,353,249
S01007357,706,416,290
S01007358,1268,707,561
S01007359,762,403,359
S01007360,668,386,282
S01007361,908,463,445
S01007362,864,455,409
S01007363,858,460,398
S01007364,848,393,455
S01007365,379,205,174
S01007366,502,211,291
S01007367,542,230,312
S01007368,525,211,314
S01007369,894,447,447
S01007370,736,271,465
S01007371,698,375,323
S01007372,849,501,348
S01007373,489,310,179
S01007374,688,390,298
S01007375,417,257,160
S01007376,831,455,376
S01007377,546,360,186
S01007378,2883,413,2470
S01007379,748,426,322
S01007380,599,331,268
S01007381,414,289,125
S01007382,827,483,344
S01007383,668,392,276
S01007384,826,489,337
S01007385,1126,666,460
S01007386,715,499,216
S01007387,778,515,263
S01007388,608,436,172
S01007389,588,446,142
S01007390,278,173,105
S01007391,542,395,147
S01007392,389,267,122
S01007393,860,469,391
S01007394,660,342,318
S01007395,1059,370,689
S01007396,974,339,635
S01007397,792,444,348
S01007398,543,250,293
S01007399,564,182,382
S01007400,775,424,351
S01007401,643,405,238
S01007402,600,388,212
S01007403,549,444,105
S01007404,582,361,221
S01007405,424,263,161
S01007406,590,375,215
S01007407,657,441,216
S01007408,742,414,328
S01007409,573,323,250
S01007410,714,315,399
S01007411,719,236,483
S01007412,481,258,223
S01007413,603,380,223
S01007414,261,181,80
S01007415,730,393,337
S01007416,393,170,223
S01007417,197,130,67
S01007418,586,316,270
S01007419,676,319,357
S01007420,1274,425,849
S01007421,508,267,241
S01007422,679,319,360
S01007423,311,160,151
S01007424,668,450,218
S01007425,827,512,315
S01007426,744,347,397
S01007427,669,379,290
S01007428,926,478,448
S01007429,773,361,412
S01007430,467,243,224
S01007431,553,360,193
S01007432,591,371,220
S01007433,787,468,319
S01007434,492,240,252
S01007435,671,362,309
S01007436,862,347,515
S01007437,472,219,253
S01007438,590,296,294
S01007439,797,433,364
S01007440,684,443,241
S01007441,544,372,172
S01007442,630,459,171
S01007443,807,470,337
S01007444,1155,681,474
S01007445,599,413,186
S01007446,591,384,207
S01007447,528,364,164
S01007448,838,583,255
S01007449,838,468,370
S01007450,1022,516,506
S01007451,560,336,224
S01007452,595,315,280
S01007453,78,40,38
S01007454,490,260,230
S01007455,690,347,343
S01007456,846,388,458
S01007457,563,247,316
S01007458,691,473,218
S01007459,754,492,262
S01007460,771,386,385
S01007461,764,282,482
S01007462,805,370,435
S01007463,794,339,455
S01007464,882,393,489
S01007465,607,225,382
S01007466,814,268,546
S01007467,865,400,465
S01007468,934,597,337
S01007469,552,336,216
S01007470,536,216,320
S01007471,415,244,171
S01007472,930,466,464
S01007473,387,180,207
S01007474,355,239,116
S01007475,433,237,196
S01007476,674,433,241
S01007477,651,364,287
S01007478,752,334,418
S01007479,362,175,187
S01007480,682,356,326
S01007481,849,602,247
S01007482,645,380,265
S01007483,831,462,369
S01007484,733,329,404
S01007485,665,287,378
S01007486,690,224,466
S01007487,1017,413,604
S01007488,870,473,397
S01007489,767,455,312
S01007490,996,544,452
S01007491,605,298,307
S01007492,584,303,281
S01007493,737,430,307
S01007494,664,406,258
S01007495,573,389,184
S01007496,890,554,336
S01007497,512,308,204
S01007498,956,587,369
S01007499,660,397,263
S01007500,636,395,241
S01007501,554,350,204
S01007502,556,340,216
S01007503,896,529,367
S01007504,918,537,381
S01007505,347,218,129
S01007506,454,308,146
S01007507,1207,724,483
S01007508,581,324,257
S01007509,591,390,201
S01007510,791,493,298
S01007511,942,526,416
S01007512,462,266,196
S01007513,889,471,418
S01007514,513,231,282
S01007515,527,318,209
S01007516,636,310,326
S01007517,484,269,215
S01007518,750,421,329
S01007519,501,306,195
S01007520,798,482,316
S01007521,595,388,207
S01007522,992,549,443
S01007523,424,240,184
S01007524,749,445,304
S01007525,481,272,209
S01007526,805,377,428
S01007527,1217,724,493
S01007528,821,423,398
S01007529,702,450,252
S01007530,427,269,158
S01007531,635,385,250
S01007532,406,243,163
S01007533,644,373,271
S01007534,1105,581,524
S01007535,729,427,302
S01007536,867,495,372
S01007537,1235,670,565
S01007538,633,395,238
S01007539,759,461,298
S01007540,717,367,350
S01007541,986,512,474
S01007542,751,358,393
S01007543,1016,548,468
S01007544,1248,785,463
S01007545,1075,694,381
S01007546,486,299,187
S01007547,425,268,157
S01007548,704,423,281
S01007549,653,399,254
S01007550,1051,635,416
S01007551,1100,641,459
S01007552,821,434,387
S01007553,841,467,374
S01007554,723,396,327
S01007555,632,403,229
S01007556,628,363,265
S01007557,936,546,390
S01007558,457,288,169
S01007559,614,376,238
S01007560,888,485,403
S01007561,882,493,389
S01007562,629,381,248
S01007563,882,508,374
S01007564,991,626,365
S01007565,802,495,307
S01007566,618,380,238
S01007567,407,257,150
S01007568,615,385,230
S01007569,784,466,318
S01007570,808,507,301
S01007571,448,293,155
S01007572,549,313,236
S01007573,156,62,94
S01007574,1127,664,463
S01007575,722,348,374
S01007576,839,300,539
S01007577,707,330,377
S01007578,679,297,382
S01007579,399,166,233
S01007580,728,341,387
S01007581,485,238,247
S01007582,722,376,346
S01007583,967,340,627
S01007584,704,315,389
S01007585,870,524,346
S01007586,781,387,394
S01007587,694,311,383
S01007588,823,533,290
S01007589,952,372,580
S01007590,547,367,180
S01007591,733,378,355
S01007592,864,361,503
S01007593,914,513,401
S01007594,739,457,282
S01007595,797,515,282
S01007596,644,387,257
S01007597,496,317,179
S01007598,857,529,328
S01007599,534,283,251
S01007600,828,416,412
S01007601,515,248,267
S01007602,822,512,310
S01007603,750,494,256
S01007604,845,601,244
S01007605,935,613,322
S01007606,506,268,238
S01007607,805,557,248
S01007608,866,552,314
S01007609,747,343,404
S01007610,696,242,454
S01007611,896,285,611
S01007612,855,212,643
S01007613,839,413,426
S01007614,680,442,238
S01007615,1055,523,532
S01007616,773,323,450
S01007617,577,303,274
S01007618,702,396,306
S01007619,637,357,280
S01007620,710,479,231
S01007621,650,411,239
S01007622,692,437,255
S01007623,401,290,111
S01007624,594,377,217
S01007625,575,376,199
S01007626,381,216,165
S01007627,205,117,88
S01007628,709,432,277
S01007629,588,367,221
S01007630,667,429,238
S01007631,500,327,173
S01007632,1336,767,569
S01007633,1252,780,472
S01007634,540,345,195
S01007635,693,454,239
S01007636,1079,615,464
S01007637,1174,581,593
S01007638,906,449,457
S01007639,768,398,370
S01007640,495,272,223
S01007641,545,350,195
S01007642,927,522,405
S01007643,787,444,343
S01007644,703,410,293
S01007645,640,405,235
S01007646,573,317,256
S01007647,903,518,385
S01007648,926,508,418
S01007649,632,341,291
S01007650,873,512,361
S01007651,618,372,246
S01007652,653,359,294
S01007653,915,535,380
S01007654,1008,570,438
S01007655,626,393,233
S01007656,779,486,293
S01007657,532,309,223
S01007658,533,297,236
S01007659,804,473,331
S01007660,1072,566,506
S01007661,672,326,346
S01007662,858,364,494
S01007663,929,536,393
S01007664,479,214,265
S01007665,551,300,251
S01007666,247,162,85
S01007667,431,318,113
S01007668,1037,525,512
S01007669,475,187,288
S01007670,750,343,407
S01007671,581,342,239
S01007672,878,639,239
S01007673,547,346,201
S01007674,923,530,393
S01007675,569,365,204
S01007676,440,299,141
S01007677,119,84,35
S01007678,641,327,314
S01007679,728,364,364
S01007680,766,493,273
S01007681,456,251,205
S01007682,907,509,398
S01007683,1004,549,455
S01007684,1050,650,400
S01007685,1022,510,512
S01007686,980,487,493
S01007687,893,308,585
S01007688,1036,189,847
S01007689,604,119,485
S01007690,1218,252,966
S01007691,1918,179,1739
S01007692,893,160,733
S01007693,677,93,584
S01007694,374,43,331
S01007695,953,244,709
S01007696,792,160,632
S01007697,1144,318,826
S01007698,1008,194,814
S01007699,676,138,538
S01007700,815,405,410
S01007701,386,88,298
S01007702,304,54,250
S01007703,1025,380,645
S01007704,1176,283,893
S01007705,760,32,728
S01007706,729,46,683
S01007707,237,38,199
S01007708,953,291,662
S01007709,696,174,522
S01007710,1025,137,888
S01007711,1140,219,921
S01007712,889,188,701
S01007713,532,166,366
S01007714,528,219,309
S01007715,524,130,394
S01007716,1000,222,778
S01007717,765,169,596
S01007718,878,194,684
S01007719,1325,425,900
S01007720,998,531,467
S01007721,974,407,567
S01007722,843,258,585
S01007723,937,294,643
S01007724,599,121,478
S01007725,1152,360,792
S01007726,738,228,510
S01007727,643,132,511
S01007728,885,190,695
S01007729,783,179,604
S01007730,760,230,530
S01007731,421,107,314
S01007732,559,85,474
S01007733,748,410,338
S01007734,733,438,295
S01007735,714,419,295
S01007736,724,442,282
S01007737,842,373,469
S01007738,995,519,476
S01007739,695,325,370
S01007740,619,331,288
S01007741,790,363,427
S01007742,654,332,322
S01007743,770,325,445
S01007744,663,260,403
S01007745,846,312,534
S01007746,744,345,399
S01007747,693,259,434
S01007748,528,179,349
S01007749,808,523,285
S01007750,917,595,322
S01007751,693,429,264
S01007752,1046,584,462
S01007753,777,377,400
S01007754,1108,521,587
S01007755,690,304,386
S01007756,785,364,421
S01007757,1139,796,343
S01007758,1004,526,478
S01007759,1124,377,747
S01007760,882,542,340
S01007761,803,466,337
S01007762,720,250,470
S01007763,716,363,353
S01007764,805,553,252
S01007765,848,600,248
S01007766,948,650,298
S01007767,868,566,302
S01007768,655,323,332
S01007769,712,477,235
S01007770,689,447,242
S01007771,759,538,221
S01007772,1090,563,527
S01007773,688,465,223
S01007774,105,74,31
S01007775,814,511,303
S01007776,388,288,100
S01007777,283,202,81
S01007778,346,163,183
S01007779,694,423,271
S01007780,639,401,238
S01007781,599,332,267
S01007782,520,186,334
S01007783,739,280,459
S01007784,611,313,298
S01007785,359,118,241
S01007786,773,408,365
S01007787,624,306,318
S01007788,515,122,393
S01007789,438,130,308
S01007790,542,168,374
S01007791,208,113,95
S01007792,855,450,405
S01007793,829,325,504
S01007794,1018,529,489
S01007795,723,334,389
S01007796,741,264,477
S01007797,659,259,400
S01007798,291,177,114
S01007799,173,92,81
S01007800,742,300,442
S01007801,805,221,584
S01007802,483,270,213
S01007803,893,299,594
S01007804,548,186,362
S01007805,618,226,392
S01007806,795,362,433
S01007807,721,428,293
S01007808,680,305,375
S01007809,1136,731,405
S01007810,793,384,409
S01007811,660,293,367
S01007812,542,174,368
S01007813,822,342,480
S01007814,694,303,391
S01007815,1012,559,453
S01007816,605,401,204
S01007817,747,412,335
S01007818,750,431,319
S01007819,683,393,290
S01007820,887,492,395
S01007821,739,386,353
S01007822,867,501,366
S01007823,720,425,295
S01007824,1039,637,402
S01007825,1102,608,494
S01007826,515,149,366
S01007827,567,247,320
S01007828,1130,395,735
S01007829,720,340,380
S01007830,994,364,630
S01007831,794,292,502
S01007832,813,353,460
S01007833,994,491,503
S01007834,685,217,468
S01007835,676,316,360
S01007836,773,416,357
S01007837,1077,611,466
S01007838,1128,568,560
S01007839,746,365,381
S01007840,826,368,458
S01007841,773,378,395
S01007842,990,320,670
S01007843,846,280,566
S01007844,1097,459,638
S01007845,769,302,467
S01007846,634,262,372
S01007847,1196,465,731
S01007848,854,249,605
S01007849,846,361,485
S01007850,655,307,348
S01007851,906,463,443
S01007852,1035,409,626
S01007853,687,249,438
S01007854,1000,337,663
S01007855,657,176,481
S01007856,767,373,394
S01007857,389,124,265
S01007858,761,269,492
S01007859,449,178,271
S01007860,164,31,133
S01007861,892,381,511
S01007862,894,423,471
S01007863,684,230,454
S01007864,827,431,396
S01007865,545,317,228
S01007866,427,296,131
S01007867,433,229,204
S01007868,1123,699,424
S01007869,993,564,429
S01007870,527,283,244
S01007871,958,473,485
S01007872,621,279,342
S01007873,637,314,323
S01007874,735,357,378
S01007875,601,340,261
S01007876,638,339,299
S01007877,723,400,323
S01007878,679,313,366
S01007879,1026,494,532
S01007880,498,288,210
S01007881,513,282,231
S01007882,782,520,262
S01007883,762,420,342
S01007884,707,425,282
S01007885,817,374,443
S01007886,784,398,386
S01007887,581,359,222
S01007888,882,460,422
S01007889,970,491,479
S01007890,589,336,253
S01007891,676,386,290
S01007892,952,618,334
S01007893,979,636,343
S01007894,869,511,358
S01007895,649,384,265
S01007896,914,504,410
S01007897,605,406,199
S01007898,564,363,201
S01007899,445,286,159
S01007900,459,233,226
S01007901,624,330,294
S01007902,860,449,411
S01007903,709,381,328
S01007904,634,395,239
S01007905,648,313,335
S01007906,750,377,373
S01007907,733,393,340
S01007908,997,602,395
S01007909,398,257,141
S01007910,891,451,440
S01007911,747,416,331
S01007912,735,407,328
S01007913,1018,503,515
S01007914,691,347,344
S01007915,729,404,325
S01007916,996,531,465
S01007917,1117,619,498
S01007918,992,501,491
S01007919,585,407,178
S01007920,500,324,176
S01007921,996,516,480
S01007922,1112,516,596
S01007923,614,342,272
S01007924,937,451,486
S01007925,490,337,153
S01007926,591,378,213
S01007927,451,304,147
S01007928,1033,552,481
S01007929,825,518,307
S01007930,442,305,137
S01007931,852,520,332
S01007932,798,511,287
S01007933,1055,608,447
S01007934,521,279,242
S01007935,924,451,473
S01007936,705,487,218
S01007937,967,602,365
S01007938,723,363,360
S01007939,872,447,425
S01007940,1387,801,586
S01007941,546,372,174
S01007942,186,78,108
S01007943,851,518,333
S01007944,842,467,375
S01007945,978,493,485
S01007946,855,433,422
S01007947,891,526,365
S01007948,651,331,320
S01007949,841,483,358
S01007950,857,561,296
S01007951,753,409,344
S01007952,722,301,421
S01007953,850,429,421
S01007954,593,270,323
S01007955,1421,521,900
S01007956,784,401,383
S01007957,1049,557,492
S01007958,903,380,523
S01007959,1693,760,933
S01007960,518,248,270
S01007961,1470,658,812
S01007962,772,402,370
S01007963,792,312,480
S01007964,676,328,348
S01007965,665,299,366
S01007966,781,346,435
S01007967,665,310,355
S01007968,897,434,463
S01007969,703,384,319
S01007970,905,458,447
S01007971,924,423,501
S01007972,982,550,432
S01007973,877,550,327
S01007974,866,337,529
S01007975,595,275,320
S01007976,925,358,567
S01007977,446,234,212
S01007978,746,306,440
S01007979,664,418,246
S01007980,729,382,347
S01007981,735,445,290
S01007982,609,355,254
S01007983,1264,705,559
S01007984,815,490,325
S01007985,766,411,355
S01007986,496,311,185
S01007987,926,557,369
S01007988,824,481,343
S01007989,607,334,273
S01007990,907,524,383
S01007991,540,373,167
S01007992,546,387,159
S01007993,828,577,251
S01007994,238,173,65
S01007995,593,401,192
S01007996,319,211,108
S01007997,641,388,253
S01007998,572,302,270
S01007999,689,307,382
S01008000,688,299,389
S01008001,718,289,429
S01008002,820,328,492
S01008003,572,274,298
S01008004,86,37,49
S01008005,102,44,58
S01008006,461,159,302
S01008007,484,199,285
S01008008,433,151,282
S01008009,657,234,423
S01008010,920,304,616
S01008011,693,183,510
S01008012,758,250,508
S01008013,645,213,432
S01008014,651,351,300
S01008015,731,271,460
S01008016,712,313,399
S01008017,794,556,238
S01008018,833,552,281
S01008019,910,450,460
S01008020,761,352,409
S01008021,575,374,201
S01008022,763,493,270
S01008023,766,528,238
S01008024,119,89,30
S01008025,723,490,233
S01008026,1090,565,525
S01008027,773,398,375
S01008028,291,171,120
S01008029,941,546,395
S01008030,836,512,324
S01008031,883,460,423
S01008032,1032,585,447
S01008033,871,655,216
S01008034,816,578,238
S01008035,835,493,342
S01008036,559,396,163
S01008037,1178,581,597
S01008038,854,434,420
S01008039,818,417,401
S01008040,671,435,236
S01008041,811,419,392
S01008042,764,470,294
S01008043,1009,643,366
S01008044,1015,642,373
S01008045,1036,640,396
S01008046,1118,492,626
S01008047,595,379,216
S01008048,585,388,197
S01008049,853,563,290
S01008050,562,375,187
S01008051,985,667,318
S01008052,684,464,220
S01008053,724,471,253
S01008054,678,391,287
S01008055,717,508,209
S01008056,1019,622,397
S01008057,1081,691,390
S01008058,721,488,233
S01008059,594,412,182
S01008060,1615,980,635
S01008061,816,431,385
S01008062,881,578,303
S01008063,770,503,267
S01008064,799,397,402
S01008065,966,638,328
S01008066,833,544,289
S01008067,523,341,182
S01008068,1023,671,352
S01008069,973,602,371
S01008070,971,606,365
S01008071,801,493,308
S01008072,721,458,263
S01008073,386,288,98
S01008074,790,506,284
S01008075,514,340,174
S01008076,857,536,321
S01008077,866,529,337
S01008078,680,457,223
S01008079,788,522,266
S01008080,674,437,237
S01008081,577,354,223
S01008082,852,546,306
S01008083,723,479,244
S01008084,751,446,305
S01008085,971,656,315
S01008086,936,564,372
S01008087,986,668,318
S01008088,782,507,275
S01008089,846,580,266
S01008090,634,386,248
S01008091,475,330,145
S01008092,898,610,288
S01008093,729,484,245
S01008094,855,426,429
S01008095,871,555,316
S01008096,689,445,244
S01008097,648,411,237
S01008098,627,417,210
S01008099,398,246,152
S01008100,887,577,310
S01008101,944,465,479
S01008102,638,331,307
S01008103,583,233,350
S01008104,885,470,415
S01008105,987,412,575
S01008106,793,340,453
S01008107,453,245,208
S01008108,807,509,298
S01008109,789,517,272
S01008110,729,470,259
S01008111,793,526,267
S01008112,854,588,266
S01008113,818,516,302
S01008114,769,510,259
S01008115,762,430,332
S01008116,1275,713,562
S01008117,723,487,236
S01008118,1454,751,703
S01008119,638,325,313
S01008120,589,346,243
S01008121,579,404,175
S01008122,1234,672,562
S01008123,879,584,295
S01008124,824,554,270
S01008125,1024,630,394
S01008126,807,512,295
S01008127,438,290,148
S01008128,941,622,319
S01008129,789,367,422
S01008130,815,334,481
S01008131,633,208,425
S01008132,921,625,296
S01008133,677,326,351
S01008134,599,215,384
S01008135,1202,542,660
S01008136,1242,498,744
S01008137,871,337,534
S01008138,673,245,428
S01008139,994,458,536
S01008140,704,296,408
S01008141,952,656,296
S01008142,831,554,277
S01008143,1087,564,523
S01008144,916,636,280
S01008145,892,431,461
S01008146,642,261,381
S01008147,802,431,371
S01008148,804,489,315
S01008149,754,415,339
S01008150,1085,600,485
S01008151,845,424,421
S01008152,1034,539,495
S01008153,661,420,241
S01008154,886,536,350
S01008155,715,460,255
S01008156,860,475,385
S01008157,813,458,355
S01008158,852,487,365
S01008159,911,378,533
S01008160,795,339,456
S01008161,965,463,502
S01008162,1179,557,622
S01008163,724,389,335
S01008164,506,246,260
S01008165,205,119,86
S01008166,561,316,245
S01008167,765,386,379
S01008168,852,447,405
S01008169,599,316,283
S01008170,559,348,211
S01008171,785,361,424
S01008172,480,290,190
S01008173,604,421,183
S01008174,459,276,183
S01008175,623,287,336
S01008176,654,402,252
S01008177,685,325,360
S01008178,590,378,212
S01008179,256,191,65
S01008180,374,262,112
S01008181,526,359,167
S01008182,1052,381,671
S01008183,852,443,409
S01008184,768,257,511
S01008185,1040,412,628
S01008186,827,293,534
S01008187,518,216,302
S01008188,1197,501,696
S01008189,835,514,321
S01008190,818,405,413
S01008191,663,375,288
S01008192,939,423,516
S01008193,748,389,359
S01008194,505,253,252
S01008195,863,371,492
S01008196,640,293,347
S01008197,208,115,93
S01008198,585,320,265
S01008199,593,310,283
S01008200,730,369,361
S01008201,1041,511,530
S01008202,636,381,255
S01008203,453,172,281
S01008204,885,504,381
S01008205,643,357,286
S01008206,918,505,413
S01008207,575,273,302
S01008208,273,138,135
S01008209,136,66,70
S01008210,1155,598,557
S01008211,831,396,435
S01008212,522,394,128
S01008213,611,427,184
S01008214,667,376,291
S01008215,893,551,342
S01008216,660,457,203
S01008217,551,392,159
S01008218,419,279,140
S01008219,877,439,438
S01008220,468,195,273
S01008221,624,259,365
S01008222,615,303,312
S01008223,513,284,229
S01008224,746,448,298
S01008225,661,397,264
S01008226,683,303,380
S01008227,772,409,363
S01008228,515,302,213
S01008229,669,384,285
S01008230,403,237,166
S01008231,70,34,36
S01008232,217,160,57
S01008233,299,188,111
S01008234,603,333,270
S01008235,759,460,299
S01008236,869,522,347
S01008237,708,407,301
S01008238,813,486,327
S01008239,496,298,198
S01008240,1158,828,330
S01008241,881,654,227
S01008242,1049,653,396
S01008243,644,392,252
S01008244,670,416,254
S01008245,926,597,329
S01008246,1010,672,338
S01008247,657,410,247
S01008248,973,610,363
S01008249,641,389,252
S01008250,689,447,242
S01008251,653,487,166
S01008252,901,604,297
S01008253,672,384,288
S01008254,1092,587,505
S01008255,840,488,352
S01008256,831,410,421
S01008257,735,318,417
S01008258,934,545,389
S01008259,889,413,476
S01008260,709,365,344
S01008261,890,529,361
S01008262,627,381,246
S01008263,399,190,209
S01008264,495,278,217
S01008265,534,356,178
S01008266,653,440,213
S01008267,530,321,209
S01008268,574,359,215
S01008269,792,554,238
S01008270,905,540,365
S01008271,606,229,377
S01008272,690,428,262
S01008273,786,487,299
S01008274,772,402,370
S01008275,618,394,224
S01008276,490,360,130
S01008277,519,343,176
S01008278,629,447,182
S01008279,601,370,231
S01008280,1028,577,451
S01008281,653,403,250
S01008282,523,330,193
S01008283,374,213,161
S01008284,555,276,279
S01008285,631,328,303
S01008286,1113,569,544
S01008287,693,389,304
S01008288,818,451,367
S01008289,610,251,359
S01008290,752,351,401
S01008291,974,590,384
S01008292,506,335,171
S01008293,191,114,77
S01008294,315,211,104
S01008295,939,566,373
S01008296,592,284,308
S01008297,450,257,193
S01008298,940,542,398
S01008299,855,379,476
S01008300,724,392,332
S01008301,881,553,328
S01008302,664,455,209
S01008303,631,294,337
S01008304,426,245,181
S01008305,694,459,235
S01008306,528,358,170
S01008307,657,391,266
S01008308,519,349,170
S01008309,751,300,451
S01008310,821,426,395
S01008311,471,230,241
S01008312,485,236,249
S01008313,857,331,526
S01008314,684,229,455
S01008315,539,145,394
S01008316,626,224,402
S01008317,401,177,224
S01008318,1127,707,420
S01008319,557,295,262
S01008320,611,374,237
S01008321,579,409,170
S01008322,1333,704,629
S01008323,700,315,385
S01008324,507,277,230
S01008325,866,447,419
S01008326,807,365,442
S01008327,941,490,451
S01008328,630,450,180
S01008329,847,589,258
S01008330,867,601,266
S01008331,569,327,242
S01008332,912,514,398
S01008333,957,529,428
S01008334,663,425,238
S01008335,696,343,353
S01008336,692,312,380
S01008337,401,254,147
S01008338,545,361,184
S01008339,434,269,165
S01008340,612,409,203
S01008341,445,345,100
S01008342,854,509,345
S01008343,976,597,379
S01008344,579,395,184
S01008345,1041,702,339
S01008346,821,592,229
S01008347,1060,630,430
S01008348,818,536,282
S01008349,805,572,233
S01008350,697,490,207
S01008351,880,591,289
S01008352,711,502,209
S01008353,312,228,84
S01008354,680,432,248
S01008355,953,514,439
S01008356,717,442,275
S01008357,728,472,256
S01008358,753,419,334
S01008359,642,414,228
S01008360,883,599,284
S01008361,634,443,191
S01008362,789,441,348
S01008363,660,371,289
S01008364,671,431,240
S01008365,827,549,278
S01008366,834,412,422
S01008367,758,299,459
S01008368,690,371,319
S01008369,682,411,271
S01008370,543,303,240
S01008371,690,480,210
S01008372,687,440,247
S01008373,895,628,267
S01008374,681,460,221
S01008375,604,422,182
S01008376,445,265,180
S01008377,744,411,333
S01008378,740,489,251
S01008379,435,301,134
S01008380,488,340,148
S01008381,820,556,264
S01008382,727,493,234
S01008383,493,328,165
S01008384,750,481,269
S01008385,519,341,178
S01008386,775,505,270
S01008387,669,444,225
S01008388,448,273,175
S01008389,657,388,269
S01008390,612,443,169
S01008391,613,378,235
S01008392,682,450,232
S01008393,653,401,252
S01008394,837,585,252
S01008395,625,411,214
S01008396,724,429,295
S01008397,825,558,267
S01008398,739,475,264
S01008399,646,348,298
S01008400,896,571,325
S01008401,997,585,412
S01008402,787,572,215
S01008403,757,516,241
S01008404,915,594,321
S01008405,708,483,225
S01008406,984,573,411
S01008407,464,226,238
S01008408,588,371,217
S01008409,834,435,399
S01008410,656,365,291
S01008411,906,512,394
S01008412,500,305,195
S01008413,440,251,189
S01008414,500,352,148
S01008415,795,461,334
S01008416,935,437,498
S01008417,588,392,196
S01008418,627,384,243
S01008419,370,260,110
S01008420,480,296,184
S01008421,643,306,337
S01008422,767,480,287
S01008423,776,507,269
S01008424,969,729,240
S01008425,2507,657,1850
S01008426,983,564,419
S01008427,1010,687,323
S01008428,765,399,366
S01008429,783,531,252
S01008430,940,593,347
S01008431,887,596,291
S01008432,948,648,300
S01008433,753,510,243
S01008434,940,673,267
S01008435,978,684,294
S01008436,764,487,277
S01008437,1023,369,654
S01008438,858,329,529
S01008439,828,568,260
S01008440,936,645,291
S01008441,639,465,174
S01008442,453,277,176
S01008443,525,339,186
S01008444,931,401,530
S01008445,1092,538,554
S01008446,1299,716,583
S01008447,576,398,178
S01008448,654,455,199
S01008449,483,223,260
S01008450,327,94,233
S01008451,743,313,430
S01008452,537,136,401
S01008453,345,88,257
S01008454,897,295,602
S01008455,1013,387,626
S01008456,833,239,594
S01008457,806,305,501
S01008458,689,333,356
S01008459,605,188,417
S01008460,806,191,615
S01008461,711,196,515
S01008462,539,177,362
S01008463,723,249,474
S01008464,825,454,371
S01008465,804,383,421
S01008466,699,344,355
S01008467,713,414,299
S01008468,793,355,438
S01008469,450,226,224
S01008470,745,324,421
S01008471,577,198,379
S01008472,550,227,323
S01008473,546,203,343
S01008474,727,252,475
S01008475,694,321,373
S01008476,676,277,399
S01008477,999,359,640
S01008478,840,308,532
S01008479,989,424,565
S01008480,364,163,201
S01008481,1123,447,676
S01008482,1090,396,694
S01008483,753,347,406
S01008484,799,450,349
S01008485,898,578,320
S01008486,762,404,358
S01008487,428,196,232
S01008488,684,257,427
S01008489,823,324,499
S01008490,1040,350,690
S01008491,663,204,459
S01008492,429,69,360
S01008493,763,286,477
S01008494,713,168,545
S01008495,933,128,805
S01008496,1074,154,920
S01008497,856,140,716
S01008498,705,117,588
S01008499,943,132,811
S01008500,250,39,211
S01008501,513,114,399
S01008502,604,106,498
S01008503,753,273,480
S01008504,1200,480,720
S01008505,855,335,520
S01008506,983,371,612
S01008507,752,217,535
S01008508,887,525,362
S01008509,803,482,321
S01008510,692,426,266
S01008511,812,545,267
S01008512,848,587,261
S01008513,771,437,334
S01008514,678,335,343
S01008515,795,433,362
S01008516,1503,329,1174
S01008517,871,209,662
S01008518,942,508,434
S01008519,824,533,291
S01008520,1036,762,274
S01008521,710,499,211
S01008522,499,321,178
S01008523,217,155,62
S01008524,977,418,559
S01008525,793,319,474
S01008526,722,304,418
S01008527,607,309,298
S01008528,549,285,264
S01008529,717,397,320
S01008530,895,390,505
S01008531,824,304,520
S01008532,556,263,293
S01008533,353,307,46
S01008534,644,498,146
S01008535,570,405,165
S01008536,604,381,223
S01008537,580,412,168
S01008538,558,378,180
S01008539,882,573,309
S01008540,862,588,274
S01008541,788,530,258
S01008542,923,609,314
S01008543,773,541,232
S01008544,443,324,119
S01008545,588,410,178
S01008546,740,535,205
S01008547,941,555,386
S01008548,858,388,470
S01008549,1015,563,452
S01008550,846,497,349
S01008551,854,468,386
S01008552,930,554,376
S01008553,636,307,329
S01008554,639,268,371
S01008555,787,296,491
S01008556,973,428,545
S01008557,713,253,460
S01008558,764,275,489
S01008559,671,322,349
S01008560,644,297,347
S01008561,801,420,381
S01008562,607,180,427
S01008563,1010,420,590
S01008564,869,466,403
S01008565,854,352,502
S01008566,827,386,441
S01008567,535,239,296
S01008568,669,351,318
S01008569,585,151,434
S01008570,830,330,500
S01008571,743,361,382
S01008572,804,413,391
S01008573,745,455,290
S01008574,809,441,368
S01008575,619,433,186
S01008576,869,488,381
S01008577,1016,577,439
S01008578,815,543,272
S01008579,758,486,272
S01008580,715,361,354
S01008581,932,366,566
S01008582,1172,559,613
S01008583,719,307,412
S01008584,959,411,548
S01008585,755,295,460
S01008586,773,354,419
S01008587,744,408,336
S01008588,874,496,378
S01008589,305,184,121
S01008590,495,190,305
S01008591,850,382,468
S01008592,819,350,469
S01008593,710,454,256
S01008594,708,336,372
S01008595,1022,396,626
S01008596,850,285,565
S01008597,926,529,397
S01008598,1011,379,632
S01008599,797,350,447
S01008600,2803,389,2414
S01008601,2627,120,2507
S01008602,525,110,415
S01008603,958,116,842
S01008604,878,260,618
S01008605,736,211,525
S01008606,826,432,394
S01008607,528,332,196
S01008608,672,353,319
S01008609,932,494,438
S01008610,1051,326,725
S01008611,1164,229,935
S01008612,662,92,570
S01008613,909,257,652
S01008614,873,121,752
S01008615,816,164,652
S01008616,819,135,684
S01008617,904,150,754
S01008618,703,78,625
S01008619,479,100,379
S01008620,737,119,618
S01008621,820,130,690
S01008622,872,156,716
S01008623,1004,295,709
S01008624,670,349,321
S01008625,483,312,171
S01008626,889,435,454
S01008627,665,387,278
S01008628,640,185,455
S01008629,906,290,616
S01008630,598,121,477
S01008631,805,193,612
S01008632,1341,378,963
S01008633,984,484,500
S01008634,616,290,326
S01008635,693,225,468
S01008636,758,292,466
S01008637,644,178,466
S01008638,1200,242,958
S01008639,1145,279,866
S01008640,1128,247,881
S01008641,1013,226,787
S01008642,892,223,669
S01008643,909,244,665
S01008644,561,130,431
S01008645,916,217,699
S01008646,1132,282,850
S01008647,631,126,505
S01008648,831,136,695
S01008649,1148,192,956
S01008650,871,157,714
S01008651,786,120,666
S01008652,719,85,634
S01008653,631,117,514
S01008654,1082,149,933
S01008655,619,113,506
S01008656,934,179,755
S01008657,747,124,623
S01008658,1001,150,851
S01008659,1090,150,940
S01008660,1050,150,900
S01008661,955,148,807
S01008662,916,52,864
S01008663,954,120,834
S01008664,906,120,786
S01008665,1052,139,913
S01008666,771,119,652
S01008667,841,159,682
S01008668,955,122,833
S01008669,605,45,560
S01008670,1103,124,979
S01008671,1117,134,983
S01008672,579,70,509
S01008673,743,124,619
S01008674,1030,106,924
S01008675,782,147,635
S01008676,858,130,728
S01008677,694,122,572
S01008678,1014,92,922
S01008679,1025,136,889
S01008680,778,121,657
S01008681,899,123,776
S01008682,816,155,661
S01008683,1470,272,1198
S01008684,2779,205,2574
S01008685,721,200,521
S01008686,951,193,758
S01008687,779,145,634
S01008688,806,146,660
S01008689,1132,304,828
S01008690,901,248,653
S01008691,1136,222,914
S01008692,919,210,709
S01008693,523,283,240
S01008694,1157,366,791
S01008695,811,311,500
S01008696,554,333,221
S01008697,716,491,225
S01008698,605,356,249
S01008699,960,446,514
S01008700,560,312,248
S01008701,311,63,248
S01008702,263,82,181
S01008703,585,196,389
S01008704,740,292,448
S01008705,342,131,211
S01008706,571,169,402
S01008707,790,270,520
S01008708,589,157,432
S01008709,810,337,473
S01008710,257,83,174
S01008711,629,240,389
S01008712,906,344,562
S01008713,501,155,346
S01008714,589,256,333
S01008715,687,308,379
S01008716,599,279,320
S01008717,422,265,157
S01008718,500,258,242
S01008719,859,504,355
S01008720,485,227,258
S01008721,638,433,205
S01008722,907,541,366
S01008723,605,349,256
S01008724,816,456,360
S01008725,607,303,304
S01008726,927,512,415
S01008727,1032,464,568
S01008728,428,193,235
S01008729,639,334,305
S01008730,826,300,526
S01008731,470,218,252
S01008732,665,277,388
S01008733,755,255,500
S01008734,691,382,309
S01008735,961,645,316
S01008736,586,374,212
S01008737,648,435,213
S01008738,764,522,242
S01008739,498,287,211
S01008740,638,416,222
S01008741,946,656,290
S01008742,653,350,303
S01008743,895,326,569
S01008744,851,415,436
S01008745,455,210,245
S01008746,878,274,604
S01008747,513,308,205
S01008748,891,592,299
S01008749,1001,655,346
S01008750,658,478,180
S01008751,967,427,540
S01008752,850,362,488
S01008753,595,241,354
S01008754,598,182,416
S01008755,715,188,527
S01008756,726,229,497
S01008757,605,191,414
S01008758,853,311,542
S01008759,619,259,360
S01008760,997,426,571
S01008761,459,167,292
S01008762,507,265,242
S01008763,721,375,346
S01008764,548,287,261
S01008765,1040,441,599
S01008766,1197,647,550
S01008767,728,399,329
S01008768,564,193,371
S01008769,187,52,135
S01008770,69,23,46
S01008771,69,23,46
S01008772,933,417,516
S01008773,798,237,561
S01008774,693,204,489
S01008775,465,167,298
S01008776,1092,286,806
S01008777,816,188,628
S01008778,567,131,436
S01008779,383,97,286
S01008780,320,62,258
S01008781,298,60,238
S01008782,458,115,343
S01008783,277,55,222
S01008784,492,96,396
S01008785,710,186,524
S01008786,775,193,582
S01008787,458,130,328
S01008788,362,96,266
S01008789,579,215,364
S01008790,596,129,467
S01008791,335,123,212
S01008792,852,294,558
S01008793,760,190,570
S01008794,719,201,518
S01008795,911,278,633
S01008796,882,151,731
S01008797,862,229,633
S01008798,881,200,681
S01008799,215,65,150
S01008800,761,162,599
S01008801,778,138,640
S01008802,972,194,778
S01008803,986,219,767
S01008804,690,97,593
S01008805,564,109,455
S01008806,668,187,481
S01008807,920,206,714
S01008808,669,156,513
S01008809,754,274,480
S01008810,949,245,704
S01008811,689,171,518
S01008812,788,201,587
S01008813,689,201,488
S01008814,1028,304,724
S01008815,987,239,748
S01008816,216,60,156
S01008817,571,180,391
S01008818,794,347,447
S01008819,884,313,571
S01008820,1056,305,751
S01008821,630,344,286
S01008822,656,363,293
S01008823,837,371,466
S01008824,1018,507,511
S01008825,531,289,242
S01008826,578,213,365
S01008827,844,423,421
S01008828,824,405,419
S01008829,873,516,357
S01008830,1047,552,495
S01008831,862,514,348
S01008832,519,260,259
S01008833,916,372,544
S01008834,1072,529,543
S01008835,885,480,405
S01008836,452,142,310
S01008837,881,199,682
S01008838,880,256,624
S01008839,1020,330,690
S01008840,915,323,592
S01008841,396,143,253
S01008842,164,91,73
S01008843,642,151,491
S01008844,402,84,318
S01008845,621,146,475
S01008846,773,149,624
S01008847,661,129,532
S01008848,779,191,588
S01008849,934,279,655
S01008850,1210,359,851
S01008851,1102,297,805
S01008852,1078,456,622
S01008853,508,132,376
S01008854,934,284,650
S01008855,906,217,689
S01008856,595,144,451
S01008857,902,252,650
S01008858,950,275,675
S01008859,856,212,644
S01008860,1206,299,907
S01008861,871,432,439
S01008862,1028,247,781
S01008863,768,219,549
S01008864,1193,342,851
S01008865,994,287,707
S01008866,923,264,659
S01008867,841,339,502
S01008868,998,283,715
S01008869,1082,368,714
S01008870,990,411,579
S01008871,1141,416,725
S01008872,936,282,654
S01008873,639,382,257
S01008874,775,269,506
S01008875,1006,283,723
S01008876,646,327,319
S01008877,658,324,334
S01008878,1062,580,482
S01008879,719,412,307
S01008880,591,326,265
S01008881,557,284,273
S01008882,1040,597,443
S01008883,963,621,342
S01008884,682,495,187
S01008885,756,522,234
S01008886,965,495,470
S01008887,647,355,292
S01008888,798,247,551
S01008889,479,281,198
S01008890,665,458,207
S01008891,661,430,231
S01008892,995,430,565
S01008893,868,584,284
S01008894,770,556,214
S01008895,658,362,296
S01008896,586,336,250
S01008897,746,466,280
S01008898,806,528,278
S01008899,663,285,378
S01008900,730,354,376
S01008901,843,398,445
S01008902,810,337,473
S01008903,964,448,516
S01008904,866,299,567
S01008905,919,318,601
S01008906,534,164,370
S01008907,556,199,357
S01008908,728,311,417
S01008909,920,514,406
S01008910,582,326,256
S01008911,303,134,169
S01008912,719,381,338
S01008913,389,187,202
S01008914,980,527,453
S01008915,515,291,224
S01008916,1116,443,673
S01008917,507,181,326
S01008918,471,103,368
S01008919,441,126,315
S01008920,200,49,151
S01008921,815,300,515
S01008922,1038,504,534
S01008923,762,270,492
S01008924,717,299,418
S01008925,629,296,333
S01008926,288,107,181
S01008927,62,26,36
S01008928,392,185,207
S01008929,1197,291,906
S01008930,882,271,611
S01008931,578,220,358
S01008932,373,159,214
S01008933,431,108,323
S01008934,422,155,267
S01008935,893,565,328
S01008936,533,380,153
S01008937,604,275,329
S01008938,792,533,259
S01008939,655,455,200
S01008940,625,448,177
S01008941,685,341,344
S01008942,1001,654,347
S01008943,641,462,179
S01008944,813,570,243
S01008945,906,635,271
S01008946,600,429,171
S01008947,931,667,264
S01008948,917,421,496
S01008949,1068,564,504
S01008950,803,444,359
S01008951,932,378,554
S01008952,1294,576,718
S01008953,971,510,461
S01008954,855,383,472
S01008955,697,364,333
S01008956,1051,471,580
S01008957,922,440,482
S01008958,653,248,405
S01008959,845,471,374
S01008960,295,208,87
S01008961,840,456,384
S01008962,603,396,207
S01008963,789,525,264
S01008964,621,465,156
S01008965,635,454,181
S01008966,764,525,239
S01008967,958,648,310
S01008968,1195,672,523
S01008969,862,547,315
S01008970,921,588,333
S01008971,562,396,166
S01008972,1272,727,545
S01008973,649,307,342
S01008974,769,370,399
S01008975,780,368,412
S01008976,593,386,207
S01008977,685,466,219
S01008978,554,291,263
S01008979,620,303,317
S01008980,594,295,299
S01008981,724,468,256
S01008982,704,345,359
S01008983,686,212,474
S01008984,417,196,221
S01008985,659,341,318
S01008986,797,559,238
S01008987,872,582,290
S01008988,757,312,445
S01008989,841,435,406
S01008990,988,425,563
S01008991,936,576,360
S01008992,391,198,193
S01008993,908,534,374
S01008994,791,433,358
S01008995,845,531,314
S01008996,642,351,291
S01008997,714,394,320
S01008998,669,337,332
S01008999,824,419,405
S01009000,940,639,301
S01009001,573,414,159
S01009002,637,361,276
S01009003,716,469,247
S01009004,693,423,270
S01009005,778,430,348
S01009006,1151,667,484
S01009007,758,407,351
S01009008,813,492,321
S01009009,448,152,296
S01009010,1047,686,361
S01009011,947,662,285
S01009012,756,498,258
S01009013,876,544,332
S01009014,616,315,301
S01009015,438,231,207
S01009016,451,235,216
S01009017,545,295,250
S01009018,599,321,278
S01009019,723,356,367
S01009020,738,380,358
S01009021,581,300,281
S01009022,751,396,355
S01009023,769,418,351
S01009024,1019,511,508
S01009025,797,409,388
S01009026,923,465,458
S01009027,685,364,321
S01009028,484,274,210
S01009029,623,331,292
S01009030,808,428,380
S01009031,643,340,303
S01009032,541,269,272
S01009033,696,345,351
S01009034,523,290,233
S01009035,678,410,268
S01009036,661,400,261
S01009037,544,304,240
S01009038,743,394,349
S01009039,867,397,470
S01009040,791,293,498
S01009041,877,364,513
S01009042,713,311,402
S01009043,1055,529,526
S01009044,964,447,517
S01009045,913,461,452
S01009046,647,384,263
S01009047,556,302,254
S01009048,598,342,256
S01009049,584,306,278
S01009050,744,370,374
S01009051,710,350,360
S01009052,769,424,345
S01009053,452,147,305
S01009054,574,307,267
S01009055,637,400,237
S01009056,432,207,225
S01009057,563,194,369
S01009058,740,338,402
S01009059,406,179,227
S01009060,380,171,209
S01009061,812,444,368
S01009062,807,418,389
S01009063,584,372,212
S01009064,581,297,284
S01009065,947,355,592
S01009066,624,320,304
S01009067,345,258,87
S01009068,714,393,321
S01009069,730,500,230
S01009070,812,491,321
S01009071,459,248,211
S01009072,284,169,115
S01009073,713,364,349
S01009074,852,411,441
S01009075,579,315,264
S01009076,944,556,388
S01009077,627,375,252
S01009078,314,186,128
S01009079,999,416,583
S01009080,1257,624,633
S01009081,882,513,369
S01009082,911,433,478
S01009083,584,302,282
S01009084,836,412,424
S01009085,221,145,76
S01009086,565,295,270
S01009087,532,290,242
S01009088,1156,568,588
S01009089,343,230,113
S01009090,111,82,29
S01009091,137,100,37
S01009092,819,488,331
S01009093,699,367,332
S01009094,771,524,247
S01009095,1329,578,751
S01009096,387,184,203
S01009097,670,442,228
S01009098,459,312,147
S01009099,744,362,382
S01009100,1057,458,599
S01009101,860,438,422
S01009102,827,366,461
S01009103,541,379,162
S01009104,667,336,331
S01009105,551,294,257
S01009106,677,404,273
S01009107,768,469,299
S01009108,755,513,242
S01009109,825,599,226
S01009110,727,401,326
S01009111,888,497,391
S01009112,509,339,170
S01009113,559,350,209
S01009114,587,363,224
S01009115,669,351,318
S01009116,704,415,289
S01009117,550,254,296
S01009118,434,326,108
S01009119,723,372,351
S01009120,553,321,232
S01009121,859,434,425
S01009122,772,424,348
S01009123,242,146,96
S01009124,429,253,176
S01009125,649,338,311
S01009126,596,242,354
S01009127,474,201,273
S01009128,847,251,596
S01009129,501,220,281
S01009130,339,127,212
S01009131,747,288,459
S01009132,715,416,299
S01009133,625,276,349
S01009134,835,452,383
S01009135,466,240,226
S01009136,300,101,199
S01009137,250,113,137
S01009138,814,416,398
S01009139,563,170,393
S01009140,566,215,351
S01009141,524,133,391
S01009142,589,199,390
S01009143,449,182,267
S01009144,549,329,220
S01009145,1003,558,445
S01009146,853,411,442
S01009147,791,394,397
S01009148,606,292,314
S01009149,497,232,265
S01009150,719,293,426
S01009151,590,349,241
S01009152,756,264,492
S01009153,651,262,389
S01009154,715,415,300
S01009155,523,271,252
S01009156,773,451,322
S01009157,805,453,352
S01009158,755,374,381
S01009159,528,209,319
S01009160,532,199,333
S01009161,750,303,447
S01009162,615,221,394
S01009163,458,217,241
S01009164,832,473,359
S01009165,553,250,303
S01009166,746,342,404
S01009167,627,331,296
S01009168,866,564,302
S01009169,770,350,420
S01009170,553,291,262
S01009171,659,342,317
S01009172,589,379,210
S01009173,711,496,215
S01009174,66,45,21
S01009175,720,539,181
S01009176,735,526,209
S01009177,679,292,387
S01009178,646,294,352
S01009179,775,422,353
S01009180,834,414,420
S01009181,923,564,359
S01009182,909,566,343
S01009183,794,571,223
S01009184,965,487,478
S01009185,892,458,434
S01009186,690,419,271
S01009187,668,410,258
S01009188,855,449,406
S01009189,877,491,386
S01009190,717,272,445
S01009191,135,98,37
S01009192,796,348,448
S01009193,291,184,107
S01009194,795,532,263
S01009195,787,307,480
S01009196,613,377,236
S01009197,757,493,264
S01009198,707,455,252
S01009199,585,339,246
S01009200,762,477,285
S01009201,584,345,239
S01009202,459,325,134
S01009203,491,237,254
S01009204,780,425,355
S01009205,1024,636,388
S01009206,911,531,380
S01009207,841,502,339
S01009208,588,349,239
S01009209,1001,568,433
S01009210,754,443,311
S01009211,592,308,284
S01009212,768,421,347
S01009213,605,295,310
S01009214,999,579,420
S01009215,970,517,453
S01009216,913,494,419
S01009217,600,262,338
S01009218,1005,600,405
S01009219,559,305,254
S01009220,512,242,270
S01009221,486,230,256
S01009222,552,301,251
S01009223,436,234,202
S01009224,804,380,424
S01009225,679,350,329
S01009226,1026,460,566
S01009227,608,260,348
S01009228,666,251,415
S01009229,772,417,355
S01009230,749,378,371
S01009231,850,510,340
S01009232,549,178,371
S01009233,705,406,299
S01009234,816,357,459
S01009235,682,296,386
S01009236,596,381,215
S01009237,591,372,219
S01009238,903,507,396
S01009239,706,334,372
S01009240,585,183,402
S01009241,761,308,453
S01009242,805,528,277
S01009243,1026,621,405
S01009244,678,492,186
S01009245,736,463,273
S01009246,896,473,423
S01009247,1015,538,477
S01009248,643,439,204
S01009249,905,425,480
S01009250,638,353,285
S01009251,489,301,188
S01009252,351,253,98
S01009253,631,352,279
S01009254,812,393,419
S01009255,561,210,351
S01009256,517,286,231
S01009257,505,244,261
S01009258,672,426,246
S01009259,661,425,236
S01009260,944,495,449
S01009261,691,323,368
S01009262,669,326,343
S01009263,369,197,172
S01009264,655,397,258
S01009265,603,354,249
S01009266,873,523,350
S01009267,713,342,371
S01009268,570,293,277
S01009269,881,405,476
S01009270,640,262,378
S01009271,715,505,210
S01009272,704,350,354
S01009273,778,504,274
S01009274,800,489,311
S01009275,561,309,252
S01009276,876,570,306
S01009277,613,416,197
S01009278,321,190,131
S01009279,490,252,238
S01009280,727,359,368
S01009281,686,313,373
S01009282,754,435,319
S01009283,449,260,189
S01009284,585,415,170
S01009285,733,486,247
S01009286,796,523,273
S01009287,733,482,251
S01009288,753,481,272
S01009289,753,491,262
S01009290,571,394,177
S01009291,951,645,306
S01009292,398,225,173
S01009293,528,282,246
S01009294,526,329,197
S01009295,660,447,213
S01009296,737,461,276
S01009297,819,528,291
S01009298,1026,415,611
S01009299,849,369,480
S01009300,524,198,326
S01009301,886,271,615
S01009302,785,248,537
S01009303,702,386,316
S01009304,1050,558,492
S01009305,843,370,473
S01009306,983,352,631
S01009307,1055,335,720
S01009308,697,171,526
S01009309,519,199,320
S01009310,747,494,253
S01009311,785,402,383
S01009312,837,342,495
S01009313,571,267,304
S01009314,759,474,285
S01009315,565,263,302
S01009316,706,461,245
S01009317,813,524,289
S01009318,802,548,254
S01009319,851,588,263
S01009320,724,431,293
S01009321,446,299,147
S01009322,587,362,225
S01009323,812,465,347
S01009324,549,272,277
S01009325,455,295,160
S01009326,325,127,198
S01009327,579,397,182
S01009328,78,53,25
S01009330,112,37,75
S01009331,179,139,40
S01009332,703,434,269
S01009333,773,317,456
S01009334,515,236,279
S01009335,668,321,347
S01009336,481,205,276
S01009337,709,335,374
S01009338,613,242,371
S01009339,800,331,469
S01009340,806,398,408
S01009341,847,432,415
S01009342,771,382,389
S01009343,480,283,197
S01009344,620,344,276
S01009345,998,577,421
S01009346,121,84,37
S01009347,235,150,85
S01009348,183,122,61
S01009349,99,51,48
S01009350,141,84,57
S01009351,62,38,24
S01009352,57,44,13
S01009353,289,212,77
S01009354,220,135,85
S01009355,827,578,249
S01009356,866,577,289
S01009357,367,242,125
S01009358,246,187,59
S01009359,191,128,63
S01009360,679,414,265
S01009361,710,459,251
S01009362,968,670,298
S01009363,844,438,406
S01009364,638,390,248
S01009365,582,320,262
S01009366,787,397,390
S01009367,619,325,294
S01009368,635,372,263
S01009369,819,458,361
S01009370,738,403,335
S01009371,437,258,179
S01009372,476,268,208
S01009373,778,330,448
S01009374,757,368,389
S01009375,604,320,284
S01009376,758,386,372
S01009377,582,272,310
S01009378,726,382,344
S01009379,123,62,61
S01009380,520,313,207
S01009381,552,312,240
S01009382,1104,495,609
S01009383,844,389,455
S01009384,471,306,165
S01009385,608,361,247
S01009386,853,442,411
S01009387,763,431,332
S01009388,884,302,582
S01009389,797,415,382
S01009390,534,399,135
S01009391,603,436,167
S01009392,383,261,122
S01009393,641,435,206
S01009394,708,371,337
S01009395,922,663,259
S01009396,634,459,175
S01009397,603,361,242
S01009398,1008,569,439
S01009399,889,568,321
S01009400,790,493,297
S01009401,837,583,254
S01009402,707,480,227
S01009403,620,432,188
S01009404,550,282,268
S01009405,581,372,209
S01009406,820,421,399
S01009407,406,237,169
S01009408,409,247,162
S01009409,738,422,316
S01009410,663,314,349
S01009411,1122,590,532
S01009412,762,381,381
S01009413,1082,603,479
S01009414,694,399,295
S01009415,947,440,507
S01009416,499,363,136
S01009417,317,214,103
S01009418,1010,518,492
S01009419,788,436,352
S01009420,577,231,346
S01009421,526,232,294
S01009422,933,557,376
S01009423,210,142,68
S01009424,609,380,229
S01009425,704,404,300
S01009426,851,346,505
S01009427,519,209,310
S01009428,476,249,227
S01009429,720,317,403
S01009430,610,282,328
S01009431,806,408,398
S01009432,847,445,402
S01009433,667,317,350
S01009434,455,245,210
S01009435,787,360,427
S01009436,478,237,241
S01009437,721,347,374
S01009438,912,468,444
S01009439,944,488,456
S01009440,746,383,363
S01009441,732,336,396
S01009442,572,367,205
S01009443,736,410,326
S01009444,630,455,175
S01009445,841,486,355
S01009446,822,336,486
S01009447,639,312,327
S01009448,535,335,200
S01009449,583,336,247
S01009450,538,205,333
S01009451,1016,452,564
S01009452,692,284,408
S01009453,826,398,428
S01009454,912,533,379
S01009455,1150,699,451
S01009456,746,353,393
S01009457,665,396,269
S01009458,541,265,276
S01009459,857,340,517
S01009460,599,223,376
S01009461,132,70,62
S01009462,545,296,249
S01009463,879,552,327
S01009464,717,431,286
S01009465,494,295,199
S01009466,683,431,252
S01009467,699,445,254
S01009468,603,291,312
S01009469,690,377,313
S01009470,700,440,260
S01009471,689,285,404
S01009472,920,421,499
S01009473,671,253,418
S01009474,637,266,371
S01009475,160,112,48
S01009476,356,232,124
S01009477,911,396,515
S01009478,787,265,522
S01009479,752,327,425
S01009480,883,491,392
S01009481,743,328,415
S01009482,597,168,429
S01009483,625,228,397
S01009484,1116,533,583
S01009485,651,345,306
S01009486,673,376,297
S01009487,1029,548,481
S01009488,775,472,303
S01009489,710,288,422
S01009490,672,284,388
S01009491,569,282,287
S01009492,720,438,282
S01009493,1066,722,344
S01009494,974,626,348
S01009495,720,475,245
S01009496,692,390,302
S01009497,886,546,340
S01009498,557,413,144
S01009499,670,403,267
S01009500,705,295,410
S01009501,680,318,362
S01009502,830,415,415
S01009503,865,485,380
S01009504,641,270,371
S01009505,693,267,426
S01009506,931,380,551
S01009507,558,284,274
S01009508,844,364,480
S01009509,814,384,430
S01009510,713,505,208
S01009511,825,578,247
S01009512,888,590,298
S01009513,693,507,186
S01009514,752,530,222
S01009515,712,364,348
S01009516,987,563,424
S01009517,74,35,39
S01009518,237,143,94
S01009519,595,344,251
S01009520,789,471,318
S01009521,660,342,318
S01009522,745,324,421
S01009523,672,279,393
S01009524,619,211,408
S01009525,475,217,258
S01009526,364,146,218
S01009527,663,260,403
S01009528,693,240,453
S01009529,919,463,456
S01009530,746,481,265
S01009531,921,389,532
S01009532,906,421,485
S01009533,765,303,462
S01009534,598,197,401
S01009535,713,228,485
S01009536,416,206,210
S01009537,515,244,271
S01009538,914,329,585
S01009539,865,465,400
S01009540,886,367,519
S01009541,957,532,425
S01009542,713,321,392
S01009543,725,397,328
S01009544,793,393,400
S01009545,674,364,310
S01009546,602,271,331
S01009547,686,362,324
S01009548,840,435,405
S01009549,866,500,366
S01009550,523,344,179
S01009551,568,354,214
S01009552,1123,625,498
S01009553,913,437,476
S01009554,701,336,365
S01009555,780,408,372
S01009556,820,385,435
S01009557,762,346,416
S01009558,528,233,295
S01009559,1013,501,512
S01009560,671,282,389
S01009561,585,268,317
S01009562,944,523,421
S01009563,774,452,322
S01009564,587,362,225
S01009565,481,293,188
S01009566,879,516,363
S01009567,844,423,421
S01009568,736,416,320
S01009569,868,517,351
S01009570,519,281,238
S01009571,592,255,337
S01009572,862,383,479
S01009573,597,265,332
S01009574,882,477,405
S01009575,695,359,336
S01009576,579,397,182
S01009577,717,478,239
S01009578,849,428,421
S01009579,253,148,105
S01009580,529,343,186
S01009581,664,398,266
S01009582,476,243,233
S01009583,649,327,322
S01009584,300,221,79
S01009585,1035,621,414
S01009586,947,527,420
S01009587,844,421,423
S01009588,919,480,439
S01009589,913,501,412
S01009590,508,330,178
S01009591,749,499,250
S01009592,721,485,236
S01009593,485,309,176
S01009594,505,362,143
S01009595,316,179,137
S01009596,859,438,421
S01009597,805,315,490
S01009598,539,225,314
S01009599,1040,530,510
S01009600,790,319,471
S01009601,718,340,378
S01009602,545,367,178
S01009603,627,366,261
S01009604,668,357,311
S01009605,801,421,380
S01009606,233,119,114
S01009607,411,302,109
S01009608,487,253,234
S01009609,825,476,349
S01009610,899,469,430
S01009611,375,258,117
S01009612,449,247,202
S01009613,427,289,138
S01009614,514,313,201
S01009615,514,331,183
S01009616,952,549,403
S01009617,567,366,201
S01009618,828,389,439
S01009619,632,279,353
S01009620,813,397,416
S01009621,797,346,451
S01009622,737,253,484
S01009623,676,345,331
S01009624,807,430,377
S01009625,1014,540,474
S01009626,613,284,329
S01009627,737,390,347
S01009628,563,291,272
S01009629,915,465,450
S01009630,626,314,312
S01009631,688,265,423
S01009632,602,238,364
S01009633,539,226,313
S01009634,650,316,334
S01009635,1067,497,570
S01009636,782,293,489
S01009637,702,321,381
S01009638,510,250,260
S01009639,825,486,339
S01009640,648,280,368
S01009641,740,304,436
S01009642,835,402,433
S01009643,174,98,76
S01009644,472,269,203
S01009645,736,390,346
S01009646,596,339,257
S01009647,526,221,305
S01009648,902,520,382
S01009649,823,444,379
S01009650,677,470,207
S01009651,786,494,292
S01009652,957,565,392
S01009653,674,446,228
S01009654,465,250,215
S01009655,803,446,357
S01009656,733,335,398
S01009657,782,450,332
S01009658,802,434,368
S01009659,561,287,274
S01009660,710,399,311
S01009661,715,432,283
S01009662,688,407,281
S01009663,635,377,258
S01009664,862,535,327
S01009665,1014,612,402
S01009666,946,590,356
S01009667,337,235,102
S01009668,375,218,157
S01009669,488,311,177
S01009670,663,411,252
S01009671,627,399,228
S01009672,947,508,439
S01009673,704,400,304
S01009674,876,547,329
S01009675,737,498,239
S01009676,1160,714,446
S01009677,574,334,240
S01009678,515,286,229
S01009679,826,422,404
S01009680,837,460,377
S01009681,772,353,419
S01009682,660,420,240
S01009683,743,419,324
S01009684,727,469,258
S01009685,977,455,522
S01009686,882,388,494
S01009687,848,503,345
S01009688,961,404,557
S01009689,455,146,309
S01009690,627,315,312
S01009691,461,293,168
S01009692,1008,604,404
S01009693,631,452,179
S01009694,932,629,303
S01009695,852,509,343
S01009696,854,532,322
S01009697,677,425,252
S01009698,564,360,204
S01009699,616,365,251
S01009700,567,341,226
S01009701,797,459,338
S01009702,466,297,169
S01009703,810,452,358
S01009704,1020,611,409
S01009705,627,326,301
S01009706,698,355,343
S01009707,504,274,230
S01009708,573,359,214
S01009709,734,392,342
S01009710,384,222,162
S01009711,809,394,415
S01009712,551,328,223
S01009713,732,415,317
S01009714,732,459,273
S01009715,670,405,265
S01009716,1077,616,461
S01009717,926,401,525
S01009718,767,323,444
S01009719,853,456,397
S01009720,768,385,383
S01009721,829,44,785
S01009722,1001,190,811
S01009723,763,146,617
S01009724,946,293,653
S01009725,847,256,591
S01009726,870,114,756
S01009727,860,438,422
S01009728,665,433,232
S01009729,885,596,289
S01009730,868,542,326
S01009731,802,493,309
S01009732,1352,355,997
S01009733,953,308,645
S01009734,1523,680,843
S01009735,699,447,252
S01009736,1603,206,1397
S01009737,573,386,187
S01009738,438,254,184
S01009739,346,272,74
S01009740,626,364,262
S01009741,707,317,390
S01009742,397,262,135
S01009743,979,619,360
S01009744,603,396,207
S01009745,705,452,253
S01009746,649,423,226
S01009747,772,414,358
S01009748,637,446,191
S01009749,768,474,294
S01009750,557,268,289
S01009751,844,438,406
S01009752,672,396,276
S01009753,606,360,246
S01009754,1170,627,543
S01009755,547,308,239
S01009756,664,435,229
S01009757,577,393,184
S01009758,917,459,458
S01009759,834,191,643
S01009760,776,260,516
S01009761,804,422,382
S01009762,719,250,469
S01009763,328,213,115
S01009764,718,255,463
S01009765,776,358,418
S01009766,788,365,423
S01009767,622,226,396
S01009768,375,107,268
S01009769,800,277,523
S01009770,647,418,229
S01009771,661,430,231
S01009772,623,319,304
S01009773,120,70,50
S01009774,81,44,37
S01009775,703,232,471
S01009776,741,216,525
S01009777,517,163,354
S01009778,1000,388,612
S01009779,564,176,388
S01009780,628,205,423
S01009781,700,245,455
S01009782,331,144,187
S01009783,346,147,199
S01009784,762,260,502
S01009785,852,313,539
S01009786,873,248,625
S01009787,757,272,485
S01009788,1114,507,607
S01009789,961,418,543
S01009790,802,355,447
S01009791,596,229,367
S01009792,189,105,84
S01009793,767,426,341
S01009794,305,179,126
S01009795,646,414,232
S01009796,639,304,335
S01009797,462,273,189
S01009798,719,401,318
S01009799,1091,333,758
S01009800,968,364,604
S01009801,987,358,629
S01009802,699,253,446
S01009803,691,210,481
S01009804,367,108,259
S01009805,628,222,406
S01009806,991,358,633
S01009807,741,337,404
S01009808,1042,276,766
S01009809,874,376,498
S01009810,778,283,495
S01009811,1076,426,650
S01009812,764,327,437
S01009813,874,224,650
S01009814,944,436,508
S01009815,854,368,486
S01009816,874,411,463
S01009817,718,325,393
S01009818,805,523,282
S01009819,955,485,470
S01009820,839,404,435
S01009821,698,387,311
S01009822,691,241,450
S01009823,937,353,584
S01009824,598,197,401
S01009825,974,374,600
S01009826,649,247,402
S01009827,722,270,452
S01009828,1042,386,656
S01009829,995,399,596
S01009830,777,355,422
S01009831,967,500,467
S01009832,915,417,498
S01009833,532,263,269
S01009834,519,157,362
S01009835,489,163,326
S01009836,641,276,365
S01009837,707,282,425
S01009838,664,237,427
S01009839,870,164,706
S01009840,865,391,474
S01009841,937,163,774
S01009842,742,220,522
S01009843,487,108,379
S01009844,577,117,460
S01009845,859,169,690
S01009846,825,278,547
S01009847,491,134,357
S01009848,739,312,427
S01009849,997,363,634
S01009850,847,305,542
S01009851,928,360,568
S01009852,489,223,266
S01009853,797,349,448
S01009854,593,193,400
S01009855,623,300,323
S01009856,523,209,314
S01009857,691,324,367
S01009858,820,347,473
S01009859,940,231,709
S01009860,825,235,590
S01009861,1225,288,937
S01009862,915,191,724
S01009863,872,174,698
S01009864,768,199,569
S01009865,567,167,400
S01009866,833,333,500
S01009867,909,222,687
S01009868,907,275,632
S01009869,826,291,535
S01009870,824,231,593
S01009871,920,323,597
S01009872,731,233,498
S01009873,782,354,428
S01009874,849,378,471
S01009875,396,130,266
S01009876,761,261,500
S01009877,692,368,324
S01009878,590,254,336
S01009879,913,504,409
S01009880,915,486,429
S01009881,559,291,268
S01009882,489,157,332
S01009883,641,304,337
S01009884,723,287,436
S01009885,661,286,375
S01009886,594,280,314
S01009887,799,226,573
S01009888,615,251,364
S01009889,909,326,583
S01009890,618,194,424
S01009891,632,201,431
S01009892,918,296,622
S01009893,830,258,572
S01009894,834,212,622
S01009895,763,218,545
S01009896,981,290,691
S01009897,1090,388,702
S01009898,756,262,494
S01009899,968,283,685
S01009900,988,258,730
S01009901,868,246,622
S01009902,980,347,633
S01009903,923,384,539
S01009904,659,191,468
S01009905,584,186,398
S01009906,552,167,385
S01009907,1055,207,848
S01009908,1009,288,721
S01009909,759,172,587
S01009910,672,176,496
S01009911,1043,482,561
S01009912,835,408,427
S01009913,702,416,286
S01009914,769,441,328
S01009915,757,366,391
S01009916,970,557,413
S01009917,683,376,307
S01009918,806,461,345
S01009919,968,302,666
S01009920,984,323,661
S01009921,737,170,567
S01009922,1113,303,810
S01009923,914,230,684
S01009924,936,218,718
S01009925,997,231,766
S01009926,795,252,543
S01009927,500,176,324
S01009928,674,203,471
S01009929,481,189,292
S01009930,858,261,597
S01009931,780,196,584
S01009932,737,223,514
S01009933,1042,241,801
S01009934,714,382,332
S01009935,645,163,482
S01009936,1002,360,642
S01009937,643,194,449
S01009938,924,361,563
S01009939,845,209,636
S01009940,741,255,486
S01009941,901,488,413
S01009942,874,366,508
S01009943,1017,380,637
S01009944,845,372,473
S01009945,944,339,605
S01009946,814,321,493
S01009947,736,324,412
S01009948,991,392,599
S01009949,839,347,492
S01009950,603,379,224
S01009951,729,453,276
S01009952,890,434,456
S01009953,974,517,457
S01009954,632,338,294
S01009955,968,470,498
S01009956,733,354,379
S01009957,1114,618,496
S01009958,1052,617,435
S01009959,747,451,296
S01009960,986,498,488
S01009961,583,306,277
S01009962,894,292,602
S01009963,1067,671,396
S01009964,1014,515,499
S01009965,825,541,284
S01009966,1029,642,387
S01009967,881,448,433
S01009968,529,343,186
S01009969,1044,579,465
S01009970,887,300,587
S01009971,824,262,562
S01009972,635,276,359
S01009973,257,74,183
S01009974,703,242,461
S01009975,671,225,446
S01009976,566,163,403
S01009977,726,177,549
S01009978,673,198,475
S01009979,653,206,447
S01009980,412,95,317
S01009981,556,142,414
S01009982,480,142,338
S01009983,437,101,336
S01009984,715,269,446
S01009985,435,119,316
S01009986,528,130,398
S01009987,714,288,426
S01009988,564,183,381
S01009989,893,422,471
S01009990,806,388,418
S01009991,780,375,405
S01009992,864,302,562
S01009993,642,313,329
S01009994,574,291,283
S01009995,488,257,231
S01009996,688,338,350
S01009997,546,252,294
S01009998,803,477,326
S01009999,736,457,279
S01010000,723,352,371
S01010001,593,323,270
S01010002,1137,550,587
S01010003,813,469,344
S01010004,776,466,310
S01010005,884,210,674
S01010006,1101,255,846
S01010007,773,416,357
S01010008,486,146,340
S01010009,616,118,498
S01010010,1226,680,546
S01010011,778,199,579
S01010012,1333,767,566
S01010013,884,273,611
S01010014,1119,362,757
S01010015,764,215,549
S01010016,629,298,331
S01010017,763,310,453
S01010018,807,272,535
S01010019,984,317,667
S01010020,842,351,491
S01010021,569,135,434
S01010022,269,71,198
S01010023,841,207,634
S01010024,476,135,341
S01010025,583,138,445
S01010026,636,179,457
S01010027,863,243,620
S01010028,417,119,298
S01010029,537,212,325
S01010030,390,89,301
S01010031,573,89,484
S01010032,443,105,338
S01010033,760,232,528
S01010034,901,239,662
S01010035,582,92,490
S01010036,333,75,258
S01010037,887,254,633
S01010038,1104,274,830
S01010039,501,59,442
S01010040,492,130,362
S01010041,760,108,652
S01010042,455,119,336
S01010043,775,231,544
S01010044,1002,316,686
S01010045,705,198,507
S01010046,910,271,639
S01010047,905,257,648
S01010048,995,283,712
S01010049,721,155,566
S01010050,655,162,493
S01010051,687,193,494
S01010052,489,112,377
S01010053,437,143,294
S01010054,595,104,491
S01010055,964,261,703
S01010056,382,65,317
S01010057,343,100,243
S01010058,709,194,515
S01010059,580,165,415
S01010060,817,271,546
S01010061,375,143,232
S01010062,675,238,437
S01010063,938,213,725
S01010064,604,269,335
S01010065,757,298,459
S01010066,579,202,377
S01010067,616,150,466
S01010068,334,115,219
S01010069,870,472,398
S01010070,548,337,211
S01010071,737,346,391
S01010072,949,460,489
S01010073,905,514,391
S01010074,917,473,444
S01010075,782,361,421
S01010076,762,366,396
S01010077,662,262,400
S01010078,586,338,248
S01010079,797,531,266
S01010080,755,487,268
S01010081,1005,637,368
S01010082,614,324,290
S01010083,929,460,469
S01010084,992,425,567
S01010085,1073,627,446
S01010086,922,402,520
S01010087,584,375,209
S01010088,179,106,73
S01010089,770,345,425
S01010090,851,451,400
S01010091,562,303,259
S01010092,997,416,581
S01010093,739,398,341
S01010094,1069,617,452
S01010095,1033,643,390
S01010096,667,373,294
S01010097,614,359,255
S01010098,617,394,223
S01010099,856,530,326
S01010100,825,487,338
S01010101,986,541,445
S01010102,545,348,197
S01010103,645,399,246
S01010104,592,401,191
S01010105,630,156,474
S01010106,560,220,340
S01010107,812,311,501
S01010108,682,295,387
S01010109,936,298,638
S01010110,938,287,651
S01010111,805,175,630
S01010112,625,165,460
S01010113,434,145,289
S01010114,584,181,403
S01010115,513,264,249
S01010116,623,285,338
S01010117,182,59,123
S01010118,562,124,438
S01010119,227,43,184
S01010120,577,122,455
S01010121,496,120,376
S01010122,414,95,319
S01010123,441,99,342
S01010124,578,266,312
S01010125,411,121,290
S01010126,505,228,277
S01010127,473,172,301
S01010128,576,155,421
S01010129,654,169,485
S01010130,633,245,388
S01010131,998,551,447
S01010132,858,324,534
S01010133,801,266,535
S01010134,1152,440,712
S01010135,1026,435,591
S01010136,900,453,447
S01010137,1148,394,754
S01010138,932,248,684
S01010139,1014,393,621
S01010140,837,298,539
S01010141,960,288,672
S01010142,559,219,340
S01010143,732,321,411
S01010144,597,162,435
S01010145,577,241,336
S01010146,883,274,609
S01010147,709,183,526
S01010148,742,233,509
S01010149,376,124,252
S01010150,940,398,542
S01010151,946,380,566
S01010152,752,327,425
S01010153,899,361,538
S01010154,1012,397,615
S01010155,670,286,384
S01010156,605,220,385
S01010157,670,242,428
S01010158,820,342,478
S01010159,644,264,380
S01010160,518,88,430
S01010161,641,246,395
S01010162,757,219,538
S01010163,633,250,383
S01010164,656,245,411
S01010165,506,183,323
S01010166,943,383,560
S01010167,840,319,521
S01010168,382,134,248
S01010169,649,207,442
S01010170,833,337,496
S01010171,740,188,552
S01010172,678,203,475
S01010173,969,414,555
S01010174,1057,339,718
S01010175,392,167,225
S01010176,926,349,577
S01010177,523,148,375
S01010178,627,205,422
S01010179,986,327,659
S01010180,351,106,245
S01010181,914,323,591
S01010182,968,537,431
S01010183,671,252,419
S01010184,533,183,350
S01010185,581,214,367
S01010186,557,327,230
S01010187,675,348,327
S01010188,931,483,448
S01010189,653,398,255
S01010190,228,97,131
S01010191,547,379,168
S01010192,659,392,267
S01010193,765,420,345
S01010194,666,306,360
S01010195,830,393,437
S01010196,689,252,437
S01010197,760,291,469
S01010198,1019,404,615
S01010199,519,171,348
S01010200,610,273,337
S01010201,686,354,332
S01010202,558,119,439
S01010203,494,242,252
S01010204,845,321,524
S01010205,611,212,399
S01010206,417,53,364
S01010207,506,109,397
S01010208,922,300,622
S01010209,755,253,502
S01010210,888,380,508
S01010211,751,246,505
S01010212,880,267,613
S01010213,918,360,558
S01010214,871,442,429
S01010215,842,251,591
S01010216,812,208,604
S01010217,758,228,530
S01010218,902,211,691
S01010219,647,179,468
S01010220,308,60,248
S01010221,391,87,304
S01010222,625,207,418
S01010223,597,176,421
S01010224,814,205,609
S01010225,602,231,371
S01010226,630,173,457
S01010227,842,252,590
S01010228,597,204,393
S01010229,756,239,517
S01010230,1006,215,791
S01010231,577,143,434
S01010232,508,164,344
S01010233,1170,299,871
S01010234,813,276,537
S01010235,177,38,139
S01010236,678,190,488
S01010237,912,284,628
S01010238,877,253,624
S01010239,873,236,637
S01010240,1044,295,749
S01010241,898,234,664
S01010242,966,217,749
S01010243,1083,200,883
S01010244,835,209,626
S01010245,797,179,618
S01010246,818,176,642
S01010247,734,347,387
S01010248,862,219,643
S01010249,937,251,686
S01010250,818,204,614
S01010251,217,71,146
S01010252,497,131,366
S01010253,691,179,512
S01010254,830,252,578
S01010255,717,154,563
S01010256,939,231,708
S01010257,1606,113,1493
S01010258,1027,110,917
S01010259,1544,272,1272
S01010260,1333,119,1214
S01010261,1952,317,1635
S01010262,1122,261,861
S01010263,624,75,549
S01010264,713,77,636
S01010265,382,50,332
S01010266,694,164,530
S01010267,734,41,693
S01010268,936,145,791
S01010269,900,186,714
S01010270,1116,279,837
S01010271,706,119,587
S01010272,325,55,270
S01010273,238,37,201
S01010274,237,49,188
S01010275,271,52,219
S01010276,116,23,93
S01010277,506,142,364
S01010278,1111,277,834
S01010279,581,98,483
S01010280,777,136,641
S01010281,533,93,440
S01010282,957,149,808
S01010283,674,116,558
S01010284,1120,177,943
S01010285,1085,182,903
S01010286,1337,117,1220
S01010287,1229,169,1060
S01010288,1017,122,895
S01010289,245,49,196
S01010290,678,160,518
S01010291,937,145,792
S01010292,1171,210,961
S01010293,720,127,593
S01010294,967,176,791
S01010295,842,123,719
S01010296,703,205,498
S01010297,828,232,596
S01010298,941,209,732
S01010299,531,155,376
S01010300,1325,244,1081
S01010301,482,61,421
S01010302,695,159,536
S01010303,439,111,328
S01010304,681,121,560
S01010305,985,232,753
S01010306,653,132,521
S01010307,797,199,598
S01010308,795,163,632
S01010309,622,173,449
S01010310,640,162,478
S01010311,766,211,555
S01010312,549,144,405
S01010313,997,228,769
S01010314,962,197,765
S01010315,469,119,350
S01010316,486,91,395
S01010317,1185,253,932
S01010318,1417,105,1312
S01010319,664,160,504
S01010320,624,147,477
S01010321,1040,247,793
S01010322,1153,338,815
S01010323,530,98,432
S01010324,877,307,570
S01010325,933,374,559
S01010326,693,141,552
S01010327,638,159,479
S01010328,685,296,389
S01010329,458,190,268
S01010330,606,190,416
S01010331,1177,452,725
S01010332,889,333,556
S01010333,812,271,541
S01010334,865,336,529
S01010335,988,349,639
S01010336,689,171,518
S01010337,834,344,490
S01010338,730,231,499
S01010339,865,346,519
S01010340,695,267,428
S01010341,683,330,353
S01010342,695,328,367
S01010343,843,482,361
S01010344,851,291,560
S01010345,234,122,112
S01010346,949,475,474
S01010347,794,206,588
S01010348,976,484,492
S01010349,985,447,538
S01010350,983,312,671
S01010351,579,205,374
S01010352,683,287,396
S01010353,836,181,655
S01010354,505,149,356
S01010355,899,309,590
S01010356,475,165,310
S01010357,559,151,408
S01010358,802,280,522
S01010359,1104,333,771
S01010360,518,125,393
S01010361,512,139,373
S01010362,908,243,665
S01010363,649,256,393
S01010364,941,567,374
S01010365,1023,504,519
S01010366,1100,497,603
S01010367,1194,490,704
S01010368,815,340,475
S01010369,728,186,542
S01010370,718,196,522
S01010371,1033,246,787
S01010372,840,265,575
S01010373,698,170,528
S01010374,818,253,565
S01010375,857,182,675
S01010376,851,137,714
S01010377,777,114,663
S01010378,865,119,746
S01010379,1183,232,951
S01010380,999,260,739
S01010381,502,78,424
S01010382,855,176,679
S01010383,750,120,630
S01010384,1175,180,995
S01010385,863,188,675
S01010386,825,216,609
S01010387,1122,299,823
S01010388,819,212,607
S01010389,65,15,50
S01010390,1054,175,879
S01010391,972,218,754
S01010392,170,46,124
S01010393,1298,292,1006
S01010394,845,254,591
S01010395,1051,242,809
S01010396,886,203,683
S01010397,776,184,592
S01010398,881,224,657
S01010399,1342,376,966
S01010400,847,325,522
S01010401,707,225,482
S01010402,1049,413,636
S01010403,930,395,535
S01010404,1084,431,653
S01010405,1075,317,758
S01010406,827,213,614
S01010407,1010,221,789
S01010408,577,289,288
S01010409,967,447,520
S01010410,481,170,311
S01010411,1104,750,354
S01010412,904,278,626
S01010413,728,373,355
S01010414,971,492,479
S01010415,1007,345,662
S01010416,504,301,203
S01010417,479,214,265
S01010418,1035,403,632
S01010419,1323,590,733
S01010420,897,557,340
S01010421,703,400,303
S01010422,893,496,397
S01010423,754,216,538
S01010424,628,181,447
S01010425,798,198,600
S01010426,928,252,676
S01010427,908,338,570
S01010428,1315,703,612
S01010429,681,395,286
S01010430,823,242,581
S01010431,796,457,339
S01010432,693,206,487
S01010433,591,165,426
S01010434,664,192,472
S01010435,640,268,372
S01010436,665,168,497
S01010437,458,200,258
S01010438,536,127,409
S01010439,717,184,533
S01010440,981,342,639
S01010441,506,163,343
S01010442,615,134,481
S01010443,652,306,346
S01010444,566,295,271
S01010445,915,290,625
S01010446,726,423,303
S01010447,907,336,571
S01010448,893,449,444
S01010449,899,406,493
S01010450,806,308,498
S01010451,900,330,570
S01010452,760,356,404
S01010453,878,254,624
S01010454,992,447,545
S01010455,861,272,589
S01010456,583,249,334
S01010457,828,315,513
S01010458,728,318,410
S01010459,699,320,379
S01010460,256,104,152
S01010461,901,363,538
S01010462,638,109,529
S01010463,642,316,326
S01010464,566,257,309
S01010465,713,311,402
S01010466,1098,327,771
S01010467,907,332,575
S01010468,839,344,495
S01010469,806,184,622
S01010470,796,316,480
S01010471,832,320,512
S01010472,418,198,220
S01010473,934,310,624
S01010474,956,274,682
S01010475,397,147,250
S01010476,651,231,420
S01010477,787,312,475
S01010478,1197,434,763
S01010479,872,367,505
S01010480,705,310,395
S01010481,615,181,434
S01010482,837,361,476
S01010483,1003,373,630
S01010484,867,352,515
S01010485,790,426,364
S01010486,992,633,359
S01010487,892,439,453
S01010488,1010,359,651
S01010489,1020,355,665
S01010490,634,159,475
S01010491,666,199,467
S01010492,616,136,480
S01010493,599,141,458
S01010494,650,223,427
S01010495,765,184,581
S01010496,1076,279,797
S01010497,454,107,347
S01010498,988,268,720
S01010499,890,230,660
S01010500,643,175,468
S01010501,621,213,408
S01010502,603,233,370
S01010503,745,248,497
S01010504,435,238,197
S01010505,485,264,221
S01010506,661,401,260
S01010507,772,418,354
S01010508,848,455,393
S01010509,965,540,425
S01010510,1227,731,496
S01010511,967,460,507
S01010512,745,417,328
S01010513,659,412,247
S01010514,745,371,374
S01010515,734,413,321
S01010516,532,279,253
S01010517,788,347,441
S01010518,707,362,345
S01010519,675,398,277
S01010520,786,403,383
S01010521,787,385,402
S01010522,544,208,336
S01010523,692,297,395
S01010524,512,292,220
S01010525,569,340,229
S01010526,704,343,361
S01010527,1059,520,539
S01010528,558,335,223
S01010529,676,404,272
S01010530,571,322,249
S01010531,824,471,353
S01010532,739,480,259
S01010533,742,422,320
S01010534,817,466,351
S01010535,453,281,172
S01010536,918,438,480
S01010537,1053,490,563
S01010538,289,121,168
S01010539,726,263,463
S01010540,499,309,190
S01010541,583,351,232
S01010542,720,423,297
S01010543,480,276,204
S01010544,989,565,424
S01010545,497,242,255
S01010546,770,382,388
S01010547,551,317,234
S01010548,318,207,111
S01010549,252,167,85
S01010550,520,305,215
S01010551,554,349,205
S01010552,724,437,287
S01010553,439,272,167
S01010554,612,266,346
S01010555,774,346,428
S01010556,843,388,455
S01010557,605,352,253
S01010558,479,280,199
S01010559,666,390,276
S01010560,536,358,178
S01010561,763,491,272
S01010562,843,497,346
S01010563,656,319,337
S01010564,544,250,294
S01010565,773,444,329
S01010566,594,390,204
S01010567,856,544,312
S01010568,940,553,387
S01010569,852,382,470
S01010570,1210,524,686
S01010571,762,362,400
S01010572,764,352,412
S01010573,561,267,294
S01010574,431,298,133
S01010575,688,468,220
S01010576,675,458,217
S01010577,647,280,367
S01010578,424,246,178
S01010579,622,406,216
S01010580,534,189,345
S01010581,677,360,317
S01010582,311,194,117
S01010583,670,423,247
S01010584,187,86,101
S01010585,172,64,108
S01010586,545,402,143
S01010587,704,450,254
S01010588,482,281,201
S01010589,591,256,335
S01010590,291,188,103
S01010591,97,69,28
S01010592,334,157,177
S01010593,446,272,174
S01010594,164,103,61
S01010595,149,101,48
S01010596,695,420,275
S01010597,255,178,77
S01010598,345,226,119
S01010599,284,167,117
S01010600,713,459,254
S01010601,657,404,253
S01010602,444,225,219
S01010603,678,421,257
S01010604,691,475,216
S01010605,843,558,285
S01010606,806,402,404
S01010607,834,515,319
S01010608,570,249,321
S01010609,452,215,237
S01010610,700,389,311
S01010611,1027,459,568
S01010612,635,376,259
S01010613,666,344,322
S01010614,557,239,318
S01010615,682,271,411
S01010616,1016,551,465
S01010617,832,530,302
S01010618,875,504,371
S01010619,591,196,395
S01010620,342,62,280
S01010621,884,432,452
S01010622,543,195,348
S01010623,613,448,165
S01010624,697,286,411
S01010625,679,421,258
S01010626,855,474,381
S01010627,851,337,514
S01010628,1032,354,678
S01010629,1043,497,546
S01010630,587,261,326
S01010631,629,251,378
S01010632,772,314,458
S01010633,724,327,397
S01010634,527,241,286
S01010635,649,279,370
S01010636,798,387,411
S01010637,747,240,507
S01010638,799,350,449
S01010639,940,311,629
S01010640,663,227,436
S01010641,907,220,687
S01010642,752,243,509
S01010643,481,136,345
S01010644,587,128,459
S01010645,633,340,293
S01010646,665,425,240
S01010647,592,304,288
S01010648,816,385,431
S01010649,616,333,283
S01010650,521,213,308
S01010651,604,296,308
S01010652,581,322,259
S01010653,637,324,313
S01010654,668,287,381
S01010655,695,418,277
S01010656,497,287,210
S01010657,612,394,218
S01010658,803,399,404
S01010659,533,352,181
S01010660,564,301,263
S01010661,615,310,305
S01010662,561,363,198
S01010663,879,556,323
S01010664,466,314,152
S01010665,690,386,304
S01010666,871,496,375
S01010667,522,322,200
S01010668,905,549,356
S01010669,478,279,199
S01010670,722,402,320
S01010671,611,372,239
S01010672,1110,566,544
S01010673,897,441,456
S01010674,905,460,445
S01010675,720,409,311
S01010676,852,445,407
S01010677,385,247,138
S01010678,714,401,313
S01010679,1215,600,615
S01010680,621,296,325
S01010681,743,361,382
S01010682,865,485,380
S01010683,732,378,354
S01010684,846,508,338
S01010685,609,354,255
S01010686,520,292,228
S01010687,834,470,364
S01010688,682,367,315
S01010689,858,508,350
S01010690,707,355,352
S01010691,658,381,277
S01010692,474,217,257
S01010693,329,197,132
S01010694,668,361,307
S01010695,553,311,242
S01010696,768,416,352
S01010697,813,469,344
S01010698,534,296,238
S01010699,419,241,178
S01010700,473,304,169
S01010701,937,510,427
S01010702,833,479,354
S01010703,668,476,192
S01010704,886,505,381
S01010705,813,479,334
S01010706,455,236,219
S01010707,534,357,177
S01010708,832,477,355
S01010709,706,436,270
S01010710,725,375,350
S01010711,515,351,164
S01010712,563,289,274
S01010713,792,391,401
S01010714,678,279,399
S01010715,683,329,354
S01010716,689,307,382
S01010717,865,537,328
S01010718,662,356,306
S01010719,692,402,290
S01010720,674,419,255
S01010721,637,356,281
S01010722,861,488,373
S01010723,750,487,263
S01010724,599,384,215
S01010725,617,398,219
S01010726,866,559,307
S01010727,503,341,162
S01010728,591,397,194
S01010729,654,399,255
S01010730,622,365,257
S01010731,701,375,326
S01010732,655,311,344
S01010733,697,296,401
S01010734,684,300,384
S01010735,641,305,336
S01010736,319,219,100
S01010737,673,334,339
S01010738,782,444,338
S01010739,590,321,269
S01010740,575,226,349
S01010741,562,321,241
S01010742,643,337,306
S01010743,689,327,362
S01010744,905,486,419
S01010745,560,240,320
S01010746,706,430,276
S01010747,795,396,399
S01010748,423,244,179
S01010749,540,342,198
S01010750,508,325,183
S01010751,844,457,387
S01010752,797,419,378
S01010753,877,469,408
S01010754,759,398,361
S01010755,706,330,376
S01010756,712,453,259
S01010757,700,375,325
S01010758,464,270,194
S01010759,527,262,265
S01010760,644,385,259
S01010761,430,263,167
S01010762,500,286,214
S01010763,757,378,379
S01010764,460,269,191
S01010765,949,530,419
S01010766,610,352,258
S01010767,463,228,235
S01010768,591,330,261
S01010769,380,241,139
S01010770,711,397,314
S01010771,858,460,398
S01010772,663,316,347
S01010773,542,301,241
S01010774,1004,533,471
S01010775,444,276,168
S01010776,694,321,373
S01010777,490,193,297
S01010778,600,234,366
S01010779,672,318,354
S01010780,533,294,239
S01010781,725,394,331
S01010782,558,282,276
S01010783,737,363,374
S01010784,959,477,482
S01010785,688,434,254
S01010786,417,237,180
S01010787,666,408,258
S01010788,483,288,195
S01010789,648,387,261
S01010790,621,383,238
S01010791,751,473,278
S01010792,861,471,390
S01010793,412,266,146
S01010794,286,163,123
S01010795,981,572,409
S01010796,999,599,400
S01010797,435,267,168
S01010798,532,316,216
S01010799,848,396,452
S01010800,736,368,368
S01010801,720,385,335
S01010802,523,300,223
S01010803,460,200,260
S01010804,657,381,276
S01010805,1000,586,414
S01010806,709,298,411
S01010807,444,274,170
S01010808,443,306,137
S01010809,634,367,267
S01010810,430,184,246
S01010811,772,462,310
S01010812,418,218,200
S01010813,717,393,324
S01010814,611,351,260
S01010815,526,299,227
S01010816,638,397,241
S01010817,1001,678,323
S01010818,1085,603,482
S01010819,766,453,313
S01010820,992,539,453
S01010821,706,491,215
S01010822,452,210,242
S01010823,460,164,296
S01010824,451,339,112
S01010825,775,422,353
S01010826,591,376,215
S01010827,541,353,188
S01010828,858,600,258
S01010829,645,384,261
S01010830,464,300,164
S01010831,233,186,47
S01010832,588,360,228
S01010833,717,490,227
S01010834,1091,731,360
S01010835,657,443,214
S01010836,835,430,405
S01010837,787,474,313
S01010838,919,485,434
S01010839,759,420,339
S01010840,589,249,340
S01010841,979,388,591
S01010842,899,252,647
S01010843,686,271,415
S01010844,724,423,301
S01010845,526,333,193
S01010846,751,376,375
S01010847,663,434,229
S01010848,803,317,486
S01010849,764,334,430
S01010850,731,305,426
S01010851,777,343,434
S01010852,752,366,386
S01010853,899,459,440
S01010854,476,183,293
S01010855,457,225,232
S01010856,745,344,401
S01010857,697,411,286
S01010858,921,424,497
S01010859,745,335,410
S01010860,729,376,353
S01010861,774,291,483
S01010862,555,192,363
S01010863,747,398,349
S01010864,554,379,175
S01010865,616,369,247
S01010866,819,455,364
S01010867,702,390,312
S01010868,743,374,369
S01010869,961,623,338
S01010870,676,315,361
S01010871,662,301,361
S01010872,700,290,410
S01010873,702,216,486
S01010874,745,417,328
S01010875,516,246,270
S01010876,582,218,364
S01010877,1074,454,620
S01010878,1091,486,605
S01010879,878,476,402
S01010880,524,229,295
S01010881,719,391,328
S01010882,754,372,382
S01010883,880,500,380
S01010884,1027,443,584
S01010885,1167,388,779
S01010886,628,232,396
S01010887,551,216,335
S01010888,882,373,509
S01010889,755,227,528
S01010890,811,234,577
S01010891,514,109,405
S01010892,696,212,484
S01010893,650,214,436
S01010894,400,119,281
S01010895,484,188,296
S01010896,915,352,563
S01010897,534,181,353
S01010898,966,421,545
S01010899,566,343,223
S01010900,772,382,390
S01010901,388,129,259
S01010902,786,378,408
S01010903,611,237,374
S01010904,451,167,284
S01010905,364,153,211
S01010906,612,234,378
S01010907,74,42,32
S01010908,544,266,278
S01010909,823,414,409
S01010910,642,224,418
S01010911,792,265,527
S01010912,715,227,488
S01010913,542,285,257
S01010914,862,420,442
S01010915,822,467,355
S01010916,679,262,417
S01010917,708,289,419
S01010918,1099,528,571
S01010919,771,367,404
S01010920,556,187,369
S01010921,670,298,372
S01010922,802,369,433
S01010923,990,462,528
S01010924,621,318,303
S01010925,687,331,356
S01010926,826,469,357
S01010927,774,359,415
S01010928,677,303,374
S01010929,810,348,462
S01010930,511,329,182
S01010931,379,219,160
S01010932,835,398,437
S01010933,294,159,135
S01010934,853,490,363
S01010935,684,419,265
S01010936,575,241,334
S01010937,668,425,243
S01010938,766,337,429
S01010939,620,394,226
S01010940,591,423,168
S01010941,1079,749,330
S01010942,582,419,163
S01010943,677,320,357
S01010944,720,305,415
S01010945,478,271,207
S01010946,895,454,441
S01010947,667,345,322
S01010948,575,310,265
S01010949,923,589,334
S01010950,718,409,309
S01010951,606,362,244
S01010952,615,365,250
S01010953,567,315,252
S01010954,737,416,321
S01010955,621,326,295
S01010956,670,388,282
S01010957,499,347,152
S01010958,539,353,186
S01010959,565,258,307
S01010960,1047,538,509
S01010961,953,506,447
S01010962,609,265,344
S01010963,800,486,314
S01010964,471,321,150
S01010965,856,407,449
S01010966,742,404,338
S01010967,731,362,369
S01010968,765,437,328
S01010969,731,382,349
S01010970,1246,637,609
S01010971,1457,898,559
S01010972,558,305,253
S01010973,531,331,200
S01010974,932,511,421
S01010975,508,262,246
S01010976,630,343,287
S01010977,593,366,227
S01010978,735,368,367
S01010979,686,330,356
S01010980,699,358,341
S01010981,653,336,317
S01010982,1299,712,587
S01010983,1041,591,450
S01010984,963,624,339
S01010985,684,365,319
S01010986,320,205,115
S01010987,306,223,83
S01010988,421,334,87
S01010989,269,176,93
S01010990,601,365,236
S01010991,575,362,213
S01010992,389,225,164
S01010993,557,356,201
S01010994,1040,674,366
S01010995,772,501,271
S01010996,650,400,250
S01010997,868,597,271
S01010998,795,524,271
S01010999,661,423,238
S01011000,1028,541,487
S01011001,580,337,243
S01011002,628,307,321
S01011003,679,356,323
S01011004,676,403,273
S01011005,659,343,316
S01011006,490,314,176
S01011007,760,427,333
S01011008,795,447,348
S01011009,563,305,258
S01011010,827,304,523
S01011011,709,237,472
S01011012,938,421,517
S01011013,780,450,330
S01011014,793,425,368
S01011015,479,299,180
S01011016,300,183,117
S01011017,660,443,217
S01011018,1193,704,489
S01011019,744,468,276
S01011020,306,181,125
S01011021,675,352,323
S01011022,586,287,299
S01011023,684,306,378
S01011024,956,429,527
S01011025,596,297,299
S01011026,462,246,216
S01011027,861,379,482
S01011028,673,373,300
S01011029,633,330,303
S01011030,748,448,300
S01011031,593,327,266
S01011032,758,406,352
S01011033,552,302,250
S01011034,630,330,300
S01011035,493,275,218
S01011036,715,392,323
S01011037,714,358,356
S01011038,791,377,414
S01011039,707,348,359
S01011040,768,392,376
S01011041,527,260,267
S01011042,557,349,208
S01011043,826,469,357
S01011044,653,340,313
S01011045,601,352,249
S01011046,503,316,187
S01011047,809,552,257
S01011048,909,554,355
S01011049,666,388,278
S01011050,666,435,231
S01011051,699,417,282
S01011052,842,488,354
S01011053,543,293,250
S01011054,506,303,203
S01011055,432,276,156
S01011056,463,281,182
S01011057,546,318,228
S01011058,427,303,124
S01011059,539,337,202
S01011060,1008,558,450
S01011061,843,445,398
S01011062,1114,608,506
S01011063,862,455,407
S01011064,1057,598,459
S01011065,685,410,275
S01011066,532,327,205
S01011067,817,440,377
S01011068,610,330,280
S01011069,528,307,221
S01011070,664,418,246
S01011071,746,471,275
S01011072,649,395,254
S01011073,548,333,215
S01011074,527,325,202
S01011075,751,385,366
S01011076,930,501,429
S01011077,802,381,421
S01011078,814,527,287
S01011079,1007,571,436
S01011080,931,539,392
S01011081,692,404,288
S01011082,667,307,360
S01011083,851,515,336
S01011084,625,419,206
S01011085,681,433,248
S01011086,523,349,174
S01011087,718,428,290
S01011088,918,521,397
S01011089,740,473,267
S01011090,567,380,187
S01011091,533,356,177
S01011092,253,206,47
S01011093,696,482,214
S01011094,423,249,174
S01011095,738,471,267
S01011096,900,278,622
S01011097,570,391,179
S01011098,749,466,283
S01011099,674,325,349
S01011100,465,293,172
S01011101,630,320,310
S01011102,633,245,388
S01011103,686,280,406
S01011104,619,295,324
S01011105,666,322,344
S01011106,528,413,115
S01011107,233,143,90
S01011108,570,300,270
S01011109,676,398,278
S01011110,773,368,405
S01011111,915,424,491
S01011112,134,90,44
S01011113,909,534,375
S01011114,927,601,326
S01011115,765,360,405
S01011116,721,456,265
S01011117,760,409,351
S01011118,722,455,267
S01011119,693,436,257
S01011120,915,663,252
S01011121,599,200,399
S01011122,651,322,329
S01011123,990,551,439
S01011124,312,173,139
S01011125,332,147,185
S01011126,596,378,218
S01011127,318,286,32
S01011128,895,504,391
S01011129,688,487,201
S01011130,628,317,311
S01011131,579,320,259
S01011132,657,400,257
S01011133,493,249,244
S01011134,713,346,367
S01011135,840,452,388
S01011136,483,261,222
S01011137,469,254,215
S01011138,405,234,171
S01011139,565,372,193
S01011140,431,226,205
S01011141,1257,494,763
S01011142,1383,465,918
S01011143,943,626,317
S01011144,682,393,289
S01011145,680,441,239
S01011146,496,313,183
S01011147,964,551,413
S01011148,578,341,237
S01011149,665,271,394
S01011150,1008,642,366
S01011151,639,401,238
S01011152,767,364,403
S01011153,729,370,359
S01011154,554,185,369
S01011155,625,310,315
S01011156,782,469,313
S01011157,606,400,206
S01011158,527,367,160
S01011159,525,240,285
S01011160,703,430,273
S01011161,504,258,246
S01011162,579,316,263
S01011163,831,435,396
S01011164,546,327,219
S01011165,730,357,373
S01011166,558,371,187
S01011167,849,533,316
S01011168,662,434,228
S01011169,183,108,75
S01011170,634,400,234
S01011171,865,501,364
S01011172,643,334,309
S01011173,736,413,323
S01011174,858,420,438
S01011175,692,352,340
S01011176,631,367,264
S01011177,929,470,459
S01011178,600,414,186
S01011179,551,285,266
S01011180,699,330,369
S01011181,547,321,226
S01011182,416,274,142
S01011183,615,395,220
S01011184,603,424,179
S01011185,682,450,232
S01011186,993,543,450
S01011187,769,514,255
S01011188,921,503,418
S01011189,702,368,334
S01011190,785,404,381
S01011191,648,334,314
S01011192,740,417,323
S01011193,766,378,388
S01011194,562,262,300
S01011195,784,397,387
S01011196,851,375,476
S01011197,701,339,362
S01011198,602,282,320
S01011199,620,311,309
S01011200,761,432,329
S01011201,496,277,219
S01011202,807,459,348
S01011203,1033,577,456
S01011204,483,328,155
S01011205,158,111,47
S01011206,480,312,168
S01011207,809,481,328
S01011208,699,455,244
S01011209,556,287,269
S01011210,506,315,191
S01011211,762,534,228
S01011212,572,313,259
S01011213,862,447,415
S01011214,847,447,400
S01011215,661,307,354
S01011216,830,345,485
S01011217,984,463,521
S01011218,727,290,437
S01011219,826,396,430
S01011220,846,413,433
S01011221,928,468,460
S01011222,567,300,267
S01011223,797,428,369
S01011224,599,310,289
S01011225,841,371,470
S01011226,836,514,322
S01011227,715,287,428
S01011228,1006,420,586
S01011229,703,295,408
S01011230,1140,445,695
S01011231,892,330,562
S01011232,660,237,423
S01011233,585,308,277
S01011234,885,370,515
S01011235,392,198,194
S01011236,531,240,291
S01011237,737,308,429
S01011238,583,227,356
S01011239,852,271,581
S01011240,949,312,637
S01011241,809,361,448
S01011242,866,432,434
S01011243,695,173,522
S01011244,582,174,408
S01011245,735,326,409
S01011246,584,273,311
S01011247,763,444,319
S01011248,800,489,311
S01011249,682,424,258
S01011250,811,289,522
S01011251,697,321,376
S01011252,620,257,363
S01011253,746,288,458
S01011254,1000,628,372
S01011255,123,90,33
S01011256,120,78,42
S01011257,467,327,140
S01011258,596,355,241
S01011259,731,366,365
S01011260,645,385,260
S01011261,685,306,379
S01011262,547,259,288
S01011263,607,221,386
S01011264,507,225,282
S01011265,796,362,434
S01011266,771,439,332
S01011267,586,336,250
S01011268,493,290,203
S01011269,498,224,274
S01011270,672,279,393
S01011271,797,437,360
S01011272,617,239,378
S01011273,947,433,514
S01011274,809,381,428
S01011275,664,336,328
S01011276,793,394,399
S01011277,609,354,255
S01011278,574,370,204
S01011279,629,364,265
S01011280,617,425,192
S01011281,597,395,202
S01011282,588,372,216
S01011283,402,287,115
S01011284,322,210,112
S01011285,901,389,512
S01011286,549,250,299
S01011287,761,384,377
S01011288,837,428,409
S01011289,709,354,355
S01011290,1109,494,615
S01011291,884,430,454
S01011292,543,202,341
S01011293,771,365,406
S01011294,870,346,524
S01011295,857,526,331
S01011296,627,304,323
S01011297,746,367,379
S01011298,948,519,429
S01011299,408,271,137
S01011300,833,403,430
S01011301,524,346,178
S01011302,891,375,516
S01011303,975,614,361
S01011304,801,464,337
S01011305,438,239,199
S01011306,496,280,216
S01011307,777,453,324
S01011308,492,307,185
S01011309,752,500,252
S01011310,613,338,275
S01011311,932,655,277
S01011312,981,674,307
S01011313,861,455,406
S01011314,706,423,283
S01011315,322,156,166
S01011316,650,346,304
S01011317,863,523,340
S01011318,770,414,356
S01011319,999,638,361
S01011320,637,336,301
S01011321,520,303,217
S01011322,522,308,214
S01011323,835,413,422
S01011324,467,227,240
S01011325,830,260,570
S01011326,971,268,703
S01011327,755,304,451
S01011328,723,368,355
S01011329,844,430,414
S01011330,665,432,233
S01011331,625,426,199
S01011332,877,610,267
S01011333,592,405,187
S01011334,899,507,392
S01011335,780,532,248
S01011336,563,302,261
S01011337,621,383,238
S01011338,546,299,247
S01011339,557,280,277
S01011340,890,420,470
S01011341,603,263,340
S01011342,666,298,368
S01011343,720,306,414
S01011344,688,326,362
S01011345,817,377,440
S01011346,731,384,347
S01011347,921,466,455
S01011348,1011,574,437
S01011349,807,510,297
S01011350,714,457,257
S01011351,660,288,372
S01011352,564,261,303
S01011353,559,290,269
S01011354,727,487,240
S01011355,948,536,412
S01011356,738,438,300
S01011357,1049,701,348
S01011358,389,300,89
S01011359,676,374,302
S01011360,473,124,349
S01011361,391,73,318
S01011362,263,144,119
S01011363,1063,574,489
S01011364,422,245,177
S01011365,490,305,185
S01011366,466,221,245
S01011367,649,329,320
S01011368,71,41,30
S01011369,578,310,268
S01011370,269,125,144
S01011371,1252,512,740
S01011372,877,298,579
S01011373,698,282,416
S01011374,375,228,147
S01011375,507,276,231
S01011376,523,215,308
S01011377,478,282,196
S01011378,879,528,351
S01011379,738,488,250
S01011380,670,303,367
S01011381,616,334,282
S01011382,227,73,154
S01011383,809,247,562
S01011384,573,185,388
S01011385,819,301,518
S01011386,761,291,470
S01011387,670,255,415
S01011388,490,248,242
S01011389,625,263,362
S01011390,905,413,492
S01011391,515,276,239
S01011392,795,378,417
S01011393,721,371,350
S01011394,528,255,273
S01011395,715,287,428
S01011396,855,370,485
S01011397,693,268,425
S01011398,623,273,350
S01011399,409,198,211
S01011400,638,263,375
S01011401,866,435,431
S01011402,910,476,434
S01011403,818,412,406
S01011404,1018,522,496
S01011405,629,355,274
S01011406,624,361,263
S01011407,1104,639,465
S01011408,816,401,415
S01011409,536,204,332
S01011410,708,391,317
S01011411,810,444,366
S01011412,872,572,300
S01011413,457,320,137
S01011414,888,434,454
S01011415,764,379,385
S01011416,761,506,255
S01011417,630,330,300
S01011418,691,323,368
S01011419,597,309,288
S01011420,437,178,259
S01011421,312,165,147
S01011422,384,193,191
S01011423,465,184,281
S01011424,469,239,230
S01011425,631,357,274
S01011426,769,401,368
S01011427,873,431,442
S01011428,749,359,390
S01011429,1034,400,634
S01011430,831,490,341
S01011431,1083,495,588
S01011432,1698,710,988
S01011433,757,318,439
S01011434,859,448,411
S01011435,1058,616,442
S01011436,1010,455,555
S01011437,705,315,390
S01011438,685,306,379
S01011439,954,499,455
S01011440,809,411,398
S01011441,621,293,328
S01011442,590,285,305
S01011443,682,331,351
S01011444,852,438,414
S01011445,576,266,310
S01011446,759,425,334
S01011447,842,379,463
S01011448,1019,542,477
S01011449,547,236,311
S01011450,355,213,142
S01011451,619,378,241
S01011452,771,394,377
S01011453,689,342,347
S01011454,930,449,481
S01011455,924,444,480
S01011456,942,471,471
S01011457,729,352,377
S01011458,554,325,229
S01011459,461,224,237
S01011460,762,379,383
S01011461,700,252,448
S01011462,811,477,334
S01011463,505,280,225
S01011464,217,82,135
S01011465,556,251,305
S01011466,971,509,462
S01011467,302,132,170
S01011468,91,58,33
S01011469,596,273,323
S01011470,839,442,397
S01011471,842,411,431
S01011472,1251,477,774
S01011473,905,355,550
S01011474,969,379,590
S01011475,605,228,377
S01011476,628,437,191
S01011477,767,556,211
S01011478,903,552,351
S01011479,743,441,302
S01011480,849,518,331
S01011481,568,286,282
S01011482,938,447,491
S01011483,717,383,334
S01011484,942,406,536
S01011485,790,374,416
S01011486,457,205,252
S01011487,790,363,427
S01011488,570,274,296
S01011489,476,222,254
S01011490,887,428,459
S01011491,400,112,288
S01011492,748,260,488
S01011493,759,480,279
S01011494,592,278,314
S01011495,943,507,436
S01011496,456,138,318
S01011497,651,397,254
S01011498,458,321,137
S01011499,756,439,317
S01011500,854,427,427
S01011501,591,258,333
S01011502,630,364,266
S01011503,894,470,424
S01011504,533,289,244
S01011505,536,231,305
S01011506,504,257,247
S01011507,691,338,353
S01011508,736,330,406
S01011509,518,268,250
S01011510,757,330,427
S01011511,606,253,353
S01011512,921,370,551
S01011513,756,268,488
S01011514,840,409,431
S01011515,659,327,332
S01011516,745,471,274
S01011517,526,281,245
S01011518,586,299,287
S01011519,644,305,339
S01011520,846,325,521
S01011521,1070,438,632
S01011522,731,265,466
S01011523,1054,499,555
S01011524,705,397,308
S01011525,783,338,445
S01011526,783,418,365
S01011527,807,496,311
S01011528,847,375,472
S01011529,899,370,529
S01011530,1041,532,509
S01011531,966,568,398
S01011532,350,248,102
S01011533,588,228,360
S01011534,644,306,338
S01011535,682,230,452
S01011536,563,346,217
S01011537,718,378,340
S01011538,654,407,247
S01011539,780,343,437
S01011540,871,452,419
S01011541,703,287,416
S01011542,893,441,452
S01011543,667,292,375
S01011544,654,302,352
S01011545,782,375,407
S01011546,510,388,122
S01011547,326,219,107
S01011548,692,360,332
S01011549,838,520,318
S01011550,889,591,298
S01011551,778,435,343
S01011552,814,509,305
S01011553,204,108,96
S01011554,903,470,433
S01011555,644,282,362
S01011556,564,222,342
S01011557,787,390,397
S01011558,682,316,366
S01011559,588,281,307
S01011560,842,388,454
S01011561,626,287,339
S01011562,652,253,399
S01011563,717,271,446
S01011564,631,318,313
S01011565,712,358,354
S01011566,622,255,367
S01011567,748,387,361
S01011568,617,316,301
S01011569,677,334,343
S01011570,866,428,438
S01011571,782,248,534
S01011572,750,269,481
S01011573,540,204,336
S01011574,589,301,288
S01011575,403,188,215
S01011576,728,250,478
S01011577,511,239,272
S01011578,946,404,542
S01011579,789,509,280
S01011580,811,265,546
S01011581,775,325,450
S01011582,1155,624,531
S01011583,857,318,539
S01011584,700,323,377
S01011585,1029,474,555
S01011586,598,274,324
S01011587,609,276,333
S01011588,749,375,374
S01011589,869,438,431
S01011590,927,444,483
S01011591,754,321,433
S01011592,670,294,376
S01011593,517,273,244
S01011594,598,296,302
S01011595,830,401,429
S01011596,1121,531,590
S01011597,677,328,349
S01011598,789,169,620
S01011599,784,389,395
S01011600,663,297,366
S01011601,621,413,208
S01011602,574,239,335
S01011603,909,383,526
S01011604,526,246,280
S01011605,748,404,344
S01011606,300,195,105
S01011607,672,403,269
S01011608,666,366,300
S01011609,763,246,517
S01011610,772,321,451
S01011611,563,305,258
S01011612,206,109,97
S01011613,827,566,261
S01011614,382,223,159
S01011615,688,354,334
S01011616,487,223,264
S01011617,894,434,460
S01011618,685,353,332
S01011619,601,388,213
S01011620,522,359,163
S01011621,683,382,301
S01011622,143,80,63
S01011623,777,433,344
S01011624,644,325,319
S01011625,454,239,215
S01011626,854,601,253
S01011627,462,323,139
S01011628,1094,769,325
S01011629,653,301,352
S01011630,547,275,272
S01011631,682,283,399
S01011632,828,377,451
S01011633,931,458,473
S01011634,683,352,331
S01011635,518,263,255
S01011636,677,294,383
S01011637,611,283,328
S01011638,631,268,363
S01011639,487,202,285
S01011640,833,400,433
S01011641,814,543,271
S01011642,725,409,316
S01011643,463,200,263
S01011644,748,398,350
S01011645,546,288,258
S01011646,765,520,245
S01011647,824,542,282
S01011648,341,151,190
S01011649,330,140,190
S01011650,971,533,438
S01011651,667,351,316
S01011652,732,423,309
S01011653,923,432,491
S01011654,931,376,555
S01011655,718,262,456
S01011656,573,217,356
S01011657,478,173,305
S01011658,880,401,479
S01011659,832,417,415
S01011660,975,601,374
S01011661,884,482,402
S01011662,367,243,124
S01011663,681,274,407
S01011664,901,437,464
S01011665,914,422,492
S01011666,868,358,510
S01011667,897,362,535
S01011668,1228,486,742
S01011669,812,412,400
S01011670,719,314,405
S01011671,662,347,315
S01011672,684,367,317
S01011673,647,298,349
S01011674,686,358,328
S01011675,855,418,437
S01011676,661,311,350
S01011677,119,50,69
S01011678,419,183,236
S01011679,502,258,244
S01011680,990,476,514
S01011681,607,326,281
S01011682,647,391,256
S01011683,680,392,288
S01011684,581,338,243
S01011685,231,107,124
S01011686,776,474,302
S01011687,804,421,383
S01011688,828,493,335
S01011689,428,266,162
S01011690,675,391,284
S01011691,263,164,99
S01011692,1023,484,539
S01011693,790,430,360
S01011694,96,46,50
S01011695,787,461,326
S01011696,127,69,58
S01011697,377,165,212
S01011698,605,293,312
S01011699,728,451,277
S01011700,746,412,334
S01011701,696,439,257
S01011702,726,417,309
S01011703,637,376,261
S01011704,635,396,239
S01011705,704,382,322
S01011706,792,414,378
S01011707,568,358,210
S01011708,892,451,441
S01011709,926,482,444
S01011710,526,228,298
S01011711,972,413,559
S01011712,517,181,336
S01011713,1058,591,467
S01011714,363,208,155
S01011715,864,430,434
S01011716,753,483,270
S01011717,732,464,268
S01011718,194,114,80
S01011719,574,371,203
S01011720,587,361,226
S01011721,667,395,272
S01011722,1198,667,531
S01011723,798,453,345
S01011724,487,249,238
S01011725,464,306,158
S01011726,442,307,135
S01011727,196,110,86
S01011728,825,425,400
S01011729,1014,492,522
S01011730,860,511,349
S01011731,988,555,433
S01011732,818,539,279
S01011733,754,417,337
S01011734,771,462,309
S01011735,674,435,239
S01011736,936,519,417
S01011737,821,413,408
S01011738,691,300,391
S01011739,506,305,201
S01011740,514,244,270
S01011741,803,343,460
S01011742,719,375,344
S01011743,619,304,315
S01011744,660,296,364
S01011745,910,441,469
S01011746,693,309,384
S01011747,814,364,450
S01011748,755,281,474
S01011749,650,227,423
S01011750,687,356,331
S01011751,915,260,655
S01011752,896,401,495
S01011753,746,409,337
S01011754,792,443,349
S01011755,799,363,436
S01011756,943,405,538
S01011757,778,333,445
S01011758,527,289,238
S01011759,759,443,316
S01011760,771,367,404
S01011761,496,223,273
S01011762,750,330,420
S01011763,722,407,315
S01011764,315,197,118
S01011765,1007,688,319
S01011766,598,402,196
S01011767,1056,575,481
S01011768,729,328,401
S01011769,789,318,471
S01011770,809,402,407
S01011771,502,346,156
S01011772,824,628,196
S01011773,402,290,112
S01011774,575,355,220
S01011775,570,378,192
S01011776,320,228,92
S01011777,462,286,176
S01011778,475,304,171
S01011779,588,408,180
S01011780,566,406,160
S01011781,728,471,257
S01011782,658,444,214
S01011783,462,292,170
S01011784,739,346,393
S01011785,938,456,482
S01011786,153,113,40
S01011787,875,406,469
S01011788,338,256,82
S01011789,970,606,364
S01011790,936,503,433
S01011791,640,297,343
S01011792,806,354,452
S01011793,596,303,293
S01011794,695,300,395
S01011795,624,325,299
S01011796,695,250,445
S01011797,736,495,241
S01011798,466,249,217
S01011799,903,580,323
S01011800,610,351,259
S01011801,526,233,293
S01011802,627,323,304
S01011803,521,275,246
S01011804,792,374,418
S01011805,768,366,402
S01011806,900,510,390
S01011807,765,446,319
S01011808,699,421,278
S01011809,467,294,173
S01011810,839,485,354
S01011811,713,437,276
S01011812,775,477,298
S01011813,648,410,238
S01011814,466,291,175
S01011815,392,255,137
S01011816,512,355,157
S01011817,515,344,171
S01011818,1018,610,408
S01011819,1048,548,500
S01011820,636,332,304
S01011821,371,148,223
S01011822,689,260,429
S01011823,524,277,247
S01011824,781,395,386
S01011825,464,214,250
S01011826,576,288,288
S01011827,480,243,237
S01011828,700,405,295
S01011829,366,204,162
S01011830,668,380,288
S01011831,819,457,362
S01011832,621,353,268
S01011833,680,472,208
S01011834,491,340,151
S01011835,447,294,153
S01011836,866,576,290
S01011837,657,413,244
S01011838,913,638,275
S01011839,933,638,295
S01011840,964,613,351
S01011841,1102,592,510
S01011842,1106,586,520
S01011843,975,647,328
S01011844,745,474,271
S01011845,628,371,257
S01011846,702,436,266
S01011847,341,244,97
S01011848,610,401,209
S01011849,570,357,213
S01011850,839,443,396
S01011851,662,355,307
S01011852,789,418,371
S01011853,705,391,314
S01011854,878,537,341
S01011855,962,507,455
S01011856,609,455,154
S01011857,860,485,375
S01011858,726,478,248
S01011859,883,498,385
S01011860,545,373,172
S01011861,623,383,240
S01011862,780,502,278
S01011863,897,464,433
S01011864,668,443,225
S01011865,588,353,235
S01011866,897,488,409
S01011867,783,346,437
S01011868,704,358,346
S01011869,625,273,352
S01011870,555,300,255
S01011871,740,456,284
S01011872,668,412,256
S01011873,570,337,233
S01011874,677,408,269
S01011875,904,507,397
S01011876,786,492,294
S01011877,645,389,256
S01011878,1156,649,507
S01011879,597,377,220
S01011880,764,496,268
S01011881,643,340,303
S01011882,770,447,323
S01011883,1367,717,650
S01011884,300,197,103
S01011885,361,201,160
S01011886,727,445,282
S01011887,588,304,284
S01011888,1002,408,594
S01011889,839,471,368
S01011890,723,390,333
S01011891,881,249,632
S01011892,925,386,539
S01011893,850,382,468
S01011894,588,303,285
S01011895,948,570,378
S01011896,812,415,397
S01011897,894,558,336
S01011898,619,365,254
S01011899,874,583,291
S01011900,578,402,176
S01011901,670,426,244
S01011902,986,670,316
S01011903,826,591,235
S01011904,841,552,289
S01011905,625,426,199
S01011906,294,193,101
S01011907,687,431,256
S01011908,457,298,159
S01011909,393,233,160
S01011910,923,394,529
S01011911,618,352,266
S01011912,657,280,377
S01011913,677,270,407
S01011914,710,223,487
S01011915,702,357,345
S01011916,717,362,355
S01011917,525,275,250
S01011918,662,229,433
S01011919,680,308,372
S01011920,554,254,300
S01011921,493,191,302
S01011922,705,327,378
S01011923,641,280,361
S01011924,741,375,366
S01011925,176,73,103
S01011926,674,306,368
S01011927,503,227,276
S01011928,729,360,369
S01011929,585,274,311
S01011930,608,259,349
S01011931,544,176,368
S01011932,327,118,209
S01011933,890,334,556
S01011934,684,329,355
S01011935,854,281,573
S01011936,657,227,430
S01011937,319,86,233
S01011938,413,134,279
S01011939,741,177,564
S01011940,750,156,594
S01011941,804,156,648
S01011942,654,146,508
S01011943,1097,292,805
S01011944,399,260,139
S01011945,1204,778,426
S01011946,713,346,367
S01011947,563,376,187
S01011948,819,398,421
S01011949,879,617,262
S01011950,847,534,313
S01011951,677,401,276
S01011952,346,210,136
S01011953,795,499,296
S01011954,518,273,245
S01011955,899,471,428
S01011956,587,373,214
S01011957,662,384,278
S01011958,1223,732,491
S01011959,785,477,308
S01011960,583,356,227
S01011961,854,532,322
S01011962,482,316,166
S01011963,494,286,208
S01011964,820,477,343
S01011965,825,529,296
S01011966,608,396,212
S01011967,834,474,360
S01011968,1013,559,454
S01011969,1374,711,663
S01011970,1286,662,624
S01011971,489,304,185
S01011972,1353,845,508
S01011973,481,290,191
S01011974,568,375,193
S01011975,356,213,143
S01011976,737,444,293
S01011977,982,556,426
S01011978,1007,561,446
S01011979,787,460,327
S01011980,375,242,133
S01011981,912,539,373
S01011982,1236,718,518
S01011983,1045,644,401
S01011984,486,207,279
S01011985,564,300,264
S01011986,784,370,414
S01011987,825,443,382
S01011988,625,381,244
S01011989,623,397,226
S01011990,647,442,205
S01011991,793,462,331
S01011992,769,403,366
S01011993,785,303,482
S01011994,692,484,208
S01011995,584,376,208
S01011996,637,372,265
S01011997,951,555,396
S01011998,548,345,203
S01011999,529,307,222
S01012000,460,284,176
S01012001,665,381,284
S01012002,661,429,232
S01012003,719,433,286
S01012004,972,583,389
S01012005,605,383,222
S01012006,822,405,417
S01012007,782,411,371
S01012008,1080,550,530
S01012009,538,296,242
S01012010,1206,666,540
S01012011,1148,613,535
S01012012,590,359,231
S01012013,668,417,251
S01012014,1384,735,649
S01012015,966,535,431
S01012016,603,361,242
S01012017,556,279,277
S01012018,706,438,268
S01012019,546,301,245
S01012020,836,440,396
S01012021,694,423,271
S01012022,887,490,397
S01012023,529,332,197
S01012024,879,549,330
S01012025,590,380,210
S01012026,405,244,161
S01012027,1171,528,643
S01012028,841,585,256
S01012029,916,459,457
S01012030,1273,663,610
S01012031,766,386,380
S01012032,337,217,120
S01012033,801,439,362
S01012034,768,421,347
S01012035,981,591,390
S01012036,1033,630,403
S01012037,987,524,463
S01012038,774,256,518
S01012039,874,488,386
S01012040,514,338,176
S01012041,1018,557,461
S01012042,823,451,372
S01012043,659,281,378
S01012044,835,373,462
S01012045,1108,399,709
S01012046,788,320,468
S01012047,891,362,529
S01012048,572,200,372
S01012049,608,313,295
S01012050,731,478,253
S01012051,456,235,221
S01012052,751,387,364
S01012053,796,362,434
S01012054,936,354,582
S01012055,746,362,384
S01012056,789,434,355
S01012057,679,433,246
S01012058,637,408,229
S01012059,838,432,406
S01012060,746,354,392
S01012061,892,500,392
S01012062,737,417,320
S01012063,532,265,267
S01012064,501,179,322
S01012065,487,122,365
S01012066,662,258,404
S01012067,479,127,352
S01012068,552,176,376
S01012069,511,147,364
S01012070,795,189,606
S01012071,740,158,582
S01012072,885,311,574
S01012073,492,218,274
S01012074,529,263,266
S01012075,803,495,308
S01012076,802,400,402
S01012077,636,280,356
S01012078,608,333,275
S01012079,812,349,463
S01012080,760,284,476
S01012081,613,213,400
S01012082,786,372,414
S01012083,931,381,550
S01012084,570,363,207
S01012085,708,429,279
S01012086,778,356,422
S01012087,708,405,303
S01012088,441,266,175
S01012089,744,442,302
S01012090,994,639,355
S01012091,708,449,259
S01012092,566,368,198
S01012093,511,288,223
S01012094,835,493,342
S01012095,911,499,412
S01012096,728,340,388
S01012097,555,284,271
S01012098,764,370,394
S01012099,915,360,555
S01012100,1178,625,553
S01012101,759,475,284
S01012102,717,282,435
S01012103,882,466,416
S01012104,682,491,191
S01012105,830,489,341
S01012106,838,402,436
S01012107,673,384,289
S01012108,1077,431,646
S01012109,879,211,668
S01012110,829,325,504
S01012111,1050,408,642
S01012112,957,501,456
S01012113,914,509,405
S01012114,1153,538,615
S01012115,611,331,280
S01012116,572,310,262
S01012117,580,185,395
S01012118,832,366,466
S01012119,805,559,246
S01012120,506,205,301
S01012121,729,351,378
S01012122,794,394,400
S01012123,632,299,333
S01012124,572,273,299
S01012125,798,197,601
S01012126,481,152,329
S01012127,691,171,520
S01012128,361,66,295
S01012129,845,268,577
S01012130,1011,327,684
S01012131,1128,345,783
S01012132,727,198,529
S01012133,887,248,639
S01012134,1059,420,639
S01012135,1031,288,743
S01012136,695,149,546
S01012137,727,210,517
S01012138,958,418,540
S01012139,851,403,448
S01012140,779,480,299
S01012141,1028,654,374
S01012142,802,528,274
S01012143,1052,696,356
S01012144,878,573,305
S01012145,964,659,305
S01012146,865,340,525
S01012147,752,275,477
S01012148,593,213,380
S01012149,670,309,361
S01012150,691,305,386
S01012151,942,436,506
S01012152,780,304,476
S01012153,315,102,213
S01012154,537,132,405
S01012155,712,213,499
S01012156,1053,357,696
S01012157,769,324,445
S01012158,732,317,415
S01012159,489,330,159
S01012160,832,519,313
S01012161,397,130,267
S01012162,541,115,426
S01012163,475,209,266
S01012164,314,203,111
S01012165,729,231,498
S01012166,660,273,387
S01012167,538,209,329
S01012168,957,541,416
S01012169,803,382,421
S01012170,1162,597,565
S01012171,1047,530,517
S01012172,859,446,413
S01012173,666,469,197
S01012174,878,565,313
S01012175,919,515,404
S01012176,1191,682,509
S01012177,762,511,251
S01012178,876,562,314
S01012179,669,323,346
S01012180,633,316,317
S01012181,1016,444,572
S01012182,554,308,246
S01012183,512,170,342
S01012184,108,33,75
S01012185,629,151,478
S01012186,764,370,394
S01012187,771,310,461
S01012188,583,376,207
S01012189,571,329,242
S01012190,263,146,117
S01012191,914,605,309
S01012192,412,300,112
S01012193,550,396,154
S01012194,593,452,141
S01012195,738,470,268
S01012196,425,253,172
S01012197,909,451,458
S01012198,895,455,440
S01012199,780,435,345
S01012200,559,301,258
S01012201,923,511,412
S01012202,478,287,191
S01012203,819,567,252
S01012204,615,438,177
S01012205,772,474,298
S01012206,786,487,299
S01012207,1006,562,444
S01012208,1147,629,518
S01012209,880,452,428
S01012210,613,300,313
S01012211,950,548,402
S01012212,1050,690,360
S01012213,1127,670,457
S01012214,707,464,243
S01012215,893,572,321
S01012216,1050,710,340
S01012217,440,168,272
S01012218,569,237,332
S01012219,772,409,363
S01012220,701,297,404
S01012221,707,342,365
S01012222,988,469,519
S01012223,618,290,328
S01012224,904,463,441
S01012225,896,476,420
S01012226,711,406,305
S01012227,750,429,321
S01012228,649,364,285
S01012229,690,408,282
S01012230,861,543,318
S01012231,642,447,195
S01012232,914,634,280
S01012233,703,503,200
S01012234,1023,679,344
S01012235,689,457,232
S01012236,785,420,365
S01012237,680,485,195
S01012238,497,207,290
S01012239,488,211,277
S01012240,628,360,268
S01012241,574,377,197
S01012242,715,516,199
S01012243,777,557,220
S01012244,829,511,318
S01012245,1099,671,428
S01012246,721,494,227
S01012247,588,354,234
S01012248,622,414,208
S01012249,789,495,294
S01012250,693,436,257
S01012251,948,449,499
S01012252,969,479,490
S01012253,859,343,516
S01012254,737,414,323
S01012255,690,333,357
S01012256,644,436,208
S01012257,902,561,341
S01012258,905,657,248
S01012259,737,517,220
S01012260,742,430,312
S01012261,379,267,112
S01012262,777,456,321
S01012263,586,285,301
S01012264,257,128,129
S01012265,985,560,425
S01012266,853,463,390
S01012267,668,362,306
S01012268,942,527,415
S01012269,763,475,288
S01012270,694,382,312
S01012271,868,544,324
S01012272,583,349,234
S01012273,534,379,155
S01012274,903,460,443
S01012275,573,187,386
S01012276,1231,575,656
S01012277,939,464,475
S01012278,1103,416,687
S01012279,931,403,528
S01012280,880,449,431
S01012281,827,387,440
S01012282,973,505,468
S01012283,745,432,313
S01012284,681,303,378
S01012285,605,374,231
S01012286,877,445,432
S01012287,1054,354,700
S01012288,800,334,466
S01012289,777,472,305
S01012290,518,280,238
S01012291,651,384,267
S01012292,943,530,413
S01012293,486,300,186
S01012294,798,458,340
S01012295,229,113,116
S01012296,457,290,167
S01012297,437,288,149
S01012298,706,400,306
S01012299,438,271,167
S01012300,952,559,393
S01012301,771,490,281
S01012302,565,343,222
S01012303,685,411,274
S01012304,897,548,349
S01012305,740,450,290
S01012306,735,387,348
S01012307,784,406,378
S01012308,635,403,232
S01012309,829,505,324
S01012310,1171,698,473
S01012311,795,472,323
S01012312,837,515,322
S01012313,662,431,231
S01012314,712,391,321
S01012315,632,333,299
S01012316,565,282,283
S01012317,353,226,127
S01012318,668,404,264
S01012319,612,370,242
S01012320,599,355,244
S01012321,641,403,238
S01012322,881,564,317
S01012323,753,506,247
S01012324,794,475,319
S01012325,538,294,244
S01012326,817,402,415
S01012327,853,486,367
S01012328,731,413,318
S01012329,821,500,321
S01012330,589,393,196
S01012331,667,458,209
S01012332,774,510,264
S01012333,759,497,262
S01012334,821,500,321
S01012335,1193,749,444
S01012336,780,418,362
S01012337,892,415,477
S01012338,617,270,347
S01012339,708,318,390
S01012340,563,353,210
S01012341,658,435,223
S01012342,735,450,285
S01012343,718,455,263
S01012344,726,392,334
S01012345,587,324,263
S01012346,719,432,287
S01012347,585,327,258
S01012348,734,443,291
S01012349,960,600,360
S01012350,929,526,403
S01012351,771,424,347
S01012352,912,524,388
S01012353,717,307,410
S01012354,775,433,342
S01012355,757,490,267
S01012356,892,519,373
S01012357,784,492,292
S01012358,703,456,247
S01012359,754,360,394
S01012360,565,240,325
S01012361,700,312,388
S01012362,766,332,434
S01012363,1086,443,643
S01012364,718,337,381
S01012365,1062,669,393
S01012366,825,388,437
S01012367,940,606,334
S01012368,790,478,312
S01012369,1014,587,427
S01012370,1083,542,541
S01012371,1046,464,582
S01012372,924,408,516
S01012373,1045,649,396
S01012374,784,446,338
S01012375,1042,553,489
S01012376,676,428,248
S01012377,570,331,239
S01012378,605,424,181
S01012379,447,284,163
S01012380,1118,592,526
S01012381,929,507,422
S01012382,910,591,319
S01012383,980,569,411
S01012384,449,221,228
S01012385,634,351,283
S01012386,885,431,454
S01012387,736,421,315
S01012388,535,308,227
S01012389,592,342,250
S01012390,503,284,219
S01012391,692,446,246
S01012392,458,280,178
S01012393,877,545,332
S01012394,819,350,469
S01012395,674,335,339
S01012396,739,313,426
S01012397,699,357,342
S01012398,859,335,524
S01012399,725,312,413
S01012400,717,276,441
S01012401,761,305,456
S01012402,266,165,101
S01012403,794,477,317
S01012404,921,445,476
S01012405,463,276,187
S01012406,518,301,217
S01012407,697,386,311
S01012408,589,335,254
S01012409,813,460,353
S01012410,960,521,439
S01012411,980,533,447
S01012412,527,273,254
S01012413,852,485,367
S01012414,642,358,284
S01012415,596,362,234
S01012416,408,254,154
S01012417,526,306,220
S01012418,734,455,279
S01012419,917,540,377
S01012420,887,485,402
S01012421,859,475,384
S01012422,1099,614,485
S01012423,888,516,372
S01012424,702,345,357
S01012425,524,219,305
S01012426,514,247,267
S01012427,670,318,352
S01012428,736,439,297
S01012429,428,239,189
S01012430,870,430,440
S01012431,957,500,457
S01012432,720,411,309
S01012433,770,374,396
S01012434,670,323,347
S01012435,746,343,403
S01012436,768,391,377
S01012437,656,358,298
S01012438,481,221,260
S01012439,762,401,361
S01012440,448,302,146
S01012441,812,523,289
S01012442,575,337,238
S01012443,543,309,234
S01012444,963,580,383
S01012445,90,70,20
S01012446,587,297,290
S01012447,766,523,243
S01012448,377,263,114
S01012449,475,285,190
S01012450,656,424,232
S01012451,830,499,331
S01012452,594,399,195
S01012453,754,536,218
S01012454,980,665,315
S01012455,513,383,130
S01012456,895,633,262
S01012457,902,675,227
S01012458,726,526,200
S01012459,706,473,233
S01012460,728,508,220
S01012461,601,344,257
S01012462,775,379,396
S01012463,843,321,522
S01012464,526,242,284
S01012465,837,392,445
S01012466,891,512,379
S01012467,1063,550,513
S01012468,719,409,310
S01012469,921,558,363
S01012470,866,445,421
S01012471,666,468,198
S01012472,713,496,217
S01012473,563,394,169
S01012474,692,355,337
S01012475,611,416,195
S01012476,937,525,412
S01012477,705,460,245
S01012478,693,359,334
S01012479,861,595,266
S01012480,155,56,99
S01012481,672,212,460
S01012482,734,301,433
S01012483,685,225,460
S01012484,1029,594,435
S01012485,1294,647,647
S01012486,804,407,397
S01012487,524,236,288
S01012488,847,435,412
S01012489,905,278,627
S01012490,914,222,692
S01012491,571,151,420
S01012492,851,216,635
S01012493,726,328,398
S01012494,1236,603,633
S01012495,927,471,456
S01012496,680,343,337
S01012497,538,214,324
S01012498,705,298,407
S01012499,861,426,435
S01012500,487,221,266
S01012501,686,223,463
S01012502,701,225,476
S01012503,569,248,321
S01012504,496,240,256
S01012505,875,409,466
S01012506,413,219,194
S01012507,819,411,408
S01012508,692,341,351
S01012509,483,273,210
S01012510,872,532,340
S01012511,674,345,329
S01012512,723,330,393
S01012513,459,288,171
S01012514,593,351,242
S01012515,678,302,376
S01012516,508,288,220
S01012517,738,389,349
S01012518,701,386,315
S01012519,699,311,388
S01012520,693,414,279
S01012521,671,315,356
S01012522,775,494,281
S01012523,930,583,347
S01012524,944,537,407
S01012525,880,525,355
S01012526,798,504,294
S01012527,597,363,234
S01012528,655,326,329
S01012529,803,466,337
S01012530,960,602,358
S01012531,698,415,283
S01012532,898,488,410
S01012533,713,319,394
S01012534,794,371,423
S01012535,771,415,356
S01012536,693,368,325
S01012537,987,437,550
S01012538,839,400,439
S01012539,698,388,310
S01012540,850,434,416
S01012541,797,445,352
S01012542,1007,569,438
S01012543,558,333,225
S01012544,490,268,222
S01012545,441,227,214
S01012546,767,440,327
S01012547,645,448,197
S01012548,713,446,267
S01012549,716,342,374
S01012550,850,474,376
S01012551,971,680,291
S01012552,770,522,248
S01012553,644,364,280
S01012554,565,402,163
S01012555,449,315,134
S01012556,494,341,153
S01012557,709,505,204
S01012558,665,346,319
S01012559,766,379,387
S01012560,923,514,409
S01012561,998,538,460
S01012562,850,333,517
S01012563,677,465,212
S01012564,739,491,248
S01012565,787,441,346
S01012566,755,258,497
S01012567,872,317,555
S01012568,871,608,263
S01012569,645,414,231
S01012570,659,409,250
S01012571,623,322,301
S01012572,476,297,179
S01012573,683,458,225
S01012574,984,608,376
S01012575,667,426,241
S01012576,794,460,334
S01012577,799,475,324
S01012578,1165,633,532
S01012579,580,361,219
S01012580,588,352,236
S01012581,1077,417,660
S01012582,599,341,258
S01012583,605,329,276
S01012584,523,319,204
S01012585,1117,588,529
S01012586,814,390,424
S01012587,624,420,204
S01012588,544,341,203
S01012589,678,403,275
S01012590,857,498,359
S01012591,927,509,418
S01012592,349,218,131
S01012593,717,495,222
S01012594,604,378,226
S01012595,748,416,332
S01012596,552,276,276
S01012597,281,145,136
S01012598,617,360,257
S01012599,610,324,286
S01012600,580,333,247
S01012601,685,447,238
S01012602,670,255,415
S01012603,607,300,307
S01012604,727,412,315
S01012605,590,342,248
S01012606,208,161,47
S01012607,666,381,285
S01012608,867,483,384
S01012609,773,380,393
S01012610,943,433,510
S01012611,785,477,308
S01012612,970,555,415
S01012613,1060,583,477
S01012614,865,505,360
S01012615,872,571,301
S01012616,673,382,291
S01012617,269,186,83
S01012618,547,349,198
S01012619,635,251,384
S01012620,854,594,260
S01012621,826,525,301
S01012622,764,397,367
S01012623,742,343,399
S01012624,695,355,340
S01012625,609,291,318
S01012626,596,364,232
S01012627,522,283,239
S01012628,503,274,229
S01012629,285,169,116
S01012630,717,307,410
S01012631,805,364,441
S01012632,435,263,172
S01012633,751,423,328
S01012634,992,557,435
S01012635,1124,670,454
S01012636,572,387,185
S01012637,865,420,445
S01012638,882,511,371
S01012639,1111,599,512
S01012640,1109,571,538
S01012641,748,427,321
S01012642,1372,676,696
S01012643,440,220,220
S01012644,452,212,240
S01012645,910,432,478
S01012646,750,474,276
S01012647,249,172,77
S01012648,569,312,257
S01012649,710,416,294
S01012650,639,401,238
S01012651,683,349,334
S01012652,848,586,262
S01012653,728,382,346
S01012654,723,454,269
S01012655,1021,514,507
S01012656,790,423,367
S01012657,722,452,270
S01012658,823,528,295
S01012659,396,259,137
S01012660,620,311,309
S01012661,782,459,323
S01012662,847,480,367
S01012663,760,444,316
S01012664,824,403,421
S01012665,769,367,402
S01012666,737,396,341
S01012667,571,288,283
S01012668,905,446,459
S01012669,872,558,314
S01012670,602,383,219
S01012671,1018,563,455
S01012672,592,304,288
S01012673,887,422,465
S01012674,601,247,354
S01012675,887,437,450
S01012676,705,408,297
S01012677,501,259,242
S01012678,613,401,212
S01012679,488,240,248
S01012680,211,138,73
S01012681,557,322,235
S01012682,762,460,302
S01012683,706,364,342
S01012684,390,183,207
S01012685,987,480,507
S01012686,1012,558,454
S01012687,1192,828,364
S01012688,787,358,429
S01012689,511,336,175
S01012690,426,285,141
S01012691,810,542,268
S01012692,817,477,340
S01012693,722,526,196
S01012694,464,280,184
S01012695,594,350,244
S01012696,512,343,169
S01012697,405,267,138
S01012698,872,594,278
S01012699,783,462,321
S01012700,753,486,267
S01012701,979,651,328
S01012702,373,210,163
S01012703,529,326,203
S01012704,554,246,308
S01012705,532,389,143
S01012706,801,414,387
S01012707,767,540,227
S01012708,784,340,444
S01012709,609,310,299
S01012710,764,338,426
S01012711,1076,418,658
S01012712,837,562,275
S01012713,998,586,412
S01012714,613,425,188
S01012715,832,324,508
S01012716,1020,589,431
S01012717,877,369,508
S01012718,666,308,358
S01012719,750,275,475
S01012720,578,216,362
S01012721,623,313,310
S01012722,1005,347,658
S01012723,732,304,428
S01012724,662,294,368
S01012725,788,330,458
S01012726,790,465,325
S01012727,780,362,418
S01012728,789,279,510
S01012729,851,538,313
S01012730,513,228,285
S01012731,689,377,312
S01012732,720,371,349
S01012733,163,104,59
S01012734,85,40,45
S01012735,511,270,241
S01012736,1047,558,489
S01012737,999,548,451
S01012738,501,251,250
S01012739,96,68,28
S01012740,65,29,36
S01012741,543,290,253
S01012742,827,560,267
S01012743,821,555,266
S01012744,609,394,215
S01012745,721,438,283
S01012746,880,549,331
S01012747,1005,554,451
S01012748,683,266,417
S01012749,648,256,392
S01012750,609,256,353
S01012751,1132,597,535
S01012752,546,246,300
S01012753,405,162,243
S01012754,765,355,410
S01012755,522,205,317
S01012756,868,458,410
S01012757,432,206,226
S01012758,532,240,292
S01012759,661,274,387
S01012760,764,290,474
S01012761,865,366,499
S01012762,734,415,319
S01012763,572,258,314
S01012764,795,384,411
S01012765,497,237,260
S01012766,620,272,348
S01012767,722,477,245
S01012768,784,534,250
S01012769,410,233,177
S01012770,641,323,318
S01012771,758,349,409
S01012772,953,488,465
S01012773,1026,471,555
S01012774,824,372,452
S01012775,596,288,308
S01012776,762,360,402
S01012777,442,240,202
S01012778,588,240,348
S01012779,497,208,289
S01012780,611,222,389
S01012781,507,309,198
S01012782,735,310,425
S01012783,803,335,468
S01012784,756,338,418
S01012785,663,248,415
S01012786,754,217,537
S01012787,309,108,201
S01012788,827,371,456
S01012789,883,420,463
S01012790,439,284,155
S01012791,810,471,339
S01012792,1020,450,570
S01012793,821,296,525
S01012794,260,90,170
S01012795,944,389,555
S01012796,433,148,285
S01012797,470,192,278
S01012798,719,413,306
S01012799,1005,586,419
S01012800,714,430,284
S01012801,244,136,108
S01012802,517,356,161
S01012803,747,470,277
S01012804,697,322,375
S01012805,855,445,410
S01012806,869,378,491
S01012807,563,355,208
S01012808,750,392,358
S01012809,750,316,434
S01012810,782,281,501
S01012811,749,440,309
S01012812,828,388,440
S01012813,888,606,282
S01012814,636,387,249
S01012815,497,322,175
S01012816,376,169,207
S01012817,242,142,100
S01012818,629,442,187
S01012819,1007,467,540
S01012820,520,275,245
S01012821,324,155,169
S01012822,664,234,430
S01012823,275,167,108
S01012824,725,414,311
S01012825,588,208,380
S01012826,431,169,262
S01012827,316,103,213
S01012828,443,236,207
S01012829,604,241,363
S01012830,573,282,291
S01012831,705,339,366
S01012832,488,232,256
S01012833,850,330,520
S01012834,694,290,404
S01012835,845,359,486
S01012836,50,14,36
S01012837,782,243,539
S01012838,698,170,528
S01012839,636,367,269
S01012840,341,216,125
S01012841,675,440,235
S01012842,877,488,389
S01012843,861,572,289
S01012844,798,521,277
S01012845,799,427,372
S01012846,879,389,490
S01012847,671,407,264
S01012848,490,288,202
S01012849,800,385,415
S01012850,839,396,443
S01012851,889,491,398
S01012852,932,539,393
S01012853,884,515,369
S01012854,880,491,389
S01012855,870,401,469
S01012856,812,346,466
S01012857,1236,501,735
S01012858,760,210,550
S01012859,784,326,458
S01012860,807,371,436
S01012861,560,297,263
S01012862,669,228,441
S01012863,672,178,494
S01012864,654,176,478
S01012865,1032,519,513
S01012866,830,432,398
S01012867,788,329,459
S01012868,685,217,468
S01012869,436,117,319
S01012870,834,453,381
S01012871,829,416,413
S01012872,750,375,375
S01012873,874,448,426
S01012874,750,368,382
S01012875,500,212,288
S01012876,810,381,429
S01012877,679,342,337
S01012878,765,469,296
S01012879,860,527,333
S01012880,899,561,338
S01012881,1166,647,519
S01012882,565,259,306
S01012883,879,307,572
S01012884,537,248,289
S01012885,734,286,448
S01012886,814,528,286
S01012887,649,380,269
S01012888,799,498,301
S01012889,592,264,328
S01012890,559,219,340
S01012891,680,318,362
S01012892,1011,399,612
S01012893,845,344,501
S01012894,197,114,83
S01012895,356,203,153
S01012896,983,459,524
S01012897,536,354,182
S01012898,215,142,73
S01012899,594,225,369
S01012900,729,408,321
S01012901,1079,611,468
S01012902,849,453,396
S01012903,857,416,441
S01012904,838,378,460
S01012905,759,353,406
S01012906,965,470,495
S01012907,953,508,445
S01012908,1005,546,459
S01012909,783,391,392
S01012910,1126,550,576
S01012911,715,410,305
S01012912,967,481,486
S01012913,849,415,434
S01012914,788,393,395
S01012915,532,239,293
S01012916,865,492,373
S01012917,601,402,199
S01012918,774,399,375
S01012919,431,226,205
S01012920,553,381,172
S01012921,630,338,292
S01012922,615,334,281
S01012923,724,413,311
S01012924,538,311,227
S01012925,566,373,193
S01012926,627,323,304
S01012927,652,374,278
S01012928,788,466,322
S01012929,789,480,309
S01012930,771,340,431
S01012931,980,469,511
S01012932,527,342,185
S01012933,740,378,362
S01012934,745,410,335
S01012935,1220,680,540
S01012936,665,327,338
S01012937,728,395,333
S01012938,729,515,214
S01012939,581,459,122
S01012940,697,457,240
S01012941,658,469,189
S01012942,720,375,345
S01012943,693,444,249
S01012944,604,451,153
S01012945,562,387,175
S01012946,565,438,127
S01012947,470,341,129
S01012948,894,603,291
S01012949,670,442,228
S01012950,657,453,204
S01012951,396,275,121
S01012952,489,357,132
S01012953,618,382,236
S01012954,390,280,110
S01012955,482,317,165
S01012956,834,425,409
S01012957,680,391,289
S01012958,458,241,217
S01012959,468,280,188
S01012960,592,354,238
S01012961,816,541,275
S01012962,811,544,267
S01012963,314,220,94
S01012964,223,150,73
S01012965,469,325,144
S01012966,756,456,300
S01012967,845,449,396
S01012968,720,359,361
S01012969,845,418,427
S01012970,759,426,333
S01012971,781,382,399
S01012972,658,319,339
S01012973,786,408,378
S01012974,945,497,448
S01012975,646,307,339
S01012976,599,308,291
S01012977,725,364,361
S01012978,805,396,409
S01012979,604,315,289
S01012980,665,310,355
S01012981,718,326,392
S01012982,691,356,335
S01012983,641,399,242
S01012984,682,344,338
S01012985,771,452,319
S01012986,872,412,460
S01012987,941,456,485
S01012988,956,473,483
S01012989,1013,581,432
S01012990,952,491,461
S01012991,935,445,490
S01012992,888,461,427
S01012993,911,431,480
S01012994,804,367,437
S01012995,691,415,276
S01012996,748,387,361
S01012997,528,258,270
S01012998,783,424,359
S01012999,467,251,216
S01013000,1045,517,528
S01013001,362,249,113
S01013002,595,365,230
S01013003,591,447,144
S01013004,799,556,243
S01013005,624,439,185
S01013006,561,378,183
S01013007,1143,727,416
S01013008,870,575,295
S01013009,575,315,260
S01013010,436,240,196
S01013011,504,351,153
S01013012,702,408,294
S01013013,721,458,263
S01013014,657,364,293
S01013015,583,382,201
S01013016,700,509,191
S01013017,800,503,297
S01013018,855,558,297
S01013019,682,433,249
S01013020,815,484,331
S01013021,637,394,243
S01013022,309,195,114
S01013023,849,602,247
S01013024,515,328,187
S01013025,761,510,251
S01013026,627,283,344
S01013027,1275,622,653
S01013028,422,264,158
S01013029,569,302,267
S01013030,677,346,331
S01013031,542,257,285
S01013032,379,203,176
S01013033,401,184,217
S01013034,663,338,325
S01013035,671,297,374
S01013036,702,360,342
S01013037,971,567,404
S01013038,980,531,449
S01013039,422,323,99
S01013040,561,298,263
S01013041,471,249,222
S01013042,565,292,273
S01013043,637,328,309
S01013044,936,464,472
S01013045,426,238,188
S01013046,605,297,308
S01013047,703,472,231
S01013048,1082,588,494
S01013049,882,536,346
S01013050,773,405,368
S01013051,779,382,397
S01013052,683,359,324
S01013053,882,384,498
S01013054,885,468,417
S01013055,606,263,343
S01013056,1061,514,547
S01013057,851,300,551
S01013058,280,184,96
S01013059,887,493,394
S01013060,451,224,227
S01013061,944,658,286
S01013062,820,471,349
S01013063,723,406,317
S01013064,849,465,384
S01013065,955,492,463
S01013066,646,293,353
S01013067,958,142,816
S01013068,979,262,717
S01013069,727,168,559
S01013070,859,133,726
S01013071,845,80,765
S01013072,644,269,375
S01013073,738,257,481
S01013074,1088,372,716
S01013075,789,259,530
S01013076,595,181,414
S01013077,591,237,354
S01013078,545,246,299
S01013079,357,158,199
S01013080,902,467,435
S01013081,670,398,272
S01013082,1030,597,433
S01013083,1046,394,652
S01013084,834,538,296
S01013085,885,374,511
S01013086,894,388,506
S01013087,1366,441,925
S01013088,754,534,220
S01013089,694,335,359
S01013090,759,302,457
S01013091,331,94,237
S01013092,793,380,413
S01013093,389,253,136
S01013094,629,482,147
S01013095,737,526,211
S01013096,513,249,264
S01013097,764,417,347
S01013098,93,52,41
S01013099,718,344,374
S01013100,835,489,346
S01013101,1405,728,677
S01013102,657,424,233
S01013103,596,430,166
S01013104,898,587,311
S01013105,714,455,259
S01013106,821,439,382
S01013107,731,510,221
S01013108,585,319,266
S01013109,1024,595,429
S01013110,523,290,233
S01013111,491,312,179
S01013112,476,284,192
S01013113,882,484,398
S01013114,1077,602,475
S01013115,846,400,446
S01013116,872,553,319
S01013117,764,388,376
S01013118,988,519,469
S01013119,645,389,256
S01013120,960,554,406
S01013121,364,204,160
S01013122,703,204,499
S01013123,782,276,506
S01013124,999,425,574
S01013125,786,355,431
S01013126,666,232,434
S01013127,726,252,474
S01013128,730,183,547
S01013129,890,344,546
S01013130,777,212,565
S01013131,754,239,515
S01013132,549,178,371
S01013133,682,183,499
S01013134,675,326,349
S01013135,885,316,569
S01013136,1020,474,546
S01013137,866,425,441
S01013138,739,224,515
S01013139,945,364,581
S01013140,957,440,517
S01013141,612,223,389
S01013142,906,331,575
S01013143,841,366,475
S01013144,807,422,385
S01013145,816,411,405
S01013146,485,236,249
S01013147,673,379,294
S01013148,868,437,431
S01013149,637,304,333
S01013150,788,394,394
S01013151,474,243,231
S01013152,1032,516,516
S01013153,688,291,397
S01013154,1140,535,605
S01013155,675,224,451
S01013156,826,272,554
S01013157,813,286,527
S01013158,642,382,260
S01013159,748,456,292
S01013160,902,561,341
S01013161,777,371,406
S01013162,898,365,533
S01013163,706,430,276
S01013164,869,403,466
S01013165,1087,544,543
S01013166,611,180,431
S01013167,889,282,607
S01013168,964,442,522
S01013169,735,327,408
S01013170,974,420,554
S01013171,618,343,275
S01013172,705,407,298
S01013173,675,372,303
S01013174,892,576,316
S01013175,656,415,241
S01013176,924,447,477
S01013177,972,503,469
S01013178,545,272,273
S01013179,964,565,399
S01013180,383,268,115
S01013181,849,526,323
S01013182,717,333,384
S01013183,883,547,336
S01013184,524,187,337
S01013185,875,388,487
S01013186,585,235,350
S01013187,715,284,431
S01013188,840,492,348
S01013189,723,455,268
S01013190,578,272,306
S01013191,603,405,198
S01013192,935,496,439
S01013193,472,209,263
S01013194,855,334,521
S01013195,747,224,523
S01013196,662,249,413
S01013197,552,280,272
S01013198,805,363,442
S01013199,780,357,423
S01013200,919,408,511
S01013201,693,256,437
S01013202,506,251,255
S01013203,832,384,448
S01013204,751,456,295
S01013205,646,261,385
S01013206,851,348,503
S01013207,777,343,434
S01013208,416,149,267
S01013209,846,408,438
S01013210,684,378,306
S01013211,848,428,420
S01013212,597,406,191
S01013213,722,526,196
S01013214,323,224,99
S01013215,648,316,332
S01013216,689,312,377
S01013217,666,355,311
S01013218,635,292,343
S01013219,630,275,355
S01013220,668,321,347
S01013221,845,411,434
S01013222,440,148,292
S01013223,981,356,625
S01013224,969,468,501
S01013225,667,313,354
S01013226,256,127,129
S01013227,425,184,241
S01013228,829,347,482
S01013229,902,406,496
S01013230,855,406,449
S01013231,881,400,481
S01013232,703,321,382
S01013233,524,286,238
S01013234,342,208,134
S01013235,995,487,508
S01013236,960,610,350
S01013237,752,405,347
S01013238,871,323,548
S01013239,819,269,550
S01013240,606,228,378
S01013241,785,512,273
S01013242,588,375,213
S01013243,638,310,328
S01013244,979,417,562
S01013245,696,405,291
S01013246,339,176,163
S01013247,736,321,415
S01013248,605,267,338
S01013249,765,417,348
S01013250,862,541,321
S01013251,617,282,335
S01013252,814,402,412
S01013253,638,372,266
S01013254,702,341,361
S01013255,711,369,342
S01013256,598,328,270
S01013257,829,415,414
S01013258,787,446,341
S01013259,1161,678,483
S01013260,712,360,352
S01013261,944,484,460
S01013262,655,397,258
S01013263,427,315,112
S01013264,203,161,42
S01013265,309,233,76
S01013266,220,134,86
S01013267,607,328,279
S01013268,962,505,457
S01013269,798,557,241
S01013270,490,354,136
S01013271,785,582,203
S01013272,715,558,157
S01013273,344,244,100
S01013274,791,532,259
S01013275,958,595,363
S01013276,756,474,282
S01013277,744,414,330
S01013278,849,347,502
S01013279,672,275,397
S01013280,676,351,325
S01013281,776,402,374
S01013282,596,252,344
S01013283,612,283,329
S01013284,525,314,211
S01013285,584,354,230
S01013286,648,400,248
S01013287,597,436,161
S01013288,631,344,287
S01013289,769,515,254
S01013290,893,521,372
S01013291,837,488,349
S01013292,649,424,225
S01013293,674,467,207
S01013294,681,393,288
S01013295,718,417,301
S01013296,755,376,379
S01013297,859,464,395
S01013298,667,370,297
S01013299,716,364,352
S01013300,646,303,343
S01013301,580,300,280
S01013302,546,335,211
S01013303,1043,588,455
S01013304,777,290,487
S01013305,700,315,385
S01013306,778,232,546
S01013307,865,291,574
S01013308,458,176,282
S01013309,673,380,293
S01013310,535,275,260
S01013311,712,330,382
S01013312,1320,596,724
S01013313,515,251,264
S01013314,734,385,349
S01013315,234,156,78
S01013316,633,410,223
S01013317,579,343,236
S01013318,511,327,184
S01013319,532,331,201
S01013320,408,289,119
S01013321,368,153,215
S01013322,623,331,292
S01013323,681,332,349
S01013324,798,364,434
S01013325,581,229,352
S01013326,743,347,396
S01013327,697,336,361
S01013328,534,260,274
S01013329,459,260,199
S01013330,503,275,228
S01013331,437,232,205
S01013332,697,338,359
S01013333,844,487,357
S01013334,572,286,286
S01013335,709,300,409
S01013336,817,404,413
S01013337,928,575,353
S01013338,302,199,103
S01013339,701,401,300
S01013340,1076,739,337
S01013341,604,414,190
S01013342,718,306,412
S01013343,549,297,252
S01013344,544,236,308
S01013345,721,378,343
S01013346,503,384,119
S01013347,605,331,274
S01013348,357,260,97
S01013349,173,81,92
S01013350,497,221,276
S01013351,651,347,304
S01013352,832,429,403
S01013353,927,405,522
S01013354,630,372,258
S01013355,769,453,316
S01013356,651,306,345
S01013357,412,258,154
S01013358,659,325,334
S01013359,540,270,270
S01013360,593,308,285
S01013361,720,332,388
S01013362,496,266,230
S01013363,860,405,455
S01013364,552,324,228
S01013365,905,461,444
S01013366,470,321,149
S01013367,444,282,162
S01013368,733,413,320
S01013369,698,329,369
S01013370,702,285,417
S01013371,757,440,317
S01013372,819,353,466
S01013373,966,469,497
S01013374,849,363,486
S01013375,569,311,258
S01013376,590,305,285
S01013377,699,359,340
S01013378,733,386,347
S01013379,897,531,366
S01013380,416,230,186
S01013381,599,320,279
S01013382,609,336,273
S01013383,729,346,383
S01013384,994,490,504
S01013385,594,344,250
S01013386,627,426,201
S01013387,594,308,286
S01013388,650,339,311
S01013389,891,491,400
S01013390,495,275,220
S01013391,802,462,340
S01013392,302,181,121
S01013393,832,430,402
S01013394,612,300,312
S01013395,637,204,433
S01013396,264,90,174
S01013397,719,396,323
S01013398,253,181,72
S01013399,410,238,172
S01013400,486,242,244
S01013401,108,73,35
S01013402,63,14,49
S01013403,84,66,18
S01013404,357,217,140
S01013405,586,352,234
S01013406,594,318,276
S01013407,673,394,279
S01013408,632,356,276
S01013409,723,367,356
S01013410,380,160,220
S01013411,626,363,263
S01013412,635,321,314
S01013413,688,362,326
S01013414,593,243,350
S01013415,706,255,451
S01013416,482,212,270
S01013417,640,263,377
S01013418,482,246,236
S01013419,496,330,166
S01013420,665,336,329
S01013421,371,213,158
S01013422,820,462,358
S01013423,705,433,272
S01013424,690,471,219
S01013425,373,189,184
S01013426,725,375,350
S01013427,177,115,62
S01013428,683,336,347
S01013429,1007,512,495
S01013430,632,392,240
S01013431,701,360,341
S01013432,692,408,284
S01013433,606,377,229
S01013434,392,254,138
S01013435,572,428,144
S01013436,718,401,317
S01013437,563,296,267
S01013438,592,256,336
S01013439,767,570,197
S01013440,1010,729,281
S01013441,659,437,222
S01013442,719,457,262
S01013443,408,232,176
S01013444,1033,449,584
S01013445,569,336,233
S01013446,598,373,225
S01013447,347,293,54
S01013448,825,546,279
S01013449,640,446,194
S01013450,663,428,235
S01013451,641,471,170
S01013452,478,281,197
S01013453,741,353,388
S01013454,566,373,193
S01013455,431,215,216
S01013456,904,423,481
S01013457,799,417,382
S01013458,714,366,348
S01013459,821,359,462
S01013460,820,378,442
S01013461,712,320,392
S01013462,725,346,379
S01013463,468,192,276
S01013464,767,454,313
S01013465,732,411,321
S01013466,337,189,148
S01013467,350,195,155
S01013468,578,277,301
S01013469,896,513,383
S01013470,698,308,390
S01013471,794,418,376
S01013472,355,189,166
S01013473,220,120,100
S01013474,381,198,183
S01013475,719,459,260
S01013476,530,337,193
S01013477,831,419,412
S01013478,663,309,354
S01013479,857,361,496
S01013480,563,327,236
S01013481,345,214,131
