dz_2011,total,married,single
S01006506,749,350,399
S01006507,850,454,396
S01006508,754,321,433
S01006509,575,306,269
S01006510,637,309,328
S01006511,898,537,361
S01006512,272,187,85
S01006513,944,555,389
S01006514,967,630,337
S01006515,858,586,272
S01006516,739,403,336
S01006517,808,493,315
S01006518,762,472,290
S01006519,675,451,224
S01006520,619,437,182
S01006521,577,384,193
S01006522,438,325,113
S01006523,1227,696,531
S01006524,1112,519,593
S01006525,1049,641,408
S01006526,1208,470,738
S01006527,1114,413,701
S01006528,950,363,587
S01006529,961,294,667
S01006530,1001,325,676
S01006531,1107,399,708
S01006532,877,380,497
S01006533,707,391,316
S01006534,729,415,314
S01006535,974,338,636
S01006536,1236,320,916
S01006537,718,466,252
S01006538,568,353,215
S01006539,872,428,444
S01006540,1086,604,482
S01006541,822,457,365
S01006542,874,515,359
S01006543,909,605,304
S01006544,1251,656,595
S01006545,1127,514,613
S01006546,962,561,401
S01006547,1235,603,632
S01006548,618,423,195
S01006549,800,470,330
S01006550,1023,684,339
S01006551,843,366,477
S01006552,1090,521,569
S01006553,895,478,417
S01006554,808,369,439
S01006555,822,297,525
S01006556,830,386,444
S01006557,662,270,392
S01006558,740,277,463
S01006559,586,299,287
S01006560,847,435,412
S01006561,684,387,297
S01006562,814,450,364
S01006563,835,442,393
S01006564,1093,225,868
S01006565,1159,213,946
S01006566,756,212,544
S01006567,1087,238,849
S01006568,1078,230,848
S01006569,661,202,459
S01006570,758,335,423
S01006571,1062,455,607
S01006572,1087,689,398
S01006573,566,317,249
S01006574,809,447,362
S01006575,947,474,473
S01006576,756,318,438
S01006577,789,327,462
S01006578,1638,346,1292
S01006579,1292,256,1036
S01006580,763,221,542
S01006581,1120,590,530
S01006582,651,98,553
S01006583,1038,167,871
S01006584,845,183,662
S01006585,801,179,622
S01006586,913,150,763
S01006587,613,107,506
S01006588,874,123,751
S01006589,1238,196,1042
S01006590,608,112,496
S01006591,791,196,595
S01006592,590,158,432
S01006593,852,211,641
S01006594,729,204,525
S01006595,932,252,680
S01006596,810,312,498
S01006597,762,96,666
S01006598,1088,537,551
S01006599,1078,312,766
S01006600,1261,479,782
S01006601,899,307,592
S01006602,889,424,465
S01006603,1128,515,613
S01006604,792,375,417
S01006605,767,267,500
S01006606,1087,551,536
S01006607,1044,454,590
S01006608,1214,696,518
S01006609,1131,516,615
S01006610,600,224,376
S01006611,944,400,544
S01006612,852,443,409
S01006613,360,226,134
S01006614,669,402,267
S01006615,313,193,120
S01006616,649,311,338
S01006617,841,442,399
S01006618,469,267,202
S01006619,807,423,384
S01006620,887,453,434
S01006621,632,345,287
S01006622,549,284,265
S01006623,1172,437,735
S01006624,891,239,652
S01006625,728,324,404
S01006626,749,241,508
S01006627,773,196,577
S01006628,1265,343,922
S01006629,781,273,508
S01006630,692,249,443
S01006631,964,309,655
S01006632,846,263,583
S01006633,721,284,437
S01006634,634,186,448
S01006635,838,323,515
S01006636,819,252,567
S01006637,699,196,503
S01006638,1069,190,879
S01006639,959,165,794
S01006640,759,143,616
S01006641,1258,221,1037
S01006642,1332,147,1185
S01006643,1210,191,1019
S01006644,981,169,812
S01006645,1419,198,1221
S01006646,1286,155,1131
S01006647,866,134,732
S01006648,1908,213,1695
S01006649,1120,197,923
S01006650,1323,252,1071
S01006651,747,157,590
S01006652,787,128,659
S01006653,739,209,530
S01006654,798,191,607
S01006655,650,205,445
S01006656,982,218,764
S01006657,541,111,430
S01006658,1104,234,870
S01006659,830,159,671
S01006660,670,148,522
S01006661,699,185,514
S01006662,804,158,646
S01006663,1225,182,1043
S01006664,471,94,377
S01006665,889,161,728
S01006666,1558,414,1144
S01006667,1100,299,801
S01006668,858,118,740
S01006669,1269,229,1040
S01006670,901,124,777
S01006671,2540,234,2306
S01006672,685,151,534
S01006673,841,248,593
S01006674,874,269,605
S01006675,591,195,396
S01006676,713,278,435
S01006677,621,180,441
S01006678,1031,369,662
S01006679,845,361,484
S01006680,767,254,513
S01006681,976,238,738
S01006682,753,257,496
S01006683,1026,362,664
S01006684,749,221,528
S01006685,796,220,576
S01006686,786,285,501
S01006687,853,275,578
S01006688,939,415,524
S01006689,546,261,285
S01006690,707,236,471
S01006691,805,268,537
S01006692,776,335,441
S01006693,1063,351,712
S01006694,979,421,558
S01006695,608,297,311
S01006696,945,359,586
S01006697,970,392,578
S01006698,813,277,536
S01006699,670,352,318
S01006700,1115,521,594
S01006701,813,339,474
S01006702,793,379,414
S01006703,604,260,344
S01006704,655,258,397
S01006705,786,316,470
S01006706,651,254,397
S01006707,543,206,337
S01006708,743,352,391
S01006709,998,471,527
S01006710,917,473,444
S01006711,968,388,580
S01006712,545,303,242
S01006713,798,376,422
S01006714,758,357,401
S01006715,786,312,474
S01006716,496,220,276
S01006717,901,408,493
S01006718,519,247,272
S01006719,811,378,433
S01006720,607,299,308
S01006721,778,354,424
S01006722,692,309,383
S01006723,829,390,439
S01006724,997,341,656
S01006725,770,336,434
S01006726,985,319,666
S01006727,1046,348,698
S01006728,703,285,418
S01006729,753,294,459
S01006730,643,318,325
S01006731,418,185,233
S01006732,1193,634,559
S01006733,651,461,190
S01006734,899,545,354
S01006735,750,523,227
S01006736,945,591,354
S01006737,821,520,301
S01006738,714,202,512
S01006739,529,221,308
S01006740,916,410,506
S01006741,674,348,326
S01006742,388,188,200
S01006743,932,426,506
S01006744,572,246,326
S01006745,901,390,511
S01006746,712,325,387
S01006747,1025,560,465
S01006748,976,587,389
S01006749,1151,553,598
S01006750,711,330,381
S01006751,436,221,215
S01006752,686,354,332
S01006753,779,447,332
S01006754,997,651,346
S01006755,863,475,388
S01006756,830,390,440
S01006757,1149,613,536
S01006758,599,344,255
S01006759,1108,560,548
S01006760,516,258,258
S01006761,826,480,346
S01006762,833,477,356
S01006763,862,460,402
S01006764,665,342,323
S01006765,613,304,309
S01006766,505,283,222
S01006767,764,415,349
S01006768,507,345,162
S01006769,1076,659,417
S01006770,567,382,185
S01006771,455,284,171
S01006772,1061,610,451
S01006773,604,369,235
S01006774,705,454,251
S01006775,663,280,383
S01006776,595,270,325
S01006777,786,551,235
S01006778,757,462,295
S01006779,892,372,520
S01006780,752,333,419
S01006781,863,518,345
S01006782,844,448,396
S01006783,585,350,235
S01006784,635,329,306
S01006785,650,379,271
S01006786,909,556,353
S01006787,829,512,317
S01006788,507,284,223
S01006789,814,409,405
S01006790,837,442,395
S01006791,446,237,209
S01006792,596,358,238
S01006793,535,292,243
S01006794,676,401,275
S01006795,623,380,243
S01006796,616,356,260
S01006797,608,360,248
S01006798,586,381,205
S01006799,866,438,428
S01006800,771,517,254
S01006801,1145,711,434
S01006802,556,279,277
S01006803,641,334,307
S01006804,1003,621,382
S01006805,1081,592,489
S01006806,907,549,358
S01006807,484,301,183
S01006808,793,508,285
S01006809,781,449,332
S01006810,818,472,346
S01006811,841,525,316
S01006812,672,390,282
S01006813,795,424,371
S01006814,872,538,334
S01006815,615,292,323
S01006816,779,459,320
S01006817,675,367,308
S01006818,580,377,203
S01006819,946,628,318
S01006820,530,331,199
S01006821,943,571,372
S01006822,609,373,236
S01006823,730,396,334
S01006824,583,200,383
S01006825,846,458,388
S01006826,1060,647,413
S01006827,856,379,477
S01006828,879,374,505
S01006829,518,307,211
S01006830,546,300,246
S01006831,1057,714,343
S01006832,862,493,369
S01006833,602,373,229
S01006834,264,162,102
S01006835,1125,476,649
S01006836,372,209,163
S01006837,763,443,320
S01006838,784,457,327
S01006839,776,427,349
S01006840,964,637,327
S01006841,1081,605,476
S01006842,831,503,328
S01006843,783,472,311
S01006844,587,268,319
S01006845,859,450,409
S01006846,762,405,357
S01006847,668,382,286
S01006848,1053,613,440
S01006849,985,524,461
S01006850,898,453,445
S01006851,651,328,323
S01006852,492,300,192
S01006853,741,457,284
S01006854,1292,855,437
S01006855,622,411,211
S01006856,739,464,275
S01006857,853,540,313
S01006858,518,348,170
S01006859,1092,663,429
S01006860,588,280,308
S01006861,646,444,202
S01006862,792,450,342
S01006863,973,586,387
S01006864,121,40,81
S01006865,802,416,386
S01006866,521,349,172
S01006867,982,650,332
S01006868,709,393,316
S01006869,472,281,191
S01006870,515,325,190
S01006871,766,478,288
S01006872,1190,753,437
S01006873,1032,655,377
S01006874,490,286,204
S01006875,834,417,417
S01006876,905,521,384
S01006877,902,537,365
S01006878,787,439,348
S01006879,954,540,414
S01006880,615,410,205
S01006881,461,312,149
S01006882,718,349,369
S01006883,538,286,252
S01006884,855,446,409
S01006885,631,416,215
S01006886,617,389,228
S01006887,677,432,245
S01006888,735,455,280
S01006889,519,285,234
S01006890,866,483,383
S01006891,530,313,217
S01006892,477,214,263
S01006893,780,441,339
S01006894,505,268,237
S01006895,404,143,261
S01006896,653,369,284
S01006897,846,460,386
S01006898,480,257,223
S01006899,398,237,161
S01006900,394,220,174
S01006901,695,302,393
S01006902,540,287,253
S01006903,785,369,416
S01006904,478,187,291
S01006905,863,487,376
S01006906,819,378,441
S01006907,634,239,395
S01006908,809,321,488
S01006909,363,225,138
S01006910,416,218,198
S01006911,1326,789,537
S01006912,211,128,83
S01006913,1413,871,542
S01006914,677,443,234
S01006915,656,447,209
S01006916,305,176,129
S01006917,964,645,319
S01006918,1246,825,421
S01006919,549,292,257
S01006920,676,367,309
S01006921,768,555,213
S01006922,1401,908,493
S01006923,1099,747,352
S01006924,570,302,268
S01006925,410,252,158
S01006926,1245,847,398
S01006927,284,124,160
S01006928,2090,1293,797
S01006929,1370,892,478
S01006930,598,399,199
S01006931,1381,818,563
S01006932,620,396,224
S01006933,671,393,278
S01006934,1276,779,497
S01006935,762,483,279
S01006936,569,329,240
S01006937,659,365,294
S01006938,705,419,286
S01006939,512,331,181
S01006940,833,488,345
S01006941,996,505,491
S01006942,1591,1041,550
S01006943,1233,707,526
S01006944,69,39,30
S01006945,747,481,266
S01006946,1032,560,472
S01006947,1096,650,446
S01006948,1126,661,465
S01006949,596,411,185
S01006950,525,278,247
S01006951,1018,545,473
S01006952,1220,685,535
S01006953,1217,738,479
S01006954,1372,868,504
S01006955,484,226,258
S01006956,1131,702,429
S01006957,1282,719,563
S01006958,894,547,347
S01006959,747,330,417
S01006960,1573,1028,545
S01006961,1636,1060,576
S01006962,778,467,311
S01006963,829,503,326
S01006964,721,340,381
S01006965,434,247,187
S01006966,596,272,324
S01006967,599,373,226
S01006968,977,517,460
S01006969,885,475,410
S01006970,522,346,176
S01006971,866,442,424
S01006972,422,250,172
S01006973,514,325,189
S01006974,1095,665,430
S01006975,944,571,373
S01006976,1808,1178,630
S01006977,2085,1329,756
S01006978,718,421,297
S01006979,1190,712,478
S01006980,554,362,192
S01006981,649,383,266
S01006982,919,509,410
S01006983,789,456,333
S01006984,790,460,330
S01006985,1116,621,495
S01006986,605,310,295
S01006987,848,486,362
S01006988,584,335,249
S01006989,663,443,220
S01006990,734,478,256
S01006991,519,256,263
S01006992,722,477,245
S01006993,607,392,215
S01006994,553,317,236
S01006995,907,534,373
S01006996,736,422,314
S01006997,603,387,216
S01006998,988,565,423
S01006999,724,446,278
S01007000,1194,667,527
S01007001,1114,639,475
S01007002,564,306,258
S01007003,499,308,191
S01007004,854,518,336
S01007005,830,552,278
S01007006,824,491,333
S01007007,672,420,252
S01007008,756,327,429
S01007009,1112,529,583
S01007010,777,380,397
S01007011,957,386,571
S01007012,737,306,431
S01007013,1047,599,448
S01007014,1101,678,423
S01007015,591,371,220
S01007016,478,310,168
S01007017,867,414,453
S01007018,989,608,381
S01007019,900,472,428
S01007020,1158,544,614
S01007021,1166,611,555
S01007022,687,399,288
S01007023,560,342,218
S01007024,999,621,378
S01007025,988,486,502
S01007026,884,450,434
S01007027,1079,621,458
S01007028,1208,755,453
S01007029,539,344,195
S01007030,797,413,384
S01007031,517,246,271
S01007032,989,405,584
S01007033,877,441,436
S01007034,857,375,482
S01007035,742,347,395
S01007036,935,532,403
S01007037,947,477,470
S01007038,694,318,376
S01007039,770,408,362
S01007040,1015,543,472
S01007041,802,392,410
S01007042,808,468,340
S01007043,929,576,353
S01007044,865,527,338
S01007045,807,495,312
S01007046,509,280,229
S01007047,847,509,338
S01007048,1129,673,456
S01007049,844,431,413
S01007050,872,494,378
S01007051,831,470,361
S01007052,473,276,197
S01007053,636,385,251
S01007054,947,499,448
S01007055,422,251,171
S01007056,744,441,303
S01007057,713,427,286
S01007058,665,346,319
S01007059,1074,588,486
S01007060,485,212,273
S01007061,925,571,354
S01007062,634,414,220
S01007063,1229,771,458
S01007064,628,395,233
S01007065,765,455,310
S01007066,537,326,211
S01007067,1096,599,497
S01007068,600,299,301
S01007069,769,401,368
S01007070,628,330,298
S01007071,1021,608,413
S01007072,1218,685,533
S01007073,1285,656,629
S01007074,915,494,421
S01007075,729,348,381
S01007076,832,480,352
S01007077,661,377,284
S01007078,812,369,443
S01007079,1062,434,628
S01007080,669,311,358
S01007081,826,330,496
S01007082,551,216,335
S01007083,794,280,514
S01007084,803,385,418
S01007085,960,352,608
S01007086,1129,334,795
S01007087,825,287,538
S01007088,520,181,339
S01007089,423,296,127
S01007090,451,220,231
S01007091,1004,559,445
S01007092,537,252,285
S01007093,853,534,319
S01007094,1741,1005,736
S01007095,602,372,230
S01007096,915,557,358
S01007097,1642,938,704
S01007098,1227,684,543
S01007099,694,434,260
S01007100,716,419,297
S01007101,1125,602,523
S01007102,705,425,280
S01007103,678,374,304
S01007104,398,264,134
S01007105,541,304,237
S01007106,764,437,327
S01007107,607,397,210
S01007108,936,562,374
S01007109,1189,673,516
S01007110,818,425,393
S01007111,443,258,185
S01007112,799,471,328
S01007113,675,358,317
S01007114,745,426,319
S01007115,609,370,239
S01007116,974,649,325
S01007117,472,328,144
S01007118,675,279,396
S01007119,777,351,426
S01007120,965,430,535
S01007121,741,250,491
S01007122,506,239,267
S01007123,824,360,464
S01007124,897,488,409
S01007125,676,332,344
S01007126,844,318,526
S01007127,833,294,539
S01007128,801,350,451
S01007129,739,490,249
S01007130,579,316,263
S01007131,920,567,353
S01007132,590,377,213
S01007133,554,340,214
S01007134,713,406,307
S01007135,642,395,247
S01007136,514,354,160
S01007137,600,414,186
S01007138,729,482,247
S01007139,627,404,223
S01007140,826,509,317
S01007141,994,623,371
S01007142,153,90,63
S01007143,847,571,276
S01007144,1866,1128,738
S01007145,773,461,312
S01007146,703,390,313
S01007147,718,458,260
S01007148,444,295,149
S01007149,729,488,241
S01007150,697,407,290
S01007151,962,600,362
S01007152,652,381,271
S01007153,778,473,305
S01007154,862,402,460
S01007155,613,329,284
S01007156,913,493,420
S01007157,711,374,337
S01007158,826,487,339
S01007159,770,305,465
S01007160,784,350,434
S01007161,932,470,462
S01007162,495,191,304
S01007163,862,469,393
S01007164,668,374,294
S01007165,811,459,352
S01007166,904,540,364
S01007167,679,445,234
S01007168,842,551,291
S01007169,720,407,313
S01007170,628,371,257
S01007171,902,456,446
S01007172,1084,649,435
S01007173,430,273,157
S01007174,765,390,375
S01007175,728,387,341
S01007176,872,488,384
S01007177,643,262,381
S01007178,808,296,512
S01007179,1162,695,467
S01007180,866,508,358
S01007181,975,507,468
S01007182,1090,456,634
S01007183,1139,477,662
S01007184,916,264,652
S01007185,792,237,555
S01007186,637,152,485
S01007187,707,217,490
S01007188,694,247,447
S01007189,803,286,517
S01007190,824,467,357
S01007191,609,276,333
S01007192,662,297,365
S01007193,700,312,388
S01007194,463,159,304
S01007195,835,398,437
S01007196,701,292,409
S01007197,532,162,370
S01007198,402,164,238
S01007199,842,313,529
S01007200,715,317,398
S01007201,870,438,432
S01007202,619,293,326
S01007203,685,396,289
S01007204,907,506,401
S01007205,718,424,294
S01007206,331,126,205
S01007207,882,487,395
S01007208,808,249,559
S01007209,726,236,490
S01007210,869,304,565
S01007211,805,290,515
S01007212,708,323,385
S01007213,789,362,427
S01007214,935,308,627
S01007215,831,368,463
S01007216,672,350,322
S01007217,979,442,537
S01007218,817,525,292
S01007219,903,459,444
S01007220,629,289,340
S01007221,857,563,294
S01007222,874,507,367
S01007223,558,357,201
S01007224,595,358,237
S01007225,970,587,383
S01007226,837,485,352
S01007227,1260,702,558
S01007228,658,380,278
S01007229,1032,637,395
S01007230,1034,435,599
S01007231,675,229,446
S01007232,601,202,399
S01007233,647,324,323
S01007234,505,238,267
S01007235,921,365,556
S01007236,948,394,554
S01007237,667,336,331
S01007238,852,451,401
S01007239,1201,665,536
S01007240,463,260,203
S01007241,992,602,390
S01007242,959,564,395
S01007243,1181,731,450
S01007244,620,407,213
S01007245,671,374,297
S01007246,719,441,278
S01007247,900,547,353
S01007248,891,577,314
S01007249,523,300,223
S01007250,716,288,428
S01007251,706,328,378
S01007252,741,383,358
S01007253,687,437,250
S01007254,799,342,457
S01007255,790,297,493
S01007256,762,292,470
S01007257,721,275,446
S01007258,733,350,383
S01007259,876,302,574
S01007260,968,351,617
S01007261,907,560,347
S01007262,585,282,303
S01007263,954,506,448
S01007264,737,405,332
S01007265,1001,429,572
S01007266,691,361,330
S01007267,514,315,199
S01007268,496,290,206
S01007269,551,335,216
S01007270,384,201,183
S01007271,952,466,486
S01007272,909,350,559
S01007273,623,314,309
S01007274,783,301,482
S01007275,610,347,263
S01007276,950,502,448
S01007277,773,473,300
S01007278,791,500,291
S01007279,553,326,227
S01007280,531,299,232
S01007281,965,517,448
S01007282,436,232,204
S01007283,866,528,338
S01007284,702,342,360
S01007285,964,519,445
S01007286,1201,586,615
S01007287,523,240,283
S01007288,584,323,261
S01007289,825,487,338
S01007290,807,362,445
S01007291,519,220,299
S01007292,632,360,272
S01007293,833,331,502
S01007294,862,414,448
S01007295,564,127,437
S01007296,519,106,413
S01007297,997,453,544
S01007298,437,188,249
S01007299,865,337,528
S01007300,552,200,352
S01007301,736,446,290
S01007302,665,368,297
S01007303,948,534,414
S01007304,584,344,240
S01007305,829,502,327
S01007306,1035,566,469
S01007307,883,519,364
S01007308,754,381,373
S01007309,698,389,309
S01007310,740,444,296
S01007311,792,393,399
S01007312,701,422,279
S01007313,826,494,332
S01007314,732,405,327
S01007315,781,378,403
S01007316,971,382,589
S01007317,908,436,472
S01007318,475,242,233
S01007319,738,358,380
S01007320,770,427,343
S01007321,528,328,200
S01007322,727,317,410
S01007323,394,191,203
S01007324,290,150,140
S01007325,685,357,328
S01007326,838,481,357
S01007327,745,328,417
S01007328,906,433,473
S01007329,568,313,255
S01007330,690,406,284
S01007331,892,493,399
S01007332,523,312,211
S01007333,963,487,476
S01007334,786,282,504
S01007335,738,320,418
S01007336,656,211,445
S01007337,562,209,353
S01007338,880,464,416
S01007339,737,402,335
S01007340,573,267,306
S01007341,734,409,325
S01007342,724,434,290
S01007343,569,353,216
S01007344,506,260,246
S01007345,538,148,390
S01007346,757,172,585
S01007347,943,364,579
S01007348,617,242,375
S01007349,544,251,293
S01007350,596,237,359
S01007351,592,325,267
S01007352,442,271,171
S01007353,668,393,275
S01007354,707,401,306
S01007355,1152,659,493
S01007356,625,366,259
S01007357,681,381,300
S01007358,1212,648,564
S01007359,828,399,429
S01007360,780,405,375
S01007361,884,438,446
S01007362,978,466,512
S01007363,855,409,446
S01007364,852,325,527
S01007365,392,181,211
S01007366,469,179,290
S01007367,532,209,323
S01007368,509,218,291
S01007369,912,436,476
S01007370,793,245,548
S01007371,765,328,437
S01007372,1047,580,467
S01007373,616,378,238
S01007374,671,377,294
S01007375,406,233,173
S01007376,820,381,439
S01007377,553,361,192
S01007378,1590,423,1167
S01007379,786,437,349
S01007380,670,350,320
S01007381,423,282,141
S01007382,804,442,362
S01007383,637,377,260
S01007384,875,537,338
S01007385,1033,582,451
S01007386,684,467,217
S01007387,715,493,222
S01007388,623,408,215
S01007389,518,314,204
S01007390,472,251,221
S01007391,563,389,174
S01007392,413,262,151
S01007393,879,484,395
S01007394,620,293,327
S01007395,992,317,675
S01007396,931,292,639
S01007397,794,441,353
S01007398,614,243,371
S01007399,669,188,481
S01007400,730,328,402
S01007401,631,341,290
S01007402,604,356,248
S01007403,659,467,192
S01007404,500,280,220
S01007405,676,389,287
S01007406,819,533,286
S01007407,896,552,344
S01007408,712,369,343
S01007409,566,295,271
S01007410,746,269,477
S01007411,821,263,558
S01007412,472,207,265
S01007413,789,443,346
S01007414,646,411,235
S01007415,677,317,360
S01007416,423,162,261
S01007417,180,84,96
S01007418,737,357,380
S01007419,757,294,463
S01007420,3695,1877,1818
S01007421,1092,643,449
S01007422,665,282,383
S01007423,326,142,184
S01007424,673,439,234
S01007425,786,453,333
S01007426,684,244,440
S01007427,633,298,335
S01007428,859,365,494
S01007429,784,318,466
S01007430,485,259,226
S01007431,612,363,249
S01007432,708,376,332
S01007433,938,510,428
S01007434,490,185,305
S01007435,672,301,371
S01007436,817,280,537
S01007437,482,184,298
S01007438,572,275,297
S01007439,744,367,377
S01007440,647,345,302
S01007441,558,375,183
S01007442,733,509,224
S01007443,857,476,381
S01007444,1253,729,524
S01007445,551,380,171
S01007446,576,369,207
S01007447,565,395,170
S01007448,972,609,363
S01007449,961,462,499
S01007450,1077,459,618
S01007451,524,283,241
S01007452,1089,567,522
S01007453,89,32,57
S01007454,418,217,201
S01007455,677,269,408
S01007456,862,305,557
S01007457,870,425,445
S01007458,675,414,261
S01007459,748,419,329
S01007460,780,384,396
S01007461,791,246,545
S01007462,840,338,502
S01007463,851,289,562
S01007464,838,349,489
S01007465,594,177,417
S01007466,981,255,726
S01007467,865,340,525
S01007468,921,518,403
S01007469,465,229,236
S01007470,572,217,355
S01007471,382,199,183
S01007472,892,370,522
S01007473,724,357,367
S01007474,611,382,229
S01007475,449,230,219
S01007476,633,374,259
S01007477,611,299,312
S01007478,938,380,558
S01007479,355,154,201
S01007480,1031,537,494
S01007481,872,562,310
S01007482,584,286,298
S01007483,779,373,406
S01007484,706,281,425
S01007485,640,223,417
S01007486,639,192,447
S01007487,1002,330,672
S01007488,971,430,541
S01007489,725,369,356
S01007490,1003,481,522
S01007491,863,369,494
S01007492,597,306,291
S01007493,890,417,473
S01007494,638,367,271
S01007495,677,437,240
S01007496,996,540,456
S01007497,481,275,206
S01007498,896,467,429
S01007499,687,379,308
S01007500,648,370,278
S01007501,598,382,216
S01007502,547,315,232
S01007503,953,557,396
S01007504,981,487,494
S01007505,418,219,199
S01007506,426,266,160
S01007507,1275,676,599
S01007508,604,339,265
S01007509,613,368,245
S01007510,862,493,369
S01007511,934,458,476
S01007512,449,242,207
S01007513,1040,474,566
S01007514,556,244,312
S01007515,600,367,233
S01007516,646,292,354
S01007517,502,272,230
S01007518,867,447,420
S01007519,463,296,167
S01007520,810,457,353
S01007521,570,331,239
S01007522,991,502,489
S01007523,457,236,221
S01007524,818,484,334
S01007525,465,267,198
S01007526,780,324,456
S01007527,1243,720,523
S01007528,822,385,437
S01007529,754,473,281
S01007530,446,269,177
S01007531,643,355,288
S01007532,480,274,206
S01007533,732,377,355
S01007534,1203,556,647
S01007535,813,444,369
S01007536,860,405,455
S01007537,1393,627,766
S01007538,869,469,400
S01007539,742,437,305
S01007540,722,356,366
S01007541,1051,535,516
S01007542,806,364,442
S01007543,1057,520,537
S01007544,1131,671,460
S01007545,1257,756,501
S01007546,536,363,173
S01007547,459,253,206
S01007548,790,441,349
S01007549,653,372,281
S01007550,1057,613,444
S01007551,1133,649,484
S01007552,847,424,423
S01007553,852,443,409
S01007554,706,343,363
S01007555,703,388,315
S01007556,652,317,335
S01007557,899,446,453
S01007558,407,240,167
S01007559,691,359,332
S01007560,1004,528,476
S01007561,978,494,484
S01007562,688,385,303
S01007563,908,534,374
S01007564,1084,641,443
S01007565,961,555,406
S01007566,681,416,265
S01007567,483,317,166
S01007568,622,368,254
S01007569,1061,624,437
S01007570,926,512,414
S01007571,465,278,187
S01007572,1360,757,603
S01007573,74,36,38
S01007574,1800,919,881
S01007575,704,260,444
S01007576,795,241,554
S01007577,700,258,442
S01007578,645,215,430
S01007579,495,149,346
S01007580,755,277,478
S01007581,523,199,324
S01007582,720,313,407
S01007583,1047,300,747
S01007584,813,338,475
S01007585,949,494,455
S01007586,892,394,498
S01007587,732,314,418
S01007588,809,462,347
S01007589,999,366,633
S01007590,539,328,211
S01007591,983,431,552
S01007592,956,334,622
S01007593,1020,550,470
S01007594,712,413,299
S01007595,901,515,386
S01007596,621,331,290
S01007597,529,323,206
S01007598,947,590,357
S01007599,697,363,334
S01007600,896,441,455
S01007601,526,238,288
S01007602,777,452,325
S01007603,760,460,300
S01007604,874,548,326
S01007605,1002,594,408
S01007606,522,247,275
S01007607,779,487,292
S01007608,832,477,355
S01007609,799,295,504
S01007610,639,188,451
S01007611,1008,271,737
S01007612,938,230,708
S01007613,874,381,493
S01007614,907,532,375
S01007615,1148,538,610
S01007616,755,286,469
S01007617,564,284,280
S01007618,643,321,322
S01007619,613,308,305
S01007620,715,421,294
S01007621,767,410,357
S01007622,1088,620,468
S01007623,510,319,191
S01007624,603,344,259
S01007625,578,313,265
S01007626,501,280,221
S01007627,445,222,223
S01007628,755,450,305
S01007629,719,444,275
S01007630,696,406,290
S01007631,518,334,184
S01007632,1397,749,648
S01007633,1290,724,566
S01007634,668,385,283
S01007635,869,518,351
S01007636,1209,555,654
S01007637,1132,511,621
S01007638,924,406,518
S01007639,846,388,458
S01007640,600,348,252
S01007641,679,361,318
S01007642,982,523,459
S01007643,899,462,437
S01007644,919,531,388
S01007645,784,511,273
S01007646,534,277,257
S01007647,874,454,420
S01007648,929,475,454
S01007649,620,326,294
S01007650,917,523,394
S01007651,583,346,237
S01007652,755,426,329
S01007653,980,535,445
S01007654,1083,583,500
S01007655,663,394,269
S01007656,786,464,322
S01007657,500,290,210
S01007658,586,318,268
S01007659,865,456,409
S01007660,1046,459,587
S01007661,767,346,421
S01007662,911,384,527
S01007663,950,489,461
S01007664,485,193,292
S01007665,576,266,310
S01007666,415,258,157
S01007667,586,377,209
S01007668,1039,458,581
S01007669,480,182,298
S01007670,883,394,489
S01007671,729,441,288
S01007672,885,597,288
S01007673,586,339,247
S01007674,956,529,427
S01007675,661,422,239
S01007676,474,293,181
S01007677,215,138,77
S01007678,702,335,367
S01007679,846,372,474
S01007680,783,485,298
S01007681,464,239,225
S01007682,872,464,408
S01007683,877,487,390
S01007684,1014,602,412
S01007685,1026,471,555
S01007686,970,437,533
S01007687,835,273,562
S01007688,1107,211,896
S01007689,559,108,451
S01007690,1084,148,936
S01007691,4350,205,4145
S01007692,952,125,827
S01007693,1230,97,1133
S01007694,893,103,790
S01007695,959,215,744
S01007696,925,141,784
S01007697,1221,248,973
S01007698,1181,185,996
S01007699,691,130,561
S01007700,858,393,465
S01007701,410,43,367
S01007702,2133,180,1953
S01007703,1094,347,747
S01007704,1245,208,1037
S01007705,1020,49,971
S01007706,1020,55,965
S01007707,1131,229,902
S01007708,894,222,672
S01007709,760,137,623
S01007710,2012,351,1661
S01007711,1253,230,1023
S01007712,958,196,762
S01007713,495,131,364
S01007714,547,202,345
S01007715,669,169,500
S01007716,1099,217,882
S01007717,840,184,656
S01007718,878,193,685
S01007719,1382,378,1004
S01007720,970,405,565
S01007721,959,275,684
S01007722,827,194,633
S01007723,908,216,692
S01007724,652,140,512
S01007725,1185,265,920
S01007726,744,183,561
S01007727,876,159,717
S01007728,1123,218,905
S01007729,873,187,686
S01007730,873,198,675
S01007731,615,149,466
S01007732,897,170,727
S01007733,685,375,310
S01007734,725,415,310
S01007735,716,400,316
S01007736,727,370,357
S01007737,955,386,569
S01007738,965,433,532
S01007739,729,275,454
S01007740,614,268,346
S01007741,777,282,495
S01007742,635,254,381
S01007743,724,237,487
S01007744,617,186,431
S01007745,818,214,604
S01007746,720,282,438
S01007747,631,207,424
S01007748,543,137,406
S01007749,716,452,264
S01007750,817,490,327
S01007751,676,387,289
S01007752,1034,562,472
S01007753,738,276,462
S01007754,1028,395,633
S01007755,676,241,435
S01007756,759,297,462
S01007757,1113,714,399
S01007758,924,490,434
S01007759,1134,331,803
S01007760,806,447,359
S01007761,727,423,304
S01007762,729,247,482
S01007763,676,295,381
S01007764,761,439,322
S01007765,820,527,293
S01007766,926,571,355
S01007767,855,514,341
S01007768,676,279,397
S01007769,710,430,280
S01007770,684,403,281
S01007771,698,459,239
S01007772,1034,445,589
S01007773,642,433,209
S01007774,115,69,46
S01007775,1066,588,478
S01007776,450,276,174
S01007777,407,231,176
S01007778,1727,1081,646
S01007779,677,377,300
S01007780,649,329,320
S01007781,661,343,318
S01007782,542,182,360
S01007783,702,235,467
S01007784,770,304,466
S01007785,357,76,281
S01007786,716,328,388
S01007787,611,258,353
S01007788,571,152,419
S01007789,834,371,463
S01007790,1315,549,766
S01007791,890,500,390
S01007792,784,359,425
S01007793,797,248,549
S01007794,897,412,485
S01007795,525,222,303
S01007796,514,170,344
S01007797,501,182,319
S01007798,589,291,298
S01007799,298,171,127
S01007800,786,280,506
S01007801,799,184,615
S01007802,462,213,249
S01007803,1074,271,803
S01007804,620,161,459
S01007805,724,204,520
S01007806,702,281,421
S01007807,685,345,340
S01007808,705,290,415
S01007809,1083,606,477
S01007810,779,334,445
S01007811,638,245,393
S01007812,589,194,395
S01007813,814,305,509
S01007814,709,293,416
S01007815,1018,564,454
S01007816,558,330,228
S01007817,682,300,382
S01007818,778,435,343
S01007819,675,330,345
S01007820,893,394,499
S01007821,717,311,406
S01007822,834,441,393
S01007823,694,362,332
S01007824,984,510,474
S01007825,1114,562,552
S01007826,465,148,317
S01007827,564,202,362
S01007828,1104,293,811
S01007829,686,272,414
S01007830,940,280,660
S01007831,890,250,640
S01007832,837,298,539
S01007833,907,396,511
S01007834,625,158,467
S01007835,658,283,375
S01007836,658,329,329
S01007837,1056,547,509
S01007838,860,458,402
S01007839,1072,411,661
S01007840,760,241,519
S01007841,772,317,455
S01007842,931,258,673
S01007843,780,219,561
S01007844,1105,376,729
S01007845,754,233,521
S01007846,656,255,401
S01007847,1172,389,783
S01007848,822,180,642
S01007849,818,297,521
S01007850,615,232,383
S01007851,893,372,521
S01007852,1035,382,653
S01007853,694,175,519
S01007854,1037,285,752
S01007855,563,112,451
S01007856,855,352,503
S01007857,464,126,338
S01007858,1674,550,1124
S01007859,1152,408,744
S01007860,834,291,543
S01007861,837,347,490
S01007862,862,337,525
S01007863,676,182,494
S01007864,771,297,474
S01007865,1119,691,428
S01007866,450,263,187
S01007867,1057,637,420
S01007868,1676,1016,660
S01007869,1740,1011,729
S01007870,566,313,253
S01007871,885,386,499
S01007872,627,215,412
S01007873,674,293,381
S01007874,777,349,428
S01007875,634,316,318
S01007876,776,392,384
S01007877,746,365,381
S01007878,612,242,370
S01007879,971,424,547
S01007880,404,227,177
S01007881,532,255,277
S01007882,1309,841,468
S01007883,1009,522,487
S01007884,778,359,419
S01007885,872,360,512
S01007886,995,472,523
S01007887,597,331,266
S01007888,829,339,490
S01007889,918,410,508
S01007890,569,299,270
S01007891,1086,615,471
S01007892,1006,599,407
S01007893,1104,636,468
S01007894,879,431,448
S01007895,650,330,320
S01007896,888,383,505
S01007897,1285,734,551
S01007898,625,372,253
S01007899,429,246,183
S01007900,451,199,252
S01007901,658,314,344
S01007902,812,327,485
S01007903,693,334,359
S01007904,697,405,292
S01007905,659,295,364
S01007906,697,288,409
S01007907,701,343,358
S01007908,1113,616,497
S01007909,554,268,286
S01007910,864,362,502
S01007911,905,434,471
S01007912,749,374,375
S01007913,913,373,540
S01007914,615,257,358
S01007915,787,352,435
S01007916,910,414,496
S01007917,1076,488,588
S01007918,904,396,508
S01007919,797,492,305
S01007920,493,301,192
S01007921,958,371,587
S01007922,1102,408,694
S01007923,1033,586,447
S01007924,980,393,587
S01007925,558,347,211
S01007926,741,481,260
S01007927,525,310,215
S01007928,1005,558,447
S01007929,1252,824,428
S01007930,573,377,196
S01007931,1092,664,428
S01007932,725,465,260
S01007933,1067,573,494
S01007934,561,287,274
S01007935,1045,431,614
S01007936,954,635,319
S01007937,1231,727,504
S01007938,706,260,446
S01007939,820,346,474
S01007940,1425,798,627
S01007941,544,358,186
S01007942,362,180,182
S01007943,822,461,361
S01007944,854,438,416
S01007945,1003,418,585
S01007946,877,343,534
S01007947,876,439,437
S01007948,614,258,356
S01007949,825,433,392
S01007950,954,566,388
S01007951,833,379,454
S01007952,744,274,470
S01007953,835,379,456
S01007954,586,226,360
S01007955,1435,434,1001
S01007956,779,307,472
S01007957,1066,508,558
S01007958,888,331,557
S01007959,1751,731,1020
S01007960,510,209,301
S01007961,1488,596,892
S01007962,789,326,463
S01007963,829,279,550
S01007964,720,276,444
S01007965,624,243,381
S01007966,817,305,512
S01007967,640,260,380
S01007968,863,406,457
S01007969,700,299,401
S01007970,875,359,516
S01007971,881,357,524
S01007972,954,445,509
S01007973,767,479,288
S01007974,817,252,565
S01007975,561,240,321
S01007976,992,299,693
S01007977,558,244,314
S01007978,717,251,466
S01007979,772,410,362
S01007980,702,326,376
S01007981,674,388,286
S01007982,577,323,254
S01007983,1184,560,624
S01007984,752,383,369
S01007985,744,312,432
S01007986,552,293,259
S01007987,848,433,415
S01007988,748,379,369
S01007989,551,227,324
S01007990,950,474,476
S01007991,774,493,281
S01007992,797,505,292
S01007993,778,504,274
S01007994,457,310,147
S01007995,596,370,226
S01007996,296,192,104
S01007997,581,357,224
S01007998,518,253,265
S01007999,668,230,438
S01008000,733,257,476
S01008001,745,246,499
S01008002,807,224,583
S01008003,606,226,380
S01008004,89,35,54
S01008005,144,47,97
S01008006,625,147,478
S01008007,453,129,324
S01008008,576,212,364
S01008009,800,235,565
S01008010,1059,309,750
S01008011,784,165,619
S01008012,890,234,656
S01008013,738,231,507
S01008014,702,312,390
S01008015,717,202,515
S01008016,689,247,442
S01008017,787,487,300
S01008018,847,499,348
S01008019,871,408,463
S01008020,785,320,465
S01008021,596,355,241
S01008022,704,455,249
S01008023,1296,849,447
S01008024,674,441,233
S01008025,765,471,294
S01008026,1157,536,621
S01008027,690,326,364
S01008028,469,257,212
S01008029,2846,1680,1166
S01008030,1753,1003,750
S01008031,1283,666,617
S01008032,1048,576,472
S01008033,929,590,339
S01008034,902,564,338
S01008035,861,491,370
S01008036,567,379,188
S01008037,1195,553,642
S01008038,779,350,429
S01008039,870,414,456
S01008040,604,374,230
S01008041,895,404,491
S01008042,705,407,298
S01008043,1095,668,427
S01008044,1018,621,397
S01008045,1089,611,478
S01008046,1021,376,645
S01008047,581,362,219
S01008048,568,351,217
S01008049,854,542,312
S01008050,560,384,176
S01008051,975,639,336
S01008052,668,461,207
S01008053,808,474,334
S01008054,662,376,286
S01008055,835,590,245
S01008056,988,618,370
S01008057,1103,683,420
S01008058,718,479,239
S01008059,559,362,197
S01008060,1463,940,523
S01008061,692,383,309
S01008062,820,515,305
S01008063,715,443,272
S01008064,809,352,457
S01008065,958,611,347
S01008066,808,513,295
S01008067,573,372,201
S01008068,1022,637,385
S01008069,987,569,418
S01008070,946,512,434
S01008071,801,453,348
S01008072,1131,639,492
S01008073,403,289,114
S01008074,809,480,329
S01008075,492,324,168
S01008076,868,533,335
S01008077,804,528,276
S01008078,699,419,280
S01008079,735,515,220
S01008080,651,423,228
S01008081,587,340,247
S01008082,859,510,349
S01008083,686,440,246
S01008084,849,491,358
S01008085,1068,690,378
S01008086,1008,579,429
S01008087,923,608,315
S01008088,780,437,343
S01008089,834,534,300
S01008090,622,351,271
S01008091,440,297,143
S01008092,978,590,388
S01008093,744,415,329
S01008094,597,366,231
S01008095,934,517,417
S01008096,676,403,273
S01008097,777,416,361
S01008098,620,365,255
S01008099,444,246,198
S01008100,869,500,369
S01008101,1012,430,582
S01008102,695,306,389
S01008103,612,201,411
S01008104,831,360,471
S01008105,994,335,659
S01008106,1287,615,672
S01008107,953,552,401
S01008108,776,449,327
S01008109,756,450,306
S01008110,751,446,305
S01008111,751,431,320
S01008112,827,523,304
S01008113,870,527,343
S01008114,767,478,289
S01008115,761,391,370
S01008116,898,569,329
S01008117,676,436,240
S01008118,1082,631,451
S01008119,633,307,326
S01008120,580,325,255
S01008121,556,393,163
S01008122,901,593,308
S01008123,892,551,341
S01008124,813,515,298
S01008125,961,584,377
S01008126,762,487,275
S01008127,411,265,146
S01008128,921,536,385
S01008129,828,344,484
S01008130,963,332,631
S01008131,642,213,429
S01008132,918,600,318
S01008133,696,348,348
S01008134,613,201,412
S01008135,1291,549,742
S01008136,1240,414,826
S01008137,1058,344,714
S01008138,794,241,553
S01008139,886,373,513
S01008140,581,237,344
S01008141,970,571,399
S01008142,806,464,342
S01008143,979,430,549
S01008144,843,521,322
S01008145,825,393,432
S01008146,546,217,329
S01008147,760,380,380
S01008148,781,424,357
S01008149,781,337,444
S01008150,1135,448,687
S01008151,865,338,527
S01008152,1052,437,615
S01008153,769,419,350
S01008154,902,541,361
S01008155,711,398,313
S01008156,876,439,437
S01008157,865,453,412
S01008158,879,458,421
S01008159,960,349,611
S01008160,1088,501,587
S01008161,1182,685,497
S01008162,1057,544,513
S01008163,699,299,400
S01008164,1318,229,1089
S01008165,653,371,282
S01008166,1023,549,474
S01008167,1214,580,634
S01008168,883,375,508
S01008169,1164,577,587
S01008170,1391,325,1066
S01008171,768,290,478
S01008172,457,244,213
S01008173,614,360,254
S01008174,448,243,205
S01008175,615,254,361
S01008176,1190,706,484
S01008177,706,321,385
S01008178,560,318,242
S01008179,297,172,125
S01008180,381,243,138
S01008181,579,342,237
S01008182,1130,325,805
S01008183,815,329,486
S01008184,804,248,556
S01008185,1076,400,676
S01008186,916,247,669
S01008187,570,216,354
S01008188,1249,462,787
S01008189,900,509,391
S01008190,823,345,478
S01008191,1149,607,542
S01008192,946,395,551
S01008193,806,378,428
S01008194,557,242,315
S01008195,888,363,525
S01008196,673,268,405
S01008197,1474,784,690
S01008198,575,280,295
S01008199,608,282,326
S01008200,690,299,391
S01008201,1065,443,622
S01008202,678,350,328
S01008203,460,159,301
S01008204,2199,1095,1104
S01008205,635,318,317
S01008206,1290,643,647
S01008207,623,273,350
S01008208,768,362,406
S01008209,500,238,262
S01008210,1159,555,604
S01008211,831,386,445
S01008212,542,330,212
S01008213,770,472,298
S01008214,712,388,324
S01008215,926,491,435
S01008216,644,394,250
S01008217,561,358,203
S01008218,1663,886,777
S01008219,1054,439,615
S01008220,459,169,290
S01008221,626,209,417
S01008222,579,248,331
S01008223,510,244,266
S01008224,783,443,340
S01008225,655,332,323
S01008226,638,245,393
S01008227,819,401,418
S01008228,671,372,299
S01008229,982,455,527
S01008230,614,328,286
S01008231,422,170,252
S01008232,211,126,85
S01008233,1271,789,482
S01008234,1584,946,638
S01008235,775,415,360
S01008236,830,463,367
S01008237,745,359,386
S01008238,862,423,439
S01008239,630,355,275
S01008240,1167,788,379
S01008241,894,587,307
S01008242,1035,632,403
S01008243,873,559,314
S01008244,811,539,272
S01008245,919,562,357
S01008246,1015,637,378
S01008247,797,468,329
S01008248,1087,644,443
S01008249,747,455,292
S01008250,919,553,366
S01008251,789,540,249
S01008252,937,582,355
S01008253,725,348,377
S01008254,1059,526,533
S01008255,809,379,430
S01008256,828,340,488
S01008257,761,322,439
S01008258,1067,594,473
S01008259,1164,576,588
S01008260,849,391,458
S01008261,945,488,457
S01008262,753,447,306
S01008263,653,325,328
S01008264,720,377,343
S01008265,563,352,211
S01008266,839,589,250
S01008267,667,407,260
S01008268,724,457,267
S01008269,972,584,388
S01008270,1023,596,427
S01008271,651,223,428
S01008272,816,481,335
S01008273,835,495,340
S01008274,764,372,392
S01008275,569,334,235
S01008276,530,345,185
S01008277,563,358,205
S01008278,637,431,206
S01008279,605,347,258
S01008280,1063,575,488
S01008281,673,391,282
S01008282,642,391,251
S01008283,973,564,409
S01008284,1219,786,433
S01008285,628,270,358
S01008286,1146,585,561
S01008287,708,358,350
S01008288,838,446,392
S01008289,647,219,428
S01008290,844,356,488
S01008291,998,568,430
S01008292,1176,674,502
S01008293,840,596,244
S01008294,540,336,204
S01008295,1008,561,447
S01008296,729,332,397
S01008297,483,229,254
S01008298,878,480,398
S01008299,929,390,539
S01008300,784,362,422
S01008301,836,490,346
S01008302,768,487,281
S01008303,666,250,416
S01008304,411,214,197
S01008305,678,414,264
S01008306,538,324,214
S01008307,643,383,260
S01008308,501,333,168
S01008309,779,232,547
S01008310,818,365,453
S01008311,576,232,344
S01008312,598,237,361
S01008313,846,313,533
S01008314,787,193,594
S01008315,617,132,485
S01008316,653,253,400
S01008317,560,222,338
S01008318,1289,753,536
S01008319,525,211,314
S01008320,574,314,260
S01008321,590,369,221
S01008322,1522,767,755
S01008323,681,268,413
S01008324,496,220,276
S01008325,903,421,482
S01008326,872,309,563
S01008327,896,382,514
S01008328,663,424,239
S01008329,816,548,268
S01008330,858,534,324
S01008331,619,329,290
S01008332,934,488,446
S01008333,992,551,441
S01008334,827,483,344
S01008335,786,365,421
S01008336,788,353,435
S01008337,663,383,280
S01008338,620,388,232
S01008339,493,288,205
S01008340,724,411,313
S01008341,484,324,160
S01008342,949,532,417
S01008343,995,586,409
S01008344,711,456,255
S01008345,1071,672,399
S01008346,841,581,260
S01008347,1026,551,475
S01008348,829,508,321
S01008349,1088,701,387
S01008350,649,433,216
S01008351,863,571,292
S01008352,730,492,238
S01008353,406,272,134
S01008354,795,517,278
S01008355,924,446,478
S01008356,707,398,309
S01008357,736,469,267
S01008358,721,360,361
S01008359,605,360,245
S01008360,1056,677,379
S01008361,646,400,246
S01008362,870,428,442
S01008363,668,342,326
S01008364,688,408,280
S01008365,808,482,326
S01008366,821,360,461
S01008367,825,324,501
S01008368,735,352,383
S01008369,632,321,311
S01008370,553,270,283
S01008371,708,448,260
S01008372,728,441,287
S01008373,925,610,315
S01008374,683,449,234
S01008375,633,408,225
S01008376,502,267,235
S01008377,748,401,347
S01008378,884,493,391
S01008379,434,278,156
S01008380,512,328,184
S01008381,832,540,292
S01008382,728,484,244
S01008383,497,312,185
S01008384,779,446,333
S01008385,542,351,191
S01008386,790,460,330
S01008387,692,426,266
S01008388,488,285,203
S01008389,657,360,297
S01008390,600,399,201
S01008391,627,354,273
S01008392,707,428,279
S01008393,722,423,299
S01008394,830,562,268
S01008395,644,391,253
S01008396,693,396,297
S01008397,809,529,280
S01008398,727,463,264
S01008399,626,331,295
S01008400,881,551,330
S01008401,1043,598,445
S01008402,900,622,278
S01008403,819,513,306
S01008404,889,538,351
S01008405,707,439,268
S01008406,952,502,450
S01008407,456,179,277
S01008408,627,337,290
S01008409,904,394,510
S01008410,736,379,357
S01008411,919,455,464
S01008412,561,287,274
S01008413,555,254,301
S01008414,508,333,175
S01008415,862,416,446
S01008416,964,391,573
S01008417,586,402,184
S01008418,584,355,229
S01008419,373,234,139
S01008420,478,295,183
S01008421,687,306,381
S01008422,774,479,295
S01008423,826,575,251
S01008424,926,652,274
S01008425,2390,557,1833
S01008426,967,493,474
S01008427,1012,636,376
S01008428,732,366,366
S01008429,774,482,292
S01008430,923,568,355
S01008431,882,549,333
S01008432,946,613,333
S01008433,685,453,232
S01008434,856,577,279
S01008435,932,600,332
S01008436,896,506,390
S01008437,686,325,361
S01008438,473,280,193
S01008439,848,589,259
S01008440,936,628,308
S01008441,817,550,267
S01008442,619,386,233
S01008443,486,326,160
S01008444,593,353,240
S01008445,807,523,284
S01008446,1312,734,578
S01008447,556,384,172
S01008448,737,467,270
S01008449,732,282,450
S01008450,429,104,325
S01008451,758,299,459
S01008452,710,202,508
S01008453,698,208,490
S01008454,992,297,695
S01008455,1023,294,729
S01008456,996,254,742
S01008457,916,300,616
S01008458,781,318,463
S01008459,665,177,488
S01008460,897,191,706
S01008461,812,178,634
S01008462,597,183,414
S01008463,757,226,531
S01008464,760,332,428
S01008465,781,325,456
S01008466,657,263,394
S01008467,711,360,351
S01008468,816,331,485
S01008469,658,293,365
S01008470,792,321,471
S01008471,626,181,445
S01008472,601,234,367
S01008473,550,194,356
S01008474,710,204,506
S01008475,879,252,627
S01008476,677,223,454
S01008477,985,300,685
S01008478,866,278,588
S01008479,959,276,683
S01008480,414,143,271
S01008481,1408,436,972
S01008482,1361,387,974
S01008483,729,293,436
S01008484,793,402,391
S01008485,948,501,447
S01008486,777,342,435
S01008487,869,309,560
S01008488,1155,381,774
S01008489,768,313,455
S01008490,1029,297,732
S01008491,855,195,660
S01008492,814,141,673
S01008493,783,242,541
S01008494,726,167,559
S01008495,1011,183,828
S01008496,1121,204,917
S01008497,894,167,727
S01008498,732,123,609
S01008499,1050,180,870
S01008500,350,61,289
S01008501,765,152,613
S01008502,619,117,502
S01008503,888,277,611
S01008504,1479,548,931
S01008505,847,318,529
S01008506,969,383,586
S01008507,801,220,581
S01008508,907,525,382
S01008509,1067,572,495
S01008510,755,440,315
S01008511,821,545,276
S01008512,940,646,294
S01008513,882,460,422
S01008514,622,316,306
S01008515,767,428,339
S01008516,1347,319,1028
S01008517,958,247,711
S01008518,969,494,475
S01008519,832,522,310
S01008520,1097,779,318
S01008521,706,523,183
S01008522,485,307,178
S01008523,923,583,340
S01008524,959,323,636
S01008525,908,289,619
S01008526,737,283,454
S01008527,595,236,359
S01008528,540,245,295
S01008529,710,330,380
S01008530,855,325,530
S01008531,793,251,542
S01008532,544,257,287
S01008533,372,287,85
S01008534,665,438,227
S01008535,597,371,226
S01008536,597,378,219
S01008537,570,393,177
S01008538,556,386,170
S01008539,918,578,340
S01008540,829,547,282
S01008541,779,529,250
S01008542,931,633,298
S01008543,766,516,250
S01008544,479,315,164
S01008545,814,559,255
S01008546,701,514,187
S01008547,941,533,408
S01008548,835,351,484
S01008549,1012,468,544
S01008550,872,480,392
S01008551,873,431,442
S01008552,870,483,387
S01008553,563,245,318
S01008554,765,289,476
S01008555,1020,320,700
S01008556,893,286,607
S01008557,770,252,518
S01008558,712,232,480
S01008559,680,294,386
S01008560,679,277,402
S01008561,896,406,490
S01008562,638,175,463
S01008563,914,362,552
S01008564,889,387,502
S01008565,844,309,535
S01008566,876,367,509
S01008567,693,284,409
S01008568,699,331,368
S01008569,601,133,468
S01008570,1039,333,706
S01008571,657,284,373
S01008572,864,385,479
S01008573,918,531,387
S01008574,879,429,450
S01008575,710,406,304
S01008576,881,459,422
S01008577,1042,526,516
S01008578,822,533,289
S01008579,821,467,354
S01008580,710,357,353
S01008581,879,317,562
S01008582,1135,436,699
S01008583,775,287,488
S01008584,1055,442,613
S01008585,787,291,496
S01008586,780,293,487
S01008587,802,402,400
S01008588,892,460,432
S01008589,313,177,136
S01008590,646,255,391
S01008591,904,421,483
S01008592,793,277,516
S01008593,691,459,232
S01008594,816,406,410
S01008595,1062,339,723
S01008596,845,219,626
S01008597,942,499,443
S01008598,1104,344,760
S01008599,897,357,540
S01008600,2496,400,2096
S01008601,2471,137,2334
S01008602,513,103,410
S01008603,985,126,859
S01008604,1016,302,714
S01008605,830,198,632
S01008606,838,471,367
S01008607,513,321,192
S01008608,720,360,360
S01008609,971,491,480
S01008610,1090,335,755
S01008611,1329,214,1115
S01008612,725,98,627
S01008613,916,243,673
S01008614,864,119,745
S01008615,859,165,694
S01008616,802,131,671
S01008617,884,142,742
S01008618,681,77,604
S01008619,493,79,414
S01008620,766,119,647
S01008621,816,130,686
S01008622,760,155,605
S01008623,1022,315,707
S01008624,761,363,398
S01008625,464,288,176
S01008626,916,432,484
S01008627,650,410,240
S01008628,691,216,475
S01008629,921,299,622
S01008630,667,131,536
S01008631,830,170,660
S01008632,1153,348,805
S01008633,1027,504,523
S01008634,612,262,350
S01008635,746,286,460
S01008636,824,336,488
S01008637,689,242,447
S01008638,1389,252,1137
S01008639,1138,331,807
S01008640,1096,255,841
S01008641,1067,229,838
S01008642,939,237,702
S01008643,848,294,554
S01008644,625,132,493
S01008645,927,232,695
S01008646,1131,317,814
S01008647,667,143,524
S01008648,930,169,761
S01008649,1219,217,1002
S01008650,873,141,732
S01008651,1168,138,1030
S01008652,716,89,627
S01008653,640,119,521
S01008654,1136,191,945
S01008655,872,198,674
S01008656,1364,205,1159
S01008657,1009,182,827
S01008658,1689,189,1500
S01008659,1144,152,992
S01008660,1095,147,948
S01008661,1234,143,1091
S01008662,1027,81,946
S01008663,972,107,865
S01008664,955,151,804
S01008665,1617,195,1422
S01008666,1005,125,880
S01008667,1414,232,1182
S01008668,1210,109,1101
S01008669,643,42,601
S01008670,1098,105,993
S01008671,1145,98,1047
S01008672,654,89,565
S01008673,1079,200,879
S01008674,1011,86,925
S01008675,831,153,678
S01008676,913,168,745
S01008677,852,97,755
S01008678,1398,112,1286
S01008679,1315,101,1214
S01008680,894,130,764
S01008681,1031,124,907
S01008682,896,147,749
S01008683,1970,225,1745
S01008684,2751,233,2518
S01008685,837,192,645
S01008686,1155,234,921
S01008687,944,174,770
S01008688,1277,304,973
S01008689,1114,251,863
S01008690,988,240,748
S01008691,1217,230,987
S01008692,1073,226,847
S01008693,524,236,288
S01008694,1285,335,950
S01008695,843,308,535
S01008696,550,295,255
S01008697,907,532,375
S01008698,635,355,280
S01008699,939,372,567
S01008700,620,333,287
S01008701,687,191,496
S01008702,713,217,496
S01008703,1072,330,742
S01008704,1264,425,839
S01008705,710,209,501
S01008706,989,309,680
S01008707,945,257,688
S01008708,806,191,615
S01008709,746,264,482
S01008710,717,225,492
S01008711,642,211,431
S01008712,1013,324,689
S01008713,470,120,350
S01008714,555,195,360
S01008715,648,251,397
S01008716,587,230,357
S01008717,422,211,211
S01008718,529,245,284
S01008719,907,456,451
S01008720,515,209,306
S01008721,641,375,266
S01008722,903,516,387
S01008723,679,346,333
S01008724,862,493,369
S01008725,614,306,308
S01008726,937,515,422
S01008727,1017,459,558
S01008728,477,190,287
S01008729,636,328,308
S01008730,882,313,569
S01008731,460,173,287
S01008732,675,199,476
S01008733,789,272,517
S01008734,648,365,283
S01008735,953,623,330
S01008736,606,360,246
S01008737,674,399,275
S01008738,745,479,266
S01008739,471,247,224
S01008740,595,354,241
S01008741,945,573,372
S01008742,649,311,338
S01008743,931,288,643
S01008744,881,332,549
S01008745,469,184,285
S01008746,895,254,641
S01008747,490,240,250
S01008748,894,563,331
S01008749,1016,624,392
S01008750,666,425,241
S01008751,864,320,544
S01008752,828,229,599
S01008753,777,215,562
S01008754,780,190,590
S01008755,873,204,669
S01008756,732,191,541
S01008757,662,168,494
S01008758,842,231,611
S01008759,591,185,406
S01008760,1113,390,723
S01008761,701,231,470
S01008762,486,226,260
S01008763,697,339,358
S01008764,586,293,293
S01008765,1017,450,567
S01008766,1219,615,604
S01008767,753,357,396
S01008768,2435,793,1642
S01008769,1985,630,1355
S01008770,1874,608,1266
S01008771,1874,608,1266
S01008772,1049,416,633
S01008773,986,291,695
S01008774,789,196,593
S01008775,461,163,298
S01008776,1138,237,901
S01008777,1013,238,775
S01008778,909,160,749
S01008779,1006,324,682
S01008780,821,188,633
S01008781,972,181,791
S01008782,882,215,667
S01008783,480,108,372
S01008784,690,167,523
S01008785,905,218,687
S01008786,1086,197,889
S01008787,579,121,458
S01008788,781,178,603
S01008789,582,198,384
S01008790,833,147,686
S01008791,873,254,619
S01008792,878,277,601
S01008793,979,210,769
S01008794,878,238,640
S01008795,1149,278,871
S01008796,1014,228,786
S01008797,979,198,781
S01008798,914,212,702
S01008799,673,157,516
S01008800,1127,256,871
S01008801,798,184,614
S01008802,1163,236,927
S01008803,1002,215,787
S01008804,845,165,680
S01008805,739,133,606
S01008806,1100,275,825
S01008807,923,211,712
S01008808,614,152,462
S01008809,721,247,474
S01008810,920,218,702
S01008811,794,193,601
S01008812,913,163,750
S01008813,874,246,628
S01008814,1133,286,847
S01008815,1141,301,840
S01008816,473,105,368
S01008817,1026,243,783
S01008818,977,326,651
S01008819,943,334,609
S01008820,1322,317,1005
S01008821,618,307,311
S01008822,680,367,313
S01008823,814,390,424
S01008824,1083,531,552
S01008825,512,268,244
S01008826,589,212,377
S01008827,840,416,424
S01008828,854,393,461
S01008829,855,482,373
S01008830,967,529,438
S01008831,875,509,366
S01008832,655,320,335
S01008833,955,389,566
S01008834,1069,517,552
S01008835,881,469,412
S01008836,472,101,371
S01008837,1487,461,1026
S01008838,933,275,658
S01008839,1075,367,708
S01008840,934,337,597
S01008841,1158,275,883
S01008842,133,63,70
S01008843,912,189,723
S01008844,873,210,663
S01008845,795,184,611
S01008846,844,201,643
S01008847,773,181,592
S01008848,852,240,612
S01008849,968,275,693
S01008850,1316,420,896
S01008851,1119,300,819
S01008852,1107,462,645
S01008853,607,153,454
S01008854,938,270,668
S01008855,1070,295,775
S01008856,644,175,469
S01008857,885,267,618
S01008858,1035,314,721
S01008859,1041,244,797
S01008860,1140,305,835
S01008861,819,432,387
S01008862,993,237,756
S01008863,701,243,458
S01008864,1174,338,836
S01008865,960,276,684
S01008866,927,286,641
S01008867,841,397,444
S01008868,1045,295,750
S01008869,1003,357,646
S01008870,1059,439,620
S01008871,1189,377,812
S01008872,931,289,642
S01008873,687,369,318
S01008874,769,243,526
S01008875,1012,268,744
S01008876,693,299,394
S01008877,672,324,348
S01008878,1002,467,535
S01008879,696,301,395
S01008880,629,295,334
S01008881,570,298,272
S01008882,1040,544,496
S01008883,982,602,380
S01008884,684,450,234
S01008885,739,502,237
S01008886,983,456,527
S01008887,643,332,311
S01008888,1155,345,810
S01008889,745,347,398
S01008890,693,434,259
S01008891,628,411,217
S01008892,1007,467,540
S01008893,890,609,281
S01008894,796,567,229
S01008895,677,386,291
S01008896,816,537,279
S01008897,717,443,274
S01008898,821,518,303
S01008899,669,197,472
S01008900,789,319,470
S01008901,941,428,513
S01008902,914,333,581
S01008903,909,400,509
S01008904,897,303,594
S01008905,993,277,716
S01008906,741,206,535
S01008907,741,199,542
S01008908,858,318,540
S01008909,896,405,491
S01008910,1451,564,887
S01008911,1188,392,796
S01008912,722,396,326
S01008913,390,176,214
S01008914,937,447,490
S01008915,561,262,299
S01008916,1071,341,730
S01008917,562,117,445
S01008918,598,171,427
S01008919,513,128,385
S01008920,1252,355,897
S01008921,1142,289,853
S01008922,947,355,592
S01008923,1086,287,799
S01008924,1787,585,1202
S01008925,593,239,354
S01008926,1298,462,836
S01008927,963,304,659
S01008928,721,243,478
S01008929,1146,253,893
S01008930,838,264,574
S01008931,594,182,412
S01008932,936,308,628
S01008933,680,231,449
S01008934,644,245,399
S01008935,882,511,371
S01008936,506,360,146
S01008937,694,294,400
S01008938,816,512,304
S01008939,659,391,268
S01008940,634,447,187
S01008941,727,486,241
S01008942,977,580,397
S01008943,672,471,201
S01008944,809,526,283
S01008945,879,592,287
S01008946,769,498,271
S01008947,936,628,308
S01008948,881,435,446
S01008949,1115,536,579
S01008950,883,409,474
S01008951,872,285,587
S01008952,1189,447,742
S01008953,940,432,508
S01008954,833,309,524
S01008955,722,355,367
S01008956,1009,411,598
S01008957,911,444,467
S01008958,687,260,427
S01008959,850,427,423
S01008960,757,482,275
S01008961,834,378,456
S01008962,530,300,230
S01008963,815,499,316
S01008964,615,413,202
S01008965,628,424,204
S01008966,745,463,282
S01008967,937,623,314
S01008968,940,634,306
S01008969,897,548,349
S01008970,937,566,371
S01008971,568,379,189
S01008972,1271,700,571
S01008973,727,326,401
S01008974,764,365,399
S01008975,799,321,478
S01008976,607,365,242
S01008977,706,452,254
S01008978,574,262,312
S01008979,657,273,384
S01008980,620,258,362
S01008981,688,439,249
S01008982,730,283,447
S01008983,687,167,520
S01008984,390,161,229
S01008985,668,315,353
S01008986,794,501,293
S01008987,884,533,351
S01008988,928,351,577
S01008989,880,368,512
S01008990,1014,412,602
S01008991,1002,530,472
S01008992,382,209,173
S01008993,1055,558,497
S01008994,839,461,378
S01008995,909,546,363
S01008996,602,299,303
S01008997,865,453,412
S01008998,882,433,449
S01008999,805,358,447
S01009000,927,582,345
S01009001,653,433,220
S01009002,735,448,287
S01009003,819,507,312
S01009004,670,379,291
S01009005,805,439,366
S01009006,1095,582,513
S01009007,709,347,362
S01009008,780,432,348
S01009009,381,107,274
S01009010,1114,670,444
S01009011,956,616,340
S01009012,722,455,267
S01009013,854,525,329
S01009014,673,287,386
S01009015,511,240,271
S01009016,436,225,211
S01009017,588,281,307
S01009018,601,300,301
S01009019,726,376,350
S01009020,833,404,429
S01009021,634,319,315
S01009022,788,353,435
S01009023,810,430,380
S01009024,1066,535,531
S01009025,761,383,378
S01009026,956,473,483
S01009027,769,396,373
S01009028,544,290,254
S01009029,713,353,360
S01009030,866,425,441
S01009031,656,329,327
S01009032,559,300,259
S01009033,745,390,355
S01009034,558,322,236
S01009035,760,428,332
S01009036,814,426,388
S01009037,798,407,391
S01009038,868,468,400
S01009039,778,321,457
S01009040,721,241,480
S01009041,998,342,656
S01009042,724,291,433
S01009043,1042,448,594
S01009044,905,382,523
S01009045,931,410,521
S01009046,710,394,316
S01009047,648,363,285
S01009048,686,405,281
S01009049,641,357,284
S01009050,815,425,390
S01009051,859,417,442
S01009052,759,382,377
S01009053,424,110,314
S01009054,584,276,308
S01009055,693,395,298
S01009056,432,183,249
S01009057,614,183,431
S01009058,879,376,503
S01009059,700,361,339
S01009060,966,535,431
S01009061,763,406,357
S01009062,723,349,374
S01009063,614,361,253
S01009064,563,253,310
S01009065,1328,595,733
S01009066,594,277,317
S01009067,494,328,166
S01009068,732,341,391
S01009069,742,466,276
S01009070,770,444,326
S01009071,540,309,231
S01009072,984,635,349
S01009073,703,342,361
S01009074,842,385,457
S01009075,587,303,284
S01009076,933,524,409
S01009077,755,429,326
S01009078,454,273,181
S01009079,1109,478,631
S01009080,1622,810,812
S01009081,1234,682,552
S01009082,1348,700,648
S01009083,625,319,306
S01009084,3082,1889,1193
S01009085,977,612,365
S01009086,1313,796,517
S01009087,1223,716,507
S01009088,997,628,369
S01009089,642,285,357
S01009090,376,170,206
S01009091,1323,857,466
S01009092,872,461,411
S01009093,792,343,449
S01009094,735,525,210
S01009095,1105,557,548
S01009096,879,440,439
S01009097,1389,786,603
S01009098,426,287,139
S01009099,708,338,370
S01009100,1029,398,631
S01009101,854,398,456
S01009102,797,305,492
S01009103,551,338,213
S01009104,650,312,338
S01009105,639,317,322
S01009106,658,323,335
S01009107,988,549,439
S01009108,755,462,293
S01009109,805,529,276
S01009110,664,340,324
S01009111,865,451,414
S01009112,470,317,153
S01009113,545,307,238
S01009114,716,412,304
S01009115,789,377,412
S01009116,681,393,288
S01009117,600,268,332
S01009118,471,305,166
S01009119,735,368,367
S01009120,609,308,301
S01009121,918,407,511
S01009122,1117,628,489
S01009123,300,160,140
S01009124,725,421,304
S01009125,802,412,390
S01009126,646,232,414
S01009127,534,187,347
S01009128,811,211,600
S01009129,488,175,313
S01009130,565,244,321
S01009131,701,228,473
S01009132,740,369,371
S01009133,626,246,380
S01009134,838,404,434
S01009135,447,185,262
S01009136,901,511,390
S01009137,1107,687,420
S01009138,834,429,405
S01009139,495,131,364
S01009140,616,221,395
S01009141,578,124,454
S01009142,747,217,530
S01009143,501,156,345
S01009144,1173,540,633
S01009145,1505,701,804
S01009146,1003,417,586
S01009147,1309,565,744
S01009148,611,286,325
S01009149,744,366,378
S01009150,745,278,467
S01009151,766,331,435
S01009152,796,239,557
S01009153,681,224,457
S01009154,852,406,446
S01009155,572,293,279
S01009156,1110,714,396
S01009157,756,380,376
S01009158,708,314,394
S01009159,496,158,338
S01009160,583,218,365
S01009161,762,231,531
S01009162,643,194,449
S01009163,494,207,287
S01009164,788,383,405
S01009165,591,225,366
S01009166,770,279,491
S01009167,582,275,307
S01009168,949,546,403
S01009169,791,323,468
S01009170,529,241,288
S01009171,1384,753,631
S01009172,860,501,359
S01009173,1138,769,369
S01009174,68,46,22
S01009175,1314,912,402
S01009176,1131,787,344
S01009177,648,282,366
S01009178,638,249,389
S01009179,681,351,330
S01009180,805,386,419
S01009181,1165,639,526
S01009182,949,539,410
S01009183,828,498,330
S01009184,983,470,513
S01009185,896,441,455
S01009186,797,433,364
S01009187,893,562,331
S01009188,1115,575,540
S01009189,1171,665,506
S01009190,1322,512,810
S01009191,545,385,160
S01009192,1171,428,743
S01009193,606,305,301
S01009194,780,507,273
S01009195,1277,479,798
S01009196,584,293,291
S01009197,1569,1043,526
S01009198,705,417,288
S01009199,695,420,275
S01009200,1076,682,394
S01009201,562,312,250
S01009202,451,306,145
S01009203,485,213,272
S01009204,855,401,454
S01009205,975,569,406
S01009206,896,487,409
S01009207,792,505,287
S01009208,540,323,217
S01009209,1131,603,528
S01009210,734,368,366
S01009211,587,250,337
S01009212,744,367,377
S01009213,746,281,465
S01009214,1025,540,485
S01009215,915,432,483
S01009216,911,428,483
S01009217,679,231,448
S01009218,964,501,463
S01009219,635,271,364
S01009220,528,218,310
S01009221,506,229,277
S01009222,518,230,288
S01009223,463,239,224
S01009224,837,356,481
S01009225,642,303,339
S01009226,1036,404,632
S01009227,580,233,347
S01009228,645,229,416
S01009229,784,393,391
S01009230,750,352,398
S01009231,810,420,390
S01009232,557,146,411
S01009233,654,316,338
S01009234,923,312,611
S01009235,759,317,442
S01009236,625,351,274
S01009237,643,351,292
S01009238,844,401,443
S01009239,702,274,428
S01009240,541,108,433
S01009241,721,262,459
S01009242,776,465,311
S01009243,928,528,400
S01009244,694,482,212
S01009245,711,406,305
S01009246,860,437,423
S01009247,1010,484,526
S01009248,589,354,235
S01009249,879,369,510
S01009250,637,313,324
S01009251,462,273,189
S01009252,359,237,122
S01009253,615,296,319
S01009254,763,310,453
S01009255,664,203,461
S01009256,535,318,217
S01009257,598,269,329
S01009258,1266,715,551
S01009259,880,551,329
S01009260,1707,819,888
S01009261,678,265,413
S01009262,673,278,395
S01009263,972,479,493
S01009264,666,350,316
S01009265,671,310,361
S01009266,916,484,432
S01009267,715,320,395
S01009268,774,393,381
S01009269,1234,626,608
S01009270,627,260,367
S01009271,744,466,278
S01009272,704,325,379
S01009273,790,495,295
S01009274,751,418,333
S01009275,563,279,284
S01009276,882,556,326
S01009277,635,438,197
S01009278,672,402,270
S01009279,880,511,369
S01009280,698,272,426
S01009281,744,305,439
S01009282,1108,643,465
S01009283,482,259,223
S01009284,650,390,260
S01009285,705,408,297
S01009286,840,491,349
S01009287,706,472,234
S01009288,808,477,331
S01009289,762,460,302
S01009290,538,363,175
S01009291,986,617,369
S01009292,425,182,243
S01009293,785,423,362
S01009294,790,503,287
S01009295,621,401,220
S01009296,830,465,365
S01009297,1306,808,498
S01009298,1078,350,728
S01009299,928,393,535
S01009300,530,163,367
S01009301,909,231,678
S01009302,736,198,538
S01009303,666,357,309
S01009304,975,447,528
S01009305,895,341,554
S01009306,1091,357,734
S01009307,1158,369,789
S01009308,965,253,712
S01009309,625,220,405
S01009310,804,465,339
S01009311,797,372,425
S01009312,852,322,530
S01009313,561,202,359
S01009314,751,441,310
S01009315,593,259,334
S01009316,772,441,331
S01009317,763,472,291
S01009318,790,505,285
S01009319,835,540,295
S01009320,769,419,350
S01009321,872,569,303
S01009322,725,444,281
S01009323,1160,643,517
S01009324,506,217,289
S01009325,766,467,299
S01009326,446,153,293
S01009327,562,319,243
S01009328,877,579,298
S01009330,118,30,88
S01009331,923,609,314
S01009332,704,438,266
S01009333,724,277,447
S01009334,511,182,329
S01009335,634,287,347
S01009336,518,156,362
S01009337,719,275,444
S01009338,1503,777,726
S01009339,874,274,600
S01009340,709,287,422
S01009341,799,320,479
S01009342,710,289,421
S01009343,453,199,254
S01009344,627,302,325
S01009345,961,466,495
S01009346,4342,2611,1731
S01009347,4495,2699,1796
S01009348,4428,2656,1772
S01009349,763,487,276
S01009350,131,69,62
S01009351,86,45,41
S01009352,63,44,19
S01009353,4668,2812,1856
S01009354,5105,3098,2007
S01009355,867,540,327
S01009356,828,504,324
S01009357,525,346,179
S01009358,360,259,101
S01009359,918,584,334
S01009360,704,378,326
S01009361,731,429,302
S01009362,1008,637,371
S01009363,786,377,409
S01009364,694,361,333
S01009365,679,333,346
S01009366,728,340,388
S01009367,611,267,344
S01009368,771,423,348
S01009369,812,415,397
S01009370,737,367,370
S01009371,438,213,225
S01009372,531,250,281
S01009373,765,273,492
S01009374,853,377,476
S01009375,631,288,343
S01009376,733,343,390
S01009377,1016,341,675
S01009378,968,429,539
S01009379,688,368,320
S01009380,607,311,296
S01009381,618,270,348
S01009382,1218,478,740
S01009383,843,326,517
S01009384,466,273,193
S01009385,600,330,270
S01009386,896,383,513
S01009387,746,375,371
S01009388,915,275,640
S01009389,877,422,455
S01009390,558,374,184
S01009391,632,388,244
S01009392,405,270,135
S01009393,738,476,262
S01009394,792,383,409
S01009395,863,613,250
S01009396,613,429,184
S01009397,597,358,239
S01009398,1001,568,433
S01009399,851,519,332
S01009400,782,424,358
S01009401,790,501,289
S01009402,685,451,234
S01009403,580,350,230
S01009404,497,209,288
S01009405,613,358,255
S01009406,822,352,470
S01009407,427,230,197
S01009408,688,395,293
S01009409,655,330,325
S01009410,698,303,395
S01009411,1090,519,571
S01009412,712,306,406
S01009413,1085,542,543
S01009414,662,369,293
S01009415,1013,409,604
S01009416,520,341,179
S01009417,1131,673,458
S01009418,1138,529,609
S01009419,1582,849,733
S01009420,573,182,391
S01009421,553,235,318
S01009422,1728,960,768
S01009423,1016,620,396
S01009424,632,368,264
S01009425,734,352,382
S01009426,852,314,538
S01009427,504,178,326
S01009428,566,239,327
S01009429,698,289,409
S01009430,604,245,359
S01009431,1592,835,757
S01009432,857,368,489
S01009433,632,254,378
S01009434,444,200,244
S01009435,763,296,467
S01009436,651,277,374
S01009437,779,338,441
S01009438,921,425,496
S01009439,911,429,482
S01009440,730,295,435
S01009441,722,271,451
S01009442,1025,587,438
S01009443,2096,1206,890
S01009444,722,478,244
S01009445,896,474,422
S01009446,1271,526,745
S01009447,645,281,364
S01009448,614,322,292
S01009449,556,272,284
S01009450,547,166,381
S01009451,981,413,568
S01009452,698,236,462
S01009453,891,345,546
S01009454,880,501,379
S01009455,1143,679,464
S01009456,727,305,422
S01009457,658,380,278
S01009458,568,246,322
S01009459,906,349,557
S01009460,650,189,461
S01009461,563,350,213
S01009462,968,562,406
S01009463,866,504,362
S01009464,691,401,290
S01009465,978,564,414
S01009466,687,415,272
S01009467,720,433,287
S01009468,638,270,368
S01009469,692,343,349
S01009470,1302,799,503
S01009471,595,199,396
S01009472,948,374,574
S01009473,863,267,596
S01009474,685,264,421
S01009475,201,129,72
S01009476,1003,649,354
S01009477,942,375,567
S01009478,851,257,594
S01009479,932,349,583
S01009480,999,508,491
S01009481,801,273,528
S01009482,566,191,375
S01009483,614,217,397
S01009484,1076,466,610
S01009485,654,297,357
S01009486,692,355,337
S01009487,1004,485,519
S01009488,759,426,333
S01009489,730,285,445
S01009490,655,228,427
S01009491,594,265,329
S01009492,732,356,376
S01009493,1596,1055,541
S01009494,953,590,363
S01009495,727,432,295
S01009496,660,318,342
S01009497,931,484,447
S01009498,554,375,179
S01009499,665,359,306
S01009500,688,229,459
S01009501,656,279,377
S01009502,789,342,447
S01009503,808,360,448
S01009504,644,240,404
S01009505,699,201,498
S01009506,893,319,574
S01009507,844,393,451
S01009508,928,341,587
S01009509,869,338,531
S01009510,689,422,267
S01009511,779,500,279
S01009512,817,527,290
S01009513,778,517,261
S01009514,695,452,243
S01009515,690,342,348
S01009516,965,506,459
S01009517,77,36,41
S01009518,1608,948,660
S01009519,768,450,318
S01009520,2179,1298,881
S01009521,769,371,398
S01009522,929,417,512
S01009523,622,246,376
S01009524,683,257,426
S01009525,447,165,282
S01009526,576,191,385
S01009527,749,258,491
S01009528,729,240,489
S01009529,923,406,517
S01009530,794,450,344
S01009531,771,305,466
S01009532,863,353,510
S01009533,790,238,552
S01009534,651,169,482
S01009535,715,205,510
S01009536,417,175,242
S01009537,502,213,289
S01009538,873,273,600
S01009539,832,418,414
S01009540,854,289,565
S01009541,1032,557,475
S01009542,855,350,505
S01009543,821,439,382
S01009544,861,458,403
S01009545,888,452,436
S01009546,623,279,344
S01009547,815,408,407
S01009548,845,398,447
S01009549,1080,603,477
S01009550,462,250,212
S01009551,530,263,267
S01009552,1470,808,662
S01009553,880,336,544
S01009554,678,287,391
S01009555,760,342,418
S01009556,727,311,416
S01009557,751,271,480
S01009558,513,207,306
S01009559,962,380,582
S01009560,651,239,412
S01009561,507,184,323
S01009562,919,428,491
S01009563,749,359,390
S01009564,566,302,264
S01009565,457,211,246
S01009566,1307,712,595
S01009567,770,328,442
S01009568,700,316,384
S01009569,828,419,409
S01009570,531,219,312
S01009571,612,195,417
S01009572,842,307,535
S01009573,585,245,340
S01009574,1216,559,657
S01009575,673,298,375
S01009576,1098,667,431
S01009577,746,446,300
S01009578,858,381,477
S01009579,236,111,125
S01009580,915,570,345
S01009581,646,348,298
S01009582,458,206,252
S01009583,623,281,342
S01009584,432,240,192
S01009585,986,512,474
S01009586,930,466,464
S01009587,869,364,505
S01009588,897,396,501
S01009589,924,444,480
S01009590,722,489,233
S01009591,805,467,338
S01009592,902,589,313
S01009593,573,362,211
S01009594,496,320,176
S01009595,644,355,289
S01009596,838,385,453
S01009597,805,290,515
S01009598,540,177,363
S01009599,948,437,511
S01009600,812,298,514
S01009601,708,283,425
S01009602,614,427,187
S01009603,588,339,249
S01009604,605,313,292
S01009605,810,433,377
S01009606,629,331,298
S01009607,445,316,129
S01009608,489,207,282
S01009609,885,494,391
S01009610,897,435,462
S01009611,368,253,115
S01009612,506,241,265
S01009613,568,375,193
S01009614,535,334,201
S01009615,537,331,206
S01009616,1376,768,608
S01009617,664,393,271
S01009618,797,338,459
S01009619,611,249,362
S01009620,767,301,466
S01009621,655,269,386
S01009622,669,176,493
S01009623,606,274,332
S01009624,733,334,399
S01009625,1292,652,640
S01009626,642,253,389
S01009627,747,334,413
S01009628,551,267,284
S01009629,1263,625,638
S01009630,632,249,383
S01009631,653,191,462
S01009632,548,157,391
S01009633,548,202,346
S01009634,664,274,390
S01009635,1023,411,612
S01009636,752,200,552
S01009637,792,335,457
S01009638,555,229,326
S01009639,878,473,405
S01009640,732,259,473
S01009641,759,282,477
S01009642,863,339,524
S01009643,633,389,244
S01009644,464,223,241
S01009645,726,320,406
S01009646,583,293,290
S01009647,512,170,342
S01009648,1054,502,552
S01009649,1220,631,589
S01009650,692,442,250
S01009651,790,453,337
S01009652,962,551,411
S01009653,663,435,228
S01009654,475,224,251
S01009655,799,352,447
S01009656,692,274,418
S01009657,810,424,386
S01009658,952,508,444
S01009659,524,237,287
S01009660,820,412,408
S01009661,1455,910,545
S01009662,722,408,314
S01009663,650,340,310
S01009664,926,576,350
S01009665,1133,651,482
S01009666,975,562,413
S01009667,437,282,155
S01009668,463,276,187
S01009669,517,299,218
S01009670,651,345,306
S01009671,770,408,362
S01009672,1012,544,468
S01009673,742,374,368
S01009674,952,565,387
S01009675,748,436,312
S01009676,1116,641,475
S01009677,625,358,267
S01009678,509,276,233
S01009679,972,454,518
S01009680,1048,497,551
S01009681,673,295,378
S01009682,710,452,258
S01009683,759,363,396
S01009684,1176,688,488
S01009685,938,474,464
S01009686,1121,459,662
S01009687,837,471,366
S01009688,955,386,569
S01009689,519,176,343
S01009690,663,270,393
S01009691,626,366,260
S01009692,1065,608,457
S01009693,734,453,281
S01009694,1043,635,408
S01009695,792,510,282
S01009696,845,510,335
S01009697,668,388,280
S01009698,590,357,233
S01009699,494,286,208
S01009700,551,294,257
S01009701,682,393,289
S01009702,518,299,219
S01009703,704,366,338
S01009704,906,529,377
S01009705,618,294,324
S01009706,661,318,343
S01009707,404,202,202
S01009708,634,362,272
S01009709,693,379,314
S01009710,521,279,242
S01009711,830,374,456
S01009712,566,308,258
S01009713,775,404,371
S01009714,802,447,355
S01009715,564,286,278
S01009716,1106,565,541
S01009717,1332,339,993
S01009718,780,244,536
S01009719,839,367,472
S01009720,777,299,478
S01009721,651,64,587
S01009722,1078,141,937
S01009723,1040,132,908
S01009724,1004,195,809
S01009725,1007,192,815
S01009726,1026,96,930
S01009727,1300,696,604
S01009728,640,380,260
S01009729,840,534,306
S01009730,1430,740,690
S01009731,877,470,407
S01009732,3055,331,2724
S01009733,595,347,248
S01009734,1609,699,910
S01009735,1213,450,763
S01009736,3136,171,2965
S01009737,636,436,200
S01009738,371,184,187
S01009739,572,369,203
S01009740,652,321,331
S01009741,704,280,424
S01009742,418,275,143
S01009743,1002,658,344
S01009744,698,445,253
S01009745,956,619,337
S01009746,663,412,251
S01009747,830,390,440
S01009748,588,388,200
S01009749,815,454,361
S01009750,621,280,341
S01009751,872,382,490
S01009752,736,469,267
S01009753,719,398,321
S01009754,1290,625,665
S01009755,547,293,254
S01009756,739,460,279
S01009757,656,455,201
S01009758,864,376,488
S01009759,873,216,657
S01009760,852,275,577
S01009761,1758,1031,727
S01009762,835,278,557
S01009763,346,200,146
S01009764,902,346,556
S01009765,852,349,503
S01009766,675,333,342
S01009767,1602,907,695
S01009768,588,247,341
S01009769,1175,502,673
S01009770,661,390,271
S01009771,671,401,270
S01009772,1520,916,604
S01009773,132,54,78
S01009774,70,44,26
S01009775,682,188,494
S01009776,881,224,657
S01009777,477,107,370
S01009778,941,310,631
S01009779,645,165,480
S01009780,980,310,670
S01009781,633,161,472
S01009782,772,296,476
S01009783,566,159,407
S01009784,744,232,512
S01009785,899,249,650
S01009786,880,205,675
S01009787,700,193,507
S01009788,1047,401,646
S01009789,961,333,628
S01009790,807,302,505
S01009791,599,179,420
S01009792,342,196,146
S01009793,816,380,436
S01009794,371,225,146
S01009795,779,453,326
S01009796,1532,749,783
S01009797,762,413,349
S01009798,823,395,428
S01009799,1125,309,816
S01009800,968,328,640
S01009801,965,318,647
S01009802,772,253,519
S01009803,870,274,596
S01009804,1278,591,687
S01009805,743,235,508
S01009806,1045,311,734
S01009807,740,264,476
S01009808,1106,295,811
S01009809,858,283,575
S01009810,767,229,538
S01009811,1075,336,739
S01009812,723,218,505
S01009813,862,248,614
S01009814,940,387,553
S01009815,824,290,534
S01009816,901,357,544
S01009817,724,275,449
S01009818,852,477,375
S01009819,866,398,468
S01009820,790,342,448
S01009821,617,302,315
S01009822,614,248,366
S01009823,854,264,590
S01009824,844,301,543
S01009825,1062,361,701
S01009826,609,196,413
S01009827,695,243,452
S01009828,1038,345,693
S01009829,912,279,633
S01009830,729,281,448
S01009831,905,344,561
S01009832,900,340,560
S01009833,524,229,295
S01009834,910,296,614
S01009835,486,104,382
S01009836,815,359,456
S01009837,881,289,592
S01009838,635,158,477
S01009839,894,121,773
S01009840,848,301,547
S01009841,979,202,777
S01009842,775,237,538
S01009843,590,143,447
S01009844,600,113,487
S01009845,1074,223,851
S01009846,810,253,557
S01009847,588,123,465
S01009848,738,253,485
S01009849,910,238,672
S01009850,861,277,584
S01009851,931,303,628
S01009852,495,200,295
S01009853,765,251,514
S01009854,764,278,486
S01009855,645,264,381
S01009856,548,161,387
S01009857,732,301,431
S01009858,822,326,496
S01009859,934,208,726
S01009860,938,200,738
S01009861,1192,273,919
S01009862,961,219,742
S01009863,844,229,615
S01009864,733,154,579
S01009865,493,116,377
S01009866,898,281,617
S01009867,1132,246,886
S01009868,974,251,723
S01009869,736,222,514
S01009870,758,194,564
S01009871,853,280,573
S01009872,687,238,449
S01009873,788,338,450
S01009874,868,351,517
S01009875,674,262,412
S01009876,827,259,568
S01009877,761,370,391
S01009878,542,252,290
S01009879,829,498,331
S01009880,920,484,436
S01009881,710,291,419
S01009882,1213,359,854
S01009883,948,363,585
S01009884,772,335,437
S01009885,663,317,346
S01009886,626,251,375
S01009887,897,272,625
S01009888,602,262,340
S01009889,908,334,574
S01009890,624,211,413
S01009891,635,198,437
S01009892,1013,305,708
S01009893,790,226,564
S01009894,832,220,612
S01009895,745,242,503
S01009896,987,264,723
S01009897,1059,412,647
S01009898,796,308,488
S01009899,910,237,673
S01009900,1024,247,777
S01009901,905,254,651
S01009902,984,295,689
S01009903,832,335,497
S01009904,696,182,514
S01009905,622,187,435
S01009906,557,172,385
S01009907,1156,221,935
S01009908,1124,369,755
S01009909,814,203,611
S01009910,713,204,509
S01009911,1041,449,592
S01009912,893,418,475
S01009913,809,488,321
S01009914,819,443,376
S01009915,752,366,386
S01009916,997,579,418
S01009917,721,354,367
S01009918,714,407,307
S01009919,1034,287,747
S01009920,994,244,750
S01009921,714,141,573
S01009922,1163,282,881
S01009923,872,210,662
S01009924,985,228,757
S01009925,1025,244,781
S01009926,862,245,617
S01009927,542,164,378
S01009928,821,291,530
S01009929,483,232,251
S01009930,929,236,693
S01009931,795,170,625
S01009932,924,261,663
S01009933,1391,373,1018
S01009934,1169,522,647
S01009935,670,129,541
S01009936,954,320,634
S01009937,621,164,457
S01009938,865,256,609
S01009939,919,180,739
S01009940,678,184,494
S01009941,961,503,458
S01009942,933,310,623
S01009943,1029,300,729
S01009944,884,380,504
S01009945,881,248,633
S01009946,816,288,528
S01009947,699,285,414
S01009948,1015,372,643
S01009949,783,305,478
S01009950,593,355,238
S01009951,694,436,258
S01009952,877,443,434
S01009953,1098,553,545
S01009954,582,317,265
S01009955,962,438,524
S01009956,710,259,451
S01009957,1055,599,456
S01009958,957,562,395
S01009959,756,425,331
S01009960,1127,506,621
S01009961,580,230,350
S01009962,949,266,683
S01009963,969,540,429
S01009964,1027,492,535
S01009965,783,477,306
S01009966,979,576,403
S01009967,862,425,437
S01009968,523,288,235
S01009969,1128,565,563
S01009970,835,196,639
S01009971,1226,434,792
S01009972,744,303,441
S01009973,656,282,374
S01009974,730,187,543
S01009975,704,148,556
S01009976,612,134,478
S01009977,953,182,771
S01009978,1062,241,821
S01009979,856,227,629
S01009980,603,121,482
S01009981,762,177,585
S01009982,767,245,522
S01009983,499,83,416
S01009984,797,237,560
S01009985,467,97,370
S01009986,571,143,428
S01009987,747,235,512
S01009988,597,145,452
S01009989,851,307,544
S01009990,805,309,496
S01009991,816,325,491
S01009992,748,189,559
S01009993,659,269,390
S01009994,532,214,318
S01009995,535,206,329
S01009996,702,281,421
S01009997,524,205,319
S01009998,779,429,350
S01009999,723,411,312
S01010000,681,273,408
S01010001,617,268,349
S01010002,1090,464,626
S01010003,792,426,366
S01010004,770,429,341
S01010005,886,165,721
S01010006,1175,224,951
S01010007,805,400,405
S01010008,689,180,509
S01010009,607,103,504
S01010010,1204,658,546
S01010011,795,159,636
S01010012,1251,665,586
S01010013,879,256,623
S01010014,1131,383,748
S01010015,911,268,643
S01010016,611,247,364
S01010017,782,242,540
S01010018,991,269,722
S01010019,961,209,752
S01010020,846,271,575
S01010021,624,158,466
S01010022,855,214,641
S01010023,1183,231,952
S01010024,679,168,511
S01010025,790,145,645
S01010026,1538,353,1185
S01010027,1635,331,1304
S01010028,658,141,517
S01010029,468,116,352
S01010030,805,199,606
S01010031,1000,162,838
S01010032,1477,202,1275
S01010033,949,288,661
S01010034,1308,195,1113
S01010035,857,128,729
S01010036,1522,228,1294
S01010037,900,245,655
S01010038,1206,271,935
S01010039,999,122,877
S01010040,820,220,600
S01010041,967,132,835
S01010042,1296,248,1048
S01010043,877,185,692
S01010044,1269,305,964
S01010045,649,154,495
S01010046,939,212,727
S01010047,883,192,691
S01010048,1147,307,840
S01010049,844,176,668
S01010050,807,141,666
S01010051,700,145,555
S01010052,555,105,450
S01010053,700,182,518
S01010054,571,131,440
S01010055,1144,256,888
S01010056,474,100,374
S01010057,445,99,346
S01010058,796,166,630
S01010059,641,124,517
S01010060,836,199,637
S01010061,683,234,449
S01010062,646,201,445
S01010063,967,194,773
S01010064,635,205,430
S01010065,709,210,499
S01010066,608,158,450
S01010067,845,172,673
S01010068,624,176,448
S01010069,928,457,471
S01010070,556,298,258
S01010071,768,296,472
S01010072,956,464,492
S01010073,878,452,426
S01010074,973,482,491
S01010075,674,280,394
S01010076,702,291,411
S01010077,605,211,394
S01010078,558,303,255
S01010079,793,500,293
S01010080,713,422,291
S01010081,965,565,400
S01010082,742,328,414
S01010083,860,347,513
S01010084,945,348,597
S01010085,948,518,430
S01010086,868,294,574
S01010087,506,332,174
S01010088,1154,634,520
S01010089,916,343,573
S01010090,941,425,516
S01010091,1376,750,626
S01010092,967,356,611
S01010093,803,350,453
S01010094,1004,524,480
S01010095,1018,571,447
S01010096,761,380,381
S01010097,603,316,287
S01010098,600,344,256
S01010099,806,446,360
S01010100,766,402,364
S01010101,942,464,478
S01010102,599,328,271
S01010103,701,372,329
S01010104,794,403,391
S01010105,631,137,494
S01010106,507,160,347
S01010107,831,208,623
S01010108,623,231,392
S01010109,1789,741,1048
S01010110,884,224,660
S01010111,886,203,683
S01010112,882,180,702
S01010113,395,116,279
S01010114,688,182,506
S01010115,486,224,262
S01010116,1115,405,710
S01010117,1079,570,509
S01010118,597,95,502
S01010119,389,105,284
S01010120,772,178,594
S01010121,628,141,487
S01010122,436,101,335
S01010123,535,129,406
S01010124,572,181,391
S01010125,695,199,496
S01010126,530,225,305
S01010127,584,182,402
S01010128,545,101,444
S01010129,782,169,613
S01010130,759,256,503
S01010131,992,493,499
S01010132,927,261,666
S01010133,790,211,579
S01010134,1055,294,761
S01010135,979,340,639
S01010136,899,358,541
S01010137,1150,321,829
S01010138,885,177,708
S01010139,1064,330,734
S01010140,802,217,585
S01010141,885,187,698
S01010142,554,178,376
S01010143,701,250,451
S01010144,575,141,434
S01010145,650,212,438
S01010146,1041,234,807
S01010147,899,185,714
S01010148,1136,313,823
S01010149,636,181,455
S01010150,776,257,519
S01010151,814,262,552
S01010152,827,315,512
S01010153,910,294,616
S01010154,854,285,569
S01010155,730,256,474
S01010156,876,272,604
S01010157,803,257,546
S01010158,790,276,514
S01010159,628,233,395
S01010160,648,185,463
S01010161,695,243,452
S01010162,823,150,673
S01010163,985,298,687
S01010164,696,214,482
S01010165,490,122,368
S01010166,1220,455,765
S01010167,786,246,540
S01010168,485,132,353
S01010169,666,186,480
S01010170,718,226,492
S01010171,1213,337,876
S01010172,692,153,539
S01010173,927,360,567
S01010174,1404,299,1105
S01010175,384,133,251
S01010176,824,257,567
S01010177,571,155,416
S01010178,803,196,607
S01010179,1313,430,883
S01010180,696,242,454
S01010181,839,275,564
S01010182,946,473,473
S01010183,1234,550,684
S01010184,517,141,376
S01010185,562,158,404
S01010186,523,283,240
S01010187,691,269,422
S01010188,1563,733,830
S01010189,739,439,300
S01010190,240,81,159
S01010191,531,279,252
S01010192,781,456,325
S01010193,770,320,450
S01010194,603,200,403
S01010195,848,324,524
S01010196,703,239,464
S01010197,634,183,451
S01010198,941,298,643
S01010199,530,132,398
S01010200,580,219,361
S01010201,765,341,424
S01010202,535,95,440
S01010203,582,265,317
S01010204,943,249,694
S01010205,568,172,396
S01010206,341,114,227
S01010207,547,182,365
S01010208,915,212,703
S01010209,860,243,617
S01010210,902,335,567
S01010211,768,197,571
S01010212,1034,273,761
S01010213,949,300,649
S01010214,800,370,430
S01010215,881,190,691
S01010216,863,161,702
S01010217,803,178,625
S01010218,1017,203,814
S01010219,602,157,445
S01010220,527,136,391
S01010221,561,102,459
S01010222,632,149,483
S01010223,583,120,463
S01010224,1068,236,832
S01010225,779,251,528
S01010226,591,200,391
S01010227,645,249,396
S01010228,615,169,446
S01010229,892,270,622
S01010230,1149,292,857
S01010231,782,193,589
S01010232,664,204,460
S01010233,1215,359,856
S01010234,986,233,753
S01010235,837,132,705
S01010236,652,167,485
S01010237,900,220,680
S01010238,956,210,746
S01010239,891,163,728
S01010240,996,233,763
S01010241,936,187,749
S01010242,1002,183,819
S01010243,1127,182,945
S01010244,872,149,723
S01010245,930,175,755
S01010246,889,164,725
S01010247,833,311,522
S01010248,885,175,710
S01010249,921,155,766
S01010250,1007,190,817
S01010251,666,141,525
S01010252,654,167,487
S01010253,636,118,518
S01010254,1023,247,776
S01010255,1009,174,835
S01010256,913,158,755
S01010257,2754,132,2622
S01010258,2293,180,2113
S01010259,1551,183,1368
S01010260,1655,107,1548
S01010261,2830,245,2585
S01010262,1163,218,945
S01010263,819,112,707
S01010264,1259,173,1086
S01010265,1275,170,1105
S01010266,836,133,703
S01010267,866,88,778
S01010268,901,177,724
S01010269,922,176,746
S01010270,1407,255,1152
S01010271,870,155,715
S01010272,1193,150,1043
S01010273,1035,162,873
S01010274,663,95,568
S01010275,1327,191,1136
S01010276,926,230,696
S01010277,521,166,355
S01010278,1148,288,860
S01010279,756,155,601
S01010280,815,155,660
S01010281,731,166,565
S01010282,1165,172,993
S01010283,796,154,642
S01010284,1625,190,1435
S01010285,1025,209,816
S01010286,2258,256,2002
S01010287,1244,167,1077
S01010288,1108,204,904
S01010289,689,249,440
S01010290,775,149,626
S01010291,1071,152,919
S01010292,1131,224,907
S01010293,840,120,720
S01010294,954,163,791
S01010295,892,139,753
S01010296,762,178,584
S01010297,880,186,694
S01010298,901,183,718
S01010299,525,127,398
S01010300,1350,219,1131
S01010301,466,109,357
S01010302,743,145,598
S01010303,473,141,332
S01010304,652,105,547
S01010305,1084,188,896
S01010306,756,108,648
S01010307,824,172,652
S01010308,876,157,719
S01010309,556,155,401
S01010310,701,190,511
S01010311,859,192,667
S01010312,810,169,641
S01010313,1306,229,1077
S01010314,1308,214,1094
S01010315,846,235,611
S01010316,835,177,658
S01010317,1276,272,1004
S01010318,1664,91,1573
S01010319,937,201,736
S01010320,720,100,620
S01010321,1094,164,930
S01010322,1256,320,936
S01010323,610,82,528
S01010324,816,247,569
S01010325,896,296,600
S01010326,1062,279,783
S01010327,1047,347,700
S01010328,967,384,583
S01010329,435,138,297
S01010330,551,149,402
S01010331,1076,292,784
S01010332,848,270,578
S01010333,793,217,576
S01010334,1020,330,690
S01010335,949,296,653
S01010336,888,262,626
S01010337,722,254,468
S01010338,684,188,496
S01010339,734,248,486
S01010340,678,201,477
S01010341,655,265,390
S01010342,703,300,403
S01010343,1107,554,553
S01010344,799,199,600
S01010345,485,245,240
S01010346,968,435,533
S01010347,939,198,741
S01010348,890,337,553
S01010349,957,337,620
S01010350,1036,276,760
S01010351,836,219,617
S01010352,690,233,457
S01010353,860,188,672
S01010354,613,151,462
S01010355,985,247,738
S01010356,584,164,420
S01010357,576,130,446
S01010358,766,143,623
S01010359,1043,197,846
S01010360,445,104,341
S01010361,460,62,398
S01010362,913,198,715
S01010363,655,219,436
S01010364,990,559,431
S01010365,1035,456,579
S01010366,1242,489,753
S01010367,1576,469,1107
S01010368,814,335,479
S01010369,722,192,530
S01010370,630,186,444
S01010371,1105,298,807
S01010372,797,278,519
S01010373,687,174,513
S01010374,893,257,636
S01010375,839,150,689
S01010376,943,157,786
S01010377,1002,150,852
S01010378,901,99,802
S01010379,1463,193,1270
S01010380,1029,243,786
S01010381,1058,141,917
S01010382,886,165,721
S01010383,794,122,672
S01010384,1301,220,1081
S01010385,912,146,766
S01010386,1149,184,965
S01010387,1601,288,1313
S01010388,1001,206,795
S01010389,1649,400,1249
S01010390,1204,179,1025
S01010391,2709,586,2123
S01010392,1847,447,1400
S01010393,1532,303,1229
S01010394,854,157,697
S01010395,1053,222,831
S01010396,945,226,719
S01010397,851,190,661
S01010398,1000,262,738
S01010399,1559,408,1151
S01010400,949,337,612
S01010401,763,214,549
S01010402,1047,381,666
S01010403,1032,413,619
S01010404,1071,424,647
S01010405,872,359,513
S01010406,883,219,664
S01010407,1184,205,979
S01010408,540,264,276
S01010409,1047,580,467
S01010410,470,261,209
S01010411,1134,744,390
S01010412,871,281,590
S01010413,839,418,421
S01010414,1005,469,536
S01010415,1023,311,712
S01010416,787,396,391
S01010417,488,205,283
S01010418,1068,340,728
S01010419,1402,584,818
S01010420,944,526,418
S01010421,704,408,296
S01010422,961,456,505
S01010423,888,186,702
S01010424,862,208,654
S01010425,875,183,692
S01010426,933,200,733
S01010427,992,304,688
S01010428,1309,611,698
S01010429,772,423,349
S01010430,848,228,620
S01010431,817,448,369
S01010432,727,166,561
S01010433,641,188,453
S01010434,648,136,512
S01010435,576,217,359
S01010436,660,140,520
S01010437,467,182,285
S01010438,784,213,571
S01010439,1063,260,803
S01010440,1021,353,668
S01010441,798,201,597
S01010442,692,142,550
S01010443,620,262,358
S01010444,558,217,341
S01010445,922,299,623
S01010446,700,354,346
S01010447,900,287,613
S01010448,882,381,501
S01010449,866,341,525
S01010450,787,269,518
S01010451,906,303,603
S01010452,792,296,496
S01010453,925,248,677
S01010454,1012,392,620
S01010455,833,196,637
S01010456,542,201,341
S01010457,878,287,591
S01010458,715,265,450
S01010459,662,233,429
S01010460,654,290,364
S01010461,871,303,568
S01010462,784,179,605
S01010463,665,278,387
S01010464,564,236,328
S01010465,848,343,505
S01010466,1459,389,1070
S01010467,874,351,523
S01010468,1009,412,597
S01010469,765,146,619
S01010470,774,264,510
S01010471,760,268,492
S01010472,1148,419,729
S01010473,924,235,689
S01010474,960,213,747
S01010475,1088,331,757
S01010476,928,297,631
S01010477,820,313,507
S01010478,1203,340,863
S01010479,839,311,528
S01010480,699,307,392
S01010481,640,189,451
S01010482,824,317,507
S01010483,929,304,625
S01010484,818,314,504
S01010485,866,403,463
S01010486,1009,549,460
S01010487,910,396,514
S01010488,1021,268,753
S01010489,1198,303,895
S01010490,621,129,492
S01010491,746,159,587
S01010492,590,137,453
S01010493,869,182,687
S01010494,536,184,352
S01010495,867,162,705
S01010496,1271,275,996
S01010497,795,234,561
S01010498,1044,250,794
S01010499,1048,270,778
S01010500,882,256,626
S01010501,735,219,516
S01010502,589,237,352
S01010503,674,161,513
S01010504,433,237,196
S01010505,535,282,253
S01010506,736,398,338
S01010507,884,434,450
S01010508,949,478,471
S01010509,996,543,453
S01010510,1355,730,625
S01010511,993,426,567
S01010512,749,374,375
S01010513,731,440,291
S01010514,715,328,387
S01010515,757,363,394
S01010516,515,261,254
S01010517,914,359,555
S01010518,758,322,436
S01010519,725,391,334
S01010520,932,425,507
S01010521,830,393,437
S01010522,652,243,409
S01010523,778,292,486
S01010524,514,306,208
S01010525,652,384,268
S01010526,771,377,394
S01010527,1081,489,592
S01010528,654,379,275
S01010529,881,537,344
S01010530,616,357,259
S01010531,930,500,430
S01010532,708,426,282
S01010533,791,421,370
S01010534,899,447,452
S01010535,572,331,241
S01010536,987,419,568
S01010537,1234,477,757
S01010538,833,376,457
S01010539,902,350,552
S01010540,540,283,257
S01010541,706,412,294
S01010542,885,498,387
S01010543,508,300,208
S01010544,1034,545,489
S01010545,586,292,294
S01010546,883,427,456
S01010547,622,348,274
S01010548,494,305,189
S01010549,988,622,366
S01010550,565,290,275
S01010551,638,393,245
S01010552,811,470,341
S01010553,514,311,203
S01010554,637,250,387
S01010555,874,355,519
S01010556,941,377,564
S01010557,584,299,285
S01010558,511,238,273
S01010559,674,388,286
S01010560,564,332,232
S01010561,808,478,330
S01010562,845,471,374
S01010563,657,246,411
S01010564,724,332,392
S01010565,805,438,367
S01010566,876,501,375
S01010567,1017,620,397
S01010568,1151,643,508
S01010569,831,379,452
S01010570,1275,544,731
S01010571,784,325,459
S01010572,822,290,532
S01010573,524,236,288
S01010574,473,306,167
S01010575,728,468,260
S01010576,680,429,251
S01010577,691,260,431
S01010578,461,212,249
S01010579,631,334,297
S01010580,464,174,290
S01010581,674,318,356
S01010582,560,316,244
S01010583,810,463,347
S01010584,1535,793,742
S01010585,1496,761,735
S01010586,535,353,182
S01010587,749,437,312
S01010588,676,381,295
S01010589,1776,823,953
S01010590,1354,778,576
S01010591,443,208,235
S01010592,311,125,186
S01010593,1763,954,809
S01010594,1339,671,668
S01010595,1334,662,672
S01010596,2534,1343,1191
S01010597,1802,909,893
S01010598,1902,963,939
S01010599,659,374,285
S01010600,1381,862,519
S01010601,659,376,283
S01010602,553,275,278
S01010603,697,384,313
S01010604,701,420,281
S01010605,1135,681,454
S01010606,836,353,483
S01010607,879,479,400
S01010608,590,192,398
S01010609,452,159,293
S01010610,696,360,336
S01010611,1006,403,603
S01010612,620,346,274
S01010613,707,316,391
S01010614,575,210,365
S01010615,820,326,494
S01010616,934,460,474
S01010617,822,455,367
S01010618,837,455,382
S01010619,1073,279,794
S01010620,664,84,580
S01010621,953,414,539
S01010622,520,147,373
S01010623,708,433,275
S01010624,624,250,374
S01010625,687,414,273
S01010626,872,468,404
S01010627,957,356,601
S01010628,1050,321,729
S01010629,1092,440,652
S01010630,586,230,356
S01010631,888,296,592
S01010632,805,285,520
S01010633,814,269,545
S01010634,535,214,321
S01010635,641,245,396
S01010636,843,359,484
S01010637,789,216,573
S01010638,875,324,551
S01010639,1123,314,809
S01010640,796,225,571
S01010641,1066,261,805
S01010642,774,233,541
S01010643,594,169,425
S01010644,663,140,523
S01010645,677,316,361
S01010646,692,382,310
S01010647,633,277,356
S01010648,841,376,465
S01010649,669,304,365
S01010650,594,270,324
S01010651,566,243,323
S01010652,694,337,357
S01010653,672,272,400
S01010654,638,238,400
S01010655,808,466,342
S01010656,569,329,240
S01010657,759,477,282
S01010658,915,477,438
S01010659,667,416,251
S01010660,760,385,375
S01010661,669,285,384
S01010662,744,434,310
S01010663,1232,770,462
S01010664,658,403,255
S01010665,858,457,401
S01010666,1149,621,528
S01010667,657,383,274
S01010668,1112,593,519
S01010669,489,263,226
S01010670,778,430,348
S01010671,745,405,340
S01010672,1112,522,590
S01010673,945,465,480
S01010674,959,493,466
S01010675,810,471,339
S01010676,985,514,471
S01010677,420,260,160
S01010678,861,460,401
S01010679,1320,613,707
S01010680,657,317,340
S01010681,1038,475,563
S01010682,1070,667,403
S01010683,833,476,357
S01010684,921,546,375
S01010685,669,391,278
S01010686,585,333,252
S01010687,887,506,381
S01010688,742,364,378
S01010689,869,508,361
S01010690,780,357,423
S01010691,846,464,382
S01010692,599,278,321
S01010693,318,190,128
S01010694,725,403,322
S01010695,614,347,267
S01010696,985,511,474
S01010697,921,507,414
S01010698,610,315,295
S01010699,491,280,211
S01010700,503,303,200
S01010701,1040,539,501
S01010702,944,541,403
S01010703,763,445,318
S01010704,1035,529,506
S01010705,1049,556,493
S01010706,709,363,346
S01010707,650,395,255
S01010708,887,450,437
S01010709,733,379,354
S01010710,781,362,419
S01010711,618,408,210
S01010712,671,307,364
S01010713,816,355,461
S01010714,689,242,447
S01010715,670,290,380
S01010716,858,306,552
S01010717,863,491,372
S01010718,859,482,377
S01010719,767,424,343
S01010720,753,419,334
S01010721,715,400,315
S01010722,983,526,457
S01010723,883,543,340
S01010724,706,420,286
S01010725,719,447,272
S01010726,939,538,401
S01010727,633,410,223
S01010728,811,554,257
S01010729,763,475,288
S01010730,698,429,269
S01010731,752,372,380
S01010732,651,296,355
S01010733,794,306,488
S01010734,809,309,500
S01010735,791,383,408
S01010736,419,252,167
S01010737,889,422,467
S01010738,936,452,484
S01010739,695,304,391
S01010740,522,175,347
S01010741,578,290,288
S01010742,717,341,376
S01010743,731,290,441
S01010744,970,493,477
S01010745,594,233,361
S01010746,842,430,412
S01010747,978,485,493
S01010748,526,308,218
S01010749,605,346,259
S01010750,542,344,198
S01010751,806,396,410
S01010752,824,370,454
S01010753,1031,501,530
S01010754,832,374,458
S01010755,715,320,395
S01010756,692,412,280
S01010757,760,434,326
S01010758,604,319,285
S01010759,567,256,311
S01010760,721,364,357
S01010761,443,243,200
S01010762,500,264,236
S01010763,774,391,383
S01010764,497,290,207
S01010765,1053,574,479
S01010766,653,321,332
S01010767,582,269,313
S01010768,631,323,308
S01010769,424,268,156
S01010770,720,374,346
S01010771,841,421,420
S01010772,697,367,330
S01010773,651,375,276
S01010774,1133,586,547
S01010775,526,301,225
S01010776,701,282,419
S01010777,449,149,300
S01010778,510,153,357
S01010779,787,356,431
S01010780,547,269,278
S01010781,795,414,381
S01010782,513,223,290
S01010783,734,296,438
S01010784,909,388,521
S01010785,666,379,287
S01010786,534,292,242
S01010787,733,443,290
S01010788,506,267,239
S01010789,732,419,313
S01010790,697,412,285
S01010791,842,516,326
S01010792,923,466,457
S01010793,530,312,218
S01010794,435,240,195
S01010795,1095,629,466
S01010796,1191,690,501
S01010797,633,392,241
S01010798,579,343,236
S01010799,911,356,555
S01010800,661,290,371
S01010801,673,314,359
S01010802,524,242,282
S01010803,499,189,310
S01010804,662,340,322
S01010805,1061,534,527
S01010806,741,259,482
S01010807,450,241,209
S01010808,422,241,181
S01010809,858,467,391
S01010810,429,199,230
S01010811,808,431,377
S01010812,434,207,227
S01010813,769,413,356
S01010814,627,341,286
S01010815,492,255,237
S01010816,685,406,279
S01010817,952,598,354
S01010818,1203,668,535
S01010819,859,494,365
S01010820,1097,607,490
S01010821,708,515,193
S01010822,641,345,296
S01010823,531,222,309
S01010824,893,589,304
S01010825,1223,730,493
S01010826,620,366,254
S01010827,566,352,214
S01010828,961,614,347
S01010829,977,510,467
S01010830,476,242,234
S01010831,436,300,136
S01010832,613,306,307
S01010833,970,620,350
S01010834,1371,868,503
S01010835,659,415,244
S01010836,803,371,432
S01010837,703,378,325
S01010838,945,424,521
S01010839,744,337,407
S01010840,516,184,332
S01010841,979,362,617
S01010842,868,217,651
S01010843,695,224,471
S01010844,707,399,308
S01010845,528,315,213
S01010846,742,314,428
S01010847,642,362,280
S01010848,720,235,485
S01010849,732,257,475
S01010850,807,266,541
S01010851,712,241,471
S01010852,712,342,370
S01010853,825,391,434
S01010854,701,242,459
S01010855,449,191,258
S01010856,755,268,487
S01010857,728,349,379
S01010858,930,338,592
S01010859,658,284,374
S01010860,733,321,412
S01010861,839,227,612
S01010862,532,128,404
S01010863,751,379,372
S01010864,539,341,198
S01010865,643,376,267
S01010866,784,403,381
S01010867,664,354,310
S01010868,743,349,394
S01010869,962,542,420
S01010870,864,347,517
S01010871,759,302,457
S01010872,728,245,483
S01010873,671,130,541
S01010874,760,362,398
S01010875,548,190,358
S01010876,608,154,454
S01010877,1378,428,950
S01010878,1158,410,748
S01010879,945,440,505
S01010880,543,191,352
S01010881,691,337,354
S01010882,825,416,409
S01010883,881,429,452
S01010884,965,289,676
S01010885,1106,235,871
S01010886,521,133,388
S01010887,655,192,463
S01010888,1043,334,709
S01010889,741,179,562
S01010890,789,182,607
S01010891,783,201,582
S01010892,830,202,628
S01010893,894,229,665
S01010894,689,193,496
S01010895,432,100,332
S01010896,841,260,581
S01010897,746,220,526
S01010898,1096,461,635
S01010899,590,296,294
S01010900,716,265,451
S01010901,351,114,237
S01010902,825,343,482
S01010903,746,231,515
S01010904,446,134,312
S01010905,769,260,509
S01010906,746,297,449
S01010907,467,253,214
S01010908,906,444,462
S01010909,984,500,484
S01010910,694,153,541
S01010911,810,221,589
S01010912,678,213,465
S01010913,537,266,271
S01010914,907,432,475
S01010915,799,418,381
S01010916,629,167,462
S01010917,721,241,480
S01010918,1099,493,606
S01010919,738,314,424
S01010920,557,175,382
S01010921,603,245,358
S01010922,825,321,504
S01010923,956,392,564
S01010924,572,242,330
S01010925,678,247,431
S01010926,823,383,440
S01010927,753,307,446
S01010928,613,253,360
S01010929,723,294,429
S01010930,712,446,266
S01010931,372,207,165
S01010932,1182,614,568
S01010933,668,420,248
S01010934,907,505,402
S01010935,735,420,315
S01010936,627,227,400
S01010937,627,341,286
S01010938,763,285,478
S01010939,642,380,262
S01010940,587,404,183
S01010941,1049,706,343
S01010942,563,387,176
S01010943,659,267,392
S01010944,702,244,458
S01010945,441,224,217
S01010946,845,379,466
S01010947,652,287,365
S01010948,553,307,246
S01010949,1174,783,391
S01010950,695,362,333
S01010951,591,304,287
S01010952,604,333,271
S01010953,616,326,290
S01010954,959,613,346
S01010955,824,535,289
S01010956,788,437,351
S01010957,473,310,163
S01010958,539,338,201
S01010959,726,335,391
S01010960,1179,583,596
S01010961,1163,573,590
S01010962,619,275,344
S01010963,847,433,414
S01010964,444,278,166
S01010965,852,283,569
S01010966,826,385,441
S01010967,734,320,414
S01010968,767,425,342
S01010969,653,341,312
S01010970,1276,617,659
S01010971,1416,784,632
S01010972,729,288,441
S01010973,529,298,231
S01010974,942,471,471
S01010975,523,242,281
S01010976,1671,766,905
S01010977,604,298,306
S01010978,768,277,491
S01010979,714,315,399
S01010980,676,285,391
S01010981,612,301,311
S01010982,1152,643,509
S01010983,989,571,418
S01010984,940,595,345
S01010985,690,321,369
S01010986,540,374,166
S01010987,310,208,102
S01010988,450,299,151
S01010989,1131,586,545
S01010990,636,345,291
S01010991,1473,780,693
S01010992,1347,690,657
S01010993,598,346,252
S01010994,2162,1200,962
S01010995,714,468,246
S01010996,746,452,294
S01010997,904,601,303
S01010998,1871,1016,855
S01010999,746,457,289
S01011000,936,477,459
S01011001,534,287,247
S01011002,594,268,326
S01011003,652,305,347
S01011004,637,339,298
S01011005,659,303,356
S01011006,804,394,410
S01011007,714,341,373
S01011008,735,400,335
S01011009,515,242,273
S01011010,823,306,517
S01011011,663,175,488
S01011012,924,361,563
S01011013,727,343,384
S01011014,691,368,323
S01011015,484,261,223
S01011016,922,525,397
S01011017,1324,808,516
S01011018,1199,665,534
S01011019,970,558,412
S01011020,378,237,141
S01011021,719,327,392
S01011022,565,227,338
S01011023,799,353,446
S01011024,943,366,577
S01011025,556,213,343
S01011026,456,210,246
S01011027,891,313,578
S01011028,882,319,563
S01011029,602,257,345
S01011030,798,450,348
S01011031,891,408,483
S01011032,740,317,423
S01011033,651,317,334
S01011034,713,302,411
S01011035,517,235,282
S01011036,819,379,440
S01011037,842,315,527
S01011038,803,305,498
S01011039,776,327,449
S01011040,1015,442,573
S01011041,671,250,421
S01011042,642,348,294
S01011043,974,480,494
S01011044,883,375,508
S01011045,747,411,336
S01011046,717,448,269
S01011047,859,557,302
S01011048,1038,565,473
S01011049,691,396,295
S01011050,818,485,333
S01011051,889,467,422
S01011052,1009,563,446
S01011053,594,291,303
S01011054,554,311,243
S01011055,453,254,199
S01011056,555,327,228
S01011057,597,322,275
S01011058,523,317,206
S01011059,625,375,250
S01011060,1039,534,505
S01011061,882,385,497
S01011062,1170,568,602
S01011063,945,433,512
S01011064,1081,580,501
S01011065,803,460,343
S01011066,517,278,239
S01011067,953,488,465
S01011068,644,359,285
S01011069,591,320,271
S01011070,734,468,266
S01011071,819,488,331
S01011072,921,505,416
S01011073,596,340,256
S01011074,509,268,241
S01011075,706,333,373
S01011076,949,436,513
S01011077,829,358,471
S01011078,1123,659,464
S01011079,1094,571,523
S01011080,953,477,476
S01011081,662,304,358
S01011082,638,254,384
S01011083,967,527,440
S01011084,738,446,292
S01011085,744,476,268
S01011086,546,337,209
S01011087,732,420,312
S01011088,971,491,480
S01011089,780,441,339
S01011090,612,388,224
S01011091,591,372,219
S01011092,1733,856,877
S01011093,2300,1212,1088
S01011094,641,355,286
S01011095,893,552,341
S01011096,763,417,346
S01011097,559,348,211
S01011098,955,502,453
S01011099,651,265,386
S01011100,481,261,220
S01011101,618,247,371
S01011102,610,177,433
S01011103,691,218,473
S01011104,628,245,383
S01011105,682,287,395
S01011106,644,375,269
S01011107,1723,807,916
S01011108,548,250,298
S01011109,690,361,329
S01011110,751,331,420
S01011111,880,357,523
S01011112,131,69,62
S01011113,891,461,430
S01011114,997,607,390
S01011115,751,317,434
S01011116,723,406,317
S01011117,735,399,336
S01011118,825,431,394
S01011119,789,471,318
S01011120,1004,668,336
S01011121,561,174,387
S01011122,657,279,378
S01011123,916,422,494
S01011124,505,232,273
S01011125,366,115,251
S01011126,592,308,284
S01011127,327,285,42
S01011128,826,414,412
S01011129,710,512,198
S01011130,637,294,343
S01011131,650,316,334
S01011132,745,419,326
S01011133,449,223,226
S01011134,736,323,413
S01011135,864,407,457
S01011136,563,291,272
S01011137,690,322,368
S01011138,482,235,247
S01011139,1117,369,748
S01011140,428,192,236
S01011141,1424,492,932
S01011142,990,490,500
S01011143,973,601,372
S01011144,719,423,296
S01011145,882,521,361
S01011146,819,487,332
S01011147,997,503,494
S01011148,652,345,307
S01011149,600,329,271
S01011150,660,317,343
S01011151,564,353,211
S01011152,776,355,421
S01011153,865,378,487
S01011154,553,192,361
S01011155,691,310,381
S01011156,752,418,334
S01011157,514,309,205
S01011158,520,342,178
S01011159,528,211,317
S01011160,746,354,392
S01011161,496,233,263
S01011162,666,306,360
S01011163,820,378,442
S01011164,657,333,324
S01011165,727,293,434
S01011166,508,316,192
S01011167,915,556,359
S01011168,707,422,285
S01011169,913,480,433
S01011170,756,422,334
S01011171,877,514,363
S01011172,647,348,299
S01011173,747,395,352
S01011174,682,337,345
S01011175,702,322,380
S01011176,623,324,299
S01011177,919,453,466
S01011178,465,240,225
S01011179,587,264,323
S01011180,700,297,403
S01011181,1174,733,441
S01011182,441,302,139
S01011183,609,369,240
S01011184,650,450,200
S01011185,702,407,295
S01011186,978,456,522
S01011187,723,430,293
S01011188,923,423,500
S01011189,921,397,524
S01011190,911,380,531
S01011191,601,280,321
S01011192,691,328,363
S01011193,738,303,435
S01011194,553,215,338
S01011195,723,313,410
S01011196,812,342,470
S01011197,657,274,383
S01011198,542,227,315
S01011199,639,276,363
S01011200,729,370,359
S01011201,508,260,248
S01011202,790,348,442
S01011203,1057,514,543
S01011204,474,287,187
S01011205,166,95,71
S01011206,567,311,256
S01011207,1417,820,597
S01011208,728,419,309
S01011209,561,265,296
S01011210,682,395,287
S01011211,1317,809,508
S01011212,560,269,291
S01011213,916,412,504
S01011214,884,377,507
S01011215,719,301,418
S01011216,903,339,564
S01011217,960,340,620
S01011218,699,281,418
S01011219,824,329,495
S01011220,818,316,502
S01011221,877,376,501
S01011222,555,270,285
S01011223,776,381,395
S01011224,598,252,346
S01011225,844,333,511
S01011226,946,546,400
S01011227,689,246,443
S01011228,1163,394,769
S01011229,687,246,441
S01011230,1112,311,801
S01011231,918,277,641
S01011232,821,265,556
S01011233,1140,626,514
S01011234,902,334,568
S01011235,428,163,265
S01011236,476,181,295
S01011237,803,244,559
S01011238,660,179,481
S01011239,779,205,574
S01011240,992,238,754
S01011241,914,372,542
S01011242,882,410,472
S01011243,1071,335,736
S01011244,576,131,445
S01011245,720,271,449
S01011246,818,376,442
S01011247,829,471,358
S01011248,812,470,342
S01011249,849,461,388
S01011250,927,330,597
S01011251,700,296,404
S01011252,632,211,421
S01011253,785,268,517
S01011254,996,566,430
S01011255,330,226,104
S01011256,336,208,128
S01011257,421,263,158
S01011258,586,309,277
S01011259,799,361,438
S01011260,633,348,285
S01011261,706,256,450
S01011262,546,209,337
S01011263,708,270,438
S01011264,510,218,292
S01011265,824,281,543
S01011266,745,369,376
S01011267,794,408,386
S01011268,521,292,229
S01011269,512,206,306
S01011270,714,221,493
S01011271,816,350,466
S01011272,628,206,422
S01011273,947,360,587
S01011274,877,326,551
S01011275,1099,605,494
S01011276,855,368,487
S01011277,579,331,248
S01011278,541,306,235
S01011279,607,328,279
S01011280,602,397,205
S01011281,641,385,256
S01011282,695,435,260
S01011283,604,398,206
S01011284,867,620,247
S01011285,885,306,579
S01011286,551,216,335
S01011287,789,318,471
S01011288,843,363,480
S01011289,753,333,420
S01011290,1175,455,720
S01011291,820,355,465
S01011292,572,180,392
S01011293,774,318,456
S01011294,825,292,533
S01011295,889,491,398
S01011296,634,291,343
S01011297,730,319,411
S01011298,891,465,426
S01011299,415,252,163
S01011300,816,345,471
S01011301,594,351,243
S01011302,843,289,554
S01011303,982,569,413
S01011304,758,337,421
S01011305,641,297,344
S01011306,474,222,252
S01011307,1792,1067,725
S01011308,526,296,230
S01011309,744,467,277
S01011310,591,282,309
S01011311,998,660,338
S01011312,1077,733,344
S01011313,935,501,434
S01011314,876,495,381
S01011315,333,156,177
S01011316,721,368,353
S01011317,870,489,381
S01011318,871,423,448
S01011319,970,591,379
S01011320,646,311,335
S01011321,539,289,250
S01011322,494,269,225
S01011323,924,413,511
S01011324,411,179,232
S01011325,883,252,631
S01011326,1013,264,749
S01011327,683,308,375
S01011328,783,382,401
S01011329,924,449,475
S01011330,616,376,240
S01011331,703,478,225
S01011332,1116,724,392
S01011333,672,426,246
S01011334,1151,633,518
S01011335,997,655,342
S01011336,554,271,283
S01011337,588,406,182
S01011338,663,326,337
S01011339,557,219,338
S01011340,1005,436,569
S01011341,719,230,489
S01011342,710,330,380
S01011343,765,274,491
S01011344,696,279,417
S01011345,821,285,536
S01011346,699,339,360
S01011347,1004,454,550
S01011348,979,472,507
S01011349,905,508,397
S01011350,779,479,300
S01011351,657,266,391
S01011352,602,217,385
S01011353,556,255,301
S01011354,732,400,332
S01011355,925,465,460
S01011356,791,466,325
S01011357,1153,653,500
S01011358,434,252,182
S01011359,646,325,321
S01011360,656,207,449
S01011361,464,98,366
S01011362,512,284,228
S01011363,1403,720,683
S01011364,521,295,226
S01011365,614,354,260
S01011366,454,192,262
S01011367,688,273,415
S01011368,1060,587,473
S01011369,628,283,345
S01011370,1259,674,585
S01011371,1310,434,876
S01011372,887,239,648
S01011373,704,240,464
S01011374,401,195,206
S01011375,590,246,344
S01011376,504,148,356
S01011377,506,287,219
S01011378,885,516,369
S01011379,923,566,357
S01011380,641,234,407
S01011381,697,349,348
S01011382,437,114,323
S01011383,898,202,696
S01011384,597,154,443
S01011385,770,263,507
S01011386,788,233,555
S01011387,756,254,502
S01011388,1115,554,561
S01011389,1218,540,678
S01011390,866,338,528
S01011391,509,214,295
S01011392,815,366,449
S01011393,713,323,390
S01011394,745,383,362
S01011395,752,238,514
S01011396,834,297,537
S01011397,729,247,482
S01011398,591,225,366
S01011399,423,152,271
S01011400,794,310,484
S01011401,875,424,451
S01011402,840,374,466
S01011403,817,402,415
S01011404,994,441,553
S01011405,609,317,292
S01011406,604,282,322
S01011407,1165,603,562
S01011408,768,320,448
S01011409,631,223,408
S01011410,700,274,426
S01011411,787,373,414
S01011412,847,507,340
S01011413,459,254,205
S01011414,879,355,524
S01011415,788,357,431
S01011416,737,452,285
S01011417,686,329,357
S01011418,648,254,394
S01011419,575,261,314
S01011420,405,123,282
S01011421,364,167,197
S01011422,399,164,235
S01011423,505,200,305
S01011424,466,229,237
S01011425,616,313,303
S01011426,1425,757,668
S01011427,1105,528,577
S01011428,573,300,273
S01011429,1178,440,738
S01011430,849,419,430
S01011431,1121,464,657
S01011432,1683,594,1089
S01011433,785,272,513
S01011434,855,438,417
S01011435,1205,630,575
S01011436,1052,441,611
S01011437,679,246,433
S01011438,699,248,451
S01011439,942,434,508
S01011440,899,390,509
S01011441,725,321,404
S01011442,567,234,333
S01011443,650,282,368
S01011444,973,416,557
S01011445,522,217,305
S01011446,1846,1050,796
S01011447,809,327,482
S01011448,1050,554,496
S01011449,637,248,389
S01011450,636,387,249
S01011451,1472,779,693
S01011452,778,372,406
S01011453,664,300,364
S01011454,868,367,501
S01011455,878,365,513
S01011456,874,368,506
S01011457,731,264,467
S01011458,649,341,308
S01011459,1026,467,559
S01011460,734,329,405
S01011461,659,243,416
S01011462,852,409,443
S01011463,556,270,286
S01011464,1209,627,582
S01011465,624,243,381
S01011466,1613,768,845
S01011467,418,180,238
S01011468,98,64,34
S01011469,639,248,391
S01011470,830,366,464
S01011471,845,372,473
S01011472,1082,336,746
S01011473,888,305,583
S01011474,937,305,632
S01011475,586,164,422
S01011476,739,475,264
S01011477,710,481,229
S01011478,861,506,355
S01011479,777,402,375
S01011480,920,518,402
S01011481,951,475,476
S01011482,972,404,568
S01011483,684,342,342
S01011484,938,364,574
S01011485,754,280,474
S01011486,437,162,275
S01011487,1058,373,685
S01011488,519,215,304
S01011489,753,412,341
S01011490,947,361,586
S01011491,420,105,315
S01011492,679,179,500
S01011493,822,454,368
S01011494,688,300,388
S01011495,858,383,475
S01011496,494,136,358
S01011497,715,355,360
S01011498,539,291,248
S01011499,747,332,415
S01011500,831,359,472
S01011501,537,178,359
S01011502,610,289,321
S01011503,835,377,458
S01011504,556,244,312
S01011505,552,181,371
S01011506,508,230,278
S01011507,658,257,401
S01011508,788,321,467
S01011509,521,227,294
S01011510,840,328,512
S01011511,572,198,374
S01011512,907,272,635
S01011513,717,233,484
S01011514,824,326,498
S01011515,631,268,363
S01011516,718,408,310
S01011517,530,260,270
S01011518,552,216,336
S01011519,642,283,359
S01011520,885,267,618
S01011521,1120,374,746
S01011522,796,267,529
S01011523,1075,434,641
S01011524,762,386,376
S01011525,860,458,402
S01011526,814,409,405
S01011527,816,465,351
S01011528,830,338,492
S01011529,879,275,604
S01011530,1092,442,650
S01011531,1478,734,744
S01011532,941,498,443
S01011533,570,160,410
S01011534,596,273,323
S01011535,765,189,576
S01011536,573,323,250
S01011537,715,328,387
S01011538,631,353,278
S01011539,910,309,601
S01011540,1566,759,807
S01011541,786,263,523
S01011542,853,397,456
S01011543,699,254,445
S01011544,640,276,364
S01011545,718,323,395
S01011546,549,362,187
S01011547,347,170,177
S01011548,670,333,337
S01011549,770,463,307
S01011550,826,559,267
S01011551,722,364,358
S01011552,831,430,401
S01011553,920,549,371
S01011554,1577,847,730
S01011555,625,236,389
S01011556,537,162,375
S01011557,807,363,444
S01011558,699,320,379
S01011559,579,238,341
S01011560,851,339,512
S01011561,646,238,408
S01011562,797,243,554
S01011563,883,273,610
S01011564,771,368,403
S01011565,853,370,483
S01011566,695,271,424
S01011567,734,350,384
S01011568,652,334,318
S01011569,710,354,356
S01011570,790,334,456
S01011571,771,185,586
S01011572,771,246,525
S01011573,842,404,438
S01011574,817,418,399
S01011575,648,308,340
S01011576,803,186,617
S01011577,510,221,289
S01011578,1697,793,904
S01011579,783,486,297
S01011580,1067,368,699
S01011581,796,275,521
S01011582,1902,1030,872
S01011583,838,242,596
S01011584,711,310,401
S01011585,993,327,666
S01011586,597,215,382
S01011587,587,219,368
S01011588,747,299,448
S01011589,836,389,447
S01011590,1648,837,811
S01011591,760,292,468
S01011592,1407,694,713
S01011593,601,275,326
S01011594,538,221,317
S01011595,736,322,414
S01011596,1090,437,653
S01011597,703,271,432
S01011598,835,123,712
S01011599,783,343,440
S01011600,644,242,402
S01011601,656,371,285
S01011602,573,224,349
S01011603,845,301,544
S01011604,528,223,305
S01011605,715,349,366
S01011606,730,428,302
S01011607,990,575,415
S01011608,980,532,448
S01011609,762,199,563
S01011610,748,265,483
S01011611,945,496,449
S01011612,224,122,102
S01011613,798,526,272
S01011614,476,255,221
S01011615,1012,494,518
S01011616,416,171,245
S01011617,815,320,495
S01011618,615,268,347
S01011619,699,390,309
S01011620,710,406,304
S01011621,690,355,335
S01011622,138,65,73
S01011623,1443,787,656
S01011624,722,327,395
S01011625,443,218,225
S01011626,845,477,368
S01011627,532,331,201
S01011628,1063,652,411
S01011629,629,254,375
S01011630,591,278,313
S01011631,619,226,393
S01011632,761,283,478
S01011633,877,386,491
S01011634,597,244,353
S01011635,661,284,377
S01011636,658,245,413
S01011637,613,251,362
S01011638,645,258,387
S01011639,544,190,354
S01011640,816,341,475
S01011641,808,531,277
S01011642,717,371,346
S01011643,728,365,363
S01011644,739,406,333
S01011645,528,257,271
S01011646,737,492,245
S01011647,853,486,367
S01011648,324,103,221
S01011649,665,307,358
S01011650,1269,664,605
S01011651,772,322,450
S01011652,642,319,323
S01011653,888,373,515
S01011654,899,335,564
S01011655,718,228,490
S01011656,580,184,396
S01011657,498,128,370
S01011658,762,377,385
S01011659,810,358,452
S01011660,959,502,457
S01011661,947,404,543
S01011662,964,573,391
S01011663,866,278,588
S01011664,834,335,499
S01011665,949,325,624
S01011666,834,279,555
S01011667,881,327,554
S01011668,1293,460,833
S01011669,724,356,368
S01011670,646,254,392
S01011671,656,347,309
S01011672,663,304,359
S01011673,742,309,433
S01011674,1314,581,733
S01011675,1168,550,618
S01011676,634,253,381
S01011677,118,52,66
S01011678,380,139,241
S01011679,1087,468,619
S01011680,1010,442,568
S01011681,667,329,338
S01011682,1298,638,660
S01011683,1019,517,502
S01011684,664,358,306
S01011685,648,344,304
S01011686,784,447,337
S01011687,757,318,439
S01011688,908,521,387
S01011689,729,423,306
S01011690,1258,719,539
S01011691,353,193,160
S01011692,1000,409,591
S01011693,1316,724,592
S01011694,492,280,212
S01011695,2536,1574,962
S01011696,565,350,215
S01011697,803,433,370
S01011698,537,233,304
S01011699,764,432,332
S01011700,760,360,400
S01011701,987,532,455
S01011702,818,452,366
S01011703,761,471,290
S01011704,1158,738,420
S01011705,1318,727,591
S01011706,883,389,494
S01011707,584,375,209
S01011708,944,405,539
S01011709,916,466,450
S01011710,566,226,340
S01011711,932,311,621
S01011712,461,144,317
S01011713,978,514,464
S01011714,940,566,374
S01011715,871,378,493
S01011716,770,424,346
S01011717,660,402,258
S01011718,715,420,295
S01011719,1481,894,587
S01011720,550,333,217
S01011721,647,364,283
S01011722,1095,520,575
S01011723,1621,967,654
S01011724,525,230,295
S01011725,498,289,209
S01011726,424,268,156
S01011727,1072,669,403
S01011728,767,322,445
S01011729,956,350,606
S01011730,782,439,343
S01011731,925,482,443
S01011732,784,496,288
S01011733,705,373,332
S01011734,765,393,372
S01011735,621,402,219
S01011736,897,401,496
S01011737,748,332,416
S01011738,891,342,549
S01011739,588,278,310
S01011740,562,188,374
S01011741,781,259,522
S01011742,703,330,373
S01011743,657,266,391
S01011744,715,237,478
S01011745,900,343,557
S01011746,678,259,419
S01011747,829,299,530
S01011748,774,243,531
S01011749,666,166,500
S01011750,709,302,407
S01011751,908,207,701
S01011752,880,276,604
S01011753,660,314,346
S01011754,776,380,396
S01011755,761,293,468
S01011756,889,333,556
S01011757,746,270,476
S01011758,498,235,263
S01011759,720,366,354
S01011760,729,290,439
S01011761,596,233,363
S01011762,714,199,515
S01011763,653,342,311
S01011764,332,190,142
S01011765,964,572,392
S01011766,583,392,191
S01011767,1022,493,529
S01011768,791,308,483
S01011769,688,238,450
S01011770,753,283,470
S01011771,531,340,191
S01011772,886,604,282
S01011773,447,277,170
S01011774,692,377,315
S01011775,648,418,230
S01011776,887,596,291
S01011777,477,269,208
S01011778,493,250,243
S01011779,640,415,225
S01011780,728,479,249
S01011781,724,416,308
S01011782,734,465,269
S01011783,486,298,188
S01011784,660,282,378
S01011785,858,406,452
S01011786,156,102,54
S01011787,904,347,557
S01011788,933,631,302
S01011789,2353,1452,901
S01011790,1011,510,501
S01011791,696,317,379
S01011792,784,315,469
S01011793,680,303,377
S01011794,792,364,428
S01011795,848,436,412
S01011796,715,229,486
S01011797,940,596,344
S01011798,453,165,288
S01011799,802,464,338
S01011800,557,317,240
S01011801,514,220,294
S01011802,582,248,334
S01011803,723,415,308
S01011804,841,339,502
S01011805,792,337,455
S01011806,1065,601,464
S01011807,914,509,405
S01011808,812,412,400
S01011809,595,354,241
S01011810,1088,625,463
S01011811,931,564,367
S01011812,920,549,371
S01011813,770,449,321
S01011814,575,369,206
S01011815,614,326,288
S01011816,591,396,195
S01011817,592,349,243
S01011818,1319,684,635
S01011819,1064,470,594
S01011820,840,391,449
S01011821,550,212,338
S01011822,790,247,543
S01011823,506,236,270
S01011824,802,390,412
S01011825,462,208,254
S01011826,625,287,338
S01011827,538,277,261
S01011828,764,422,342
S01011829,466,258,208
S01011830,693,364,329
S01011831,895,486,409
S01011832,719,417,302
S01011833,805,519,286
S01011834,629,463,166
S01011835,549,338,211
S01011836,957,620,337
S01011837,779,529,250
S01011838,1018,699,319
S01011839,914,537,377
S01011840,1010,588,422
S01011841,1273,647,626
S01011842,1083,494,589
S01011843,1021,644,377
S01011844,845,513,332
S01011845,674,359,315
S01011846,724,428,296
S01011847,343,245,98
S01011848,681,417,264
S01011849,650,365,285
S01011850,945,522,423
S01011851,735,361,374
S01011852,847,390,457
S01011853,766,411,355
S01011854,936,508,428
S01011855,1062,507,555
S01011856,577,366,211
S01011857,1222,644,578
S01011858,942,573,369
S01011859,943,479,464
S01011860,766,427,339
S01011861,717,400,317
S01011862,878,579,299
S01011863,907,485,422
S01011864,668,433,235
S01011865,560,270,290
S01011866,1004,593,411
S01011867,1051,497,554
S01011868,829,358,471
S01011869,874,329,545
S01011870,695,337,358
S01011871,931,524,407
S01011872,848,523,325
S01011873,646,376,270
S01011874,690,389,301
S01011875,924,485,439
S01011876,859,498,361
S01011877,651,369,282
S01011878,1249,632,617
S01011879,641,407,234
S01011880,983,590,393
S01011881,720,356,364
S01011882,810,428,382
S01011883,1484,739,745
S01011884,615,364,251
S01011885,589,372,217
S01011886,1063,661,402
S01011887,584,277,307
S01011888,1032,402,630
S01011889,862,430,432
S01011890,748,368,380
S01011891,1121,262,859
S01011892,989,377,612
S01011893,939,365,574
S01011894,839,421,418
S01011895,1015,596,419
S01011896,812,403,409
S01011897,908,534,374
S01011898,826,517,309
S01011899,832,539,293
S01011900,602,380,222
S01011901,907,494,413
S01011902,978,606,372
S01011903,782,524,258
S01011904,795,506,289
S01011905,743,498,245
S01011906,299,204,95
S01011907,703,352,351
S01011908,464,264,200
S01011909,653,346,307
S01011910,959,366,593
S01011911,600,281,319
S01011912,655,225,430
S01011913,676,237,439
S01011914,711,213,498
S01011915,719,314,405
S01011916,731,310,421
S01011917,498,210,288
S01011918,675,214,461
S01011919,932,285,647
S01011920,576,212,364
S01011921,465,165,300
S01011922,712,285,427
S01011923,865,313,552
S01011924,747,323,424
S01011925,672,374,298
S01011926,658,282,376
S01011927,502,198,304
S01011928,675,288,387
S01011929,588,229,359
S01011930,569,226,343
S01011931,519,174,345
S01011932,279,107,172
S01011933,1346,416,930
S01011934,811,359,452
S01011935,934,300,634
S01011936,684,186,498
S01011937,615,144,471
S01011938,433,132,301
S01011939,904,212,692
S01011940,827,172,655
S01011941,1011,170,841
S01011942,859,161,698
S01011943,1348,286,1062
S01011944,444,275,169
S01011945,1238,821,417
S01011946,787,339,448
S01011947,503,331,172
S01011948,996,461,535
S01011949,820,528,292
S01011950,820,464,356
S01011951,687,373,314
S01011952,747,495,252
S01011953,755,444,311
S01011954,487,250,237
S01011955,965,482,483
S01011956,844,565,279
S01011957,906,487,419
S01011958,1683,1033,650
S01011959,750,426,324
S01011960,927,583,344
S01011961,934,535,399
S01011962,840,547,293
S01011963,636,367,269
S01011964,911,538,373
S01011965,833,468,365
S01011966,675,429,246
S01011967,963,497,466
S01011968,1161,531,630
S01011969,1354,682,672
S01011970,1474,704,770
S01011971,520,305,215
S01011972,1487,872,615
S01011973,547,316,231
S01011974,724,442,282
S01011975,393,222,171
S01011976,833,450,383
S01011977,1085,550,535
S01011978,1040,515,525
S01011979,1076,649,427
S01011980,429,245,184
S01011981,962,544,418
S01011982,1292,750,542
S01011983,1031,573,458
S01011984,539,236,303
S01011985,623,319,304
S01011986,839,366,473
S01011987,943,516,427
S01011988,660,389,271
S01011989,719,395,324
S01011990,654,415,239
S01011991,806,413,393
S01011992,959,473,486
S01011993,859,285,574
S01011994,762,531,231
S01011995,810,522,288
S01011996,615,306,309
S01011997,989,455,534
S01011998,762,531,231
S01011999,527,279,248
S01012000,469,278,191
S01012001,731,405,326
S01012002,651,378,273
S01012003,729,390,339
S01012004,1397,810,587
S01012005,1184,746,438
S01012006,849,388,461
S01012007,839,425,414
S01012008,1164,551,613
S01012009,618,276,342
S01012010,1335,692,643
S01012011,1254,605,649
S01012012,588,345,243
S01012013,649,381,268
S01012014,1519,752,767
S01012015,1109,560,549
S01012016,740,414,326
S01012017,487,300,187
S01012018,725,438,287
S01012019,712,404,308
S01012020,824,379,445
S01012021,697,391,306
S01012022,872,433,439
S01012023,559,318,241
S01012024,921,564,357
S01012025,563,327,236
S01012026,716,419,297
S01012027,1747,981,766
S01012028,922,594,328
S01012029,1285,581,704
S01012030,1073,615,458
S01012031,461,314,147
S01012032,301,170,131
S01012033,801,389,412
S01012034,790,376,414
S01012035,965,497,468
S01012036,989,534,455
S01012037,964,423,541
S01012038,886,216,670
S01012039,996,402,594
S01012040,558,303,255
S01012041,1006,495,511
S01012042,1059,456,603
S01012043,687,272,415
S01012044,838,280,558
S01012045,1034,346,688
S01012046,698,219,479
S01012047,933,328,605
S01012048,668,202,466
S01012049,641,255,386
S01012050,931,490,441
S01012051,427,195,232
S01012052,831,355,476
S01012053,794,298,496
S01012054,1016,233,783
S01012055,793,288,505
S01012056,866,401,465
S01012057,669,398,271
S01012058,774,402,372
S01012059,800,327,473
S01012060,792,317,475
S01012061,1265,703,562
S01012062,838,438,400
S01012063,521,238,283
S01012064,629,162,467
S01012065,458,100,358
S01012066,635,196,439
S01012067,523,111,412
S01012068,638,155,483
S01012069,520,102,418
S01012070,973,145,828
S01012071,1023,173,850
S01012072,1026,238,788
S01012073,609,259,350
S01012074,524,241,283
S01012075,838,427,411
S01012076,800,331,469
S01012077,951,280,671
S01012078,783,325,458
S01012079,1014,340,674
S01012080,790,274,516
S01012081,581,143,438
S01012082,815,294,521
S01012083,925,269,656
S01012084,570,308,262
S01012085,676,362,314
S01012086,750,263,487
S01012087,674,279,395
S01012088,489,262,227
S01012089,692,426,266
S01012090,933,621,312
S01012091,672,338,334
S01012092,544,333,211
S01012093,478,222,256
S01012094,765,448,317
S01012095,1196,514,682
S01012096,725,258,467
S01012097,537,241,296
S01012098,811,293,518
S01012099,886,299,587
S01012100,1347,651,696
S01012101,784,441,343
S01012102,682,230,452
S01012103,858,357,501
S01012104,700,439,261
S01012105,1296,682,614
S01012106,1004,451,553
S01012107,587,314,273
S01012108,968,280,688
S01012109,1001,198,803
S01012110,761,231,530
S01012111,1095,323,772
S01012112,928,425,503
S01012113,1147,450,697
S01012114,1242,611,631
S01012115,627,280,347
S01012116,568,270,298
S01012117,509,327,182
S01012118,815,521,294
S01012119,741,473,268
S01012120,468,181,287
S01012121,787,329,458
S01012122,751,298,453
S01012123,605,257,348
S01012124,561,215,346
S01012125,867,156,711
S01012126,801,262,539
S01012127,1078,249,829
S01012128,602,111,491
S01012129,828,206,622
S01012130,1114,332,782
S01012131,1368,276,1092
S01012132,744,162,582
S01012133,991,227,764
S01012134,1232,427,805
S01012135,984,176,808
S01012136,778,98,680
S01012137,773,188,585
S01012138,908,344,564
S01012139,961,397,564
S01012140,755,428,327
S01012141,1037,618,419
S01012142,800,508,292
S01012143,1133,644,489
S01012144,874,499,375
S01012145,928,563,365
S01012146,941,252,689
S01012147,839,257,582
S01012148,574,165,409
S01012149,766,326,440
S01012150,623,257,366
S01012151,829,321,508
S01012152,835,265,570
S01012153,644,115,529
S01012154,668,124,544
S01012155,776,192,584
S01012156,1023,286,737
S01012157,890,296,594
S01012158,1347,534,813
S01012159,454,280,174
S01012160,804,421,383
S01012161,400,128,272
S01012162,792,243,549
S01012163,681,277,404
S01012164,917,499,418
S01012165,712,189,523
S01012166,655,221,434
S01012167,595,211,384
S01012168,877,442,435
S01012169,725,334,391
S01012170,1109,474,635
S01012171,990,411,579
S01012172,783,325,458
S01012173,721,401,320
S01012174,860,486,374
S01012175,843,429,414
S01012176,1172,608,564
S01012177,715,470,245
S01012178,815,503,312
S01012179,655,282,373
S01012180,604,298,306
S01012181,1065,407,658
S01012182,1164,517,647
S01012183,1792,607,1185
S01012184,707,204,503
S01012185,696,101,595
S01012186,739,298,441
S01012187,753,261,492
S01012188,603,336,267
S01012189,673,329,344
S01012190,597,363,234
S01012191,894,551,343
S01012192,395,251,144
S01012193,589,373,216
S01012194,659,420,239
S01012195,741,419,322
S01012196,438,247,191
S01012197,856,411,445
S01012198,949,429,520
S01012199,722,357,365
S01012200,516,259,257
S01012201,884,456,428
S01012202,468,252,216
S01012203,833,526,307
S01012204,662,411,251
S01012205,746,441,305
S01012206,783,429,354
S01012207,969,468,501
S01012208,1109,505,604
S01012209,834,372,462
S01012210,647,257,390
S01012211,958,520,438
S01012212,980,623,357
S01012213,1079,597,482
S01012214,672,420,252
S01012215,846,538,308
S01012216,1081,681,400
S01012217,440,121,319
S01012218,458,155,303
S01012219,791,307,484
S01012220,814,236,578
S01012221,622,252,370
S01012222,1044,415,629
S01012223,644,208,436
S01012224,803,315,488
S01012225,1005,370,635
S01012226,652,336,316
S01012227,726,357,369
S01012228,638,330,308
S01012229,711,400,311
S01012230,866,507,359
S01012231,645,430,215
S01012232,922,591,331
S01012233,753,515,238
S01012234,1198,710,488
S01012235,762,483,279
S01012236,714,383,331
S01012237,700,450,250
S01012238,509,186,323
S01012239,485,164,321
S01012240,701,329,372
S01012241,570,375,195
S01012242,704,462,242
S01012243,723,459,264
S01012244,851,533,318
S01012245,1081,640,441
S01012246,792,531,261
S01012247,613,359,254
S01012248,757,475,282
S01012249,810,502,308
S01012250,700,418,282
S01012251,903,392,511
S01012252,938,436,502
S01012253,867,320,547
S01012254,760,382,378
S01012255,815,389,426
S01012256,1097,691,406
S01012257,972,574,398
S01012258,1376,928,448
S01012259,718,492,226
S01012260,1189,673,516
S01012261,984,650,334
S01012262,1479,883,596
S01012263,665,274,391
S01012264,385,215,170
S01012265,958,489,469
S01012266,1066,580,486
S01012267,905,500,405
S01012268,1275,708,567
S01012269,830,459,371
S01012270,727,357,370
S01012271,1215,714,501
S01012272,715,394,321
S01012273,841,516,325
S01012274,977,465,512
S01012275,724,188,536
S01012276,1292,526,766
S01012277,1099,493,606
S01012278,1106,325,781
S01012279,1033,369,664
S01012280,917,426,491
S01012281,814,287,527
S01012282,1084,502,582
S01012283,841,431,410
S01012284,669,222,447
S01012285,550,331,219
S01012286,1054,478,576
S01012287,1135,357,778
S01012288,911,361,550
S01012289,1025,593,432
S01012290,545,247,298
S01012291,668,368,300
S01012292,1129,630,499
S01012293,835,472,363
S01012294,834,435,399
S01012295,569,299,270
S01012296,881,547,334
S01012297,863,557,306
S01012298,1109,658,451
S01012299,506,309,197
S01012300,1035,603,432
S01012301,849,510,339
S01012302,631,361,270
S01012303,788,505,283
S01012304,971,579,392
S01012305,780,395,385
S01012306,735,367,368
S01012307,760,376,384
S01012308,812,471,341
S01012309,817,434,383
S01012310,1333,775,558
S01012311,783,441,342
S01012312,870,517,353
S01012313,719,412,307
S01012314,754,355,399
S01012315,755,329,426
S01012316,580,264,316
S01012317,403,218,185
S01012318,646,313,333
S01012319,913,513,400
S01012320,691,370,321
S01012321,1017,585,432
S01012322,995,606,389
S01012323,1205,756,449
S01012324,900,502,398
S01012325,801,477,324
S01012326,812,348,464
S01012327,800,404,396
S01012328,707,401,306
S01012329,813,496,317
S01012330,583,358,225
S01012331,975,619,356
S01012332,1016,599,417
S01012333,1134,703,431
S01012334,795,438,357
S01012335,1510,842,668
S01012336,736,372,364
S01012337,870,368,502
S01012338,763,296,467
S01012339,884,349,535
S01012340,918,493,425
S01012341,796,525,271
S01012342,846,452,394
S01012343,909,539,370
S01012344,939,484,455
S01012345,656,371,285
S01012346,1109,631,478
S01012347,573,318,255
S01012348,975,576,399
S01012349,953,535,418
S01012350,966,481,485
S01012351,813,382,431
S01012352,1033,578,455
S01012353,738,267,471
S01012354,914,494,420
S01012355,971,602,369
S01012356,971,573,398
S01012357,876,534,342
S01012358,742,471,271
S01012359,723,308,415
S01012360,590,239,351
S01012361,676,282,394
S01012362,902,367,535
S01012363,1059,394,665
S01012364,745,279,466
S01012365,1012,577,435
S01012366,938,367,571
S01012367,924,531,393
S01012368,760,462,298
S01012369,950,513,437
S01012370,1193,606,587
S01012371,1000,379,621
S01012372,997,334,663
S01012373,1085,552,533
S01012374,742,372,370
S01012375,1074,516,558
S01012376,790,504,286
S01012377,608,362,246
S01012378,585,366,219
S01012379,494,259,235
S01012380,1177,553,624
S01012381,913,438,475
S01012382,916,567,349
S01012383,939,529,410
S01012384,488,224,264
S01012385,654,337,317
S01012386,952,443,509
S01012387,755,424,331
S01012388,579,347,232
S01012389,747,412,335
S01012390,620,330,290
S01012391,1097,588,509
S01012392,668,337,331
S01012393,1040,496,544
S01012394,788,302,486
S01012395,698,292,406
S01012396,736,266,470
S01012397,730,322,408
S01012398,926,331,595
S01012399,696,259,437
S01012400,784,293,491
S01012401,777,292,485
S01012402,352,185,167
S01012403,860,472,388
S01012404,1084,475,609
S01012405,554,324,230
S01012406,585,322,263
S01012407,843,470,373
S01012408,659,359,300
S01012409,917,482,435
S01012410,1074,526,548
S01012411,1113,564,549
S01012412,540,281,259
S01012413,847,499,348
S01012414,589,317,272
S01012415,627,375,252
S01012416,456,276,180
S01012417,544,308,236
S01012418,680,398,282
S01012419,936,570,366
S01012420,902,439,463
S01012421,884,459,425
S01012422,1061,557,504
S01012423,863,457,406
S01012424,752,363,389
S01012425,497,192,305
S01012426,487,192,295
S01012427,644,254,390
S01012428,701,376,325
S01012429,466,210,256
S01012430,883,446,437
S01012431,939,494,445
S01012432,700,380,320
S01012433,703,318,385
S01012434,685,273,412
S01012435,745,309,436
S01012436,715,316,399
S01012437,681,346,335
S01012438,822,458,364
S01012439,780,395,385
S01012440,762,496,266
S01012441,835,507,328
S01012442,808,430,378
S01012443,616,346,270
S01012444,1228,743,485
S01012445,95,70,25
S01012446,582,248,334
S01012447,824,502,322
S01012448,712,447,265
S01012449,581,290,291
S01012450,803,486,317
S01012451,787,501,286
S01012452,628,381,247
S01012453,859,637,222
S01012454,931,609,322
S01012455,498,374,124
S01012456,824,563,261
S01012457,1140,756,384
S01012458,736,509,227
S01012459,705,426,279
S01012460,689,426,263
S01012461,500,240,260
S01012462,742,272,470
S01012463,729,259,470
S01012464,491,213,278
S01012465,725,319,406
S01012466,896,465,431
S01012467,1038,497,541
S01012468,706,360,346
S01012469,942,543,399
S01012470,827,358,469
S01012471,732,502,230
S01012472,698,462,236
S01012473,596,389,207
S01012474,719,314,405
S01012475,633,364,269
S01012476,917,453,464
S01012477,676,419,257
S01012478,690,334,356
S01012479,831,477,354
S01012480,681,179,502
S01012481,714,206,508
S01012482,801,311,490
S01012483,811,231,580
S01012484,975,569,406
S01012485,1254,596,658
S01012486,779,412,367
S01012487,529,215,314
S01012488,807,364,443
S01012489,994,228,766
S01012490,1057,226,831
S01012491,582,123,459
S01012492,860,165,695
S01012493,710,265,445
S01012494,1250,532,718
S01012495,945,379,566
S01012496,639,257,382
S01012497,533,195,338
S01012498,712,252,460
S01012499,1020,384,636
S01012500,459,188,271
S01012501,775,211,564
S01012502,789,214,575
S01012503,523,182,341
S01012504,554,203,351
S01012505,932,350,582
S01012506,434,219,215
S01012507,815,343,472
S01012508,713,297,416
S01012509,459,220,239
S01012510,859,484,375
S01012511,696,347,349
S01012512,701,343,358
S01012513,446,267,179
S01012514,614,330,284
S01012515,685,268,417
S01012516,536,298,238
S01012517,831,369,462
S01012518,762,397,365
S01012519,660,289,371
S01012520,715,370,345
S01012521,655,306,349
S01012522,815,515,300
S01012523,941,526,415
S01012524,882,499,383
S01012525,846,502,344
S01012526,827,531,296
S01012527,539,337,202
S01012528,660,290,370
S01012529,738,378,360
S01012530,948,538,410
S01012531,919,502,417
S01012532,943,544,399
S01012533,757,334,423
S01012534,824,358,466
S01012535,760,333,427
S01012536,678,335,343
S01012537,921,354,567
S01012538,1014,432,582
S01012539,659,325,334
S01012540,819,394,425
S01012541,954,501,453
S01012542,1075,616,459
S01012543,549,336,213
S01012544,779,443,336
S01012545,488,216,272
S01012546,763,383,380
S01012547,627,397,230
S01012548,867,516,351
S01012549,656,278,378
S01012550,823,413,410
S01012551,952,590,362
S01012552,816,546,270
S01012553,669,367,302
S01012554,712,442,270
S01012555,437,277,160
S01012556,486,316,170
S01012557,692,467,225
S01012558,617,254,363
S01012559,898,349,549
S01012560,899,440,459
S01012561,983,484,499
S01012562,999,312,687
S01012563,673,463,210
S01012564,756,476,280
S01012565,854,474,380
S01012566,694,245,449
S01012567,984,349,635
S01012568,884,581,303
S01012569,772,451,321
S01012570,631,358,273
S01012571,672,356,316
S01012572,480,258,222
S01012573,677,441,236
S01012574,1057,649,408
S01012575,656,391,265
S01012576,1007,566,441
S01012577,803,476,327
S01012578,1267,682,585
S01012579,632,365,267
S01012580,620,358,262
S01012581,1012,396,616
S01012582,820,475,345
S01012583,584,285,299
S01012584,621,338,283
S01012585,1275,620,655
S01012586,790,400,390
S01012587,843,521,322
S01012588,608,355,253
S01012589,660,337,323
S01012590,915,438,477
S01012591,995,509,486
S01012592,563,360,203
S01012593,957,602,355
S01012594,565,309,256
S01012595,690,338,352
S01012596,614,287,327
S01012597,291,146,145
S01012598,650,356,294
S01012599,621,333,288
S01012600,595,327,268
S01012601,724,457,267
S01012602,630,230,400
S01012603,588,254,334
S01012604,721,358,363
S01012605,752,440,312
S01012606,252,172,80
S01012607,624,350,274
S01012608,860,408,452
S01012609,785,357,428
S01012610,1011,374,637
S01012611,761,431,330
S01012612,976,548,428
S01012613,1018,495,523
S01012614,957,460,497
S01012615,890,512,378
S01012616,855,487,368
S01012617,652,417,235
S01012618,588,323,265
S01012619,643,243,400
S01012620,825,542,283
S01012621,785,451,334
S01012622,698,365,333
S01012623,736,316,420
S01012624,637,279,358
S01012625,594,254,340
S01012626,724,446,278
S01012627,525,261,264
S01012628,1263,735,528
S01012629,283,163,120
S01012630,769,277,492
S01012631,865,347,518
S01012632,590,376,214
S01012633,841,468,373
S01012634,1089,601,488
S01012635,1664,985,679
S01012636,1195,706,489
S01012637,857,356,501
S01012638,848,398,450
S01012639,1329,647,682
S01012640,1135,517,618
S01012641,944,418,526
S01012642,1335,572,763
S01012643,449,226,223
S01012644,594,262,332
S01012645,1092,601,491
S01012646,996,619,377
S01012647,866,502,364
S01012648,543,230,313
S01012649,722,351,371
S01012650,666,402,264
S01012651,673,278,395
S01012652,883,557,326
S01012653,791,348,443
S01012654,744,400,344
S01012655,1163,558,605
S01012656,791,336,455
S01012657,781,441,340
S01012658,818,478,340
S01012659,584,345,239
S01012660,608,275,333
S01012661,798,398,400
S01012662,795,382,413
S01012663,807,444,363
S01012664,904,391,513
S01012665,652,268,384
S01012666,640,298,342
S01012667,566,229,337
S01012668,891,384,507
S01012669,855,513,342
S01012670,613,386,227
S01012671,1216,614,602
S01012672,690,272,418
S01012673,759,306,453
S01012674,572,203,369
S01012675,860,351,509
S01012676,802,405,397
S01012677,476,205,271
S01012678,575,321,254
S01012679,668,346,322
S01012680,437,279,158
S01012681,677,336,341
S01012682,757,395,362
S01012683,735,316,419
S01012684,360,191,169
S01012685,949,455,494
S01012686,1025,536,489
S01012687,1132,779,353
S01012688,761,306,455
S01012689,478,310,168
S01012690,424,280,144
S01012691,824,525,299
S01012692,856,482,374
S01012693,701,475,226
S01012694,506,277,229
S01012695,651,404,247
S01012696,734,383,351
S01012697,405,271,134
S01012698,835,532,303
S01012699,847,478,369
S01012700,722,441,281
S01012701,963,576,387
S01012702,568,289,279
S01012703,559,317,242
S01012704,597,262,335
S01012705,584,386,198
S01012706,802,376,426
S01012707,728,490,238
S01012708,753,294,459
S01012709,522,240,282
S01012710,797,311,486
S01012711,993,331,662
S01012712,739,487,252
S01012713,916,474,442
S01012714,562,376,186
S01012715,848,282,566
S01012716,954,542,412
S01012717,1046,376,670
S01012718,868,371,497
S01012719,1026,324,702
S01012720,795,211,584
S01012721,568,277,291
S01012722,920,295,625
S01012723,689,232,457
S01012724,631,230,401
S01012725,945,345,600
S01012726,778,375,403
S01012727,749,297,452
S01012728,765,221,544
S01012729,768,418,350
S01012730,451,171,280
S01012731,626,305,321
S01012732,626,325,301
S01012733,2513,1587,926
S01012734,74,34,40
S01012735,466,221,245
S01012736,991,507,484
S01012737,1011,530,481
S01012738,506,216,290
S01012739,93,54,39
S01012740,81,29,52
S01012741,489,265,224
S01012742,764,510,254
S01012743,833,514,319
S01012744,575,355,220
S01012745,774,437,337
S01012746,919,517,402
S01012747,948,470,478
S01012748,648,192,456
S01012749,685,236,449
S01012750,615,210,405
S01012751,1060,441,619
S01012752,670,297,373
S01012753,386,124,262
S01012754,760,305,455
S01012755,551,187,364
S01012756,1438,774,664
S01012757,400,167,233
S01012758,572,234,338
S01012759,647,213,434
S01012760,784,246,538
S01012761,846,349,497
S01012762,678,337,341
S01012763,537,232,305
S01012764,805,369,436
S01012765,488,226,262
S01012766,561,213,348
S01012767,674,399,275
S01012768,716,471,245
S01012769,809,488,321
S01012770,698,306,392
S01012771,701,283,418
S01012772,951,430,521
S01012773,1002,400,602
S01012774,745,300,445
S01012775,563,238,325
S01012776,685,267,418
S01012777,885,438,447
S01012778,900,360,540
S01012779,752,281,471
S01012780,715,246,469
S01012781,554,294,260
S01012782,674,207,467
S01012783,746,231,515
S01012784,878,348,530
S01012785,617,154,463
S01012786,970,242,728
S01012787,452,152,300
S01012788,789,349,440
S01012789,854,402,452
S01012790,750,403,347
S01012791,690,383,307
S01012792,984,385,599
S01012793,934,259,675
S01012794,371,127,244
S01012795,1031,377,654
S01012796,725,281,444
S01012797,591,251,340
S01012798,914,467,447
S01012799,980,574,406
S01012800,888,507,381
S01012801,459,221,238
S01012802,602,419,183
S01012803,689,421,268
S01012804,693,289,404
S01012805,866,400,466
S01012806,733,348,385
S01012807,1118,710,408
S01012808,873,477,396
S01012809,759,296,463
S01012810,786,230,556
S01012811,734,388,346
S01012812,825,370,455
S01012813,861,571,290
S01012814,700,398,302
S01012815,1002,556,446
S01012816,629,261,368
S01012817,331,196,135
S01012818,757,488,269
S01012819,911,356,555
S01012820,1941,1096,845
S01012821,1305,713,592
S01012822,655,173,482
S01012823,578,338,240
S01012824,1050,532,518
S01012825,1197,458,739
S01012826,1215,520,695
S01012827,1087,493,594
S01012828,1707,949,758
S01012829,653,249,404
S01012830,565,270,295
S01012831,651,267,384
S01012832,436,196,240
S01012833,782,253,529
S01012834,658,258,400
S01012835,858,348,510
S01012836,413,193,220
S01012837,783,153,630
S01012838,695,108,587
S01012839,578,327,251
S01012840,763,492,271
S01012841,610,394,216
S01012842,829,408,421
S01012843,877,568,309
S01012844,741,468,273
S01012845,768,386,382
S01012846,909,301,608
S01012847,625,332,293
S01012848,737,440,297
S01012849,941,389,552
S01012850,808,313,495
S01012851,870,427,443
S01012852,907,497,410
S01012853,832,440,392
S01012854,1037,529,508
S01012855,955,394,561
S01012856,825,300,525
S01012857,1224,465,759
S01012858,779,189,590
S01012859,969,312,657
S01012860,948,426,522
S01012861,592,294,298
S01012862,731,201,530
S01012863,663,124,539
S01012864,660,134,526
S01012865,1016,461,555
S01012866,790,314,476
S01012867,741,267,474
S01012868,690,187,503
S01012869,424,83,341
S01012870,806,426,380
S01012871,777,380,397
S01012872,698,295,403
S01012873,771,346,425
S01012874,736,287,449
S01012875,548,179,369
S01012876,776,306,470
S01012877,631,281,350
S01012878,774,453,321
S01012879,918,481,437
S01012880,881,532,349
S01012881,1230,630,600
S01012882,907,384,523
S01012883,812,228,584
S01012884,527,215,312
S01012885,694,214,480
S01012886,792,455,337
S01012887,631,345,286
S01012888,805,479,326
S01012889,917,490,427
S01012890,623,236,387
S01012891,615,292,323
S01012892,994,325,669
S01012893,817,270,547
S01012894,685,360,325
S01012895,545,301,244
S01012896,894,333,561
S01012897,1278,775,503
S01012898,770,475,295
S01012899,616,200,416
S01012900,1119,565,554
S01012901,1591,864,727
S01012902,830,375,455
S01012903,804,318,486
S01012904,781,304,477
S01012905,729,266,463
S01012906,936,370,566
S01012907,909,393,516
S01012908,983,421,562
S01012909,769,306,463
S01012910,1120,416,704
S01012911,695,355,340
S01012912,1098,470,628
S01012913,820,363,457
S01012914,921,377,544
S01012915,810,388,422
S01012916,809,429,380
S01012917,587,359,228
S01012918,715,318,397
S01012919,397,188,209
S01012920,506,322,184
S01012921,594,261,333
S01012922,784,377,407
S01012923,891,458,433
S01012924,478,244,234
S01012925,519,317,202
S01012926,593,268,325
S01012927,628,304,324
S01012928,866,413,453
S01012929,769,420,349
S01012930,858,301,557
S01012931,954,361,593
S01012932,512,307,205
S01012933,733,325,408
S01012934,707,323,384
S01012935,1223,582,641
S01012936,796,336,460
S01012937,701,336,365
S01012938,726,446,280
S01012939,630,410,220
S01012940,676,393,283
S01012941,600,396,204
S01012942,714,293,421
S01012943,679,387,292
S01012944,590,393,197
S01012945,568,387,181
S01012946,691,416,275
S01012947,478,333,145
S01012948,914,566,348
S01012949,1132,737,395
S01012950,1441,880,561
S01012951,825,580,245
S01012952,1174,807,367
S01012953,568,334,234
S01012954,392,230,162
S01012955,1071,613,458
S01012956,851,367,484
S01012957,671,311,360
S01012958,435,231,204
S01012959,466,235,231
S01012960,609,301,308
S01012961,813,472,341
S01012962,780,514,266
S01012963,856,536,320
S01012964,1115,646,469
S01012965,669,337,332
S01012966,794,427,367
S01012967,724,368,356
S01012968,661,339,322
S01012969,776,374,402
S01012970,715,390,325
S01012971,795,360,435
S01012972,728,316,412
S01012973,830,383,447
S01012974,1046,467,579
S01012975,672,288,384
S01012976,561,241,320
S01012977,692,281,411
S01012978,759,283,476
S01012979,672,375,297
S01012980,650,252,398
S01012981,726,284,442
S01012982,662,311,351
S01012983,633,337,296
S01012984,662,284,378
S01012985,738,387,351
S01012986,840,307,533
S01012987,900,389,511
S01012988,936,426,510
S01012989,996,466,530
S01012990,980,383,597
S01012991,920,375,545
S01012992,889,377,512
S01012993,847,299,548
S01012994,826,270,556
S01012995,662,346,316
S01012996,753,346,407
S01012997,494,233,261
S01012998,990,524,466
S01012999,611,322,289
S01013000,937,408,529
S01013001,321,215,106
S01013002,593,368,225
S01013003,590,427,163
S01013004,767,491,276
S01013005,575,352,223
S01013006,758,506,252
S01013007,1056,640,416
S01013008,966,614,352
S01013009,675,343,332
S01013010,528,313,215
S01013011,704,404,300
S01013012,927,497,430
S01013013,782,443,339
S01013014,658,340,318
S01013015,608,377,231
S01013016,789,532,257
S01013017,873,520,353
S01013018,947,601,346
S01013019,1174,664,510
S01013020,816,440,376
S01013021,964,512,452
S01013022,324,169,155
S01013023,778,547,231
S01013024,506,286,220
S01013025,1069,612,457
S01013026,784,358,426
S01013027,1316,600,716
S01013028,733,412,321
S01013029,585,255,330
S01013030,926,435,491
S01013031,505,178,327
S01013032,459,241,218
S01013033,593,281,312
S01013034,650,294,356
S01013035,668,260,408
S01013036,732,307,425
S01013037,1015,502,513
S01013038,1035,462,573
S01013039,427,257,170
S01013040,544,240,304
S01013041,485,221,264
S01013042,736,343,393
S01013043,633,272,361
S01013044,918,368,550
S01013045,541,288,253
S01013046,551,225,326
S01013047,703,447,256
S01013048,1017,494,523
S01013049,878,478,400
S01013050,755,337,418
S01013051,763,316,447
S01013052,637,261,376
S01013053,878,329,549
S01013054,833,361,472
S01013055,641,212,429
S01013056,1077,437,640
S01013057,744,238,506
S01013058,394,251,143
S01013059,992,530,462
S01013060,548,285,263
S01013061,930,647,283
S01013062,967,487,480
S01013063,747,408,339
S01013064,974,491,483
S01013065,990,404,586
S01013066,700,302,398
S01013067,1269,205,1064
S01013068,1313,346,967
S01013069,861,157,704
S01013070,877,98,779
S01013071,979,72,907
S01013072,727,280,447
S01013073,922,269,653
S01013074,1196,364,832
S01013075,750,186,564
S01013076,799,235,564
S01013077,544,210,334
S01013078,628,256,372
S01013079,1213,521,692
S01013080,976,481,495
S01013081,597,365,232
S01013082,1137,649,488
S01013083,2577,455,2122
S01013084,832,493,339
S01013085,910,336,574
S01013086,889,382,507
S01013087,2647,503,2144
S01013088,773,556,217
S01013089,697,333,364
S01013090,1168,332,836
S01013091,775,166,609
S01013092,1122,399,723
S01013093,410,237,173
S01013094,590,436,154
S01013095,1282,996,286
S01013096,518,232,286
S01013097,1269,861,408
S01013098,45,14,31
S01013099,791,385,406
S01013100,780,492,288
S01013101,1395,682,713
S01013102,581,360,221
S01013103,619,429,190
S01013104,875,563,312
S01013105,732,476,256
S01013106,872,445,427
S01013107,700,493,207
S01013108,542,311,231
S01013109,1308,737,571
S01013110,488,294,194
S01013111,606,336,270
S01013112,683,372,311
S01013113,858,430,428
S01013114,1164,565,599
S01013115,853,375,478
S01013116,855,521,334
S01013117,854,439,415
S01013118,876,472,404
S01013119,668,371,297
S01013120,988,513,475
S01013121,378,195,183
S01013122,718,191,527
S01013123,759,229,530
S01013124,935,375,560
S01013125,760,304,456
S01013126,758,231,527
S01013127,856,241,615
S01013128,880,182,698
S01013129,1125,397,728
S01013130,816,204,612
S01013131,713,228,485
S01013132,583,150,433
S01013133,847,218,629
S01013134,669,304,365
S01013135,819,264,555
S01013136,958,388,570
S01013137,836,365,471
S01013138,684,181,503
S01013139,907,276,631
S01013140,898,349,549
S01013141,539,180,359
S01013142,913,247,666
S01013143,856,329,527
S01013144,782,326,456
S01013145,787,315,472
S01013146,453,214,239
S01013147,662,311,351
S01013148,895,418,477
S01013149,692,271,421
S01013150,729,343,386
S01013151,476,243,233
S01013152,1152,540,612
S01013153,765,261,504
S01013154,1098,410,688
S01013155,666,159,507
S01013156,815,245,570
S01013157,935,279,656
S01013158,688,404,284
S01013159,713,416,297
S01013160,821,504,317
S01013161,836,313,523
S01013162,957,344,613
S01013163,687,412,275
S01013164,968,405,563
S01013165,1088,523,565
S01013166,655,132,523
S01013167,978,293,685
S01013168,889,356,533
S01013169,665,270,395
S01013170,1011,390,621
S01013171,595,337,258
S01013172,695,324,371
S01013173,658,320,338
S01013174,916,561,355
S01013175,646,383,263
S01013176,899,386,513
S01013177,951,455,496
S01013178,623,256,367
S01013179,1208,617,591
S01013180,360,209,151
S01013181,820,473,347
S01013182,722,284,438
S01013183,879,558,321
S01013184,439,97,342
S01013185,805,240,565
S01013186,574,164,410
S01013187,764,246,518
S01013188,844,447,397
S01013189,712,408,304
S01013190,726,326,400
S01013191,834,531,303
S01013192,924,415,509
S01013193,557,214,343
S01013194,1030,375,655
S01013195,891,229,662
S01013196,615,184,431
S01013197,502,248,254
S01013198,767,303,464
S01013199,816,353,463
S01013200,841,326,515
S01013201,675,181,494
S01013202,466,179,287
S01013203,833,335,498
S01013204,836,470,366
S01013205,574,201,373
S01013206,755,261,494
S01013207,975,456,519
S01013208,621,190,431
S01013209,877,358,519
S01013210,666,346,320
S01013211,827,330,497
S01013212,670,389,281
S01013213,763,474,289
S01013214,348,204,144
S01013215,650,288,362
S01013216,632,239,393
S01013217,650,332,318
S01013218,558,202,356
S01013219,540,225,315
S01013220,678,267,411
S01013221,761,301,460
S01013222,560,172,388
S01013223,1147,386,761
S01013224,906,374,532
S01013225,941,430,511
S01013226,623,322,301
S01013227,470,132,338
S01013228,700,259,441
S01013229,821,286,535
S01013230,789,318,471
S01013231,1091,526,565
S01013232,684,286,398
S01013233,510,270,240
S01013234,540,338,202
S01013235,935,389,546
S01013236,867,517,350
S01013237,799,360,439
S01013238,858,251,607
S01013239,753,244,509
S01013240,623,191,432
S01013241,727,475,252
S01013242,561,332,229
S01013243,665,326,339
S01013244,970,387,583
S01013245,797,453,344
S01013246,366,188,178
S01013247,770,284,486
S01013248,570,196,374
S01013249,926,449,477
S01013250,1122,664,458
S01013251,734,336,398
S01013252,973,484,489
S01013253,700,360,340
S01013254,689,279,410
S01013255,1416,518,898
S01013256,821,435,386
S01013257,893,423,470
S01013258,815,442,373
S01013259,1101,577,524
S01013260,686,284,402
S01013261,914,422,492
S01013262,696,362,334
S01013263,830,569,261
S01013264,224,153,71
S01013265,724,486,238
S01013266,305,184,121
S01013267,757,367,390
S01013268,949,432,517
S01013269,923,539,384
S01013270,611,436,175
S01013271,967,685,282
S01013272,906,623,283
S01013273,625,458,167
S01013274,796,454,342
S01013275,895,535,360
S01013276,775,440,335
S01013277,719,353,366
S01013278,925,354,571
S01013279,658,232,426
S01013280,630,308,322
S01013281,741,342,399
S01013282,629,210,419
S01013283,891,347,544
S01013284,538,282,256
S01013285,630,314,316
S01013286,638,339,299
S01013287,629,360,269
S01013288,594,283,311
S01013289,833,530,303
S01013290,891,454,437
S01013291,909,508,401
S01013292,719,417,302
S01013293,696,430,266
S01013294,711,358,353
S01013295,741,385,356
S01013296,733,313,420
S01013297,971,424,547
S01013298,667,320,347
S01013299,1026,470,556
S01013300,970,416,554
S01013301,581,275,306
S01013302,1112,697,415
S01013303,1330,662,668
S01013304,823,275,548
S01013305,790,299,491
S01013306,836,194,642
S01013307,950,322,628
S01013308,989,351,638
S01013309,712,362,350
S01013310,506,251,255
S01013311,939,387,552
S01013312,1328,537,791
S01013313,538,215,323
S01013314,665,251,414
S01013315,224,135,89
S01013316,585,358,227
S01013317,590,336,254
S01013318,552,336,216
S01013319,642,363,279
S01013320,521,333,188
S01013321,421,134,287
S01013322,642,301,341
S01013323,770,316,454
S01013324,787,332,455
S01013325,990,319,671
S01013326,770,259,511
S01013327,687,282,405
S01013328,548,206,342
S01013329,435,182,253
S01013330,775,330,445
S01013331,481,229,252
S01013332,665,320,345
S01013333,879,432,447
S01013334,575,261,314
S01013335,733,286,447
S01013336,816,342,474
S01013337,2117,1263,854
S01013338,353,211,142
S01013339,683,390,293
S01013340,1097,687,410
S01013341,726,424,302
S01013342,671,236,435
S01013343,590,288,302
S01013344,1042,507,535
S01013345,660,312,348
S01013346,641,428,213
S01013347,572,273,299
S01013348,1049,675,374
S01013349,840,281,559
S01013350,1166,407,759
S01013351,631,296,335
S01013352,805,396,409
S01013353,862,330,532
S01013354,760,464,296
S01013355,770,423,347
S01013356,804,365,439
S01013357,876,472,404
S01013358,818,386,432
S01013359,503,193,310
S01013360,573,257,316
S01013361,1107,452,655
S01013362,466,198,268
S01013363,918,332,586
S01013364,634,330,304
S01013365,1030,536,494
S01013366,504,298,206
S01013367,595,339,256
S01013368,738,378,360
S01013369,711,275,436
S01013370,728,268,460
S01013371,725,390,335
S01013372,894,332,562
S01013373,1136,478,658
S01013374,858,281,577
S01013375,553,241,312
S01013376,538,252,286
S01013377,654,300,354
S01013378,858,377,481
S01013379,1012,541,471
S01013380,1068,598,470
S01013381,607,286,321
S01013382,842,390,452
S01013383,702,276,426
S01013384,948,429,519
S01013385,560,281,279
S01013386,658,421,237
S01013387,573,213,360
S01013388,639,272,367
S01013389,822,394,428
S01013390,450,212,238
S01013391,852,446,406
S01013392,797,487,310
S01013393,1429,762,667
S01013394,584,257,327
S01013395,1099,451,648
S01013396,863,448,415
S01013397,784,392,392
S01013398,196,122,74
S01013399,907,506,401
S01013400,537,214,323
S01013401,2672,1415,1257
S01013402,167,32,135
S01013403,83,56,27
S01013404,3150,1653,1497
S01013405,571,283,288
S01013406,587,244,343
S01013407,1336,729,607
S01013408,667,286,381
S01013409,1012,442,570
S01013410,455,133,322
S01013411,774,390,384
S01013412,661,288,373
S01013413,856,451,405
S01013414,839,262,577
S01013415,750,218,532
S01013416,491,191,300
S01013417,730,257,473
S01013418,405,186,219
S01013419,460,288,172
S01013420,986,546,440
S01013421,666,410,256
S01013422,785,381,404
S01013423,729,400,329
S01013424,660,393,267
S01013425,358,192,166
S01013426,720,332,388
S01013427,587,343,244
S01013428,1265,577,688
S01013429,1229,627,602
S01013430,1377,858,519
S01013431,812,371,441
S01013432,671,377,294
S01013433,601,380,221
S01013434,421,271,150
S01013435,585,398,187
S01013436,762,426,336
S01013437,667,294,373
S01013438,581,224,357
S01013439,738,532,206
S01013440,1043,746,297
S01013441,740,446,294
S01013442,732,417,315
S01013443,509,272,237
S01013444,1049,398,651
S01013445,580,327,253
S01013446,578,311,267
S01013447,421,297,124
S01013448,931,537,394
S01013449,642,401,241
S01013450,656,422,234
S01013451,668,437,231
S01013452,490,271,219
S01013453,792,360,432
S01013454,600,381,219
S01013455,467,239,228
S01013456,883,395,488
S01013457,809,374,435
S01013458,683,318,365
S01013459,863,331,532
S01013460,787,340,447
S01013461,901,407,494
S01013462,773,404,369
S01013463,711,315,396
S01013464,704,379,325
S01013465,692,353,339
S01013466,401,154,247
S01013467,721,486,235
S01013468,584,225,359
S01013469,880,470,410
S01013470,742,267,475
S01013471,743,314,429
S01013472,888,540,348
S01013473,411,218,193
S01013474,554,327,227
S01013475,1256,814,442
S01013476,538,293,245
S01013477,866,400,466
S01013478,768,350,418
S01013479,892,361,531
S01013480,566,267,299
S01013481,990,623,367
