dz_2011,total,higher,lower
S01006506,449,215,234
S01006507,585,196,389
S01006508,555,268,287
S01006509,388,128,260
S01006510,360,144,216
S01006511,486,282,204
S01006512,222,104,118
S01006513,531,322,209
S01006514,551,360,191
S01006515,624,408,216
S01006516,473,261,212
S01006517,536,308,228
S01006518,492,313,179
S01006519,434,270,164
S01006520,422,285,137
S01006521,264,173,91
S01006522,286,204,82
S01006523,665,433,232
S01006524,605,336,269
S01006525,676,382,294
S01006526,735,210,525
S01006527,692,179,513
S01006528,570,145,425
S01006529,562,218,344
S01006530,575,129,446
S01006531,598,140,458
S01006532,429,211,218
S01006533,468,310,158
S01006534,529,344,185
S01006535,752,418,334
S01006536,911,498,413
S01006537,423,231,192
S01006538,369,206,163
S01006539,506,313,193
S01006540,703,410,293
S01006541,437,256,181
S01006542,491,283,208
S01006543,476,273,203
S01006544,477,290,187
S01006545,559,321,238
S01006546,594,373,221
S01006547,665,299,366
S01006548,396,252,144
S01006549,393,230,163
S01006550,617,386,231
S01006551,430,156,274
S01006552,644,329,315
S01006553,444,203,241
S01006554,471,129,342
S01006555,471,120,351
S01006556,492,95,397
S01006557,449,114,335
S01006558,549,366,183
S01006559,347,229,118
S01006560,525,337,188
S01006561,503,332,171
S01006562,491,275,216
S01006563,627,413,214
S01006564,650,313,337
S01006565,666,325,341
S01006566,544,351,193
S01006567,641,299,342
S01006568,769,438,331
S01006569,459,285,174
S01006570,526,345,181
S01006571,696,463,233
S01006572,614,432,182
S01006573,373,274,99
S01006574,517,368,149
S01006575,677,420,257
S01006576,553,329,224
S01006577,574,362,212
S01006578,1054,573,481
S01006579,952,536,416
S01006580,532,320,212
S01006581,677,444,233
S01006582,364,189,175
S01006583,701,372,329
S01006584,579,362,217
S01006585,476,174,302
S01006586,461,215,246
S01006587,297,115,182
S01006588,431,217,214
S01006589,614,203,411
S01006590,433,194,239
S01006591,355,186,169
S01006592,318,170,148
S01006593,374,218,156
S01006594,449,243,206
S01006595,567,326,241
S01006596,600,373,227
S01006597,602,312,290
S01006598,694,427,267
S01006599,570,253,317
S01006600,760,409,351
S01006601,643,303,340
S01006602,515,316,199
S01006603,697,175,522
S01006604,502,121,381
S01006605,408,80,328
S01006606,718,238,480
S01006607,693,136,557
S01006608,525,200,325
S01006609,687,128,559
S01006610,335,58,277
S01006611,565,109,456
S01006612,565,158,407
S01006613,299,143,156
S01006614,649,288,361
S01006615,293,116,177
S01006616,518,185,333
S01006617,614,218,396
S01006618,382,147,235
S01006619,623,225,398
S01006620,769,233,536
S01006621,575,175,400
S01006622,466,164,302
S01006623,824,191,633
S01006624,562,148,414
S01006625,466,123,343
S01006626,451,93,358
S01006627,493,142,351
S01006628,814,253,561
S01006629,489,102,387
S01006630,439,79,360
S01006631,608,181,427
S01006632,502,100,402
S01006633,487,70,417
S01006634,415,63,352
S01006635,524,95,429
S01006636,502,82,420
S01006637,301,102,199
S01006638,574,210,364
S01006639,465,157,308
S01006640,108,22,86
S01006641,539,198,341
S01006642,437,188,249
S01006643,608,242,366
S01006644,315,118,197
S01006645,578,169,409
S01006646,504,235,269
S01006647,370,98,272
S01006648,651,246,405
S01006649,410,134,276
S01006650,521,209,312
S01006651,357,147,210
S01006652,387,158,229
S01006653,477,256,221
S01006654,416,129,287
S01006655,207,102,105
S01006656,541,300,241
S01006657,342,124,218
S01006658,527,198,329
S01006659,425,179,246
S01006660,310,89,221
S01006661,358,142,216
S01006662,282,71,211
S01006663,435,277,158
S01006664,193,93,100
S01006665,360,164,196
S01006666,665,114,551
S01006667,524,96,428
S01006668,343,148,195
S01006669,385,165,220
S01006670,210,71,139
S01006671,250,117,133
S01006672,334,82,252
S01006673,340,105,235
S01006674,447,64,383
S01006675,260,42,218
S01006676,379,76,303
S01006677,399,70,329
S01006678,584,82,502
S01006679,554,186,368
S01006680,410,73,337
S01006681,551,185,366
S01006682,350,85,265
S01006683,547,187,360
S01006684,412,127,285
S01006685,422,109,313
S01006686,448,80,368
S01006687,518,127,391
S01006688,482,154,328
S01006689,165,84,81
S01006690,412,183,229
S01006691,459,202,257
S01006692,478,233,245
S01006693,642,232,410
S01006694,536,108,428
S01006695,415,114,301
S01006696,532,116,416
S01006697,555,139,416
S01006698,441,110,331
S01006699,449,117,332
S01006700,657,218,439
S01006701,560,104,456
S01006702,516,109,407
S01006703,384,73,311
S01006704,427,78,349
S01006705,505,110,395
S01006706,405,86,319
S01006707,374,61,313
S01006708,442,85,357
S01006709,591,133,458
S01006710,680,165,515
S01006711,629,147,482
S01006712,361,66,295
S01006713,504,84,420
S01006714,480,105,375
S01006715,523,70,453
S01006716,345,47,298
S01006717,579,96,483
S01006718,356,50,306
S01006719,564,86,478
S01006720,435,72,363
S01006721,535,89,446
S01006722,479,74,405
S01006723,547,100,447
S01006724,576,76,500
S01006725,564,82,482
S01006726,406,64,342
S01006727,515,78,437
S01006728,503,98,405
S01006729,425,58,367
S01006730,428,103,325
S01006731,339,67,272
S01006732,578,259,319
S01006733,532,334,198
S01006734,640,374,266
S01006735,515,307,208
S01006736,595,327,268
S01006737,465,235,230
S01006738,459,158,301
S01006739,365,106,259
S01006740,533,114,419
S01006741,419,93,326
S01006742,273,51,222
S01006743,544,175,369
S01006744,413,137,276
S01006745,580,135,445
S01006746,379,95,284
S01006747,647,273,374
S01006748,644,260,384
S01006749,835,224,611
S01006750,479,119,360
S01006751,266,72,194
S01006752,497,122,375
S01006753,559,208,351
S01006754,803,361,442
S01006755,495,187,308
S01006756,142,50,92
S01006757,869,336,533
S01006758,478,204,274
S01006759,402,178,224
S01006760,430,160,270
S01006761,660,228,432
S01006762,586,220,366
S01006763,771,319,452
S01006764,571,215,356
S01006765,528,186,342
S01006766,420,234,186
S01006767,493,155,338
S01006768,452,217,235
S01006769,815,298,517
S01006770,525,196,329
S01006771,342,153,189
S01006772,972,357,615
S01006773,442,177,265
S01006774,538,216,322
S01006775,480,157,323
S01006776,364,84,280
S01006777,731,280,451
S01006778,594,174,420
S01006779,569,119,450
S01006780,479,139,340
S01006781,597,193,404
S01006782,553,200,353
S01006783,390,129,261
S01006784,469,187,282
S01006785,460,212,248
S01006786,727,318,409
S01006787,733,305,428
S01006788,476,198,278
S01006789,525,157,368
S01006790,463,123,340
S01006791,284,80,204
S01006792,389,128,261
S01006793,397,98,299
S01006794,451,173,278
S01006795,363,192,171
S01006796,214,96,118
S01006797,379,174,205
S01006798,406,157,249
S01006799,481,151,330
S01006800,488,230,258
S01006801,370,140,230
S01006802,323,96,227
S01006803,370,115,255
S01006804,394,117,277
S01006805,586,210,376
S01006806,592,209,383
S01006807,304,91,213
S01006808,498,186,312
S01006809,490,157,333
S01006810,530,186,344
S01006811,482,206,276
S01006812,458,140,318
S01006813,459,137,322
S01006814,544,262,282
S01006815,311,72,239
S01006816,538,224,314
S01006817,395,137,258
S01006818,405,151,254
S01006819,470,188,282
S01006820,340,162,178
S01006821,576,234,342
S01006822,464,192,272
S01006823,473,228,245
S01006824,383,62,321
S01006825,685,218,467
S01006826,673,322,351
S01006827,538,182,356
S01006828,569,217,352
S01006829,146,58,88
S01006830,378,153,225
S01006831,784,346,438
S01006832,504,265,239
S01006833,358,212,146
S01006834,155,84,71
S01006835,634,264,370
S01006836,28,14,14
S01006837,282,116,166
S01006838,610,288,322
S01006839,535,199,336
S01006840,689,342,347
S01006841,841,338,503
S01006842,645,258,387
S01006843,659,267,392
S01006844,476,171,305
S01006845,651,268,383
S01006846,547,192,355
S01006847,472,183,289
S01006848,499,245,254
S01006849,253,77,176
S01006850,759,221,538
S01006851,423,121,302
S01006852,367,158,209
S01006853,480,260,220
S01006854,793,332,461
S01006855,451,207,244
S01006856,521,216,305
S01006857,595,210,385
S01006858,383,171,212
S01006859,527,287,240
S01006860,348,124,224
S01006861,112,51,61
S01006862,571,219,352
S01006863,315,91,224
S01006864,84,14,70
S01006865,548,270,278
S01006866,355,198,157
S01006867,558,303,255
S01006868,472,158,314
S01006869,331,127,204
S01006870,301,136,165
S01006871,501,243,258
S01006872,539,266,273
S01006873,545,266,279
S01006874,349,141,208
S01006875,361,105,256
S01006876,563,217,346
S01006877,611,256,355
S01006878,569,168,401
S01006879,517,186,331
S01006880,345,173,172
S01006881,336,142,194
S01006882,451,143,308
S01006883,321,130,191
S01006884,530,180,350
S01006885,384,179,205
S01006886,430,216,214
S01006887,243,111,132
S01006888,422,156,266
S01006889,411,119,292
S01006890,569,263,306
S01006891,398,164,234
S01006892,357,84,273
S01006893,625,151,474
S01006894,332,105,227
S01006895,330,81,249
S01006896,460,186,274
S01006897,643,218,425
S01006898,304,111,193
S01006899,244,116,128
S01006900,301,116,185
S01006901,494,128,366
S01006902,397,129,268
S01006903,487,135,352
S01006904,242,67,175
S01006905,475,205,270
S01006906,560,110,450
S01006907,341,132,209
S01006908,500,138,362
S01006909,156,71,85
S01006910,198,94,104
S01006911,214,81,133
S01006912,166,76,90
S01006913,339,179,160
S01006914,448,211,237
S01006915,505,218,287
S01006916,158,61,97
S01006917,71,28,43
S01006918,277,119,158
S01006919,325,131,194
S01006920,308,106,202
S01006921,259,102,157
S01006922,372,140,232
S01006923,392,168,224
S01006924,284,131,153
S01006925,355,173,182
S01006926,212,95,117
S01006927,173,64,109
S01006928,680,255,425
S01006929,742,454,288
S01006930,489,255,234
S01006931,225,87,138
S01006932,273,158,115
S01006933,590,267,323
S01006934,350,145,205
S01006935,591,315,276
S01006936,481,216,265
S01006937,565,270,295
S01006938,545,230,315
S01006939,410,204,206
S01006940,655,326,329
S01006941,520,211,309
S01006942,629,298,331
S01006943,150,57,93
S01006944,66,34,32
S01006945,646,325,321
S01006946,506,225,281
S01006947,711,324,387
S01006948,586,238,348
S01006949,414,208,206
S01006950,150,67,83
S01006951,481,159,322
S01006952,697,246,451
S01006953,759,343,416
S01006954,684,261,423
S01006955,340,113,227
S01006956,454,200,254
S01006957,501,214,287
S01006958,587,256,331
S01006959,393,159,234
S01006960,212,111,101
S01006961,186,85,101
S01006962,451,157,294
S01006963,674,294,380
S01006964,544,172,372
S01006965,335,137,198
S01006966,446,140,306
S01006967,479,190,289
S01006968,610,193,417
S01006969,622,202,420
S01006970,387,199,188
S01006971,504,171,333
S01006972,284,115,169
S01006973,351,165,186
S01006974,782,378,404
S01006975,684,251,433
S01006976,352,135,217
S01006977,529,196,333
S01006978,448,142,306
S01006979,755,307,448
S01006980,385,169,216
S01006981,469,187,282
S01006982,565,202,363
S01006983,625,236,389
S01006984,493,236,257
S01006985,740,249,491
S01006986,241,80,161
S01006987,561,235,326
S01006988,289,110,179
S01006989,438,179,259
S01006990,263,132,131
S01006991,335,88,247
S01006992,552,240,312
S01006993,426,160,266
S01006994,370,135,235
S01006995,520,180,340
S01006996,393,99,294
S01006997,360,156,204
S01006998,547,182,365
S01006999,458,139,319
S01007000,600,179,421
S01007001,484,170,314
S01007002,230,55,175
S01007003,314,90,224
S01007004,605,183,422
S01007005,555,216,339
S01007006,510,126,384
S01007007,438,115,323
S01007008,383,82,301
S01007009,719,190,529
S01007010,449,146,303
S01007011,555,119,436
S01007012,465,46,419
S01007013,529,165,364
S01007014,579,181,398
S01007015,414,107,307
S01007016,337,102,235
S01007017,583,89,494
S01007018,684,170,514
S01007019,556,128,428
S01007020,536,152,384
S01007021,718,178,540
S01007022,263,88,175
S01007023,386,110,276
S01007024,583,150,433
S01007025,538,123,415
S01007026,461,119,342
S01007027,635,164,471
S01007028,645,170,475
S01007029,297,82,215
S01007030,505,118,387
S01007031,293,67,226
S01007032,618,198,420
S01007033,648,138,510
S01007034,479,119,360
S01007035,479,66,413
S01007036,482,149,333
S01007037,629,120,509
S01007038,448,94,354
S01007039,373,55,318
S01007040,535,99,436
S01007041,519,120,399
S01007042,449,98,351
S01007043,573,161,412
S01007044,572,119,453
S01007045,507,121,386
S01007046,290,75,215
S01007047,566,133,433
S01007048,738,159,579
S01007049,536,96,440
S01007050,532,144,388
S01007051,539,167,372
S01007052,305,77,228
S01007053,437,132,305
S01007054,574,132,442
S01007055,299,99,200
S01007056,472,114,358
S01007057,509,160,349
S01007058,410,89,321
S01007059,646,173,473
S01007060,374,55,319
S01007061,649,272,377
S01007062,430,164,266
S01007063,770,236,534
S01007064,403,138,265
S01007065,452,182,270
S01007066,395,121,274
S01007067,776,272,504
S01007068,381,122,259
S01007069,673,215,458
S01007070,450,90,360
S01007071,674,205,469
S01007072,892,268,624
S01007073,1039,255,784
S01007074,684,123,561
S01007075,582,98,484
S01007076,554,107,447
S01007077,484,92,392
S01007078,524,99,425
S01007079,573,116,457
S01007080,412,76,336
S01007081,563,80,483
S01007082,351,47,304
S01007083,412,65,347
S01007084,408,101,307
S01007085,623,137,486
S01007086,557,92,465
S01007087,472,84,388
S01007088,339,50,289
S01007089,369,125,244
S01007090,340,84,256
S01007091,154,62,92
S01007092,369,71,298
S01007093,668,200,468
S01007094,629,169,460
S01007095,401,110,291
S01007096,553,181,372
S01007097,525,167,358
S01007098,299,121,178
S01007099,360,93,267
S01007100,508,146,362
S01007101,670,147,523
S01007102,454,129,325
S01007103,415,85,330
S01007104,290,76,214
S01007105,343,77,266
S01007106,492,113,379
S01007107,398,128,270
S01007108,386,77,309
S01007109,528,72,456
S01007110,512,86,426
S01007111,295,54,241
S01007112,510,165,345
S01007113,400,157,243
S01007114,468,102,366
S01007115,406,101,305
S01007116,393,99,294
S01007117,361,113,248
S01007118,528,72,456
S01007119,569,67,502
S01007120,658,124,534
S01007121,335,73,262
S01007122,300,87,213
S01007123,501,86,415
S01007124,559,98,461
S01007125,401,79,322
S01007126,529,79,450
S01007127,332,52,280
S01007128,565,88,477
S01007129,409,243,166
S01007130,350,141,209
S01007131,441,207,234
S01007132,394,176,218
S01007133,321,128,193
S01007134,466,162,304
S01007135,389,204,185
S01007136,197,86,111
S01007137,89,33,56
S01007138,265,116,149
S01007139,451,171,280
S01007140,471,206,265
S01007141,333,110,223
S01007142,105,62,43
S01007143,256,80,176
S01007144,833,295,538
S01007145,460,194,266
S01007146,446,181,265
S01007147,529,235,294
S01007148,347,167,180
S01007149,576,257,319
S01007150,384,185,199
S01007151,570,218,352
S01007152,415,195,220
S01007153,516,250,266
S01007154,437,166,271
S01007155,338,128,210
S01007156,570,175,395
S01007157,480,145,335
S01007158,522,177,345
S01007159,435,86,349
S01007160,435,103,332
S01007161,481,158,323
S01007162,181,68,113
S01007163,590,214,376
S01007164,435,171,264
S01007165,462,229,233
S01007166,570,273,297
S01007167,533,246,287
S01007168,557,261,296
S01007169,477,217,260
S01007170,422,160,262
S01007171,788,201,587
S01007172,739,225,514
S01007173,390,113,277
S01007174,368,148,220
S01007175,388,121,267
S01007176,541,133,408
S01007177,388,69,319
S01007178,469,71,398
S01007179,722,291,431
S01007180,478,208,270
S01007181,594,223,371
S01007182,639,222,417
S01007183,607,146,461
S01007184,546,146,400
S01007185,437,107,330
S01007186,333,60,273
S01007187,346,86,260
S01007188,402,106,296
S01007189,372,99,273
S01007190,418,115,303
S01007191,366,63,303
S01007192,420,101,319
S01007193,406,63,343
S01007194,287,37,250
S01007195,504,131,373
S01007196,341,72,269
S01007197,178,41,137
S01007198,217,47,170
S01007199,490,75,415
S01007200,524,98,426
S01007201,585,148,437
S01007202,450,104,346
S01007203,516,125,391
S01007204,561,208,353
S01007205,463,160,303
S01007206,169,56,113
S01007207,597,188,409
S01007208,425,108,317
S01007209,349,111,238
S01007210,527,126,401
S01007211,387,94,293
S01007212,431,146,285
S01007213,415,172,243
S01007214,422,125,297
S01007215,482,138,344
S01007216,434,155,279
S01007217,430,81,349
S01007218,413,158,255
S01007219,590,119,471
S01007220,422,83,339
S01007221,307,134,173
S01007222,635,174,461
S01007223,364,169,195
S01007224,399,150,249
S01007225,596,227,369
S01007226,536,185,351
S01007227,743,235,508
S01007228,418,137,281
S01007229,705,241,464
S01007230,657,172,485
S01007231,371,58,313
S01007232,253,45,208
S01007233,419,130,289
S01007234,316,72,244
S01007235,534,155,379
S01007236,538,159,379
S01007237,408,136,272
S01007238,507,142,365
S01007239,685,245,440
S01007240,357,108,249
S01007241,661,239,422
S01007242,569,222,347
S01007243,674,266,408
S01007244,371,131,240
S01007245,439,121,318
S01007246,387,114,273
S01007247,633,190,443
S01007248,486,198,288
S01007249,303,120,183
S01007250,419,141,278
S01007251,340,105,235
S01007252,425,115,310
S01007253,423,156,267
S01007254,428,109,319
S01007255,567,94,473
S01007256,406,102,304
S01007257,453,107,346
S01007258,371,124,247
S01007259,469,110,359
S01007260,554,77,477
S01007261,555,206,349
S01007262,385,72,313
S01007263,698,170,528
S01007264,456,141,315
S01007265,568,137,431
S01007266,443,113,330
S01007267,341,118,223
S01007268,316,107,209
S01007269,387,143,244
S01007270,266,69,197
S01007271,621,187,434
S01007272,557,128,429
S01007273,359,112,247
S01007274,398,146,252
S01007275,396,150,246
S01007276,589,201,388
S01007277,522,226,296
S01007278,500,210,290
S01007279,387,123,264
S01007280,370,102,268
S01007281,648,187,461
S01007282,309,60,249
S01007283,391,149,242
S01007284,452,116,336
S01007285,588,138,450
S01007286,770,206,564
S01007287,350,70,280
S01007288,410,106,304
S01007289,612,235,377
S01007290,202,62,140
S01007291,317,73,244
S01007292,446,128,318
S01007293,665,100,565
S01007294,521,131,390
S01007295,311,57,254
S01007296,371,110,261
S01007297,607,216,391
S01007298,335,94,241
S01007299,539,136,403
S01007300,447,75,372
S01007301,472,174,298
S01007302,472,109,363
S01007303,532,173,359
S01007304,315,79,236
S01007305,518,182,336
S01007306,561,173,388
S01007307,563,199,364
S01007308,481,123,358
S01007309,460,145,315
S01007310,538,185,353
S01007311,568,123,445
S01007312,430,162,268
S01007313,528,176,352
S01007314,554,220,334
S01007315,430,155,275
S01007316,574,188,386
S01007317,612,237,375
S01007318,331,89,242
S01007319,475,169,306
S01007320,575,221,354
S01007321,345,123,222
S01007322,454,110,344
S01007323,328,85,243
S01007324,176,44,132
S01007325,404,110,294
S01007326,617,139,478
S01007327,484,107,377
S01007328,555,118,437
S01007329,338,85,253
S01007330,419,112,307
S01007331,503,98,405
S01007332,389,91,298
S01007333,573,154,419
S01007334,403,66,337
S01007335,501,82,419
S01007336,391,98,293
S01007337,290,63,227
S01007338,613,104,509
S01007339,423,185,238
S01007340,344,89,255
S01007341,360,114,246
S01007342,404,171,233
S01007343,413,95,318
S01007344,297,88,209
S01007345,233,42,191
S01007346,389,63,326
S01007347,563,98,465
S01007348,388,57,331
S01007349,343,100,243
S01007350,324,102,222
S01007351,329,100,229
S01007352,280,95,185
S01007353,311,137,174
S01007354,404,145,259
S01007355,670,191,479
S01007356,341,112,229
S01007357,442,128,314
S01007358,969,296,673
S01007359,434,120,314
S01007360,387,106,281
S01007361,511,198,313
S01007362,505,167,338
S01007363,488,155,333
S01007364,468,90,378
S01007365,186,51,135
S01007366,237,53,184
S01007367,309,70,239
S01007368,283,62,221
S01007369,566,145,421
S01007370,475,142,333
S01007371,474,143,331
S01007372,456,200,256
S01007373,288,126,162
S01007374,482,207,275
S01007375,264,122,142
S01007376,571,163,408
S01007377,387,187,200
S01007378,2685,1451,1234
S01007379,450,133,317
S01007380,426,130,296
S01007381,247,169,78
S01007382,534,277,257
S01007383,415,208,207
S01007384,520,239,281
S01007385,658,296,362
S01007386,459,284,175
S01007387,518,308,210
S01007388,437,232,205
S01007389,506,209,297
S01007390,229,85,144
S01007391,387,221,166
S01007392,253,146,107
S01007393,459,288,171
S01007394,369,195,174
S01007395,650,254,396
S01007396,621,231,390
S01007397,511,281,230
S01007398,355,77,278
S01007399,358,58,300
S01007400,435,166,269
S01007401,428,170,258
S01007402,396,182,214
S01007403,443,228,215
S01007404,384,148,236
S01007405,288,152,136
S01007406,392,223,169
S01007407,418,233,185
S01007408,509,179,330
S01007409,418,133,285
S01007410,417,70,347
S01007411,388,69,319
S01007412,265,68,197
S01007413,477,161,316
S01007414,185,68,117
S01007415,426,62,364
S01007416,262,38,224
S01007417,127,20,107
S01007418,349,57,292
S01007419,425,55,370
S01007420,752,133,619
S01007421,317,98,219
S01007422,425,119,306
S01007423,204,47,157
S01007424,459,198,261
S01007425,586,203,383
S01007426,479,136,343
S01007427,397,82,315
S01007428,607,186,421
S01007429,520,167,353
S01007430,302,105,197
S01007431,398,180,218
S01007432,415,115,300
S01007433,510,156,354
S01007434,319,58,261
S01007435,460,145,315
S01007436,563,175,388
S01007437,301,88,213
S01007438,374,92,282
S01007439,524,154,370
S01007440,427,140,287
S01007441,412,182,230
S01007442,462,242,220
S01007443,474,249,225
S01007444,717,373,344
S01007445,430,265,165
S01007446,372,219,153
S01007447,387,195,192
S01007448,557,194,363
S01007449,522,113,409
S01007450,659,180,479
S01007451,384,106,278
S01007452,383,95,288
S01007453,45,8,37
S01007454,281,55,226
S01007455,458,81,377
S01007456,505,70,435
S01007457,328,58,270
S01007458,449,179,270
S01007459,457,145,312
S01007460,454,97,357
S01007461,456,91,365
S01007462,471,126,345
S01007463,454,66,388
S01007464,523,68,455
S01007465,373,71,302
S01007466,550,124,426
S01007467,487,155,332
S01007468,756,227,529
S01007469,384,85,299
S01007470,278,67,211
S01007471,259,77,182
S01007472,549,123,426
S01007473,218,33,185
S01007474,253,99,154
S01007475,284,102,182
S01007476,375,141,234
S01007477,421,186,235
S01007478,498,213,285
S01007479,242,64,178
S01007480,512,136,376
S01007481,505,197,308
S01007482,332,75,257
S01007483,545,88,457
S01007484,477,113,364
S01007485,439,69,370
S01007486,367,54,313
S01007487,608,118,490
S01007488,553,158,395
S01007489,416,113,303
S01007490,602,90,512
S01007491,400,76,324
S01007492,357,52,305
S01007493,510,104,406
S01007494,433,95,338
S01007495,398,101,297
S01007496,594,155,439
S01007497,335,73,262
S01007498,575,133,442
S01007499,460,84,376
S01007500,376,85,291
S01007501,327,57,270
S01007502,356,92,264
S01007503,572,133,439
S01007504,603,137,466
S01007505,243,73,170
S01007506,286,82,204
S01007507,705,141,564
S01007508,352,70,282
S01007509,379,92,287
S01007510,426,96,330
S01007511,550,85,465
S01007512,269,58,211
S01007513,557,125,432
S01007514,312,70,242
S01007515,316,136,180
S01007516,377,85,292
S01007517,247,79,168
S01007518,414,74,340
S01007519,283,85,198
S01007520,468,92,376
S01007521,379,102,277
S01007522,559,128,431
S01007523,256,61,195
S01007524,503,123,380
S01007525,290,48,242
S01007526,444,105,339
S01007527,740,181,559
S01007528,529,108,421
S01007529,406,137,269
S01007530,287,82,205
S01007531,427,109,318
S01007532,271,73,198
S01007533,400,101,299
S01007534,685,121,564
S01007535,413,116,297
S01007536,555,126,429
S01007537,744,184,560
S01007538,429,110,319
S01007539,406,127,279
S01007540,395,67,328
S01007541,581,145,436
S01007542,471,88,383
S01007543,692,109,583
S01007544,643,230,413
S01007545,691,201,490
S01007546,337,102,235
S01007547,316,95,221
S01007548,475,121,354
S01007549,380,101,279
S01007550,625,168,457
S01007551,678,182,496
S01007552,485,69,416
S01007553,460,49,411
S01007554,392,52,340
S01007555,356,87,269
S01007556,361,55,306
S01007557,558,70,488
S01007558,277,71,206
S01007559,421,121,300
S01007560,522,156,366
S01007561,492,112,380
S01007562,444,146,298
S01007563,555,204,351
S01007564,659,240,419
S01007565,544,140,404
S01007566,434,131,303
S01007567,292,84,208
S01007568,435,147,288
S01007569,485,163,322
S01007570,538,182,356
S01007571,304,102,202
S01007572,355,90,265
S01007573,56,19,37
S01007574,773,122,651
S01007575,411,52,359
S01007576,501,65,436
S01007577,448,60,388
S01007578,402,44,358
S01007579,263,35,228
S01007580,451,50,401
S01007581,312,38,274
S01007582,454,78,376
S01007583,562,99,463
S01007584,405,98,307
S01007585,481,137,344
S01007586,443,115,328
S01007587,407,134,273
S01007588,495,240,255
S01007589,610,243,367
S01007590,299,158,141
S01007591,456,127,329
S01007592,532,118,414
S01007593,511,172,339
S01007594,505,148,357
S01007595,513,175,338
S01007596,387,89,298
S01007597,343,129,214
S01007598,612,189,423
S01007599,351,112,239
S01007600,494,234,260
S01007601,420,156,264
S01007602,652,235,417
S01007603,607,240,367
S01007604,621,257,364
S01007605,692,250,442
S01007606,359,131,228
S01007607,616,220,396
S01007608,582,207,375
S01007609,460,91,369
S01007610,404,98,306
S01007611,504,151,353
S01007612,539,141,398
S01007613,550,243,307
S01007614,458,234,224
S01007615,651,259,392
S01007616,500,134,366
S01007617,404,72,332
S01007618,421,87,334
S01007619,390,65,325
S01007620,479,141,338
S01007621,388,105,283
S01007622,450,129,321
S01007623,280,96,184
S01007624,457,124,333
S01007625,437,146,291
S01007626,351,124,227
S01007627,142,56,86
S01007628,452,166,286
S01007629,395,117,278
S01007630,479,155,324
S01007631,330,128,202
S01007632,882,226,656
S01007633,815,210,605
S01007634,352,98,254
S01007635,388,136,252
S01007636,633,176,457
S01007637,770,124,646
S01007638,505,127,378
S01007639,558,90,468
S01007640,353,61,292
S01007641,351,92,259
S01007642,536,197,339
S01007643,472,109,363
S01007644,458,127,331
S01007645,449,126,323
S01007646,374,100,274
S01007647,630,176,454
S01007648,634,138,496
S01007649,453,83,370
S01007650,572,138,434
S01007651,424,93,331
S01007652,446,91,355
S01007653,629,143,486
S01007654,654,109,545
S01007655,456,96,360
S01007656,552,147,405
S01007657,382,103,279
S01007658,347,99,248
S01007659,518,115,403
S01007660,723,115,608
S01007661,429,113,316
S01007662,501,99,402
S01007663,563,136,427
S01007664,279,30,249
S01007665,342,46,296
S01007666,167,58,109
S01007667,265,82,183
S01007668,682,102,580
S01007669,345,40,305
S01007670,505,78,427
S01007671,375,101,274
S01007672,525,202,323
S01007673,404,95,309
S01007674,639,113,526
S01007675,407,95,312
S01007676,320,72,248
S01007677,82,26,56
S01007678,382,59,323
S01007679,463,42,421
S01007680,549,139,410
S01007681,317,45,272
S01007682,546,338,208
S01007683,563,360,203
S01007684,616,418,198
S01007685,506,347,159
S01007686,595,356,239
S01007687,451,302,149
S01007688,421,251,170
S01007689,255,155,100
S01007690,428,212,216
S01007691,432,172,260
S01007692,321,177,144
S01007693,268,107,161
S01007694,154,59,95
S01007695,423,189,234
S01007696,384,138,246
S01007697,536,250,286
S01007698,516,190,326
S01007699,329,109,220
S01007700,505,292,213
S01007701,167,45,122
S01007702,132,61,71
S01007703,543,229,314
S01007704,491,139,352
S01007705,210,62,148
S01007706,224,93,131
S01007707,99,24,75
S01007708,541,170,371
S01007709,363,108,255
S01007710,441,120,321
S01007711,491,145,346
S01007712,432,159,273
S01007713,263,85,178
S01007714,368,112,256
S01007715,214,48,166
S01007716,397,120,277
S01007717,421,111,310
S01007718,417,107,310
S01007719,725,217,508
S01007720,472,115,357
S01007721,512,124,388
S01007722,432,90,342
S01007723,392,80,312
S01007724,378,91,287
S01007725,580,129,451
S01007726,384,115,269
S01007727,338,84,254
S01007728,499,140,359
S01007729,517,161,356
S01007730,530,211,319
S01007731,251,85,166
S01007732,262,82,180
S01007733,502,259,243
S01007734,464,237,227
S01007735,499,209,290
S01007736,436,177,259
S01007737,409,131,278
S01007738,504,180,324
S01007739,281,83,198
S01007740,376,137,239
S01007741,348,112,236
S01007742,314,114,200
S01007743,443,98,345
S01007744,331,54,277
S01007745,477,93,384
S01007746,459,62,397
S01007747,389,53,336
S01007748,288,51,237
S01007749,529,212,317
S01007750,510,255,255
S01007751,351,197,154
S01007752,471,289,182
S01007753,445,98,347
S01007754,663,149,514
S01007755,351,64,287
S01007756,394,71,323
S01007757,701,325,376
S01007758,475,262,213
S01007759,633,270,363
S01007760,507,292,215
S01007761,524,306,218
S01007762,407,176,231
S01007763,341,124,217
S01007764,597,285,312
S01007765,552,277,275
S01007766,600,296,304
S01007767,579,288,291
S01007768,375,204,171
S01007769,432,227,205
S01007770,422,246,176
S01007771,480,278,202
S01007772,564,204,360
S01007773,481,223,258
S01007774,95,47,48
S01007775,603,312,291
S01007776,318,198,120
S01007777,236,128,108
S01007778,185,88,97
S01007779,556,172,384
S01007780,549,196,353
S01007781,515,151,364
S01007782,354,73,281
S01007783,381,49,332
S01007784,487,121,366
S01007785,175,20,155
S01007786,485,71,414
S01007787,385,63,322
S01007788,264,50,214
S01007789,275,57,218
S01007790,325,62,263
S01007791,131,56,75
S01007792,562,88,474
S01007793,436,66,370
S01007794,675,118,557
S01007795,481,66,415
S01007796,431,75,356
S01007797,392,72,320
S01007798,213,72,141
S01007799,142,63,79
S01007800,440,67,373
S01007801,332,59,273
S01007802,395,110,285
S01007803,419,60,359
S01007804,306,51,255
S01007805,364,62,302
S01007806,500,88,412
S01007807,525,183,342
S01007808,444,81,363
S01007809,673,268,405
S01007810,448,76,372
S01007811,399,66,333
S01007812,314,39,275
S01007813,524,81,443
S01007814,441,99,342
S01007815,617,239,378
S01007816,465,148,317
S01007817,486,91,395
S01007818,548,165,383
S01007819,416,114,302
S01007820,540,145,395
S01007821,413,123,290
S01007822,553,200,353
S01007823,475,199,276
S01007824,598,211,387
S01007825,598,220,378
S01007826,263,34,229
S01007827,400,158,242
S01007828,592,220,372
S01007829,317,133,184
S01007830,487,119,368
S01007831,423,117,306
S01007832,402,106,296
S01007833,395,111,284
S01007834,359,108,251
S01007835,398,167,231
S01007836,404,170,234
S01007837,699,261,438
S01007838,500,218,282
S01007839,356,128,228
S01007840,493,126,367
S01007841,493,110,383
S01007842,601,117,484
S01007843,483,109,374
S01007844,727,252,475
S01007845,444,72,372
S01007846,356,61,295
S01007847,620,121,499
S01007848,479,87,392
S01007849,452,80,372
S01007850,365,52,313
S01007851,423,110,313
S01007852,597,140,457
S01007853,329,101,228
S01007854,486,131,355
S01007855,361,86,275
S01007856,475,120,355
S01007857,239,52,187
S01007858,359,73,286
S01007859,257,53,204
S01007860,102,16,86
S01007861,577,77,500
S01007862,580,98,482
S01007863,427,61,366
S01007864,483,107,376
S01007865,334,131,203
S01007866,388,143,245
S01007867,251,120,131
S01007868,765,347,418
S01007869,640,331,309
S01007870,365,88,277
S01007871,520,104,416
S01007872,310,33,277
S01007873,386,79,307
S01007874,365,71,294
S01007875,380,135,245
S01007876,421,111,310
S01007877,451,86,365
S01007878,351,49,302
S01007879,574,84,490
S01007880,352,116,236
S01007881,313,75,238
S01007882,585,211,374
S01007883,480,137,343
S01007884,431,63,368
S01007885,457,132,325
S01007886,438,125,313
S01007887,364,108,256
S01007888,543,73,470
S01007889,513,75,438
S01007890,363,69,294
S01007891,432,96,336
S01007892,589,228,361
S01007893,658,228,430
S01007894,561,120,441
S01007895,402,115,287
S01007896,558,114,444
S01007897,447,159,288
S01007898,406,90,316
S01007899,304,72,232
S01007900,258,35,223
S01007901,359,63,296
S01007902,446,55,391
S01007903,361,73,288
S01007904,401,123,278
S01007905,383,59,324
S01007906,364,50,314
S01007907,371,62,309
S01007908,602,130,472
S01007909,258,42,216
S01007910,516,84,432
S01007911,457,110,347
S01007912,413,83,330
S01007913,551,99,452
S01007914,441,55,386
S01007915,497,80,417
S01007916,511,100,411
S01007917,684,128,556
S01007918,588,174,414
S01007919,426,194,232
S01007920,364,141,223
S01007921,546,72,474
S01007922,585,73,512
S01007923,367,91,276
S01007924,546,107,439
S01007925,356,145,211
S01007926,437,157,280
S01007927,339,135,204
S01007928,643,290,353
S01007929,589,248,341
S01007930,328,134,194
S01007931,572,261,311
S01007932,529,269,260
S01007933,741,247,494
S01007934,332,107,225
S01007935,601,249,352
S01007936,551,296,255
S01007937,714,273,441
S01007938,449,93,356
S01007939,492,79,413
S01007940,918,270,648
S01007941,409,155,254
S01007942,122,35,87
S01007943,568,198,370
S01007944,559,132,427
S01007945,592,176,416
S01007946,523,134,389
S01007947,585,216,369
S01007948,396,71,325
S01007949,591,189,402
S01007950,626,273,353
S01007951,450,125,325
S01007952,448,127,321
S01007953,525,84,441
S01007954,349,46,303
S01007955,867,139,728
S01007956,466,77,389
S01007957,618,140,478
S01007958,515,94,421
S01007959,1065,277,788
S01007960,330,49,281
S01007961,933,255,678
S01007962,509,115,394
S01007963,425,90,335
S01007964,351,55,296
S01007965,412,67,345
S01007966,449,56,393
S01007967,415,57,358
S01007968,536,89,447
S01007969,412,83,329
S01007970,515,94,421
S01007971,470,91,379
S01007972,565,106,459
S01007973,648,212,436
S01007974,449,86,363
S01007975,315,66,249
S01007976,451,133,318
S01007977,281,110,171
S01007978,511,213,298
S01007979,410,183,227
S01007980,381,147,234
S01007981,407,130,277
S01007982,432,131,301
S01007983,758,147,611
S01007984,481,129,352
S01007985,522,95,427
S01007986,343,85,258
S01007987,680,182,498
S01007988,595,98,497
S01007989,443,84,359
S01007990,686,190,496
S01007991,444,241,203
S01007992,472,252,220
S01007993,652,254,398
S01007994,211,116,95
S01007995,481,174,307
S01007996,229,105,124
S01007997,416,225,191
S01007998,356,160,196
S01007999,382,57,325
S01008000,406,55,351
S01008001,392,45,347
S01008002,498,91,407
S01008003,380,109,271
S01008004,58,7,51
S01008005,59,13,46
S01008006,245,17,228
S01008007,308,72,236
S01008008,220,58,162
S01008009,362,101,261
S01008010,563,127,436
S01008011,249,46,203
S01008012,455,163,292
S01008013,386,145,241
S01008014,437,181,256
S01008015,406,107,299
S01008016,383,92,291
S01008017,481,237,244
S01008018,519,253,266
S01008019,510,266,244
S01008020,497,197,300
S01008021,396,183,213
S01008022,517,268,249
S01008023,582,293,289
S01008024,94,47,47
S01008025,574,192,382
S01008026,619,155,464
S01008027,493,148,345
S01008028,194,45,149
S01008029,616,238,378
S01008030,545,209,336
S01008031,559,183,376
S01008032,692,166,526
S01008033,675,435,240
S01008034,677,460,217
S01008035,595,347,248
S01008036,406,190,216
S01008037,779,271,508
S01008038,549,152,397
S01008039,530,171,359
S01008040,428,210,218
S01008041,467,199,268
S01008042,453,298,155
S01008043,614,393,221
S01008044,625,421,204
S01008045,628,378,250
S01008046,488,211,277
S01008047,349,200,149
S01008048,359,222,137
S01008049,477,292,185
S01008050,338,212,126
S01008051,690,437,253
S01008052,474,296,178
S01008053,441,294,147
S01008054,331,232,99
S01008055,474,341,133
S01008056,575,374,201
S01008057,641,391,250
S01008058,535,347,188
S01008059,461,239,222
S01008060,1104,653,451
S01008061,537,285,252
S01008062,604,292,312
S01008063,491,279,212
S01008064,521,219,302
S01008065,652,416,236
S01008066,529,393,136
S01008067,345,220,125
S01008068,684,324,360
S01008069,684,262,422
S01008070,707,282,425
S01008071,562,257,305
S01008072,425,307,118
S01008073,252,159,93
S01008074,521,316,205
S01008075,299,175,124
S01008076,465,290,175
S01008077,518,345,173
S01008078,417,256,161
S01008079,511,308,203
S01008080,429,252,177
S01008081,387,240,147
S01008082,538,317,221
S01008083,482,273,209
S01008084,508,257,251
S01008085,708,388,320
S01008086,677,330,347
S01008087,640,338,302
S01008088,512,253,259
S01008089,587,282,305
S01008090,376,178,198
S01008091,327,170,157
S01008092,514,272,242
S01008093,393,185,208
S01008094,512,206,306
S01008095,560,221,339
S01008096,375,176,199
S01008097,403,189,214
S01008098,398,173,225
S01008099,283,109,174
S01008100,565,316,249
S01008101,634,294,340
S01008102,404,151,253
S01008103,310,105,205
S01008104,591,171,420
S01008105,651,187,464
S01008106,464,112,352
S01008107,354,133,221
S01008108,651,264,387
S01008109,603,234,369
S01008110,528,214,314
S01008111,498,209,289
S01008112,552,244,308
S01008113,553,263,290
S01008114,502,216,286
S01008115,594,216,378
S01008116,902,415,487
S01008117,456,259,197
S01008118,859,351,508
S01008119,411,112,299
S01008120,340,178,162
S01008121,359,231,128
S01008122,755,415,340
S01008123,575,376,199
S01008124,626,322,304
S01008125,721,428,293
S01008126,629,357,272
S01008127,289,170,119
S01008128,639,294,345
S01008129,466,158,308
S01008130,521,189,332
S01008131,410,141,269
S01008132,593,314,279
S01008133,387,191,196
S01008134,376,175,201
S01008135,797,359,438
S01008136,823,300,523
S01008137,521,144,377
S01008138,394,90,304
S01008139,561,125,436
S01008140,411,89,322
S01008141,691,295,396
S01008142,633,280,353
S01008143,709,255,454
S01008144,696,325,371
S01008145,546,130,416
S01008146,377,81,296
S01008147,572,154,418
S01008148,593,231,362
S01008149,492,129,363
S01008150,698,179,519
S01008151,505,147,358
S01008152,590,180,410
S01008153,473,230,243
S01008154,565,280,285
S01008155,521,243,278
S01008156,567,215,352
S01008157,569,254,315
S01008158,674,307,367
S01008159,547,145,402
S01008160,459,117,342
S01008161,568,272,296
S01008162,675,252,423
S01008163,478,98,380
S01008164,362,88,274
S01008165,157,51,106
S01008166,386,97,289
S01008167,509,104,405
S01008168,536,125,411
S01008169,428,99,329
S01008170,413,197,216
S01008171,440,127,313
S01008172,338,86,252
S01008173,489,183,306
S01008174,359,99,260
S01008175,448,134,314
S01008176,503,249,254
S01008177,416,106,310
S01008178,455,164,291
S01008179,234,115,119
S01008180,308,143,165
S01008181,347,149,198
S01008182,729,252,477
S01008183,624,209,415
S01008184,518,180,338
S01008185,622,220,402
S01008186,426,177,249
S01008187,308,99,209
S01008188,741,227,514
S01008189,538,209,329
S01008190,501,92,409
S01008191,447,139,308
S01008192,589,213,376
S01008193,470,175,295
S01008194,333,115,218
S01008195,604,108,496
S01008196,456,107,349
S01008197,148,46,102
S01008198,373,79,294
S01008199,378,46,332
S01008200,452,77,375
S01008201,655,135,520
S01008202,422,105,317
S01008203,307,61,246
S01008204,468,146,322
S01008205,416,83,333
S01008206,552,114,438
S01008207,411,55,356
S01008208,195,30,165
S01008209,86,12,74
S01008210,753,244,509
S01008211,573,175,398
S01008212,467,199,268
S01008213,491,195,296
S01008214,394,101,293
S01008215,630,209,421
S01008216,532,187,345
S01008217,413,204,209
S01008218,351,137,214
S01008219,577,182,395
S01008220,337,52,285
S01008221,397,68,329
S01008222,371,86,285
S01008223,299,74,225
S01008224,614,204,410
S01008225,483,128,355
S01008226,397,72,325
S01008227,524,97,427
S01008228,350,116,234
S01008229,476,85,391
S01008230,363,126,237
S01008231,54,7,47
S01008232,186,57,129
S01008233,231,85,146
S01008234,398,119,279
S01008235,496,124,372
S01008236,635,232,403
S01008237,528,173,355
S01008238,528,129,399
S01008239,329,87,242
S01008240,832,433,399
S01008241,593,339,254
S01008242,643,279,364
S01008243,419,160,259
S01008244,427,190,237
S01008245,669,301,368
S01008246,769,406,363
S01008247,490,205,285
S01008248,674,292,382
S01008249,450,233,217
S01008250,510,270,240
S01008251,534,315,219
S01008252,628,316,312
S01008253,427,112,315
S01008254,679,204,475
S01008255,581,189,392
S01008256,578,171,407
S01008257,399,147,252
S01008258,701,330,371
S01008259,565,253,312
S01008260,491,150,341
S01008261,641,185,456
S01008262,476,192,284
S01008263,225,97,128
S01008264,305,81,224
S01008265,293,152,141
S01008266,368,210,158
S01008267,333,126,207
S01008268,277,180,97
S01008269,373,224,149
S01008270,442,246,196
S01008271,391,168,223
S01008272,475,178,297
S01008273,519,251,268
S01008274,472,100,372
S01008275,383,186,197
S01008276,380,216,164
S01008277,396,207,189
S01008278,482,284,198
S01008279,393,136,257
S01008280,706,302,404
S01008281,509,222,287
S01008282,387,127,260
S01008283,252,111,141
S01008284,350,79,271
S01008285,350,71,279
S01008286,703,193,510
S01008287,470,146,324
S01008288,498,194,304
S01008289,413,104,309
S01008290,490,196,294
S01008291,641,228,413
S01008292,363,91,272
S01008293,112,50,62
S01008294,214,52,162
S01008295,706,256,450
S01008296,333,108,225
S01008297,294,105,189
S01008298,673,248,425
S01008299,469,125,344
S01008300,475,153,322
S01008301,690,248,442
S01008302,454,215,239
S01008303,402,143,259
S01008304,279,147,132
S01008305,509,204,305
S01008306,402,159,243
S01008307,420,183,237
S01008308,340,162,178
S01008309,411,106,305
S01008310,473,176,297
S01008311,271,83,188
S01008312,303,93,210
S01008313,462,107,355
S01008314,456,115,341
S01008315,348,75,273
S01008316,415,114,301
S01008317,300,107,193
S01008318,789,413,376
S01008319,273,79,194
S01008320,381,135,246
S01008321,441,186,255
S01008322,852,327,525
S01008323,406,65,341
S01008324,320,55,265
S01008325,599,193,406
S01008326,519,86,433
S01008327,542,124,418
S01008328,501,294,207
S01008329,652,356,296
S01008330,619,289,330
S01008331,453,223,230
S01008332,505,276,229
S01008333,481,288,193
S01008334,393,230,163
S01008335,391,131,260
S01008336,432,149,283
S01008337,260,139,121
S01008338,444,284,160
S01008339,366,213,153
S01008340,484,272,212
S01008341,354,230,124
S01008342,576,316,260
S01008343,502,323,179
S01008344,369,256,113
S01008345,636,432,204
S01008346,521,319,202
S01008347,541,341,200
S01008348,521,304,217
S01008349,539,369,170
S01008350,425,265,160
S01008351,570,344,226
S01008352,459,293,166
S01008353,189,121,68
S01008354,449,251,198
S01008355,588,242,346
S01008356,523,255,268
S01008357,501,287,214
S01008358,456,200,256
S01008359,428,196,232
S01008360,618,362,256
S01008361,482,262,220
S01008362,609,344,265
S01008363,466,250,216
S01008364,430,279,151
S01008365,522,319,203
S01008366,421,164,257
S01008367,432,189,243
S01008368,497,274,223
S01008369,479,246,233
S01008370,372,213,159
S01008371,491,285,206
S01008372,495,247,248
S01008373,614,349,265
S01008374,437,250,187
S01008375,392,229,163
S01008376,306,177,129
S01008377,482,252,230
S01008378,515,293,222
S01008379,270,165,105
S01008380,346,194,152
S01008381,561,307,254
S01008382,503,268,235
S01008383,347,207,140
S01008384,509,244,265
S01008385,342,199,143
S01008386,524,241,283
S01008387,496,226,270
S01008388,355,157,198
S01008389,278,174,104
S01008390,393,229,164
S01008391,342,194,148
S01008392,483,319,164
S01008393,388,253,135
S01008394,536,364,172
S01008395,444,250,194
S01008396,395,191,204
S01008397,560,341,219
S01008398,471,307,164
S01008399,287,141,146
S01008400,552,321,231
S01008401,560,329,231
S01008402,479,342,137
S01008403,437,266,171
S01008404,541,338,203
S01008405,446,299,147
S01008406,500,324,176
S01008407,198,107,91
S01008408,431,228,203
S01008409,535,213,322
S01008410,355,173,182
S01008411,621,287,334
S01008412,305,160,145
S01008413,267,125,142
S01008414,340,199,141
S01008415,514,204,310
S01008416,583,225,358
S01008417,458,252,206
S01008418,470,252,218
S01008419,277,171,106
S01008420,322,163,159
S01008421,427,122,305
S01008422,503,297,206
S01008423,528,359,169
S01008424,631,408,223
S01008425,681,331,350
S01008426,600,175,425
S01008427,816,394,422
S01008428,441,148,293
S01008429,443,197,246
S01008430,623,313,310
S01008431,608,311,297
S01008432,631,354,277
S01008433,605,249,356
S01008434,744,302,442
S01008435,738,323,415
S01008436,474,242,232
S01008437,700,320,380
S01008438,710,325,385
S01008439,581,399,182
S01008440,616,443,173
S01008441,456,314,142
S01008442,339,219,120
S01008443,311,191,120
S01008444,755,315,440
S01008445,760,319,441
S01008446,639,397,242
S01008447,391,248,143
S01008448,437,206,231
S01008449,322,93,229
S01008450,208,32,176
S01008451,500,140,360
S01008452,329,59,270
S01008453,220,34,186
S01008454,634,138,496
S01008455,659,121,538
S01008456,568,94,474
S01008457,504,90,414
S01008458,496,108,388
S01008459,417,69,348
S01008460,519,82,437
S01008461,463,76,387
S01008462,316,63,253
S01008463,487,90,397
S01008464,592,133,459
S01008465,581,115,466
S01008466,527,117,410
S01008467,562,163,399
S01008468,513,80,433
S01008469,283,50,233
S01008470,449,69,380
S01008471,378,57,321
S01008472,341,76,265
S01008473,345,89,256
S01008474,375,71,304
S01008475,374,75,299
S01008476,320,77,243
S01008477,549,140,409
S01008478,418,120,298
S01008479,479,116,363
S01008480,207,37,170
S01008481,739,127,612
S01008482,645,111,534
S01008483,454,124,330
S01008484,519,152,367
S01008485,690,224,466
S01008486,493,183,310
S01008487,288,119,169
S01008488,371,105,266
S01008489,528,155,373
S01008490,726,299,427
S01008491,436,192,244
S01008492,305,124,181
S01008493,460,172,288
S01008494,459,172,287
S01008495,705,302,403
S01008496,859,469,390
S01008497,686,323,363
S01008498,499,217,282
S01008499,656,333,323
S01008500,182,67,115
S01008501,396,287,109
S01008502,479,292,187
S01008503,575,369,206
S01008504,890,580,310
S01008505,664,430,234
S01008506,575,375,200
S01008507,460,309,151
S01008508,570,346,224
S01008509,531,351,180
S01008510,457,233,224
S01008511,530,315,215
S01008512,546,338,208
S01008513,371,262,109
S01008514,361,257,104
S01008515,536,394,142
S01008516,825,493,332
S01008517,546,362,184
S01008518,666,508,158
S01008519,579,432,147
S01008520,640,457,183
S01008521,463,311,152
S01008522,360,262,98
S01008523,168,124,44
S01008524,588,167,421
S01008525,443,112,331
S01008526,436,123,313
S01008527,436,144,292
S01008528,404,135,269
S01008529,405,119,286
S01008530,516,125,391
S01008531,475,95,380
S01008532,347,130,217
S01008533,281,111,170
S01008534,551,272,279
S01008535,431,220,211
S01008536,391,231,160
S01008537,381,259,122
S01008538,332,232,100
S01008539,569,382,187
S01008540,527,317,210
S01008541,564,304,260
S01008542,667,382,285
S01008543,609,335,274
S01008544,368,240,128
S01008545,412,264,148
S01008546,530,357,173
S01008547,798,402,396
S01008548,661,303,358
S01008549,809,329,480
S01008550,686,380,306
S01008551,625,279,346
S01008552,692,321,371
S01008553,396,105,291
S01008554,381,56,325
S01008555,450,71,379
S01008556,491,124,367
S01008557,347,63,284
S01008558,395,95,300
S01008559,383,74,309
S01008560,402,96,306
S01008561,509,139,370
S01008562,323,69,254
S01008563,619,167,452
S01008564,585,190,395
S01008565,435,100,335
S01008566,542,92,450
S01008567,313,62,251
S01008568,515,174,341
S01008569,382,58,324
S01008570,478,80,398
S01008571,441,101,340
S01008572,500,162,338
S01008573,556,274,282
S01008574,585,267,318
S01008575,473,307,166
S01008576,609,260,349
S01008577,586,324,262
S01008578,498,352,146
S01008579,489,307,182
S01008580,457,217,240
S01008581,481,142,339
S01008582,692,205,487
S01008583,354,80,274
S01008584,582,201,381
S01008585,443,110,333
S01008586,396,62,334
S01008587,380,240,140
S01008588,541,346,195
S01008589,180,96,84
S01008590,274,165,109
S01008591,553,363,190
S01008592,332,162,170
S01008593,473,346,127
S01008594,435,279,156
S01008595,486,190,296
S01008596,391,150,241
S01008597,540,259,281
S01008598,520,303,217
S01008599,508,339,169
S01008600,461,284,177
S01008601,297,168,129
S01008602,291,193,98
S01008603,499,288,211
S01008604,529,346,183
S01008605,449,295,154
S01008606,529,350,179
S01008607,290,222,68
S01008608,384,290,94
S01008609,483,338,145
S01008610,436,295,141
S01008611,528,329,199
S01008612,366,223,143
S01008613,508,342,166
S01008614,365,234,131
S01008615,321,210,111
S01008616,313,208,105
S01008617,399,264,135
S01008618,264,173,91
S01008619,226,153,73
S01008620,315,198,117
S01008621,337,215,122
S01008622,441,273,168
S01008623,481,336,145
S01008624,317,231,86
S01008625,299,231,68
S01008626,618,452,166
S01008627,385,301,84
S01008628,372,278,94
S01008629,454,308,146
S01008630,350,215,135
S01008631,537,362,175
S01008632,708,467,241
S01008633,541,369,172
S01008634,397,279,118
S01008635,407,293,114
S01008636,467,315,152
S01008637,356,239,117
S01008638,525,305,220
S01008639,770,496,274
S01008640,728,495,233
S01008641,555,370,185
S01008642,564,404,160
S01008643,609,403,206
S01008644,353,225,128
S01008645,576,365,211
S01008646,775,458,317
S01008647,499,316,183
S01008648,547,301,246
S01008649,818,446,372
S01008650,663,389,274
S01008651,528,262,266
S01008652,493,214,279
S01008653,408,183,225
S01008654,751,387,364
S01008655,387,237,150
S01008656,617,268,349
S01008657,446,269,177
S01008658,652,357,295
S01008659,686,367,319
S01008660,666,389,277
S01008661,608,325,283
S01008662,413,188,225
S01008663,483,209,274
S01008664,542,297,245
S01008665,470,232,238
S01008666,358,202,156
S01008667,482,309,173
S01008668,392,239,153
S01008669,211,114,97
S01008670,443,213,230
S01008671,477,228,249
S01008672,303,171,132
S01008673,391,203,188
S01008674,473,258,215
S01008675,528,277,251
S01008676,545,319,226
S01008677,465,246,219
S01008678,390,216,174
S01008679,480,211,269
S01008680,346,207,139
S01008681,378,181,197
S01008682,399,222,177
S01008683,583,147,436
S01008684,480,158,322
S01008685,418,186,232
S01008686,560,239,321
S01008687,552,274,278
S01008688,538,278,260
S01008689,841,417,424
S01008690,695,344,351
S01008691,879,435,444
S01008692,745,379,366
S01008693,349,107,242
S01008694,893,451,442
S01008695,583,280,303
S01008696,412,223,189
S01008697,493,240,253
S01008698,383,190,193
S01008699,552,196,356
S01008700,340,196,144
S01008701,186,47,139
S01008702,132,57,75
S01008703,314,53,261
S01008704,368,87,281
S01008705,189,59,130
S01008706,333,63,270
S01008707,421,97,324
S01008708,355,79,276
S01008709,524,104,420
S01008710,186,44,142
S01008711,349,54,295
S01008712,429,89,340
S01008713,309,57,252
S01008714,332,84,248
S01008715,374,63,311
S01008716,297,100,197
S01008717,351,135,216
S01008718,334,119,215
S01008719,694,186,508
S01008720,305,86,219
S01008721,551,265,286
S01008722,529,253,276
S01008723,451,202,249
S01008724,466,262,204
S01008725,438,223,215
S01008726,639,372,267
S01008727,632,373,259
S01008728,282,110,172
S01008729,453,245,208
S01008730,625,299,326
S01008731,283,78,205
S01008732,449,157,292
S01008733,565,242,323
S01008734,493,260,233
S01008735,601,304,297
S01008736,331,135,196
S01008737,376,174,202
S01008738,443,214,229
S01008739,351,91,260
S01008740,468,158,310
S01008741,658,234,424
S01008742,382,154,228
S01008743,545,181,364
S01008744,476,161,315
S01008745,310,158,152
S01008746,518,170,348
S01008747,287,123,164
S01008748,587,255,332
S01008749,628,281,347
S01008750,429,187,242
S01008751,571,196,375
S01008752,458,105,353
S01008753,316,66,250
S01008754,391,105,286
S01008755,473,162,311
S01008756,401,84,317
S01008757,323,65,258
S01008758,430,105,325
S01008759,294,67,227
S01008760,626,171,455
S01008761,313,109,204
S01008762,380,152,228
S01008763,562,214,348
S01008764,399,177,222
S01008765,798,389,409
S01008766,829,373,456
S01008767,491,188,303
S01008768,395,166,229
S01008769,151,80,71
S01008770,69,47,22
S01008771,69,47,22
S01008772,596,289,307
S01008773,535,249,286
S01008774,483,158,325
S01008775,317,121,196
S01008776,749,270,479
S01008777,522,191,331
S01008778,486,287,199
S01008779,288,183,105
S01008780,252,121,131
S01008781,233,117,116
S01008782,384,241,143
S01008783,231,125,106
S01008784,397,210,187
S01008785,440,126,314
S01008786,568,243,325
S01008787,319,119,200
S01008788,295,169,126
S01008789,281,85,196
S01008790,409,172,237
S01008791,251,101,150
S01008792,576,229,347
S01008793,466,195,271
S01008794,384,128,256
S01008795,660,259,401
S01008796,597,236,361
S01008797,639,265,374
S01008798,594,269,325
S01008799,123,38,85
S01008800,547,227,320
S01008801,604,308,296
S01008802,690,317,373
S01008803,658,279,379
S01008804,383,151,232
S01008805,380,190,190
S01008806,487,242,245
S01008807,681,318,363
S01008808,454,254,200
S01008809,487,262,225
S01008810,658,378,280
S01008811,474,249,225
S01008812,592,334,258
S01008813,455,170,285
S01008814,742,338,404
S01008815,737,335,402
S01008816,115,39,76
S01008817,436,195,241
S01008818,571,276,295
S01008819,635,330,305
S01008820,738,313,425
S01008821,468,277,191
S01008822,490,315,175
S01008823,507,326,181
S01008824,743,461,282
S01008825,363,228,135
S01008826,438,235,203
S01008827,560,364,196
S01008828,533,297,236
S01008829,527,278,249
S01008830,706,458,248
S01008831,551,348,203
S01008832,281,178,103
S01008833,588,406,182
S01008834,662,410,252
S01008835,558,290,268
S01008836,271,97,174
S01008837,673,349,324
S01008838,665,409,256
S01008839,741,419,322
S01008840,650,346,304
S01008841,309,177,132
S01008842,119,57,62
S01008843,455,270,185
S01008844,308,205,103
S01008845,461,297,164
S01008846,562,350,212
S01008847,470,302,168
S01008848,517,346,171
S01008849,648,457,191
S01008850,800,559,241
S01008851,751,497,254
S01008852,744,533,211
S01008853,391,275,116
S01008854,667,496,171
S01008855,682,487,195
S01008856,465,309,156
S01008857,660,471,189
S01008858,681,485,196
S01008859,593,424,169
S01008860,821,514,307
S01008861,613,465,148
S01008862,803,546,257
S01008863,608,410,198
S01008864,698,488,210
S01008865,600,369,231
S01008866,715,534,181
S01008867,612,464,148
S01008868,725,484,241
S01008869,778,566,212
S01008870,712,515,197
S01008871,819,569,250
S01008872,663,443,220
S01008873,449,321,128
S01008874,541,366,175
S01008875,669,416,253
S01008876,343,188,155
S01008877,410,219,191
S01008878,615,295,320
S01008879,442,215,227
S01008880,377,236,141
S01008881,319,213,106
S01008882,669,526,143
S01008883,489,393,96
S01008884,369,274,95
S01008885,478,333,145
S01008886,648,434,214
S01008887,420,261,159
S01008888,465,334,131
S01008889,305,136,169
S01008890,419,218,201
S01008891,411,242,169
S01008892,578,348,230
S01008893,541,351,190
S01008894,496,347,149
S01008895,346,221,125
S01008896,313,210,103
S01008897,460,270,190
S01008898,494,270,224
S01008899,350,61,289
S01008900,439,101,338
S01008901,470,111,359
S01008902,477,103,374
S01008903,550,137,413
S01008904,560,150,410
S01008905,614,116,498
S01008906,372,95,277
S01008907,327,59,268
S01008908,504,134,370
S01008909,703,161,542
S01008910,423,101,322
S01008911,172,74,98
S01008912,475,220,255
S01008913,294,65,229
S01008914,568,177,391
S01008915,344,166,178
S01008916,586,126,460
S01008917,339,65,274
S01008918,282,41,241
S01008919,244,44,200
S01008920,129,51,78
S01008921,443,76,367
S01008922,733,166,567
S01008923,435,91,344
S01008924,495,96,399
S01008925,513,121,392
S01008926,211,43,168
S01008927,48,6,42
S01008928,174,29,145
S01008929,687,116,571
S01008930,539,77,462
S01008931,334,42,292
S01008932,204,56,148
S01008933,286,46,240
S01008934,266,81,185
S01008935,547,247,300
S01008936,341,207,134
S01008937,376,172,204
S01008938,505,267,238
S01008939,418,192,226
S01008940,337,226,111
S01008941,338,211,127
S01008942,660,441,219
S01008943,419,292,127
S01008944,518,361,157
S01008945,630,374,256
S01008946,334,219,115
S01008947,541,356,185
S01008948,502,260,242
S01008949,644,206,438
S01008950,423,131,292
S01008951,552,119,433
S01008952,812,213,599
S01008953,562,150,412
S01008954,370,110,260
S01008955,481,221,260
S01008956,808,320,488
S01008957,656,297,359
S01008958,389,157,232
S01008959,619,223,396
S01008960,251,167,84
S01008961,608,299,309
S01008962,441,200,241
S01008963,515,244,271
S01008964,377,207,170
S01008965,362,214,148
S01008966,456,224,232
S01008967,595,343,252
S01008968,610,308,302
S01008969,549,253,296
S01008970,610,394,216
S01008971,409,261,148
S01008972,745,510,235
S01008973,368,219,149
S01008974,421,233,188
S01008975,354,188,166
S01008976,387,227,160
S01008977,459,242,217
S01008978,399,130,269
S01008979,511,211,300
S01008980,466,134,332
S01008981,420,181,239
S01008982,513,175,338
S01008983,573,176,397
S01008984,312,102,210
S01008985,494,137,357
S01008986,519,171,348
S01008987,560,219,341
S01008988,455,220,235
S01008989,670,288,382
S01008990,835,350,485
S01008991,808,434,374
S01008992,282,90,192
S01008993,660,307,353
S01008994,613,197,416
S01008995,667,357,310
S01008996,428,113,315
S01008997,520,180,340
S01008998,509,157,352
S01008999,538,160,378
S01009000,683,319,364
S01009001,457,273,184
S01009002,435,191,244
S01009003,531,311,220
S01009004,565,210,355
S01009005,642,253,389
S01009006,774,270,504
S01009007,483,152,331
S01009008,578,317,261
S01009009,284,52,232
S01009010,869,417,452
S01009011,784,441,343
S01009012,607,306,301
S01009013,713,334,379
S01009014,399,93,306
S01009015,280,74,206
S01009016,266,68,198
S01009017,368,106,262
S01009018,423,123,300
S01009019,532,135,397
S01009020,553,172,381
S01009021,390,125,265
S01009022,488,136,352
S01009023,445,100,345
S01009024,587,143,444
S01009025,501,151,350
S01009026,539,165,374
S01009027,382,112,270
S01009028,282,89,193
S01009029,375,99,276
S01009030,481,111,370
S01009031,401,97,304
S01009032,295,72,223
S01009033,387,93,294
S01009034,336,123,213
S01009035,448,119,329
S01009036,428,135,293
S01009037,389,130,259
S01009038,522,168,354
S01009039,600,144,456
S01009040,419,98,321
S01009041,543,220,323
S01009042,456,122,334
S01009043,680,198,482
S01009044,519,160,359
S01009045,597,149,448
S01009046,435,144,291
S01009047,370,134,236
S01009048,400,136,264
S01009049,395,105,290
S01009050,505,181,324
S01009051,438,125,313
S01009052,482,176,306
S01009053,252,37,215
S01009054,382,86,296
S01009055,464,166,298
S01009056,295,45,250
S01009057,333,67,266
S01009058,434,105,329
S01009059,256,87,169
S01009060,207,77,130
S01009061,616,139,477
S01009062,538,139,399
S01009063,424,164,260
S01009064,434,101,333
S01009065,548,107,441
S01009066,404,90,314
S01009067,286,134,152
S01009068,469,138,331
S01009069,596,257,339
S01009070,615,223,392
S01009071,317,99,218
S01009072,199,57,142
S01009073,423,86,337
S01009074,530,87,443
S01009075,398,100,298
S01009076,775,266,509
S01009077,485,169,316
S01009078,236,87,149
S01009079,551,115,436
S01009080,728,133,595
S01009081,513,150,363
S01009082,530,121,409
S01009083,428,127,301
S01009084,498,154,344
S01009085,174,57,117
S01009086,397,115,282
S01009087,372,94,278
S01009088,616,251,365
S01009089,276,167,109
S01009090,93,64,29
S01009091,125,94,31
S01009092,504,193,311
S01009093,494,148,346
S01009094,495,263,232
S01009095,672,285,387
S01009096,249,91,158
S01009097,533,249,284
S01009098,316,168,148
S01009099,438,176,262
S01009100,573,189,384
S01009101,562,106,456
S01009102,532,74,458
S01009103,394,164,230
S01009104,423,124,299
S01009105,373,111,262
S01009106,441,150,291
S01009107,516,190,326
S01009108,553,235,318
S01009109,670,325,345
S01009110,492,137,355
S01009111,716,319,397
S01009112,352,172,180
S01009113,457,180,277
S01009114,453,194,259
S01009115,503,224,279
S01009116,538,203,335
S01009117,383,94,289
S01009118,385,174,211
S01009119,454,74,380
S01009120,379,93,286
S01009121,558,108,450
S01009122,525,179,346
S01009123,192,63,129
S01009124,333,107,226
S01009125,398,118,280
S01009126,334,41,293
S01009127,323,85,238
S01009128,440,79,361
S01009129,314,50,264
S01009130,177,22,155
S01009131,393,85,308
S01009132,574,253,321
S01009133,400,105,295
S01009134,536,194,342
S01009135,406,186,220
S01009136,139,73,66
S01009137,96,61,35
S01009138,615,239,376
S01009139,403,151,252
S01009140,384,137,247
S01009141,344,125,219
S01009142,391,130,261
S01009143,254,40,214
S01009144,418,112,306
S01009145,625,136,489
S01009146,471,87,384
S01009147,458,80,378
S01009148,406,65,341
S01009149,287,121,166
S01009150,163,31,132
S01009151,288,132,156
S01009152,382,146,236
S01009153,445,218,227
S01009154,425,224,201
S01009155,304,182,122
S01009156,443,253,190
S01009157,517,132,385
S01009158,444,150,294
S01009159,315,42,273
S01009160,313,70,243
S01009161,435,86,349
S01009162,384,114,270
S01009163,258,91,167
S01009164,539,80,459
S01009165,339,43,296
S01009166,435,58,377
S01009167,395,60,335
S01009168,568,282,286
S01009169,403,92,311
S01009170,391,77,314
S01009171,492,106,386
S01009172,387,270,117
S01009173,552,273,279
S01009174,59,44,15
S01009175,611,357,254
S01009176,471,263,208
S01009177,495,88,407
S01009178,470,98,372
S01009179,549,130,419
S01009180,551,103,448
S01009181,598,186,412
S01009182,665,270,395
S01009183,663,309,354
S01009184,602,148,454
S01009185,542,139,403
S01009186,466,119,347
S01009187,501,203,298
S01009188,559,176,383
S01009189,579,142,437
S01009190,501,136,365
S01009191,116,56,60
S01009192,591,177,414
S01009193,219,83,136
S01009194,557,284,273
S01009195,593,226,367
S01009196,396,131,265
S01009197,546,257,289
S01009198,470,213,257
S01009199,412,167,245
S01009200,517,213,304
S01009201,431,129,302
S01009202,367,180,187
S01009203,284,52,232
S01009204,540,116,424
S01009205,830,383,447
S01009206,753,363,390
S01009207,632,322,310
S01009208,370,165,205
S01009209,625,341,284
S01009210,468,191,277
S01009211,420,148,272
S01009212,486,108,378
S01009213,379,75,304
S01009214,691,272,419
S01009215,574,151,423
S01009216,580,119,461
S01009217,346,39,307
S01009218,595,208,387
S01009219,337,59,278
S01009220,336,83,253
S01009221,283,50,233
S01009222,348,60,288
S01009223,243,49,194
S01009224,492,87,405
S01009225,383,87,296
S01009226,570,115,455
S01009227,322,93,229
S01009228,371,80,291
S01009229,492,184,308
S01009230,567,203,364
S01009231,576,186,390
S01009232,388,60,328
S01009233,385,72,313
S01009234,515,86,429
S01009235,445,66,379
S01009236,347,146,201
S01009237,386,185,201
S01009238,603,107,496
S01009239,511,105,406
S01009240,361,64,297
S01009241,470,76,394
S01009242,550,162,388
S01009243,785,229,556
S01009244,527,242,285
S01009245,560,187,373
S01009246,563,151,412
S01009247,644,112,532
S01009248,477,174,303
S01009249,559,114,445
S01009250,439,104,335
S01009251,360,119,241
S01009252,311,156,155
S01009253,358,84,274
S01009254,490,96,394
S01009255,371,104,267
S01009256,331,136,195
S01009257,320,109,211
S01009258,467,202,265
S01009259,431,154,277
S01009260,663,214,449
S01009261,395,108,287
S01009262,368,66,302
S01009263,224,73,151
S01009264,419,151,268
S01009265,403,122,281
S01009266,552,128,424
S01009267,431,149,282
S01009268,378,78,300
S01009269,540,114,426
S01009270,357,78,279
S01009271,588,211,377
S01009272,450,50,400
S01009273,493,234,259
S01009274,504,197,307
S01009275,382,142,240
S01009276,660,301,359
S01009277,459,201,258
S01009278,222,90,132
S01009279,360,132,228
S01009280,404,39,365
S01009281,404,60,344
S01009282,536,242,294
S01009283,319,129,190
S01009284,461,237,224
S01009285,591,227,364
S01009286,577,281,296
S01009287,477,298,179
S01009288,467,261,206
S01009289,512,232,280
S01009290,371,193,178
S01009291,735,341,394
S01009292,249,45,204
S01009293,356,120,236
S01009294,391,160,231
S01009295,542,219,323
S01009296,541,227,314
S01009297,621,277,344
S01009298,605,165,440
S01009299,577,246,331
S01009300,369,137,232
S01009301,612,195,417
S01009302,471,101,370
S01009303,431,229,202
S01009304,705,249,456
S01009305,508,211,297
S01009306,688,272,416
S01009307,760,330,430
S01009308,517,203,314
S01009309,353,166,187
S01009310,544,308,236
S01009311,514,91,423
S01009312,618,300,318
S01009313,347,80,267
S01009314,578,256,322
S01009315,313,78,235
S01009316,546,310,236
S01009317,609,316,293
S01009318,592,330,262
S01009319,520,280,240
S01009320,483,218,265
S01009321,374,181,193
S01009322,422,149,273
S01009323,547,168,379
S01009324,366,85,281
S01009325,327,161,166
S01009326,189,93,96
S01009327,316,130,186
S01009328,58,35,23
S01009330,66,9,57
S01009331,149,94,55
S01009332,464,260,204
S01009333,536,112,424
S01009334,328,79,249
S01009335,424,81,343
S01009336,305,47,258
S01009337,455,85,370
S01009338,371,77,294
S01009339,458,67,391
S01009340,527,97,430
S01009341,507,92,415
S01009342,496,110,386
S01009343,381,104,277
S01009344,387,69,318
S01009345,750,213,537
S01009346,107,64,43
S01009347,198,95,103
S01009348,143,70,73
S01009349,97,45,52
S01009350,109,36,73
S01009351,36,6,30
S01009352,50,28,22
S01009353,253,154,99
S01009354,204,109,95
S01009355,639,276,363
S01009356,653,279,374
S01009357,317,197,120
S01009358,213,142,71
S01009359,180,96,84
S01009360,484,233,251
S01009361,505,218,287
S01009362,744,327,417
S01009363,583,124,459
S01009364,514,143,371
S01009365,444,131,313
S01009366,472,103,369
S01009367,411,81,330
S01009368,500,166,334
S01009369,571,157,414
S01009370,514,150,364
S01009371,295,66,229
S01009372,330,61,269
S01009373,510,96,414
S01009374,499,133,366
S01009375,431,74,357
S01009376,529,100,429
S01009377,474,151,323
S01009378,580,147,433
S01009379,98,15,83
S01009380,450,179,271
S01009381,439,173,266
S01009382,670,178,492
S01009383,599,201,398
S01009384,352,195,157
S01009385,427,203,224
S01009386,587,115,472
S01009387,554,169,385
S01009388,587,95,492
S01009389,559,242,317
S01009390,447,292,155
S01009391,560,326,234
S01009392,320,167,153
S01009393,528,274,254
S01009394,524,323,201
S01009395,645,403,242
S01009396,478,311,167
S01009397,447,237,210
S01009398,744,312,432
S01009399,666,293,373
S01009400,545,197,348
S01009401,570,249,321
S01009402,470,207,263
S01009403,502,215,287
S01009404,347,80,267
S01009405,453,186,267
S01009406,545,128,417
S01009407,278,84,194
S01009408,296,107,189
S01009409,477,107,370
S01009410,446,69,377
S01009411,737,132,605
S01009412,474,78,396
S01009413,699,171,528
S01009414,505,131,374
S01009415,588,136,452
S01009416,396,140,256
S01009417,208,75,133
S01009418,616,138,478
S01009419,521,100,421
S01009420,353,55,298
S01009421,362,58,304
S01009422,590,142,448
S01009423,145,60,85
S01009424,388,154,234
S01009425,472,137,335
S01009426,474,82,392
S01009427,279,47,232
S01009428,269,41,228
S01009429,383,54,329
S01009430,333,63,270
S01009431,437,101,336
S01009432,520,112,408
S01009433,381,51,330
S01009434,248,43,205
S01009435,438,64,374
S01009436,300,51,249
S01009437,444,66,378
S01009438,525,93,432
S01009439,534,74,460
S01009440,416,61,355
S01009441,438,62,376
S01009442,396,113,283
S01009443,480,138,342
S01009444,486,173,313
S01009445,527,83,444
S01009446,476,90,386
S01009447,382,101,281
S01009448,346,72,274
S01009449,319,68,251
S01009450,336,53,283
S01009451,580,76,504
S01009452,432,52,380
S01009453,476,89,387
S01009454,625,332,293
S01009455,752,425,327
S01009456,422,91,331
S01009457,461,193,268
S01009458,316,118,198
S01009459,504,168,336
S01009460,370,74,296
S01009461,90,34,56
S01009462,341,93,248
S01009463,556,193,363
S01009464,509,179,330
S01009465,340,98,242
S01009466,468,217,251
S01009467,461,256,205
S01009468,361,100,261
S01009469,431,189,242
S01009470,465,190,275
S01009471,300,94,206
S01009472,570,238,332
S01009473,401,73,328
S01009474,429,138,291
S01009475,131,69,62
S01009476,274,146,128
S01009477,557,269,288
S01009478,550,207,343
S01009479,469,245,224
S01009480,576,292,284
S01009481,495,184,311
S01009482,400,159,241
S01009483,469,220,249
S01009484,535,216,319
S01009485,365,93,272
S01009486,295,114,181
S01009487,543,118,425
S01009488,471,158,313
S01009489,431,66,365
S01009490,437,72,365
S01009491,286,78,208
S01009492,468,62,406
S01009493,651,375,276
S01009494,809,372,437
S01009495,596,264,332
S01009496,451,80,371
S01009497,653,192,461
S01009498,435,200,235
S01009499,443,157,286
S01009500,414,65,349
S01009501,381,60,321
S01009502,528,66,462
S01009503,548,85,463
S01009504,409,45,364
S01009505,378,47,331
S01009506,535,74,461
S01009507,377,92,285
S01009508,519,73,446
S01009509,455,74,381
S01009510,510,209,301
S01009511,573,253,320
S01009512,675,269,406
S01009513,507,230,277
S01009514,587,251,336
S01009515,414,81,333
S01009516,601,133,468
S01009517,31,8,23
S01009518,161,66,95
S01009519,442,112,330
S01009520,598,202,396
S01009521,376,57,319
S01009522,445,75,370
S01009523,363,65,298
S01009524,360,109,251
S01009525,273,59,214
S01009526,203,114,89
S01009527,423,173,250
S01009528,314,123,191
S01009529,606,206,400
S01009530,452,225,227
S01009531,551,110,441
S01009532,472,69,403
S01009533,383,106,277
S01009534,288,62,226
S01009535,368,51,317
S01009536,265,51,214
S01009537,295,75,220
S01009538,508,144,364
S01009539,519,107,412
S01009540,523,121,402
S01009541,636,211,425
S01009542,408,67,341
S01009543,470,141,329
S01009544,497,129,368
S01009545,425,99,326
S01009546,358,58,300
S01009547,458,108,350
S01009548,569,148,421
S01009549,586,189,397
S01009550,371,115,256
S01009551,404,103,301
S01009552,684,193,491
S01009553,561,121,440
S01009554,458,92,366
S01009555,506,141,365
S01009556,597,131,466
S01009557,508,65,443
S01009558,373,63,310
S01009559,733,130,603
S01009560,475,99,376
S01009561,404,61,343
S01009562,621,132,489
S01009563,485,119,366
S01009564,349,123,226
S01009565,325,68,257
S01009566,653,187,466
S01009567,619,151,468
S01009568,471,120,351
S01009569,581,117,464
S01009570,350,60,290
S01009571,385,66,319
S01009572,524,75,449
S01009573,336,43,293
S01009574,523,106,417
S01009575,422,107,315
S01009576,444,172,272
S01009577,552,248,304
S01009578,580,154,426
S01009579,197,68,129
S01009580,425,159,266
S01009581,480,141,339
S01009582,343,96,247
S01009583,458,101,357
S01009584,174,86,88
S01009585,744,178,566
S01009586,598,159,439
S01009587,475,113,362
S01009588,505,95,410
S01009589,594,113,481
S01009590,326,140,186
S01009591,580,257,323
S01009592,498,206,292
S01009593,346,155,191
S01009594,424,183,241
S01009595,222,71,151
S01009596,602,179,423
S01009597,540,106,434
S01009598,341,63,278
S01009599,734,193,541
S01009600,498,119,379
S01009601,514,126,388
S01009602,475,229,246
S01009603,462,204,258
S01009604,459,143,316
S01009605,511,150,361
S01009606,146,77,69
S01009607,291,140,151
S01009608,300,91,209
S01009609,590,253,337
S01009610,566,150,416
S01009611,273,106,167
S01009612,276,78,198
S01009613,322,125,197
S01009614,363,124,239
S01009615,341,87,254
S01009616,642,193,449
S01009617,443,149,294
S01009618,503,109,394
S01009619,332,74,258
S01009620,412,74,338
S01009621,489,98,391
S01009622,447,62,385
S01009623,361,54,307
S01009624,482,68,414
S01009625,555,78,477
S01009626,338,41,297
S01009627,405,74,331
S01009628,240,38,202
S01009629,582,94,488
S01009630,348,39,309
S01009631,401,64,337
S01009632,298,49,249
S01009633,302,33,269
S01009634,357,64,293
S01009635,682,127,555
S01009636,465,72,393
S01009637,414,71,343
S01009638,278,54,224
S01009639,483,221,262
S01009640,346,95,251
S01009641,416,107,309
S01009642,532,156,376
S01009643,103,44,59
S01009644,297,48,249
S01009645,441,82,359
S01009646,353,52,301
S01009647,274,47,227
S01009648,566,91,475
S01009649,523,96,427
S01009650,409,166,243
S01009651,518,229,289
S01009652,554,275,279
S01009653,466,208,258
S01009654,268,105,163
S01009655,505,64,441
S01009656,386,48,338
S01009657,508,124,384
S01009658,571,107,464
S01009659,374,76,298
S01009660,455,82,373
S01009661,486,193,293
S01009662,499,190,309
S01009663,455,203,252
S01009664,650,287,363
S01009665,669,265,404
S01009666,642,273,369
S01009667,233,114,119
S01009668,281,103,178
S01009669,307,135,172
S01009670,440,181,259
S01009671,437,177,260
S01009672,632,178,454
S01009673,456,160,296
S01009674,610,250,360
S01009675,513,229,284
S01009676,822,289,533
S01009677,435,178,257
S01009678,311,84,227
S01009679,558,133,425
S01009680,578,160,418
S01009681,434,143,291
S01009682,408,199,209
S01009683,422,207,215
S01009684,515,240,275
S01009685,547,204,343
S01009686,558,185,373
S01009687,559,176,383
S01009688,580,134,446
S01009689,287,93,194
S01009690,436,158,278
S01009691,315,152,163
S01009692,593,245,348
S01009693,439,215,224
S01009694,585,306,279
S01009695,597,251,346
S01009696,609,279,330
S01009697,474,204,270
S01009698,381,181,200
S01009699,351,126,225
S01009700,364,110,254
S01009701,449,179,270
S01009702,329,116,213
S01009703,501,141,360
S01009704,661,218,443
S01009705,403,81,322
S01009706,421,127,294
S01009707,336,115,221
S01009708,366,134,232
S01009709,471,127,344
S01009710,268,84,184
S01009711,488,132,356
S01009712,358,120,238
S01009713,422,150,272
S01009714,425,165,260
S01009715,448,189,259
S01009716,610,273,337
S01009717,490,195,295
S01009718,434,101,333
S01009719,544,135,409
S01009720,433,101,332
S01009721,92,61,31
S01009722,228,126,102
S01009723,187,101,86
S01009724,427,105,322
S01009725,317,118,199
S01009726,124,59,65
S01009727,436,264,172
S01009728,429,246,183
S01009729,539,297,242
S01009730,519,276,243
S01009731,401,229,172
S01009732,345,179,166
S01009733,353,146,207
S01009734,738,384,354
S01009735,357,238,119
S01009736,188,100,88
S01009737,452,158,294
S01009738,340,92,248
S01009739,289,162,127
S01009740,399,99,300
S01009741,633,268,365
S01009742,303,172,131
S01009743,643,324,319
S01009744,422,166,256
S01009745,500,209,291
S01009746,473,228,245
S01009747,524,219,305
S01009748,474,226,248
S01009749,492,222,270
S01009750,331,100,231
S01009751,588,184,404
S01009752,468,289,179
S01009753,361,215,146
S01009754,745,434,311
S01009755,341,188,153
S01009756,460,270,190
S01009757,423,264,159
S01009758,586,189,397
S01009759,441,59,382
S01009760,383,52,331
S01009761,577,182,395
S01009762,390,62,328
S01009763,273,136,137
S01009764,470,126,344
S01009765,546,135,411
S01009766,541,157,384
S01009767,390,114,276
S01009768,188,26,162
S01009769,412,107,305
S01009770,493,159,334
S01009771,519,188,331
S01009772,486,165,321
S01009773,103,31,72
S01009774,69,22,47
S01009775,346,61,285
S01009776,384,57,327
S01009777,320,84,236
S01009778,440,66,374
S01009779,230,36,194
S01009780,299,57,242
S01009781,304,58,246
S01009782,220,53,167
S01009783,209,49,160
S01009784,371,68,303
S01009785,439,72,367
S01009786,412,53,359
S01009787,365,51,314
S01009788,538,121,417
S01009789,465,95,370
S01009790,430,89,341
S01009791,277,39,238
S01009792,150,60,90
S01009793,502,196,306
S01009794,265,128,137
S01009795,533,279,254
S01009796,372,155,217
S01009797,320,138,182
S01009798,542,223,319
S01009799,514,71,443
S01009800,539,110,429
S01009801,545,87,458
S01009802,414,88,326
S01009803,338,50,288
S01009804,144,47,97
S01009805,307,44,263
S01009806,500,126,374
S01009807,449,109,340
S01009808,509,128,381
S01009809,538,159,379
S01009810,410,93,317
S01009811,492,111,381
S01009812,402,89,313
S01009813,373,68,305
S01009814,510,189,321
S01009815,564,174,390
S01009816,641,213,428
S01009817,351,117,234
S01009818,504,201,303
S01009819,528,213,315
S01009820,431,175,256
S01009821,409,179,230
S01009822,366,69,297
S01009823,438,74,364
S01009824,279,38,241
S01009825,496,116,380
S01009826,291,63,228
S01009827,357,56,301
S01009828,470,127,343
S01009829,605,140,465
S01009830,515,121,394
S01009831,713,194,519
S01009832,533,158,375
S01009833,408,152,256
S01009834,249,41,208
S01009835,211,37,174
S01009836,338,70,268
S01009837,298,71,227
S01009838,345,103,242
S01009839,567,116,451
S01009840,426,80,346
S01009841,505,118,387
S01009842,374,78,296
S01009843,217,19,198
S01009844,267,57,210
S01009845,460,107,353
S01009846,483,117,366
S01009847,313,73,240
S01009848,382,70,312
S01009849,410,97,313
S01009850,443,128,315
S01009851,405,86,319
S01009852,223,65,158
S01009853,368,99,269
S01009854,288,35,253
S01009855,315,118,197
S01009856,246,88,158
S01009857,327,106,221
S01009858,402,110,292
S01009859,420,72,348
S01009860,357,97,260
S01009861,582,112,470
S01009862,508,161,347
S01009863,542,187,355
S01009864,450,146,304
S01009865,337,125,212
S01009866,474,154,320
S01009867,577,307,270
S01009868,596,224,372
S01009869,517,206,311
S01009870,430,147,283
S01009871,392,128,264
S01009872,452,168,284
S01009873,437,219,218
S01009874,429,220,209
S01009875,198,58,140
S01009876,389,113,276
S01009877,423,270,153
S01009878,311,104,207
S01009879,588,423,165
S01009880,494,250,244
S01009881,307,119,188
S01009882,318,142,176
S01009883,363,169,194
S01009884,446,214,232
S01009885,326,149,177
S01009886,288,122,166
S01009887,450,146,304
S01009888,363,131,232
S01009889,575,234,341
S01009890,370,93,277
S01009891,324,111,213
S01009892,537,115,422
S01009893,475,166,309
S01009894,404,111,293
S01009895,413,105,308
S01009896,480,124,356
S01009897,623,217,406
S01009898,318,75,243
S01009899,595,266,329
S01009900,737,448,289
S01009901,593,376,217
S01009902,498,177,321
S01009903,530,268,262
S01009904,436,228,208
S01009905,381,186,195
S01009906,363,152,211
S01009907,715,289,426
S01009908,750,392,358
S01009909,542,306,236
S01009910,476,245,231
S01009911,709,432,277
S01009912,462,336,126
S01009913,412,218,194
S01009914,488,319,169
S01009915,512,361,151
S01009916,530,269,261
S01009917,418,257,161
S01009918,515,347,168
S01009919,548,257,291
S01009920,670,397,273
S01009921,558,319,239
S01009922,845,526,319
S01009923,640,315,325
S01009924,655,348,307
S01009925,733,404,329
S01009926,532,298,234
S01009927,310,185,125
S01009928,437,327,110
S01009929,322,195,127
S01009930,608,296,312
S01009931,645,432,213
S01009932,498,283,215
S01009933,549,211,338
S01009934,479,268,211
S01009935,260,64,196
S01009936,547,234,313
S01009937,246,48,198
S01009938,423,109,314
S01009939,418,67,351
S01009940,367,45,322
S01009941,667,239,428
S01009942,467,82,385
S01009943,520,93,427
S01009944,459,134,325
S01009945,444,116,328
S01009946,408,97,311
S01009947,421,137,284
S01009948,537,163,374
S01009949,460,166,294
S01009950,391,265,126
S01009951,494,332,162
S01009952,580,315,265
S01009953,607,280,327
S01009954,377,183,194
S01009955,543,265,278
S01009956,360,129,231
S01009957,753,500,253
S01009958,769,425,344
S01009959,410,271,139
S01009960,586,339,247
S01009961,322,115,207
S01009962,593,264,329
S01009963,728,336,392
S01009964,648,330,318
S01009965,610,217,393
S01009966,708,238,470
S01009967,594,340,254
S01009968,337,102,235
S01009969,589,325,264
S01009970,427,64,363
S01009971,397,78,319
S01009972,301,114,187
S01009973,134,24,110
S01009974,290,52,238
S01009975,298,38,260
S01009976,299,46,253
S01009977,285,53,232
S01009978,369,67,302
S01009979,318,45,273
S01009980,152,25,127
S01009981,267,35,232
S01009982,249,29,220
S01009983,203,30,173
S01009984,479,104,375
S01009985,247,26,221
S01009986,233,34,199
S01009987,320,48,272
S01009988,204,36,168
S01009989,592,163,429
S01009990,559,141,418
S01009991,569,161,408
S01009992,393,69,324
S01009993,484,160,324
S01009994,440,138,302
S01009995,374,106,268
S01009996,487,144,343
S01009997,409,151,258
S01009998,490,211,279
S01009999,470,204,266
S01010000,544,178,366
S01010001,383,143,240
S01010002,807,242,565
S01010003,596,224,372
S01010004,465,222,243
S01010005,552,216,336
S01010006,673,303,370
S01010007,485,243,242
S01010008,321,147,174
S01010009,426,181,245
S01010010,764,407,357
S01010011,432,200,232
S01010012,861,351,510
S01010013,584,253,331
S01010014,735,331,404
S01010015,521,275,246
S01010016,321,65,256
S01010017,414,69,345
S01010018,328,48,280
S01010019,417,60,357
S01010020,420,93,327
S01010021,215,26,189
S01010022,98,16,82
S01010023,279,53,226
S01010024,227,49,178
S01010025,267,82,185
S01010026,280,45,235
S01010027,515,221,294
S01010028,166,28,138
S01010029,219,62,157
S01010030,202,75,127
S01010031,444,282,162
S01010032,260,122,138
S01010033,415,92,323
S01010034,418,124,294
S01010035,281,103,178
S01010036,256,175,81
S01010037,315,73,242
S01010038,463,107,356
S01010039,314,185,129
S01010040,290,108,182
S01010041,452,232,220
S01010042,275,72,203
S01010043,450,115,335
S01010044,500,140,360
S01010045,293,50,243
S01010046,488,108,380
S01010047,380,74,306
S01010048,394,61,333
S01010049,313,44,269
S01010050,247,32,215
S01010051,302,44,258
S01010052,232,34,198
S01010053,201,29,172
S01010054,240,19,221
S01010055,476,98,378
S01010056,202,35,167
S01010057,149,27,122
S01010058,404,77,327
S01010059,384,110,274
S01010060,442,100,342
S01010061,191,44,147
S01010062,324,73,251
S01010063,486,116,370
S01010064,382,83,299
S01010065,347,41,306
S01010066,294,46,248
S01010067,285,40,245
S01010068,102,14,88
S01010069,582,187,395
S01010070,430,121,309
S01010071,412,136,276
S01010072,515,142,373
S01010073,480,166,314
S01010074,548,203,345
S01010075,406,58,348
S01010076,452,100,352
S01010077,341,60,281
S01010078,434,167,267
S01010079,526,233,293
S01010080,498,221,277
S01010081,670,268,402
S01010082,386,186,200
S01010083,533,113,420
S01010084,497,86,411
S01010085,670,214,456
S01010086,441,61,380
S01010087,391,142,249
S01010088,140,41,99
S01010089,392,88,304
S01010090,561,167,394
S01010091,403,143,260
S01010092,499,105,394
S01010093,501,151,350
S01010094,697,264,433
S01010095,786,284,502
S01010096,462,160,302
S01010097,421,143,278
S01010098,425,168,257
S01010099,533,199,334
S01010100,531,190,341
S01010101,653,222,431
S01010102,443,203,240
S01010103,547,238,309
S01010104,479,183,296
S01010105,343,56,287
S01010106,319,58,261
S01010107,540,113,427
S01010108,375,63,312
S01010109,525,113,412
S01010110,410,55,355
S01010111,371,47,324
S01010112,310,34,276
S01010113,235,45,190
S01010114,265,30,235
S01010115,403,102,301
S01010116,465,103,362
S01010117,124,46,78
S01010118,249,36,213
S01010119,101,10,91
S01010120,309,40,269
S01010121,266,46,220
S01010122,184,26,158
S01010123,207,20,187
S01010124,465,105,360
S01010125,213,35,178
S01010126,361,77,284
S01010127,198,44,154
S01010128,299,35,264
S01010129,328,53,275
S01010130,321,44,277
S01010131,604,232,372
S01010132,415,75,340
S01010133,347,69,278
S01010134,629,136,493
S01010135,431,90,341
S01010136,532,141,391
S01010137,464,132,332
S01010138,354,78,276
S01010139,526,135,391
S01010140,611,173,438
S01010141,435,70,365
S01010142,327,71,256
S01010143,287,66,221
S01010144,379,87,292
S01010145,369,102,267
S01010146,491,92,399
S01010147,343,63,280
S01010148,279,34,245
S01010149,126,17,109
S01010150,339,64,275
S01010151,375,79,296
S01010152,355,83,272
S01010153,375,84,291
S01010154,391,101,290
S01010155,256,45,211
S01010156,232,45,187
S01010157,359,62,297
S01010158,389,80,309
S01010159,282,60,222
S01010160,249,31,218
S01010161,404,79,325
S01010162,355,47,308
S01010163,299,39,260
S01010164,337,62,275
S01010165,272,39,233
S01010166,484,72,412
S01010167,404,57,347
S01010168,156,22,134
S01010169,418,67,351
S01010170,486,78,408
S01010171,306,35,271
S01010172,236,61,175
S01010173,478,116,362
S01010174,581,115,466
S01010175,206,56,150
S01010176,399,88,311
S01010177,236,27,209
S01010178,302,50,252
S01010179,437,71,366
S01010180,151,29,122
S01010181,423,75,348
S01010182,668,216,452
S01010183,324,94,230
S01010184,235,35,200
S01010185,307,47,260
S01010186,397,125,272
S01010187,502,175,327
S01010188,660,253,407
S01010189,575,272,303
S01010190,130,61,69
S01010191,476,238,238
S01010192,562,277,285
S01010193,571,200,371
S01010194,316,67,249
S01010195,411,93,318
S01010196,359,63,296
S01010197,386,70,316
S01010198,464,68,396
S01010199,275,38,237
S01010200,322,54,268
S01010201,344,70,274
S01010202,288,41,247
S01010203,407,111,296
S01010204,449,77,372
S01010205,330,47,283
S01010206,230,58,172
S01010207,276,73,203
S01010208,641,204,437
S01010209,409,128,281
S01010210,443,106,337
S01010211,350,57,293
S01010212,371,78,293
S01010213,399,56,343
S01010214,603,193,410
S01010215,314,60,254
S01010216,332,70,262
S01010217,401,93,308
S01010218,524,135,389
S01010219,295,76,219
S01010220,198,126,72
S01010221,188,25,163
S01010222,414,102,312
S01010223,356,101,255
S01010224,338,42,296
S01010225,376,92,284
S01010226,246,53,193
S01010227,365,75,290
S01010228,221,30,191
S01010229,460,90,370
S01010230,375,69,306
S01010231,237,24,213
S01010232,299,64,235
S01010233,553,81,472
S01010234,458,180,278
S01010235,42,18,24
S01010236,414,182,232
S01010237,562,208,354
S01010238,528,190,338
S01010239,404,97,307
S01010240,558,163,395
S01010241,471,167,304
S01010242,561,133,428
S01010243,640,165,475
S01010244,380,77,303
S01010245,328,41,287
S01010246,379,57,322
S01010247,439,87,352
S01010248,584,263,321
S01010249,602,217,385
S01010250,504,204,300
S01010251,154,69,85
S01010252,289,108,181
S01010253,332,65,267
S01010254,437,120,317
S01010255,321,68,253
S01010256,462,91,371
S01010257,203,72,131
S01010258,452,312,140
S01010259,396,79,317
S01010260,235,125,110
S01010261,469,90,379
S01010262,411,119,292
S01010263,442,302,140
S01010264,402,218,184
S01010265,296,207,89
S01010266,366,207,159
S01010267,208,106,102
S01010268,436,213,223
S01010269,409,201,208
S01010270,345,103,242
S01010271,305,149,156
S01010272,132,27,105
S01010273,131,75,56
S01010274,186,118,68
S01010275,154,69,85
S01010276,91,69,22
S01010277,220,60,160
S01010278,578,212,366
S01010279,282,131,151
S01010280,454,212,242
S01010281,369,241,128
S01010282,523,251,272
S01010283,293,155,138
S01010284,673,398,275
S01010285,515,262,253
S01010286,468,287,181
S01010287,549,320,229
S01010288,453,298,155
S01010289,153,109,44
S01010290,328,161,167
S01010291,409,173,236
S01010292,564,311,253
S01010293,276,116,160
S01010294,448,228,220
S01010295,389,208,181
S01010296,338,152,186
S01010297,399,159,240
S01010298,367,156,211
S01010299,294,120,174
S01010300,622,330,292
S01010301,246,126,120
S01010302,304,81,223
S01010303,191,37,154
S01010304,347,104,243
S01010305,516,216,300
S01010306,439,238,201
S01010307,541,374,167
S01010308,497,333,164
S01010309,282,52,230
S01010310,323,73,250
S01010311,338,44,294
S01010312,249,37,212
S01010313,449,67,382
S01010314,427,112,315
S01010315,235,33,202
S01010316,273,72,201
S01010317,667,453,214
S01010318,281,128,153
S01010319,346,124,222
S01010320,330,109,221
S01010321,546,262,284
S01010322,761,506,255
S01010323,189,21,168
S01010324,338,71,267
S01010325,352,64,288
S01010326,306,44,262
S01010327,279,50,229
S01010328,288,63,225
S01010329,204,35,169
S01010330,298,47,251
S01010331,457,77,380
S01010332,384,72,312
S01010333,359,63,296
S01010334,365,63,302
S01010335,437,69,368
S01010336,351,53,298
S01010337,380,55,325
S01010338,382,48,334
S01010339,431,67,364
S01010340,362,69,293
S01010341,480,126,354
S01010342,520,159,361
S01010343,676,223,453
S01010344,402,69,333
S01010345,151,47,104
S01010346,652,249,403
S01010347,356,88,268
S01010348,540,123,417
S01010349,571,106,465
S01010350,498,72,426
S01010351,312,52,260
S01010352,392,98,294
S01010353,389,62,327
S01010354,263,63,200
S01010355,472,115,357
S01010356,351,130,221
S01010357,276,73,203
S01010358,329,51,278
S01010359,404,72,332
S01010360,264,70,194
S01010361,258,53,205
S01010362,489,181,308
S01010363,392,206,186
S01010364,623,357,266
S01010365,640,450,190
S01010366,713,420,293
S01010367,708,519,189
S01010368,535,419,116
S01010369,481,316,165
S01010370,428,301,127
S01010371,662,473,189
S01010372,540,390,150
S01010373,407,286,121
S01010374,475,358,117
S01010375,470,298,172
S01010376,438,228,210
S01010377,389,234,155
S01010378,367,237,130
S01010379,585,347,238
S01010380,582,396,186
S01010381,291,139,152
S01010382,512,321,191
S01010383,396,156,240
S01010384,574,339,235
S01010385,524,271,253
S01010386,494,217,277
S01010387,690,365,325
S01010388,498,189,309
S01010389,43,14,29
S01010390,759,383,376
S01010391,745,376,369
S01010392,109,32,77
S01010393,836,489,347
S01010394,414,206,208
S01010395,644,347,297
S01010396,526,314,212
S01010397,507,357,150
S01010398,573,395,178
S01010399,1044,828,216
S01010400,588,465,123
S01010401,420,305,115
S01010402,723,565,158
S01010403,681,532,149
S01010404,744,555,189
S01010405,658,481,177
S01010406,585,419,166
S01010407,566,381,185
S01010408,306,177,129
S01010409,508,276,232
S01010410,216,128,88
S01010411,752,558,194
S01010412,506,387,119
S01010413,353,235,118
S01010414,590,396,194
S01010415,463,196,267
S01010416,291,171,120
S01010417,322,253,69
S01010418,695,505,190
S01010419,849,585,264
S01010420,532,362,170
S01010421,447,306,141
S01010422,577,318,259
S01010423,441,105,336
S01010424,329,140,189
S01010425,513,190,323
S01010426,632,271,361
S01010427,374,102,272
S01010428,724,368,356
S01010429,494,306,188
S01010430,371,85,286
S01010431,500,319,181
S01010432,415,102,313
S01010433,257,65,192
S01010434,332,75,257
S01010435,330,71,259
S01010436,371,97,274
S01010437,229,39,190
S01010438,332,92,240
S01010439,456,163,293
S01010440,454,146,308
S01010441,404,182,222
S01010442,412,102,310
S01010443,351,72,279
S01010444,293,69,224
S01010445,385,93,292
S01010446,453,122,331
S01010447,456,136,320
S01010448,513,168,345
S01010449,427,101,326
S01010450,382,95,287
S01010451,424,131,293
S01010452,326,93,233
S01010453,439,108,331
S01010454,495,139,356
S01010455,316,71,245
S01010456,253,68,185
S01010457,374,96,278
S01010458,324,84,240
S01010459,329,91,238
S01010460,139,60,79
S01010461,436,112,324
S01010462,307,62,245
S01010463,319,120,199
S01010464,288,81,207
S01010465,566,262,304
S01010466,713,379,334
S01010467,427,229,198
S01010468,562,317,245
S01010469,439,203,236
S01010470,298,96,202
S01010471,365,108,257
S01010472,255,131,124
S01010473,658,296,362
S01010474,550,247,303
S01010475,256,111,145
S01010476,284,109,175
S01010477,376,114,262
S01010478,573,120,453
S01010479,459,109,350
S01010480,371,104,267
S01010481,290,47,243
S01010482,369,100,269
S01010483,509,143,366
S01010484,494,152,342
S01010485,419,131,288
S01010486,673,270,403
S01010487,436,121,315
S01010488,548,83,465
S01010489,479,101,378
S01010490,347,44,303
S01010491,348,53,295
S01010492,288,33,255
S01010493,305,44,261
S01010494,393,88,305
S01010495,399,55,344
S01010496,448,71,377
S01010497,243,34,209
S01010498,448,65,383
S01010499,353,43,310
S01010500,355,60,295
S01010501,309,42,267
S01010502,412,93,319
S01010503,356,51,305
S01010504,304,101,203
S01010505,323,97,226
S01010506,448,142,306
S01010507,565,123,442
S01010508,584,193,391
S01010509,721,250,471
S01010510,885,260,625
S01010511,659,126,533
S01010512,489,125,364
S01010513,486,177,309
S01010514,535,67,468
S01010515,542,89,453
S01010516,381,124,257
S01010517,572,149,423
S01010518,554,148,406
S01010519,546,147,399
S01010520,522,126,396
S01010521,545,143,402
S01010522,356,91,265
S01010523,500,74,426
S01010524,359,132,227
S01010525,395,136,259
S01010526,502,129,373
S01010527,703,183,520
S01010528,385,157,228
S01010529,499,180,319
S01010530,412,111,301
S01010531,530,125,405
S01010532,503,172,331
S01010533,466,182,284
S01010534,571,170,401
S01010535,324,100,224
S01010536,670,201,469
S01010537,761,198,563
S01010538,231,65,166
S01010539,603,183,420
S01010540,336,104,232
S01010541,451,140,311
S01010542,471,133,338
S01010543,312,68,244
S01010544,636,130,506
S01010545,306,80,226
S01010546,457,133,324
S01010547,370,95,275
S01010548,233,65,168
S01010549,172,87,85
S01010550,356,110,246
S01010551,394,145,249
S01010552,524,186,338
S01010553,328,103,225
S01010554,412,102,310
S01010555,492,156,336
S01010556,467,101,366
S01010557,402,124,278
S01010558,289,92,197
S01010559,329,164,165
S01010560,316,123,193
S01010561,468,183,285
S01010562,576,147,429
S01010563,445,84,361
S01010564,333,66,267
S01010565,525,166,359
S01010566,452,154,298
S01010567,608,256,352
S01010568,666,234,432
S01010569,684,254,430
S01010570,871,262,609
S01010571,632,225,407
S01010572,603,166,437
S01010573,433,82,351
S01010574,323,153,170
S01010575,493,224,269
S01010576,463,220,243
S01010577,462,83,379
S01010578,335,65,270
S01010579,501,185,316
S01010580,397,134,263
S01010581,579,221,358
S01010582,223,101,122
S01010583,538,237,301
S01010584,125,41,84
S01010585,140,55,85
S01010586,407,206,201
S01010587,515,246,269
S01010588,358,133,225
S01010589,434,109,325
S01010590,214,111,103
S01010591,75,38,37
S01010592,290,130,160
S01010593,344,157,187
S01010594,118,40,78
S01010595,105,38,67
S01010596,531,208,323
S01010597,187,89,98
S01010598,259,124,135
S01010599,228,84,144
S01010600,479,212,267
S01010601,361,153,208
S01010602,359,132,227
S01010603,442,199,243
S01010604,461,226,235
S01010605,566,243,323
S01010606,521,116,405
S01010607,519,278,241
S01010608,387,96,291
S01010609,322,61,261
S01010610,426,226,200
S01010611,759,186,573
S01010612,457,107,350
S01010613,408,113,295
S01010614,372,49,323
S01010615,551,213,338
S01010616,706,295,411
S01010617,644,232,412
S01010618,731,261,470
S01010619,460,146,314
S01010620,258,76,182
S01010621,607,286,321
S01010622,372,79,293
S01010623,511,204,307
S01010624,473,193,280
S01010625,424,221,203
S01010626,495,237,258
S01010627,534,231,303
S01010628,700,265,435
S01010629,636,308,328
S01010630,374,107,267
S01010631,357,134,223
S01010632,422,85,337
S01010633,381,57,324
S01010634,311,42,269
S01010635,391,51,340
S01010636,510,195,315
S01010637,468,137,331
S01010638,395,78,317
S01010639,602,135,467
S01010640,482,171,311
S01010641,568,98,470
S01010642,474,57,417
S01010643,304,32,272
S01010644,344,30,314
S01010645,513,210,303
S01010646,509,223,286
S01010647,423,150,273
S01010648,568,158,410
S01010649,456,166,290
S01010650,304,85,219
S01010651,444,78,366
S01010652,454,165,289
S01010653,496,156,340
S01010654,492,96,396
S01010655,463,146,317
S01010656,354,117,237
S01010657,432,169,263
S01010658,485,189,296
S01010659,400,167,233
S01010660,356,95,261
S01010661,431,127,304
S01010662,409,150,259
S01010663,599,215,384
S01010664,349,119,230
S01010665,475,155,320
S01010666,572,190,382
S01010667,355,133,222
S01010668,569,161,408
S01010669,316,83,233
S01010670,507,147,360
S01010671,423,124,299
S01010672,803,169,634
S01010673,623,200,423
S01010674,640,184,456
S01010675,499,126,373
S01010676,572,187,385
S01010677,260,93,167
S01010678,505,152,353
S01010679,801,244,557
S01010680,399,98,301
S01010681,531,152,379
S01010682,614,172,442
S01010683,438,112,326
S01010684,548,171,377
S01010685,372,120,252
S01010686,330,67,263
S01010687,541,155,386
S01010688,453,121,332
S01010689,525,159,366
S01010690,479,118,361
S01010691,457,120,337
S01010692,356,81,275
S01010693,228,63,165
S01010694,402,87,315
S01010695,397,163,234
S01010696,506,161,345
S01010697,551,198,353
S01010698,357,99,258
S01010699,313,111,202
S01010700,356,130,226
S01010701,687,235,452
S01010702,569,204,365
S01010703,480,155,325
S01010704,575,109,466
S01010705,546,144,402
S01010706,286,74,212
S01010707,361,143,218
S01010708,577,210,367
S01010709,473,168,305
S01010710,475,114,361
S01010711,344,125,219
S01010712,404,71,333
S01010713,604,120,484
S01010714,413,88,325
S01010715,454,102,352
S01010716,466,168,298
S01010717,601,218,383
S01010718,487,175,312
S01010719,403,155,248
S01010720,382,177,205
S01010721,387,173,214
S01010722,577,177,400
S01010723,531,221,310
S01010724,431,169,262
S01010725,439,176,263
S01010726,575,242,333
S01010727,357,168,189
S01010728,422,201,221
S01010729,497,187,310
S01010730,448,174,274
S01010731,440,146,294
S01010732,449,85,364
S01010733,440,92,348
S01010734,417,81,336
S01010735,453,106,347
S01010736,222,76,146
S01010737,395,106,289
S01010738,539,125,414
S01010739,418,102,316
S01010740,383,77,306
S01010741,385,99,286
S01010742,403,66,337
S01010743,449,68,381
S01010744,642,166,476
S01010745,323,80,243
S01010746,451,123,328
S01010747,486,123,363
S01010748,280,79,201
S01010749,373,99,274
S01010750,324,94,230
S01010751,486,105,381
S01010752,548,125,423
S01010753,599,177,422
S01010754,471,139,332
S01010755,425,98,327
S01010756,485,182,303
S01010757,450,130,320
S01010758,276,74,202
S01010759,323,77,246
S01010760,337,130,207
S01010761,290,99,191
S01010762,308,99,209
S01010763,448,117,331
S01010764,274,79,195
S01010765,562,130,432
S01010766,337,108,229
S01010767,283,70,213
S01010768,315,63,252
S01010769,257,80,177
S01010770,477,124,353
S01010771,468,100,368
S01010772,391,94,297
S01010773,335,95,240
S01010774,577,146,431
S01010775,315,92,223
S01010776,421,99,322
S01010777,298,65,233
S01010778,387,51,336
S01010779,396,98,298
S01010780,333,91,242
S01010781,506,167,339
S01010782,308,100,208
S01010783,465,97,368
S01010784,634,128,506
S01010785,499,167,332
S01010786,282,67,215
S01010787,436,124,312
S01010788,351,90,261
S01010789,456,121,335
S01010790,417,105,312
S01010791,508,180,328
S01010792,602,144,458
S01010793,306,95,211
S01010794,192,59,133
S01010795,698,243,455
S01010796,739,277,462
S01010797,309,97,212
S01010798,370,140,230
S01010799,508,206,302
S01010800,496,109,387
S01010801,452,99,353
S01010802,370,141,229
S01010803,262,78,184
S01010804,431,165,266
S01010805,696,260,436
S01010806,488,151,337
S01010807,312,104,208
S01010808,310,146,164
S01010809,438,182,256
S01010810,265,107,158
S01010811,461,122,339
S01010812,254,65,189
S01010813,499,120,379
S01010814,421,109,312
S01010815,374,100,274
S01010816,373,251,122
S01010817,692,398,294
S01010818,666,393,273
S01010819,443,171,272
S01010820,567,269,298
S01010821,427,271,156
S01010822,251,139,112
S01010823,193,53,140
S01010824,403,221,182
S01010825,445,205,240
S01010826,406,195,211
S01010827,416,171,245
S01010828,688,354,334
S01010829,427,190,237
S01010830,329,119,210
S01010831,210,122,88
S01010832,481,141,340
S01010833,508,284,224
S01010834,713,395,318
S01010835,410,222,188
S01010836,554,296,258
S01010837,486,156,330
S01010838,570,144,426
S01010839,444,140,304
S01010840,369,150,219
S01010841,607,253,354
S01010842,440,142,298
S01010843,329,99,230
S01010844,438,174,264
S01010845,326,107,219
S01010846,517,130,387
S01010847,527,230,297
S01010848,497,73,424
S01010849,463,74,389
S01010850,460,64,396
S01010851,491,67,424
S01010852,500,64,436
S01010853,588,99,489
S01010854,278,43,235
S01010855,289,45,244
S01010856,387,73,314
S01010857,519,160,359
S01010858,518,87,431
S01010859,452,71,381
S01010860,469,79,390
S01010861,382,66,316
S01010862,294,37,257
S01010863,420,187,233
S01010864,373,195,178
S01010865,360,208,152
S01010866,379,196,183
S01010867,413,241,172
S01010868,357,189,168
S01010869,645,362,283
S01010870,381,192,189
S01010871,428,199,229
S01010872,475,175,300
S01010873,344,96,248
S01010874,519,240,279
S01010875,377,140,237
S01010876,394,132,262
S01010877,694,266,428
S01010878,518,126,392
S01010879,610,195,415
S01010880,346,74,272
S01010881,396,86,310
S01010882,448,120,328
S01010883,599,213,386
S01010884,569,124,445
S01010885,763,167,596
S01010886,448,116,332
S01010887,241,49,192
S01010888,544,139,405
S01010889,506,133,373
S01010890,261,40,221
S01010891,203,54,149
S01010892,300,67,233
S01010893,291,54,237
S01010894,216,44,172
S01010895,284,72,212
S01010896,483,91,392
S01010897,283,32,251
S01010898,531,102,429
S01010899,417,92,325
S01010900,546,94,452
S01010901,221,29,192
S01010902,445,78,367
S01010903,283,44,239
S01010904,293,41,252
S01010905,230,39,191
S01010906,400,79,321
S01010907,48,19,29
S01010908,304,92,212
S01010909,452,152,300
S01010910,378,72,306
S01010911,270,59,211
S01010912,342,55,287
S01010913,382,111,271
S01010914,533,134,399
S01010915,614,139,475
S01010916,395,68,327
S01010917,385,100,285
S01010918,599,93,506
S01010919,475,76,399
S01010920,305,37,268
S01010921,389,52,337
S01010922,470,69,401
S01010923,596,95,501
S01010924,401,56,345
S01010925,423,44,379
S01010926,527,90,437
S01010927,442,60,382
S01010928,386,45,341
S01010929,495,65,430
S01010930,393,193,200
S01010931,269,105,164
S01010932,572,137,435
S01010933,217,83,134
S01010934,665,354,311
S01010935,434,219,215
S01010936,331,137,194
S01010937,494,179,315
S01010938,447,91,356
S01010939,423,184,239
S01010940,444,209,235
S01010941,843,380,463
S01010942,465,219,246
S01010943,498,132,366
S01010944,445,93,352
S01010945,377,70,307
S01010946,562,101,461
S01010947,474,105,369
S01010948,434,101,333
S01010949,658,319,339
S01010950,506,178,328
S01010951,459,134,325
S01010952,499,159,340
S01010953,427,157,270
S01010954,557,219,338
S01010955,445,230,215
S01010956,529,226,303
S01010957,391,184,207
S01010958,364,169,195
S01010959,393,192,201
S01010960,719,200,519
S01010961,615,166,449
S01010962,404,98,306
S01010963,590,214,376
S01010964,337,97,240
S01010965,560,88,472
S01010966,500,94,406
S01010967,482,118,364
S01010968,513,163,350
S01010969,432,173,259
S01010970,727,242,485
S01010971,1019,392,627
S01010972,412,77,335
S01010973,388,103,285
S01010974,585,97,488
S01010975,337,56,281
S01010976,402,129,273
S01010977,395,111,284
S01010978,467,101,366
S01010979,445,81,364
S01010980,459,137,322
S01010981,414,119,295
S01010982,811,402,409
S01010983,675,230,445
S01010984,663,249,414
S01010985,434,113,321
S01010986,277,135,142
S01010987,257,128,129
S01010988,385,198,187
S01010989,185,85,100
S01010990,444,100,344
S01010991,435,158,277
S01010992,272,132,140
S01010993,425,161,264
S01010994,734,347,387
S01010995,585,231,354
S01010996,490,253,237
S01010997,598,302,296
S01010998,545,342,203
S01010999,440,233,207
S01011000,639,220,419
S01011001,402,79,323
S01011002,398,86,312
S01011003,428,78,350
S01011004,509,186,323
S01011005,411,104,307
S01011006,344,109,235
S01011007,484,81,403
S01011008,571,110,461
S01011009,421,60,361
S01011010,479,137,342
S01011011,390,88,302
S01011012,605,95,510
S01011013,479,82,397
S01011014,558,152,406
S01011015,346,96,250
S01011016,234,84,150
S01011017,482,233,249
S01011018,803,318,485
S01011019,522,236,286
S01011020,213,95,118
S01011021,429,85,344
S01011022,422,79,343
S01011023,421,91,330
S01011024,629,92,537
S01011025,461,74,387
S01011026,369,52,317
S01011027,557,80,477
S01011028,461,90,371
S01011029,460,103,357
S01011030,621,190,431
S01011031,391,81,310
S01011032,502,118,384
S01011033,375,109,266
S01011034,355,84,271
S01011035,342,105,237
S01011036,494,152,342
S01011037,468,110,358
S01011038,504,77,427
S01011039,488,145,343
S01011040,519,105,414
S01011041,294,66,228
S01011042,454,172,282
S01011043,553,126,427
S01011044,443,120,323
S01011045,402,101,301
S01011046,368,89,279
S01011047,564,145,419
S01011048,590,120,470
S01011049,427,76,351
S01011050,465,118,347
S01011051,449,109,340
S01011052,535,154,381
S01011053,360,56,304
S01011054,356,99,257
S01011055,311,75,236
S01011056,328,86,242
S01011057,367,76,291
S01011058,306,88,218
S01011059,388,94,294
S01011060,623,184,439
S01011061,580,88,492
S01011062,722,142,580
S01011063,541,83,458
S01011064,698,153,545
S01011065,429,115,314
S01011066,326,94,232
S01011067,467,117,350
S01011068,394,66,328
S01011069,326,92,234
S01011070,436,113,323
S01011071,460,117,343
S01011072,436,104,332
S01011073,374,91,283
S01011074,339,61,278
S01011075,473,58,415
S01011076,553,86,467
S01011077,524,71,453
S01011078,489,154,335
S01011079,649,153,496
S01011080,588,134,454
S01011081,465,78,387
S01011082,353,57,296
S01011083,524,137,387
S01011084,441,161,280
S01011085,458,188,270
S01011086,344,119,225
S01011087,497,129,368
S01011088,589,214,375
S01011089,447,137,310
S01011090,397,120,277
S01011091,393,129,264
S01011092,218,89,129
S01011093,551,193,358
S01011094,276,122,154
S01011095,556,222,334
S01011096,818,317,501
S01011097,418,182,236
S01011098,517,193,324
S01011099,519,88,431
S01011100,269,95,174
S01011101,451,71,380
S01011102,455,111,344
S01011103,359,103,256
S01011104,318,125,193
S01011105,501,157,344
S01011106,472,191,281
S01011107,187,62,125
S01011108,414,103,311
S01011109,490,154,336
S01011110,580,101,479
S01011111,635,123,512
S01011112,74,21,53
S01011113,566,145,421
S01011114,691,230,461
S01011115,536,85,451
S01011116,536,149,387
S01011117,504,248,256
S01011118,456,241,215
S01011119,428,232,196
S01011120,625,314,311
S01011121,377,106,271
S01011122,438,113,325
S01011123,628,130,498
S01011124,181,49,132
S01011125,252,64,188
S01011126,430,121,309
S01011127,286,137,149
S01011128,636,200,436
S01011129,456,241,215
S01011130,391,103,288
S01011131,415,152,263
S01011132,444,178,266
S01011133,326,89,237
S01011134,474,154,320
S01011135,595,162,433
S01011136,295,102,193
S01011137,336,119,217
S01011138,286,85,201
S01011139,494,212,282
S01011140,313,83,230
S01011141,1078,396,682
S01011142,1010,439,571
S01011143,649,274,375
S01011144,456,159,297
S01011145,475,211,264
S01011146,352,116,236
S01011147,649,223,426
S01011148,425,163,262
S01011149,613,285,328
S01011150,948,444,504
S01011151,508,216,292
S01011152,520,278,242
S01011153,463,168,295
S01011154,324,87,237
S01011155,361,111,250
S01011156,544,233,311
S01011157,472,195,277
S01011158,352,176,176
S01011159,275,60,215
S01011160,486,155,331
S01011161,403,93,310
S01011162,457,161,296
S01011163,607,136,471
S01011164,401,173,228
S01011165,451,89,362
S01011166,394,183,211
S01011167,587,251,336
S01011168,481,180,301
S01011169,135,53,82
S01011170,444,180,264
S01011171,578,143,435
S01011172,452,118,334
S01011173,450,149,301
S01011174,522,163,359
S01011175,396,101,295
S01011176,362,112,250
S01011177,578,144,434
S01011178,430,168,262
S01011179,371,69,302
S01011180,446,91,355
S01011181,408,131,277
S01011182,313,92,221
S01011183,429,166,263
S01011184,454,217,237
S01011185,436,126,310
S01011186,537,134,403
S01011187,570,194,376
S01011188,601,143,458
S01011189,461,107,354
S01011190,460,129,331
S01011191,411,86,325
S01011192,558,130,428
S01011193,549,109,440
S01011194,387,73,314
S01011195,543,114,429
S01011196,540,100,440
S01011197,486,81,405
S01011198,429,80,349
S01011199,427,92,335
S01011200,571,166,405
S01011201,327,75,252
S01011202,531,141,390
S01011203,667,189,478
S01011204,347,153,194
S01011205,125,55,70
S01011206,385,156,229
S01011207,574,212,362
S01011208,571,216,355
S01011209,393,127,266
S01011210,350,146,204
S01011211,599,247,352
S01011212,397,53,344
S01011213,564,114,450
S01011214,515,82,433
S01011215,389,56,333
S01011216,444,111,333
S01011217,536,93,443
S01011218,382,67,315
S01011219,475,68,407
S01011220,499,88,411
S01011221,557,139,418
S01011222,315,53,262
S01011223,461,137,324
S01011224,290,53,237
S01011225,460,98,362
S01011226,505,199,306
S01011227,472,155,317
S01011228,582,161,421
S01011229,374,117,257
S01011230,578,109,469
S01011231,437,57,380
S01011232,423,108,315
S01011233,345,106,239
S01011234,459,91,368
S01011235,233,54,179
S01011236,306,91,215
S01011237,389,69,320
S01011238,297,75,222
S01011239,415,101,314
S01011240,421,100,321
S01011241,445,143,302
S01011242,465,167,298
S01011243,318,70,248
S01011244,320,72,248
S01011245,390,82,308
S01011246,366,122,244
S01011247,429,178,251
S01011248,523,208,315
S01011249,461,162,299
S01011250,515,78,437
S01011251,378,68,310
S01011252,375,63,312
S01011253,373,51,322
S01011254,733,242,491
S01011255,108,53,55
S01011256,100,45,55
S01011257,267,108,159
S01011258,354,129,225
S01011259,405,156,249
S01011260,364,165,199
S01011261,337,46,291
S01011262,284,50,234
S01011263,284,57,227
S01011264,311,56,255
S01011265,451,62,389
S01011266,412,69,343
S01011267,335,132,203
S01011268,270,116,154
S01011269,253,66,187
S01011270,361,96,265
S01011271,478,114,364
S01011272,288,50,238
S01011273,560,95,465
S01011274,458,107,351
S01011275,393,91,302
S01011276,444,83,361
S01011277,468,155,313
S01011278,470,158,312
S01011279,446,152,294
S01011280,462,202,260
S01011281,478,209,269
S01011282,458,178,280
S01011283,315,135,180
S01011284,245,109,136
S01011285,528,94,434
S01011286,330,65,265
S01011287,465,93,372
S01011288,563,104,459
S01011289,450,68,382
S01011290,625,135,490
S01011291,533,114,419
S01011292,299,35,264
S01011293,436,55,381
S01011294,399,108,291
S01011295,514,231,283
S01011296,355,95,260
S01011297,437,82,355
S01011298,577,161,416
S01011299,306,117,189
S01011300,502,102,400
S01011301,387,159,228
S01011302,426,90,336
S01011303,692,266,426
S01011304,511,125,386
S01011305,267,34,233
S01011306,313,107,206
S01011307,523,199,324
S01011308,335,135,200
S01011309,449,231,218
S01011310,369,144,225
S01011311,622,357,265
S01011312,638,393,245
S01011313,537,220,317
S01011314,468,213,255
S01011315,182,50,132
S01011316,371,87,284
S01011317,413,203,210
S01011318,359,158,201
S01011319,523,267,256
S01011320,360,136,224
S01011321,374,136,238
S01011322,355,125,230
S01011323,512,144,368
S01011324,288,92,196
S01011325,485,140,345
S01011326,537,175,362
S01011327,348,109,239
S01011328,366,95,271
S01011329,445,196,249
S01011330,382,191,191
S01011331,334,158,176
S01011332,515,260,255
S01011333,325,186,139
S01011334,613,225,388
S01011335,526,303,223
S01011336,347,133,214
S01011337,392,230,162
S01011338,368,111,257
S01011339,334,74,260
S01011340,521,119,402
S01011341,383,98,285
S01011342,424,141,283
S01011343,446,103,343
S01011344,422,53,369
S01011345,530,81,449
S01011346,487,101,386
S01011347,570,168,402
S01011348,663,218,445
S01011349,617,249,368
S01011350,479,224,255
S01011351,399,56,343
S01011352,322,91,231
S01011353,389,92,297
S01011354,467,200,267
S01011355,570,167,403
S01011356,523,187,336
S01011357,769,320,449
S01011358,337,184,153
S01011359,392,91,301
S01011360,312,55,257
S01011361,224,34,190
S01011362,177,64,113
S01011363,617,230,387
S01011364,293,89,204
S01011365,347,140,207
S01011366,232,63,169
S01011367,363,90,273
S01011368,36,9,27
S01011369,336,87,249
S01011370,150,30,120
S01011371,765,222,543
S01011372,476,91,385
S01011373,447,104,343
S01011374,315,116,199
S01011375,334,130,204
S01011376,279,79,200
S01011377,292,168,124
S01011378,476,208,268
S01011379,528,261,267
S01011380,391,134,257
S01011381,390,155,235
S01011382,116,25,91
S01011383,416,75,341
S01011384,296,40,256
S01011385,434,71,363
S01011386,407,55,352
S01011387,340,56,284
S01011388,259,66,193
S01011389,356,118,238
S01011390,474,108,366
S01011391,307,57,250
S01011392,542,146,396
S01011393,390,91,299
S01011394,351,151,200
S01011395,393,119,274
S01011396,448,143,305
S01011397,297,80,217
S01011398,341,75,266
S01011399,238,48,190
S01011400,364,114,250
S01011401,539,218,321
S01011402,433,157,276
S01011403,504,166,338
S01011404,578,209,369
S01011405,356,149,207
S01011406,345,94,251
S01011407,654,267,387
S01011408,426,91,335
S01011409,342,63,279
S01011410,400,126,274
S01011411,478,139,339
S01011412,559,263,296
S01011413,377,168,209
S01011414,531,134,397
S01011415,514,191,323
S01011416,591,225,366
S01011417,357,113,244
S01011418,388,73,315
S01011419,354,77,277
S01011420,250,50,200
S01011421,278,133,145
S01011422,240,32,208
S01011423,243,68,175
S01011424,285,55,230
S01011425,355,108,247
S01011426,473,142,331
S01011427,505,131,374
S01011428,381,109,272
S01011429,645,186,459
S01011430,587,225,362
S01011431,554,140,414
S01011432,1039,196,843
S01011433,458,70,388
S01011434,537,166,371
S01011435,661,221,440
S01011436,627,157,470
S01011437,398,73,325
S01011438,407,68,339
S01011439,560,124,436
S01011440,523,83,440
S01011441,390,59,331
S01011442,359,51,308
S01011443,433,76,357
S01011444,500,111,389
S01011445,326,76,250
S01011446,539,202,337
S01011447,513,116,397
S01011448,617,211,406
S01011449,295,63,232
S01011450,265,100,165
S01011451,468,226,242
S01011452,555,196,359
S01011453,417,121,296
S01011454,528,115,413
S01011455,514,113,401
S01011456,555,105,450
S01011457,405,64,341
S01011458,402,111,291
S01011459,289,103,186
S01011460,506,134,372
S01011461,457,101,356
S01011462,536,194,342
S01011463,352,114,238
S01011464,126,30,96
S01011465,349,77,272
S01011466,628,269,359
S01011467,176,37,139
S01011468,89,41,48
S01011469,353,93,260
S01011470,459,134,325
S01011471,426,169,257
S01011472,661,180,481
S01011473,476,164,312
S01011474,503,147,356
S01011475,286,67,219
S01011476,458,218,240
S01011477,580,304,276
S01011478,607,357,250
S01011479,456,227,229
S01011480,529,307,222
S01011481,284,48,236
S01011482,520,109,411
S01011483,500,221,279
S01011484,500,110,390
S01011485,423,56,367
S01011486,254,45,209
S01011487,405,70,335
S01011488,320,49,271
S01011489,282,61,221
S01011490,585,190,395
S01011491,220,48,172
S01011492,507,131,376
S01011493,562,203,359
S01011494,277,58,219
S01011495,563,153,410
S01011496,268,41,227
S01011497,544,222,322
S01011498,396,151,245
S01011499,506,163,343
S01011500,500,100,400
S01011501,347,35,312
S01011502,412,67,345
S01011503,569,101,468
S01011504,330,67,263
S01011505,303,63,240
S01011506,241,74,167
S01011507,380,95,285
S01011508,529,169,360
S01011509,354,107,247
S01011510,423,90,333
S01011511,357,57,300
S01011512,569,104,465
S01011513,414,65,349
S01011514,539,77,462
S01011515,510,168,342
S01011516,601,250,351
S01011517,309,61,248
S01011518,293,42,251
S01011519,370,66,304
S01011520,479,100,379
S01011521,620,152,468
S01011522,396,125,271
S01011523,691,155,536
S01011524,541,187,354
S01011525,496,112,384
S01011526,516,126,390
S01011527,542,173,369
S01011528,443,95,348
S01011529,487,96,391
S01011530,564,142,422
S01011531,525,177,348
S01011532,298,145,153
S01011533,297,60,237
S01011534,360,89,271
S01011535,366,58,308
S01011536,440,183,257
S01011537,516,196,320
S01011538,483,231,252
S01011539,425,73,352
S01011540,525,108,417
S01011541,407,54,353
S01011542,591,94,497
S01011543,389,46,343
S01011544,365,62,303
S01011545,469,68,401
S01011546,452,218,234
S01011547,300,141,159
S01011548,372,104,268
S01011549,552,213,339
S01011550,633,299,334
S01011551,454,147,307
S01011552,567,199,368
S01011553,132,45,87
S01011554,542,139,403
S01011555,397,58,339
S01011556,359,69,290
S01011557,474,72,402
S01011558,416,75,341
S01011559,361,70,291
S01011560,497,71,426
S01011561,342,51,291
S01011562,382,56,326
S01011563,372,51,321
S01011564,355,84,271
S01011565,422,75,347
S01011566,419,65,354
S01011567,371,61,310
S01011568,378,80,298
S01011569,370,92,278
S01011570,499,100,399
S01011571,432,108,324
S01011572,439,148,291
S01011573,359,121,238
S01011574,379,71,308
S01011575,247,56,191
S01011576,378,58,320
S01011577,348,120,228
S01011578,555,172,383
S01011579,514,240,274
S01011580,420,84,336
S01011581,443,130,313
S01011582,738,344,394
S01011583,499,169,330
S01011584,418,93,325
S01011585,570,132,438
S01011586,340,70,270
S01011587,358,52,306
S01011588,419,89,330
S01011589,487,121,366
S01011590,530,115,415
S01011591,439,79,360
S01011592,388,76,312
S01011593,288,76,212
S01011594,347,97,250
S01011595,579,242,337
S01011596,740,313,427
S01011597,510,177,333
S01011598,440,91,349
S01011599,432,102,330
S01011600,371,97,274
S01011601,543,199,344
S01011602,318,80,238
S01011603,427,91,336
S01011604,294,56,238
S01011605,430,92,338
S01011606,257,103,154
S01011607,557,223,334
S01011608,546,194,352
S01011609,420,91,329
S01011610,432,107,325
S01011611,426,172,254
S01011612,158,54,104
S01011613,623,309,314
S01011614,246,80,166
S01011615,423,124,299
S01011616,265,46,219
S01011617,505,83,422
S01011618,413,88,325
S01011619,471,196,275
S01011620,468,246,222
S01011621,533,185,348
S01011622,94,38,56
S01011623,497,111,386
S01011624,461,147,314
S01011625,336,85,251
S01011626,672,307,365
S01011627,429,183,246
S01011628,797,339,458
S01011629,399,60,339
S01011630,345,64,281
S01011631,408,40,368
S01011632,483,76,407
S01011633,570,97,473
S01011634,440,91,349
S01011635,337,79,258
S01011636,397,61,336
S01011637,362,105,257
S01011638,358,108,250
S01011639,283,74,209
S01011640,504,106,398
S01011641,613,245,368
S01011642,489,195,294
S01011643,232,102,130
S01011644,377,162,215
S01011645,311,101,210
S01011646,559,283,276
S01011647,686,337,349
S01011648,236,40,196
S01011649,184,36,148
S01011650,610,232,378
S01011651,392,123,269
S01011652,562,261,301
S01011653,524,88,436
S01011654,523,183,340
S01011655,415,63,352
S01011656,304,49,255
S01011657,265,53,212
S01011658,488,98,390
S01011659,453,108,345
S01011660,684,220,464
S01011661,583,118,465
S01011662,295,108,187
S01011663,412,67,345
S01011664,527,72,455
S01011665,537,120,417
S01011666,447,101,346
S01011667,483,118,365
S01011668,702,137,565
S01011669,480,208,272
S01011670,421,131,290
S01011671,370,136,234
S01011672,412,126,286
S01011673,384,78,306
S01011674,395,93,302
S01011675,475,83,392
S01011676,364,57,307
S01011677,73,10,63
S01011678,243,51,192
S01011679,307,82,225
S01011680,576,129,447
S01011681,404,79,325
S01011682,418,146,272
S01011683,465,119,346
S01011684,380,121,259
S01011685,147,46,101
S01011686,576,247,329
S01011687,517,120,397
S01011688,582,198,384
S01011689,308,118,190
S01011690,456,138,318
S01011691,176,51,125
S01011692,552,110,442
S01011693,547,215,332
S01011694,56,22,34
S01011695,555,249,306
S01011696,89,21,68
S01011697,223,52,171
S01011698,383,91,292
S01011699,536,207,329
S01011700,437,154,283
S01011701,483,233,250
S01011702,452,190,262
S01011703,427,223,204
S01011704,494,259,235
S01011705,465,135,330
S01011706,455,154,301
S01011707,406,165,241
S01011708,545,163,382
S01011709,604,178,426
S01011710,351,53,298
S01011711,512,98,414
S01011712,316,80,236
S01011713,736,231,505
S01011714,284,100,184
S01011715,588,167,421
S01011716,642,264,378
S01011717,549,198,351
S01011718,147,46,101
S01011719,476,228,248
S01011720,442,200,242
S01011721,439,123,316
S01011722,760,200,560
S01011723,519,142,377
S01011724,404,186,218
S01011725,414,215,199
S01011726,385,178,207
S01011727,138,44,94
S01011728,593,140,453
S01011729,567,125,442
S01011730,626,276,350
S01011731,666,194,472
S01011732,607,267,340
S01011733,530,149,381
S01011734,501,181,320
S01011735,502,217,285
S01011736,665,180,485
S01011737,523,141,382
S01011738,442,145,297
S01011739,338,106,232
S01011740,328,72,256
S01011741,513,107,406
S01011742,465,136,329
S01011743,393,131,262
S01011744,319,80,239
S01011745,486,124,362
S01011746,401,69,332
S01011747,492,93,399
S01011748,554,118,436
S01011749,481,93,388
S01011750,418,122,296
S01011751,644,141,503
S01011752,639,184,455
S01011753,532,243,289
S01011754,501,134,367
S01011755,592,161,431
S01011756,673,163,510
S01011757,494,123,371
S01011758,380,93,287
S01011759,549,127,422
S01011760,548,116,432
S01011761,313,81,232
S01011762,490,116,374
S01011763,502,151,351
S01011764,246,66,180
S01011765,853,351,502
S01011766,480,214,266
S01011767,705,251,454
S01011768,496,149,347
S01011769,415,113,302
S01011770,492,127,365
S01011771,442,225,217
S01011772,654,390,264
S01011773,353,187,166
S01011774,456,214,242
S01011775,466,250,216
S01011776,288,171,117
S01011777,394,229,165
S01011778,385,221,164
S01011779,455,240,215
S01011780,433,237,196
S01011781,563,272,291
S01011782,507,278,229
S01011783,363,180,183
S01011784,479,112,367
S01011785,616,126,490
S01011786,141,76,65
S01011787,476,102,374
S01011788,294,216,78
S01011789,713,328,385
S01011790,650,185,465
S01011791,406,106,300
S01011792,408,143,265
S01011793,364,145,219
S01011794,428,85,343
S01011795,401,110,291
S01011796,422,96,326
S01011797,535,237,298
S01011798,305,60,245
S01011799,674,226,448
S01011800,397,78,319
S01011801,374,71,303
S01011802,357,59,298
S01011803,344,86,258
S01011804,515,160,355
S01011805,510,169,341
S01011806,645,192,453
S01011807,575,161,414
S01011808,484,133,351
S01011809,339,100,239
S01011810,587,138,449
S01011811,498,110,388
S01011812,531,136,395
S01011813,473,128,345
S01011814,333,100,233
S01011815,302,89,213
S01011816,386,160,226
S01011817,383,125,258
S01011818,763,233,530
S01011819,717,173,544
S01011820,348,128,220
S01011821,249,61,188
S01011822,455,118,337
S01011823,361,87,274
S01011824,570,140,430
S01011825,275,92,183
S01011826,414,134,280
S01011827,323,86,237
S01011828,465,99,366
S01011829,255,75,180
S01011830,453,98,355
S01011831,535,113,422
S01011832,447,77,370
S01011833,462,211,251
S01011834,379,170,209
S01011835,319,144,175
S01011836,622,347,275
S01011837,460,240,220
S01011838,674,368,306
S01011839,670,327,343
S01011840,732,304,428
S01011841,712,272,440
S01011842,718,227,491
S01011843,698,347,351
S01011844,503,260,243
S01011845,421,170,251
S01011846,509,216,293
S01011847,275,148,127
S01011848,444,208,236
S01011849,398,148,250
S01011850,568,232,336
S01011851,437,125,312
S01011852,475,163,312
S01011853,498,193,305
S01011854,543,224,319
S01011855,626,150,476
S01011856,346,173,173
S01011857,566,178,388
S01011858,336,145,191
S01011859,471,137,334
S01011860,369,161,208
S01011861,393,156,237
S01011862,453,241,212
S01011863,491,246,245
S01011864,408,189,219
S01011865,382,111,271
S01011866,593,169,424
S01011867,443,71,372
S01011868,458,154,304
S01011869,421,108,313
S01011870,380,106,274
S01011871,536,193,343
S01011872,485,192,293
S01011873,451,199,252
S01011874,505,211,294
S01011875,597,199,398
S01011876,566,241,325
S01011877,455,154,301
S01011878,724,340,384
S01011879,458,205,253
S01011880,559,262,297
S01011881,402,168,234
S01011882,465,115,350
S01011883,858,405,453
S01011884,224,100,124
S01011885,238,102,136
S01011886,517,196,321
S01011887,398,108,290
S01011888,634,154,480
S01011889,467,212,255
S01011890,474,251,223
S01011891,537,116,421
S01011892,722,341,381
S01011893,600,266,334
S01011894,407,153,254
S01011895,563,303,260
S01011896,499,227,272
S01011897,563,277,286
S01011898,413,228,185
S01011899,641,297,344
S01011900,426,219,207
S01011901,429,211,218
S01011902,583,264,319
S01011903,528,274,254
S01011904,569,283,286
S01011905,432,210,222
S01011906,214,103,111
S01011907,566,272,294
S01011908,357,148,209
S01011909,355,166,189
S01011910,631,125,506
S01011911,360,74,286
S01011912,380,66,314
S01011913,485,135,350
S01011914,472,74,398
S01011915,449,79,370
S01011916,459,77,382
S01011917,348,50,298
S01011918,442,98,344
S01011919,478,94,384
S01011920,365,81,284
S01011921,332,62,270
S01011922,513,87,426
S01011923,466,88,378
S01011924,549,134,415
S01011925,104,26,78
S01011926,506,112,394
S01011927,353,75,278
S01011928,549,120,429
S01011929,397,77,320
S01011930,420,87,333
S01011931,361,46,315
S01011932,216,44,172
S01011933,642,191,451
S01011934,385,154,231
S01011935,559,181,378
S01011936,407,179,228
S01011937,162,45,117
S01011938,269,103,166
S01011939,500,173,327
S01011940,552,168,384
S01011941,558,197,361
S01011942,398,124,274
S01011943,647,182,465
S01011944,259,138,121
S01011945,759,391,368
S01011946,392,128,264
S01011947,369,122,247
S01011948,489,257,232
S01011949,533,268,265
S01011950,498,202,296
S01011951,443,189,254
S01011952,229,90,139
S01011953,487,208,279
S01011954,311,84,227
S01011955,534,202,332
S01011956,396,171,225
S01011957,463,173,290
S01011958,790,304,486
S01011959,536,212,324
S01011960,420,186,234
S01011961,629,281,348
S01011962,367,175,192
S01011963,326,135,191
S01011964,611,237,374
S01011965,507,239,268
S01011966,384,202,182
S01011967,607,284,323
S01011968,675,293,382
S01011969,870,209,661
S01011970,830,186,644
S01011971,333,115,218
S01011972,909,329,580
S01011973,321,112,209
S01011974,391,152,239
S01011975,227,79,148
S01011976,477,174,303
S01011977,661,203,458
S01011978,591,165,426
S01011979,414,155,259
S01011980,280,92,188
S01011981,645,182,463
S01011982,785,280,505
S01011983,690,188,502
S01011984,289,59,230
S01011985,346,121,225
S01011986,507,133,374
S01011987,580,137,443
S01011988,344,132,212
S01011989,376,148,228
S01011990,343,135,208
S01011991,469,121,348
S01011992,466,170,296
S01011993,466,103,363
S01011994,408,217,191
S01011995,441,154,287
S01011996,424,120,304
S01011997,673,222,451
S01011998,394,148,246
S01011999,372,92,280
S01012000,331,111,220
S01012001,471,131,340
S01012002,398,127,271
S01012003,503,174,329
S01012004,630,239,391
S01012005,414,173,241
S01012006,509,208,301
S01012007,490,161,329
S01012008,657,186,471
S01012009,387,102,285
S01012010,770,248,522
S01012011,731,203,528
S01012012,340,119,221
S01012013,431,138,293
S01012014,906,254,652
S01012015,599,161,438
S01012016,430,120,310
S01012017,350,113,237
S01012018,500,165,335
S01012019,403,196,207
S01012020,534,256,278
S01012021,462,211,251
S01012022,604,180,424
S01012023,382,193,189
S01012024,678,321,357
S01012025,409,163,246
S01012026,245,87,158
S01012027,580,263,317
S01012028,621,410,211
S01012029,506,195,311
S01012030,758,402,356
S01012031,368,255,113
S01012032,233,123,110
S01012033,470,164,306
S01012034,493,225,268
S01012035,627,285,342
S01012036,669,291,378
S01012037,607,117,490
S01012038,457,60,397
S01012039,530,108,422
S01012040,376,156,220
S01012041,638,198,440
S01012042,532,100,432
S01012043,430,85,345
S01012044,405,87,318
S01012045,516,183,333
S01012046,442,133,309
S01012047,470,122,348
S01012048,313,99,214
S01012049,442,159,283
S01012050,576,234,342
S01012051,281,141,140
S01012052,426,136,290
S01012053,477,85,392
S01012054,627,128,499
S01012055,369,74,295
S01012056,539,223,316
S01012057,435,215,220
S01012058,374,177,197
S01012059,505,124,381
S01012060,383,86,297
S01012061,585,315,270
S01012062,583,223,360
S01012063,470,167,303
S01012064,304,59,245
S01012065,221,27,194
S01012066,453,90,363
S01012067,268,40,228
S01012068,275,73,202
S01012069,259,47,212
S01012070,347,67,280
S01012071,397,95,302
S01012072,550,209,341
S01012073,367,128,239
S01012074,453,234,219
S01012075,596,257,339
S01012076,517,174,343
S01012077,415,115,300
S01012078,487,181,306
S01012079,493,99,394
S01012080,546,146,400
S01012081,400,81,319
S01012082,488,126,362
S01012083,518,109,409
S01012084,429,139,290
S01012085,479,153,326
S01012086,466,104,362
S01012087,403,151,252
S01012088,368,166,202
S01012089,586,288,298
S01012090,688,405,283
S01012091,533,199,334
S01012092,435,181,254
S01012093,374,176,198
S01012094,497,280,217
S01012095,671,218,453
S01012096,425,78,347
S01012097,343,79,264
S01012098,460,88,372
S01012099,458,87,371
S01012100,779,204,575
S01012101,521,255,266
S01012102,477,106,371
S01012103,671,240,431
S01012104,535,319,216
S01012105,631,339,292
S01012106,632,344,288
S01012107,376,236,140
S01012108,395,152,243
S01012109,590,177,413
S01012110,491,186,305
S01012111,571,146,425
S01012112,465,207,258
S01012113,485,191,294
S01012114,537,287,250
S01012115,330,70,260
S01012116,328,80,248
S01012117,187,87,100
S01012118,392,179,213
S01012119,620,269,351
S01012120,310,82,228
S01012121,402,73,329
S01012122,490,89,401
S01012123,394,121,273
S01012124,410,138,272
S01012125,470,87,383
S01012126,351,141,210
S01012127,487,171,316
S01012128,273,87,186
S01012129,482,205,277
S01012130,455,159,296
S01012131,699,232,467
S01012132,443,149,294
S01012133,589,256,333
S01012134,609,317,292
S01012135,632,166,466
S01012136,477,156,321
S01012137,409,125,284
S01012138,618,287,331
S01012139,419,119,300
S01012140,472,234,238
S01012141,696,333,363
S01012142,501,264,237
S01012143,635,320,315
S01012144,504,237,267
S01012145,621,374,247
S01012146,444,94,350
S01012147,416,76,340
S01012148,368,70,298
S01012149,448,171,277
S01012150,358,60,298
S01012151,486,101,385
S01012152,437,61,376
S01012153,197,63,134
S01012154,331,79,252
S01012155,471,144,327
S01012156,694,219,475
S01012157,522,138,384
S01012158,517,186,331
S01012159,346,135,211
S01012160,593,183,410
S01012161,222,27,195
S01012162,347,58,289
S01012163,368,125,243
S01012164,274,112,162
S01012165,445,74,371
S01012166,452,105,347
S01012167,340,96,244
S01012168,608,213,395
S01012169,482,128,354
S01012170,657,184,473
S01012171,654,123,531
S01012172,545,110,435
S01012173,410,166,244
S01012174,626,250,376
S01012175,728,268,460
S01012176,922,323,599
S01012177,599,224,375
S01012178,681,267,414
S01012179,390,112,278
S01012180,298,94,204
S01012181,529,160,369
S01012182,356,109,247
S01012183,351,88,263
S01012184,60,11,49
S01012185,433,124,309
S01012186,424,98,326
S01012187,475,108,367
S01012188,343,117,226
S01012189,392,127,265
S01012190,235,111,124
S01012191,689,294,395
S01012192,278,120,158
S01012193,458,233,225
S01012194,502,262,240
S01012195,545,223,322
S01012196,352,170,182
S01012197,571,171,400
S01012198,639,244,395
S01012199,531,164,367
S01012200,357,101,256
S01012201,622,171,451
S01012202,340,134,206
S01012203,630,291,339
S01012204,490,225,265
S01012205,626,300,326
S01012206,620,227,393
S01012207,643,176,467
S01012208,700,214,486
S01012209,546,161,385
S01012210,345,106,239
S01012211,615,257,358
S01012212,791,369,422
S01012213,720,351,369
S01012214,468,267,201
S01012215,690,349,341
S01012216,802,427,375
S01012217,274,39,235
S01012218,359,62,297
S01012219,400,74,326
S01012220,384,84,300
S01012221,373,80,293
S01012222,621,145,476
S01012223,400,66,334
S01012224,603,140,463
S01012225,550,111,439
S01012226,515,152,363
S01012227,533,159,374
S01012228,447,126,321
S01012229,559,270,289
S01012230,678,363,315
S01012231,499,294,205
S01012232,717,430,287
S01012233,543,304,239
S01012234,783,440,343
S01012235,498,282,216
S01012236,493,207,286
S01012237,461,313,148
S01012238,298,89,209
S01012239,309,64,245
S01012240,383,136,247
S01012241,425,290,135
S01012242,526,312,214
S01012243,531,317,214
S01012244,620,340,280
S01012245,743,361,382
S01012246,585,349,236
S01012247,410,199,211
S01012248,483,202,281
S01012249,578,224,354
S01012250,517,212,305
S01012251,635,171,464
S01012252,701,219,482
S01012253,548,195,353
S01012254,506,196,310
S01012255,451,196,255
S01012256,490,239,251
S01012257,666,196,470
S01012258,627,320,307
S01012259,451,241,210
S01012260,451,149,302
S01012261,271,136,135
S01012262,551,233,318
S01012263,410,100,310
S01012264,148,49,99
S01012265,662,143,519
S01012266,538,178,360
S01012267,472,173,299
S01012268,614,262,352
S01012269,489,170,319
S01012270,463,102,361
S01012271,691,291,400
S01012272,408,199,209
S01012273,382,172,210
S01012274,695,229,466
S01012275,381,123,258
S01012276,885,280,605
S01012277,680,206,474
S01012278,603,196,407
S01012279,622,193,429
S01012280,606,114,492
S01012281,543,147,396
S01012282,497,224,273
S01012283,496,221,275
S01012284,394,107,287
S01012285,401,177,224
S01012286,613,150,463
S01012287,531,102,429
S01012288,514,87,427
S01012289,453,265,188
S01012290,313,118,195
S01012291,457,192,265
S01012292,510,282,228
S01012293,359,161,198
S01012294,626,182,444
S01012295,158,66,92
S01012296,348,123,225
S01012297,336,128,208
S01012298,493,201,292
S01012299,335,130,205
S01012300,614,170,444
S01012301,553,168,385
S01012302,389,125,264
S01012303,482,166,316
S01012304,651,195,456
S01012305,476,158,318
S01012306,409,103,306
S01012307,516,129,387
S01012308,457,98,359
S01012309,514,133,381
S01012310,777,218,559
S01012311,477,155,322
S01012312,579,166,413
S01012313,455,143,312
S01012314,464,66,398
S01012315,380,100,280
S01012316,342,51,291
S01012317,227,51,176
S01012318,489,71,418
S01012319,427,123,304
S01012320,378,76,302
S01012321,433,125,308
S01012322,599,199,400
S01012323,510,190,320
S01012324,513,152,361
S01012325,292,66,226
S01012326,499,133,366
S01012327,498,107,391
S01012328,464,149,315
S01012329,607,161,446
S01012330,397,138,259
S01012331,408,157,251
S01012332,559,195,364
S01012333,514,177,337
S01012334,523,108,415
S01012335,923,267,656
S01012336,491,76,415
S01012337,479,98,381
S01012338,358,113,245
S01012339,442,182,260
S01012340,371,133,238
S01012341,488,140,348
S01012342,491,160,331
S01012343,533,157,376
S01012344,517,149,368
S01012345,426,118,308
S01012346,483,172,311
S01012347,347,109,238
S01012348,467,162,305
S01012349,660,94,566
S01012350,621,148,473
S01012351,530,84,446
S01012352,626,180,446
S01012353,435,131,304
S01012354,464,98,366
S01012355,520,135,385
S01012356,608,233,375
S01012357,519,180,339
S01012358,488,142,346
S01012359,488,68,420
S01012360,346,47,299
S01012361,455,64,391
S01012362,470,55,415
S01012363,657,151,506
S01012364,473,107,366
S01012365,749,216,533
S01012366,543,130,413
S01012367,592,167,425
S01012368,493,185,308
S01012369,647,164,483
S01012370,654,149,505
S01012371,629,125,504
S01012372,583,110,473
S01012373,681,174,507
S01012374,538,113,425
S01012375,666,119,547
S01012376,481,202,279
S01012377,357,158,199
S01012378,446,134,312
S01012379,336,113,223
S01012380,816,182,634
S01012381,549,145,404
S01012382,647,235,412
S01012383,597,176,421
S01012384,294,108,186
S01012385,474,175,299
S01012386,581,133,448
S01012387,544,170,374
S01012388,394,159,235
S01012389,477,164,313
S01012390,374,106,268
S01012391,567,217,350
S01012392,370,141,229
S01012393,703,234,469
S01012394,626,153,473
S01012395,480,158,322
S01012396,519,174,345
S01012397,484,186,298
S01012398,594,199,395
S01012399,514,113,401
S01012400,520,100,420
S01012401,609,147,462
S01012402,226,69,157
S01012403,591,155,436
S01012404,677,181,496
S01012405,386,146,240
S01012406,382,117,265
S01012407,535,142,393
S01012408,434,111,323
S01012409,579,160,419
S01012410,740,208,532
S01012411,735,199,536
S01012412,353,71,282
S01012413,579,153,426
S01012414,465,138,327
S01012415,444,76,368
S01012416,306,49,257
S01012417,312,66,246
S01012418,481,107,374
S01012419,578,150,428
S01012420,563,77,486
S01012421,533,175,358
S01012422,708,219,489
S01012423,584,199,385
S01012424,432,74,358
S01012425,252,24,228
S01012426,295,37,258
S01012427,405,57,348
S01012428,476,77,399
S01012429,222,59,163
S01012430,532,140,392
S01012431,547,150,397
S01012432,379,113,266
S01012433,407,82,325
S01012434,407,77,330
S01012435,458,99,359
S01012436,485,108,377
S01012437,428,129,299
S01012438,312,57,255
S01012439,483,159,324
S01012440,309,132,177
S01012441,551,233,318
S01012442,377,131,246
S01012443,356,109,247
S01012444,546,295,251
S01012445,50,38,12
S01012446,382,116,266
S01012447,544,245,299
S01012448,261,111,150
S01012449,306,96,210
S01012450,494,200,294
S01012451,372,200,172
S01012452,348,194,154
S01012453,424,253,171
S01012454,599,340,259
S01012455,304,196,108
S01012456,575,355,220
S01012457,551,326,225
S01012458,444,300,144
S01012459,488,242,246
S01012460,492,245,247
S01012461,349,132,217
S01012462,425,92,333
S01012463,496,147,349
S01012464,376,71,305
S01012465,513,133,380
S01012466,522,235,287
S01012467,599,192,407
S01012468,456,118,338
S01012469,517,310,207
S01012470,462,145,317
S01012471,390,251,139
S01012472,420,232,188
S01012473,398,230,168
S01012474,366,166,200
S01012475,318,144,174
S01012476,522,150,372
S01012477,501,203,298
S01012478,426,100,326
S01012479,640,284,356
S01012480,105,36,69
S01012481,425,197,228
S01012482,380,173,207
S01012483,344,121,223
S01012484,605,343,262
S01012485,552,342,210
S01012486,301,169,132
S01012487,342,92,250
S01012488,521,137,384
S01012489,530,104,426
S01012490,503,158,345
S01012491,324,60,264
S01012492,403,101,302
S01012493,302,118,184
S01012494,683,162,521
S01012495,518,109,409
S01012496,383,66,317
S01012497,281,56,225
S01012498,397,54,343
S01012499,597,153,444
S01012500,295,38,257
S01012501,372,62,310
S01012502,405,82,323
S01012503,303,50,253
S01012504,283,51,232
S01012505,518,122,396
S01012506,223,96,127
S01012507,468,152,316
S01012508,378,128,250
S01012509,301,109,192
S01012510,641,219,422
S01012511,442,146,296
S01012512,427,133,294
S01012513,374,170,204
S01012514,535,233,302
S01012515,338,85,253
S01012516,332,103,229
S01012517,508,178,330
S01012518,410,216,194
S01012519,427,186,241
S01012520,416,245,171
S01012521,394,196,198
S01012522,469,256,213
S01012523,532,243,289
S01012524,538,240,298
S01012525,548,266,282
S01012526,467,252,215
S01012527,328,140,188
S01012528,398,86,312
S01012529,455,201,254
S01012530,540,211,329
S01012531,425,144,281
S01012532,638,228,410
S01012533,421,138,283
S01012534,465,110,355
S01012535,474,117,357
S01012536,457,114,343
S01012537,551,81,470
S01012538,498,98,400
S01012539,442,99,343
S01012540,527,107,420
S01012541,566,154,412
S01012542,596,249,347
S01012543,393,174,219
S01012544,297,93,204
S01012545,258,68,190
S01012546,497,148,349
S01012547,408,212,196
S01012548,473,211,262
S01012549,413,93,320
S01012550,547,187,360
S01012551,703,334,369
S01012552,529,273,256
S01012553,501,256,245
S01012554,398,169,229
S01012555,342,166,176
S01012556,352,196,156
S01012557,428,227,201
S01012558,424,114,310
S01012559,397,113,284
S01012560,542,197,345
S01012561,583,223,360
S01012562,512,163,349
S01012563,410,263,147
S01012564,468,252,216
S01012565,425,243,182
S01012566,435,173,262
S01012567,535,219,316
S01012568,499,337,162
S01012569,364,235,129
S01012570,468,143,325
S01012571,425,115,310
S01012572,352,112,240
S01012573,492,204,288
S01012574,707,331,376
S01012575,473,192,281
S01012576,508,229,279
S01012577,537,181,356
S01012578,698,263,435
S01012579,420,159,261
S01012580,440,182,258
S01012581,553,138,415
S01012582,351,130,221
S01012583,373,101,272
S01012584,353,131,222
S01012585,735,195,540
S01012586,458,174,284
S01012587,452,172,280
S01012588,406,145,261
S01012589,455,93,362
S01012590,511,125,386
S01012591,541,145,396
S01012592,267,118,149
S01012593,561,259,302
S01012594,434,153,281
S01012595,492,151,341
S01012596,317,54,263
S01012597,158,47,111
S01012598,403,219,184
S01012599,397,186,211
S01012600,446,197,249
S01012601,527,255,272
S01012602,333,117,216
S01012603,345,95,250
S01012604,461,126,335
S01012605,384,138,246
S01012606,189,111,78
S01012607,424,176,248
S01012608,535,143,392
S01012609,457,78,379
S01012610,583,143,440
S01012611,548,232,316
S01012612,611,227,384
S01012613,676,208,468
S01012614,521,243,278
S01012615,559,281,278
S01012616,405,185,220
S01012617,205,109,96
S01012618,393,175,218
S01012619,367,122,245
S01012620,549,299,250
S01012621,490,244,246
S01012622,495,166,329
S01012623,427,118,309
S01012624,419,113,306
S01012625,393,93,300
S01012626,430,168,262
S01012627,360,114,246
S01012628,300,135,165
S01012629,158,91,67
S01012630,390,161,229
S01012631,517,157,360
S01012632,317,111,206
S01012633,497,195,302
S01012634,650,247,403
S01012635,789,309,480
S01012636,400,158,242
S01012637,519,89,430
S01012638,556,147,409
S01012639,718,130,588
S01012640,676,168,508
S01012641,401,89,312
S01012642,785,133,652
S01012643,265,29,236
S01012644,232,41,191
S01012645,535,187,348
S01012646,528,205,323
S01012647,190,77,113
S01012648,382,79,303
S01012649,434,142,292
S01012650,456,198,258
S01012651,398,101,297
S01012652,623,287,336
S01012653,459,137,322
S01012654,499,200,299
S01012655,623,177,446
S01012656,460,122,338
S01012657,475,189,286
S01012658,568,230,338
S01012659,319,154,165
S01012660,364,114,250
S01012661,498,182,316
S01012662,546,145,401
S01012663,514,164,350
S01012664,526,177,349
S01012665,405,83,322
S01012666,446,84,362
S01012667,330,70,260
S01012668,561,118,443
S01012669,621,251,370
S01012670,414,160,254
S01012671,588,106,482
S01012672,344,53,291
S01012673,526,90,436
S01012674,317,49,268
S01012675,549,148,401
S01012676,514,134,380
S01012677,313,63,250
S01012678,479,168,311
S01012679,281,72,209
S01012680,127,54,73
S01012681,405,146,259
S01012682,447,188,259
S01012683,475,149,326
S01012684,246,102,144
S01012685,641,181,460
S01012686,658,340,318
S01012687,763,427,336
S01012688,476,218,258
S01012689,329,159,170
S01012690,312,157,155
S01012691,575,358,217
S01012692,540,263,277
S01012693,557,340,217
S01012694,341,131,210
S01012695,390,157,233
S01012696,393,130,263
S01012697,315,140,175
S01012698,627,269,358
S01012699,537,204,333
S01012700,518,251,267
S01012701,694,336,358
S01012702,236,80,156
S01012703,410,171,239
S01012704,339,47,292
S01012705,454,222,232
S01012706,518,136,382
S01012707,609,324,285
S01012708,465,111,354
S01012709,357,125,232
S01012710,433,126,307
S01012711,600,143,457
S01012712,556,282,274
S01012713,604,266,338
S01012714,393,216,177
S01012715,493,194,299
S01012716,643,371,272
S01012717,534,246,288
S01012718,369,187,182
S01012719,440,219,221
S01012720,366,187,179
S01012721,379,115,264
S01012722,548,115,433
S01012723,389,101,288
S01012724,399,138,261
S01012725,494,226,268
S01012726,444,154,290
S01012727,428,72,356
S01012728,447,70,377
S01012729,595,203,392
S01012730,347,79,268
S01012731,392,66,326
S01012732,529,111,418
S01012733,133,58,75
S01012734,64,12,52
S01012735,341,74,267
S01012736,791,261,530
S01012737,763,271,492
S01012738,305,75,230
S01012739,74,42,32
S01012740,35,3,32
S01012741,453,216,237
S01012742,606,293,313
S01012743,567,290,277
S01012744,478,228,250
S01012745,452,170,282
S01012746,655,248,407
S01012747,648,204,444
S01012748,373,46,327
S01012749,404,72,332
S01012750,386,85,301
S01012751,668,164,504
S01012752,348,82,266
S01012753,244,34,210
S01012754,465,97,368
S01012755,271,77,194
S01012756,508,166,342
S01012757,242,51,191
S01012758,329,77,252
S01012759,383,71,312
S01012760,371,77,294
S01012761,520,122,398
S01012762,500,129,371
S01012763,356,88,268
S01012764,494,145,349
S01012765,314,67,247
S01012766,349,40,309
S01012767,537,183,354
S01012768,616,220,396
S01012769,301,104,197
S01012770,405,131,274
S01012771,435,126,309
S01012772,562,119,443
S01012773,604,145,459
S01012774,463,119,344
S01012775,342,80,262
S01012776,490,106,384
S01012777,312,92,220
S01012778,327,78,249
S01012779,324,68,256
S01012780,332,74,258
S01012781,340,130,210
S01012782,404,51,353
S01012783,446,69,377
S01012784,443,99,344
S01012785,327,55,272
S01012786,343,67,276
S01012787,165,38,127
S01012788,519,138,381
S01012789,593,200,393
S01012790,273,151,122
S01012791,473,234,239
S01012792,525,225,300
S01012793,384,125,259
S01012794,134,69,65
S01012795,486,92,394
S01012796,219,34,185
S01012797,276,45,231
S01012798,441,256,185
S01012799,635,395,240
S01012800,483,311,172
S01012801,141,94,47
S01012802,350,212,138
S01012803,565,311,254
S01012804,409,116,293
S01012805,479,130,349
S01012806,503,195,308
S01012807,384,223,161
S01012808,449,211,238
S01012809,480,223,257
S01012810,440,134,306
S01012811,472,198,274
S01012812,545,207,338
S01012813,593,365,228
S01012814,530,230,300
S01012815,403,165,238
S01012816,233,84,149
S01012817,200,88,112
S01012818,529,249,280
S01012819,580,110,470
S01012820,395,149,246
S01012821,229,75,154
S01012822,355,89,266
S01012823,230,83,147
S01012824,484,111,373
S01012825,304,75,229
S01012826,291,70,221
S01012827,186,31,155
S01012828,352,115,237
S01012829,339,44,295
S01012830,344,90,254
S01012831,369,89,280
S01012832,295,79,216
S01012833,460,87,373
S01012834,370,110,260
S01012835,462,164,298
S01012836,29,7,22
S01012837,506,92,414
S01012838,409,55,354
S01012839,515,181,334
S01012840,264,99,165
S01012841,491,215,276
S01012842,645,197,448
S01012843,608,325,283
S01012844,541,349,192
S01012845,499,249,250
S01012846,456,141,315
S01012847,464,162,302
S01012848,330,158,172
S01012849,444,155,289
S01012850,431,87,344
S01012851,490,140,350
S01012852,619,330,289
S01012853,527,200,327
S01012854,640,316,324
S01012855,586,255,331
S01012856,406,118,288
S01012857,539,201,338
S01012858,427,99,328
S01012859,523,160,363
S01012860,405,166,239
S01012861,367,147,220
S01012862,341,80,261
S01012863,403,105,298
S01012864,375,81,294
S01012865,571,183,388
S01012866,498,150,348
S01012867,352,44,308
S01012868,346,82,264
S01012869,210,29,181
S01012870,502,150,352
S01012871,592,209,383
S01012872,540,159,381
S01012873,646,171,475
S01012874,421,125,296
S01012875,281,74,207
S01012876,417,78,339
S01012877,365,72,293
S01012878,570,262,308
S01012879,505,258,247
S01012880,562,309,253
S01012881,645,316,329
S01012882,350,74,276
S01012883,463,87,376
S01012884,232,99,133
S01012885,479,134,345
S01012886,515,269,246
S01012887,388,203,185
S01012888,473,275,198
S01012889,408,157,251
S01012890,341,86,255
S01012891,387,92,295
S01012892,531,105,426
S01012893,435,78,357
S01012894,141,63,78
S01012895,254,98,156
S01012896,617,183,434
S01012897,368,137,231
S01012898,131,50,81
S01012899,388,97,291
S01012900,423,183,240
S01012901,798,297,501
S01012902,622,199,423
S01012903,583,164,419
S01012904,592,166,426
S01012905,492,144,348
S01012906,651,283,368
S01012907,564,179,385
S01012908,544,132,412
S01012909,479,155,324
S01012910,658,180,478
S01012911,401,145,256
S01012912,521,147,374
S01012913,506,158,348
S01012914,479,123,356
S01012915,326,123,203
S01012916,551,235,316
S01012917,418,194,224
S01012918,459,153,306
S01012919,263,77,186
S01012920,391,230,161
S01012921,412,117,295
S01012922,416,142,274
S01012923,515,191,324
S01012924,396,149,247
S01012925,379,193,186
S01012926,470,171,299
S01012927,470,159,311
S01012928,545,197,348
S01012929,486,187,299
S01012930,366,159,207
S01012931,557,185,372
S01012932,338,162,176
S01012933,423,126,297
S01012934,391,114,277
S01012935,699,230,469
S01012936,392,179,213
S01012937,495,203,292
S01012938,531,319,212
S01012939,472,278,194
S01012940,546,271,275
S01012941,491,297,194
S01012942,437,119,318
S01012943,530,252,278
S01012944,458,262,196
S01012945,442,290,152
S01012946,467,236,231
S01012947,386,240,146
S01012948,707,343,364
S01012949,515,248,267
S01012950,492,287,205
S01012951,312,162,150
S01012952,323,190,133
S01012953,496,236,260
S01012954,316,124,192
S01012955,285,168,117
S01012956,480,166,314
S01012957,442,144,298
S01012958,353,92,261
S01012959,396,165,231
S01012960,424,163,261
S01012961,677,347,330
S01012962,624,310,314
S01012963,240,135,105
S01012964,174,101,73
S01012965,419,214,205
S01012966,617,265,352
S01012967,611,155,456
S01012968,552,137,415
S01012969,626,144,482
S01012970,526,153,373
S01012971,556,133,423
S01012972,431,108,323
S01012973,547,132,415
S01012974,591,134,457
S01012975,448,99,349
S01012976,440,99,341
S01012977,562,136,426
S01012978,587,132,455
S01012979,458,115,343
S01012980,484,129,355
S01012981,476,143,333
S01012982,514,136,378
S01012983,429,205,224
S01012984,425,128,297
S01012985,490,145,345
S01012986,535,130,405
S01012987,559,136,423
S01012988,518,169,349
S01012989,602,178,424
S01012990,554,160,394
S01012991,544,179,365
S01012992,485,159,326
S01012993,514,155,359
S01012994,501,178,323
S01012995,521,207,314
S01012996,534,127,407
S01012997,330,94,236
S01012998,506,104,402
S01012999,296,76,220
S01013000,628,186,442
S01013001,233,116,117
S01013002,382,206,176
S01013003,402,269,133
S01013004,548,334,214
S01013005,406,248,158
S01013006,387,232,155
S01013007,775,470,305
S01013008,604,359,245
S01013009,337,154,183
S01013010,282,151,131
S01013011,351,160,191
S01013012,454,164,290
S01013013,496,215,281
S01013014,439,166,273
S01013015,404,195,209
S01013016,497,291,206
S01013017,541,271,270
S01013018,603,311,292
S01013019,519,299,220
S01013020,532,242,290
S01013021,434,137,297
S01013022,216,108,108
S01013023,595,382,213
S01013024,363,192,171
S01013025,506,238,268
S01013026,390,72,318
S01013027,749,154,595
S01013028,320,99,221
S01013029,334,64,270
S01013030,447,81,366
S01013031,376,51,325
S01013032,334,84,250
S01013033,308,79,229
S01013034,446,71,375
S01013035,396,49,347
S01013036,475,64,411
S01013037,636,241,395
S01013038,644,217,427
S01013039,352,165,187
S01013040,377,109,268
S01013041,330,98,232
S01013042,401,108,293
S01013043,376,57,319
S01013044,595,96,499
S01013045,285,73,212
S01013046,402,103,299
S01013047,604,304,300
S01013048,901,368,533
S01013049,643,283,360
S01013050,551,189,362
S01013051,428,96,332
S01013052,356,99,257
S01013053,533,127,406
S01013054,555,173,382
S01013055,317,69,248
S01013056,566,94,472
S01013057,530,75,455
S01013058,208,105,103
S01013059,475,230,245
S01013060,246,144,102
S01013061,552,332,220
S01013062,442,295,147
S01013063,470,303,167
S01013064,535,114,421
S01013065,574,166,408
S01013066,432,130,302
S01013067,549,265,284
S01013068,586,231,355
S01013069,401,209,192
S01013070,438,182,256
S01013071,354,189,165
S01013072,357,73,284
S01013073,357,97,260
S01013074,558,78,480
S01013075,325,58,267
S01013076,206,87,119
S01013077,343,47,296
S01013078,345,68,277
S01013079,241,94,147
S01013080,479,246,233
S01013081,423,190,233
S01013082,700,316,384
S01013083,388,208,180
S01013084,531,248,283
S01013085,376,186,190
S01013086,564,354,210
S01013087,471,335,136
S01013088,496,333,163
S01013089,466,165,301
S01013090,515,301,214
S01013091,188,90,98
S01013092,525,237,288
S01013093,254,150,104
S01013094,471,317,154
S01013095,570,375,195
S01013096,317,135,182
S01013097,561,338,223
S01013098,67,25,42
S01013099,484,267,217
S01013100,477,302,175
S01013101,905,383,522
S01013102,448,271,177
S01013103,474,270,204
S01013104,641,357,284
S01013105,476,300,176
S01013106,518,214,304
S01013107,536,298,238
S01013108,375,151,224
S01013109,705,280,425
S01013110,377,148,229
S01013111,326,157,169
S01013112,348,119,229
S01013113,568,148,420
S01013114,729,226,503
S01013115,513,181,332
S01013116,559,266,293
S01013117,556,198,358
S01013118,727,278,449
S01013119,449,161,288
S01013120,655,167,488
S01013121,292,63,229
S01013122,399,111,288
S01013123,511,131,380
S01013124,602,156,446
S01013125,473,127,346
S01013126,380,75,305
S01013127,389,76,313
S01013128,495,148,347
S01013129,519,137,382
S01013130,454,99,355
S01013131,494,86,408
S01013132,315,51,264
S01013133,270,71,199
S01013134,403,132,271
S01013135,539,91,448
S01013136,621,116,505
S01013137,484,100,384
S01013138,422,73,349
S01013139,504,87,417
S01013140,528,130,398
S01013141,291,90,201
S01013142,374,87,287
S01013143,530,150,380
S01013144,432,105,327
S01013145,397,111,286
S01013146,255,53,202
S01013147,401,146,255
S01013148,546,160,386
S01013149,401,103,298
S01013150,455,111,344
S01013151,319,130,189
S01013152,551,179,372
S01013153,364,74,290
S01013154,632,164,468
S01013155,466,99,367
S01013156,477,77,400
S01013157,470,60,410
S01013158,419,174,245
S01013159,548,213,335
S01013160,668,230,438
S01013161,483,119,364
S01013162,504,115,389
S01013163,523,191,332
S01013164,437,149,288
S01013165,629,223,406
S01013166,330,83,247
S01013167,525,114,411
S01013168,525,100,425
S01013169,337,89,248
S01013170,548,118,430
S01013171,481,181,300
S01013172,491,165,326
S01013173,515,176,339
S01013174,697,318,379
S01013175,478,219,259
S01013176,546,208,338
S01013177,597,192,405
S01013178,356,126,230
S01013179,659,255,404
S01013180,304,128,176
S01013181,545,198,347
S01013182,369,94,275
S01013183,620,272,348
S01013184,312,57,255
S01013185,519,90,429
S01013186,378,61,317
S01013187,434,89,345
S01013188,555,189,366
S01013189,462,202,260
S01013190,340,93,247
S01013191,439,202,237
S01013192,542,223,319
S01013193,332,107,225
S01013194,605,181,424
S01013195,476,157,319
S01013196,490,187,303
S01013197,318,146,172
S01013198,421,137,284
S01013199,404,159,245
S01013200,465,185,280
S01013201,384,86,298
S01013202,304,86,218
S01013203,533,160,373
S01013204,603,213,390
S01013205,400,74,326
S01013206,498,112,386
S01013207,472,133,339
S01013208,259,66,193
S01013209,506,153,353
S01013210,512,193,319
S01013211,570,174,396
S01013212,510,218,292
S01013213,620,255,365
S01013214,275,99,176
S01013215,523,165,358
S01013216,502,98,404
S01013217,491,94,397
S01013218,438,83,355
S01013219,438,73,365
S01013220,434,80,354
S01013221,538,118,420
S01013222,235,56,179
S01013223,483,123,360
S01013224,638,173,465
S01013225,396,85,311
S01013226,177,50,127
S01013227,244,52,192
S01013228,557,159,398
S01013229,549,132,417
S01013230,477,114,363
S01013231,571,163,408
S01013232,367,73,294
S01013233,327,111,216
S01013234,248,98,150
S01013235,616,205,411
S01013236,616,246,370
S01013237,520,181,339
S01013238,433,77,356
S01013239,452,68,384
S01013240,329,58,271
S01013241,557,253,304
S01013242,425,167,258
S01013243,436,102,334
S01013244,610,113,497
S01013245,489,132,357
S01013246,236,54,182
S01013247,461,69,392
S01013248,355,46,309
S01013249,503,125,378
S01013250,677,263,414
S01013251,420,71,349
S01013252,545,148,397
S01013253,466,117,349
S01013254,459,93,366
S01013255,515,118,397
S01013256,409,148,261
S01013257,492,177,315
S01013258,564,241,323
S01013259,855,270,585
S01013260,484,93,391
S01013261,677,143,534
S01013262,462,113,349
S01013263,339,202,137
S01013264,181,99,82
S01013265,257,145,112
S01013266,204,111,93
S01013267,403,166,237
S01013268,711,179,532
S01013269,693,337,356
S01013270,421,241,180
S01013271,615,383,232
S01013272,585,380,205
S01013273,302,205,97
S01013274,666,313,353
S01013275,748,321,427
S01013276,630,224,406
S01013277,553,138,415
S01013278,516,126,390
S01013279,487,90,397
S01013280,488,129,359
S01013281,547,145,402
S01013282,456,71,385
S01013283,480,98,382
S01013284,465,204,261
S01013285,498,221,277
S01013286,542,189,353
S01013287,510,277,233
S01013288,443,184,259
S01013289,613,300,313
S01013290,728,277,451
S01013291,680,220,460
S01013292,527,182,345
S01013293,571,263,308
S01013294,549,197,352
S01013295,602,226,376
S01013296,515,127,388
S01013297,601,147,454
S01013298,421,137,284
S01013299,479,110,369
S01013300,426,101,325
S01013301,397,87,310
S01013302,407,147,260
S01013303,748,222,526
S01013304,576,117,459
S01013305,492,107,385
S01013306,556,97,459
S01013307,670,138,532
S01013308,337,63,274
S01013309,539,263,276
S01013310,388,88,300
S01013311,568,109,459
S01013312,953,255,698
S01013313,377,86,291
S01013314,511,120,391
S01013315,205,91,114
S01013316,458,237,221
S01013317,458,220,238
S01013318,446,252,194
S01013319,475,222,253
S01013320,371,225,146
S01013321,229,61,168
S01013322,424,148,276
S01013323,495,120,375
S01013324,590,121,469
S01013325,394,95,299
S01013326,525,102,423
S01013327,515,96,419
S01013328,386,58,328
S01013329,319,75,244
S01013330,413,200,213
S01013331,397,203,194
S01013332,493,111,382
S01013333,701,246,455
S01013334,452,90,362
S01013335,518,110,408
S01013336,615,167,448
S01013337,690,269,421
S01013338,232,86,146
S01013339,571,232,339
S01013340,870,447,423
S01013341,499,318,181
S01013342,451,87,364
S01013343,397,102,295
S01013344,355,68,287
S01013345,565,144,421
S01013346,446,245,201
S01013347,542,237,305
S01013348,323,183,140
S01013349,108,27,81
S01013350,364,90,274
S01013351,497,137,360
S01013352,632,147,485
S01013353,674,169,505
S01013354,439,152,287
S01013355,560,184,376
S01013356,463,82,381
S01013357,314,125,189
S01013358,434,84,350
S01013359,331,81,250
S01013360,378,58,320
S01013361,477,86,391
S01013362,297,51,246
S01013363,565,72,493
S01013364,414,116,298
S01013365,704,260,444
S01013366,413,153,260
S01013367,361,153,208
S01013368,496,129,367
S01013369,460,79,381
S01013370,479,95,384
S01013371,454,102,352
S01013372,512,53,459
S01013373,625,116,509
S01013374,454,96,358
S01013375,386,58,328
S01013376,370,72,298
S01013377,438,81,357
S01013378,558,136,422
S01013379,677,163,514
S01013380,286,73,213
S01013381,400,66,334
S01013382,401,100,301
S01013383,397,76,321
S01013384,612,151,461
S01013385,397,101,296
S01013386,545,198,347
S01013387,346,69,277
S01013388,398,102,296
S01013389,689,159,530
S01013390,336,49,287
S01013391,583,184,399
S01013392,229,67,162
S01013393,565,120,445
S01013394,412,90,322
S01013395,426,62,364
S01013396,177,36,141
S01013397,509,125,384
S01013398,213,87,126
S01013399,283,73,210
S01013400,328,75,253
S01013401,91,45,46
S01013402,44,5,39
S01013403,61,37,24
S01013404,266,121,145
S01013405,371,134,237
S01013406,395,69,326
S01013407,451,96,355
S01013408,399,105,294
S01013409,540,149,391
S01013410,255,21,234
S01013411,441,201,240
S01013412,451,172,279
S01013413,408,181,227
S01013414,331,109,222
S01013415,401,94,307
S01013416,282,48,234
S01013417,401,130,271
S01013418,331,74,257
S01013419,372,172,200
S01013420,494,175,319
S01013421,280,112,168
S01013422,553,112,441
S01013423,513,196,317
S01013424,532,229,303
S01013425,286,115,171
S01013426,473,80,393
S01013427,139,73,66
S01013428,488,143,345
S01013429,663,143,520
S01013430,483,120,363
S01013431,496,117,379
S01013432,497,184,313
S01013433,440,208,232
S01013434,290,148,142
S01013435,467,341,126
S01013436,487,157,330
S01013437,407,147,260
S01013438,392,151,241
S01013439,570,366,204
S01013440,760,493,267
S01013441,459,307,152
S01013442,569,281,288
S01013443,302,149,153
S01013444,626,303,323
S01013445,304,214,90
S01013446,408,125,283
S01013447,313,231,82
S01013448,595,354,241
S01013449,518,269,249
S01013450,546,321,225
S01013451,534,353,181
S01013452,388,213,175
S01013453,515,126,389
S01013454,439,180,259
S01013455,308,121,187
S01013456,633,205,428
S01013457,527,90,437
S01013458,554,151,403
S01013459,504,126,378
S01013460,535,94,441
S01013461,530,141,389
S01013462,605,227,378
S01013463,318,50,268
S01013464,490,183,307
S01013465,521,165,356
S01013466,193,86,107
S01013467,237,69,168
S01013468,355,116,239
S01013469,609,249,360
S01013470,462,89,373
S01013471,581,127,454
S01013472,256,103,153
S01013473,193,93,100
S01013474,319,141,178
S01013475,547,208,339
S01013476,389,137,252
S01013477,539,150,389
S01013478,481,163,318
S01013479,592,147,445
S01013480,333,67,266
S01013481,251,72,179
