dz_2011,total,higher,lower
S01006506,620,291,329
S01006507,694,230,464
S01006508,671,301,370
S01006509,475,137,338
S01006510,467,177,290
S01006511,655,327,328
S01006512,227,126,101
S01006513,717,409,308
S01006514,745,483,262
S01006515,708,439,269
S01006516,611,339,272
S01006517,641,369,272
S01006518,595,369,226
S01006519,540,299,241
S01006520,523,361,162
S01006521,497,327,170
S01006522,361,257,104
S01006523,910,602,308
S01006524,733,418,315
S01006525,779,461,318
S01006526,822,250,572
S01006527,769,196,573
S01006528,630,163,467
S01006529,657,237,420
S01006530,684,175,509
S01006531,745,171,574
S01006532,639,324,315
S01006533,578,368,210
S01006534,609,387,222
S01006535,806,459,347
S01006536,1012,557,455
S01006537,564,304,260
S01006538,442,243,199
S01006539,622,371,251
S01006540,833,453,380
S01006541,578,314,264
S01006542,650,395,255
S01006543,677,385,292
S01006544,1008,624,384
S01006545,808,449,359
S01006546,758,456,302
S01006547,925,412,513
S01006548,462,275,187
S01006549,619,345,274
S01006550,745,437,308
S01006551,647,254,393
S01006552,920,462,458
S01006553,618,263,355
S01006554,646,235,411
S01006555,693,209,484
S01006556,611,156,455
S01006557,539,153,386
S01006558,604,396,208
S01006559,444,319,125
S01006560,618,411,207
S01006561,552,360,192
S01006562,641,357,284
S01006563,680,402,278
S01006564,779,342,437
S01006565,774,334,440
S01006566,594,337,257
S01006567,743,299,444
S01006568,847,512,335
S01006569,518,309,209
S01006570,610,403,207
S01006571,855,570,285
S01006572,874,587,287
S01006573,460,328,132
S01006574,655,456,199
S01006575,767,471,296
S01006576,614,379,235
S01006577,654,392,262
S01006578,1284,704,580
S01006579,1020,566,454
S01006580,631,383,248
S01006581,907,568,339
S01006582,483,224,259
S01006583,747,404,343
S01006584,614,369,245
S01006585,579,197,382
S01006586,619,271,348
S01006587,462,199,263
S01006588,521,236,285
S01006589,834,289,545
S01006590,470,218,252
S01006591,661,325,336
S01006592,510,298,212
S01006593,679,383,296
S01006594,569,281,288
S01006595,790,449,341
S01006596,659,387,272
S01006597,598,327,271
S01006598,943,578,365
S01006599,775,328,447
S01006600,927,464,463
S01006601,733,365,368
S01006602,657,414,243
S01006603,881,234,647
S01006604,640,155,485
S01006605,584,129,455
S01006606,835,267,568
S01006607,874,196,678
S01006608,1058,421,637
S01006609,911,182,729
S01006610,460,79,381
S01006611,714,150,564
S01006612,697,212,485
S01006613,317,122,195
S01006614,627,274,353
S01006615,274,103,171
S01006616,584,196,388
S01006617,716,229,487
S01006618,421,148,273
S01006619,700,212,488
S01006620,790,240,550
S01006621,558,175,383
S01006622,511,192,319
S01006623,950,208,742
S01006624,736,162,574
S01006625,606,137,469
S01006626,602,102,500
S01006627,682,168,514
S01006628,1064,258,806
S01006629,575,95,480
S01006630,520,71,449
S01006631,771,207,564
S01006632,669,124,545
S01006633,577,75,502
S01006634,512,68,444
S01006635,651,118,533
S01006636,659,87,572
S01006637,494,178,316
S01006638,723,240,483
S01006639,599,197,402
S01006640,508,259,249
S01006641,854,346,508
S01006642,458,194,264
S01006643,712,306,406
S01006644,598,236,362
S01006645,671,223,448
S01006646,519,208,311
S01006647,414,114,300
S01006648,837,289,548
S01006649,804,294,510
S01006650,869,341,528
S01006651,445,152,293
S01006652,479,214,265
S01006653,530,286,244
S01006654,589,168,421
S01006655,471,242,229
S01006656,713,318,395
S01006657,369,140,229
S01006658,645,222,423
S01006659,437,190,247
S01006660,426,106,320
S01006661,402,169,233
S01006662,358,88,270
S01006663,435,227,208
S01006664,229,107,122
S01006665,366,154,212
S01006666,1084,271,813
S01006667,792,156,636
S01006668,390,186,204
S01006669,555,172,383
S01006670,369,129,240
S01006671,349,139,210
S01006672,423,110,313
S01006673,512,158,354
S01006674,632,98,534
S01006675,453,63,390
S01006676,556,97,459
S01006677,454,86,368
S01006678,812,117,695
S01006679,727,221,506
S01006680,609,83,526
S01006681,692,199,493
S01006682,568,115,453
S01006683,754,213,541
S01006684,623,138,485
S01006685,616,176,440
S01006686,632,134,498
S01006687,673,188,485
S01006688,672,214,458
S01006689,424,237,187
S01006690,486,226,260
S01006691,551,247,304
S01006692,556,271,285
S01006693,830,285,545
S01006694,705,133,572
S01006695,489,126,363
S01006696,690,145,545
S01006697,746,161,585
S01006698,590,166,424
S01006699,516,160,356
S01006700,826,301,525
S01006701,645,127,518
S01006702,643,100,543
S01006703,490,100,390
S01006704,522,88,434
S01006705,640,109,531
S01006706,521,114,407
S01006707,432,85,347
S01006708,576,128,448
S01006709,798,140,658
S01006710,744,179,565
S01006711,780,176,604
S01006712,429,99,330
S01006713,615,95,520
S01006714,600,125,475
S01006715,615,93,522
S01006716,423,85,338
S01006717,706,116,590
S01006718,407,63,344
S01006719,694,148,546
S01006720,512,105,407
S01006721,638,125,513
S01006722,569,110,459
S01006723,675,145,530
S01006724,745,101,644
S01006725,645,105,540
S01006726,765,106,659
S01006727,760,116,644
S01006728,582,143,439
S01006729,604,95,509
S01006730,545,114,431
S01006731,368,66,302
S01006732,913,428,485
S01006733,564,320,244
S01006734,741,385,356
S01006735,593,339,254
S01006736,858,468,390
S01006737,692,341,351
S01006738,639,212,427
S01006739,474,179,295
S01006740,716,207,509
S01006741,527,113,414
S01006742,308,72,236
S01006743,768,249,519
S01006744,508,166,342
S01006745,710,184,526
S01006746,530,120,410
S01006747,733,303,430
S01006748,829,302,527
S01006749,933,248,685
S01006750,538,137,401
S01006751,330,97,233
S01006752,566,141,425
S01006753,650,251,399
S01006754,864,337,527
S01006755,710,304,406
S01006756,648,335,313
S01006757,904,369,535
S01006758,539,229,310
S01006759,913,451,462
S01006760,436,176,260
S01006761,727,276,451
S01006762,645,245,400
S01006763,761,324,437
S01006764,604,237,367
S01006765,565,218,347
S01006766,433,203,230
S01006767,578,178,400
S01006768,434,198,236
S01006769,931,327,604
S01006770,509,172,337
S01006771,388,158,230
S01006772,934,360,574
S01006773,472,166,306
S01006774,578,222,356
S01006775,566,186,380
S01006776,450,103,347
S01006777,700,255,445
S01006778,648,195,453
S01006779,685,152,533
S01006780,594,169,425
S01006781,674,234,440
S01006782,737,306,431
S01006783,466,161,305
S01006784,532,227,305
S01006785,523,222,301
S01006786,777,328,449
S01006787,717,272,445
S01006788,446,190,256
S01006789,649,214,435
S01006790,638,198,440
S01006791,362,117,245
S01006792,491,177,314
S01006793,452,125,327
S01006794,553,220,333
S01006795,509,254,255
S01006796,522,200,322
S01006797,521,250,271
S01006798,504,191,313
S01006799,686,240,446
S01006800,644,335,309
S01006801,948,395,553
S01006802,456,144,312
S01006803,513,158,355
S01006804,891,341,550
S01006805,896,327,569
S01006806,789,285,504
S01006807,439,145,294
S01006808,681,290,391
S01006809,641,210,431
S01006810,703,266,437
S01006811,728,308,420
S01006812,600,227,373
S01006813,679,241,438
S01006814,737,353,384
S01006815,493,160,333
S01006816,647,239,408
S01006817,592,227,365
S01006818,509,207,302
S01006819,827,422,405
S01006820,454,230,224
S01006821,810,347,463
S01006822,529,227,302
S01006823,591,282,309
S01006824,469,91,378
S01006825,738,233,505
S01006826,851,381,470
S01006827,706,256,450
S01006828,722,270,452
S01006829,448,232,216
S01006830,430,147,283
S01006831,896,373,523
S01006832,698,354,344
S01006833,483,259,224
S01006834,224,124,100
S01006835,877,378,499
S01006836,345,182,163
S01006837,656,306,350
S01006838,688,276,412
S01006839,667,246,421
S01006840,823,398,425
S01006841,931,373,558
S01006842,718,279,439
S01006843,680,223,457
S01006844,519,173,346
S01006845,742,296,446
S01006846,612,195,417
S01006847,531,209,322
S01006848,900,419,481
S01006849,887,340,547
S01006850,804,257,547
S01006851,534,143,391
S01006852,433,176,257
S01006853,645,354,291
S01006854,1110,504,606
S01006855,535,267,268
S01006856,643,274,369
S01006857,748,306,442
S01006858,453,214,239
S01006859,928,472,456
S01006860,461,141,320
S01006861,548,281,267
S01006862,652,255,397
S01006863,833,363,470
S01006864,106,29,77
S01006865,660,306,354
S01006866,431,246,185
S01006867,793,459,334
S01006868,576,215,361
S01006869,408,144,264
S01006870,412,206,206
S01006871,600,315,285
S01006872,1047,540,507
S01006873,736,373,363
S01006874,406,171,235
S01006875,628,212,416
S01006876,732,261,471
S01006877,749,317,432
S01006878,663,202,461
S01006879,753,281,472
S01006880,547,277,270
S01006881,410,170,240
S01006882,516,141,375
S01006883,429,178,251
S01006884,685,221,464
S01006885,521,225,296
S01006886,536,260,276
S01006887,596,255,341
S01006888,642,260,382
S01006889,451,149,302
S01006890,721,318,403
S01006891,456,206,250
S01006892,406,115,291
S01006893,665,164,501
S01006894,388,124,264
S01006895,353,89,264
S01006896,548,210,338
S01006897,735,268,467
S01006898,405,141,264
S01006899,357,169,188
S01006900,330,112,218
S01006901,586,170,416
S01006902,459,151,308
S01006903,636,182,454
S01006904,349,116,233
S01006905,680,257,423
S01006906,619,139,480
S01006907,510,151,359
S01006908,660,183,477
S01006909,315,155,160
S01006910,350,175,175
S01006911,1229,613,616
S01006912,191,85,106
S01006913,1311,667,644
S01006914,584,242,342
S01006915,599,259,340
S01006916,266,108,158
S01006917,917,463,454
S01006918,1154,566,588
S01006919,462,169,293
S01006920,536,227,309
S01006921,690,336,354
S01006922,1299,619,680
S01006923,922,438,484
S01006924,509,215,294
S01006925,348,150,198
S01006926,1177,596,581
S01006927,245,78,167
S01006928,1902,876,1026
S01006929,1182,650,532
S01006930,513,282,231
S01006931,1234,664,570
S01006932,540,265,275
S01006933,592,277,315
S01006934,1090,569,521
S01006935,616,305,311
S01006936,483,229,254
S01006937,550,249,301
S01006938,574,245,329
S01006939,442,215,227
S01006940,699,347,352
S01006941,865,392,473
S01006942,1392,731,661
S01006943,1121,601,520
S01006944,61,20,41
S01006945,650,311,339
S01006946,938,467,471
S01006947,975,480,495
S01006948,1012,457,555
S01006949,535,277,258
S01006950,496,226,270
S01006951,908,376,532
S01006952,1093,438,655
S01006953,1058,491,567
S01006954,1206,551,655
S01006955,422,152,270
S01006956,1033,497,536
S01006957,1119,506,613
S01006958,703,294,409
S01006959,528,201,327
S01006960,1422,701,721
S01006961,1462,704,758
S01006962,630,236,394
S01006963,700,299,401
S01006964,653,224,429
S01006965,360,152,208
S01006966,488,150,338
S01006967,519,197,322
S01006968,748,241,507
S01006969,693,241,452
S01006970,417,165,252
S01006971,687,247,440
S01006972,371,146,225
S01006973,456,208,248
S01006974,968,463,505
S01006975,851,315,536
S01006976,1629,785,844
S01006977,1878,864,1014
S01006978,607,248,359
S01006979,987,415,572
S01006980,476,207,269
S01006981,574,231,343
S01006982,802,309,493
S01006983,683,283,400
S01006984,700,355,345
S01006985,929,340,589
S01006986,489,191,298
S01006987,699,329,370
S01006988,515,219,296
S01006989,594,272,322
S01006990,642,315,327
S01006991,423,130,293
S01006992,648,267,381
S01006993,535,188,347
S01006994,490,192,298
S01006995,800,294,506
S01006996,630,186,444
S01006997,527,242,285
S01006998,851,339,512
S01006999,624,173,451
S01007000,997,350,647
S01007001,910,370,540
S01007002,473,139,334
S01007003,425,129,296
S01007004,740,245,495
S01007005,724,308,416
S01007006,711,194,517
S01007007,582,161,421
S01007008,563,137,426
S01007009,910,248,662
S01007010,547,184,363
S01007011,703,137,566
S01007012,575,79,496
S01007013,858,249,609
S01007014,933,296,637
S01007015,520,141,379
S01007016,423,134,289
S01007017,685,123,562
S01007018,824,190,634
S01007019,718,148,570
S01007020,877,241,636
S01007021,912,210,702
S01007022,574,163,411
S01007023,465,120,345
S01007024,806,211,595
S01007025,790,183,607
S01007026,686,181,505
S01007027,871,221,650
S01007028,992,287,705
S01007029,463,119,344
S01007030,674,144,530
S01007031,419,113,306
S01007032,730,209,521
S01007033,715,153,562
S01007034,673,170,503
S01007035,605,89,516
S01007036,700,226,474
S01007037,774,154,620
S01007038,578,131,447
S01007039,631,132,499
S01007040,839,165,674
S01007041,602,142,460
S01007042,646,164,482
S01007043,800,253,547
S01007044,707,177,530
S01007045,685,177,508
S01007046,439,113,326
S01007047,738,197,541
S01007048,952,212,740
S01007049,721,152,569
S01007050,706,205,501
S01007051,712,205,507
S01007052,407,98,309
S01007053,551,173,378
S01007054,760,190,570
S01007055,374,109,265
S01007056,615,194,421
S01007057,591,186,405
S01007058,497,106,391
S01007059,888,249,639
S01007060,397,68,329
S01007061,822,340,482
S01007062,562,212,350
S01007063,1056,325,731
S01007064,555,181,374
S01007065,676,294,382
S01007066,467,150,317
S01007067,930,331,599
S01007068,477,155,322
S01007069,642,147,495
S01007070,538,115,423
S01007071,884,312,572
S01007072,1065,290,775
S01007073,1106,263,843
S01007074,799,194,605
S01007075,615,101,514
S01007076,746,168,578
S01007077,535,120,415
S01007078,652,120,532
S01007079,830,184,646
S01007080,491,105,386
S01007081,699,125,574
S01007082,456,89,367
S01007083,608,80,528
S01007084,585,133,452
S01007085,801,170,631
S01007086,875,130,745
S01007087,633,91,542
S01007088,423,49,374
S01007089,381,127,254
S01007090,391,99,292
S01007091,871,247,624
S01007092,413,78,335
S01007093,702,201,501
S01007094,1482,406,1076
S01007095,525,169,356
S01007096,789,273,516
S01007097,1434,405,1029
S01007098,1064,323,741
S01007099,604,171,433
S01007100,617,193,424
S01007101,908,203,705
S01007102,605,164,441
S01007103,551,121,430
S01007104,353,85,268
S01007105,427,120,307
S01007106,626,146,480
S01007107,523,149,374
S01007108,793,188,605
S01007109,1008,201,807
S01007110,683,165,518
S01007111,367,78,289
S01007112,670,159,511
S01007113,488,172,316
S01007114,601,131,470
S01007115,475,130,345
S01007116,843,237,606
S01007117,398,127,271
S01007118,563,95,468
S01007119,651,101,550
S01007120,816,136,680
S01007121,507,75,432
S01007122,410,123,287
S01007123,631,105,526
S01007124,730,147,583
S01007125,548,92,456
S01007126,662,73,589
S01007127,704,83,621
S01007128,634,90,544
S01007129,635,387,248
S01007130,468,201,267
S01007131,753,358,395
S01007132,464,207,257
S01007133,464,181,283
S01007134,587,216,371
S01007135,530,281,249
S01007136,445,223,222
S01007137,536,274,262
S01007138,640,316,324
S01007139,528,172,356
S01007140,714,317,397
S01007141,798,378,420
S01007142,133,70,63
S01007143,758,344,414
S01007144,1591,617,974
S01007145,576,244,332
S01007146,541,236,305
S01007147,574,268,306
S01007148,364,164,200
S01007149,607,232,375
S01007150,456,212,244
S01007151,782,347,435
S01007152,505,245,260
S01007153,603,268,335
S01007154,611,266,345
S01007155,464,178,286
S01007156,761,234,527
S01007157,613,166,447
S01007158,705,244,461
S01007159,619,168,451
S01007160,643,182,461
S01007161,774,243,531
S01007162,383,150,233
S01007163,685,242,443
S01007164,505,200,305
S01007165,610,285,325
S01007166,723,316,407
S01007167,557,250,307
S01007168,686,294,392
S01007169,559,236,323
S01007170,547,201,346
S01007171,757,217,540
S01007172,908,335,573
S01007173,368,128,240
S01007174,572,189,383
S01007175,508,152,356
S01007176,684,178,506
S01007177,505,112,393
S01007178,643,117,526
S01007179,931,361,570
S01007180,635,257,378
S01007181,690,276,414
S01007182,858,293,565
S01007183,872,226,646
S01007184,711,188,523
S01007185,571,130,441
S01007186,487,87,400
S01007187,545,131,414
S01007188,560,146,414
S01007189,543,123,420
S01007190,584,142,442
S01007191,483,89,394
S01007192,518,116,402
S01007193,555,88,467
S01007194,347,53,294
S01007195,667,165,502
S01007196,580,151,429
S01007197,412,82,330
S01007198,299,61,238
S01007199,629,104,525
S01007200,599,134,465
S01007201,696,167,529
S01007202,502,104,398
S01007203,570,142,428
S01007204,766,292,474
S01007205,597,205,392
S01007206,261,82,179
S01007207,727,239,488
S01007208,629,149,480
S01007209,531,158,373
S01007210,693,158,535
S01007211,628,154,474
S01007212,575,179,396
S01007213,582,199,383
S01007214,677,166,511
S01007215,647,191,456
S01007216,518,183,335
S01007217,767,201,566
S01007218,687,282,405
S01007219,751,181,570
S01007220,512,106,406
S01007221,701,282,419
S01007222,738,198,540
S01007223,449,186,263
S01007224,483,183,300
S01007225,845,329,516
S01007226,699,272,427
S01007227,1036,363,673
S01007228,554,184,370
S01007229,872,299,573
S01007230,806,160,646
S01007231,480,84,396
S01007232,437,67,370
S01007233,535,148,387
S01007234,373,97,276
S01007235,725,187,538
S01007236,698,217,481
S01007237,518,148,370
S01007238,688,203,485
S01007239,925,353,572
S01007240,410,133,277
S01007241,820,279,541
S01007242,759,274,485
S01007243,966,378,588
S01007244,527,191,336
S01007245,543,162,381
S01007246,626,201,425
S01007247,770,268,502
S01007248,733,277,456
S01007249,384,137,247
S01007250,565,180,385
S01007251,541,151,390
S01007252,592,143,449
S01007253,552,203,349
S01007254,591,159,432
S01007255,621,102,519
S01007256,595,147,448
S01007257,567,141,426
S01007258,532,161,371
S01007259,657,141,516
S01007260,715,131,584
S01007261,740,264,476
S01007262,468,92,376
S01007263,757,192,565
S01007264,555,172,383
S01007265,748,164,584
S01007266,576,175,401
S01007267,433,163,270
S01007268,412,157,255
S01007269,435,182,253
S01007270,316,109,207
S01007271,766,223,543
S01007272,722,168,554
S01007273,503,152,351
S01007274,575,180,395
S01007275,458,188,270
S01007276,734,259,475
S01007277,616,271,345
S01007278,645,263,382
S01007279,468,175,293
S01007280,465,151,314
S01007281,840,235,605
S01007282,373,110,263
S01007283,642,266,376
S01007284,566,170,396
S01007285,807,241,566
S01007286,1024,311,713
S01007287,455,128,327
S01007288,487,152,335
S01007289,718,257,461
S01007290,670,197,473
S01007291,407,108,299
S01007292,553,176,377
S01007293,696,140,556
S01007294,719,181,538
S01007295,439,86,353
S01007296,414,120,294
S01007297,869,316,553
S01007298,361,91,270
S01007299,694,191,503
S01007300,438,77,361
S01007301,614,226,388
S01007302,542,146,396
S01007303,747,277,470
S01007304,472,164,308
S01007305,706,260,446
S01007306,868,324,544
S01007307,768,261,507
S01007308,653,206,447
S01007309,606,228,378
S01007310,604,218,386
S01007311,677,167,510
S01007312,578,233,345
S01007313,710,309,401
S01007314,624,246,378
S01007315,646,254,392
S01007316,775,250,525
S01007317,738,302,436
S01007318,406,113,293
S01007319,599,217,382
S01007320,621,264,357
S01007321,454,163,291
S01007322,585,171,414
S01007323,324,79,245
S01007324,241,92,149
S01007325,568,166,402
S01007326,711,191,520
S01007327,585,147,438
S01007328,736,157,579
S01007329,459,133,326
S01007330,543,178,365
S01007331,746,190,556
S01007332,410,113,297
S01007333,767,242,525
S01007334,610,105,505
S01007335,581,98,483
S01007336,498,114,384
S01007337,423,87,336
S01007338,721,144,577
S01007339,564,200,364
S01007340,455,139,316
S01007341,560,176,384
S01007342,577,243,334
S01007343,455,118,337
S01007344,388,111,277
S01007345,414,80,334
S01007346,554,97,457
S01007347,713,141,572
S01007348,465,66,399
S01007349,427,92,335
S01007350,457,117,340
S01007351,450,142,308
S01007352,389,140,249
S01007353,526,198,328
S01007354,536,203,333
S01007355,932,325,607
S01007356,507,204,303
S01007357,546,188,358
S01007358,1079,371,708
S01007359,625,173,452
S01007360,627,212,415
S01007361,665,231,434
S01007362,723,240,483
S01007363,639,182,457
S01007364,642,123,519
S01007365,289,77,212
S01007366,334,64,270
S01007367,422,92,330
S01007368,390,94,296
S01007369,761,196,565
S01007370,644,175,469
S01007371,615,176,439
S01007372,798,295,503
S01007373,496,209,287
S01007374,570,234,336
S01007375,321,143,178
S01007376,634,173,461
S01007377,469,209,260
S01007378,1477,511,966
S01007379,604,197,407
S01007380,557,181,376
S01007381,313,176,137
S01007382,668,311,357
S01007383,533,258,275
S01007384,703,319,384
S01007385,802,348,454
S01007386,540,321,219
S01007387,590,343,247
S01007388,511,252,259
S01007389,448,165,283
S01007390,420,130,290
S01007391,467,228,239
S01007392,318,164,154
S01007393,567,326,241
S01007394,429,222,207
S01007395,725,237,488
S01007396,741,244,497
S01007397,625,305,320
S01007398,499,87,412
S01007399,523,107,416
S01007400,552,210,342
S01007401,503,189,314
S01007402,481,204,277
S01007403,566,284,282
S01007404,401,140,261
S01007405,556,291,265
S01007406,675,375,300
S01007407,721,369,352
S01007408,570,213,357
S01007409,459,131,328
S01007410,588,83,505
S01007411,627,110,517
S01007412,365,68,297
S01007413,694,233,461
S01007414,565,253,312
S01007415,560,98,462
S01007416,327,43,284
S01007417,147,27,120
S01007418,600,144,456
S01007419,600,84,516
S01007420,3146,1193,1953
S01007421,961,453,508
S01007422,526,173,353
S01007423,255,68,187
S01007424,562,241,321
S01007425,642,236,406
S01007426,527,148,379
S01007427,498,105,393
S01007428,690,194,496
S01007429,613,200,413
S01007430,389,125,264
S01007431,492,188,304
S01007432,584,156,428
S01007433,763,237,526
S01007434,398,72,326
S01007435,556,177,379
S01007436,671,178,493
S01007437,388,119,269
S01007438,470,116,354
S01007439,627,178,449
S01007440,515,155,360
S01007441,479,183,296
S01007442,636,307,329
S01007443,607,304,303
S01007444,925,515,410
S01007445,477,292,185
S01007446,464,287,177
S01007447,489,251,238
S01007448,820,285,535
S01007449,758,193,565
S01007450,835,225,610
S01007451,428,107,321
S01007452,899,325,574
S01007453,70,14,56
S01007454,352,68,284
S01007455,537,110,427
S01007456,650,99,551
S01007457,673,172,501
S01007458,527,169,358
S01007459,606,172,434
S01007460,629,123,506
S01007461,597,93,504
S01007462,687,177,510
S01007463,639,76,563
S01007464,646,69,577
S01007465,444,60,384
S01007466,752,137,615
S01007467,664,163,501
S01007468,805,237,568
S01007469,377,83,294
S01007470,411,94,317
S01007471,307,79,228
S01007472,710,133,577
S01007473,609,180,429
S01007474,541,207,334
S01007475,374,116,258
S01007476,496,170,326
S01007477,516,194,322
S01007478,722,288,434
S01007479,290,98,192
S01007480,908,305,603
S01007481,687,246,441
S01007482,415,102,313
S01007483,640,127,513
S01007484,548,102,446
S01007485,512,85,427
S01007486,477,73,404
S01007487,778,136,642
S01007488,766,192,574
S01007489,550,108,442
S01007490,763,110,653
S01007491,691,126,565
S01007492,479,96,383
S01007493,722,141,581
S01007494,510,113,397
S01007495,591,147,444
S01007496,805,229,576
S01007497,389,59,330
S01007498,694,132,562
S01007499,570,107,463
S01007500,527,107,420
S01007501,490,131,359
S01007502,461,112,349
S01007503,755,181,574
S01007504,812,206,606
S01007505,356,89,267
S01007506,353,108,245
S01007507,1021,244,777
S01007508,509,114,395
S01007509,512,142,370
S01007510,658,157,501
S01007511,756,149,607
S01007512,361,112,249
S01007513,853,175,678
S01007514,430,109,321
S01007515,462,188,274
S01007516,532,106,426
S01007517,352,99,253
S01007518,680,134,546
S01007519,362,121,241
S01007520,636,149,487
S01007521,470,155,315
S01007522,732,224,508
S01007523,365,121,244
S01007524,672,180,492
S01007525,358,83,275
S01007526,591,155,436
S01007527,987,292,695
S01007528,640,157,483
S01007529,583,205,378
S01007530,365,110,255
S01007531,515,160,355
S01007532,399,110,289
S01007533,569,142,427
S01007534,950,216,734
S01007535,609,163,446
S01007536,675,151,524
S01007537,1041,258,783
S01007538,692,181,511
S01007539,529,189,340
S01007540,560,115,445
S01007541,801,210,591
S01007542,639,141,498
S01007543,887,176,711
S01007544,809,305,504
S01007545,1026,314,712
S01007546,452,145,307
S01007547,394,127,267
S01007548,655,186,469
S01007549,513,154,359
S01007550,833,277,556
S01007551,912,297,615
S01007552,677,118,559
S01007553,681,92,589
S01007554,560,63,497
S01007555,535,130,405
S01007556,467,65,402
S01007557,698,91,607
S01007558,342,99,243
S01007559,560,186,374
S01007560,780,212,568
S01007561,722,186,536
S01007562,579,184,395
S01007563,742,272,470
S01007564,882,315,567
S01007565,798,228,570
S01007566,570,163,407
S01007567,414,146,268
S01007568,535,190,345
S01007569,868,307,561
S01007570,758,251,507
S01007571,378,156,222
S01007572,1121,394,727
S01007573,57,9,48
S01007574,1537,422,1115
S01007575,538,79,459
S01007576,592,76,516
S01007577,547,73,474
S01007578,500,46,454
S01007579,385,67,318
S01007580,567,75,492
S01007581,398,53,345
S01007582,560,100,460
S01007583,793,119,674
S01007584,623,136,487
S01007585,697,180,517
S01007586,701,168,533
S01007587,547,173,374
S01007588,586,277,309
S01007589,756,263,493
S01007590,415,198,217
S01007591,812,253,559
S01007592,778,181,597
S01007593,771,259,512
S01007594,565,179,386
S01007595,731,244,487
S01007596,499,144,355
S01007597,442,165,277
S01007598,778,293,485
S01007599,551,209,342
S01007600,708,323,385
S01007601,469,173,296
S01007602,688,250,438
S01007603,666,282,384
S01007604,718,292,426
S01007605,832,294,538
S01007606,427,161,266
S01007607,658,235,423
S01007608,665,250,415
S01007609,646,154,492
S01007610,473,114,359
S01007611,758,176,582
S01007612,707,172,535
S01007613,691,288,403
S01007614,755,361,394
S01007615,908,324,584
S01007616,609,156,453
S01007617,462,87,375
S01007618,470,95,375
S01007619,493,76,417
S01007620,614,172,442
S01007621,607,151,456
S01007622,915,328,587
S01007623,420,159,261
S01007624,522,128,394
S01007625,474,138,336
S01007626,440,127,313
S01007627,364,143,221
S01007628,569,192,377
S01007629,604,200,404
S01007630,598,201,397
S01007631,425,146,279
S01007632,1145,299,846
S01007633,1059,281,778
S01007634,560,159,401
S01007635,634,222,412
S01007636,892,250,642
S01007637,915,164,751
S01007638,670,188,482
S01007639,714,146,568
S01007640,516,125,391
S01007641,561,171,390
S01007642,745,285,460
S01007643,710,232,478
S01007644,751,259,492
S01007645,682,232,450
S01007646,445,139,306
S01007647,707,205,502
S01007648,746,177,569
S01007649,510,93,417
S01007650,731,203,528
S01007651,491,130,361
S01007652,594,156,438
S01007653,808,199,609
S01007654,883,173,710
S01007655,580,159,421
S01007656,667,176,491
S01007657,430,123,307
S01007658,487,154,333
S01007659,714,196,518
S01007660,866,152,714
S01007661,611,137,474
S01007662,705,163,542
S01007663,757,200,557
S01007664,395,72,323
S01007665,475,103,372
S01007666,345,108,237
S01007667,490,160,330
S01007668,819,133,686
S01007669,391,45,346
S01007670,689,147,542
S01007671,601,228,373
S01007672,701,270,431
S01007673,503,129,374
S01007674,784,144,640
S01007675,559,150,409
S01007676,393,104,289
S01007677,161,45,116
S01007678,545,105,440
S01007679,681,102,579
S01007680,660,166,494
S01007681,388,67,321
S01007682,648,364,284
S01007683,632,397,235
S01007684,747,442,305
S01007685,593,400,193
S01007686,664,389,275
S01007687,515,310,205
S01007688,601,291,310
S01007689,271,159,112
S01007690,429,225,204
S01007691,642,264,378
S01007692,376,172,204
S01007693,329,110,219
S01007694,363,105,258
S01007695,574,240,334
S01007696,412,153,259
S01007697,771,320,451
S01007698,661,239,422
S01007699,395,142,253
S01007700,647,374,273
S01007701,221,57,164
S01007702,398,213,185
S01007703,729,272,457
S01007704,683,170,513
S01007705,280,77,203
S01007706,291,92,199
S01007707,670,362,308
S01007708,647,204,443
S01007709,498,124,374
S01007710,1156,506,650
S01007711,650,179,471
S01007712,562,191,371
S01007713,325,89,236
S01007714,430,103,327
S01007715,414,94,320
S01007716,652,142,510
S01007717,572,109,463
S01007718,615,136,479
S01007719,1056,282,774
S01007720,694,165,529
S01007721,714,182,532
S01007722,625,133,492
S01007723,644,119,525
S01007724,438,65,373
S01007725,831,150,681
S01007726,520,122,398
S01007727,587,131,456
S01007728,723,163,560
S01007729,624,170,454
S01007730,655,207,448
S01007731,474,165,309
S01007732,557,160,397
S01007733,554,263,291
S01007734,556,232,324
S01007735,558,228,330
S01007736,559,197,362
S01007737,701,238,463
S01007738,704,227,477
S01007739,486,126,360
S01007740,455,146,309
S01007741,528,147,381
S01007742,470,151,319
S01007743,571,132,439
S01007744,437,71,366
S01007745,614,87,527
S01007746,561,91,470
S01007747,488,83,405
S01007748,390,68,322
S01007749,571,212,359
S01007750,621,285,336
S01007751,431,232,199
S01007752,666,380,286
S01007753,561,125,436
S01007754,772,149,623
S01007755,464,80,384
S01007756,550,93,457
S01007757,851,403,448
S01007758,648,342,306
S01007759,850,332,518
S01007760,581,310,271
S01007761,566,321,245
S01007762,524,240,284
S01007763,453,167,286
S01007764,619,282,337
S01007765,663,288,375
S01007766,694,347,347
S01007767,667,311,356
S01007768,492,272,220
S01007769,541,279,262
S01007770,500,293,207
S01007771,525,300,225
S01007772,757,239,518
S01007773,531,230,301
S01007774,94,44,50
S01007775,816,395,421
S01007776,367,207,160
S01007777,354,191,163
S01007778,1463,818,645
S01007779,590,152,438
S01007780,561,188,373
S01007781,602,192,410
S01007782,423,97,326
S01007783,518,62,456
S01007784,628,146,482
S01007785,240,42,198
S01007786,578,94,484
S01007787,491,76,415
S01007788,401,53,348
S01007789,662,192,470
S01007790,1056,302,754
S01007791,771,285,486
S01007792,614,98,516
S01007793,567,79,488
S01007794,710,123,587
S01007795,443,68,375
S01007796,392,47,345
S01007797,372,59,313
S01007798,498,151,347
S01007799,252,101,151
S01007800,575,91,484
S01007801,488,63,425
S01007802,392,104,288
S01007803,737,91,646
S01007804,440,67,373
S01007805,510,79,431
S01007806,549,86,463
S01007807,560,188,372
S01007808,556,113,443
S01007809,819,321,498
S01007810,565,102,463
S01007811,492,77,415
S01007812,443,66,377
S01007813,629,97,532
S01007814,546,143,403
S01007815,784,268,516
S01007816,490,139,351
S01007817,544,104,440
S01007818,653,209,444
S01007819,538,154,384
S01007820,675,168,507
S01007821,517,144,373
S01007822,662,218,444
S01007823,548,208,340
S01007824,740,277,463
S01007825,843,276,567
S01007826,334,67,267
S01007827,453,161,292
S01007828,780,247,533
S01007829,479,162,317
S01007830,664,149,515
S01007831,610,161,449
S01007832,603,164,439
S01007833,579,136,443
S01007834,464,121,343
S01007835,494,192,302
S01007836,472,208,264
S01007837,812,269,543
S01007838,591,226,365
S01007839,649,255,394
S01007840,564,135,429
S01007841,586,144,442
S01007842,677,128,549
S01007843,563,117,446
S01007844,807,270,537
S01007845,554,102,452
S01007846,512,98,414
S01007847,908,175,733
S01007848,615,126,489
S01007849,629,117,512
S01007850,446,63,383
S01007851,621,143,478
S01007852,758,167,591
S01007853,448,103,345
S01007854,705,165,540
S01007855,413,94,319
S01007856,627,160,467
S01007857,342,65,277
S01007858,1266,291,975
S01007859,890,225,665
S01007860,671,162,509
S01007861,667,94,573
S01007862,697,126,571
S01007863,521,84,437
S01007864,587,120,467
S01007865,936,437,499
S01007866,393,161,232
S01007867,879,439,440
S01007868,1370,656,714
S01007869,1385,738,647
S01007870,461,102,359
S01007871,686,118,568
S01007872,478,62,416
S01007873,509,89,420
S01007874,611,106,505
S01007875,524,147,377
S01007876,664,170,494
S01007877,604,103,501
S01007878,448,78,370
S01007879,747,121,626
S01007880,342,125,217
S01007881,421,90,331
S01007882,1120,441,679
S01007883,833,244,589
S01007884,629,123,506
S01007885,624,127,497
S01007886,812,224,588
S01007887,455,146,309
S01007888,660,71,589
S01007889,723,93,630
S01007890,477,69,408
S01007891,894,250,644
S01007892,782,291,491
S01007893,875,325,550
S01007894,695,162,533
S01007895,489,150,339
S01007896,685,126,559
S01007897,1083,362,721
S01007898,524,127,397
S01007899,370,87,283
S01007900,337,51,286
S01007901,512,81,431
S01007902,658,68,590
S01007903,540,107,433
S01007904,559,195,364
S01007905,489,71,418
S01007906,512,61,451
S01007907,518,82,436
S01007908,894,188,706
S01007909,467,83,384
S01007910,668,123,545
S01007911,721,165,556
S01007912,604,114,490
S01007913,687,122,565
S01007914,466,70,396
S01007915,630,109,521
S01007916,642,134,508
S01007917,822,138,684
S01007918,671,185,486
S01007919,650,270,380
S01007920,427,147,280
S01007921,740,110,630
S01007922,835,110,725
S01007923,853,238,615
S01007924,735,133,602
S01007925,475,183,292
S01007926,629,253,376
S01007927,451,173,278
S01007928,802,328,474
S01007929,1069,512,557
S01007930,489,217,272
S01007931,892,426,466
S01007932,576,288,288
S01007933,882,316,566
S01007934,421,134,287
S01007935,832,334,498
S01007936,818,423,395
S01007937,1048,446,602
S01007938,578,131,447
S01007939,613,104,509
S01007940,1163,350,813
S01007941,471,151,320
S01007942,308,82,226
S01007943,663,215,448
S01007944,698,189,509
S01007945,756,216,540
S01007946,675,186,489
S01007947,696,224,472
S01007948,458,81,377
S01007949,691,207,484
S01007950,803,299,504
S01007951,647,172,475
S01007952,555,135,420
S01007953,674,129,545
S01007954,450,67,383
S01007955,1116,155,961
S01007956,597,93,504
S01007957,833,177,656
S01007958,620,108,512
S01007959,1403,322,1081
S01007960,416,59,357
S01007961,1186,282,904
S01007962,608,107,501
S01007963,618,94,524
S01007964,528,89,439
S01007965,472,72,400
S01007966,588,106,482
S01007967,468,65,403
S01007968,620,112,508
S01007969,521,107,414
S01007970,655,143,512
S01007971,627,113,514
S01007972,715,137,578
S01007973,670,229,441
S01007974,616,121,495
S01007975,405,79,326
S01007976,746,213,533
S01007977,465,166,299
S01007978,576,210,366
S01007979,618,296,322
S01007980,537,163,374
S01007981,513,166,347
S01007982,453,145,308
S01007983,891,167,724
S01007984,593,166,427
S01007985,579,80,499
S01007986,450,105,345
S01007987,692,197,495
S01007988,621,111,510
S01007989,444,91,353
S01007990,804,216,588
S01007991,670,343,327
S01007992,681,332,349
S01007993,684,253,431
S01007994,411,211,200
S01007995,505,175,330
S01007996,238,94,144
S01007997,468,240,228
S01007998,405,177,228
S01007999,501,73,428
S01008000,519,80,439
S01008001,515,61,454
S01008002,583,81,502
S01008003,434,102,332
S01008004,67,8,59
S01008005,64,20,44
S01008006,447,54,393
S01008007,339,53,286
S01008008,441,117,324
S01008009,629,153,476
S01008010,792,173,619
S01008011,535,144,391
S01008012,682,213,469
S01008013,528,171,357
S01008014,576,202,374
S01008015,557,132,425
S01008016,521,124,397
S01008017,566,280,286
S01008018,659,299,360
S01008019,647,288,359
S01008020,632,220,412
S01008021,481,218,263
S01008022,569,275,294
S01008023,1126,581,545
S01008024,607,342,265
S01008025,666,219,447
S01008026,873,222,651
S01008027,546,138,408
S01008028,398,114,284
S01008029,2445,1122,1323
S01008030,1492,623,869
S01008031,1055,376,679
S01008032,879,250,629
S01008033,744,453,291
S01008034,744,444,300
S01008035,700,355,345
S01008036,453,231,222
S01008037,964,307,657
S01008038,617,203,414
S01008039,666,230,436
S01008040,468,225,243
S01008041,659,304,355
S01008042,523,318,205
S01008043,832,497,335
S01008044,750,459,291
S01008045,820,454,366
S01008046,660,277,383
S01008047,429,236,193
S01008048,425,232,193
S01008049,628,362,266
S01008050,417,267,150
S01008051,789,495,294
S01008052,549,380,169
S01008053,593,387,206
S01008054,467,293,174
S01008055,652,458,194
S01008056,715,452,263
S01008057,829,512,317
S01008058,599,361,238
S01008059,460,237,223
S01008060,1155,629,526
S01008061,560,281,279
S01008062,672,317,355
S01008063,528,293,235
S01008064,624,259,365
S01008065,759,483,276
S01008066,614,438,176
S01008067,453,301,152
S01008068,830,415,415
S01008069,794,298,496
S01008070,764,307,457
S01008071,648,308,340
S01008072,861,581,280
S01008073,308,209,99
S01008074,633,382,251
S01008075,349,217,132
S01008076,603,367,236
S01008077,609,416,193
S01008078,516,300,216
S01008079,589,372,217
S01008080,525,286,239
S01008081,462,266,196
S01008082,666,379,287
S01008083,558,309,249
S01008084,688,310,378
S01008085,872,451,421
S01008086,852,400,452
S01008087,707,350,357
S01008088,602,269,333
S01008089,647,294,353
S01008090,469,200,269
S01008091,340,165,175
S01008092,659,324,335
S01008093,542,246,296
S01008094,438,215,223
S01008095,716,274,442
S01008096,495,236,259
S01008097,531,248,283
S01008098,472,220,252
S01008099,351,129,222
S01008100,646,354,292
S01008101,831,358,473
S01008102,529,184,345
S01008103,440,159,281
S01008104,656,180,476
S01008105,766,190,576
S01008106,1028,339,689
S01008107,821,342,479
S01008108,670,270,400
S01008109,644,226,418
S01008110,621,245,376
S01008111,567,266,301
S01008112,637,253,384
S01008113,682,291,391
S01008114,598,241,357
S01008115,633,212,421
S01008116,728,369,359
S01008117,506,289,217
S01008118,839,387,452
S01008119,496,141,355
S01008120,439,222,217
S01008121,435,260,175
S01008122,681,431,250
S01008123,695,431,264
S01008124,670,341,329
S01008125,768,408,360
S01008126,646,348,298
S01008127,332,200,132
S01008128,730,346,384
S01008129,663,214,449
S01008130,745,246,499
S01008131,512,163,349
S01008132,711,365,346
S01008133,504,227,277
S01008134,473,209,264
S01008135,1027,394,633
S01008136,1012,342,670
S01008137,808,179,629
S01008138,613,120,493
S01008139,679,171,508
S01008140,437,110,327
S01008141,775,306,469
S01008142,673,274,399
S01008143,759,276,483
S01008144,698,305,393
S01008145,661,163,498
S01008146,416,104,312
S01008147,640,170,470
S01008148,674,229,445
S01008149,621,185,436
S01008150,909,241,668
S01008151,644,160,484
S01008152,785,209,576
S01008153,583,259,324
S01008154,721,333,388
S01008155,579,241,338
S01008156,695,257,438
S01008157,702,299,403
S01008158,749,321,428
S01008159,736,194,542
S01008160,822,275,547
S01008161,988,477,511
S01008162,878,355,523
S01008163,562,115,447
S01008164,457,106,351
S01008165,554,219,335
S01008166,844,276,568
S01008167,1005,288,717
S01008168,699,140,559
S01008169,974,315,659
S01008170,495,221,274
S01008171,580,150,430
S01008172,376,102,274
S01008173,523,180,343
S01008174,379,107,272
S01008175,526,160,366
S01008176,999,470,529
S01008177,568,165,403
S01008178,461,159,302
S01008179,255,110,145
S01008180,331,144,187
S01008181,456,183,273
S01008182,888,302,586
S01008183,646,209,437
S01008184,586,192,394
S01008185,825,278,547
S01008186,593,224,369
S01008187,444,135,309
S01008188,922,242,680
S01008189,725,275,450
S01008190,647,133,514
S01008191,940,330,610
S01008192,741,260,481
S01008193,604,217,387
S01008194,427,157,270
S01008195,723,142,581
S01008196,545,90,455
S01008197,1310,537,773
S01008198,469,91,378
S01008199,501,62,439
S01008200,543,101,442
S01008201,864,163,701
S01008202,537,118,419
S01008203,361,72,289
S01008204,1846,688,1158
S01008205,521,96,425
S01008206,1069,259,810
S01008207,523,62,461
S01008208,681,193,488
S01008209,438,127,311
S01008210,983,336,647
S01008211,666,212,454
S01008212,483,184,299
S01008213,655,245,410
S01008214,553,155,398
S01008215,747,242,505
S01008216,540,195,345
S01008217,493,246,247
S01008218,1478,606,872
S01008219,827,236,591
S01008220,375,68,307
S01008221,477,89,388
S01008222,436,88,348
S01008223,383,88,295
S01008224,685,187,498
S01008225,553,153,400
S01008226,460,78,382
S01008227,691,123,568
S01008228,558,183,375
S01008229,834,197,637
S01008230,550,196,354
S01008231,363,99,264
S01008232,186,65,121
S01008233,1146,430,716
S01008234,1389,491,898
S01008235,619,170,449
S01008236,683,257,426
S01008237,627,182,445
S01008238,697,168,529
S01008239,536,147,389
S01008240,1004,513,491
S01008241,754,410,344
S01008242,810,350,460
S01008243,739,343,396
S01008244,676,350,326
S01008245,787,363,424
S01008246,857,457,400
S01008247,694,321,373
S01008248,878,359,519
S01008249,628,298,330
S01008250,761,401,360
S01008251,669,382,287
S01008252,749,370,379
S01008253,554,165,389
S01008254,820,255,565
S01008255,661,201,460
S01008256,677,183,494
S01008257,504,175,329
S01008258,911,409,502
S01008259,962,436,526
S01008260,724,238,486
S01008261,791,237,554
S01008262,653,278,375
S01008263,519,257,262
S01008264,592,245,347
S01008265,426,223,203
S01008266,678,409,269
S01008267,569,254,315
S01008268,559,335,224
S01008269,635,366,269
S01008270,699,430,269
S01008271,489,213,276
S01008272,672,310,362
S01008273,660,296,364
S01008274,606,158,448
S01008275,440,220,220
S01008276,451,213,238
S01008277,473,237,236
S01008278,530,297,233
S01008279,483,169,314
S01008280,858,367,491
S01008281,583,257,326
S01008282,553,201,352
S01008283,783,353,430
S01008284,1054,451,603
S01008285,506,88,418
S01008286,908,258,650
S01008287,562,202,360
S01008288,640,254,386
S01008289,570,160,410
S01008290,658,264,394
S01008291,745,251,494
S01008292,1007,370,637
S01008293,741,398,343
S01008294,470,184,286
S01008295,852,283,569
S01008296,539,184,355
S01008297,373,125,248
S01008298,718,247,471
S01008299,666,187,479
S01008300,597,180,417
S01008301,713,262,451
S01008302,637,297,340
S01008303,524,151,373
S01008304,326,154,172
S01008305,558,216,342
S01008306,452,170,282
S01008307,488,208,280
S01008308,401,198,203
S01008309,571,142,429
S01008310,591,178,413
S01008311,457,127,330
S01008312,476,149,327
S01008313,641,140,501
S01008314,623,162,461
S01008315,477,110,367
S01008316,515,161,354
S01008317,471,158,313
S01008318,1029,479,550
S01008319,388,78,310
S01008320,447,154,293
S01008321,480,196,284
S01008322,1235,473,762
S01008323,524,99,425
S01008324,392,102,290
S01008325,718,219,499
S01008326,685,134,551
S01008327,672,142,530
S01008328,553,300,253
S01008329,680,341,339
S01008330,691,315,376
S01008331,507,242,265
S01008332,650,331,319
S01008333,679,408,271
S01008334,617,342,275
S01008335,576,209,367
S01008336,610,214,396
S01008337,549,314,235
S01008338,489,296,193
S01008339,427,211,216
S01008340,603,307,296
S01008341,411,245,166
S01008342,745,385,360
S01008343,663,420,243
S01008344,554,347,207
S01008345,809,501,308
S01008346,641,402,239
S01008347,695,381,314
S01008348,604,330,274
S01008349,837,549,288
S01008350,475,274,201
S01008351,651,407,244
S01008352,541,348,193
S01008353,293,166,127
S01008354,655,356,299
S01008355,703,270,433
S01008356,582,297,285
S01008357,583,311,272
S01008358,562,211,351
S01008359,485,227,258
S01008360,868,494,374
S01008361,524,270,254
S01008362,707,390,317
S01008363,539,288,251
S01008364,534,307,227
S01008365,608,331,277
S01008366,531,196,335
S01008367,590,235,355
S01008368,587,288,299
S01008369,509,240,269
S01008370,422,218,204
S01008371,560,307,253
S01008372,591,291,300
S01008373,739,438,301
S01008374,540,288,252
S01008375,493,271,222
S01008376,404,212,192
S01008377,575,302,273
S01008378,653,372,281
S01008379,322,181,141
S01008380,425,232,193
S01008381,671,369,302
S01008382,591,304,287
S01008383,402,226,176
S01008384,634,266,368
S01008385,421,243,178
S01008386,634,276,358
S01008387,562,251,311
S01008388,425,178,247
S01008389,405,225,180
S01008390,477,285,192
S01008391,430,253,177
S01008392,562,376,186
S01008393,510,331,179
S01008394,657,441,216
S01008395,518,280,238
S01008396,481,231,250
S01008397,659,397,262
S01008398,553,344,209
S01008399,398,201,197
S01008400,660,339,321
S01008401,748,383,365
S01008402,678,411,267
S01008403,567,347,220
S01008404,618,375,243
S01008405,509,338,171
S01008406,634,383,251
S01008407,297,158,139
S01008408,487,228,259
S01008409,678,258,420
S01008410,486,229,257
S01008411,728,270,458
S01008412,403,192,211
S01008413,435,161,274
S01008414,391,226,165
S01008415,693,234,459
S01008416,736,220,516
S01008417,491,272,219
S01008418,501,265,236
S01008419,311,200,111
S01008420,385,193,192
S01008421,544,230,314
S01008422,596,350,246
S01008423,666,425,241
S01008424,706,439,267
S01008425,718,319,399
S01008426,732,226,506
S01008427,868,382,486
S01008428,524,173,351
S01008429,593,276,317
S01008430,708,330,378
S01008431,687,310,377
S01008432,713,349,364
S01008433,603,217,386
S01008434,739,309,430
S01008435,773,320,453
S01008436,664,341,323
S01008437,512,266,246
S01008438,392,246,146
S01008439,714,507,207
S01008440,733,505,228
S01008441,680,445,235
S01008442,539,360,179
S01008443,374,225,149
S01008444,481,258,223
S01008445,586,301,285
S01008446,858,543,315
S01008447,479,306,173
S01008448,600,272,328
S01008449,545,151,394
S01008450,313,46,267
S01008451,581,143,438
S01008452,527,87,440
S01008453,534,113,421
S01008454,760,141,619
S01008455,749,144,605
S01008456,726,114,612
S01008457,659,102,557
S01008458,645,148,497
S01008459,497,64,433
S01008460,676,82,594
S01008461,615,87,528
S01008462,455,73,382
S01008463,600,91,509
S01008464,617,148,469
S01008465,626,140,486
S01008466,519,91,428
S01008467,597,102,495
S01008468,570,87,483
S01008469,486,124,362
S01008470,592,85,507
S01008471,484,73,411
S01008472,446,88,358
S01008473,422,85,337
S01008474,532,84,448
S01008475,652,195,457
S01008476,507,120,387
S01008477,798,187,611
S01008478,578,164,414
S01008479,662,168,494
S01008480,314,56,258
S01008481,1105,190,915
S01008482,1028,190,838
S01008483,546,123,423
S01008484,617,168,449
S01008485,762,263,499
S01008486,575,189,386
S01008487,705,358,347
S01008488,878,397,481
S01008489,562,162,400
S01008490,791,323,468
S01008491,586,250,336
S01008492,633,292,341
S01008493,546,183,363
S01008494,518,194,324
S01008495,752,331,421
S01008496,821,411,410
S01008497,711,327,384
S01008498,565,240,325
S01008499,732,337,395
S01008500,272,115,157
S01008501,533,330,203
S01008502,457,254,203
S01008503,712,449,263
S01008504,1153,745,408
S01008505,685,452,233
S01008506,690,462,228
S01008507,545,360,185
S01008508,714,459,255
S01008509,818,547,271
S01008510,579,331,248
S01008511,626,377,249
S01008512,754,499,255
S01008513,550,378,172
S01008514,415,303,112
S01008515,596,418,178
S01008516,915,514,401
S01008517,604,397,207
S01008518,774,561,213
S01008519,669,500,169
S01008520,858,593,265
S01008521,583,417,166
S01008522,392,291,101
S01008523,788,572,216
S01008524,713,189,524
S01008525,663,165,498
S01008526,552,172,380
S01008527,481,167,314
S01008528,450,163,287
S01008529,535,170,365
S01008530,661,154,507
S01008531,624,133,491
S01008532,413,165,248
S01008533,320,134,186
S01008534,551,242,309
S01008535,473,253,220
S01008536,461,282,179
S01008537,462,290,172
S01008538,403,263,140
S01008539,715,451,264
S01008540,632,390,242
S01008541,625,363,262
S01008542,778,452,326
S01008543,650,359,291
S01008544,399,269,130
S01008545,664,418,246
S01008546,568,375,193
S01008547,818,367,451
S01008548,701,258,443
S01008549,842,286,556
S01008550,752,372,380
S01008551,699,286,413
S01008552,705,312,393
S01008553,433,125,308
S01008554,580,105,475
S01008555,761,176,585
S01008556,634,141,493
S01008557,544,99,445
S01008558,524,115,409
S01008559,514,102,412
S01008560,532,127,405
S01008561,650,163,487
S01008562,479,87,392
S01008563,711,174,537
S01008564,702,186,516
S01008565,636,132,504
S01008566,715,136,579
S01008567,545,130,415
S01008568,573,204,369
S01008569,428,95,333
S01008570,760,148,612
S01008571,508,110,398
S01008572,649,168,481
S01008573,718,286,432
S01008574,681,273,408
S01008575,576,311,265
S01008576,682,307,375
S01008577,714,356,358
S01008578,604,429,175
S01008579,558,336,222
S01008580,555,239,316
S01008581,641,171,470
S01008582,854,280,574
S01008583,546,166,380
S01008584,770,259,511
S01008585,599,155,444
S01008586,572,140,432
S01008587,488,307,181
S01008588,645,433,212
S01008589,226,120,106
S01008590,407,256,151
S01008591,618,398,220
S01008592,472,219,253
S01008593,538,395,143
S01008594,579,413,166
S01008595,702,234,468
S01008596,510,167,343
S01008597,700,323,377
S01008598,624,343,281
S01008599,577,382,195
S01008600,517,323,194
S01008601,315,176,139
S01008602,302,163,139
S01008603,436,259,177
S01008604,610,387,223
S01008605,478,318,160
S01008606,659,457,202
S01008607,386,293,93
S01008608,501,373,128
S01008609,653,418,235
S01008610,520,364,156
S01008611,550,352,198
S01008612,368,218,150
S01008613,505,348,157
S01008614,342,223,119
S01008615,362,249,113
S01008616,317,215,102
S01008617,305,214,91
S01008618,236,153,83
S01008619,226,146,80
S01008620,318,204,114
S01008621,317,198,119
S01008622,377,245,132
S01008623,507,352,155
S01008624,499,321,178
S01008625,374,292,82
S01008626,711,506,205
S01008627,465,340,125
S01008628,455,323,132
S01008629,601,401,200
S01008630,421,267,154
S01008631,589,387,202
S01008632,801,512,289
S01008633,714,501,213
S01008634,408,294,114
S01008635,484,337,147
S01008636,525,371,154
S01008637,442,301,141
S01008638,634,336,298
S01008639,820,522,298
S01008640,718,478,240
S01008641,603,396,207
S01008642,641,453,188
S01008643,642,434,208
S01008644,355,216,139
S01008645,582,346,236
S01008646,852,492,360
S01008647,506,313,193
S01008648,658,334,324
S01008649,886,458,428
S01008650,687,348,339
S01008651,638,328,310
S01008652,556,233,323
S01008653,424,190,234
S01008654,791,408,383
S01008655,594,331,263
S01008656,753,326,427
S01008657,645,360,285
S01008658,797,363,434
S01008659,659,350,309
S01008660,605,358,247
S01008661,643,284,359
S01008662,424,192,232
S01008663,509,224,285
S01008664,569,331,238
S01008665,746,389,357
S01008666,396,247,149
S01008667,603,366,237
S01008668,419,248,171
S01008669,153,75,78
S01008670,320,163,157
S01008671,363,184,179
S01008672,275,140,135
S01008673,498,267,231
S01008674,389,194,195
S01008675,550,268,282
S01008676,564,330,234
S01008677,501,246,255
S01008678,376,169,207
S01008679,548,226,322
S01008680,338,142,196
S01008681,440,176,264
S01008682,461,216,245
S01008683,828,242,586
S01008684,663,263,400
S01008685,541,244,297
S01008686,758,281,477
S01008687,703,327,376
S01008688,894,477,417
S01008689,904,433,471
S01008690,767,379,388
S01008691,1016,495,521
S01008692,841,376,465
S01008693,409,127,282
S01008694,1049,525,524
S01008695,678,347,331
S01008696,465,260,205
S01008697,723,375,348
S01008698,496,235,261
S01008699,690,245,445
S01008700,450,229,221
S01008701,506,86,420
S01008702,479,175,304
S01008703,764,151,613
S01008704,983,194,789
S01008705,533,101,432
S01008706,724,125,599
S01008707,666,103,563
S01008708,590,88,502
S01008709,554,77,477
S01008710,524,94,430
S01008711,490,89,401
S01008712,689,108,581
S01008713,356,39,317
S01008714,408,91,317
S01008715,474,89,385
S01008716,418,127,291
S01008717,351,79,272
S01008718,408,94,314
S01008719,763,165,598
S01008720,400,104,296
S01008721,565,233,332
S01008722,678,293,385
S01008723,515,221,294
S01008724,653,345,308
S01008725,498,256,242
S01008726,763,459,304
S01008727,772,458,314
S01008728,386,164,222
S01008729,523,300,223
S01008730,727,413,314
S01008731,342,116,226
S01008732,533,190,343
S01008733,682,273,409
S01008734,516,295,221
S01008735,740,382,358
S01008736,433,189,244
S01008737,498,209,289
S01008738,548,250,298
S01008739,380,104,276
S01008740,471,155,316
S01008741,723,227,496
S01008742,457,161,296
S01008743,734,226,508
S01008744,660,207,453
S01008745,359,177,182
S01008746,670,181,489
S01008747,338,131,207
S01008748,691,293,398
S01008749,782,310,472
S01008750,518,195,323
S01008751,634,190,444
S01008752,598,130,468
S01008753,620,176,444
S01008754,643,164,479
S01008755,690,164,526
S01008756,568,107,461
S01008757,508,67,441
S01008758,625,105,520
S01008759,441,81,360
S01008760,840,193,647
S01008761,554,150,404
S01008762,388,135,253
S01008763,618,287,331
S01008764,489,256,233
S01008765,870,440,430
S01008766,969,397,572
S01008767,606,219,387
S01008768,2046,1120,926
S01008769,1704,982,722
S01008770,1612,955,657
S01008771,1612,955,657
S01008772,841,422,419
S01008773,834,357,477
S01008774,656,219,437
S01008775,382,174,208
S01008776,905,320,585
S01008777,835,258,577
S01008778,785,422,363
S01008779,836,489,347
S01008780,703,354,349
S01008781,844,385,459
S01008782,736,382,354
S01008783,436,228,208
S01008784,592,282,310
S01008785,703,238,465
S01008786,907,425,482
S01008787,469,177,292
S01008788,703,369,334
S01008789,428,123,305
S01008790,638,255,383
S01008791,699,263,436
S01008792,723,305,418
S01008793,703,252,451
S01008794,643,212,431
S01008795,921,394,527
S01008796,796,276,520
S01008797,773,334,439
S01008798,728,281,447
S01008799,518,170,348
S01008800,934,398,536
S01008801,648,270,378
S01008802,901,355,546
S01008803,797,311,486
S01008804,543,199,344
S01008805,505,197,308
S01008806,849,426,423
S01008807,746,356,390
S01008808,483,256,227
S01008809,512,268,244
S01008810,712,404,308
S01008811,575,316,259
S01008812,620,356,264
S01008813,679,236,443
S01008814,877,384,493
S01008815,915,430,485
S01008816,359,180,179
S01008817,892,378,514
S01008818,840,399,441
S01008819,771,414,357
S01008820,1077,430,647
S01008821,512,320,192
S01008822,558,341,217
S01008823,607,366,241
S01008824,905,575,330
S01008825,428,262,166
S01008826,483,243,240
S01008827,659,404,255
S01008828,681,381,300
S01008829,618,331,287
S01008830,756,501,255
S01008831,662,420,242
S01008832,460,270,190
S01008833,716,477,239
S01008834,815,481,334
S01008835,688,355,333
S01008836,378,130,248
S01008837,1265,760,505
S01008838,777,426,351
S01008839,897,489,408
S01008840,721,427,294
S01008841,929,482,447
S01008842,105,51,54
S01008843,657,378,279
S01008844,699,442,257
S01008845,517,350,167
S01008846,603,358,245
S01008847,536,366,170
S01008848,575,393,182
S01008849,701,463,238
S01008850,973,678,295
S01008851,857,549,308
S01008852,830,589,241
S01008853,471,327,144
S01008854,674,487,187
S01008855,889,656,233
S01008856,538,357,181
S01008857,729,479,250
S01008858,840,585,255
S01008859,809,540,269
S01008860,895,578,317
S01008861,679,487,192
S01008862,854,562,292
S01008863,604,424,180
S01008864,723,511,212
S01008865,719,463,256
S01008866,806,581,225
S01008867,731,531,200
S01008868,792,517,275
S01008869,815,564,251
S01008870,889,624,265
S01008871,874,618,256
S01008872,667,477,190
S01008873,549,395,154
S01008874,594,364,230
S01008875,742,429,313
S01008876,460,268,192
S01008877,526,286,240
S01008878,754,305,449
S01008879,566,254,312
S01008880,465,265,200
S01008881,398,257,141
S01008882,743,541,202
S01008883,660,471,189
S01008884,483,346,137
S01008885,576,388,188
S01008886,755,494,261
S01008887,486,282,204
S01008888,754,533,221
S01008889,611,330,281
S01008890,521,273,248
S01008891,489,288,201
S01008892,756,426,330
S01008893,686,426,260
S01008894,647,439,208
S01008895,482,305,177
S01008896,601,415,186
S01008897,562,346,216
S01008898,631,330,301
S01008899,502,71,431
S01008900,627,149,478
S01008901,720,199,521
S01008902,687,189,498
S01008903,707,151,556
S01008904,660,130,530
S01008905,732,120,612
S01008906,569,101,468
S01008907,521,73,448
S01008908,642,157,485
S01008909,742,151,591
S01008910,1261,591,670
S01008911,1003,571,432
S01008912,611,276,335
S01008913,319,75,244
S01008914,710,207,503
S01008915,433,209,224
S01008916,800,158,642
S01008917,441,73,368
S01008918,445,61,384
S01008919,368,58,310
S01008920,1017,507,510
S01008921,817,196,621
S01008922,757,134,623
S01008923,815,215,600
S01008924,1458,337,1121
S01008925,498,93,405
S01008926,1120,307,813
S01008927,841,255,586
S01008928,511,173,338
S01008929,812,117,695
S01008930,624,86,538
S01008931,439,63,376
S01008932,747,240,507
S01008933,508,91,417
S01008934,482,142,340
S01008935,679,285,394
S01008936,414,250,164
S01008937,543,245,298
S01008938,610,317,293
S01008939,476,201,275
S01008940,462,289,173
S01008941,589,382,207
S01008942,765,477,288
S01008943,527,341,186
S01008944,624,394,230
S01008945,729,456,273
S01008946,579,360,219
S01008947,668,417,251
S01008948,626,300,326
S01008949,868,305,563
S01008950,648,202,446
S01008951,688,163,525
S01008952,955,257,698
S01008953,683,194,489
S01008954,556,159,397
S01008955,577,270,307
S01008956,860,317,543
S01008957,747,306,441
S01008958,527,204,323
S01008959,708,251,457
S01008960,664,410,254
S01008961,667,294,373
S01008962,448,217,231
S01008963,648,320,328
S01008964,451,247,204
S01008965,477,264,213
S01008966,556,257,299
S01008967,724,395,329
S01008968,729,380,349
S01008969,708,334,374
S01008970,773,489,284
S01008971,481,323,158
S01008972,935,618,317
S01008973,529,295,234
S01008974,573,277,296
S01008975,517,227,290
S01008976,488,281,207
S01008977,558,296,262
S01008978,475,152,323
S01008979,540,211,329
S01008980,513,170,343
S01008981,518,216,302
S01008982,598,165,433
S01008983,598,157,441
S01008984,331,105,226
S01008985,544,156,388
S01008986,590,211,379
S01008987,667,206,461
S01008988,639,244,395
S01008989,741,293,448
S01008990,890,332,558
S01008991,855,403,452
S01008992,292,98,194
S01008993,890,428,462
S01008994,700,246,454
S01008995,772,426,346
S01008996,479,123,356
S01008997,745,302,443
S01008998,768,294,474
S01008999,639,196,443
S01009000,793,352,441
S01009001,549,253,296
S01009002,611,346,265
S01009003,706,400,306
S01009004,596,189,407
S01009005,698,273,425
S01009006,857,332,525
S01009007,563,190,373
S01009008,638,319,319
S01009009,297,72,225
S01009010,978,431,547
S01009011,836,409,427
S01009012,626,293,333
S01009013,714,330,384
S01009014,564,139,425
S01009015,427,130,297
S01009016,343,109,234
S01009017,483,128,355
S01009018,504,134,370
S01009019,629,192,437
S01009020,716,221,495
S01009021,521,173,348
S01009022,623,198,425
S01009023,641,173,468
S01009024,854,233,621
S01009025,612,206,406
S01009026,759,245,514
S01009027,605,199,406
S01009028,443,135,308
S01009029,570,178,392
S01009030,683,193,490
S01009031,528,133,395
S01009032,454,129,325
S01009033,596,166,430
S01009034,465,145,320
S01009035,615,203,412
S01009036,682,216,466
S01009037,681,215,466
S01009038,699,219,480
S01009039,645,159,486
S01009040,506,138,368
S01009041,748,256,492
S01009042,556,148,408
S01009043,849,230,619
S01009044,638,212,426
S01009045,752,188,564
S01009046,578,198,380
S01009047,553,184,369
S01009048,574,210,364
S01009049,549,179,370
S01009050,653,205,448
S01009051,683,177,506
S01009052,643,159,484
S01009053,325,40,285
S01009054,486,106,380
S01009055,590,195,395
S01009056,356,54,302
S01009057,468,100,368
S01009058,689,165,524
S01009059,557,216,341
S01009060,762,299,463
S01009061,665,145,520
S01009062,577,120,457
S01009063,518,179,339
S01009064,465,103,362
S01009065,1039,280,759
S01009066,484,99,385
S01009067,451,161,290
S01009068,602,156,446
S01009069,661,281,380
S01009070,659,190,469
S01009071,445,155,290
S01009072,876,383,493
S01009073,533,106,427
S01009074,619,122,497
S01009075,498,109,389
S01009076,825,268,557
S01009077,629,234,395
S01009078,379,141,238
S01009079,872,196,676
S01009080,1317,355,962
S01009081,1021,364,657
S01009082,1096,326,770
S01009083,522,135,387
S01009084,2625,1135,1490
S01009085,852,327,525
S01009086,1150,448,702
S01009087,1082,408,674
S01009088,858,333,525
S01009089,575,260,315
S01009090,346,172,174
S01009091,1179,696,483
S01009092,707,250,457
S01009093,656,180,476
S01009094,602,306,296
S01009095,822,331,491
S01009096,707,342,365
S01009097,1167,612,555
S01009098,340,179,161
S01009099,532,168,364
S01009100,751,225,526
S01009101,690,128,562
S01009102,630,90,540
S01009103,440,152,288
S01009104,542,144,398
S01009105,539,190,349
S01009106,542,160,382
S01009107,846,332,514
S01009108,639,234,405
S01009109,697,278,419
S01009110,558,161,397
S01009111,748,304,444
S01009112,396,183,213
S01009113,475,168,307
S01009114,616,199,417
S01009115,632,250,382
S01009116,593,184,409
S01009117,510,129,381
S01009118,407,155,252
S01009119,607,87,520
S01009120,495,137,358
S01009121,762,151,611
S01009122,961,367,594
S01009123,262,91,171
S01009124,647,239,408
S01009125,611,190,421
S01009126,481,68,413
S01009127,426,81,345
S01009128,581,83,498
S01009129,392,62,330
S01009130,456,117,339
S01009131,514,88,426
S01009132,624,231,393
S01009133,531,109,422
S01009134,681,212,469
S01009135,390,149,241
S01009136,706,332,374
S01009137,905,458,447
S01009138,709,260,449
S01009139,388,99,289
S01009140,505,141,364
S01009141,459,98,361
S01009142,576,139,437
S01009143,371,61,310
S01009144,1016,319,697
S01009145,1287,339,948
S01009146,781,158,623
S01009147,1088,298,790
S01009148,497,79,418
S01009149,597,217,380
S01009150,436,59,377
S01009151,538,189,349
S01009152,574,140,434
S01009153,554,207,347
S01009154,609,298,311
S01009155,438,225,213
S01009156,920,508,412
S01009157,599,147,452
S01009158,553,168,385
S01009159,400,42,358
S01009160,454,71,383
S01009161,562,92,470
S01009162,502,112,390
S01009163,366,122,244
S01009164,654,109,545
S01009165,453,83,370
S01009166,604,84,520
S01009167,474,68,406
S01009168,783,360,423
S01009169,564,118,446
S01009170,449,81,368
S01009171,1195,399,796
S01009172,734,404,330
S01009173,1009,525,484
S01009174,62,37,25
S01009175,1189,659,530
S01009176,933,516,417
S01009177,547,116,431
S01009178,517,92,425
S01009179,571,129,442
S01009180,671,125,546
S01009181,981,318,663
S01009182,809,270,539
S01009183,715,289,426
S01009184,783,178,605
S01009185,737,170,567
S01009186,654,178,476
S01009187,785,331,454
S01009188,935,317,618
S01009189,989,340,649
S01009190,991,326,665
S01009191,484,261,223
S01009192,858,247,611
S01009193,489,188,301
S01009194,646,293,353
S01009195,941,365,576
S01009196,462,141,321
S01009197,1382,702,680
S01009198,567,239,328
S01009199,597,237,360
S01009200,892,391,501
S01009201,468,142,326
S01009202,382,181,201
S01009203,393,71,322
S01009204,699,188,511
S01009205,861,375,486
S01009206,791,343,448
S01009207,702,309,393
S01009208,428,179,249
S01009209,862,428,434
S01009210,580,195,385
S01009211,474,128,346
S01009212,607,123,484
S01009213,566,116,450
S01009214,837,313,524
S01009215,725,176,549
S01009216,745,135,610
S01009217,505,77,428
S01009218,753,207,546
S01009219,496,91,405
S01009220,405,72,333
S01009221,397,61,336
S01009222,419,55,364
S01009223,370,68,302
S01009224,685,127,558
S01009225,493,84,409
S01009226,813,174,639
S01009227,431,91,340
S01009228,500,83,417
S01009229,619,192,427
S01009230,645,203,442
S01009231,667,188,479
S01009232,421,71,350
S01009233,502,108,394
S01009234,700,90,610
S01009235,598,126,472
S01009236,468,152,316
S01009237,491,184,307
S01009238,701,129,572
S01009239,576,113,463
S01009240,405,49,356
S01009241,575,87,488
S01009242,630,184,446
S01009243,805,198,607
S01009244,600,222,378
S01009245,619,215,404
S01009246,707,133,574
S01009247,821,157,664
S01009248,478,146,332
S01009249,748,138,610
S01009250,532,106,426
S01009251,387,108,279
S01009252,313,146,167
S01009253,485,86,399
S01009254,603,102,501
S01009255,575,149,426
S01009256,443,146,297
S01009257,492,147,345
S01009258,1123,525,598
S01009259,747,322,425
S01009260,1498,566,932
S01009261,541,123,418
S01009262,514,99,415
S01009263,855,381,474
S01009264,509,159,350
S01009265,514,151,363
S01009266,736,171,565
S01009267,550,177,373
S01009268,644,186,458
S01009269,1012,320,692
S01009270,466,99,367
S01009271,648,239,409
S01009272,556,82,474
S01009273,622,263,359
S01009274,580,213,367
S01009275,452,158,294
S01009276,747,304,443
S01009277,551,256,295
S01009278,593,285,308
S01009279,779,338,441
S01009280,538,60,478
S01009281,579,104,475
S01009282,960,462,498
S01009283,415,171,244
S01009284,556,262,294
S01009285,603,187,416
S01009286,709,291,418
S01009287,571,325,246
S01009288,624,304,320
S01009289,632,272,360
S01009290,441,222,219
S01009291,849,319,530
S01009292,332,62,270
S01009293,661,258,403
S01009294,702,298,404
S01009295,563,208,355
S01009296,696,241,455
S01009297,1116,518,598
S01009298,835,224,611
S01009299,738,323,415
S01009300,438,157,281
S01009301,673,209,464
S01009302,582,115,467
S01009303,513,260,253
S01009304,814,248,566
S01009305,697,269,428
S01009306,884,326,558
S01009307,903,372,531
S01009308,782,331,451
S01009309,525,247,278
S01009310,652,316,336
S01009311,621,136,485
S01009312,706,317,389
S01009313,432,104,328
S01009314,629,235,394
S01009315,449,106,343
S01009316,645,366,279
S01009317,634,284,350
S01009318,677,366,311
S01009319,651,312,339
S01009320,603,238,365
S01009321,760,335,425
S01009322,604,207,397
S01009323,971,362,609
S01009324,417,104,313
S01009325,658,299,359
S01009326,293,122,171
S01009327,397,168,229
S01009328,799,457,342
S01009330,83,13,70
S01009331,840,486,354
S01009332,562,270,292
S01009333,588,137,451
S01009334,385,80,305
S01009335,505,103,402
S01009336,376,79,297
S01009337,546,111,435
S01009338,1247,544,703
S01009339,648,102,546
S01009340,564,73,491
S01009341,614,100,514
S01009342,554,107,447
S01009343,395,104,291
S01009344,502,88,414
S01009345,804,208,596
S01009346,3942,2105,1837
S01009347,4074,2141,1933
S01009348,4009,2110,1899
S01009349,685,359,326
S01009350,117,32,85
S01009351,67,5,62
S01009352,52,30,22
S01009353,4247,2292,1955
S01009354,4627,2464,2163
S01009355,771,277,494
S01009356,709,272,437
S01009357,465,249,216
S01009358,305,192,113
S01009359,812,422,390
S01009360,592,259,333
S01009361,612,219,393
S01009362,856,321,535
S01009363,649,135,514
S01009364,598,155,443
S01009365,577,160,417
S01009366,579,120,459
S01009367,502,128,374
S01009368,685,249,436
S01009369,649,169,480
S01009370,596,151,445
S01009371,353,91,262
S01009372,442,92,350
S01009373,618,137,481
S01009374,674,169,505
S01009375,539,114,425
S01009376,623,119,504
S01009377,912,271,641
S01009378,816,214,602
S01009379,588,219,369
S01009380,532,161,371
S01009381,532,195,337
S01009382,962,278,684
S01009383,710,220,490
S01009384,402,238,164
S01009385,519,252,267
S01009386,715,168,547
S01009387,624,202,422
S01009388,708,181,527
S01009389,721,284,437
S01009390,490,291,199
S01009391,581,299,282
S01009392,370,163,207
S01009393,642,286,356
S01009394,631,319,312
S01009395,719,408,311
S01009396,518,304,214
S01009397,488,234,254
S01009398,832,320,512
S01009399,716,296,420
S01009400,636,206,430
S01009401,634,277,357
S01009402,549,256,293
S01009403,500,217,283
S01009404,389,87,302
S01009405,522,167,355
S01009406,630,169,461
S01009407,357,109,248
S01009408,605,226,379
S01009409,515,101,414
S01009410,578,92,486
S01009411,899,182,717
S01009412,586,84,502
S01009413,867,200,667
S01009414,537,125,412
S01009415,766,170,596
S01009416,446,130,316
S01009417,993,371,622
S01009418,925,188,737
S01009419,1363,432,931
S01009420,451,63,388
S01009421,440,70,370
S01009422,1455,503,952
S01009423,909,362,547
S01009424,479,162,317
S01009425,566,155,411
S01009426,640,98,542
S01009427,367,62,305
S01009428,376,57,319
S01009429,516,82,434
S01009430,478,88,390
S01009431,1324,450,874
S01009432,684,113,571
S01009433,469,61,408
S01009434,332,53,279
S01009435,577,84,493
S01009436,541,106,435
S01009437,642,116,526
S01009438,693,114,579
S01009439,710,115,595
S01009440,560,91,469
S01009441,563,74,489
S01009442,851,280,571
S01009443,1840,771,1069
S01009444,620,196,424
S01009445,725,131,594
S01009446,972,241,731
S01009447,512,101,411
S01009448,494,116,378
S01009449,446,79,367
S01009450,436,53,383
S01009451,764,98,666
S01009452,505,74,431
S01009453,644,106,538
S01009454,741,399,342
S01009455,923,489,434
S01009456,578,128,450
S01009457,531,219,312
S01009458,443,159,284
S01009459,718,220,498
S01009460,503,96,407
S01009461,506,272,234
S01009462,841,368,473
S01009463,671,228,443
S01009464,574,206,368
S01009465,842,376,466
S01009466,567,270,297
S01009467,562,297,265
S01009468,509,133,376
S01009469,547,229,318
S01009470,1091,496,595
S01009471,400,100,300
S01009472,728,271,457
S01009473,626,109,517
S01009474,526,144,382
S01009475,166,61,105
S01009476,871,422,449
S01009477,659,280,379
S01009478,682,228,454
S01009479,664,264,400
S01009480,752,358,394
S01009481,630,201,429
S01009482,419,136,283
S01009483,510,205,305
S01009484,762,280,482
S01009485,479,116,363
S01009486,493,177,316
S01009487,722,166,556
S01009488,597,180,417
S01009489,536,108,428
S01009490,501,65,436
S01009491,433,85,348
S01009492,603,101,502
S01009493,1305,701,604
S01009494,837,358,479
S01009495,634,257,377
S01009496,531,98,433
S01009497,764,199,565
S01009498,470,203,267
S01009499,532,171,361
S01009500,498,88,410
S01009501,456,75,381
S01009502,636,106,530
S01009503,642,150,492
S01009504,509,75,434
S01009505,503,70,433
S01009506,675,108,567
S01009507,690,179,511
S01009508,721,116,605
S01009509,635,108,527
S01009510,558,203,355
S01009511,627,244,383
S01009512,709,250,459
S01009513,634,245,389
S01009514,611,245,366
S01009515,505,82,423
S01009516,733,178,555
S01009517,52,14,38
S01009518,1432,663,769
S01009519,624,148,476
S01009520,1923,834,1089
S01009521,566,91,475
S01009522,724,133,591
S01009523,452,87,365
S01009524,521,144,377
S01009525,328,85,243
S01009526,494,199,295
S01009527,587,197,390
S01009528,521,171,350
S01009529,700,205,495
S01009530,599,269,330
S01009531,597,87,510
S01009532,629,96,533
S01009533,620,116,504
S01009534,452,74,378
S01009535,532,85,447
S01009536,326,75,251
S01009537,393,105,288
S01009538,645,180,465
S01009539,661,143,518
S01009540,650,146,504
S01009541,836,249,587
S01009542,659,127,532
S01009543,677,199,478
S01009544,699,193,506
S01009545,732,205,527
S01009546,492,68,424
S01009547,652,148,504
S01009548,685,174,511
S01009549,890,265,625
S01009550,372,129,243
S01009551,439,117,322
S01009552,1183,364,819
S01009553,673,143,530
S01009554,520,104,416
S01009555,601,159,442
S01009556,588,122,466
S01009557,585,100,485
S01009558,392,52,340
S01009559,783,118,665
S01009560,504,105,399
S01009561,398,80,318
S01009562,719,175,544
S01009563,562,121,441
S01009564,421,121,300
S01009565,354,77,277
S01009566,1123,353,770
S01009567,633,154,479
S01009568,536,126,410
S01009569,662,121,541
S01009570,408,74,334
S01009571,455,72,383
S01009572,622,103,519
S01009573,425,55,370
S01009574,936,246,690
S01009575,504,135,369
S01009576,971,364,607
S01009577,624,245,379
S01009578,689,179,510
S01009579,200,57,143
S01009580,789,289,500
S01009581,530,139,391
S01009582,386,92,294
S01009583,503,94,409
S01009584,341,120,221
S01009585,830,167,663
S01009586,704,167,537
S01009587,603,151,452
S01009588,638,133,505
S01009589,718,147,571
S01009590,604,285,319
S01009591,692,282,410
S01009592,753,333,420
S01009593,470,196,274
S01009594,440,173,267
S01009595,551,211,340
S01009596,707,177,530
S01009597,623,101,522
S01009598,407,76,331
S01009599,790,192,598
S01009600,623,146,477
S01009601,562,137,425
S01009602,543,250,293
S01009603,472,185,287
S01009604,496,137,359
S01009605,652,163,489
S01009606,519,256,263
S01009607,374,173,201
S01009608,386,104,282
S01009609,727,259,468
S01009610,704,217,487
S01009611,312,117,195
S01009612,409,93,316
S01009613,488,203,285
S01009614,441,142,299
S01009615,439,117,322
S01009616,1172,341,831
S01009617,568,168,400
S01009618,645,110,535
S01009619,471,94,377
S01009620,575,96,479
S01009621,518,104,414
S01009622,508,67,441
S01009623,464,74,390
S01009624,582,93,489
S01009625,1020,220,800
S01009626,467,53,414
S01009627,572,91,481
S01009628,366,50,316
S01009629,1013,229,784
S01009630,454,66,388
S01009631,511,68,443
S01009632,397,44,353
S01009633,389,37,352
S01009634,459,56,403
S01009635,802,131,671
S01009636,542,64,478
S01009637,619,114,505
S01009638,393,66,327
S01009639,624,259,365
S01009640,550,140,410
S01009641,558,133,425
S01009642,683,201,482
S01009643,559,188,371
S01009644,350,53,297
S01009645,578,114,464
S01009646,469,90,379
S01009647,355,66,289
S01009648,824,167,657
S01009649,999,274,725
S01009650,531,215,316
S01009651,629,262,367
S01009652,723,342,381
S01009653,540,240,300
S01009654,369,135,234
S01009655,641,95,546
S01009656,501,64,437
S01009657,647,163,484
S01009658,780,170,610
S01009659,398,87,311
S01009660,662,154,508
S01009661,1244,473,771
S01009662,610,228,382
S01009663,538,229,309
S01009664,787,341,446
S01009665,937,356,581
S01009666,782,298,484
S01009667,363,164,199
S01009668,381,174,207
S01009669,411,144,267
S01009670,514,229,285
S01009671,632,280,352
S01009672,839,252,587
S01009673,575,200,375
S01009674,787,322,465
S01009675,614,260,354
S01009676,916,335,581
S01009677,530,233,297
S01009678,412,103,309
S01009679,783,228,555
S01009680,850,253,597
S01009681,523,159,364
S01009682,566,262,304
S01009683,493,258,235
S01009684,905,432,473
S01009685,722,260,462
S01009686,830,309,521
S01009687,681,251,430
S01009688,735,192,543
S01009689,377,133,244
S01009690,523,200,323
S01009691,464,214,250
S01009692,794,313,481
S01009693,599,267,332
S01009694,769,343,426
S01009695,645,294,351
S01009696,685,329,356
S01009697,559,265,294
S01009698,494,212,282
S01009699,365,140,225
S01009700,437,133,304
S01009701,462,213,249
S01009702,429,168,261
S01009703,572,167,405
S01009704,754,276,478
S01009705,501,117,384
S01009706,508,151,357
S01009707,324,134,190
S01009708,505,172,333
S01009709,576,169,407
S01009710,423,139,284
S01009711,627,155,472
S01009712,464,161,303
S01009713,584,218,366
S01009714,611,261,350
S01009715,458,195,263
S01009716,726,338,388
S01009717,543,197,346
S01009718,493,125,368
S01009719,596,176,420
S01009720,520,137,383
S01009721,103,50,53
S01009722,225,117,108
S01009723,192,102,90
S01009724,447,134,313
S01009725,311,132,179
S01009726,136,65,71
S01009727,943,474,469
S01009728,490,280,210
S01009729,629,365,264
S01009730,990,427,563
S01009731,507,280,227
S01009732,425,230,195
S01009733,491,214,277
S01009734,914,489,425
S01009735,458,314,144
S01009736,233,127,106
S01009737,556,196,360
S01009738,310,97,213
S01009739,495,256,239
S01009740,506,139,367
S01009741,650,269,381
S01009742,364,206,158
S01009743,828,424,404
S01009744,574,256,318
S01009745,815,361,454
S01009746,563,266,297
S01009747,681,287,394
S01009748,506,228,278
S01009749,646,300,346
S01009750,488,172,316
S01009751,707,260,447
S01009752,618,372,246
S01009753,525,305,220
S01009754,970,503,467
S01009755,438,251,187
S01009756,612,381,231
S01009757,544,371,173
S01009758,654,207,447
S01009759,608,53,555
S01009760,632,82,550
S01009761,1398,536,862
S01009762,620,69,551
S01009763,278,133,145
S01009764,678,135,543
S01009765,625,134,491
S01009766,573,189,384
S01009767,1213,443,770
S01009768,477,136,341
S01009769,916,294,622
S01009770,537,161,376
S01009771,531,165,366
S01009772,1228,508,720
S01009773,117,39,78
S01009774,64,19,45
S01009775,474,60,414
S01009776,605,74,531
S01009777,362,51,311
S01009778,668,81,587
S01009779,399,42,357
S01009780,713,129,584
S01009781,457,58,399
S01009782,591,130,461
S01009783,439,71,368
S01009784,548,75,473
S01009785,654,82,572
S01009786,633,82,551
S01009787,506,67,439
S01009788,757,137,620
S01009789,712,140,572
S01009790,601,107,494
S01009791,416,61,355
S01009792,270,113,157
S01009793,656,221,435
S01009794,333,141,192
S01009795,665,268,397
S01009796,1217,525,692
S01009797,618,241,377
S01009798,671,235,436
S01009799,801,104,697
S01009800,726,118,608
S01009801,716,93,623
S01009802,588,125,463
S01009803,627,135,492
S01009804,1007,451,556
S01009805,545,97,448
S01009806,724,188,536
S01009807,569,116,453
S01009808,671,116,555
S01009809,679,157,522
S01009810,564,105,459
S01009811,764,144,620
S01009812,530,107,423
S01009813,562,97,465
S01009814,680,208,472
S01009815,653,189,464
S01009816,720,219,501
S01009817,512,161,351
S01009818,634,263,371
S01009819,653,230,423
S01009820,607,188,419
S01009821,483,205,278
S01009822,486,140,346
S01009823,562,95,467
S01009824,649,139,510
S01009825,784,178,606
S01009826,430,67,363
S01009827,519,76,443
S01009828,731,178,553
S01009829,699,178,521
S01009830,579,117,462
S01009831,731,200,531
S01009832,681,196,485
S01009833,433,154,279
S01009834,712,151,561
S01009835,356,39,317
S01009836,619,152,467
S01009837,610,121,489
S01009838,458,111,347
S01009839,692,130,562
S01009840,622,115,507
S01009841,708,138,570
S01009842,536,97,439
S01009843,415,58,357
S01009844,396,61,335
S01009845,761,122,639
S01009846,638,127,511
S01009847,467,79,388
S01009848,517,82,435
S01009849,621,166,455
S01009850,630,152,478
S01009851,656,123,533
S01009852,341,100,241
S01009853,543,125,418
S01009854,604,131,473
S01009855,484,170,314
S01009856,371,125,246
S01009857,545,182,363
S01009858,610,153,457
S01009859,651,106,545
S01009860,635,140,495
S01009861,797,148,649
S01009862,677,126,551
S01009863,638,159,479
S01009864,485,150,335
S01009865,375,109,266
S01009866,658,171,487
S01009867,856,372,484
S01009868,715,248,467
S01009869,510,174,336
S01009870,486,134,352
S01009871,568,180,388
S01009872,498,182,316
S01009873,548,246,302
S01009874,655,239,416
S01009875,392,105,287
S01009876,539,169,370
S01009877,544,335,209
S01009878,333,104,229
S01009879,630,420,210
S01009880,607,299,308
S01009881,462,159,303
S01009882,903,435,468
S01009883,659,289,370
S01009884,555,260,295
S01009885,419,177,242
S01009886,360,154,206
S01009887,600,177,423
S01009888,405,133,272
S01009889,600,199,401
S01009890,444,85,359
S01009891,461,141,320
S01009892,747,179,568
S01009893,558,184,374
S01009894,580,138,442
S01009895,536,112,424
S01009896,676,122,554
S01009897,782,256,526
S01009898,547,94,453
S01009899,728,337,391
S01009900,903,527,376
S01009901,767,440,327
S01009902,693,216,477
S01009903,647,346,301
S01009904,530,304,226
S01009905,426,192,234
S01009906,439,193,246
S01009907,825,324,501
S01009908,919,499,420
S01009909,666,330,336
S01009910,591,332,259
S01009911,811,472,339
S01009912,621,385,236
S01009913,589,309,280
S01009914,621,365,256
S01009915,581,369,212
S01009916,678,308,370
S01009917,555,328,227
S01009918,586,372,214
S01009919,784,322,462
S01009920,809,451,358
S01009921,609,344,265
S01009922,977,558,419
S01009923,721,342,379
S01009924,809,411,398
S01009925,852,449,403
S01009926,690,387,303
S01009927,436,217,219
S01009928,676,458,218
S01009929,403,242,161
S01009930,789,414,375
S01009931,700,430,270
S01009932,773,434,339
S01009933,1074,398,676
S01009934,933,518,415
S01009935,470,121,349
S01009936,744,318,426
S01009937,367,67,300
S01009938,613,154,459
S01009939,556,66,490
S01009940,519,58,461
S01009941,697,203,494
S01009942,665,85,580
S01009943,780,101,679
S01009944,644,191,453
S01009945,618,145,473
S01009946,614,158,456
S01009947,512,162,350
S01009948,762,233,529
S01009949,585,203,382
S01009950,462,297,165
S01009951,529,345,184
S01009952,671,335,336
S01009953,863,399,464
S01009954,430,180,250
S01009955,702,326,376
S01009956,497,180,317
S01009957,864,509,355
S01009958,823,461,362
S01009959,550,325,225
S01009960,822,474,348
S01009961,438,162,276
S01009962,788,320,468
S01009963,781,346,435
S01009964,809,410,399
S01009965,616,228,388
S01009966,782,251,531
S01009967,695,398,297
S01009968,414,120,294
S01009969,838,398,440
S01009970,584,73,511
S01009971,956,202,754
S01009972,537,172,365
S01009973,539,112,427
S01009974,528,48,480
S01009975,487,57,430
S01009976,474,69,405
S01009977,646,88,558
S01009978,732,107,625
S01009979,586,77,509
S01009980,391,46,345
S01009981,535,89,446
S01009982,586,126,460
S01009983,315,39,276
S01009984,608,99,509
S01009985,333,35,298
S01009986,410,54,356
S01009987,529,67,462
S01009988,382,45,337
S01009989,671,157,514
S01009990,655,155,500
S01009991,678,179,499
S01009992,537,76,461
S01009993,561,170,391
S01009994,456,120,336
S01009995,448,116,332
S01009996,571,145,426
S01009997,416,124,292
S01009998,576,230,346
S01009999,553,194,359
S01010000,564,159,405
S01010001,483,150,333
S01010002,879,240,639
S01010003,658,225,433
S01010004,570,272,298
S01010005,696,253,443
S01010006,937,417,520
S01010007,633,307,326
S01010008,591,304,287
S01010009,504,202,302
S01010010,945,505,440
S01010011,632,282,350
S01010012,962,389,573
S01010013,724,321,403
S01010014,915,410,505
S01010015,763,400,363
S01010016,436,88,348
S01010017,568,80,488
S01010018,744,161,583
S01010019,677,104,573
S01010020,627,103,524
S01010021,404,58,346
S01010022,634,140,494
S01010023,824,212,612
S01010024,512,143,369
S01010025,520,132,388
S01010026,1103,379,724
S01010027,1135,506,629
S01010028,446,123,323
S01010029,325,52,273
S01010030,626,263,363
S01010031,644,379,265
S01010032,766,299,467
S01010033,660,186,474
S01010034,693,174,519
S01010035,401,68,333
S01010036,898,493,405
S01010037,614,108,506
S01010038,828,191,637
S01010039,580,314,266
S01010040,653,258,395
S01010041,642,313,329
S01010042,964,387,577
S01010043,606,138,468
S01010044,932,235,697
S01010045,451,45,406
S01010046,704,113,591
S01010047,608,70,538
S01010048,824,100,724
S01010049,590,55,535
S01010050,541,64,477
S01010051,467,55,412
S01010052,405,69,336
S01010053,495,80,415
S01010054,371,35,336
S01010055,784,131,653
S01010056,348,37,311
S01010057,315,60,255
S01010058,617,94,523
S01010059,483,119,364
S01010060,617,116,501
S01010061,529,133,396
S01010062,488,92,396
S01010063,719,128,591
S01010064,479,97,382
S01010065,532,77,455
S01010066,445,48,397
S01010067,618,119,499
S01010068,462,95,367
S01010069,731,191,540
S01010070,471,136,335
S01010071,575,129,446
S01010072,749,174,575
S01010073,661,172,489
S01010074,720,248,472
S01010075,486,72,414
S01010076,551,106,445
S01010077,477,75,402
S01010078,460,167,293
S01010079,621,262,359
S01010080,552,206,346
S01010081,760,277,483
S01010082,575,236,339
S01010083,654,131,523
S01010084,719,87,632
S01010085,761,215,546
S01010086,662,105,557
S01010087,409,140,269
S01010088,993,438,555
S01010089,668,181,487
S01010090,737,245,492
S01010091,1176,500,676
S01010092,672,142,530
S01010093,645,184,461
S01010094,788,252,536
S01010095,855,275,580
S01010096,600,207,393
S01010097,472,135,337
S01010098,463,158,305
S01010099,610,217,393
S01010100,601,183,418
S01010101,730,200,530
S01010102,499,201,298
S01010103,586,202,384
S01010104,676,246,430
S01010105,436,65,371
S01010106,383,62,321
S01010107,603,73,530
S01010108,499,71,428
S01010109,1440,517,923
S01010110,601,76,525
S01010111,623,79,544
S01010112,630,76,554
S01010113,280,35,245
S01010114,495,50,445
S01010115,390,85,305
S01010116,870,216,654
S01010117,954,466,488
S01010118,404,46,358
S01010119,299,52,247
S01010120,531,60,471
S01010121,446,44,402
S01010122,303,35,268
S01010123,410,57,353
S01010124,486,108,378
S01010125,531,84,447
S01010126,436,94,342
S01010127,429,78,351
S01010128,374,43,331
S01010129,567,68,499
S01010130,579,91,488
S01010131,748,210,538
S01010132,648,93,555
S01010133,585,83,502
S01010134,811,144,667
S01010135,701,109,592
S01010136,681,159,522
S01010137,761,171,590
S01010138,641,93,548
S01010139,800,152,648
S01010140,662,142,520
S01010141,651,94,557
S01010142,418,80,338
S01010143,505,83,422
S01010144,465,94,371
S01010145,494,112,382
S01010146,774,112,662
S01010147,663,87,576
S01010148,787,161,626
S01010149,458,121,337
S01010150,522,72,450
S01010151,533,75,458
S01010152,592,102,490
S01010153,640,124,516
S01010154,577,108,469
S01010155,481,76,405
S01010156,603,85,518
S01010157,573,69,504
S01010158,560,94,466
S01010159,447,82,365
S01010160,465,37,428
S01010161,551,95,456
S01010162,504,53,451
S01010163,698,93,605
S01010164,486,75,411
S01010165,339,39,300
S01010166,926,204,722
S01010167,586,51,535
S01010168,367,60,307
S01010169,487,97,390
S01010170,576,72,504
S01010171,865,177,688
S01010172,482,108,374
S01010173,644,110,534
S01010174,1003,149,854
S01010175,293,54,239
S01010176,600,126,474
S01010177,394,49,345
S01010178,572,81,491
S01010179,982,150,832
S01010180,532,98,434
S01010181,612,104,508
S01010182,784,228,556
S01010183,928,334,594
S01010184,369,43,326
S01010185,421,49,372
S01010186,433,123,310
S01010187,586,166,420
S01010188,1270,515,755
S01010189,630,242,388
S01010190,140,57,83
S01010191,457,185,272
S01010192,676,251,425
S01010193,582,210,372
S01010194,418,76,342
S01010195,606,112,494
S01010196,505,66,439
S01010197,457,64,393
S01010198,669,96,573
S01010199,373,49,324
S01010200,427,62,365
S01010201,591,104,487
S01010202,369,52,317
S01010203,485,118,367
S01010204,668,104,564
S01010205,431,100,331
S01010206,114,17,97
S01010207,308,47,261
S01010208,716,188,528
S01010209,579,146,433
S01010210,650,173,477
S01010211,529,84,445
S01010212,686,98,588
S01010213,685,113,572
S01010214,619,157,462
S01010215,617,70,547
S01010216,559,85,474
S01010217,551,101,450
S01010218,734,155,579
S01010219,337,57,280
S01010220,386,187,199
S01010221,370,53,317
S01010222,495,86,409
S01010223,420,82,338
S01010224,674,113,561
S01010225,607,160,447
S01010226,347,56,291
S01010227,340,58,282
S01010228,404,43,361
S01010229,687,113,574
S01010230,674,100,574
S01010231,558,73,485
S01010232,484,66,418
S01010233,775,120,655
S01010234,705,293,412
S01010235,500,308,192
S01010236,483,222,261
S01010237,677,305,372
S01010238,697,273,424
S01010239,633,127,506
S01010240,750,225,525
S01010241,670,221,449
S01010242,730,177,553
S01010243,799,163,636
S01010244,599,115,484
S01010245,636,60,576
S01010246,618,81,537
S01010247,617,127,490
S01010248,644,329,315
S01010249,659,281,378
S01010250,688,341,347
S01010251,456,215,241
S01010252,502,224,278
S01010253,420,91,329
S01010254,742,175,567
S01010255,663,95,568
S01010256,675,132,543
S01010257,524,243,281
S01010258,687,414,273
S01010259,522,96,426
S01010260,497,264,233
S01010261,607,96,511
S01010262,655,129,526
S01010263,474,301,173
S01010264,816,456,360
S01010265,683,483,200
S01010266,393,196,197
S01010267,316,161,155
S01010268,462,222,240
S01010269,511,188,323
S01010270,856,266,590
S01010271,375,172,203
S01010272,745,330,415
S01010273,622,383,239
S01010274,417,241,176
S01010275,758,454,304
S01010276,708,483,225
S01010277,353,75,278
S01010278,745,222,523
S01010279,462,194,268
S01010280,549,269,280
S01010281,457,247,210
S01010282,741,343,398
S01010283,505,296,209
S01010284,854,493,361
S01010285,595,310,285
S01010286,939,557,382
S01010287,525,284,241
S01010288,639,402,237
S01010289,545,395,150
S01010290,431,223,208
S01010291,480,216,264
S01010292,608,341,267
S01010293,378,170,208
S01010294,391,195,196
S01010295,414,204,210
S01010296,404,167,237
S01010297,550,189,361
S01010298,524,197,327
S01010299,335,89,246
S01010300,766,315,451
S01010301,254,112,142
S01010302,463,110,353
S01010303,254,46,208
S01010304,415,109,306
S01010305,697,254,443
S01010306,466,248,218
S01010307,572,358,214
S01010308,572,375,197
S01010309,395,52,343
S01010310,474,62,412
S01010311,555,63,492
S01010312,574,61,513
S01010313,799,134,665
S01010314,738,194,544
S01010315,647,176,471
S01010316,636,181,455
S01010317,845,508,337
S01010318,409,137,272
S01010319,688,270,418
S01010320,490,185,305
S01010321,700,298,402
S01010322,909,580,329
S01010323,395,48,347
S01010324,591,73,518
S01010325,618,77,541
S01010326,738,136,602
S01010327,733,172,561
S01010328,685,139,546
S01010329,334,62,272
S01010330,393,42,351
S01010331,750,114,636
S01010332,595,70,525
S01010333,581,90,491
S01010334,782,144,638
S01010335,636,81,555
S01010336,648,181,467
S01010337,553,59,494
S01010338,503,67,436
S01010339,517,87,430
S01010340,499,89,410
S01010341,534,125,409
S01010342,576,151,425
S01010343,939,340,599
S01010344,596,76,520
S01010345,389,176,213
S01010346,755,279,476
S01010347,537,127,410
S01010348,690,132,558
S01010349,758,128,630
S01010350,767,121,646
S01010351,610,153,457
S01010352,517,123,394
S01010353,598,96,502
S01010354,439,94,345
S01010355,719,157,562
S01010356,464,135,329
S01010357,422,81,341
S01010358,521,76,445
S01010359,611,91,520
S01010360,325,74,251
S01010361,301,52,249
S01010362,613,171,442
S01010363,502,291,211
S01010364,776,445,331
S01010365,792,536,256
S01010366,948,564,384
S01010367,771,524,247
S01010368,589,423,166
S01010369,542,321,221
S01010370,477,334,143
S01010371,707,496,211
S01010372,597,407,190
S01010373,498,326,172
S01010374,601,431,170
S01010375,423,288,135
S01010376,435,266,169
S01010377,413,221,192
S01010378,331,227,104
S01010379,571,362,209
S01010380,689,444,245
S01010381,617,350,267
S01010382,578,334,244
S01010383,497,170,327
S01010384,815,470,345
S01010385,637,321,316
S01010386,751,343,408
S01010387,1056,534,522
S01010388,720,247,473
S01010389,1263,891,372
S01010390,944,494,450
S01010391,2102,1311,791
S01010392,1409,930,479
S01010393,1121,672,449
S01010394,591,241,350
S01010395,778,391,387
S01010396,659,332,327
S01010397,590,412,178
S01010398,722,469,253
S01010399,1231,964,267
S01010400,722,517,205
S01010401,524,359,165
S01010402,803,590,213
S01010403,770,586,184
S01010404,831,583,248
S01010405,717,535,182
S01010406,619,428,191
S01010407,586,398,188
S01010408,413,226,187
S01010409,783,465,318
S01010410,364,242,122
S01010411,897,648,249
S01010412,652,439,213
S01010413,575,376,199
S01010414,763,487,276
S01010415,727,248,479
S01010416,582,347,235
S01010417,375,252,123
S01010418,840,563,277
S01010419,1100,755,345
S01010420,682,430,252
S01010421,555,376,179
S01010422,714,396,318
S01010423,665,197,468
S01010424,637,226,411
S01010425,654,184,470
S01010426,738,259,479
S01010427,595,160,435
S01010428,972,453,519
S01010429,636,409,227
S01010430,605,107,498
S01010431,612,394,218
S01010432,547,112,435
S01010433,367,40,327
S01010434,451,115,336
S01010435,415,91,324
S01010436,486,129,357
S01010437,331,70,261
S01010438,587,158,429
S01010439,837,233,604
S01010440,657,164,493
S01010441,689,269,420
S01010442,541,146,395
S01010443,464,100,364
S01010444,413,80,333
S01010445,556,102,454
S01010446,560,153,407
S01010447,662,126,536
S01010448,665,198,467
S01010449,604,137,467
S01010450,581,143,438
S01010451,611,163,448
S01010452,569,148,421
S01010453,644,138,506
S01010454,721,171,550
S01010455,570,104,466
S01010456,378,96,282
S01010457,602,148,454
S01010458,516,118,398
S01010459,460,124,336
S01010460,523,297,226
S01010461,623,170,453
S01010462,418,62,356
S01010463,479,186,293
S01010464,407,130,277
S01010465,712,340,372
S01010466,979,513,466
S01010467,578,335,243
S01010468,721,393,328
S01010469,532,242,290
S01010470,538,157,381
S01010471,550,149,401
S01010472,944,560,384
S01010473,721,316,405
S01010474,650,279,371
S01010475,891,514,377
S01010476,609,252,357
S01010477,642,177,465
S01010478,921,227,694
S01010479,624,162,462
S01010480,519,170,349
S01010481,463,73,390
S01010482,588,159,429
S01010483,723,215,508
S01010484,635,203,432
S01010485,629,206,423
S01010486,802,285,517
S01010487,667,181,486
S01010488,730,116,614
S01010489,790,130,660
S01010490,440,53,387
S01010491,524,59,465
S01010492,396,42,354
S01010493,608,55,553
S01010494,411,71,340
S01010495,624,76,548
S01010496,837,89,748
S01010497,589,88,501
S01010498,739,76,663
S01010499,656,110,546
S01010500,643,126,517
S01010501,563,78,485
S01010502,467,94,373
S01010503,492,56,436
S01010504,369,113,256
S01010505,458,141,317
S01010506,629,215,414
S01010507,731,200,531
S01010508,794,253,541
S01010509,867,296,571
S01010510,1109,308,801
S01010511,797,160,637
S01010512,603,186,417
S01010513,640,228,412
S01010514,597,109,488
S01010515,646,128,518
S01010516,450,155,295
S01010517,766,242,524
S01010518,649,179,470
S01010519,632,187,445
S01010520,781,214,567
S01010521,721,190,531
S01010522,515,115,400
S01010523,655,147,508
S01010524,449,148,301
S01010525,541,179,362
S01010526,640,190,450
S01010527,912,264,648
S01010528,537,215,322
S01010529,752,268,484
S01010530,527,162,365
S01010531,760,235,525
S01010532,584,193,391
S01010533,624,226,398
S01010534,752,227,525
S01010535,493,199,294
S01010536,844,237,607
S01010537,1054,279,775
S01010538,749,243,506
S01010539,821,272,549
S01010540,439,174,265
S01010541,622,220,402
S01010542,741,272,469
S01010543,452,141,311
S01010544,860,221,639
S01010545,476,151,325
S01010546,651,192,459
S01010547,526,165,361
S01010548,396,136,260
S01010549,851,355,496
S01010550,459,153,306
S01010551,553,185,368
S01010552,696,264,432
S01010553,452,162,290
S01010554,526,165,361
S01010555,703,228,475
S01010556,705,182,523
S01010557,465,146,319
S01010558,395,105,290
S01010559,456,233,223
S01010560,453,183,270
S01010561,627,259,368
S01010562,706,197,509
S01010563,547,119,428
S01010564,559,143,416
S01010565,673,221,452
S01010566,727,274,453
S01010567,819,360,459
S01010568,983,371,612
S01010569,721,240,481
S01010570,1079,308,771
S01010571,696,241,455
S01010572,725,172,553
S01010573,476,116,360
S01010574,381,169,212
S01010575,595,237,358
S01010576,571,247,324
S01010577,569,109,460
S01010578,399,98,301
S01010579,532,179,353
S01010580,402,124,278
S01010581,593,207,386
S01010582,441,178,263
S01010583,692,272,420
S01010584,1367,553,814
S01010585,1342,567,775
S01010586,470,229,241
S01010587,575,248,327
S01010588,568,225,343
S01010589,1591,615,976
S01010590,1184,558,626
S01010591,401,159,242
S01010592,276,90,186
S01010593,1568,705,863
S01010594,1204,512,692
S01010595,1200,517,683
S01010596,2274,1017,1257
S01010597,1632,731,901
S01010598,1720,778,942
S01010599,571,244,327
S01010600,1133,528,605
S01010601,463,200,263
S01010602,485,190,295
S01010603,563,232,331
S01010604,549,240,309
S01010605,944,397,547
S01010606,664,153,511
S01010607,709,337,372
S01010608,480,118,362
S01010609,388,78,310
S01010610,533,242,291
S01010611,866,218,648
S01010612,523,146,377
S01010613,573,197,376
S01010614,475,77,398
S01010615,725,251,474
S01010616,732,300,432
S01010617,716,285,431
S01010618,736,240,496
S01010619,914,270,644
S01010620,559,160,399
S01010621,771,347,424
S01010622,415,87,328
S01010623,633,228,405
S01010624,498,168,330
S01010625,533,269,264
S01010626,639,310,329
S01010627,713,307,406
S01010628,862,301,561
S01010629,818,356,462
S01010630,461,132,329
S01010631,668,262,406
S01010632,619,136,483
S01010633,624,99,525
S01010634,440,83,357
S01010635,508,97,411
S01010636,701,247,454
S01010637,645,178,467
S01010638,651,170,481
S01010639,912,196,716
S01010640,665,207,458
S01010641,865,166,699
S01010642,610,76,534
S01010643,487,62,425
S01010644,534,51,483
S01010645,590,198,392
S01010646,571,208,363
S01010647,474,160,314
S01010648,688,188,500
S01010649,522,180,342
S01010650,482,163,319
S01010651,480,95,385
S01010652,577,215,362
S01010653,573,163,410
S01010654,551,115,436
S01010655,693,242,451
S01010656,479,150,329
S01010657,660,259,401
S01010658,759,302,457
S01010659,562,242,320
S01010660,617,198,419
S01010661,558,170,388
S01010662,614,233,381
S01010663,1046,364,682
S01010664,569,208,361
S01010665,716,252,464
S01010666,934,318,616
S01010667,557,212,345
S01010668,910,267,643
S01010669,394,128,266
S01010670,647,207,440
S01010671,624,210,414
S01010672,935,231,704
S01010673,816,270,546
S01010674,835,260,575
S01010675,704,214,490
S01010676,833,307,526
S01010677,343,128,215
S01010678,725,206,519
S01010679,1040,323,717
S01010680,549,139,410
S01010681,864,243,621
S01010682,948,305,643
S01010683,680,203,477
S01010684,779,256,523
S01010685,561,187,374
S01010686,487,135,352
S01010687,734,238,496
S01010688,643,219,424
S01010689,696,265,431
S01010690,626,151,475
S01010691,710,225,485
S01010692,503,123,380
S01010693,272,104,168
S01010694,569,183,386
S01010695,508,181,327
S01010696,786,260,526
S01010697,752,268,484
S01010698,520,152,368
S01010699,426,139,287
S01010700,431,160,271
S01010701,875,300,575
S01010702,749,274,475
S01010703,636,223,413
S01010704,851,200,651
S01010705,864,269,595
S01010706,572,166,406
S01010707,532,195,337
S01010708,730,253,477
S01010709,591,204,387
S01010710,632,173,459
S01010711,518,238,280
S01010712,558,119,439
S01010713,704,161,543
S01010714,536,97,439
S01010715,551,119,432
S01010716,671,197,474
S01010717,698,262,436
S01010718,732,267,465
S01010719,583,239,344
S01010720,582,258,324
S01010721,569,239,330
S01010722,793,314,479
S01010723,754,318,436
S01010724,592,228,364
S01010725,614,269,345
S01010726,766,320,446
S01010727,539,232,307
S01010728,697,329,368
S01010729,670,259,411
S01010730,598,253,345
S01010731,616,216,400
S01010732,542,80,462
S01010733,634,111,523
S01010734,635,114,521
S01010735,669,171,498
S01010736,372,128,244
S01010737,720,191,529
S01010738,772,184,588
S01010739,581,141,440
S01010740,424,85,339
S01010741,447,113,334
S01010742,575,123,452
S01010743,560,98,462
S01010744,774,240,534
S01010745,476,120,356
S01010746,710,210,500
S01010747,751,194,557
S01010748,441,124,317
S01010749,516,158,358
S01010750,452,141,311
S01010751,644,125,519
S01010752,693,168,525
S01010753,833,230,603
S01010754,648,181,467
S01010755,562,121,441
S01010756,564,182,382
S01010757,617,165,452
S01010758,462,141,321
S01010759,428,109,319
S01010760,513,183,330
S01010761,368,118,250
S01010762,405,121,284
S01010763,604,160,444
S01010764,403,133,270
S01010765,859,239,620
S01010766,514,150,364
S01010767,463,102,361
S01010768,489,111,378
S01010769,357,123,234
S01010770,581,126,455
S01010771,651,153,498
S01010772,550,141,409
S01010773,569,147,422
S01010774,921,240,681
S01010775,465,129,336
S01010776,565,142,423
S01010777,329,72,257
S01010778,388,63,325
S01010779,628,138,490
S01010780,434,118,316
S01010781,659,214,445
S01010782,382,94,288
S01010783,570,88,482
S01010784,732,147,585
S01010785,572,178,394
S01010786,436,126,310
S01010787,610,166,444
S01010788,434,113,321
S01010789,604,145,459
S01010790,578,156,422
S01010791,701,231,470
S01010792,791,213,578
S01010793,451,154,297
S01010794,382,133,249
S01010795,892,280,612
S01010796,999,341,658
S01010797,546,199,347
S01010798,458,156,302
S01010799,694,251,443
S01010800,534,111,423
S01010801,538,131,407
S01010802,428,150,278
S01010803,364,109,255
S01010804,520,195,325
S01010805,868,314,554
S01010806,582,159,423
S01010807,375,113,262
S01010808,358,149,209
S01010809,701,293,408
S01010810,340,111,229
S01010811,662,214,448
S01010812,344,77,267
S01010813,663,181,482
S01010814,530,152,378
S01010815,415,128,287
S01010816,513,293,220
S01010817,792,427,365
S01010818,903,489,414
S01010819,690,278,412
S01010820,903,362,541
S01010821,574,330,244
S01010822,462,273,189
S01010823,419,106,313
S01010824,780,365,415
S01010825,1044,426,618
S01010826,516,252,264
S01010827,483,196,287
S01010828,816,396,420
S01010829,823,375,448
S01010830,380,137,243
S01010831,367,175,192
S01010832,519,162,357
S01010833,803,420,383
S01010834,1114,580,534
S01010835,512,253,259
S01010836,630,291,339
S01010837,559,177,382
S01010838,770,194,576
S01010839,565,191,374
S01010840,395,163,232
S01010841,769,303,466
S01010842,602,169,433
S01010843,494,138,356
S01010844,560,228,332
S01010845,421,141,280
S01010846,606,148,458
S01010847,562,223,339
S01010848,571,79,492
S01010849,561,91,470
S01010850,565,84,481
S01010851,563,100,463
S01010852,590,95,495
S01010853,670,131,539
S01010854,537,96,441
S01010855,348,46,302
S01010856,541,104,437
S01010857,590,160,430
S01010858,701,127,574
S01010859,533,94,439
S01010860,591,123,468
S01010861,623,103,520
S01010862,406,64,342
S01010863,562,254,308
S01010864,429,227,202
S01010865,474,255,219
S01010866,530,248,282
S01010867,472,227,245
S01010868,498,227,271
S01010869,764,362,402
S01010870,653,287,366
S01010871,545,222,323
S01010872,574,171,403
S01010873,453,100,353
S01010874,604,264,340
S01010875,442,156,286
S01010876,460,123,337
S01010877,1073,288,785
S01010878,848,175,673
S01010879,792,213,579
S01010880,421,90,331
S01010881,507,135,372
S01010882,677,192,485
S01010883,667,196,471
S01010884,727,108,619
S01010885,821,174,647
S01010886,381,77,304
S01010887,448,65,383
S01010888,819,174,645
S01010889,587,117,470
S01010890,513,73,440
S01010891,497,111,386
S01010892,609,109,500
S01010893,618,125,493
S01010894,478,127,351
S01010895,332,65,267
S01010896,612,106,506
S01010897,578,78,500
S01010898,867,179,688
S01010899,477,110,367
S01010900,590,105,485
S01010901,282,26,256
S01010902,642,144,498
S01010903,557,70,487
S01010904,339,44,295
S01010905,613,153,460
S01010906,609,124,485
S01010907,424,165,259
S01010908,759,251,508
S01010909,784,240,544
S01010910,515,116,399
S01010911,553,107,446
S01010912,460,76,384
S01010913,442,136,306
S01010914,770,183,587
S01010915,665,145,520
S01010916,458,50,408
S01010917,554,114,440
S01010918,803,129,674
S01010919,587,98,489
S01010920,427,65,362
S01010921,484,57,427
S01010922,604,94,510
S01010923,751,110,641
S01010924,475,64,411
S01010925,544,76,468
S01010926,680,92,588
S01010927,585,91,494
S01010928,482,67,415
S01010929,584,96,488
S01010930,610,332,278
S01010931,309,117,192
S01010932,994,356,638
S01010933,582,284,298
S01010934,782,375,407
S01010935,579,260,319
S01010936,481,149,332
S01010937,530,189,341
S01010938,607,138,469
S01010939,528,194,334
S01010940,472,224,248
S01010941,877,394,483
S01010942,480,219,261
S01010943,550,140,410
S01010944,544,117,427
S01010945,380,81,299
S01010946,640,135,505
S01010947,533,113,420
S01010948,466,94,372
S01010949,959,405,554
S01010950,574,188,386
S01010951,491,140,351
S01010952,512,149,363
S01010953,527,176,351
S01010954,843,329,514
S01010955,707,318,389
S01010956,684,325,359
S01010957,417,176,241
S01010958,446,198,248
S01010959,594,272,322
S01010960,953,291,662
S01010961,940,292,648
S01010962,525,111,414
S01010963,697,248,449
S01010964,381,100,281
S01010965,674,150,524
S01010966,686,172,514
S01010967,581,135,446
S01010968,621,177,444
S01010969,485,157,328
S01010970,1007,300,707
S01010971,1168,373,795
S01010972,595,97,498
S01010973,445,103,342
S01010974,754,145,609
S01010975,418,58,360
S01010976,1440,572,868
S01010977,481,123,358
S01010978,596,117,479
S01010979,563,118,445
S01010980,534,137,397
S01010981,476,114,362
S01010982,913,423,490
S01010983,789,252,537
S01010984,776,282,494
S01010985,551,160,391
S01010986,482,223,259
S01010987,269,128,141
S01010988,392,189,203
S01010989,1042,505,537
S01010990,557,112,445
S01010991,1344,589,755
S01010992,1226,593,633
S01010993,509,178,331
S01010994,1862,936,926
S01010995,613,227,386
S01010996,596,298,298
S01010997,738,364,374
S01010998,1591,852,739
S01010999,597,293,304
S01011000,756,260,496
S01011001,434,85,349
S01011002,476,85,391
S01011003,509,87,422
S01011004,535,162,373
S01011005,534,149,385
S01011006,680,230,450
S01011007,558,83,475
S01011008,607,122,485
S01011009,443,75,368
S01011010,625,197,428
S01011011,495,84,411
S01011012,745,123,622
S01011013,597,114,483
S01011014,601,149,452
S01011015,402,109,293
S01011016,820,340,480
S01011017,1148,515,633
S01011018,970,354,616
S01011019,810,305,505
S01011020,333,150,183
S01011021,553,107,446
S01011022,464,70,394
S01011023,640,141,499
S01011024,735,130,605
S01011025,465,67,398
S01011026,400,50,350
S01011027,681,86,595
S01011028,716,118,598
S01011029,502,94,408
S01011030,694,196,498
S01011031,724,157,567
S01011032,591,130,461
S01011033,550,155,395
S01011034,560,122,438
S01011035,428,94,334
S01011036,652,185,467
S01011037,675,139,536
S01011038,619,83,536
S01011039,620,152,468
S01011040,827,179,648
S01011041,449,86,363
S01011042,547,184,363
S01011043,794,205,589
S01011044,736,179,557
S01011045,625,158,467
S01011046,631,155,476
S01011047,738,210,528
S01011048,859,186,673
S01011049,583,115,468
S01011050,694,192,502
S01011051,742,190,552
S01011052,799,243,556
S01011053,476,98,378
S01011054,469,140,329
S01011055,400,120,280
S01011056,468,126,342
S01011057,530,104,426
S01011058,445,127,318
S01011059,541,158,383
S01011060,767,209,558
S01011061,709,117,592
S01011062,934,174,760
S01011063,739,136,603
S01011064,886,199,687
S01011065,629,172,457
S01011066,417,127,290
S01011067,748,196,552
S01011068,549,131,418
S01011069,493,135,358
S01011070,625,160,465
S01011071,666,206,460
S01011072,749,201,548
S01011073,493,109,384
S01011074,420,96,324
S01011075,550,71,479
S01011076,732,125,607
S01011077,640,95,545
S01011078,880,230,650
S01011079,883,208,675
S01011080,748,140,608
S01011081,538,79,459
S01011082,442,75,367
S01011083,800,226,574
S01011084,614,218,396
S01011085,618,246,372
S01011086,444,148,296
S01011087,604,167,437
S01011088,762,261,501
S01011089,599,173,426
S01011090,512,164,348
S01011091,516,165,351
S01011092,1533,490,1043
S01011093,2028,658,1370
S01011094,503,204,299
S01011095,768,313,455
S01011096,644,229,415
S01011097,483,179,304
S01011098,804,238,566
S01011099,561,99,462
S01011100,362,100,262
S01011101,529,74,455
S01011102,508,103,405
S01011103,518,114,404
S01011104,396,157,239
S01011105,565,133,432
S01011106,578,191,387
S01011107,1509,460,1049
S01011108,444,107,337
S01011109,586,141,445
S01011110,629,109,520
S01011111,714,125,589
S01011112,99,32,67
S01011113,699,161,538
S01011114,811,260,551
S01011115,619,96,523
S01011116,607,153,454
S01011117,564,248,316
S01011118,631,296,335
S01011119,617,279,338
S01011120,807,368,439
S01011121,446,122,324
S01011122,540,155,385
S01011123,751,139,612
S01011124,407,117,290
S01011125,303,59,244
S01011126,482,108,374
S01011127,302,123,179
S01011128,693,190,503
S01011129,589,296,293
S01011130,514,147,367
S01011131,526,195,331
S01011132,623,236,387
S01011133,385,99,286
S01011134,625,198,427
S01011135,699,169,530
S01011136,445,131,314
S01011137,549,157,392
S01011138,408,90,318
S01011139,1058,386,672
S01011140,364,85,279
S01011141,1316,402,914
S01011142,630,281,349
S01011143,789,283,506
S01011144,592,199,393
S01011145,731,312,419
S01011146,705,259,446
S01011147,844,269,575
S01011148,565,214,351
S01011149,558,247,311
S01011150,622,282,340
S01011151,483,202,281
S01011152,646,298,348
S01011153,676,228,448
S01011154,418,103,315
S01011155,518,169,349
S01011156,620,232,388
S01011157,440,153,287
S01011158,425,196,229
S01011159,413,83,330
S01011160,613,153,460
S01011161,425,72,353
S01011162,568,147,421
S01011163,674,117,557
S01011164,528,179,349
S01011165,557,107,450
S01011166,401,147,254
S01011167,766,316,450
S01011168,605,198,407
S01011169,795,307,488
S01011170,635,266,369
S01011171,715,243,472
S01011172,538,167,371
S01011173,563,195,368
S01011174,525,171,354
S01011175,529,147,382
S01011176,455,162,293
S01011177,723,203,520
S01011178,379,120,259
S01011179,473,73,400
S01011180,553,93,460
S01011181,1012,404,608
S01011182,368,119,249
S01011183,474,167,307
S01011184,544,250,294
S01011185,546,175,371
S01011186,742,189,553
S01011187,627,204,423
S01011188,736,166,570
S01011189,707,188,519
S01011190,688,178,510
S01011191,487,103,384
S01011192,565,124,441
S01011193,603,114,489
S01011194,420,78,342
S01011195,581,108,473
S01011196,635,112,523
S01011197,514,88,426
S01011198,439,84,355
S01011199,511,116,395
S01011200,603,163,440
S01011201,414,103,311
S01011202,647,148,499
S01011203,833,226,607
S01011204,394,169,225
S01011205,142,56,86
S01011206,479,190,289
S01011207,1182,444,738
S01011208,606,236,370
S01011209,475,121,354
S01011210,560,237,323
S01011211,1127,452,675
S01011212,450,62,388
S01011213,709,162,547
S01011214,635,108,527
S01011215,541,76,465
S01011216,679,173,506
S01011217,692,137,555
S01011218,511,126,385
S01011219,632,94,538
S01011220,640,115,525
S01011221,692,150,542
S01011222,437,78,359
S01011223,601,162,439
S01011224,426,81,345
S01011225,641,134,507
S01011226,695,245,450
S01011227,545,185,360
S01011228,900,246,654
S01011229,497,154,343
S01011230,746,128,618
S01011231,671,89,582
S01011232,675,206,469
S01011233,930,325,605
S01011234,669,143,526
S01011235,339,51,288
S01011236,387,85,302
S01011237,574,115,459
S01011238,478,93,385
S01011239,548,106,442
S01011240,703,155,548
S01011241,676,214,462
S01011242,654,201,453
S01011243,797,216,581
S01011244,412,69,343
S01011245,534,94,440
S01011246,664,225,439
S01011247,635,239,396
S01011248,674,207,467
S01011249,701,208,493
S01011250,734,159,575
S01011251,554,110,444
S01011252,488,68,420
S01011253,585,78,507
S01011254,821,260,561
S01011255,300,141,159
S01011256,301,112,189
S01011257,331,132,199
S01011258,457,181,276
S01011259,617,207,410
S01011260,479,176,303
S01011261,525,82,443
S01011262,427,96,331
S01011263,501,99,402
S01011264,399,76,323
S01011265,589,86,503
S01011266,572,105,467
S01011267,637,207,430
S01011268,403,141,262
S01011269,374,94,280
S01011270,555,115,440
S01011271,566,112,454
S01011272,477,92,385
S01011273,702,107,595
S01011274,659,119,540
S01011275,910,306,604
S01011276,602,102,500
S01011277,500,158,342
S01011278,474,164,310
S01011279,494,174,320
S01011280,509,215,294
S01011281,542,223,319
S01011282,592,225,367
S01011283,540,243,297
S01011284,778,364,414
S01011285,685,108,577
S01011286,412,74,338
S01011287,603,131,472
S01011288,650,135,515
S01011289,573,97,476
S01011290,846,161,685
S01011291,654,137,517
S01011292,401,50,351
S01011293,585,100,485
S01011294,587,115,472
S01011295,713,284,429
S01011296,466,95,371
S01011297,578,103,475
S01011298,679,177,502
S01011299,356,124,232
S01011300,637,105,532
S01011301,479,172,307
S01011302,604,131,473
S01011303,809,288,521
S01011304,575,125,450
S01011305,500,138,362
S01011306,346,101,245
S01011307,1535,627,908
S01011308,434,206,228
S01011309,595,293,302
S01011310,438,171,267
S01011311,823,436,387
S01011312,857,479,378
S01011313,749,340,409
S01011314,726,333,393
S01011315,257,57,200
S01011316,556,175,381
S01011317,579,251,328
S01011318,590,253,337
S01011319,653,304,349
S01011320,480,169,311
S01011321,466,162,304
S01011322,408,141,267
S01011323,729,202,527
S01011324,329,106,223
S01011325,642,144,498
S01011326,720,179,541
S01011327,492,134,358
S01011328,581,169,412
S01011329,644,243,401
S01011330,476,209,267
S01011331,544,279,265
S01011332,830,407,423
S01011333,487,255,232
S01011334,934,360,574
S01011335,779,401,378
S01011336,446,152,294
S01011337,498,276,222
S01011338,543,167,376
S01011339,407,85,322
S01011340,786,191,595
S01011341,543,132,411
S01011342,567,159,408
S01011343,587,121,466
S01011344,532,75,457
S01011345,636,123,513
S01011346,553,104,449
S01011347,794,195,599
S01011348,765,224,541
S01011349,776,280,496
S01011350,630,272,358
S01011351,505,83,422
S01011352,437,119,318
S01011353,425,95,330
S01011354,582,210,372
S01011355,720,200,520
S01011356,679,275,404
S01011357,951,337,614
S01011358,362,170,192
S01011359,501,120,381
S01011360,539,72,467
S01011361,333,34,299
S01011362,448,158,290
S01011363,1118,382,736
S01011364,431,137,294
S01011365,537,215,322
S01011366,314,71,243
S01011367,568,130,438
S01011368,962,474,488
S01011369,482,108,374
S01011370,1127,512,615
S01011371,997,233,764
S01011372,647,115,532
S01011373,535,111,424
S01011374,343,114,229
S01011375,458,135,323
S01011376,384,86,298
S01011377,400,225,175
S01011378,685,240,445
S01011379,763,353,410
S01011380,497,139,358
S01011381,567,216,351
S01011382,359,99,260
S01011383,688,93,595
S01011384,444,49,395
S01011385,587,84,503
S01011386,542,59,483
S01011387,567,104,463
S01011388,917,312,605
S01011389,976,316,660
S01011390,670,117,553
S01011391,412,65,347
S01011392,642,140,502
S01011393,536,107,429
S01011394,609,228,381
S01011395,593,143,450
S01011396,603,147,456
S01011397,457,112,345
S01011398,439,74,365
S01011399,334,49,285
S01011400,648,197,451
S01011401,666,259,407
S01011402,589,158,431
S01011403,640,183,457
S01011404,755,228,527
S01011405,446,171,275
S01011406,462,124,338
S01011407,908,308,600
S01011408,568,95,473
S01011409,495,104,391
S01011410,542,117,425
S01011411,605,148,457
S01011412,674,279,395
S01011413,384,136,248
S01011414,673,145,528
S01011415,647,199,448
S01011416,628,223,405
S01011417,534,113,421
S01011418,510,87,423
S01011419,468,92,376
S01011420,308,51,257
S01011421,332,134,198
S01011422,319,52,267
S01011423,372,96,276
S01011424,383,72,311
S01011425,474,135,339
S01011426,1147,422,725
S01011427,904,257,647
S01011428,463,118,345
S01011429,969,240,729
S01011430,678,204,474
S01011431,854,186,668
S01011432,1381,223,1158
S01011433,601,80,521
S01011434,703,221,482
S01011435,967,340,627
S01011436,832,191,641
S01011437,534,90,444
S01011438,560,103,457
S01011439,725,177,548
S01011440,743,113,630
S01011441,590,87,503
S01011442,431,56,375
S01011443,513,79,434
S01011444,800,185,615
S01011445,425,77,348
S01011446,1642,711,931
S01011447,639,108,531
S01011448,842,274,568
S01011449,511,124,387
S01011450,537,219,318
S01011451,1234,490,744
S01011452,669,214,455
S01011453,538,130,408
S01011454,692,149,543
S01011455,681,114,567
S01011456,702,126,576
S01011457,598,88,510
S01011458,530,147,383
S01011459,865,289,576
S01011460,594,157,437
S01011461,529,95,434
S01011462,698,206,492
S01011463,463,118,345
S01011464,1054,462,592
S01011465,489,114,375
S01011466,1330,441,889
S01011467,355,113,242
S01011468,85,40,45
S01011469,482,103,379
S01011470,639,151,488
S01011471,654,208,446
S01011472,830,189,641
S01011473,653,149,504
S01011474,704,160,544
S01011475,397,79,318
S01011476,626,300,326
S01011477,607,273,334
S01011478,697,379,318
S01011479,631,280,351
S01011480,723,383,340
S01011481,767,264,503
S01011482,772,185,587
S01011483,563,231,332
S01011484,731,123,608
S01011485,566,93,473
S01011486,320,44,276
S01011487,810,134,676
S01011488,397,55,342
S01011489,654,198,456
S01011490,744,177,567
S01011491,307,45,262
S01011492,516,94,422
S01011493,684,230,454
S01011494,486,97,389
S01011495,665,164,501
S01011496,401,53,348
S01011497,621,219,402
S01011498,467,160,307
S01011499,627,170,457
S01011500,662,123,539
S01011501,432,54,378
S01011502,499,76,423
S01011503,684,117,567
S01011504,438,103,335
S01011505,437,102,335
S01011506,375,96,279
S01011507,504,106,398
S01011508,677,207,470
S01011509,429,93,336
S01011510,655,125,530
S01011511,446,63,383
S01011512,714,96,618
S01011513,564,85,479
S01011514,655,84,571
S01011515,547,137,410
S01011516,625,232,393
S01011517,422,82,340
S01011518,424,58,366
S01011519,512,96,416
S01011520,676,119,557
S01011521,868,155,713
S01011522,636,135,501
S01011523,888,178,710
S01011524,652,182,470
S01011525,684,190,494
S01011526,693,153,540
S01011527,688,191,497
S01011528,620,133,487
S01011529,639,115,524
S01011530,825,178,647
S01011531,1170,425,745
S01011532,839,365,474
S01011533,401,62,339
S01011534,494,119,375
S01011535,524,84,440
S01011536,503,208,295
S01011537,596,206,390
S01011538,518,227,291
S01011539,656,126,530
S01011540,1339,410,929
S01011541,618,74,544
S01011542,712,105,607
S01011543,574,72,502
S01011544,528,82,446
S01011545,587,84,503
S01011546,475,215,260
S01011547,308,142,166
S01011548,535,119,416
S01011549,637,207,430
S01011550,691,306,385
S01011551,589,165,424
S01011552,676,190,486
S01011553,784,402,382
S01011554,1322,497,825
S01011555,499,69,430
S01011556,429,66,363
S01011557,662,120,542
S01011558,563,86,477
S01011559,460,75,385
S01011560,688,117,571
S01011561,490,79,411
S01011562,627,93,534
S01011563,650,109,541
S01011564,635,143,492
S01011565,700,126,574
S01011566,556,78,478
S01011567,562,90,472
S01011568,541,141,400
S01011569,582,145,437
S01011570,631,118,513
S01011571,595,114,481
S01011572,594,163,431
S01011573,694,230,464
S01011574,701,188,513
S01011575,535,145,390
S01011576,520,56,464
S01011577,430,124,306
S01011578,1382,544,838
S01011579,617,285,332
S01011580,857,193,664
S01011581,602,149,453
S01011582,1562,760,802
S01011583,608,179,429
S01011584,574,118,456
S01011585,754,143,611
S01011586,450,79,371
S01011587,462,78,384
S01011588,584,97,487
S01011589,658,136,522
S01011590,1373,504,869
S01011591,602,106,496
S01011592,1151,464,687
S01011593,472,129,343
S01011594,423,83,340
S01011595,612,228,384
S01011596,861,320,541
S01011597,521,145,376
S01011598,625,91,534
S01011599,631,155,476
S01011600,506,107,399
S01011601,574,204,370
S01011602,447,101,346
S01011603,630,107,523
S01011604,388,57,331
S01011605,554,101,453
S01011606,656,279,377
S01011607,888,381,507
S01011608,824,273,551
S01011609,571,72,499
S01011610,565,88,477
S01011611,782,277,505
S01011612,188,55,133
S01011613,692,290,402
S01011614,382,126,256
S01011615,881,324,557
S01011616,314,55,259
S01011617,641,81,560
S01011618,490,105,385
S01011619,622,211,411
S01011620,638,247,391
S01011621,601,180,421
S01011622,115,32,83
S01011623,1237,408,829
S01011624,604,197,407
S01011625,372,86,286
S01011626,696,272,424
S01011627,470,201,269
S01011628,882,321,561
S01011629,503,80,423
S01011630,473,75,398
S01011631,474,41,433
S01011632,611,87,524
S01011633,665,121,544
S01011634,475,88,387
S01011635,518,103,415
S01011636,513,70,443
S01011637,476,115,361
S01011638,513,107,406
S01011639,428,76,352
S01011640,653,112,541
S01011641,684,233,451
S01011642,593,183,410
S01011643,556,225,331
S01011644,559,204,355
S01011645,412,121,291
S01011646,613,257,356
S01011647,709,305,404
S01011648,262,43,219
S01011649,575,228,347
S01011650,1065,445,620
S01011651,611,192,419
S01011652,533,188,345
S01011653,677,122,555
S01011654,650,180,470
S01011655,548,94,454
S01011656,432,64,368
S01011657,377,77,300
S01011658,571,109,462
S01011659,645,127,518
S01011660,769,221,548
S01011661,778,139,639
S01011662,865,335,530
S01011663,679,98,581
S01011664,657,86,571
S01011665,723,175,548
S01011666,613,116,497
S01011667,670,135,535
S01011668,995,169,826
S01011669,575,206,369
S01011670,496,141,355
S01011671,503,158,345
S01011672,488,123,365
S01011673,577,97,480
S01011674,1053,296,757
S01011675,958,264,694
S01011676,478,62,416
S01011677,90,21,69
S01011678,290,45,245
S01011679,872,278,594
S01011680,772,152,620
S01011681,541,122,419
S01011682,1092,381,711
S01011683,864,232,632
S01011684,548,152,396
S01011685,560,209,351
S01011686,653,244,409
S01011687,607,135,472
S01011688,754,265,489
S01011689,619,229,390
S01011690,1050,372,678
S01011691,314,93,221
S01011692,827,132,695
S01011693,1134,476,658
S01011694,430,205,225
S01011695,2230,1106,1124
S01011696,499,253,246
S01011697,686,294,392
S01011698,444,104,340
S01011699,629,226,403
S01011700,586,181,405
S01011701,827,368,459
S01011702,656,267,389
S01011703,623,316,307
S01011704,1015,506,509
S01011705,1124,450,674
S01011706,663,194,469
S01011707,508,204,304
S01011708,763,222,541
S01011709,738,234,504
S01011710,460,99,361
S01011711,730,122,608
S01011712,378,93,285
S01011713,812,227,585
S01011714,842,358,484
S01011715,709,177,532
S01011716,677,260,417
S01011717,574,180,394
S01011718,644,295,349
S01011719,1293,635,658
S01011720,478,218,260
S01011721,534,127,407
S01011722,858,200,658
S01011723,1395,569,826
S01011724,437,156,281
S01011725,425,180,245
S01011726,379,152,227
S01011727,940,473,467
S01011728,643,150,493
S01011729,717,174,543
S01011730,666,220,446
S01011731,743,182,561
S01011732,679,260,419
S01011733,588,146,442
S01011734,615,184,431
S01011735,507,215,292
S01011736,740,183,557
S01011737,557,120,437
S01011738,701,182,519
S01011739,474,127,347
S01011740,434,98,336
S01011741,608,96,512
S01011742,552,148,404
S01011743,536,140,396
S01011744,530,153,377
S01011745,665,153,512
S01011746,513,75,438
S01011747,639,100,539
S01011748,631,113,518
S01011749,510,96,414
S01011750,555,119,436
S01011751,718,127,591
S01011752,744,195,549
S01011753,538,212,326
S01011754,601,137,464
S01011755,643,147,496
S01011756,725,155,570
S01011757,593,127,466
S01011758,424,90,334
S01011759,598,118,480
S01011760,620,124,496
S01011761,501,126,375
S01011762,555,125,430
S01011763,538,116,422
S01011764,283,76,207
S01011765,829,318,511
S01011766,515,214,301
S01011767,820,260,560
S01011768,614,156,458
S01011769,514,110,404
S01011770,587,125,462
S01011771,456,212,244
S01011772,738,377,361
S01011773,388,177,211
S01011774,588,240,348
S01011775,566,298,268
S01011776,747,390,357
S01011777,427,211,216
S01011778,411,211,200
S01011779,543,245,298
S01011780,629,306,323
S01011781,607,263,344
S01011782,625,284,341
S01011783,412,180,232
S01011784,528,124,404
S01011785,690,182,508
S01011786,127,57,70
S01011787,703,138,565
S01011788,772,429,343
S01011789,1991,932,1059
S01011790,830,240,590
S01011791,562,114,448
S01011792,585,169,416
S01011793,518,181,337
S01011794,663,136,527
S01011795,709,213,496
S01011796,547,112,435
S01011797,777,311,466
S01011798,359,81,278
S01011799,673,225,448
S01011800,464,83,381
S01011801,410,79,331
S01011802,440,90,350
S01011803,600,174,426
S01011804,689,210,479
S01011805,635,194,441
S01011806,909,297,612
S01011807,780,246,534
S01011808,672,210,462
S01011809,527,158,369
S01011810,934,259,675
S01011811,804,228,576
S01011812,792,267,525
S01011813,660,186,474
S01011814,488,152,336
S01011815,537,167,370
S01011816,503,200,303
S01011817,512,166,346
S01011818,1112,321,791
S01011819,906,203,703
S01011820,624,201,423
S01011821,448,123,325
S01011822,663,152,511
S01011823,426,103,323
S01011824,698,181,517
S01011825,377,117,260
S01011826,527,157,370
S01011827,444,124,320
S01011828,654,169,485
S01011829,407,114,293
S01011830,582,132,450
S01011831,728,175,553
S01011832,598,142,456
S01011833,632,336,296
S01011834,529,290,239
S01011835,476,242,234
S01011836,806,400,406
S01011837,633,312,321
S01011838,871,454,417
S01011839,749,323,426
S01011840,870,356,514
S01011841,1021,412,609
S01011842,880,294,586
S01011843,845,422,423
S01011844,656,369,287
S01011845,565,208,357
S01011846,591,285,306
S01011847,313,177,136
S01011848,580,248,332
S01011849,561,212,349
S01011850,756,311,445
S01011851,583,197,386
S01011852,641,188,453
S01011853,648,268,380
S01011854,703,256,447
S01011855,842,226,616
S01011856,439,214,225
S01011857,1002,360,642
S01011858,660,281,379
S01011859,698,235,463
S01011860,631,224,407
S01011861,589,237,352
S01011862,682,328,354
S01011863,637,341,296
S01011864,530,247,283
S01011865,428,144,284
S01011866,821,285,536
S01011867,812,198,614
S01011868,635,200,435
S01011869,696,215,481
S01011870,560,162,398
S01011871,780,313,467
S01011872,726,312,414
S01011873,567,245,322
S01011874,588,210,378
S01011875,730,229,501
S01011876,726,309,417
S01011877,543,215,328
S01011878,909,417,492
S01011879,525,243,282
S01011880,839,380,459
S01011881,547,213,334
S01011882,619,181,438
S01011883,1065,485,580
S01011884,540,239,301
S01011885,505,271,234
S01011886,906,415,491
S01011887,478,140,338
S01011888,838,201,637
S01011889,647,279,368
S01011890,599,260,339
S01011891,851,142,709
S01011892,869,369,500
S01011893,768,272,496
S01011894,699,302,397
S01011895,758,366,392
S01011896,646,268,378
S01011897,712,338,374
S01011898,699,396,303
S01011899,705,287,418
S01011900,513,246,267
S01011901,757,346,411
S01011902,781,394,387
S01011903,621,282,339
S01011904,600,279,321
S01011905,580,276,304
S01011906,244,104,140
S01011907,616,237,379
S01011908,412,158,254
S01011909,607,261,346
S01011910,762,163,599
S01011911,474,109,365
S01011912,537,95,442
S01011913,573,144,429
S01011914,572,96,476
S01011915,589,126,463
S01011916,582,107,475
S01011917,392,66,326
S01011918,559,119,440
S01011919,704,171,533
S01011920,462,84,378
S01011921,373,70,303
S01011922,605,91,514
S01011923,669,124,545
S01011924,636,129,507
S01011925,597,226,371
S01011926,551,109,442
S01011927,420,75,345
S01011928,578,122,456
S01011929,480,87,393
S01011930,477,100,377
S01011931,422,80,342
S01011932,221,45,176
S01011933,1093,300,793
S01011934,595,194,401
S01011935,731,178,553
S01011936,477,193,284
S01011937,471,163,308
S01011938,360,131,229
S01011939,726,231,495
S01011940,648,186,462
S01011941,825,242,583
S01011942,625,153,472
S01011943,1007,248,759
S01011944,352,169,183
S01011945,1000,521,479
S01011946,578,182,396
S01011947,404,152,252
S01011948,674,320,354
S01011949,614,284,330
S01011950,604,227,377
S01011951,547,206,341
S01011952,644,291,353
S01011953,590,250,340
S01011954,390,115,275
S01011955,732,244,488
S01011956,723,329,394
S01011957,766,266,500
S01011958,1390,558,832
S01011959,583,212,371
S01011960,827,409,418
S01011961,809,373,436
S01011962,745,364,381
S01011963,522,234,288
S01011964,778,323,455
S01011965,628,291,337
S01011966,548,269,279
S01011967,831,353,478
S01011968,939,383,556
S01011969,1104,305,799
S01011970,1216,280,936
S01011971,426,163,263
S01011972,1234,446,788
S01011973,430,166,264
S01011974,623,242,381
S01011975,331,120,211
S01011976,664,234,430
S01011977,896,298,598
S01011978,811,244,567
S01011979,833,341,492
S01011980,364,118,246
S01011981,821,255,566
S01011982,1033,369,664
S01011983,836,233,603
S01011984,423,96,327
S01011985,474,143,331
S01011986,663,168,495
S01011987,772,220,552
S01011988,487,190,297
S01011989,572,166,406
S01011990,497,162,335
S01011991,630,171,459
S01011992,715,284,431
S01011993,679,158,521
S01011994,568,299,269
S01011995,718,298,420
S01011996,488,151,337
S01011997,792,268,524
S01011998,659,269,390
S01011999,444,142,302
S01012000,401,134,267
S01012001,629,182,447
S01012002,500,148,352
S01012003,595,193,402
S01012004,1157,442,715
S01012005,1024,407,617
S01012006,572,249,323
S01012007,658,262,396
S01012008,909,337,572
S01012009,523,198,325
S01012010,1027,368,659
S01012011,989,320,669
S01012012,452,171,281
S01012013,552,178,374
S01012014,1223,400,823
S01012015,876,253,623
S01012016,625,199,426
S01012017,411,170,241
S01012018,612,235,377
S01012019,610,295,315
S01012020,653,277,376
S01012021,557,273,284
S01012022,719,239,480
S01012023,472,232,240
S01012024,798,360,438
S01012025,488,167,321
S01012026,570,244,326
S01012027,1361,599,762
S01012028,749,443,306
S01012029,877,338,539
S01012030,916,449,467
S01012031,394,247,147
S01012032,250,130,120
S01012033,637,234,403
S01012034,638,274,364
S01012035,784,334,450
S01012036,792,322,470
S01012037,745,170,575
S01012038,668,80,588
S01012039,707,123,584
S01012040,451,178,273
S01012041,782,225,557
S01012042,797,176,621
S01012043,556,125,431
S01012044,612,111,501
S01012045,800,236,564
S01012046,496,102,394
S01012047,676,153,523
S01012048,485,96,389
S01012049,525,155,370
S01012050,780,268,512
S01012051,322,124,198
S01012052,653,177,476
S01012053,609,120,489
S01012054,689,123,566
S01012055,600,116,484
S01012056,590,190,400
S01012057,509,242,267
S01012058,617,249,368
S01012059,617,137,480
S01012060,585,168,417
S01012061,1034,503,531
S01012062,706,256,450
S01012063,459,143,316
S01012064,428,61,367
S01012065,298,26,272
S01012066,505,81,424
S01012067,386,46,340
S01012068,441,97,344
S01012069,379,73,306
S01012070,569,90,479
S01012071,749,138,611
S01012072,734,209,525
S01012073,498,209,289
S01012074,436,182,254
S01012075,677,264,413
S01012076,631,218,413
S01012077,669,148,521
S01012078,576,188,388
S01012079,782,145,637
S01012080,611,130,481
S01012081,450,72,378
S01012082,636,145,491
S01012083,675,137,538
S01012084,477,149,328
S01012085,565,162,403
S01012086,576,122,454
S01012087,495,146,349
S01012088,416,165,251
S01012089,592,270,322
S01012090,767,419,348
S01012091,548,198,350
S01012092,466,194,272
S01012093,410,159,251
S01012094,598,332,266
S01012095,930,271,659
S01012096,575,116,459
S01012097,424,81,343
S01012098,637,126,511
S01012099,602,99,503
S01012100,1055,337,718
S01012101,622,288,334
S01012102,533,136,397
S01012103,712,227,485
S01012104,604,318,286
S01012105,1073,504,569
S01012106,837,403,434
S01012107,451,241,210
S01012108,635,180,455
S01012109,766,202,564
S01012110,600,182,418
S01012111,816,179,637
S01012112,685,228,457
S01012113,760,248,512
S01012114,892,424,468
S01012115,504,122,382
S01012116,441,119,322
S01012117,465,224,241
S01012118,721,325,396
S01012119,632,250,382
S01012120,362,85,277
S01012121,559,111,448
S01012122,600,110,490
S01012123,466,130,336
S01012124,460,139,321
S01012125,656,169,487
S01012126,654,288,366
S01012127,848,303,545
S01012128,485,153,332
S01012129,640,209,431
S01012130,770,219,551
S01012131,906,246,660
S01012132,512,129,383
S01012133,664,249,415
S01012134,849,374,475
S01012135,761,163,598
S01012136,576,129,447
S01012137,547,161,386
S01012138,684,300,384
S01012139,735,233,502
S01012140,579,282,297
S01012141,841,376,465
S01012142,638,306,332
S01012143,839,417,422
S01012144,670,283,387
S01012145,712,384,328
S01012146,698,159,539
S01012147,646,143,503
S01012148,434,73,361
S01012149,580,175,405
S01012150,477,77,400
S01012151,634,120,514
S01012152,632,104,528
S01012153,494,119,375
S01012154,511,92,419
S01012155,595,146,449
S01012156,798,194,604
S01012157,723,200,523
S01012158,1087,397,690
S01012159,373,118,255
S01012160,676,191,485
S01012161,332,72,260
S01012162,597,156,441
S01012163,560,163,397
S01012164,815,314,501
S01012165,564,85,479
S01012166,559,93,466
S01012167,511,102,409
S01012168,675,231,444
S01012169,564,139,425
S01012170,865,217,648
S01012171,824,167,657
S01012172,635,123,512
S01012173,502,195,307
S01012174,702,265,437
S01012175,742,287,455
S01012176,1019,312,707
S01012177,615,199,416
S01012178,705,243,462
S01012179,467,143,324
S01012180,468,159,309
S01012181,792,233,559
S01012182,951,361,590
S01012183,1503,617,886
S01012184,603,286,317
S01012185,546,131,415
S01012186,551,143,408
S01012187,568,135,433
S01012188,436,145,291
S01012189,554,173,381
S01012190,535,246,289
S01012191,760,301,459
S01012192,318,122,196
S01012193,511,238,273
S01012194,560,272,288
S01012195,602,235,367
S01012196,369,164,205
S01012197,707,198,509
S01012198,705,225,480
S01012199,616,154,462
S01012200,433,105,328
S01012201,719,216,503
S01012202,402,130,272
S01012203,688,291,397
S01012204,552,222,330
S01012205,646,271,375
S01012206,664,241,423
S01012207,786,191,595
S01012208,877,235,642
S01012209,662,182,480
S01012210,469,107,362
S01012211,778,309,469
S01012212,835,375,460
S01012213,787,343,444
S01012214,544,285,259
S01012215,725,363,362
S01012216,903,465,438
S01012217,326,56,270
S01012218,334,53,281
S01012219,564,94,470
S01012220,617,111,506
S01012221,467,88,379
S01012222,810,150,660
S01012223,486,77,409
S01012224,625,118,507
S01012225,793,164,629
S01012226,533,139,394
S01012227,602,151,451
S01012228,539,122,417
S01012229,593,272,321
S01012230,729,359,370
S01012231,538,288,250
S01012232,773,432,341
S01012233,639,351,288
S01012234,1010,526,484
S01012235,624,322,302
S01012236,574,236,338
S01012237,564,348,216
S01012238,399,144,255
S01012239,376,94,282
S01012240,534,186,348
S01012241,472,297,175
S01012242,565,324,241
S01012243,610,323,287
S01012244,705,413,292
S01012245,862,460,402
S01012246,694,427,267
S01012247,508,269,239
S01012248,643,279,364
S01012249,682,271,411
S01012250,594,255,339
S01012251,705,177,528
S01012252,753,238,515
S01012253,678,220,458
S01012254,625,242,383
S01012255,581,260,321
S01012256,947,458,489
S01012257,815,312,503
S01012258,1170,612,558
S01012259,554,306,248
S01012260,981,398,583
S01012261,859,426,433
S01012262,1301,582,719
S01012263,567,153,414
S01012264,321,144,177
S01012265,783,200,583
S01012266,862,310,552
S01012267,781,357,424
S01012268,1038,460,578
S01012269,655,223,432
S01012270,574,157,417
S01012271,1052,442,610
S01012272,599,275,324
S01012273,711,288,423
S01012274,833,272,561
S01012275,522,145,377
S01012276,1027,337,690
S01012277,912,289,623
S01012278,757,219,538
S01012279,792,244,548
S01012280,739,174,565
S01012281,631,153,478
S01012282,671,254,417
S01012283,668,264,404
S01012284,470,128,342
S01012285,434,178,256
S01012286,827,201,626
S01012287,735,132,603
S01012288,701,123,578
S01012289,804,435,369
S01012290,409,142,267
S01012291,555,255,300
S01012292,843,427,416
S01012293,709,283,426
S01012294,717,200,517
S01012295,474,182,292
S01012296,793,380,413
S01012297,774,376,398
S01012298,955,431,524
S01012299,451,187,264
S01012300,854,267,587
S01012301,720,250,470
S01012302,546,172,374
S01012303,670,266,404
S01012304,833,276,557
S01012305,596,195,401
S01012306,559,167,392
S01012307,606,172,434
S01012308,687,183,504
S01012309,662,212,450
S01012310,1111,402,709
S01012311,630,231,399
S01012312,721,214,507
S01012313,614,193,421
S01012314,623,103,520
S01012315,550,128,422
S01012316,469,86,383
S01012317,322,87,235
S01012318,543,107,436
S01012319,775,256,519
S01012320,560,137,423
S01012321,829,261,568
S01012322,823,308,515
S01012323,1011,377,634
S01012324,752,242,510
S01012325,600,158,442
S01012326,617,147,470
S01012327,631,154,477
S01012328,577,213,364
S01012329,683,211,472
S01012330,453,153,300
S01012331,779,303,476
S01012332,858,290,568
S01012333,938,331,607
S01012334,625,119,506
S01012335,1297,378,919
S01012336,530,95,435
S01012337,620,132,488
S01012338,551,182,369
S01012339,646,236,410
S01012340,704,236,468
S01012341,686,219,467
S01012342,665,235,430
S01012343,788,279,509
S01012344,795,234,561
S01012345,533,169,364
S01012346,913,363,550
S01012347,463,142,321
S01012348,797,338,459
S01012349,801,160,641
S01012350,787,191,596
S01012351,664,128,536
S01012352,828,242,586
S01012353,564,162,402
S01012354,718,199,519
S01012355,848,287,561
S01012356,808,284,524
S01012357,732,265,467
S01012358,620,196,424
S01012359,588,75,513
S01012360,468,58,410
S01012361,528,69,459
S01012362,717,116,601
S01012363,759,183,576
S01012364,585,128,457
S01012365,840,238,602
S01012366,741,164,577
S01012367,735,194,541
S01012368,599,207,392
S01012369,763,211,552
S01012370,974,252,722
S01012371,751,148,603
S01012372,768,136,632
S01012373,859,217,642
S01012374,604,130,474
S01012375,854,168,686
S01012376,670,277,393
S01012377,504,220,284
S01012378,500,179,321
S01012379,419,160,259
S01012380,999,287,712
S01012381,699,179,520
S01012382,771,275,496
S01012383,717,231,486
S01012384,385,139,246
S01012385,557,204,353
S01012386,752,161,591
S01012387,657,201,456
S01012388,489,194,295
S01012389,669,220,449
S01012390,553,176,377
S01012391,972,339,633
S01012392,582,207,375
S01012393,919,293,626
S01012394,661,158,503
S01012395,569,165,404
S01012396,616,177,439
S01012397,598,208,390
S01012398,772,235,537
S01012399,591,118,473
S01012400,672,120,552
S01012401,682,146,536
S01012402,316,90,226
S01012403,752,234,518
S01012404,917,270,647
S01012405,496,180,316
S01012406,501,166,335
S01012407,742,235,507
S01012408,546,155,391
S01012409,776,252,524
S01012410,940,279,661
S01012411,958,236,722
S01012412,450,95,355
S01012413,718,214,504
S01012414,493,128,365
S01012415,530,105,425
S01012416,384,95,289
S01012417,438,93,345
S01012418,552,121,431
S01012419,727,206,521
S01012420,714,130,584
S01012421,695,215,480
S01012422,860,255,605
S01012423,710,231,479
S01012424,603,99,504
S01012425,367,43,324
S01012426,359,47,312
S01012427,478,72,406
S01012428,585,100,485
S01012429,362,86,276
S01012430,683,192,491
S01012431,704,205,499
S01012432,514,147,367
S01012433,541,118,423
S01012434,529,118,411
S01012435,586,110,476
S01012436,560,115,445
S01012437,558,123,435
S01012438,687,153,534
S01012439,595,180,415
S01012440,643,230,413
S01012441,692,255,437
S01012442,673,289,384
S01012443,510,173,337
S01012444,964,468,496
S01012445,75,35,40
S01012446,465,151,314
S01012447,660,284,376
S01012448,583,243,340
S01012449,484,154,330
S01012450,662,273,389
S01012451,567,320,247
S01012452,479,236,243
S01012453,679,390,289
S01012454,693,346,347
S01012455,393,230,163
S01012456,636,380,256
S01012457,939,534,405
S01012458,563,344,219
S01012459,578,233,345
S01012460,557,259,298
S01012461,380,121,259
S01012462,536,130,406
S01012463,562,130,432
S01012464,393,72,321
S01012465,568,131,437
S01012466,661,279,382
S01012467,792,234,558
S01012468,561,181,380
S01012469,699,387,312
S01012470,601,195,406
S01012471,558,311,247
S01012472,521,264,257
S01012473,474,220,254
S01012474,533,214,319
S01012475,472,183,289
S01012476,710,191,519
S01012477,563,222,341
S01012478,543,133,410
S01012479,702,273,429
S01012480,555,212,343
S01012481,556,202,354
S01012482,525,233,292
S01012483,580,181,399
S01012484,759,425,334
S01012485,782,458,324
S01012486,452,261,191
S01012487,428,112,316
S01012488,618,178,440
S01012489,775,140,635
S01012490,805,184,621
S01012491,441,61,380
S01012492,589,103,486
S01012493,477,152,325
S01012494,904,201,703
S01012495,704,130,574
S01012496,466,71,395
S01012497,390,50,340
S01012498,525,62,463
S01012499,765,194,571
S01012500,358,47,311
S01012501,525,76,449
S01012502,592,91,501
S01012503,396,57,339
S01012504,422,66,356
S01012505,729,146,583
S01012506,319,106,213
S01012507,651,185,466
S01012508,532,148,384
S01012509,364,126,238
S01012510,724,246,478
S01012511,571,179,392
S01012512,529,156,373
S01012513,388,155,233
S01012514,540,222,318
S01012515,502,107,395
S01012516,414,142,272
S01012517,670,219,451
S01012518,587,273,314
S01012519,513,176,337
S01012520,501,260,241
S01012521,515,216,299
S01012522,654,312,342
S01012523,695,283,412
S01012524,661,287,374
S01012525,679,308,371
S01012526,653,346,307
S01012527,422,162,260
S01012528,536,119,417
S01012529,574,222,352
S01012530,698,257,441
S01012531,753,306,447
S01012532,787,271,516
S01012533,620,212,408
S01012534,606,152,454
S01012535,613,124,489
S01012536,528,105,423
S01012537,672,111,561
S01012538,770,161,609
S01012539,538,125,413
S01012540,667,107,560
S01012541,804,202,602
S01012542,843,343,500
S01012543,483,185,298
S01012544,619,236,383
S01012545,390,107,283
S01012546,630,176,454
S01012547,508,223,285
S01012548,727,328,399
S01012549,523,141,382
S01012550,662,230,432
S01012551,810,345,465
S01012552,676,323,353
S01012553,569,260,309
S01012554,589,260,329
S01012555,368,172,196
S01012556,385,200,185
S01012557,525,280,245
S01012558,503,149,354
S01012559,673,201,472
S01012560,689,223,466
S01012561,741,269,472
S01012562,742,228,514
S01012563,513,292,221
S01012564,601,298,303
S01012565,637,313,324
S01012566,539,217,322
S01012567,760,266,494
S01012568,679,409,270
S01012569,549,316,233
S01012570,542,169,373
S01012571,570,165,405
S01012572,404,113,291
S01012573,591,262,329
S01012574,899,386,513
S01012575,540,220,320
S01012576,799,374,425
S01012577,687,255,432
S01012578,940,376,564
S01012579,551,203,348
S01012580,540,234,306
S01012581,790,217,573
S01012582,704,273,431
S01012583,475,139,336
S01012584,501,178,323
S01012585,1043,317,726
S01012586,641,224,417
S01012587,722,285,437
S01012588,530,178,352
S01012589,543,106,437
S01012590,737,165,572
S01012591,795,178,617
S01012592,488,225,263
S01012593,845,356,489
S01012594,465,162,303
S01012595,580,180,400
S01012596,490,103,387
S01012597,226,63,163
S01012598,539,264,275
S01012599,479,218,261
S01012600,520,228,292
S01012601,626,287,339
S01012602,435,151,284
S01012603,464,118,346
S01012604,594,165,429
S01012605,616,244,372
S01012606,220,128,92
S01012607,519,182,337
S01012608,690,171,519
S01012609,627,104,523
S01012610,791,170,621
S01012611,646,250,396
S01012612,771,262,509
S01012613,832,226,606
S01012614,758,273,485
S01012615,697,329,368
S01012616,673,282,391
S01012617,563,284,279
S01012618,470,185,285
S01012619,482,152,330
S01012620,663,323,340
S01012621,604,286,318
S01012622,565,196,369
S01012623,598,145,453
S01012624,499,120,379
S01012625,469,126,343
S01012626,593,256,337
S01012627,426,146,280
S01012628,989,498,491
S01012629,214,113,101
S01012630,542,197,345
S01012631,695,185,510
S01012632,519,167,352
S01012633,702,259,443
S01012634,912,317,595
S01012635,1398,613,785
S01012636,1055,447,608
S01012637,680,107,573
S01012638,658,155,503
S01012639,916,196,720
S01012640,894,229,665
S01012641,599,152,447
S01012642,1068,211,857
S01012643,359,60,299
S01012644,452,103,349
S01012645,875,278,597
S01012646,861,299,562
S01012647,792,330,462
S01012648,440,99,341
S01012649,556,158,398
S01012650,583,213,370
S01012651,521,103,418
S01012652,759,318,441
S01012653,629,161,468
S01012654,610,210,400
S01012655,872,231,641
S01012656,622,154,468
S01012657,625,223,402
S01012658,688,233,455
S01012659,518,212,306
S01012660,489,121,368
S01012661,652,194,458
S01012662,644,166,478
S01012663,637,203,434
S01012664,692,189,503
S01012665,515,83,432
S01012666,516,91,425
S01012667,433,74,359
S01012668,713,138,575
S01012669,718,247,471
S01012670,493,186,307
S01012671,922,181,741
S01012672,568,72,496
S01012673,614,102,512
S01012674,425,71,354
S01012675,711,149,562
S01012676,653,146,507
S01012677,384,74,310
S01012678,498,189,309
S01012679,551,161,390
S01012680,367,154,213
S01012681,536,165,371
S01012682,546,191,355
S01012683,596,164,432
S01012684,296,112,184
S01012685,773,231,542
S01012686,846,383,463
S01012687,924,494,430
S01012688,596,265,331
S01012689,395,182,213
S01012690,358,144,214
S01012691,683,413,270
S01012692,687,296,391
S01012693,588,332,256
S01012694,415,159,256
S01012695,557,188,369
S01012696,551,205,346
S01012697,349,147,202
S01012698,709,301,408
S01012699,710,280,430
S01012700,595,235,360
S01012701,817,369,448
S01012702,488,220,268
S01012703,452,166,286
S01012704,481,80,401
S01012705,514,227,287
S01012706,655,120,535
S01012707,634,304,330
S01012708,593,117,476
S01012709,414,111,303
S01012710,629,159,470
S01012711,770,182,588
S01012712,584,286,298
S01012713,712,298,414
S01012714,449,231,218
S01012715,666,219,447
S01012716,740,399,341
S01012717,798,304,494
S01012718,665,309,356
S01012719,823,328,495
S01012720,641,278,363
S01012721,452,125,327
S01012722,741,140,601
S01012723,532,106,426
S01012724,516,177,339
S01012725,760,298,462
S01012726,594,177,417
S01012727,595,113,482
S01012728,612,106,506
S01012729,640,213,427
S01012730,380,69,311
S01012731,516,101,415
S01012732,535,108,427
S01012733,2273,1150,1123
S01012734,63,11,52
S01012735,386,77,309
S01012736,862,240,622
S01012737,878,279,599
S01012738,406,90,316
S01012739,81,34,47
S01012740,63,8,55
S01012741,434,191,243
S01012742,660,287,373
S01012743,684,301,383
S01012744,512,219,293
S01012745,598,227,371
S01012746,796,314,482
S01012747,759,219,540
S01012748,489,71,418
S01012749,506,82,424
S01012750,483,63,420
S01012751,818,172,646
S01012752,564,155,409
S01012753,323,53,270
S01012754,624,128,496
S01012755,417,101,316
S01012756,1185,440,745
S01012757,326,56,270
S01012758,445,120,325
S01012759,515,90,425
S01012760,573,120,453
S01012761,665,142,523
S01012762,574,133,441
S01012763,438,97,341
S01012764,656,181,475
S01012765,394,85,309
S01012766,428,57,371
S01012767,572,192,380
S01012768,649,189,460
S01012769,712,264,448
S01012770,564,150,414
S01012771,555,176,379
S01012772,781,134,647
S01012773,819,202,617
S01012774,592,162,430
S01012775,440,118,322
S01012776,559,89,470
S01012777,744,248,496
S01012778,720,191,529
S01012779,608,149,459
S01012780,562,115,447
S01012781,457,164,293
S01012782,514,62,452
S01012783,583,88,495
S01012784,717,169,548
S01012785,462,71,391
S01012786,732,162,570
S01012787,357,93,264
S01012788,643,137,506
S01012789,691,219,472
S01012790,599,320,279
S01012791,538,246,292
S01012792,710,241,469
S01012793,617,154,463
S01012794,306,142,164
S01012795,796,113,683
S01012796,589,151,438
S01012797,480,130,350
S01012798,667,366,301
S01012799,768,463,305
S01012800,716,430,286
S01012801,304,171,133
S01012802,490,278,212
S01012803,570,290,280
S01012804,550,164,386
S01012805,671,191,480
S01012806,594,207,387
S01012807,944,443,501
S01012808,682,326,356
S01012809,577,263,314
S01012810,572,146,426
S01012811,587,230,357
S01012812,629,236,393
S01012813,718,410,308
S01012814,627,262,365
S01012815,896,359,537
S01012816,526,180,346
S01012817,311,127,184
S01012818,653,263,390
S01012819,720,141,579
S01012820,1686,670,1016
S01012821,1100,432,668
S01012822,513,102,411
S01012823,494,158,336
S01012824,905,325,580
S01012825,953,273,680
S01012826,989,309,680
S01012827,910,316,594
S01012828,1499,628,871
S01012829,519,79,440
S01012830,463,116,347
S01012831,499,108,391
S01012832,349,92,257
S01012833,615,123,492
S01012834,501,149,352
S01012835,675,238,437
S01012836,349,114,235
S01012837,608,96,512
S01012838,532,83,449
S01012839,516,175,341
S01012840,687,299,388
S01012841,516,232,284
S01012842,710,252,458
S01012843,714,388,326
S01012844,615,382,233
S01012845,586,267,319
S01012846,688,185,503
S01012847,493,137,356
S01012848,628,272,356
S01012849,767,244,523
S01012850,620,120,500
S01012851,657,194,463
S01012852,710,368,342
S01012853,642,245,397
S01012854,837,399,438
S01012855,778,327,451
S01012856,611,155,456
S01012857,859,239,620
S01012858,619,155,464
S01012859,779,222,557
S01012860,586,201,385
S01012861,474,187,287
S01012862,548,97,451
S01012863,528,112,416
S01012864,517,105,412
S01012865,772,197,575
S01012866,599,147,452
S01012867,558,76,482
S01012868,541,90,451
S01012869,312,35,277
S01012870,664,188,476
S01012871,643,217,426
S01012872,583,151,432
S01012873,641,176,465
S01012874,575,159,416
S01012875,428,107,321
S01012876,598,103,495
S01012877,499,75,424
S01012878,661,292,369
S01012879,683,303,380
S01012880,666,362,304
S01012881,890,406,484
S01012882,736,195,541
S01012883,603,123,480
S01012884,360,131,229
S01012885,562,117,445
S01012886,615,278,337
S01012887,492,234,258
S01012888,594,328,266
S01012889,805,306,499
S01012890,501,110,391
S01012891,509,116,393
S01012892,766,119,647
S01012893,609,88,521
S01012894,559,238,321
S01012895,466,183,283
S01012896,709,202,507
S01012897,1088,481,607
S01012898,660,299,361
S01012899,517,109,408
S01012900,806,341,465
S01012901,1336,526,810
S01012902,689,216,473
S01012903,635,161,474
S01012904,622,181,441
S01012905,566,122,444
S01012906,759,290,469
S01012907,675,185,490
S01012908,694,177,517
S01012909,558,151,407
S01012910,842,204,638
S01012911,516,172,344
S01012912,827,235,592
S01012913,631,180,451
S01012914,738,256,482
S01012915,680,270,410
S01012916,628,237,391
S01012917,471,196,275
S01012918,553,172,381
S01012919,304,92,212
S01012920,419,209,210
S01012921,444,115,329
S01012922,642,231,411
S01012923,732,278,454
S01012924,394,135,259
S01012925,417,187,230
S01012926,487,171,316
S01012927,510,162,348
S01012928,665,250,415
S01012929,585,193,392
S01012930,626,231,395
S01012931,761,242,519
S01012932,395,179,216
S01012933,544,163,381
S01012934,522,162,360
S01012935,912,285,627
S01012936,553,216,337
S01012937,528,191,337
S01012938,564,304,260
S01012939,510,262,248
S01012940,567,251,316
S01012941,510,284,226
S01012942,551,137,414
S01012943,561,250,311
S01012944,474,254,220
S01012945,470,257,213
S01012946,580,280,300
S01012947,403,210,193
S01012948,789,319,470
S01012949,979,491,488
S01012950,1186,635,551
S01012951,723,400,323
S01012952,998,587,411
S01012953,489,196,293
S01012954,342,125,217
S01012955,821,421,400
S01012956,585,166,419
S01012957,521,147,374
S01012958,368,117,251
S01012959,401,150,251
S01012960,513,176,337
S01012961,703,323,380
S01012962,668,322,346
S01012963,744,360,384
S01012964,935,452,483
S01012965,492,215,277
S01012966,632,235,397
S01012967,592,146,446
S01012968,587,149,438
S01012969,646,147,499
S01012970,599,173,426
S01012971,651,141,510
S01012972,597,105,492
S01012973,615,152,463
S01012974,753,188,565
S01012975,491,92,399
S01012976,453,100,353
S01012977,577,127,450
S01012978,611,121,490
S01012979,555,143,412
S01012980,517,136,381
S01012981,601,156,445
S01012982,564,137,427
S01012983,501,177,324
S01012984,519,180,339
S01012985,559,140,419
S01012986,666,158,508
S01012987,673,157,516
S01012988,688,199,489
S01012989,733,221,512
S01012990,706,170,536
S01012991,682,189,493
S01012992,640,196,444
S01012993,630,167,463
S01012994,629,172,457
S01012995,586,186,400
S01012996,629,150,479
S01012997,399,114,285
S01012998,815,254,561
S01012999,485,148,337
S01013000,741,193,548
S01013001,260,136,124
S01013002,477,239,238
S01013003,471,314,157
S01013004,608,339,269
S01013005,470,279,191
S01013006,605,401,204
S01013007,813,479,334
S01013008,809,466,343
S01013009,520,228,292
S01013010,437,200,237
S01013011,581,261,320
S01013012,729,310,419
S01013013,655,292,363
S01013014,526,196,330
S01013015,481,219,262
S01013016,668,355,313
S01013017,726,337,389
S01013018,779,375,404
S01013019,1005,549,456
S01013020,648,286,362
S01013021,815,293,522
S01013022,261,130,131
S01013023,650,405,245
S01013024,398,196,202
S01013025,879,392,487
S01013026,639,160,479
S01013027,1026,234,792
S01013028,646,246,400
S01013029,469,70,399
S01013030,765,179,586
S01013031,425,49,376
S01013032,415,104,311
S01013033,526,134,392
S01013034,541,70,471
S01013035,537,62,475
S01013036,602,109,493
S01013037,757,243,514
S01013038,799,224,575
S01013039,346,140,206
S01013040,444,111,333
S01013041,399,115,284
S01013042,606,196,410
S01013043,489,91,398
S01013044,738,162,576
S01013045,435,137,298
S01013046,442,105,337
S01013047,623,275,348
S01013048,889,343,546
S01013049,739,277,462
S01013050,620,187,433
S01013051,595,128,467
S01013052,462,115,347
S01013053,671,151,520
S01013054,661,193,468
S01013055,493,101,392
S01013056,818,172,646
S01013057,568,100,468
S01013058,341,170,171
S01013059,719,378,341
S01013060,385,233,152
S01013061,712,437,275
S01013062,636,394,242
S01013063,552,375,177
S01013064,791,184,607
S01013065,754,221,533
S01013066,538,174,364
S01013067,615,300,315
S01013068,867,382,485
S01013069,446,152,294
S01013070,407,126,281
S01013071,337,115,222
S01013072,566,147,419
S01013073,671,199,472
S01013074,873,143,730
S01013075,523,94,429
S01013076,382,163,219
S01013077,417,73,344
S01013078,502,93,409
S01013079,913,415,498
S01013080,681,354,327
S01013081,492,243,249
S01013082,910,418,492
S01013083,583,325,258
S01013084,645,337,308
S01013085,519,227,292
S01013086,641,357,284
S01013087,587,395,192
S01013088,619,401,218
S01013089,537,219,318
S01013090,752,383,369
S01013091,470,235,235
S01013092,810,377,433
S01013093,330,177,153
S01013094,498,333,165
S01013095,1110,754,356
S01013096,389,161,228
S01013097,1062,684,378
S01013098,39,6,33
S01013099,587,329,258
S01013100,594,381,213
S01013101,1082,482,600
S01013102,452,273,179
S01013103,531,299,232
S01013104,732,414,318
S01013105,604,375,229
S01013106,686,253,433
S01013107,602,325,277
S01013108,462,176,286
S01013109,1088,489,599
S01013110,401,174,227
S01013111,500,221,279
S01013112,564,202,362
S01013113,662,169,493
S01013114,953,298,655
S01013115,644,227,417
S01013116,665,320,345
S01013117,713,273,440
S01013118,763,286,477
S01013119,568,209,359
S01013120,817,247,570
S01013121,327,73,254
S01013122,542,135,407
S01013123,589,150,439
S01013124,734,176,558
S01013125,572,156,416
S01013126,568,100,468
S01013127,643,103,540
S01013128,716,199,517
S01013129,860,236,624
S01013130,560,125,435
S01013131,551,109,442
S01013132,437,82,355
S01013133,565,120,445
S01013134,528,167,361
S01013135,631,101,530
S01013136,748,130,618
S01013137,654,111,543
S01013138,528,86,442
S01013139,686,121,565
S01013140,654,131,523
S01013141,387,79,308
S01013142,594,116,478
S01013143,664,173,491
S01013144,573,128,445
S01013145,579,153,426
S01013146,357,78,279
S01013147,477,122,355
S01013148,711,203,508
S01013149,538,162,376
S01013150,570,140,430
S01013151,387,139,248
S01013152,841,241,600
S01013153,562,103,459
S01013154,814,175,639
S01013155,509,84,425
S01013156,608,109,499
S01013157,679,110,569
S01013158,527,227,300
S01013159,592,213,379
S01013160,676,244,432
S01013161,683,179,504
S01013162,753,178,575
S01013163,582,182,400
S01013164,751,211,540
S01013165,819,262,557
S01013166,490,83,407
S01013167,740,147,593
S01013168,631,103,528
S01013169,476,105,371
S01013170,769,177,592
S01013171,489,194,295
S01013172,578,154,424
S01013173,556,178,378
S01013174,789,310,479
S01013175,544,221,323
S01013176,688,239,449
S01013177,740,234,506
S01013178,518,184,334
S01013179,1016,362,654
S01013180,306,116,190
S01013181,665,215,450
S01013182,541,126,415
S01013183,741,304,437
S01013184,323,42,281
S01013185,631,135,496
S01013186,462,70,392
S01013187,600,145,455
S01013188,681,230,451
S01013189,585,214,371
S01013190,593,182,411
S01013191,695,310,385
S01013192,710,257,453
S01013193,467,157,310
S01013194,877,301,576
S01013195,681,216,465
S01013196,512,184,328
S01013197,372,153,219
S01013198,557,145,412
S01013199,617,246,371
S01013200,592,178,414
S01013201,501,96,405
S01013202,330,84,246
S01013203,644,188,456
S01013204,715,253,462
S01013205,432,69,363
S01013206,590,124,466
S01013207,799,262,537
S01013208,485,90,395
S01013209,704,187,517
S01013210,548,183,365
S01013211,674,159,515
S01013212,570,198,372
S01013213,662,214,448
S01013214,303,106,197
S01013215,588,138,450
S01013216,523,84,439
S01013217,542,94,448
S01013218,457,69,388
S01013219,446,77,369
S01013220,532,81,451
S01013221,602,104,498
S01013222,437,74,363
S01013223,833,220,613
S01013224,744,186,558
S01013225,773,212,561
S01013226,544,186,358
S01013227,358,65,293
S01013228,591,146,445
S01013229,662,142,520
S01013230,613,126,487
S01013231,889,301,588
S01013232,533,109,424
S01013233,395,120,275
S01013234,466,212,254
S01013235,746,209,537
S01013236,701,256,445
S01013237,657,194,463
S01013238,636,101,535
S01013239,583,118,465
S01013240,470,89,381
S01013241,611,268,343
S01013242,446,167,279
S01013243,569,117,452
S01013244,772,139,633
S01013245,691,180,511
S01013246,324,75,249
S01013247,618,112,506
S01013248,459,75,384
S01013249,736,162,574
S01013250,960,397,563
S01013251,601,120,481
S01013252,799,221,578
S01013253,584,154,430
S01013254,564,110,454
S01013255,1124,189,935
S01013256,654,258,396
S01013257,679,211,468
S01013258,683,224,459
S01013259,917,274,643
S01013260,554,98,456
S01013261,769,152,617
S01013262,586,139,447
S01013263,723,400,323
S01013264,192,92,100
S01013265,621,335,286
S01013266,266,135,131
S01013267,555,182,373
S01013268,788,216,572
S01013269,809,371,438
S01013270,540,307,233
S01013271,847,490,357
S01013272,781,451,330
S01013273,556,317,239
S01013274,685,285,400
S01013275,745,304,441
S01013276,674,204,470
S01013277,600,137,463
S01013278,666,134,532
S01013279,520,94,426
S01013280,515,125,390
S01013281,600,110,490
S01013282,517,82,435
S01013283,752,194,558
S01013284,480,182,298
S01013285,552,214,338
S01013286,550,198,352
S01013287,544,275,269
S01013288,476,191,285
S01013289,727,351,376
S01013290,762,267,495
S01013291,791,255,536
S01013292,616,175,441
S01013293,602,239,363
S01013294,612,207,405
S01013295,652,208,444
S01013296,594,122,472
S01013297,773,188,585
S01013298,531,179,352
S01013299,835,216,619
S01013300,806,219,587
S01013301,477,105,372
S01013302,955,386,569
S01013303,1121,360,761
S01013304,672,112,560
S01013305,659,122,537
S01013306,671,92,579
S01013307,776,109,667
S01013308,788,152,636
S01013309,603,243,360
S01013310,435,105,330
S01013311,809,200,609
S01013312,1082,233,849
S01013313,433,87,346
S01013314,553,106,447
S01013315,195,81,114
S01013316,488,207,281
S01013317,510,187,323
S01013318,497,218,279
S01013319,565,231,334
S01013320,469,230,239
S01013321,339,92,247
S01013322,483,127,356
S01013323,644,149,495
S01013324,649,128,521
S01013325,821,236,585
S01013326,617,97,520
S01013327,571,97,474
S01013328,462,61,401
S01013329,351,82,269
S01013330,670,253,417
S01013331,430,150,280
S01013332,558,123,435
S01013333,769,234,535
S01013334,489,91,398
S01013335,608,90,518
S01013336,671,159,512
S01013337,1793,700,1093
S01013338,295,101,194
S01013339,592,243,349
S01013340,950,415,535
S01013341,652,351,301
S01013342,535,85,450
S01013343,514,124,390
S01013344,844,270,574
S01013345,549,124,425
S01013346,555,244,311
S01013347,524,183,341
S01013348,927,403,524
S01013349,716,244,472
S01013350,1003,311,692
S01013351,541,143,398
S01013352,674,150,524
S01013353,736,176,560
S01013354,644,198,446
S01013355,651,193,458
S01013356,659,144,515
S01013357,759,227,532
S01013358,658,169,489
S01013359,389,74,315
S01013360,466,79,387
S01013361,915,151,764
S01013362,365,61,304
S01013363,747,121,626
S01013364,555,151,404
S01013365,885,269,616
S01013366,434,151,283
S01013367,518,184,334
S01013368,571,146,425
S01013369,568,100,468
S01013370,583,129,454
S01013371,569,126,443
S01013372,685,89,596
S01013373,864,172,692
S01013374,631,98,533
S01013375,461,58,403
S01013376,440,72,368
S01013377,506,90,416
S01013378,698,189,509
S01013379,826,202,624
S01013380,911,291,620
S01013381,515,97,418
S01013382,656,140,516
S01013383,522,106,416
S01013384,781,171,610
S01013385,464,113,351
S01013386,574,224,350
S01013387,424,85,339
S01013388,489,114,375
S01013389,693,184,509
S01013390,375,68,307
S01013391,694,242,452
S01013392,718,253,465
S01013393,1239,361,878
S01013394,465,95,370
S01013395,924,251,673
S01013396,766,249,517
S01013397,650,146,504
S01013398,166,47,119
S01013399,773,277,496
S01013400,457,112,345
S01013401,2443,1188,1255
S01013402,150,49,101
S01013403,64,27,37
S01013404,2852,1360,1492
S01013405,454,121,333
S01013406,470,84,386
S01013407,1125,355,770
S01013408,520,119,401
S01013409,872,248,624
S01013410,367,47,320
S01013411,643,221,422
S01013412,544,169,375
S01013413,680,328,352
S01013414,609,186,423
S01013415,599,112,487
S01013416,381,77,304
S01013417,615,175,440
S01013418,330,81,249
S01013419,387,170,217
S01013420,853,306,547
S01013421,600,246,354
S01013422,627,140,487
S01013423,598,189,409
S01013424,554,203,351
S01013425,309,112,197
S01013426,591,105,486
S01013427,513,275,238
S01013428,1092,381,711
S01013429,1067,302,765
S01013430,1239,416,823
S01013431,673,184,489
S01013432,574,207,367
S01013433,516,229,287
S01013434,361,191,170
S01013435,517,326,191
S01013436,627,233,394
S01013437,550,212,338
S01013438,478,154,324
S01013439,640,394,246
S01013440,895,571,324
S01013441,600,379,221
S01013442,648,294,354
S01013443,422,226,196
S01013444,840,383,457
S01013445,380,233,147
S01013446,465,123,342
S01013447,373,244,129
S01013448,752,443,309
S01013449,562,282,280
S01013450,567,323,244
S01013451,565,344,221
S01013452,423,216,207
S01013453,647,193,454
S01013454,543,235,308
S01013455,398,154,244
S01013456,730,225,505
S01013457,645,126,519
S01013458,596,165,431
S01013459,675,174,501
S01013460,659,131,528
S01013461,761,242,519
S01013462,680,231,449
S01013463,616,141,475
S01013464,559,196,363
S01013465,564,134,430
S01013466,204,89,115
S01013467,618,273,345
S01013468,439,140,299
S01013469,725,229,496
S01013470,626,106,520
S01013471,622,118,504
S01013472,759,329,430
S01013473,353,142,211
S01013474,481,194,287
S01013475,1080,438,642
S01013476,451,124,327
S01013477,692,149,543
S01013478,613,224,389
S01013479,725,173,552
S01013480,450,66,384
S01013481,833,351,482
