dz_2011,total,pensioner,nonpensioner
S01006506,355,64,291
S01006507,422,104,318
S01006508,400,32,368
S01006509,327,102,225
S01006510,313,98,215
S01006511,366,114,252
S01006512,138,21,117
S01006513,372,77,295
S01006514,346,53,293
S01006515,401,59,342
S01006516,292,55,237
S01006517,397,99,298
S01006518,337,80,257
S01006519,269,35,234
S01006520,261,16,245
S01006521,173,37,136
S01006522,211,59,152
S01006523,549,161,388
S01006524,471,171,300
S01006525,475,118,357
S01006526,659,187,472
S01006527,566,155,411
S01006528,481,113,368
S01006529,586,161,425
S01006530,549,196,353
S01006531,589,186,403
S01006532,374,107,267
S01006533,339,64,275
S01006534,412,81,331
S01006535,595,68,527
S01006536,774,84,690
S01006537,373,126,247
S01006538,291,99,192
S01006539,432,137,295
S01006540,593,171,422
S01006541,482,226,256
S01006542,453,158,295
S01006543,446,176,270
S01006544,391,116,275
S01006545,605,257,348
S01006546,515,177,338
S01006547,696,273,423
S01006548,316,100,216
S01006549,360,123,237
S01006550,500,173,327
S01006551,486,195,291
S01006552,482,97,385
S01006553,488,230,258
S01006554,417,139,278
S01006555,404,61,343
S01006556,473,167,306
S01006557,387,105,282
S01006558,458,98,360
S01006559,280,59,221
S01006560,424,126,298
S01006561,355,76,279
S01006562,442,141,301
S01006563,469,116,353
S01006564,691,111,580
S01006565,722,123,599
S01006566,476,51,425
S01006567,692,100,592
S01006568,757,63,694
S01006569,430,68,362
S01006570,432,80,352
S01006571,565,83,482
S01006572,494,140,354
S01006573,278,40,238
S01006574,395,76,319
S01006575,488,78,410
S01006576,445,67,378
S01006577,473,56,417
S01006578,947,87,860
S01006579,847,58,789
S01006580,455,64,391
S01006581,536,141,395
S01006582,311,28,283
S01006583,602,23,579
S01006584,524,52,472
S01006585,504,115,389
S01006586,503,78,425
S01006587,287,24,263
S01006588,407,4,403
S01006589,597,42,555
S01006590,363,21,342
S01006591,299,17,282
S01006592,232,17,215
S01006593,302,32,270
S01006594,458,105,353
S01006595,443,29,414
S01006596,449,46,403
S01006597,561,53,508
S01006598,485,64,421
S01006599,600,192,408
S01006600,707,191,516
S01006601,554,79,475
S01006602,438,125,313
S01006603,617,204,413
S01006604,391,106,285
S01006605,421,144,277
S01006606,587,193,394
S01006607,551,135,416
S01006608,377,82,295
S01006609,596,210,386
S01006610,371,153,218
S01006611,523,174,349
S01006612,403,98,305
S01006613,172,15,157
S01006614,357,10,347
S01006615,154,9,145
S01006616,332,21,311
S01006617,409,76,333
S01006618,244,25,219
S01006619,403,61,342
S01006620,490,76,414
S01006621,353,43,310
S01006622,285,5,280
S01006623,654,114,540
S01006624,457,56,401
S01006625,374,94,280
S01006626,446,119,327
S01006627,441,52,389
S01006628,731,70,661
S01006629,406,74,332
S01006630,328,57,271
S01006631,595,169,426
S01006632,518,113,405
S01006633,387,63,324
S01006634,363,35,328
S01006635,484,129,355
S01006636,486,79,407
S01006637,298,80,218
S01006638,708,205,503
S01006639,614,171,443
S01006640,85,4,81
S01006641,586,59,527
S01006642,494,47,447
S01006643,612,35,577
S01006644,356,50,306
S01006645,648,112,536
S01006646,525,29,496
S01006647,353,50,303
S01006648,681,41,640
S01006649,441,34,407
S01006650,519,34,485
S01006651,439,89,350
S01006652,398,34,364
S01006653,383,30,353
S01006654,483,135,348
S01006655,181,39,142
S01006656,521,58,463
S01006657,322,16,306
S01006658,620,44,576
S01006659,438,49,389
S01006660,344,11,333
S01006661,355,52,303
S01006662,288,18,270
S01006663,465,53,412
S01006664,218,28,190
S01006665,405,56,349
S01006666,774,219,555
S01006667,651,203,448
S01006668,425,54,371
S01006669,522,167,355
S01006670,299,129,170
S01006671,314,124,190
S01006672,369,70,299
S01006673,324,41,283
S01006674,536,185,351
S01006675,270,25,245
S01006676,397,95,302
S01006677,400,58,342
S01006678,513,78,435
S01006679,458,78,380
S01006680,392,54,338
S01006681,580,167,413
S01006682,394,88,306
S01006683,570,81,489
S01006684,417,50,367
S01006685,475,130,345
S01006686,441,142,299
S01006687,482,135,347
S01006688,563,278,285
S01006689,126,22,104
S01006690,393,98,295
S01006691,438,79,359
S01006692,423,102,321
S01006693,591,133,458
S01006694,632,295,337
S01006695,345,119,226
S01006696,513,165,348
S01006697,537,161,376
S01006698,504,197,307
S01006699,348,102,246
S01006700,640,207,433
S01006701,480,127,353
S01006702,438,143,295
S01006703,351,105,246
S01006704,393,99,294
S01006705,461,160,301
S01006706,385,111,274
S01006707,338,69,269
S01006708,430,174,256
S01006709,492,154,338
S01006710,494,133,361
S01006711,548,192,356
S01006712,299,107,192
S01006713,430,136,294
S01006714,399,117,282
S01006715,368,37,331
S01006716,236,30,206
S01006717,428,112,316
S01006718,246,52,194
S01006719,389,80,309
S01006720,295,55,240
S01006721,407,97,310
S01006722,347,68,279
S01006723,419,109,310
S01006724,473,82,391
S01006725,387,74,313
S01006726,389,35,354
S01006727,470,97,373
S01006728,388,79,309
S01006729,379,94,285
S01006730,307,51,256
S01006731,213,19,194
S01006732,357,52,305
S01006733,310,14,296
S01006734,389,37,352
S01006735,364,82,282
S01006736,350,12,338
S01006737,316,67,249
S01006738,343,45,298
S01006739,247,33,214
S01006740,494,188,306
S01006741,385,162,223
S01006742,231,85,146
S01006743,449,134,315
S01006744,329,82,247
S01006745,502,175,327
S01006746,311,102,209
S01006747,442,107,335
S01006748,434,95,339
S01006749,558,112,446
S01006750,337,90,247
S01006751,204,60,144
S01006752,382,111,271
S01006753,405,100,305
S01006754,482,74,408
S01006755,326,57,269
S01006756,102,16,86
S01006757,543,64,479
S01006758,283,19,264
S01006759,254,29,225
S01006760,284,27,257
S01006761,444,62,382
S01006762,477,155,322
S01006763,445,16,429
S01006764,344,12,332
S01006765,329,10,319
S01006766,239,14,225
S01006767,405,160,245
S01006768,226,7,219
S01006769,490,73,417
S01006770,272,22,250
S01006771,175,3,172
S01006772,575,56,519
S01006773,250,20,230
S01006774,268,2,266
S01006775,358,72,286
S01006776,350,146,204
S01006777,367,25,342
S01006778,371,64,307
S01006779,493,171,322
S01006780,398,125,273
S01006781,422,116,306
S01006782,415,62,353
S01006783,295,78,217
S01006784,321,71,250
S01006785,262,13,249
S01006786,435,51,384
S01006787,437,57,380
S01006788,281,16,265
S01006789,409,133,276
S01006790,423,170,253
S01006791,226,67,159
S01006792,283,70,213
S01006793,302,93,209
S01006794,366,112,254
S01006795,290,88,202
S01006796,154,34,120
S01006797,255,51,204
S01006798,251,45,206
S01006799,413,131,282
S01006800,327,58,269
S01006801,263,52,211
S01006802,297,83,214
S01006803,319,111,208
S01006804,292,71,221
S01006805,423,98,325
S01006806,414,83,331
S01006807,196,18,178
S01006808,344,68,276
S01006809,385,96,289
S01006810,406,96,310
S01006811,350,60,290
S01006812,290,38,252
S01006813,353,87,266
S01006814,332,34,298
S01006815,275,93,182
S01006816,371,76,295
S01006817,275,45,230
S01006818,242,34,208
S01006819,287,36,251
S01006820,219,42,177
S01006821,352,48,304
S01006822,293,29,264
S01006823,329,52,277
S01006824,286,53,233
S01006825,429,62,367
S01006826,418,57,361
S01006827,469,138,331
S01006828,532,152,380
S01006829,116,24,92
S01006830,253,32,221
S01006831,511,116,395
S01006832,365,83,282
S01006833,274,69,205
S01006834,95,18,77
S01006835,641,247,394
S01006836,34,13,21
S01006837,188,37,151
S01006838,381,45,336
S01006839,360,68,292
S01006840,414,58,356
S01006841,520,64,456
S01006842,384,49,335
S01006843,377,29,348
S01006844,325,33,292
S01006845,383,32,351
S01006846,347,36,311
S01006847,269,18,251
S01006848,286,38,248
S01006849,177,34,143
S01006850,413,22,391
S01006851,292,56,236
S01006852,214,26,188
S01006853,308,42,266
S01006854,544,110,434
S01006855,279,42,237
S01006856,347,73,274
S01006857,388,78,310
S01006858,222,25,197
S01006859,365,69,296
S01006860,309,109,200
S01006861,107,43,64
S01006862,407,104,303
S01006863,269,85,184
S01006864,71,21,50
S01006865,420,87,333
S01006866,250,61,189
S01006867,426,129,297
S01006868,342,95,247
S01006869,213,41,172
S01006870,218,51,167
S01006871,345,81,264
S01006872,341,49,292
S01006873,451,153,298
S01006874,222,30,192
S01006875,295,86,209
S01006876,386,76,310
S01006877,383,55,328
S01006878,410,98,312
S01006879,337,60,277
S01006880,210,29,181
S01006881,203,29,174
S01006882,422,181,241
S01006883,250,63,187
S01006884,419,134,285
S01006885,278,70,208
S01006886,299,60,239
S01006887,163,29,134
S01006888,284,42,242
S01006889,260,31,229
S01006890,378,74,304
S01006891,259,35,224
S01006892,263,62,201
S01006893,390,62,328
S01006894,281,105,176
S01006895,233,39,194
S01006896,306,62,244
S01006897,411,62,349
S01006898,223,53,170
S01006899,149,15,134
S01006900,184,22,162
S01006901,357,73,284
S01006902,282,41,241
S01006903,370,91,279
S01006904,194,36,158
S01006905,423,150,273
S01006906,506,207,299
S01006907,325,114,211
S01006908,415,116,299
S01006909,100,15,85
S01006910,139,19,120
S01006911,128,13,115
S01006912,102,12,90
S01006913,195,10,185
S01006914,286,49,237
S01006915,289,26,263
S01006916,103,22,81
S01006917,44,9,35
S01006918,179,39,140
S01006919,217,42,175
S01006920,283,107,176
S01006921,159,32,127
S01006922,224,40,184
S01006923,275,88,187
S01006924,166,20,146
S01006925,212,34,178
S01006926,114,9,105
S01006927,95,8,87
S01006928,429,74,355
S01006929,403,22,381
S01006930,287,39,248
S01006931,155,36,119
S01006932,156,14,142
S01006933,323,19,304
S01006934,225,52,173
S01006935,364,59,305
S01006936,290,46,244
S01006937,359,49,310
S01006938,369,75,294
S01006939,238,28,210
S01006940,401,48,353
S01006941,349,62,287
S01006942,386,48,338
S01006943,109,25,84
S01006944,41,4,37
S01006945,401,49,352
S01006946,306,35,271
S01006947,414,39,375
S01006948,369,58,311
S01006949,252,22,230
S01006950,93,10,83
S01006951,350,95,255
S01006952,441,65,376
S01006953,443,43,400
S01006954,408,53,355
S01006955,243,46,197
S01006956,258,20,238
S01006957,320,50,270
S01006958,460,121,339
S01006959,378,150,228
S01006960,123,10,113
S01006961,120,18,102
S01006962,344,110,234
S01006963,389,44,345
S01006964,358,38,320
S01006965,214,34,180
S01006966,293,57,236
S01006967,275,31,244
S01006968,429,108,321
S01006969,430,85,345
S01006970,260,47,213
S01006971,377,93,284
S01006972,173,17,156
S01006973,227,36,191
S01006974,490,71,419
S01006975,414,55,359
S01006976,200,20,180
S01006977,313,40,273
S01006978,307,57,250
S01006979,503,101,402
S01006980,233,25,208
S01006981,291,39,252
S01006982,378,68,310
S01006983,388,65,323
S01006984,299,29,270
S01006985,531,123,408
S01006986,179,42,137
S01006987,419,107,312
S01006988,186,27,159
S01006989,255,26,229
S01006990,169,34,135
S01006991,290,94,196
S01006992,314,25,289
S01006993,256,27,229
S01006994,233,32,201
S01006995,326,49,277
S01006996,273,66,207
S01006997,227,30,197
S01006998,391,95,296
S01006999,287,31,256
S01007000,484,138,346
S01007001,392,121,271
S01007002,160,35,125
S01007003,218,49,169
S01007004,406,77,329
S01007005,349,51,298
S01007006,399,100,299
S01007007,299,51,248
S01007008,389,154,235
S01007009,605,186,419
S01007010,444,185,259
S01007011,579,222,357
S01007012,430,126,304
S01007013,352,69,283
S01007014,366,50,316
S01007015,271,45,226
S01007016,189,14,175
S01007017,515,185,330
S01007018,510,130,380
S01007019,469,148,321
S01007020,497,181,316
S01007021,593,193,400
S01007022,187,48,139
S01007023,295,80,215
S01007024,420,87,333
S01007025,472,176,296
S01007026,425,146,279
S01007027,541,173,368
S01007028,446,104,342
S01007029,199,42,157
S01007030,381,96,285
S01007031,272,87,185
S01007032,595,206,389
S01007033,494,119,375
S01007034,464,138,326
S01007035,428,123,305
S01007036,417,142,275
S01007037,498,130,368
S01007038,368,85,283
S01007039,312,81,231
S01007040,461,151,310
S01007041,418,115,303
S01007042,371,114,257
S01007043,374,55,319
S01007044,423,105,318
S01007045,324,49,275
S01007046,222,49,173
S01007047,396,82,314
S01007048,507,98,409
S01007049,419,95,324
S01007050,395,103,292
S01007051,381,92,289
S01007052,208,43,165
S01007053,299,61,238
S01007054,460,136,324
S01007055,181,22,159
S01007056,287,38,249
S01007057,365,103,262
S01007058,354,129,225
S01007059,446,90,356
S01007060,241,37,204
S01007061,397,41,356
S01007062,262,24,238
S01007063,523,104,419
S01007064,257,37,220
S01007065,303,48,255
S01007066,258,40,218
S01007067,529,89,440
S01007068,297,72,225
S01007069,372,64,308
S01007070,340,78,262
S01007071,455,79,376
S01007072,420,44,376
S01007073,521,75,446
S01007074,456,67,389
S01007075,403,65,338
S01007076,318,29,289
S01007077,356,101,255
S01007078,446,109,337
S01007079,589,231,358
S01007080,385,144,241
S01007081,416,72,344
S01007082,287,56,231
S01007083,438,131,307
S01007084,408,162,246
S01007085,558,110,448
S01007086,594,125,469
S01007087,447,113,334
S01007088,284,50,234
S01007089,217,17,200
S01007090,235,26,209
S01007091,101,18,83
S01007092,308,103,205
S01007093,414,66,348
S01007094,433,96,337
S01007095,245,31,214
S01007096,369,72,297
S01007097,318,51,267
S01007098,190,32,158
S01007099,251,58,193
S01007100,339,61,278
S01007101,487,107,380
S01007102,284,47,237
S01007103,324,81,243
S01007104,182,35,147
S01007105,281,88,193
S01007106,378,99,279
S01007107,247,39,208
S01007108,246,35,211
S01007109,414,103,311
S01007110,408,110,298
S01007111,224,55,169
S01007112,345,80,265
S01007113,354,135,219
S01007114,339,92,247
S01007115,251,43,208
S01007116,232,24,208
S01007117,212,31,181
S01007118,372,45,327
S01007119,392,62,330
S01007120,469,73,396
S01007121,377,163,214
S01007122,290,101,189
S01007123,442,142,300
S01007124,448,149,299
S01007125,319,60,259
S01007126,448,70,378
S01007127,315,76,239
S01007128,485,135,350
S01007129,274,40,234
S01007130,298,98,200
S01007131,324,91,233
S01007132,276,71,205
S01007133,216,37,179
S01007134,330,77,253
S01007135,281,53,228
S01007136,120,14,106
S01007137,65,9,56
S01007138,189,32,157
S01007139,306,73,233
S01007140,317,60,257
S01007141,210,40,170
S01007142,63,1,62
S01007143,182,46,136
S01007144,584,130,454
S01007145,414,148,266
S01007146,386,129,257
S01007147,359,86,273
S01007148,206,21,185
S01007149,371,66,305
S01007150,351,147,204
S01007151,362,60,302
S01007152,327,111,216
S01007153,427,154,273
S01007154,491,218,273
S01007155,327,135,192
S01007156,394,79,315
S01007157,328,49,279
S01007158,352,52,300
S01007159,419,126,293
S01007160,350,110,240
S01007161,418,122,296
S01007162,203,89,114
S01007163,434,115,319
S01007164,348,90,258
S01007165,367,104,263
S01007166,468,156,312
S01007167,335,57,278
S01007168,401,99,302
S01007169,364,103,261
S01007170,272,30,242
S01007171,386,72,314
S01007172,332,67,265
S01007173,221,20,201
S01007174,252,52,200
S01007175,306,100,206
S01007176,480,144,336
S01007177,378,100,278
S01007178,485,120,365
S01007179,492,88,404
S01007180,449,160,289
S01007181,432,101,331
S01007182,587,180,407
S01007183,644,242,402
S01007184,545,158,387
S01007185,455,122,333
S01007186,337,76,261
S01007187,443,169,274
S01007188,396,103,293
S01007189,546,260,286
S01007190,434,209,225
S01007191,318,87,231
S01007192,363,86,277
S01007193,342,85,257
S01007194,275,59,216
S01007195,401,72,329
S01007196,296,39,257
S01007197,201,35,166
S01007198,213,46,167
S01007199,444,75,369
S01007200,399,85,314
S01007201,468,118,350
S01007202,347,74,273
S01007203,335,51,284
S01007204,400,70,330
S01007205,305,53,252
S01007206,191,68,123
S01007207,439,97,342
S01007208,451,121,330
S01007209,366,98,268
S01007210,511,136,375
S01007211,390,108,282
S01007212,381,94,287
S01007213,402,131,271
S01007214,510,202,308
S01007215,446,136,310
S01007216,350,91,259
S01007217,399,115,284
S01007218,314,86,228
S01007219,472,118,354
S01007220,364,94,270
S01007221,267,84,183
S01007222,455,81,374
S01007223,242,50,192
S01007224,310,81,229
S01007225,433,68,365
S01007226,358,55,303
S01007227,594,134,460
S01007228,304,55,249
S01007229,493,88,405
S01007230,639,149,490
S01007231,415,133,282
S01007232,324,117,207
S01007233,318,64,254
S01007234,255,75,180
S01007235,541,182,359
S01007236,532,204,328
S01007237,359,121,238
S01007238,439,148,291
S01007239,531,157,374
S01007240,232,34,198
S01007241,470,97,373
S01007242,457,130,327
S01007243,508,123,385
S01007244,260,54,206
S01007245,338,110,228
S01007246,256,47,209
S01007247,456,98,358
S01007248,366,104,262
S01007249,228,73,155
S01007250,392,125,267
S01007251,324,103,221
S01007252,336,90,246
S01007253,316,83,233
S01007254,421,150,271
S01007255,472,85,387
S01007256,370,102,268
S01007257,436,132,304
S01007258,355,116,239
S01007259,446,132,314
S01007260,525,131,394
S01007261,434,119,315
S01007262,298,84,214
S01007263,510,120,390
S01007264,382,123,259
S01007265,508,157,351
S01007266,340,85,255
S01007267,232,34,198
S01007268,237,46,191
S01007269,270,57,213
S01007270,209,47,162
S01007271,512,138,374
S01007272,530,132,398
S01007273,292,77,215
S01007274,448,176,272
S01007275,330,90,240
S01007276,474,136,338
S01007277,404,119,285
S01007278,371,102,269
S01007279,264,42,222
S01007280,251,40,211
S01007281,394,66,328
S01007282,217,35,182
S01007283,407,177,230
S01007284,396,113,283
S01007285,465,124,341
S01007286,579,146,433
S01007287,266,75,191
S01007288,345,92,253
S01007289,386,70,316
S01007290,163,43,120
S01007291,253,72,181
S01007292,279,42,237
S01007293,410,39,371
S01007294,382,91,291
S01007295,346,128,218
S01007296,357,85,272
S01007297,420,91,329
S01007298,242,51,191
S01007299,431,111,320
S01007300,343,84,259
S01007301,359,97,262
S01007302,362,88,274
S01007303,416,115,301
S01007304,260,93,167
S01007305,396,108,288
S01007306,429,119,310
S01007307,387,87,300
S01007308,361,90,271
S01007309,336,77,259
S01007310,429,117,312
S01007311,408,103,305
S01007312,388,110,278
S01007313,398,94,304
S01007314,374,66,308
S01007315,347,94,253
S01007316,534,150,384
S01007317,434,71,363
S01007318,276,61,215
S01007319,386,120,266
S01007320,434,116,318
S01007321,256,53,203
S01007322,406,106,300
S01007323,278,87,191
S01007324,144,33,111
S01007325,377,114,263
S01007326,443,110,333
S01007327,427,118,309
S01007328,499,135,364
S01007329,283,83,200
S01007330,370,120,250
S01007331,369,74,295
S01007332,278,69,209
S01007333,508,135,373
S01007334,455,146,309
S01007335,464,138,326
S01007336,403,80,323
S01007337,364,155,209
S01007338,447,107,340
S01007339,376,137,239
S01007340,395,155,240
S01007341,391,161,230
S01007342,327,112,215
S01007343,359,127,232
S01007344,281,94,187
S01007345,330,102,228
S01007346,554,209,345
S01007347,600,189,411
S01007348,374,106,268
S01007349,347,103,244
S01007350,366,134,232
S01007351,319,117,202
S01007352,237,68,169
S01007353,316,138,178
S01007354,366,134,232
S01007355,599,180,419
S01007356,325,100,225
S01007357,383,128,255
S01007358,655,132,523
S01007359,426,127,299
S01007360,372,121,251
S01007361,483,168,315
S01007362,466,156,310
S01007363,487,168,319
S01007364,486,154,332
S01007365,203,84,119
S01007366,316,128,188
S01007367,321,101,220
S01007368,289,64,225
S01007369,520,130,390
S01007370,486,112,374
S01007371,399,97,302
S01007372,415,159,256
S01007373,255,84,171
S01007374,353,63,290
S01007375,223,60,163
S01007376,433,83,350
S01007377,268,51,217
S01007378,294,59,235
S01007379,402,116,286
S01007380,302,58,244
S01007381,189,47,142
S01007382,444,112,332
S01007383,361,104,257
S01007384,444,117,327
S01007385,571,190,381
S01007386,341,97,244
S01007387,321,55,266
S01007388,273,47,226
S01007389,296,7,289
S01007390,144,0,144
S01007391,241,42,199
S01007392,183,48,135
S01007393,383,140,243
S01007394,391,162,229
S01007395,690,210,480
S01007396,634,184,450
S01007397,407,112,295
S01007398,282,41,241
S01007399,365,58,307
S01007400,422,150,272
S01007401,312,75,237
S01007402,294,76,218
S01007403,262,19,243
S01007404,284,75,209
S01007405,228,67,161
S01007406,273,72,201
S01007407,337,106,231
S01007408,374,81,293
S01007409,269,22,247
S01007410,419,104,315
S01007411,485,152,333
S01007412,260,83,177
S01007413,303,27,276
S01007414,126,16,110
S01007415,378,81,297
S01007416,216,13,203
S01007417,90,16,74
S01007418,303,68,235
S01007419,360,48,312
S01007420,393,81,312
S01007421,275,73,202
S01007422,347,79,268
S01007423,175,41,134
S01007424,316,71,245
S01007425,434,81,353
S01007426,435,105,330
S01007427,374,90,284
S01007428,538,157,381
S01007429,469,103,366
S01007430,253,73,180
S01007431,267,50,217
S01007432,300,50,250
S01007433,410,97,313
S01007434,277,47,230
S01007435,373,78,295
S01007436,543,123,420
S01007437,290,76,214
S01007438,342,85,257
S01007439,443,98,345
S01007440,359,106,253
S01007441,260,43,217
S01007442,290,46,244
S01007443,420,143,277
S01007444,578,179,399
S01007445,297,54,243
S01007446,284,65,219
S01007447,258,47,211
S01007448,413,92,321
S01007449,474,117,357
S01007450,587,133,454
S01007451,295,55,240
S01007452,323,79,244
S01007453,46,7,39
S01007454,204,29,175
S01007455,403,73,330
S01007456,499,109,390
S01007457,351,98,253
S01007458,343,96,247
S01007459,390,117,273
S01007460,391,103,288
S01007461,490,101,389
S01007462,410,81,329
S01007463,443,58,385
S01007464,523,103,420
S01007465,396,55,341
S01007466,543,89,454
S01007467,519,171,348
S01007468,491,44,447
S01007469,290,49,241
S01007470,327,115,212
S01007471,224,57,167
S01007472,536,166,370
S01007473,242,66,176
S01007474,175,25,150
S01007475,240,59,181
S01007476,363,128,235
S01007477,352,93,259
S01007478,448,138,310
S01007479,227,55,172
S01007480,378,43,335
S01007481,450,164,286
S01007482,361,154,207
S01007483,418,94,324
S01007484,440,101,339
S01007485,391,68,323
S01007486,427,97,330
S01007487,643,221,422
S01007488,503,174,329
S01007489,418,166,252
S01007490,509,113,396
S01007491,296,42,254
S01007492,301,72,229
S01007493,390,61,329
S01007494,343,93,250
S01007495,282,63,219
S01007496,447,113,334
S01007497,258,65,193
S01007498,509,164,345
S01007499,324,57,267
S01007500,345,98,247
S01007501,310,95,215
S01007502,298,84,214
S01007503,477,138,339
S01007504,476,121,355
S01007505,169,38,131
S01007506,239,65,174
S01007507,641,203,438
S01007508,311,78,233
S01007509,305,68,237
S01007510,444,143,301
S01007511,515,138,377
S01007512,246,80,166
S01007513,483,132,351
S01007514,271,72,199
S01007515,275,91,184
S01007516,344,98,246
S01007517,259,102,157
S01007518,400,139,261
S01007519,248,77,171
S01007520,444,144,300
S01007521,302,95,207
S01007522,532,217,315
S01007523,231,72,159
S01007524,382,82,300
S01007525,233,80,153
S01007526,487,202,285
S01007527,641,219,422
S01007528,456,144,312
S01007529,378,139,239
S01007530,218,55,163
S01007531,325,85,240
S01007532,214,51,163
S01007533,319,84,235
S01007534,599,181,418
S01007535,416,149,267
S01007536,475,157,318
S01007537,679,239,440
S01007538,299,62,237
S01007539,393,179,214
S01007540,416,175,241
S01007541,513,173,340
S01007542,423,104,319
S01007543,531,111,420
S01007544,640,259,381
S01007545,546,158,388
S01007546,224,46,178
S01007547,222,35,187
S01007548,364,82,282
S01007549,341,107,234
S01007550,579,207,372
S01007551,574,186,388
S01007552,439,109,330
S01007553,440,123,317
S01007554,373,96,277
S01007555,326,110,216
S01007556,325,101,224
S01007557,492,122,370
S01007558,248,65,183
S01007559,330,80,250
S01007560,484,172,312
S01007561,456,172,284
S01007562,334,76,258
S01007563,472,149,323
S01007564,509,142,367
S01007565,408,104,304
S01007566,284,50,234
S01007567,208,38,170
S01007568,310,69,241
S01007569,390,114,276
S01007570,378,85,293
S01007571,227,54,173
S01007572,283,58,225
S01007573,44,13,31
S01007574,569,133,436
S01007575,445,137,308
S01007576,508,102,406
S01007577,407,96,311
S01007578,398,96,302
S01007579,242,54,188
S01007580,335,57,278
S01007581,252,63,189
S01007582,396,107,289
S01007583,584,135,449
S01007584,418,131,287
S01007585,462,178,284
S01007586,444,134,310
S01007587,314,107,207
S01007588,400,122,278
S01007589,586,153,433
S01007590,297,129,168
S01007591,410,124,286
S01007592,471,132,339
S01007593,431,135,296
S01007594,338,70,268
S01007595,399,120,279
S01007596,345,107,238
S01007597,245,46,199
S01007598,423,85,338
S01007599,269,69,200
S01007600,424,116,308
S01007601,291,26,265
S01007602,389,46,343
S01007603,358,38,320
S01007604,417,94,323
S01007605,469,93,376
S01007606,300,74,226
S01007607,391,72,319
S01007608,423,115,308
S01007609,434,128,306
S01007610,423,129,294
S01007611,631,219,412
S01007612,554,110,444
S01007613,423,109,314
S01007614,358,111,247
S01007615,581,156,425
S01007616,470,129,341
S01007617,293,61,232
S01007618,367,122,245
S01007619,340,109,231
S01007620,361,89,272
S01007621,348,134,214
S01007622,360,111,249
S01007623,204,49,155
S01007624,300,48,252
S01007625,305,57,248
S01007626,212,10,202
S01007627,112,27,85
S01007628,361,108,253
S01007629,290,73,217
S01007630,322,63,259
S01007631,249,65,184
S01007632,689,195,494
S01007633,636,180,456
S01007634,269,77,192
S01007635,351,134,217
S01007636,579,220,359
S01007637,630,173,457
S01007638,523,202,321
S01007639,385,62,323
S01007640,238,46,192
S01007641,302,79,223
S01007642,522,211,311
S01007643,434,158,276
S01007644,371,105,266
S01007645,314,52,262
S01007646,272,56,216
S01007647,507,148,359
S01007648,526,179,347
S01007649,337,78,259
S01007650,451,125,326
S01007651,274,54,220
S01007652,312,77,235
S01007653,450,118,332
S01007654,499,114,385
S01007655,304,48,256
S01007656,380,73,307
S01007657,254,48,206
S01007658,284,81,203
S01007659,428,130,298
S01007660,588,146,442
S01007661,391,115,276
S01007662,545,195,350
S01007663,508,172,336
S01007664,284,101,183
S01007665,302,93,209
S01007666,118,33,85
S01007667,209,63,146
S01007668,550,127,423
S01007669,265,29,236
S01007670,383,61,322
S01007671,267,58,209
S01007672,435,140,295
S01007673,281,55,226
S01007674,494,122,372
S01007675,290,61,229
S01007676,201,49,152
S01007677,58,14,44
S01007678,363,132,231
S01007679,412,105,307
S01007680,380,95,285
S01007681,226,58,168
S01007682,468,136,332
S01007683,492,113,379
S01007684,500,169,331
S01007685,385,114,271
S01007686,507,137,370
S01007687,449,96,353
S01007688,528,64,464
S01007689,302,51,251
S01007690,500,62,438
S01007691,687,62,625
S01007692,464,97,367
S01007693,438,58,380
S01007694,272,54,218
S01007695,634,233,401
S01007696,520,84,436
S01007697,767,238,529
S01007698,631,49,582
S01007699,420,49,371
S01007700,415,89,326
S01007701,251,60,191
S01007702,166,17,149
S01007703,580,147,433
S01007704,694,147,547
S01007705,303,23,280
S01007706,345,39,306
S01007707,123,7,116
S01007708,599,139,460
S01007709,423,118,305
S01007710,550,58,492
S01007711,586,103,483
S01007712,469,62,407
S01007713,264,57,207
S01007714,310,61,249
S01007715,325,77,248
S01007716,627,205,422
S01007717,524,134,390
S01007718,625,209,416
S01007719,896,300,596
S01007720,570,252,318
S01007721,629,239,390
S01007722,583,192,391
S01007723,635,246,389
S01007724,403,29,374
S01007725,767,240,527
S01007726,450,83,367
S01007727,427,66,361
S01007728,578,73,505
S01007729,525,38,487
S01007730,502,62,440
S01007731,285,44,241
S01007732,349,73,276
S01007733,319,52,267
S01007734,371,119,252
S01007735,358,84,274
S01007736,352,107,245
S01007737,516,219,297
S01007738,567,249,318
S01007739,446,262,184
S01007740,309,89,220
S01007741,484,248,236
S01007742,379,192,187
S01007743,479,139,340
S01007744,410,154,256
S01007745,534,177,357
S01007746,411,85,326
S01007747,400,93,307
S01007748,332,60,272
S01007749,350,60,290
S01007750,412,139,273
S01007751,337,138,199
S01007752,541,280,261
S01007753,428,112,316
S01007754,599,148,451
S01007755,412,141,271
S01007756,448,171,277
S01007757,565,194,371
S01007758,576,273,303
S01007759,755,257,498
S01007760,448,161,287
S01007761,399,92,307
S01007762,464,172,292
S01007763,429,219,210
S01007764,372,60,312
S01007765,408,105,303
S01007766,454,139,315
S01007767,447,127,320
S01007768,402,161,241
S01007769,354,119,235
S01007770,368,129,239
S01007771,386,122,264
S01007772,648,277,371
S01007773,316,63,253
S01007774,52,2,50
S01007775,412,68,344
S01007776,199,16,183
S01007777,147,16,131
S01007778,107,15,92
S01007779,341,43,298
S01007780,329,21,308
S01007781,318,24,294
S01007782,319,44,275
S01007783,473,105,368
S01007784,346,19,327
S01007785,229,57,172
S01007786,384,88,296
S01007787,311,62,249
S01007788,329,33,296
S01007789,276,25,251
S01007790,291,23,268
S01007791,79,7,72
S01007792,420,76,344
S01007793,504,172,332
S01007794,496,109,387
S01007795,356,54,302
S01007796,437,83,354
S01007797,388,70,318
S01007798,137,16,121
S01007799,85,8,77
S01007800,373,66,307
S01007801,392,104,288
S01007802,250,14,236
S01007803,525,166,359
S01007804,320,63,257
S01007805,333,47,286
S01007806,417,82,335
S01007807,354,43,311
S01007808,316,38,278
S01007809,562,204,358
S01007810,408,109,299
S01007811,338,51,287
S01007812,299,17,282
S01007813,401,34,367
S01007814,338,59,279
S01007815,442,102,340
S01007816,271,37,234
S01007817,380,77,303
S01007818,394,83,311
S01007819,329,88,241
S01007820,439,133,306
S01007821,388,152,236
S01007822,441,132,309
S01007823,360,103,257
S01007824,548,195,353
S01007825,594,233,361
S01007826,295,75,220
S01007827,325,39,286
S01007828,712,223,489
S01007829,422,202,220
S01007830,635,263,372
S01007831,514,163,351
S01007832,491,173,318
S01007833,593,319,274
S01007834,425,128,297
S01007835,384,136,248
S01007836,431,159,272
S01007837,521,112,409
S01007838,528,214,314
S01007839,424,184,240
S01007840,500,144,356
S01007841,423,83,340
S01007842,652,133,519
S01007843,551,143,408
S01007844,644,127,517
S01007845,478,131,347
S01007846,366,99,267
S01007847,726,229,497
S01007848,571,157,414
S01007849,502,182,320
S01007850,293,67,226
S01007851,524,255,269
S01007852,585,149,436
S01007853,451,179,272
S01007854,603,224,379
S01007855,419,119,300
S01007856,373,92,281
S01007857,264,47,217
S01007858,465,155,310
S01007859,269,62,207
S01007860,109,9,100
S01007861,465,74,391
S01007862,472,97,375
S01007863,437,95,342
S01007864,481,158,323
S01007865,207,36,171
S01007866,203,3,200
S01007867,157,20,137
S01007868,469,60,409
S01007869,413,62,351
S01007870,249,47,202
S01007871,509,88,421
S01007872,339,60,279
S01007873,316,85,231
S01007874,429,167,262
S01007875,310,73,237
S01007876,333,61,272
S01007877,378,92,286
S01007878,336,88,248
S01007879,503,95,408
S01007880,236,36,200
S01007881,265,47,218
S01007882,341,43,298
S01007883,382,97,285
S01007884,362,88,274
S01007885,463,101,362
S01007886,461,149,312
S01007887,295,98,197
S01007888,441,53,388
S01007889,513,163,350
S01007890,287,46,241
S01007891,357,109,248
S01007892,478,126,352
S01007893,473,111,362
S01007894,434,104,330
S01007895,339,102,237
S01007896,492,137,355
S01007897,277,45,232
S01007898,249,33,216
S01007899,205,43,162
S01007900,240,55,185
S01007901,342,84,258
S01007902,433,81,352
S01007903,387,145,242
S01007904,303,70,233
S01007905,337,49,288
S01007906,431,145,286
S01007907,405,133,272
S01007908,502,146,356
S01007909,198,38,160
S01007910,450,83,367
S01007911,393,115,278
S01007912,387,100,287
S01007913,574,168,406
S01007914,360,63,297
S01007915,362,64,298
S01007916,522,184,338
S01007917,569,132,437
S01007918,523,153,370
S01007919,273,60,213
S01007920,222,30,192
S01007921,534,139,395
S01007922,585,161,424
S01007923,302,83,219
S01007924,505,119,386
S01007925,219,32,187
S01007926,266,42,224
S01007927,210,29,181
S01007928,475,111,364
S01007929,365,63,302
S01007930,202,32,170
S01007931,427,98,329
S01007932,369,90,279
S01007933,496,94,402
S01007934,286,79,207
S01007935,546,151,395
S01007936,332,45,287
S01007937,443,66,377
S01007938,415,109,306
S01007939,461,128,333
S01007940,724,189,535
S01007941,248,39,209
S01007942,109,26,83
S01007943,450,117,333
S01007944,457,109,348
S01007945,560,165,395
S01007946,468,117,351
S01007947,467,92,375
S01007948,336,69,267
S01007949,445,101,344
S01007950,415,70,345
S01007951,429,119,310
S01007952,400,101,299
S01007953,453,120,333
S01007954,314,49,265
S01007955,476,88,388
S01007956,401,104,297
S01007957,575,185,390
S01007958,478,110,368
S01007959,624,154,470
S01007960,268,52,216
S01007961,446,63,383
S01007962,417,52,365
S01007963,451,78,373
S01007964,384,113,271
S01007965,364,84,280
S01007966,426,111,315
S01007967,348,70,278
S01007968,471,150,321
S01007969,384,131,253
S01007970,518,155,363
S01007971,533,201,332
S01007972,500,157,343
S01007973,412,64,348
S01007974,551,181,370
S01007975,348,128,220
S01007976,578,256,322
S01007977,227,43,184
S01007978,449,106,343
S01007979,332,99,233
S01007980,388,153,235
S01007981,373,144,229
S01007982,311,56,255
S01007983,667,202,465
S01007984,431,149,282
S01007985,400,57,343
S01007986,240,51,189
S01007987,455,68,387
S01007988,376,43,333
S01007989,294,28,266
S01007990,448,41,407
S01007991,249,20,229
S01007992,263,14,249
S01007993,367,29,338
S01007994,114,3,111
S01007995,270,25,245
S01007996,146,31,115
S01007997,298,72,226
S01007998,299,72,227
S01007999,392,117,275
S01008000,395,90,305
S01008001,421,75,346
S01008002,459,55,404
S01008003,284,36,248
S01008004,49,7,42
S01008005,36,2,34
S01008006,263,34,229
S01008007,281,23,258
S01008008,257,50,207
S01008009,411,92,319
S01008010,612,127,485
S01008011,471,221,250
S01008012,488,131,357
S01008013,397,116,281
S01008014,382,100,282
S01008015,490,177,313
S01008016,442,160,282
S01008017,378,126,252
S01008018,426,134,292
S01008019,473,158,315
S01008020,442,123,319
S01008021,287,71,216
S01008022,341,67,274
S01008023,348,39,309
S01008024,57,9,48
S01008025,338,34,304
S01008026,560,175,385
S01008027,413,93,320
S01008028,150,33,117
S01008029,425,80,345
S01008030,428,121,307
S01008031,491,143,348
S01008032,523,112,411
S01008033,399,39,360
S01008034,399,23,376
S01008035,418,74,344
S01008036,246,43,203
S01008037,569,111,458
S01008038,437,97,340
S01008039,423,107,316
S01008040,323,91,232
S01008041,432,154,278
S01008042,420,160,260
S01008043,504,182,322
S01008044,542,207,335
S01008045,525,180,345
S01008046,698,366,332
S01008047,294,109,185
S01008048,285,93,192
S01008049,445,179,266
S01008050,263,76,187
S01008051,479,105,374
S01008052,334,76,258
S01008053,374,125,249
S01008054,354,157,197
S01008055,333,81,252
S01008056,469,161,308
S01008057,575,208,367
S01008058,302,23,279
S01008059,260,27,233
S01008060,609,41,568
S01008061,376,68,308
S01008062,429,99,330
S01008063,363,99,264
S01008064,422,105,317
S01008065,449,91,358
S01008066,388,98,290
S01008067,245,62,183
S01008068,482,106,376
S01008069,474,95,379
S01008070,451,69,382
S01008071,392,85,307
S01008072,313,81,232
S01008073,175,49,126
S01008074,364,90,274
S01008075,248,95,153
S01008076,432,171,261
S01008077,403,121,282
S01008078,314,87,227
S01008079,337,93,244
S01008080,317,89,228
S01008081,298,87,211
S01008082,422,142,280
S01008083,310,64,246
S01008084,362,84,278
S01008085,422,58,364
S01008086,445,81,364
S01008087,435,108,327
S01008088,392,92,300
S01008089,379,77,302
S01008090,305,96,209
S01008091,201,37,164
S01008092,424,157,267
S01008093,365,153,212
S01008094,293,93,200
S01008095,433,117,316
S01008096,336,138,198
S01008097,315,91,224
S01008098,288,87,201
S01008099,188,37,151
S01008100,402,111,291
S01008101,477,77,400
S01008102,296,59,237
S01008103,367,137,230
S01008104,467,85,382
S01008105,553,128,425
S01008106,438,122,316
S01008107,222,18,204
S01008108,356,28,328
S01008109,332,33,299
S01008110,356,48,308
S01008111,351,106,245
S01008112,383,99,284
S01008113,350,71,279
S01008114,342,77,265
S01008115,370,36,334
S01008116,453,59,394
S01008117,326,84,242
S01008118,567,172,395
S01008119,298,63,235
S01008120,320,120,200
S01008121,267,92,175
S01008122,449,134,315
S01008123,428,109,319
S01008124,377,57,320
S01008125,476,98,378
S01008126,349,35,314
S01008127,200,43,157
S01008128,436,92,344
S01008129,444,127,317
S01008130,485,112,373
S01008131,393,93,300
S01008132,424,119,305
S01008133,389,148,241
S01008134,387,111,276
S01008135,664,123,541
S01008136,778,155,623
S01008137,522,101,421
S01008138,378,65,313
S01008139,547,137,410
S01008140,421,104,317
S01008141,432,75,357
S01008142,356,38,318
S01008143,553,121,432
S01008144,394,39,355
S01008145,483,103,380
S01008146,353,80,273
S01008147,383,75,308
S01008148,390,53,337
S01008149,391,90,301
S01008150,597,145,452
S01008151,450,142,308
S01008152,538,194,344
S01008153,280,34,246
S01008154,413,103,310
S01008155,346,51,295
S01008156,428,97,331
S01008157,409,69,340
S01008158,423,38,385
S01008159,509,112,397
S01008160,407,85,322
S01008161,384,56,328
S01008162,535,135,400
S01008163,380,98,282
S01008164,293,54,239
S01008165,106,14,92
S01008166,289,56,233
S01008167,400,72,328
S01008168,423,78,345
S01008169,326,71,255
S01008170,281,42,239
S01008171,492,195,297
S01008172,250,75,175
S01008173,306,53,253
S01008174,233,42,191
S01008175,377,81,296
S01008176,354,60,294
S01008177,410,126,284
S01008178,281,40,241
S01008179,129,5,124
S01008180,170,14,156
S01008181,259,74,185
S01008182,669,172,497
S01008183,487,99,388
S01008184,503,166,337
S01008185,657,224,433
S01008186,450,148,302
S01008187,265,67,198
S01008188,751,245,506
S01008189,448,128,320
S01008190,399,94,305
S01008191,339,87,252
S01008192,462,105,357
S01008193,378,113,265
S01008194,261,60,201
S01008195,473,82,391
S01008196,357,65,292
S01008197,109,25,84
S01008198,297,77,220
S01008199,307,56,251
S01008200,399,104,295
S01008201,570,157,413
S01008202,349,94,255
S01008203,283,62,221
S01008204,509,210,299
S01008205,328,81,247
S01008206,468,130,338
S01008207,320,58,262
S01008208,144,15,129
S01008209,67,9,58
S01008210,590,138,452
S01008211,468,120,348
S01008212,253,6,247
S01008213,308,40,268
S01008214,388,140,248
S01008215,478,115,363
S01008216,319,43,276
S01008217,263,44,219
S01008218,211,25,186
S01008219,444,93,351
S01008220,235,18,217
S01008221,357,70,287
S01008222,336,113,223
S01008223,276,87,189
S01008224,404,54,350
S01008225,330,73,257
S01008226,379,140,239
S01008227,437,125,312
S01008228,260,75,185
S01008229,337,67,270
S01008230,214,7,207
S01008231,38,4,34
S01008232,96,8,88
S01008233,153,25,128
S01008234,305,77,228
S01008235,388,118,270
S01008236,444,93,351
S01008237,364,64,300
S01008238,422,121,301
S01008239,265,84,181
S01008240,547,122,425
S01008241,408,111,297
S01008242,556,188,368
S01008243,344,89,255
S01008244,346,93,253
S01008245,469,103,366
S01008246,459,50,409
S01008247,333,61,272
S01008248,516,135,381
S01008249,348,87,261
S01008250,362,68,294
S01008251,320,35,285
S01008252,437,109,328
S01008253,360,120,240
S01008254,547,152,395
S01008255,415,90,325
S01008256,450,81,369
S01008257,430,195,235
S01008258,516,94,422
S01008259,545,168,377
S01008260,394,101,293
S01008261,452,93,359
S01008262,336,54,282
S01008263,210,64,146
S01008264,283,98,185
S01008265,293,128,165
S01008266,363,137,226
S01008267,289,84,205
S01008268,283,125,158
S01008269,449,240,209
S01008270,505,246,259
S01008271,396,141,255
S01008272,363,93,270
S01008273,402,115,287
S01008274,416,126,290
S01008275,333,108,225
S01008276,243,36,207
S01008277,274,49,225
S01008278,326,62,264
S01008279,324,96,228
S01008280,560,160,400
S01008281,348,59,289
S01008282,278,50,228
S01008283,171,40,131
S01008284,288,86,202
S01008285,349,129,220
S01008286,585,175,410
S01008287,352,100,252
S01008288,444,158,286
S01008289,369,73,296
S01008290,400,94,306
S01008291,478,123,355
S01008292,249,54,195
S01008293,95,30,65
S01008294,162,39,123
S01008295,423,44,379
S01008296,319,117,202
S01008297,238,50,188
S01008298,466,82,384
S01008299,468,159,309
S01008300,361,70,291
S01008301,390,34,356
S01008302,307,69,238
S01008303,363,109,254
S01008304,218,55,163
S01008305,307,48,259
S01008306,236,30,206
S01008307,283,59,224
S01008308,237,58,179
S01008309,440,143,297
S01008310,442,161,281
S01008311,263,58,205
S01008312,260,70,190
S01008313,451,91,360
S01008314,435,68,367
S01008315,366,64,302
S01008316,362,33,329
S01008317,207,15,192
S01008318,519,83,436
S01008319,323,131,192
S01008320,302,94,208
S01008321,260,33,227
S01008322,681,142,539
S01008323,347,67,280
S01008324,246,44,202
S01008325,439,46,393
S01008326,432,71,361
S01008327,478,138,340
S01008328,292,17,275
S01008329,349,16,333
S01008330,353,32,321
S01008331,299,30,269
S01008332,414,132,282
S01008333,468,214,254
S01008334,346,119,227
S01008335,395,130,265
S01008336,345,61,284
S01008337,215,66,149
S01008338,254,6,248
S01008339,217,7,210
S01008340,300,21,279
S01008341,196,7,189
S01008342,381,61,320
S01008343,460,190,270
S01008344,274,64,210
S01008345,491,144,347
S01008346,371,100,271
S01008347,575,267,308
S01008348,411,117,294
S01008349,366,63,303
S01008350,321,99,222
S01008351,412,110,302
S01008352,334,96,238
S01008353,158,52,106
S01008354,301,61,240
S01008355,519,171,348
S01008356,376,66,310
S01008357,375,101,274
S01008358,405,151,254
S01008359,320,89,231
S01008360,416,93,323
S01008361,301,51,250
S01008362,459,83,376
S01008363,349,65,284
S01008364,327,90,237
S01008365,398,114,284
S01008366,456,190,266
S01008367,469,154,315
S01008368,400,101,299
S01008369,364,92,272
S01008370,311,75,236
S01008371,330,70,260
S01008372,326,51,275
S01008373,399,86,313
S01008374,316,92,224
S01008375,276,69,207
S01008376,216,41,175
S01008377,358,92,266
S01008378,344,74,270
S01008379,200,54,146
S01008380,228,39,189
S01008381,380,76,304
S01008382,327,67,260
S01008383,229,50,179
S01008384,376,84,292
S01008385,221,53,168
S01008386,387,96,291
S01008387,341,70,271
S01008388,234,27,207
S01008389,356,197,159
S01008390,291,84,207
S01008391,346,159,187
S01008392,317,65,252
S01008393,328,127,201
S01008394,382,110,272
S01008395,306,57,249
S01008396,357,144,213
S01008397,361,70,291
S01008398,346,101,245
S01008399,383,220,163
S01008400,431,134,297
S01008401,503,196,307
S01008402,370,114,256
S01008403,366,133,233
S01008404,399,122,277
S01008405,337,108,229
S01008406,531,270,261
S01008407,256,119,137
S01008408,319,63,256
S01008409,487,143,344
S01008410,355,141,214
S01008411,463,93,370
S01008412,238,55,183
S01008413,227,65,162
S01008414,214,36,178
S01008415,394,91,303
S01008416,516,152,364
S01008417,282,43,239
S01008418,311,70,241
S01008419,182,38,144
S01008420,238,60,178
S01008421,364,104,260
S01008422,389,115,274
S01008423,351,71,280
S01008424,464,128,336
S01008425,469,118,351
S01008426,519,172,347
S01008427,481,52,429
S01008428,416,162,254
S01008429,393,147,246
S01008430,458,126,332
S01008431,439,120,319
S01008432,458,132,326
S01008433,346,45,301
S01008434,423,57,366
S01008435,432,58,374
S01008436,375,124,251
S01008437,418,154,264
S01008438,290,47,243
S01008439,413,96,317
S01008440,479,122,357
S01008441,325,72,253
S01008442,234,40,194
S01008443,243,69,174
S01008444,321,55,266
S01008445,446,206,240
S01008446,671,323,348
S01008447,287,83,204
S01008448,324,95,229
S01008449,255,45,210
S01008450,169,10,159
S01008451,389,39,350
S01008452,326,29,297
S01008453,213,14,199
S01008454,516,43,473
S01008455,562,99,463
S01008456,544,51,493
S01008457,505,145,360
S01008458,371,75,296
S01008459,370,44,326
S01008460,517,56,461
S01008461,456,57,399
S01008462,353,74,279
S01008463,449,89,360
S01008464,451,110,341
S01008465,455,97,358
S01008466,365,61,304
S01008467,356,64,292
S01008468,406,82,324
S01008469,223,49,174
S01008470,389,79,310
S01008471,317,33,284
S01008472,296,60,236
S01008473,315,76,239
S01008474,480,178,302
S01008475,421,173,248
S01008476,446,181,265
S01008477,651,245,406
S01008478,490,195,295
S01008479,623,276,347
S01008480,188,54,134
S01008481,370,68,302
S01008482,406,138,268
S01008483,458,162,296
S01008484,404,113,291
S01008485,458,86,372
S01008486,424,130,294
S01008487,254,74,180
S01008488,433,166,267
S01008489,492,130,362
S01008490,653,150,503
S01008491,415,92,323
S01008492,289,21,268
S01008493,447,126,321
S01008494,484,105,379
S01008495,684,72,612
S01008496,776,59,717
S01008497,657,56,601
S01008498,500,55,445
S01008499,616,55,561
S01008500,179,15,164
S01008501,328,21,307
S01008502,392,23,369
S01008503,415,47,368
S01008504,688,101,587
S01008505,484,65,419
S01008506,545,172,373
S01008507,400,45,355
S01008508,470,149,321
S01008509,427,137,290
S01008510,363,116,247
S01008511,405,119,286
S01008512,418,128,290
S01008513,309,100,209
S01008514,355,130,225
S01008515,383,78,305
S01008516,782,153,629
S01008517,551,137,414
S01008518,508,101,407
S01008519,429,106,323
S01008520,499,168,331
S01008521,347,104,243
S01008522,259,44,215
S01008523,110,17,93
S01008524,579,165,414
S01008525,507,198,309
S01008526,424,142,282
S01008527,332,68,264
S01008528,300,54,246
S01008529,388,134,254
S01008530,525,156,369
S01008531,514,161,353
S01008532,308,91,217
S01008533,175,24,151
S01008534,312,21,291
S01008535,277,57,220
S01008536,313,91,222
S01008537,280,73,207
S01008538,290,115,175
S01008539,459,146,313
S01008540,430,153,277
S01008541,369,83,286
S01008542,428,77,351
S01008543,349,39,310
S01008544,215,7,208
S01008545,284,65,219
S01008546,341,79,262
S01008547,485,32,453
S01008548,487,89,398
S01008549,540,88,452
S01008550,470,50,420
S01008551,495,126,369
S01008552,461,82,379
S01008553,315,79,236
S01008554,321,41,280
S01008555,488,115,373
S01008556,530,186,344
S01008557,412,136,276
S01008558,429,137,292
S01008559,361,106,255
S01008560,352,95,257
S01008561,408,116,292
S01008562,402,154,248
S01008563,571,157,414
S01008564,463,125,338
S01008565,454,142,312
S01008566,415,81,334
S01008567,276,62,214
S01008568,375,51,324
S01008569,423,56,367
S01008570,413,82,331
S01008571,375,107,268
S01008572,365,78,287
S01008573,358,51,307
S01008574,390,59,331
S01008575,325,60,265
S01008576,450,114,336
S01008577,472,149,323
S01008578,379,117,262
S01008579,391,119,272
S01008580,412,117,295
S01008581,576,222,354
S01008582,643,207,436
S01008583,431,177,254
S01008584,546,145,401
S01008585,400,98,302
S01008586,433,168,265
S01008587,288,68,220
S01008588,474,154,320
S01008589,166,70,96
S01008590,314,125,189
S01008591,424,74,350
S01008592,409,166,243
S01008593,355,93,262
S01008594,301,55,246
S01008595,629,256,373
S01008596,514,175,339
S01008597,504,163,341
S01008598,490,132,358
S01008599,403,82,321
S01008600,396,67,329
S01008601,325,46,279
S01008602,317,40,277
S01008603,497,45,452
S01008604,469,66,403
S01008605,387,41,346
S01008606,388,82,306
S01008607,256,99,157
S01008608,355,125,230
S01008609,494,223,271
S01008610,536,210,326
S01008611,557,69,488
S01008612,350,41,309
S01008613,472,100,372
S01008614,387,49,338
S01008615,371,90,281
S01008616,311,32,279
S01008617,341,44,297
S01008618,261,25,236
S01008619,197,29,168
S01008620,267,27,240
S01008621,318,36,282
S01008622,352,24,328
S01008623,426,85,341
S01008624,319,142,177
S01008625,237,67,170
S01008626,483,98,385
S01008627,305,84,221
S01008628,323,77,246
S01008629,465,166,299
S01008630,375,112,263
S01008631,510,111,399
S01008632,612,141,471
S01008633,548,212,336
S01008634,281,56,225
S01008635,338,51,287
S01008636,379,117,262
S01008637,296,69,227
S01008638,508,128,380
S01008639,549,57,492
S01008640,540,46,494
S01008641,455,63,392
S01008642,456,54,402
S01008643,447,50,397
S01008644,281,26,255
S01008645,468,59,409
S01008646,699,85,614
S01008647,387,28,359
S01008648,510,61,449
S01008649,759,86,673
S01008650,582,44,538
S01008651,548,74,474
S01008652,501,41,460
S01008653,401,45,356
S01008654,701,55,646
S01008655,349,50,299
S01008656,627,75,552
S01008657,421,70,351
S01008658,647,94,553
S01008659,601,60,541
S01008660,521,42,479
S01008661,579,61,518
S01008662,453,17,436
S01008663,502,64,438
S01008664,494,44,450
S01008665,512,42,470
S01008666,328,27,301
S01008667,390,47,343
S01008668,498,43,455
S01008669,216,14,202
S01008670,436,35,401
S01008671,484,52,432
S01008672,272,22,250
S01008673,433,39,394
S01008674,417,48,369
S01008675,489,81,408
S01008676,419,46,373
S01008677,379,46,333
S01008678,475,22,453
S01008679,540,98,442
S01008680,424,60,364
S01008681,564,147,417
S01008682,446,64,382
S01008683,775,147,628
S01008684,551,89,462
S01008685,399,95,304
S01008686,618,141,477
S01008687,537,79,458
S01008688,478,45,433
S01008689,743,128,615
S01008690,593,98,495
S01008691,779,99,680
S01008692,620,52,568
S01008693,295,71,224
S01008694,730,107,623
S01008695,478,85,393
S01008696,282,61,221
S01008697,345,91,254
S01008698,319,102,217
S01008699,555,192,363
S01008700,309,99,210
S01008701,214,31,183
S01008702,128,22,106
S01008703,363,72,291
S01008704,406,79,327
S01008705,212,59,153
S01008706,355,72,283
S01008707,464,63,401
S01008708,404,35,369
S01008709,453,50,403
S01008710,160,22,138
S01008711,370,129,241
S01008712,485,121,364
S01008713,306,53,253
S01008714,337,113,224
S01008715,384,156,228
S01008716,354,163,191
S01008717,214,14,200
S01008718,267,59,208
S01008719,431,47,384
S01008720,262,74,188
S01008721,316,18,298
S01008722,474,166,308
S01008723,266,42,224
S01008724,406,142,264
S01008725,344,76,268
S01008726,473,113,360
S01008727,512,119,393
S01008728,214,35,179
S01008729,326,68,258
S01008730,486,54,432
S01008731,280,82,198
S01008732,411,90,321
S01008733,505,98,407
S01008734,354,77,277
S01008735,467,156,311
S01008736,284,93,191
S01008737,334,132,202
S01008738,358,130,228
S01008739,250,60,190
S01008740,291,50,241
S01008741,446,123,323
S01008742,381,155,226
S01008743,565,186,379
S01008744,502,197,305
S01008745,274,74,200
S01008746,562,122,440
S01008747,290,140,150
S01008748,443,142,301
S01008749,497,172,325
S01008750,331,100,231
S01008751,582,192,390
S01008752,520,189,331
S01008753,378,148,230
S01008754,397,78,319
S01008755,488,107,381
S01008756,485,146,339
S01008757,410,123,287
S01008758,562,188,374
S01008759,402,164,238
S01008760,566,109,457
S01008761,299,46,253
S01008762,287,63,224
S01008763,391,75,316
S01008764,283,55,228
S01008765,579,108,471
S01008766,584,142,442
S01008767,388,107,281
S01008768,305,44,261
S01008769,114,11,103
S01008770,40,0,40
S01008771,40,0,40
S01008772,549,173,376
S01008773,524,122,402
S01008774,437,51,386
S01008775,262,43,219
S01008776,702,92,610
S01008777,551,96,455
S01008778,373,19,354
S01008779,203,13,190
S01008780,222,13,209
S01008781,201,14,187
S01008782,277,15,262
S01008783,172,7,165
S01008784,333,21,312
S01008785,483,124,359
S01008786,514,72,442
S01008787,311,41,270
S01008788,230,23,207
S01008789,366,147,219
S01008790,366,54,312
S01008791,208,23,185
S01008792,492,95,397
S01008793,507,150,357
S01008794,499,167,332
S01008795,581,85,496
S01008796,548,67,481
S01008797,563,95,468
S01008798,592,121,471
S01008799,136,50,86
S01008800,548,91,457
S01008801,524,49,475
S01008802,663,99,564
S01008803,631,98,533
S01008804,373,42,331
S01008805,340,52,288
S01008806,435,65,370
S01008807,599,88,511
S01008808,399,77,322
S01008809,429,108,321
S01008810,554,107,447
S01008811,364,44,320
S01008812,453,42,411
S01008813,416,84,332
S01008814,598,80,518
S01008815,653,71,582
S01008816,163,60,103
S01008817,364,60,304
S01008818,471,96,375
S01008819,483,68,415
S01008820,666,114,552
S01008821,315,46,269
S01008822,335,57,278
S01008823,393,82,311
S01008824,613,146,467
S01008825,309,84,225
S01008826,371,65,306
S01008827,465,114,351
S01008828,486,140,346
S01008829,458,156,302
S01008830,573,176,397
S01008831,468,159,309
S01008832,254,72,182
S01008833,551,200,351
S01008834,554,160,394
S01008835,474,129,345
S01008836,312,81,231
S01008837,571,77,494
S01008838,583,103,480
S01008839,619,112,507
S01008840,502,101,401
S01008841,239,33,206
S01008842,65,14,51
S01008843,369,49,320
S01008844,223,5,218
S01008845,311,17,294
S01008846,419,47,372
S01008847,323,34,289
S01008848,401,46,355
S01008849,494,76,418
S01008850,696,105,591
S01008851,723,168,555
S01008852,589,106,483
S01008853,280,24,256
S01008854,507,52,455
S01008855,550,57,493
S01008856,352,29,323
S01008857,524,71,453
S01008858,621,138,483
S01008859,577,138,439
S01008860,728,163,565
S01008861,483,101,382
S01008862,664,104,560
S01008863,443,76,367
S01008864,631,181,450
S01008865,616,234,382
S01008866,596,100,496
S01008867,515,117,398
S01008868,560,55,505
S01008869,660,127,533
S01008870,547,80,467
S01008871,607,91,516
S01008872,484,79,405
S01008873,369,92,277
S01008874,499,106,393
S01008875,658,175,483
S01008876,351,144,207
S01008877,368,127,241
S01008878,592,225,367
S01008879,406,140,266
S01008880,332,95,237
S01008881,298,109,189
S01008882,460,83,377
S01008883,431,151,280
S01008884,370,144,226
S01008885,387,125,262
S01008886,541,147,394
S01008887,351,120,231
S01008888,394,63,331
S01008889,264,86,178
S01008890,341,110,231
S01008891,335,107,228
S01008892,616,236,380
S01008893,435,133,302
S01008894,393,123,270
S01008895,317,117,200
S01008896,257,90,167
S01008897,391,126,265
S01008898,409,124,285
S01008899,363,93,270
S01008900,388,106,282
S01008901,457,151,306
S01008902,447,123,324
S01008903,534,185,349
S01008904,461,70,391
S01008905,566,69,497
S01008906,326,24,302
S01008907,300,47,253
S01008908,424,73,351
S01008909,485,94,391
S01008910,308,66,242
S01008911,152,34,118
S01008912,392,93,299
S01008913,202,35,167
S01008914,530,196,334
S01008915,277,86,191
S01008916,676,228,448
S01008917,321,55,266
S01008918,318,35,283
S01008919,302,77,225
S01008920,136,28,108
S01008921,525,145,380
S01008922,552,84,468
S01008923,476,136,340
S01008924,371,45,326
S01008925,324,17,307
S01008926,166,10,156
S01008927,33,3,30
S01008928,208,78,130
S01008929,770,130,640
S01008930,546,100,446
S01008931,335,68,267
S01008932,225,79,146
S01008933,272,26,246
S01008934,268,53,215
S01008935,459,153,306
S01008936,269,88,181
S01008937,357,116,241
S01008938,401,140,261
S01008939,322,98,224
S01008940,309,120,189
S01008941,279,96,183
S01008942,526,132,394
S01008943,304,77,227
S01008944,427,132,295
S01008945,440,100,340
S01008946,302,126,176
S01008947,468,168,300
S01008948,517,206,311
S01008949,580,184,396
S01008950,451,184,267
S01008951,542,166,376
S01008952,723,172,551
S01008953,520,187,333
S01008954,489,225,264
S01008955,384,94,290
S01008956,594,73,521
S01008957,503,83,420
S01008958,411,141,270
S01008959,447,92,355
S01008960,150,14,136
S01008961,488,114,374
S01008962,300,65,235
S01008963,391,121,270
S01008964,304,105,199
S01008965,327,141,186
S01008966,391,142,249
S01008967,479,168,311
S01008968,439,138,301
S01008969,442,142,300
S01008970,483,144,339
S01008971,267,57,210
S01008972,561,156,405
S01008973,302,97,205
S01008974,451,178,273
S01008975,499,261,238
S01008976,314,98,216
S01008977,335,107,228
S01008978,302,69,233
S01008979,362,42,320
S01008980,311,42,269
S01008981,363,148,215
S01008982,396,79,317
S01008983,416,22,394
S01008984,230,46,184
S01008985,347,65,282
S01008986,385,141,244
S01008987,435,165,270
S01008988,377,90,287
S01008989,489,74,415
S01008990,594,64,530
S01008991,510,31,479
S01008992,204,56,148
S01008993,477,113,364
S01008994,419,75,344
S01008995,432,61,371
S01008996,335,93,242
S01008997,356,70,286
S01008998,361,44,317
S01008999,459,144,315
S01009000,466,97,369
S01009001,296,54,242
S01009002,332,85,247
S01009003,376,73,303
S01009004,338,38,300
S01009005,416,45,371
S01009006,593,149,444
S01009007,391,119,272
S01009008,439,101,338
S01009009,260,78,182
S01009010,496,37,459
S01009011,440,27,413
S01009012,363,36,327
S01009013,422,43,379
S01009014,337,77,260
S01009015,240,63,177
S01009016,247,76,171
S01009017,278,57,221
S01009018,305,53,252
S01009019,359,60,299
S01009020,394,60,334
S01009021,318,72,246
S01009022,412,121,291
S01009023,409,119,290
S01009024,540,176,364
S01009025,433,124,309
S01009026,450,125,325
S01009027,371,116,255
S01009028,261,75,186
S01009029,312,94,218
S01009030,402,108,294
S01009031,324,89,235
S01009032,266,84,182
S01009033,384,135,249
S01009034,258,64,194
S01009035,334,78,256
S01009036,342,77,265
S01009037,275,57,218
S01009038,387,64,323
S01009039,478,74,404
S01009040,401,134,267
S01009041,526,176,350
S01009042,385,81,304
S01009043,541,116,425
S01009044,510,193,317
S01009045,454,88,366
S01009046,322,77,245
S01009047,285,66,219
S01009048,296,73,223
S01009049,291,56,235
S01009050,389,96,293
S01009051,375,106,269
S01009052,406,118,288
S01009053,290,56,234
S01009054,298,59,239
S01009055,310,59,251
S01009056,210,29,181
S01009057,350,86,264
S01009058,436,119,317
S01009059,228,65,163
S01009060,160,31,129
S01009061,395,49,346
S01009062,421,95,326
S01009063,266,52,214
S01009064,300,42,258
S01009065,553,135,418
S01009066,325,81,244
S01009067,166,15,151
S01009068,370,90,280
S01009069,322,30,292
S01009070,401,65,336
S01009071,244,57,187
S01009072,147,31,116
S01009073,337,75,262
S01009074,389,74,315
S01009075,296,46,250
S01009076,458,26,432
S01009077,307,38,269
S01009078,154,22,132
S01009079,536,149,387
S01009080,633,165,468
S01009081,435,124,311
S01009082,448,107,341
S01009083,310,51,259
S01009084,370,73,297
S01009085,107,12,95
S01009086,313,58,255
S01009087,288,38,250
S01009088,410,88,322
S01009089,180,25,155
S01009090,58,8,50
S01009091,67,0,67
S01009092,450,133,317
S01009093,385,69,316
S01009094,366,112,254
S01009095,560,158,402
S01009096,230,68,162
S01009097,348,41,307
S01009098,189,27,162
S01009099,418,150,268
S01009100,625,240,385
S01009101,435,97,338
S01009102,439,78,361
S01009103,260,48,212
S01009104,365,103,262
S01009105,287,69,218
S01009106,367,109,258
S01009107,389,93,296
S01009108,371,70,301
S01009109,386,36,350
S01009110,384,102,282
S01009111,468,60,408
S01009112,246,52,194
S01009113,305,36,269
S01009114,306,42,264
S01009115,332,26,306
S01009116,335,33,302
S01009117,310,63,247
S01009118,216,14,202
S01009119,348,73,275
S01009120,284,52,232
S01009121,458,103,355
S01009122,400,80,320
S01009123,122,14,108
S01009124,209,21,188
S01009125,332,82,250
S01009126,358,95,263
S01009127,281,49,232
S01009128,581,179,402
S01009129,271,45,226
S01009130,209,57,152
S01009131,491,170,321
S01009132,377,38,339
S01009133,381,79,302
S01009134,457,110,347
S01009135,279,10,269
S01009136,119,30,89
S01009137,75,23,52
S01009138,457,60,397
S01009139,384,54,330
S01009140,353,72,281
S01009141,385,101,284
S01009142,373,69,304
S01009143,273,76,197
S01009144,287,37,250
S01009145,554,143,411
S01009146,439,113,326
S01009147,418,90,328
S01009148,302,62,240
S01009149,313,108,205
S01009150,534,371,163
S01009151,338,155,183
S01009152,548,225,323
S01009153,397,79,318
S01009154,331,85,246
S01009155,242,59,183
S01009156,353,108,245
S01009157,417,128,289
S01009158,421,157,264
S01009159,309,61,248
S01009160,307,59,248
S01009161,481,160,321
S01009162,401,95,306
S01009163,263,85,178
S01009164,412,86,326
S01009165,314,78,236
S01009166,443,108,335
S01009167,295,32,263
S01009168,433,120,313
S01009169,440,176,264
S01009170,278,25,253
S01009171,360,26,334
S01009172,306,97,209
S01009173,346,49,297
S01009174,32,0,32
S01009175,340,20,320
S01009176,343,102,241
S01009177,355,28,327
S01009178,348,28,320
S01009179,368,60,308
S01009180,438,89,349
S01009181,464,111,353
S01009182,462,84,378
S01009183,376,24,352
S01009184,540,139,401
S01009185,480,119,361
S01009186,336,70,266
S01009187,328,58,270
S01009188,444,85,359
S01009189,436,90,346
S01009190,218,40,178
S01009191,68,6,62
S01009192,260,42,218
S01009193,141,20,121
S01009194,354,52,302
S01009195,264,35,229
S01009196,316,93,223
S01009197,386,81,305
S01009198,345,84,261
S01009199,308,67,241
S01009200,376,58,318
S01009201,307,47,260
S01009202,217,28,189
S01009203,271,61,210
S01009204,417,60,357
S01009205,518,52,466
S01009206,501,43,458
S01009207,424,62,362
S01009208,301,80,221
S01009209,488,132,356
S01009210,387,102,285
S01009211,322,48,274
S01009212,400,98,302
S01009213,332,85,247
S01009214,491,83,408
S01009215,541,184,357
S01009216,486,122,364
S01009217,344,83,261
S01009218,543,167,376
S01009219,317,91,226
S01009220,294,75,219
S01009221,269,89,180
S01009222,298,73,225
S01009223,220,77,143
S01009224,437,105,332
S01009225,402,139,263
S01009226,633,211,422
S01009227,399,174,225
S01009228,429,156,273
S01009229,453,147,306
S01009230,445,67,378
S01009231,442,111,331
S01009232,369,50,319
S01009233,366,119,247
S01009234,513,91,422
S01009235,421,87,334
S01009236,314,97,217
S01009237,314,87,227
S01009238,472,101,371
S01009239,416,92,324
S01009240,395,92,303
S01009241,470,99,371
S01009242,400,85,315
S01009243,481,61,420
S01009244,341,43,298
S01009245,356,50,306
S01009246,495,168,327
S01009247,546,164,382
S01009248,307,51,256
S01009249,499,128,371
S01009250,344,73,271
S01009251,224,35,189
S01009252,161,6,155
S01009253,358,114,244
S01009254,457,114,343
S01009255,367,99,268
S01009256,294,77,217
S01009257,277,62,215
S01009258,335,82,253
S01009259,326,96,230
S01009260,499,86,413
S01009261,419,124,295
S01009262,397,132,265
S01009263,208,71,137
S01009264,339,90,249
S01009265,340,91,249
S01009266,449,126,323
S01009267,352,85,267
S01009268,313,67,246
S01009269,468,109,359
S01009270,367,116,251
S01009271,333,23,310
S01009272,363,73,290
S01009273,340,78,262
S01009274,343,68,275
S01009275,251,40,211
S01009276,415,86,329
S01009277,299,47,252
S01009278,171,43,128
S01009279,271,50,221
S01009280,403,115,288
S01009281,406,90,316
S01009282,404,79,325
S01009283,246,47,199
S01009284,287,30,257
S01009285,356,37,319
S01009286,424,81,343
S01009287,385,120,265
S01009288,406,126,280
S01009289,385,109,276
S01009290,283,84,199
S01009291,460,65,395
S01009292,226,67,159
S01009293,281,67,214
S01009294,272,42,230
S01009295,306,22,284
S01009296,374,76,298
S01009297,400,69,331
S01009298,665,222,443
S01009299,509,151,358
S01009300,334,70,264
S01009301,576,104,472
S01009302,496,130,366
S01009303,339,90,249
S01009304,548,133,415
S01009305,508,164,344
S01009306,612,142,470
S01009307,662,121,541
S01009308,465,74,391
S01009309,322,78,244
S01009310,366,53,313
S01009311,393,86,307
S01009312,501,105,396
S01009313,330,110,220
S01009314,374,56,318
S01009315,328,127,201
S01009316,349,43,306
S01009317,403,62,341
S01009318,381,66,315
S01009319,443,153,290
S01009320,393,127,266
S01009321,219,24,195
S01009322,292,65,227
S01009323,420,91,329
S01009324,306,77,229
S01009325,225,56,169
S01009326,118,2,116
S01009327,324,141,183
S01009328,37,4,33
S01009330,80,20,60
S01009331,86,5,81
S01009332,292,46,246
S01009333,444,115,329
S01009334,310,94,216
S01009335,363,67,296
S01009336,295,53,242
S01009337,400,86,314
S01009338,399,93,306
S01009339,492,120,372
S01009340,430,90,340
S01009341,461,162,299
S01009342,396,96,300
S01009343,243,32,211
S01009344,335,92,243
S01009345,494,80,414
S01009346,58,2,56
S01009347,123,11,112
S01009348,92,15,77
S01009349,56,0,56
S01009350,68,7,61
S01009351,34,13,21
S01009352,27,3,24
S01009353,140,7,133
S01009354,114,2,112
S01009355,375,50,325
S01009356,412,71,341
S01009357,177,5,172
S01009358,113,5,108
S01009359,102,1,101
S01009360,348,69,279
S01009361,350,79,271
S01009362,495,71,424
S01009363,444,104,340
S01009364,298,22,276
S01009365,307,52,255
S01009366,435,150,285
S01009367,338,84,254
S01009368,300,24,276
S01009369,420,102,318
S01009370,381,80,301
S01009371,239,55,184
S01009372,246,47,199
S01009373,481,106,375
S01009374,417,130,287
S01009375,326,64,262
S01009376,406,92,314
S01009377,280,8,272
S01009378,400,30,370
S01009379,65,0,65
S01009380,228,2,226
S01009381,295,44,251
S01009382,643,219,424
S01009383,497,101,396
S01009384,253,50,203
S01009385,316,69,247
S01009386,471,97,374
S01009387,414,72,342
S01009388,522,89,433
S01009389,433,104,329
S01009390,264,16,248
S01009391,311,7,304
S01009392,202,19,183
S01009393,322,42,280
S01009394,390,48,342
S01009395,447,102,345
S01009396,296,37,259
S01009397,332,62,270
S01009398,499,60,439
S01009399,436,78,358
S01009400,412,103,309
S01009401,401,87,314
S01009402,352,91,261
S01009403,285,24,261
S01009404,289,71,218
S01009405,290,35,255
S01009406,427,94,333
S01009407,216,50,166
S01009408,215,43,172
S01009409,384,98,286
S01009410,349,62,287
S01009411,566,118,448
S01009412,409,104,305
S01009413,591,169,422
S01009414,347,67,280
S01009415,525,151,374
S01009416,241,36,205
S01009417,163,44,119
S01009418,577,177,400
S01009419,412,89,323
S01009420,307,48,259
S01009421,281,43,238
S01009422,500,136,364
S01009423,109,23,86
S01009424,303,68,235
S01009425,406,108,298
S01009426,540,205,335
S01009427,325,126,199
S01009428,275,89,186
S01009429,436,139,297
S01009430,340,100,240
S01009431,470,134,336
S01009432,426,74,352
S01009433,350,73,277
S01009434,250,64,186
S01009435,442,76,366
S01009436,281,74,207
S01009437,405,104,301
S01009438,504,168,336
S01009439,502,130,372
S01009440,399,111,288
S01009441,419,114,305
S01009442,282,58,224
S01009443,369,75,294
S01009444,287,48,239
S01009445,396,94,302
S01009446,490,149,341
S01009447,357,90,267
S01009448,272,66,206
S01009449,314,103,211
S01009450,324,55,269
S01009451,560,141,419
S01009452,432,113,319
S01009453,486,168,318
S01009454,496,133,363
S01009455,623,175,448
S01009456,459,166,293
S01009457,327,78,249
S01009458,320,100,220
S01009459,534,149,385
S01009460,395,78,317
S01009461,68,19,49
S01009462,280,73,207
S01009463,480,134,346
S01009464,385,89,296
S01009465,270,66,204
S01009466,371,99,272
S01009467,372,113,259
S01009468,372,114,258
S01009469,377,107,270
S01009470,395,114,281
S01009471,468,234,234
S01009472,540,112,428
S01009473,438,122,316
S01009474,366,52,314
S01009475,78,6,72
S01009476,184,26,158
S01009477,513,124,389
S01009478,511,88,423
S01009479,458,113,345
S01009480,505,160,345
S01009481,476,129,347
S01009482,346,47,299
S01009483,404,76,328
S01009484,639,262,377
S01009485,360,118,242
S01009486,370,149,221
S01009487,580,217,363
S01009488,388,108,280
S01009489,404,126,278
S01009490,393,70,323
S01009491,317,133,184
S01009492,366,79,287
S01009493,524,166,358
S01009494,509,45,464
S01009495,380,42,338
S01009496,378,103,275
S01009497,457,77,380
S01009498,254,37,217
S01009499,358,79,279
S01009500,424,140,284
S01009501,370,122,248
S01009502,442,98,344
S01009503,476,137,339
S01009504,362,65,297
S01009505,409,101,308
S01009506,540,131,409
S01009507,309,45,264
S01009508,507,90,417
S01009509,481,148,333
S01009510,345,78,267
S01009511,388,99,289
S01009512,404,67,337
S01009513,327,63,264
S01009514,344,46,298
S01009515,410,139,271
S01009516,489,146,343
S01009517,45,22,23
S01009518,109,24,85
S01009519,289,37,252
S01009520,366,41,325
S01009521,320,70,250
S01009522,376,58,318
S01009523,376,89,287
S01009524,411,104,307
S01009525,270,69,201
S01009526,180,42,138
S01009527,436,132,304
S01009528,490,238,252
S01009529,517,118,399
S01009530,380,127,253
S01009531,560,174,386
S01009532,550,189,361
S01009533,522,199,323
S01009534,396,122,274
S01009535,456,122,334
S01009536,217,49,168
S01009537,318,98,220
S01009538,561,133,428
S01009539,464,137,327
S01009540,574,166,408
S01009541,506,131,375
S01009542,440,123,317
S01009543,398,108,290
S01009544,456,137,319
S01009545,341,103,238
S01009546,333,83,250
S01009547,378,89,289
S01009548,460,125,335
S01009549,449,123,326
S01009550,251,58,193
S01009551,288,60,228
S01009552,579,153,426
S01009553,521,132,389
S01009554,399,89,310
S01009555,438,110,328
S01009556,456,74,382
S01009557,416,64,352
S01009558,319,43,276
S01009559,540,77,463
S01009560,387,63,324
S01009561,344,60,284
S01009562,479,114,365
S01009563,433,136,297
S01009564,323,127,196
S01009565,256,43,213
S01009566,440,57,383
S01009567,463,87,376
S01009568,400,109,291
S01009569,468,118,350
S01009570,285,74,211
S01009571,318,59,259
S01009572,501,126,375
S01009573,336,77,259
S01009574,488,145,343
S01009575,375,125,250
S01009576,259,42,217
S01009577,309,21,288
S01009578,458,74,384
S01009579,132,11,121
S01009580,243,23,220
S01009581,341,61,280
S01009582,263,56,207
S01009583,343,62,281
S01009584,144,50,94
S01009585,529,104,425
S01009586,501,144,357
S01009587,473,180,293
S01009588,433,134,299
S01009589,454,110,344
S01009590,211,42,169
S01009591,381,47,334
S01009592,345,74,271
S01009593,218,29,189
S01009594,237,14,223
S01009595,175,30,145
S01009596,452,67,385
S01009597,468,63,405
S01009598,325,56,269
S01009599,531,88,443
S01009600,459,112,347
S01009601,384,61,323
S01009602,255,15,240
S01009603,300,41,259
S01009604,334,78,256
S01009605,434,96,338
S01009606,87,7,80
S01009607,192,38,154
S01009608,285,99,186
S01009609,448,110,338
S01009610,528,164,364
S01009611,180,35,145
S01009612,256,87,169
S01009613,207,43,164
S01009614,264,57,207
S01009615,264,69,195
S01009616,478,96,382
S01009617,289,33,256
S01009618,512,138,374
S01009619,367,118,249
S01009620,492,178,314
S01009621,449,104,345
S01009622,489,100,389
S01009623,352,113,239
S01009624,428,112,316
S01009625,502,134,368
S01009626,339,70,269
S01009627,398,107,291
S01009628,304,138,166
S01009629,464,74,390
S01009630,343,76,267
S01009631,436,97,339
S01009632,389,121,268
S01009633,273,48,225
S01009634,393,127,266
S01009635,634,136,498
S01009636,520,123,397
S01009637,410,102,308
S01009638,274,50,224
S01009639,395,117,278
S01009640,413,163,250
S01009641,489,169,320
S01009642,498,139,359
S01009643,62,4,58
S01009644,251,57,194
S01009645,431,132,299
S01009646,317,81,236
S01009647,332,108,224
S01009648,494,113,381
S01009649,464,104,360
S01009650,345,124,221
S01009651,411,123,288
S01009652,532,192,340
S01009653,350,94,256
S01009654,271,97,174
S01009655,400,85,315
S01009656,409,135,274
S01009657,391,87,304
S01009658,398,50,348
S01009659,327,69,258
S01009660,368,71,297
S01009661,344,62,282
S01009662,338,62,276
S01009663,325,70,255
S01009664,454,91,363
S01009665,552,156,396
S01009666,516,139,377
S01009667,174,38,136
S01009668,198,42,156
S01009669,259,81,178
S01009670,343,84,259
S01009671,335,79,256
S01009672,521,132,389
S01009673,363,90,273
S01009674,460,104,356
S01009675,382,87,295
S01009676,604,146,458
S01009677,313,57,256
S01009678,270,93,177
S01009679,479,140,339
S01009680,471,117,354
S01009681,286,52,234
S01009682,343,116,227
S01009683,382,151,231
S01009684,348,70,278
S01009685,393,87,306
S01009686,542,153,389
S01009687,429,112,317
S01009688,582,149,433
S01009689,293,82,211
S01009690,360,87,273
S01009691,239,64,175
S01009692,512,173,339
S01009693,313,77,236
S01009694,472,152,320
S01009695,438,111,327
S01009696,449,116,333
S01009697,351,84,267
S01009698,265,49,216
S01009699,362,148,214
S01009700,311,89,222
S01009701,457,173,284
S01009702,242,46,196
S01009703,457,140,317
S01009704,550,147,403
S01009705,353,104,249
S01009706,411,130,281
S01009707,271,69,202
S01009708,294,74,220
S01009709,401,132,269
S01009710,207,51,156
S01009711,434,129,305
S01009712,294,76,218
S01009713,432,162,270
S01009714,410,166,244
S01009715,364,97,267
S01009716,575,190,385
S01009717,466,141,325
S01009718,420,146,274
S01009719,449,132,317
S01009720,425,181,244
S01009721,266,28,238
S01009722,356,112,244
S01009723,354,118,236
S01009724,545,182,363
S01009725,405,101,304
S01009726,219,46,173
S01009727,327,66,261
S01009728,335,92,243
S01009729,446,146,300
S01009730,445,145,300
S01009731,416,185,231
S01009732,507,168,339
S01009733,275,68,207
S01009734,564,133,431
S01009735,339,125,214
S01009736,443,161,282
S01009737,302,45,257
S01009738,234,40,194
S01009739,179,14,165
S01009740,348,112,236
S01009741,168,11,157
S01009742,204,27,177
S01009743,494,120,374
S01009744,301,67,234
S01009745,372,93,279
S01009746,332,58,274
S01009747,446,116,330
S01009748,313,53,260
S01009749,409,123,286
S01009750,326,114,212
S01009751,443,82,361
S01009752,347,70,277
S01009753,340,124,216
S01009754,666,208,458
S01009755,277,74,203
S01009756,347,79,268
S01009757,304,55,249
S01009758,460,91,369
S01009759,553,55,498
S01009760,484,117,367
S01009761,387,43,344
S01009762,421,75,346
S01009763,170,13,157
S01009764,425,61,364
S01009765,431,78,353
S01009766,352,28,324
S01009767,299,18,281
S01009768,254,44,210
S01009769,428,92,336
S01009770,308,16,292
S01009771,296,14,282
S01009772,295,18,277
S01009773,69,7,62
S01009774,36,0,36
S01009775,359,69,290
S01009776,415,57,358
S01009777,319,44,275
S01009778,561,187,374
S01009779,331,124,207
S01009780,298,20,278
S01009781,332,63,269
S01009782,184,5,179
S01009783,199,22,177
S01009784,380,67,313
S01009785,432,71,361
S01009786,481,85,396
S01009787,371,68,303
S01009788,589,210,379
S01009789,527,182,345
S01009790,400,108,292
S01009791,342,69,273
S01009792,93,7,86
S01009793,416,107,309
S01009794,152,7,145
S01009795,302,19,283
S01009796,280,63,217
S01009797,241,52,189
S01009798,398,51,347
S01009799,593,124,469
S01009800,513,110,403
S01009801,489,79,410
S01009802,394,41,353
S01009803,416,109,307
S01009804,128,31,97
S01009805,310,63,247
S01009806,552,218,334
S01009807,411,118,293
S01009808,657,158,499
S01009809,510,136,374
S01009810,499,178,321
S01009811,616,209,407
S01009812,422,129,293
S01009813,593,230,363
S01009814,505,170,335
S01009815,484,126,358
S01009816,492,78,414
S01009817,391,164,227
S01009818,360,103,257
S01009819,473,152,321
S01009820,454,172,282
S01009821,307,80,227
S01009822,399,89,310
S01009823,470,123,347
S01009824,366,93,273
S01009825,503,135,368
S01009826,330,106,224
S01009827,381,100,281
S01009828,582,211,371
S01009829,593,195,398
S01009830,414,85,329
S01009831,506,92,414
S01009832,519,182,337
S01009833,265,25,240
S01009834,324,79,245
S01009835,300,84,216
S01009836,326,101,225
S01009837,415,197,218
S01009838,423,126,297
S01009839,645,75,570
S01009840,474,168,306
S01009841,655,97,558
S01009842,481,95,386
S01009843,324,90,234
S01009844,440,124,316
S01009845,621,129,492
S01009846,527,74,453
S01009847,334,60,274
S01009848,379,104,275
S01009849,644,320,324
S01009850,543,213,330
S01009851,578,256,322
S01009852,256,114,142
S01009853,472,198,274
S01009854,363,101,262
S01009855,325,113,212
S01009856,295,128,167
S01009857,369,147,222
S01009858,456,190,266
S01009859,585,163,422
S01009860,501,131,370
S01009861,742,109,633
S01009862,570,66,504
S01009863,578,85,493
S01009864,488,101,387
S01009865,366,51,315
S01009866,483,121,362
S01009867,539,99,440
S01009868,496,39,457
S01009869,461,26,435
S01009870,423,42,381
S01009871,616,227,389
S01009872,429,46,383
S01009873,448,139,309
S01009874,498,154,344
S01009875,221,15,206
S01009876,460,111,349
S01009877,339,96,243
S01009878,264,22,242
S01009879,401,75,326
S01009880,426,99,327
S01009881,259,25,234
S01009882,301,40,261
S01009883,315,21,294
S01009884,377,31,346
S01009885,243,26,217
S01009886,270,54,216
S01009887,531,67,464
S01009888,349,31,318
S01009889,521,65,456
S01009890,407,31,376
S01009891,416,111,305
S01009892,608,88,520
S01009893,516,70,446
S01009894,567,155,412
S01009895,488,82,406
S01009896,625,123,502
S01009897,636,160,476
S01009898,441,164,277
S01009899,613,127,486
S01009900,653,65,588
S01009901,547,101,446
S01009902,613,221,392
S01009903,437,56,381
S01009904,443,116,327
S01009905,361,27,334
S01009906,326,24,302
S01009907,785,90,695
S01009908,613,51,562
S01009909,495,65,430
S01009910,400,36,364
S01009911,530,77,453
S01009912,406,123,283
S01009913,277,52,225
S01009914,393,112,281
S01009915,390,85,305
S01009916,407,101,306
S01009917,351,100,251
S01009918,361,69,292
S01009919,643,197,446
S01009920,616,111,505
S01009921,521,66,455
S01009922,750,112,638
S01009923,652,135,517
S01009924,619,92,527
S01009925,650,62,588
S01009926,489,85,404
S01009927,325,98,227
S01009928,375,70,305
S01009929,277,62,215
S01009930,560,72,488
S01009931,542,73,469
S01009932,473,115,358
S01009933,747,180,567
S01009934,362,78,284
S01009935,477,208,269
S01009936,607,146,461
S01009937,438,153,285
S01009938,607,243,364
S01009939,628,94,534
S01009940,440,95,345
S01009941,460,52,408
S01009942,497,108,389
S01009943,610,133,477
S01009944,426,126,300
S01009945,551,196,355
S01009946,442,143,299
S01009947,385,88,297
S01009948,565,150,415
S01009949,440,149,291
S01009950,259,50,209
S01009951,311,60,251
S01009952,433,108,325
S01009953,459,102,357
S01009954,265,44,221
S01009955,493,156,337
S01009956,399,149,250
S01009957,533,126,407
S01009958,470,63,407
S01009959,369,147,222
S01009960,546,168,378
S01009961,298,100,198
S01009962,596,120,476
S01009963,509,111,398
S01009964,488,103,385
S01009965,337,51,286
S01009966,437,94,343
S01009967,494,123,371
S01009968,231,63,168
S01009969,545,184,361
S01009970,523,159,364
S01009971,476,90,386
S01009972,349,122,227
S01009973,150,16,134
S01009974,428,107,321
S01009975,395,103,292
S01009976,332,43,289
S01009977,461,112,349
S01009978,399,59,340
S01009979,362,79,283
S01009980,228,52,176
S01009981,311,49,262
S01009982,275,34,241
S01009983,298,49,249
S01009984,424,50,374
S01009985,269,22,247
S01009986,321,67,254
S01009987,415,147,268
S01009988,351,148,203
S01009989,442,78,364
S01009990,417,68,349
S01009991,422,47,375
S01009992,481,131,350
S01009993,347,46,301
S01009994,303,38,265
S01009995,277,38,239
S01009996,370,69,301
S01009997,285,37,248
S01009998,357,98,259
S01009999,345,73,272
S01010000,373,27,346
S01010001,311,76,235
S01010002,580,96,484
S01010003,393,51,342
S01010004,351,108,243
S01010005,639,142,497
S01010006,792,201,591
S01010007,410,107,303
S01010008,326,62,264
S01010009,465,69,396
S01010010,609,170,439
S01010011,582,189,393
S01010012,605,140,465
S01010013,574,108,466
S01010014,689,136,553
S01010015,421,37,384
S01010016,324,114,210
S01010017,414,96,318
S01010018,512,189,323
S01010019,632,204,428
S01010020,465,149,316
S01010021,390,67,323
S01010022,193,83,110
S01010023,596,239,357
S01010024,287,55,232
S01010025,388,79,309
S01010026,426,98,328
S01010027,504,77,427
S01010028,277,81,196
S01010029,334,113,221
S01010030,238,45,193
S01010031,346,17,329
S01010032,259,37,222
S01010033,496,92,404
S01010034,587,173,414
S01010035,417,60,357
S01010036,194,6,188
S01010037,570,221,349
S01010038,620,160,460
S01010039,289,29,260
S01010040,327,49,278
S01010041,493,70,423
S01010042,303,43,260
S01010043,504,97,407
S01010044,619,174,445
S01010045,425,113,312
S01010046,534,93,441
S01010047,566,168,398
S01010048,634,183,451
S01010049,458,92,366
S01010050,468,130,338
S01010051,480,166,314
S01010052,328,71,257
S01010053,221,35,186
S01010054,288,34,254
S01010055,522,89,433
S01010056,270,27,243
S01010057,226,65,161
S01010058,442,64,378
S01010059,368,45,323
S01010060,490,114,376
S01010061,221,73,148
S01010062,355,93,262
S01010063,599,99,500
S01010064,348,66,282
S01010065,420,121,299
S01010066,329,52,277
S01010067,409,70,339
S01010068,232,120,112
S01010069,371,52,319
S01010070,250,12,238
S01010071,404,130,274
S01010072,502,170,332
S01010073,466,174,292
S01010074,414,87,327
S01010075,410,108,302
S01010076,392,90,302
S01010077,345,77,268
S01010078,268,32,236
S01010079,344,64,280
S01010080,364,105,259
S01010081,459,90,369
S01010082,340,112,228
S01010083,488,134,354
S01010084,546,162,384
S01010085,478,100,378
S01010086,465,115,350
S01010087,254,54,200
S01010088,101,11,90
S01010089,411,107,304
S01010090,400,70,330
S01010091,295,40,255
S01010092,539,146,393
S01010093,374,84,290
S01010094,502,137,365
S01010095,492,80,412
S01010096,332,77,255
S01010097,285,60,225
S01010098,283,62,221
S01010099,394,116,278
S01010100,395,86,309
S01010101,472,86,386
S01010102,260,11,249
S01010103,315,17,298
S01010104,290,20,270
S01010105,317,14,303
S01010106,304,58,246
S01010107,491,86,405
S01010108,382,99,283
S01010109,506,90,416
S01010110,575,145,430
S01010111,496,43,453
S01010112,380,33,347
S01010113,238,23,215
S01010114,330,66,264
S01010115,246,12,234
S01010116,334,43,291
S01010117,104,9,95
S01010118,339,42,297
S01010119,157,31,126
S01010120,351,33,318
S01010121,301,45,256
S01010122,271,33,238
S01010123,255,18,237
S01010124,300,6,294
S01010125,266,59,207
S01010126,264,33,231
S01010127,273,85,188
S01010128,355,41,314
S01010129,426,66,360
S01010130,366,81,285
S01010131,500,146,354
S01010132,524,161,363
S01010133,482,124,358
S01010134,705,172,533
S01010135,579,208,371
S01010136,459,117,342
S01010137,725,341,384
S01010138,692,214,478
S01010139,624,174,450
S01010140,525,70,455
S01010141,632,161,471
S01010142,333,61,272
S01010143,438,200,238
S01010144,381,37,344
S01010145,339,95,244
S01010146,583,101,482
S01010147,478,111,367
S01010148,363,76,287
S01010149,157,35,122
S01010150,513,202,311
S01010151,539,221,318
S01010152,448,190,258
S01010153,551,253,298
S01010154,514,209,305
S01010155,415,218,197
S01010156,375,171,204
S01010157,357,69,288
S01010158,447,163,284
S01010159,349,104,245
S01010160,377,61,316
S01010161,363,46,317
S01010162,445,87,358
S01010163,313,68,245
S01010164,334,59,275
S01010165,257,44,213
S01010166,510,114,396
S01010167,519,145,374
S01010168,243,72,171
S01010169,386,36,350
S01010170,448,71,377
S01010171,453,100,353
S01010172,485,248,237
S01010173,486,152,334
S01010174,264,52,212
S01010175,216,50,166
S01010176,555,247,308
S01010177,287,53,234
S01010178,342,59,283
S01010179,541,122,419
S01010180,194,29,165
S01010181,455,86,369
S01010182,503,79,424
S01010183,359,104,255
S01010184,301,89,212
S01010185,311,48,263
S01010186,266,17,249
S01010187,404,44,360
S01010188,499,74,425
S01010189,307,4,303
S01010190,66,4,62
S01010191,279,4,275
S01010192,335,14,321
S01010193,367,31,336
S01010194,320,106,214
S01010195,393,118,275
S01010196,284,59,225
S01010197,354,74,280
S01010198,470,108,362
S01010199,302,57,245
S01010200,316,114,202
S01010201,322,90,232
S01010202,381,60,321
S01010203,275,12,263
S01010204,494,91,403
S01010205,373,72,301
S01010206,338,45,293
S01010207,351,32,319
S01010208,625,119,506
S01010209,413,83,330
S01010210,489,166,323
S01010211,474,142,332
S01010212,558,170,388
S01010213,539,220,319
S01010214,428,83,345
S01010215,563,234,329
S01010216,565,172,393
S01010217,445,82,363
S01010218,601,109,492
S01010219,430,73,357
S01010220,220,31,189
S01010221,242,53,189
S01010222,395,62,333
S01010223,398,100,298
S01010224,477,92,385
S01010225,381,69,312
S01010226,442,107,335
S01010227,563,102,461
S01010228,376,127,249
S01010229,470,76,394
S01010230,726,186,540
S01010231,396,113,283
S01010232,312,29,283
S01010233,780,110,670
S01010234,513,152,361
S01010235,40,6,34
S01010236,396,66,330
S01010237,524,97,427
S01010238,547,104,443
S01010239,566,177,389
S01010240,645,153,492
S01010241,613,190,423
S01010242,697,106,591
S01010243,801,86,715
S01010244,569,153,416
S01010245,543,121,422
S01010246,533,92,441
S01010247,399,90,309
S01010248,529,60,469
S01010249,598,79,519
S01010250,472,48,424
S01010251,121,17,104
S01010252,293,43,250
S01010253,435,115,320
S01010254,496,119,377
S01010255,445,78,367
S01010256,638,161,477
S01010257,294,65,229
S01010258,533,22,511
S01010259,651,189,462
S01010260,292,58,234
S01010261,746,215,531
S01010262,696,281,415
S01010263,436,24,412
S01010264,500,80,420
S01010265,264,5,259
S01010266,387,27,360
S01010267,250,6,244
S01010268,533,47,486
S01010269,558,124,434
S01010270,766,375,391
S01010271,340,36,304
S01010272,270,84,186
S01010273,157,16,141
S01010274,157,8,149
S01010275,174,17,157
S01010276,84,4,80
S01010277,239,64,175
S01010278,708,148,560
S01010279,306,32,274
S01010280,430,35,395
S01010281,354,25,329
S01010282,657,128,529
S01010283,344,25,319
S01010284,751,93,658
S01010285,533,42,491
S01010286,582,67,515
S01010287,502,37,465
S01010288,419,30,389
S01010289,119,2,117
S01010290,371,36,335
S01010291,472,51,421
S01010292,536,34,502
S01010293,348,47,301
S01010294,436,34,402
S01010295,406,12,394
S01010296,329,35,294
S01010297,528,121,407
S01010298,536,192,344
S01010299,322,63,259
S01010300,724,98,626
S01010301,276,13,263
S01010302,492,120,372
S01010303,286,39,247
S01010304,479,98,381
S01010305,652,148,504
S01010306,448,34,414
S01010307,474,36,438
S01010308,442,31,411
S01010309,431,106,325
S01010310,445,89,356
S01010311,482,101,381
S01010312,372,50,322
S01010313,608,100,508
S01010314,541,110,431
S01010315,317,74,243
S01010316,351,47,304
S01010317,683,121,562
S01010318,326,45,281
S01010319,438,93,345
S01010320,423,98,325
S01010321,566,90,476
S01010322,664,81,583
S01010323,403,127,276
S01010324,491,173,318
S01010325,557,238,319
S01010326,480,92,388
S01010327,295,32,263
S01010328,401,161,240
S01010329,253,88,165
S01010330,328,63,265
S01010331,667,237,430
S01010332,410,69,341
S01010333,446,154,292
S01010334,472,162,310
S01010335,463,120,343
S01010336,479,83,396
S01010337,446,113,333
S01010338,427,79,348
S01010339,407,107,300
S01010340,409,100,309
S01010341,364,46,318
S01010342,411,64,347
S01010343,429,32,397
S01010344,565,145,420
S01010345,114,26,88
S01010346,452,76,376
S01010347,377,83,294
S01010348,535,148,387
S01010349,562,134,428
S01010350,598,147,451
S01010351,343,94,249
S01010352,409,107,302
S01010353,603,136,467
S01010354,297,57,240
S01010355,583,112,471
S01010356,292,20,272
S01010357,385,97,288
S01010358,526,222,304
S01010359,620,215,405
S01010360,323,53,270
S01010361,382,92,290
S01010362,683,153,530
S01010363,376,94,282
S01010364,442,105,337
S01010365,501,98,403
S01010366,631,132,499
S01010367,552,106,446
S01010368,423,72,351
S01010369,464,38,426
S01010370,322,27,295
S01010371,552,47,505
S01010372,448,59,389
S01010373,428,80,348
S01010374,449,70,379
S01010375,450,63,387
S01010376,426,32,394
S01010377,377,14,363
S01010378,413,41,372
S01010379,591,59,532
S01010380,570,83,487
S01010381,322,57,265
S01010382,511,54,457
S01010383,474,80,394
S01010384,641,116,525
S01010385,546,87,459
S01010386,533,94,439
S01010387,719,125,594
S01010388,525,84,441
S01010389,51,6,45
S01010390,748,57,691
S01010391,650,61,589
S01010392,113,17,96
S01010393,805,132,673
S01010394,571,180,391
S01010395,706,173,533
S01010396,586,132,454
S01010397,467,73,394
S01010398,526,85,441
S01010399,858,82,776
S01010400,462,73,389
S01010401,437,123,314
S01010402,574,106,468
S01010403,500,61,439
S01010404,643,113,530
S01010405,541,71,470
S01010406,483,43,440
S01010407,533,63,470
S01010408,329,131,198
S01010409,437,126,311
S01010410,175,38,137
S01010411,523,101,422
S01010412,448,65,383
S01010413,412,182,230
S01010414,521,159,362
S01010415,649,260,389
S01010416,251,86,165
S01010417,287,84,203
S01010418,647,146,501
S01010419,764,197,567
S01010420,471,175,296
S01010421,347,85,262
S01010422,501,146,355
S01010423,500,94,406
S01010424,438,124,314
S01010425,536,81,455
S01010426,611,64,547
S01010427,569,175,394
S01010428,710,255,455
S01010429,326,49,277
S01010430,531,129,402
S01010431,411,131,280
S01010432,432,51,381
S01010433,391,52,339
S01010434,412,78,334
S01010435,342,118,224
S01010436,434,79,355
S01010437,265,79,186
S01010438,363,33,330
S01010439,467,46,421
S01010440,471,112,359
S01010441,341,37,304
S01010442,412,28,384
S01010443,346,131,215
S01010444,298,94,204
S01010445,365,65,300
S01010446,341,81,260
S01010447,570,148,422
S01010448,454,128,326
S01010449,468,163,305
S01010450,492,166,326
S01010451,565,172,393
S01010452,438,194,244
S01010453,583,129,454
S01010454,532,190,342
S01010455,605,289,316
S01010456,369,173,196
S01010457,528,190,338
S01010458,445,178,267
S01010459,368,135,233
S01010460,159,60,99
S01010461,523,170,353
S01010462,456,79,377
S01010463,372,163,209
S01010464,314,126,188
S01010465,413,34,379
S01010466,614,66,548
S01010467,474,184,290
S01010468,437,69,368
S01010469,532,160,372
S01010470,389,162,227
S01010471,475,167,308
S01010472,221,42,179
S01010473,587,81,506
S01010474,559,139,420
S01010475,264,63,201
S01010476,357,148,209
S01010477,445,182,263
S01010478,833,315,518
S01010479,526,189,337
S01010480,397,148,249
S01010481,340,66,274
S01010482,460,173,287
S01010483,600,214,386
S01010484,452,108,344
S01010485,411,144,267
S01010486,465,108,357
S01010487,490,200,290
S01010488,581,129,452
S01010489,529,152,377
S01010490,384,49,335
S01010491,425,56,369
S01010492,364,59,305
S01010493,378,47,331
S01010494,390,80,310
S01010495,474,62,412
S01010496,741,218,523
S01010497,261,19,242
S01010498,595,161,434
S01010499,537,164,373
S01010500,345,26,319
S01010501,348,106,242
S01010502,323,39,284
S01010503,421,97,324
S01010504,257,67,190
S01010505,281,61,220
S01010506,348,81,267
S01010507,399,72,327
S01010508,483,113,370
S01010509,518,108,410
S01010510,602,134,468
S01010511,483,128,355
S01010512,394,125,269
S01010513,329,59,270
S01010514,372,89,283
S01010515,395,75,320
S01010516,272,63,209
S01010517,432,83,349
S01010518,380,67,313
S01010519,345,36,309
S01010520,430,137,293
S01010521,445,113,332
S01010522,303,76,227
S01010523,408,66,342
S01010524,262,66,196
S01010525,284,74,210
S01010526,386,106,280
S01010527,602,191,411
S01010528,287,70,217
S01010529,340,69,271
S01010530,292,68,224
S01010531,419,131,288
S01010532,369,85,284
S01010533,367,104,263
S01010534,419,94,325
S01010535,241,60,181
S01010536,527,108,419
S01010537,538,131,407
S01010538,157,22,135
S01010539,378,46,332
S01010540,280,81,199
S01010541,311,58,253
S01010542,384,129,255
S01010543,233,62,171
S01010544,500,148,352
S01010545,293,100,193
S01010546,388,114,274
S01010547,279,66,213
S01010548,150,24,126
S01010549,133,39,94
S01010550,270,60,210
S01010551,265,42,223
S01010552,364,81,283
S01010553,216,27,189
S01010554,384,97,287
S01010555,456,127,329
S01010556,461,168,293
S01010557,309,71,238
S01010558,265,95,170
S01010559,333,158,175
S01010560,269,96,173
S01010561,366,115,251
S01010562,420,100,320
S01010563,345,74,271
S01010564,318,80,238
S01010565,390,80,310
S01010566,308,60,248
S01010567,367,52,315
S01010568,471,86,385
S01010569,329,59,270
S01010570,524,139,385
S01010571,440,54,386
S01010572,414,49,365
S01010573,276,25,251
S01010574,213,38,175
S01010575,343,78,265
S01010576,325,77,248
S01010577,354,50,304
S01010578,204,24,180
S01010579,326,46,280
S01010580,298,26,272
S01010581,378,25,353
S01010582,131,21,110
S01010583,378,58,320
S01010584,102,13,89
S01010585,99,7,92
S01010586,268,51,217
S01010587,337,69,268
S01010588,240,53,187
S01010589,327,43,284
S01010590,140,26,114
S01010591,47,7,40
S01010592,205,13,192
S01010593,235,36,199
S01010594,77,12,65
S01010595,72,13,59
S01010596,373,69,304
S01010597,123,26,97
S01010598,174,33,141
S01010599,152,20,132
S01010600,357,105,252
S01010601,332,119,213
S01010602,252,37,215
S01010603,365,102,263
S01010604,357,100,257
S01010605,419,110,309
S01010606,444,129,315
S01010607,434,145,289
S01010608,338,62,276
S01010609,239,31,208
S01010610,382,124,258
S01010611,606,118,488
S01010612,307,62,245
S01010613,337,116,221
S01010614,334,91,243
S01010615,419,64,355
S01010616,398,102,296
S01010617,406,79,327
S01010618,425,37,388
S01010619,340,38,302
S01010620,249,44,205
S01010621,503,104,399
S01010622,336,69,267
S01010623,296,19,277
S01010624,282,64,218
S01010625,336,93,243
S01010626,405,134,271
S01010627,471,122,349
S01010628,577,156,421
S01010629,532,179,353
S01010630,298,68,230
S01010631,303,78,225
S01010632,471,193,278
S01010633,419,162,257
S01010634,262,73,189
S01010635,346,106,240
S01010636,419,109,310
S01010637,515,165,350
S01010638,451,196,255
S01010639,563,145,418
S01010640,390,72,318
S01010641,627,132,495
S01010642,467,82,385
S01010643,302,30,272
S01010644,419,55,364
S01010645,362,47,315
S01010646,328,50,278
S01010647,305,49,256
S01010648,459,109,350
S01010649,323,50,273
S01010650,230,55,175
S01010651,293,59,234
S01010652,278,35,243
S01010653,375,62,313
S01010654,349,64,285
S01010655,366,95,271
S01010656,260,58,202
S01010657,303,63,240
S01010658,349,76,273
S01010659,263,46,217
S01010660,307,101,206
S01010661,352,89,263
S01010662,286,62,224
S01010663,441,95,346
S01010664,242,49,193
S01010665,375,93,282
S01010666,479,135,344
S01010667,274,63,211
S01010668,512,159,353
S01010669,246,72,174
S01010670,393,79,314
S01010671,328,70,258
S01010672,624,136,488
S01010673,466,108,358
S01010674,481,122,359
S01010675,374,88,286
S01010676,453,102,351
S01010677,200,60,140
S01010678,368,81,287
S01010679,680,203,477
S01010680,342,109,233
S01010681,401,73,328
S01010682,441,96,345
S01010683,366,105,261
S01010684,467,136,331
S01010685,345,105,240
S01010686,286,75,211
S01010687,462,130,332
S01010688,375,87,288
S01010689,473,145,328
S01010690,400,120,280
S01010691,349,81,268
S01010692,253,44,209
S01010693,172,38,134
S01010694,358,114,244
S01010695,265,45,220
S01010696,409,116,293
S01010697,408,93,315
S01010698,264,51,213
S01010699,220,32,188
S01010700,234,47,187
S01010701,493,98,395
S01010702,384,61,323
S01010703,321,51,270
S01010704,466,123,343
S01010705,399,105,294
S01010706,226,57,169
S01010707,256,46,210
S01010708,425,102,323
S01010709,360,94,266
S01010710,387,97,290
S01010711,261,82,179
S01010712,265,36,229
S01010713,405,67,338
S01010714,419,137,282
S01010715,385,103,282
S01010716,406,100,306
S01010717,440,107,333
S01010718,334,49,285
S01010719,331,101,230
S01010720,367,149,218
S01010721,352,122,230
S01010722,447,124,323
S01010723,348,70,278
S01010724,304,67,237
S01010725,302,63,239
S01010726,437,117,320
S01010727,249,50,199
S01010728,284,59,225
S01010729,327,58,269
S01010730,310,50,260
S01010731,377,85,292
S01010732,336,45,291
S01010733,356,56,300
S01010734,363,48,315
S01010735,358,34,324
S01010736,146,34,112
S01010737,370,143,227
S01010738,404,112,292
S01010739,308,51,257
S01010740,335,63,272
S01010741,271,48,223
S01010742,354,101,253
S01010743,333,53,280
S01010744,465,79,386
S01010745,348,114,234
S01010746,368,88,280
S01010747,419,81,338
S01010748,222,53,169
S01010749,274,47,227
S01010750,261,75,186
S01010751,453,113,340
S01010752,441,97,344
S01010753,488,88,400
S01010754,425,154,271
S01010755,390,113,277
S01010756,357,82,275
S01010757,387,112,275
S01010758,247,83,164
S01010759,304,100,204
S01010760,346,141,205
S01010761,218,58,160
S01010762,246,58,188
S01010763,428,133,295
S01010764,259,81,178
S01010765,532,171,361
S01010766,342,121,221
S01010767,280,69,211
S01010768,336,121,215
S01010769,197,52,145
S01010770,385,95,290
S01010771,494,173,321
S01010772,347,96,251
S01010773,270,62,208
S01010774,523,144,379
S01010775,211,40,171
S01010776,409,131,278
S01010777,294,91,203
S01010778,359,63,296
S01010779,377,82,295
S01010780,271,83,188
S01010781,399,95,304
S01010782,300,80,220
S01010783,424,116,308
S01010784,528,118,410
S01010785,353,71,282
S01010786,194,29,165
S01010787,339,95,244
S01010788,256,48,208
S01010789,339,81,258
S01010790,314,81,233
S01010791,379,92,287
S01010792,454,90,364
S01010793,206,40,166
S01010794,155,29,126
S01010795,515,138,377
S01010796,517,121,396
S01010797,218,53,165
S01010798,263,65,198
S01010799,524,187,337
S01010800,407,103,304
S01010801,407,135,272
S01010802,284,69,215
S01010803,249,65,184
S01010804,367,112,255
S01010805,496,113,383
S01010806,414,67,347
S01010807,234,53,181
S01010808,230,48,182
S01010809,309,73,236
S01010810,251,71,180
S01010811,435,133,302
S01010812,230,76,154
S01010813,404,92,312
S01010814,338,89,249
S01010815,281,67,214
S01010816,352,137,215
S01010817,484,96,388
S01010818,614,209,405
S01010819,409,129,280
S01010820,405,77,328
S01010821,316,86,230
S01010822,159,20,139
S01010823,148,27,121
S01010824,215,10,205
S01010825,262,40,222
S01010826,280,59,221
S01010827,246,26,220
S01010828,394,36,358
S01010829,333,80,253
S01010830,231,45,186
S01010831,119,5,114
S01010832,277,15,262
S01010833,368,79,289
S01010834,569,157,412
S01010835,314,85,229
S01010836,443,120,323
S01010837,356,95,261
S01010838,469,122,347
S01010839,411,141,270
S01010840,355,114,241
S01010841,616,185,431
S01010842,646,287,359
S01010843,486,228,258
S01010844,360,105,255
S01010845,251,61,190
S01010846,356,51,305
S01010847,321,33,288
S01010848,424,65,359
S01010849,359,52,307
S01010850,389,50,339
S01010851,415,72,343
S01010852,340,55,285
S01010853,418,84,334
S01010854,268,41,227
S01010855,226,50,176
S01010856,430,153,277
S01010857,371,52,319
S01010858,507,154,353
S01010859,361,61,300
S01010860,376,84,292
S01010861,393,126,267
S01010862,337,49,288
S01010863,348,102,246
S01010864,276,61,215
S01010865,317,115,202
S01010866,360,154,206
S01010867,348,118,230
S01010868,297,85,212
S01010869,445,83,362
S01010870,375,130,245
S01010871,357,102,255
S01010872,414,101,313
S01010873,502,222,280
S01010874,357,65,292
S01010875,291,60,231
S01010876,365,77,288
S01010877,559,115,444
S01010878,578,247,331
S01010879,472,104,368
S01010880,292,63,229
S01010881,375,139,236
S01010882,247,21,226
S01010883,420,73,347
S01010884,608,162,446
S01010885,743,135,608
S01010886,381,37,344
S01010887,320,135,185
S01010888,518,135,383
S01010889,501,101,400
S01010890,562,325,237
S01010891,357,158,199
S01010892,456,212,244
S01010893,415,174,241
S01010894,254,76,178
S01010895,318,95,223
S01010896,566,186,380
S01010897,333,86,247
S01010898,381,48,333
S01010899,261,39,222
S01010900,402,56,346
S01010901,243,47,196
S01010902,439,145,294
S01010903,396,160,236
S01010904,279,47,232
S01010905,193,29,164
S01010906,323,44,279
S01010907,33,7,26
S01010908,274,77,197
S01010909,274,38,236
S01010910,375,94,281
S01010911,551,306,245
S01010912,473,170,303
S01010913,280,50,230
S01010914,304,25,279
S01010915,351,28,323
S01010916,430,89,341
S01010917,412,111,301
S01010918,559,202,357
S01010919,368,61,307
S01010920,332,39,293
S01010921,305,59,246
S01010922,391,77,314
S01010923,518,146,372
S01010924,294,66,228
S01010925,378,75,303
S01010926,415,82,333
S01010927,400,79,321
S01010928,360,71,289
S01010929,435,77,358
S01010930,252,56,196
S01010931,195,39,156
S01010932,459,93,366
S01010933,151,21,130
S01010934,442,63,379
S01010935,382,136,246
S01010936,368,139,229
S01010937,327,62,265
S01010938,448,145,303
S01010939,292,59,233
S01010940,270,56,214
S01010941,489,68,421
S01010942,268,38,230
S01010943,335,47,288
S01010944,392,112,280
S01010945,224,31,193
S01010946,456,133,323
S01010947,355,81,274
S01010948,285,48,237
S01010949,376,54,322
S01010950,381,88,293
S01010951,304,57,247
S01010952,311,40,271
S01010953,280,50,230
S01010954,289,27,262
S01010955,246,27,219
S01010956,348,58,290
S01010957,234,37,197
S01010958,282,74,208
S01010959,335,78,257
S01010960,513,98,415
S01010961,491,126,365
S01010962,389,101,288
S01010963,414,97,317
S01010964,221,52,169
S01010965,451,117,334
S01010966,394,95,299
S01010967,402,112,290
S01010968,382,107,275
S01010969,326,104,222
S01010970,603,182,421
S01010971,624,107,517
S01010972,279,52,227
S01010973,250,47,203
S01010974,491,130,361
S01010975,261,59,202
S01010976,292,56,236
S01010977,315,82,233
S01010978,428,145,283
S01010979,355,101,254
S01010980,393,133,260
S01010981,340,99,241
S01010982,541,107,434
S01010983,555,181,374
S01010984,473,130,343
S01010985,352,109,243
S01010986,155,13,142
S01010987,152,16,136
S01010988,203,6,197
S01010989,129,20,109
S01010990,295,59,236
S01010991,268,34,234
S01010992,204,37,167
S01010993,292,60,232
S01010994,481,78,403
S01010995,348,63,285
S01010996,341,70,271
S01010997,426,118,308
S01010998,354,58,296
S01010999,333,97,236
S01011000,442,90,352
S01011001,281,70,211
S01011002,320,95,225
S01011003,350,105,245
S01011004,339,54,285
S01011005,369,100,269
S01011006,248,65,183
S01011007,381,111,270
S01011008,386,81,305
S01011009,276,29,247
S01011010,473,120,353
S01011011,456,178,278
S01011012,516,94,422
S01011013,426,150,276
S01011014,376,63,313
S01011015,256,61,195
S01011016,144,21,123
S01011017,336,74,262
S01011018,622,158,464
S01011019,370,78,292
S01011020,164,33,131
S01011021,352,100,252
S01011022,313,54,259
S01011023,348,94,254
S01011024,517,104,413
S01011025,290,26,264
S01011026,251,20,231
S01011027,488,120,368
S01011028,362,80,282
S01011029,322,46,276
S01011030,372,28,344
S01011031,307,82,225
S01011032,406,97,309
S01011033,313,91,222
S01011034,377,146,231
S01011035,258,33,225
S01011036,389,79,310
S01011037,398,98,300
S01011038,402,98,304
S01011039,410,111,299
S01011040,393,72,321
S01011041,289,71,218
S01011042,285,42,243
S01011043,419,103,316
S01011044,354,82,272
S01011045,339,91,248
S01011046,251,42,209
S01011047,408,88,320
S01011048,497,136,361
S01011049,360,106,254
S01011050,342,78,264
S01011051,371,116,255
S01011052,449,140,309
S01011053,300,70,230
S01011054,272,66,206
S01011055,217,36,181
S01011056,218,40,178
S01011057,269,62,207
S01011058,214,42,172
S01011059,268,48,220
S01011060,530,164,366
S01011061,468,96,372
S01011062,610,186,424
S01011063,456,145,311
S01011064,569,177,392
S01011065,312,74,238
S01011066,280,94,186
S01011067,453,172,281
S01011068,328,94,234
S01011069,279,86,193
S01011070,344,90,254
S01011071,382,117,265
S01011072,308,65,243
S01011073,290,66,224
S01011074,279,80,199
S01011075,403,121,282
S01011076,531,192,339
S01011077,436,104,332
S01011078,410,131,279
S01011079,547,157,390
S01011080,494,153,341
S01011081,350,84,266
S01011082,359,162,197
S01011083,461,140,321
S01011084,317,74,243
S01011085,348,98,250
S01011086,275,87,188
S01011087,385,92,293
S01011088,517,164,353
S01011089,396,139,257
S01011090,273,65,208
S01011091,266,50,216
S01011092,120,7,113
S01011093,336,44,292
S01011094,215,62,153
S01011095,364,76,288
S01011096,190,21,169
S01011097,280,57,223
S01011098,398,108,290
S01011099,360,43,317
S01011100,239,86,153
S01011101,324,55,269
S01011102,387,81,306
S01011103,451,200,251
S01011104,299,108,191
S01011105,385,76,309
S01011106,250,7,243
S01011107,124,20,104
S01011108,268,50,218
S01011109,356,84,272
S01011110,414,59,355
S01011111,504,88,416
S01011112,75,32,43
S01011113,490,162,328
S01011114,425,68,357
S01011115,409,88,321
S01011116,346,58,288
S01011117,435,122,313
S01011118,397,139,258
S01011119,375,147,228
S01011120,464,121,343
S01011121,388,131,257
S01011122,351,91,260
S01011123,508,154,354
S01011124,171,64,107
S01011125,191,23,168
S01011126,289,77,212
S01011127,147,2,145
S01011128,458,93,365
S01011129,276,40,236
S01011130,371,118,253
S01011131,311,65,246
S01011132,330,94,236
S01011133,228,36,192
S01011134,398,115,283
S01011135,436,106,330
S01011136,243,77,166
S01011137,230,39,191
S01011138,206,53,153
S01011139,279,18,261
S01011140,218,39,179
S01011141,360,56,304
S01011142,324,51,273
S01011143,471,114,357
S01011144,337,99,238
S01011145,339,84,255
S01011146,243,55,188
S01011147,486,114,372
S01011148,290,48,242
S01011149,171,7,164
S01011150,344,1,343
S01011151,324,32,292
S01011152,434,112,322
S01011153,409,109,300
S01011154,375,137,238
S01011155,369,149,220
S01011156,340,63,277
S01011157,290,46,244
S01011158,272,89,183
S01011159,327,142,185
S01011160,340,75,265
S01011161,254,34,220
S01011162,285,30,255
S01011163,402,68,334
S01011164,229,30,199
S01011165,392,125,267
S01011166,286,75,211
S01011167,369,72,297
S01011168,340,72,268
S01011169,90,16,74
S01011170,337,79,258
S01011171,449,139,310
S01011172,353,83,270
S01011173,404,126,278
S01011174,447,146,301
S01011175,404,151,253
S01011176,328,121,207
S01011177,509,164,345
S01011178,296,48,248
S01011179,308,58,250
S01011180,383,92,291
S01011181,273,38,235
S01011182,196,27,169
S01011183,288,45,243
S01011184,278,35,243
S01011185,340,97,243
S01011186,545,194,351
S01011187,356,45,311
S01011188,509,117,392
S01011189,366,71,295
S01011190,409,109,300
S01011191,342,85,257
S01011192,363,37,326
S01011193,393,28,365
S01011194,300,28,272
S01011195,392,46,346
S01011196,478,96,382
S01011197,365,44,321
S01011198,307,37,270
S01011199,328,62,266
S01011200,409,45,364
S01011201,248,58,190
S01011202,447,92,355
S01011203,560,130,430
S01011204,237,43,194
S01011205,79,9,70
S01011206,233,18,215
S01011207,414,74,340
S01011208,344,34,310
S01011209,297,47,250
S01011210,242,28,214
S01011211,361,37,324
S01011212,283,30,253
S01011213,395,47,348
S01011214,410,53,357
S01011215,372,69,303
S01011216,464,116,348
S01011217,575,161,414
S01011218,405,87,318
S01011219,440,92,348
S01011220,486,113,373
S01011221,512,142,370
S01011222,310,92,218
S01011223,431,136,295
S01011224,341,130,211
S01011225,465,98,367
S01011226,424,151,273
S01011227,411,91,320
S01011228,610,180,430
S01011229,425,130,295
S01011230,629,123,506
S01011231,589,168,421
S01011232,392,68,324
S01011233,300,47,253
S01011234,510,82,428
S01011235,224,38,186
S01011236,288,68,220
S01011237,411,75,336
S01011238,364,78,286
S01011239,530,170,360
S01011240,678,244,434
S01011241,468,150,318
S01011242,460,127,333
S01011243,478,141,337
S01011244,420,76,344
S01011245,430,92,338
S01011246,334,71,263
S01011247,377,104,273
S01011248,381,69,312
S01011249,346,56,290
S01011250,443,43,400
S01011251,381,102,279
S01011252,348,56,292
S01011253,440,98,342
S01011254,469,50,419
S01011255,55,1,54
S01011256,59,2,57
S01011257,219,68,151
S01011258,290,72,218
S01011259,390,138,252
S01011260,342,115,227
S01011261,364,83,281
S01011262,297,86,211
S01011263,276,48,228
S01011264,256,40,216
S01011265,443,85,358
S01011266,369,91,278
S01011267,306,91,215
S01011268,267,89,178
S01011269,306,122,184
S01011270,426,105,321
S01011271,416,98,318
S01011272,373,110,263
S01011273,477,55,422
S01011274,458,92,366
S01011275,339,44,295
S01011276,438,76,362
S01011277,288,29,259
S01011278,289,30,259
S01011279,322,66,256
S01011280,266,28,238
S01011281,283,25,258
S01011282,293,35,258
S01011283,177,12,165
S01011284,143,17,126
S01011285,521,126,395
S01011286,299,48,251
S01011287,428,100,328
S01011288,442,79,363
S01011289,394,88,306
S01011290,597,138,459
S01011291,499,118,381
S01011292,318,73,245
S01011293,425,118,307
S01011294,575,235,340
S01011295,439,129,310
S01011296,348,110,238
S01011297,376,60,316
S01011298,451,73,378
S01011299,186,33,153
S01011300,446,101,345
S01011301,259,44,215
S01011302,564,244,320
S01011303,468,87,381
S01011304,379,55,324
S01011305,255,54,201
S01011306,273,70,203
S01011307,395,91,304
S01011308,261,65,196
S01011309,379,103,276
S01011310,345,114,231
S01011311,456,121,335
S01011312,491,129,362
S01011313,493,155,338
S01011314,376,91,285
S01011315,176,57,119
S01011316,360,100,260
S01011317,443,195,248
S01011318,461,223,238
S01011319,530,231,299
S01011320,384,163,221
S01011321,280,60,220
S01011322,259,40,219
S01011323,457,90,367
S01011324,267,68,199
S01011325,548,167,381
S01011326,701,285,416
S01011327,486,201,285
S01011328,411,163,248
S01011329,472,177,295
S01011330,328,118,210
S01011331,316,129,187
S01011332,433,143,290
S01011333,333,145,188
S01011334,438,98,340
S01011335,389,93,296
S01011336,289,83,206
S01011337,271,56,215
S01011338,276,36,240
S01011339,268,46,222
S01011340,448,98,350
S01011341,355,92,263
S01011342,399,114,285
S01011343,424,100,324
S01011344,394,89,305
S01011345,473,95,378
S01011346,385,88,297
S01011347,534,172,362
S01011348,545,136,409
S01011349,402,53,349
S01011350,334,80,254
S01011351,389,106,283
S01011352,333,112,221
S01011353,281,51,230
S01011354,363,81,282
S01011355,475,141,334
S01011356,357,64,293
S01011357,490,56,434
S01011358,185,7,178
S01011359,365,93,272
S01011360,333,32,301
S01011361,307,43,264
S01011362,131,26,105
S01011363,550,160,390
S01011364,213,49,164
S01011365,249,42,207
S01011366,236,74,162
S01011367,356,98,258
S01011368,37,12,25
S01011369,310,98,212
S01011370,131,31,100
S01011371,767,206,561
S01011372,576,176,400
S01011373,412,104,308
S01011374,198,12,186
S01011375,280,64,216
S01011376,351,130,221
S01011377,239,77,162
S01011378,455,171,284
S01011379,361,65,296
S01011380,399,133,266
S01011381,337,86,251
S01011382,148,37,111
S01011383,567,124,443
S01011384,350,39,311
S01011385,449,125,324
S01011386,410,56,354
S01011387,387,83,304
S01011388,291,99,192
S01011389,383,126,257
S01011390,471,144,327
S01011391,258,50,208
S01011392,401,59,342
S01011393,361,109,252
S01011394,308,86,222
S01011395,423,133,290
S01011396,439,131,308
S01011397,326,106,220
S01011398,324,80,244
S01011399,224,57,167
S01011400,339,82,257
S01011401,426,102,324
S01011402,497,223,274
S01011403,430,103,327
S01011404,564,178,386
S01011405,326,102,224
S01011406,317,117,200
S01011407,574,173,401
S01011408,422,149,273
S01011409,297,43,254
S01011410,384,114,270
S01011411,413,108,305
S01011412,401,104,297
S01011413,226,12,214
S01011414,500,122,378
S01011415,411,94,317
S01011416,337,22,315
S01011417,328,115,213
S01011418,383,99,284
S01011419,319,77,242
S01011420,268,47,221
S01011421,164,4,160
S01011422,178,23,155
S01011423,234,49,185
S01011424,231,57,174
S01011425,297,67,230
S01011426,334,58,276
S01011427,423,111,312
S01011428,305,77,228
S01011429,252,34,218
S01011430,386,54,332
S01011431,580,206,374
S01011432,591,119,472
S01011433,431,83,348
S01011434,435,126,309
S01011435,505,124,381
S01011436,584,134,450
S01011437,392,91,301
S01011438,384,69,315
S01011439,510,133,377
S01011440,452,97,355
S01011441,335,58,277
S01011442,319,92,227
S01011443,371,82,289
S01011444,439,71,368
S01011445,318,84,234
S01011446,382,61,321
S01011447,445,84,361
S01011448,461,103,358
S01011449,305,86,219
S01011450,162,14,148
S01011451,288,27,261
S01011452,390,52,338
S01011453,335,88,247
S01011454,475,112,363
S01011455,465,116,349
S01011456,460,83,377
S01011457,362,56,306
S01011458,269,26,243
S01011459,230,29,201
S01011460,415,67,348
S01011461,395,64,331
S01011462,419,93,326
S01011463,252,55,197
S01011464,122,19,103
S01011465,279,35,244
S01011466,530,93,437
S01011467,156,39,117
S01011468,48,0,48
S01011469,300,29,271
S01011470,458,137,321
S01011471,467,177,290
S01011472,749,231,518
S01011473,573,220,353
S01011474,590,208,382
S01011475,398,152,246
S01011476,304,60,244
S01011477,330,38,292
S01011478,451,113,338
S01011479,385,122,263
S01011480,411,124,287
S01011481,321,131,190
S01011482,490,129,361
S01011483,355,51,304
S01011484,475,114,361
S01011485,372,71,301
S01011486,230,54,176
S01011487,365,58,307
S01011488,283,43,240
S01011489,216,23,193
S01011490,523,112,411
S01011491,265,51,214
S01011492,483,65,418
S01011493,395,47,348
S01011494,345,149,196
S01011495,477,117,360
S01011496,285,40,245
S01011497,327,13,314
S01011498,227,9,218
S01011499,408,77,331
S01011500,471,120,351
S01011501,327,81,246
S01011502,307,50,257
S01011503,428,76,352
S01011504,266,71,195
S01011505,289,56,233
S01011506,273,115,158
S01011507,368,115,253
S01011508,419,53,366
S01011509,245,29,216
S01011510,405,102,303
S01011511,318,58,260
S01011512,558,72,486
S01011513,447,95,352
S01011514,365,47,318
S01011515,359,17,342
S01011516,364,12,352
S01011517,272,80,192
S01011518,305,97,208
S01011519,314,80,234
S01011520,502,126,376
S01011521,608,125,483
S01011522,450,135,315
S01011523,589,117,472
S01011524,371,56,315
S01011525,297,25,272
S01011526,368,48,320
S01011527,364,61,303
S01011528,501,167,334
S01011529,554,157,397
S01011530,581,194,387
S01011531,522,216,306
S01011532,170,8,162
S01011533,313,71,242
S01011534,361,110,251
S01011535,418,106,312
S01011536,260,18,242
S01011537,387,66,321
S01011538,306,44,262
S01011539,388,102,286
S01011540,398,78,320
S01011541,383,48,335
S01011542,435,60,375
S01011543,371,41,330
S01011544,336,66,270
S01011545,359,79,280
S01011546,234,1,233
S01011547,179,5,174
S01011548,359,103,256
S01011549,369,65,304
S01011550,376,64,312
S01011551,381,94,287
S01011552,389,65,324
S01011553,94,19,75
S01011554,422,84,338
S01011555,323,50,273
S01011556,316,64,252
S01011557,385,82,303
S01011558,352,67,285
S01011559,300,45,255
S01011560,414,79,335
S01011561,293,47,246
S01011562,372,54,318
S01011563,404,89,315
S01011564,311,85,226
S01011565,336,81,255
S01011566,315,39,276
S01011567,358,127,231
S01011568,315,48,267
S01011569,346,117,229
S01011570,426,94,332
S01011571,514,137,377
S01011572,473,150,323
S01011573,340,100,240
S01011574,271,51,220
S01011575,205,46,159
S01011576,402,92,310
S01011577,275,33,242
S01011578,508,89,419
S01011579,354,90,264
S01011580,478,87,391
S01011581,441,136,305
S01011582,561,108,453
S01011583,464,141,323
S01011584,366,101,265
S01011585,549,150,399
S01011586,296,60,236
S01011587,297,55,242
S01011588,367,74,293
S01011589,394,90,304
S01011590,442,84,358
S01011591,387,68,319
S01011592,378,100,278
S01011593,269,80,189
S01011594,300,77,223
S01011595,434,77,357
S01011596,575,96,479
S01011597,376,65,311
S01011598,577,124,453
S01011599,414,127,287
S01011600,352,115,237
S01011601,305,10,295
S01011602,296,82,214
S01011603,541,211,330
S01011604,289,80,209
S01011605,381,127,254
S01011606,141,4,137
S01011607,306,12,294
S01011608,316,12,304
S01011609,446,60,386
S01011610,417,69,348
S01011611,284,32,252
S01011612,104,1,103
S01011613,370,47,323
S01011614,181,36,145
S01011615,348,68,280
S01011616,259,67,192
S01011617,452,94,358
S01011618,330,71,259
S01011619,305,29,276
S01011620,260,7,253
S01011621,333,33,300
S01011622,59,10,49
S01011623,394,91,303
S01011624,343,63,280
S01011625,230,22,208
S01011626,390,30,360
S01011627,235,5,230
S01011628,486,65,421
S01011629,313,67,246
S01011630,275,64,211
S01011631,352,32,320
S01011632,416,78,338
S01011633,475,105,370
S01011634,329,38,291
S01011635,259,50,209
S01011636,343,72,271
S01011637,321,84,237
S01011638,372,119,253
S01011639,268,65,203
S01011640,416,81,335
S01011641,374,52,322
S01011642,377,87,290
S01011643,288,135,153
S01011644,409,190,219
S01011645,291,108,183
S01011646,329,48,281
S01011647,385,19,366
S01011648,184,29,155
S01011649,190,62,128
S01011650,501,125,376
S01011651,354,100,254
S01011652,378,41,337
S01011653,429,84,345
S01011654,550,185,365
S01011655,420,119,301
S01011656,322,49,273
S01011657,315,68,247
S01011658,398,96,302
S01011659,385,87,298
S01011660,470,82,388
S01011661,434,56,378
S01011662,179,20,159
S01011663,374,48,326
S01011664,391,53,338
S01011665,530,131,399
S01011666,524,170,354
S01011667,446,108,338
S01011668,612,95,517
S01011669,398,128,270
S01011670,348,80,268
S01011671,331,104,227
S01011672,338,110,228
S01011673,339,73,266
S01011674,349,101,248
S01011675,413,97,316
S01011676,347,85,262
S01011677,66,13,53
S01011678,221,43,178
S01011679,255,50,205
S01011680,500,119,381
S01011681,306,68,238
S01011682,277,38,239
S01011683,326,47,279
S01011684,285,63,222
S01011685,128,26,102
S01011686,364,42,322
S01011687,425,83,342
S01011688,396,45,351
S01011689,198,23,175
S01011690,349,64,285
S01011691,122,19,103
S01011692,513,100,413
S01011693,410,96,314
S01011694,57,20,37
S01011695,383,60,323
S01011696,65,7,58
S01011697,197,43,154
S01011698,313,58,255
S01011699,351,50,301
S01011700,407,107,300
S01011701,332,80,252
S01011702,379,101,278
S01011703,302,75,227
S01011704,324,44,280
S01011705,363,59,304
S01011706,418,127,291
S01011707,251,28,223
S01011708,461,118,343
S01011709,448,84,364
S01011710,272,27,245
S01011711,559,143,416
S01011712,298,59,239
S01011713,527,107,420
S01011714,180,18,162
S01011715,505,107,398
S01011716,382,27,355
S01011717,324,37,287
S01011718,99,15,84
S01011719,244,9,235
S01011720,251,27,224
S01011721,302,74,228
S01011722,574,140,434
S01011723,368,81,287
S01011724,255,4,251
S01011725,218,5,213
S01011726,205,8,197
S01011727,85,17,68
S01011728,388,54,334
S01011729,498,113,385
S01011730,421,78,343
S01011731,438,72,366
S01011732,355,51,304
S01011733,344,64,280
S01011734,382,88,294
S01011735,285,43,242
S01011736,462,82,380
S01011737,377,60,317
S01011738,361,59,302
S01011739,258,55,203
S01011740,285,46,239
S01011741,463,83,380
S01011742,373,86,287
S01011743,340,97,243
S01011744,416,182,234
S01011745,542,199,343
S01011746,372,102,270
S01011747,428,86,342
S01011748,431,26,405
S01011749,388,29,359
S01011750,382,94,288
S01011751,601,95,506
S01011752,520,98,422
S01011753,390,77,313
S01011754,414,125,289
S01011755,441,55,386
S01011756,514,62,452
S01011757,408,87,321
S01011758,254,35,219
S01011759,368,59,309
S01011760,413,60,353
S01011761,256,46,210
S01011762,434,89,345
S01011763,346,76,270
S01011764,136,12,124
S01011765,450,18,432
S01011766,270,21,249
S01011767,559,119,440
S01011768,374,36,338
S01011769,434,132,302
S01011770,456,141,315
S01011771,227,13,214
S01011772,373,24,349
S01011773,187,3,184
S01011774,311,15,296
S01011775,254,7,247
S01011776,149,5,144
S01011777,252,21,231
S01011778,269,42,227
S01011779,301,45,256
S01011780,240,18,222
S01011781,339,42,297
S01011782,290,27,263
S01011783,207,13,194
S01011784,360,76,284
S01011785,450,128,322
S01011786,66,3,63
S01011787,496,124,372
S01011788,164,16,148
S01011789,464,92,372
S01011790,464,48,416
S01011791,341,78,263
S01011792,488,209,279
S01011793,305,104,201
S01011794,417,86,331
S01011795,336,65,271
S01011796,417,127,290
S01011797,322,52,270
S01011798,239,62,177
S01011799,396,67,329
S01011800,280,75,205
S01011801,285,27,258
S01011802,356,118,238
S01011803,252,54,198
S01011804,451,126,325
S01011805,424,100,324
S01011806,490,118,372
S01011807,392,72,320
S01011808,386,100,286
S01011809,241,62,179
S01011810,433,112,321
S01011811,360,94,266
S01011812,410,93,317
S01011813,320,64,256
S01011814,245,61,184
S01011815,189,29,160
S01011816,245,47,198
S01011817,264,56,208
S01011818,518,103,415
S01011819,594,155,439
S01011820,328,122,206
S01011821,227,47,180
S01011822,436,147,289
S01011823,279,59,220
S01011824,411,74,337
S01011825,253,88,165
S01011826,329,75,254
S01011827,292,74,218
S01011828,363,84,279
S01011829,191,39,152
S01011830,346,76,270
S01011831,455,119,336
S01011832,350,102,248
S01011833,309,61,248
S01011834,239,35,204
S01011835,230,34,196
S01011836,434,78,356
S01011837,283,36,247
S01011838,446,82,364
S01011839,487,113,374
S01011840,471,77,394
S01011841,625,183,442
S01011842,608,156,452
S01011843,468,92,376
S01011844,371,83,288
S01011845,345,85,260
S01011846,363,80,283
S01011847,172,24,148
S01011848,319,74,245
S01011849,295,61,234
S01011850,387,99,288
S01011851,344,91,253
S01011852,429,167,262
S01011853,353,67,286
S01011854,440,135,305
S01011855,467,132,335
S01011856,314,123,191
S01011857,476,146,330
S01011858,403,209,194
S01011859,506,213,293
S01011860,279,66,213
S01011861,331,100,231
S01011862,392,143,249
S01011863,402,124,278
S01011864,336,127,209
S01011865,320,107,213
S01011866,473,145,328
S01011867,434,175,259
S01011868,399,118,281
S01011869,393,111,282
S01011870,305,71,234
S01011871,376,64,312
S01011872,348,75,273
S01011873,287,42,245
S01011874,349,76,273
S01011875,484,150,334
S01011876,399,91,308
S01011877,342,86,256
S01011878,469,91,378
S01011879,294,51,243
S01011880,380,60,320
S01011881,353,111,242
S01011882,434,173,261
S01011883,571,129,442
S01011884,151,23,128
S01011885,192,55,137
S01011886,385,92,293
S01011887,292,71,221
S01011888,546,138,408
S01011889,465,186,279
S01011890,401,103,298
S01011891,381,107,274
S01011892,580,96,484
S01011893,523,132,391
S01011894,319,79,240
S01011895,451,148,303
S01011896,481,176,305
S01011897,469,156,313
S01011898,280,66,214
S01011899,447,87,360
S01011900,267,52,215
S01011901,365,115,250
S01011902,502,181,321
S01011903,414,144,270
S01011904,381,86,295
S01011905,287,52,235
S01011906,158,33,125
S01011907,371,43,328
S01011908,226,35,191
S01011909,213,5,208
S01011910,557,127,430
S01011911,326,116,210
S01011912,389,115,274
S01011913,415,81,334
S01011914,415,70,345
S01011915,364,100,264
S01011916,365,92,273
S01011917,284,71,213
S01011918,409,50,359
S01011919,375,56,319
S01011920,298,76,222
S01011921,289,65,224
S01011922,375,61,314
S01011923,363,66,297
S01011924,415,75,340
S01011925,96,14,82
S01011926,369,62,307
S01011927,281,66,215
S01011928,389,78,311
S01011929,324,107,217
S01011930,333,81,252
S01011931,313,29,284
S01011932,182,21,161
S01011933,556,106,450
S01011934,385,134,251
S01011935,555,130,425
S01011936,376,88,288
S01011937,233,104,129
S01011938,263,82,181
S01011939,503,117,386
S01011940,522,83,439
S01011941,557,119,438
S01011942,492,165,327
S01011943,777,243,534
S01011944,202,53,149
S01011945,526,131,395
S01011946,440,187,253
S01011947,285,102,183
S01011948,458,172,286
S01011949,444,175,269
S01011950,430,170,260
S01011951,364,115,249
S01011952,178,51,127
S01011953,414,144,270
S01011954,276,103,173
S01011955,510,189,321
S01011956,309,77,232
S01011957,353,78,275
S01011958,582,149,433
S01011959,382,80,302
S01011960,304,60,244
S01011961,432,75,357
S01011962,241,38,203
S01011963,268,89,179
S01011964,445,85,360
S01011965,442,147,295
S01011966,310,87,223
S01011967,370,69,301
S01011968,555,152,403
S01011969,716,186,530
S01011970,704,198,506
S01011971,252,65,187
S01011972,698,172,526
S01011973,236,67,169
S01011974,285,64,221
S01011975,182,50,132
S01011976,408,113,295
S01011977,528,124,404
S01011978,553,199,354
S01011979,357,116,241
S01011980,185,35,150
S01011981,465,120,345
S01011982,581,141,440
S01011983,563,191,372
S01011984,281,94,187
S01011985,270,79,191
S01011986,414,90,324
S01011987,431,87,344
S01011988,287,97,190
S01011989,335,118,217
S01011990,355,156,199
S01011991,417,152,265
S01011992,425,152,273
S01011993,513,192,321
S01011994,335,122,213
S01011995,289,61,228
S01011996,340,106,234
S01011997,531,145,386
S01011998,269,69,200
S01011999,284,79,205
S01012000,239,59,180
S01012001,369,105,264
S01012002,329,108,221
S01012003,359,93,266
S01012004,493,141,352
S01012005,301,69,232
S01012006,331,54,277
S01012007,434,153,281
S01012008,607,216,391
S01012009,279,76,203
S01012010,600,226,374
S01012011,608,211,397
S01012012,322,141,181
S01012013,369,116,253
S01012014,763,218,545
S01012015,535,190,345
S01012016,320,87,233
S01012017,253,51,202
S01012018,365,84,281
S01012019,301,56,245
S01012020,477,131,346
S01012021,325,64,261
S01012022,455,82,373
S01012023,233,29,204
S01012024,438,68,370
S01012025,287,46,241
S01012026,197,58,139
S01012027,402,80,322
S01012028,400,72,328
S01012029,377,77,300
S01012030,489,84,405
S01012031,250,57,193
S01012032,154,32,122
S01012033,419,134,285
S01012034,411,103,308
S01012035,511,130,381
S01012036,536,136,400
S01012037,538,118,420
S01012038,463,60,403
S01012039,432,107,325
S01012040,244,40,204
S01012041,517,116,401
S01012042,419,109,310
S01012043,352,39,313
S01012044,492,159,333
S01012045,523,147,376
S01012046,469,132,337
S01012047,563,213,350
S01012048,356,110,246
S01012049,347,72,275
S01012050,351,27,324
S01012051,255,97,158
S01012052,437,156,281
S01012053,476,120,356
S01012054,580,98,482
S01012055,447,170,277
S01012056,413,103,310
S01012057,317,83,234
S01012058,319,100,219
S01012059,433,125,308
S01012060,386,143,243
S01012061,460,115,345
S01012062,363,37,326
S01012063,294,9,285
S01012064,296,30,266
S01012065,303,16,287
S01012066,376,26,350
S01012067,291,28,263
S01012068,328,62,266
S01012069,329,69,260
S01012070,512,184,328
S01012071,556,172,384
S01012072,597,166,431
S01012073,289,30,259
S01012074,302,22,280
S01012075,426,85,341
S01012076,492,142,350
S01012077,362,63,299
S01012078,327,30,297
S01012079,462,111,351
S01012080,444,35,409
S01012081,385,79,306
S01012082,456,111,345
S01012083,587,138,449
S01012084,271,50,221
S01012085,333,65,268
S01012086,445,109,336
S01012087,391,134,257
S01012088,235,17,218
S01012089,353,41,312
S01012090,410,73,337
S01012091,342,64,278
S01012092,266,38,228
S01012093,289,59,230
S01012094,327,69,258
S01012095,474,63,411
S01012096,391,93,298
S01012097,300,72,228
S01012098,404,103,301
S01012099,422,110,312
S01012100,624,139,485
S01012101,359,64,295
S01012102,444,66,378
S01012103,479,63,416
S01012104,334,34,300
S01012105,428,69,359
S01012106,480,83,397
S01012107,258,55,203
S01012108,681,370,311
S01012109,596,89,507
S01012110,554,170,384
S01012111,641,210,431
S01012112,569,283,286
S01012113,522,223,299
S01012114,399,95,304
S01012115,332,119,213
S01012116,317,94,223
S01012117,111,15,96
S01012118,226,20,206
S01012119,347,31,316
S01012120,292,51,241
S01012121,367,96,271
S01012122,371,71,300
S01012123,312,65,247
S01012124,345,69,276
S01012125,590,135,455
S01012126,266,26,240
S01012127,494,68,426
S01012128,265,18,247
S01012129,532,161,371
S01012130,672,282,390
S01012131,747,169,578
S01012132,476,97,379
S01012133,504,56,448
S01012134,601,187,414
S01012135,729,138,591
S01012136,511,56,455
S01012137,524,184,340
S01012138,578,163,415
S01012139,511,219,292
S01012140,396,123,273
S01012141,495,132,363
S01012142,382,122,260
S01012143,515,181,334
S01012144,444,161,283
S01012145,444,121,323
S01012146,546,212,334
S01012147,476,158,318
S01012148,369,69,300
S01012149,340,42,298
S01012150,383,110,273
S01012151,536,167,369
S01012152,459,88,371
S01012153,209,41,168
S01012154,383,103,280
S01012155,484,103,381
S01012156,691,144,547
S01012157,472,93,379
S01012158,403,66,337
S01012159,227,53,174
S01012160,397,75,322
S01012161,226,30,196
S01012162,380,26,354
S01012163,280,26,254
S01012164,162,6,156
S01012165,443,89,354
S01012166,384,59,325
S01012167,355,84,271
S01012168,482,149,333
S01012169,430,134,296
S01012170,658,250,408
S01012171,564,156,408
S01012172,462,110,352
S01012173,331,112,219
S01012174,428,85,343
S01012175,473,51,422
S01012176,557,44,513
S01012177,330,26,304
S01012178,392,46,346
S01012179,356,129,227
S01012180,337,155,182
S01012181,599,233,366
S01012182,291,60,231
S01012183,342,60,282
S01012184,72,21,51
S01012185,456,76,380
S01012186,417,150,267
S01012187,439,102,337
S01012188,275,86,189
S01012189,288,73,215
S01012190,146,6,140
S01012191,396,49,347
S01012192,172,26,146
S01012193,248,17,231
S01012194,270,8,262
S01012195,354,71,283
S01012196,203,15,188
S01012197,463,126,337
S01012198,425,57,368
S01012199,371,79,292
S01012200,278,70,208
S01012201,450,95,355
S01012202,236,43,193
S01012203,375,47,328
S01012204,262,13,249
S01012205,355,30,325
S01012206,360,38,322
S01012207,506,136,370
S01012208,580,170,410
S01012209,458,126,332
S01012210,367,153,214
S01012211,485,122,363
S01012212,457,54,403
S01012213,417,58,359
S01012214,333,90,243
S01012215,381,45,336
S01012216,477,61,416
S01012217,248,36,212
S01012218,319,62,257
S01012219,416,140,276
S01012220,431,150,281
S01012221,398,136,262
S01012222,557,129,428
S01012223,363,63,300
S01012224,491,96,395
S01012225,475,107,368
S01012226,344,52,292
S01012227,357,47,310
S01012228,293,44,249
S01012229,373,39,334
S01012230,453,54,399
S01012231,282,24,258
S01012232,425,46,379
S01012233,321,38,283
S01012234,485,57,428
S01012235,304,59,245
S01012236,394,107,287
S01012237,335,72,263
S01012238,307,89,218
S01012239,275,68,207
S01012240,328,104,224
S01012241,280,43,237
S01012242,341,59,282
S01012243,363,74,289
S01012244,387,71,316
S01012245,556,161,395
S01012246,364,51,313
S01012247,275,47,228
S01012248,316,54,262
S01012249,421,82,339
S01012250,360,80,280
S01012251,550,162,388
S01012252,544,125,419
S01012253,525,182,343
S01012254,417,125,292
S01012255,388,140,248
S01012256,321,63,258
S01012257,466,103,363
S01012258,469,137,332
S01012259,383,144,239
S01012260,380,141,239
S01012261,200,56,144
S01012262,432,113,319
S01012263,354,88,266
S01012264,162,60,102
S01012265,538,144,394
S01012266,507,187,320
S01012267,358,73,285
S01012268,474,111,363
S01012269,415,142,273
S01012270,377,103,274
S01012271,455,54,401
S01012272,320,78,242
S01012273,278,61,217
S01012274,505,78,427
S01012275,371,78,293
S01012276,694,124,570
S01012277,534,101,433
S01012278,679,251,428
S01012279,545,131,414
S01012280,468,113,355
S01012281,482,149,333
S01012282,468,178,290
S01012283,389,90,299
S01012284,425,159,266
S01012285,329,102,227
S01012286,480,91,389
S01012287,570,122,448
S01012288,469,91,378
S01012289,399,130,269
S01012290,310,123,187
S01012291,332,61,271
S01012292,508,210,298
S01012293,263,43,220
S01012294,421,56,365
S01012295,109,7,102
S01012296,239,47,192
S01012297,223,42,181
S01012298,383,104,279
S01012299,229,39,190
S01012300,500,150,350
S01012301,423,100,323
S01012302,305,70,235
S01012303,348,75,273
S01012304,465,87,378
S01012305,394,128,266
S01012306,427,173,254
S01012307,445,138,307
S01012308,318,73,245
S01012309,425,126,299
S01012310,590,141,449
S01012311,418,128,290
S01012312,433,100,333
S01012313,354,89,265
S01012314,387,110,277
S01012315,339,99,240
S01012316,323,90,233
S01012317,183,45,138
S01012318,331,58,273
S01012319,342,91,251
S01012320,318,93,225
S01012321,353,106,247
S01012322,478,134,344
S01012323,396,115,281
S01012324,413,105,308
S01012325,283,106,177
S01012326,473,173,300
S01012327,450,153,297
S01012328,415,145,270
S01012329,437,104,333
S01012330,312,88,224
S01012331,361,131,230
S01012332,401,93,308
S01012333,407,103,304
S01012334,430,139,291
S01012335,609,122,487
S01012336,448,168,280
S01012337,528,233,295
S01012338,365,139,226
S01012339,428,146,282
S01012340,301,106,195
S01012341,344,73,271
S01012342,373,103,270
S01012343,377,75,302
S01012344,413,92,321
S01012345,325,87,238
S01012346,367,80,287
S01012347,329,128,201
S01012348,386,118,268
S01012349,513,142,371
S01012350,520,146,374
S01012351,418,120,298
S01012352,486,127,359
S01012353,465,178,287
S01012354,430,138,292
S01012355,376,76,300
S01012356,497,140,357
S01012357,377,87,290
S01012358,356,80,276
S01012359,435,110,325
S01012360,317,56,261
S01012361,369,71,298
S01012362,437,76,361
S01012363,706,245,461
S01012364,444,136,308
S01012365,569,155,414
S01012366,509,158,351
S01012367,497,165,332
S01012368,363,95,268
S01012369,479,131,348
S01012370,654,245,409
S01012371,588,190,398
S01012372,592,200,392
S01012373,553,163,390
S01012374,405,108,297
S01012375,577,178,399
S01012376,356,84,272
S01012377,296,74,222
S01012378,302,60,242
S01012379,233,43,190
S01012380,621,119,502
S01012381,544,231,313
S01012382,477,113,364
S01012383,541,185,356
S01012384,266,95,171
S01012385,347,78,269
S01012386,492,101,391
S01012387,384,83,301
S01012388,299,70,229
S01012389,315,46,269
S01012390,268,58,210
S01012391,325,35,290
S01012392,218,32,186
S01012393,423,53,370
S01012394,425,61,364
S01012395,384,97,287
S01012396,438,114,324
S01012397,395,99,296
S01012398,520,132,388
S01012399,407,104,303
S01012400,424,102,322
S01012401,410,48,362
S01012402,133,17,116
S01012403,383,84,299
S01012404,483,104,379
S01012405,235,36,199
S01012406,267,52,215
S01012407,368,81,287
S01012408,315,71,244
S01012409,430,103,327
S01012410,505,71,434
S01012411,527,85,442
S01012412,281,71,210
S01012413,459,132,327
S01012414,363,97,266
S01012415,276,52,224
S01012416,204,42,162
S01012417,283,96,187
S01012418,362,79,283
S01012419,447,107,340
S01012420,460,113,347
S01012421,424,119,305
S01012422,545,126,419
S01012423,456,111,345
S01012424,371,96,275
S01012425,313,96,217
S01012426,302,74,228
S01012427,346,69,277
S01012428,367,89,278
S01012429,239,84,155
S01012430,477,143,334
S01012431,478,152,326
S01012432,399,157,242
S01012433,415,138,277
S01012434,367,106,261
S01012435,443,131,312
S01012436,416,81,335
S01012437,339,93,246
S01012438,265,45,220
S01012439,402,101,301
S01012440,218,47,171
S01012441,395,90,305
S01012442,293,75,218
S01012443,270,55,215
S01012444,399,103,296
S01012445,38,11,27
S01012446,333,79,254
S01012447,384,75,309
S01012448,178,27,151
S01012449,245,64,181
S01012450,320,47,273
S01012451,400,182,218
S01012452,317,109,208
S01012453,361,130,231
S01012454,467,136,331
S01012455,253,81,172
S01012456,399,94,305
S01012457,437,123,314
S01012458,356,108,248
S01012459,339,67,272
S01012460,365,89,276
S01012461,325,99,226
S01012462,452,159,293
S01012463,348,47,301
S01012464,255,20,235
S01012465,318,30,288
S01012466,446,142,304
S01012467,575,196,379
S01012468,362,103,259
S01012469,462,167,295
S01012470,490,187,303
S01012471,311,103,208
S01012472,361,139,222
S01012473,263,58,205
S01012474,411,149,262
S01012475,324,117,207
S01012476,499,164,335
S01012477,334,67,267
S01012478,373,121,252
S01012479,402,59,343
S01012480,95,17,78
S01012481,418,83,335
S01012482,416,159,257
S01012483,458,172,286
S01012484,523,162,361
S01012485,567,238,329
S01012486,353,170,183
S01012487,302,71,231
S01012488,490,156,334
S01012489,604,142,462
S01012490,635,167,468
S01012491,375,74,301
S01012492,613,203,410
S01012493,454,241,213
S01012494,630,189,441
S01012495,503,153,350
S01012496,309,71,238
S01012497,315,99,216
S01012498,365,58,307
S01012499,439,63,376
S01012500,278,54,224
S01012501,411,70,341
S01012502,435,59,376
S01012503,334,83,251
S01012504,279,67,212
S01012505,492,130,362
S01012506,220,79,141
S01012507,466,148,318
S01012508,409,153,256
S01012509,248,71,177
S01012510,436,71,365
S01012511,362,88,274
S01012512,404,108,296
S01012513,232,24,208
S01012514,327,19,308
S01012515,402,164,238
S01012516,290,70,220
S01012517,432,111,321
S01012518,397,145,252
S01012519,438,146,292
S01012520,337,94,243
S01012521,401,132,269
S01012522,379,112,267
S01012523,483,182,301
S01012524,530,215,315
S01012525,476,151,325
S01012526,434,166,268
S01012527,291,104,187
S01012528,340,83,257
S01012529,409,121,288
S01012530,505,195,310
S01012531,366,99,267
S01012532,413,86,327
S01012533,412,129,283
S01012534,444,148,296
S01012535,411,107,304
S01012536,355,71,284
S01012537,489,120,369
S01012538,464,123,341
S01012539,360,100,260
S01012540,447,97,350
S01012541,396,66,330
S01012542,450,102,348
S01012543,271,45,226
S01012544,231,52,179
S01012545,247,72,175
S01012546,372,69,303
S01012547,315,85,230
S01012548,389,105,284
S01012549,382,106,276
S01012550,419,90,329
S01012551,437,63,374
S01012552,369,81,288
S01012553,343,40,303
S01012554,275,42,233
S01012555,211,27,184
S01012556,220,39,181
S01012557,326,87,239
S01012558,342,73,269
S01012559,476,199,277
S01012560,531,190,341
S01012561,571,194,377
S01012562,551,170,381
S01012563,341,107,234
S01012564,366,108,258
S01012565,438,177,261
S01012566,526,178,348
S01012567,552,157,395
S01012568,449,153,296
S01012569,314,108,206
S01012570,337,64,273
S01012571,330,63,267
S01012572,247,45,202
S01012573,311,53,258
S01012574,496,117,379
S01012575,347,82,265
S01012576,428,134,294
S01012577,424,112,312
S01012578,655,252,403
S01012579,293,51,242
S01012580,294,39,255
S01012581,466,114,352
S01012582,279,69,210
S01012583,326,90,236
S01012584,274,64,210
S01012585,604,135,469
S01012586,265,35,230
S01012587,289,51,238
S01012588,271,41,230
S01012589,332,56,276
S01012590,454,130,324
S01012591,527,151,376
S01012592,154,19,135
S01012593,349,35,314
S01012594,305,65,240
S01012595,386,82,304
S01012596,290,71,219
S01012597,149,39,110
S01012598,292,70,222
S01012599,330,91,239
S01012600,263,27,236
S01012601,310,37,273
S01012602,384,152,232
S01012603,336,106,230
S01012604,357,76,281
S01012605,286,66,220
S01012606,99,1,98
S01012607,297,42,255
S01012608,463,119,344
S01012609,427,107,320
S01012610,506,92,414
S01012611,367,61,306
S01012612,449,95,354
S01012613,512,100,412
S01012614,423,97,326
S01012615,413,106,307
S01012616,321,95,226
S01012617,132,21,111
S01012618,256,35,221
S01012619,366,131,235
S01012620,415,124,291
S01012621,418,143,275
S01012622,390,100,290
S01012623,394,112,282
S01012624,363,115,248
S01012625,329,86,243
S01012626,286,54,232
S01012627,269,52,217
S01012628,204,43,161
S01012629,135,43,92
S01012630,448,182,266
S01012631,454,82,372
S01012632,209,29,180
S01012633,399,87,312
S01012634,523,119,404
S01012635,528,88,440
S01012636,283,59,224
S01012637,462,103,359
S01012638,469,135,334
S01012639,575,139,436
S01012640,591,134,457
S01012641,322,89,233
S01012642,648,162,486
S01012643,211,46,165
S01012644,241,96,145
S01012645,429,110,319
S01012646,393,73,320
S01012647,120,9,111
S01012648,290,43,247
S01012649,351,86,265
S01012650,310,58,252
S01012651,367,95,272
S01012652,390,61,329
S01012653,370,62,308
S01012654,367,76,291
S01012655,498,108,390
S01012656,440,137,303
S01012657,382,110,272
S01012658,408,89,319
S01012659,205,23,182
S01012660,322,95,227
S01012661,392,83,309
S01012662,444,109,335
S01012663,388,103,285
S01012664,451,118,333
S01012665,405,101,304
S01012666,382,97,285
S01012667,314,66,248
S01012668,480,106,374
S01012669,408,72,336
S01012670,274,59,215
S01012671,486,117,369
S01012672,328,80,248
S01012673,423,62,361
S01012674,330,67,263
S01012675,489,109,380
S01012676,349,65,284
S01012677,265,64,201
S01012678,261,14,247
S01012679,287,96,191
S01012680,97,25,72
S01012681,299,55,244
S01012682,364,111,253
S01012683,381,60,321
S01012684,166,24,142
S01012685,472,84,388
S01012686,539,129,410
S01012687,549,143,406
S01012688,470,137,333
S01012689,240,57,183
S01012690,201,33,168
S01012691,379,73,306
S01012692,402,106,296
S01012693,315,32,283
S01012694,244,46,198
S01012695,232,35,197
S01012696,234,28,206
S01012697,191,27,164
S01012698,395,71,324
S01012699,381,79,302
S01012700,327,53,274
S01012701,437,71,366
S01012702,180,41,139
S01012703,264,29,235
S01012704,291,57,234
S01012705,238,11,227
S01012706,421,82,339
S01012707,319,14,305
S01012708,433,93,340
S01012709,331,80,251
S01012710,450,131,319
S01012711,594,141,453
S01012712,361,90,271
S01012713,534,168,366
S01012714,286,74,212
S01012715,532,149,383
S01012716,464,122,342
S01012717,548,172,376
S01012718,366,132,234
S01012719,472,121,351
S01012720,382,73,309
S01012721,314,92,222
S01012722,627,164,463
S01012723,440,120,320
S01012724,397,119,278
S01012725,470,112,358
S01012726,415,134,281
S01012727,380,72,308
S01012728,441,66,375
S01012729,417,81,336
S01012730,268,36,232
S01012731,342,76,266
S01012732,333,31,302
S01012733,77,7,70
S01012734,44,6,38
S01012735,253,41,212
S01012736,505,60,445
S01012737,473,53,420
S01012738,231,36,195
S01012739,51,6,45
S01012740,39,2,37
S01012741,275,16,259
S01012742,355,45,310
S01012743,375,73,302
S01012744,278,13,265
S01012745,357,81,276
S01012746,426,60,366
S01012747,483,92,391
S01012748,367,78,289
S01012749,379,63,316
S01012750,326,42,284
S01012751,629,159,470
S01012752,287,31,256
S01012753,237,46,191
S01012754,397,75,322
S01012755,297,74,223
S01012756,462,148,314
S01012757,239,62,177
S01012758,299,71,228
S01012759,365,73,292
S01012760,374,80,294
S01012761,473,98,375
S01012762,345,60,285
S01012763,282,54,228
S01012764,419,89,330
S01012765,268,44,224
S01012766,320,67,253
S01012767,310,37,273
S01012768,347,20,327
S01012769,180,7,173
S01012770,372,99,273
S01012771,442,118,324
S01012772,462,87,375
S01012773,559,113,446
S01012774,377,78,299
S01012775,336,98,238
S01012776,393,51,342
S01012777,240,34,206
S01012778,291,43,248
S01012779,273,19,254
S01012780,369,74,295
S01012781,264,42,222
S01012782,410,85,325
S01012783,447,81,366
S01012784,442,103,339
S01012785,395,119,276
S01012786,526,192,334
S01012787,189,41,148
S01012788,428,61,367
S01012789,479,64,415
S01012790,219,76,143
S01012791,389,126,263
S01012792,549,190,359
S01012793,475,171,304
S01012794,156,55,101
S01012795,503,115,388
S01012796,243,54,189
S01012797,243,25,218
S01012798,383,112,271
S01012799,539,165,374
S01012800,369,98,271
S01012801,140,58,82
S01012802,209,38,171
S01012803,323,29,294
S01012804,399,106,293
S01012805,421,122,299
S01012806,379,59,320
S01012807,256,42,214
S01012808,389,138,251
S01012809,446,134,312
S01012810,472,147,325
S01012811,370,87,283
S01012812,400,75,325
S01012813,414,101,313
S01012814,332,28,304
S01012815,236,20,216
S01012816,204,65,139
S01012817,116,6,110
S01012818,280,9,271
S01012819,513,109,404
S01012820,234,9,225
S01012821,173,20,153
S01012822,399,116,283
S01012823,123,2,121
S01012824,354,56,298
S01012825,325,87,238
S01012826,242,23,219
S01012827,187,30,157
S01012828,224,9,215
S01012829,339,62,277
S01012830,297,71,226
S01012831,381,154,227
S01012832,242,38,204
S01012833,489,96,393
S01012834,352,99,253
S01012835,424,128,296
S01012836,25,2,23
S01012837,519,47,472
S01012838,516,45,471
S01012839,302,21,281
S01012840,144,11,133
S01012841,306,45,261
S01012842,427,40,387
S01012843,398,71,327
S01012844,345,56,289
S01012845,407,109,298
S01012846,543,193,350
S01012847,346,76,270
S01012848,238,48,190
S01012849,439,136,303
S01012850,442,141,301
S01012851,476,177,299
S01012852,436,103,333
S01012853,458,165,293
S01012854,435,79,356
S01012855,508,115,393
S01012856,484,189,295
S01012857,740,331,409
S01012858,465,134,331
S01012859,491,91,400
S01012860,278,63,215
S01012861,305,85,220
S01012862,436,146,290
S01012863,482,106,376
S01012864,459,85,374
S01012865,567,205,362
S01012866,479,142,337
S01012867,454,157,297
S01012868,445,140,305
S01012869,246,37,209
S01012870,451,131,320
S01012871,445,88,357
S01012872,409,60,349
S01012873,462,46,416
S01012874,417,119,298
S01012875,275,62,213
S01012876,440,127,313
S01012877,332,97,235
S01012878,369,60,309
S01012879,458,173,285
S01012880,431,136,295
S01012881,607,249,358
S01012882,294,49,245
S01012883,588,170,418
S01012884,339,152,187
S01012885,441,96,345
S01012886,380,105,275
S01012887,357,122,235
S01012888,390,125,265
S01012889,306,26,280
S01012890,304,49,255
S01012891,380,104,276
S01012892,612,172,440
S01012893,508,152,356
S01012894,94,14,80
S01012895,170,29,141
S01012896,569,164,405
S01012897,257,53,204
S01012898,99,29,70
S01012899,375,83,292
S01012900,272,45,227
S01012901,580,100,480
S01012902,483,77,406
S01012903,502,96,406
S01012904,487,96,391
S01012905,424,79,345
S01012906,583,156,427
S01012907,553,197,356
S01012908,556,219,337
S01012909,475,157,318
S01012910,625,195,430
S01012911,386,141,245
S01012912,565,222,343
S01012913,475,165,310
S01012914,409,121,288
S01012915,290,89,201
S01012916,442,114,328
S01012917,269,52,217
S01012918,423,139,284
S01012919,229,80,149
S01012920,260,48,212
S01012921,341,93,248
S01012922,342,76,266
S01012923,360,65,295
S01012924,273,36,237
S01012925,245,54,191
S01012926,335,53,282
S01012927,342,61,281
S01012928,410,104,306
S01012929,405,119,286
S01012930,508,226,282
S01012931,565,199,366
S01012932,255,70,185
S01012933,381,122,259
S01012934,406,162,244
S01012935,649,212,437
S01012936,401,134,267
S01012937,395,95,300
S01012938,360,85,275
S01012939,270,21,249
S01012940,332,44,288
S01012941,269,10,259
S01012942,400,107,293
S01012943,342,62,280
S01012944,298,47,251
S01012945,242,12,230
S01012946,264,21,243
S01012947,200,10,190
S01012948,398,27,371
S01012949,311,36,275
S01012950,272,26,246
S01012951,178,21,157
S01012952,240,66,174
S01012953,291,21,270
S01012954,177,19,158
S01012955,201,58,143
S01012956,428,141,287
S01012957,369,94,275
S01012958,185,22,163
S01012959,226,7,219
S01012960,275,26,249
S01012961,384,24,360
S01012962,346,43,303
S01012963,139,22,117
S01012964,107,14,93
S01012965,220,5,215
S01012966,343,17,326
S01012967,376,60,316
S01012968,328,18,310
S01012969,439,63,376
S01012970,345,76,269
S01012971,369,24,345
S01012972,338,88,250
S01012973,364,81,283
S01012974,475,149,326
S01012975,326,72,254
S01012976,293,45,248
S01012977,356,24,332
S01012978,401,46,355
S01012979,270,16,254
S01012980,383,54,329
S01012981,405,75,330
S01012982,378,52,326
S01012983,320,71,249
S01012984,360,94,266
S01012985,398,130,268
S01012986,492,133,359
S01012987,529,161,368
S01012988,573,229,344
S01012989,491,132,359
S01012990,526,198,328
S01012991,536,195,341
S01012992,513,201,312
S01012993,564,219,345
S01012994,486,148,338
S01012995,329,31,298
S01012996,342,37,305
S01012997,269,73,196
S01012998,410,108,302
S01012999,253,66,187
S01013000,574,186,388
S01013001,184,57,127
S01013002,278,68,210
S01013003,288,73,215
S01013004,383,77,306
S01013005,316,78,238
S01013006,272,49,223
S01013007,549,127,422
S01013008,427,96,331
S01013009,329,128,201
S01013010,233,57,176
S01013011,266,57,209
S01013012,395,115,280
S01013013,356,83,273
S01013014,338,92,246
S01013015,295,87,208
S01013016,346,73,273
S01013017,413,107,306
S01013018,439,99,340
S01013019,358,65,293
S01013020,441,144,297
S01013021,313,83,230
S01013022,157,31,126
S01013023,389,77,312
S01013024,272,61,211
S01013025,332,59,273
S01013026,321,60,261
S01013027,595,118,477
S01013028,198,25,173
S01013029,302,79,223
S01013030,340,59,281
S01013031,297,43,254
S01013032,205,13,192
S01013033,223,21,202
S01013034,337,50,287
S01013035,367,74,293
S01013036,335,49,286
S01013037,470,119,351
S01013038,537,137,400
S01013039,180,9,171
S01013040,322,86,236
S01013041,267,61,206
S01013042,280,49,231
S01013043,335,89,246
S01013044,456,101,355
S01013045,211,47,164
S01013046,302,65,237
S01013047,363,17,346
S01013048,605,49,556
S01013049,464,93,371
S01013050,410,78,332
S01013051,435,146,289
S01013052,361,126,235
S01013053,532,177,355
S01013054,461,131,330
S01013055,353,142,211
S01013056,590,185,405
S01013057,515,67,448
S01013058,148,29,119
S01013059,507,208,299
S01013060,252,85,167
S01013061,456,144,312
S01013062,431,175,256
S01013063,383,111,272
S01013064,460,132,328
S01013065,530,141,389
S01013066,325,49,276
S01013067,524,65,459
S01013068,593,96,497
S01013069,401,31,370
S01013070,473,45,428
S01013071,420,26,394
S01013072,331,53,278
S01013073,378,63,315
S01013074,618,115,503
S01013075,491,184,307
S01013076,207,45,162
S01013077,334,53,281
S01013078,286,39,247
S01013079,126,13,113
S01013080,452,148,304
S01013081,322,74,248
S01013082,537,126,411
S01013083,346,77,269
S01013084,416,136,280
S01013085,454,176,278
S01013086,523,132,391
S01013087,448,86,362
S01013088,374,99,275
S01013089,377,95,282
S01013090,431,71,360
S01013091,206,42,164
S01013092,452,122,330
S01013093,210,58,152
S01013094,291,40,251
S01013095,348,30,318
S01013096,229,46,183
S01013097,341,33,308
S01013098,51,7,44
S01013099,433,113,320
S01013100,419,124,295
S01013101,813,254,559
S01013102,340,100,240
S01013103,266,23,243
S01013104,448,111,337
S01013105,367,90,277
S01013106,421,109,312
S01013107,351,61,290
S01013108,290,62,228
S01013109,502,96,406
S01013110,246,46,200
S01013111,278,71,207
S01013112,241,39,202
S01013113,472,142,330
S01013114,553,147,406
S01013115,441,144,297
S01013116,421,122,299
S01013117,401,93,308
S01013118,487,89,398
S01013119,326,82,244
S01013120,499,164,335
S01013121,193,34,159
S01013122,487,107,380
S01013123,520,109,411
S01013124,578,153,425
S01013125,423,117,306
S01013126,392,67,325
S01013127,408,81,327
S01013128,520,78,442
S01013129,505,135,370
S01013130,493,119,374
S01013131,490,96,394
S01013132,354,105,249
S01013133,384,97,287
S01013134,357,96,261
S01013135,549,115,434
S01013136,531,110,421
S01013137,418,112,306
S01013138,470,85,385
S01013139,531,147,384
S01013140,496,144,352
S01013141,369,137,232
S01013142,597,268,329
S01013143,478,120,358
S01013144,425,150,275
S01013145,458,182,276
S01013146,251,66,185
S01013147,362,126,236
S01013148,480,134,346
S01013149,367,99,268
S01013150,403,122,281
S01013151,257,57,200
S01013152,516,174,342
S01013153,399,111,288
S01013154,626,168,458
S01013155,396,28,368
S01013156,474,97,377
S01013157,457,86,371
S01013158,256,55,201
S01013159,349,67,282
S01013160,354,27,327
S01013161,417,83,334
S01013162,515,147,368
S01013163,308,34,274
S01013164,499,194,305
S01013165,537,177,360
S01013166,430,95,335
S01013167,612,132,480
S01013168,504,158,346
S01013169,425,182,243
S01013170,547,145,402
S01013171,314,19,295
S01013172,366,69,297
S01013173,361,41,320
S01013174,427,54,373
S01013175,331,59,272
S01013176,514,160,354
S01013177,490,119,371
S01013178,285,69,216
S01013179,472,100,372
S01013180,177,15,162
S01013181,412,122,290
S01013182,394,147,247
S01013183,388,59,329
S01013184,297,41,256
S01013185,480,116,364
S01013186,318,70,248
S01013187,413,82,331
S01013188,382,76,306
S01013189,321,81,240
S01013190,321,96,225
S01013191,288,53,235
S01013192,465,154,311
S01013193,282,67,215
S01013194,527,107,420
S01013195,474,130,344
S01013196,411,86,325
S01013197,263,85,178
S01013198,415,147,268
S01013199,454,197,257
S01013200,447,134,313
S01013201,378,85,293
S01013202,241,26,215
S01013203,454,80,374
S01013204,390,34,356
S01013205,326,35,291
S01013206,418,79,339
S01013207,408,100,308
S01013208,245,38,207
S01013209,474,167,307
S01013210,330,56,274
S01013211,473,122,351
S01013212,282,3,279
S01013213,327,9,318
S01013214,157,13,144
S01013215,372,24,348
S01013216,330,27,303
S01013217,318,35,283
S01013218,328,27,301
S01013219,330,21,309
S01013220,378,67,311
S01013221,454,84,370
S01013222,277,68,209
S01013223,612,244,368
S01013224,515,108,407
S01013225,319,44,275
S01013226,138,19,119
S01013227,265,72,193
S01013228,434,66,368
S01013229,471,105,366
S01013230,462,137,325
S01013231,485,111,374
S01013232,370,117,253
S01013233,263,66,197
S01013234,153,18,135
S01013235,556,164,392
S01013236,437,104,333
S01013237,417,63,354
S01013238,553,170,383
S01013239,500,106,394
S01013240,325,56,269
S01013241,342,54,288
S01013242,280,66,214
S01013243,332,49,283
S01013244,520,115,405
S01013245,352,58,294
S01013246,162,28,134
S01013247,399,71,328
S01013248,337,79,258
S01013249,359,81,278
S01013250,424,59,365
S01013251,341,55,286
S01013252,386,63,323
S01013253,330,68,262
S01013254,374,83,291
S01013255,359,66,293
S01013256,331,81,250
S01013257,466,144,322
S01013258,408,85,323
S01013259,585,111,474
S01013260,389,70,319
S01013261,494,97,397
S01013262,336,68,268
S01013263,210,23,187
S01013264,95,5,90
S01013265,151,12,139
S01013266,106,3,103
S01013267,231,33,198
S01013268,497,89,408
S01013269,379,31,348
S01013270,232,10,222
S01013271,354,44,310
S01013272,337,38,299
S01013273,172,8,164
S01013274,402,39,363
S01013275,413,38,375
S01013276,357,26,331
S01013277,370,60,310
S01013278,360,55,305
S01013279,355,48,307
S01013280,336,56,280
S01013281,389,90,299
S01013282,345,29,316
S01013283,341,34,307
S01013284,304,21,283
S01013285,304,25,279
S01013286,335,28,307
S01013287,289,16,273
S01013288,342,86,256
S01013289,363,48,315
S01013290,453,48,405
S01013291,406,38,368
S01013292,324,34,290
S01013293,321,24,297
S01013294,348,43,305
S01013295,371,30,341
S01013296,382,92,290
S01013297,463,126,337
S01013298,349,100,249
S01013299,385,88,297
S01013300,350,94,256
S01013301,307,75,232
S01013302,281,56,225
S01013303,523,122,401
S01013304,473,62,411
S01013305,409,71,338
S01013306,521,61,460
S01013307,525,45,480
S01013308,252,18,234
S01013309,344,40,304
S01013310,274,44,230
S01013311,356,29,327
S01013312,760,140,620
S01013313,275,41,234
S01013314,404,82,322
S01013315,114,10,104
S01013316,298,60,238
S01013317,285,31,254
S01013318,261,12,249
S01013319,270,7,263
S01013320,204,3,201
S01013321,226,51,175
S01013322,268,37,231
S01013323,350,50,300
S01013324,408,47,361
S01013325,320,29,291
S01013326,420,64,356
S01013327,347,37,310
S01013328,277,23,254
S01013329,233,42,191
S01013330,255,11,244
S01013331,236,8,228
S01013332,354,65,289
S01013333,415,41,374
S01013334,293,28,265
S01013335,375,30,345
S01013336,429,22,407
S01013337,447,79,368
S01013338,132,17,115
S01013339,346,33,313
S01013340,515,46,469
S01013341,301,19,282
S01013342,376,79,297
S01013343,285,36,249
S01013344,310,91,219
S01013345,341,42,299
S01013346,242,3,239
S01013347,334,19,315
S01013348,181,5,176
S01013349,99,37,62
S01013350,250,57,193
S01013351,318,48,270
S01013352,405,65,340
S01013353,487,78,409
S01013354,338,68,270
S01013355,404,79,325
S01013356,354,47,307
S01013357,220,37,183
S01013358,367,100,267
S01013359,305,79,226
S01013360,305,67,238
S01013361,417,81,336
S01013362,263,70,193
S01013363,489,100,389
S01013364,292,35,257
S01013365,447,35,412
S01013366,219,5,214
S01013367,220,28,192
S01013368,368,110,258
S01013369,403,114,289
S01013370,416,69,347
S01013371,420,145,275
S01013372,486,106,380
S01013373,529,130,399
S01013374,514,193,321
S01013375,307,60,247
S01013376,304,77,227
S01013377,385,122,263
S01013378,382,38,344
S01013379,396,34,362
S01013380,183,25,158
S01013381,309,71,238
S01013382,294,56,238
S01013383,425,169,256
S01013384,512,142,370
S01013385,287,60,227
S01013386,289,24,265
S01013387,328,104,224
S01013388,379,134,245
S01013389,455,71,384
S01013390,252,57,195
S01013391,417,100,317
S01013392,141,20,121
S01013393,429,85,344
S01013394,319,62,257
S01013395,420,70,350
S01013396,168,20,148
S01013397,383,85,298
S01013398,121,17,104
S01013399,197,40,157
S01013400,258,66,192
S01013401,56,6,50
S01013402,48,3,45
S01013403,42,10,32
S01013404,190,27,163
S01013405,315,101,214
S01013406,324,68,256
S01013407,363,91,272
S01013408,347,103,244
S01013409,396,48,348
S01013410,221,33,188
S01013411,323,82,241
S01013412,375,81,294
S01013413,405,158,247
S01013414,391,157,234
S01013415,473,172,301
S01013416,274,65,209
S01013417,390,119,271
S01013418,223,36,187
S01013419,232,35,197
S01013420,387,66,321
S01013421,181,4,177
S01013422,421,109,312
S01013423,362,74,288
S01013424,330,55,275
S01013425,188,31,157
S01013426,365,102,263
S01013427,86,13,73
S01013428,349,39,310
S01013429,501,87,414
S01013430,311,49,262
S01013431,396,79,317
S01013432,336,43,293
S01013433,300,67,233
S01013434,193,32,161
S01013435,269,12,257
S01013436,371,93,278
S01013437,295,58,237
S01013438,360,97,263
S01013439,352,59,293
S01013440,466,64,402
S01013441,331,75,256
S01013442,385,54,331
S01013443,219,42,177
S01013444,626,223,403
S01013445,248,86,162
S01013446,304,80,224
S01013447,167,4,163
S01013448,427,91,336
S01013449,329,40,289
S01013450,328,24,304
S01013451,301,15,286
S01013452,258,23,235
S01013453,413,92,321
S01013454,287,58,229
S01013455,231,50,181
S01013456,519,125,394
S01013457,410,121,289
S01013458,386,51,335
S01013459,444,108,336
S01013460,445,89,356
S01013461,399,59,340
S01013462,402,20,382
S01013463,268,51,217
S01013464,366,93,273
S01013465,389,86,303
S01013466,126,23,103
S01013467,181,46,135
S01013468,291,67,224
S01013469,444,90,354
S01013470,395,89,306
S01013471,392,64,328
S01013472,195,34,161
S01013473,121,15,106
S01013474,203,15,188
S01013475,339,48,291
S01013476,274,53,221
S01013477,466,147,319
S01013478,332,32,300
S01013479,498,121,377
S01013480,302,105,197
S01013481,173,39,134
