dz_2011,total,pensioner,nonpensioner
S01006506,424,75,349
S01006507,447,97,350
S01006508,451,48,403
S01006509,325,77,248
S01006510,301,83,218
S01006511,409,123,286
S01006512,129,18,111
S01006513,425,112,313
S01006514,414,86,328
S01006515,414,86,328
S01006516,325,63,262
S01006517,403,92,311
S01006518,331,80,251
S01006519,281,44,237
S01006520,271,22,249
S01006521,273,34,239
S01006522,218,50,168
S01006523,622,174,448
S01006524,459,153,306
S01006525,463,132,331
S01006526,650,165,485
S01006527,547,121,426
S01006528,467,108,359
S01006529,592,122,470
S01006530,556,154,402
S01006531,579,129,450
S01006532,496,136,360
S01006533,378,72,306
S01006534,398,69,329
S01006535,605,62,543
S01006536,808,73,735
S01006537,385,133,252
S01006538,288,92,196
S01006539,463,156,307
S01006540,602,137,465
S01006541,467,209,258
S01006542,496,164,332
S01006543,482,177,305
S01006544,676,112,564
S01006545,714,257,457
S01006546,514,156,358
S01006547,726,257,469
S01006548,312,122,190
S01006549,409,125,284
S01006550,496,163,333
S01006551,513,160,353
S01006552,579,102,477
S01006553,494,228,266
S01006554,447,115,332
S01006555,471,58,413
S01006556,459,140,319
S01006557,385,84,301
S01006558,457,80,377
S01006559,313,55,258
S01006560,432,115,317
S01006561,365,77,288
S01006562,439,116,323
S01006563,453,102,351
S01006564,715,85,630
S01006565,698,64,634
S01006566,478,33,445
S01006567,726,76,650
S01006568,709,23,686
S01006569,423,53,370
S01006570,430,64,366
S01006571,615,72,543
S01006572,560,121,439
S01006573,290,44,246
S01006574,427,61,366
S01006575,488,70,418
S01006576,450,50,400
S01006577,481,55,426
S01006578,1068,68,1000
S01006579,897,42,855
S01006580,504,56,448
S01006581,606,126,480
S01006582,356,25,331
S01006583,644,18,626
S01006584,523,30,493
S01006585,504,68,436
S01006586,594,60,534
S01006587,387,11,376
S01006588,523,0,523
S01006589,735,21,714
S01006590,349,12,337
S01006591,463,10,453
S01006592,362,20,342
S01006593,497,27,470
S01006594,487,98,389
S01006595,606,36,570
S01006596,443,40,403
S01006597,536,42,494
S01006598,611,66,545
S01006599,683,136,547
S01006600,754,177,577
S01006601,572,73,499
S01006602,508,134,374
S01006603,612,162,450
S01006604,409,89,320
S01006605,461,131,330
S01006606,569,173,396
S01006607,544,111,433
S01006608,602,90,512
S01006609,615,164,451
S01006610,351,112,239
S01006611,514,128,386
S01006612,428,92,336
S01006613,175,23,152
S01006614,355,11,344
S01006615,150,15,135
S01006616,337,21,316
S01006617,424,76,348
S01006618,246,49,197
S01006619,404,48,356
S01006620,483,78,405
S01006621,343,69,274
S01006622,292,18,274
S01006623,641,107,534
S01006624,481,53,428
S01006625,380,72,308
S01006626,447,98,349
S01006627,511,39,472
S01006628,811,36,775
S01006629,399,50,349
S01006630,326,45,281
S01006631,590,133,457
S01006632,529,83,446
S01006633,391,58,333
S01006634,392,39,353
S01006635,492,110,382
S01006636,504,69,435
S01006637,413,57,356
S01006638,712,114,598
S01006639,631,121,510
S01006640,419,6,413
S01006641,777,24,753
S01006642,492,26,466
S01006643,720,30,690
S01006644,595,29,566
S01006645,651,95,556
S01006646,535,46,489
S01006647,345,49,296
S01006648,770,20,750
S01006649,737,34,703
S01006650,798,48,750
S01006651,467,62,405
S01006652,465,30,435
S01006653,425,31,394
S01006654,504,87,417
S01006655,334,35,299
S01006656,595,45,550
S01006657,311,14,297
S01006658,641,31,610
S01006659,439,42,397
S01006660,393,9,384
S01006661,371,35,336
S01006662,315,11,304
S01006663,456,33,423
S01006664,237,14,223
S01006665,421,43,378
S01006666,981,155,826
S01006667,732,106,626
S01006668,413,31,382
S01006669,514,107,407
S01006670,347,70,277
S01006671,366,128,238
S01006672,366,62,304
S01006673,414,29,385
S01006674,589,150,439
S01006675,345,17,328
S01006676,427,72,355
S01006677,398,46,352
S01006678,594,59,535
S01006679,500,82,418
S01006680,461,61,400
S01006681,594,137,457
S01006682,432,70,362
S01006683,553,54,499
S01006684,481,33,448
S01006685,511,69,442
S01006686,445,86,359
S01006687,496,83,413
S01006688,574,233,341
S01006689,288,26,262
S01006690,400,75,325
S01006691,444,73,371
S01006692,412,92,320
S01006693,635,90,545
S01006694,622,245,377
S01006695,346,99,247
S01006696,532,130,402
S01006697,548,115,433
S01006698,510,153,357
S01006699,344,89,255
S01006700,641,188,453
S01006701,463,99,364
S01006702,437,129,308
S01006703,344,75,269
S01006704,390,63,327
S01006705,456,122,334
S01006706,372,70,302
S01006707,311,42,269
S01006708,426,133,293
S01006709,568,128,440
S01006710,502,157,345
S01006711,593,148,445
S01006712,296,98,198
S01006713,424,110,314
S01006714,388,116,272
S01006715,376,31,345
S01006716,242,35,207
S01006717,487,146,341
S01006718,248,53,195
S01006719,399,54,345
S01006720,303,42,261
S01006721,407,72,335
S01006722,352,64,288
S01006723,425,93,332
S01006724,495,62,433
S01006725,396,55,341
S01006726,505,25,480
S01006727,534,72,462
S01006728,391,71,320
S01006729,402,62,340
S01006730,319,45,274
S01006731,214,24,190
S01006732,524,61,463
S01006733,313,27,286
S01006734,414,51,363
S01006735,367,114,253
S01006736,470,23,447
S01006737,392,76,316
S01006738,453,39,414
S01006739,309,43,266
S01006740,503,156,347
S01006741,389,147,242
S01006742,233,83,150
S01006743,520,127,393
S01006744,329,45,284
S01006745,508,149,359
S01006746,350,86,264
S01006747,461,146,315
S01006748,503,126,377
S01006749,578,145,433
S01006750,347,106,241
S01006751,241,86,155
S01006752,386,118,268
S01006753,410,120,290
S01006754,487,123,364
S01006755,460,102,358
S01006756,386,21,365
S01006757,541,87,454
S01006758,318,36,282
S01006759,537,44,493
S01006760,288,34,254
S01006761,441,90,351
S01006762,477,163,314
S01006763,433,20,413
S01006764,345,18,327
S01006765,335,20,315
S01006766,240,22,218
S01006767,407,148,259
S01006768,212,20,192
S01006769,511,84,427
S01006770,273,43,230
S01006771,183,12,171
S01006772,555,79,476
S01006773,255,33,222
S01006774,269,16,253
S01006775,374,69,305
S01006776,347,127,220
S01006777,374,63,311
S01006778,381,81,300
S01006779,493,142,351
S01006780,403,117,286
S01006781,423,149,274
S01006782,455,65,390
S01006783,299,107,192
S01006784,344,75,269
S01006785,267,28,239
S01006786,450,77,373
S01006787,413,87,326
S01006788,258,18,240
S01006789,430,138,292
S01006790,483,187,296
S01006791,253,63,190
S01006792,300,92,208
S01006793,275,88,187
S01006794,374,120,254
S01006795,342,97,245
S01006796,309,67,242
S01006797,305,57,248
S01006798,271,50,221
S01006799,464,128,336
S01006800,360,75,285
S01006801,530,93,437
S01006802,298,80,218
S01006803,349,117,232
S01006804,510,88,422
S01006805,537,115,422
S01006806,456,92,364
S01006807,243,28,215
S01006808,394,80,314
S01006809,416,97,319
S01006810,423,85,338
S01006811,430,69,361
S01006812,338,43,295
S01006813,405,72,333
S01006814,405,62,343
S01006815,346,83,263
S01006816,391,83,308
S01006817,325,40,285
S01006818,278,46,232
S01006819,452,40,412
S01006820,253,54,199
S01006821,446,74,372
S01006822,279,35,244
S01006823,357,66,291
S01006824,320,51,269
S01006825,434,94,340
S01006826,464,79,385
S01006827,479,128,351
S01006828,540,140,400
S01006829,268,33,235
S01006830,269,66,203
S01006831,519,162,357
S01006832,424,101,323
S01006833,303,92,211
S01006834,120,23,97
S01006835,681,230,451
S01006836,210,14,196
S01006837,362,53,309
S01006838,371,49,322
S01006839,398,81,317
S01006840,445,80,365
S01006841,532,91,441
S01006842,385,77,308
S01006843,378,56,322
S01006844,332,53,279
S01006845,404,41,363
S01006846,357,61,296
S01006847,284,41,243
S01006848,483,43,440
S01006849,506,48,458
S01006850,421,37,384
S01006851,337,80,257
S01006852,229,41,188
S01006853,355,51,304
S01006854,645,140,505
S01006855,294,56,238
S01006856,368,75,293
S01006857,421,81,340
S01006858,240,42,198
S01006859,541,89,452
S01006860,330,98,232
S01006861,315,47,268
S01006862,416,115,301
S01006863,490,80,410
S01006864,72,19,53
S01006865,424,93,331
S01006866,258,79,179
S01006867,473,125,348
S01006868,364,104,260
S01006869,226,40,186
S01006870,251,62,189
S01006871,355,80,275
S01006872,585,79,506
S01006873,518,188,330
S01006874,216,27,189
S01006875,431,129,302
S01006876,446,86,360
S01006877,429,65,364
S01006878,422,102,320
S01006879,486,134,352
S01006880,296,40,256
S01006881,227,36,191
S01006882,412,170,242
S01006883,302,77,225
S01006884,458,135,323
S01006885,310,82,228
S01006886,321,60,261
S01006887,341,55,286
S01006888,362,56,306
S01006889,263,42,221
S01006890,432,86,346
S01006891,271,45,226
S01006892,266,56,210
S01006893,395,76,319
S01006894,288,102,186
S01006895,237,43,194
S01006896,337,94,243
S01006897,417,80,337
S01006898,268,63,205
S01006899,192,20,172
S01006900,185,29,156
S01006901,358,84,274
S01006902,296,51,245
S01006903,398,83,315
S01006904,262,80,182
S01006905,449,152,297
S01006906,486,172,314
S01006907,371,89,282
S01006908,477,115,362
S01006909,176,29,147
S01006910,211,31,180
S01006911,653,31,622
S01006912,97,14,83
S01006913,683,25,658
S01006914,317,46,271
S01006915,314,32,282
S01006916,153,32,121
S01006917,476,18,458
S01006918,623,58,565
S01006919,289,49,240
S01006920,387,121,266
S01006921,366,28,338
S01006922,696,63,633
S01006923,540,113,427
S01006924,292,18,274
S01006925,215,47,168
S01006926,621,26,595
S01006927,154,13,141
S01006928,1057,99,958
S01006929,610,47,563
S01006930,293,63,230
S01006931,694,43,651
S01006932,281,21,260
S01006933,326,21,305
S01006934,596,56,540
S01006935,366,81,285
S01006936,298,70,228
S01006937,343,71,272
S01006938,358,87,271
S01006939,234,44,190
S01006940,405,64,341
S01006941,535,75,460
S01006942,752,74,678
S01006943,633,32,601
S01006944,41,7,34
S01006945,370,67,303
S01006946,513,43,470
S01006947,538,43,495
S01006948,556,70,486
S01006949,291,32,259
S01006950,267,11,256
S01006951,548,97,451
S01006952,619,90,529
S01006953,568,66,502
S01006954,665,83,582
S01006955,267,50,217
S01006956,546,33,513
S01006957,608,54,554
S01006958,486,166,320
S01006959,417,146,271
S01006960,747,33,714
S01006961,784,47,737
S01006962,409,132,277
S01006963,385,65,320
S01006964,389,47,342
S01006965,216,46,170
S01006966,300,66,234
S01006967,282,45,237
S01006968,498,153,345
S01006969,439,113,326
S01006970,243,59,184
S01006971,449,122,327
S01006972,192,22,170
S01006973,257,53,204
S01006974,541,74,467
S01006975,462,49,413
S01006976,854,42,812
S01006977,998,61,937
S01006978,371,74,297
S01006979,602,136,466
S01006980,266,35,231
S01006981,321,40,281
S01006982,476,67,409
S01006983,402,64,338
S01006984,389,46,343
S01006985,576,140,436
S01006986,297,43,254
S01006987,445,104,341
S01006988,287,31,256
S01006989,311,33,278
S01006990,355,34,321
S01006991,289,80,209
S01006992,342,39,303
S01006993,280,33,247
S01006994,252,32,220
S01006995,441,67,374
S01006996,368,70,298
S01006997,292,33,259
S01006998,506,92,414
S01006999,334,49,285
S01007000,628,167,461
S01007001,554,119,435
S01007002,279,40,239
S01007003,242,48,194
S01007004,447,75,372
S01007005,401,63,338
S01007006,441,102,339
S01007007,338,65,273
S01007008,401,124,277
S01007009,617,173,444
S01007010,435,168,267
S01007011,599,208,391
S01007012,429,106,323
S01007013,511,112,399
S01007014,525,78,447
S01007015,291,46,245
S01007016,213,19,194
S01007017,498,144,354
S01007018,520,146,374
S01007019,488,148,340
S01007020,666,210,456
S01007021,616,200,416
S01007022,346,78,268
S01007023,289,82,207
S01007024,472,105,367
S01007025,517,174,343
S01007026,464,159,305
S01007027,587,164,423
S01007028,589,134,455
S01007029,261,71,190
S01007030,414,115,299
S01007031,285,70,215
S01007032,588,173,415
S01007033,493,132,361
S01007034,483,109,374
S01007035,429,114,315
S01007036,471,132,339
S01007037,512,146,366
S01007038,373,72,301
S01007039,412,84,328
S01007040,538,137,401
S01007041,410,117,293
S01007042,416,105,311
S01007043,430,66,364
S01007044,441,121,320
S01007045,375,71,304
S01007046,259,53,206
S01007047,428,92,336
S01007048,528,108,420
S01007049,450,100,350
S01007050,444,109,335
S01007051,431,92,339
S01007052,233,46,187
S01007053,316,54,262
S01007054,501,144,357
S01007055,196,27,169
S01007056,328,55,273
S01007057,382,112,270
S01007058,370,151,219
S01007059,564,126,438
S01007060,231,43,188
S01007061,442,53,389
S01007062,303,44,259
S01007063,603,108,495
S01007064,300,37,263
S01007065,398,54,344
S01007066,252,31,221
S01007067,559,118,441
S01007068,312,79,233
S01007069,410,73,337
S01007070,347,79,268
S01007071,517,74,443
S01007072,519,70,449
S01007073,543,88,455
S01007074,462,83,379
S01007075,373,75,298
S01007076,402,47,355
S01007077,352,100,252
S01007078,454,121,333
S01007079,636,205,431
S01007080,386,123,263
S01007081,419,65,354
S01007082,300,52,248
S01007083,451,111,340
S01007084,413,128,285
S01007085,539,72,467
S01007086,678,77,601
S01007087,482,86,396
S01007088,285,34,251
S01007089,217,47,170
S01007090,243,36,207
S01007091,466,34,432
S01007092,307,104,203
S01007093,417,117,300
S01007094,813,119,694
S01007095,281,45,236
S01007096,447,76,371
S01007097,776,82,694
S01007098,568,50,518
S01007099,338,68,270
S01007100,357,66,291
S01007101,529,103,426
S01007102,319,56,263
S01007103,330,74,256
S01007104,197,40,157
S01007105,284,85,199
S01007106,393,96,297
S01007107,283,45,238
S01007108,434,63,371
S01007109,599,116,483
S01007110,438,96,342
S01007111,229,58,171
S01007112,375,99,276
S01007113,338,132,206
S01007114,378,107,271
S01007115,261,62,199
S01007116,432,59,373
S01007117,210,52,158
S01007118,356,52,304
S01007119,395,52,343
S01007120,510,80,430
S01007121,404,149,255
S01007122,287,71,216
S01007123,470,146,324
S01007124,452,100,352
S01007125,351,80,271
S01007126,465,63,402
S01007127,446,61,385
S01007128,464,135,329
S01007129,374,64,310
S01007130,307,101,206
S01007131,459,132,327
S01007132,297,78,219
S01007133,262,50,212
S01007134,372,75,297
S01007135,322,59,263
S01007136,244,36,208
S01007137,294,26,268
S01007138,365,58,307
S01007139,324,75,249
S01007140,405,86,319
S01007141,402,48,354
S01007142,75,4,71
S01007143,400,52,348
S01007144,856,163,693
S01007145,408,156,252
S01007146,391,122,269
S01007147,363,115,248
S01007148,204,33,171
S01007149,357,96,261
S01007150,350,170,180
S01007151,450,91,359
S01007152,338,108,230
S01007153,424,164,260
S01007154,528,207,321
S01007155,350,119,231
S01007156,470,83,387
S01007157,318,53,265
S01007158,437,65,372
S01007159,454,104,350
S01007160,431,99,332
S01007161,448,109,339
S01007162,311,90,221
S01007163,456,130,326
S01007164,346,100,246
S01007165,386,95,291
S01007166,498,162,336
S01007167,331,88,243
S01007168,415,118,297
S01007169,366,114,252
S01007170,312,55,257
S01007171,448,87,361
S01007172,492,92,400
S01007173,212,26,186
S01007174,337,55,282
S01007175,358,113,245
S01007176,482,157,325
S01007177,386,82,304
S01007178,498,91,407
S01007179,536,131,405
S01007180,449,175,274
S01007181,447,113,334
S01007182,640,187,453
S01007183,683,210,473
S01007184,594,153,441
S01007185,489,101,388
S01007186,422,64,358
S01007187,498,137,361
S01007188,441,85,356
S01007189,530,178,352
S01007190,467,218,249
S01007191,329,74,255
S01007192,364,81,283
S01007193,345,64,281
S01007194,276,51,225
S01007195,432,81,351
S01007196,374,37,337
S01007197,330,38,292
S01007198,229,34,195
S01007199,441,73,368
S01007200,405,74,331
S01007201,482,125,357
S01007202,350,62,288
S01007203,336,62,274
S01007204,468,77,391
S01007205,336,63,273
S01007206,212,66,146
S01007207,477,98,379
S01007208,550,100,450
S01007209,425,91,334
S01007210,535,117,418
S01007211,498,111,387
S01007212,406,82,324
S01007213,423,134,289
S01007214,547,142,405
S01007215,493,124,369
S01007216,344,98,246
S01007217,549,118,431
S01007218,416,98,318
S01007219,501,120,381
S01007220,370,78,292
S01007221,444,116,328
S01007222,448,88,360
S01007223,279,71,208
S01007224,336,107,229
S01007225,496,82,414
S01007226,408,74,334
S01007227,657,165,492
S01007228,330,55,275
S01007229,511,94,417
S01007230,611,129,482
S01007231,440,120,320
S01007232,381,90,291
S01007233,347,68,279
S01007234,263,79,184
S01007235,574,167,407
S01007236,561,184,377
S01007237,372,119,253
S01007238,461,134,327
S01007239,602,171,431
S01007240,233,46,187
S01007241,497,117,380
S01007242,503,145,358
S01007243,585,137,448
S01007244,303,64,239
S01007245,350,96,254
S01007246,356,58,298
S01007247,465,94,371
S01007248,439,116,323
S01007249,249,74,175
S01007250,432,103,329
S01007251,400,106,294
S01007252,360,70,290
S01007253,358,113,245
S01007254,462,144,318
S01007255,480,89,391
S01007256,476,105,371
S01007257,440,79,361
S01007258,410,124,286
S01007259,506,134,372
S01007260,550,98,452
S01007261,463,133,330
S01007262,301,72,229
S01007263,511,140,371
S01007264,379,129,250
S01007265,537,137,400
S01007266,363,94,269
S01007267,260,50,210
S01007268,249,52,197
S01007269,287,75,212
S01007270,205,50,155
S01007271,521,125,396
S01007272,558,125,433
S01007273,337,80,257
S01007274,493,161,332
S01007275,306,91,215
S01007276,518,153,365
S01007277,396,132,264
S01007278,397,106,291
S01007279,287,57,230
S01007280,278,44,234
S01007281,443,71,372
S01007282,228,38,190
S01007283,482,195,287
S01007284,403,107,296
S01007285,504,134,370
S01007286,665,155,510
S01007287,281,74,207
S01007288,309,91,218
S01007289,404,70,334
S01007290,449,63,386
S01007291,277,56,221
S01007292,320,63,257
S01007293,424,53,371
S01007294,432,87,345
S01007295,382,99,283
S01007296,354,92,262
S01007297,552,118,434
S01007298,244,71,173
S01007299,454,93,361
S01007300,328,61,267
S01007301,368,105,263
S01007302,355,94,261
S01007303,459,127,332
S01007304,310,119,191
S01007305,418,94,324
S01007306,552,135,417
S01007307,452,89,363
S01007308,374,105,269
S01007309,360,80,280
S01007310,406,123,283
S01007311,418,109,309
S01007312,396,116,280
S01007313,436,131,305
S01007314,396,81,315
S01007315,434,112,322
S01007316,584,154,430
S01007317,492,97,395
S01007318,274,66,208
S01007319,430,124,306
S01007320,425,129,296
S01007321,271,68,203
S01007322,423,109,314
S01007323,227,63,164
S01007324,167,46,121
S01007325,393,121,272
S01007326,456,133,323
S01007327,397,102,295
S01007328,487,134,353
S01007329,314,82,232
S01007330,375,140,235
S01007331,461,96,365
S01007332,261,76,185
S01007333,520,140,380
S01007334,498,136,362
S01007335,454,124,330
S01007336,430,96,334
S01007337,380,149,231
S01007338,439,105,334
S01007339,410,155,255
S01007340,356,128,228
S01007341,440,158,282
S01007342,359,115,244
S01007343,302,96,206
S01007344,293,104,189
S01007345,372,105,267
S01007346,566,172,394
S01007347,609,184,425
S01007348,359,92,267
S01007349,328,97,231
S01007350,373,136,237
S01007351,355,143,212
S01007352,230,53,177
S01007353,355,129,226
S01007354,403,165,238
S01007355,621,191,430
S01007356,350,116,234
S01007357,388,139,249
S01007358,596,127,469
S01007359,449,137,312
S01007360,416,129,287
S01007361,507,187,320
S01007362,509,164,345
S01007363,508,183,325
S01007364,493,101,392
S01007365,215,60,155
S01007366,314,115,199
S01007367,336,104,232
S01007368,290,66,224
S01007369,542,114,428
S01007370,495,94,401
S01007371,437,90,347
S01007372,527,172,355
S01007373,320,99,221
S01007374,346,67,279
S01007375,216,59,157
S01007376,439,88,351
S01007377,279,56,223
S01007378,352,72,280
S01007379,435,129,306
S01007380,348,61,287
S01007381,191,53,138
S01007382,444,109,335
S01007383,349,101,248
S01007384,476,142,334
S01007385,563,176,387
S01007386,337,107,230
S01007387,312,64,248
S01007388,279,69,210
S01007389,264,12,252
S01007390,253,4,249
S01007391,263,73,190
S01007392,200,60,140
S01007393,395,152,243
S01007394,377,177,200
S01007395,650,197,453
S01007396,643,174,469
S01007397,443,135,308
S01007398,326,43,283
S01007399,422,44,378
S01007400,428,138,290
S01007401,322,74,248
S01007402,302,86,216
S01007403,316,33,283
S01007404,254,69,185
S01007405,359,78,281
S01007406,406,92,314
S01007407,469,121,348
S01007408,377,87,290
S01007409,269,48,221
S01007410,437,89,348
S01007411,516,123,393
S01007412,257,66,191
S01007413,402,44,358
S01007414,308,29,279
S01007415,374,77,297
S01007416,223,12,211
S01007417,94,15,79
S01007418,392,67,325
S01007419,394,36,358
S01007420,1548,186,1362
S01007421,584,98,486
S01007422,363,71,292
S01007423,189,50,139
S01007424,340,101,239
S01007425,421,94,327
S01007426,433,106,327
S01007427,367,106,261
S01007428,522,138,384
S01007429,454,103,351
S01007430,251,67,184
S01007431,269,55,214
S01007432,354,85,269
S01007433,489,105,384
S01007434,293,56,237
S01007435,373,78,295
S01007436,528,107,421
S01007437,297,59,238
S01007438,338,81,257
S01007439,428,97,331
S01007440,348,90,258
S01007441,275,53,222
S01007442,354,60,294
S01007443,452,160,292
S01007444,643,189,454
S01007445,286,68,218
S01007446,293,77,216
S01007447,290,71,219
S01007448,489,120,369
S01007449,530,100,430
S01007450,596,106,490
S01007451,283,65,218
S01007452,551,89,462
S01007453,54,10,44
S01007454,190,30,160
S01007455,388,62,326
S01007456,485,71,414
S01007457,465,73,392
S01007458,343,94,249
S01007459,395,128,267
S01007460,434,91,343
S01007461,500,81,419
S01007462,468,64,404
S01007463,453,47,406
S01007464,485,98,387
S01007465,380,45,335
S01007466,657,97,560
S01007467,548,152,396
S01007468,496,75,421
S01007469,250,41,209
S01007470,335,90,245
S01007471,203,39,164
S01007472,524,125,399
S01007473,402,66,336
S01007474,290,41,249
S01007475,257,63,194
S01007476,359,127,232
S01007477,353,78,275
S01007478,545,138,407
S01007479,222,47,175
S01007480,563,67,496
S01007481,459,185,274
S01007482,348,153,195
S01007483,425,101,324
S01007484,421,108,313
S01007485,384,70,314
S01007486,426,88,338
S01007487,644,163,481
S01007488,560,137,423
S01007489,406,122,284
S01007490,513,134,379
S01007491,452,75,377
S01007492,332,93,239
S01007493,473,100,373
S01007494,341,100,241
S01007495,345,71,274
S01007496,529,148,381
S01007497,264,71,193
S01007498,504,162,342
S01007499,358,65,293
S01007500,360,94,266
S01007501,325,100,225
S01007502,304,76,228
S01007503,527,160,367
S01007504,524,126,398
S01007505,220,32,188
S01007506,237,86,151
S01007507,715,229,486
S01007508,329,95,234
S01007509,313,85,228
S01007510,459,168,291
S01007511,504,133,371
S01007512,247,76,171
S01007513,581,134,447
S01007514,294,71,223
S01007515,294,91,203
S01007516,350,91,259
S01007517,263,97,166
S01007518,470,136,334
S01007519,245,82,163
S01007520,446,147,299
S01007521,307,94,213
S01007522,546,206,340
S01007523,229,64,165
S01007524,385,96,289
S01007525,237,67,170
S01007526,472,155,317
S01007527,651,210,441
S01007528,465,130,335
S01007529,393,131,262
S01007530,223,62,161
S01007531,344,91,253
S01007532,248,55,193
S01007533,382,87,295
S01007534,668,175,493
S01007535,446,166,280
S01007536,480,144,336
S01007537,787,238,549
S01007538,427,82,345
S01007539,406,169,237
S01007540,450,152,298
S01007541,542,156,386
S01007542,463,104,359
S01007543,582,130,452
S01007544,579,241,338
S01007545,646,166,480
S01007546,264,61,203
S01007547,239,51,188
S01007548,410,95,315
S01007549,366,115,251
S01007550,591,190,401
S01007551,608,169,439
S01007552,457,93,364
S01007553,452,119,333
S01007554,390,96,294
S01007555,341,99,242
S01007556,335,107,228
S01007557,478,133,345
S01007558,213,50,163
S01007559,364,71,293
S01007560,541,168,373
S01007561,532,185,347
S01007562,365,87,278
S01007563,485,131,354
S01007564,547,150,397
S01007565,471,109,362
S01007566,318,65,253
S01007567,233,39,194
S01007568,330,73,257
S01007569,514,125,389
S01007570,466,105,361
S01007571,240,61,179
S01007572,655,90,565
S01007573,44,17,27
S01007574,927,158,769
S01007575,452,124,328
S01007576,488,74,414
S01007577,391,70,321
S01007578,380,78,302
S01007579,298,49,249
S01007580,347,53,294
S01007581,256,55,201
S01007582,386,90,296
S01007583,653,121,532
S01007584,471,101,370
S01007585,507,190,317
S01007586,505,106,399
S01007587,306,93,213
S01007588,384,117,267
S01007589,602,125,477
S01007590,289,106,183
S01007591,550,122,428
S01007592,561,108,453
S01007593,477,133,344
S01007594,334,77,257
S01007595,443,126,317
S01007596,347,116,231
S01007597,254,58,196
S01007598,462,118,344
S01007599,361,65,296
S01007600,459,114,345
S01007601,300,30,270
S01007602,390,53,337
S01007603,370,52,318
S01007604,437,116,321
S01007605,496,142,354
S01007606,314,77,237
S01007607,390,105,285
S01007608,410,113,297
S01007609,495,101,394
S01007610,384,89,295
S01007611,704,217,487
S01007612,609,107,502
S01007613,452,102,350
S01007614,484,129,355
S01007615,640,166,474
S01007616,470,109,361
S01007617,299,79,220
S01007618,357,129,228
S01007619,328,86,242
S01007620,376,109,267
S01007621,422,145,277
S01007622,553,145,408
S01007623,250,69,181
S01007624,302,56,246
S01007625,304,70,234
S01007626,269,35,234
S01007627,251,69,182
S01007628,407,157,250
S01007629,345,88,257
S01007630,338,70,268
S01007631,269,62,207
S01007632,743,170,573
S01007633,687,178,509
S01007634,346,85,261
S01007635,429,172,257
S01007636,655,233,422
S01007637,641,165,476
S01007638,522,180,342
S01007639,451,80,371
S01007640,303,57,246
S01007641,369,93,276
S01007642,558,195,363
S01007643,505,162,343
S01007644,491,145,346
S01007645,382,84,298
S01007646,260,53,207
S01007647,496,141,355
S01007648,559,172,387
S01007649,339,88,251
S01007650,463,134,329
S01007651,282,64,218
S01007652,378,106,272
S01007653,490,117,373
S01007654,541,125,416
S01007655,341,76,265
S01007656,393,88,305
S01007657,243,41,202
S01007658,307,84,223
S01007659,477,131,346
S01007660,601,132,469
S01007661,441,130,311
S01007662,575,191,384
S01007663,514,150,364
S01007664,283,82,201
S01007665,324,93,231
S01007666,198,57,141
S01007667,283,74,209
S01007668,547,121,426
S01007669,268,41,227
S01007670,468,90,378
S01007671,341,79,262
S01007672,449,178,271
S01007673,304,64,240
S01007674,515,113,402
S01007675,332,73,259
S01007676,232,58,174
S01007677,107,34,73
S01007678,380,120,260
S01007679,463,138,325
S01007680,386,107,279
S01007681,239,66,173
S01007682,453,100,353
S01007683,444,113,331
S01007684,508,142,366
S01007685,385,96,289
S01007686,517,116,401
S01007687,429,85,344
S01007688,648,56,592
S01007689,288,43,245
S01007690,540,51,489
S01007691,847,33,814
S01007692,494,68,426
S01007693,554,67,487
S01007694,474,67,407
S01007695,663,170,493
S01007696,586,62,524
S01007697,816,169,647
S01007698,728,20,708
S01007699,454,25,429
S01007700,450,78,372
S01007701,272,40,232
S01007702,375,17,358
S01007703,627,119,508
S01007704,720,81,639
S01007705,410,9,401
S01007706,509,14,495
S01007707,675,16,659
S01007708,587,102,485
S01007709,455,102,353
S01007710,1215,63,1152
S01007711,647,84,563
S01007712,538,49,489
S01007713,285,45,240
S01007714,321,49,272
S01007715,402,79,323
S01007716,706,177,529
S01007717,567,97,470
S01007718,640,157,483
S01007719,952,219,733
S01007720,577,210,367
S01007721,636,174,462
S01007722,613,128,485
S01007723,648,203,445
S01007724,444,16,428
S01007725,839,189,650
S01007726,506,75,431
S01007727,591,69,522
S01007728,706,51,655
S01007729,588,28,560
S01007730,578,46,532
S01007731,396,33,363
S01007732,523,62,461
S01007733,338,49,289
S01007734,384,120,264
S01007735,359,89,270
S01007736,350,86,264
S01007737,598,178,420
S01007738,565,189,376
S01007739,462,211,251
S01007740,337,97,240
S01007741,512,209,303
S01007742,375,123,252
S01007743,457,78,379
S01007744,403,113,290
S01007745,533,114,419
S01007746,409,63,346
S01007747,401,56,345
S01007748,369,58,311
S01007749,338,79,259
S01007750,412,168,244
S01007751,337,137,200
S01007752,567,289,278
S01007753,430,87,343
S01007754,601,129,472
S01007755,417,120,297
S01007756,468,140,328
S01007757,562,199,363
S01007758,570,261,309
S01007759,806,245,561
S01007760,438,162,276
S01007761,383,108,275
S01007762,474,155,319
S01007763,425,201,224
S01007764,374,90,284
S01007765,434,154,280
S01007766,470,167,303
S01007767,444,139,305
S01007768,406,127,279
S01007769,363,127,236
S01007770,371,150,221
S01007771,367,147,220
S01007772,636,199,437
S01007773,314,84,230
S01007774,51,2,49
S01007775,511,92,419
S01007776,215,27,188
S01007777,201,24,177
S01007778,725,27,698
S01007779,342,58,284
S01007780,331,32,299
S01007781,342,31,311
S01007782,339,34,305
S01007783,440,104,336
S01007784,415,20,395
S01007785,229,46,183
S01007786,385,81,304
S01007787,326,53,273
S01007788,323,25,298
S01007789,430,36,394
S01007790,663,38,625
S01007791,401,29,372
S01007792,424,76,348
S01007793,501,140,361
S01007794,485,114,371
S01007795,291,39,252
S01007796,326,62,264
S01007797,302,55,247
S01007798,270,20,250
S01007799,142,12,130
S01007800,401,55,346
S01007801,388,69,319
S01007802,240,14,226
S01007803,677,134,543
S01007804,364,55,309
S01007805,382,28,354
S01007806,407,71,336
S01007807,334,47,287
S01007808,343,30,313
S01007809,551,189,362
S01007810,417,108,309
S01007811,325,43,282
S01007812,328,22,306
S01007813,436,64,372
S01007814,376,106,270
S01007815,450,112,338
S01007816,273,54,219
S01007817,377,104,273
S01007818,403,91,312
S01007819,353,108,245
S01007820,450,135,315
S01007821,397,149,248
S01007822,463,151,312
S01007823,349,100,249
S01007824,539,184,355
S01007825,630,218,412
S01007826,260,68,192
S01007827,336,30,306
S01007828,724,171,553
S01007829,420,172,248
S01007830,632,211,421
S01007831,605,146,459
S01007832,515,142,373
S01007833,605,317,288
S01007834,416,73,343
S01007835,368,114,254
S01007836,382,128,254
S01007837,553,139,414
S01007838,480,193,287
S01007839,527,187,340
S01007840,495,121,374
S01007841,447,92,355
S01007842,612,92,520
S01007843,503,90,413
S01007844,652,88,564
S01007845,477,97,380
S01007846,381,76,305
S01007847,705,149,556
S01007848,568,91,477
S01007849,484,77,407
S01007850,293,65,228
S01007851,548,223,325
S01007852,624,133,491
S01007853,485,141,344
S01007854,649,131,518
S01007855,401,75,326
S01007856,438,109,329
S01007857,286,54,232
S01007858,987,224,763
S01007859,660,123,537
S01007860,483,72,411
S01007861,432,86,346
S01007862,491,86,405
S01007863,441,62,379
S01007864,486,127,359
S01007865,523,49,474
S01007866,209,8,201
S01007867,494,31,463
S01007868,786,96,690
S01007869,808,88,720
S01007870,253,40,213
S01007871,463,84,379
S01007872,363,55,308
S01007873,328,83,245
S01007874,432,124,308
S01007875,339,64,275
S01007876,420,76,344
S01007877,398,98,300
S01007878,316,60,256
S01007879,505,88,417
S01007880,211,37,174
S01007881,278,54,224
S01007882,609,83,526
S01007883,527,104,423
S01007884,417,95,322
S01007885,462,106,356
S01007886,572,136,436
S01007887,300,74,226
S01007888,451,68,383
S01007889,510,139,371
S01007890,286,56,230
S01007891,550,120,430
S01007892,512,138,374
S01007893,543,119,424
S01007894,448,105,343
S01007895,350,117,233
S01007896,474,109,365
S01007897,623,92,531
S01007898,295,52,243
S01007899,213,45,168
S01007900,232,63,169
S01007901,350,92,258
S01007902,430,86,344
S01007903,383,108,275
S01007904,312,63,249
S01007905,340,48,292
S01007906,418,136,282
S01007907,385,143,242
S01007908,579,169,410
S01007909,286,44,242
S01007910,463,73,390
S01007911,483,109,374
S01007912,389,93,296
S01007913,549,146,403
S01007914,324,65,259
S01007915,410,80,330
S01007916,511,185,326
S01007917,563,107,456
S01007918,500,134,366
S01007919,383,80,303
S01007920,245,49,196
S01007921,520,118,402
S01007922,588,122,466
S01007923,515,88,427
S01007924,530,100,430
S01007925,264,47,217
S01007926,352,55,297
S01007927,237,38,199
S01007928,490,105,385
S01007929,586,63,523
S01007930,267,39,228
S01007931,562,136,426
S01007932,364,112,252
S01007933,529,99,430
S01007934,300,67,233
S01007935,643,157,486
S01007936,468,67,401
S01007937,601,97,504
S01007938,420,100,320
S01007939,469,117,352
S01007940,764,174,590
S01007941,257,46,211
S01007942,207,24,183
S01007943,444,111,333
S01007944,481,109,372
S01007945,620,148,472
S01007946,518,100,418
S01007947,474,104,370
S01007948,345,72,273
S01007949,455,123,332
S01007950,492,107,385
S01007951,456,121,335
S01007952,447,133,314
S01007953,450,99,351
S01007954,324,48,276
S01007955,478,71,407
S01007956,398,80,318
S01007957,605,182,423
S01007958,476,98,378
S01007959,671,176,495
S01007960,263,43,220
S01007961,468,88,380
S01007962,438,47,391
S01007963,467,58,409
S01007964,397,93,304
S01007965,360,82,278
S01007966,461,89,372
S01007967,351,61,290
S01007968,464,132,332
S01007969,390,116,274
S01007970,519,125,394
S01007971,515,142,373
S01007972,498,128,370
S01007973,383,88,295
S01007974,503,126,377
S01007975,324,93,231
S01007976,681,190,491
S01007977,304,55,249
S01007978,462,96,366
S01007979,389,79,310
S01007980,387,127,260
S01007981,361,137,224
S01007982,308,87,221
S01007983,663,244,419
S01007984,429,156,273
S01007985,412,92,320
S01007986,279,69,210
S01007987,450,84,366
S01007988,380,82,298
S01007989,290,26,264
S01007990,466,51,415
S01007991,357,28,329
S01007992,363,24,339
S01007993,364,64,300
S01007994,225,11,214
S01007995,271,35,236
S01007996,144,37,107
S01007997,296,77,219
S01007998,275,64,211
S01007999,389,91,298
S01008000,390,80,310
S01008001,398,65,333
S01008002,451,35,416
S01008003,284,33,251
S01008004,46,5,41
S01008005,39,3,36
S01008006,363,45,318
S01008007,261,25,236
S01008008,323,38,285
S01008009,499,65,434
S01008010,687,79,608
S01008011,579,177,402
S01008012,580,108,472
S01008013,446,115,331
S01008014,420,83,337
S01008015,481,108,373
S01008016,433,143,290
S01008017,375,131,244
S01008018,444,145,299
S01008019,450,137,313
S01008020,463,81,382
S01008021,315,83,232
S01008022,339,86,253
S01008023,601,60,541
S01008024,310,11,299
S01008025,372,71,301
S01008026,576,144,432
S01008027,382,104,278
S01008028,239,41,198
S01008029,1334,118,1216
S01008030,893,148,745
S01008031,668,132,536
S01008032,542,109,433
S01008033,405,67,338
S01008034,402,40,362
S01008035,426,86,340
S01008036,246,56,190
S01008037,594,125,469
S01008038,411,86,325
S01008039,453,107,346
S01008040,311,94,217
S01008041,513,168,345
S01008042,410,144,266
S01008043,571,182,389
S01008044,537,189,348
S01008045,579,188,391
S01008046,695,304,391
S01008047,292,109,183
S01008048,283,102,181
S01008049,450,183,267
S01008050,270,100,170
S01008051,480,123,357
S01008052,337,84,253
S01008053,426,152,274
S01008054,361,138,223
S01008055,384,104,280
S01008056,490,182,308
S01008057,582,205,377
S01008058,304,36,268
S01008059,260,62,198
S01008060,605,97,508
S01008061,373,83,290
S01008062,425,113,312
S01008063,357,110,247
S01008064,414,84,330
S01008065,437,84,353
S01008066,383,109,274
S01008067,281,81,200
S01008068,499,145,354
S01008069,484,114,370
S01008070,457,87,370
S01008071,396,90,306
S01008072,568,125,443
S01008073,178,50,128
S01008074,378,94,284
S01008075,246,103,143
S01008076,433,172,261
S01008077,406,127,279
S01008078,350,115,235
S01008079,341,107,234
S01008080,319,85,234
S01008081,298,81,217
S01008082,425,122,303
S01008083,313,93,220
S01008084,418,92,326
S01008085,461,70,391
S01008086,482,77,405
S01008087,433,143,290
S01008088,398,135,263
S01008089,378,123,255
S01008090,305,82,223
S01008091,199,51,148
S01008092,501,250,251
S01008093,371,139,232
S01008094,281,91,190
S01008095,485,160,325
S01008096,334,135,199
S01008097,414,186,228
S01008098,293,84,209
S01008099,209,42,167
S01008100,440,170,270
S01008101,539,65,474
S01008102,310,59,251
S01008103,406,139,267
S01008104,447,81,366
S01008105,580,119,461
S01008106,678,103,575
S01008107,442,32,410
S01008108,349,47,302
S01008109,332,56,276
S01008110,351,75,276
S01008111,349,124,225
S01008112,374,135,239
S01008113,399,120,279
S01008114,357,110,247
S01008115,368,47,321
S01008116,419,85,334
S01008117,329,106,223
S01008118,529,145,384
S01008119,303,69,234
S01008120,318,109,209
S01008121,269,96,173
S01008122,427,123,304
S01008123,445,144,301
S01008124,378,78,300
S01008125,484,115,369
S01008126,351,37,314
S01008127,194,42,152
S01008128,440,102,338
S01008129,473,91,382
S01008130,548,89,459
S01008131,398,71,327
S01008132,453,161,292
S01008133,417,152,265
S01008134,399,101,298
S01008135,700,101,599
S01008136,788,144,644
S01008137,603,77,526
S01008138,457,50,407
S01008139,498,104,394
S01008140,329,93,236
S01008141,434,101,333
S01008142,360,53,307
S01008143,539,139,400
S01008144,377,60,317
S01008145,417,86,331
S01008146,301,80,221
S01008147,389,66,323
S01008148,391,54,337
S01008149,435,100,335
S01008150,631,143,488
S01008151,481,123,358
S01008152,589,170,419
S01008153,295,37,258
S01008154,445,142,303
S01008155,345,76,269
S01008156,440,83,357
S01008157,430,79,351
S01008158,418,48,370
S01008159,551,114,437
S01008160,546,85,461
S01008161,565,63,502
S01008162,556,142,414
S01008163,383,73,310
S01008164,289,49,240
S01008165,305,15,290
S01008166,492,52,440
S01008167,599,63,536
S01008168,460,76,384
S01008169,586,79,507
S01008170,291,53,238
S01008171,474,127,347
S01008172,250,64,186
S01008173,304,53,251
S01008174,226,49,177
S01008175,378,54,324
S01008176,593,75,518
S01008177,416,112,304
S01008178,278,72,206
S01008179,126,7,119
S01008180,167,13,154
S01008181,284,87,197
S01008182,748,152,596
S01008183,474,108,366
S01008184,524,161,363
S01008185,679,164,515
S01008186,485,110,375
S01008187,327,61,266
S01008188,769,207,562
S01008189,486,122,364
S01008190,412,87,325
S01008191,547,96,451
S01008192,484,96,388
S01008193,391,90,301
S01008194,275,50,225
S01008195,481,53,428
S01008196,370,42,328
S01008197,727,45,682
S01008198,300,83,217
S01008199,298,35,263
S01008200,390,112,278
S01008201,600,132,468
S01008202,368,114,254
S01008203,283,53,230
S01008204,1189,242,947
S01008205,316,64,252
S01008206,676,136,540
S01008207,345,61,284
S01008208,413,31,382
S01008209,242,10,232
S01008210,642,114,528
S01008211,461,106,355
S01008212,256,24,232
S01008213,364,58,306
S01008214,400,122,278
S01008215,482,110,372
S01008216,315,55,260
S01008217,274,57,217
S01008218,828,58,770
S01008219,545,98,447
S01008220,223,20,203
S01008221,362,55,307
S01008222,332,114,218
S01008223,280,94,186
S01008224,406,71,335
S01008225,325,58,267
S01008226,379,116,263
S01008227,460,121,339
S01008228,346,86,260
S01008229,532,92,440
S01008230,305,13,292
S01008231,231,8,223
S01008232,91,14,77
S01008233,636,44,592
S01008234,803,98,705
S01008235,414,113,301
S01008236,462,111,351
S01008237,399,76,323
S01008238,464,108,356
S01008239,331,75,256
S01008240,564,134,430
S01008241,437,119,318
S01008242,553,176,377
S01008243,456,106,350
S01008244,427,106,321
S01008245,481,122,359
S01008246,465,68,397
S01008247,394,59,335
S01008248,580,165,415
S01008249,401,96,305
S01008250,494,117,377
S01008251,375,65,310
S01008252,475,149,326
S01008253,410,130,280
S01008254,545,139,406
S01008255,411,89,322
S01008256,448,85,363
S01008257,444,187,257
S01008258,591,118,473
S01008259,693,167,526
S01008260,460,85,375
S01008261,496,92,404
S01008262,401,88,313
S01008263,357,82,275
S01008264,409,104,305
S01008265,332,138,194
S01008266,449,158,291
S01008267,350,82,268
S01008268,355,127,228
S01008269,509,257,252
S01008270,570,265,305
S01008271,430,106,324
S01008272,414,94,320
S01008273,441,137,304
S01008274,416,105,311
S01008275,308,90,218
S01008276,249,48,201
S01008277,291,57,234
S01008278,334,92,242
S01008279,331,94,237
S01008280,578,160,418
S01008281,367,60,307
S01008282,326,67,259
S01008283,445,45,400
S01008284,597,99,498
S01008285,355,97,258
S01008286,588,140,448
S01008287,355,83,272
S01008288,455,149,306
S01008289,399,78,321
S01008290,464,91,373
S01008291,520,194,326
S01008292,590,71,519
S01008293,403,63,340
S01008294,271,42,229
S01008295,486,79,407
S01008296,397,107,290
S01008297,258,45,213
S01008298,451,84,367
S01008299,550,151,399
S01008300,412,84,328
S01008301,385,51,334
S01008302,373,96,277
S01008303,399,96,303
S01008304,212,51,161
S01008305,315,72,243
S01008306,239,46,193
S01008307,290,63,227
S01008308,238,77,161
S01008309,490,108,382
S01008310,467,142,325
S01008311,337,49,288
S01008312,343,62,281
S01008313,468,86,382
S01008314,527,58,469
S01008315,450,69,381
S01008316,391,23,368
S01008317,316,23,293
S01008318,607,115,492
S01008319,326,116,210
S01008320,308,102,206
S01008321,263,39,224
S01008322,812,144,668
S01008323,363,55,308
S01008324,254,37,217
S01008325,452,40,412
S01008326,517,75,442
S01008327,485,117,368
S01008328,310,27,283
S01008329,348,43,305
S01008330,363,62,301
S01008331,316,46,270
S01008332,432,133,299
S01008333,516,216,300
S01008334,439,152,287
S01008335,456,138,318
S01008336,448,95,353
S01008337,365,63,302
S01008338,262,17,245
S01008339,227,22,205
S01008340,356,37,319
S01008341,204,10,194
S01008342,471,110,361
S01008343,489,210,279
S01008344,355,97,258
S01008345,509,165,344
S01008346,383,108,275
S01008347,594,249,345
S01008348,429,150,279
S01008349,507,107,400
S01008350,333,131,202
S01008351,414,132,282
S01008352,344,109,235
S01008353,198,59,139
S01008354,397,79,318
S01008355,531,170,361
S01008356,385,78,307
S01008357,382,110,272
S01008358,409,136,273
S01008359,303,78,225
S01008360,493,100,393
S01008361,305,66,239
S01008362,480,76,404
S01008363,363,72,291
S01008364,352,105,247
S01008365,409,123,286
S01008366,461,166,295
S01008367,510,141,369
S01008368,443,107,336
S01008369,351,83,268
S01008370,300,73,227
S01008371,343,78,265
S01008372,337,62,275
S01008373,410,84,326
S01008374,318,73,245
S01008375,285,73,212
S01008376,267,55,212
S01008377,392,95,297
S01008378,460,156,304
S01008379,206,70,136
S01008380,238,43,195
S01008381,391,69,322
S01008382,342,83,259
S01008383,235,60,175
S01008384,387,83,304
S01008385,252,68,184
S01008386,402,85,317
S01008387,349,69,280
S01008388,243,20,223
S01008389,352,183,169
S01008390,300,88,212
S01008391,349,152,197
S01008392,330,53,277
S01008393,397,149,248
S01008394,388,91,297
S01008395,309,58,251
S01008396,363,145,218
S01008397,368,83,285
S01008398,354,106,248
S01008399,379,192,187
S01008400,434,131,303
S01008401,541,191,350
S01008402,415,134,281
S01008403,398,162,236
S01008404,392,122,270
S01008405,327,99,228
S01008406,520,214,306
S01008407,284,114,170
S01008408,325,60,265
S01008409,499,123,376
S01008410,371,133,238
S01008411,463,101,362
S01008412,274,63,211
S01008413,293,55,238
S01008414,215,36,179
S01008415,433,95,338
S01008416,549,108,441
S01008417,299,77,222
S01008418,312,87,225
S01008419,193,38,155
S01008420,236,58,178
S01008421,394,85,309
S01008422,396,109,287
S01008423,398,84,314
S01008424,454,164,290
S01008425,454,135,319
S01008426,516,161,355
S01008427,474,63,411
S01008428,413,153,260
S01008429,395,122,273
S01008430,458,139,319
S01008431,452,136,316
S01008432,473,171,302
S01008433,348,77,271
S01008434,421,84,337
S01008435,432,105,327
S01008436,451,136,315
S01008437,404,125,279
S01008438,249,41,208
S01008439,434,97,337
S01008440,479,143,336
S01008441,416,82,334
S01008442,336,54,282
S01008443,252,71,181
S01008444,297,46,251
S01008445,458,197,261
S01008446,646,299,347
S01008447,286,74,212
S01008448,365,97,268
S01008449,422,50,372
S01008450,256,16,240
S01008451,445,37,408
S01008452,432,22,410
S01008453,418,13,405
S01008454,575,45,530
S01008455,626,87,539
S01008456,668,68,600
S01008457,531,119,412
S01008458,434,61,373
S01008459,428,40,388
S01008460,587,35,552
S01008461,535,47,488
S01008462,399,79,320
S01008463,467,54,413
S01008464,453,99,354
S01008465,444,84,360
S01008466,352,50,302
S01008467,363,67,296
S01008468,368,68,300
S01008469,319,56,263
S01008470,393,64,329
S01008471,347,29,318
S01008472,312,41,271
S01008473,307,45,262
S01008474,468,111,357
S01008475,543,119,424
S01008476,448,121,327
S01008477,656,153,503
S01008478,522,142,380
S01008479,612,183,429
S01008480,231,37,194
S01008481,373,73,300
S01008482,422,109,313
S01008483,443,118,325
S01008484,418,95,323
S01008485,493,97,396
S01008486,459,165,294
S01008487,522,77,445
S01008488,733,152,581
S01008489,459,100,359
S01008490,664,109,555
S01008491,511,59,452
S01008492,515,22,493
S01008493,478,106,372
S01008494,487,57,430
S01008495,705,37,668
S01008496,805,35,770
S01008497,681,32,649
S01008498,525,32,493
S01008499,669,31,638
S01008500,240,8,232
S01008501,426,16,410
S01008502,392,12,380
S01008503,510,39,471
S01008504,848,90,758
S01008505,481,54,427
S01008506,552,143,409
S01008507,386,30,356
S01008508,496,149,347
S01008509,617,171,446
S01008510,390,101,289
S01008511,431,142,289
S01008512,457,118,339
S01008513,324,102,222
S01008514,328,115,213
S01008515,378,66,312
S01008516,772,101,671
S01008517,588,141,447
S01008518,503,81,422
S01008519,418,94,324
S01008520,541,167,374
S01008521,338,81,257
S01008522,252,55,197
S01008523,516,93,423
S01008524,582,102,480
S01008525,571,161,410
S01008526,448,137,311
S01008527,333,50,283
S01008528,304,51,253
S01008529,388,102,286
S01008530,530,122,408
S01008531,510,115,395
S01008532,305,89,216
S01008533,179,14,165
S01008534,319,34,285
S01008535,284,68,216
S01008536,311,104,207
S01008537,280,77,203
S01008538,287,117,170
S01008539,466,143,323
S01008540,425,144,281
S01008541,370,84,286
S01008542,431,76,355
S01008543,355,53,302
S01008544,216,12,204
S01008545,395,88,307
S01008546,337,97,240
S01008547,483,44,439
S01008548,476,88,388
S01008549,566,113,453
S01008550,464,65,399
S01008551,496,131,365
S01008552,444,103,341
S01008553,307,75,232
S01008554,368,45,323
S01008555,663,126,537
S01008556,539,155,384
S01008557,474,120,354
S01008558,433,105,328
S01008559,360,86,274
S01008560,379,83,296
S01008561,444,96,348
S01008562,426,108,318
S01008563,523,114,409
S01008564,506,136,370
S01008565,470,88,382
S01008566,460,80,380
S01008567,351,55,296
S01008568,384,54,330
S01008569,453,46,407
S01008570,552,70,482
S01008571,379,102,277
S01008572,415,85,330
S01008573,436,59,377
S01008574,441,56,385
S01008575,369,74,295
S01008576,484,120,364
S01008577,512,153,359
S01008578,377,117,260
S01008579,374,121,253
S01008580,404,108,296
S01008581,542,155,387
S01008582,662,152,510
S01008583,460,120,340
S01008584,602,125,477
S01008585,411,77,334
S01008586,433,111,322
S01008587,316,79,237
S01008588,488,143,345
S01008589,172,66,106
S01008590,413,156,257
S01008591,437,68,369
S01008592,397,100,297
S01008593,346,97,249
S01008594,391,79,312
S01008595,663,193,470
S01008596,496,98,398
S01008597,510,139,371
S01008598,499,84,415
S01008599,411,66,345
S01008600,377,56,321
S01008601,314,38,276
S01008602,321,44,277
S01008603,487,25,462
S01008604,515,57,458
S01008605,416,39,377
S01008606,392,71,321
S01008607,283,105,178
S01008608,376,133,243
S01008609,527,193,334
S01008610,549,192,357
S01008611,592,62,530
S01008612,376,25,351
S01008613,484,80,404
S01008614,399,42,357
S01008615,387,64,323
S01008616,315,24,291
S01008617,341,30,311
S01008618,267,18,249
S01008619,203,21,182
S01008620,290,17,273
S01008621,316,21,295
S01008622,305,26,279
S01008623,420,99,321
S01008624,396,162,234
S01008625,239,65,174
S01008626,482,81,401
S01008627,294,63,231
S01008628,344,53,291
S01008629,497,109,388
S01008630,404,76,328
S01008631,527,93,434
S01008632,584,97,487
S01008633,600,205,395
S01008634,276,50,226
S01008635,362,52,310
S01008636,407,98,309
S01008637,341,67,274
S01008638,513,113,400
S01008639,587,41,546
S01008640,552,33,519
S01008641,481,43,438
S01008642,483,42,441
S01008643,451,37,414
S01008644,333,57,276
S01008645,472,52,420
S01008646,704,67,637
S01008647,408,21,387
S01008648,549,45,504
S01008649,758,59,699
S01008650,589,31,558
S01008651,640,43,597
S01008652,510,30,480
S01008653,402,32,370
S01008654,746,30,716
S01008655,501,34,467
S01008656,734,48,686
S01008657,520,50,470
S01008658,757,82,675
S01008659,623,41,582
S01008660,572,25,547
S01008661,646,61,585
S01008662,462,21,441
S01008663,531,57,474
S01008664,534,36,498
S01008665,666,39,627
S01008666,342,26,316
S01008667,656,48,608
S01008668,462,29,433
S01008669,219,10,209
S01008670,402,27,375
S01008671,491,37,454
S01008672,341,46,295
S01008673,705,36,669
S01008674,467,32,435
S01008675,564,70,494
S01008676,435,32,403
S01008677,456,26,430
S01008678,504,13,491
S01008679,641,83,558
S01008680,478,57,421
S01008681,600,95,505
S01008682,490,44,446
S01008683,872,100,772
S01008684,643,62,581
S01008685,490,63,427
S01008686,717,152,565
S01008687,637,71,566
S01008688,713,37,676
S01008689,760,108,652
S01008690,635,89,546
S01008691,827,60,767
S01008692,688,46,642
S01008693,301,80,221
S01008694,783,70,713
S01008695,496,63,433
S01008696,285,57,228
S01008697,453,108,345
S01008698,329,116,213
S01008699,563,171,392
S01008700,349,121,228
S01008701,423,35,388
S01008702,405,33,372
S01008703,639,60,579
S01008704,712,80,632
S01008705,419,63,356
S01008706,589,76,513
S01008707,547,50,497
S01008708,492,30,462
S01008709,427,38,389
S01008710,416,34,382
S01008711,387,86,301
S01008712,546,127,419
S01008713,292,33,259
S01008714,341,81,260
S01008715,367,114,253
S01008716,354,107,247
S01008717,215,18,197
S01008718,260,46,214
S01008719,487,52,435
S01008720,277,49,228
S01008721,310,27,283
S01008722,480,173,307
S01008723,304,50,254
S01008724,444,142,302
S01008725,343,75,268
S01008726,509,127,382
S01008727,509,100,409
S01008728,267,45,222
S01008729,330,46,284
S01008730,527,45,482
S01008731,280,85,195
S01008732,447,79,368
S01008733,528,90,438
S01008734,354,73,281
S01008735,459,146,313
S01008736,290,93,197
S01008737,339,118,221
S01008738,352,127,225
S01008739,240,60,180
S01008740,289,90,199
S01008741,477,157,320
S01008742,377,161,216
S01008743,576,131,445
S01008744,519,149,370
S01008745,283,65,218
S01008746,572,87,485
S01008747,292,133,159
S01008748,441,157,284
S01008749,494,157,337
S01008750,338,118,220
S01008751,554,151,403
S01008752,558,116,442
S01008753,497,103,394
S01008754,534,91,443
S01008755,575,85,490
S01008756,503,102,401
S01008757,469,108,361
S01008758,557,119,438
S01008759,395,96,299
S01008760,635,104,531
S01008761,432,51,381
S01008762,282,69,213
S01008763,385,69,316
S01008764,306,49,257
S01008765,576,74,502
S01008766,618,128,490
S01008767,406,87,319
S01008768,1471,102,1369
S01008769,1210,63,1147
S01008770,1143,59,1084
S01008771,1143,59,1084
S01008772,640,148,492
S01008773,646,105,541
S01008774,495,46,449
S01008775,245,35,210
S01008776,706,61,645
S01008777,678,108,570
S01008778,615,24,591
S01008779,585,33,552
S01008780,522,16,506
S01008781,639,16,623
S01008782,509,15,494
S01008783,312,7,305
S01008784,463,29,434
S01008785,609,93,516
S01008786,692,62,630
S01008787,388,38,350
S01008788,485,27,458
S01008789,375,122,253
S01008790,510,50,460
S01008791,486,35,451
S01008792,527,69,458
S01008793,594,115,479
S01008794,579,163,416
S01008795,715,69,646
S01008796,670,89,581
S01008797,640,90,550
S01008798,629,82,547
S01008799,389,35,354
S01008800,760,76,684
S01008801,539,26,513
S01008802,779,53,726
S01008803,669,67,602
S01008804,454,29,425
S01008805,429,41,388
S01008806,669,51,618
S01008807,612,59,553
S01008808,391,64,327
S01008809,427,95,332
S01008810,554,61,493
S01008811,389,28,361
S01008812,475,35,440
S01008813,534,48,486
S01008814,660,67,593
S01008815,743,54,689
S01008816,321,49,272
S01008817,661,42,619
S01008818,596,75,521
S01008819,550,53,497
S01008820,829,99,730
S01008821,314,41,273
S01008822,339,54,285
S01008823,401,84,317
S01008824,641,125,516
S01008825,296,61,235
S01008826,378,53,325
S01008827,473,99,374
S01008828,497,120,377
S01008829,449,155,294
S01008830,553,155,398
S01008831,471,162,309
S01008832,350,99,251
S01008833,578,189,389
S01008834,568,142,426
S01008835,486,137,349
S01008836,330,55,275
S01008837,950,67,883
S01008838,606,77,529
S01008839,661,74,587
S01008840,510,69,441
S01008841,661,29,632
S01008842,63,17,46
S01008843,464,30,434
S01008844,499,23,476
S01008845,420,29,391
S01008846,452,39,413
S01008847,376,33,343
S01008848,442,40,402
S01008849,552,74,478
S01008850,785,116,669
S01008851,725,150,575
S01008852,622,98,524
S01008853,352,19,333
S01008854,538,60,478
S01008855,668,57,611
S01008856,389,25,364
S01008857,527,65,462
S01008858,705,167,538
S01008859,712,152,560
S01008860,715,110,605
S01008861,454,82,372
S01008862,683,66,617
S01008863,435,63,372
S01008864,586,141,445
S01008865,616,183,433
S01008866,609,76,533
S01008867,513,96,417
S01008868,564,40,524
S01008869,666,118,548
S01008870,645,103,542
S01008871,645,71,574
S01008872,492,54,438
S01008873,387,78,309
S01008874,501,103,398
S01008875,679,181,498
S01008876,379,146,233
S01008877,393,118,275
S01008878,590,174,416
S01008879,411,110,301
S01008880,333,82,251
S01008881,289,97,192
S01008882,444,80,364
S01008883,435,143,292
S01008884,361,145,216
S01008885,377,105,272
S01008886,579,141,438
S01008887,358,99,259
S01008888,599,101,498
S01008889,442,94,348
S01008890,354,108,246
S01008891,329,106,223
S01008892,614,210,404
S01008893,434,121,313
S01008894,390,110,280
S01008895,334,112,222
S01008896,368,79,289
S01008897,390,122,268
S01008898,412,104,308
S01008899,389,88,301
S01008900,415,86,329
S01008901,504,114,390
S01008902,533,96,437
S01008903,524,151,373
S01008904,474,61,413
S01008905,598,67,531
S01008906,457,30,427
S01008907,413,45,368
S01008908,487,67,420
S01008909,508,90,418
S01008910,820,70,750
S01008911,665,28,637
S01008912,378,84,294
S01008913,208,31,177
S01008914,511,152,359
S01008915,301,77,224
S01008916,692,213,479
S01008917,379,58,321
S01008918,399,19,380
S01008919,344,62,282
S01008920,733,34,699
S01008921,703,116,587
S01008922,549,78,471
S01008923,644,100,544
S01008924,1019,76,943
S01008925,319,12,307
S01008926,768,44,724
S01008927,578,30,548
S01008928,355,69,286
S01008929,795,124,671
S01008930,514,79,435
S01008931,339,61,278
S01008932,551,64,487
S01008933,388,32,356
S01008934,378,52,326
S01008935,467,139,328
S01008936,260,80,180
S01008937,424,131,293
S01008938,402,126,276
S01008939,323,115,208
S01008940,314,121,193
S01008941,386,115,271
S01008942,536,153,383
S01008943,340,119,221
S01008944,429,149,280
S01008945,422,97,325
S01008946,397,141,256
S01008947,470,176,294
S01008948,485,166,319
S01008949,587,159,428
S01008950,481,141,340
S01008951,547,122,425
S01008952,718,130,588
S01008953,521,149,372
S01008954,478,163,315
S01008955,394,79,315
S01008956,580,68,512
S01008957,489,92,397
S01008958,447,131,316
S01008959,444,82,362
S01008960,373,25,348
S01008961,479,118,361
S01008962,275,62,213
S01008963,422,126,296
S01008964,299,103,196
S01008965,321,125,196
S01008966,391,134,257
S01008967,473,149,324
S01008968,455,134,321
S01008969,460,134,326
S01008970,485,118,367
S01008971,273,58,215
S01008972,611,160,451
S01008973,361,94,267
S01008974,448,150,298
S01008975,518,241,277
S01008976,322,86,236
S01008977,350,96,254
S01008978,303,50,253
S01008979,357,29,328
S01008980,334,33,301
S01008981,365,129,236
S01008982,408,62,346
S01008983,407,27,380
S01008984,227,32,195
S01008985,370,87,283
S01008986,408,146,262
S01008987,438,165,273
S01008988,481,130,351
S01008989,490,67,423
S01008990,591,53,538
S01008991,531,51,480
S01008992,204,50,154
S01008993,553,122,431
S01008994,439,74,365
S01008995,457,79,378
S01008996,322,79,243
S01008997,453,63,390
S01008998,453,42,411
S01008999,455,132,323
S01009000,486,124,362
S01009001,323,77,246
S01009002,388,83,305
S01009003,430,79,351
S01009004,333,55,278
S01009005,445,74,371
S01009006,588,150,438
S01009007,379,79,300
S01009008,445,127,318
S01009009,252,65,187
S01009010,535,55,480
S01009011,436,41,395
S01009012,357,53,304
S01009013,422,56,366
S01009014,379,91,288
S01009015,303,88,215
S01009016,250,78,172
S01009017,327,65,262
S01009018,326,56,270
S01009019,385,67,318
S01009020,462,93,369
S01009021,344,97,247
S01009022,447,139,308
S01009023,435,135,300
S01009024,590,187,403
S01009025,433,115,318
S01009026,509,127,382
S01009027,432,113,319
S01009028,289,75,214
S01009029,386,99,287
S01009030,458,114,344
S01009031,356,83,273
S01009032,299,95,204
S01009033,405,125,280
S01009034,283,81,202
S01009035,381,97,284
S01009036,437,76,361
S01009037,412,65,347
S01009038,440,81,359
S01009039,450,82,368
S01009040,408,118,290
S01009041,613,185,428
S01009042,401,88,313
S01009043,571,113,458
S01009044,509,182,327
S01009045,490,100,390
S01009046,363,76,287
S01009047,336,66,270
S01009048,348,78,270
S01009049,344,90,254
S01009050,450,105,345
S01009051,455,109,346
S01009052,424,98,326
S01009053,259,31,228
S01009054,317,63,254
S01009055,361,69,292
S01009056,217,33,184
S01009057,389,77,312
S01009058,510,124,386
S01009059,347,46,301
S01009060,463,86,377
S01009061,383,72,311
S01009062,387,110,277
S01009063,291,72,219
S01009064,303,68,235
S01009065,725,139,586
S01009066,319,81,238
S01009067,235,22,213
S01009068,386,71,315
S01009069,356,42,314
S01009070,401,80,321
S01009071,285,58,227
S01009072,470,42,428
S01009073,337,70,267
S01009074,381,57,324
S01009075,306,56,250
S01009076,462,40,422
S01009077,370,60,310
S01009078,223,37,186
S01009079,602,121,481
S01009080,836,170,666
S01009081,635,127,508
S01009082,668,103,565
S01009083,349,57,292
S01009084,1434,102,1332
S01009085,464,24,440
S01009086,655,64,591
S01009087,597,58,539
S01009088,467,84,383
S01009089,368,31,337
S01009090,216,15,201
S01009091,606,21,585
S01009092,482,129,353
S01009093,430,60,370
S01009094,372,128,244
S01009095,571,141,430
S01009096,446,68,378
S01009097,669,67,602
S01009098,190,40,150
S01009099,405,122,283
S01009100,609,187,422
S01009101,429,90,339
S01009102,429,54,375
S01009103,282,70,212
S01009104,352,71,281
S01009105,337,70,267
S01009106,368,101,267
S01009107,498,84,414
S01009108,383,97,286
S01009109,380,58,322
S01009110,360,94,266
S01009111,464,60,404
S01009112,238,63,175
S01009113,309,65,244
S01009114,349,48,301
S01009115,363,41,322
S01009116,330,56,274
S01009117,350,61,289
S01009118,215,18,197
S01009119,364,70,294
S01009120,300,46,254
S01009121,505,105,400
S01009122,585,92,493
S01009123,153,22,131
S01009124,368,36,332
S01009125,402,87,315
S01009126,376,67,309
S01009127,310,29,281
S01009128,561,144,417
S01009129,267,40,227
S01009130,314,44,270
S01009131,472,144,328
S01009132,400,29,371
S01009133,380,55,325
S01009134,451,94,357
S01009135,264,14,250
S01009136,406,45,361
S01009137,472,34,438
S01009138,477,71,406
S01009139,343,35,308
S01009140,381,68,313
S01009141,418,81,337
S01009142,509,92,417
S01009143,312,86,226
S01009144,638,62,576
S01009145,858,144,714
S01009146,537,89,448
S01009147,717,92,625
S01009148,301,54,247
S01009149,425,89,336
S01009150,574,409,165
S01009151,474,209,265
S01009152,592,234,358
S01009153,442,65,377
S01009154,438,134,304
S01009155,302,73,229
S01009156,553,103,450
S01009157,406,101,305
S01009158,414,114,300
S01009159,303,50,253
S01009160,327,56,271
S01009161,487,117,370
S01009162,436,91,345
S01009163,264,74,190
S01009164,403,90,313
S01009165,324,58,266
S01009166,447,76,371
S01009167,290,49,241
S01009168,508,140,368
S01009169,475,208,267
S01009170,282,36,246
S01009171,700,40,660
S01009172,445,78,367
S01009173,556,79,477
S01009174,33,2,31
S01009175,616,35,581
S01009176,555,130,425
S01009177,367,31,336
S01009178,353,28,325
S01009179,358,50,308
S01009180,437,80,357
S01009181,599,111,488
S01009182,485,84,401
S01009183,380,42,338
S01009184,526,107,419
S01009185,458,89,369
S01009186,378,76,302
S01009187,440,61,379
S01009188,579,89,490
S01009189,604,97,507
S01009190,419,67,352
S01009191,252,13,239
S01009192,348,75,273
S01009193,270,23,247
S01009194,376,80,296
S01009195,417,77,340
S01009196,298,85,213
S01009197,757,77,680
S01009198,356,101,255
S01009199,349,66,283
S01009200,532,81,451
S01009201,291,56,235
S01009202,214,40,174
S01009203,269,62,207
S01009204,444,58,386
S01009205,493,52,441
S01009206,498,64,434
S01009207,425,99,326
S01009208,294,94,200
S01009209,581,158,423
S01009210,384,95,289
S01009211,310,42,268
S01009212,393,105,288
S01009213,355,68,287
S01009214,519,96,423
S01009215,523,128,395
S01009216,479,101,378
S01009217,343,46,297
S01009218,523,159,364
S01009219,364,90,274
S01009220,323,79,244
S01009221,267,66,201
S01009222,291,61,230
S01009223,244,67,177
S01009224,462,103,359
S01009225,383,125,258
S01009226,650,166,484
S01009227,389,153,236
S01009228,422,111,311
S01009229,460,131,329
S01009230,453,80,373
S01009231,437,100,337
S01009232,378,44,334
S01009233,361,117,244
S01009234,564,73,491
S01009235,457,82,375
S01009236,315,103,212
S01009237,310,85,225
S01009238,461,123,338
S01009239,420,95,325
S01009240,387,66,321
S01009241,453,101,352
S01009242,398,117,281
S01009243,475,69,406
S01009244,337,79,258
S01009245,361,69,292
S01009246,474,110,364
S01009247,541,132,409
S01009248,300,78,222
S01009249,497,99,398
S01009250,343,83,260
S01009251,221,50,171
S01009252,163,11,152
S01009253,357,119,238
S01009254,440,100,340
S01009255,444,78,366
S01009256,294,76,218
S01009257,330,61,269
S01009258,682,104,578
S01009259,439,94,345
S01009260,935,117,818
S01009261,422,105,317
S01009262,402,107,295
S01009263,549,75,474
S01009264,339,84,255
S01009265,376,101,275
S01009266,490,122,368
S01009267,377,73,304
S01009268,431,81,350
S01009269,658,106,552
S01009270,364,90,274
S01009271,349,53,296
S01009272,345,49,296
S01009273,352,91,261
S01009274,330,79,251
S01009275,244,35,209
S01009276,431,99,332
S01009277,308,55,253
S01009278,358,67,291
S01009279,486,79,407
S01009280,406,96,310
S01009281,448,95,353
S01009282,604,98,506
S01009283,256,32,224
S01009284,311,42,269
S01009285,350,47,303
S01009286,446,100,346
S01009287,383,123,260
S01009288,453,143,310
S01009289,409,127,282
S01009290,288,98,190
S01009291,490,101,389
S01009292,228,47,181
S01009293,399,71,328
S01009294,381,55,326
S01009295,307,43,264
S01009296,395,76,319
S01009297,665,105,560
S01009298,695,190,505
S01009299,551,125,426
S01009300,342,51,291
S01009301,599,93,506
S01009302,477,59,418
S01009303,322,84,238
S01009304,538,103,435
S01009305,538,126,412
S01009306,690,83,607
S01009307,722,120,602
S01009308,674,93,581
S01009309,400,49,351
S01009310,399,78,321
S01009311,395,77,318
S01009312,521,68,453
S01009313,331,71,260
S01009314,362,63,299
S01009315,298,59,239
S01009316,395,67,328
S01009317,397,89,308
S01009318,378,57,321
S01009319,449,167,282
S01009320,430,135,295
S01009321,458,95,363
S01009322,382,98,284
S01009323,646,149,497
S01009324,302,64,238
S01009325,409,77,332
S01009326,195,14,181
S01009327,319,139,180
S01009328,417,10,407
S01009330,86,28,58
S01009331,438,10,428
S01009332,312,60,252
S01009333,430,87,343
S01009334,310,66,244
S01009335,337,52,285
S01009336,318,48,270
S01009337,402,69,333
S01009338,818,110,708
S01009339,534,95,439
S01009340,400,83,317
S01009341,456,122,334
S01009342,391,82,309
S01009343,242,32,210
S01009344,337,82,255
S01009345,491,80,411
S01009346,2210,76,2134
S01009347,2289,101,2188
S01009348,2252,88,2164
S01009349,364,15,349
S01009350,67,3,64
S01009351,42,12,30
S01009352,27,6,21
S01009353,2376,84,2292
S01009354,2574,91,2483
S01009355,435,96,339
S01009356,411,102,309
S01009357,250,20,230
S01009358,163,18,145
S01009359,433,19,414
S01009360,376,92,284
S01009361,384,94,290
S01009362,496,110,386
S01009363,435,100,335
S01009364,325,29,296
S01009365,371,65,306
S01009366,404,106,298
S01009367,345,69,276
S01009368,377,31,346
S01009369,416,98,318
S01009370,381,90,291
S01009371,242,51,191
S01009372,272,47,225
S01009373,473,90,383
S01009374,493,145,348
S01009375,337,61,276
S01009376,406,81,325
S01009377,373,9,364
S01009378,517,64,453
S01009379,337,13,324
S01009380,263,8,255
S01009381,332,40,292
S01009382,726,187,539
S01009383,519,90,429
S01009384,248,55,193
S01009385,317,65,252
S01009386,496,100,396
S01009387,410,72,338
S01009388,560,60,500
S01009389,503,113,390
S01009390,270,25,245
S01009391,320,16,304
S01009392,213,23,190
S01009393,353,46,307
S01009394,451,90,361
S01009395,448,134,314
S01009396,301,76,225
S01009397,330,80,250
S01009398,510,88,422
S01009399,435,107,328
S01009400,414,123,291
S01009401,400,124,276
S01009402,356,119,237
S01009403,277,32,245
S01009404,259,45,214
S01009405,292,44,248
S01009406,429,97,332
S01009407,227,50,177
S01009408,356,46,310
S01009409,360,105,255
S01009410,351,47,304
S01009411,569,94,475
S01009412,407,90,317
S01009413,593,161,432
S01009414,344,73,271
S01009415,575,132,443
S01009416,238,55,183
S01009417,545,53,492
S01009418,620,158,462
S01009419,796,91,705
S01009420,299,35,264
S01009421,295,55,240
S01009422,876,119,757
S01009423,493,36,457
S01009424,315,82,233
S01009425,427,116,311
S01009426,528,141,387
S01009427,326,93,233
S01009428,273,74,199
S01009429,407,123,284
S01009430,338,85,253
S01009431,844,121,723
S01009432,441,69,372
S01009433,330,57,273
S01009434,248,61,187
S01009435,434,69,365
S01009436,359,67,292
S01009437,438,103,335
S01009438,514,137,377
S01009439,495,108,387
S01009440,407,103,304
S01009441,417,81,336
S01009442,525,81,444
S01009443,1048,100,948
S01009444,326,52,274
S01009445,451,99,352
S01009446,727,133,594
S01009447,353,66,287
S01009448,328,75,253
S01009449,297,68,229
S01009450,346,65,281
S01009451,556,110,446
S01009452,416,91,325
S01009453,517,115,402
S01009454,489,111,378
S01009455,615,173,442
S01009456,458,111,347
S01009457,330,80,250
S01009458,332,89,243
S01009459,587,135,452
S01009460,399,61,338
S01009461,278,29,249
S01009462,493,89,404
S01009463,469,145,324
S01009464,378,84,294
S01009465,505,94,411
S01009466,362,107,255
S01009467,369,104,265
S01009468,385,113,272
S01009469,393,107,286
S01009470,679,141,538
S01009471,414,161,253
S01009472,567,112,455
S01009473,552,105,447
S01009474,403,50,353
S01009475,100,14,86
S01009476,491,57,434
S01009477,515,115,400
S01009478,566,84,482
S01009479,530,115,415
S01009480,577,180,397
S01009481,489,96,393
S01009482,332,46,286
S01009483,403,50,353
S01009484,645,222,423
S01009485,362,112,250
S01009486,388,136,252
S01009487,560,180,380
S01009488,380,92,288
S01009489,428,96,332
S01009490,394,62,332
S01009491,332,103,229
S01009492,370,78,292
S01009493,785,191,594
S01009494,497,69,428
S01009495,375,64,311
S01009496,371,103,268
S01009497,485,109,376
S01009498,276,73,203
S01009499,357,85,272
S01009500,420,109,311
S01009501,362,110,252
S01009502,442,82,360
S01009503,462,111,351
S01009504,374,65,309
S01009505,412,54,358
S01009506,541,110,431
S01009507,443,60,383
S01009508,534,81,453
S01009509,466,98,368
S01009510,344,95,249
S01009511,383,131,252
S01009512,402,90,312
S01009513,404,136,268
S01009514,339,64,275
S01009515,409,134,275
S01009516,505,161,344
S01009517,46,21,25
S01009518,778,41,737
S01009519,389,105,284
S01009520,1063,73,990
S01009521,400,117,283
S01009522,462,62,400
S01009523,338,87,251
S01009524,428,75,353
S01009525,254,62,192
S01009526,365,49,316
S01009527,483,114,369
S01009528,513,207,306
S01009529,496,99,397
S01009530,381,114,267
S01009531,479,138,341
S01009532,550,173,377
S01009533,541,130,411
S01009534,427,78,349
S01009535,441,93,348
S01009536,228,48,180
S01009537,313,82,231
S01009538,541,116,425
S01009539,440,120,320
S01009540,550,108,442
S01009541,554,124,430
S01009542,523,94,429
S01009543,458,114,344
S01009544,501,131,370
S01009545,466,85,381
S01009546,331,59,272
S01009547,463,119,344
S01009548,460,93,367
S01009549,550,106,444
S01009550,230,53,177
S01009551,284,48,236
S01009552,743,168,575
S01009553,502,95,407
S01009554,399,81,318
S01009555,437,108,329
S01009556,406,68,338
S01009557,423,58,365
S01009558,291,45,246
S01009559,527,85,442
S01009560,391,74,317
S01009561,302,69,233
S01009562,479,109,370
S01009563,428,129,299
S01009564,315,122,193
S01009565,246,46,200
S01009566,650,88,562
S01009567,442,97,345
S01009568,390,98,292
S01009569,461,143,318
S01009570,290,59,231
S01009571,330,41,289
S01009572,499,97,402
S01009573,329,57,272
S01009574,609,128,481
S01009575,381,105,276
S01009576,520,62,458
S01009577,321,37,284
S01009578,461,75,386
S01009579,132,14,118
S01009580,432,50,382
S01009581,345,84,261
S01009582,264,68,196
S01009583,336,64,272
S01009584,219,68,151
S01009585,523,97,426
S01009586,502,147,355
S01009587,475,162,313
S01009588,436,110,326
S01009589,453,88,365
S01009590,333,74,259
S01009591,413,84,329
S01009592,446,98,348
S01009593,269,45,224
S01009594,238,29,209
S01009595,314,24,290
S01009596,454,58,396
S01009597,461,40,421
S01009598,319,41,278
S01009599,522,97,425
S01009600,488,103,385
S01009601,396,49,347
S01009602,291,36,255
S01009603,308,46,262
S01009604,329,88,241
S01009605,422,93,329
S01009606,296,25,271
S01009607,208,56,152
S01009608,287,76,211
S01009609,480,107,373
S01009610,540,154,386
S01009611,176,36,140
S01009612,272,67,205
S01009613,269,48,221
S01009614,269,67,202
S01009615,270,80,190
S01009616,712,101,611
S01009617,326,55,271
S01009618,482,102,380
S01009619,361,86,275
S01009620,452,126,326
S01009621,394,99,295
S01009622,459,78,381
S01009623,339,79,260
S01009624,408,101,307
S01009625,677,118,559
S01009626,349,77,272
S01009627,394,100,294
S01009628,309,145,164
S01009629,653,92,561
S01009630,343,56,287
S01009631,444,90,354
S01009632,373,91,282
S01009633,297,39,258
S01009634,380,109,271
S01009635,631,107,524
S01009636,521,87,434
S01009637,449,86,363
S01009638,292,59,233
S01009639,418,128,290
S01009640,483,139,344
S01009641,520,181,339
S01009642,520,118,402
S01009643,316,37,279
S01009644,241,59,182
S01009645,423,112,311
S01009646,307,57,250
S01009647,318,78,240
S01009648,556,138,418
S01009649,633,141,492
S01009650,343,133,210
S01009651,427,136,291
S01009652,532,202,330
S01009653,342,95,247
S01009654,274,84,190
S01009655,400,82,318
S01009656,433,147,286
S01009657,412,94,318
S01009658,475,65,410
S01009659,311,58,253
S01009660,440,74,366
S01009661,691,99,592
S01009662,359,66,293
S01009663,336,58,278
S01009664,469,102,367
S01009665,602,158,444
S01009666,518,144,374
S01009667,223,60,163
S01009668,243,43,200
S01009669,282,99,183
S01009670,340,76,264
S01009671,391,75,316
S01009672,559,136,423
S01009673,392,104,288
S01009674,510,131,379
S01009675,379,93,286
S01009676,595,161,434
S01009677,341,71,270
S01009678,273,92,181
S01009679,551,121,430
S01009680,570,136,434
S01009681,291,38,253
S01009682,387,133,254
S01009683,364,126,238
S01009684,519,87,432
S01009685,418,75,343
S01009686,647,149,498
S01009687,446,95,351
S01009688,583,130,453
S01009689,333,79,254
S01009690,390,69,321
S01009691,322,108,214
S01009692,577,215,362
S01009693,351,94,257
S01009694,539,198,341
S01009695,434,133,301
S01009696,472,141,331
S01009697,354,90,264
S01009698,282,43,239
S01009699,279,106,173
S01009700,297,84,213
S01009701,388,176,212
S01009702,265,62,203
S01009703,417,131,286
S01009704,503,148,355
S01009705,363,109,254
S01009706,382,119,263
S01009707,218,43,175
S01009708,319,74,245
S01009709,394,121,273
S01009710,287,57,230
S01009711,442,119,323
S01009712,309,73,236
S01009713,444,163,281
S01009714,453,170,283
S01009715,334,86,248
S01009716,574,176,398
S01009717,501,118,383
S01009718,409,85,324
S01009719,442,125,317
S01009720,416,137,279
S01009721,263,14,249
S01009722,387,81,306
S01009723,344,78,266
S01009724,551,116,435
S01009725,430,81,349
S01009726,209,25,184
S01009727,615,107,508
S01009728,333,93,240
S01009729,435,155,280
S01009730,702,167,535
S01009731,443,193,250
S01009732,578,163,415
S01009733,310,72,238
S01009734,587,145,442
S01009735,363,141,222
S01009736,435,125,310
S01009737,323,56,267
S01009738,214,38,176
S01009739,275,11,264
S01009740,356,105,251
S01009741,164,10,154
S01009742,206,44,162
S01009743,533,147,386
S01009744,358,86,272
S01009745,502,117,385
S01009746,353,59,294
S01009747,488,105,383
S01009748,299,66,233
S01009749,425,108,317
S01009750,350,91,259
S01009751,454,81,373
S01009752,382,91,291
S01009753,393,151,242
S01009754,705,204,501
S01009755,281,62,219
S01009756,380,94,286
S01009757,331,82,249
S01009758,445,79,366
S01009759,527,40,487
S01009760,505,76,429
S01009761,806,55,751
S01009762,462,57,405
S01009763,165,21,144
S01009764,490,55,435
S01009765,442,69,373
S01009766,355,37,318
S01009767,712,47,665
S01009768,341,20,321
S01009769,597,71,526
S01009770,302,31,271
S01009771,294,25,269
S01009772,700,37,663
S01009773,73,12,61
S01009774,36,0,36
S01009775,359,76,283
S01009776,505,51,454
S01009777,307,46,261
S01009778,558,187,371
S01009779,378,105,273
S01009780,498,27,471
S01009781,334,67,267
S01009782,393,15,378
S01009783,310,31,279
S01009784,382,66,316
S01009785,480,89,391
S01009786,499,88,411
S01009787,366,80,286
S01009788,576,194,382
S01009789,519,145,374
S01009790,408,97,311
S01009791,321,63,258
S01009792,151,7,144
S01009793,440,110,330
S01009794,181,10,171
S01009795,363,34,329
S01009796,726,94,632
S01009797,367,65,302
S01009798,438,64,374
S01009799,588,111,477
S01009800,504,115,389
S01009801,486,75,411
S01009802,431,56,375
S01009803,496,123,373
S01009804,576,28,548
S01009805,374,62,312
S01009806,609,193,416
S01009807,421,89,332
S01009808,671,116,555
S01009809,515,95,420
S01009810,505,114,391
S01009811,616,165,451
S01009812,432,112,320
S01009813,540,128,412
S01009814,508,141,367
S01009815,486,100,386
S01009816,487,80,407
S01009817,419,135,284
S01009818,421,163,258
S01009819,459,139,320
S01009820,445,134,311
S01009821,295,78,217
S01009822,342,67,275
S01009823,455,104,351
S01009824,488,84,404
S01009825,560,108,452
S01009826,320,74,246
S01009827,367,87,280
S01009828,571,159,412
S01009829,579,109,470
S01009830,392,65,327
S01009831,493,79,414
S01009832,534,149,385
S01009833,269,28,241
S01009834,534,67,467
S01009835,305,54,251
S01009836,414,89,325
S01009837,501,148,353
S01009838,433,100,333
S01009839,666,62,604
S01009840,475,142,333
S01009841,654,68,586
S01009842,482,48,434
S01009843,370,63,307
S01009844,443,97,346
S01009845,760,99,661
S01009846,531,61,470
S01009847,411,39,372
S01009848,383,80,303
S01009849,613,221,392
S01009850,548,161,387
S01009851,578,199,379
S01009852,257,84,173
S01009853,461,137,324
S01009854,443,80,363
S01009855,322,66,256
S01009856,308,94,214
S01009857,374,101,273
S01009858,450,133,317
S01009859,607,118,489
S01009860,592,120,472
S01009861,698,86,612
S01009862,607,57,550
S01009863,563,60,503
S01009864,483,117,366
S01009865,315,43,272
S01009866,519,113,406
S01009867,673,86,587
S01009868,525,32,493
S01009869,436,22,414
S01009870,404,44,360
S01009871,587,165,422
S01009872,419,32,387
S01009873,445,132,313
S01009874,497,108,389
S01009875,377,33,344
S01009876,514,75,439
S01009877,360,87,273
S01009878,252,22,230
S01009879,386,68,318
S01009880,430,81,349
S01009881,350,11,339
S01009882,783,26,757
S01009883,519,12,507
S01009884,382,23,359
S01009885,251,16,235
S01009886,277,56,221
S01009887,584,53,531
S01009888,332,23,309
S01009889,471,58,413
S01009890,402,37,365
S01009891,430,76,354
S01009892,675,77,598
S01009893,487,35,452
S01009894,571,101,470
S01009895,481,63,418
S01009896,620,100,520
S01009897,622,130,492
S01009898,432,100,332
S01009899,606,86,520
S01009900,677,46,631
S01009901,567,80,487
S01009902,621,183,438
S01009903,393,52,341
S01009904,456,98,358
S01009905,372,30,342
S01009906,331,22,309
S01009907,883,53,830
S01009908,677,51,626
S01009909,509,41,468
S01009910,421,23,398
S01009911,519,70,449
S01009912,428,110,318
S01009913,326,52,274
S01009914,408,110,298
S01009915,402,80,322
S01009916,413,85,328
S01009917,385,78,307
S01009918,354,59,295
S01009919,650,129,521
S01009920,618,75,543
S01009921,484,47,437
S01009922,789,84,705
S01009923,613,100,513
S01009924,649,69,580
S01009925,641,45,596
S01009926,505,76,429
S01009927,351,79,272
S01009928,469,71,398
S01009929,272,51,221
S01009930,589,45,544
S01009931,550,50,500
S01009932,581,80,501
S01009933,958,143,815
S01009934,660,135,525
S01009935,521,170,351
S01009936,613,121,492
S01009937,423,138,285
S01009938,590,209,381
S01009939,668,68,600
S01009940,438,84,354
S01009941,442,52,390
S01009942,520,110,410
S01009943,645,130,515
S01009944,433,92,341
S01009945,545,132,413
S01009946,452,107,345
S01009947,390,81,309
S01009948,594,131,463
S01009949,420,101,319
S01009950,256,55,201
S01009951,302,56,246
S01009952,460,129,331
S01009953,532,106,426
S01009954,263,48,215
S01009955,500,122,378
S01009956,373,86,287
S01009957,527,102,425
S01009958,473,82,391
S01009959,391,123,268
S01009960,627,181,446
S01009961,293,81,212
S01009962,635,105,530
S01009963,487,121,366
S01009964,515,83,432
S01009965,374,106,268
S01009966,441,95,346
S01009967,494,116,378
S01009968,232,59,173
S01009969,600,187,413
S01009970,540,123,417
S01009971,674,77,597
S01009972,407,99,308
S01009973,346,30,316
S01009974,465,98,367
S01009975,432,86,346
S01009976,385,39,346
S01009977,632,144,488
S01009978,572,55,517
S01009979,448,76,372
S01009980,312,59,253
S01009981,411,64,347
S01009982,428,32,396
S01009983,341,30,311
S01009984,482,45,437
S01009985,270,14,256
S01009986,343,57,286
S01009987,472,161,311
S01009988,379,134,245
S01009989,446,73,373
S01009990,435,66,369
S01009991,437,41,396
S01009992,452,90,362
S01009993,349,44,305
S01009994,302,35,267
S01009995,269,29,240
S01009996,381,53,328
S01009997,278,39,239
S01009998,364,98,266
S01009999,340,89,251
S01010000,367,28,339
S01010001,332,58,274
S01010002,585,94,491
S01010003,388,73,315
S01010004,357,98,259
S01010005,649,92,557
S01010006,863,120,743
S01010007,429,83,346
S01010008,476,51,425
S01010009,462,40,422
S01010010,620,143,477
S01010011,613,149,464
S01010012,602,138,464
S01010013,594,83,511
S01010014,693,103,590
S01010015,511,31,480
S01010016,325,112,213
S01010017,426,87,339
S01010018,639,168,471
S01010019,658,166,492
S01010020,469,122,347
S01010021,400,54,346
S01010022,528,101,427
S01010023,838,254,584
S01010024,421,48,373
S01010025,528,60,468
S01010026,1022,159,863
S01010027,954,113,841
S01010028,458,127,331
S01010029,316,107,209
S01010030,507,68,439
S01010031,579,9,570
S01010032,680,36,644
S01010033,600,69,531
S01010034,615,153,462
S01010035,437,51,386
S01010036,835,5,830
S01010037,604,184,420
S01010038,782,140,642
S01010039,628,16,612
S01010040,524,49,475
S01010041,644,48,596
S01010042,806,40,766
S01010043,540,80,460
S01010044,836,156,680
S01010045,405,102,303
S01010046,586,92,494
S01010047,583,152,431
S01010048,737,153,584
S01010049,557,89,468
S01010050,540,92,448
S01010051,501,132,369
S01010052,372,41,331
S01010053,384,46,338
S01010054,342,32,310
S01010055,591,85,506
S01010056,282,27,255
S01010057,283,46,237
S01010058,489,51,438
S01010059,431,45,386
S01010060,532,84,448
S01010061,421,85,336
S01010062,380,70,310
S01010063,615,88,527
S01010064,365,68,297
S01010065,413,90,323
S01010066,342,55,287
S01010067,538,85,453
S01010068,409,107,302
S01010069,415,61,354
S01010070,238,13,225
S01010071,423,109,314
S01010072,503,132,371
S01010073,456,148,308
S01010074,455,109,346
S01010075,380,116,264
S01010076,365,76,289
S01010077,348,69,279
S01010078,261,35,226
S01010079,349,90,259
S01010080,348,126,222
S01010081,453,145,308
S01010082,407,95,312
S01010083,477,119,358
S01010084,542,128,414
S01010085,465,121,344
S01010086,459,108,351
S01010087,247,82,165
S01010088,550,20,530
S01010089,506,112,394
S01010090,471,72,399
S01010091,678,35,643
S01010092,554,135,419
S01010093,417,71,346
S01010094,492,142,350
S01010095,475,93,382
S01010096,364,76,288
S01010097,286,75,211
S01010098,277,69,208
S01010099,378,107,271
S01010100,382,96,286
S01010101,465,114,351
S01010102,259,15,244
S01010103,315,24,291
S01010104,379,31,348
S01010105,314,18,296
S01010106,299,50,249
S01010107,500,64,436
S01010108,374,80,294
S01010109,931,82,849
S01010110,543,118,425
S01010111,519,66,453
S01010112,510,42,468
S01010113,244,25,219
S01010114,411,62,349
S01010115,230,12,218
S01010116,571,52,519
S01010117,541,21,520
S01010118,345,40,305
S01010119,209,18,191
S01010120,444,44,400
S01010121,369,56,313
S01010122,232,35,197
S01010123,299,30,269
S01010124,320,16,304
S01010125,434,69,365
S01010126,271,29,242
S01010127,341,71,270
S01010128,356,43,313
S01010129,499,54,445
S01010130,458,90,368
S01010131,500,154,346
S01010132,577,140,437
S01010133,495,137,358
S01010134,708,184,524
S01010135,579,176,403
S01010136,487,109,378
S01010137,721,273,448
S01010138,688,158,530
S01010139,639,167,472
S01010140,512,72,440
S01010141,606,133,473
S01010142,325,42,283
S01010143,431,150,281
S01010144,372,31,341
S01010145,397,86,311
S01010146,663,79,584
S01010147,587,78,509
S01010148,612,99,513
S01010149,323,36,287
S01010150,436,141,295
S01010151,475,175,300
S01010152,476,149,327
S01010153,538,194,344
S01010154,475,166,309
S01010155,414,169,245
S01010156,499,156,343
S01010157,425,89,336
S01010158,461,137,324
S01010159,353,113,240
S01010160,420,44,376
S01010161,381,44,337
S01010162,467,62,405
S01010163,493,65,428
S01010164,321,48,273
S01010165,275,34,241
S01010166,670,107,563
S01010167,533,139,394
S01010168,291,40,251
S01010169,367,33,334
S01010170,438,73,365
S01010171,704,96,608
S01010172,524,186,338
S01010173,479,141,338
S01010174,296,77,219
S01010175,216,48,168
S01010176,543,160,383
S01010177,315,45,270
S01010178,435,63,372
S01010179,724,118,606
S01010180,377,37,340
S01010181,465,91,374
S01010182,505,92,413
S01010183,612,75,537
S01010184,286,61,225
S01010185,328,56,272
S01010186,246,30,216
S01010187,406,54,352
S01010188,785,88,697
S01010189,336,11,325
S01010190,89,28,61
S01010191,266,17,249
S01010192,374,18,356
S01010193,380,74,306
S01010194,310,112,198
S01010195,384,106,278
S01010196,308,65,243
S01010197,303,59,244
S01010198,435,104,331
S01010199,311,49,262
S01010200,305,108,197
S01010201,386,102,284
S01010202,365,25,340
S01010203,305,26,279
S01010204,557,91,466
S01010205,355,69,286
S01010206,255,5,250
S01010207,326,35,291
S01010208,657,118,539
S01010209,473,76,397
S01010210,510,147,363
S01010211,499,144,355
S01010212,649,131,518
S01010213,572,167,405
S01010214,396,91,305
S01010215,610,196,414
S01010216,608,151,457
S01010217,492,87,405
S01010218,698,85,613
S01010219,395,40,355
S01010220,362,16,346
S01010221,315,65,250
S01010222,416,57,359
S01010223,402,81,321
S01010224,597,87,510
S01010225,509,67,442
S01010226,407,66,341
S01010227,415,51,364
S01010228,384,110,274
S01010229,556,78,478
S01010230,794,105,689
S01010231,514,110,404
S01010232,390,30,360
S01010233,778,81,697
S01010234,634,126,508
S01010235,446,3,443
S01010236,378,43,335
S01010237,556,81,475
S01010238,597,64,533
S01010239,573,143,430
S01010240,649,98,551
S01010241,623,111,512
S01010242,712,66,646
S01010243,805,49,756
S01010244,603,123,480
S01010245,596,86,510
S01010246,576,59,517
S01010247,468,106,362
S01010248,515,66,449
S01010249,585,61,524
S01010250,565,45,520
S01010251,371,14,357
S01010252,364,28,336
S01010253,426,78,348
S01010254,638,146,492
S01010255,567,73,494
S01010256,642,97,545
S01010257,705,22,683
S01010258,950,23,927
S01010259,667,149,518
S01010260,557,43,514
S01010261,766,189,577
S01010262,762,217,545
S01010263,493,19,474
S01010264,869,46,823
S01010265,752,9,743
S01010266,391,28,363
S01010267,407,10,397
S01010268,493,43,450
S01010269,604,88,516
S01010270,992,268,724
S01010271,411,25,386
S01010272,883,86,797
S01010273,648,14,634
S01010274,407,16,391
S01010275,837,18,819
S01010276,625,9,616
S01010277,305,66,239
S01010278,735,99,636
S01010279,428,28,400
S01010280,482,22,460
S01010281,466,17,449
S01010282,791,96,695
S01010283,459,29,430
S01010284,825,53,772
S01010285,556,35,521
S01010286,871,58,813
S01010287,488,29,459
S01010288,516,21,495
S01010289,380,11,369
S01010290,429,21,408
S01010291,508,57,451
S01010292,545,38,507
S01010293,409,43,366
S01010294,408,26,382
S01010295,427,14,413
S01010296,370,20,350
S01010297,574,91,483
S01010298,578,188,390
S01010299,342,77,265
S01010300,788,99,689
S01010301,283,13,270
S01010302,528,94,434
S01010303,297,26,271
S01010304,445,68,377
S01010305,685,116,569
S01010306,489,22,467
S01010307,476,35,441
S01010308,480,41,439
S01010309,360,75,285
S01010310,485,44,441
S01010311,544,92,452
S01010312,502,80,422
S01010313,697,114,583
S01010314,663,101,562
S01010315,512,54,458
S01010316,540,36,504
S01010317,709,82,627
S01010318,397,33,364
S01010319,616,63,553
S01010320,482,65,417
S01010321,626,73,553
S01010322,702,82,620
S01010323,456,106,350
S01010324,489,164,325
S01010325,552,209,343
S01010326,666,90,576
S01010327,517,52,465
S01010328,533,140,393
S01010329,257,70,187
S01010330,321,46,275
S01010331,686,194,492
S01010332,401,70,331
S01010333,487,103,384
S01010334,637,126,511
S01010335,471,134,337
S01010336,564,57,507
S01010337,381,86,295
S01010338,414,64,350
S01010339,403,108,295
S01010340,401,78,323
S01010341,357,61,296
S01010342,408,84,324
S01010343,525,34,491
S01010344,549,132,417
S01010345,227,19,208
S01010346,461,74,387
S01010347,466,91,375
S01010348,536,143,393
S01010349,563,134,429
S01010350,649,129,520
S01010351,496,79,417
S01010352,398,77,321
S01010353,620,117,503
S01010354,375,67,308
S01010355,625,100,525
S01010356,347,20,327
S01010357,398,74,324
S01010358,543,129,414
S01010359,618,144,474
S01010360,285,24,261
S01010361,357,50,307
S01010362,722,121,601
S01010363,394,64,330
S01010364,438,94,344
S01010365,534,101,433
S01010366,694,106,588
S01010367,546,94,452
S01010368,426,77,349
S01010369,455,32,423
S01010370,335,23,312
S01010371,554,48,506
S01010372,408,40,368
S01010373,408,50,358
S01010374,509,55,454
S01010375,406,49,357
S01010376,487,23,464
S01010377,418,14,404
S01010378,369,26,343
S01010379,615,49,566
S01010380,595,68,527
S01010381,646,52,594
S01010382,536,52,484
S01010383,510,60,450
S01010384,779,92,687
S01010385,578,65,513
S01010386,709,83,626
S01010387,961,119,842
S01010388,635,90,545
S01010389,1114,19,1095
S01010390,865,46,819
S01010391,1855,82,1773
S01010392,1229,40,1189
S01010393,1000,160,840
S01010394,579,115,464
S01010395,749,136,613
S01010396,585,108,477
S01010397,510,66,444
S01010398,583,87,496
S01010399,965,90,875
S01010400,530,93,437
S01010401,454,119,335
S01010402,575,85,490
S01010403,552,87,465
S01010404,630,113,517
S01010405,515,62,453
S01010406,515,49,466
S01010407,606,56,550
S01010408,322,86,236
S01010409,533,109,424
S01010410,248,45,203
S01010411,540,110,430
S01010412,496,58,438
S01010413,510,205,305
S01010414,572,156,416
S01010415,655,178,477
S01010416,382,85,297
S01010417,286,67,219
S01010418,663,84,579
S01010419,798,166,632
S01010420,459,146,313
S01010421,346,80,266
S01010422,526,136,390
S01010423,614,89,525
S01010424,564,114,450
S01010425,621,80,541
S01010426,644,43,601
S01010427,609,108,501
S01010428,712,196,516
S01010429,388,54,334
S01010430,544,87,457
S01010431,420,125,295
S01010432,464,50,414
S01010433,400,17,383
S01010434,425,58,367
S01010435,328,85,243
S01010436,433,52,381
S01010437,269,71,198
S01010438,488,35,453
S01010439,668,44,624
S01010440,478,82,396
S01010441,542,37,505
S01010442,450,19,431
S01010443,334,86,248
S01010444,289,74,215
S01010445,398,71,327
S01010446,329,66,263
S01010447,559,113,446
S01010448,451,106,345
S01010449,468,147,321
S01010450,477,117,360
S01010451,568,120,448
S01010452,460,165,295
S01010453,597,67,530
S01010454,529,163,366
S01010455,604,169,435
S01010456,354,132,222
S01010457,553,139,414
S01010458,443,154,289
S01010459,372,115,257
S01010460,386,78,308
S01010461,520,130,390
S01010462,550,45,505
S01010463,376,111,265
S01010464,314,93,221
S01010465,486,60,426
S01010466,802,79,723
S01010467,522,175,347
S01010468,514,95,419
S01010469,549,97,452
S01010470,414,116,298
S01010471,445,120,325
S01010472,671,63,608
S01010473,591,63,528
S01010474,564,85,479
S01010475,694,71,623
S01010476,523,170,353
S01010477,469,127,342
S01010478,831,174,657
S01010479,512,142,370
S01010480,389,114,275
S01010481,359,54,305
S01010482,455,137,318
S01010483,585,144,441
S01010484,448,92,356
S01010485,437,113,324
S01010486,480,108,372
S01010487,476,136,340
S01010488,588,92,496
S01010489,615,118,497
S01010490,377,37,340
S01010491,493,50,443
S01010492,336,64,272
S01010493,529,41,488
S01010494,309,52,257
S01010495,573,62,511
S01010496,815,131,684
S01010497,429,24,405
S01010498,625,116,509
S01010499,581,105,476
S01010500,485,37,448
S01010501,415,74,341
S01010502,318,37,281
S01010503,386,68,318
S01010504,247,64,183
S01010505,288,69,219
S01010506,405,87,318
S01010507,477,92,385
S01010508,516,128,388
S01010509,503,96,407
S01010510,682,175,507
S01010511,528,128,400
S01010512,405,124,281
S01010513,357,81,276
S01010514,377,78,299
S01010515,398,91,307
S01010516,270,59,211
S01010517,497,77,420
S01010518,408,61,347
S01010519,356,51,305
S01010520,509,136,373
S01010521,450,96,354
S01010522,357,75,282
S01010523,433,59,374
S01010524,264,63,201
S01010525,316,90,226
S01010526,409,105,304
S01010527,607,146,461
S01010528,335,67,268
S01010529,434,99,335
S01010530,313,67,246
S01010531,496,147,349
S01010532,366,106,260
S01010533,410,131,279
S01010534,488,116,372
S01010535,305,73,232
S01010536,569,135,434
S01010537,595,154,441
S01010538,463,40,423
S01010539,463,70,393
S01010540,298,80,218
S01010541,362,71,291
S01010542,456,111,345
S01010543,255,59,196
S01010544,555,143,412
S01010545,344,105,239
S01010546,456,138,318
S01010547,313,77,236
S01010548,262,100,162
S01010549,525,116,409
S01010550,301,66,235
S01010551,328,48,280
S01010552,427,70,357
S01010553,261,36,225
S01010554,396,105,291
S01010555,507,117,390
S01010556,476,130,346
S01010557,317,91,226
S01010558,303,102,201
S01010559,351,144,207
S01010560,291,95,196
S01010561,402,117,285
S01010562,427,115,312
S01010563,357,75,282
S01010564,421,140,281
S01010565,410,108,302
S01010566,453,93,360
S01010567,441,59,382
S01010568,581,101,480
S01010569,364,55,309
S01010570,613,112,501
S01010571,461,73,388
S01010572,463,65,398
S01010573,283,35,248
S01010574,236,49,187
S01010575,361,102,259
S01010576,326,75,251
S01010577,354,53,301
S01010578,203,22,181
S01010579,325,64,261
S01010580,305,32,273
S01010581,372,35,337
S01010582,256,41,215
S01010583,440,88,352
S01010584,781,37,744
S01010585,776,31,745
S01010586,272,61,211
S01010587,350,89,261
S01010588,359,65,294
S01010589,988,86,902
S01010590,707,88,619
S01010591,253,11,242
S01010592,198,25,173
S01010593,938,93,845
S01010594,722,58,664
S01010595,716,58,658
S01010596,1325,104,1221
S01010597,966,64,902
S01010598,1017,71,946
S01010599,351,55,296
S01010600,703,171,532
S01010601,340,121,219
S01010602,312,50,262
S01010603,369,105,264
S01010604,355,108,247
S01010605,583,152,431
S01010606,469,121,348
S01010607,455,125,330
S01010608,347,51,296
S01010609,242,32,210
S01010610,360,129,231
S01010611,608,112,496
S01010612,316,56,260
S01010613,395,119,276
S01010614,333,72,261
S01010615,481,54,427
S01010616,402,106,296
S01010617,405,88,317
S01010618,422,53,369
S01010619,643,36,607
S01010620,445,27,418
S01010621,527,94,433
S01010622,333,61,272
S01010623,366,17,349
S01010624,284,50,234
S01010625,333,109,224
S01010626,415,134,281
S01010627,486,112,374
S01010628,561,126,435
S01010629,551,167,384
S01010630,309,53,256
S01010631,466,114,352
S01010632,486,157,329
S01010633,476,129,347
S01010634,264,56,208
S01010635,351,101,250
S01010636,463,100,363
S01010637,522,121,401
S01010638,490,172,318
S01010639,675,116,559
S01010640,452,57,395
S01010641,705,103,602
S01010642,475,67,408
S01010643,335,18,317
S01010644,436,56,380
S01010645,380,58,322
S01010646,348,63,285
S01010647,306,50,256
S01010648,464,105,359
S01010649,361,107,254
S01010650,294,44,250
S01010651,295,48,247
S01010652,345,54,291
S01010653,392,78,314
S01010654,348,55,293
S01010655,426,89,337
S01010656,291,67,224
S01010657,361,68,293
S01010658,438,76,362
S01010659,333,70,263
S01010660,410,117,293
S01010661,382,103,279
S01010662,377,85,292
S01010663,610,122,488
S01010664,324,65,259
S01010665,475,118,357
S01010666,611,166,445
S01010667,336,67,269
S01010668,593,159,434
S01010669,266,79,187
S01010670,401,86,315
S01010671,397,91,306
S01010672,636,131,505
S01010673,506,117,389
S01010674,538,114,424
S01010675,414,93,321
S01010676,511,107,404
S01010677,224,60,164
S01010678,472,89,383
S01010679,737,167,570
S01010680,382,89,293
S01010681,567,69,498
S01010682,551,108,443
S01010683,423,102,321
S01010684,492,137,355
S01010685,370,102,268
S01010686,309,78,231
S01010687,476,140,336
S01010688,398,101,297
S01010689,483,158,325
S01010690,442,129,313
S01010691,433,95,338
S01010692,307,56,251
S01010693,173,42,131
S01010694,390,119,271
S01010695,304,66,238
S01010696,469,112,357
S01010697,458,111,347
S01010698,338,76,262
S01010699,250,36,214
S01010700,258,56,202
S01010701,542,113,429
S01010702,449,112,337
S01010703,375,80,295
S01010704,556,131,425
S01010705,537,110,427
S01010706,369,61,308
S01010707,293,71,222
S01010708,454,109,345
S01010709,376,94,282
S01010710,400,84,316
S01010711,319,83,236
S01010712,321,43,278
S01010713,430,72,358
S01010714,419,115,304
S01010715,387,109,278
S01010716,479,97,382
S01010717,447,131,316
S01010718,453,76,377
S01010719,381,109,272
S01010720,398,143,255
S01010721,394,121,273
S01010722,519,140,379
S01010723,417,82,335
S01010724,354,78,276
S01010725,340,77,263
S01010726,482,143,339
S01010727,293,60,233
S01010728,389,74,315
S01010729,354,70,284
S01010730,343,69,274
S01010731,399,92,307
S01010732,334,46,288
S01010733,408,62,346
S01010734,411,58,353
S01010735,423,63,360
S01010736,218,55,163
S01010737,487,142,345
S01010738,501,119,382
S01010739,388,69,319
S01010740,325,67,258
S01010741,289,81,208
S01010742,390,108,282
S01010743,367,74,293
S01010744,491,112,379
S01010745,363,101,262
S01010746,441,89,352
S01010747,507,130,377
S01010748,280,76,204
S01010749,316,70,246
S01010750,287,88,199
S01010751,452,112,340
S01010752,465,86,379
S01010753,555,102,453
S01010754,507,147,360
S01010755,397,101,296
S01010756,360,109,251
S01010757,423,132,291
S01010758,305,97,208
S01010759,331,116,215
S01010760,402,159,243
S01010761,222,58,164
S01010762,263,74,189
S01010763,441,130,311
S01010764,289,87,202
S01010765,581,178,403
S01010766,359,123,236
S01010767,347,105,242
S01010768,355,131,224
S01010769,217,63,154
S01010770,385,81,304
S01010771,502,168,334
S01010772,376,101,275
S01010773,336,70,266
S01010774,591,151,440
S01010775,266,42,224
S01010776,429,113,316
S01010777,270,69,201
S01010778,329,49,280
S01010779,442,93,349
S01010780,294,72,222
S01010781,426,92,334
S01010782,293,67,226
S01010783,427,103,324
S01010784,528,125,403
S01010785,354,73,281
S01010786,255,39,216
S01010787,384,88,296
S01010788,274,57,217
S01010789,368,85,283
S01010790,343,90,253
S01010791,427,118,309
S01010792,514,96,418
S01010793,275,59,216
S01010794,234,37,197
S01010795,586,169,417
S01010796,618,153,465
S01010797,329,61,268
S01010798,293,67,226
S01010799,586,182,404
S01010800,396,93,303
S01010801,399,123,276
S01010802,291,68,223
S01010803,280,60,220
S01010804,383,117,266
S01010805,579,134,445
S01010806,458,84,374
S01010807,244,61,183
S01010808,230,45,185
S01010809,428,78,350
S01010810,249,81,168
S01010811,446,118,328
S01010812,238,65,173
S01010813,428,104,324
S01010814,354,88,266
S01010815,270,63,207
S01010816,375,144,231
S01010817,492,94,398
S01010818,742,261,481
S01010819,468,127,341
S01010820,518,79,439
S01010821,345,101,244
S01010822,280,21,259
S01010823,254,27,227
S01010824,424,49,375
S01010825,567,63,504
S01010826,315,65,250
S01010827,268,37,231
S01010828,441,47,394
S01010829,555,133,422
S01010830,231,51,180
S01010831,197,12,185
S01010832,284,34,250
S01010833,482,119,363
S01010834,702,201,501
S01010835,318,101,217
S01010836,454,114,340
S01010837,360,96,264
S01010838,478,89,389
S01010839,417,109,308
S01010840,332,105,227
S01010841,638,173,465
S01010842,660,229,431
S01010843,494,210,284
S01010844,365,99,266
S01010845,259,66,193
S01010846,356,48,308
S01010847,317,38,279
S01010848,364,51,313
S01010849,364,55,309
S01010850,421,59,362
S01010851,407,56,351
S01010852,347,67,280
S01010853,409,80,329
S01010854,384,49,335
S01010855,223,53,170
S01010856,455,121,334
S01010857,378,44,334
S01010858,534,139,395
S01010859,323,54,269
S01010860,390,80,310
S01010861,387,85,302
S01010862,314,45,269
S01010863,360,94,266
S01010864,272,75,197
S01010865,345,139,206
S01010866,370,151,219
S01010867,334,120,214
S01010868,306,91,215
S01010869,463,114,349
S01010870,513,172,341
S01010871,408,112,296
S01010872,479,108,371
S01010873,524,210,314
S01010874,363,59,304
S01010875,336,61,275
S01010876,393,64,329
S01010877,705,122,583
S01010878,586,188,398
S01010879,514,94,420
S01010880,321,68,253
S01010881,368,131,237
S01010882,350,35,315
S01010883,418,65,353
S01010884,662,148,514
S01010885,746,123,623
S01010886,325,43,282
S01010887,417,133,284
S01010888,675,141,534
S01010889,538,91,447
S01010890,573,249,324
S01010891,473,131,342
S01010892,576,185,391
S01010893,535,112,423
S01010894,398,98,300
S01010895,307,65,242
S01010896,546,145,401
S01010897,429,69,360
S01010898,500,56,444
S01010899,271,44,227
S01010900,409,63,346
S01010901,205,33,172
S01010902,453,120,333
S01010903,479,129,350
S01010904,271,29,242
S01010905,428,38,390
S01010906,383,33,350
S01010907,232,12,220
S01010908,473,73,400
S01010909,431,56,375
S01010910,434,50,384
S01010911,590,235,355
S01010912,445,137,308
S01010913,293,44,249
S01010914,402,34,368
S01010915,366,50,316
S01010916,425,72,353
S01010917,452,93,359
S01010918,589,201,388
S01010919,378,71,307
S01010920,303,31,272
S01010921,305,52,253
S01010922,395,86,309
S01010923,536,146,390
S01010924,290,66,224
S01010925,386,89,297
S01010926,441,94,347
S01010927,405,63,342
S01010928,340,59,281
S01010929,383,60,323
S01010930,357,53,304
S01010931,203,43,160
S01010932,626,100,526
S01010933,327,40,287
S01010934,479,87,392
S01010935,401,141,260
S01010936,404,129,275
S01010937,323,65,258
S01010938,441,96,345
S01010939,308,70,238
S01010940,268,84,184
S01010941,483,109,374
S01010942,268,77,191
S01010943,343,56,287
S01010944,384,91,293
S01010945,222,39,183
S01010946,437,120,317
S01010947,354,84,270
S01010948,288,60,228
S01010949,511,66,445
S01010950,380,104,276
S01010951,297,64,233
S01010952,304,39,265
S01010953,300,59,241
S01010954,413,43,370
S01010955,402,41,361
S01010956,419,63,356
S01010957,231,52,179
S01010958,282,92,190
S01010959,403,81,322
S01010960,588,100,488
S01010961,590,121,469
S01010962,385,123,262
S01010963,429,98,331
S01010964,216,59,157
S01010965,460,96,364
S01010966,453,108,345
S01010967,399,82,317
S01010968,397,104,293
S01010969,318,101,217
S01010970,633,173,460
S01010971,646,128,518
S01010972,374,61,313
S01010973,261,67,194
S01010974,485,115,370
S01010975,261,58,203
S01010976,815,59,756
S01010977,312,87,225
S01010978,446,125,321
S01010979,354,69,285
S01010980,386,96,290
S01010981,330,86,244
S01010982,496,103,393
S01010983,561,188,373
S01010984,484,162,322
S01010985,355,82,273
S01010986,241,22,219
S01010987,157,24,133
S01010988,205,15,190
S01010989,568,29,539
S01010990,319,71,248
S01010991,720,47,673
S01010992,678,32,646
S01010993,296,57,239
S01010994,1032,106,926
S01010995,346,61,285
S01010996,350,74,276
S01010997,466,158,308
S01010998,868,70,798
S01010999,412,151,261
S01011000,421,78,343
S01011001,273,70,203
S01011002,314,81,233
S01011003,334,88,246
S01011004,333,66,267
S01011005,385,79,306
S01011006,422,70,352
S01011007,372,86,286
S01011008,375,94,281
S01011009,269,41,228
S01011010,509,117,392
S01011011,435,108,327
S01011012,522,80,442
S01011013,416,121,295
S01011014,364,48,316
S01011015,264,64,200
S01011016,456,29,427
S01011017,663,83,580
S01011018,617,149,468
S01011019,499,89,410
S01011020,202,32,170
S01011021,351,85,266
S01011022,292,49,243
S01011023,428,73,355
S01011024,490,77,413
S01011025,276,28,248
S01011026,235,22,213
S01011027,510,100,410
S01011028,493,101,392
S01011029,307,50,257
S01011030,369,50,319
S01011031,483,94,389
S01011032,403,92,311
S01011033,348,61,287
S01011034,409,120,289
S01011035,252,29,223
S01011036,441,70,371
S01011037,465,67,398
S01011038,412,74,338
S01011039,442,108,334
S01011040,522,64,458
S01011041,327,60,267
S01011042,333,48,285
S01011043,521,94,427
S01011044,470,53,417
S01011045,426,107,319
S01011046,362,66,296
S01011047,431,95,336
S01011048,561,155,406
S01011049,379,105,274
S01011050,406,87,319
S01011051,484,123,361
S01011052,515,165,350
S01011053,326,71,255
S01011054,305,81,224
S01011055,228,42,186
S01011056,271,59,212
S01011057,294,60,234
S01011058,251,47,204
S01011059,309,49,260
S01011060,534,176,358
S01011061,491,114,377
S01011062,655,184,471
S01011063,515,152,363
S01011064,594,166,428
S01011065,370,86,284
S01011066,277,83,194
S01011067,521,160,361
S01011068,349,91,258
S01011069,323,92,231
S01011070,386,99,287
S01011071,413,114,299
S01011072,445,84,361
S01011073,286,67,219
S01011074,280,63,217
S01011075,389,101,288
S01011076,538,167,371
S01011077,436,110,326
S01011078,555,151,404
S01011079,598,138,460
S01011080,525,140,385
S01011081,352,83,269
S01011082,360,134,226
S01011083,507,134,373
S01011084,373,92,281
S01011085,383,94,289
S01011086,273,86,187
S01011087,384,107,277
S01011088,545,157,388
S01011089,430,124,306
S01011090,304,71,233
S01011091,293,53,240
S01011092,891,33,858
S01011093,1167,89,1078
S01011094,297,57,240
S01011095,431,81,350
S01011096,358,51,307
S01011097,284,44,240
S01011098,508,124,384
S01011099,358,44,314
S01011100,257,91,166
S01011101,319,66,253
S01011102,379,70,309
S01011103,440,135,305
S01011104,294,96,198
S01011105,405,93,312
S01011106,352,20,332
S01011107,895,48,847
S01011108,272,56,216
S01011109,389,102,287
S01011110,421,58,363
S01011111,512,100,412
S01011112,73,28,45
S01011113,487,161,326
S01011114,462,86,376
S01011115,411,82,329
S01011116,361,73,288
S01011117,407,124,283
S01011118,455,143,312
S01011119,422,134,288
S01011120,495,154,341
S01011121,365,96,269
S01011122,360,77,283
S01011123,490,131,359
S01011124,277,51,226
S01011125,214,28,186
S01011126,301,66,235
S01011127,153,2,151
S01011128,458,91,367
S01011129,330,62,268
S01011130,374,103,271
S01011131,361,77,284
S01011132,374,97,277
S01011133,241,63,178
S01011134,442,114,328
S01011135,466,122,344
S01011136,284,64,220
S01011137,346,49,297
S01011138,254,31,223
S01011139,281,28,253
S01011140,232,35,197
S01011141,435,61,374
S01011142,363,61,302
S01011143,487,131,356
S01011144,372,86,286
S01011145,439,95,344
S01011146,419,80,339
S01011147,529,120,409
S01011148,329,66,263
S01011149,201,12,189
S01011150,254,2,252
S01011151,290,33,257
S01011152,445,125,320
S01011153,518,147,371
S01011154,389,124,265
S01011155,420,138,282
S01011156,343,83,260
S01011157,284,83,201
S01011158,275,98,177
S01011159,344,123,221
S01011160,393,78,315
S01011161,269,57,212
S01011162,347,55,292
S01011163,428,81,347
S01011164,320,48,272
S01011165,412,99,313
S01011166,271,82,189
S01011167,406,96,310
S01011168,355,81,274
S01011169,461,32,429
S01011170,400,83,317
S01011171,456,141,315
S01011172,339,106,233
S01011173,365,144,221
S01011174,361,135,226
S01011175,391,161,230
S01011176,330,143,187
S01011177,485,174,311
S01011178,241,43,198
S01011179,316,60,256
S01011180,378,85,293
S01011181,558,60,498
S01011182,208,29,179
S01011183,289,52,237
S01011184,307,58,249
S01011185,354,122,232
S01011186,561,184,377
S01011187,353,79,274
S01011188,515,128,387
S01011189,468,94,374
S01011190,458,92,366
S01011191,326,68,258
S01011192,360,51,309
S01011193,384,29,355
S01011194,302,33,269
S01011195,395,54,341
S01011196,470,89,381
S01011197,348,40,308
S01011198,274,42,232
S01011199,342,51,291
S01011200,405,74,331
S01011201,267,71,196
S01011202,453,87,366
S01011203,564,124,440
S01011204,235,57,178
S01011205,80,16,64
S01011206,264,23,241
S01011207,694,75,619
S01011208,345,43,302
S01011209,298,49,249
S01011210,321,58,263
S01011211,619,47,572
S01011212,285,45,240
S01011213,459,65,394
S01011214,430,85,345
S01011215,399,76,323
S01011216,511,96,415
S01011217,550,104,446
S01011218,392,73,319
S01011219,450,73,377
S01011220,477,92,385
S01011221,504,110,394
S01011222,312,87,225
S01011223,427,116,311
S01011224,350,103,247
S01011225,480,104,376
S01011226,512,186,326
S01011227,422,87,335
S01011228,742,203,539
S01011229,408,105,303
S01011230,642,144,498
S01011231,613,160,453
S01011232,513,83,430
S01011233,565,61,504
S01011234,527,79,448
S01011235,253,45,208
S01011236,284,71,213
S01011237,464,64,400
S01011238,430,68,362
S01011239,532,151,381
S01011240,745,192,553
S01011241,540,148,392
S01011242,484,133,351
S01011243,734,163,571
S01011244,409,61,348
S01011245,446,97,349
S01011246,488,95,393
S01011247,422,125,297
S01011248,409,90,319
S01011249,423,83,340
S01011250,507,53,454
S01011251,385,71,314
S01011252,344,45,299
S01011253,445,85,360
S01011254,466,71,395
S01011255,157,12,145
S01011256,169,14,155
S01011257,214,78,136
S01011258,292,76,216
S01011259,452,136,316
S01011260,336,109,227
S01011261,360,69,291
S01011262,309,68,241
S01011263,317,50,267
S01011264,259,33,226
S01011265,475,86,389
S01011266,383,101,282
S01011267,430,95,335
S01011268,296,103,193
S01011269,331,112,219
S01011270,456,102,354
S01011271,428,107,321
S01011272,380,80,300
S01011273,490,64,426
S01011274,505,81,424
S01011275,557,52,505
S01011276,462,81,381
S01011277,284,45,239
S01011278,288,36,252
S01011279,323,80,243
S01011280,276,59,217
S01011281,299,35,264
S01011282,341,41,300
S01011283,277,19,258
S01011284,408,28,380
S01011285,514,111,403
S01011286,298,47,251
S01011287,432,84,348
S01011288,435,83,352
S01011289,431,94,337
S01011290,610,124,486
S01011291,491,107,384
S01011292,332,72,260
S01011293,442,102,340
S01011294,541,183,358
S01011295,493,148,345
S01011296,365,107,258
S01011297,352,52,300
S01011298,434,88,346
S01011299,197,43,154
S01011300,449,88,361
S01011301,309,72,237
S01011302,570,191,379
S01011303,491,94,397
S01011304,381,60,321
S01011305,342,43,299
S01011306,282,72,210
S01011307,904,99,805
S01011308,271,65,206
S01011309,395,129,266
S01011310,341,107,234
S01011311,508,169,339
S01011312,549,175,374
S01011313,529,144,385
S01011314,487,106,381
S01011315,176,41,135
S01011316,382,76,306
S01011317,454,206,248
S01011318,520,245,275
S01011319,525,242,283
S01011320,389,147,242
S01011321,276,50,226
S01011322,251,43,208
S01011323,478,83,395
S01011324,235,51,184
S01011325,597,170,427
S01011326,762,272,490
S01011327,438,174,264
S01011328,460,172,288
S01011329,562,236,326
S01011330,324,109,215
S01011331,369,148,221
S01011332,558,213,345
S01011333,386,193,193
S01011334,587,132,455
S01011335,517,182,335
S01011336,302,77,225
S01011337,287,73,214
S01011338,360,71,289
S01011339,272,61,211
S01011340,542,120,422
S01011341,428,82,346
S01011342,412,103,309
S01011343,461,97,364
S01011344,401,94,307
S01011345,478,84,394
S01011346,393,93,300
S01011347,605,151,454
S01011348,535,121,414
S01011349,451,54,397
S01011350,377,92,285
S01011351,393,82,311
S01011352,363,109,254
S01011353,274,54,220
S01011354,374,92,282
S01011355,487,138,349
S01011356,392,72,320
S01011357,553,116,437
S01011358,186,10,176
S01011359,368,109,259
S01011360,415,26,389
S01011361,343,45,298
S01011362,256,28,228
S01011363,741,158,583
S01011364,272,64,208
S01011365,310,49,261
S01011366,238,73,165
S01011367,400,98,302
S01011368,503,24,479
S01011369,341,82,259
S01011370,598,44,554
S01011371,805,145,660
S01011372,583,116,467
S01011373,431,74,357
S01011374,201,19,182
S01011375,323,54,269
S01011376,369,115,254
S01011377,262,64,198
S01011378,470,172,298
S01011379,435,80,355
S01011380,403,106,297
S01011381,397,90,307
S01011382,286,34,252
S01011383,630,120,510
S01011384,375,34,341
S01011385,441,89,352
S01011386,404,45,359
S01011387,414,67,347
S01011388,623,91,532
S01011389,697,109,588
S01011390,476,118,358
S01011391,254,44,210
S01011392,413,52,361
S01011393,374,104,270
S01011394,406,74,332
S01011395,471,110,361
S01011396,488,143,345
S01011397,371,91,280
S01011398,322,70,252
S01011399,240,42,198
S01011400,470,86,384
S01011401,461,123,338
S01011402,492,210,282
S01011403,426,83,343
S01011404,573,168,405
S01011405,341,106,235
S01011406,312,97,215
S01011407,626,160,466
S01011408,420,96,324
S01011409,362,58,304
S01011410,413,121,292
S01011411,405,97,308
S01011412,405,131,274
S01011413,218,19,199
S01011414,512,128,384
S01011415,444,84,360
S01011416,345,57,288
S01011417,374,121,253
S01011418,370,88,282
S01011419,314,71,243
S01011420,250,45,205
S01011421,187,6,181
S01011422,193,32,161
S01011423,267,45,222
S01011424,237,54,183
S01011425,303,64,239
S01011426,682,84,598
S01011427,585,93,492
S01011428,311,71,240
S01011429,301,31,270
S01011430,410,66,344
S01011431,619,171,448
S01011432,608,120,488
S01011433,434,61,373
S01011434,421,86,335
S01011435,619,133,486
S01011436,609,108,501
S01011437,393,78,315
S01011438,383,61,322
S01011439,499,100,399
S01011440,499,81,418
S01011441,384,58,326
S01011442,327,80,247
S01011443,369,94,275
S01011444,531,108,423
S01011445,298,66,232
S01011446,920,79,841
S01011447,445,72,373
S01011448,527,103,424
S01011449,374,90,284
S01011450,299,43,256
S01011451,718,48,670
S01011452,412,57,355
S01011453,340,78,262
S01011454,476,122,354
S01011455,465,111,354
S01011456,458,92,366
S01011457,382,49,333
S01011458,289,30,259
S01011459,504,44,460
S01011460,392,57,335
S01011461,374,46,328
S01011462,455,111,344
S01011463,307,72,235
S01011464,612,27,585
S01011465,306,31,275
S01011466,823,95,728
S01011467,231,33,198
S01011468,40,0,40
S01011469,318,27,291
S01011470,451,113,338
S01011471,501,162,339
S01011472,724,173,551
S01011473,604,212,392
S01011474,629,191,438
S01011475,426,159,267
S01011476,356,73,283
S01011477,335,74,261
S01011478,442,100,342
S01011479,430,119,311
S01011480,500,139,361
S01011481,524,129,395
S01011482,539,151,388
S01011483,359,58,301
S01011484,483,100,383
S01011485,371,73,298
S01011486,235,60,175
S01011487,525,68,457
S01011488,284,54,230
S01011489,377,35,342
S01011490,522,97,425
S01011491,271,42,229
S01011492,434,56,378
S01011493,398,46,352
S01011494,407,158,249
S01011495,470,109,361
S01011496,308,34,274
S01011497,354,24,330
S01011498,230,12,218
S01011499,402,66,336
S01011500,474,96,378
S01011501,325,60,265
S01011502,305,64,241
S01011503,424,71,353
S01011504,284,73,211
S01011505,322,38,284
S01011506,292,97,195
S01011507,378,96,282
S01011508,468,40,428
S01011509,247,41,206
S01011510,435,74,361
S01011511,313,59,254
S01011512,606,98,508
S01011513,440,67,373
S01011514,384,61,323
S01011515,357,31,326
S01011516,358,23,335
S01011517,267,66,201
S01011518,302,90,212
S01011519,310,59,251
S01011520,547,116,431
S01011521,676,120,556
S01011522,500,111,389
S01011523,583,88,495
S01011524,396,62,334
S01011525,392,46,346
S01011526,422,75,347
S01011527,414,100,314
S01011528,495,122,373
S01011529,552,123,429
S01011530,627,175,452
S01011531,791,196,595
S01011532,463,21,442
S01011533,315,60,255
S01011534,341,63,278
S01011535,467,112,355
S01011536,269,35,234
S01011537,395,73,322
S01011538,302,62,240
S01011539,442,100,342
S01011540,787,102,685
S01011541,419,51,368
S01011542,434,71,363
S01011543,370,41,329
S01011544,335,66,269
S01011545,359,83,276
S01011546,236,8,228
S01011547,181,7,174
S01011548,359,106,253
S01011549,366,77,289
S01011550,380,91,289
S01011551,373,81,292
S01011552,393,71,322
S01011553,418,27,391
S01011554,746,108,638
S01011555,320,49,271
S01011556,318,50,268
S01011557,396,63,333
S01011558,369,59,310
S01011559,290,44,246
S01011560,432,81,351
S01011561,302,52,250
S01011562,418,44,374
S01011563,484,99,385
S01011564,410,82,328
S01011565,425,60,365
S01011566,374,35,339
S01011567,371,93,278
S01011568,320,55,265
S01011569,371,87,284
S01011570,421,82,339
S01011571,510,109,401
S01011572,511,145,366
S01011573,474,87,387
S01011574,406,54,352
S01011575,340,48,292
S01011576,420,74,346
S01011577,281,20,261
S01011578,853,74,779
S01011579,355,91,264
S01011580,618,99,519
S01011581,476,138,338
S01011582,930,128,802
S01011583,485,124,361
S01011584,385,78,307
S01011585,553,109,444
S01011586,297,56,241
S01011587,297,47,250
S01011588,363,65,298
S01011589,413,99,314
S01011590,776,85,691
S01011591,393,60,333
S01011592,727,75,652
S01011593,325,86,239
S01011594,303,85,218
S01011595,427,69,358
S01011596,615,113,502
S01011597,354,55,299
S01011598,638,81,557
S01011599,434,103,331
S01011600,392,111,281
S01011601,316,24,292
S01011602,318,70,248
S01011603,528,167,361
S01011604,293,71,222
S01011605,376,114,262
S01011606,342,9,333
S01011607,477,24,453
S01011608,441,32,409
S01011609,479,61,418
S01011610,412,64,348
S01011611,428,36,392
S01011612,99,2,97
S01011613,374,75,299
S01011614,230,42,188
S01011615,507,47,460
S01011616,247,56,191
S01011617,453,93,360
S01011618,337,66,271
S01011619,355,30,325
S01011620,344,21,323
S01011621,336,44,292
S01011622,65,17,48
S01011623,743,112,631
S01011624,400,66,334
S01011625,240,39,201
S01011626,385,47,338
S01011627,260,13,247
S01011628,479,82,397
S01011629,313,48,265
S01011630,298,63,235
S01011631,330,30,300
S01011632,413,53,360
S01011633,474,100,374
S01011634,330,49,281
S01011635,348,58,290
S01011636,341,52,289
S01011637,324,56,268
S01011638,390,106,284
S01011639,299,63,236
S01011640,416,59,357
S01011641,375,74,301
S01011642,382,82,300
S01011643,413,132,281
S01011644,405,143,262
S01011645,289,97,192
S01011646,330,70,260
S01011647,390,38,352
S01011648,188,29,159
S01011649,374,49,325
S01011650,673,107,566
S01011651,446,113,333
S01011652,311,44,267
S01011653,434,78,356
S01011654,564,146,418
S01011655,471,108,363
S01011656,327,32,295
S01011657,330,42,288
S01011658,399,92,307
S01011659,430,99,331
S01011660,469,105,364
S01011661,502,91,411
S01011662,455,42,413
S01011663,492,41,451
S01011664,408,74,334
S01011665,557,118,439
S01011666,532,142,390
S01011667,484,103,381
S01011668,678,103,575
S01011669,392,114,278
S01011670,362,72,290
S01011671,353,105,248
S01011672,350,91,259
S01011673,391,68,323
S01011674,672,114,558
S01011675,599,87,512
S01011676,350,77,273
S01011677,62,10,52
S01011678,222,47,175
S01011679,543,62,481
S01011680,531,118,413
S01011681,345,63,282
S01011682,633,54,579
S01011683,500,56,444
S01011684,335,75,260
S01011685,320,32,288
S01011686,385,66,319
S01011687,418,81,337
S01011688,440,58,382
S01011689,351,39,312
S01011690,633,85,548
S01011691,175,28,147
S01011692,525,109,416
S01011693,702,94,608
S01011694,263,17,246
S01011695,1226,77,1149
S01011696,292,23,269
S01011697,421,58,363
S01011698,271,55,216
S01011699,387,81,306
S01011700,400,102,298
S01011701,532,96,436
S01011702,427,102,325
S01011703,373,78,295
S01011704,571,40,531
S01011705,661,61,600
S01011706,450,123,327
S01011707,283,68,215
S01011708,519,122,397
S01011709,443,87,356
S01011710,295,39,256
S01011711,532,119,413
S01011712,294,53,241
S01011713,516,121,395
S01011714,469,18,451
S01011715,506,104,402
S01011716,389,41,348
S01011717,315,68,247
S01011718,360,17,343
S01011719,658,24,634
S01011720,256,43,213
S01011721,333,75,258
S01011722,572,152,420
S01011723,782,93,689
S01011724,261,5,256
S01011725,219,15,204
S01011726,208,13,195
S01011727,496,23,473
S01011728,393,60,333
S01011729,505,111,394
S01011730,431,114,317
S01011731,443,105,338
S01011732,360,79,281
S01011733,352,86,266
S01011734,393,106,287
S01011735,288,75,213
S01011736,467,84,383
S01011737,369,82,287
S01011738,495,62,433
S01011739,296,64,232
S01011740,327,57,270
S01011741,477,86,391
S01011742,382,94,288
S01011743,379,94,285
S01011744,462,135,327
S01011745,542,208,334
S01011746,386,115,271
S01011747,453,69,384
S01011748,464,56,408
S01011749,423,27,396
S01011750,398,99,299
S01011751,614,70,544
S01011752,544,83,461
S01011753,366,87,279
S01011754,419,121,298
S01011755,456,56,400
S01011756,513,69,444
S01011757,434,93,341
S01011758,252,37,215
S01011759,371,84,287
S01011760,411,85,326
S01011761,326,44,282
S01011762,441,91,350
S01011763,350,75,275
S01011764,136,17,119
S01011765,452,47,405
S01011766,287,42,245
S01011767,574,132,442
S01011768,433,56,377
S01011769,424,111,313
S01011770,451,113,338
S01011771,238,23,215
S01011772,390,68,322
S01011773,200,12,188
S01011774,354,27,327
S01011775,296,16,280
S01011776,362,14,348
S01011777,264,33,231
S01011778,261,45,216
S01011779,324,77,247
S01011780,315,36,279
S01011781,356,56,300
S01011782,334,55,279
S01011783,213,30,183
S01011784,349,62,287
S01011785,459,117,342
S01011786,65,1,64
S01011787,531,111,420
S01011788,382,29,353
S01011789,1067,108,959
S01011790,521,75,446
S01011791,391,88,303
S01011792,515,205,310
S01011793,368,100,268
S01011794,472,97,375
S01011795,462,76,386
S01011796,435,108,327
S01011797,418,83,335
S01011798,242,48,194
S01011799,379,76,303
S01011800,281,70,211
S01011801,287,33,254
S01011802,361,104,257
S01011803,348,60,288
S01011804,505,123,382
S01011805,461,131,330
S01011806,578,157,421
S01011807,444,100,344
S01011808,432,104,328
S01011809,302,61,241
S01011810,545,108,437
S01011811,478,116,362
S01011812,486,115,371
S01011813,382,80,302
S01011814,297,77,220
S01011815,313,56,257
S01011816,285,65,220
S01011817,294,64,230
S01011818,699,154,545
S01011819,622,158,464
S01011820,434,116,318
S01011821,321,61,260
S01011822,510,122,388
S01011823,290,66,224
S01011824,436,76,360
S01011825,275,68,207
S01011826,356,75,281
S01011827,329,105,224
S01011828,411,103,308
S01011829,250,48,202
S01011830,392,101,291
S01011831,510,164,346
S01011832,405,124,281
S01011833,360,82,278
S01011834,307,58,249
S01011835,278,48,230
S01011836,479,118,361
S01011837,362,72,290
S01011838,487,111,376
S01011839,487,133,354
S01011840,513,102,411
S01011841,721,196,525
S01011842,615,176,439
S01011843,495,116,379
S01011844,421,110,311
S01011845,382,105,277
S01011846,385,93,292
S01011847,178,37,141
S01011848,352,85,267
S01011849,352,66,286
S01011850,483,114,369
S01011851,368,80,288
S01011852,460,143,317
S01011853,405,79,326
S01011854,473,150,323
S01011855,527,143,384
S01011856,304,124,180
S01011857,583,150,433
S01011858,503,195,308
S01011859,559,234,325
S01011860,319,89,230
S01011861,389,102,287
S01011862,454,168,286
S01011863,412,133,279
S01011864,344,112,232
S01011865,314,111,203
S01011866,538,149,389
S01011867,599,186,413
S01011868,475,128,347
S01011869,542,143,399
S01011870,380,74,306
S01011871,474,76,398
S01011872,436,86,350
S01011873,339,46,293
S01011874,357,65,292
S01011875,506,159,347
S01011876,447,93,354
S01011877,361,107,254
S01011878,529,111,418
S01011879,314,63,251
S01011880,488,87,401
S01011881,388,109,279
S01011882,450,167,283
S01011883,625,148,477
S01011884,311,47,264
S01011885,303,55,248
S01011886,545,111,434
S01011887,290,63,227
S01011888,593,113,480
S01011889,474,156,318
S01011890,418,96,322
S01011891,378,93,285
S01011892,616,85,531
S01011893,585,135,450
S01011894,437,76,361
S01011895,536,174,362
S01011896,478,144,334
S01011897,480,147,333
S01011898,398,83,315
S01011899,441,130,311
S01011900,293,75,218
S01011901,491,120,371
S01011902,507,178,329
S01011903,406,148,258
S01011904,368,101,267
S01011905,339,83,256
S01011906,161,51,110
S01011907,378,69,309
S01011908,233,36,197
S01011909,342,11,331
S01011910,587,127,460
S01011911,324,88,236
S01011912,383,74,309
S01011913,414,66,348
S01011914,410,51,359
S01011915,376,76,300
S01011916,367,72,295
S01011917,281,59,222
S01011918,414,48,366
S01011919,496,62,434
S01011920,325,72,253
S01011921,285,62,223
S01011922,403,64,339
S01011923,451,71,380
S01011924,424,87,337
S01011925,337,25,312
S01011926,376,66,310
S01011927,285,53,232
S01011928,379,78,301
S01011929,319,90,229
S01011930,333,77,256
S01011931,278,34,244
S01011932,142,19,123
S01011933,830,89,741
S01011934,443,117,326
S01011935,567,96,471
S01011936,380,58,322
S01011937,408,87,321
S01011938,282,64,218
S01011939,600,75,525
S01011940,575,78,497
S01011941,687,84,603
S01011942,625,139,486
S01011943,914,195,719
S01011944,218,60,158
S01011945,575,169,406
S01011946,465,162,303
S01011947,260,95,165
S01011948,527,193,334
S01011949,445,177,268
S01011950,431,182,249
S01011951,377,133,244
S01011952,385,98,287
S01011953,405,127,278
S01011954,283,99,184
S01011955,529,166,363
S01011956,424,86,338
S01011957,398,89,309
S01011958,858,210,648
S01011959,365,88,277
S01011960,476,72,404
S01011961,502,87,415
S01011962,413,71,342
S01011963,342,90,252
S01011964,493,123,370
S01011965,458,160,298
S01011966,351,96,255
S01011967,420,84,336
S01011968,664,166,498
S01011969,733,174,559
S01011970,800,188,612
S01011971,280,72,208
S01011972,786,200,586
S01011973,272,71,201
S01011974,358,84,274
S01011975,199,47,152
S01011976,452,130,322
S01011977,567,143,424
S01011978,589,207,382
S01011979,501,142,359
S01011980,230,53,177
S01011981,488,114,374
S01011982,619,144,475
S01011983,542,171,371
S01011984,315,90,225
S01011985,293,85,208
S01011986,461,91,370
S01011987,500,125,375
S01011988,326,112,214
S01011989,379,116,263
S01011990,364,150,214
S01011991,421,120,301
S01011992,535,170,365
S01011993,541,175,366
S01011994,358,136,222
S01011995,399,66,333
S01011996,333,89,244
S01011997,561,134,427
S01011998,389,89,300
S01011999,291,67,224
S01012000,244,56,188
S01012001,403,96,307
S01012002,334,113,221
S01012003,381,105,276
S01012004,727,198,529
S01012005,593,125,468
S01012006,340,67,273
S01012007,450,143,307
S01012008,632,182,450
S01012009,300,75,225
S01012010,657,220,437
S01012011,692,226,466
S01012012,320,130,190
S01012013,357,97,260
S01012014,833,226,607
S01012015,604,170,434
S01012016,360,87,273
S01012017,252,65,187
S01012018,374,94,280
S01012019,394,66,328
S01012020,489,134,355
S01012021,340,70,270
S01012022,471,71,400
S01012023,283,63,220
S01012024,484,84,400
S01012025,288,65,223
S01012026,348,58,290
S01012027,720,91,629
S01012028,440,92,348
S01012029,526,85,441
S01012030,512,103,409
S01012031,231,76,155
S01012032,142,31,111
S01012033,435,127,308
S01012034,447,100,347
S01012035,532,127,405
S01012036,536,145,391
S01012037,546,110,436
S01012038,519,55,464
S01012039,453,110,343
S01012040,255,36,219
S01012041,528,116,412
S01012042,489,125,364
S01012043,380,44,336
S01012044,519,153,366
S01012045,659,119,540
S01012046,445,127,318
S01012047,611,194,417
S01012048,433,116,317
S01012049,391,78,313
S01012050,478,54,424
S01012051,255,84,171
S01012052,497,140,357
S01012053,491,103,388
S01012054,596,71,525
S01012055,493,146,347
S01012056,394,122,272
S01012057,316,87,229
S01012058,416,111,305
S01012059,467,110,357
S01012060,466,136,330
S01012061,643,111,532
S01012062,420,59,361
S01012063,297,18,279
S01012064,366,26,340
S01012065,289,22,267
S01012066,382,25,357
S01012067,319,30,289
S01012068,385,55,330
S01012069,375,53,322
S01012070,603,118,485
S01012071,785,140,645
S01012072,740,128,612
S01012073,335,39,296
S01012074,297,42,255
S01012075,445,81,364
S01012076,501,120,381
S01012077,511,81,430
S01012078,367,30,337
S01012079,627,133,494
S01012080,487,72,415
S01012081,387,58,329
S01012082,495,88,407
S01012083,562,125,437
S01012084,274,63,211
S01012085,345,87,258
S01012086,448,93,355
S01012087,394,115,279
S01012088,256,24,232
S01012089,357,63,294
S01012090,433,97,336
S01012091,367,82,285
S01012092,269,63,206
S01012093,295,72,223
S01012094,355,91,264
S01012095,545,83,462
S01012096,388,97,291
S01012097,279,62,217
S01012098,431,88,343
S01012099,425,89,336
S01012100,722,161,561
S01012101,371,94,277
S01012102,424,50,374
S01012103,482,62,420
S01012104,345,46,299
S01012105,671,121,550
S01012106,575,93,482
S01012107,279,56,223
S01012108,697,308,389
S01012109,744,82,662
S01012110,541,152,389
S01012111,673,164,509
S01012112,579,234,345
S01012113,568,185,383
S01012114,567,127,440
S01012115,362,110,252
S01012116,320,101,219
S01012117,260,23,237
S01012118,393,32,361
S01012119,349,73,276
S01012120,256,46,210
S01012121,404,93,311
S01012122,365,83,282
S01012123,314,57,257
S01012124,353,59,294
S01012125,664,124,540
S01012126,477,30,447
S01012127,760,57,703
S01012128,431,32,399
S01012129,602,104,498
S01012130,770,234,536
S01012131,904,128,776
S01012132,547,99,448
S01012133,558,41,517
S01012134,738,209,529
S01012135,732,101,631
S01012136,573,39,534
S01012137,575,157,418
S01012138,550,120,430
S01012139,574,159,415
S01012140,377,104,273
S01012141,511,137,374
S01012142,395,125,270
S01012143,554,179,375
S01012144,449,146,303
S01012145,436,120,316
S01012146,651,150,501
S01012147,537,122,415
S01012148,364,61,303
S01012149,380,47,333
S01012150,359,92,267
S01012151,523,159,364
S01012152,479,73,406
S01012153,453,45,408
S01012154,502,78,424
S01012155,551,89,462
S01012156,691,129,562
S01012157,547,93,454
S01012158,760,72,688
S01012159,229,65,164
S01012160,409,86,323
S01012161,240,33,207
S01012162,428,32,396
S01012163,421,47,374
S01012164,488,32,456
S01012165,452,58,394
S01012166,394,48,346
S01012167,388,82,306
S01012168,477,135,342
S01012169,429,109,320
S01012170,670,206,464
S01012171,576,146,430
S01012172,460,119,341
S01012173,334,124,210
S01012174,429,85,344
S01012175,467,64,403
S01012176,577,80,497
S01012177,335,53,282
S01012178,400,74,326
S01012179,379,128,251
S01012180,339,120,219
S01012181,669,216,453
S01012182,644,103,541
S01012183,1105,96,1009
S01012184,451,37,414
S01012185,553,56,497
S01012186,430,116,314
S01012187,471,108,363
S01012188,298,94,204
S01012189,348,62,286
S01012190,311,27,284
S01012191,411,83,328
S01012192,174,45,129
S01012193,249,20,229
S01012194,273,18,255
S01012195,360,82,278
S01012196,211,20,191
S01012197,473,120,353
S01012198,499,100,399
S01012199,375,79,296
S01012200,278,59,219
S01012201,460,94,366
S01012202,241,56,185
S01012203,386,84,302
S01012204,270,22,248
S01012205,358,40,318
S01012206,363,45,318
S01012207,521,140,381
S01012208,599,135,464
S01012209,459,109,350
S01012210,385,145,240
S01012211,503,112,391
S01012212,461,92,369
S01012213,426,86,340
S01012214,338,101,237
S01012215,385,71,314
S01012216,511,99,412
S01012217,267,35,232
S01012218,292,65,227
S01012219,446,134,312
S01012220,531,119,412
S01012221,379,129,250
S01012222,614,160,454
S01012223,399,121,278
S01012224,461,113,348
S01012225,551,121,430
S01012226,320,60,260
S01012227,356,63,293
S01012228,291,46,245
S01012229,385,61,324
S01012230,454,90,364
S01012231,289,40,249
S01012232,433,71,362
S01012233,341,59,282
S01012234,563,76,487
S01012235,362,87,275
S01012236,380,88,292
S01012237,350,88,262
S01012238,309,74,235
S01012239,274,56,218
S01012240,391,119,272
S01012241,301,72,229
S01012242,338,79,259
S01012243,364,84,280
S01012244,403,74,329
S01012245,564,149,415
S01012246,401,62,339
S01012247,303,68,235
S01012248,383,66,317
S01012249,429,82,347
S01012250,367,84,283
S01012251,539,142,397
S01012252,537,121,416
S01012253,563,160,403
S01012254,432,113,319
S01012255,475,179,296
S01012256,556,94,462
S01012257,515,128,387
S01012258,730,167,563
S01012259,388,149,239
S01012260,632,154,478
S01012261,512,95,417
S01012262,786,132,654
S01012263,403,80,323
S01012264,222,59,163
S01012265,525,129,396
S01012266,620,193,427
S01012267,479,94,385
S01012268,657,134,523
S01012269,461,145,316
S01012270,395,84,311
S01012271,624,88,536
S01012272,381,82,299
S01012273,424,100,324
S01012274,566,82,484
S01012275,450,64,386
S01012276,767,128,639
S01012277,639,91,548
S01012278,713,182,531
S01012279,628,92,536
S01012280,488,100,388
S01012281,490,115,375
S01012282,521,193,328
S01012283,437,83,354
S01012284,436,126,310
S01012285,308,93,215
S01012286,590,92,498
S01012287,599,113,486
S01012288,550,106,444
S01012289,580,176,404
S01012290,328,109,219
S01012291,371,64,307
S01012292,630,221,409
S01012293,442,65,377
S01012294,447,62,385
S01012295,280,20,260
S01012296,462,50,412
S01012297,447,58,389
S01012298,591,121,470
S01012299,257,44,213
S01012300,558,155,403
S01012301,441,86,355
S01012302,321,60,261
S01012303,410,90,320
S01012304,522,117,405
S01012305,431,141,290
S01012306,440,152,288
S01012307,451,117,334
S01012308,408,88,320
S01012309,440,128,312
S01012310,702,175,527
S01012311,415,138,277
S01012312,439,92,347
S01012313,384,86,298
S01012314,414,108,306
S01012315,447,148,299
S01012316,353,108,245
S01012317,222,63,159
S01012318,329,51,278
S01012319,485,101,384
S01012320,349,89,260
S01012321,551,142,409
S01012322,551,147,404
S01012323,632,164,468
S01012324,469,104,365
S01012325,437,173,264
S01012326,496,160,336
S01012327,433,135,298
S01012328,408,144,264
S01012329,446,121,325
S01012330,321,99,222
S01012331,537,171,366
S01012332,537,115,422
S01012333,613,155,458
S01012334,411,128,283
S01012335,786,148,638
S01012336,451,161,290
S01012337,520,183,337
S01012338,480,181,299
S01012339,561,201,360
S01012340,523,160,363
S01012341,404,72,332
S01012342,437,119,318
S01012343,498,104,394
S01012344,541,123,418
S01012345,357,91,266
S01012346,575,142,433
S01012347,327,123,204
S01012348,531,139,392
S01012349,503,133,370
S01012350,535,141,394
S01012351,464,117,347
S01012352,552,146,406
S01012353,488,140,348
S01012354,518,179,339
S01012355,468,89,379
S01012356,532,148,384
S01012357,427,100,327
S01012358,376,91,285
S01012359,422,91,331
S01012360,324,49,275
S01012361,371,72,299
S01012362,477,66,411
S01012363,709,216,493
S01012364,487,136,351
S01012365,573,157,416
S01012366,609,193,416
S01012367,492,139,353
S01012368,367,101,266
S01012369,506,148,358
S01012370,708,213,495
S01012371,619,186,433
S01012372,663,198,465
S01012373,608,155,453
S01012374,402,92,310
S01012375,595,147,448
S01012376,407,75,332
S01012377,324,80,244
S01012378,299,67,232
S01012379,263,65,198
S01012380,687,133,554
S01012381,560,209,351
S01012382,489,126,363
S01012383,540,183,357
S01012384,307,101,206
S01012385,370,62,308
S01012386,521,90,431
S01012387,407,96,311
S01012388,306,62,244
S01012389,388,54,334
S01012390,307,49,258
S01012391,593,73,520
S01012392,353,55,298
S01012393,558,90,468
S01012394,426,66,360
S01012395,379,100,279
S01012396,428,102,326
S01012397,418,128,290
S01012398,532,106,426
S01012399,393,101,292
S01012400,441,86,355
S01012401,469,63,406
S01012402,184,19,165
S01012403,437,75,362
S01012404,589,105,484
S01012405,274,41,233
S01012406,303,65,238
S01012407,432,85,347
S01012408,336,73,263
S01012409,483,108,375
S01012410,543,81,462
S01012411,593,100,493
S01012412,281,58,223
S01012413,450,131,319
S01012414,341,104,237
S01012415,278,69,209
S01012416,216,65,151
S01012417,299,99,200
S01012418,343,91,252
S01012419,438,120,318
S01012420,469,112,357
S01012421,471,135,336
S01012422,579,138,441
S01012423,443,98,345
S01012424,414,100,314
S01012425,307,85,222
S01012426,286,67,219
S01012427,336,76,260
S01012428,368,90,278
S01012429,286,94,192
S01012430,491,148,343
S01012431,505,177,328
S01012432,395,148,247
S01012433,422,161,261
S01012434,394,87,307
S01012435,446,94,352
S01012436,410,82,328
S01012437,362,92,270
S01012438,429,70,359
S01012439,414,95,319
S01012440,378,78,300
S01012441,419,97,322
S01012442,423,80,343
S01012443,313,68,245
S01012444,538,133,405
S01012445,39,16,23
S01012446,321,69,252
S01012447,404,97,307
S01012448,361,61,300
S01012449,302,57,245
S01012450,368,66,302
S01012451,397,175,222
S01012452,365,146,219
S01012453,413,138,275
S01012454,462,169,293
S01012455,246,79,167
S01012456,385,119,266
S01012457,561,152,409
S01012458,358,116,242
S01012459,336,73,263
S01012460,331,101,230
S01012461,276,74,202
S01012462,449,130,319
S01012463,329,52,277
S01012464,255,19,236
S01012465,312,47,265
S01012466,453,133,320
S01012467,574,174,400
S01012468,359,95,264
S01012469,466,145,321
S01012470,492,149,343
S01012471,352,126,226
S01012472,359,143,216
S01012473,276,65,211
S01012474,430,154,276
S01012475,344,122,222
S01012476,495,137,358
S01012477,337,74,263
S01012478,368,94,274
S01012479,393,74,319
S01012480,460,68,392
S01012481,419,67,352
S01012482,466,208,258
S01012483,570,145,425
S01012484,515,143,372
S01012485,610,227,383
S01012486,352,163,189
S01012487,306,58,248
S01012488,483,137,346
S01012489,656,79,577
S01012490,731,141,590
S01012491,389,44,345
S01012492,623,145,478
S01012493,478,228,250
S01012494,642,157,485
S01012495,539,120,419
S01012496,314,79,235
S01012497,310,88,222
S01012498,385,63,322
S01012499,501,74,427
S01012500,263,52,211
S01012501,401,61,340
S01012502,471,49,422
S01012503,308,76,232
S01012504,323,65,258
S01012505,547,132,415
S01012506,241,78,163
S01012507,482,117,365
S01012508,446,108,338
S01012509,256,78,178
S01012510,457,88,369
S01012511,388,88,300
S01012512,403,92,311
S01012513,234,39,195
S01012514,335,26,309
S01012515,404,122,282
S01012516,301,86,215
S01012517,482,96,386
S01012518,452,149,303
S01012519,416,132,284
S01012520,345,118,227
S01012521,383,104,279
S01012522,396,114,282
S01012523,488,170,318
S01012524,520,216,304
S01012525,473,141,332
S01012526,421,160,261
S01012527,285,90,195
S01012528,337,59,278
S01012529,403,110,293
S01012530,499,182,317
S01012531,500,122,378
S01012532,481,102,379
S01012533,456,124,332
S01012534,440,134,306
S01012535,408,101,307
S01012536,341,74,267
S01012537,477,102,375
S01012538,527,111,416
S01012539,356,93,263
S01012540,440,100,340
S01012541,495,86,409
S01012542,512,135,377
S01012543,276,48,228
S01012544,388,79,309
S01012545,270,71,199
S01012546,384,91,293
S01012547,312,95,217
S01012548,465,130,335
S01012549,372,91,281
S01012550,416,99,317
S01012551,436,94,342
S01012552,386,98,288
S01012553,360,45,315
S01012554,341,67,274
S01012555,211,33,178
S01012556,221,57,164
S01012557,322,88,234
S01012558,344,57,287
S01012559,600,221,379
S01012560,527,187,340
S01012561,578,207,371
S01012562,701,212,489
S01012563,331,126,205
S01012564,397,143,254
S01012565,491,200,291
S01012566,485,132,353
S01012567,621,148,473
S01012568,457,155,302
S01012569,354,124,230
S01012570,314,59,255
S01012571,362,72,290
S01012572,244,49,195
S01012573,325,49,276
S01012574,536,114,422
S01012575,346,79,267
S01012576,527,131,396
S01012577,437,107,330
S01012578,682,237,445
S01012579,330,51,279
S01012580,325,50,275
S01012581,486,88,398
S01012582,417,70,347
S01012583,326,61,265
S01012584,331,85,246
S01012585,708,153,555
S01012586,313,43,270
S01012587,387,58,329
S01012588,310,53,257
S01012589,337,68,269
S01012590,503,135,368
S01012591,556,149,407
S01012592,266,37,229
S01012593,473,56,417
S01012594,293,74,219
S01012595,370,88,282
S01012596,347,61,286
S01012597,170,37,133
S01012598,332,73,259
S01012599,356,93,263
S01012600,308,41,267
S01012601,357,56,301
S01012602,388,117,271
S01012603,337,78,259
S01012604,369,82,287
S01012605,388,93,295
S01012606,106,2,104
S01012607,312,55,257
S01012608,458,111,347
S01012609,439,100,339
S01012610,561,90,471
S01012611,382,82,300
S01012612,478,118,360
S01012613,517,83,434
S01012614,494,110,384
S01012615,441,108,333
S01012616,419,91,328
S01012617,294,28,266
S01012618,266,32,234
S01012619,382,107,275
S01012620,425,140,285
S01012621,421,138,283
S01012622,390,98,292
S01012623,417,84,333
S01012624,359,85,274
S01012625,343,67,276
S01012626,347,67,280
S01012627,283,55,228
S01012628,545,76,469
S01012629,144,40,104
S01012630,508,197,311
S01012631,497,67,430
S01012632,304,53,251
S01012633,458,114,344
S01012634,596,142,454
S01012635,791,131,660
S01012636,599,73,526
S01012637,471,96,375
S01012638,479,140,339
S01012639,672,245,427
S01012640,610,115,495
S01012641,484,176,308
S01012642,750,146,604
S01012643,238,42,196
S01012644,345,107,238
S01012645,598,154,444
S01012646,535,99,436
S01012647,438,29,409
S01012648,293,55,238
S01012649,363,86,277
S01012650,342,66,276
S01012651,380,95,285
S01012652,431,88,343
S01012653,405,48,357
S01012654,401,74,327
S01012655,567,116,451
S01012656,465,125,340
S01012657,406,86,320
S01012658,424,109,315
S01012659,298,40,258
S01012660,338,92,246
S01012661,415,84,331
S01012662,438,110,328
S01012663,422,113,309
S01012664,520,130,390
S01012665,397,95,302
S01012666,377,104,273
S01012667,324,76,248
S01012668,506,106,400
S01012669,417,110,307
S01012670,295,86,209
S01012671,562,110,452
S01012672,403,81,322
S01012673,394,63,331
S01012674,320,57,263
S01012675,476,80,396
S01012676,387,62,325
S01012677,256,53,203
S01012678,268,32,236
S01012679,372,99,273
S01012680,210,37,173
S01012681,370,81,289
S01012682,365,127,238
S01012683,405,51,354
S01012684,177,31,146
S01012685,488,79,409
S01012686,568,120,448
S01012687,561,188,373
S01012688,483,138,345
S01012689,226,50,176
S01012690,202,39,163
S01012691,402,85,317
S01012692,443,114,329
S01012693,321,45,276
S01012694,261,56,205
S01012695,306,53,253
S01012696,272,47,225
S01012697,197,38,159
S01012698,427,93,334
S01012699,429,91,338
S01012700,341,69,272
S01012701,501,132,369
S01012702,292,50,242
S01012703,270,24,246
S01012704,329,56,273
S01012705,257,18,239
S01012706,421,75,346
S01012707,322,47,275
S01012708,431,92,339
S01012709,310,92,218
S01012710,474,107,367
S01012711,611,121,490
S01012712,358,117,241
S01012713,510,166,344
S01012714,285,93,192
S01012715,539,122,417
S01012716,472,138,334
S01012717,685,222,463
S01012718,489,107,382
S01012719,666,124,542
S01012720,546,77,469
S01012721,312,95,217
S01012722,605,110,495
S01012723,434,98,336
S01012724,412,109,303
S01012725,607,115,492
S01012726,411,113,298
S01012727,396,74,322
S01012728,448,54,394
S01012729,392,74,318
S01012730,266,37,229
S01012731,335,71,264
S01012732,332,53,279
S01012733,1203,25,1178
S01012734,44,9,35
S01012735,251,56,195
S01012736,501,63,438
S01012737,517,64,453
S01012738,255,44,211
S01012739,50,9,41
S01012740,40,3,37
S01012741,272,31,241
S01012742,359,74,285
S01012743,416,97,319
S01012744,277,28,249
S01012745,406,102,304
S01012746,465,76,389
S01012747,481,94,387
S01012748,369,62,307
S01012749,387,48,339
S01012750,336,39,297
S01012751,651,157,494
S01012752,375,45,330
S01012753,235,37,198
S01012754,417,83,334
S01012755,327,82,245
S01012756,759,154,605
S01012757,236,57,179
S01012758,321,63,258
S01012759,383,78,305
S01012760,424,71,353
S01012761,478,89,389
S01012762,347,88,259
S01012763,287,62,225
S01012764,424,79,345
S01012765,267,65,202
S01012766,318,63,255
S01012767,328,80,248
S01012768,344,54,290
S01012769,361,23,338
S01012770,408,103,305
S01012771,406,93,313
S01012772,480,88,392
S01012773,568,125,443
S01012774,408,55,353
S01012775,326,78,248
S01012776,383,66,317
S01012777,481,70,411
S01012778,488,57,431
S01012779,425,29,396
S01012780,443,90,353
S01012781,300,56,244
S01012782,408,76,332
S01012783,445,59,386
S01012784,533,87,446
S01012785,388,79,309
S01012786,685,107,578
S01012787,271,37,234
S01012788,409,51,358
S01012789,462,88,374
S01012790,405,85,320
S01012791,379,129,250
S01012792,551,150,401
S01012793,495,111,384
S01012794,259,57,202
S01012795,523,95,428
S01012796,389,50,339
S01012797,299,23,276
S01012798,546,177,369
S01012799,548,167,381
S01012800,487,127,360
S01012801,303,136,167
S01012802,259,34,225
S01012803,315,53,262
S01012804,396,85,311
S01012805,440,86,354
S01012806,378,60,318
S01012807,492,48,444
S01012808,475,146,329
S01012809,483,132,351
S01012810,481,118,363
S01012811,379,109,270
S01012812,402,73,329
S01012813,416,115,301
S01012814,365,34,331
S01012815,510,33,477
S01012816,369,60,309
S01012817,164,6,158
S01012818,325,20,305
S01012819,523,110,413
S01012820,892,28,864
S01012821,626,35,591
S01012822,438,68,370
S01012823,255,6,249
S01012824,551,65,486
S01012825,632,75,557
S01012826,637,44,593
S01012827,574,36,538
S01012828,833,30,803
S01012829,362,58,304
S01012830,313,71,242
S01012831,383,127,256
S01012832,215,35,180
S01012833,449,68,381
S01012834,353,61,292
S01012835,447,98,349
S01012836,203,3,200
S01012837,557,48,509
S01012838,534,44,490
S01012839,300,40,260
S01012840,367,17,350
S01012841,303,52,251
S01012842,446,57,389
S01012843,426,100,326
S01012844,335,47,288
S01012845,421,101,320
S01012846,598,169,429
S01012847,338,84,254
S01012848,349,47,302
S01012849,543,96,447
S01012850,443,132,311
S01012851,469,145,324
S01012852,438,92,346
S01012853,451,141,310
S01012854,519,86,433
S01012855,570,98,472
S01012856,529,174,355
S01012857,751,256,495
S01012858,533,94,439
S01012859,611,80,531
S01012860,382,138,244
S01012861,322,71,251
S01012862,513,116,397
S01012863,490,64,426
S01012864,469,59,410
S01012865,564,173,391
S01012866,470,124,346
S01012867,449,121,328
S01012868,462,102,360
S01012869,257,28,229
S01012870,450,120,330
S01012871,431,93,338
S01012872,378,54,324
S01012873,410,66,344
S01012874,426,95,331
S01012875,317,49,268
S01012876,429,112,317
S01012877,331,92,239
S01012878,373,61,312
S01012879,495,175,320
S01012880,435,138,297
S01012881,654,236,418
S01012882,490,59,431
S01012883,557,140,417
S01012884,337,120,217
S01012885,434,78,356
S01012886,392,111,281
S01012887,352,110,242
S01012888,393,110,283
S01012889,473,42,431
S01012890,340,49,291
S01012891,339,76,263
S01012892,610,134,476
S01012893,520,127,393
S01012894,350,51,299
S01012895,259,36,223
S01012896,574,160,414
S01012897,626,80,546
S01012898,374,44,330
S01012899,389,83,306
S01012900,445,57,388
S01012901,844,127,717
S01012902,483,89,394
S01012903,490,96,394
S01012904,480,80,400
S01012905,411,81,330
S01012906,583,149,434
S01012907,552,172,380
S01012908,551,173,378
S01012909,472,158,314
S01012910,662,160,502
S01012911,384,132,252
S01012912,649,178,471
S01012913,470,147,323
S01012914,506,90,416
S01012915,447,77,370
S01012916,442,139,303
S01012917,270,65,205
S01012918,421,121,300
S01012919,229,93,136
S01012920,258,86,172
S01012921,338,93,245
S01012922,437,94,343
S01012923,456,79,377
S01012924,269,50,219
S01012925,240,56,184
S01012926,333,67,266
S01012927,339,65,274
S01012928,463,130,333
S01012929,408,135,273
S01012930,544,182,362
S01012931,574,145,429
S01012932,251,64,187
S01012933,396,123,273
S01012934,408,121,287
S01012935,645,166,479
S01012936,459,151,308
S01012937,394,105,289
S01012938,360,106,254
S01012939,268,40,228
S01012940,327,58,269
S01012941,257,17,240
S01012942,404,83,321
S01012943,343,63,280
S01012944,295,76,219
S01012945,241,16,225
S01012946,338,40,298
S01012947,201,19,182
S01012948,397,46,351
S01012949,528,63,465
S01012950,629,59,570
S01012951,370,31,339
S01012952,541,77,464
S01012953,292,38,254
S01012954,173,21,152
S01012955,469,87,382
S01012956,458,154,304
S01012957,371,102,269
S01012958,206,28,178
S01012959,228,15,213
S01012960,276,36,240
S01012961,381,46,335
S01012962,345,71,274
S01012963,384,27,357
S01012964,541,56,485
S01012965,279,15,264
S01012966,350,39,311
S01012967,354,78,276
S01012968,338,29,309
S01012969,434,96,338
S01012970,351,79,272
S01012971,377,43,334
S01012972,400,104,296
S01012973,375,101,274
S01012974,529,145,384
S01012975,328,86,242
S01012976,289,69,220
S01012977,361,50,311
S01012978,398,54,344
S01012979,306,33,273
S01012980,384,64,320
S01012981,402,56,346
S01012982,383,77,306
S01012983,326,92,234
S01012984,359,76,283
S01012985,397,123,274
S01012986,541,106,435
S01012987,524,160,364
S01012988,563,191,372
S01012989,509,122,387
S01012990,567,165,402
S01012991,533,149,384
S01012992,515,162,353
S01012993,551,153,398
S01012994,520,137,383
S01012995,331,47,284
S01012996,343,52,291
S01012997,267,74,193
S01012998,499,87,412
S01012999,317,61,256
S01013000,551,145,406
S01013001,156,34,122
S01013002,296,73,223
S01013003,281,81,200
S01013004,384,83,301
S01013005,300,83,217
S01013006,362,89,273
S01013007,524,158,366
S01013008,489,131,358
S01013009,378,137,241
S01013010,276,72,204
S01013011,368,70,298
S01013012,491,109,382
S01013013,407,100,307
S01013014,361,104,257
S01013015,309,83,226
S01013016,403,81,322
S01013017,471,114,357
S01013018,467,105,362
S01013019,610,87,523
S01013020,432,137,295
S01013021,489,73,416
S01013022,183,42,141
S01013023,373,96,277
S01013024,274,74,200
S01013025,514,76,438
S01013026,408,68,340
S01013027,648,128,520
S01013028,367,38,329
S01013029,309,82,227
S01013030,465,63,402
S01013031,291,43,248
S01013032,255,17,238
S01013033,322,26,296
S01013034,337,77,260
S01013035,362,71,291
S01013036,341,42,299
S01013037,480,106,374
S01013038,534,118,416
S01013039,178,14,164
S01013040,324,105,219
S01013041,257,47,210
S01013042,366,53,313
S01013043,321,61,260
S01013044,489,114,375
S01013045,277,43,234
S01013046,290,52,238
S01013047,350,33,317
S01013048,585,91,494
S01013049,462,120,342
S01013050,405,77,328
S01013051,422,101,321
S01013052,391,131,260
S01013053,536,144,392
S01013054,447,118,329
S01013055,370,102,268
S01013056,594,140,454
S01013057,427,60,367
S01013058,200,23,177
S01013059,583,207,376
S01013060,303,97,206
S01013061,484,171,313
S01013062,512,169,343
S01013063,410,128,282
S01013064,519,152,367
S01013065,567,131,436
S01013066,394,73,321
S01013067,656,68,588
S01013068,765,75,690
S01013069,469,25,444
S01013070,466,33,433
S01013071,398,16,382
S01013072,393,58,335
S01013073,508,61,447
S01013074,692,117,575
S01013075,481,136,345
S01013076,245,38,207
S01013077,297,59,238
S01013078,351,53,298
S01013079,441,39,402
S01013080,491,139,352
S01013081,307,77,230
S01013082,589,146,443
S01013083,359,74,285
S01013084,428,118,310
S01013085,435,165,270
S01013086,517,109,408
S01013087,395,91,304
S01013088,388,115,273
S01013089,391,106,285
S01013090,643,64,579
S01013091,443,43,400
S01013092,673,103,570
S01013093,223,70,153
S01013094,285,82,203
S01013095,583,58,525
S01013096,248,50,198
S01013097,579,51,528
S01013098,28,7,21
S01013099,439,125,314
S01013100,440,160,280
S01013101,816,236,580
S01013102,330,128,202
S01013103,289,44,245
S01013104,443,121,322
S01013105,387,104,283
S01013106,433,109,324
S01013107,344,88,256
S01013108,292,63,229
S01013109,635,116,519
S01013110,245,53,192
S01013111,316,78,238
S01013112,348,55,293
S01013113,468,156,312
S01013114,609,161,448
S01013115,468,166,302
S01013116,423,147,276
S01013117,452,92,360
S01013118,413,86,327
S01013119,337,78,259
S01013120,525,132,393
S01013121,173,37,136
S01013122,491,67,424
S01013123,526,88,438
S01013124,558,115,443
S01013125,426,103,323
S01013126,453,53,400
S01013127,506,77,429
S01013128,684,94,590
S01013129,624,115,509
S01013130,488,80,408
S01013131,448,76,372
S01013132,385,87,298
S01013133,496,75,421
S01013134,376,89,287
S01013135,501,87,414
S01013136,508,118,390
S01013137,414,107,307
S01013138,449,61,388
S01013139,539,125,414
S01013140,486,121,365
S01013141,330,97,233
S01013142,607,200,407
S01013143,506,130,376
S01013144,427,128,299
S01013145,457,142,315
S01013146,242,63,179
S01013147,351,104,247
S01013148,526,143,383
S01013149,418,92,326
S01013150,403,111,292
S01013151,261,56,205
S01013152,601,139,462
S01013153,446,78,368
S01013154,631,123,508
S01013155,399,26,373
S01013156,452,71,381
S01013157,539,74,465
S01013158,290,52,238
S01013159,349,85,264
S01013160,353,64,289
S01013161,488,105,383
S01013162,570,148,422
S01013163,318,53,265
S01013164,574,119,455
S01013165,569,166,403
S01013166,462,78,384
S01013167,653,98,555
S01013168,477,127,350
S01013169,392,127,265
S01013170,565,108,457
S01013171,286,33,253
S01013172,362,61,301
S01013173,358,50,308
S01013174,432,56,376
S01013175,333,63,270
S01013176,524,144,380
S01013177,480,118,362
S01013178,346,80,266
S01013179,614,107,507
S01013180,170,15,155
S01013181,406,97,309
S01013182,409,130,279
S01013183,412,74,338
S01013184,279,27,252
S01013185,482,93,389
S01013186,323,41,282
S01013187,449,70,379
S01013188,391,72,319
S01013189,320,72,248
S01013190,406,97,309
S01013191,386,63,323
S01013192,465,108,357
S01013193,356,73,283
S01013194,660,101,559
S01013195,597,134,463
S01013196,412,83,329
S01013197,262,91,171
S01013198,415,106,309
S01013199,488,169,319
S01013200,465,148,317
S01013201,418,64,354
S01013202,235,28,207
S01013203,478,82,396
S01013204,431,47,384
S01013205,300,31,269
S01013206,418,63,355
S01013207,527,93,434
S01013208,371,36,335
S01013209,520,125,395
S01013210,355,68,287
S01013211,487,119,368
S01013212,287,9,278
S01013213,325,15,310
S01013214,159,11,148
S01013215,385,36,349
S01013216,340,27,313
S01013217,334,49,285
S01013218,310,34,276
S01013219,282,31,251
S01013220,389,78,311
S01013221,446,76,370
S01013222,370,83,287
S01013223,761,226,535
S01013224,503,73,430
S01013225,478,55,423
S01013226,338,33,305
S01013227,319,83,236
S01013228,463,68,395
S01013229,508,97,411
S01013230,450,143,307
S01013231,595,124,471
S01013232,373,114,259
S01013233,262,78,184
S01013234,248,40,208
S01013235,538,140,398
S01013236,431,113,318
S01013237,432,59,373
S01013238,536,102,434
S01013239,459,78,381
S01013240,368,58,310
S01013241,336,72,264
S01013242,254,68,186
S01013243,356,54,302
S01013244,551,122,429
S01013245,407,80,327
S01013246,184,29,155
S01013247,409,59,350
S01013248,335,58,277
S01013249,458,71,387
S01013250,527,72,455
S01013251,396,49,347
S01013252,471,70,401
S01013253,371,78,293
S01013254,409,80,329
S01013255,448,81,367
S01013256,433,113,320
S01013257,531,176,355
S01013258,429,90,339
S01013259,561,111,450
S01013260,386,68,318
S01013261,490,72,418
S01013262,350,72,278
S01013263,374,36,338
S01013264,94,8,86
S01013265,316,25,291
S01013266,134,3,131
S01013267,303,47,256
S01013268,511,74,437
S01013269,464,59,405
S01013270,285,27,258
S01013271,454,76,378
S01013272,419,64,355
S01013273,286,14,272
S01013274,404,64,340
S01013275,407,56,351
S01013276,367,48,319
S01013277,363,57,306
S01013278,415,79,336
S01013279,354,45,309
S01013280,331,63,268
S01013281,384,87,297
S01013282,346,32,314
S01013283,486,34,452
S01013284,301,35,266
S01013285,304,36,268
S01013286,331,40,291
S01013287,290,28,262
S01013288,341,84,257
S01013289,417,75,342
S01013290,462,53,409
S01013291,441,38,403
S01013292,333,52,281
S01013293,325,46,279
S01013294,354,43,311
S01013295,376,44,332
S01013296,386,89,297
S01013297,525,134,391
S01013298,352,93,259
S01013299,545,85,460
S01013300,529,85,444
S01013301,309,75,234
S01013302,528,52,476
S01013303,692,141,551
S01013304,477,57,420
S01013305,444,81,363
S01013306,547,66,481
S01013307,538,48,490
S01013308,519,34,485
S01013309,355,49,306
S01013310,241,41,200
S01013311,500,51,449
S01013312,773,152,621
S01013313,276,50,226
S01013314,365,80,285
S01013315,114,21,93
S01013316,303,92,211
S01013317,315,64,251
S01013318,278,27,251
S01013319,311,18,293
S01013320,255,8,247
S01013321,255,53,202
S01013322,267,35,232
S01013323,416,56,360
S01013324,415,58,357
S01013325,555,43,512
S01013326,421,74,347
S01013327,346,53,293
S01013328,274,28,246
S01013329,228,46,182
S01013330,402,20,382
S01013331,248,9,239
S01013332,354,81,273
S01013333,451,50,401
S01013334,290,26,264
S01013335,368,35,333
S01013336,410,40,370
S01013337,1020,129,891
S01013338,159,28,131
S01013339,344,50,294
S01013340,534,83,451
S01013341,388,40,348
S01013342,356,71,285
S01013343,312,47,265
S01013344,521,99,422
S01013345,336,45,291
S01013346,288,14,274
S01013347,328,38,290
S01013348,522,30,492
S01013349,494,50,444
S01013350,644,63,581
S01013351,320,52,268
S01013352,405,64,341
S01013353,468,56,412
S01013354,404,96,308
S01013355,407,91,316
S01013356,450,83,367
S01013357,460,71,389
S01013358,471,142,329
S01013359,298,69,229
S01013360,299,65,234
S01013361,632,120,512
S01013362,259,73,186
S01013363,561,98,463
S01013364,327,62,265
S01013365,523,74,449
S01013366,237,26,211
S01013367,281,34,247
S01013368,389,102,287
S01013369,420,109,311
S01013370,433,77,356
S01013371,414,161,253
S01013372,528,110,418
S01013373,635,121,514
S01013374,522,158,364
S01013375,306,76,230
S01013376,311,88,223
S01013377,377,113,264
S01013378,461,88,373
S01013379,479,77,402
S01013380,518,45,473
S01013381,321,76,245
S01013382,418,84,334
S01013383,428,146,282
S01013384,510,131,379
S01013385,287,68,219
S01013386,322,54,268
S01013387,334,85,249
S01013388,382,140,242
S01013389,451,77,374
S01013390,251,48,203
S01013391,435,105,330
S01013392,394,32,362
S01013393,748,101,647
S01013394,322,52,270
S01013395,661,47,614
S01013396,471,17,454
S01013397,421,91,330
S01013398,90,17,73
S01013399,439,51,388
S01013400,314,44,270
S01013401,1370,33,1337
S01013402,112,9,103
S01013403,41,20,21
S01013404,1619,75,1544
S01013405,329,100,229
S01013406,318,60,258
S01013407,711,103,608
S01013408,367,100,267
S01013409,532,67,465
S01013410,272,36,236
S01013411,414,73,341
S01013412,364,64,300
S01013413,479,145,334
S01013414,533,166,367
S01013415,502,140,362
S01013416,276,53,223
S01013417,442,81,361
S01013418,198,30,168
S01013419,221,46,175
S01013420,539,85,454
S01013421,334,20,314
S01013422,409,82,327
S01013423,375,87,288
S01013424,320,54,266
S01013425,199,45,154
S01013426,393,83,310
S01013427,297,38,259
S01013428,642,74,568
S01013429,645,99,546
S01013430,688,73,615
S01013431,438,87,351
S01013432,329,47,282
S01013433,309,75,234
S01013434,207,37,170
S01013435,272,27,245
S01013436,390,80,310
S01013437,363,52,311
S01013438,354,86,268
S01013439,351,91,260
S01013440,481,102,379
S01013441,383,88,295
S01013442,378,51,327
S01013443,295,64,231
S01013444,654,173,481
S01013445,252,86,166
S01013446,309,77,232
S01013447,198,5,193
S01013448,515,168,347
S01013449,328,67,261
S01013450,332,45,287
S01013451,296,16,280
S01013452,261,28,233
S01013453,451,93,358
S01013454,317,61,256
S01013455,262,54,208
S01013456,509,125,384
S01013457,426,94,332
S01013458,378,67,311
S01013459,496,122,374
S01013460,418,82,336
S01013461,483,64,419
S01013462,412,40,372
S01013463,378,37,341
S01013464,362,100,262
S01013465,395,121,274
S01013466,116,26,90
S01013467,364,67,297
S01013468,303,69,234
S01013469,480,137,343
S01013470,416,61,355
S01013471,383,67,316
S01013472,417,39,378
S01013473,227,49,178
S01013474,297,28,269
S01013475,582,65,517
S01013476,271,69,202
S01013477,492,139,353
S01013478,380,39,341
S01013479,528,130,398
S01013480,302,104,198
S01013481,447,53,394
