dz_2011,total,religious,nonreligious
S01006506,872,462,410
S01006507,1042,600,442
S01006508,888,453,435
S01006509,693,388,305
S01006510,748,454,294
S01006511,1083,685,398
S01006512,395,260,135
S01006513,1166,750,416
S01006514,1240,803,437
S01006515,1123,702,421
S01006516,910,559,351
S01006517,1014,640,374
S01006518,957,603,354
S01006519,865,573,292
S01006520,883,556,327
S01006521,743,387,356
S01006522,574,364,210
S01006523,1501,927,574
S01006524,1320,891,429
S01006525,1289,844,445
S01006526,1404,676,728
S01006527,1328,605,723
S01006528,1127,564,563
S01006529,1086,588,498
S01006530,1133,579,554
S01006531,1311,630,681
S01006532,1002,571,431
S01006533,837,484,353
S01006534,910,518,392
S01006535,1105,572,533
S01006536,1347,634,713
S01006537,847,538,309
S01006538,664,428,236
S01006539,1025,616,409
S01006540,1264,720,544
S01006541,952,579,373
S01006542,1001,682,319
S01006543,1075,729,346
S01006544,1430,909,521
S01006545,1276,845,431
S01006546,1128,750,378
S01006547,1461,857,604
S01006548,721,483,238
S01006549,927,617,310
S01006550,1181,766,415
S01006551,1009,580,429
S01006552,1252,707,545
S01006553,1027,645,382
S01006554,942,483,459
S01006555,1019,491,528
S01006556,976,477,499
S01006557,799,379,420
S01006558,843,418,425
S01006559,703,421,282
S01006560,1033,634,399
S01006561,852,484,368
S01006562,978,591,387
S01006563,1023,603,420
S01006564,1190,615,575
S01006565,1206,617,589
S01006566,832,386,446
S01006567,1211,614,597
S01006568,1135,591,544
S01006569,748,418,330
S01006570,899,542,357
S01006571,1237,674,563
S01006572,1371,852,519
S01006573,724,431,293
S01006574,1001,588,413
S01006575,1180,628,552
S01006576,902,512,390
S01006577,904,470,434
S01006578,1744,880,864
S01006579,1367,716,651
S01006580,855,435,420
S01006581,1344,838,506
S01006582,695,386,309
S01006583,1091,522,569
S01006584,919,452,467
S01006585,872,411,461
S01006586,941,475,466
S01006587,658,341,317
S01006588,915,446,469
S01006589,1330,619,711
S01006590,649,350,299
S01006591,880,428,452
S01006592,654,298,356
S01006593,923,442,481
S01006594,794,436,358
S01006595,1031,508,523
S01006596,924,441,483
S01006597,790,346,444
S01006598,1295,736,559
S01006599,1157,641,516
S01006600,1424,796,628
S01006601,1002,544,458
S01006602,1044,620,424
S01006603,1337,699,638
S01006604,920,422,498
S01006605,929,446,483
S01006606,1244,655,589
S01006607,1260,559,701
S01006608,1555,734,821
S01006609,1352,614,738
S01006610,701,295,406
S01006611,1111,508,603
S01006612,997,461,536
S01006613,453,209,244
S01006614,908,399,509
S01006615,402,195,207
S01006616,755,294,461
S01006617,994,485,509
S01006618,514,262,252
S01006619,948,431,517
S01006620,1020,414,606
S01006621,748,349,399
S01006622,669,295,374
S01006623,1410,640,770
S01006624,959,475,484
S01006625,844,371,473
S01006626,866,378,488
S01006627,859,432,427
S01006628,1410,768,642
S01006629,959,470,489
S01006630,852,327,525
S01006631,1102,510,592
S01006632,1045,465,580
S01006633,950,332,618
S01006634,870,323,547
S01006635,1040,483,557
S01006636,1084,410,674
S01006637,753,372,381
S01006638,1111,531,580
S01006639,1006,519,487
S01006640,817,410,407
S01006641,1351,625,726
S01006642,1373,681,692
S01006643,1248,600,648
S01006644,1031,483,548
S01006645,1548,792,756
S01006646,1369,687,682
S01006647,961,456,505
S01006648,2018,990,1028
S01006649,1204,608,596
S01006650,1422,757,665
S01006651,776,432,344
S01006652,826,429,397
S01006653,818,415,403
S01006654,914,444,470
S01006655,724,406,318
S01006656,1095,546,549
S01006657,599,297,302
S01006658,1280,670,610
S01006659,883,484,399
S01006660,833,469,364
S01006661,736,416,320
S01006662,942,502,440
S01006663,1309,671,638
S01006664,511,263,248
S01006665,935,480,455
S01006666,1818,985,833
S01006667,1260,613,647
S01006668,908,447,461
S01006669,1334,736,598
S01006670,929,503,426
S01006671,2611,1380,1231
S01006672,810,370,440
S01006673,973,534,439
S01006674,1048,549,499
S01006675,774,401,373
S01006676,881,450,431
S01006677,723,387,336
S01006678,1273,712,561
S01006679,945,481,464
S01006680,971,580,391
S01006681,1097,531,566
S01006682,956,562,394
S01006683,1283,678,605
S01006684,870,444,426
S01006685,910,411,499
S01006686,952,406,546
S01006687,1000,518,482
S01006688,1041,581,460
S01006689,629,363,266
S01006690,795,427,368
S01006691,918,465,453
S01006692,862,505,357
S01006693,1274,652,622
S01006694,1144,607,537
S01006695,712,364,348
S01006696,1150,541,609
S01006697,1163,574,589
S01006698,936,514,422
S01006699,784,446,338
S01006700,1228,730,498
S01006701,1040,379,661
S01006702,934,410,524
S01006703,773,344,429
S01006704,805,303,502
S01006705,944,371,573
S01006706,809,339,470
S01006707,685,265,420
S01006708,865,440,425
S01006709,1245,512,733
S01006710,1064,501,563
S01006711,1125,539,586
S01006712,631,284,347
S01006713,939,406,533
S01006714,900,378,522
S01006715,1123,334,789
S01006716,606,227,379
S01006717,1068,489,579
S01006718,627,267,360
S01006719,1031,387,644
S01006720,745,296,449
S01006721,942,385,557
S01006722,856,351,505
S01006723,987,420,567
S01006724,1367,513,854
S01006725,960,393,567
S01006726,1391,641,750
S01006727,1370,647,723
S01006728,887,416,471
S01006729,986,434,552
S01006730,778,381,397
S01006731,503,199,304
S01006732,1494,852,642
S01006733,911,528,383
S01006734,1147,710,437
S01006735,929,672,257
S01006736,1318,718,600
S01006737,1059,710,349
S01006738,829,340,489
S01006739,607,270,337
S01006740,1039,570,469
S01006741,754,435,319
S01006742,460,224,236
S01006743,1081,535,546
S01006744,662,266,396
S01006745,1048,523,525
S01006746,846,421,425
S01006747,1141,744,397
S01006748,1163,664,499
S01006749,1351,747,604
S01006750,812,498,314
S01006751,509,281,228
S01006752,810,447,363
S01006753,913,540,373
S01006754,1132,695,437
S01006755,1090,585,505
S01006756,990,487,503
S01006757,1306,690,616
S01006758,694,326,368
S01006759,1334,640,694
S01006760,593,281,312
S01006761,927,508,419
S01006762,939,591,348
S01006763,1100,487,613
S01006764,790,384,406
S01006765,725,338,387
S01006766,608,318,290
S01006767,869,487,382
S01006768,599,320,279
S01006769,1283,662,621
S01006770,655,352,303
S01006771,563,300,263
S01006772,1218,615,603
S01006773,734,405,329
S01006774,861,464,397
S01006775,758,343,415
S01006776,662,375,287
S01006777,918,532,386
S01006778,867,454,413
S01006779,1058,525,533
S01006780,868,460,408
S01006781,972,576,396
S01006782,1016,555,461
S01006783,672,390,282
S01006784,706,392,314
S01006785,785,438,347
S01006786,1087,544,543
S01006787,969,517,452
S01006788,646,324,322
S01006789,942,610,332
S01006790,980,641,339
S01006791,536,337,199
S01006792,696,440,256
S01006793,619,396,223
S01006794,775,469,306
S01006795,777,420,357
S01006796,795,424,371
S01006797,752,431,321
S01006798,738,477,261
S01006799,1053,609,444
S01006800,960,591,369
S01006801,1414,855,559
S01006802,675,403,272
S01006803,766,500,266
S01006804,1274,746,528
S01006805,1346,744,602
S01006806,1095,651,444
S01006807,620,320,300
S01006808,973,562,411
S01006809,975,597,378
S01006810,1010,575,435
S01006811,1090,587,503
S01006812,835,483,352
S01006813,996,579,417
S01006814,1109,657,452
S01006815,753,443,310
S01006816,944,550,394
S01006817,865,531,334
S01006818,719,438,281
S01006819,1266,726,540
S01006820,640,352,288
S01006821,1161,640,521
S01006822,759,477,282
S01006823,885,534,351
S01006824,736,354,382
S01006825,1017,568,449
S01006826,1310,773,537
S01006827,1041,580,461
S01006828,1011,550,461
S01006829,706,382,324
S01006830,634,382,252
S01006831,1231,785,446
S01006832,1029,621,408
S01006833,730,424,306
S01006834,336,177,159
S01006835,1291,808,483
S01006836,514,254,260
S01006837,1004,547,457
S01006838,979,541,438
S01006839,933,500,433
S01006840,1211,703,508
S01006841,1332,736,596
S01006842,996,539,457
S01006843,965,491,474
S01006844,671,314,357
S01006845,1033,518,515
S01006846,890,466,424
S01006847,807,433,374
S01006848,1396,718,678
S01006849,1300,583,717
S01006850,1119,501,618
S01006851,805,415,390
S01006852,595,316,279
S01006853,948,543,405
S01006854,1601,1003,598
S01006855,790,514,276
S01006856,942,549,393
S01006857,1052,653,399
S01006858,642,393,249
S01006859,1439,824,615
S01006860,692,438,254
S01006861,861,508,353
S01006862,933,585,348
S01006863,1291,767,524
S01006864,148,96,52
S01006865,938,581,357
S01006866,636,438,198
S01006867,1210,770,440
S01006868,879,504,375
S01006869,581,328,253
S01006870,630,380,250
S01006871,1006,597,409
S01006872,1639,934,705
S01006873,1250,831,419
S01006874,584,326,258
S01006875,1009,569,440
S01006876,1121,651,470
S01006877,1101,611,490
S01006878,958,615,343
S01006879,1135,703,432
S01006880,787,456,331
S01006881,578,340,238
S01006882,841,530,311
S01006883,646,428,218
S01006884,1050,614,436
S01006885,754,470,284
S01006886,733,423,310
S01006887,905,494,411
S01006888,939,480,459
S01006889,647,298,349
S01006890,1070,614,456
S01006891,645,347,298
S01006892,584,306,278
S01006893,1004,519,485
S01006894,597,390,207
S01006895,474,264,210
S01006896,749,508,241
S01006897,1007,568,439
S01006898,548,330,218
S01006899,510,249,261
S01006900,455,261,194
S01006901,793,449,344
S01006902,693,383,310
S01006903,947,555,392
S01006904,569,301,268
S01006905,1010,693,317
S01006906,948,566,382
S01006907,716,432,284
S01006908,911,556,355
S01006909,428,250,178
S01006910,501,291,210
S01006911,1869,943,926
S01006912,245,132,113
S01006913,2012,1016,996
S01006914,862,511,351
S01006915,848,476,372
S01006916,360,203,157
S01006917,1458,648,810
S01006918,1807,860,947
S01006919,687,403,284
S01006920,816,487,329
S01006921,1086,581,505
S01006922,2000,942,1058
S01006923,1473,848,625
S01006924,758,411,347
S01006925,499,258,241
S01006926,1739,827,912
S01006927,374,190,184
S01006928,2797,1348,1449
S01006929,1797,1044,753
S01006930,677,436,241
S01006931,1948,1016,932
S01006932,838,455,383
S01006933,801,441,360
S01006934,1749,984,765
S01006935,911,548,363
S01006936,698,389,309
S01006937,786,452,334
S01006938,844,546,298
S01006939,615,376,239
S01006940,995,612,383
S01006941,1283,678,605
S01006942,2211,1239,972
S01006943,1763,908,855
S01006944,83,51,32
S01006945,894,539,355
S01006946,1348,626,722
S01006947,1444,727,717
S01006948,1443,709,734
S01006949,765,405,360
S01006950,718,311,407
S01006951,1316,678,638
S01006952,1529,747,782
S01006953,1542,834,708
S01006954,1765,869,896
S01006955,622,267,355
S01006956,1548,771,777
S01006957,1675,847,828
S01006958,1006,615,391
S01006959,856,552,304
S01006960,2275,1137,1138
S01006961,2321,1177,1144
S01006962,871,552,319
S01006963,971,594,377
S01006964,850,430,420
S01006965,501,310,191
S01006966,731,356,375
S01006967,744,411,333
S01006968,1120,697,423
S01006969,1009,614,395
S01006970,614,380,234
S01006971,991,616,375
S01006972,522,314,208
S01006973,594,370,224
S01006974,1389,751,638
S01006975,1168,638,530
S01006976,2534,1280,1254
S01006977,2911,1528,1383
S01006978,855,499,356
S01006979,1437,915,522
S01006980,688,418,270
S01006981,798,438,360
S01006982,1212,652,560
S01006983,1001,555,446
S01006984,976,525,451
S01006985,1345,786,559
S01006986,777,387,390
S01006987,1039,649,390
S01006988,765,403,362
S01006989,855,470,385
S01006990,1009,553,456
S01006991,617,369,248
S01006992,883,498,385
S01006993,740,428,312
S01006994,642,385,257
S01006995,1152,603,549
S01006996,939,483,456
S01006997,786,410,376
S01006998,1206,654,552
S01006999,872,528,344
S01007000,1439,818,621
S01007001,1382,778,604
S01007002,758,393,365
S01007003,616,401,215
S01007004,1043,614,429
S01007005,1041,564,477
S01007006,1003,610,393
S01007007,848,475,373
S01007008,884,562,322
S01007009,1297,802,495
S01007010,880,586,294
S01007011,1124,652,472
S01007012,921,465,456
S01007013,1287,793,494
S01007014,1389,776,613
S01007015,739,437,302
S01007016,592,328,264
S01007017,1047,609,438
S01007018,1204,710,494
S01007019,1061,686,375
S01007020,1373,897,476
S01007021,1369,903,466
S01007022,851,513,338
S01007023,678,442,236
S01007024,1203,728,475
S01007025,1188,756,432
S01007026,1026,675,351
S01007027,1314,787,527
S01007028,1507,959,548
S01007029,662,377,285
S01007030,1009,628,381
S01007031,630,348,282
S01007032,1165,682,483
S01007033,1060,588,472
S01007034,1057,579,478
S01007035,922,499,423
S01007036,1135,708,427
S01007037,1157,665,492
S01007038,854,426,428
S01007039,967,490,477
S01007040,1237,680,557
S01007041,925,498,427
S01007042,987,563,424
S01007043,1112,717,395
S01007044,1013,731,282
S01007045,948,593,355
S01007046,574,353,221
S01007047,1014,593,421
S01007048,1303,778,525
S01007049,1039,582,457
S01007050,1042,561,481
S01007051,1029,604,425
S01007052,573,302,271
S01007053,802,513,289
S01007054,1130,668,462
S01007055,515,324,191
S01007056,902,551,351
S01007057,833,517,316
S01007058,768,473,295
S01007059,1336,702,634
S01007060,604,282,322
S01007061,1155,629,526
S01007062,758,420,338
S01007063,1503,874,629
S01007064,762,449,313
S01007065,950,488,462
S01007066,648,334,314
S01007067,1290,775,515
S01007068,692,369,323
S01007069,997,481,516
S01007070,733,364,369
S01007071,1234,602,632
S01007072,1482,873,609
S01007073,1529,828,701
S01007074,1102,563,539
S01007075,901,395,506
S01007076,1048,525,523
S01007077,757,408,349
S01007078,964,531,433
S01007079,1226,703,523
S01007080,790,431,359
S01007081,1064,488,576
S01007082,699,313,386
S01007083,937,483,454
S01007084,911,595,316
S01007085,1118,626,492
S01007086,1385,736,649
S01007087,986,533,453
S01007088,651,290,361
S01007089,529,351,178
S01007090,540,266,274
S01007091,1388,762,626
S01007092,624,332,292
S01007093,987,627,360
S01007094,2273,1239,1034
S01007095,736,426,310
S01007096,1172,608,564
S01007097,2158,1184,974
S01007098,1650,915,735
S01007099,883,515,368
S01007100,868,534,334
S01007101,1358,794,564
S01007102,847,505,342
S01007103,832,565,267
S01007104,486,289,197
S01007105,655,436,219
S01007106,898,522,376
S01007107,766,512,254
S01007108,1249,765,484
S01007109,1526,906,620
S01007110,1052,596,456
S01007111,534,328,206
S01007112,928,634,294
S01007113,758,514,244
S01007114,888,565,323
S01007115,720,478,242
S01007116,1304,821,483
S01007117,553,391,162
S01007118,847,411,436
S01007119,964,479,485
S01007120,1163,563,600
S01007121,835,561,274
S01007122,594,349,245
S01007123,965,570,395
S01007124,1095,667,428
S01007125,867,494,373
S01007126,1090,593,497
S01007127,1030,624,406
S01007128,979,541,438
S01007129,956,597,359
S01007130,676,447,229
S01007131,1096,770,326
S01007132,700,474,226
S01007133,674,396,278
S01007134,860,557,303
S01007135,806,520,286
S01007136,661,424,237
S01007137,842,530,312
S01007138,957,619,338
S01007139,776,498,278
S01007140,1022,647,375
S01007141,1331,896,435
S01007142,201,120,81
S01007143,1174,696,478
S01007144,2358,1478,880
S01007145,892,613,279
S01007146,881,560,321
S01007147,830,554,276
S01007148,538,339,199
S01007149,850,610,240
S01007150,750,563,187
S01007151,1188,830,358
S01007152,787,486,301
S01007153,916,610,306
S01007154,1000,709,291
S01007155,715,457,258
S01007156,1127,641,486
S01007157,875,539,336
S01007158,1043,600,443
S01007159,933,514,419
S01007160,969,542,427
S01007161,1114,639,475
S01007162,608,318,290
S01007163,1019,603,416
S01007164,778,508,270
S01007165,987,603,384
S01007166,1096,696,400
S01007167,795,572,223
S01007168,965,666,299
S01007169,854,554,300
S01007170,744,463,281
S01007171,1048,696,352
S01007172,1330,810,520
S01007173,523,289,234
S01007174,1004,552,452
S01007175,922,561,361
S01007176,1078,624,454
S01007177,801,380,421
S01007178,1045,456,589
S01007179,1320,895,425
S01007180,1009,677,332
S01007181,1158,729,429
S01007182,1250,745,505
S01007183,1321,753,568
S01007184,1039,557,482
S01007185,979,506,473
S01007186,777,340,437
S01007187,804,431,373
S01007188,803,411,392
S01007189,910,514,396
S01007190,935,631,304
S01007191,735,384,351
S01007192,784,408,376
S01007193,893,445,448
S01007194,641,256,385
S01007195,1056,558,498
S01007196,974,359,615
S01007197,743,319,424
S01007198,532,232,300
S01007199,1091,481,610
S01007200,849,418,431
S01007201,1014,569,445
S01007202,735,386,349
S01007203,840,447,393
S01007204,1078,562,516
S01007205,843,483,360
S01007206,392,243,149
S01007207,1048,619,429
S01007208,990,466,524
S01007209,833,439,394
S01007210,1067,521,546
S01007211,967,512,455
S01007212,847,473,374
S01007213,912,562,350
S01007214,1074,602,472
S01007215,984,559,425
S01007216,791,442,349
S01007217,1186,637,549
S01007218,992,597,395
S01007219,1097,594,503
S01007220,787,420,367
S01007221,1105,634,471
S01007222,1100,656,444
S01007223,714,402,312
S01007224,742,449,293
S01007225,1206,672,534
S01007226,1027,594,433
S01007227,1533,906,627
S01007228,819,547,272
S01007229,1249,783,466
S01007230,1291,781,510
S01007231,818,473,345
S01007232,726,386,340
S01007233,788,460,328
S01007234,630,396,234
S01007235,1078,656,422
S01007236,1094,701,393
S01007237,779,535,244
S01007238,1007,671,336
S01007239,1422,943,479
S01007240,539,342,197
S01007241,1174,820,354
S01007242,1158,780,378
S01007243,1415,931,484
S01007244,721,453,268
S01007245,776,516,260
S01007246,891,562,329
S01007247,1082,639,443
S01007248,1060,720,340
S01007249,609,435,174
S01007250,822,493,329
S01007251,893,540,353
S01007252,925,568,357
S01007253,798,577,221
S01007254,948,606,342
S01007255,1038,544,494
S01007256,935,521,414
S01007257,894,485,409
S01007258,886,552,334
S01007259,1048,575,473
S01007260,1218,609,609
S01007261,1051,726,325
S01007262,712,432,280
S01007263,1142,767,375
S01007264,869,612,257
S01007265,1216,752,464
S01007266,823,545,278
S01007267,610,408,202
S01007268,596,364,232
S01007269,667,447,220
S01007270,457,303,154
S01007271,1146,728,418
S01007272,1141,624,517
S01007273,760,432,328
S01007274,905,552,353
S01007275,729,502,227
S01007276,1159,766,393
S01007277,919,615,304
S01007278,941,624,317
S01007279,674,441,233
S01007280,676,465,211
S01007281,1181,772,409
S01007282,538,362,176
S01007283,1023,721,302
S01007284,848,610,238
S01007285,1145,673,472
S01007286,1464,868,596
S01007287,616,413,203
S01007288,667,398,269
S01007289,1011,709,302
S01007290,1136,735,401
S01007291,637,450,187
S01007292,771,576,195
S01007293,1080,759,321
S01007294,1054,758,296
S01007295,677,497,180
S01007296,563,368,195
S01007297,1176,799,377
S01007298,532,390,142
S01007299,1008,706,302
S01007300,668,461,207
S01007301,870,628,242
S01007302,796,598,198
S01007303,1117,749,368
S01007304,693,487,206
S01007305,1008,693,315
S01007306,1252,853,399
S01007307,1088,672,416
S01007308,882,610,272
S01007309,815,488,327
S01007310,865,508,357
S01007311,926,641,285
S01007312,862,580,282
S01007313,972,547,425
S01007314,875,533,342
S01007315,940,650,290
S01007316,1141,772,369
S01007317,1153,748,405
S01007318,607,371,236
S01007319,857,587,270
S01007320,894,596,298
S01007321,595,398,197
S01007322,836,576,260
S01007323,449,347,102
S01007324,328,210,118
S01007325,833,549,284
S01007326,970,695,275
S01007327,886,603,283
S01007328,1077,797,280
S01007329,702,507,195
S01007330,778,581,197
S01007331,1082,862,220
S01007332,624,501,123
S01007333,1123,818,305
S01007334,995,668,327
S01007335,898,658,240
S01007336,762,472,290
S01007337,658,494,164
S01007338,1084,803,281
S01007339,854,664,190
S01007340,664,495,169
S01007341,853,629,224
S01007342,826,562,264
S01007343,651,470,181
S01007344,579,421,158
S01007345,691,442,249
S01007346,834,587,247
S01007347,1056,773,283
S01007348,802,503,299
S01007349,687,441,246
S01007350,661,456,205
S01007351,658,445,213
S01007352,498,336,162
S01007353,791,540,251
S01007354,786,552,234
S01007355,1326,898,428
S01007356,714,480,234
S01007357,803,564,239
S01007358,1442,930,512
S01007359,999,661,338
S01007360,906,628,278
S01007361,1043,760,283
S01007362,1162,801,361
S01007363,1008,694,314
S01007364,1093,654,439
S01007365,478,341,137
S01007366,550,377,173
S01007367,629,415,214
S01007368,659,439,220
S01007369,1138,714,424
S01007370,917,610,307
S01007371,958,620,338
S01007372,1250,854,396
S01007373,704,467,237
S01007374,810,499,311
S01007375,464,305,159
S01007376,1015,674,341
S01007377,664,451,213
S01007378,1716,1149,567
S01007379,925,580,345
S01007380,846,531,315
S01007381,512,371,141
S01007382,990,639,351
S01007383,749,497,252
S01007384,1075,743,332
S01007385,1228,872,356
S01007386,806,507,299
S01007387,864,614,250
S01007388,741,519,222
S01007389,763,454,309
S01007390,727,438,289
S01007391,664,488,176
S01007392,466,348,118
S01007393,1058,770,288
S01007394,702,487,215
S01007395,1111,738,373
S01007396,1049,647,402
S01007397,943,605,338
S01007398,821,512,309
S01007399,891,537,354
S01007400,845,572,273
S01007401,752,523,229
S01007402,700,507,193
S01007403,943,573,370
S01007404,579,439,140
S01007405,813,534,279
S01007406,1007,709,298
S01007407,1108,778,330
S01007408,862,577,285
S01007409,666,446,220
S01007410,952,535,417
S01007411,1062,538,524
S01007412,579,331,248
S01007413,997,606,391
S01007414,858,487,371
S01007415,853,447,406
S01007416,595,262,333
S01007417,220,124,96
S01007418,890,517,373
S01007419,1001,512,489
S01007420,4568,2759,1809
S01007421,1394,881,513
S01007422,794,511,283
S01007423,388,233,155
S01007424,787,516,271
S01007425,947,573,374
S01007426,821,449,372
S01007427,744,415,329
S01007428,1005,589,416
S01007429,928,523,405
S01007430,554,343,211
S01007431,710,486,224
S01007432,818,502,316
S01007433,1139,704,435
S01007434,589,289,300
S01007435,788,437,351
S01007436,990,517,473
S01007437,569,319,250
S01007438,673,391,282
S01007439,858,516,342
S01007440,767,468,299
S01007441,656,429,227
S01007442,866,555,311
S01007443,1039,693,346
S01007444,1549,974,575
S01007445,687,411,276
S01007446,728,430,298
S01007447,659,412,247
S01007448,1134,742,392
S01007449,1173,654,519
S01007450,1353,747,606
S01007451,623,406,217
S01007452,1435,789,646
S01007453,110,52,58
S01007454,512,232,280
S01007455,846,408,438
S01007456,1089,509,580
S01007457,1080,553,527
S01007458,811,479,332
S01007459,873,559,314
S01007460,922,506,416
S01007461,933,477,456
S01007462,1006,534,472
S01007463,1149,453,696
S01007464,1042,520,522
S01007465,785,295,490
S01007466,1145,588,557
S01007467,996,547,449
S01007468,1143,678,465
S01007469,611,338,273
S01007470,699,373,326
S01007471,479,278,201
S01007472,1077,539,538
S01007473,895,452,443
S01007474,755,435,320
S01007475,517,287,230
S01007476,738,483,255
S01007477,737,407,330
S01007478,1126,615,511
S01007479,435,231,204
S01007480,1324,695,629
S01007481,988,819,169
S01007482,668,523,145
S01007483,955,610,345
S01007484,842,575,267
S01007485,842,450,392
S01007486,860,479,381
S01007487,1195,775,420
S01007488,1194,845,349
S01007489,856,600,256
S01007490,1233,829,404
S01007491,1118,715,403
S01007492,685,505,180
S01007493,1109,704,405
S01007494,743,540,203
S01007495,844,644,200
S01007496,1185,814,371
S01007497,596,435,161
S01007498,1028,736,292
S01007499,842,561,281
S01007500,768,549,219
S01007501,680,502,178
S01007502,641,496,145
S01007503,1135,773,362
S01007504,1169,794,375
S01007505,538,305,233
S01007506,514,340,174
S01007507,1489,1075,414
S01007508,696,503,193
S01007509,720,504,216
S01007510,1014,732,282
S01007511,1149,798,351
S01007512,526,358,168
S01007513,1304,837,467
S01007514,645,465,180
S01007515,699,475,224
S01007516,818,516,302
S01007517,540,412,128
S01007518,1014,685,329
S01007519,497,344,153
S01007520,980,621,359
S01007521,677,420,257
S01007522,1136,788,348
S01007523,542,337,205
S01007524,951,662,289
S01007525,536,396,140
S01007526,903,605,298
S01007527,1426,972,454
S01007528,968,637,331
S01007529,867,563,304
S01007530,524,342,182
S01007531,767,480,287
S01007532,597,357,240
S01007533,876,507,369
S01007534,1451,907,544
S01007535,961,646,315
S01007536,1026,662,364
S01007537,1698,1110,588
S01007538,1123,695,428
S01007539,853,690,163
S01007540,838,574,264
S01007541,1233,862,371
S01007542,980,624,356
S01007543,1284,828,456
S01007544,1291,891,400
S01007545,1525,1046,479
S01007546,663,451,212
S01007547,551,339,212
S01007548,947,579,368
S01007549,765,500,265
S01007550,1233,837,396
S01007551,1310,854,456
S01007552,1042,631,411
S01007553,1059,631,428
S01007554,840,501,339
S01007555,818,570,248
S01007556,748,509,239
S01007557,1131,708,423
S01007558,482,328,154
S01007559,864,540,324
S01007560,1196,873,323
S01007561,1104,759,345
S01007562,854,528,326
S01007563,1106,714,392
S01007564,1271,842,429
S01007565,1153,737,416
S01007566,822,516,306
S01007567,588,433,155
S01007568,745,522,223
S01007569,1259,856,403
S01007570,1113,696,417
S01007571,539,370,169
S01007572,1778,1031,747
S01007573,84,54,30
S01007574,2322,1334,988
S01007575,860,458,402
S01007576,1025,467,558
S01007577,893,489,404
S01007578,834,410,424
S01007579,663,317,346
S01007580,993,489,504
S01007581,657,340,317
S01007582,873,516,357
S01007583,1318,702,616
S01007584,995,563,432
S01007585,1087,728,359
S01007586,1155,651,504
S01007587,819,554,265
S01007588,949,672,277
S01007589,1123,689,434
S01007590,661,458,203
S01007591,1178,772,406
S01007592,1143,731,412
S01007593,1200,831,369
S01007594,843,543,300
S01007595,1056,691,365
S01007596,715,482,233
S01007597,647,420,227
S01007598,1121,762,359
S01007599,840,536,304
S01007600,1066,748,318
S01007601,631,375,256
S01007602,958,600,358
S01007603,923,600,323
S01007604,1020,734,286
S01007605,1157,781,376
S01007606,614,413,201
S01007607,927,621,306
S01007608,971,645,326
S01007609,981,554,427
S01007610,730,451,279
S01007611,1147,681,466
S01007612,1044,555,489
S01007613,1013,584,429
S01007614,1112,726,386
S01007615,1375,906,469
S01007616,917,554,363
S01007617,671,378,293
S01007618,781,499,282
S01007619,736,452,284
S01007620,822,559,263
S01007621,898,626,272
S01007622,1331,914,417
S01007623,608,430,178
S01007624,741,466,275
S01007625,690,463,227
S01007626,650,345,305
S01007627,547,372,175
S01007628,881,628,253
S01007629,860,567,293
S01007630,813,598,215
S01007631,631,418,213
S01007632,1683,1063,620
S01007633,1550,1038,512
S01007634,803,529,274
S01007635,981,724,257
S01007636,1413,943,470
S01007637,1378,871,507
S01007638,1058,747,311
S01007639,1087,641,446
S01007640,724,477,247
S01007641,856,501,355
S01007642,1152,764,388
S01007643,1067,717,350
S01007644,1095,698,397
S01007645,897,608,289
S01007646,627,451,176
S01007647,1020,690,330
S01007648,1086,773,313
S01007649,741,523,218
S01007650,1062,705,357
S01007651,716,514,202
S01007652,895,616,279
S01007653,1159,803,356
S01007654,1299,914,385
S01007655,781,526,255
S01007656,936,631,305
S01007657,595,407,188
S01007658,689,466,223
S01007659,1055,667,388
S01007660,1289,767,522
S01007661,905,604,301
S01007662,1070,698,372
S01007663,1135,796,339
S01007664,578,383,195
S01007665,745,440,305
S01007666,510,371,139
S01007667,717,527,190
S01007668,1269,800,469
S01007669,642,346,296
S01007670,1146,663,483
S01007671,857,600,257
S01007672,1002,773,229
S01007673,700,467,233
S01007674,1149,760,389
S01007675,801,546,255
S01007676,572,404,168
S01007677,279,193,86
S01007678,823,548,275
S01007679,1045,599,446
S01007680,922,622,300
S01007681,519,371,148
S01007682,998,705,293
S01007683,1045,762,283
S01007684,1173,828,345
S01007685,1173,711,462
S01007686,1115,652,463
S01007687,952,505,447
S01007688,1211,580,631
S01007689,613,340,273
S01007690,1148,563,585
S01007691,4465,2312,2153
S01007692,1036,543,493
S01007693,1290,723,567
S01007694,990,514,476
S01007695,1031,620,411
S01007696,1033,580,453
S01007697,1329,762,567
S01007698,1312,740,572
S01007699,808,424,384
S01007700,990,601,389
S01007701,451,249,202
S01007702,2253,1116,1137
S01007703,1230,721,509
S01007704,1393,743,650
S01007705,1058,472,586
S01007706,1058,471,587
S01007707,1285,628,657
S01007708,1038,571,467
S01007709,825,483,342
S01007710,2214,1093,1121
S01007711,1342,673,669
S01007712,1066,562,504
S01007713,573,349,224
S01007714,643,411,232
S01007715,774,454,320
S01007716,1214,679,535
S01007717,1003,565,438
S01007718,963,583,380
S01007719,1534,935,599
S01007720,1091,759,332
S01007721,1085,686,399
S01007722,940,513,427
S01007723,1020,628,392
S01007724,805,423,382
S01007725,1343,771,572
S01007726,858,493,365
S01007727,1023,551,472
S01007728,1291,682,609
S01007729,1002,535,467
S01007730,985,549,436
S01007731,729,380,349
S01007732,1003,492,511
S01007733,853,554,299
S01007734,821,534,287
S01007735,827,589,238
S01007736,844,592,252
S01007737,1140,707,433
S01007738,1114,730,384
S01007739,819,547,272
S01007740,709,489,220
S01007741,899,617,282
S01007742,729,473,256
S01007743,895,470,425
S01007744,766,436,330
S01007745,1016,571,445
S01007746,889,463,426
S01007747,815,396,419
S01007748,704,312,392
S01007749,866,600,266
S01007750,930,668,262
S01007751,790,570,220
S01007752,1167,831,336
S01007753,961,515,446
S01007754,1313,729,584
S01007755,877,489,388
S01007756,955,536,419
S01007757,1311,929,382
S01007758,1040,756,284
S01007759,1255,781,474
S01007760,950,655,295
S01007761,853,525,328
S01007762,814,496,318
S01007763,772,503,269
S01007764,895,548,347
S01007765,969,700,269
S01007766,1083,756,327
S01007767,1000,740,260
S01007768,765,474,291
S01007769,809,546,263
S01007770,812,561,251
S01007771,823,596,227
S01007772,1185,765,420
S01007773,734,554,180
S01007774,146,83,63
S01007775,1292,879,413
S01007776,591,381,210
S01007777,562,341,221
S01007778,2422,1499,923
S01007779,774,495,279
S01007780,795,440,355
S01007781,796,433,363
S01007782,709,385,324
S01007783,873,446,427
S01007784,1006,480,526
S01007785,507,211,296
S01007786,900,456,444
S01007787,804,389,415
S01007788,832,398,434
S01007789,1151,555,596
S01007790,1899,918,981
S01007791,1170,669,501
S01007792,998,508,490
S01007793,1046,566,480
S01007794,1109,648,461
S01007795,712,371,341
S01007796,692,367,325
S01007797,635,334,301
S01007798,778,432,346
S01007799,418,251,167
S01007800,1038,571,467
S01007801,973,479,494
S01007802,634,377,257
S01007803,1468,665,803
S01007804,846,389,457
S01007805,971,483,488
S01007806,888,490,398
S01007807,894,549,345
S01007808,933,430,503
S01007809,1249,906,343
S01007810,983,582,401
S01007811,871,445,426
S01007812,850,444,406
S01007813,1108,554,554
S01007814,854,505,349
S01007815,1159,753,406
S01007816,669,440,229
S01007817,826,472,354
S01007818,950,563,387
S01007819,803,512,291
S01007820,1088,697,391
S01007821,826,577,249
S01007822,966,660,306
S01007823,789,536,253
S01007824,1125,830,295
S01007825,1294,906,388
S01007826,598,352,246
S01007827,661,383,278
S01007828,1214,752,462
S01007829,763,531,232
S01007830,1072,648,424
S01007831,1059,628,431
S01007832,956,647,309
S01007833,983,759,224
S01007834,742,435,307
S01007835,784,499,285
S01007836,739,557,182
S01007837,1260,847,413
S01007838,973,704,269
S01007839,1199,870,329
S01007840,902,575,327
S01007841,951,620,331
S01007842,1215,691,524
S01007843,944,581,363
S01007844,1340,850,490
S01007845,995,560,435
S01007846,852,501,351
S01007847,1474,880,594
S01007848,1070,582,488
S01007849,1112,636,476
S01007850,754,482,272
S01007851,1036,712,324
S01007852,1282,802,480
S01007853,807,488,319
S01007854,1286,751,535
S01007855,658,405,253
S01007856,1053,702,351
S01007857,595,320,275
S01007858,2159,1180,979
S01007859,1529,810,719
S01007860,1165,576,589
S01007861,1067,533,534
S01007862,1067,590,477
S01007863,895,418,477
S01007864,938,564,374
S01007865,1461,907,554
S01007866,586,360,226
S01007867,1427,886,541
S01007868,2091,1413,678
S01007869,2241,1498,743
S01007870,666,467,199
S01007871,1111,716,395
S01007872,795,504,291
S01007873,778,577,201
S01007874,887,640,247
S01007875,764,491,273
S01007876,1009,607,402
S01007877,888,608,280
S01007878,724,494,230
S01007879,1203,749,454
S01007880,460,304,156
S01007881,656,422,234
S01007882,1612,1109,503
S01007883,1211,780,431
S01007884,953,540,413
S01007885,1038,638,400
S01007886,1168,775,393
S01007887,717,462,255
S01007888,1070,626,444
S01007889,1119,718,401
S01007890,695,417,278
S01007891,1333,908,425
S01007892,1174,796,378
S01007893,1326,889,437
S01007894,1050,631,419
S01007895,771,532,239
S01007896,1110,664,446
S01007897,1609,1033,576
S01007898,758,488,270
S01007899,502,339,163
S01007900,549,347,202
S01007901,801,490,311
S01007902,980,595,385
S01007903,803,551,252
S01007904,849,582,267
S01007905,827,455,372
S01007906,824,510,314
S01007907,780,511,269
S01007908,1296,888,408
S01007909,719,414,305
S01007910,1111,637,474
S01007911,1094,694,400
S01007912,865,553,312
S01007913,1069,647,422
S01007914,744,435,309
S01007915,961,548,413
S01007916,1041,709,332
S01007917,1234,715,519
S01007918,1034,694,340
S01007919,949,694,255
S01007920,615,416,199
S01007921,1146,726,420
S01007922,1361,825,536
S01007923,1279,857,422
S01007924,1179,793,386
S01007925,665,437,228
S01007926,931,567,364
S01007927,617,404,213
S01007928,1208,837,371
S01007929,1617,1050,567
S01007930,727,517,210
S01007931,1353,880,473
S01007932,831,584,247
S01007933,1341,802,539
S01007934,720,454,266
S01007935,1273,719,554
S01007936,1233,793,440
S01007937,1503,935,568
S01007938,837,533,304
S01007939,1016,613,403
S01007940,1719,1019,700
S01007941,631,382,249
S01007942,508,248,260
S01007943,970,596,374
S01007944,1026,628,398
S01007945,1202,704,498
S01007946,1039,586,453
S01007947,1048,629,419
S01007948,760,410,350
S01007949,954,674,280
S01007950,1135,820,315
S01007951,1005,655,350
S01007952,857,545,312
S01007953,1022,668,354
S01007954,728,445,283
S01007955,1736,963,773
S01007956,999,516,483
S01007957,1230,853,377
S01007958,1059,640,419
S01007959,1951,1333,618
S01007960,607,378,229
S01007961,1674,1070,604
S01007962,1096,548,548
S01007963,1158,583,575
S01007964,890,489,401
S01007965,774,433,341
S01007966,1090,555,535
S01007967,860,447,413
S01007968,1038,617,421
S01007969,840,503,337
S01007970,1062,618,444
S01007971,1027,595,432
S01007972,1126,652,474
S01007973,867,608,259
S01007974,940,505,435
S01007975,655,404,251
S01007976,1086,673,413
S01007977,645,406,239
S01007978,826,500,326
S01007979,904,631,273
S01007980,816,567,249
S01007981,755,578,177
S01007982,695,445,250
S01007983,1415,920,495
S01007984,896,584,312
S01007985,923,507,416
S01007986,675,447,228
S01007987,1033,643,390
S01007988,906,571,335
S01007989,722,414,308
S01007990,1253,695,558
S01007991,1003,669,334
S01007992,1058,687,371
S01007993,908,642,266
S01007994,659,397,262
S01007995,721,506,215
S01007996,338,241,97
S01007997,669,486,183
S01007998,606,397,209
S01007999,801,481,320
S01008000,913,541,372
S01008001,961,514,447
S01008002,1039,515,524
S01008003,760,416,344
S01008004,122,64,58
S01008005,165,106,59
S01008006,864,367,497
S01008007,570,278,292
S01008008,787,423,364
S01008009,1021,505,516
S01008010,1313,660,653
S01008011,846,541,305
S01008012,997,623,374
S01008013,834,537,297
S01008014,800,527,273
S01008015,832,509,323
S01008016,781,534,247
S01008017,900,657,243
S01008018,944,706,238
S01008019,1011,722,289
S01008020,891,541,350
S01008021,699,469,230
S01008022,844,630,214
S01008023,1739,1116,623
S01008024,955,595,360
S01008025,891,621,270
S01008026,1371,892,479
S01008027,809,477,332
S01008028,585,351,234
S01008029,3738,2464,1274
S01008030,2233,1488,745
S01008031,1573,984,589
S01008032,1248,848,400
S01008033,1166,826,340
S01008034,1176,767,409
S01008035,1020,726,294
S01008036,669,495,174
S01008037,1446,931,515
S01008038,999,649,350
S01008039,1079,709,370
S01008040,752,515,237
S01008041,1074,745,329
S01008042,862,597,265
S01008043,1364,907,457
S01008044,1195,799,396
S01008045,1313,914,399
S01008046,1157,839,318
S01008047,697,501,196
S01008048,662,488,174
S01008049,1023,757,266
S01008050,682,486,196
S01008051,1229,816,413
S01008052,829,536,293
S01008053,959,691,268
S01008054,778,550,228
S01008055,1049,705,344
S01008056,1204,864,340
S01008057,1358,992,366
S01008058,895,647,248
S01008059,678,513,165
S01008060,1833,1369,464
S01008061,887,629,258
S01008062,997,760,237
S01008063,874,670,204
S01008064,1013,667,346
S01008065,1219,819,400
S01008066,1022,705,317
S01008067,691,495,196
S01008068,1203,830,373
S01008069,1201,820,381
S01008070,1125,811,314
S01008071,966,674,292
S01008072,1336,959,377
S01008073,471,355,116
S01008074,976,627,349
S01008075,613,456,157
S01008076,1035,782,253
S01008077,1003,694,309
S01008078,860,633,227
S01008079,905,668,237
S01008080,808,561,247
S01008081,703,502,201
S01008082,1032,739,293
S01008083,839,594,245
S01008084,1033,694,339
S01008085,1314,848,466
S01008086,1256,843,413
S01008087,1136,905,231
S01008088,917,692,225
S01008089,997,803,194
S01008090,771,575,196
S01008091,513,341,172
S01008092,1138,877,261
S01008093,900,700,200
S01008094,725,556,169
S01008095,1093,859,234
S01008096,790,641,149
S01008097,897,730,167
S01008098,750,558,192
S01008099,540,400,140
S01008100,1035,804,231
S01008101,1244,913,331
S01008102,819,638,181
S01008103,706,540,166
S01008104,1022,735,287
S01008105,1226,873,353
S01008106,1742,1240,502
S01008107,1301,1005,296
S01008108,936,735,201
S01008109,940,718,222
S01008110,941,722,219
S01008111,869,687,182
S01008112,947,753,194
S01008113,1002,795,207
S01008114,899,712,187
S01008115,915,667,248
S01008116,1116,817,299
S01008117,800,599,201
S01008118,1351,956,395
S01008119,784,548,236
S01008120,707,502,205
S01008121,662,482,180
S01008122,1135,776,359
S01008123,1063,761,302
S01008124,1012,752,260
S01008125,1177,811,366
S01008126,935,698,237
S01008127,489,356,133
S01008128,1104,807,297
S01008129,980,675,305
S01008130,1152,780,372
S01008131,766,526,240
S01008132,1110,855,255
S01008133,829,606,223
S01008134,703,501,202
S01008135,1605,1128,477
S01008136,1419,999,420
S01008137,1440,953,487
S01008138,1051,700,351
S01008139,1086,750,336
S01008140,741,481,260
S01008141,1168,875,293
S01008142,974,700,274
S01008143,1181,810,371
S01008144,1019,769,250
S01008145,1018,752,266
S01008146,649,474,175
S01008147,901,644,257
S01008148,915,676,239
S01008149,960,684,276
S01008150,1409,961,448
S01008151,1030,763,267
S01008152,1241,915,326
S01008153,892,640,252
S01008154,1050,726,324
S01008155,836,600,236
S01008156,1062,736,326
S01008157,1083,691,392
S01008158,1002,675,327
S01008159,1210,890,320
S01008160,1419,1019,400
S01008161,1499,1058,441
S01008162,1264,920,344
S01008163,894,491,403
S01008164,1450,780,670
S01008165,880,431,449
S01008166,1347,686,661
S01008167,1604,816,788
S01008168,1129,589,540
S01008169,1499,820,679
S01008170,1530,879,651
S01008171,909,539,370
S01008172,557,371,186
S01008173,785,457,328
S01008174,532,353,179
S01008175,750,413,337
S01008176,1515,847,668
S01008177,864,469,395
S01008178,640,458,182
S01008179,391,245,146
S01008180,473,309,164
S01008181,678,486,192
S01008182,1253,697,556
S01008183,968,474,494
S01008184,881,516,365
S01008185,1235,697,538
S01008186,1076,643,433
S01008187,699,396,303
S01008188,1467,855,612
S01008189,1062,683,379
S01008190,1035,563,472
S01008191,1481,798,683
S01008192,1099,702,397
S01008193,972,585,387
S01008194,682,353,329
S01008195,1148,545,603
S01008196,923,474,449
S01008197,1901,954,947
S01008198,693,452,241
S01008199,776,386,390
S01008200,867,518,349
S01008201,1327,773,554
S01008202,803,547,256
S01008203,556,285,271
S01008204,2717,1510,1207
S01008205,771,512,259
S01008206,1604,990,614
S01008207,824,460,364
S01008208,1026,501,525
S01008209,686,372,314
S01008210,1423,830,593
S01008211,991,551,440
S01008212,712,436,276
S01008213,1019,587,432
S01008214,837,522,315
S01008215,1099,723,376
S01008216,770,531,239
S01008217,679,433,246
S01008218,2156,1088,1068
S01008219,1242,742,500
S01008220,644,305,339
S01008221,832,412,420
S01008222,722,445,277
S01008223,597,355,242
S01008224,907,511,396
S01008225,786,482,304
S01008226,755,431,324
S01008227,986,584,402
S01008228,792,515,277
S01008229,1317,711,606
S01008230,811,441,370
S01008231,640,301,339
S01008232,244,155,89
S01008233,1740,837,903
S01008234,2097,1066,1031
S01008235,929,518,411
S01008236,1009,539,470
S01008237,929,475,454
S01008238,1038,599,439
S01008239,762,436,326
S01008240,1402,930,472
S01008241,1055,679,376
S01008242,1211,779,432
S01008243,1134,693,441
S01008244,1051,657,394
S01008245,1133,658,475
S01008246,1274,778,496
S01008247,982,590,392
S01008248,1329,854,475
S01008249,903,550,353
S01008250,1117,670,447
S01008251,1038,635,403
S01008252,1120,726,394
S01008253,855,570,285
S01008254,1286,795,491
S01008255,1017,598,419
S01008256,1033,572,461
S01008257,886,540,346
S01008258,1289,796,493
S01008259,1455,862,593
S01008260,1054,632,422
S01008261,1197,683,514
S01008262,914,531,383
S01008263,801,470,331
S01008264,919,476,443
S01008265,706,452,254
S01008266,1061,679,382
S01008267,818,539,279
S01008268,878,557,321
S01008269,1126,780,346
S01008270,1191,834,357
S01008271,749,433,316
S01008272,1002,637,365
S01008273,1026,658,368
S01008274,930,585,345
S01008275,682,417,265
S01008276,681,441,240
S01008277,692,421,271
S01008278,774,460,314
S01008279,733,494,239
S01008280,1275,753,522
S01008281,830,468,362
S01008282,779,493,286
S01008283,1338,780,558
S01008284,1651,988,663
S01008285,754,455,299
S01008286,1368,865,503
S01008287,967,629,338
S01008288,1002,620,382
S01008289,768,406,362
S01008290,1038,585,453
S01008291,1135,763,372
S01008292,1640,920,720
S01008293,1184,669,515
S01008294,730,429,301
S01008295,1211,841,370
S01008296,932,672,260
S01008297,626,437,189
S01008298,1079,735,344
S01008299,1177,817,360
S01008300,940,674,266
S01008301,1015,705,310
S01008302,940,664,276
S01008303,788,519,269
S01008304,476,330,146
S01008305,791,567,224
S01008306,611,421,190
S01008307,805,582,223
S01008308,566,461,105
S01008309,932,661,271
S01008310,949,688,261
S01008311,728,519,209
S01008312,720,508,212
S01008313,1013,754,259
S01008314,939,624,315
S01008315,748,481,267
S01008316,943,581,362
S01008317,738,481,257
S01008318,1628,1187,441
S01008319,614,461,153
S01008320,633,459,174
S01008321,729,547,182
S01008322,1956,1353,603
S01008323,881,623,258
S01008324,651,443,208
S01008325,1229,847,382
S01008326,1164,773,391
S01008327,1094,771,323
S01008328,935,674,261
S01008329,1038,793,245
S01008330,1088,859,229
S01008331,785,578,207
S01008332,1108,880,228
S01008333,1161,931,230
S01008334,995,779,216
S01008335,1012,723,289
S01008336,1000,742,258
S01008337,906,650,256
S01008338,915,681,234
S01008339,629,472,157
S01008340,929,745,184
S01008341,700,555,145
S01008342,1167,871,296
S01008343,1162,957,205
S01008344,872,711,161
S01008345,1273,1079,194
S01008346,1102,861,241
S01008347,1228,977,251
S01008348,976,767,209
S01008349,1481,1134,347
S01008350,760,577,183
S01008351,1067,830,237
S01008352,933,718,215
S01008353,525,409,116
S01008354,1110,840,270
S01008355,1123,753,370
S01008356,884,556,328
S01008357,908,611,297
S01008358,870,597,273
S01008359,772,531,241
S01008360,1338,956,382
S01008361,786,533,253
S01008362,1158,886,272
S01008363,829,590,239
S01008364,818,691,127
S01008365,972,777,195
S01008366,980,689,291
S01008367,966,674,292
S01008368,905,620,285
S01008369,782,509,273
S01008370,692,471,221
S01008371,913,676,237
S01008372,927,704,223
S01008373,1199,880,319
S01008374,877,618,259
S01008375,789,545,244
S01008376,655,402,253
S01008377,944,673,271
S01008378,1103,776,327
S01008379,530,392,138
S01008380,649,419,230
S01008381,1070,752,318
S01008382,921,670,251
S01008383,619,460,159
S01008384,976,713,263
S01008385,674,501,173
S01008386,951,643,308
S01008387,871,615,256
S01008388,637,445,192
S01008389,756,615,141
S01008390,732,536,196
S01008391,785,561,224
S01008392,916,594,322
S01008393,912,689,223
S01008394,1108,760,348
S01008395,832,614,218
S01008396,807,631,176
S01008397,996,743,253
S01008398,907,690,217
S01008399,703,568,135
S01008400,1101,871,230
S01008401,1258,1024,234
S01008402,1092,924,168
S01008403,1014,805,209
S01008404,1087,841,246
S01008405,908,739,169
S01008406,1200,982,218
S01008407,522,425,97
S01008408,812,592,220
S01008409,1092,779,313
S01008410,870,673,197
S01008411,1121,836,285
S01008412,706,544,162
S01008413,690,507,183
S01008414,660,508,152
S01008415,1058,826,232
S01008416,1164,833,331
S01008417,726,479,247
S01008418,692,446,246
S01008419,525,300,225
S01008420,569,373,196
S01008421,858,468,390
S01008422,972,607,365
S01008423,1063,590,473
S01008424,1120,754,366
S01008425,2557,1472,1085
S01008426,1163,700,463
S01008427,1249,731,518
S01008428,884,548,336
S01008429,913,555,358
S01008430,1117,681,436
S01008431,1067,709,358
S01008432,1116,729,387
S01008433,807,499,308
S01008434,1043,675,368
S01008435,1083,729,354
S01008436,1059,713,346
S01008437,796,478,318
S01008438,587,351,236
S01008439,1120,720,400
S01008440,1143,757,386
S01008441,1022,630,392
S01008442,774,466,308
S01008443,582,360,222
S01008444,720,463,257
S01008445,1077,747,330
S01008446,1706,1136,570
S01008447,675,420,255
S01008448,879,532,347
S01008449,964,534,430
S01008450,592,326,266
S01008451,1018,565,453
S01008452,979,591,388
S01008453,956,524,432
S01008454,1339,594,745
S01008455,1254,661,593
S01008456,1236,654,582
S01008457,1101,653,448
S01008458,995,499,496
S01008459,815,379,436
S01008460,1227,513,714
S01008461,1018,449,569
S01008462,694,368,326
S01008463,937,414,523
S01008464,921,513,408
S01008465,953,478,475
S01008466,840,390,450
S01008467,887,446,441
S01008468,1011,565,446
S01008469,804,490,314
S01008470,992,511,481
S01008471,858,446,412
S01008472,811,424,387
S01008473,700,412,288
S01008474,832,471,361
S01008475,1040,599,441
S01008476,779,461,318
S01008477,1167,696,471
S01008478,1021,642,379
S01008479,1097,650,447
S01008480,534,288,246
S01008481,1615,907,708
S01008482,1498,859,639
S01008483,832,483,349
S01008484,952,553,399
S01008485,1203,709,494
S01008486,867,554,313
S01008487,961,540,421
S01008488,1303,766,537
S01008489,874,519,355
S01008490,1159,649,510
S01008491,935,519,416
S01008492,944,439,505
S01008493,913,508,405
S01008494,837,444,393
S01008495,1059,547,512
S01008496,1160,602,558
S01008497,927,476,451
S01008498,772,381,391
S01008499,1123,570,553
S01008500,398,177,221
S01008501,835,445,390
S01008502,648,341,307
S01008503,994,459,535
S01008504,1723,808,915
S01008505,1000,456,544
S01008506,1108,641,467
S01008507,897,450,447
S01008508,1106,641,465
S01008509,1251,725,526
S01008510,906,538,368
S01008511,1009,665,344
S01008512,1202,755,447
S01008513,1190,789,401
S01008514,762,476,286
S01008515,998,550,448
S01008516,1486,859,627
S01008517,1042,553,489
S01008518,1192,625,567
S01008519,1083,580,503
S01008520,1359,851,508
S01008521,907,546,361
S01008522,594,356,238
S01008523,1172,705,467
S01008524,1202,583,619
S01008525,1139,630,509
S01008526,850,499,351
S01008527,726,391,335
S01008528,720,390,330
S01008529,839,463,376
S01008530,1053,570,483
S01008531,946,520,426
S01008532,661,438,223
S01008533,549,345,204
S01008534,869,554,315
S01008535,709,479,230
S01008536,707,439,268
S01008537,673,452,221
S01008538,641,422,219
S01008539,1100,689,411
S01008540,982,605,377
S01008541,1028,561,467
S01008542,1221,731,490
S01008543,995,583,412
S01008544,653,404,249
S01008545,1053,665,388
S01008546,806,533,273
S01008547,1167,691,476
S01008548,1056,527,529
S01008549,1185,645,540
S01008550,1039,681,358
S01008551,984,590,394
S01008552,1031,607,424
S01008553,659,345,314
S01008554,1090,555,535
S01008555,1295,684,611
S01008556,1125,605,520
S01008557,1051,569,482
S01008558,912,528,384
S01008559,862,458,404
S01008560,888,478,410
S01008561,1088,623,465
S01008562,858,405,453
S01008563,1138,555,583
S01008564,1043,604,439
S01008565,1087,610,477
S01008566,1137,543,594
S01008567,889,479,410
S01008568,871,522,349
S01008569,738,372,366
S01008570,1374,746,628
S01008571,796,482,314
S01008572,1072,640,432
S01008573,1174,693,481
S01008574,1079,662,417
S01008575,875,538,337
S01008576,1009,615,394
S01008577,1203,798,405
S01008578,1003,660,343
S01008579,934,610,324
S01008580,816,506,310
S01008581,1014,611,403
S01008582,1368,752,616
S01008583,921,598,323
S01008584,1309,792,517
S01008585,991,575,416
S01008586,949,529,420
S01008587,914,549,365
S01008588,1116,614,502
S01008589,390,251,139
S01008590,759,465,294
S01008591,1084,581,503
S01008592,965,526,439
S01008593,870,505,365
S01008594,969,493,476
S01008595,1179,716,463
S01008596,953,511,442
S01008597,1116,710,406
S01008598,1229,681,548
S01008599,1031,583,448
S01008600,2710,1502,1208
S01008601,2533,1319,1214
S01008602,555,306,249
S01008603,1029,436,593
S01008604,1144,532,612
S01008605,921,389,532
S01008606,1052,542,510
S01008607,630,376,254
S01008608,848,507,341
S01008609,1165,707,458
S01008610,1235,667,568
S01008611,1421,659,762
S01008612,779,325,454
S01008613,1039,489,550
S01008614,910,404,506
S01008615,951,426,525
S01008616,872,380,492
S01008617,967,435,532
S01008618,739,311,428
S01008619,520,215,305
S01008620,815,395,420
S01008621,881,376,505
S01008622,837,390,447
S01008623,1136,589,547
S01008624,879,588,291
S01008625,573,378,195
S01008626,1110,584,526
S01008627,840,555,285
S01008628,787,457,330
S01008629,1077,608,469
S01008630,739,371,368
S01008631,910,468,442
S01008632,1275,741,534
S01008633,1238,732,506
S01008634,727,368,359
S01008635,850,426,424
S01008636,950,536,414
S01008637,792,414,378
S01008638,1499,739,760
S01008639,1299,578,721
S01008640,1210,525,685
S01008641,1130,495,635
S01008642,1043,443,600
S01008643,1012,445,567
S01008644,680,325,355
S01008645,1035,471,564
S01008646,1251,628,623
S01008647,715,326,389
S01008648,988,529,459
S01008649,1281,636,645
S01008650,912,387,525
S01008651,1203,539,664
S01008652,739,331,408
S01008653,684,333,351
S01008654,1189,587,602
S01008655,922,508,414
S01008656,1446,685,761
S01008657,1058,511,547
S01008658,1751,839,912
S01008659,1210,518,692
S01008660,1162,528,634
S01008661,1289,657,632
S01008662,1051,462,589
S01008663,1009,476,533
S01008664,1006,449,557
S01008665,1698,777,921
S01008666,1066,476,590
S01008667,1499,697,802
S01008668,1253,578,675
S01008669,690,301,389
S01008670,1141,508,633
S01008671,1188,570,618
S01008672,686,368,318
S01008673,1158,615,543
S01008674,1037,461,576
S01008675,889,494,395
S01008676,966,497,469
S01008677,897,441,456
S01008678,1446,659,787
S01008679,1355,657,698
S01008680,948,470,478
S01008681,1096,596,500
S01008682,970,477,493
S01008683,2150,1056,1094
S01008684,2919,1502,1417
S01008685,883,519,364
S01008686,1258,679,579
S01008687,992,504,488
S01008688,1395,701,694
S01008689,1190,553,637
S01008690,1078,551,527
S01008691,1293,586,707
S01008692,1127,641,486
S01008693,591,372,219
S01008694,1436,697,739
S01008695,1014,501,513
S01008696,675,359,316
S01008697,1059,621,438
S01008698,746,464,282
S01008699,1123,614,509
S01008700,747,441,306
S01008701,938,464,474
S01008702,815,478,337
S01008703,1410,838,572
S01008704,1651,942,709
S01008705,938,547,391
S01008706,1369,716,653
S01008707,1311,635,676
S01008708,1031,529,502
S01008709,1048,491,557
S01008710,998,497,501
S01008711,784,436,348
S01008712,1253,711,542
S01008713,635,294,341
S01008714,656,372,284
S01008715,763,439,324
S01008716,694,391,303
S01008717,532,308,224
S01008718,625,399,226
S01008719,1145,670,475
S01008720,586,334,252
S01008721,809,451,358
S01008722,1058,651,407
S01008723,809,465,344
S01008724,1068,664,404
S01008725,752,384,368
S01008726,1169,634,535
S01008727,1233,641,592
S01008728,654,327,327
S01008729,845,384,461
S01008730,1099,455,644
S01008731,514,297,217
S01008732,815,386,429
S01008733,869,451,418
S01008734,806,467,339
S01008735,1187,759,428
S01008736,738,509,229
S01008737,801,569,232
S01008738,913,633,280
S01008739,559,338,221
S01008740,709,483,226
S01008741,1125,771,354
S01008742,731,490,241
S01008743,1107,609,498
S01008744,1058,554,504
S01008745,545,314,231
S01008746,1062,595,467
S01008747,575,394,181
S01008748,1063,730,333
S01008749,1186,831,355
S01008750,765,528,237
S01008751,1017,617,400
S01008752,976,510,466
S01008753,887,449,438
S01008754,866,450,416
S01008755,1001,529,472
S01008756,827,486,341
S01008757,784,440,344
S01008758,1002,556,446
S01008759,728,391,337
S01008760,1370,759,611
S01008761,858,471,387
S01008762,551,328,223
S01008763,845,403,442
S01008764,714,362,352
S01008765,1270,626,644
S01008766,1469,825,644
S01008767,904,509,395
S01008768,2851,1483,1368
S01008769,2294,1164,1130
S01008770,2179,1100,1079
S01008771,2179,1100,1079
S01008772,1201,671,530
S01008773,1120,562,558
S01008774,901,429,472
S01008775,539,250,289
S01008776,1282,653,629
S01008777,1083,577,506
S01008778,990,458,532
S01008779,1100,591,509
S01008780,920,447,473
S01008781,1098,546,552
S01008782,999,512,487
S01008783,553,237,316
S01008784,779,345,434
S01008785,1066,565,501
S01008786,1197,529,668
S01008787,690,332,358
S01008788,875,407,468
S01008789,654,406,248
S01008790,919,414,505
S01008791,978,599,379
S01008792,1001,476,525
S01008793,1102,587,515
S01008794,971,589,382
S01008795,1284,644,640
S01008796,1182,582,600
S01008797,1048,517,531
S01008798,987,502,485
S01008799,783,457,326
S01008800,1205,629,576
S01008801,854,426,428
S01008802,1241,657,584
S01008803,1112,535,577
S01008804,929,584,345
S01008805,786,432,354
S01008806,1219,660,559
S01008807,984,483,501
S01008808,663,293,370
S01008809,801,490,311
S01008810,1029,496,533
S01008811,844,460,384
S01008812,983,470,513
S01008813,1036,597,439
S01008814,1276,681,595
S01008815,1287,681,606
S01008816,523,279,244
S01008817,1192,580,612
S01008818,1166,600,566
S01008819,1117,545,572
S01008820,1538,725,813
S01008821,787,419,368
S01008822,845,481,364
S01008823,959,539,420
S01008824,1274,697,577
S01008825,619,336,283
S01008826,664,335,329
S01008827,1023,629,394
S01008828,1005,611,394
S01008829,1067,658,409
S01008830,1214,740,474
S01008831,1044,641,403
S01008832,755,500,255
S01008833,1103,592,511
S01008834,1232,721,511
S01008835,1037,614,423
S01008836,526,288,238
S01008837,1637,796,841
S01008838,1009,507,502
S01008839,1188,572,616
S01008840,1074,503,571
S01008841,1289,689,600
S01008842,161,74,87
S01008843,991,522,469
S01008844,971,538,433
S01008845,853,413,440
S01008846,930,463,467
S01008847,840,429,411
S01008848,920,455,465
S01008849,1061,584,477
S01008850,1424,804,620
S01008851,1199,589,610
S01008852,1232,701,531
S01008853,680,325,355
S01008854,1012,520,492
S01008855,1156,576,580
S01008856,718,343,375
S01008857,986,450,536
S01008858,1143,620,523
S01008859,1113,552,561
S01008860,1241,642,599
S01008861,973,581,392
S01008862,1053,530,523
S01008863,795,418,377
S01008864,1516,896,620
S01008865,1077,629,448
S01008866,1033,546,487
S01008867,961,574,387
S01008868,1121,581,540
S01008869,1068,600,468
S01008870,1173,632,541
S01008871,1318,668,650
S01008872,1050,519,531
S01008873,809,497,312
S01008874,835,478,357
S01008875,1112,664,448
S01008876,807,517,290
S01008877,801,460,341
S01008878,1175,710,465
S01008879,817,446,371
S01008880,732,477,255
S01008881,640,437,203
S01008882,1289,882,407
S01008883,1190,856,334
S01008884,823,580,243
S01008885,964,639,325
S01008886,1174,729,445
S01008887,770,441,329
S01008888,1409,830,579
S01008889,879,506,373
S01008890,833,478,355
S01008891,763,447,316
S01008892,1190,743,447
S01008893,1111,682,429
S01008894,1006,633,373
S01008895,863,612,251
S01008896,1089,702,387
S01008897,898,587,311
S01008898,1060,626,434
S01008899,843,410,433
S01008900,948,539,409
S01008901,1177,634,543
S01008902,1119,620,499
S01008903,1078,580,498
S01008904,1179,607,572
S01008905,1309,635,674
S01008906,1006,508,498
S01008907,1142,543,599
S01008908,1119,588,531
S01008909,1095,609,486
S01008910,1787,899,888
S01008911,1415,719,696
S01008912,882,519,363
S01008913,525,245,280
S01008914,1106,664,442
S01008915,683,384,299
S01008916,1292,729,563
S01008917,690,349,341
S01008918,824,423,401
S01008919,674,351,323
S01008920,1430,652,778
S01008921,1403,709,694
S01008922,1187,619,568
S01008923,1299,643,656
S01008924,2320,1167,1153
S01008925,843,413,430
S01008926,1637,787,850
S01008927,1174,581,593
S01008928,813,440,373
S01008929,1400,663,737
S01008930,1131,521,610
S01008931,776,341,435
S01008932,1188,623,565
S01008933,923,434,489
S01008934,865,469,396
S01008935,1086,669,417
S01008936,654,412,242
S01008937,831,494,337
S01008938,1045,640,405
S01008939,781,478,303
S01008940,787,515,272
S01008941,955,623,332
S01008942,1226,759,467
S01008943,884,640,244
S01008944,1013,705,308
S01008945,1091,692,399
S01008946,912,623,289
S01008947,1141,789,352
S01008948,1028,671,357
S01008949,1379,805,574
S01008950,1067,594,473
S01008951,1022,613,409
S01008952,1428,753,675
S01008953,1142,632,510
S01008954,974,588,386
S01008955,878,482,396
S01008956,1250,650,600
S01008957,1130,643,487
S01008958,821,467,354
S01008959,1022,566,456
S01008960,1021,628,393
S01008961,963,551,412
S01008962,616,381,235
S01008963,964,627,337
S01008964,740,496,244
S01008965,742,514,228
S01008966,907,613,294
S01008967,1148,751,397
S01008968,1135,717,418
S01008969,1088,684,404
S01008970,1144,669,475
S01008971,697,421,276
S01008972,1539,1000,539
S01008973,812,502,310
S01008974,939,558,381
S01008975,903,589,314
S01008976,747,450,297
S01008977,835,504,331
S01008978,719,400,319
S01008979,853,402,451
S01008980,834,424,410
S01008981,808,522,286
S01008982,922,438,484
S01008983,844,377,467
S01008984,518,262,256
S01008985,794,455,339
S01008986,958,580,378
S01008987,1013,661,352
S01008988,1058,643,415
S01008989,1031,567,464
S01008990,1170,639,531
S01008991,1220,716,504
S01008992,440,252,188
S01008993,1284,759,525
S01008994,1043,578,465
S01008995,1122,599,523
S01008996,703,387,316
S01008997,1088,635,453
S01008998,1197,603,594
S01008999,970,592,378
S01009000,1117,708,409
S01009001,888,528,360
S01009002,941,560,381
S01009003,1035,561,474
S01009004,853,469,384
S01009005,1020,582,438
S01009006,1368,797,571
S01009007,891,505,386
S01009008,916,576,340
S01009009,476,228,248
S01009010,1378,785,593
S01009011,1195,735,460
S01009012,875,476,399
S01009013,1036,611,425
S01009014,841,750,91
S01009015,643,572,71
S01009016,530,478,52
S01009017,721,639,82
S01009018,745,630,115
S01009019,886,739,147
S01009020,1027,813,214
S01009021,731,606,125
S01009022,888,697,191
S01009023,936,801,135
S01009024,1246,1096,150
S01009025,918,733,185
S01009026,1108,887,221
S01009027,884,663,221
S01009028,620,499,121
S01009029,835,687,148
S01009030,1028,824,204
S01009031,761,650,111
S01009032,660,536,124
S01009033,895,722,173
S01009034,709,615,94
S01009035,930,764,166
S01009036,1074,814,260
S01009037,1025,833,192
S01009038,1090,879,211
S01009039,939,753,186
S01009040,833,675,158
S01009041,1139,865,274
S01009042,849,671,178
S01009043,1215,1000,215
S01009044,1060,894,166
S01009045,1105,927,178
S01009046,872,717,155
S01009047,805,645,160
S01009048,837,679,158
S01009049,780,599,181
S01009050,992,657,335
S01009051,1101,729,372
S01009052,914,647,267
S01009053,532,307,225
S01009054,700,480,220
S01009055,807,567,240
S01009056,554,395,159
S01009057,732,512,220
S01009058,1029,702,327
S01009059,901,581,320
S01009060,1214,784,430
S01009061,941,644,297
S01009062,849,599,250
S01009063,733,483,250
S01009064,691,446,245
S01009065,1699,1093,606
S01009066,693,489,204
S01009067,645,427,218
S01009068,895,591,304
S01009069,882,618,264
S01009070,927,634,293
S01009071,658,386,272
S01009072,1355,826,529
S01009073,848,585,263
S01009074,1025,684,341
S01009075,694,471,223
S01009076,1126,676,450
S01009077,949,615,334
S01009078,565,366,199
S01009079,1352,865,487
S01009080,2007,1281,726
S01009081,1505,1010,495
S01009082,1708,1110,598
S01009083,774,475,299
S01009084,4234,2632,1602
S01009085,1352,806,546
S01009086,1781,1102,679
S01009087,1637,1016,621
S01009088,1220,816,404
S01009089,839,481,358
S01009090,462,281,181
S01009091,1887,1134,753
S01009092,1047,624,423
S01009093,1014,527,487
S01009094,878,644,234
S01009095,1323,902,421
S01009096,1129,685,444
S01009097,1834,1092,742
S01009098,527,337,190
S01009099,807,527,280
S01009100,1224,739,485
S01009101,1045,602,443
S01009102,1086,464,622
S01009103,656,464,192
S01009104,775,452,323
S01009105,796,485,311
S01009106,791,488,303
S01009107,1277,758,519
S01009108,874,594,280
S01009109,956,656,300
S01009110,805,507,298
S01009111,1056,648,408
S01009112,560,369,191
S01009113,632,409,223
S01009114,902,544,358
S01009115,979,582,397
S01009116,788,493,295
S01009117,765,421,344
S01009118,632,369,263
S01009119,917,438,479
S01009120,737,421,316
S01009121,1083,528,555
S01009122,1421,833,588
S01009123,400,246,154
S01009124,992,575,417
S01009125,947,638,309
S01009126,805,424,381
S01009127,718,369,349
S01009128,941,513,428
S01009129,621,313,308
S01009130,733,396,337
S01009131,790,522,268
S01009132,962,558,404
S01009133,742,435,307
S01009134,1006,652,354
S01009135,565,334,231
S01009136,1170,800,370
S01009137,1510,993,517
S01009138,1001,631,370
S01009139,578,319,259
S01009140,700,435,265
S01009141,636,357,279
S01009142,835,484,351
S01009143,600,347,253
S01009144,1435,855,580
S01009145,1831,1122,709
S01009146,1210,678,532
S01009147,1639,931,708
S01009148,762,423,339
S01009149,867,531,336
S01009150,747,614,133
S01009151,890,603,287
S01009152,841,542,299
S01009153,762,427,335
S01009154,972,657,315
S01009155,708,435,273
S01009156,1424,897,527
S01009157,921,573,348
S01009158,848,507,341
S01009159,659,369,290
S01009160,674,395,279
S01009161,884,529,355
S01009162,709,424,285
S01009163,548,373,175
S01009164,974,530,444
S01009165,720,375,345
S01009166,959,525,434
S01009167,750,421,329
S01009168,1081,744,337
S01009169,890,603,287
S01009170,677,355,322
S01009171,1877,1065,812
S01009172,1036,623,413
S01009173,1471,924,547
S01009174,93,65,28
S01009175,1784,1102,682
S01009176,1456,957,499
S01009177,817,415,402
S01009178,845,475,370
S01009179,855,477,378
S01009180,984,589,395
S01009181,1450,895,555
S01009182,1171,761,410
S01009183,1028,660,368
S01009184,1228,759,469
S01009185,1136,722,414
S01009186,979,587,392
S01009187,1121,667,454
S01009188,1390,835,555
S01009189,1562,879,683
S01009190,1557,756,801
S01009191,801,488,313
S01009192,1345,724,621
S01009193,734,474,260
S01009194,914,619,295
S01009195,1511,797,714
S01009196,693,439,254
S01009197,2143,1228,915
S01009198,825,526,299
S01009199,858,557,301
S01009200,1387,903,484
S01009201,679,399,280
S01009202,582,370,212
S01009203,633,354,279
S01009204,1106,607,499
S01009205,1145,676,469
S01009206,1039,627,412
S01009207,875,612,263
S01009208,631,428,203
S01009209,1298,869,429
S01009210,861,548,313
S01009211,749,404,345
S01009212,897,533,364
S01009213,894,542,352
S01009214,1237,769,468
S01009215,1099,635,464
S01009216,1086,634,452
S01009217,851,449,402
S01009218,1125,711,414
S01009219,736,422,314
S01009220,648,369,279
S01009221,634,348,286
S01009222,664,349,315
S01009223,556,346,210
S01009224,994,557,437
S01009225,749,477,272
S01009226,1201,674,527
S01009227,645,390,255
S01009228,772,428,344
S01009229,917,617,300
S01009230,890,549,341
S01009231,958,643,315
S01009232,684,315,369
S01009233,763,460,303
S01009234,1193,609,584
S01009235,921,517,404
S01009236,720,535,185
S01009237,747,518,229
S01009238,1010,602,408
S01009239,867,446,421
S01009240,672,358,314
S01009241,895,450,445
S01009242,886,612,274
S01009243,1187,653,534
S01009244,814,553,261
S01009245,830,545,285
S01009246,1033,647,386
S01009247,1224,661,563
S01009248,688,469,219
S01009249,1108,566,542
S01009250,770,449,321
S01009251,553,339,214
S01009252,478,341,137
S01009253,733,466,267
S01009254,951,558,393
S01009255,769,445,324
S01009256,634,411,223
S01009257,684,436,248
S01009258,1552,868,684
S01009259,1080,671,409
S01009260,2083,1140,943
S01009261,795,464,331
S01009262,849,474,375
S01009263,1224,640,584
S01009264,778,478,300
S01009265,791,483,308
S01009266,1098,681,417
S01009267,840,502,338
S01009268,1002,480,522
S01009269,1607,894,713
S01009270,735,423,312
S01009271,885,501,384
S01009272,896,435,461
S01009273,922,580,342
S01009274,910,545,365
S01009275,665,389,276
S01009276,1029,622,407
S01009277,756,463,293
S01009278,836,512,324
S01009279,1089,637,452
S01009280,898,459,439
S01009281,933,541,392
S01009282,1358,843,515
S01009283,602,306,296
S01009284,822,431,391
S01009285,906,531,375
S01009286,975,588,387
S01009287,846,540,306
S01009288,969,563,406
S01009289,871,528,343
S01009290,646,425,221
S01009291,1185,701,484
S01009292,511,208,303
S01009293,1000,530,470
S01009294,993,563,430
S01009295,710,402,308
S01009296,991,518,473
S01009297,1622,800,822
S01009298,1238,661,577
S01009299,1124,577,547
S01009300,605,293,312
S01009301,1057,488,569
S01009302,903,376,527
S01009303,787,491,296
S01009304,1191,644,547
S01009305,1015,569,446
S01009306,1314,625,689
S01009307,1302,667,635
S01009308,1120,552,568
S01009309,734,354,380
S01009310,932,535,397
S01009311,1009,458,551
S01009312,991,496,495
S01009313,666,337,329
S01009314,907,498,409
S01009315,703,345,358
S01009316,947,540,407
S01009317,910,552,358
S01009318,951,598,353
S01009319,981,630,351
S01009320,965,530,435
S01009321,1099,626,473
S01009322,864,486,378
S01009323,1402,798,604
S01009324,590,316,274
S01009325,978,537,441
S01009326,575,315,260
S01009327,655,407,248
S01009328,1256,626,630
S01009330,130,59,71
S01009331,1321,670,651
S01009332,857,517,340
S01009333,893,354,539
S01009334,636,295,341
S01009335,772,375,397
S01009336,658,296,362
S01009337,938,379,559
S01009338,1981,959,1022
S01009339,1139,454,685
S01009340,872,408,464
S01009341,939,453,486
S01009342,853,431,422
S01009343,574,298,276
S01009344,763,374,389
S01009345,1214,595,619
S01009346,6248,3086,3162
S01009347,6415,3188,3227
S01009348,6345,3133,3212
S01009349,1037,484,553
S01009350,177,105,72
S01009351,97,47,50
S01009352,75,49,26
S01009353,6695,3322,3373
S01009354,7285,3570,3715
S01009355,1021,602,419
S01009356,963,571,392
S01009357,678,399,279
S01009358,455,280,175
S01009359,1243,612,631
S01009360,835,478,357
S01009361,856,509,347
S01009362,1176,689,487
S01009363,952,490,462
S01009364,860,464,396
S01009365,825,452,373
S01009366,881,466,415
S01009367,749,371,378
S01009368,1028,491,537
S01009369,961,508,453
S01009370,838,452,386
S01009371,526,275,251
S01009372,642,281,361
S01009373,958,424,534
S01009374,993,560,433
S01009375,797,366,431
S01009376,867,459,408
S01009377,1284,719,565
S01009378,1261,588,673
S01009379,981,433,548
S01009380,743,411,332
S01009381,724,345,379
S01009382,1386,745,641
S01009383,994,487,507
S01009384,564,329,235
S01009385,738,386,352
S01009386,1155,544,611
S01009387,949,457,492
S01009388,1232,495,737
S01009389,986,574,412
S01009390,777,411,366
S01009391,873,447,426
S01009392,578,300,278
S01009393,950,544,406
S01009394,943,559,384
S01009395,1040,689,351
S01009396,736,428,308
S01009397,703,412,291
S01009398,1209,728,481
S01009399,1004,603,401
S01009400,920,542,378
S01009401,953,550,403
S01009402,809,493,316
S01009403,751,391,360
S01009404,609,290,319
S01009405,749,384,365
S01009406,974,512,462
S01009407,508,268,240
S01009408,842,431,411
S01009409,782,374,408
S01009410,877,380,497
S01009411,1368,608,760
S01009412,848,410,438
S01009413,1267,611,656
S01009414,802,368,434
S01009415,1190,588,602
S01009416,610,356,254
S01009417,1474,687,787
S01009418,1327,700,627
S01009419,2054,895,1159
S01009420,763,332,431
S01009421,722,322,400
S01009422,2191,1028,1163
S01009423,1337,614,723
S01009424,723,459,264
S01009425,840,470,370
S01009426,1029,550,479
S01009427,608,306,302
S01009428,699,404,295
S01009429,827,489,338
S01009430,737,381,356
S01009431,2056,984,1072
S01009432,1101,533,568
S01009433,826,406,420
S01009434,543,270,273
S01009435,998,480,518
S01009436,828,360,468
S01009437,936,464,472
S01009438,1144,596,548
S01009439,1132,565,567
S01009440,887,435,452
S01009441,938,408,530
S01009442,1303,695,608
S01009443,2808,1427,1381
S01009444,893,569,324
S01009445,1068,596,472
S01009446,1603,766,837
S01009447,764,400,364
S01009448,720,391,329
S01009449,678,357,321
S01009450,676,290,386
S01009451,1276,592,684
S01009452,828,417,411
S01009453,1046,555,491
S01009454,1115,638,477
S01009455,1384,852,532
S01009456,852,405,447
S01009457,785,525,260
S01009458,687,398,289
S01009459,1092,553,539
S01009460,856,346,510
S01009461,778,397,381
S01009462,1285,663,622
S01009463,1050,586,464
S01009464,842,450,392
S01009465,1299,691,608
S01009466,800,481,319
S01009467,864,518,346
S01009468,748,415,333
S01009469,812,465,347
S01009470,1649,1010,639
S01009471,659,389,270
S01009472,1204,632,572
S01009473,1041,514,527
S01009474,900,423,477
S01009475,276,147,129
S01009476,1346,813,533
S01009477,1096,675,421
S01009478,964,489,475
S01009479,1063,618,445
S01009480,1155,671,484
S01009481,922,496,426
S01009482,642,368,274
S01009483,724,369,355
S01009484,1213,768,445
S01009485,786,421,365
S01009486,799,472,327
S01009487,1179,613,566
S01009488,971,508,463
S01009489,877,418,459
S01009490,853,339,514
S01009491,698,371,327
S01009492,881,393,488
S01009493,1983,1324,659
S01009494,1224,669,555
S01009495,871,481,390
S01009496,785,380,405
S01009497,1136,568,568
S01009498,643,420,223
S01009499,796,417,379
S01009500,857,338,519
S01009501,783,358,425
S01009502,971,403,568
S01009503,976,442,534
S01009504,840,352,488
S01009505,951,363,588
S01009506,1133,510,623
S01009507,1122,481,641
S01009508,1197,460,737
S01009509,1100,516,584
S01009510,808,497,311
S01009511,906,523,383
S01009512,996,572,424
S01009513,913,577,336
S01009514,846,473,373
S01009515,833,400,433
S01009516,1147,675,472
S01009517,81,38,43
S01009518,2193,1085,1108
S01009519,899,471,428
S01009520,2932,1482,1450
S01009521,985,484,501
S01009522,1271,553,718
S01009523,754,365,389
S01009524,862,441,421
S01009525,532,286,246
S01009526,650,329,321
S01009527,850,467,383
S01009528,798,484,314
S01009529,1083,542,541
S01009530,918,565,353
S01009531,917,469,448
S01009532,975,515,460
S01009533,933,472,461
S01009534,856,351,505
S01009535,898,373,525
S01009536,559,244,315
S01009537,599,298,301
S01009538,1021,541,480
S01009539,980,543,437
S01009540,969,464,505
S01009541,1239,679,560
S01009542,1073,438,635
S01009543,935,508,427
S01009544,1019,563,456
S01009545,1114,550,564
S01009546,746,373,373
S01009547,979,496,483
S01009548,1027,508,519
S01009549,1312,721,591
S01009550,569,262,307
S01009551,675,323,352
S01009552,1774,915,859
S01009553,1051,501,550
S01009554,819,407,412
S01009555,883,481,402
S01009556,918,401,517
S01009557,960,419,541
S01009558,673,281,392
S01009559,1220,524,696
S01009560,814,392,422
S01009561,634,314,320
S01009562,1121,551,570
S01009563,931,455,476
S01009564,681,378,303
S01009565,588,269,319
S01009566,1700,768,932
S01009567,959,457,502
S01009568,882,434,448
S01009569,1019,514,505
S01009570,669,309,360
S01009571,769,366,403
S01009572,1030,453,577
S01009573,743,360,383
S01009574,1493,799,694
S01009575,827,389,438
S01009576,1370,637,733
S01009577,878,492,386
S01009578,1064,477,587
S01009579,284,147,137
S01009580,1161,539,622
S01009581,758,350,408
S01009582,592,243,349
S01009583,812,339,473
S01009584,537,282,255
S01009585,1216,558,658
S01009586,1103,565,538
S01009587,997,561,436
S01009588,1062,581,481
S01009589,1169,560,609
S01009590,898,526,372
S01009591,906,513,393
S01009592,1088,611,477
S01009593,690,398,292
S01009594,623,339,284
S01009595,824,427,397
S01009596,1014,484,530
S01009597,1117,449,668
S01009598,721,291,430
S01009599,1177,532,645
S01009600,996,516,480
S01009601,884,438,446
S01009602,770,437,333
S01009603,696,408,288
S01009604,689,395,294
S01009605,961,514,447
S01009606,823,391,432
S01009607,528,296,232
S01009608,606,304,302
S01009609,1084,561,523
S01009610,1054,593,461
S01009611,432,276,156
S01009612,597,302,295
S01009613,684,390,294
S01009614,649,394,255
S01009615,641,366,275
S01009616,1713,850,863
S01009617,784,411,373
S01009618,953,461,492
S01009619,732,405,327
S01009620,934,506,428
S01009621,777,422,355
S01009622,836,364,472
S01009623,742,371,371
S01009624,876,445,431
S01009625,1672,730,942
S01009626,838,372,466
S01009627,944,429,515
S01009628,620,395,225
S01009629,1666,698,968
S01009630,811,319,492
S01009631,754,362,392
S01009632,667,291,376
S01009633,756,311,445
S01009634,761,411,350
S01009635,1209,610,599
S01009636,904,394,510
S01009637,952,493,459
S01009638,781,319,462
S01009639,1025,610,415
S01009640,845,454,391
S01009641,861,492,369
S01009642,1014,534,480
S01009643,837,378,459
S01009644,562,276,286
S01009645,879,466,413
S01009646,730,341,389
S01009647,595,314,281
S01009648,1280,643,637
S01009649,1486,813,673
S01009650,773,535,238
S01009651,918,557,361
S01009652,1090,725,365
S01009653,781,521,260
S01009654,583,338,245
S01009655,986,515,471
S01009656,811,485,326
S01009657,951,538,413
S01009658,1193,632,561
S01009659,607,324,283
S01009660,1052,524,528
S01009661,1812,985,827
S01009662,885,466,419
S01009663,775,417,358
S01009664,1125,669,456
S01009665,1366,846,520
S01009666,1170,721,449
S01009667,523,351,172
S01009668,589,338,251
S01009669,590,358,232
S01009670,777,476,301
S01009671,924,506,418
S01009672,1252,727,525
S01009673,895,537,358
S01009674,1140,683,457
S01009675,882,525,357
S01009676,1366,821,545
S01009677,782,441,341
S01009678,591,375,216
S01009679,1170,677,493
S01009680,1278,717,561
S01009681,796,486,310
S01009682,856,561,295
S01009683,865,557,308
S01009684,1466,851,615
S01009685,1104,657,447
S01009686,1355,755,600
S01009687,1039,646,393
S01009688,1216,665,551
S01009689,605,350,255
S01009690,793,426,367
S01009691,760,492,268
S01009692,1236,821,415
S01009693,900,571,329
S01009694,1197,870,327
S01009695,967,597,370
S01009696,1019,621,398
S01009697,798,490,308
S01009698,697,437,260
S01009699,562,394,168
S01009700,649,431,218
S01009701,767,576,191
S01009702,631,426,205
S01009703,834,542,292
S01009704,1068,686,382
S01009705,732,487,245
S01009706,804,546,258
S01009707,477,258,219
S01009708,752,507,245
S01009709,796,560,236
S01009710,660,433,227
S01009711,997,649,348
S01009712,663,428,235
S01009713,890,584,306
S01009714,922,608,314
S01009715,638,388,250
S01009716,1242,831,411
S01009717,1511,868,643
S01009718,908,543,365
S01009719,960,618,342
S01009720,872,578,294
S01009721,668,366,302
S01009722,1134,646,488
S01009723,1057,584,473
S01009724,1093,654,439
S01009725,1063,596,467
S01009726,1042,604,438
S01009727,1596,951,645
S01009728,727,492,235
S01009729,936,654,282
S01009730,1716,1073,643
S01009731,971,697,274
S01009732,3142,1816,1326
S01009733,696,443,253
S01009734,1829,1116,713
S01009735,1314,831,483
S01009736,3181,1808,1373
S01009737,782,486,296
S01009738,420,242,178
S01009739,764,490,274
S01009740,770,514,256
S01009741,946,551,395
S01009742,495,318,177
S01009743,1186,703,483
S01009744,829,556,273
S01009745,1168,789,379
S01009746,802,466,336
S01009747,989,586,403
S01009748,703,461,242
S01009749,954,582,372
S01009750,752,422,330
S01009751,1046,594,452
S01009752,888,501,387
S01009753,854,493,361
S01009754,1548,865,683
S01009755,673,370,303
S01009756,879,496,383
S01009757,804,466,338
S01009758,1018,749,269
S01009759,1183,843,340
S01009760,1113,827,286
S01009761,2442,1843,599
S01009762,1058,788,270
S01009763,432,314,118
S01009764,1201,846,355
S01009765,1128,862,266
S01009766,836,570,266
S01009767,2253,1713,540
S01009768,786,523,263
S01009769,1472,1056,416
S01009770,830,645,185
S01009771,888,727,161
S01009772,2167,1633,534
S01009773,161,102,59
S01009774,97,70,27
S01009775,802,563,239
S01009776,1191,760,431
S01009777,590,385,205
S01009778,1079,807,272
S01009779,810,555,255
S01009780,1331,869,462
S01009781,799,528,271
S01009782,1067,668,399
S01009783,741,456,285
S01009784,951,664,287
S01009785,1096,763,333
S01009786,1134,739,395
S01009787,867,600,267
S01009788,1201,938,263
S01009789,1145,864,281
S01009790,981,713,268
S01009791,775,535,240
S01009792,423,341,82
S01009793,943,711,232
S01009794,483,331,152
S01009795,990,777,213
S01009796,1903,1476,427
S01009797,928,662,266
S01009798,1025,709,316
S01009799,1467,985,482
S01009800,1233,809,424
S01009801,1255,835,420
S01009802,1022,676,346
S01009803,1132,789,343
S01009804,1650,1227,423
S01009805,962,699,263
S01009806,1201,949,252
S01009807,920,659,261
S01009808,1421,1091,330
S01009809,1037,681,356
S01009810,977,669,308
S01009811,1264,909,355
S01009812,856,614,242
S01009813,1102,803,299
S01009814,1118,824,294
S01009815,998,673,325
S01009816,1097,747,350
S01009817,837,648,189
S01009818,926,748,178
S01009819,1011,804,207
S01009820,958,710,248
S01009821,755,593,162
S01009822,802,546,256
S01009823,1068,755,313
S01009824,1132,774,358
S01009825,1300,961,339
S01009826,774,561,213
S01009827,854,632,222
S01009828,1264,938,326
S01009829,1137,761,376
S01009830,918,630,288
S01009831,1164,787,377
S01009832,1085,776,309
S01009833,624,456,168
S01009834,1187,819,368
S01009835,608,424,184
S01009836,961,740,221
S01009837,1024,791,233
S01009838,757,539,218
S01009839,1062,682,380
S01009840,965,724,241
S01009841,1163,856,307
S01009842,960,669,291
S01009843,745,541,204
S01009844,704,505,199
S01009845,1299,917,382
S01009846,983,684,299
S01009847,754,483,271
S01009848,866,669,197
S01009849,1005,733,272
S01009850,984,734,250
S01009851,1052,748,304
S01009852,608,475,133
S01009853,939,637,302
S01009854,982,712,270
S01009855,754,543,211
S01009856,635,492,143
S01009857,907,649,258
S01009858,987,732,255
S01009859,1109,848,261
S01009860,1085,775,310
S01009861,1484,1079,405
S01009862,1109,814,295
S01009863,969,661,308
S01009864,820,519,301
S01009865,549,355,194
S01009866,1002,748,254
S01009867,1201,773,428
S01009868,1104,772,332
S01009869,846,582,264
S01009870,889,679,210
S01009871,984,766,218
S01009872,818,576,242
S01009873,913,692,221
S01009874,1048,767,281
S01009875,896,728,168
S01009876,1091,800,291
S01009877,896,659,237
S01009878,705,598,107
S01009879,1025,721,304
S01009880,1169,990,179
S01009881,921,761,160
S01009882,1439,1007,432
S01009883,1226,934,292
S01009884,996,699,297
S01009885,899,717,182
S01009886,813,662,151
S01009887,1147,918,229
S01009888,809,657,152
S01009889,1146,930,216
S01009890,753,545,208
S01009891,734,538,196
S01009892,1159,842,317
S01009893,976,694,282
S01009894,991,752,239
S01009895,888,688,200
S01009896,1229,970,259
S01009897,1245,945,300
S01009898,982,814,168
S01009899,1020,587,433
S01009900,1161,626,535
S01009901,1054,568,486
S01009902,1111,830,281
S01009903,1040,730,310
S01009904,784,444,340
S01009905,749,497,252
S01009906,667,457,210
S01009907,1239,755,484
S01009908,1320,779,541
S01009909,899,533,366
S01009910,857,481,376
S01009911,1235,795,440
S01009912,1073,728,345
S01009913,980,794,186
S01009914,984,739,245
S01009915,861,606,255
S01009916,1257,1056,201
S01009917,858,580,278
S01009918,889,570,319
S01009919,1194,807,387
S01009920,1087,647,440
S01009921,753,414,339
S01009922,1260,700,560
S01009923,955,537,418
S01009924,1099,685,414
S01009925,1170,651,519
S01009926,997,582,415
S01009927,614,361,253
S01009928,914,584,330
S01009929,562,341,221
S01009930,1034,566,468
S01009931,856,444,412
S01009932,1030,652,378
S01009933,1651,1144,507
S01009934,1446,1052,394
S01009935,714,486,228
S01009936,1119,715,404
S01009937,781,612,169
S01009938,1004,695,309
S01009939,1185,861,324
S01009940,837,575,262
S01009941,1261,1037,224
S01009942,1148,831,317
S01009943,1266,854,412
S01009944,1089,787,302
S01009945,1065,719,346
S01009946,984,691,293
S01009947,863,599,264
S01009948,1260,952,308
S01009949,963,669,294
S01009950,727,575,152
S01009951,858,664,194
S01009952,1080,744,336
S01009953,1319,981,338
S01009954,725,552,173
S01009955,1150,817,333
S01009956,862,641,221
S01009957,1291,867,424
S01009958,1162,735,427
S01009959,913,691,222
S01009960,1337,965,372
S01009961,674,509,165
S01009962,1062,745,317
S01009963,1135,836,299
S01009964,1253,850,403
S01009965,923,758,165
S01009966,1164,923,241
S01009967,984,711,273
S01009968,608,507,101
S01009969,1358,1019,339
S01009970,1064,748,316
S01009971,1582,1093,489
S01009972,937,676,261
S01009973,829,602,227
S01009974,916,663,253
S01009975,908,600,308
S01009976,782,521,261
S01009977,1099,774,325
S01009978,1343,967,376
S01009979,1048,788,260
S01009980,707,552,155
S01009981,984,720,264
S01009982,1030,746,284
S01009983,663,452,211
S01009984,1048,726,322
S01009985,615,429,186
S01009986,699,512,187
S01009987,880,710,170
S01009988,665,491,174
S01009989,1022,733,289
S01009990,975,698,277
S01009991,1042,742,300
S01009992,945,719,226
S01009993,826,560,266
S01009994,725,502,223
S01009995,653,443,210
S01009996,918,606,312
S01009997,648,458,190
S01009998,934,789,145
S01009999,886,705,181
S01010000,860,596,264
S01010001,798,584,214
S01010002,1343,1027,316
S01010003,969,735,234
S01010004,924,760,164
S01010005,963,676,287
S01010006,1261,800,461
S01010007,959,648,311
S01010008,765,525,240
S01010009,640,382,258
S01010010,1466,1122,344
S01010011,828,510,318
S01010012,1511,1223,288
S01010013,970,618,352
S01010014,1278,785,493
S01010015,1038,598,440
S01010016,724,580,144
S01010017,968,741,227
S01010018,1180,905,275
S01010019,1164,860,304
S01010020,993,819,174
S01010021,806,627,179
S01010022,1040,784,256
S01010023,1409,1113,296
S01010024,806,591,215
S01010025,891,599,292
S01010026,1788,1291,497
S01010027,1894,1259,635
S01010028,763,592,171
S01010029,535,453,82
S01010030,950,636,314
S01010031,1039,570,469
S01010032,1550,1033,517
S01010033,1132,833,299
S01010034,1422,1001,421
S01010035,973,720,253
S01010036,1588,875,713
S01010037,1022,811,211
S01010038,1382,980,402
S01010039,1033,561,472
S01010040,907,596,311
S01010041,994,538,456
S01010042,1448,919,529
S01010043,1034,695,339
S01010044,1450,987,463
S01010045,824,617,207
S01010046,1130,800,330
S01010047,1083,861,222
S01010048,1370,1080,290
S01010049,1078,845,233
S01010050,993,704,289
S01010051,808,616,192
S01010052,648,507,141
S01010053,859,679,180
S01010054,764,579,185
S01010055,1342,972,370
S01010056,599,471,128
S01010057,553,403,150
S01010058,996,717,279
S01010059,759,528,231
S01010060,986,733,253
S01010061,822,600,222
S01010062,807,599,208
S01010063,1132,797,335
S01010064,773,554,219
S01010065,839,619,220
S01010066,753,542,211
S01010067,1066,760,306
S01010068,742,552,190
S01010069,1082,860,222
S01010070,665,523,142
S01010071,925,702,223
S01010072,1097,886,211
S01010073,1023,831,192
S01010074,1128,912,216
S01010075,781,601,180
S01010076,859,650,209
S01010077,719,568,151
S01010078,692,535,157
S01010079,923,731,192
S01010080,803,666,137
S01010081,1104,895,209
S01010082,860,661,199
S01010083,1035,808,227
S01010084,1110,864,246
S01010085,1093,847,246
S01010086,1027,806,221
S01010087,573,485,88
S01010088,1545,1115,430
S01010089,1074,820,254
S01010090,1169,917,252
S01010091,1813,1342,471
S01010092,1144,866,278
S01010093,951,705,246
S01010094,1191,893,298
S01010095,1218,937,281
S01010096,927,682,245
S01010097,735,554,181
S01010098,727,554,173
S01010099,948,748,200
S01010100,886,659,227
S01010101,1080,862,218
S01010102,742,549,193
S01010103,888,668,220
S01010104,1039,747,292
S01010105,803,581,222
S01010106,629,433,196
S01010107,1016,690,326
S01010108,733,586,147
S01010109,2300,1605,695
S01010110,1066,796,270
S01010111,1163,835,328
S01010112,1139,785,354
S01010113,551,380,171
S01010114,873,627,246
S01010115,632,469,163
S01010116,1428,972,456
S01010117,1442,969,473
S01010118,850,575,275
S01010119,543,344,199
S01010120,1045,713,332
S01010121,802,545,257
S01010122,547,416,131
S01010123,733,517,216
S01010124,723,489,234
S01010125,932,680,252
S01010126,657,485,172
S01010127,694,539,155
S01010128,758,518,240
S01010129,1039,732,307
S01010130,978,700,278
S01010131,1144,907,237
S01010132,1142,861,281
S01010133,924,713,211
S01010134,1244,941,303
S01010135,1166,917,249
S01010136,1076,821,255
S01010137,1297,1019,278
S01010138,994,796,198
S01010139,1229,926,303
S01010140,989,695,294
S01010141,1065,776,289
S01010142,644,506,138
S01010143,829,670,159
S01010144,700,468,232
S01010145,778,582,196
S01010146,1267,928,339
S01010147,1136,789,347
S01010148,1420,1037,383
S01010149,780,550,230
S01010150,870,687,183
S01010151,940,782,158
S01010152,954,743,211
S01010153,1043,841,202
S01010154,962,797,165
S01010155,821,674,147
S01010156,1064,826,238
S01010157,981,759,222
S01010158,913,710,203
S01010159,735,568,167
S01010160,822,654,168
S01010161,893,669,224
S01010162,1079,796,283
S01010163,1301,975,326
S01010164,888,629,259
S01010165,627,443,184
S01010166,1498,1080,418
S01010167,911,655,256
S01010168,616,438,178
S01010169,890,605,285
S01010170,858,597,261
S01010171,1613,1080,533
S01010172,769,603,166
S01010173,1108,929,179
S01010174,1540,1122,418
S01010175,480,354,126
S01010176,977,793,184
S01010177,776,553,223
S01010178,1103,793,310
S01010179,1655,1274,381
S01010180,923,692,231
S01010181,1057,850,207
S01010182,1107,857,250
S01010183,1528,1145,383
S01010184,630,494,136
S01010185,733,558,175
S01010186,647,465,182
S01010187,789,600,189
S01010188,1909,1394,515
S01010189,976,705,271
S01010190,272,215,57
S01010191,736,502,234
S01010192,1050,751,299
S01010193,907,702,205
S01010194,689,546,143
S01010195,1021,788,233
S01010196,820,636,184
S01010197,757,576,181
S01010198,1131,874,257
S01010199,693,522,171
S01010200,690,550,140
S01010201,928,754,174
S01010202,783,572,211
S01010203,729,531,198
S01010204,1190,879,311
S01010205,658,508,150
S01010206,497,399,98
S01010207,859,754,105
S01010208,1049,720,329
S01010209,1038,736,302
S01010210,1076,817,259
S01010211,916,676,240
S01010212,1262,935,327
S01010213,1112,838,274
S01010214,967,750,217
S01010215,1057,788,269
S01010216,1039,752,287
S01010217,1001,700,301
S01010218,1282,871,411
S01010219,767,633,134
S01010220,573,331,242
S01010221,655,525,130
S01010222,713,508,205
S01010223,655,469,186
S01010224,1364,1056,308
S01010225,931,726,205
S01010226,792,657,135
S01010227,921,705,216
S01010228,695,590,105
S01010229,1087,907,180
S01010230,1431,1190,241
S01010231,1013,837,176
S01010232,880,729,151
S01010233,1567,1282,285
S01010234,1069,712,357
S01010235,884,493,391
S01010236,736,439,297
S01010237,1007,600,407
S01010238,1051,652,399
S01010239,1026,734,292
S01010240,1111,752,359
S01010241,1019,683,336
S01010242,1180,755,425
S01010243,1392,885,507
S01010244,1006,675,331
S01010245,1122,846,276
S01010246,1162,803,359
S01010247,952,737,215
S01010248,959,518,441
S01010249,976,486,490
S01010250,1114,586,528
S01010251,780,472,308
S01010252,754,476,278
S01010253,759,497,262
S01010254,1159,818,341
S01010255,1269,943,326
S01010256,1070,711,359
S01010257,2783,1509,1274
S01010258,2329,1286,1043
S01010259,1679,1052,627
S01010260,1682,848,834
S01010261,2972,1832,1140
S01010262,1221,886,335
S01010263,841,445,396
S01010264,1287,695,592
S01010265,1296,647,649
S01010266,934,487,447
S01010267,893,436,457
S01010268,965,474,491
S01010269,969,523,446
S01010270,1474,1052,422
S01010271,931,497,434
S01010272,1283,808,475
S01010273,1107,603,504
S01010274,677,348,329
S01010275,1410,756,654
S01010276,993,547,446
S01010277,610,470,140
S01010278,1357,965,392
S01010279,835,503,332
S01010280,878,500,378
S01010281,779,458,321
S01010282,1246,677,569
S01010283,874,489,385
S01010284,1711,843,868
S01010285,1151,645,506
S01010286,2387,1219,1168
S01010287,1323,638,685
S01010288,1201,537,664
S01010289,771,394,377
S01010290,857,457,400
S01010291,1149,606,543
S01010292,1197,593,604
S01010293,926,518,408
S01010294,1025,550,475
S01010295,974,528,446
S01010296,894,591,303
S01010297,964,650,314
S01010298,966,618,348
S01010299,608,423,185
S01010300,1473,857,616
S01010301,522,301,221
S01010302,846,562,284
S01010303,683,475,208
S01010304,732,484,248
S01010305,1155,686,469
S01010306,828,439,389
S01010307,892,372,520
S01010308,975,446,529
S01010309,615,493,122
S01010310,864,606,258
S01010311,1081,870,211
S01010312,1028,774,254
S01010313,1498,1126,372
S01010314,1451,998,453
S01010315,1078,730,348
S01010316,1030,626,404
S01010317,1350,661,689
S01010318,1753,838,915
S01010319,1045,613,432
S01010320,783,481,302
S01010321,1172,698,474
S01010322,1374,657,717
S01010323,735,526,209
S01010324,940,715,225
S01010325,1018,786,232
S01010326,1410,1001,409
S01010327,1352,977,375
S01010328,1137,899,238
S01010329,492,369,123
S01010330,725,516,209
S01010331,1283,932,351
S01010332,1046,699,347
S01010333,962,704,258
S01010334,1276,925,351
S01010335,1148,872,276
S01010336,1212,803,409
S01010337,852,665,187
S01010338,884,650,234
S01010339,936,707,229
S01010340,853,623,230
S01010341,812,588,224
S01010342,829,614,215
S01010343,1427,967,460
S01010344,929,692,237
S01010345,652,456,196
S01010346,1157,759,398
S01010347,1125,721,404
S01010348,1076,785,291
S01010349,1137,831,306
S01010350,1362,1023,339
S01010351,1038,712,326
S01010352,803,565,238
S01010353,1070,732,338
S01010354,733,532,201
S01010355,1203,856,347
S01010356,724,484,240
S01010357,670,489,181
S01010358,902,631,271
S01010359,1237,869,368
S01010360,567,404,163
S01010361,535,394,141
S01010362,970,658,312
S01010363,758,451,307
S01010364,1181,764,417
S01010365,1202,736,466
S01010366,1401,874,527
S01010367,1743,992,751
S01010368,922,592,330
S01010369,825,438,387
S01010370,725,353,372
S01010371,1231,572,659
S01010372,936,423,513
S01010373,761,367,394
S01010374,1015,505,510
S01010375,896,442,454
S01010376,1019,487,532
S01010377,1082,571,511
S01010378,954,447,507
S01010379,1545,737,808
S01010380,1115,541,574
S01010381,1123,576,547
S01010382,958,447,511
S01010383,864,496,368
S01010384,1382,675,707
S01010385,979,542,437
S01010386,1250,701,549
S01010387,1734,1003,731
S01010388,1103,695,408
S01010389,1777,1032,745
S01010390,1303,646,657
S01010391,2917,1630,1287
S01010392,2000,1184,816
S01010393,1628,892,736
S01010394,936,559,377
S01010395,1144,693,451
S01010396,1033,577,456
S01010397,905,476,429
S01010398,1090,562,528
S01010399,1668,838,830
S01010400,1101,533,568
S01010401,825,468,357
S01010402,1173,650,523
S01010403,1158,663,495
S01010404,1222,668,554
S01010405,996,560,436
S01010406,962,509,453
S01010407,1256,607,649
S01010408,695,470,225
S01010409,1350,932,418
S01010410,595,394,201
S01010411,1539,963,576
S01010412,966,596,370
S01010413,949,699,250
S01010414,1231,793,438
S01010415,1173,761,412
S01010416,914,596,318
S01010417,580,345,235
S01010418,1223,659,564
S01010419,1629,941,688
S01010420,1202,843,359
S01010421,889,567,322
S01010422,1177,813,364
S01010423,1037,665,372
S01010424,1026,639,387
S01010425,1032,675,357
S01010426,1098,663,435
S01010427,1343,1010,333
S01010428,1603,1126,477
S01010429,978,563,415
S01010430,1040,717,323
S01010431,1020,630,390
S01010432,880,577,303
S01010433,905,697,208
S01010434,819,542,277
S01010435,689,472,217
S01010436,778,516,262
S01010437,557,387,170
S01010438,1058,724,334
S01010439,1371,955,416
S01010440,1229,935,294
S01010441,899,549,350
S01010442,849,537,312
S01010443,765,563,202
S01010444,685,496,189
S01010445,1109,866,243
S01010446,838,632,206
S01010447,1126,772,354
S01010448,1057,738,319
S01010449,1014,736,278
S01010450,889,623,266
S01010451,1098,777,321
S01010452,919,655,264
S01010453,1143,817,326
S01010454,1170,869,301
S01010455,942,690,252
S01010456,633,466,167
S01010457,1044,798,246
S01010458,843,618,225
S01010459,752,569,183
S01010460,810,547,263
S01010461,1026,743,283
S01010462,1088,854,234
S01010463,796,552,244
S01010464,653,479,174
S01010465,999,664,335
S01010466,1608,972,636
S01010467,981,701,280
S01010468,1209,788,421
S01010469,826,504,322
S01010470,900,653,247
S01010471,922,659,263
S01010472,1339,846,493
S01010473,1044,662,382
S01010474,1099,717,382
S01010475,1240,778,462
S01010476,1048,697,351
S01010477,951,674,277
S01010478,1411,956,455
S01010479,1022,694,328
S01010480,845,625,220
S01010481,880,566,314
S01010482,998,680,318
S01010483,1110,716,394
S01010484,987,658,329
S01010485,1072,725,347
S01010486,1210,849,361
S01010487,1123,775,348
S01010488,1366,878,488
S01010489,1471,1005,466
S01010490,893,494,399
S01010491,1049,665,384
S01010492,808,523,285
S01010493,1200,686,514
S01010494,698,475,223
S01010495,1184,719,465
S01010496,1628,1109,519
S01010497,1063,669,394
S01010498,1333,937,396
S01010499,1355,893,462
S01010500,1258,721,537
S01010501,910,601,309
S01010502,756,538,218
S01010503,838,544,294
S01010504,531,341,190
S01010505,655,459,196
S01010506,889,607,282
S01010507,1092,764,328
S01010508,1150,729,421
S01010509,1183,768,415
S01010510,1659,1247,412
S01010511,1254,852,402
S01010512,912,647,265
S01010513,897,620,277
S01010514,918,659,259
S01010515,906,675,231
S01010516,614,418,196
S01010517,1136,724,412
S01010518,922,596,326
S01010519,938,574,364
S01010520,1172,836,336
S01010521,1035,709,326
S01010522,812,574,238
S01010523,1065,668,397
S01010524,585,404,181
S01010525,790,530,260
S01010526,927,635,292
S01010527,1300,809,491
S01010528,794,544,250
S01010529,1084,772,312
S01010530,753,510,243
S01010531,1094,739,355
S01010532,840,557,283
S01010533,920,569,351
S01010534,1115,744,371
S01010535,715,413,302
S01010536,1165,665,500
S01010537,1411,851,560
S01010538,1129,576,553
S01010539,1037,582,455
S01010540,628,390,238
S01010541,840,490,350
S01010542,1069,631,438
S01010543,606,365,241
S01010544,1281,766,515
S01010545,738,406,332
S01010546,1010,706,304
S01010547,757,444,313
S01010548,583,382,201
S01010549,1286,751,535
S01010550,690,409,281
S01010551,831,513,318
S01010552,1005,627,378
S01010553,621,390,231
S01010554,776,486,290
S01010555,1057,603,454
S01010556,1197,702,495
S01010557,736,421,315
S01010558,608,396,212
S01010559,791,566,225
S01010560,663,448,215
S01010561,963,629,334
S01010562,1007,634,373
S01010563,800,431,369
S01010564,806,496,310
S01010565,963,582,381
S01010566,1090,662,428
S01010567,1243,824,419
S01010568,1422,808,614
S01010569,953,581,372
S01010570,1563,950,613
S01010571,917,538,379
S01010572,1004,539,465
S01010573,641,331,310
S01010574,609,381,228
S01010575,873,627,246
S01010576,822,534,288
S01010577,901,481,420
S01010578,576,308,268
S01010579,736,453,283
S01010580,513,262,251
S01010581,843,483,360
S01010582,686,460,226
S01010583,986,672,314
S01010584,2141,1135,1006
S01010585,2051,1086,965
S01010586,632,431,201
S01010587,872,603,269
S01010588,836,577,259
S01010589,2397,1369,1028
S01010590,1797,1020,777
S01010591,626,296,330
S01010592,366,222,144
S01010593,2428,1484,944
S01010594,1852,1072,780
S01010595,1850,1082,768
S01010596,3420,1973,1447
S01010597,2421,1328,1093
S01010598,2542,1415,1127
S01010599,819,500,319
S01010600,1694,1108,586
S01010601,774,571,203
S01010602,652,401,251
S01010603,809,574,235
S01010604,845,556,289
S01010605,1368,860,508
S01010606,1054,601,453
S01010607,1064,710,354
S01010608,781,409,372
S01010609,570,286,284
S01010610,781,500,281
S01010611,1197,733,464
S01010612,781,474,307
S01010613,820,564,256
S01010614,706,378,328
S01010615,1026,598,428
S01010616,1078,759,319
S01010617,1005,640,365
S01010618,1010,629,381
S01010619,1279,690,589
S01010620,744,397,347
S01010621,1121,692,429
S01010622,648,316,332
S01010623,1066,571,495
S01010624,755,468,287
S01010625,786,583,203
S01010626,993,725,268
S01010627,1095,699,396
S01010628,1189,720,469
S01010629,1290,850,440
S01010630,698,431,267
S01010631,986,623,363
S01010632,958,621,337
S01010633,1035,577,458
S01010634,665,380,285
S01010635,803,504,299
S01010636,987,616,371
S01010637,852,552,300
S01010638,995,681,314
S01010639,1332,781,551
S01010640,898,521,377
S01010641,1350,694,656
S01010642,1035,498,537
S01010643,844,382,462
S01010644,879,402,477
S01010645,767,507,260
S01010646,807,541,266
S01010647,696,461,235
S01010648,981,591,390
S01010649,785,456,329
S01010650,701,432,269
S01010651,674,399,275
S01010652,825,506,319
S01010653,742,462,280
S01010654,763,433,330
S01010655,1019,616,403
S01010656,705,468,237
S01010657,919,575,344
S01010658,1106,678,428
S01010659,792,481,311
S01010660,917,647,270
S01010661,775,532,243
S01010662,922,544,378
S01010663,1511,997,514
S01010664,783,485,298
S01010665,1055,648,407
S01010666,1405,871,534
S01010667,801,476,325
S01010668,1318,866,452
S01010669,608,438,170
S01010670,943,597,346
S01010671,895,550,345
S01010672,1366,928,438
S01010673,1117,691,426
S01010674,1180,787,393
S01010675,952,602,350
S01010676,1201,738,463
S01010677,501,344,157
S01010678,1057,767,290
S01010679,1584,1112,472
S01010680,788,550,238
S01010681,1353,908,445
S01010682,1307,897,410
S01010683,975,702,273
S01010684,1054,695,359
S01010685,758,481,277
S01010686,701,431,270
S01010687,1071,653,418
S01010688,849,532,317
S01010689,1007,661,346
S01010690,938,586,352
S01010691,1020,614,406
S01010692,749,458,291
S01010693,385,232,153
S01010694,798,561,237
S01010695,727,521,206
S01010696,1212,791,421
S01010697,1122,738,384
S01010698,764,443,321
S01010699,605,353,252
S01010700,611,378,233
S01010701,1314,683,631
S01010702,1077,699,378
S01010703,902,591,311
S01010704,1291,857,434
S01010705,1290,856,434
S01010706,887,572,315
S01010707,750,509,241
S01010708,1067,686,381
S01010709,904,575,329
S01010710,969,619,350
S01010711,778,569,209
S01010712,864,520,344
S01010713,1024,605,419
S01010714,839,537,302
S01010715,808,536,272
S01010716,976,710,266
S01010717,1009,752,257
S01010718,1078,727,351
S01010719,918,634,284
S01010720,881,557,324
S01010721,828,534,294
S01010722,1208,748,460
S01010723,1108,687,421
S01010724,887,582,305
S01010725,822,539,283
S01010726,1091,786,305
S01010727,765,484,281
S01010728,1016,655,361
S01010729,924,572,352
S01010730,845,563,282
S01010731,906,523,383
S01010732,840,457,383
S01010733,1018,575,443
S01010734,1051,543,508
S01010735,1051,577,474
S01010736,500,325,175
S01010737,1038,685,353
S01010738,1127,695,432
S01010739,870,519,351
S01010740,700,360,340
S01010741,695,442,253
S01010742,887,516,371
S01010743,1008,565,443
S01010744,1166,776,390
S01010745,702,441,261
S01010746,1016,622,394
S01010747,1170,740,430
S01010748,631,414,217
S01010749,736,459,277
S01010750,626,434,192
S01010751,999,639,360
S01010752,1063,595,468
S01010753,1318,780,538
S01010754,1021,646,375
S01010755,863,574,289
S01010756,835,570,265
S01010757,863,573,290
S01010758,702,491,211
S01010759,682,475,207
S01010760,816,566,250
S01010761,536,341,195
S01010762,598,374,224
S01010763,940,631,309
S01010764,576,405,171
S01010765,1228,820,408
S01010766,784,517,267
S01010767,706,433,273
S01010768,737,509,228
S01010769,483,336,147
S01010770,877,579,298
S01010771,960,630,330
S01010772,762,498,264
S01010773,785,501,284
S01010774,1353,908,445
S01010775,643,364,279
S01010776,833,477,356
S01010777,512,298,214
S01010778,649,322,327
S01010779,995,514,481
S01010780,648,431,217
S01010781,965,608,357
S01010782,623,374,249
S01010783,897,526,371
S01010784,1122,649,473
S01010785,793,543,250
S01010786,688,388,300
S01010787,913,632,281
S01010788,622,403,219
S01010789,888,554,334
S01010790,827,550,277
S01010791,993,628,365
S01010792,1152,703,449
S01010793,649,424,225
S01010794,550,300,250
S01010795,1311,889,422
S01010796,1441,948,493
S01010797,762,519,243
S01010798,694,484,210
S01010799,999,588,411
S01010800,797,413,384
S01010801,794,454,340
S01010802,626,348,278
S01010803,611,356,255
S01010804,778,500,278
S01010805,1276,775,501
S01010806,916,468,448
S01010807,570,298,272
S01010808,553,280,273
S01010809,1007,602,405
S01010810,490,346,144
S01010811,923,613,310
S01010812,522,337,185
S01010813,910,536,374
S01010814,740,442,298
S01010815,582,398,184
S01010816,830,636,194
S01010817,1203,853,350
S01010818,1454,1092,362
S01010819,1044,800,244
S01010820,1391,1042,349
S01010821,866,620,246
S01010822,772,549,223
S01010823,683,555,128
S01010824,1231,936,295
S01010825,1642,1269,373
S01010826,755,561,194
S01010827,697,527,170
S01010828,1239,943,296
S01010829,1121,813,308
S01010830,556,440,116
S01010831,598,472,126
S01010832,730,571,159
S01010833,1159,898,261
S01010834,1629,1264,365
S01010835,736,612,124
S01010836,920,674,246
S01010837,838,665,173
S01010838,1187,955,232
S01010839,908,701,207
S01010840,572,433,139
S01010841,1103,871,232
S01010842,960,777,183
S01010843,756,599,157
S01010844,838,667,171
S01010845,619,524,95
S01010846,910,729,181
S01010847,798,670,128
S01010848,924,759,165
S01010849,951,742,209
S01010850,1005,816,189
S01010851,935,707,228
S01010852,839,729,110
S01010853,999,848,151
S01010854,923,696,227
S01010855,560,466,94
S01010856,908,770,138
S01010857,950,805,145
S01010858,1138,938,200
S01010859,842,692,150
S01010860,885,740,145
S01010861,981,776,205
S01010862,651,536,115
S01010863,883,746,137
S01010864,622,520,102
S01010865,706,596,110
S01010866,881,777,104
S01010867,750,634,116
S01010868,839,687,152
S01010869,1144,941,203
S01010870,1020,839,181
S01010871,898,724,174
S01010872,830,648,182
S01010873,739,612,127
S01010874,928,696,232
S01010875,658,502,156
S01010876,740,566,174
S01010877,1633,1240,393
S01010878,1326,1049,277
S01010879,1103,904,199
S01010880,669,528,141
S01010881,803,681,122
S01010882,1050,858,192
S01010883,1034,864,170
S01010884,1153,924,229
S01010885,1349,1035,314
S01010886,615,482,133
S01010887,765,634,131
S01010888,1188,961,227
S01010889,825,638,187
S01010890,847,706,141
S01010891,870,696,174
S01010892,915,743,172
S01010893,1031,856,175
S01010894,805,654,151
S01010895,495,392,103
S01010896,984,795,189
S01010897,945,770,175
S01010898,1362,1128,234
S01010899,714,561,153
S01010900,930,722,208
S01010901,465,369,96
S01010902,957,782,175
S01010903,891,745,146
S01010904,538,440,98
S01010905,964,764,200
S01010906,966,788,178
S01010907,606,498,108
S01010908,1136,953,183
S01010909,1207,993,214
S01010910,844,674,170
S01010911,875,764,111
S01010912,773,617,156
S01010913,642,541,101
S01010914,1153,935,218
S01010915,982,856,126
S01010916,733,590,143
S01010917,843,716,127
S01010918,1289,1116,173
S01010919,882,745,137
S01010920,733,563,170
S01010921,733,631,102
S01010922,988,855,133
S01010923,1154,1001,153
S01010924,678,613,65
S01010925,858,718,140
S01010926,989,840,149
S01010927,970,804,166
S01010928,806,674,132
S01010929,918,766,152
S01010930,900,494,406
S01010931,430,207,223
S01010932,1496,854,642
S01010933,864,514,350
S01010934,1114,575,539
S01010935,861,499,362
S01010936,682,384,298
S01010937,728,424,304
S01010938,951,464,487
S01010939,776,440,336
S01010940,683,378,305
S01010941,1253,720,533
S01010942,646,402,244
S01010943,832,404,428
S01010944,845,455,390
S01010945,540,287,253
S01010946,1029,532,497
S01010947,791,370,421
S01010948,673,355,318
S01010949,1546,930,616
S01010950,846,443,403
S01010951,724,354,370
S01010952,779,356,423
S01010953,737,404,333
S01010954,1268,747,521
S01010955,1145,652,493
S01010956,970,464,506
S01010957,581,334,247
S01010958,625,390,235
S01010959,891,503,388
S01010960,1480,842,638
S01010961,1433,776,657
S01010962,649,401,248
S01010963,1038,585,453
S01010964,523,354,169
S01010965,1012,527,485
S01010966,982,554,428
S01010967,920,508,412
S01010968,919,591,328
S01010969,736,505,231
S01010970,1511,911,600
S01010971,1736,987,749
S01010972,939,463,476
S01010973,627,362,265
S01010974,1133,680,453
S01010975,662,379,283
S01010976,2199,1119,1080
S01010977,728,421,307
S01010978,949,529,420
S01010979,900,506,394
S01010980,821,460,361
S01010981,739,424,315
S01010982,1334,848,486
S01010983,1132,715,417
S01010984,1097,725,372
S01010985,865,479,386
S01010986,750,457,293
S01010987,445,264,181
S01010988,627,335,292
S01010989,1514,776,738
S01010990,798,489,309
S01010991,1936,1055,881
S01010992,1803,924,879
S01010993,733,422,311
S01010994,2765,1536,1229
S01010995,851,551,300
S01010996,901,564,337
S01010997,1056,733,323
S01010998,2440,1343,1097
S01010999,903,555,348
S01011000,1120,644,476
S01011001,652,364,288
S01011002,707,430,277
S01011003,813,453,360
S01011004,809,445,364
S01011005,795,435,360
S01011006,1002,536,466
S01011007,883,460,423
S01011008,881,510,371
S01011009,627,325,302
S01011010,950,503,447
S01011011,768,406,362
S01011012,1218,553,665
S01011013,878,504,374
S01011014,811,488,323
S01011015,565,317,248
S01011016,1188,611,577
S01011017,1670,902,768
S01011018,1451,818,633
S01011019,1253,674,579
S01011020,472,266,206
S01011021,882,460,422
S01011022,705,339,366
S01011023,1043,438,605
S01011024,1223,494,729
S01011025,680,332,348
S01011026,540,246,294
S01011027,1160,542,618
S01011028,1175,562,613
S01011029,741,345,396
S01011030,969,515,454
S01011031,1190,574,616
S01011032,896,440,456
S01011033,794,392,402
S01011034,849,454,395
S01011035,662,298,364
S01011036,1019,506,513
S01011037,1079,474,605
S01011038,1053,522,531
S01011039,907,509,398
S01011040,1407,606,801
S01011041,917,436,481
S01011042,818,430,388
S01011043,1277,620,657
S01011044,1150,534,616
S01011045,939,588,351
S01011046,854,508,346
S01011047,1077,707,370
S01011048,1277,787,490
S01011049,818,542,276
S01011050,1005,687,318
S01011051,1078,735,343
S01011052,1218,841,377
S01011053,742,480,262
S01011054,672,426,246
S01011055,568,345,223
S01011056,699,402,297
S01011057,728,428,300
S01011058,638,384,254
S01011059,778,500,278
S01011060,1225,874,351
S01011061,1077,604,473
S01011062,1404,895,509
S01011063,1132,738,394
S01011064,1299,842,457
S01011065,965,614,351
S01011066,614,407,207
S01011067,1167,737,430
S01011068,826,443,383
S01011069,721,426,295
S01011070,903,526,377
S01011071,948,626,322
S01011072,1142,652,490
S01011073,699,427,272
S01011074,607,338,269
S01011075,883,479,404
S01011076,1153,690,463
S01011077,1059,581,478
S01011078,1354,829,525
S01011079,1307,787,520
S01011080,1124,604,520
S01011081,824,422,402
S01011082,722,445,277
S01011083,1144,688,456
S01011084,876,508,368
S01011085,889,483,406
S01011086,641,364,277
S01011087,880,494,386
S01011088,1178,699,479
S01011089,950,536,414
S01011090,717,437,280
S01011091,700,409,291
S01011092,2474,1122,1352
S01011093,3120,1516,1604
S01011094,776,518,258
S01011095,1088,716,372
S01011096,951,576,375
S01011097,715,424,291
S01011098,1124,672,452
S01011099,819,373,446
S01011100,570,362,208
S01011101,790,420,370
S01011102,731,376,355
S01011103,773,467,306
S01011104,704,491,213
S01011105,799,448,351
S01011106,988,444,544
S01011107,2433,1101,1332
S01011108,672,366,306
S01011109,807,495,312
S01011110,947,452,495
S01011111,1093,552,541
S01011112,142,89,53
S01011113,1004,577,427
S01011114,1195,757,438
S01011115,902,447,455
S01011116,880,513,367
S01011117,868,542,326
S01011118,1011,629,382
S01011119,931,618,313
S01011120,1159,784,375
S01011121,622,354,268
S01011122,787,439,348
S01011123,1121,586,535
S01011124,661,364,297
S01011125,452,207,245
S01011126,763,369,394
S01011127,536,261,275
S01011128,1007,584,423
S01011129,940,591,349
S01011130,766,451,315
S01011131,739,476,263
S01011132,898,581,317
S01011133,527,304,223
S01011134,825,491,334
S01011135,1008,588,420
S01011136,658,424,234
S01011137,923,490,433
S01011138,641,323,318
S01011139,1335,799,536
S01011140,537,275,262
S01011141,1696,966,730
S01011142,1363,802,561
S01011143,1190,792,398
S01011144,919,594,325
S01011145,1079,683,396
S01011146,1051,626,425
S01011147,1186,775,411
S01011148,787,488,299
S01011149,802,458,344
S01011150,933,447,486
S01011151,749,459,290
S01011152,901,573,328
S01011153,1005,588,417
S01011154,624,384,240
S01011155,814,521,293
S01011156,845,517,328
S01011157,576,369,207
S01011158,598,394,204
S01011159,614,370,244
S01011160,909,502,407
S01011161,637,352,285
S01011162,885,481,404
S01011163,960,523,437
S01011164,851,490,361
S01011165,881,481,400
S01011166,603,414,189
S01011167,1064,643,421
S01011168,845,509,336
S01011169,1267,641,626
S01011170,911,534,377
S01011171,1007,662,345
S01011172,752,497,255
S01011173,869,562,307
S01011174,762,471,291
S01011175,815,518,297
S01011176,689,443,246
S01011177,1082,680,402
S01011178,595,358,237
S01011179,705,411,294
S01011180,853,513,340
S01011181,1527,966,561
S01011182,511,368,143
S01011183,757,490,267
S01011184,820,602,218
S01011185,790,602,188
S01011186,1127,786,341
S01011187,803,586,217
S01011188,1108,688,420
S01011189,1096,710,386
S01011190,1103,779,324
S01011191,750,523,227
S01011192,865,501,364
S01011193,942,514,428
S01011194,727,395,332
S01011195,945,527,418
S01011196,1050,665,385
S01011197,871,510,361
S01011198,695,393,302
S01011199,781,460,321
S01011200,865,590,275
S01011201,586,414,172
S01011202,949,590,359
S01011203,1289,788,501
S01011204,555,422,133
S01011205,184,137,47
S01011206,734,436,298
S01011207,1852,1168,684
S01011208,907,594,313
S01011209,697,415,282
S01011210,830,553,277
S01011211,1745,1080,665
S01011212,735,467,268
S01011213,1180,729,451
S01011214,1144,727,417
S01011215,919,517,402
S01011216,1105,675,430
S01011217,1207,725,482
S01011218,933,546,387
S01011219,1031,588,443
S01011220,988,630,358
S01011221,1075,681,394
S01011222,662,454,208
S01011223,946,656,290
S01011224,681,476,205
S01011225,1029,643,386
S01011226,1098,838,260
S01011227,802,525,277
S01011228,1353,905,448
S01011229,802,514,288
S01011230,1319,818,501
S01011231,1047,664,383
S01011232,915,568,347
S01011233,1500,937,563
S01011234,1165,755,410
S01011235,525,355,170
S01011236,557,389,168
S01011237,1048,668,380
S01011238,806,492,314
S01011239,878,609,269
S01011240,1075,752,323
S01011241,1042,730,312
S01011242,1015,746,269
S01011243,1251,778,473
S01011244,666,424,242
S01011245,848,545,303
S01011246,926,633,293
S01011247,953,727,226
S01011248,945,715,230
S01011249,1048,768,280
S01011250,1241,778,463
S01011251,871,597,274
S01011252,825,507,318
S01011253,968,620,348
S01011254,1209,862,347
S01011255,428,310,118
S01011256,497,339,158
S01011257,468,398,70
S01011258,700,525,175
S01011259,931,693,238
S01011260,718,535,183
S01011261,925,609,316
S01011262,689,489,200
S01011263,898,567,331
S01011264,688,438,250
S01011265,1053,695,358
S01011266,908,666,242
S01011267,984,693,291
S01011268,591,437,154
S01011269,594,434,160
S01011270,833,482,351
S01011271,948,702,246
S01011272,728,501,227
S01011273,1285,822,463
S01011274,1125,734,391
S01011275,1543,937,606
S01011276,1114,722,392
S01011277,654,441,213
S01011278,639,445,194
S01011279,713,520,193
S01011280,690,505,185
S01011281,804,512,292
S01011282,918,632,286
S01011283,804,514,290
S01011284,1230,793,437
S01011285,1140,675,465
S01011286,720,432,288
S01011287,987,625,362
S01011288,1067,631,436
S01011289,934,613,321
S01011290,1390,936,454
S01011291,986,651,335
S01011292,697,438,259
S01011293,953,609,344
S01011294,948,645,303
S01011295,1022,740,282
S01011296,722,473,249
S01011297,927,566,361
S01011298,1104,702,402
S01011299,494,359,135
S01011300,1008,667,341
S01011301,705,501,204
S01011302,945,676,269
S01011303,1186,839,347
S01011304,966,649,317
S01011305,829,534,295
S01011306,590,394,196
S01011307,2465,1646,819
S01011308,626,405,221
S01011309,858,613,245
S01011310,706,485,221
S01011311,1149,833,316
S01011312,1244,876,368
S01011313,1122,707,415
S01011314,1097,688,409
S01011315,419,299,120
S01011316,938,567,371
S01011317,967,723,244
S01011318,964,724,240
S01011319,1116,864,252
S01011320,747,581,166
S01011321,663,482,181
S01011322,634,415,219
S01011323,1181,746,435
S01011324,509,338,171
S01011325,1030,706,324
S01011326,1099,747,352
S01011327,739,510,229
S01011328,897,653,244
S01011329,1053,780,273
S01011330,754,571,183
S01011331,832,657,175
S01011332,1270,979,291
S01011333,733,569,164
S01011334,1448,972,476
S01011335,1138,834,304
S01011336,698,468,230
S01011337,682,462,220
S01011338,847,526,321
S01011339,701,403,298
S01011340,1269,787,482
S01011341,874,532,342
S01011342,839,549,290
S01011343,906,625,281
S01011344,883,546,337
S01011345,1069,676,393
S01011346,832,606,226
S01011347,1186,780,406
S01011348,1225,771,454
S01011349,1113,723,390
S01011350,933,674,259
S01011351,796,499,297
S01011352,709,461,248
S01011353,650,412,238
S01011354,879,589,290
S01011355,1113,753,360
S01011356,962,658,304
S01011357,1399,1070,329
S01011358,547,419,128
S01011359,737,553,184
S01011360,852,556,296
S01011361,537,348,189
S01011362,661,496,165
S01011363,1714,1303,411
S01011364,659,485,174
S01011365,830,636,194
S01011366,498,396,102
S01011367,840,650,190
S01011368,1429,983,446
S01011369,756,592,164
S01011370,1654,1160,494
S01011371,1560,1163,397
S01011372,1042,748,294
S01011373,866,573,293
S01011374,514,380,134
S01011375,726,534,192
S01011376,568,432,136
S01011377,594,472,122
S01011378,1041,848,193
S01011379,1125,939,186
S01011380,732,552,180
S01011381,810,617,193
S01011382,531,393,138
S01011383,1091,871,220
S01011384,839,613,226
S01011385,957,707,250
S01011386,1076,790,286
S01011387,988,752,236
S01011388,1431,1074,357
S01011389,1512,1103,409
S01011390,1040,798,242
S01011391,645,441,204
S01011392,1053,808,245
S01011393,841,643,198
S01011394,1012,807,205
S01011395,861,674,187
S01011396,986,749,237
S01011397,860,665,195
S01011398,779,568,211
S01011399,508,379,129
S01011400,925,704,221
S01011401,1020,801,219
S01011402,954,806,148
S01011403,1011,788,223
S01011404,1155,877,278
S01011405,731,562,169
S01011406,705,530,175
S01011407,1377,1063,314
S01011408,936,730,206
S01011409,839,572,267
S01011410,812,615,197
S01011411,993,778,215
S01011412,973,784,189
S01011413,560,425,135
S01011414,1077,800,277
S01011415,941,706,235
S01011416,875,694,181
S01011417,820,672,148
S01011418,780,598,182
S01011419,673,525,148
S01011420,491,320,171
S01011421,506,366,140
S01011422,467,359,108
S01011423,679,492,187
S01011424,560,421,139
S01011425,779,587,192
S01011426,1886,1384,502
S01011427,1423,1022,401
S01011428,673,514,159
S01011429,1327,970,357
S01011430,1026,762,264
S01011431,1298,1001,297
S01011432,1888,1421,467
S01011433,1048,687,361
S01011434,998,788,210
S01011435,1433,1082,351
S01011436,1245,887,358
S01011437,811,620,191
S01011438,881,637,244
S01011439,1155,838,317
S01011440,1091,807,284
S01011441,868,631,237
S01011442,683,498,185
S01011443,787,571,216
S01011444,1222,920,302
S01011445,635,515,120
S01011446,2472,1876,596
S01011447,1071,873,198
S01011448,1244,1033,211
S01011449,757,649,108
S01011450,849,746,103
S01011451,1963,1509,454
S01011452,947,731,216
S01011453,820,665,155
S01011454,1109,857,252
S01011455,1041,884,157
S01011456,1034,814,220
S01011457,917,708,209
S01011458,804,644,160
S01011459,1370,1051,319
S01011460,984,787,197
S01011461,813,608,205
S01011462,1004,805,199
S01011463,670,508,162
S01011464,1681,1301,380
S01011465,826,623,203
S01011466,2111,1705,406
S01011467,539,459,80
S01011468,141,119,22
S01011469,859,639,220
S01011470,958,724,234
S01011471,953,765,188
S01011472,1225,934,291
S01011473,1013,795,218
S01011474,1075,774,301
S01011475,679,534,145
S01011476,915,726,189
S01011477,851,704,147
S01011478,1060,824,236
S01011479,886,686,200
S01011480,1113,877,236
S01011481,1169,942,227
S01011482,1155,906,249
S01011483,822,684,138
S01011484,1152,910,242
S01011485,965,712,253
S01011486,569,437,132
S01011487,1370,1040,330
S01011488,697,518,179
S01011489,995,757,238
S01011490,1134,832,302
S01011491,538,381,157
S01011492,859,616,243
S01011493,1048,793,255
S01011494,785,604,181
S01011495,1042,815,227
S01011496,649,456,193
S01011497,881,672,209
S01011498,672,490,182
S01011499,898,677,221
S01011500,1012,768,244
S01011501,673,507,166
S01011502,755,560,195
S01011503,1024,774,250
S01011504,666,552,114
S01011505,698,515,183
S01011506,588,488,100
S01011507,790,601,189
S01011508,962,707,255
S01011509,610,459,151
S01011510,1122,791,331
S01011511,678,521,157
S01011512,1239,834,405
S01011513,917,648,269
S01011514,1085,769,316
S01011515,752,554,198
S01011516,887,669,218
S01011517,649,502,147
S01011518,661,490,171
S01011519,781,582,199
S01011520,1091,781,310
S01011521,1429,1044,385
S01011522,956,734,222
S01011523,1305,973,332
S01011524,890,673,217
S01011525,1099,870,229
S01011526,1018,833,185
S01011527,949,786,163
S01011528,974,716,258
S01011529,1084,765,319
S01011530,1256,976,280
S01011531,1814,1436,378
S01011532,1266,955,311
S01011533,683,537,146
S01011534,766,588,178
S01011535,940,742,198
S01011536,674,509,165
S01011537,845,652,193
S01011538,733,564,169
S01011539,1096,902,194
S01011540,2031,1564,467
S01011541,1035,792,243
S01011542,1070,855,215
S01011543,920,682,238
S01011544,790,623,167
S01011545,851,691,160
S01011546,764,609,155
S01011547,475,325,150
S01011548,813,623,190
S01011549,915,722,193
S01011550,979,771,208
S01011551,876,704,172
S01011552,978,728,250
S01011553,1259,941,318
S01011554,2044,1619,425
S01011555,766,620,146
S01011556,676,544,132
S01011557,1003,830,173
S01011558,874,708,166
S01011559,715,605,110
S01011560,1046,877,169
S01011561,834,676,158
S01011562,1038,851,187
S01011563,1118,945,173
S01011564,966,830,136
S01011565,1081,917,164
S01011566,917,733,184
S01011567,859,739,120
S01011568,847,721,126
S01011569,848,774,74
S01011570,946,814,132
S01011571,887,734,153
S01011572,883,728,155
S01011573,1084,939,145
S01011574,1100,916,184
S01011575,866,675,191
S01011576,979,821,158
S01011577,628,536,92
S01011578,2245,1775,470
S01011579,924,783,141
S01011580,1378,1166,212
S01011581,930,803,127
S01011582,2390,1909,481
S01011583,970,790,180
S01011584,843,701,142
S01011585,1196,960,236
S01011586,713,552,161
S01011587,738,591,147
S01011588,952,786,166
S01011589,1040,840,200
S01011590,2166,1652,514
S01011591,923,710,213
S01011592,1877,1427,450
S01011593,717,578,139
S01011594,622,507,115
S01011595,854,697,157
S01011596,1276,1011,265
S01011597,806,688,118
S01011598,984,754,230
S01011599,967,815,152
S01011600,737,626,111
S01011601,848,689,159
S01011602,709,587,122
S01011603,1000,857,143
S01011604,690,562,128
S01011605,844,749,95
S01011606,1001,784,217
S01011607,1266,993,273
S01011608,1206,964,242
S01011609,970,753,217
S01011610,949,754,195
S01011611,1197,938,259
S01011612,296,235,61
S01011613,940,775,165
S01011614,570,457,113
S01011615,1356,1080,276
S01011616,511,439,72
S01011617,981,810,171
S01011618,794,642,152
S01011619,892,725,167
S01011620,972,796,176
S01011621,893,704,189
S01011622,160,138,22
S01011623,1888,1466,422
S01011624,937,740,197
S01011625,548,445,103
S01011626,1061,839,222
S01011627,733,565,168
S01011628,1289,1022,267
S01011629,809,601,208
S01011630,744,557,187
S01011631,839,645,194
S01011632,986,699,287
S01011633,1092,836,256
S01011634,754,573,181
S01011635,832,630,202
S01011636,867,622,245
S01011637,743,541,202
S01011638,737,581,156
S01011639,700,504,196
S01011640,1048,783,265
S01011641,946,815,131
S01011642,847,664,183
S01011643,896,703,193
S01011644,880,744,136
S01011645,622,496,126
S01011646,872,770,102
S01011647,1062,866,196
S01011648,414,313,101
S01011649,881,674,207
S01011650,1626,1264,362
S01011651,926,734,192
S01011652,760,634,126
S01011653,1109,887,222
S01011654,1064,830,234
S01011655,846,642,204
S01011656,730,561,169
S01011657,609,492,117
S01011658,895,765,130
S01011659,983,745,238
S01011660,1097,900,197
S01011661,1180,902,278
S01011662,1305,990,315
S01011663,1103,776,327
S01011664,1044,831,213
S01011665,1123,859,264
S01011666,957,742,215
S01011667,1051,799,252
S01011668,1646,1225,421
S01011669,823,636,187
S01011670,799,577,222
S01011671,758,621,137
S01011672,806,609,197
S01011673,930,701,229
S01011674,1657,1292,365
S01011675,1448,1184,264
S01011676,778,657,121
S01011677,155,142,13
S01011678,464,379,85
S01011679,1416,1119,297
S01011680,1282,1020,262
S01011681,847,687,160
S01011682,1669,1266,403
S01011683,1279,896,383
S01011684,803,600,203
S01011685,856,628,228
S01011686,931,710,221
S01011687,935,721,214
S01011688,1161,903,258
S01011689,914,656,258
S01011690,1636,1272,364
S01011691,474,391,83
S01011692,1250,1054,196
S01011693,1698,1227,471
S01011694,659,451,208
S01011695,3465,2533,932
S01011696,776,539,237
S01011697,1083,763,320
S01011698,643,445,198
S01011699,911,670,241
S01011700,869,680,189
S01011701,1222,890,332
S01011702,972,716,256
S01011703,974,709,265
S01011704,1645,1200,445
S01011705,1785,1246,539
S01011706,1028,807,221
S01011707,713,537,176
S01011708,1094,819,275
S01011709,1109,833,276
S01011710,763,539,224
S01011711,1121,807,314
S01011712,530,351,179
S01011713,1108,808,300
S01011714,1302,933,369
S01011715,1149,802,347
S01011716,1002,718,284
S01011717,764,567,197
S01011718,978,686,292
S01011719,1981,1426,555
S01011720,617,495,122
S01011721,784,565,219
S01011722,1316,957,359
S01011723,2146,1529,617
S01011724,733,474,259
S01011725,634,431,203
S01011726,552,364,188
S01011727,1489,1068,421
S01011728,929,691,238
S01011729,1157,861,296
S01011730,844,634,210
S01011731,1102,785,317
S01011732,899,636,263
S01011733,851,647,204
S01011734,891,574,317
S01011735,736,533,203
S01011736,1192,772,420
S01011737,966,630,336
S01011738,1109,723,386
S01011739,684,438,246
S01011740,729,472,257
S01011741,964,614,350
S01011742,864,567,297
S01011743,797,485,312
S01011744,849,560,289
S01011745,1033,701,332
S01011746,852,561,291
S01011747,1074,659,415
S01011748,1024,619,405
S01011749,896,484,412
S01011750,876,571,305
S01011751,1149,697,452
S01011752,1074,653,421
S01011753,777,443,334
S01011754,959,583,376
S01011755,939,529,410
S01011756,1113,680,433
S01011757,933,605,328
S01011758,624,384,240
S01011759,897,574,323
S01011760,884,583,301
S01011761,817,475,342
S01011762,876,547,329
S01011763,773,509,264
S01011764,403,277,126
S01011765,1156,754,402
S01011766,733,516,217
S01011767,1209,850,359
S01011768,974,604,370
S01011769,789,537,252
S01011770,892,541,351
S01011771,667,472,195
S01011772,1102,862,240
S01011773,596,408,188
S01011774,941,593,348
S01011775,904,618,286
S01011776,1298,952,346
S01011777,645,428,217
S01011778,634,456,178
S01011779,793,568,225
S01011780,939,678,261
S01011781,922,636,286
S01011782,889,633,256
S01011783,575,410,165
S01011784,793,559,234
S01011785,1070,761,309
S01011786,198,126,72
S01011787,1133,1002,131
S01011788,1318,947,371
S01011789,3188,2288,900
S01011790,1301,937,364
S01011791,831,632,199
S01011792,888,700,188
S01011793,760,565,195
S01011794,982,739,243
S01011795,1051,813,238
S01011796,908,702,206
S01011797,1110,875,235
S01011798,550,381,169
S01011799,973,702,271
S01011800,677,512,165
S01011801,685,469,216
S01011802,731,536,195
S01011803,930,691,239
S01011804,1006,610,396
S01011805,919,532,387
S01011806,1308,847,461
S01011807,1091,695,396
S01011808,948,625,323
S01011809,719,421,298
S01011810,1301,841,460
S01011811,1146,696,450
S01011812,1122,618,504
S01011813,959,607,352
S01011814,721,477,244
S01011815,816,472,344
S01011816,707,430,277
S01011817,728,464,264
S01011818,1651,1029,622
S01011819,1218,719,499
S01011820,1034,673,361
S01011821,680,390,290
S01011822,913,480,433
S01011823,608,343,265
S01011824,1001,546,455
S01011825,535,323,212
S01011826,744,376,368
S01011827,603,386,217
S01011828,909,574,335
S01011829,541,344,197
S01011830,844,477,367
S01011831,1079,690,389
S01011832,838,617,221
S01011833,1016,629,387
S01011834,801,551,250
S01011835,685,429,256
S01011836,1104,709,395
S01011837,963,635,328
S01011838,1250,835,415
S01011839,1064,737,327
S01011840,1255,809,446
S01011841,1612,1019,593
S01011842,1320,819,501
S01011843,1233,783,450
S01011844,1070,643,427
S01011845,857,511,346
S01011846,869,553,316
S01011847,429,272,157
S01011848,842,531,311
S01011849,813,524,289
S01011850,1123,774,349
S01011851,898,572,326
S01011852,1012,690,322
S01011853,954,593,361
S01011854,1090,722,368
S01011855,1273,853,420
S01011856,695,486,209
S01011857,1489,965,524
S01011858,1096,671,425
S01011859,1069,709,360
S01011860,894,609,285
S01011861,851,511,340
S01011862,1132,834,298
S01011863,1148,752,396
S01011864,787,523,264
S01011865,670,472,198
S01011866,1268,872,396
S01011867,1297,837,460
S01011868,1025,643,382
S01011869,1021,618,403
S01011870,864,564,300
S01011871,1179,722,457
S01011872,1053,701,352
S01011873,812,487,325
S01011874,839,493,346
S01011875,1078,684,394
S01011876,1056,661,395
S01011877,775,481,294
S01011878,1688,1060,628
S01011879,801,480,321
S01011880,1247,706,541
S01011881,871,536,335
S01011882,941,610,331
S01011883,1984,1259,725
S01011884,778,465,313
S01011885,766,463,303
S01011886,1335,844,491
S01011887,745,449,296
S01011888,1321,738,583
S01011889,1052,652,400
S01011890,918,541,377
S01011891,1260,631,629
S01011892,1193,661,532
S01011893,1082,602,480
S01011894,1069,608,461
S01011895,1172,788,384
S01011896,964,618,346
S01011897,1131,741,390
S01011898,1043,637,406
S01011899,985,697,288
S01011900,735,494,241
S01011901,1119,701,418
S01011902,1146,787,359
S01011903,925,645,280
S01011904,956,667,289
S01011905,909,652,257
S01011906,329,222,107
S01011907,841,506,335
S01011908,566,349,217
S01011909,867,443,424
S01011910,1183,608,575
S01011911,713,416,297
S01011912,833,433,400
S01011913,858,422,436
S01011914,991,424,567
S01011915,908,541,367
S01011916,943,526,417
S01011917,620,346,274
S01011918,895,453,442
S01011919,1144,585,559
S01011920,684,371,313
S01011921,594,299,295
S01011922,882,455,427
S01011923,1088,617,471
S01011924,934,525,409
S01011925,921,479,442
S01011926,817,461,356
S01011927,613,337,276
S01011928,788,447,341
S01011929,692,377,315
S01011930,709,439,270
S01011931,679,290,389
S01011932,343,201,142
S01011933,1534,874,660
S01011934,970,679,291
S01011935,1038,677,361
S01011936,766,477,289
S01011937,667,399,268
S01011938,472,280,192
S01011939,1010,538,472
S01011940,944,513,431
S01011941,1131,587,544
S01011942,930,552,378
S01011943,1483,850,633
S01011944,509,343,166
S01011945,1482,988,494
S01011946,935,581,354
S01011947,602,395,207
S01011948,1159,767,392
S01011949,966,697,269
S01011950,954,700,254
S01011951,833,564,269
S01011952,914,582,332
S01011953,925,552,373
S01011954,590,409,181
S01011955,1128,725,403
S01011956,1108,746,362
S01011957,1083,725,358
S01011958,2026,1270,756
S01011959,893,590,303
S01011960,1192,735,457
S01011961,1161,740,421
S01011962,1069,694,375
S01011963,818,544,274
S01011964,1086,683,403
S01011965,984,694,290
S01011966,842,621,221
S01011967,1155,768,387
S01011968,1395,939,456
S01011969,1689,1002,687
S01011970,1835,1145,690
S01011971,667,412,255
S01011972,1743,1159,584
S01011973,656,446,210
S01011974,851,598,253
S01011975,452,304,148
S01011976,990,671,319
S01011977,1280,829,451
S01011978,1204,822,382
S01011979,1276,843,433
S01011980,508,303,205
S01011981,1153,741,412
S01011982,1501,967,534
S01011983,1165,768,397
S01011984,678,414,264
S01011985,718,477,241
S01011986,1019,615,404
S01011987,1150,680,470
S01011988,731,525,206
S01011989,866,556,310
S01011990,750,525,225
S01011991,973,606,367
S01011992,1113,705,408
S01011993,1010,615,395
S01011994,844,581,263
S01011995,1020,654,366
S01011996,730,482,248
S01011997,1170,699,471
S01011998,946,626,320
S01011999,621,404,217
S01012000,562,375,187
S01012001,876,585,291
S01012002,767,535,232
S01012003,856,598,258
S01012004,1707,1122,585
S01012005,1507,949,558
S01012006,1130,797,333
S01012007,968,623,345
S01012008,1379,917,462
S01012009,725,383,342
S01012010,1513,1007,506
S01012011,1458,911,547
S01012012,647,422,225
S01012013,742,472,270
S01012014,1845,1167,678
S01012015,1376,843,533
S01012016,852,552,300
S01012017,561,343,218
S01012018,876,589,287
S01012019,921,563,358
S01012020,970,600,370
S01012021,821,531,290
S01012022,1080,643,437
S01012023,673,423,250
S01012024,1151,765,386
S01012025,690,469,221
S01012026,932,645,287
S01012027,2264,1565,699
S01012028,1089,779,310
S01012029,1499,1063,436
S01012030,1302,923,379
S01012031,553,407,146
S01012032,353,245,108
S01012033,917,680,237
S01012034,978,662,316
S01012035,1153,799,354
S01012036,1140,820,320
S01012037,1247,785,462
S01012038,1273,785,488
S01012039,1165,862,303
S01012040,696,475,221
S01012041,1253,869,384
S01012042,1257,938,319
S01012043,926,577,349
S01012044,998,717,281
S01012045,1229,796,433
S01012046,834,572,262
S01012047,1081,801,280
S01012048,831,559,272
S01012049,732,509,223
S01012050,1172,837,335
S01012051,497,355,142
S01012052,951,686,265
S01012053,964,651,313
S01012054,1252,821,431
S01012055,947,631,316
S01012056,994,794,200
S01012057,773,562,211
S01012058,901,640,261
S01012059,986,644,342
S01012060,960,668,292
S01012061,1580,1058,522
S01012062,1011,682,329
S01012063,681,452,229
S01012064,892,545,347
S01012065,686,373,313
S01012066,852,492,360
S01012067,666,403,263
S01012068,788,496,292
S01012069,619,364,255
S01012070,1090,659,431
S01012071,1165,755,410
S01012072,1188,780,408
S01012073,786,507,279
S01012074,639,423,216
S01012075,1000,683,317
S01012076,936,630,306
S01012077,1177,752,425
S01012078,977,659,318
S01012079,1253,766,487
S01012080,1085,634,451
S01012081,737,425,312
S01012082,1002,637,365
S01012083,1119,671,448
S01012084,678,491,187
S01012085,777,533,244
S01012086,918,550,368
S01012087,815,517,298
S01012088,645,433,212
S01012089,842,591,251
S01012090,1102,840,262
S01012091,772,531,241
S01012092,635,459,176
S01012093,535,346,189
S01012094,875,656,219
S01012095,1463,976,487
S01012096,871,546,325
S01012097,695,412,283
S01012098,977,610,367
S01012099,1066,709,357
S01012100,1711,1101,610
S01012101,931,637,294
S01012102,899,532,367
S01012103,1054,631,423
S01012104,924,651,273
S01012105,1606,1061,545
S01012106,1222,842,380
S01012107,692,513,179
S01012108,1045,765,280
S01012109,1198,708,490
S01012110,852,526,326
S01012111,1274,840,434
S01012112,1035,774,261
S01012113,1292,867,425
S01012114,1520,998,522
S01012115,765,537,228
S01012116,680,474,206
S01012117,724,448,276
S01012118,1100,747,353
S01012119,900,664,236
S01012120,583,388,195
S01012121,953,626,327
S01012122,866,576,290
S01012123,731,498,233
S01012124,636,396,240
S01012125,1009,593,416
S01012126,945,576,369
S01012127,1258,713,545
S01012128,704,414,290
S01012129,915,569,346
S01012130,1222,819,403
S01012131,1509,895,614
S01012132,852,531,321
S01012133,1128,634,494
S01012134,1375,942,433
S01012135,1171,684,487
S01012136,908,518,390
S01012137,848,577,271
S01012138,1037,727,310
S01012139,1163,766,397
S01012140,883,651,232
S01012141,1267,918,349
S01012142,952,740,212
S01012143,1302,951,351
S01012144,1046,771,275
S01012145,1135,824,311
S01012146,1138,698,440
S01012147,1028,624,404
S01012148,756,424,332
S01012149,967,617,350
S01012150,778,478,300
S01012151,1013,666,347
S01012152,1039,649,390
S01012153,772,464,308
S01012154,759,479,280
S01012155,859,502,357
S01012156,1173,750,423
S01012157,1088,719,369
S01012158,1764,1118,646
S01012159,503,386,117
S01012160,960,683,277
S01012161,532,334,198
S01012162,1035,630,405
S01012163,868,601,267
S01012164,1242,855,387
S01012165,921,499,422
S01012166,799,489,310
S01012167,681,441,240
S01012168,1025,745,280
S01012169,851,592,259
S01012170,1291,876,415
S01012171,1180,757,423
S01012172,943,633,310
S01012173,817,663,154
S01012174,1092,777,315
S01012175,1031,787,244
S01012176,1365,1021,344
S01012177,833,623,210
S01012178,951,763,188
S01012179,765,565,200
S01012180,732,502,230
S01012181,1232,862,370
S01012182,1424,1023,401
S01012183,2115,1359,756
S01012184,787,467,320
S01012185,783,479,304
S01012186,887,584,303
S01012187,884,564,320
S01012188,672,503,169
S01012189,802,521,281
S01012190,805,549,256
S01012191,1063,782,281
S01012192,454,345,109
S01012193,769,601,168
S01012194,869,541,328
S01012195,895,662,233
S01012196,573,385,188
S01012197,1059,694,365
S01012198,1156,750,406
S01012199,879,633,246
S01012200,647,436,211
S01012201,1113,737,376
S01012202,585,406,179
S01012203,964,742,222
S01012204,789,553,236
S01012205,888,626,262
S01012206,965,682,283
S01012207,1231,816,415
S01012208,1418,930,488
S01012209,1066,705,361
S01012210,790,570,220
S01012211,1169,801,368
S01012212,1141,832,309
S01012213,1205,899,306
S01012214,800,577,223
S01012215,986,694,292
S01012216,1319,939,380
S01012217,560,360,200
S01012218,604,399,205
S01012219,931,681,250
S01012220,964,695,269
S01012221,709,528,181
S01012222,1233,882,351
S01012223,808,559,249
S01012224,1037,704,333
S01012225,1301,890,411
S01012226,833,583,250
S01012227,907,643,264
S01012228,802,513,289
S01012229,837,587,250
S01012230,1064,772,292
S01012231,831,596,235
S01012232,1183,885,298
S01012233,953,693,260
S01012234,1530,1057,473
S01012235,905,647,258
S01012236,864,635,229
S01012237,892,602,290
S01012238,604,362,242
S01012239,586,389,197
S01012240,842,581,261
S01012241,719,498,221
S01012242,891,584,307
S01012243,956,625,331
S01012244,1092,631,461
S01012245,1361,862,499
S01012246,1093,622,471
S01012247,742,444,298
S01012248,942,604,338
S01012249,1001,638,363
S01012250,867,506,361
S01012251,1121,632,489
S01012252,1188,655,533
S01012253,958,582,376
S01012254,922,555,367
S01012255,924,553,371
S01012256,1453,822,631
S01012257,1214,738,476
S01012258,1793,1076,717
S01012259,837,494,343
S01012260,1541,929,612
S01012261,1335,793,542
S01012262,1961,1123,838
S01012263,782,429,353
S01012264,472,273,199
S01012265,1185,681,504
S01012266,1280,762,518
S01012267,1133,658,475
S01012268,1558,972,586
S01012269,1002,681,321
S01012270,898,575,323
S01012271,1536,925,611
S01012272,903,527,376
S01012273,1025,636,389
S01012274,1157,636,521
S01012275,807,401,406
S01012276,1524,847,677
S01012277,1367,715,652
S01012278,1253,704,549
S01012279,1245,660,585
S01012280,1113,615,498
S01012281,948,490,458
S01012282,1241,824,417
S01012283,1047,641,406
S01012284,779,465,314
S01012285,607,417,190
S01012286,1257,728,529
S01012287,1395,781,614
S01012288,1149,622,527
S01012289,1219,809,410
S01012290,671,456,215
S01012291,865,575,290
S01012292,1359,950,409
S01012293,1098,622,476
S01012294,1062,545,517
S01012295,754,408,346
S01012296,1210,726,484
S01012297,1169,717,452
S01012298,1440,888,552
S01012299,621,356,265
S01012300,1251,826,425
S01012301,1022,710,312
S01012302,767,448,319
S01012303,979,623,356
S01012304,1213,756,457
S01012305,906,648,258
S01012306,898,610,288
S01012307,897,565,332
S01012308,1009,662,347
S01012309,941,650,291
S01012310,1619,1046,573
S01012311,889,578,311
S01012312,1008,679,329
S01012313,860,547,313
S01012314,945,562,383
S01012315,844,548,296
S01012316,693,431,262
S01012317,499,319,180
S01012318,792,456,336
S01012319,1119,730,389
S01012320,848,560,288
S01012321,1236,783,453
S01012322,1181,787,394
S01012323,1391,953,438
S01012324,1058,656,402
S01012325,904,573,331
S01012326,930,577,353
S01012327,962,667,295
S01012328,810,589,221
S01012329,993,709,284
S01012330,690,452,238
S01012331,1171,818,353
S01012332,1275,821,454
S01012333,1413,911,502
S01012334,949,669,280
S01012335,1896,1259,637
S01012336,864,627,237
S01012337,1014,684,330
S01012338,865,602,263
S01012339,1000,670,330
S01012340,1133,760,373
S01012341,949,659,290
S01012342,999,700,299
S01012343,1077,722,355
S01012344,1137,682,455
S01012345,785,488,297
S01012346,1348,878,470
S01012347,688,462,226
S01012348,1196,786,410
S01012349,1143,757,386
S01012350,1194,713,481
S01012351,1015,621,394
S01012352,1217,861,356
S01012353,826,534,292
S01012354,1057,709,348
S01012355,1147,738,409
S01012356,1137,786,351
S01012357,1000,700,300
S01012358,851,557,294
S01012359,917,492,425
S01012360,808,401,407
S01012361,885,467,418
S01012362,1240,588,652
S01012363,1211,741,470
S01012364,830,487,343
S01012365,1176,775,401
S01012366,1035,628,407
S01012367,1075,748,327
S01012368,873,604,269
S01012369,1124,745,379
S01012370,1413,911,502
S01012371,1153,668,485
S01012372,1119,646,473
S01012373,1296,777,519
S01012374,920,538,382
S01012375,1290,738,552
S01012376,963,635,328
S01012377,705,464,241
S01012378,682,397,285
S01012379,600,381,219
S01012380,1406,738,668
S01012381,1093,693,400
S01012382,1101,736,365
S01012383,1100,675,425
S01012384,573,306,267
S01012385,760,422,338
S01012386,1188,640,548
S01012387,936,537,399
S01012388,704,368,336
S01012389,983,503,480
S01012390,769,457,312
S01012391,1541,738,803
S01012392,864,436,428
S01012393,1326,660,666
S01012394,995,472,523
S01012395,848,483,365
S01012396,879,470,409
S01012397,845,496,349
S01012398,1058,539,519
S01012399,873,464,409
S01012400,925,412,513
S01012401,917,463,454
S01012402,460,246,214
S01012403,1025,586,439
S01012404,1343,627,716
S01012405,726,361,365
S01012406,732,381,351
S01012407,1102,621,481
S01012408,850,498,352
S01012409,1131,669,462
S01012410,1339,730,609
S01012411,1377,697,680
S01012412,646,375,271
S01012413,1027,572,455
S01012414,693,438,255
S01012415,810,558,252
S01012416,559,413,146
S01012417,636,469,167
S01012418,788,547,241
S01012419,1104,745,359
S01012420,1094,734,360
S01012421,1022,692,330
S01012422,1269,829,440
S01012423,1031,716,315
S01012424,950,624,326
S01012425,626,415,211
S01012426,625,373,252
S01012427,811,480,331
S01012428,865,574,291
S01012429,558,396,162
S01012430,1038,750,288
S01012431,1099,812,287
S01012432,802,576,226
S01012433,790,560,230
S01012434,841,494,347
S01012435,891,547,344
S01012436,900,523,377
S01012437,811,533,278
S01012438,1078,638,440
S01012439,953,590,363
S01012440,943,654,289
S01012441,971,664,307
S01012442,1000,678,322
S01012443,746,492,254
S01012444,1508,1084,424
S01012445,100,86,14
S01012446,687,468,219
S01012447,998,707,291
S01012448,927,608,319
S01012449,709,463,246
S01012450,981,692,289
S01012451,916,700,216
S01012452,743,550,193
S01012453,1053,775,278
S01012454,1084,861,223
S01012455,612,466,146
S01012456,984,760,224
S01012457,1318,985,333
S01012458,895,661,234
S01012459,885,570,315
S01012460,830,604,226
S01012461,607,381,226
S01012462,858,513,345
S01012463,857,506,351
S01012464,625,334,291
S01012465,872,529,343
S01012466,1060,693,367
S01012467,1269,776,493
S01012468,866,587,279
S01012469,1089,791,298
S01012470,962,613,349
S01012471,835,606,229
S01012472,823,618,205
S01012473,691,522,169
S01012474,812,561,251
S01012475,724,487,237
S01012476,1119,709,410
S01012477,798,536,262
S01012478,840,551,289
S01012479,1019,721,298
S01012480,756,455,301
S01012481,803,436,367
S01012482,889,621,268
S01012483,881,537,344
S01012484,1188,784,404
S01012485,1423,1069,354
S01012486,874,693,181
S01012487,612,416,196
S01012488,903,610,293
S01012489,1234,648,586
S01012490,1192,685,507
S01012491,721,366,355
S01012492,953,515,438
S01012493,776,547,229
S01012494,1471,955,516
S01012495,1121,676,445
S01012496,765,457,308
S01012497,604,386,218
S01012498,943,501,442
S01012499,1329,834,495
S01012500,558,326,232
S01012501,1006,577,429
S01012502,1043,528,515
S01012503,637,358,279
S01012504,713,407,306
S01012505,1090,647,443
S01012506,493,351,142
S01012507,946,566,380
S01012508,825,496,329
S01012509,541,378,163
S01012510,1070,690,380
S01012511,787,541,246
S01012512,899,575,324
S01012513,550,358,192
S01012514,810,509,301
S01012515,820,532,288
S01012516,668,492,176
S01012517,1030,624,406
S01012518,871,625,246
S01012519,759,489,270
S01012520,826,590,236
S01012521,766,511,255
S01012522,946,660,286
S01012523,1076,803,273
S01012524,980,699,281
S01012525,951,649,302
S01012526,949,679,270
S01012527,625,458,167
S01012528,823,528,295
S01012529,858,596,262
S01012530,1097,853,244
S01012531,1106,768,338
S01012532,1164,819,345
S01012533,864,576,288
S01012534,952,643,309
S01012535,892,636,256
S01012536,817,528,289
S01012537,1096,715,381
S01012538,1264,797,467
S01012539,801,567,234
S01012540,1023,689,334
S01012541,1192,817,375
S01012542,1283,858,425
S01012543,686,468,218
S01012544,980,646,334
S01012545,615,365,250
S01012546,941,571,370
S01012547,746,510,236
S01012548,1058,757,301
S01012549,806,460,346
S01012550,1007,657,350
S01012551,1145,798,347
S01012552,964,693,271
S01012553,827,540,287
S01012554,886,612,274
S01012555,541,391,150
S01012556,545,411,134
S01012557,812,578,234
S01012558,746,449,297
S01012559,1058,708,350
S01012560,1101,786,315
S01012561,1154,843,311
S01012562,1140,716,424
S01012563,758,569,189
S01012564,886,653,233
S01012565,1007,712,295
S01012566,769,482,287
S01012567,1124,700,424
S01012568,1044,757,287
S01012569,876,656,220
S01012570,734,503,231
S01012571,809,453,356
S01012572,572,412,160
S01012573,838,543,295
S01012574,1295,853,442
S01012575,793,529,264
S01012576,1218,826,392
S01012577,994,663,331
S01012578,1497,1037,460
S01012579,824,526,298
S01012580,753,443,310
S01012581,1240,836,404
S01012582,1022,701,321
S01012583,689,469,220
S01012584,739,487,252
S01012585,1552,955,597
S01012586,941,604,337
S01012587,1028,732,296
S01012588,739,438,301
S01012589,805,499,306
S01012590,1076,701,375
S01012591,1198,810,388
S01012592,696,499,197
S01012593,1198,805,393
S01012594,664,480,184
S01012595,798,565,233
S01012596,788,530,258
S01012597,386,285,101
S01012598,746,541,205
S01012599,718,528,190
S01012600,692,521,171
S01012601,889,677,212
S01012602,701,513,188
S01012603,650,468,182
S01012604,849,593,256
S01012605,915,644,271
S01012606,352,241,111
S01012607,737,528,209
S01012608,1026,708,318
S01012609,968,641,327
S01012610,1255,817,438
S01012611,885,596,289
S01012612,1189,835,354
S01012613,1231,799,432
S01012614,1121,779,342
S01012615,1053,799,254
S01012616,1038,727,311
S01012617,839,581,258
S01012618,696,481,215
S01012619,723,504,219
S01012620,958,694,264
S01012621,909,670,239
S01012622,844,581,263
S01012623,865,613,252
S01012624,777,512,265
S01012625,698,459,239
S01012626,850,628,222
S01012627,635,419,216
S01012628,1599,1098,501
S01012629,333,256,77
S01012630,823,573,250
S01012631,1101,628,473
S01012632,726,516,210
S01012633,989,639,350
S01012634,1305,840,465
S01012635,2056,1396,660
S01012636,1543,1019,524
S01012637,1083,619,464
S01012638,1032,699,333
S01012639,1572,1157,415
S01012640,1375,857,518
S01012641,1105,812,293
S01012642,1668,1021,647
S01012643,573,327,246
S01012644,772,471,301
S01012645,1315,891,424
S01012646,1260,845,415
S01012647,1144,708,436
S01012648,678,399,279
S01012649,887,634,253
S01012650,794,550,244
S01012651,822,560,262
S01012652,1045,747,298
S01012653,987,665,322
S01012654,922,647,275
S01012655,1381,1037,344
S01012656,970,682,288
S01012657,991,697,294
S01012658,938,708,230
S01012659,785,524,261
S01012660,728,508,220
S01012661,921,647,274
S01012662,921,638,283
S01012663,935,685,250
S01012664,1045,747,298
S01012665,811,529,282
S01012666,741,539,202
S01012667,686,470,216
S01012668,1116,755,361
S01012669,1002,718,284
S01012670,696,534,162
S01012671,1482,1066,416
S01012672,839,580,259
S01012673,927,627,300
S01012674,731,466,265
S01012675,1046,688,358
S01012676,1042,694,348
S01012677,583,411,172
S01012678,727,497,230
S01012679,791,580,211
S01012680,557,397,160
S01012681,831,547,284
S01012682,864,623,241
S01012683,908,521,387
S01012684,458,301,157
S01012685,1195,762,433
S01012686,1243,818,425
S01012687,1350,1019,331
S01012688,891,574,317
S01012689,593,406,187
S01012690,532,381,151
S01012691,1055,765,290
S01012692,1031,696,335
S01012693,905,615,290
S01012694,639,435,204
S01012695,830,583,247
S01012696,861,646,215
S01012697,509,385,124
S01012698,969,659,310
S01012699,1045,732,313
S01012700,900,689,211
S01012701,1127,876,251
S01012702,684,480,204
S01012703,723,523,200
S01012704,772,519,253
S01012705,780,582,198
S01012706,993,760,233
S01012707,898,703,195
S01012708,915,682,233
S01012709,613,450,163
S01012710,943,679,264
S01012711,1145,819,326
S01012712,912,705,207
S01012713,1087,829,258
S01012714,657,519,138
S01012715,971,743,228
S01012716,1090,876,214
S01012717,1138,859,279
S01012718,989,713,276
S01012719,1135,821,314
S01012720,863,606,257
S01012721,660,533,127
S01012722,1107,867,240
S01012723,827,641,186
S01012724,728,531,197
S01012725,1071,760,311
S01012726,971,741,230
S01012727,936,707,229
S01012728,1067,714,353
S01012729,948,712,236
S01012730,556,403,153
S01012731,797,590,207
S01012732,765,543,222
S01012733,3564,2355,1209
S01012734,91,63,28
S01012735,551,383,168
S01012736,1279,893,386
S01012737,1274,947,327
S01012738,612,446,166
S01012739,105,71,34
S01012740,90,69,21
S01012741,555,407,148
S01012742,880,648,232
S01012743,966,745,221
S01012744,675,451,224
S01012745,920,698,222
S01012746,1129,776,353
S01012747,1147,827,320
S01012748,829,568,261
S01012749,876,591,285
S01012750,788,530,258
S01012751,1273,899,374
S01012752,832,580,252
S01012753,496,348,148
S01012754,908,598,310
S01012755,643,466,177
S01012756,1795,1322,473
S01012757,461,337,124
S01012758,695,504,191
S01012759,801,536,265
S01012760,1008,681,327
S01012761,994,737,257
S01012762,788,634,154
S01012763,612,523,89
S01012764,991,745,246
S01012765,597,461,136
S01012766,699,509,190
S01012767,791,624,167
S01012768,831,675,156
S01012769,1072,826,246
S01012770,839,647,192
S01012771,819,633,186
S01012772,1177,895,282
S01012773,1174,891,283
S01012774,859,601,258
S01012775,641,462,179
S01012776,794,575,219
S01012777,1167,806,361
S01012778,1199,799,400
S01012779,1036,646,390
S01012780,918,601,317
S01012781,655,490,165
S01012782,828,581,247
S01012783,931,648,283
S01012784,1053,737,316
S01012785,733,522,211
S01012786,1145,733,412
S01012787,560,363,197
S01012788,1005,727,278
S01012789,1021,774,247
S01012790,911,671,240
S01012791,810,614,196
S01012792,1082,842,240
S01012793,1043,737,306
S01012794,396,273,123
S01012795,1255,858,397
S01012796,925,576,349
S01012797,758,499,259
S01012798,1060,832,228
S01012799,1182,931,251
S01012800,1078,858,220
S01012801,504,401,103
S01012802,756,632,124
S01012803,840,667,173
S01012804,857,624,233
S01012805,1069,817,252
S01012806,937,704,233
S01012807,1497,1171,326
S01012808,1059,835,224
S01012809,861,629,232
S01012810,898,693,205
S01012811,862,664,198
S01012812,961,751,210
S01012813,1001,793,208
S01012814,922,665,257
S01012815,1343,931,412
S01012816,806,606,200
S01012817,476,355,121
S01012818,1016,737,279
S01012819,1098,819,279
S01012820,2669,1981,688
S01012821,1794,1311,483
S01012822,846,590,256
S01012823,774,511,263
S01012824,1337,918,419
S01012825,1548,1067,481
S01012826,1661,1110,551
S01012827,1524,1004,520
S01012828,2277,1602,675
S01012829,865,561,304
S01012830,690,497,193
S01012831,739,555,184
S01012832,544,378,166
S01012833,1006,674,332
S01012834,782,532,250
S01012835,980,763,217
S01012836,595,430,165
S01012837,998,570,428
S01012838,858,512,346
S01012839,666,472,194
S01012840,993,720,273
S01012841,721,517,204
S01012842,995,700,295
S01012843,1101,798,303
S01012844,918,660,258
S01012845,907,665,242
S01012846,1051,773,278
S01012847,756,602,154
S01012848,980,651,329
S01012849,1136,761,375
S01012850,918,672,246
S01012851,998,771,227
S01012852,1061,757,304
S01012853,924,692,232
S01012854,1195,812,383
S01012855,1112,757,355
S01012856,912,700,212
S01012857,1372,1049,323
S01012858,875,618,257
S01012859,1143,790,353
S01012860,1067,858,209
S01012861,687,451,236
S01012862,844,614,230
S01012863,748,484,264
S01012864,775,511,264
S01012865,1170,892,278
S01012866,910,657,253
S01012867,829,627,202
S01012868,778,562,216
S01012869,546,369,177
S01012870,915,709,206
S01012871,912,708,204
S01012872,885,613,272
S01012873,936,703,233
S01012874,890,610,280
S01012875,645,426,219
S01012876,933,685,248
S01012877,726,559,167
S01012878,927,685,242
S01012879,1057,763,294
S01012880,1039,796,243
S01012881,1402,1046,356
S01012882,1198,855,343
S01012883,968,685,283
S01012884,617,454,163
S01012885,792,519,273
S01012886,925,716,209
S01012887,734,556,178
S01012888,966,709,257
S01012889,1197,908,289
S01012890,809,532,277
S01012891,742,515,227
S01012892,1194,835,359
S01012893,1007,713,294
S01012894,921,598,323
S01012895,673,464,209
S01012896,1009,695,314
S01012897,1690,1203,487
S01012898,1041,734,307
S01012899,701,447,254
S01012900,1383,959,424
S01012901,2017,1357,660
S01012902,992,615,377
S01012903,949,569,380
S01012904,989,587,402
S01012905,906,571,335
S01012906,1072,722,350
S01012907,1060,701,359
S01012908,1139,773,366
S01012909,906,597,309
S01012910,1303,884,419
S01012911,799,545,254
S01012912,1338,860,478
S01012913,985,643,342
S01012914,1110,688,422
S01012915,1060,732,328
S01012916,936,610,326
S01012917,717,483,234
S01012918,859,572,287
S01012919,455,325,130
S01012920,571,413,158
S01012921,705,446,259
S01012922,1012,649,363
S01012923,1112,740,372
S01012924,567,365,202
S01012925,604,420,184
S01012926,697,448,249
S01012927,772,467,305
S01012928,1035,703,332
S01012929,918,613,305
S01012930,978,681,297
S01012931,1145,737,408
S01012932,625,473,152
S01012933,864,573,291
S01012934,823,555,268
S01012935,1487,890,597
S01012936,913,659,254
S01012937,846,511,335
S01012938,843,615,228
S01012939,829,635,194
S01012940,817,617,200
S01012941,789,569,220
S01012942,902,537,365
S01012943,872,560,312
S01012944,725,502,223
S01012945,749,540,209
S01012946,861,598,263
S01012947,578,428,150
S01012948,1064,733,331
S01012949,1390,971,419
S01012950,1806,1251,555
S01012951,1068,738,330
S01012952,1554,1150,404
S01012953,685,430,255
S01012954,485,298,187
S01012955,1293,957,336
S01012956,994,678,316
S01012957,791,517,274
S01012958,502,331,171
S01012959,572,354,218
S01012960,733,448,285
S01012961,973,679,294
S01012962,922,656,266
S01012963,1174,757,417
S01012964,1517,979,538
S01012965,878,563,315
S01012966,1016,684,332
S01012967,889,580,309
S01012968,829,543,286
S01012969,958,605,353
S01012970,839,506,333
S01012971,1041,596,445
S01012972,932,593,339
S01012973,1007,653,354
S01012974,1217,802,415
S01012975,846,533,313
S01012976,675,433,242
S01012977,875,500,375
S01012978,952,509,443
S01012979,876,550,326
S01012980,806,468,338
S01012981,874,536,338
S01012982,820,490,330
S01012983,745,531,214
S01012984,784,532,252
S01012985,869,579,290
S01012986,995,606,389
S01012987,1053,675,378
S01012988,1115,677,438
S01012989,1183,767,416
S01012990,1155,743,412
S01012991,1123,693,430
S01012992,1063,710,353
S01012993,1003,608,395
S01012994,949,585,364
S01012995,795,487,308
S01012996,885,531,354
S01012997,605,386,219
S01012998,1239,782,457
S01012999,777,510,267
S01013000,1104,699,405
S01013001,382,265,117
S01013002,717,494,223
S01013003,736,453,283
S01013004,985,640,345
S01013005,743,495,248
S01013006,912,628,284
S01013007,1262,774,488
S01013008,1218,794,424
S01013009,820,574,246
S01013010,653,431,222
S01013011,945,611,334
S01013012,1192,798,394
S01013013,1036,588,448
S01013014,789,517,272
S01013015,761,447,314
S01013016,996,603,393
S01013017,1120,692,428
S01013018,1167,742,425
S01013019,1536,961,575
S01013020,1031,705,326
S01013021,1233,732,501
S01013022,407,284,123
S01013023,950,663,287
S01013024,628,411,217
S01013025,1329,852,477
S01013026,945,575,370
S01013027,1642,1038,604
S01013028,942,598,344
S01013029,692,489,203
S01013030,1221,816,405
S01013031,635,414,221
S01013032,635,415,220
S01013033,774,449,325
S01013034,808,458,350
S01013035,814,460,354
S01013036,923,542,381
S01013037,1180,841,339
S01013038,1252,888,364
S01013039,527,357,170
S01013040,628,456,172
S01013041,587,381,206
S01013042,898,566,332
S01013043,815,518,297
S01013044,1139,693,446
S01013045,713,504,209
S01013046,656,443,213
S01013047,931,585,346
S01013048,1170,721,449
S01013049,1037,706,331
S01013050,872,602,270
S01013051,931,570,361
S01013052,738,499,239
S01013053,1043,677,366
S01013054,967,637,330
S01013055,754,519,235
S01013056,1279,758,521
S01013057,996,491,505
S01013058,564,369,195
S01013059,1156,802,354
S01013060,617,451,166
S01013061,1081,755,326
S01013062,1119,721,398
S01013063,894,575,319
S01013064,1189,780,409
S01013065,1167,711,456
S01013066,822,521,301
S01013067,1393,707,686
S01013068,1541,789,752
S01013069,966,472,494
S01013070,948,409,539
S01013071,1027,448,579
S01013072,876,518,358
S01013073,1156,632,524
S01013074,1531,847,684
S01013075,868,579,289
S01013076,931,455,476
S01013077,717,383,334
S01013078,800,416,384
S01013079,1524,896,628
S01013080,1136,718,418
S01013081,708,456,252
S01013082,1311,908,403
S01013083,2754,1442,1312
S01013084,1004,669,335
S01013085,1065,626,439
S01013086,1032,614,418
S01013087,2821,1453,1368
S01013088,927,606,321
S01013089,837,533,304
S01013090,1346,705,641
S01013091,875,473,402
S01013092,1335,755,580
S01013093,472,293,179
S01013094,748,490,258
S01013095,1901,1220,681
S01013096,833,520,313
S01013097,2006,1233,773
S01013098,59,38,21
S01013099,908,556,352
S01013100,968,669,299
S01013101,1672,1042,630
S01013102,706,479,227
S01013103,863,547,316
S01013104,1087,713,374
S01013105,901,604,297
S01013106,1063,692,371
S01013107,856,552,304
S01013108,668,374,294
S01013109,1588,1045,543
S01013110,598,429,169
S01013111,750,425,325
S01013112,891,510,381
S01013113,1031,697,334
S01013114,1414,880,534
S01013115,947,627,320
S01013116,963,627,336
S01013117,1037,642,395
S01013118,1043,614,429
S01013119,785,457,328
S01013120,1151,754,397
S01013121,454,298,156
S01013122,862,585,277
S01013123,932,640,292
S01013124,1123,867,256
S01013125,895,691,204
S01013126,978,670,308
S01013127,1128,808,320
S01013128,1003,664,339
S01013129,1356,978,378
S01013130,1043,662,381
S01013131,917,604,313
S01013132,705,472,233
S01013133,980,725,255
S01013134,840,589,251
S01013135,1025,701,324
S01013136,1157,840,317
S01013137,990,720,270
S01013138,903,555,348
S01013139,1115,825,290
S01013140,1083,815,268
S01013141,647,472,175
S01013142,1054,750,304
S01013143,1023,730,293
S01013144,894,672,222
S01013145,919,644,275
S01013146,558,398,160
S01013147,799,638,161
S01013148,1044,778,266
S01013149,824,589,235
S01013150,846,635,211
S01013151,569,441,128
S01013152,1407,1026,381
S01013153,987,670,317
S01013154,1358,966,392
S01013155,908,552,356
S01013156,1079,678,401
S01013157,1243,798,445
S01013158,856,661,195
S01013159,844,683,161
S01013160,1006,780,226
S01013161,1021,753,268
S01013162,1141,924,217
S01013163,834,699,135
S01013164,1203,891,312
S01013165,1298,1013,285
S01013166,779,522,257
S01013167,1192,853,339
S01013168,1067,768,299
S01013169,776,597,179
S01013170,1251,832,419
S01013171,787,586,201
S01013172,853,671,182
S01013173,799,567,232
S01013174,1142,830,312
S01013175,837,639,198
S01013176,1014,784,230
S01013177,1115,804,311
S01013178,719,485,234
S01013179,1406,1009,397
S01013180,434,340,94
S01013181,967,754,213
S01013182,844,686,158
S01013183,1016,798,218
S01013184,572,384,188
S01013185,1047,721,326
S01013186,734,518,216
S01013187,957,687,270
S01013188,1010,763,247
S01013189,821,688,133
S01013190,897,704,193
S01013191,1055,797,258
S01013192,1076,857,219
S01013193,649,465,184
S01013194,1201,860,341
S01013195,991,727,264
S01013196,680,525,155
S01013197,577,449,128
S01013198,886,707,179
S01013199,907,737,170
S01013200,978,763,215
S01013201,826,676,150
S01013202,574,463,111
S01013203,1014,774,240
S01013204,1040,765,275
S01013205,766,549,217
S01013206,904,685,219
S01013207,1170,860,310
S01013208,753,519,234
S01013209,1018,787,231
S01013210,784,551,233
S01013211,958,723,235
S01013212,852,641,211
S01013213,939,707,232
S01013214,438,286,152
S01013215,762,536,226
S01013216,822,542,280
S01013217,803,606,197
S01013218,754,443,311
S01013219,661,446,215
S01013220,892,608,284
S01013221,937,647,290
S01013222,690,481,209
S01013223,1389,998,391
S01013224,1110,782,328
S01013225,1223,845,378
S01013226,799,568,231
S01013227,586,405,181
S01013228,819,558,261
S01013229,1008,691,317
S01013230,898,686,212
S01013231,1296,956,340
S01013232,779,574,205
S01013233,579,427,152
S01013234,644,498,146
S01013235,1064,774,290
S01013236,989,754,235
S01013237,1028,736,292
S01013238,1063,743,320
S01013239,941,616,325
S01013240,758,499,259
S01013241,821,609,212
S01013242,661,506,155
S01013243,815,546,269
S01013244,1219,835,384
S01013245,1009,747,262
S01013246,467,292,175
S01013247,962,641,321
S01013248,710,505,205
S01013249,1130,806,324
S01013250,1417,896,521
S01013251,993,579,414
S01013252,1208,723,485
S01013253,856,576,280
S01013254,866,535,331
S01013255,1630,1086,544
S01013256,1020,673,347
S01013257,1034,677,357
S01013258,985,604,381
S01013259,1313,794,519
S01013260,880,518,362
S01013261,1187,653,534
S01013262,827,486,341
S01013263,1125,732,393
S01013264,290,200,90
S01013265,979,629,350
S01013266,416,246,170
S01013267,917,590,327
S01013268,1222,705,517
S01013269,1132,690,442
S01013270,829,465,364
S01013271,1221,780,441
S01013272,1198,699,499
S01013273,942,580,362
S01013274,938,531,407
S01013275,1125,677,448
S01013276,979,518,461
S01013277,889,490,399
S01013278,1145,648,497
S01013279,875,454,421
S01013280,817,464,353
S01013281,963,558,405
S01013282,827,375,452
S01013283,1116,604,512
S01013284,651,365,286
S01013285,764,434,330
S01013286,764,425,339
S01013287,783,456,327
S01013288,714,413,301
S01013289,1031,666,365
S01013290,1172,619,553
S01013291,1217,615,602
S01013292,849,480,369
S01013293,855,518,337
S01013294,866,499,367
S01013295,887,518,369
S01013296,871,516,355
S01013297,1163,706,457
S01013298,779,482,297
S01013299,1308,690,618
S01013300,1212,668,544
S01013301,681,406,275
S01013302,1472,904,568
S01013303,1548,952,596
S01013304,1017,559,458
S01013305,952,552,400
S01013306,1023,459,564
S01013307,1200,610,590
S01013308,1380,592,788
S01013309,898,522,376
S01013310,649,367,282
S01013311,1184,661,523
S01013312,1593,879,714
S01013313,692,372,320
S01013314,834,448,386
S01013315,267,170,97
S01013316,692,461,231
S01013317,665,432,233
S01013318,709,422,287
S01013319,870,526,344
S01013320,744,433,311
S01013321,500,248,252
S01013322,801,469,332
S01013323,947,535,412
S01013324,1019,497,522
S01013325,1309,662,647
S01013326,969,497,472
S01013327,868,393,475
S01013328,740,383,357
S01013329,538,291,247
S01013330,1002,534,468
S01013331,647,358,289
S01013332,825,467,358
S01013333,1128,600,528
S01013334,787,396,391
S01013335,1018,483,535
S01013336,1041,514,527
S01013337,2887,1747,1140
S01013338,407,250,157
S01013339,863,535,328
S01013340,1315,790,525
S01013341,898,570,328
S01013342,832,462,370
S01013343,757,394,363
S01013344,1390,860,530
S01013345,855,485,370
S01013346,914,539,375
S01013347,691,412,279
S01013348,1530,896,634
S01013349,1047,575,472
S01013350,1447,788,659
S01013351,784,440,344
S01013352,1013,566,447
S01013353,1113,555,558
S01013354,885,595,290
S01013355,932,614,318
S01013356,972,597,375
S01013357,1103,680,423
S01013358,977,701,276
S01013359,621,383,238
S01013360,687,490,197
S01013361,1403,849,554
S01013362,583,416,167
S01013363,1134,722,412
S01013364,788,504,284
S01013365,1236,758,478
S01013366,635,420,215
S01013367,741,447,294
S01013368,891,560,331
S01013369,911,550,361
S01013370,902,485,417
S01013371,856,585,271
S01013372,1148,660,488
S01013373,1386,897,489
S01013374,1080,610,470
S01013375,676,471,205
S01013376,661,440,221
S01013377,772,478,294
S01013378,1058,645,413
S01013379,1195,803,392
S01013380,1400,869,531
S01013381,750,517,233
S01013382,1031,749,282
S01013383,811,535,276
S01013384,1151,730,421
S01013385,694,450,244
S01013386,800,527,273
S01013387,740,458,282
S01013388,759,527,232
S01013389,980,638,342
S01013390,548,384,164
S01013391,1039,696,343
S01013392,1077,617,460
S01013393,1904,1101,803
S01013394,742,455,287
S01013395,1518,718,800
S01013396,1197,582,615
S01013397,945,598,347
S01013398,234,147,87
S01013399,1171,665,506
S01013400,637,378,259
S01013401,3730,2117,1613
S01013402,194,109,85
S01013403,96,74,22
S01013404,4319,2497,1822
S01013405,663,444,219
S01013406,708,429,279
S01013407,1820,1099,721
S01013408,837,511,326
S01013409,1301,742,559
S01013410,596,299,297
S01013411,940,641,299
S01013412,797,497,300
S01013413,1030,704,326
S01013414,955,641,314
S01013415,852,539,313
S01013416,576,399,177
S01013417,821,527,294
S01013418,519,335,184
S01013419,562,362,200
S01013420,1257,794,463
S01013421,932,597,335
S01013422,968,609,359
S01013423,888,550,338
S01013424,808,522,286
S01013425,429,298,131
S01013426,895,585,310
S01013427,746,518,228
S01013428,1613,1000,613
S01013429,1525,963,562
S01013430,1786,1073,713
S01013431,1013,666,347
S01013432,821,452,369
S01013433,746,472,274
S01013434,534,337,197
S01013435,786,492,294
S01013436,1005,652,353
S01013437,792,486,306
S01013438,709,393,316
S01013439,899,572,327
S01013440,1293,827,466
S01013441,892,575,317
S01013442,907,550,357
S01013443,635,404,231
S01013444,1209,686,523
S01013445,717,511,206
S01013446,713,459,254
S01013447,645,386,259
S01013448,1091,726,365
S01013449,782,490,292
S01013450,822,486,336
S01013451,871,549,322
S01013452,629,369,260
S01013453,1018,572,446
S01013454,753,493,260
S01013455,560,337,223
S01013456,1044,612,432
S01013457,1021,637,384
S01013458,832,492,340
S01013459,1026,621,405
S01013460,1021,565,456
S01013461,1198,630,568
S01013462,947,552,395
S01013463,997,535,462
S01013464,816,519,297
S01013465,785,576,209
S01013466,459,238,221
S01013467,950,560,390
S01013468,683,454,229
S01013469,1012,679,333
S01013470,964,498,466
S01013471,935,521,414
S01013472,1221,738,483
S01013473,525,303,222
S01013474,756,408,348
S01013475,1650,1025,625
S01013476,626,413,213
S01013477,993,637,356
S01013478,951,548,403
S01013479,1034,685,349
S01013480,671,455,216
S01013481,1309,821,488
