dz_2011,total,religious,nonreligious
S01006506,765,481,284
S01006507,1092,719,373
S01006508,858,535,323
S01006509,715,464,251
S01006510,735,524,211
S01006511,1019,747,272
S01006512,407,256,151
S01006513,1006,652,354
S01006514,1117,761,356
S01006515,1168,802,366
S01006516,903,625,278
S01006517,1049,696,353
S01006518,1049,803,246
S01006519,874,597,277
S01006520,897,605,292
S01006521,577,359,218
S01006522,560,379,181
S01006523,1409,952,457
S01006524,1299,950,349
S01006525,1305,911,394
S01006526,1529,848,681
S01006527,1388,784,604
S01006528,1125,654,471
S01006529,1028,631,397
S01006530,1179,707,472
S01006531,1278,724,554
S01006532,806,512,294
S01006533,830,506,324
S01006534,983,659,324
S01006535,1063,588,475
S01006536,1246,660,586
S01006537,852,585,267
S01006538,686,488,198
S01006539,1008,685,323
S01006540,1259,800,459
S01006541,990,681,309
S01006542,963,700,263
S01006543,1012,749,263
S01006544,1140,827,313
S01006545,1112,802,310
S01006546,1175,880,295
S01006547,1409,969,440
S01006548,770,563,207
S01006549,828,601,227
S01006550,1263,960,303
S01006551,921,607,314
S01006552,1348,886,462
S01006553,1022,703,319
S01006554,937,536,401
S01006555,1089,622,467
S01006556,1032,594,438
S01006557,862,448,414
S01006558,880,498,382
S01006559,639,380,259
S01006560,1056,725,331
S01006561,891,559,332
S01006562,1044,700,344
S01006563,1138,768,370
S01006564,1172,678,494
S01006565,1201,661,540
S01006566,851,459,392
S01006567,1149,626,523
S01006568,1104,603,501
S01006569,749,443,306
S01006570,875,570,305
S01006571,1168,704,464
S01006572,1364,985,379
S01006573,706,498,208
S01006574,967,670,297
S01006575,1145,716,429
S01006576,871,526,345
S01006577,925,572,353
S01006578,1514,864,650
S01006579,1299,718,581
S01006580,806,462,344
S01006581,1233,842,391
S01006582,591,299,292
S01006583,964,502,462
S01006584,872,481,391
S01006585,809,471,338
S01006586,803,453,350
S01006587,502,276,226
S01006588,650,317,333
S01006589,1065,527,538
S01006590,617,312,305
S01006591,544,266,278
S01006592,434,235,199
S01006593,589,334,255
S01006594,761,450,311
S01006595,740,391,349
S01006596,964,588,376
S01006597,822,421,401
S01006598,1074,637,437
S01006599,1087,698,389
S01006600,1326,820,506
S01006601,953,551,402
S01006602,982,633,349
S01006603,1377,803,574
S01006604,938,502,436
S01006605,868,418,450
S01006606,1380,844,536
S01006607,1302,720,582
S01006608,871,509,362
S01006609,1343,770,573
S01006610,752,380,372
S01006611,1183,624,559
S01006612,995,567,428
S01006613,474,255,219
S01006614,929,480,449
S01006615,445,238,207
S01006616,811,395,416
S01006617,1022,563,459
S01006618,568,325,243
S01006619,995,502,493
S01006620,1146,565,581
S01006621,838,447,391
S01006622,655,343,312
S01006623,1500,747,753
S01006624,800,413,387
S01006625,858,467,391
S01006626,839,413,426
S01006627,674,324,350
S01006628,1110,550,560
S01006629,925,477,448
S01006630,867,444,423
S01006631,1155,592,563
S01006632,960,412,548
S01006633,967,458,509
S01006634,804,335,469
S01006635,1001,482,519
S01006636,980,366,614
S01006637,606,346,260
S01006638,1061,574,487
S01006639,944,527,417
S01006640,201,76,125
S01006641,962,498,464
S01006642,822,449,373
S01006643,1056,536,520
S01006644,590,307,283
S01006645,1185,639,546
S01006646,1040,602,438
S01006647,688,378,310
S01006648,1691,949,742
S01006649,696,353,343
S01006650,914,449,465
S01006651,725,386,339
S01006652,678,363,315
S01006653,714,415,299
S01006654,861,476,385
S01006655,581,416,165
S01006656,906,477,429
S01006657,595,291,304
S01006658,1186,647,539
S01006659,895,526,369
S01006660,639,349,290
S01006661,726,410,316
S01006662,685,350,335
S01006663,1263,734,529
S01006664,421,248,173
S01006665,799,478,321
S01006666,1388,761,627
S01006667,1059,600,459
S01006668,833,486,347
S01006669,1193,727,466
S01006670,471,287,184
S01006671,1338,876,462
S01006672,767,354,413
S01006673,960,558,402
S01006674,930,497,433
S01006675,520,246,274
S01006676,798,439,359
S01006677,697,363,334
S01006678,1092,502,590
S01006679,884,495,389
S01006680,801,338,463
S01006681,1134,561,573
S01006682,812,384,428
S01006683,1164,621,543
S01006684,727,354,373
S01006685,854,437,417
S01006686,931,468,463
S01006687,987,521,466
S01006688,1064,704,360
S01006689,481,310,171
S01006690,772,457,315
S01006691,873,502,371
S01006692,918,567,351
S01006693,1157,624,533
S01006694,1219,679,540
S01006695,761,429,332
S01006696,1127,551,576
S01006697,1122,622,500
S01006698,938,543,395
S01006699,820,468,352
S01006700,1319,807,512
S01006701,1102,521,581
S01006702,996,572,424
S01006703,804,388,416
S01006704,896,410,486
S01006705,1004,504,500
S01006706,854,379,475
S01006707,772,334,438
S01006708,892,500,392
S01006709,1107,647,460
S01006710,1164,622,542
S01006711,1146,646,500
S01006712,664,370,294
S01006713,997,496,501
S01006714,934,484,450
S01006715,1104,430,674
S01006716,654,263,391
S01006717,1062,500,562
S01006718,713,321,392
S01006719,1015,431,584
S01006720,786,381,405
S01006721,1005,485,520
S01006722,852,391,461
S01006723,1025,456,569
S01006724,1319,596,723
S01006725,1038,412,626
S01006726,987,415,572
S01006727,1187,576,611
S01006728,944,472,472
S01006729,863,384,479
S01006730,779,388,391
S01006731,557,238,319
S01006732,1047,691,356
S01006733,945,570,375
S01006734,1136,753,383
S01006735,952,680,272
S01006736,920,481,439
S01006737,822,557,265
S01006738,660,329,331
S01006739,525,307,218
S01006740,1072,701,371
S01006741,812,523,289
S01006742,507,316,191
S01006743,968,622,346
S01006744,661,337,324
S01006745,1061,661,400
S01006746,768,477,291
S01006747,1207,839,368
S01006748,1064,700,364
S01006749,1398,820,578
S01006750,792,528,264
S01006751,486,310,176
S01006752,893,577,316
S01006753,946,647,299
S01006754,1233,807,426
S01006755,817,558,259
S01006756,269,144,125
S01006757,1436,852,584
S01006758,710,431,279
S01006759,646,352,294
S01006760,628,328,300
S01006761,1017,628,389
S01006762,1058,707,351
S01006763,1176,576,600
S01006764,867,443,424
S01006765,781,417,364
S01006766,666,407,259
S01006767,939,542,397
S01006768,746,462,284
S01006769,1345,810,535
S01006770,767,444,323
S01006771,570,332,238
S01006772,1452,790,662
S01006773,736,449,287
S01006774,894,533,361
S01006775,805,439,366
S01006776,735,456,279
S01006777,1080,619,461
S01006778,955,559,396
S01006779,1099,644,455
S01006780,899,540,359
S01006781,1030,680,350
S01006782,985,595,390
S01006783,680,449,231
S01006784,726,414,312
S01006785,714,435,279
S01006786,1124,633,491
S01006787,1121,589,532
S01006788,694,359,335
S01006789,973,695,278
S01006790,898,669,229
S01006791,514,347,167
S01006792,689,497,192
S01006793,639,466,173
S01006794,841,625,216
S01006795,703,468,235
S01006796,379,267,112
S01006797,673,467,206
S01006798,691,508,183
S01006799,960,665,295
S01006800,899,630,269
S01006801,739,559,180
S01006802,679,457,222
S01006803,751,563,188
S01006804,731,574,157
S01006805,1072,750,322
S01006806,1015,725,290
S01006807,524,322,202
S01006808,890,626,264
S01006809,960,662,298
S01006810,1017,624,393
S01006811,881,561,320
S01006812,751,467,284
S01006813,864,606,258
S01006814,958,654,304
S01006815,612,458,154
S01006816,931,656,275
S01006817,710,520,190
S01006818,672,473,199
S01006819,819,569,250
S01006820,561,361,200
S01006821,938,622,316
S01006822,774,519,255
S01006823,881,641,240
S01006824,690,451,239
S01006825,1098,739,359
S01006826,1229,858,371
S01006827,994,666,328
S01006828,973,681,292
S01006829,257,203,54
S01006830,640,462,178
S01006831,1355,1010,345
S01006832,980,655,325
S01006833,724,492,232
S01006834,255,162,93
S01006835,1198,780,418
S01006836,51,29,22
S01006837,488,326,162
S01006838,1067,695,372
S01006839,922,599,323
S01006840,1184,769,415
S01006841,1438,842,596
S01006842,1101,704,397
S01006843,1017,643,374
S01006844,722,410,312
S01006845,1016,649,367
S01006846,887,546,341
S01006847,832,476,356
S01006848,848,569,279
S01006849,400,256,144
S01006850,1213,658,555
S01006851,763,482,281
S01006852,581,327,254
S01006853,841,576,265
S01006854,1352,915,437
S01006855,746,535,211
S01006856,881,612,269
S01006857,971,673,298
S01006858,611,434,177
S01006859,1049,730,319
S01006860,692,496,196
S01006861,243,201,42
S01006862,962,701,261
S01006863,618,470,148
S01006864,145,114,31
S01006865,947,626,321
S01006866,668,463,205
S01006867,1132,761,371
S01006868,888,609,279
S01006869,576,410,166
S01006870,547,409,138
S01006871,986,698,288
S01006872,961,695,266
S01006873,1137,824,313
S01006874,644,439,205
S01006875,701,461,240
S01006876,1010,692,318
S01006877,1045,688,357
S01006878,988,691,297
S01006879,883,585,298
S01006880,574,387,187
S01006881,561,405,156
S01006882,931,671,260
S01006883,581,386,195
S01006884,1000,684,316
S01006885,698,455,243
S01006886,755,511,244
S01006887,422,261,161
S01006888,704,460,244
S01006889,681,408,273
S01006890,1012,654,358
S01006891,675,422,253
S01006892,622,350,272
S01006893,1095,689,406
S01006894,639,496,143
S01006895,558,331,227
S01006896,744,575,169
S01006897,1074,760,314
S01006898,491,340,151
S01006899,394,255,139
S01006900,514,340,174
S01006901,883,592,291
S01006902,688,459,229
S01006903,917,629,288
S01006904,513,334,179
S01006905,937,746,191
S01006906,1058,787,271
S01006907,619,432,187
S01006908,869,601,268
S01006909,264,162,102
S01006910,333,249,84
S01006911,316,192,124
S01006912,262,162,100
S01006913,549,342,207
S01006914,777,508,269
S01006915,835,538,297
S01006916,272,179,93
S01006917,113,88,25
S01006918,472,338,134
S01006919,541,377,164
S01006920,583,399,184
S01006921,415,281,134
S01006922,587,412,175
S01006923,718,519,199
S01006924,429,270,159
S01006925,553,336,217
S01006926,310,206,104
S01006927,275,182,93
S01006928,1132,678,454
S01006929,1337,921,416
S01006930,803,507,296
S01006931,420,287,133
S01006932,479,352,127
S01006933,896,615,281
S01006934,693,526,167
S01006935,1025,660,365
S01006936,746,478,268
S01006937,911,590,321
S01006938,932,615,317
S01006939,707,519,188
S01006940,1118,752,366
S01006941,887,565,322
S01006942,1089,689,400
S01006943,264,165,99
S01006944,87,55,32
S01006945,1094,754,340
S01006946,795,502,293
S01006947,1110,657,453
S01006948,966,646,320
S01006949,680,402,278
S01006950,222,143,79
S01006951,827,567,260
S01006952,1092,680,412
S01006953,1257,777,480
S01006954,1090,681,409
S01006955,574,350,224
S01006956,708,422,286
S01006957,830,521,309
S01006958,1060,722,338
S01006959,824,603,221
S01006960,363,230,133
S01006961,322,215,107
S01006962,782,580,202
S01006963,1103,759,344
S01006964,870,510,360
S01006965,570,375,195
S01006966,811,521,290
S01006967,820,539,281
S01006968,1094,788,306
S01006969,1088,731,357
S01006970,724,497,227
S01006971,915,649,266
S01006972,474,314,160
S01006973,564,386,178
S01006974,1319,829,490
S01006975,1084,665,419
S01006976,573,363,210
S01006977,838,513,325
S01006978,790,503,287
S01006979,1349,934,415
S01006980,627,404,223
S01006981,787,503,284
S01006982,960,634,326
S01006983,1054,667,387
S01006984,793,538,255
S01006985,1317,902,415
S01006986,449,308,141
S01006987,1005,658,347
S01006988,472,299,173
S01006989,716,497,219
S01006990,448,288,160
S01006991,701,482,219
S01006992,854,523,331
S01006993,705,432,273
S01006994,627,438,189
S01006995,897,607,290
S01006996,706,482,224
S01006997,601,392,209
S01006998,974,677,297
S01006999,808,587,221
S01007000,1151,817,334
S01007001,977,689,288
S01007002,428,259,169
S01007003,533,366,167
S01007004,1048,742,306
S01007005,917,575,342
S01007006,963,664,299
S01007007,741,510,231
S01007008,871,631,240
S01007009,1310,923,387
S01007010,965,726,239
S01007011,1119,782,337
S01007012,999,645,354
S01007013,862,605,257
S01007014,1025,710,315
S01007015,735,528,207
S01007016,538,322,216
S01007017,1137,779,358
S01007018,1207,832,375
S01007019,1010,711,299
S01007020,969,700,269
S01007021,1347,984,363
S01007022,448,308,140
S01007023,719,499,220
S01007024,1099,773,326
S01007025,1125,835,290
S01007026,955,676,279
S01007027,1335,960,375
S01007028,1236,867,369
S01007029,506,338,168
S01007030,987,707,280
S01007031,611,443,168
S01007032,1181,727,454
S01007033,1144,747,397
S01007034,988,603,385
S01007035,956,587,369
S01007036,1022,720,302
S01007037,1126,742,384
S01007038,815,492,323
S01007039,726,469,257
S01007040,1067,716,351
S01007041,1009,694,315
S01007042,889,604,285
S01007043,1070,699,371
S01007044,1059,808,251
S01007045,857,586,271
S01007046,523,369,154
S01007047,950,616,334
S01007048,1310,879,431
S01007049,1014,633,381
S01007050,973,632,341
S01007051,942,677,265
S01007052,556,345,211
S01007053,796,572,224
S01007054,1044,733,311
S01007055,476,344,132
S01007056,803,524,279
S01007057,870,610,260
S01007058,822,577,245
S01007059,1148,712,436
S01007060,675,395,280
S01007061,1100,674,426
S01007062,696,433,263
S01007063,1401,965,436
S01007064,717,500,217
S01007065,738,433,305
S01007066,664,412,252
S01007067,1321,834,487
S01007068,768,487,281
S01007069,1051,709,342
S01007070,755,505,250
S01007071,1151,690,461
S01007072,1492,1047,445
S01007073,1797,1219,578
S01007074,1225,737,488
S01007075,1091,548,543
S01007076,926,492,434
S01007077,883,534,349
S01007078,1076,655,421
S01007079,1206,791,415
S01007080,869,547,322
S01007081,1093,539,554
S01007082,705,319,386
S01007083,904,503,401
S01007084,875,567,308
S01007085,1112,643,469
S01007086,1037,575,462
S01007087,925,548,377
S01007088,710,304,406
S01007089,587,415,172
S01007090,541,303,238
S01007091,283,209,74
S01007092,703,439,264
S01007093,1080,741,339
S01007094,1174,763,411
S01007095,667,420,247
S01007096,952,586,366
S01007097,842,539,303
S01007098,498,361,137
S01007099,654,444,210
S01007100,884,591,293
S01007101,1251,803,448
S01007102,774,480,294
S01007103,814,581,233
S01007104,477,310,167
S01007105,654,460,194
S01007106,929,602,327
S01007107,650,427,223
S01007108,654,458,196
S01007109,983,625,358
S01007110,964,632,332
S01007111,547,381,166
S01007112,888,630,258
S01007113,822,608,214
S01007114,867,623,244
S01007115,777,565,212
S01007116,687,497,190
S01007117,667,501,166
S01007118,978,494,484
S01007119,1043,591,452
S01007120,1131,606,525
S01007121,727,534,193
S01007122,585,395,190
S01007123,1002,647,355
S01007124,1080,760,320
S01007125,759,479,280
S01007126,1025,537,488
S01007127,590,365,225
S01007128,1047,649,398
S01007129,681,481,200
S01007130,675,536,139
S01007131,795,623,172
S01007132,707,524,183
S01007133,607,415,192
S01007134,800,602,198
S01007135,667,509,158
S01007136,320,231,89
S01007137,154,116,38
S01007138,454,337,117
S01007139,742,544,198
S01007140,822,622,200
S01007141,655,537,118
S01007142,162,119,43
S01007143,448,349,99
S01007144,1476,1052,424
S01007145,939,683,256
S01007146,876,672,204
S01007147,927,705,222
S01007148,600,450,150
S01007149,991,789,202
S01007150,814,655,159
S01007151,1065,844,221
S01007152,825,628,197
S01007153,1022,764,258
S01007154,927,709,218
S01007155,693,524,169
S01007156,984,668,316
S01007157,850,567,283
S01007158,872,619,253
S01007159,871,626,245
S01007160,823,543,280
S01007161,920,597,323
S01007162,398,270,128
S01007163,1059,802,257
S01007164,835,640,195
S01007165,902,650,252
S01007166,1083,796,287
S01007167,945,735,210
S01007168,1065,799,266
S01007169,946,707,239
S01007170,709,475,234
S01007171,1199,945,254
S01007172,1133,903,230
S01007173,632,414,218
S01007174,773,555,218
S01007175,784,610,174
S01007176,1092,799,293
S01007177,791,524,267
S01007178,1007,610,397
S01007179,1302,961,341
S01007180,1062,823,239
S01007181,1211,859,352
S01007182,1201,851,350
S01007183,1253,896,357
S01007184,995,687,308
S01007185,928,596,332
S01007186,600,381,219
S01007187,773,513,260
S01007188,733,524,209
S01007189,884,630,254
S01007190,958,752,206
S01007191,740,498,242
S01007192,821,542,279
S01007193,880,578,302
S01007194,629,426,203
S01007195,926,598,328
S01007196,730,427,303
S01007197,408,230,178
S01007198,473,269,204
S01007199,1102,664,438
S01007200,931,622,309
S01007201,1057,745,312
S01007202,822,567,255
S01007203,908,639,269
S01007204,981,673,308
S01007205,825,546,279
S01007206,336,236,100
S01007207,1074,711,363
S01007208,802,527,275
S01007209,701,471,230
S01007210,1042,663,379
S01007211,778,492,286
S01007212,786,560,226
S01007213,843,617,226
S01007214,943,661,282
S01007215,944,652,292
S01007216,852,626,226
S01007217,896,612,284
S01007218,787,589,198
S01007219,1085,729,356
S01007220,820,572,248
S01007221,659,498,161
S01007222,1175,784,391
S01007223,706,539,167
S01007224,704,507,197
S01007225,1028,706,322
S01007226,910,627,283
S01007227,1381,1009,372
S01007228,788,583,205
S01007229,1220,887,333
S01007230,1297,848,449
S01007231,759,556,203
S01007232,587,432,155
S01007233,745,531,214
S01007234,658,492,166
S01007235,1023,776,247
S01007236,1145,879,266
S01007237,770,604,166
S01007238,986,828,158
S01007239,1305,1049,256
S01007240,589,411,178
S01007241,1189,886,303
S01007242,1091,811,280
S01007243,1294,968,326
S01007244,635,476,159
S01007245,762,597,165
S01007246,632,476,156
S01007247,1063,744,319
S01007248,857,658,199
S01007249,602,480,122
S01007250,765,617,148
S01007251,654,486,168
S01007252,815,616,199
S01007253,748,600,148
S01007254,886,678,208
S01007255,1061,662,399
S01007256,773,538,235
S01007257,837,576,261
S01007258,806,557,249
S01007259,966,638,328
S01007260,1193,790,403
S01007261,1015,830,185
S01007262,737,535,202
S01007263,1272,952,320
S01007264,921,690,231
S01007265,1139,860,279
S01007266,830,658,172
S01007267,581,426,155
S01007268,582,424,158
S01007269,653,496,157
S01007270,501,348,153
S01007271,1136,842,294
S01007272,1163,836,327
S01007273,667,480,187
S01007274,854,572,282
S01007275,782,597,185
S01007276,1129,797,332
S01007277,991,742,249
S01007278,949,674,275
S01007279,660,479,181
S01007280,630,465,165
S01007281,1085,790,295
S01007282,534,400,134
S01007283,888,663,225
S01007284,882,688,194
S01007285,1014,751,263
S01007286,1347,970,377
S01007287,553,417,136
S01007288,742,516,226
S01007289,1001,771,230
S01007290,411,334,77
S01007291,585,494,91
S01007292,758,634,124
S01007293,1250,981,269
S01007294,1005,828,177
S01007295,658,511,147
S01007296,584,438,146
S01007297,927,742,185
S01007298,554,483,71
S01007299,953,756,197
S01007300,780,619,161
S01007301,865,689,176
S01007302,896,743,153
S01007303,1025,705,320
S01007304,577,415,162
S01007305,961,768,193
S01007306,1026,755,271
S01007307,965,746,219
S01007308,812,652,160
S01007309,760,505,255
S01007310,947,595,352
S01007311,958,731,227
S01007312,851,635,216
S01007313,875,605,270
S01007314,893,634,259
S01007315,771,615,156
S01007316,1106,850,256
S01007317,1187,879,308
S01007318,630,457,173
S01007319,834,633,201
S01007320,1025,746,279
S01007321,633,495,138
S01007322,839,681,158
S01007323,579,474,105
S01007324,301,215,86
S01007325,758,545,213
S01007326,1069,845,224
S01007327,958,775,183
S01007328,1126,890,236
S01007329,658,558,100
S01007330,858,696,162
S01007331,935,784,151
S01007332,725,611,114
S01007333,1166,914,252
S01007334,944,763,181
S01007335,1026,888,138
S01007336,769,598,171
S01007337,671,574,97
S01007338,1189,995,194
S01007339,865,734,131
S01007340,748,603,145
S01007341,806,659,147
S01007342,851,673,178
S01007343,768,608,160
S01007344,579,452,127
S01007345,597,441,156
S01007346,897,704,193
S01007347,1156,925,231
S01007348,905,674,231
S01007349,688,530,158
S01007350,687,516,171
S01007351,673,497,176
S01007352,526,373,153
S01007353,687,499,188
S01007354,806,577,229
S01007355,1300,946,354
S01007356,734,558,176
S01007357,822,658,164
S01007358,1539,1107,432
S01007359,950,690,260
S01007360,809,635,174
S01007361,1104,828,276
S01007362,1025,731,294
S01007363,1037,794,243
S01007364,1095,795,300
S01007365,466,371,95
S01007366,597,495,102
S01007367,647,494,153
S01007368,706,531,175
S01007369,1098,813,285
S01007370,908,672,236
S01007371,893,650,243
S01007372,983,748,235
S01007373,593,432,161
S01007374,881,632,249
S01007375,506,347,159
S01007376,1093,811,282
S01007377,690,499,191
S01007378,3013,2455,558
S01007379,893,677,216
S01007380,784,561,223
S01007381,514,405,109
S01007382,1041,771,270
S01007383,784,610,174
S01007384,1088,817,271
S01007385,1377,1106,271
S01007386,877,657,220
S01007387,947,701,246
S01007388,788,565,223
S01007389,966,671,295
S01007390,440,280,160
S01007391,671,543,128
S01007392,464,365,99
S01007393,1022,742,280
S01007394,765,596,169
S01007395,1240,886,354
S01007396,1112,809,303
S01007397,983,727,256
S01007398,715,589,126
S01007399,731,551,180
S01007400,924,726,198
S01007401,782,571,211
S01007402,755,574,181
S01007403,801,569,232
S01007404,689,542,147
S01007405,513,369,144
S01007406,710,559,151
S01007407,804,641,163
S01007408,919,716,203
S01007409,727,529,198
S01007410,917,579,338
S01007411,872,553,319
S01007412,582,418,164
S01007413,805,576,229
S01007414,343,228,115
S01007415,944,618,326
S01007416,566,302,264
S01007417,249,176,73
S01007418,756,498,258
S01007419,999,633,366
S01007420,1485,1035,450
S01007421,615,441,174
S01007422,803,592,211
S01007423,377,256,121
S01007424,778,586,192
S01007425,1053,702,351
S01007426,909,599,310
S01007427,809,520,289
S01007428,1121,752,369
S01007429,1030,665,365
S01007430,580,376,204
S01007431,719,519,200
S01007432,730,479,251
S01007433,960,673,287
S01007434,634,406,228
S01007435,860,574,286
S01007436,1062,670,392
S01007437,562,367,195
S01007438,721,510,211
S01007439,976,639,337
S01007440,868,603,265
S01007441,676,447,229
S01007442,790,561,229
S01007443,1010,739,271
S01007444,1473,1038,435
S01007445,793,538,255
S01007446,758,528,230
S01007447,638,444,194
S01007448,1004,747,257
S01007449,1044,760,284
S01007450,1333,898,435
S01007451,723,517,206
S01007452,800,531,269
S01007453,116,63,53
S01007454,626,432,194
S01007455,933,544,389
S01007456,1079,692,387
S01007457,692,450,242
S01007458,846,629,217
S01007459,920,674,246
S01007460,918,612,306
S01007461,969,607,362
S01007462,1006,658,348
S01007463,1149,667,482
S01007464,1145,672,473
S01007465,847,485,362
S01007466,942,559,383
S01007467,1016,707,309
S01007468,1215,837,378
S01007469,731,484,247
S01007470,657,441,216
S01007471,539,385,154
S01007472,1153,745,408
S01007473,485,292,193
S01007474,435,294,141
S01007475,503,359,144
S01007476,787,545,242
S01007477,786,520,266
S01007478,947,593,354
S01007479,462,313,149
S01007480,891,585,306
S01007481,993,853,140
S01007482,740,607,133
S01007483,1049,822,227
S01007484,912,718,194
S01007485,909,648,261
S01007486,923,665,258
S01007487,1200,912,288
S01007488,1039,841,198
S01007489,926,761,165
S01007490,1273,1032,241
S01007491,767,591,176
S01007492,716,591,125
S01007493,977,770,207
S01007494,818,658,160
S01007495,721,574,147
S01007496,1080,890,190
S01007497,637,500,137
S01007498,1127,909,218
S01007499,870,696,174
S01007500,779,626,153
S01007501,685,536,149
S01007502,680,550,130
S01007503,1097,874,223
S01007504,1147,858,289
S01007505,460,343,117
S01007506,557,427,130
S01007507,1490,1186,304
S01007508,689,568,121
S01007509,736,594,142
S01007510,968,787,181
S01007511,1201,961,240
S01007512,576,445,131
S01007513,1115,870,245
S01007514,619,455,164
S01007515,638,498,140
S01007516,816,578,238
S01007517,555,431,124
S01007518,914,728,186
S01007519,605,413,192
S01007520,979,712,267
S01007521,731,540,191
S01007522,1149,883,266
S01007523,511,377,134
S01007524,934,682,252
S01007525,565,453,112
S01007526,943,660,283
S01007527,1473,1123,350
S01007528,961,754,207
S01007529,827,603,224
S01007530,534,366,168
S01007531,793,585,208
S01007532,505,350,155
S01007533,799,589,210
S01007534,1369,1071,298
S01007535,913,721,192
S01007536,1066,851,215
S01007537,1458,1148,310
S01007538,796,645,151
S01007539,869,727,142
S01007540,833,662,171
S01007541,1166,901,265
S01007542,960,716,244
S01007543,1278,975,303
S01007544,1440,1166,274
S01007545,1302,1036,266
S01007546,606,486,120
S01007547,546,345,201
S01007548,896,629,267
S01007549,783,600,183
S01007550,1284,942,342
S01007551,1290,933,357
S01007552,1044,777,267
S01007553,1065,775,290
S01007554,889,654,235
S01007555,782,643,139
S01007556,785,569,216
S01007557,1201,867,334
S01007558,570,402,168
S01007559,796,587,209
S01007560,1052,878,174
S01007561,1004,781,223
S01007562,783,546,237
S01007563,1084,790,294
S01007564,1225,899,326
S01007565,1002,743,259
S01007566,767,570,197
S01007567,547,404,143
S01007568,765,571,194
S01007569,960,743,217
S01007570,990,759,231
S01007571,549,401,148
S01007572,712,475,237
S01007573,169,138,31
S01007574,1380,982,398
S01007575,879,609,270
S01007576,1113,728,385
S01007577,919,625,294
S01007578,885,584,301
S01007579,538,316,222
S01007580,1011,680,331
S01007581,651,450,201
S01007582,875,615,260
S01007583,1241,765,476
S01007584,857,609,248
S01007585,1041,799,242
S01007586,1003,679,324
S01007587,814,631,183
S01007588,1052,803,249
S01007589,1106,724,382
S01007590,653,523,130
S01007591,883,675,208
S01007592,998,723,275
S01007593,1065,845,220
S01007594,897,690,207
S01007595,956,739,217
S01007596,807,579,228
S01007597,646,491,155
S01007598,1068,802,266
S01007599,636,454,182
S01007600,975,762,213
S01007601,673,451,222
S01007602,1050,732,318
S01007603,973,704,269
S01007604,1099,842,257
S01007605,1188,861,327
S01007606,614,455,159
S01007607,1038,772,266
S01007608,1094,864,230
S01007609,909,654,255
S01007610,804,610,194
S01007611,1017,753,264
S01007612,1001,671,330
S01007613,999,711,288
S01007614,807,615,192
S01007615,1280,943,337
S01007616,907,671,236
S01007617,736,491,245
S01007618,866,646,220
S01007619,808,591,217
S01007620,853,661,192
S01007621,771,598,173
S01007622,860,650,210
S01007623,501,398,103
S01007624,777,584,193
S01007625,721,506,215
S01007626,496,323,173
S01007627,242,188,54
S01007628,859,645,214
S01007629,740,556,184
S01007630,833,652,181
S01007631,593,462,131
S01007632,1647,1286,361
S01007633,1513,1181,332
S01007634,666,532,134
S01007635,805,677,128
S01007636,1257,1019,238
S01007637,1420,1107,313
S01007638,1064,878,186
S01007639,1007,688,319
S01007640,582,445,137
S01007641,679,481,198
S01007642,1104,833,271
S01007643,958,735,223
S01007644,888,585,303
S01007645,775,547,228
S01007646,672,528,144
S01007647,1083,826,257
S01007648,1106,855,251
S01007649,790,634,156
S01007650,1065,795,270
S01007651,753,577,176
S01007652,797,580,217
S01007653,1129,899,230
S01007654,1238,952,286
S01007655,777,536,241
S01007656,968,744,224
S01007657,684,520,164
S01007658,662,504,158
S01007659,988,733,255
S01007660,1332,986,346
S01007661,800,602,198
S01007662,994,766,228
S01007663,1109,900,209
S01007664,576,447,129
S01007665,675,500,175
S01007666,313,251,62
S01007667,535,430,105
S01007668,1296,962,334
S01007669,665,434,231
S01007670,1033,741,292
S01007671,695,580,115
S01007672,1049,861,188
S01007673,688,500,188
S01007674,1143,811,332
S01007675,701,500,201
S01007676,531,425,106
S01007677,155,121,34
S01007678,783,621,162
S01007679,945,677,268
S01007680,977,769,208
S01007681,540,409,131
S01007682,1120,810,310
S01007683,1224,978,246
S01007684,1305,982,323
S01007685,1246,886,360
S01007686,1177,833,344
S01007687,1018,659,359
S01007688,1140,770,370
S01007689,662,417,245
S01007690,1335,841,494
S01007691,2035,1388,647
S01007692,982,676,306
S01007693,735,484,251
S01007694,401,269,132
S01007695,994,715,279
S01007696,929,622,307
S01007697,1331,909,422
S01007698,1247,793,454
S01007699,820,506,314
S01007700,939,637,302
S01007701,444,314,130
S01007702,344,216,128
S01007703,1199,836,363
S01007704,1367,944,423
S01007705,795,504,291
S01007706,771,464,307
S01007707,267,173,94
S01007708,1144,742,402
S01007709,817,584,233
S01007710,1107,695,412
S01007711,1312,932,380
S01007712,1056,705,351
S01007713,609,466,143
S01007714,673,483,190
S01007715,658,458,200
S01007716,1122,777,345
S01007717,967,637,330
S01007718,985,670,315
S01007719,1493,1026,467
S01007720,1145,920,225
S01007721,1119,832,287
S01007722,969,681,288
S01007723,1067,777,290
S01007724,744,458,286
S01007725,1320,961,359
S01007726,885,642,243
S01007727,771,501,270
S01007728,1058,679,379
S01007729,963,596,367
S01007730,891,590,301
S01007731,500,303,197
S01007732,623,404,219
S01007733,939,674,265
S01007734,865,650,215
S01007735,865,661,204
S01007736,898,693,205
S01007737,994,712,282
S01007738,1130,888,242
S01007739,779,613,166
S01007740,730,568,162
S01007741,889,690,199
S01007742,742,579,163
S01007743,908,678,230
S01007744,795,553,242
S01007745,1013,738,275
S01007746,963,659,304
S01007747,890,601,289
S01007748,709,441,268
S01007749,1013,821,192
S01007750,1084,870,214
S01007751,771,588,183
S01007752,1176,930,246
S01007753,971,640,331
S01007754,1428,1021,407
S01007755,866,596,270
S01007756,939,627,312
S01007757,1368,1086,282
S01007758,1122,860,262
S01007759,1271,908,363
S01007760,1028,816,212
S01007761,990,705,285
S01007762,825,586,239
S01007763,845,640,205
S01007764,1032,729,303
S01007765,1014,795,219
S01007766,1167,920,247
S01007767,1037,818,219
S01007768,797,554,243
S01007769,838,646,192
S01007770,844,623,221
S01007771,890,683,207
S01007772,1244,953,291
S01007773,830,650,180
S01007774,165,111,54
S01007775,1032,734,298
S01007776,554,401,153
S01007777,391,285,106
S01007778,417,334,83
S01007779,863,622,241
S01007780,876,642,234
S01007781,802,516,286
S01007782,686,417,269
S01007783,841,572,269
S01007784,908,586,322
S01007785,488,306,182
S01007786,939,675,264
S01007787,789,530,259
S01007788,825,485,340
S01007789,654,398,256
S01007790,823,530,293
S01007791,247,180,67
S01007792,1070,702,368
S01007793,1082,747,335
S01007794,1231,867,364
S01007795,915,612,303
S01007796,977,632,345
S01007797,831,534,297
S01007798,385,281,104
S01007799,225,139,86
S01007800,996,604,392
S01007801,1030,660,370
S01007802,716,507,209
S01007803,1152,800,352
S01007804,769,490,279
S01007805,846,542,304
S01007806,1004,686,318
S01007807,993,718,275
S01007808,974,599,375
S01007809,1360,1068,292
S01007810,1035,760,275
S01007811,947,614,333
S01007812,813,459,354
S01007813,1154,740,414
S01007814,889,628,261
S01007815,1249,925,324
S01007816,764,558,206
S01007817,921,657,264
S01007818,972,686,286
S01007819,809,627,182
S01007820,1080,811,269
S01007821,868,695,173
S01007822,1031,762,269
S01007823,872,654,218
S01007824,1236,984,252
S01007825,1283,982,301
S01007826,648,448,200
S01007827,740,492,248
S01007828,1273,946,327
S01007829,801,631,170
S01007830,1120,848,272
S01007831,935,676,259
S01007832,928,735,193
S01007833,1073,889,184
S01007834,811,591,220
S01007835,831,627,204
S01007836,898,732,166
S01007837,1314,999,315
S01007838,1285,1001,284
S01007839,845,657,188
S01007840,986,728,258
S01007841,968,701,267
S01007842,1231,860,371
S01007843,1042,766,276
S01007844,1394,990,404
S01007845,1003,727,276
S01007846,801,566,235
S01007847,1493,1011,482
S01007848,1113,771,342
S01007849,1023,722,301
S01007850,852,623,229
S01007851,1033,833,200
S01007852,1282,942,340
S01007853,838,591,247
S01007854,1207,910,297
S01007855,757,535,222
S01007856,952,727,225
S01007857,483,324,159
S01007858,959,637,322
S01007859,612,377,235
S01007860,252,122,130
S01007861,1181,760,421
S01007862,1137,755,382
S01007863,933,587,346
S01007864,988,707,281
S01007865,651,481,170
S01007866,594,427,167
S01007867,529,400,129
S01007868,1401,1073,328
S01007869,1244,943,301
S01007870,661,493,168
S01007871,1279,970,309
S01007872,833,693,140
S01007873,777,668,109
S01007874,876,694,182
S01007875,764,586,178
S01007876,790,587,203
S01007877,912,712,200
S01007878,798,629,169
S01007879,1300,984,316
S01007880,592,474,118
S01007881,644,447,197
S01007882,993,769,224
S01007883,920,673,247
S01007884,890,686,204
S01007885,1077,801,276
S01007886,937,705,232
S01007887,705,552,153
S01007888,1172,843,329
S01007889,1207,944,263
S01007890,766,596,170
S01007891,845,659,186
S01007892,1179,877,302
S01007893,1236,938,298
S01007894,1084,816,268
S01007895,798,621,177
S01007896,1163,809,354
S01007897,757,606,151
S01007898,718,525,193
S01007899,558,452,106
S01007900,632,480,152
S01007901,798,606,192
S01007902,1116,824,292
S01007903,840,696,144
S01007904,822,648,174
S01007905,867,572,295
S01007906,910,635,275
S01007907,894,657,237
S01007908,1186,937,249
S01007909,533,403,130
S01007910,1245,836,409
S01007911,944,662,282
S01007912,897,675,222
S01007913,1240,944,296
S01007914,901,612,289
S01007915,928,642,286
S01007916,1171,906,265
S01007917,1380,999,381
S01007918,1171,890,281
S01007919,708,587,121
S01007920,611,500,111
S01007921,1275,955,320
S01007922,1425,1079,346
S01007923,747,573,174
S01007924,1203,917,286
S01007925,612,450,162
S01007926,748,565,183
S01007927,578,403,175
S01007928,1264,973,291
S01007929,988,750,238
S01007930,549,421,128
S01007931,1056,741,315
S01007932,944,709,235
S01007933,1317,940,377
S01007934,685,512,173
S01007935,1137,827,310
S01007936,922,688,234
S01007937,1241,915,326
S01007938,878,625,253
S01007939,1068,800,268
S01007940,1681,1213,468
S01007941,674,489,185
S01007942,216,154,62
S01007943,1032,738,294
S01007944,1039,713,326
S01007945,1201,889,312
S01007946,1053,759,294
S01007947,1097,773,324
S01007948,842,598,244
S01007949,1042,811,231
S01007950,1057,849,208
S01007951,937,727,210
S01007952,864,655,209
S01007953,1085,845,240
S01007954,814,577,237
S01007955,1767,1312,455
S01007956,1027,763,264
S01007957,1249,990,259
S01007958,1120,828,292
S01007959,1934,1557,377
S01007960,644,444,200
S01007961,1674,1293,381
S01007962,1077,695,382
S01007963,1119,679,440
S01007964,868,587,281
S01007965,823,556,267
S01007966,1023,738,285
S01007967,902,575,327
S01007968,1117,818,299
S01007969,869,654,215
S01007970,1115,791,324
S01007971,1110,802,308
S01007972,1208,865,343
S01007973,1077,839,238
S01007974,1060,745,315
S01007975,730,540,190
S01007976,1026,785,241
S01007977,558,373,185
S01007978,860,599,261
S01007979,805,637,168
S01007980,845,680,165
S01007981,843,712,131
S01007982,755,584,171
S01007983,1523,1161,362
S01007984,939,728,211
S01007985,950,717,233
S01007986,600,466,134
S01007987,1166,841,325
S01007988,973,751,222
S01007989,828,614,214
S01007990,1231,889,342
S01007991,699,517,182
S01007992,727,531,196
S01007993,1033,807,226
S01007994,338,232,106
S01007995,794,597,197
S01007996,383,301,82
S01007997,798,639,159
S01007998,675,499,176
S01007999,889,644,245
S01008000,927,639,288
S01008001,958,642,316
S01008002,1138,769,369
S01008003,730,496,234
S01008004,127,82,45
S01008005,130,89,41
S01008006,619,399,220
S01008007,684,481,203
S01008008,562,364,198
S01008009,815,573,242
S01008010,1112,763,349
S01008011,761,583,178
S01008012,848,614,234
S01008013,746,507,239
S01008014,779,610,169
S01008015,846,663,183
S01008016,825,644,181
S01008017,969,779,190
S01008018,973,810,163
S01008019,1076,854,222
S01008020,898,691,207
S01008021,691,541,150
S01008022,945,771,174
S01008023,1027,788,239
S01008024,170,130,40
S01008025,929,685,244
S01008026,1323,1050,273
S01008027,955,751,204
S01008028,358,283,75
S01008029,1164,901,263
S01008030,1018,754,264
S01008031,1088,760,328
S01008032,1298,972,326
S01008033,1280,994,286
S01008034,1207,916,291
S01008035,1073,809,264
S01008036,705,520,185
S01008037,1519,1130,389
S01008038,1103,835,268
S01008039,1068,815,253
S01008040,814,587,227
S01008041,1000,763,237
S01008042,913,677,236
S01008043,1188,880,308
S01008044,1211,903,308
S01008045,1231,912,319
S01008046,1254,989,265
S01008047,729,598,131
S01008048,713,564,149
S01008049,1005,783,222
S01008050,680,520,160
S01008051,1285,976,309
S01008052,855,624,231
S01008053,886,694,192
S01008054,807,650,157
S01008055,906,716,190
S01008056,1286,1035,251
S01008057,1337,1057,280
S01008058,962,764,198
S01008059,770,624,146
S01008060,2129,1660,469
S01008061,1062,845,217
S01008062,1110,887,223
S01008063,998,787,211
S01008064,1077,821,256
S01008065,1312,970,342
S01008066,1100,793,307
S01008067,660,500,160
S01008068,1265,933,332
S01008069,1222,932,290
S01008070,1248,970,278
S01008071,1035,785,250
S01008072,899,719,180
S01008073,478,376,102
S01008074,990,745,245
S01008075,620,494,126
S01008076,1032,840,192
S01008077,1094,810,284
S01008078,835,647,188
S01008079,918,711,207
S01008080,817,620,197
S01008081,693,520,173
S01008082,1024,789,235
S01008083,895,719,176
S01008084,939,711,228
S01008085,1286,935,351
S01008086,1229,863,366
S01008087,1218,989,229
S01008088,974,761,213
S01008089,1066,879,187
S01008090,798,626,172
S01008091,597,450,147
S01008092,1087,873,214
S01008093,891,730,161
S01008094,1008,838,170
S01008095,1055,888,167
S01008096,829,690,139
S01008097,805,656,149
S01008098,784,643,141
S01008099,498,418,80
S01008100,1090,880,210
S01008101,1189,907,282
S01008102,787,613,174
S01008103,682,557,125
S01008104,1165,957,208
S01008105,1225,970,255
S01008106,983,775,208
S01008107,576,473,103
S01008108,1059,886,173
S01008109,1027,859,168
S01008110,994,799,195
S01008111,974,835,139
S01008112,1061,874,187
S01008113,1020,867,153
S01008114,950,798,152
S01008115,1015,810,205
S01008116,1593,1282,311
S01008117,876,674,202
S01008118,1727,1381,346
S01008119,792,608,184
S01008120,717,556,161
S01008121,695,554,141
S01008122,1465,1153,312
S01008123,1069,811,258
S01008124,1072,842,230
S01008125,1249,953,296
S01008126,1028,793,235
S01008127,532,363,169
S01008128,1181,926,255
S01008129,949,752,197
S01008130,977,723,254
S01008131,762,583,179
S01008132,1112,863,249
S01008133,787,608,179
S01008134,696,522,174
S01008135,1443,1116,327
S01008136,1462,1132,330
S01008137,1235,954,281
S01008138,915,712,203
S01008139,1272,963,309
S01008140,953,691,262
S01008141,1234,964,270
S01008142,1092,842,250
S01008143,1356,1020,336
S01008144,1210,955,255
S01008145,1158,941,217
S01008146,782,639,143
S01008147,961,792,169
S01008148,1023,799,224
S01008149,956,760,196
S01008150,1338,1061,277
S01008151,1025,815,210
S01008152,1214,1012,202
S01008153,869,652,217
S01008154,1067,792,275
S01008155,927,695,232
S01008156,1097,807,290
S01008157,1056,808,248
S01008158,1113,830,283
S01008159,1181,978,203
S01008160,1038,836,202
S01008161,1178,918,260
S01008162,1405,1099,306
S01008163,923,665,258
S01008164,669,420,249
S01008165,268,189,79
S01008166,731,523,208
S01008167,1020,690,330
S01008168,1105,716,389
S01008169,773,549,224
S01008170,732,524,208
S01008171,949,646,303
S01008172,582,462,120
S01008173,791,549,242
S01008174,581,398,183
S01008175,780,527,253
S01008176,838,569,269
S01008177,846,556,290
S01008178,729,535,194
S01008179,420,280,140
S01008180,518,378,140
S01008181,637,482,155
S01008182,1196,775,421
S01008183,1118,647,471
S01008184,872,570,302
S01008185,1258,860,398
S01008186,1035,689,346
S01008187,676,446,230
S01008188,1470,967,503
S01008189,1014,726,288
S01008190,1087,766,321
S01008191,862,605,257
S01008192,1207,841,366
S01008193,943,664,279
S01008194,622,411,211
S01008195,1153,701,452
S01008196,901,534,367
S01008197,281,169,112
S01008198,723,554,169
S01008199,861,564,297
S01008200,935,664,271
S01008201,1302,915,387
S01008202,790,604,186
S01008203,548,336,212
S01008204,1031,833,198
S01008205,845,644,201
S01008206,1088,839,249
S01008207,771,538,233
S01008208,400,268,132
S01008209,194,135,59
S01008210,1417,980,437
S01008211,993,663,330
S01008212,734,501,233
S01008213,831,558,273
S01008214,804,625,179
S01008215,1114,830,284
S01008216,883,680,203
S01008217,700,511,189
S01008218,560,347,213
S01008219,1068,735,333
S01008220,682,391,291
S01008221,848,533,315
S01008222,736,516,220
S01008223,593,416,177
S01008224,962,653,309
S01008225,852,614,238
S01008226,823,586,237
S01008227,947,655,292
S01008228,592,386,206
S01008229,843,606,237
S01008230,536,339,197
S01008231,96,64,32
S01008232,295,214,81
S01008233,373,250,123
S01008234,731,485,246
S01008235,937,622,315
S01008236,1105,733,372
S01008237,921,617,304
S01008238,988,701,287
S01008239,607,440,167
S01008240,1449,1040,409
S01008241,1092,802,290
S01008242,1278,941,337
S01008243,810,603,207
S01008244,830,606,224
S01008245,1173,820,353
S01008246,1344,907,437
S01008247,865,623,242
S01008248,1228,913,315
S01008249,809,569,240
S01008250,865,597,268
S01008251,881,635,246
S01008252,1107,814,293
S01008253,792,602,190
S01008254,1351,981,370
S01008255,1123,779,344
S01008256,1145,754,391
S01008257,845,600,245
S01008258,1190,812,378
S01008259,1083,731,352
S01008260,884,621,263
S01008261,1170,816,354
S01008262,813,562,251
S01008263,470,366,104
S01008264,591,452,139
S01008265,645,479,166
S01008266,770,612,158
S01008267,648,479,169
S01008268,692,521,171
S01008269,950,726,224
S01008270,1071,806,265
S01008271,741,471,270
S01008272,925,673,252
S01008273,988,707,281
S01008274,969,710,259
S01008275,771,550,221
S01008276,702,479,223
S01008277,693,473,220
S01008278,816,550,266
S01008279,762,580,182
S01008280,1264,884,380
S01008281,860,561,299
S01008282,638,420,218
S01008283,470,341,129
S01008284,677,524,153
S01008285,759,579,180
S01008286,1390,1043,347
S01008287,1018,770,248
S01008288,1008,740,268
S01008289,779,458,321
S01008290,964,612,352
S01008291,1188,909,279
S01008292,647,489,158
S01008293,220,163,57
S01008294,385,302,83
S01008295,1193,901,292
S01008296,713,565,148
S01008297,608,466,142
S01008298,1200,903,297
S01008299,1078,868,210
S01008300,911,714,197
S01008301,1140,832,308
S01008302,844,635,209
S01008303,783,603,180
S01008304,542,399,143
S01008305,874,667,207
S01008306,679,526,153
S01008307,820,637,183
S01008308,642,548,94
S01008309,902,712,190
S01008310,993,780,213
S01008311,623,487,136
S01008312,604,477,127
S01008313,1055,864,191
S01008314,885,661,224
S01008315,670,472,198
S01008316,918,624,294
S01008317,531,389,142
S01008318,1419,1060,359
S01008319,642,508,134
S01008320,731,536,195
S01008321,801,621,180
S01008322,1662,1250,412
S01008323,934,694,240
S01008324,650,514,136
S01008325,1212,937,275
S01008326,1053,802,251
S01008327,1141,909,232
S01008328,918,688,230
S01008329,1157,914,243
S01008330,1168,926,242
S01008331,752,583,169
S01008332,1105,908,197
S01008333,1098,934,164
S01008334,808,653,155
S01008335,892,725,167
S01008336,906,732,174
S01008337,545,444,101
S01008338,808,610,198
S01008339,590,473,117
S01008340,870,690,180
S01008341,666,527,139
S01008342,1125,898,227
S01008343,1161,992,169
S01008344,709,609,100
S01008345,1270,1092,178
S01008346,1062,861,201
S01008347,1241,1044,197
S01008348,1007,798,209
S01008349,1112,950,162
S01008350,821,638,183
S01008351,1127,930,197
S01008352,894,731,163
S01008353,408,341,67
S01008354,895,737,158
S01008355,1165,849,316
S01008356,911,634,277
S01008357,883,652,231
S01008358,916,702,214
S01008359,813,620,193
S01008360,1105,870,235
S01008361,830,657,173
S01008362,1045,827,218
S01008363,844,656,188
S01008364,815,716,99
S01008365,1045,905,140
S01008366,999,809,190
S01008367,906,681,225
S01008368,829,637,192
S01008369,847,633,214
S01008370,663,471,192
S01008371,879,670,209
S01008372,890,716,174
S01008373,1181,909,272
S01008374,865,661,204
S01008375,784,640,144
S01008376,579,429,150
S01008377,928,747,181
S01008378,978,765,213
S01008379,527,423,104
S01008380,662,500,162
S01008381,1080,823,257
S01008382,923,740,183
S01008383,648,531,117
S01008384,970,797,173
S01008385,635,509,126
S01008386,994,782,212
S01008387,868,718,150
S01008388,628,463,165
S01008389,755,618,137
S01008390,754,592,162
S01008391,766,598,168
S01008392,924,683,241
S01008393,829,699,130
S01008394,1132,882,250
S01008395,854,679,175
S01008396,906,744,162
S01008397,1052,816,236
S01008398,959,771,188
S01008399,714,609,105
S01008400,1109,908,201
S01008401,1227,1031,196
S01008402,999,873,126
S01008403,952,763,189
S01008404,1148,924,224
S01008405,960,793,167
S01008406,1202,1000,202
S01008407,539,459,80
S01008408,757,572,185
S01008409,1020,787,233
S01008410,815,684,131
S01008411,1123,851,272
S01008412,658,534,124
S01008413,557,464,93
S01008414,684,552,132
S01008415,1027,826,201
S01008416,1184,907,277
S01008417,748,530,218
S01008418,762,525,237
S01008419,521,354,167
S01008420,627,446,181
S01008421,796,550,246
S01008422,959,692,267
S01008423,998,660,338
S01008424,1195,840,355
S01008425,2744,1851,893
S01008426,1213,856,357
S01008427,1349,922,427
S01008428,928,687,241
S01008429,926,670,256
S01008430,1164,834,330
S01008431,1089,755,334
S01008432,1167,813,354
S01008433,916,602,314
S01008434,1175,838,337
S01008435,1187,868,319
S01008436,934,683,251
S01008437,1169,869,300
S01008438,1021,736,285
S01008439,1076,744,332
S01008440,1176,867,309
S01008441,856,594,262
S01008442,568,383,185
S01008443,631,455,176
S01008444,1109,855,254
S01008445,1321,1065,256
S01008446,1696,1235,461
S01008447,704,470,234
S01008448,788,604,184
S01008449,637,405,232
S01008450,428,270,158
S01008451,1054,648,406
S01008452,813,429,384
S01008453,555,261,294
S01008454,1318,616,702
S01008455,1242,782,460
S01008456,1024,548,476
S01008457,966,622,344
S01008458,843,541,302
S01008459,805,443,362
S01008460,1135,599,536
S01008461,943,481,462
S01008462,671,440,231
S01008463,928,518,410
S01008464,991,658,333
S01008465,1019,612,407
S01008466,918,553,365
S01008467,879,574,305
S01008468,1016,625,391
S01008469,574,395,179
S01008470,992,607,385
S01008471,838,479,359
S01008472,707,445,262
S01008473,724,459,265
S01008474,861,590,271
S01008475,826,584,242
S01008476,769,508,261
S01008477,1151,798,353
S01008478,963,661,302
S01008479,1142,833,309
S01008480,467,293,174
S01008481,1338,927,411
S01008482,1212,887,325
S01008483,907,610,297
S01008484,980,701,279
S01008485,1166,809,357
S01008486,900,615,285
S01008487,498,338,160
S01008488,775,548,227
S01008489,962,622,340
S01008490,1169,770,399
S01008491,756,510,246
S01008492,531,275,256
S01008493,863,594,269
S01008494,796,466,330
S01008495,989,543,446
S01008496,1113,590,523
S01008497,900,510,390
S01008498,753,419,334
S01008499,1006,510,496
S01008500,326,155,171
S01008501,569,345,224
S01008502,633,357,276
S01008503,876,451,425
S01008504,1403,746,657
S01008505,1029,509,520
S01008506,1094,714,380
S01008507,845,415,430
S01008508,1085,733,352
S01008509,995,676,319
S01008510,849,603,246
S01008511,1015,704,311
S01008512,1073,789,284
S01008513,1068,779,289
S01008514,836,564,272
S01008515,1033,657,376
S01008516,1633,1073,560
S01008517,963,571,392
S01008518,1197,718,479
S01008519,1129,679,450
S01008520,1245,875,370
S01008521,880,582,298
S01008522,637,410,227
S01008523,294,211,83
S01008524,1212,763,449
S01008525,971,650,321
S01008526,902,610,292
S01008527,784,510,274
S01008528,740,479,261
S01008529,874,617,257
S01008530,1087,728,359
S01008531,1007,670,337
S01008532,702,493,209
S01008533,524,411,113
S01008534,920,692,228
S01008535,715,567,148
S01008536,726,517,209
S01008537,716,516,200
S01008538,655,468,187
S01008539,1148,806,342
S01008540,1029,697,332
S01008541,1053,706,347
S01008542,1240,837,403
S01008543,1082,738,344
S01008544,680,485,195
S01008545,782,512,270
S01008546,909,658,251
S01008547,1194,781,413
S01008548,1075,697,378
S01008549,1260,774,486
S01008550,1063,719,344
S01008551,1014,693,321
S01008552,1163,759,404
S01008553,805,495,310
S01008554,1022,509,513
S01008555,1023,614,409
S01008556,1193,753,440
S01008557,895,598,297
S01008558,956,566,390
S01008559,819,509,310
S01008560,807,526,281
S01008561,971,654,317
S01008562,798,522,276
S01008563,1280,829,451
S01008564,1046,680,366
S01008565,1043,690,353
S01008566,1046,665,381
S01008567,705,433,272
S01008568,883,577,306
S01008569,782,429,353
S01008570,1045,595,450
S01008571,907,614,293
S01008572,960,614,346
S01008573,922,601,321
S01008574,1035,699,336
S01008575,842,540,302
S01008576,1020,686,334
S01008577,1235,836,399
S01008578,1010,718,292
S01008579,890,626,264
S01008580,884,604,280
S01008581,1113,767,346
S01008582,1434,938,496
S01008583,902,621,281
S01008584,1216,792,424
S01008585,954,622,332
S01008586,936,660,276
S01008587,884,599,285
S01008588,1046,670,376
S01008589,380,234,146
S01008590,565,388,177
S01008591,1007,619,388
S01008592,953,651,302
S01008593,893,599,294
S01008594,860,542,318
S01008595,1132,816,316
S01008596,970,665,305
S01008597,1093,786,307
S01008598,1138,721,417
S01008599,970,562,408
S01008600,2999,1988,1011
S01008601,2692,1731,961
S01008602,564,372,192
S01008603,1011,501,510
S01008604,995,552,443
S01008605,847,446,401
S01008606,1009,605,404
S01008607,614,387,227
S01008608,793,554,239
S01008609,1064,731,333
S01008610,1185,752,433
S01008611,1230,673,557
S01008612,717,384,333
S01008613,1044,605,439
S01008614,914,510,404
S01008615,880,520,360
S01008616,900,505,395
S01008617,975,575,400
S01008618,748,417,331
S01008619,514,291,223
S01008620,788,437,351
S01008621,870,476,394
S01008622,962,536,426
S01008623,1101,663,438
S01008624,750,534,216
S01008625,603,419,184
S01008626,1086,702,384
S01008627,844,590,254
S01008628,716,443,273
S01008629,1025,699,326
S01008630,652,363,289
S01008631,879,549,330
S01008632,1461,960,501
S01008633,1128,791,337
S01008634,761,459,302
S01008635,797,478,319
S01008636,873,548,325
S01008637,705,403,302
S01008638,1296,778,518
S01008639,1292,689,603
S01008640,1240,611,629
S01008641,1090,620,470
S01008642,985,567,418
S01008643,1036,540,496
S01008644,623,311,312
S01008645,1014,608,406
S01008646,1239,671,568
S01008647,668,356,312
S01008648,907,481,426
S01008649,1221,651,570
S01008650,947,514,433
S01008651,837,513,324
S01008652,765,435,330
S01008653,711,372,339
S01008654,1137,675,462
S01008655,687,410,277
S01008656,1034,549,485
S01008657,818,465,353
S01008658,1067,599,468
S01008659,1169,647,522
S01008660,1098,612,486
S01008661,1023,518,505
S01008662,964,560,404
S01008663,1011,543,468
S01008664,959,516,443
S01008665,1093,637,456
S01008666,819,446,373
S01008667,947,487,460
S01008668,1001,547,454
S01008669,635,338,297
S01008670,1155,612,543
S01008671,1183,670,513
S01008672,605,336,269
S01008673,801,451,350
S01008674,1048,643,405
S01008675,826,461,365
S01008676,908,528,380
S01008677,742,441,301
S01008678,1071,573,498
S01008679,1071,641,430
S01008680,828,528,300
S01008681,964,589,375
S01008682,884,535,349
S01008683,1630,1023,607
S01008684,2943,1877,1066
S01008685,773,530,243
S01008686,1068,614,454
S01008687,832,421,411
S01008688,889,458,431
S01008689,1248,661,587
S01008690,1017,569,448
S01008691,1237,644,593
S01008692,1003,582,421
S01008693,606,418,188
S01008694,1299,753,546
S01008695,984,581,403
S01008696,703,458,245
S01008697,871,601,270
S01008698,757,519,238
S01008699,1140,743,397
S01008700,678,476,202
S01008701,417,239,178
S01008702,296,213,83
S01008703,757,452,305
S01008704,934,556,378
S01008705,391,217,174
S01008706,770,424,346
S01008707,1123,594,529
S01008708,816,473,343
S01008709,1137,620,517
S01008710,371,199,172
S01008711,763,487,276
S01008712,1174,695,479
S01008713,703,383,320
S01008714,717,464,253
S01008715,818,554,264
S01008716,689,464,225
S01008717,560,311,249
S01008718,608,413,195
S01008719,1110,766,344
S01008720,566,387,179
S01008721,854,578,276
S01008722,1076,761,315
S01008723,767,516,251
S01008724,1002,639,363
S01008725,785,492,293
S01008726,1156,725,431
S01008727,1249,724,525
S01008728,532,337,195
S01008729,828,475,353
S01008730,1051,567,484
S01008731,558,380,178
S01008732,816,517,299
S01008733,851,497,354
S01008734,850,549,301
S01008735,1178,856,322
S01008736,710,509,201
S01008737,775,590,185
S01008738,916,706,210
S01008739,634,456,178
S01008740,833,629,204
S01008741,1192,855,337
S01008742,763,583,180
S01008743,1121,764,357
S01008744,1060,703,357
S01008745,539,358,181
S01008746,1135,722,413
S01008747,593,445,148
S01008748,1076,785,291
S01008749,1185,900,285
S01008750,797,615,182
S01008751,1135,741,394
S01008752,1020,664,356
S01008753,711,490,221
S01008754,732,458,274
S01008755,852,534,318
S01008756,827,582,245
S01008757,714,500,214
S01008758,1013,696,317
S01008759,716,516,200
S01008760,1360,888,472
S01008761,589,347,242
S01008762,584,404,180
S01008763,901,545,356
S01008764,713,453,260
S01008765,1301,758,543
S01008766,1435,1002,433
S01008767,891,627,264
S01008768,656,408,248
S01008769,217,114,103
S01008770,76,36,40
S01008771,76,36,40
S01008772,1095,718,377
S01008773,927,530,397
S01008774,845,487,358
S01008775,586,368,218
S01008776,1272,683,589
S01008777,914,561,353
S01008778,597,298,299
S01008779,411,255,156
S01008780,352,175,177
S01008781,320,191,129
S01008782,510,275,235
S01008783,325,176,149
S01008784,554,292,262
S01008785,846,507,339
S01008786,873,483,390
S01008787,562,316,246
S01008788,405,214,191
S01008789,641,460,181
S01008790,679,348,331
S01008791,392,246,146
S01008792,994,587,407
S01008793,859,550,309
S01008794,832,570,262
S01008795,1016,619,397
S01008796,1014,564,450
S01008797,941,552,389
S01008798,950,571,379
S01008799,237,158,79
S01008800,818,467,351
S01008801,848,459,389
S01008802,1072,603,469
S01008803,1101,582,519
S01008804,732,446,286
S01008805,619,357,262
S01008806,738,408,330
S01008807,1013,528,485
S01008808,732,410,322
S01008809,849,548,301
S01008810,1034,590,444
S01008811,780,473,307
S01008812,896,491,405
S01008813,808,515,293
S01008814,1197,683,514
S01008815,1102,627,475
S01008816,243,174,69
S01008817,664,357,307
S01008818,991,586,405
S01008819,1027,605,422
S01008820,1204,690,514
S01008821,826,521,305
S01008822,851,523,328
S01008823,949,636,313
S01008824,1239,803,436
S01008825,638,410,228
S01008826,689,393,296
S01008827,1050,710,340
S01008828,973,617,356
S01008829,1093,771,322
S01008830,1299,861,438
S01008831,1056,774,282
S01008832,607,422,185
S01008833,1063,690,373
S01008834,1269,879,390
S01008835,1075,719,356
S01008836,536,325,211
S01008837,953,501,452
S01008838,968,547,421
S01008839,1137,647,490
S01008840,1037,604,433
S01008841,441,274,167
S01008842,201,126,75
S01008843,721,411,310
S01008844,439,239,200
S01008845,688,378,310
S01008846,842,443,399
S01008847,701,396,305
S01008848,871,465,406
S01008849,990,587,403
S01008850,1327,786,541
S01008851,1201,701,500
S01008852,1194,753,441
S01008853,557,310,247
S01008854,1030,611,419
S01008855,984,524,460
S01008856,658,328,330
S01008857,1029,579,450
S01008858,1058,590,468
S01008859,909,534,375
S01008860,1317,747,570
S01008861,1026,638,388
S01008862,1095,600,495
S01008863,823,490,333
S01008864,1496,965,531
S01008865,1079,722,357
S01008866,1009,592,417
S01008867,925,537,388
S01008868,1065,660,405
S01008869,1166,733,433
S01008870,1119,721,398
S01008871,1298,792,506
S01008872,1057,620,437
S01008873,802,567,235
S01008874,848,546,302
S01008875,1095,681,414
S01008876,766,498,268
S01008877,766,485,281
S01008878,1249,864,385
S01008879,872,575,297
S01008880,722,503,219
S01008881,642,517,125
S01008882,1316,1015,301
S01008883,1199,972,227
S01008884,842,625,217
S01008885,968,703,265
S01008886,1146,745,401
S01008887,783,513,270
S01008888,1033,715,318
S01008889,549,369,180
S01008890,835,576,259
S01008891,792,547,245
S01008892,1161,763,398
S01008893,1107,744,363
S01008894,1011,709,302
S01008895,776,591,185
S01008896,708,508,200
S01008897,902,633,269
S01008898,1018,714,304
S01008899,866,517,349
S01008900,907,535,372
S01008901,1038,692,346
S01008902,991,629,362
S01008903,1141,725,416
S01008904,1079,593,486
S01008905,1231,666,565
S01008906,678,360,318
S01008907,779,426,353
S01008908,938,552,386
S01008909,1179,719,460
S01008910,763,490,273
S01008911,344,226,118
S01008912,902,586,316
S01008913,532,328,204
S01008914,1185,830,355
S01008915,630,450,180
S01008916,1339,838,501
S01008917,653,381,272
S01008918,632,305,327
S01008919,564,311,253
S01008920,225,119,106
S01008921,1007,578,429
S01008922,1304,723,581
S01008923,943,563,380
S01008924,994,564,430
S01008925,836,493,343
S01008926,368,225,143
S01008927,71,52,19
S01008928,448,316,132
S01008929,1535,818,717
S01008930,1244,663,581
S01008931,864,432,432
S01008932,436,295,141
S01008933,660,314,346
S01008934,526,299,227
S01008935,1062,761,301
S01008936,661,504,157
S01008937,721,517,204
S01008938,1007,722,285
S01008939,841,579,262
S01008940,758,562,196
S01008941,824,587,237
S01008942,1248,882,366
S01008943,813,624,189
S01008944,991,736,255
S01008945,1147,813,334
S01008946,746,578,168
S01008947,1166,869,297
S01008948,1070,783,287
S01008949,1337,913,424
S01008950,1000,656,344
S01008951,1117,783,334
S01008952,1606,1032,574
S01008953,1180,754,426
S01008954,972,695,277
S01008955,888,570,318
S01008956,1374,838,536
S01008957,1177,722,455
S01008958,744,546,198
S01008959,1051,672,379
S01008960,424,287,137
S01008961,1030,694,336
S01008962,744,530,214
S01008963,932,704,228
S01008964,773,605,168
S01008965,762,582,180
S01008966,934,684,250
S01008967,1134,804,330
S01008968,1412,1004,408
S01008969,1050,747,303
S01008970,1125,788,337
S01008971,715,484,231
S01008972,1533,1105,428
S01008973,746,524,222
S01008974,865,621,244
S01008975,864,653,211
S01008976,715,464,251
S01008977,839,548,291
S01008978,724,484,240
S01008979,831,478,353
S01008980,792,490,302
S01008981,829,591,238
S01008982,928,548,380
S01008983,886,461,425
S01008984,519,305,214
S01008985,826,519,307
S01008986,956,702,254
S01008987,1062,745,317
S01008988,871,635,236
S01008989,1059,639,420
S01008990,1218,748,470
S01008991,1251,852,399
S01008992,447,301,146
S01008993,1081,786,295
S01008994,1002,596,406
S01008995,1074,667,407
S01008996,783,511,272
S01008997,902,627,275
S01008998,959,581,378
S01008999,1015,697,318
S01009000,1163,865,298
S01009001,744,548,196
S01009002,789,552,237
S01009003,920,621,299
S01009004,894,566,328
S01009005,972,658,314
S01009006,1413,1009,404
S01009007,927,667,260
S01009008,983,682,301
S01009009,579,315,264
S01009010,1421,979,442
S01009011,1338,927,411
S01009012,993,659,334
S01009013,1155,767,388
S01009014,804,761,43
S01009015,540,506,34
S01009016,560,540,20
S01009017,725,686,39
S01009018,777,713,64
S01009019,935,847,88
S01009020,951,815,136
S01009021,736,642,94
S01009022,921,815,106
S01009023,958,884,74
S01009024,1238,1141,97
S01009025,965,835,130
S01009026,1100,960,140
S01009027,834,688,146
S01009028,596,512,84
S01009029,768,675,93
S01009030,994,856,138
S01009031,798,729,69
S01009032,631,551,80
S01009033,816,719,97
S01009034,644,575,69
S01009035,867,765,102
S01009036,871,774,97
S01009037,683,600,83
S01009038,928,808,120
S01009039,1103,965,138
S01009040,919,825,94
S01009041,1031,875,156
S01009042,881,761,120
S01009043,1270,1100,170
S01009044,1127,1038,89
S01009045,1105,1016,89
S01009046,782,689,93
S01009047,691,593,98
S01009048,745,636,109
S01009049,706,583,123
S01009050,860,661,199
S01009051,878,669,209
S01009052,907,714,193
S01009053,602,418,184
S01009054,713,572,141
S01009055,735,578,157
S01009056,604,425,179
S01009057,733,571,162
S01009058,895,727,168
S01009059,500,397,103
S01009060,456,340,116
S01009061,1021,800,221
S01009062,990,749,241
S01009063,704,539,165
S01009064,728,571,157
S01009065,1225,923,302
S01009066,774,623,151
S01009067,480,361,119
S01009068,935,677,258
S01009069,920,723,197
S01009070,1014,774,240
S01009071,558,398,160
S01009072,344,269,75
S01009073,887,736,151
S01009074,1097,857,240
S01009075,709,558,151
S01009076,1217,876,341
S01009077,796,598,198
S01009078,386,285,101
S01009079,1207,915,292
S01009080,1560,1178,382
S01009081,1060,807,253
S01009082,1149,869,280
S01009083,722,545,177
S01009084,1030,793,237
S01009085,277,204,73
S01009086,709,526,183
S01009087,704,516,188
S01009088,1374,1076,298
S01009089,463,315,148
S01009090,154,108,46
S01009091,211,133,78
S01009092,991,722,269
S01009093,944,586,358
S01009094,923,725,198
S01009095,1548,1160,388
S01009096,467,328,139
S01009097,909,638,271
S01009098,578,434,144
S01009099,905,654,251
S01009100,1253,911,342
S01009101,1088,732,356
S01009102,1158,710,448
S01009103,694,545,149
S01009104,839,591,248
S01009105,683,478,205
S01009106,851,595,256
S01009107,965,692,273
S01009108,951,734,217
S01009109,1109,865,244
S01009110,881,641,240
S01009111,1140,845,295
S01009112,620,461,159
S01009113,665,489,176
S01009114,791,524,267
S01009115,877,640,237
S01009116,900,622,278
S01009117,705,465,240
S01009118,661,473,188
S01009119,972,622,350
S01009120,746,526,220
S01009121,1056,644,412
S01009122,977,656,321
S01009123,340,250,90
S01009124,561,420,141
S01009125,822,641,181
S01009126,742,472,270
S01009127,595,378,217
S01009128,1011,692,319
S01009129,683,461,222
S01009130,430,275,155
S01009131,878,631,247
S01009132,939,638,301
S01009133,762,542,220
S01009134,1024,781,243
S01009135,619,433,186
S01009136,328,260,68
S01009137,302,243,59
S01009138,995,674,321
S01009139,675,405,270
S01009140,673,478,195
S01009141,586,383,203
S01009142,674,439,235
S01009143,553,379,174
S01009144,691,509,182
S01009145,1193,908,285
S01009146,1059,668,391
S01009147,995,661,334
S01009148,799,512,287
S01009149,563,395,168
S01009150,724,598,126
S01009151,679,529,150
S01009152,805,559,246
S01009153,735,491,244
S01009154,818,613,205
S01009155,623,417,206
S01009156,924,719,205
S01009157,981,705,276
S01009158,890,636,254
S01009159,687,444,243
S01009160,610,431,179
S01009161,887,629,258
S01009162,712,496,216
S01009163,521,389,132
S01009164,1057,698,359
S01009165,739,508,231
S01009166,962,630,332
S01009167,857,611,246
S01009168,1007,765,242
S01009169,920,661,259
S01009170,710,478,232
S01009171,845,557,288
S01009172,721,510,211
S01009173,883,614,269
S01009174,88,67,21
S01009175,987,677,310
S01009176,883,662,221
S01009177,895,592,303
S01009178,883,587,296
S01009179,986,702,284
S01009180,1017,728,289
S01009181,1216,839,377
S01009182,1186,837,349
S01009183,1124,836,288
S01009184,1230,907,323
S01009185,1118,858,260
S01009186,893,633,260
S01009187,840,580,260
S01009188,1105,739,366
S01009189,1127,757,370
S01009190,826,545,281
S01009191,189,129,60
S01009192,948,674,274
S01009193,380,265,115
S01009194,960,741,219
S01009195,923,646,277
S01009196,754,564,190
S01009197,963,704,259
S01009198,876,555,321
S01009199,736,532,204
S01009200,951,714,237
S01009201,779,518,261
S01009202,606,461,145
S01009203,666,442,224
S01009204,1065,698,367
S01009205,1291,925,366
S01009206,1138,784,354
S01009207,968,691,277
S01009208,722,544,178
S01009209,1143,874,269
S01009210,907,678,229
S01009211,785,525,260
S01009212,947,675,272
S01009213,790,548,242
S01009214,1253,899,354
S01009215,1155,829,326
S01009216,1138,771,367
S01009217,796,494,302
S01009218,1216,890,326
S01009219,679,458,221
S01009220,629,412,217
S01009221,599,415,184
S01009222,710,450,260
S01009223,510,364,146
S01009224,975,660,315
S01009225,812,582,230
S01009226,1198,829,369
S01009227,686,515,171
S01009228,797,546,251
S01009229,918,679,239
S01009230,898,627,271
S01009231,1022,760,262
S01009232,700,415,285
S01009233,819,588,231
S01009234,1049,624,425
S01009235,847,545,302
S01009236,712,522,190
S01009237,722,565,157
S01009238,1092,816,276
S01009239,913,593,320
S01009240,701,434,267
S01009241,1013,659,354
S01009242,986,763,223
S01009243,1298,894,404
S01009244,876,634,242
S01009245,892,662,230
S01009246,1058,747,311
S01009247,1246,864,382
S01009248,799,595,204
S01009249,1133,754,379
S01009250,793,560,233
S01009251,627,447,180
S01009252,477,359,118
S01009253,741,543,198
S01009254,1026,638,388
S01009255,649,431,218
S01009256,627,439,188
S01009257,575,426,149
S01009258,792,555,237
S01009259,787,559,228
S01009260,1175,789,386
S01009261,840,561,279
S01009262,814,587,227
S01009263,431,342,89
S01009264,818,601,217
S01009265,755,524,231
S01009266,1051,784,267
S01009267,822,567,255
S01009268,724,477,247
S01009269,1180,807,373
S01009270,764,560,204
S01009271,916,586,330
S01009272,949,596,353
S01009273,939,700,239
S01009274,987,706,281
S01009275,694,477,217
S01009276,1062,682,380
S01009277,746,481,265
S01009278,389,285,104
S01009279,591,411,180
S01009280,939,638,301
S01009281,899,581,318
S01009282,948,639,309
S01009283,602,388,214
S01009284,805,531,274
S01009285,961,617,344
S01009286,972,663,309
S01009287,888,646,242
S01009288,869,607,262
S01009289,929,650,279
S01009290,673,500,173
S01009291,1204,860,344
S01009292,531,324,207
S01009293,661,425,236
S01009294,654,414,240
S01009295,830,566,264
S01009296,953,611,342
S01009297,1004,674,330
S01009298,1208,792,416
S01009299,1008,672,336
S01009300,615,367,248
S01009301,1093,626,467
S01009302,970,526,444
S01009303,835,548,287
S01009304,1306,841,465
S01009305,974,652,322
S01009306,1121,672,449
S01009307,1216,689,527
S01009308,809,478,331
S01009309,604,368,236
S01009310,956,636,320
S01009311,1033,586,447
S01009312,1002,616,386
S01009313,683,427,256
S01009314,988,635,353
S01009315,697,463,234
S01009316,917,586,331
S01009317,1030,729,301
S01009318,1052,743,309
S01009319,1006,719,287
S01009320,881,594,287
S01009321,558,372,186
S01009322,710,467,243
S01009323,968,606,362
S01009324,652,429,223
S01009325,546,349,197
S01009326,371,258,113
S01009327,675,499,176
S01009328,102,79,23
S01009330,157,91,66
S01009331,250,161,89
S01009332,862,598,264
S01009333,998,541,457
S01009334,647,402,245
S01009335,865,520,345
S01009336,616,346,270
S01009337,986,580,406
S01009338,778,468,310
S01009339,1011,557,454
S01009340,1066,568,498
S01009341,1072,628,444
S01009342,954,595,359
S01009343,596,374,222
S01009344,785,465,320
S01009345,1287,827,460
S01009346,164,109,55
S01009347,293,177,116
S01009348,239,144,95
S01009349,126,69,57
S01009350,186,116,70
S01009351,75,35,40
S01009352,76,52,24
S01009353,397,253,144
S01009354,290,178,112
S01009355,1010,698,312
S01009356,1059,722,337
S01009357,482,309,173
S01009358,334,225,109
S01009359,255,162,93
S01009360,821,566,255
S01009361,891,595,296
S01009362,1239,812,427
S01009363,1044,666,378
S01009364,854,513,341
S01009365,733,466,267
S01009366,925,614,311
S01009367,801,473,328
S01009368,834,491,343
S01009369,1057,662,395
S01009370,928,572,356
S01009371,551,336,215
S01009372,653,333,320
S01009373,976,577,399
S01009374,922,630,292
S01009375,777,430,347
S01009376,920,584,336
S01009377,846,489,357
S01009378,1092,635,457
S01009379,221,122,99
S01009380,709,488,221
S01009381,692,391,301
S01009382,1322,832,490
S01009383,987,578,409
S01009384,579,385,194
S01009385,758,471,287
S01009386,1126,664,462
S01009387,986,600,386
S01009388,1220,639,581
S01009389,960,656,304
S01009390,783,499,284
S01009391,828,490,338
S01009392,521,357,164
S01009393,831,562,269
S01009394,809,548,261
S01009395,1133,815,318
S01009396,779,546,233
S01009397,741,512,229
S01009398,1223,852,371
S01009399,1128,795,333
S01009400,1002,679,323
S01009401,1060,685,375
S01009402,846,586,260
S01009403,844,569,275
S01009404,718,448,270
S01009405,752,457,295
S01009406,1015,659,356
S01009407,492,293,199
S01009408,494,309,185
S01009409,911,574,337
S01009410,909,522,387
S01009411,1440,819,621
S01009412,922,536,386
S01009413,1302,805,497
S01009414,835,503,332
S01009415,1130,642,488
S01009416,665,472,193
S01009417,400,274,126
S01009418,1196,735,461
S01009419,1026,654,372
S01009420,829,438,391
S01009421,709,378,331
S01009422,1156,777,379
S01009423,264,198,66
S01009424,745,527,218
S01009425,853,570,283
S01009426,1053,670,383
S01009427,622,415,207
S01009428,624,413,211
S01009429,924,593,331
S01009430,728,502,226
S01009431,998,705,293
S01009432,1159,747,412
S01009433,924,597,327
S01009434,575,364,211
S01009435,1072,657,415
S01009436,615,366,249
S01009437,915,561,354
S01009438,1120,729,391
S01009439,1192,703,489
S01009440,944,604,340
S01009441,940,558,382
S01009442,704,484,220
S01009443,913,595,318
S01009444,801,557,244
S01009445,1036,713,323
S01009446,1011,632,379
S01009447,786,529,257
S01009448,655,420,235
S01009449,707,487,220
S01009450,697,392,305
S01009451,1274,783,491
S01009452,861,498,363
S01009453,1010,662,348
S01009454,1157,762,395
S01009455,1419,926,493
S01009456,881,535,346
S01009457,798,555,243
S01009458,638,430,208
S01009459,1002,637,365
S01009460,793,490,303
S01009461,181,112,69
S01009462,682,453,229
S01009463,1118,794,324
S01009464,897,614,283
S01009465,648,450,198
S01009466,840,563,277
S01009467,849,617,232
S01009468,725,475,250
S01009469,815,609,206
S01009470,854,568,286
S01009471,797,558,239
S01009472,1175,687,488
S01009473,776,469,307
S01009474,810,401,409
S01009475,203,97,106
S01009476,435,244,191
S01009477,1095,739,356
S01009478,920,552,368
S01009479,887,538,349
S01009480,1061,718,343
S01009481,865,534,331
S01009482,684,428,256
S01009483,743,470,273
S01009484,1269,879,390
S01009485,790,522,268
S01009486,771,524,247
S01009487,1226,740,486
S01009488,978,617,361
S01009489,867,511,356
S01009490,895,441,454
S01009491,637,403,234
S01009492,943,533,410
S01009493,1250,916,334
S01009494,1255,820,435
S01009495,941,640,301
S01009496,849,526,323
S01009497,1101,681,420
S01009498,662,459,203
S01009499,834,473,361
S01009500,869,450,419
S01009501,836,482,354
S01009502,1078,565,513
S01009503,1068,623,445
S01009504,888,450,438
S01009505,920,514,406
S01009506,1215,647,568
S01009507,789,411,378
S01009508,1181,558,623
S01009509,1056,591,465
S01009510,888,618,270
S01009511,1020,673,347
S01009512,1089,714,375
S01009513,863,624,239
S01009514,960,630,330
S01009515,869,529,340
S01009516,1194,802,392
S01009517,81,53,28
S01009518,285,201,84
S01009519,777,467,310
S01009520,990,652,338
S01009521,907,533,374
S01009522,1028,587,441
S01009523,893,550,343
S01009524,782,485,297
S01009525,595,385,210
S01009526,407,259,148
S01009527,774,457,317
S01009528,739,528,211
S01009529,1164,723,441
S01009530,897,634,263
S01009531,1094,665,429
S01009532,1059,660,399
S01009533,876,556,320
S01009534,751,457,294
S01009535,899,543,356
S01009536,567,343,224
S01009537,604,411,193
S01009538,1064,672,392
S01009539,1091,738,353
S01009540,1080,683,397
S01009541,1143,757,386
S01009542,879,553,326
S01009543,849,575,274
S01009544,932,637,295
S01009545,800,538,262
S01009546,750,420,330
S01009547,828,542,286
S01009548,1015,640,375
S01009549,1066,716,350
S01009550,669,409,260
S01009551,728,431,297
S01009552,1345,878,467
S01009553,1126,694,432
S01009554,863,521,342
S01009555,939,595,344
S01009556,1075,574,501
S01009557,1019,563,456
S01009558,752,426,326
S01009559,1303,727,576
S01009560,861,446,415
S01009561,783,407,376
S01009562,1169,690,479
S01009563,937,595,342
S01009564,719,485,234
S01009565,640,397,243
S01009566,1098,643,455
S01009567,1076,633,443
S01009568,939,562,377
S01009569,1080,671,409
S01009570,639,368,271
S01009571,794,436,358
S01009572,1083,586,497
S01009573,754,445,309
S01009574,1058,668,390
S01009575,878,516,362
S01009576,670,429,241
S01009577,921,558,363
S01009578,1130,580,550
S01009579,321,163,158
S01009580,626,388,238
S01009581,810,486,324
S01009582,578,344,234
S01009583,853,482,371
S01009584,353,251,102
S01009585,1320,753,567
S01009586,1145,730,415
S01009587,979,666,313
S01009588,1133,711,422
S01009589,1184,741,443
S01009590,584,414,170
S01009591,886,595,291
S01009592,840,575,265
S01009593,634,438,196
S01009594,670,422,248
S01009595,405,255,150
S01009596,1125,629,496
S01009597,1193,590,603
S01009598,778,428,350
S01009599,1306,758,548
S01009600,1053,598,455
S01009601,938,587,351
S01009602,713,478,235
S01009603,833,516,317
S01009604,834,512,322
S01009605,1020,603,417
S01009606,280,188,92
S01009607,506,350,156
S01009608,610,372,238
S01009609,1009,640,369
S01009610,1056,715,341
S01009611,478,307,171
S01009612,569,350,219
S01009613,523,335,188
S01009614,631,426,205
S01009615,629,447,182
S01009616,1221,832,389
S01009617,766,497,269
S01009618,1013,605,408
S01009619,776,497,279
S01009620,975,635,340
S01009621,975,575,400
S01009622,953,511,442
S01009623,843,537,306
S01009624,1008,611,397
S01009625,1295,786,509
S01009626,842,469,373
S01009627,978,608,370
S01009628,645,429,216
S01009629,1228,681,547
S01009630,851,526,325
S01009631,814,535,279
S01009632,742,421,321
S01009633,747,428,319
S01009634,781,517,264
S01009635,1315,843,472
S01009636,974,588,386
S01009637,870,553,317
S01009638,719,432,287
S01009639,1010,741,269
S01009640,749,488,261
S01009641,843,540,303
S01009642,1036,680,356
S01009643,215,157,58
S01009644,603,349,254
S01009645,920,561,359
S01009646,773,466,307
S01009647,659,423,236
S01009648,1197,753,444
S01009649,1079,679,400
S01009650,787,632,155
S01009651,968,683,285
S01009652,1132,832,300
S01009653,842,624,218
S01009654,596,407,189
S01009655,1044,744,300
S01009656,875,620,255
S01009657,935,702,233
S01009658,1024,647,377
S01009659,705,440,265
S01009660,941,606,335
S01009661,899,615,284
S01009662,849,583,266
S01009663,773,533,240
S01009664,1062,729,333
S01009665,1230,873,357
S01009666,1191,814,377
S01009667,409,294,115
S01009668,458,323,135
S01009669,594,414,180
S01009670,875,618,257
S01009671,820,553,267
S01009672,1206,856,350
S01009673,861,588,273
S01009674,1088,722,366
S01009675,960,650,310
S01009676,1463,1002,461
S01009677,683,453,230
S01009678,604,439,165
S01009679,1014,713,301
S01009680,1054,709,345
S01009681,946,632,314
S01009682,753,603,150
S01009683,895,662,233
S01009684,930,627,303
S01009685,1209,809,400
S01009686,1098,727,371
S01009687,1047,795,252
S01009688,1251,914,337
S01009689,550,357,193
S01009690,769,512,257
S01009691,606,398,208
S01009692,1183,931,252
S01009693,815,586,229
S01009694,1161,881,280
S01009695,1044,738,306
S01009696,1057,735,322
S01009697,801,563,238
S01009698,687,473,214
S01009699,733,575,158
S01009700,699,491,208
S01009701,944,714,230
S01009702,608,420,188
S01009703,991,729,262
S01009704,1297,936,361
S01009705,785,584,201
S01009706,885,569,316
S01009707,642,441,201
S01009708,696,536,160
S01009709,865,622,243
S01009710,483,378,105
S01009711,998,708,290
S01009712,676,485,191
S01009713,904,663,241
S01009714,898,670,228
S01009715,819,579,240
S01009716,1255,909,346
S01009717,1184,859,325
S01009718,952,701,251
S01009719,1024,769,255
S01009720,861,668,193
S01009721,842,547,295
S01009722,1117,757,360
S01009723,796,570,226
S01009724,1083,740,343
S01009725,942,660,282
S01009726,906,630,276
S01009727,1049,762,287
S01009728,827,586,241
S01009729,1039,756,283
S01009730,1011,740,271
S01009731,906,694,212
S01009732,1450,973,477
S01009733,1067,788,279
S01009734,1809,1314,495
S01009735,823,628,195
S01009736,1641,1121,520
S01009737,781,591,190
S01009738,524,384,140
S01009739,470,338,132
S01009740,755,579,176
S01009741,963,733,230
S01009742,492,292,200
S01009743,1203,857,346
S01009744,721,514,207
S01009745,881,664,217
S01009746,795,504,291
S01009747,947,666,281
S01009748,792,561,231
S01009749,980,668,312
S01009750,739,496,243
S01009751,1056,655,401
S01009752,835,519,316
S01009753,736,480,256
S01009754,1430,920,510
S01009755,691,456,235
S01009756,862,577,285
S01009757,773,516,257
S01009758,1130,883,247
S01009759,1211,883,328
S01009760,1052,814,238
S01009761,1003,774,229
S01009762,976,745,231
S01009763,451,320,131
S01009764,952,715,237
S01009765,1031,767,264
S01009766,996,765,231
S01009767,801,598,203
S01009768,514,391,123
S01009769,1001,790,211
S01009770,874,674,200
S01009771,896,699,197
S01009772,799,609,190
S01009773,156,110,46
S01009774,108,83,25
S01009775,928,788,140
S01009776,1053,846,207
S01009777,673,525,148
S01009778,1141,959,182
S01009779,716,592,124
S01009780,936,779,157
S01009781,863,734,129
S01009782,542,411,131
S01009783,516,381,135
S01009784,1052,847,205
S01009785,1067,884,183
S01009786,1141,858,283
S01009787,964,776,188
S01009788,1300,1081,219
S01009789,1157,966,191
S01009790,940,770,170
S01009791,810,616,194
S01009792,239,187,52
S01009793,914,739,175
S01009794,368,285,83
S01009795,855,690,165
S01009796,746,614,132
S01009797,572,480,92
S01009798,970,753,217
S01009799,1535,1185,350
S01009800,1306,1005,301
S01009801,1325,1061,264
S01009802,957,705,252
S01009803,893,684,209
S01009804,414,335,79
S01009805,800,648,152
S01009806,1173,998,175
S01009807,942,762,180
S01009808,1317,1024,293
S01009809,1133,862,271
S01009810,920,735,185
S01009811,1263,1041,222
S01009812,914,732,182
S01009813,1128,902,226
S01009814,1134,931,203
S01009815,1059,823,236
S01009816,1181,903,278
S01009817,856,688,168
S01009818,925,805,120
S01009819,1145,899,246
S01009820,1018,802,216
S01009821,862,725,137
S01009822,933,720,213
S01009823,1157,933,224
S01009824,843,649,194
S01009825,1214,1013,201
S01009826,824,672,152
S01009827,900,725,175
S01009828,1283,1044,239
S01009829,1241,963,278
S01009830,1007,768,239
S01009831,1264,985,279
S01009832,1090,881,209
S01009833,660,516,144
S01009834,693,532,161
S01009835,623,500,123
S01009836,756,624,132
S01009837,805,682,123
S01009838,777,608,169
S01009839,1081,828,253
S01009840,1025,863,162
S01009841,1165,817,348
S01009842,959,739,220
S01009843,560,454,106
S01009844,730,582,148
S01009845,1046,799,247
S01009846,1050,752,298
S01009847,571,445,126
S01009848,902,784,118
S01009849,1087,868,219
S01009850,966,762,204
S01009851,1060,873,187
S01009852,582,502,80
S01009853,935,766,169
S01009854,789,609,180
S01009855,758,623,135
S01009856,584,486,98
S01009857,826,690,136
S01009858,965,818,147
S01009859,1140,918,222
S01009860,988,796,192
S01009861,1571,1231,340
S01009862,1079,819,260
S01009863,987,676,311
S01009864,973,710,263
S01009865,655,485,170
S01009866,986,800,186
S01009867,992,703,289
S01009868,1086,795,291
S01009869,1043,767,276
S01009870,1012,792,220
S01009871,1048,850,198
S01009872,884,693,191
S01009873,926,717,209
S01009874,1036,840,196
S01009875,561,469,92
S01009876,983,740,243
S01009877,843,599,244
S01009878,832,707,125
S01009879,1177,917,260
S01009880,1160,1013,147
S01009881,824,699,125
S01009882,570,402,168
S01009883,865,706,159
S01009884,961,749,212
S01009885,920,760,160
S01009886,798,652,146
S01009887,973,727,246
S01009888,821,674,147
S01009889,1132,836,296
S01009890,758,551,207
S01009891,696,521,175
S01009892,1081,843,238
S01009893,1003,723,280
S01009894,996,802,194
S01009895,932,719,213
S01009896,1258,1029,229
S01009897,1275,1039,236
S01009898,894,769,125
S01009899,1074,730,344
S01009900,1127,707,420
S01009901,999,653,346
S01009902,1100,872,228
S01009903,1155,832,323
S01009904,756,546,210
S01009905,718,535,183
S01009906,701,492,209
S01009907,1161,725,436
S01009908,1178,756,422
S01009909,852,535,317
S01009910,798,512,286
S01009911,1251,883,368
S01009912,1015,759,256
S01009913,913,757,156
S01009914,947,742,205
S01009915,908,709,199
S01009916,1224,1067,157
S01009917,816,583,233
S01009918,994,706,288
S01009919,1078,816,262
S01009920,1097,770,327
S01009921,805,515,290
S01009922,1207,824,383
S01009923,1014,697,317
S01009924,1084,749,335
S01009925,1138,729,409
S01009926,906,606,300
S01009927,553,397,156
S01009928,752,520,232
S01009929,578,370,208
S01009930,976,616,360
S01009931,839,538,301
S01009932,811,577,234
S01009933,1212,906,306
S01009934,889,654,235
S01009935,687,561,126
S01009936,1167,862,305
S01009937,776,622,154
S01009938,1057,834,223
S01009939,1121,813,308
S01009940,926,751,175
S01009941,1176,929,247
S01009942,1119,849,270
S01009943,1332,1016,316
S01009944,1053,874,179
S01009945,1137,904,233
S01009946,1008,803,205
S01009947,928,733,195
S01009948,1247,961,286
S01009949,1041,805,236
S01009950,788,674,114
S01009951,931,778,153
S01009952,1106,817,289
S01009953,1212,944,268
S01009954,838,670,168
S01009955,1167,935,232
S01009956,887,740,147
S01009957,1372,1013,359
S01009958,1276,883,393
S01009959,895,753,142
S01009960,1206,930,276
S01009961,722,583,139
S01009962,999,741,258
S01009963,1274,1030,244
S01009964,1240,913,327
S01009965,1028,834,194
S01009966,1262,1101,161
S01009967,1046,786,260
S01009968,661,609,52
S01009969,1277,1035,242
S01009970,1117,889,228
S01009971,1042,839,203
S01009972,761,633,128
S01009973,300,245,55
S01009974,927,769,158
S01009975,835,689,146
S01009976,749,587,162
S01009977,889,712,177
S01009978,906,726,180
S01009979,806,681,125
S01009980,527,448,79
S01009981,787,622,165
S01009982,692,571,121
S01009983,680,525,155
S01009984,988,787,201
S01009985,652,525,127
S01009986,693,572,121
S01009987,850,713,137
S01009988,671,553,118
S01009989,1108,873,235
S01009990,1045,812,233
S01009991,1030,786,244
S01009992,1057,914,143
S01009993,859,637,222
S01009994,763,598,165
S01009995,679,548,131
S01009996,925,710,215
S01009997,707,560,147
S01009998,968,869,99
S01009999,951,775,176
S01010000,981,735,246
S01010001,798,653,145
S01010002,1474,1223,251
S01010003,1044,840,204
S01010004,963,854,109
S01010005,980,732,248
S01010006,1210,850,360
S01010007,952,759,193
S01010008,562,443,119
S01010009,699,464,235
S01010010,1509,1250,259
S01010011,831,576,255
S01010012,1711,1491,220
S01010013,1018,757,261
S01010014,1306,919,387
S01010015,892,583,309
S01010016,777,672,105
S01010017,988,819,169
S01010018,977,821,156
S01010019,1241,1051,190
S01010020,1014,851,163
S01010021,783,623,160
S01010022,298,259,39
S01010023,950,823,127
S01010024,626,501,125
S01010025,696,550,146
S01010026,783,635,148
S01010027,970,751,219
S01010028,478,393,85
S01010029,619,560,59
S01010030,458,345,113
S01010031,597,407,190
S01010032,481,341,140
S01010033,926,720,206
S01010034,1012,828,184
S01010035,650,482,168
S01010036,367,236,131
S01010037,1016,888,128
S01010038,1272,1057,215
S01010039,510,310,200
S01010040,539,390,149
S01010041,780,527,253
S01010042,526,406,120
S01010043,975,749,226
S01010044,1156,955,201
S01010045,875,735,140
S01010046,1101,897,204
S01010047,1115,949,166
S01010048,1223,1030,193
S01010049,891,727,164
S01010050,822,718,104
S01010051,797,669,128
S01010052,598,496,102
S01010053,542,484,58
S01010054,788,650,138
S01010055,1161,928,233
S01010056,530,427,103
S01010057,452,389,63
S01010058,964,789,175
S01010059,706,555,151
S01010060,986,809,177
S01010061,450,380,70
S01010062,812,660,152
S01010063,1197,921,276
S01010064,833,674,159
S01010065,927,788,139
S01010066,792,650,142
S01010067,946,780,166
S01010068,363,319,44
S01010069,1119,979,140
S01010070,752,632,120
S01010071,921,771,150
S01010072,1129,977,152
S01010073,1071,931,140
S01010074,1104,929,175
S01010075,919,797,122
S01010076,969,807,162
S01010077,819,714,105
S01010078,779,633,146
S01010079,1017,875,142
S01010080,914,778,136
S01010081,1262,1058,204
S01010082,727,600,127
S01010083,1144,943,201
S01010084,1210,1027,183
S01010085,1310,1121,189
S01010086,1125,962,163
S01010087,697,584,113
S01010088,252,187,65
S01010089,916,736,180
S01010090,1096,935,161
S01010091,747,601,146
S01010092,1176,986,190
S01010093,937,769,168
S01010094,1352,1110,242
S01010095,1345,1091,254
S01010096,862,693,169
S01010097,784,627,157
S01010098,784,658,126
S01010099,1070,904,166
S01010100,1030,825,205
S01010101,1200,981,219
S01010102,784,600,184
S01010103,902,699,203
S01010104,846,649,197
S01010105,902,740,162
S01010106,758,608,150
S01010107,1073,831,242
S01010108,838,695,143
S01010109,1199,959,240
S01010110,1194,980,214
S01010111,1197,934,263
S01010112,918,701,217
S01010113,611,470,141
S01010114,739,621,118
S01010115,731,587,144
S01010116,905,736,169
S01010117,245,176,69
S01010118,818,629,189
S01010119,328,288,40
S01010120,878,671,207
S01010121,699,556,143
S01010122,625,465,160
S01010123,611,489,122
S01010124,795,637,158
S01010125,560,452,108
S01010126,701,561,140
S01010127,552,497,55
S01010128,822,672,150
S01010129,870,728,142
S01010130,824,650,174
S01010131,1214,1003,211
S01010132,1027,878,149
S01010133,1003,870,133
S01010134,1345,1095,250
S01010135,1203,999,204
S01010136,1071,852,219
S01010137,1294,1086,208
S01010138,1069,900,169
S01010139,1196,993,203
S01010140,1039,821,218
S01010141,1206,1007,199
S01010142,709,570,139
S01010143,832,742,90
S01010144,778,567,211
S01010145,709,591,118
S01010146,1160,955,205
S01010147,947,769,178
S01010148,921,797,124
S01010149,452,365,87
S01010150,1055,921,134
S01010151,1071,936,135
S01010152,851,719,132
S01010153,1049,910,139
S01010154,1122,995,127
S01010155,748,654,94
S01010156,700,620,80
S01010157,885,752,133
S01010158,954,814,140
S01010159,789,680,109
S01010160,646,526,120
S01010161,910,745,165
S01010162,1024,865,159
S01010163,853,729,124
S01010164,858,684,174
S01010165,650,567,83
S01010166,1130,954,176
S01010167,950,792,158
S01010168,505,424,81
S01010169,915,749,166
S01010170,1000,818,182
S01010171,1003,817,186
S01010172,718,618,100
S01010173,1173,1013,160
S01010174,1219,1010,209
S01010175,500,424,76
S01010176,1034,886,148
S01010177,720,611,109
S01010178,885,758,127
S01010179,1245,1103,142
S01010180,462,410,52
S01010181,1161,1044,117
S01010182,1185,951,234
S01010183,824,693,131
S01010184,670,595,75
S01010185,762,679,83
S01010186,713,531,182
S01010187,863,691,172
S01010188,1207,987,220
S01010189,874,654,220
S01010190,277,244,33
S01010191,752,554,198
S01010192,872,634,238
S01010193,1008,853,155
S01010194,798,673,125
S01010195,1001,841,160
S01010196,829,697,132
S01010197,949,805,144
S01010198,1241,1086,155
S01010199,697,580,117
S01010200,725,658,67
S01010201,799,681,118
S01010202,785,633,152
S01010203,698,557,141
S01010204,1159,952,207
S01010205,745,602,143
S01010206,516,408,108
S01010207,673,583,90
S01010208,1091,826,265
S01010209,960,760,200
S01010210,1054,897,157
S01010211,924,733,191
S01010212,1095,885,210
S01010213,1085,912,173
S01010214,1072,789,283
S01010215,961,802,159
S01010216,1008,802,206
S01010217,969,743,226
S01010218,1127,819,308
S01010219,820,643,177
S01010220,313,211,102
S01010221,498,401,97
S01010222,729,563,166
S01010223,716,540,176
S01010224,1099,902,197
S01010225,734,601,133
S01010226,815,664,151
S01010227,1047,786,261
S01010228,691,620,71
S01010229,975,839,136
S01010230,1226,1034,192
S01010231,731,620,111
S01010232,718,613,105
S01010233,1526,1295,231
S01010234,921,710,211
S01010235,184,170,14
S01010236,775,569,206
S01010237,1052,766,286
S01010238,1008,752,256
S01010239,1026,851,175
S01010240,1213,935,278
S01010241,1001,746,255
S01010242,1196,881,315
S01010243,1375,1026,349
S01010244,990,788,202
S01010245,1022,879,143
S01010246,1125,900,225
S01010247,879,735,144
S01010248,969,676,293
S01010249,1093,753,340
S01010250,934,638,296
S01010251,254,173,81
S01010252,585,429,156
S01010253,812,648,164
S01010254,985,822,163
S01010255,881,746,135
S01010256,1124,886,238
S01010257,1622,1180,442
S01010258,1048,704,344
S01010259,1761,1355,406
S01010260,1368,981,387
S01010261,2195,1782,413
S01010262,1182,969,213
S01010263,636,396,240
S01010264,733,524,209
S01010265,393,233,160
S01010266,809,516,293
S01010267,741,425,316
S01010268,1031,634,397
S01010269,956,638,318
S01010270,1152,936,216
S01010271,752,474,278
S01010272,355,269,86
S01010273,276,167,109
S01010274,244,133,111
S01010275,310,204,106
S01010276,120,64,56
S01010277,584,468,116
S01010278,1326,1016,310
S01010279,632,438,194
S01010280,861,564,297
S01010281,552,356,196
S01010282,1037,657,380
S01010283,755,502,253
S01010284,1225,764,461
S01010285,1193,782,411
S01010286,1407,926,481
S01010287,1353,811,542
S01010288,1067,609,458
S01010289,272,151,121
S01010290,774,526,248
S01010291,1049,649,400
S01010292,1303,781,522
S01010293,807,510,297
S01010294,1075,674,401
S01010295,924,588,336
S01010296,860,635,225
S01010297,916,695,221
S01010298,1018,747,271
S01010299,621,458,163
S01010300,1451,991,460
S01010301,528,333,195
S01010302,800,653,147
S01010303,635,460,175
S01010304,778,583,195
S01010305,1101,800,301
S01010306,752,495,257
S01010307,866,478,388
S01010308,895,513,382
S01010309,702,592,110
S01010310,837,698,139
S01010311,968,819,149
S01010312,744,605,139
S01010313,1239,1015,224
S01010314,1151,864,287
S01010315,612,484,128
S01010316,611,443,168
S01010317,1279,729,550
S01010318,1489,954,535
S01010319,761,584,177
S01010320,696,518,178
S01010321,1142,790,352
S01010322,1262,767,495
S01010323,632,532,100
S01010324,1013,880,133
S01010325,1044,886,158
S01010326,924,762,162
S01010327,825,699,126
S01010328,768,659,109
S01010329,523,444,79
S01010330,809,677,132
S01010331,1386,1202,184
S01010332,1152,965,187
S01010333,961,805,156
S01010334,1003,845,158
S01010335,1218,1044,174
S01010336,904,712,192
S01010337,1067,860,207
S01010338,1025,856,169
S01010339,1075,921,154
S01010340,904,737,167
S01010341,877,711,166
S01010342,884,696,188
S01010343,1153,937,216
S01010344,1040,860,180
S01010345,274,203,71
S01010346,1202,847,355
S01010347,958,739,219
S01010348,1146,953,193
S01010349,1214,987,227
S01010350,1286,1058,228
S01010351,750,623,127
S01010352,848,712,136
S01010353,1087,839,248
S01010354,633,508,125
S01010355,1125,902,223
S01010356,586,426,160
S01010357,672,517,155
S01010358,939,819,120
S01010359,1333,1067,266
S01010360,670,504,166
S01010361,591,464,127
S01010362,974,750,224
S01010363,763,549,214
S01010364,1208,876,332
S01010365,1219,862,357
S01010366,1318,936,382
S01010367,1372,909,463
S01010368,914,603,311
S01010369,849,517,332
S01010370,818,434,384
S01010371,1145,646,499
S01010372,964,494,470
S01010373,776,422,354
S01010374,908,535,373
S01010375,921,572,349
S01010376,940,484,456
S01010377,839,478,361
S01010378,928,536,392
S01010379,1315,737,578
S01010380,1104,640,464
S01010381,541,347,194
S01010382,915,538,377
S01010383,831,545,286
S01010384,1270,808,462
S01010385,925,608,317
S01010386,963,690,273
S01010387,1261,898,363
S01010388,939,637,302
S01010389,85,53,32
S01010390,1166,679,487
S01010391,1088,673,415
S01010392,211,140,71
S01010393,1390,891,499
S01010394,943,679,264
S01010395,1138,719,419
S01010396,1001,641,360
S01010397,845,507,338
S01010398,974,623,351
S01010399,1454,890,564
S01010400,979,546,433
S01010401,783,481,302
S01010402,1187,731,456
S01010403,1084,665,419
S01010404,1267,741,526
S01010405,1203,680,523
S01010406,902,483,419
S01010407,1107,619,488
S01010408,693,519,174
S01010409,1160,848,312
S01010410,556,383,173
S01010411,1502,953,549
S01010412,997,703,294
S01010413,801,626,175
S01010414,1166,750,416
S01010415,1148,834,314
S01010416,604,451,153
S01010417,551,381,170
S01010418,1209,798,411
S01010419,1548,1046,502
S01010420,1189,884,305
S01010421,910,665,245
S01010422,1140,800,340
S01010423,918,684,234
S01010424,760,587,173
S01010425,979,708,271
S01010426,1111,773,338
S01010427,1173,943,230
S01010428,1624,1183,441
S01010429,897,581,316
S01010430,1064,824,240
S01010431,1051,695,356
S01010432,897,674,223
S01010433,855,679,176
S01010434,904,686,218
S01010435,767,612,155
S01010436,795,587,208
S01010437,540,419,121
S01010438,724,531,193
S01010439,953,694,259
S01010440,1180,963,217
S01010441,578,406,172
S01010442,783,590,193
S01010443,786,644,142
S01010444,699,571,128
S01010445,1118,955,163
S01010446,915,757,158
S01010447,1190,910,280
S01010448,1094,912,182
S01010449,1017,825,192
S01010450,955,771,184
S01010451,1084,801,283
S01010452,885,726,159
S01010453,1132,860,272
S01010454,1161,941,220
S01010455,961,774,187
S01010456,661,503,158
S01010457,992,802,190
S01010458,828,660,168
S01010459,810,664,146
S01010460,286,213,73
S01010461,1060,861,199
S01010462,895,673,222
S01010463,770,596,174
S01010464,663,521,142
S01010465,889,620,269
S01010466,1246,833,413
S01010467,1008,775,233
S01010468,1034,682,352
S01010469,869,611,258
S01010470,907,749,158
S01010471,1001,825,176
S01010472,515,408,107
S01010473,1094,747,347
S01010474,1085,759,326
S01010475,451,361,90
S01010476,745,563,182
S01010477,906,717,189
S01010478,1380,1097,283
S01010479,1023,791,232
S01010480,835,648,187
S01010481,836,673,163
S01010482,976,788,188
S01010483,1178,937,241
S01010484,1062,871,191
S01010485,982,808,174
S01010486,1252,1024,228
S01010487,1047,885,162
S01010488,1353,979,374
S01010489,1287,1012,275
S01010490,957,690,267
S01010491,972,711,261
S01010492,917,679,238
S01010493,855,624,231
S01010494,871,669,202
S01010495,1089,792,297
S01010496,1382,1075,307
S01010497,696,536,160
S01010498,1312,1058,254
S01010499,1151,902,249
S01010500,943,695,248
S01010501,784,600,184
S01010502,810,617,193
S01010503,980,764,216
S01010504,528,383,145
S01010505,607,439,168
S01010506,855,682,173
S01010507,980,813,167
S01010508,1048,736,312
S01010509,1207,918,289
S01010510,1493,1208,285
S01010511,1193,969,224
S01010512,920,716,204
S01010513,799,621,178
S01010514,943,745,198
S01010515,937,765,172
S01010516,613,451,162
S01010517,948,705,243
S01010518,892,677,215
S01010519,928,686,242
S01010520,980,840,140
S01010521,957,760,197
S01010522,655,490,165
S01010523,964,690,274
S01010524,606,454,152
S01010525,701,548,153
S01010526,858,623,235
S01010527,1285,954,331
S01010528,689,509,180
S01010529,830,643,187
S01010530,677,519,158
S01010531,982,746,236
S01010532,899,659,240
S01010533,878,624,254
S01010534,1030,774,256
S01010535,557,368,189
S01010536,1162,732,430
S01010537,1297,887,410
S01010538,368,220,148
S01010539,851,532,319
S01010540,615,408,207
S01010541,758,480,278
S01010542,853,612,241
S01010543,574,428,146
S01010544,1240,894,346
S01010545,611,435,176
S01010546,883,689,194
S01010547,678,481,197
S01010548,413,304,109
S01010549,315,214,101
S01010550,658,448,210
S01010551,722,478,244
S01010552,905,620,285
S01010553,560,372,188
S01010554,708,496,212
S01010555,934,641,293
S01010556,1101,770,331
S01010557,793,535,258
S01010558,560,443,117
S01010559,762,611,151
S01010560,652,504,148
S01010561,931,689,242
S01010562,1057,758,299
S01010563,842,556,286
S01010564,678,479,199
S01010565,974,669,305
S01010566,742,516,226
S01010567,1115,794,321
S01010568,1202,755,447
S01010569,989,731,258
S01010570,1482,1146,336
S01010571,923,600,323
S01010572,1005,659,346
S01010573,722,441,281
S01010574,570,408,162
S01010575,876,633,243
S01010576,872,611,261
S01010577,917,594,323
S01010578,623,393,230
S01010579,781,561,220
S01010580,589,374,215
S01010581,894,567,327
S01010582,403,309,94
S01010583,846,600,246
S01010584,269,186,83
S01010585,200,142,58
S01010586,681,519,162
S01010587,876,655,221
S01010588,572,426,146
S01010589,752,486,266
S01010590,362,251,111
S01010591,121,82,39
S01010592,400,271,129
S01010593,560,391,169
S01010594,208,144,64
S01010595,190,142,48
S01010596,884,632,252
S01010597,324,242,82
S01010598,439,329,110
S01010599,351,233,118
S01010600,873,676,197
S01010601,777,597,180
S01010602,554,397,157
S01010603,830,624,206
S01010604,898,653,245
S01010605,1022,724,298
S01010606,1008,722,286
S01010607,1020,717,303
S01010608,770,517,253
S01010609,618,431,187
S01010610,810,592,218
S01010611,1248,883,365
S01010612,765,548,217
S01010613,797,611,186
S01010614,709,497,212
S01010615,831,579,252
S01010616,1228,924,304
S01010617,1050,795,255
S01010618,1115,837,278
S01010619,704,445,259
S01010620,363,222,141
S01010621,1041,757,284
S01010622,674,454,220
S01010623,940,699,241
S01010624,824,611,213
S01010625,773,634,139
S01010626,980,767,213
S01010627,946,664,282
S01010628,1175,850,325
S01010629,1245,947,298
S01010630,747,541,206
S01010631,753,556,197
S01010632,898,668,230
S01010633,926,679,247
S01010634,665,478,187
S01010635,830,584,246
S01010636,934,694,240
S01010637,829,588,241
S01010638,917,717,200
S01010639,1105,771,334
S01010640,754,542,212
S01010641,1079,720,359
S01010642,1062,610,452
S01010643,730,448,282
S01010644,839,517,322
S01010645,764,542,222
S01010646,838,600,238
S01010647,712,529,183
S01010648,994,723,271
S01010649,785,521,264
S01010650,597,401,196
S01010651,768,516,252
S01010652,723,505,218
S01010653,763,527,236
S01010654,837,586,251
S01010655,841,583,258
S01010656,619,472,147
S01010657,768,521,247
S01010658,938,650,288
S01010659,657,468,189
S01010660,697,576,121
S01010661,741,610,131
S01010662,716,522,194
S01010663,1088,827,261
S01010664,591,415,176
S01010665,835,608,227
S01010666,1082,772,310
S01010667,662,459,203
S01010668,1139,871,268
S01010669,592,447,145
S01010670,952,693,259
S01010671,786,560,226
S01010672,1424,1059,365
S01010673,1076,788,288
S01010674,1084,800,284
S01010675,882,631,251
S01010676,1026,749,277
S01010677,491,356,135
S01010678,905,744,161
S01010679,1454,1137,317
S01010680,826,622,204
S01010681,937,754,183
S01010682,1094,859,235
S01010683,891,730,161
S01010684,1075,783,292
S01010685,740,540,200
S01010686,644,438,206
S01010687,1032,743,289
S01010688,826,576,250
S01010689,1037,771,266
S01010690,870,620,250
S01010691,820,538,282
S01010692,629,422,207
S01010693,430,267,163
S01010694,803,609,194
S01010695,693,505,188
S01010696,978,750,228
S01010697,978,717,261
S01010698,638,455,183
S01010699,526,342,184
S01010700,574,400,174
S01010701,1242,797,445
S01010702,1004,717,287
S01010703,844,652,192
S01010704,1105,904,201
S01010705,982,789,193
S01010706,545,442,103
S01010707,669,498,171
S01010708,1051,780,271
S01010709,909,684,225
S01010710,949,707,242
S01010711,634,500,134
S01010712,784,621,163
S01010713,1028,751,277
S01010714,812,636,176
S01010715,850,670,180
S01010716,807,623,184
S01010717,1051,856,195
S01010718,805,610,195
S01010719,829,584,245
S01010720,802,589,213
S01010721,773,536,237
S01010722,1057,806,251
S01010723,976,665,311
S01010724,759,546,213
S01010725,755,577,178
S01010726,1055,817,238
S01010727,629,494,135
S01010728,749,583,166
S01010729,817,597,220
S01010730,775,527,248
S01010731,886,624,262
S01010732,890,548,342
S01010733,926,675,251
S01010734,938,604,334
S01010735,884,551,333
S01010736,364,300,64
S01010737,775,604,171
S01010738,927,705,222
S01010739,746,524,222
S01010740,742,482,260
S01010741,690,524,166
S01010742,797,585,212
S01010743,944,621,323
S01010744,1201,862,339
S01010745,655,482,173
S01010746,898,637,261
S01010747,1015,736,279
S01010748,511,386,125
S01010749,675,508,167
S01010750,589,469,120
S01010751,1067,803,264
S01010752,1070,757,313
S01010753,1135,788,347
S01010754,941,691,250
S01010755,868,652,216
S01010756,878,649,229
S01010757,832,617,215
S01010758,546,421,125
S01010759,665,505,160
S01010760,751,594,157
S01010761,524,380,144
S01010762,594,452,142
S01010763,951,728,223
S01010764,543,430,113
S01010765,1145,890,255
S01010766,762,586,176
S01010767,575,430,145
S01010768,708,567,141
S01010769,459,360,99
S01010770,890,667,223
S01010771,1003,749,254
S01010772,775,575,200
S01010773,632,507,125
S01010774,1220,958,262
S01010775,558,432,126
S01010776,824,636,188
S01010777,610,435,175
S01010778,804,519,285
S01010779,840,599,241
S01010780,675,512,163
S01010781,918,725,193
S01010782,654,482,172
S01010783,942,728,214
S01010784,1293,879,414
S01010785,869,673,196
S01010786,546,423,123
S01010787,800,680,120
S01010788,593,459,134
S01010789,823,611,212
S01010790,780,577,203
S01010791,909,621,288
S01010792,1121,793,328
S01010793,512,366,146
S01010794,358,235,123
S01010795,1202,920,282
S01010796,1225,918,307
S01010797,518,404,114
S01010798,652,494,158
S01010799,988,683,305
S01010800,895,607,288
S01010801,854,602,252
S01010802,661,440,221
S01010803,584,401,183
S01010804,839,571,268
S01010805,1245,883,362
S01010806,938,578,360
S01010807,549,402,147
S01010808,576,364,212
S01010809,767,552,215
S01010810,525,428,97
S01010811,928,672,256
S01010812,506,361,145
S01010813,876,558,318
S01010814,753,518,235
S01010815,683,501,182
S01010816,771,614,157
S01010817,1260,941,319
S01010818,1306,1047,259
S01010819,930,767,163
S01010820,1202,988,214
S01010821,865,694,171
S01010822,543,442,101
S01010823,560,501,59
S01010824,629,493,136
S01010825,964,818,146
S01010826,729,579,150
S01010827,697,567,130
S01010828,1218,985,233
S01010829,788,639,149
S01010830,603,503,100
S01010831,344,279,65
S01010832,805,726,79
S01010833,874,734,140
S01010834,1300,1065,235
S01010835,790,651,139
S01010836,976,791,185
S01010837,960,829,131
S01010838,1153,984,169
S01010839,924,760,164
S01010840,671,534,137
S01010841,1127,939,188
S01010842,988,827,161
S01010843,752,666,86
S01010844,863,744,119
S01010845,630,549,81
S01010846,976,832,144
S01010847,872,765,107
S01010848,1093,968,125
S01010849,1016,897,119
S01010850,1021,860,161
S01010851,1093,922,171
S01010852,921,829,92
S01010853,1075,977,98
S01010854,657,557,100
S01010855,564,504,60
S01010856,858,756,102
S01010857,959,854,105
S01010858,1158,1044,114
S01010859,984,873,111
S01010860,909,811,98
S01010861,902,826,76
S01010862,759,649,110
S01010863,882,773,109
S01010864,686,597,89
S01010865,720,642,78
S01010866,932,824,108
S01010867,829,740,89
S01010868,874,762,112
S01010869,1187,1041,146
S01010870,817,714,103
S01010871,801,684,117
S01010872,818,693,125
S01010873,786,696,90
S01010874,952,777,175
S01010875,635,551,84
S01010876,697,601,96
S01010877,1253,1030,223
S01010878,1234,1091,143
S01010879,1085,931,154
S01010880,675,584,91
S01010881,865,761,104
S01010882,953,857,96
S01010883,1157,1029,128
S01010884,1227,1126,101
S01010885,1490,1267,223
S01010886,850,730,120
S01010887,641,578,63
S01010888,1007,907,100
S01010889,851,721,130
S01010890,853,787,66
S01010891,546,452,94
S01010892,748,659,89
S01010893,754,657,97
S01010894,488,415,73
S01010895,561,487,74
S01010896,1064,945,119
S01010897,704,621,83
S01010898,1239,1095,144
S01010899,738,632,106
S01010900,999,859,140
S01010901,529,450,79
S01010902,932,838,94
S01010903,708,650,58
S01010904,585,512,73
S01010905,481,426,55
S01010906,830,745,85
S01010907,87,81,6
S01010908,676,612,64
S01010909,987,885,102
S01010910,826,752,74
S01010911,871,801,70
S01010912,838,726,112
S01010913,661,599,62
S01010914,1070,955,115
S01010915,1060,953,107
S01010916,845,725,120
S01010917,837,720,117
S01010918,1303,1204,99
S01010919,958,867,91
S01010920,800,689,111
S01010921,824,754,70
S01010922,1024,927,97
S01010923,1206,1107,99
S01010924,755,702,53
S01010925,853,777,76
S01010926,1000,890,110
S01010927,990,888,102
S01010928,856,760,96
S01010929,1076,952,124
S01010930,626,379,247
S01010931,461,312,149
S01010932,1037,666,371
S01010933,345,217,128
S01010934,1053,670,383
S01010935,778,532,246
S01010936,642,429,213
S01010937,842,555,287
S01010938,953,645,308
S01010939,792,517,275
S01010940,741,489,252
S01010941,1390,912,478
S01010942,712,488,224
S01010943,876,579,297
S01010944,896,615,281
S01010945,600,381,219
S01010946,1145,733,412
S01010947,870,545,325
S01010948,710,444,266
S01010949,1168,821,347
S01010950,888,576,312
S01010951,811,470,341
S01010952,841,538,303
S01010953,727,459,268
S01010954,891,605,286
S01010955,757,551,206
S01010956,831,541,290
S01010957,654,459,195
S01010958,670,468,202
S01010959,687,450,237
S01010960,1360,853,507
S01010961,1220,786,434
S01010962,685,457,228
S01010963,1017,715,302
S01010964,561,414,147
S01010965,1106,784,322
S01010966,922,636,286
S01010967,930,653,277
S01010968,920,675,245
S01010969,844,644,200
S01010970,1483,1044,439
S01010971,1809,1273,536
S01010972,692,452,240
S01010973,661,454,207
S01010974,1142,829,313
S01010975,671,460,211
S01010976,798,551,247
S01010977,760,563,197
S01010978,944,658,286
S01010979,881,643,238
S01010980,863,585,278
S01010981,794,542,252
S01010982,1546,1093,453
S01010983,1221,858,363
S01010984,1145,827,318
S01010985,845,617,228
S01010986,460,304,156
S01010987,425,279,146
S01010988,614,392,222
S01010989,342,251,91
S01010990,739,537,202
S01010991,751,560,191
S01010992,508,331,177
S01010993,732,481,251
S01010994,1307,931,376
S01010995,944,692,252
S01010996,845,578,267
S01010997,1058,796,262
S01010998,1038,742,296
S01010999,786,580,206
S01011000,1217,815,402
S01011001,703,480,223
S01011002,766,515,251
S01011003,851,595,256
S01011004,866,553,313
S01011005,815,533,282
S01011006,603,395,208
S01011007,975,632,343
S01011008,1003,694,309
S01011009,747,461,286
S01011010,952,650,302
S01011011,836,573,263
S01011012,1274,829,445
S01011013,939,685,254
S01011014,983,715,268
S01011015,616,400,216
S01011016,370,216,154
S01011017,809,541,268
S01011018,1515,968,547
S01011019,937,589,348
S01011020,375,239,136
S01011021,866,563,303
S01011022,793,449,344
S01011023,863,560,303
S01011024,1312,809,503
S01011025,828,453,375
S01011026,631,373,258
S01011027,1180,709,471
S01011028,872,545,327
S01011029,809,517,292
S01011030,1000,648,352
S01011031,734,451,283
S01011032,986,641,345
S01011033,685,416,269
S01011034,777,505,272
S01011035,719,390,329
S01011036,926,602,324
S01011037,902,551,351
S01011038,1060,668,392
S01011039,859,597,262
S01011040,1047,600,447
S01011041,735,405,330
S01011042,722,463,259
S01011043,1045,662,383
S01011044,841,521,320
S01011045,725,510,215
S01011046,623,407,216
S01011047,1071,822,249
S01011048,1122,863,259
S01011049,819,629,190
S01011050,823,620,203
S01011051,859,641,218
S01011052,1098,798,300
S01011053,678,473,205
S01011054,620,471,149
S01011055,562,402,160
S01011056,580,405,175
S01011057,678,437,241
S01011058,552,376,176
S01011059,693,513,180
S01011060,1227,961,266
S01011061,1061,682,379
S01011062,1366,978,388
S01011063,1049,767,282
S01011064,1286,954,332
S01011065,838,606,232
S01011066,633,455,178
S01011067,994,743,251
S01011068,762,522,240
S01011069,668,433,235
S01011070,829,572,257
S01011071,911,662,249
S01011072,829,578,251
S01011073,700,469,231
S01011074,667,440,227
S01011075,935,639,296
S01011076,1092,757,335
S01011077,1073,695,378
S01011078,1016,765,251
S01011079,1235,835,400
S01011080,1135,759,376
S01011081,918,535,383
S01011082,810,576,234
S01011083,1074,750,324
S01011084,771,484,287
S01011085,872,551,321
S01011086,646,457,189
S01011087,901,626,275
S01011088,1173,799,374
S01011089,862,630,232
S01011090,709,512,197
S01011091,648,443,205
S01011092,383,254,129
S01011093,887,596,291
S01011094,517,385,132
S01011095,905,632,273
S01011096,1006,763,243
S01011097,737,471,266
S01011098,938,576,362
S01011099,929,517,412
S01011100,569,391,178
S01011101,846,541,305
S01011102,820,514,306
S01011103,765,570,195
S01011104,716,510,206
S01011105,763,557,206
S01011106,774,498,276
S01011107,316,180,136
S01011108,772,505,267
S01011109,827,570,257
S01011110,1021,580,441
S01011111,1218,739,479
S01011112,162,124,38
S01011113,1090,769,321
S01011114,1144,815,329
S01011115,960,574,386
S01011116,932,670,262
S01011117,913,613,300
S01011118,901,620,281
S01011119,817,598,219
S01011120,1114,780,334
S01011121,660,447,213
S01011122,809,514,295
S01011123,1206,760,446
S01011124,367,274,93
S01011125,467,268,199
S01011126,769,530,239
S01011127,535,374,161
S01011128,1124,758,366
S01011129,879,632,247
S01011130,752,505,247
S01011131,682,501,181
S01011132,793,603,190
S01011133,618,446,172
S01011134,831,601,230
S01011135,989,676,313
S01011136,553,418,135
S01011137,622,404,218
S01011138,547,389,158
S01011139,801,578,223
S01011140,577,336,241
S01011141,1508,1067,441
S01011142,1690,1275,415
S01011143,1209,939,270
S01011144,855,641,214
S01011145,828,596,232
S01011146,629,450,179
S01011147,1196,869,327
S01011148,751,519,232
S01011149,796,607,189
S01011150,1359,996,363
S01011151,910,673,237
S01011152,885,578,307
S01011153,862,587,275
S01011154,625,441,184
S01011155,729,498,231
S01011156,929,677,252
S01011157,712,511,201
S01011158,633,454,179
S01011159,616,458,158
S01011160,921,657,264
S01011161,655,424,231
S01011162,802,480,322
S01011163,1048,748,300
S01011164,708,499,209
S01011165,884,617,267
S01011166,681,524,157
S01011167,1031,744,287
S01011168,865,597,268
S01011169,242,166,76
S01011170,796,545,251
S01011171,1073,750,323
S01011172,800,496,304
S01011173,872,572,300
S01011174,1032,720,312
S01011175,834,586,248
S01011176,738,536,202
S01011177,1141,798,343
S01011178,786,584,202
S01011179,689,480,209
S01011180,881,654,227
S01011181,695,521,174
S01011182,515,406,109
S01011183,795,630,165
S01011184,775,575,200
S01011185,825,658,167
S01011186,1176,947,229
S01011187,924,767,157
S01011188,1159,837,322
S01011189,880,646,234
S01011190,987,750,237
S01011191,824,640,184
S01011192,971,702,269
S01011193,1037,709,328
S01011194,761,520,241
S01011195,1049,740,309
S01011196,1119,811,308
S01011197,931,676,255
S01011198,830,601,229
S01011199,816,602,214
S01011200,971,711,260
S01011201,609,489,120
S01011202,1006,760,246
S01011203,1331,1012,319
S01011204,593,440,153
S01011205,205,143,62
S01011206,669,490,179
S01011207,1117,843,274
S01011208,958,706,252
S01011209,724,525,199
S01011210,677,482,195
S01011211,1019,767,252
S01011212,741,539,202
S01011213,1082,786,296
S01011214,1127,820,307
S01011215,852,599,253
S01011216,1041,777,264
S01011217,1261,939,322
S01011218,971,744,227
S01011219,1045,759,286
S01011220,1015,778,237
S01011221,1106,836,270
S01011222,681,550,131
S01011223,972,767,205
S01011224,687,531,156
S01011225,1065,810,255
S01011226,981,803,178
S01011227,847,628,219
S01011228,1200,916,284
S01011229,823,620,203
S01011230,1382,1063,319
S01011231,1027,753,274
S01011232,787,587,200
S01011233,773,587,186
S01011234,1180,892,288
S01011235,519,405,114
S01011236,628,507,121
S01011237,1008,775,233
S01011238,736,566,170
S01011239,1004,806,198
S01011240,1068,850,218
S01011241,958,767,191
S01011242,1064,847,217
S01011243,833,633,200
S01011244,714,522,192
S01011245,928,665,263
S01011246,677,526,151
S01011247,918,736,182
S01011248,978,808,170
S01011249,867,702,165
S01011250,1092,811,281
S01011251,871,705,166
S01011252,846,650,196
S01011253,1015,772,243
S01011254,1305,1008,297
S01011255,176,138,38
S01011256,172,138,34
S01011257,553,496,57
S01011258,767,613,154
S01011259,851,710,141
S01011260,756,650,106
S01011261,975,772,203
S01011262,701,563,138
S01011263,769,635,134
S01011264,686,539,147
S01011265,1082,851,231
S01011266,968,833,135
S01011267,697,588,109
S01011268,552,463,89
S01011269,570,482,88
S01011270,808,623,185
S01011271,968,791,177
S01011272,737,575,162
S01011273,1279,1007,272
S01011274,1038,789,249
S01011275,916,706,210
S01011276,1068,855,213
S01011277,753,540,213
S01011278,720,563,157
S01011279,757,610,147
S01011280,747,565,182
S01011281,790,592,198
S01011282,796,600,196
S01011283,543,403,140
S01011284,451,333,118
S01011285,1194,825,369
S01011286,754,537,217
S01011287,977,727,250
S01011288,1107,837,270
S01011289,895,679,216
S01011290,1369,1034,335
S01011291,1052,820,232
S01011292,715,496,219
S01011293,940,730,210
S01011294,979,788,191
S01011295,973,803,170
S01011296,732,581,151
S01011297,1024,782,242
S01011298,1271,961,310
S01011299,501,388,113
S01011300,1045,808,237
S01011301,650,514,136
S01011302,1012,802,210
S01011303,1203,968,235
S01011304,1078,874,204
S01011305,569,434,135
S01011306,635,493,142
S01011307,987,768,219
S01011308,589,429,160
S01011309,884,619,265
S01011310,763,566,197
S01011311,1105,864,241
S01011312,1187,871,316
S01011313,1047,758,289
S01011314,904,663,241
S01011315,397,294,103
S01011316,835,631,204
S01011317,978,776,202
S01011318,868,710,158
S01011319,1202,992,210
S01011320,750,633,117
S01011321,676,548,128
S01011322,691,509,182
S01011323,1108,847,261
S01011324,568,438,130
S01011325,943,757,186
S01011326,1070,838,232
S01011327,837,670,167
S01011328,854,693,161
S01011329,982,813,169
S01011330,787,629,158
S01011331,699,610,89
S01011332,1059,856,203
S01011333,692,554,138
S01011334,1089,859,230
S01011335,970,761,209
S01011336,674,522,152
S01011337,726,562,164
S01011338,695,513,182
S01011339,755,578,177
S01011340,1102,824,278
S01011341,732,516,216
S01011342,791,580,211
S01011343,867,709,158
S01011344,889,678,211
S01011345,1073,817,256
S01011346,867,682,185
S01011347,1072,791,281
S01011348,1300,949,351
S01011349,1058,804,254
S01011350,882,673,209
S01011351,822,620,202
S01011352,699,547,152
S01011353,690,487,203
S01011354,913,672,241
S01011355,1171,908,263
S01011356,938,733,205
S01011357,1415,1130,285
S01011358,602,483,119
S01011359,791,662,129
S01011360,649,482,167
S01011361,485,348,137
S01011362,314,252,62
S01011363,1236,1046,190
S01011364,519,422,97
S01011365,620,523,97
S01011366,526,466,60
S01011367,768,654,114
S01011368,87,79,8
S01011369,699,601,98
S01011370,319,282,37
S01011371,1519,1237,282
S01011372,1054,857,197
S01011373,862,713,149
S01011374,551,434,117
S01011375,637,523,114
S01011376,601,500,101
S01011377,567,486,81
S01011378,1000,875,125
S01011379,939,802,137
S01011380,784,646,138
S01011381,726,587,139
S01011382,257,227,30
S01011383,979,869,110
S01011384,811,698,113
S01011385,1044,879,165
S01011386,1067,893,174
S01011387,879,743,136
S01011388,621,527,94
S01011389,743,608,135
S01011390,1096,926,170
S01011391,702,569,133
S01011392,1070,899,171
S01011393,876,724,152
S01011394,690,594,96
S01011395,820,708,112
S01011396,1044,892,152
S01011397,829,716,113
S01011398,828,697,131
S01011399,518,447,71
S01011400,780,617,163
S01011401,1062,859,203
S01011402,1021,907,114
S01011403,1014,871,143
S01011404,1201,1025,176
S01011405,766,655,111
S01011406,736,633,103
S01011407,1324,1105,219
S01011408,994,840,154
S01011409,701,527,174
S01011410,849,710,139
S01011411,1047,864,183
S01011412,1084,942,142
S01011413,618,519,99
S01011414,1066,886,180
S01011415,933,763,170
S01011416,953,791,162
S01011417,753,674,79
S01011418,834,706,128
S01011419,737,620,117
S01011420,567,422,145
S01011421,407,304,103
S01011422,451,384,67
S01011423,590,482,108
S01011424,581,468,113
S01011425,812,693,119
S01011426,953,757,196
S01011427,1056,875,181
S01011428,858,743,115
S01011429,1200,1015,185
S01011430,1010,836,174
S01011431,1271,1067,204
S01011432,1988,1704,284
S01011433,1065,865,200
S01011434,1025,866,159
S01011435,1294,1048,246
S01011436,1218,965,253
S01011437,892,737,155
S01011438,958,775,183
S01011439,1239,1008,231
S01011440,1035,844,191
S01011441,797,664,133
S01011442,705,568,137
S01011443,855,705,150
S01011444,1081,925,156
S01011445,690,618,72
S01011446,977,826,151
S01011447,1128,1008,120
S01011448,1248,1091,157
S01011449,667,599,68
S01011450,496,444,52
S01011451,860,709,151
S01011452,949,811,138
S01011453,836,716,120
S01011454,1177,969,208
S01011455,1110,1003,107
S01011456,1155,1047,108
S01011457,957,827,130
S01011458,767,683,84
S01011459,608,528,80
S01011460,1105,932,173
S01011461,902,739,163
S01011462,1015,898,117
S01011463,614,524,90
S01011464,284,240,44
S01011465,786,677,109
S01011466,1328,1150,178
S01011467,354,322,32
S01011468,133,111,22
S01011469,912,739,173
S01011470,1011,843,168
S01011471,993,886,107
S01011472,1426,1198,228
S01011473,997,843,154
S01011474,1087,919,168
S01011475,724,610,114
S01011476,779,652,127
S01011477,941,784,157
S01011478,1118,970,148
S01011479,862,707,155
S01011480,1024,867,157
S01011481,653,581,72
S01011482,1151,1006,145
S01011483,884,760,124
S01011484,1202,1044,158
S01011485,1025,878,147
S01011486,589,490,99
S01011487,1020,859,161
S01011488,752,630,122
S01011489,619,530,89
S01011490,1110,874,236
S01011491,513,414,99
S01011492,982,748,234
S01011493,1043,860,183
S01011494,664,575,89
S01011495,1169,1009,160
S01011496,658,494,164
S01011497,902,737,165
S01011498,673,564,109
S01011499,992,829,163
S01011500,1081,905,176
S01011501,753,627,126
S01011502,788,648,140
S01011503,1100,898,202
S01011504,655,571,84
S01011505,704,594,110
S01011506,589,512,77
S01011507,820,700,120
S01011508,911,735,176
S01011509,656,541,115
S01011510,975,812,163
S01011511,775,634,141
S01011512,1263,1025,238
S01011513,925,776,149
S01011514,1137,930,207
S01011515,841,660,181
S01011516,989,813,176
S01011517,626,528,98
S01011518,713,619,94
S01011519,775,650,125
S01011520,1041,855,186
S01011521,1321,1093,228
S01011522,890,706,184
S01011523,1276,1032,244
S01011524,883,738,145
S01011525,926,804,122
S01011526,998,806,192
S01011527,985,867,118
S01011528,1034,837,197
S01011529,1127,930,197
S01011530,1227,1069,158
S01011531,1125,979,146
S01011532,475,395,80
S01011533,742,640,102
S01011534,778,682,96
S01011535,866,733,133
S01011536,719,589,130
S01011537,897,723,174
S01011538,814,700,114
S01011539,922,841,81
S01011540,1072,893,179
S01011541,951,770,181
S01011542,1158,990,168
S01011543,923,781,142
S01011544,809,701,108
S01011545,929,807,122
S01011546,811,690,121
S01011547,465,358,107
S01011548,815,708,107
S01011549,1004,868,136
S01011550,1095,912,183
S01011551,948,843,105
S01011552,1042,819,223
S01011553,244,207,37
S01011554,1102,978,124
S01011555,874,778,96
S01011556,711,629,82
S01011557,965,873,92
S01011558,860,781,79
S01011559,749,691,58
S01011560,1032,944,88
S01011561,795,745,50
S01011562,854,770,84
S01011563,925,845,80
S01011564,726,669,57
S01011565,885,786,99
S01011566,810,702,108
S01011567,839,771,68
S01011568,825,760,65
S01011569,798,748,50
S01011570,1033,970,63
S01011571,940,850,90
S01011572,905,815,90
S01011573,667,597,70
S01011574,717,667,50
S01011575,468,424,44
S01011576,899,820,79
S01011577,676,594,82
S01011578,1280,1130,150
S01011579,987,863,124
S01011580,1050,943,107
S01011581,961,888,73
S01011582,1390,1256,134
S01011583,1011,894,117
S01011584,832,739,93
S01011585,1252,1118,134
S01011586,757,650,107
S01011587,860,720,140
S01011588,976,871,105
S01011589,1067,952,115
S01011590,1182,1035,147
S01011591,982,862,120
S01011592,886,752,134
S01011593,638,575,63
S01011594,718,616,102
S01011595,962,838,124
S01011596,1361,1177,184
S01011597,838,746,92
S01011598,978,846,132
S01011599,941,863,78
S01011600,767,684,83
S01011601,859,737,122
S01011602,723,658,65
S01011603,1084,1032,52
S01011604,705,640,65
S01011605,894,835,59
S01011606,412,354,58
S01011607,859,727,132
S01011608,855,736,119
S01011609,1016,908,108
S01011610,1043,892,151
S01011611,733,626,107
S01011612,301,253,48
S01011613,1021,878,143
S01011614,470,438,32
S01011615,882,807,75
S01011616,581,536,45
S01011617,1131,1001,130
S01011618,874,764,110
S01011619,785,693,92
S01011620,682,545,137
S01011621,898,739,159
S01011622,171,165,6
S01011623,955,848,107
S01011624,833,703,130
S01011625,568,492,76
S01011626,1168,1000,168
S01011627,619,502,117
S01011628,1426,1216,210
S01011629,809,692,117
S01011630,704,614,90
S01011631,948,833,115
S01011632,1065,917,148
S01011633,1165,995,170
S01011634,869,738,131
S01011635,667,609,58
S01011636,887,723,164
S01011637,787,666,121
S01011638,770,644,126
S01011639,639,552,87
S01011640,1063,872,191
S01011641,1028,905,123
S01011642,897,763,134
S01011643,542,459,83
S01011644,851,748,103
S01011645,626,544,82
S01011646,973,866,107
S01011647,1108,942,166
S01011648,462,388,74
S01011649,419,353,66
S01011650,1169,1021,148
S01011651,824,727,97
S01011652,912,794,118
S01011653,1221,1076,145
S01011654,1091,916,175
S01011655,885,777,108
S01011656,800,705,95
S01011657,634,561,73
S01011658,1048,918,130
S01011659,997,854,143
S01011660,1222,1027,195
S01011661,1142,981,161
S01011662,481,395,86
S01011663,901,773,128
S01011664,1090,941,149
S01011665,1190,1034,156
S01011666,1044,899,145
S01011667,1051,905,146
S01011668,1619,1394,225
S01011669,948,782,166
S01011670,875,763,112
S01011671,779,678,101
S01011672,846,737,109
S01011673,790,654,136
S01011674,831,744,87
S01011675,1079,983,96
S01011676,863,791,72
S01011677,164,150,14
S01011678,533,480,53
S01011679,639,571,68
S01011680,1228,1030,198
S01011681,758,670,88
S01011682,840,723,117
S01011683,878,698,180
S01011684,728,613,115
S01011685,273,222,51
S01011686,953,805,148
S01011687,1034,890,144
S01011688,1077,941,136
S01011689,514,392,122
S01011690,827,714,113
S01011691,324,295,29
S01011692,1293,1187,106
S01011693,952,779,173
S01011694,110,91,19
S01011695,973,795,178
S01011696,163,135,28
S01011697,490,394,96
S01011698,765,638,127
S01011699,929,742,187
S01011700,914,743,171
S01011701,853,701,152
S01011702,853,670,183
S01011703,786,653,133
S01011704,840,683,157
S01011705,962,764,198
S01011706,950,796,154
S01011707,688,555,133
S01011708,1076,847,229
S01011709,1146,954,192
S01011710,679,561,118
S01011711,1219,1000,219
S01011712,576,470,106
S01011713,1296,1050,246
S01011714,479,391,88
S01011715,1141,945,196
S01011716,1045,821,224
S01011717,898,713,185
S01011718,230,186,44
S01011719,772,582,190
S01011720,696,559,137
S01011721,773,595,178
S01011722,1462,1174,288
S01011723,950,755,195
S01011724,706,497,209
S01011725,640,475,165
S01011726,577,421,156
S01011727,237,176,61
S01011728,1018,771,247
S01011729,1245,1034,211
S01011730,986,767,219
S01011731,1217,943,274
S01011732,1027,781,246
S01011733,936,749,187
S01011734,929,683,246
S01011735,800,624,176
S01011736,1186,880,306
S01011737,1044,825,219
S01011738,863,647,216
S01011739,620,440,180
S01011740,718,526,192
S01011741,1032,747,285
S01011742,894,667,227
S01011743,746,530,216
S01011744,756,608,148
S01011745,1090,865,225
S01011746,912,671,241
S01011747,1050,766,284
S01011748,1016,685,331
S01011749,880,599,281
S01011750,864,655,209
S01011751,1170,782,388
S01011752,1107,809,298
S01011753,880,635,245
S01011754,983,725,258
S01011755,1038,705,333
S01011756,1218,860,358
S01011757,967,711,256
S01011758,710,542,168
S01011759,933,681,252
S01011760,966,710,256
S01011761,642,446,196
S01011762,967,666,301
S01011763,868,655,213
S01011764,428,326,102
S01011765,1334,945,389
S01011766,757,569,188
S01011767,1303,978,325
S01011768,936,684,252
S01011769,894,684,210
S01011770,960,734,226
S01011771,701,484,217
S01011772,1139,816,323
S01011773,566,414,152
S01011774,837,588,249
S01011775,792,594,198
S01011776,426,318,108
S01011777,586,424,162
S01011778,663,481,182
S01011779,734,561,173
S01011780,730,566,164
S01011781,960,742,218
S01011782,859,623,236
S01011783,595,455,140
S01011784,922,678,244
S01011785,1155,889,266
S01011786,219,159,60
S01011787,1110,1035,75
S01011788,427,314,113
S01011789,1194,875,319
S01011790,1281,983,298
S01011791,783,612,171
S01011792,907,783,124
S01011793,694,554,140
S01011794,871,749,122
S01011795,784,633,151
S01011796,871,737,134
S01011797,952,787,165
S01011798,605,505,100
S01011799,1095,913,182
S01011800,719,617,102
S01011801,731,604,127
S01011802,771,673,98
S01011803,681,514,167
S01011804,943,624,319
S01011805,907,617,290
S01011806,1151,779,372
S01011807,989,640,349
S01011808,905,621,284
S01011809,566,432,134
S01011810,1049,753,296
S01011811,864,633,231
S01011812,990,622,368
S01011813,862,628,234
S01011814,604,451,153
S01011815,509,350,159
S01011816,648,421,227
S01011817,645,444,201
S01011818,1298,976,322
S01011819,1272,912,360
S01011820,772,571,201
S01011821,475,274,201
S01011822,800,559,241
S01011823,670,440,230
S01011824,1042,636,406
S01011825,582,396,186
S01011826,707,432,275
S01011827,577,415,162
S01011828,854,626,228
S01011829,473,325,148
S01011830,836,565,271
S01011831,1027,690,337
S01011832,749,594,155
S01011833,869,596,273
S01011834,622,443,179
S01011835,574,400,174
S01011836,1090,742,348
S01011837,844,613,231
S01011838,1189,878,311
S01011839,1172,840,332
S01011840,1235,852,383
S01011841,1374,958,416
S01011842,1392,979,413
S01011843,1223,866,357
S01011844,968,679,289
S01011845,789,537,252
S01011846,898,609,289
S01011847,451,324,127
S01011848,771,543,228
S01011849,718,481,237
S01011850,998,764,234
S01011851,822,602,220
S01011852,931,717,214
S01011853,847,592,255
S01011854,1083,819,264
S01011855,1205,912,293
S01011856,740,573,167
S01011857,1075,790,285
S01011858,863,654,209
S01011859,1075,811,264
S01011860,702,505,197
S01011861,761,543,218
S01011862,1045,782,263
S01011863,1107,781,326
S01011864,791,572,219
S01011865,741,576,165
S01011866,1119,849,270
S01011867,967,736,231
S01011868,879,641,238
S01011869,785,583,202
S01011870,690,491,199
S01011871,938,719,219
S01011872,817,587,230
S01011873,702,531,171
S01011874,853,591,262
S01011875,1114,789,325
S01011876,989,712,277
S01011877,778,592,186
S01011878,1584,1121,463
S01011879,767,524,243
S01011880,953,669,284
S01011881,770,559,211
S01011882,954,759,195
S01011883,1907,1407,500
S01011884,371,273,98
S01011885,453,325,128
S01011886,926,685,241
S01011887,772,510,262
S01011888,1262,855,407
S01011889,1044,772,272
S01011890,877,625,252
S01011891,1020,722,298
S01011892,1125,767,358
S01011893,996,673,323
S01011894,726,517,209
S01011895,1146,859,287
S01011896,961,701,260
S01011897,1101,788,313
S01011898,762,579,183
S01011899,1065,806,259
S01011900,711,519,192
S01011901,814,623,191
S01011902,1186,921,265
S01011903,990,744,246
S01011904,1052,780,272
S01011905,808,609,199
S01011906,355,269,86
S01011907,871,580,291
S01011908,583,403,180
S01011909,524,313,211
S01011910,1194,813,381
S01011911,772,550,222
S01011912,847,525,322
S01011913,898,542,356
S01011914,1010,576,434
S01011915,882,576,306
S01011916,955,647,308
S01011917,664,446,218
S01011918,923,520,403
S01011919,946,558,388
S01011920,664,407,257
S01011921,614,389,225
S01011922,884,532,352
S01011923,860,528,332
S01011924,937,599,338
S01011925,238,151,87
S01011926,845,573,272
S01011927,621,414,207
S01011928,884,620,264
S01011929,730,456,274
S01011930,771,502,269
S01011931,871,460,411
S01011932,477,263,214
S01011933,1016,686,330
S01011934,793,597,196
S01011935,940,651,289
S01011936,740,535,205
S01011937,333,243,90
S01011938,452,312,140
S01011939,825,525,300
S01011940,817,471,346
S01011941,864,540,324
S01011942,691,442,249
S01011943,1184,787,397
S01011944,479,329,150
S01011945,1424,1057,367
S01011946,853,634,219
S01011947,676,504,172
S01011948,961,704,257
S01011949,1038,812,226
S01011950,1005,809,196
S01011951,806,615,191
S01011952,414,313,101
S01011953,963,710,253
S01011954,623,466,157
S01011955,1051,746,305
S01011956,719,584,135
S01011957,805,581,224
S01011958,1463,1085,378
S01011959,973,714,259
S01011960,716,526,190
S01011961,1064,799,265
S01011962,595,448,147
S01011963,607,461,146
S01011964,1011,693,318
S01011965,1019,772,247
S01011966,753,589,164
S01011967,999,713,286
S01011968,1235,957,278
S01011969,1703,1204,499
S01011970,1615,1171,444
S01011971,604,459,145
S01011972,1646,1284,362
S01011973,559,441,118
S01011974,721,578,143
S01011975,445,357,88
S01011976,902,672,230
S01011977,1245,918,327
S01011978,1224,928,296
S01011979,891,698,193
S01011980,492,361,131
S01011981,1122,847,275
S01011982,1436,1052,384
S01011983,1270,1003,267
S01011984,633,440,193
S01011985,699,515,184
S01011986,1010,707,303
S01011987,1096,748,348
S01011988,718,579,139
S01011989,773,595,178
S01011990,746,600,146
S01011991,969,731,238
S01011992,925,677,248
S01011993,953,688,265
S01011994,815,600,215
S01011995,718,552,166
S01011996,783,600,183
S01011997,1239,903,336
S01011998,640,503,137
S01011999,647,460,187
S01012000,580,441,139
S01012001,810,640,170
S01012002,789,605,184
S01012003,868,640,228
S01012004,1198,921,277
S01012005,761,569,192
S01012006,1154,915,239
S01012007,912,651,261
S01012008,1284,944,340
S01012009,657,449,208
S01012010,1367,1029,338
S01012011,1359,960,399
S01012012,703,520,183
S01012013,791,580,211
S01012014,1713,1235,478
S01012015,1190,850,340
S01012016,718,523,195
S01012017,713,519,194
S01012018,880,632,248
S01012019,686,497,189
S01012020,1047,724,323
S01012021,897,636,261
S01012022,1142,797,345
S01012023,641,477,164
S01012024,1065,787,278
S01012025,746,547,199
S01012026,468,365,103
S01012027,1371,1019,352
S01012028,1044,756,288
S01012029,1114,862,252
S01012030,1551,1267,284
S01012031,881,732,149
S01012032,406,327,79
S01012033,958,762,196
S01012034,961,705,256
S01012035,1195,903,292
S01012036,1245,938,307
S01012037,1300,1011,289
S01012038,1139,867,272
S01012039,1016,834,182
S01012040,705,541,164
S01012041,1261,1000,261
S01012042,1011,815,196
S01012043,880,675,205
S01012044,1041,868,173
S01012045,1289,1050,239
S01012046,953,746,207
S01012047,1041,849,192
S01012048,698,553,145
S01012049,760,592,168
S01012050,968,768,200
S01012051,555,454,101
S01012052,878,711,167
S01012053,1042,787,255
S01012054,1247,908,339
S01012055,909,732,177
S01012056,974,774,200
S01012057,836,657,179
S01012058,757,609,148
S01012059,999,765,234
S01012060,886,721,165
S01012061,1076,815,261
S01012062,950,715,235
S01012063,704,479,225
S01012064,718,540,178
S01012065,818,590,228
S01012066,935,659,276
S01012067,690,527,163
S01012068,779,589,190
S01012069,604,442,162
S01012070,874,657,217
S01012071,817,614,203
S01012072,997,738,259
S01012073,640,440,200
S01012074,673,465,208
S01012075,1060,765,295
S01012076,981,744,237
S01012077,869,608,261
S01012078,835,592,243
S01012079,1020,737,283
S01012080,1056,712,344
S01012081,722,526,196
S01012082,986,723,263
S01012083,1200,818,382
S01012084,729,560,169
S01012085,872,658,214
S01012086,973,661,312
S01012087,859,664,195
S01012088,593,452,141
S01012089,910,665,245
S01012090,1191,939,252
S01012091,868,664,204
S01012092,687,529,158
S01012093,588,453,135
S01012094,976,751,225
S01012095,1210,871,339
S01012096,913,681,232
S01012097,719,528,191
S01012098,950,700,250
S01012099,1156,886,270
S01012100,1485,1088,397
S01012101,974,760,214
S01012102,1003,683,320
S01012103,1134,817,317
S01012104,907,693,214
S01012105,1077,781,296
S01012106,1017,761,256
S01012107,789,660,129
S01012108,1173,978,195
S01012109,1101,729,372
S01012110,924,664,260
S01012111,1305,1011,294
S01012112,1073,879,194
S01012113,1080,856,224
S01012114,1336,1055,281
S01012115,742,601,141
S01012116,668,537,131
S01012117,650,511,139
S01012118,986,775,211
S01012119,1007,825,182
S01012120,696,496,200
S01012121,857,630,227
S01012122,1026,779,247
S01012123,799,587,212
S01012124,690,505,185
S01012125,942,655,287
S01012126,538,393,145
S01012127,771,540,231
S01012128,406,266,140
S01012129,964,704,260
S01012130,1067,852,215
S01012131,1239,904,335
S01012132,831,560,271
S01012133,994,667,327
S01012134,1172,891,281
S01012135,1239,901,338
S01012136,880,585,295
S01012137,825,611,214
S01012138,1106,844,262
S01012139,977,815,162
S01012140,934,727,207
S01012141,1264,990,274
S01012142,950,781,169
S01012143,1284,1037,247
S01012144,1059,836,223
S01012145,1208,962,246
S01012146,1000,790,210
S01012147,905,723,182
S01012148,764,566,198
S01012149,872,640,232
S01012150,886,682,204
S01012151,1165,883,282
S01012152,1008,790,218
S01012153,361,271,90
S01012154,603,430,173
S01012155,788,565,223
S01012156,1220,894,326
S01012157,901,655,246
S01012158,958,672,286
S01012159,578,430,148
S01012160,1042,808,234
S01012161,529,409,120
S01012162,773,518,255
S01012163,568,434,134
S01012164,434,317,117
S01012165,961,695,266
S01012166,859,605,254
S01012167,609,464,145
S01012168,1121,871,250
S01012169,945,702,243
S01012170,1374,1050,324
S01012171,1263,993,270
S01012172,1052,777,275
S01012173,811,671,140
S01012174,1147,865,282
S01012175,1161,951,210
S01012176,1496,1238,258
S01012177,952,746,206
S01012178,1070,871,199
S01012179,785,645,140
S01012180,737,579,158
S01012181,1160,912,248
S01012182,721,550,171
S01012183,649,496,153
S01012184,131,104,27
S01012185,710,515,195
S01012186,895,708,187
S01012187,935,724,211
S01012188,680,582,98
S01012189,708,530,178
S01012190,336,253,83
S01012191,1185,939,246
S01012192,519,427,92
S01012193,773,604,169
S01012194,882,642,240
S01012195,971,772,199
S01012196,589,412,177
S01012197,1132,866,266
S01012198,1134,869,265
S01012199,946,742,204
S01012200,699,507,192
S01012201,1134,841,293
S01012202,596,467,129
S01012203,1011,782,229
S01012204,840,638,202
S01012205,972,719,253
S01012206,1025,774,251
S01012207,1249,968,281
S01012208,1373,1024,349
S01012209,1065,785,280
S01012210,745,585,160
S01012211,1201,927,274
S01012212,1296,1026,270
S01012213,1320,1060,260
S01012214,869,663,206
S01012215,1128,872,256
S01012216,1360,1062,298
S01012217,571,428,143
S01012218,757,551,206
S01012219,934,782,152
S01012220,797,658,139
S01012221,818,699,119
S01012222,1216,951,265
S01012223,827,657,170
S01012224,1191,935,256
S01012225,1180,922,258
S01012226,905,732,173
S01012227,988,794,194
S01012228,844,659,185
S01012229,826,621,205
S01012230,1103,849,254
S01012231,890,712,178
S01012232,1227,947,280
S01012233,919,740,179
S01012234,1367,1076,291
S01012235,841,669,172
S01012236,936,748,188
S01012237,878,639,239
S01012238,594,454,140
S01012239,602,458,144
S01012240,763,607,156
S01012241,699,510,189
S01012242,948,704,244
S01012243,1001,720,281
S01012244,1063,688,375
S01012245,1404,937,467
S01012246,978,608,370
S01012247,760,539,221
S01012248,799,576,223
S01012249,999,688,311
S01012250,863,607,256
S01012251,1200,771,429
S01012252,1245,769,476
S01012253,969,676,293
S01012254,946,651,295
S01012255,780,523,257
S01012256,847,565,282
S01012257,1152,761,391
S01012258,1146,825,321
S01012259,883,599,284
S01012260,915,664,251
S01012261,454,338,116
S01012262,944,654,290
S01012263,727,449,278
S01012264,297,207,90
S01012265,1266,867,399
S01012266,1027,745,282
S01012267,779,528,251
S01012268,1146,863,283
S01012269,928,745,183
S01012270,881,653,228
S01012271,1140,777,363
S01012272,741,493,248
S01012273,664,482,182
S01012274,1099,707,392
S01012275,655,420,235
S01012276,1521,946,575
S01012277,1170,730,440
S01012278,1219,826,393
S01012279,1107,707,400
S01012280,1139,751,388
S01012281,1013,710,303
S01012282,1153,853,300
S01012283,933,658,275
S01012284,782,568,214
S01012285,711,535,176
S01012286,1104,686,418
S01012287,1269,735,534
S01012288,1040,619,421
S01012289,927,709,218
S01012290,633,511,122
S01012291,821,563,258
S01012292,1098,870,228
S01012293,620,443,177
S01012294,1055,644,411
S01012295,311,210,101
S01012296,580,424,156
S01012297,547,393,154
S01012298,867,617,250
S01012299,570,376,194
S01012300,1160,919,241
S01012301,988,749,239
S01012302,712,482,230
S01012303,852,616,236
S01012304,1112,824,288
S01012305,922,724,198
S01012306,858,652,206
S01012307,939,697,242
S01012308,810,618,192
S01012309,1020,768,252
S01012310,1425,1049,376
S01012311,973,725,248
S01012312,1047,806,241
S01012313,823,610,213
S01012314,898,679,219
S01012315,738,560,178
S01012316,704,544,160
S01012317,435,320,115
S01012318,891,606,285
S01012319,760,534,226
S01012320,767,587,180
S01012321,821,588,233
S01012322,1061,729,332
S01012323,897,673,224
S01012324,1000,737,263
S01012325,651,478,173
S01012326,958,713,245
S01012327,1061,814,247
S01012328,876,625,251
S01012329,1023,774,249
S01012330,718,541,177
S01012331,775,583,192
S01012332,990,739,251
S01012333,943,704,239
S01012334,1027,843,184
S01012335,1574,1210,364
S01012336,916,738,178
S01012337,1020,839,181
S01012338,712,553,159
S01012339,798,598,200
S01012340,692,559,133
S01012341,815,628,187
S01012342,934,719,215
S01012343,890,641,249
S01012344,914,668,246
S01012345,727,536,191
S01012346,857,654,203
S01012347,693,528,165
S01012348,890,690,200
S01012349,1186,917,269
S01012350,1197,841,356
S01012351,1024,777,247
S01012352,1119,893,226
S01012353,826,632,194
S01012354,910,694,216
S01012355,957,675,282
S01012356,1073,806,267
S01012357,954,722,232
S01012358,872,640,232
S01012359,962,610,352
S01012360,778,465,313
S01012361,950,594,356
S01012362,1111,636,475
S01012363,1247,873,374
S01012364,828,616,212
S01012365,1235,966,269
S01012366,959,690,269
S01012367,1141,872,269
S01012368,944,699,245
S01012369,1229,908,321
S01012370,1266,896,370
S01012371,1249,860,389
S01012372,1069,780,289
S01012373,1269,928,341
S01012374,973,618,355
S01012375,1277,854,423
S01012376,841,603,238
S01012377,674,464,210
S01012378,779,573,206
S01012379,549,382,167
S01012380,1457,979,478
S01012381,1090,838,252
S01012382,1110,806,304
S01012383,1186,839,347
S01012384,512,356,156
S01012385,756,508,248
S01012386,1158,735,423
S01012387,948,572,376
S01012388,683,367,316
S01012389,774,477,297
S01012390,658,440,218
S01012391,922,485,437
S01012392,600,370,230
S01012393,1168,719,449
S01012394,1114,606,508
S01012395,858,553,305
S01012396,867,526,341
S01012397,859,517,342
S01012398,1047,590,457
S01012399,927,574,353
S01012400,894,502,392
S01012401,935,553,382
S01012402,340,230,110
S01012403,983,574,409
S01012404,1129,585,544
S01012405,610,336,274
S01012406,675,399,276
S01012407,919,556,363
S01012408,763,409,354
S01012409,1069,652,417
S01012410,1259,817,442
S01012411,1318,773,545
S01012412,681,395,286
S01012413,1043,631,412
S01012414,806,541,265
S01012415,799,593,206
S01012416,520,399,121
S01012417,628,503,125
S01012418,879,656,223
S01012419,1104,851,253
S01012420,1114,881,233
S01012421,1033,779,254
S01012422,1330,1016,314
S01012423,1099,819,280
S01012424,861,665,196
S01012425,660,545,115
S01012426,654,485,169
S01012427,861,638,223
S01012428,946,726,220
S01012429,498,412,86
S01012430,1064,826,238
S01012431,1161,943,218
S01012432,873,693,180
S01012433,909,711,198
S01012434,827,627,200
S01012435,939,689,250
S01012436,952,703,249
S01012437,816,654,162
S01012438,631,441,190
S01012439,963,683,280
S01012440,559,435,124
S01012441,1007,758,249
S01012442,697,502,195
S01012443,683,541,142
S01012444,1151,935,216
S01012445,116,100,16
S01012446,730,550,180
S01012447,978,734,244
S01012448,497,379,118
S01012449,589,436,153
S01012450,809,623,186
S01012451,927,721,206
S01012452,713,550,163
S01012453,906,727,179
S01012454,1166,935,231
S01012455,627,504,123
S01012456,1074,857,217
S01012457,1058,874,184
S01012458,900,686,214
S01012459,881,667,214
S01012460,905,745,160
S01012461,732,575,157
S01012462,908,707,201
S01012463,1037,783,254
S01012464,698,501,197
S01012465,1048,769,279
S01012466,1067,796,271
S01012467,1264,987,277
S01012468,878,709,169
S01012469,1119,921,198
S01012470,994,771,223
S01012471,804,653,151
S01012472,848,666,182
S01012473,693,529,164
S01012474,800,620,180
S01012475,690,560,130
S01012476,1129,867,262
S01012477,881,695,186
S01012478,836,685,151
S01012479,1118,892,226
S01012480,177,131,46
S01012481,747,489,258
S01012482,805,575,230
S01012483,755,561,194
S01012484,1190,867,323
S01012485,1439,1170,269
S01012486,887,725,162
S01012487,620,466,154
S01012488,977,777,200
S01012489,1150,806,344
S01012490,1050,790,260
S01012491,781,568,213
S01012492,994,736,258
S01012493,813,643,170
S01012494,1464,1163,301
S01012495,1113,837,276
S01012496,893,662,231
S01012497,645,460,185
S01012498,938,690,248
S01012499,1099,825,274
S01012500,665,455,210
S01012501,966,653,313
S01012502,959,647,312
S01012503,729,512,217
S01012504,590,455,135
S01012505,1042,769,273
S01012506,480,407,73
S01012507,963,702,261
S01012508,812,596,216
S01012509,581,464,117
S01012510,1099,843,256
S01012511,805,628,177
S01012512,966,717,249
S01012513,605,452,153
S01012514,766,528,238
S01012515,859,649,210
S01012516,658,517,141
S01012517,911,688,223
S01012518,819,643,176
S01012519,793,586,207
S01012520,862,669,193
S01012521,778,604,174
S01012522,954,752,202
S01012523,1113,885,228
S01012524,1083,847,236
S01012525,1051,803,248
S01012526,951,748,203
S01012527,692,526,166
S01012528,839,630,209
S01012529,982,766,216
S01012530,1148,931,217
S01012531,844,673,171
S01012532,1079,833,246
S01012533,813,588,225
S01012534,951,659,292
S01012535,954,762,192
S01012536,880,661,219
S01012537,1173,922,251
S01012538,1057,802,255
S01012539,850,684,166
S01012540,1098,852,246
S01012541,1005,779,226
S01012542,1225,965,260
S01012543,717,548,169
S01012544,583,457,126
S01012545,550,399,151
S01012546,994,750,244
S01012547,778,603,175
S01012548,883,667,216
S01012549,908,659,249
S01012550,1088,812,276
S01012551,1250,966,284
S01012552,969,770,199
S01012553,819,610,209
S01012554,737,588,149
S01012555,592,432,160
S01012556,621,511,110
S01012557,867,689,178
S01012558,826,618,208
S01012559,929,734,195
S01012560,1132,906,226
S01012561,1169,932,237
S01012562,971,729,242
S01012563,786,628,158
S01012564,917,713,204
S01012565,959,750,209
S01012566,866,625,241
S01012567,1022,735,287
S01012568,1066,836,230
S01012569,791,606,185
S01012570,809,618,191
S01012571,799,525,274
S01012572,607,459,148
S01012573,842,594,248
S01012574,1238,876,362
S01012575,858,640,218
S01012576,940,738,202
S01012577,977,757,220
S01012578,1363,1055,308
S01012579,775,559,216
S01012580,732,478,254
S01012581,1325,1007,318
S01012582,744,619,125
S01012583,743,542,201
S01012584,638,485,153
S01012585,1429,1102,327
S01012586,1000,712,288
S01012587,800,649,151
S01012588,699,465,234
S01012589,876,631,245
S01012590,1063,805,258
S01012591,1109,873,236
S01012592,421,360,61
S01012593,953,726,227
S01012594,750,606,144
S01012595,918,714,204
S01012596,698,539,159
S01012597,345,273,72
S01012598,757,574,183
S01012599,715,567,148
S01012600,728,597,131
S01012601,860,700,160
S01012602,774,651,123
S01012603,699,564,135
S01012604,914,714,200
S01012605,709,565,144
S01012606,316,238,78
S01012607,817,683,134
S01012608,1124,918,206
S01012609,1011,780,231
S01012610,1205,933,272
S01012611,961,750,211
S01012612,1251,995,256
S01012613,1351,1054,297
S01012614,1058,866,192
S01012615,1060,813,247
S01012616,783,629,154
S01012617,352,270,82
S01012618,733,571,162
S01012619,729,548,181
S01012620,1020,796,224
S01012621,993,752,241
S01012622,917,687,230
S01012623,895,695,200
S01012624,832,630,202
S01012625,729,520,209
S01012626,777,603,174
S01012627,667,518,149
S01012628,635,511,124
S01012629,344,270,74
S01012630,799,641,158
S01012631,1073,766,307
S01012632,551,424,127
S01012633,931,679,252
S01012634,1215,868,347
S01012635,1397,1020,377
S01012636,697,517,180
S01012637,1133,792,341
S01012638,1126,836,290
S01012639,1384,1016,368
S01012640,1384,993,391
S01012641,880,723,157
S01012642,1687,1299,388
S01012643,553,425,128
S01012644,543,375,168
S01012645,1063,836,227
S01012646,948,710,238
S01012647,319,215,104
S01012648,730,529,201
S01012649,913,724,189
S01012650,784,578,206
S01012651,832,615,217
S01012652,1055,855,200
S01012653,973,739,234
S01012654,897,722,175
S01012655,1239,1004,235
S01012656,959,746,213
S01012657,928,743,185
S01012658,972,768,204
S01012659,520,379,141
S01012660,772,633,139
S01012661,973,728,245
S01012662,1049,790,259
S01012663,909,750,159
S01012664,976,762,214
S01012665,949,777,172
S01012666,888,698,190
S01012667,719,580,139
S01012668,1144,926,218
S01012669,1091,833,258
S01012670,716,573,143
S01012671,1283,1028,255
S01012672,727,585,142
S01012673,1135,850,285
S01012674,767,622,145
S01012675,1116,876,240
S01012676,958,766,192
S01012677,623,511,112
S01012678,824,644,180
S01012679,575,471,104
S01012680,245,201,44
S01012681,693,512,181
S01012682,886,706,180
S01012683,922,658,264
S01012684,473,363,110
S01012685,1237,928,309
S01012686,1241,912,329
S01012687,1435,1123,312
S01012688,944,680,264
S01012689,653,469,184
S01012690,542,412,130
S01012691,1078,818,260
S01012692,1019,789,230
S01012693,1008,727,281
S01012694,595,456,139
S01012695,730,568,162
S01012696,667,513,154
S01012697,505,382,123
S01012698,1067,809,258
S01012699,996,772,224
S01012700,980,789,191
S01012701,1188,951,237
S01012702,437,346,91
S01012703,735,585,150
S01012704,711,584,127
S01012705,755,623,132
S01012706,1050,898,152
S01012707,984,793,191
S01012708,1020,859,161
S01012709,749,629,120
S01012710,944,794,150
S01012711,1284,1079,205
S01012712,1016,837,179
S01012713,1205,968,237
S01012714,727,584,143
S01012715,1013,815,198
S01012716,1191,1019,172
S01012717,965,783,182
S01012718,748,612,136
S01012719,858,694,164
S01012720,650,508,142
S01012721,708,586,122
S01012722,1204,1003,201
S01012723,888,722,166
S01012724,763,623,140
S01012725,926,731,195
S01012726,993,852,141
S01012727,989,847,142
S01012728,1130,926,204
S01012729,1081,911,170
S01012730,622,525,97
S01012731,864,742,122
S01012732,894,734,160
S01012733,210,154,56
S01012734,100,81,19
S01012735,616,492,124
S01012736,1302,1044,258
S01012737,1223,1000,223
S01012738,622,547,75
S01012739,123,100,23
S01012740,91,70,21
S01012741,686,519,167
S01012742,1032,796,236
S01012743,1019,820,199
S01012744,786,572,214
S01012745,885,699,186
S01012746,1124,869,255
S01012747,1293,1033,260
S01012748,944,743,201
S01012749,886,699,187
S01012750,784,638,146
S01012751,1380,1123,257
S01012752,693,560,133
S01012753,540,413,127
S01012754,969,756,213
S01012755,630,510,120
S01012756,1006,827,179
S01012757,519,432,87
S01012758,646,529,117
S01012759,817,672,145
S01012760,957,785,172
S01012761,1059,878,181
S01012762,876,750,126
S01012763,692,608,84
S01012764,1011,879,132
S01012765,663,555,108
S01012766,801,640,161
S01012767,901,750,151
S01012768,987,821,166
S01012769,532,418,114
S01012770,789,647,142
S01012771,924,759,165
S01012772,1193,1015,178
S01012773,1270,1037,233
S01012774,1012,828,184
S01012775,747,622,125
S01012776,930,700,230
S01012777,585,466,119
S01012778,750,604,146
S01012779,697,540,157
S01012780,837,619,218
S01012781,623,499,124
S01012782,969,802,167
S01012783,1070,849,221
S01012784,948,727,221
S01012785,806,673,133
S01012786,870,703,167
S01012787,387,322,65
S01012788,1008,808,200
S01012789,1076,841,235
S01012790,521,408,113
S01012791,945,775,170
S01012792,1110,917,193
S01012793,919,742,177
S01012794,282,239,43
S01012795,1192,971,221
S01012796,555,441,114
S01012797,652,517,135
S01012798,881,717,164
S01012799,1170,985,185
S01012800,872,707,165
S01012801,286,219,67
S01012802,672,573,99
S01012803,985,807,178
S01012804,915,787,128
S01012805,1055,879,176
S01012806,1105,923,182
S01012807,754,619,135
S01012808,901,781,120
S01012809,867,712,155
S01012810,940,767,173
S01012811,921,742,179
S01012812,993,793,200
S01012813,1097,907,190
S01012814,827,611,216
S01012815,643,486,157
S01012816,432,326,106
S01012817,332,279,53
S01012818,888,712,176
S01012819,1235,1004,231
S01012820,699,570,129
S01012821,417,333,84
S01012822,783,616,167
S01012823,376,280,96
S01012824,893,712,181
S01012825,677,564,113
S01012826,610,454,156
S01012827,431,324,107
S01012828,563,460,103
S01012829,765,570,195
S01012830,714,565,149
S01012831,800,656,144
S01012832,646,494,152
S01012833,1090,826,264
S01012834,830,670,160
S01012835,969,831,138
S01012836,66,54,12
S01012837,1085,802,283
S01012838,910,646,264
S01012839,797,634,163
S01012840,426,317,109
S01012841,834,637,197
S01012842,1102,871,231
S01012843,1042,768,274
S01012844,1041,783,258
S01012845,998,756,242
S01012846,1029,852,177
S01012847,873,686,187
S01012848,630,483,147
S01012849,978,790,188
S01012850,972,772,200
S01012851,1044,831,213
S01012852,1105,839,266
S01012853,1021,843,178
S01012854,1087,818,269
S01012855,1043,757,286
S01012856,909,767,142
S01012857,1374,1104,270
S01012858,862,674,188
S01012859,949,725,224
S01012860,954,800,154
S01012861,678,522,156
S01012862,788,639,149
S01012863,784,611,173
S01012864,779,606,173
S01012865,1206,1000,206
S01012866,1018,835,183
S01012867,933,795,138
S01012868,776,637,139
S01012869,614,485,129
S01012870,980,811,169
S01012871,1006,784,222
S01012872,993,824,169
S01012873,1125,921,204
S01012874,950,741,209
S01012875,640,509,131
S01012876,991,816,175
S01012877,786,670,116
S01012878,958,721,237
S01012879,1057,840,217
S01012880,1114,877,237
S01012881,1354,1075,279
S01012882,740,547,193
S01012883,1079,858,221
S01012884,677,571,106
S01012885,919,717,202
S01012886,989,805,184
S01012887,744,599,145
S01012888,983,760,223
S01012889,800,608,192
S01012890,700,545,155
S01012891,826,675,151
S01012892,1257,1013,244
S01012893,1057,878,179
S01012894,254,174,80
S01012895,476,340,136
S01012896,1111,815,296
S01012897,644,524,120
S01012898,237,205,32
S01012899,749,529,220
S01012900,927,697,230
S01012901,1322,998,324
S01012902,1066,746,320
S01012903,1068,711,357
S01012904,1058,755,303
S01012905,1047,695,352
S01012906,1137,843,294
S01012907,1116,860,256
S01012908,1183,917,266
S01012909,952,737,215
S01012910,1327,969,358
S01012911,866,636,230
S01012912,1142,847,295
S01012913,1053,796,257
S01012914,963,711,252
S01012915,650,470,180
S01012916,1057,774,283
S01012917,786,583,203
S01012918,940,700,240
S01012919,509,391,118
S01012920,644,473,171
S01012921,770,562,208
S01012922,761,564,197
S01012923,907,666,241
S01012924,651,449,202
S01012925,684,489,195
S01012926,765,522,243
S01012927,827,605,222
S01012928,1011,709,302
S01012929,968,725,243
S01012930,877,694,183
S01012931,1136,858,278
S01012932,661,499,162
S01012933,912,675,237
S01012934,867,672,195
S01012935,1533,1120,413
S01012936,792,589,203
S01012937,906,652,254
S01012938,962,730,232
S01012939,846,667,179
S01012940,904,677,227
S01012941,929,707,222
S01012942,930,650,280
S01012943,883,681,202
S01012944,779,615,164
S01012945,759,549,210
S01012946,808,607,201
S01012947,668,529,139
S01012948,1176,825,351
S01012949,842,632,210
S01012950,847,638,209
S01012951,499,362,137
S01012952,575,466,109
S01012953,790,566,224
S01012954,513,374,139
S01012955,553,429,124
S01012956,999,776,223
S01012957,857,632,225
S01012958,550,406,144
S01012959,660,504,156
S01012960,864,618,246
S01012961,1093,777,316
S01012962,1027,790,237
S01012963,410,281,129
S01012964,289,199,90
S01012965,648,464,184
S01012966,1028,731,297
S01012967,1128,816,312
S01012968,904,624,280
S01012969,1079,775,304
S01012970,947,637,310
S01012971,1140,777,363
S01012972,827,586,241
S01012973,983,712,271
S01012974,1123,809,314
S01012975,825,612,213
S01012976,791,557,234
S01012977,981,666,315
S01012978,1126,732,394
S01012979,781,515,266
S01012980,878,574,304
S01012981,929,615,314
S01012982,891,578,313
S01012983,791,596,195
S01012984,871,623,248
S01012985,980,777,203
S01012986,1043,751,292
S01012987,1153,826,327
S01012988,1134,800,334
S01012989,1256,905,351
S01012990,1158,824,334
S01012991,1119,817,302
S01012992,1067,772,295
S01012993,1093,790,303
S01012994,985,717,268
S01012995,931,685,246
S01012996,1064,726,338
S01012997,644,521,123
S01012998,991,695,296
S01012999,598,426,172
S01013000,1228,883,345
S01013001,464,357,107
S01013002,728,562,166
S01013003,795,587,208
S01013004,1057,756,301
S01013005,807,597,210
S01013006,698,503,195
S01013007,1377,985,392
S01013008,1074,772,302
S01013009,681,499,182
S01013010,539,359,180
S01013011,682,495,187
S01013012,903,696,207
S01013013,937,662,275
S01013014,791,560,231
S01013015,761,528,233
S01013016,896,627,269
S01013017,1003,754,249
S01013018,1113,805,308
S01013019,869,642,227
S01013020,1016,786,230
S01013021,791,570,221
S01013022,376,308,68
S01013023,1063,784,279
S01013024,635,493,142
S01013025,932,724,208
S01013026,782,568,214
S01013027,1604,1206,398
S01013028,524,378,146
S01013029,720,582,138
S01013030,921,721,200
S01013031,749,566,183
S01013032,515,378,137
S01013033,518,333,185
S01013034,878,597,281
S01013035,874,588,286
S01013036,948,724,224
S01013037,1236,982,254
S01013038,1273,953,320
S01013039,612,496,116
S01013040,662,519,143
S01013041,620,483,137
S01013042,723,539,184
S01013043,855,626,229
S01013044,1217,969,248
S01013045,551,443,108
S01013046,775,624,151
S01013047,957,685,272
S01013048,1300,910,390
S01013049,1079,836,243
S01013050,936,711,225
S01013051,933,716,217
S01013052,842,671,171
S01013053,1066,761,305
S01013054,1054,786,268
S01013055,718,478,240
S01013056,1297,966,331
S01013057,1140,725,415
S01013058,355,246,109
S01013059,1027,775,252
S01013060,514,363,151
S01013061,1096,857,239
S01013062,952,713,239
S01013063,873,594,279
S01013064,1045,816,229
S01013065,1158,867,291
S01013066,763,558,205
S01013067,1041,652,389
S01013068,1166,737,429
S01013069,814,480,334
S01013070,950,537,413
S01013071,890,467,423
S01013072,817,603,214
S01013073,974,682,292
S01013074,1468,1067,401
S01013075,931,698,233
S01013076,671,460,211
S01013077,773,496,277
S01013078,693,436,257
S01013079,430,307,123
S01013080,1056,811,245
S01013081,786,605,181
S01013082,1204,920,284
S01013083,1192,778,414
S01013084,1016,773,243
S01013085,1018,747,271
S01013086,1066,689,377
S01013087,1545,1013,532
S01013088,919,654,265
S01013089,830,607,223
S01013090,889,587,302
S01013091,366,278,88
S01013092,937,679,258
S01013093,481,353,128
S01013094,800,572,228
S01013095,1045,743,302
S01013096,826,606,220
S01013097,1164,763,401
S01013098,116,89,27
S01013099,859,539,320
S01013100,970,695,275
S01013101,1743,1250,493
S01013102,819,609,210
S01013103,830,601,229
S01013104,1136,826,310
S01013105,897,651,246
S01013106,987,740,247
S01013107,919,648,271
S01013108,748,547,201
S01013109,1280,951,329
S01013110,637,471,166
S01013111,642,424,218
S01013112,607,462,145
S01013113,1116,891,225
S01013114,1309,1005,304
S01013115,996,767,229
S01013116,1034,781,253
S01013117,941,667,274
S01013118,1189,816,373
S01013119,755,553,202
S01013120,1150,840,310
S01013121,451,338,113
S01013122,858,692,166
S01013123,995,750,245
S01013124,1223,1008,215
S01013125,962,804,158
S01013126,898,702,196
S01013127,947,796,151
S01013128,814,622,192
S01013129,1093,912,181
S01013130,1056,809,247
S01013131,1026,760,266
S01013132,708,513,195
S01013133,792,664,128
S01013134,823,692,131
S01013135,1168,916,252
S01013136,1266,1004,262
S01013137,1047,840,207
S01013138,1005,779,226
S01013139,1160,977,183
S01013140,1153,925,228
S01013141,744,620,124
S01013142,1094,871,223
S01013143,1067,882,185
S01013144,942,772,170
S01013145,954,746,208
S01013146,590,483,107
S01013147,807,665,142
S01013148,1072,900,172
S01013149,766,630,136
S01013150,933,764,169
S01013151,572,469,103
S01013152,1202,959,243
S01013153,881,679,202
S01013154,1414,1110,304
S01013155,971,757,214
S01013156,1144,890,254
S01013157,1085,829,256
S01013158,775,610,165
S01013159,899,717,182
S01013160,1117,939,178
S01013161,994,803,191
S01013162,1032,861,171
S01013163,894,757,137
S01013164,1009,811,198
S01013165,1297,1061,236
S01013166,763,618,145
S01013167,1124,849,275
S01013168,1163,969,194
S01013169,846,699,147
S01013170,1259,947,312
S01013171,872,654,218
S01013172,949,774,175
S01013173,875,698,177
S01013174,1219,965,254
S01013175,853,666,187
S01013176,1073,886,187
S01013177,1185,943,242
S01013178,648,503,145
S01013179,1166,880,286
S01013180,523,429,94
S01013181,1032,842,190
S01013182,865,757,108
S01013183,1057,864,193
S01013184,748,588,160
S01013185,1122,922,200
S01013186,761,640,121
S01013187,944,759,185
S01013188,1076,884,192
S01013189,877,787,90
S01013190,739,617,122
S01013191,774,639,135
S01013192,1143,991,152
S01013193,556,449,107
S01013194,993,778,215
S01013195,846,653,193
S01013196,778,640,138
S01013197,624,529,95
S01013198,955,827,128
S01013199,880,749,131
S01013200,1109,948,161
S01013201,900,801,99
S01013202,653,579,74
S01013203,1038,903,135
S01013204,953,760,193
S01013205,856,702,154
S01013206,1060,899,161
S01013207,918,778,140
S01013208,542,421,121
S01013209,1011,856,155
S01013210,808,652,156
S01013211,1062,884,178
S01013212,873,674,199
S01013213,1000,780,220
S01013214,422,316,106
S01013215,822,623,199
S01013216,908,730,178
S01013217,867,676,191
S01013218,863,640,223
S01013219,849,674,175
S01013220,881,678,203
S01013221,1044,838,206
S01013222,520,429,91
S01013223,1156,930,226
S01013224,1229,974,255
S01013225,843,673,170
S01013226,331,265,66
S01013227,514,397,117
S01013228,999,787,212
S01013229,1109,874,235
S01013230,998,823,175
S01013231,1096,878,218
S01013232,817,662,155
S01013233,620,501,119
S01013234,403,330,73
S01013235,1189,944,245
S01013236,1130,908,222
S01013237,1035,788,247
S01013238,1095,855,240
S01013239,1065,798,267
S01013240,774,571,203
S01013241,976,784,192
S01013242,732,585,147
S01013243,821,624,197
S01013244,1202,971,231
S01013245,877,704,173
S01013246,435,304,131
S01013247,963,729,234
S01013248,732,588,144
S01013249,950,764,186
S01013250,1103,734,369
S01013251,821,575,246
S01013252,995,749,246
S01013253,782,593,189
S01013254,849,607,242
S01013255,931,686,245
S01013256,729,524,205
S01013257,976,765,211
S01013258,966,714,252
S01013259,1430,1017,413
S01013260,942,655,287
S01013261,1245,848,397
S01013262,833,580,253
S01013263,569,387,182
S01013264,300,215,85
S01013265,423,301,122
S01013266,309,196,113
S01013267,787,559,228
S01013268,1254,838,416
S01013269,1002,629,373
S01013270,698,414,284
S01013271,1002,686,316
S01013272,996,686,310
S01013273,492,325,167
S01013274,1021,676,345
S01013275,1227,817,410
S01013276,994,629,365
S01013277,1006,655,351
S01013278,1066,718,348
S01013279,901,542,359
S01013280,882,573,309
S01013281,955,624,331
S01013282,855,490,365
S01013283,837,484,353
S01013284,679,404,275
S01013285,780,516,264
S01013286,839,526,313
S01013287,863,562,301
S01013288,763,551,212
S01013289,965,669,296
S01013290,1160,756,404
S01013291,1141,692,449
S01013292,893,630,263
S01013293,899,611,288
S01013294,897,615,282
S01013295,951,645,306
S01013296,940,691,249
S01013297,1072,780,292
S01013298,790,542,248
S01013299,935,589,346
S01013300,811,530,281
S01013301,697,504,193
S01013302,665,408,257
S01013303,1228,790,438
S01013304,1033,584,449
S01013305,857,527,330
S01013306,1015,566,449
S01013307,1135,610,525
S01013308,636,327,309
S01013309,876,567,309
S01013310,697,415,282
S01013311,924,574,350
S01013312,1632,1017,615
S01013313,666,422,244
S01013314,939,589,350
S01013315,277,168,109
S01013316,754,537,217
S01013317,687,463,224
S01013318,649,412,237
S01013319,739,441,298
S01013320,601,360,241
S01013321,458,274,184
S01013322,845,568,277
S01013323,870,606,264
S01013324,1074,640,434
S01013325,869,555,314
S01013326,1006,642,364
S01013327,927,602,325
S01013328,786,440,346
S01013329,603,420,183
S01013330,711,443,268
S01013331,571,346,225
S01013332,875,540,335
S01013333,1074,655,419
S01013334,771,498,273
S01013335,1056,561,495
S01013336,1198,666,532
S01013337,1133,780,353
S01013338,368,255,113
S01013339,900,585,315
S01013340,1338,885,453
S01013341,767,560,207
S01013342,920,659,261
S01013343,717,483,234
S01013344,710,489,221
S01013345,916,627,289
S01013346,729,494,235
S01013347,738,484,254
S01013348,491,331,160
S01013349,220,165,55
S01013350,629,427,202
S01013351,819,548,271
S01013352,1095,701,394
S01013353,1207,704,503
S01013354,787,578,209
S01013355,985,708,277
S01013356,840,578,262
S01013357,510,375,135
S01013358,810,633,177
S01013359,692,532,160
S01013360,737,563,174
S01013361,924,698,226
S01013362,613,473,140
S01013363,1074,770,304
S01013364,746,512,234
S01013365,1085,771,314
S01013366,644,449,195
S01013367,628,413,215
S01013368,906,625,281
S01013369,905,663,242
S01013370,868,589,279
S01013371,879,715,164
S01013372,1044,729,315
S01013373,1150,852,298
S01013374,1047,777,270
S01013375,686,484,202
S01013376,719,537,182
S01013377,803,593,210
S01013378,957,706,251
S01013379,1121,824,297
S01013380,523,370,153
S01013381,733,582,151
S01013382,765,593,172
S01013383,864,681,183
S01013384,1176,897,279
S01013385,726,541,185
S01013386,763,557,206
S01013387,742,577,165
S01013388,761,582,179
S01013389,1073,787,286
S01013390,609,465,144
S01013391,986,721,265
S01013392,386,276,110
S01013393,1082,791,291
S01013394,761,538,223
S01013395,894,571,323
S01013396,382,240,142
S01013397,889,631,258
S01013398,337,213,124
S01013399,476,344,132
S01013400,596,454,142
S01013401,141,98,43
S01013402,76,46,30
S01013403,101,76,25
S01013404,488,347,141
S01013405,707,552,155
S01013406,781,509,272
S01013407,842,601,241
S01013408,791,593,198
S01013409,991,638,353
S01013410,496,302,194
S01013411,761,573,188
S01013412,833,602,231
S01013413,804,587,217
S01013414,669,508,161
S01013415,785,616,169
S01013416,588,442,146
S01013417,733,552,181
S01013418,634,433,201
S01013419,649,447,202
S01013420,822,645,177
S01013421,510,367,143
S01013422,1045,748,297
S01013423,898,626,272
S01013424,914,663,251
S01013425,456,330,126
S01013426,886,680,206
S01013427,232,175,57
S01013428,944,679,265
S01013429,1244,921,323
S01013430,789,586,203
S01013431,912,640,272
S01013432,880,579,301
S01013433,778,558,220
S01013434,514,348,166
S01013435,862,588,274
S01013436,919,676,243
S01013437,717,466,251
S01013438,709,521,188
S01013439,965,716,249
S01013440,1315,910,405
S01013441,788,568,220
S01013442,914,630,284
S01013443,497,344,153
S01013444,1177,790,387
S01013445,720,546,174
S01013446,741,554,187
S01013447,566,390,176
S01013448,1001,702,299
S01013449,839,585,254
S01013450,885,612,273
S01013451,972,659,313
S01013452,626,405,221
S01013453,983,644,339
S01013454,705,491,214
S01013455,502,358,144
S01013456,1087,785,302
S01013457,1024,751,273
S01013458,895,594,301
S01013459,988,703,285
S01013460,1039,676,363
S01013461,945,529,416
S01013462,971,628,343
S01013463,584,375,209
S01013464,920,628,292
S01013465,872,609,263
S01013466,386,273,113
S01013467,410,294,116
S01013468,719,494,225
S01013469,1053,782,271
S01013470,898,538,360
S01013471,1020,640,380
S01013472,440,287,153
S01013473,272,194,78
S01013474,467,283,184
S01013475,904,629,275
S01013476,679,488,191
S01013477,993,702,291
S01013478,872,573,299
S01013479,1046,715,331
S01013480,657,503,154
S01013481,399,272,127
