dz_2011,total,student,nonstudent
S01006506,355,0,355
S01006507,422,0,422
S01006508,400,1,399
S01006509,327,0,327
S01006510,313,0,313
S01006511,366,0,366
S01006512,138,0,138
S01006513,372,0,372
S01006514,346,0,346
S01006515,401,0,401
S01006516,292,0,292
S01006517,397,0,397
S01006518,337,0,337
S01006519,269,0,269
S01006520,261,0,261
S01006521,173,0,173
S01006522,211,0,211
S01006523,549,0,549
S01006524,471,0,471
S01006525,475,0,475
S01006526,659,17,642
S01006527,566,5,561
S01006528,481,15,466
S01006529,586,9,577
S01006530,549,8,541
S01006531,589,9,580
S01006532,374,0,374
S01006533,339,0,339
S01006534,412,4,408
S01006535,595,7,588
S01006536,774,10,764
S01006537,373,0,373
S01006538,291,0,291
S01006539,432,1,431
S01006540,593,0,593
S01006541,482,0,482
S01006542,453,0,453
S01006543,446,0,446
S01006544,391,0,391
S01006545,605,1,604
S01006546,515,1,514
S01006547,696,3,693
S01006548,316,0,316
S01006549,360,0,360
S01006550,500,0,500
S01006551,486,0,486
S01006552,482,1,481
S01006553,488,0,488
S01006554,417,0,417
S01006555,404,2,402
S01006556,473,2,471
S01006557,387,0,387
S01006558,458,12,446
S01006559,280,3,277
S01006560,424,4,420
S01006561,355,1,354
S01006562,442,1,441
S01006563,469,6,463
S01006564,691,26,665
S01006565,722,54,668
S01006566,476,22,454
S01006567,692,31,661
S01006568,757,25,732
S01006569,430,18,412
S01006570,432,7,425
S01006571,565,19,546
S01006572,494,4,490
S01006573,278,2,276
S01006574,395,1,394
S01006575,488,4,484
S01006576,445,3,442
S01006577,473,7,466
S01006578,947,22,925
S01006579,847,29,818
S01006580,455,6,449
S01006581,536,2,534
S01006582,311,20,291
S01006583,602,39,563
S01006584,524,32,492
S01006585,504,14,490
S01006586,503,33,470
S01006587,287,24,263
S01006588,407,37,370
S01006589,597,39,558
S01006590,363,12,351
S01006591,299,15,284
S01006592,232,1,231
S01006593,302,5,297
S01006594,458,15,443
S01006595,443,4,439
S01006596,449,6,443
S01006597,561,17,544
S01006598,485,2,483
S01006599,600,5,595
S01006600,707,12,695
S01006601,554,12,542
S01006602,438,7,431
S01006603,617,2,615
S01006604,391,0,391
S01006605,421,0,421
S01006606,587,2,585
S01006607,551,2,549
S01006608,377,0,377
S01006609,596,0,596
S01006610,371,0,371
S01006611,523,0,523
S01006612,403,0,403
S01006613,172,1,171
S01006614,357,0,357
S01006615,154,0,154
S01006616,332,0,332
S01006617,409,0,409
S01006618,244,1,243
S01006619,403,0,403
S01006620,490,0,490
S01006621,353,0,353
S01006622,285,0,285
S01006623,654,2,652
S01006624,457,0,457
S01006625,374,0,374
S01006626,446,0,446
S01006627,441,2,439
S01006628,731,3,728
S01006629,406,0,406
S01006630,328,0,328
S01006631,595,2,593
S01006632,518,0,518
S01006633,387,0,387
S01006634,363,0,363
S01006635,484,0,484
S01006636,486,0,486
S01006637,298,9,289
S01006638,708,24,684
S01006639,614,25,589
S01006640,85,1,84
S01006641,586,27,559
S01006642,494,50,444
S01006643,612,61,551
S01006644,356,19,337
S01006645,648,52,596
S01006646,525,85,440
S01006647,353,19,334
S01006648,681,70,611
S01006649,441,21,420
S01006650,519,36,483
S01006651,439,42,397
S01006652,398,31,367
S01006653,383,20,363
S01006654,483,6,477
S01006655,181,1,180
S01006656,521,30,491
S01006657,322,23,299
S01006658,620,76,544
S01006659,438,70,368
S01006660,344,27,317
S01006661,355,42,313
S01006662,288,14,274
S01006663,465,81,384
S01006664,218,36,182
S01006665,405,36,369
S01006666,774,8,766
S01006667,651,9,642
S01006668,425,77,348
S01006669,522,32,490
S01006670,299,3,296
S01006671,314,8,306
S01006672,369,19,350
S01006673,324,31,293
S01006674,536,4,532
S01006675,270,3,267
S01006676,397,6,391
S01006677,400,8,392
S01006678,513,7,506
S01006679,458,8,450
S01006680,392,4,388
S01006681,580,4,576
S01006682,394,8,386
S01006683,570,22,548
S01006684,417,9,408
S01006685,475,6,469
S01006686,441,5,436
S01006687,482,7,475
S01006688,563,4,559
S01006689,126,6,120
S01006690,393,16,377
S01006691,438,22,416
S01006692,423,14,409
S01006693,591,13,578
S01006694,632,3,629
S01006695,345,2,343
S01006696,513,6,507
S01006697,537,7,530
S01006698,504,2,502
S01006699,348,2,346
S01006700,640,8,632
S01006701,480,0,480
S01006702,438,0,438
S01006703,351,1,350
S01006704,393,0,393
S01006705,461,0,461
S01006706,385,1,384
S01006707,338,0,338
S01006708,430,0,430
S01006709,492,1,491
S01006710,494,0,494
S01006711,548,0,548
S01006712,299,0,299
S01006713,430,0,430
S01006714,399,1,398
S01006715,368,0,368
S01006716,236,0,236
S01006717,428,0,428
S01006718,246,0,246
S01006719,389,0,389
S01006720,295,1,294
S01006721,407,1,406
S01006722,347,0,347
S01006723,419,1,418
S01006724,473,0,473
S01006725,387,0,387
S01006726,389,0,389
S01006727,470,0,470
S01006728,388,0,388
S01006729,379,3,376
S01006730,307,1,306
S01006731,213,0,213
S01006732,357,1,356
S01006733,310,0,310
S01006734,389,0,389
S01006735,364,0,364
S01006736,350,0,350
S01006737,316,0,316
S01006738,343,1,342
S01006739,247,0,247
S01006740,494,0,494
S01006741,385,0,385
S01006742,231,0,231
S01006743,449,1,448
S01006744,329,0,329
S01006745,502,1,501
S01006746,311,0,311
S01006747,442,3,439
S01006748,434,1,433
S01006749,558,1,557
S01006750,337,0,337
S01006751,204,0,204
S01006752,382,1,381
S01006753,405,0,405
S01006754,482,0,482
S01006755,326,1,325
S01006756,102,0,102
S01006757,543,0,543
S01006758,283,0,283
S01006759,254,0,254
S01006760,284,0,284
S01006761,444,0,444
S01006762,477,1,476
S01006763,445,1,444
S01006764,344,0,344
S01006765,329,0,329
S01006766,239,1,238
S01006767,405,0,405
S01006768,226,0,226
S01006769,490,0,490
S01006770,272,0,272
S01006771,175,0,175
S01006772,575,0,575
S01006773,250,0,250
S01006774,268,1,267
S01006775,358,1,357
S01006776,350,0,350
S01006777,367,0,367
S01006778,371,0,371
S01006779,493,0,493
S01006780,398,1,397
S01006781,422,0,422
S01006782,415,2,413
S01006783,295,0,295
S01006784,321,3,318
S01006785,262,0,262
S01006786,435,0,435
S01006787,437,0,437
S01006788,281,0,281
S01006789,409,0,409
S01006790,423,0,423
S01006791,226,0,226
S01006792,283,0,283
S01006793,302,0,302
S01006794,366,0,366
S01006795,290,0,290
S01006796,154,0,154
S01006797,255,0,255
S01006798,251,1,250
S01006799,413,0,413
S01006800,327,0,327
S01006801,263,0,263
S01006802,297,0,297
S01006803,319,0,319
S01006804,292,1,291
S01006805,423,0,423
S01006806,414,0,414
S01006807,196,0,196
S01006808,344,0,344
S01006809,385,1,384
S01006810,406,0,406
S01006811,350,0,350
S01006812,290,0,290
S01006813,353,0,353
S01006814,332,0,332
S01006815,275,0,275
S01006816,371,0,371
S01006817,275,0,275
S01006818,242,0,242
S01006819,287,0,287
S01006820,219,0,219
S01006821,352,0,352
S01006822,293,0,293
S01006823,329,0,329
S01006824,286,0,286
S01006825,429,1,428
S01006826,418,0,418
S01006827,469,0,469
S01006828,532,0,532
S01006829,116,0,116
S01006830,253,0,253
S01006831,511,0,511
S01006832,365,0,365
S01006833,274,0,274
S01006834,95,0,95
S01006835,641,1,640
S01006836,34,0,34
S01006837,188,0,188
S01006838,381,0,381
S01006839,360,0,360
S01006840,414,0,414
S01006841,520,0,520
S01006842,384,0,384
S01006843,377,0,377
S01006844,325,0,325
S01006845,383,0,383
S01006846,347,0,347
S01006847,269,0,269
S01006848,286,0,286
S01006849,177,0,177
S01006850,413,0,413
S01006851,292,0,292
S01006852,214,0,214
S01006853,308,0,308
S01006854,544,0,544
S01006855,279,0,279
S01006856,347,0,347
S01006857,388,0,388
S01006858,222,0,222
S01006859,365,0,365
S01006860,309,0,309
S01006861,107,0,107
S01006862,407,0,407
S01006863,269,0,269
S01006864,71,0,71
S01006865,420,1,419
S01006866,250,0,250
S01006867,426,0,426
S01006868,342,0,342
S01006869,213,0,213
S01006870,218,0,218
S01006871,345,0,345
S01006872,341,0,341
S01006873,451,0,451
S01006874,222,0,222
S01006875,295,0,295
S01006876,386,0,386
S01006877,383,0,383
S01006878,410,0,410
S01006879,337,0,337
S01006880,210,0,210
S01006881,203,0,203
S01006882,422,0,422
S01006883,250,0,250
S01006884,419,0,419
S01006885,278,0,278
S01006886,299,0,299
S01006887,163,0,163
S01006888,284,0,284
S01006889,260,0,260
S01006890,378,0,378
S01006891,259,0,259
S01006892,263,0,263
S01006893,390,0,390
S01006894,281,0,281
S01006895,233,0,233
S01006896,306,0,306
S01006897,411,0,411
S01006898,223,0,223
S01006899,149,0,149
S01006900,184,0,184
S01006901,357,0,357
S01006902,282,0,282
S01006903,370,0,370
S01006904,194,0,194
S01006905,423,0,423
S01006906,506,0,506
S01006907,325,1,324
S01006908,415,0,415
S01006909,100,0,100
S01006910,139,0,139
S01006911,128,0,128
S01006912,102,0,102
S01006913,195,0,195
S01006914,286,0,286
S01006915,289,0,289
S01006916,103,0,103
S01006917,44,0,44
S01006918,179,0,179
S01006919,217,0,217
S01006920,283,0,283
S01006921,159,0,159
S01006922,224,0,224
S01006923,275,0,275
S01006924,166,0,166
S01006925,212,0,212
S01006926,114,1,113
S01006927,95,1,94
S01006928,429,0,429
S01006929,403,0,403
S01006930,287,0,287
S01006931,155,0,155
S01006932,156,0,156
S01006933,323,0,323
S01006934,225,0,225
S01006935,364,0,364
S01006936,290,0,290
S01006937,359,0,359
S01006938,369,0,369
S01006939,238,0,238
S01006940,401,0,401
S01006941,349,0,349
S01006942,386,0,386
S01006943,109,0,109
S01006944,41,0,41
S01006945,401,0,401
S01006946,306,0,306
S01006947,414,0,414
S01006948,369,0,369
S01006949,252,0,252
S01006950,93,0,93
S01006951,350,0,350
S01006952,441,0,441
S01006953,443,0,443
S01006954,408,0,408
S01006955,243,0,243
S01006956,258,0,258
S01006957,320,0,320
S01006958,460,0,460
S01006959,378,0,378
S01006960,123,0,123
S01006961,120,0,120
S01006962,344,0,344
S01006963,389,0,389
S01006964,358,0,358
S01006965,214,0,214
S01006966,293,0,293
S01006967,275,0,275
S01006968,429,0,429
S01006969,430,0,430
S01006970,260,0,260
S01006971,377,0,377
S01006972,173,0,173
S01006973,227,0,227
S01006974,490,0,490
S01006975,414,0,414
S01006976,200,0,200
S01006977,313,0,313
S01006978,307,0,307
S01006979,503,0,503
S01006980,233,0,233
S01006981,291,0,291
S01006982,378,0,378
S01006983,388,0,388
S01006984,299,0,299
S01006985,531,0,531
S01006986,179,0,179
S01006987,419,0,419
S01006988,186,0,186
S01006989,255,0,255
S01006990,169,0,169
S01006991,290,0,290
S01006992,314,0,314
S01006993,256,0,256
S01006994,233,0,233
S01006995,326,0,326
S01006996,273,0,273
S01006997,227,0,227
S01006998,391,0,391
S01006999,287,0,287
S01007000,484,1,483
S01007001,392,1,391
S01007002,160,0,160
S01007003,218,0,218
S01007004,406,0,406
S01007005,349,0,349
S01007006,399,0,399
S01007007,299,0,299
S01007008,389,0,389
S01007009,605,0,605
S01007010,444,0,444
S01007011,579,0,579
S01007012,430,0,430
S01007013,352,0,352
S01007014,366,0,366
S01007015,271,0,271
S01007016,189,0,189
S01007017,515,0,515
S01007018,510,0,510
S01007019,469,0,469
S01007020,497,1,496
S01007021,593,0,593
S01007022,187,0,187
S01007023,295,0,295
S01007024,420,0,420
S01007025,472,0,472
S01007026,425,0,425
S01007027,541,0,541
S01007028,446,0,446
S01007029,199,0,199
S01007030,381,0,381
S01007031,272,0,272
S01007032,595,0,595
S01007033,494,0,494
S01007034,464,0,464
S01007035,428,0,428
S01007036,417,0,417
S01007037,498,1,497
S01007038,368,0,368
S01007039,312,0,312
S01007040,461,0,461
S01007041,418,0,418
S01007042,371,0,371
S01007043,374,0,374
S01007044,423,0,423
S01007045,324,0,324
S01007046,222,0,222
S01007047,396,0,396
S01007048,507,0,507
S01007049,419,0,419
S01007050,395,0,395
S01007051,381,0,381
S01007052,208,0,208
S01007053,299,0,299
S01007054,460,0,460
S01007055,181,0,181
S01007056,287,0,287
S01007057,365,0,365
S01007058,354,0,354
S01007059,446,0,446
S01007060,241,0,241
S01007061,397,0,397
S01007062,262,0,262
S01007063,523,0,523
S01007064,257,0,257
S01007065,303,0,303
S01007066,258,0,258
S01007067,529,0,529
S01007068,297,0,297
S01007069,372,0,372
S01007070,340,0,340
S01007071,455,0,455
S01007072,420,0,420
S01007073,521,0,521
S01007074,456,0,456
S01007075,403,0,403
S01007076,318,0,318
S01007077,356,0,356
S01007078,446,0,446
S01007079,589,0,589
S01007080,385,0,385
S01007081,416,1,415
S01007082,287,0,287
S01007083,438,0,438
S01007084,408,0,408
S01007085,558,1,557
S01007086,594,0,594
S01007087,447,0,447
S01007088,284,0,284
S01007089,217,0,217
S01007090,235,0,235
S01007091,101,0,101
S01007092,308,0,308
S01007093,414,0,414
S01007094,433,0,433
S01007095,245,0,245
S01007096,369,0,369
S01007097,318,0,318
S01007098,190,0,190
S01007099,251,0,251
S01007100,339,0,339
S01007101,487,0,487
S01007102,284,0,284
S01007103,324,0,324
S01007104,182,0,182
S01007105,281,0,281
S01007106,378,0,378
S01007107,247,0,247
S01007108,246,0,246
S01007109,414,0,414
S01007110,408,0,408
S01007111,224,0,224
S01007112,345,0,345
S01007113,354,0,354
S01007114,339,0,339
S01007115,251,0,251
S01007116,232,1,231
S01007117,212,0,212
S01007118,372,0,372
S01007119,392,0,392
S01007120,469,0,469
S01007121,377,0,377
S01007122,290,0,290
S01007123,442,0,442
S01007124,448,0,448
S01007125,319,0,319
S01007126,448,0,448
S01007127,315,0,315
S01007128,485,0,485
S01007129,274,0,274
S01007130,298,0,298
S01007131,324,0,324
S01007132,276,0,276
S01007133,216,0,216
S01007134,330,0,330
S01007135,281,0,281
S01007136,120,0,120
S01007137,65,0,65
S01007138,189,0,189
S01007139,306,0,306
S01007140,317,0,317
S01007141,210,0,210
S01007142,63,0,63
S01007143,182,0,182
S01007144,584,0,584
S01007145,414,0,414
S01007146,386,0,386
S01007147,359,0,359
S01007148,206,0,206
S01007149,371,0,371
S01007150,351,0,351
S01007151,362,0,362
S01007152,327,1,326
S01007153,427,0,427
S01007154,491,0,491
S01007155,327,0,327
S01007156,394,0,394
S01007157,328,0,328
S01007158,352,0,352
S01007159,419,0,419
S01007160,350,0,350
S01007161,418,0,418
S01007162,203,0,203
S01007163,434,0,434
S01007164,348,0,348
S01007165,367,0,367
S01007166,468,0,468
S01007167,335,0,335
S01007168,401,0,401
S01007169,364,0,364
S01007170,272,0,272
S01007171,386,0,386
S01007172,332,0,332
S01007173,221,0,221
S01007174,252,0,252
S01007175,306,0,306
S01007176,480,0,480
S01007177,378,0,378
S01007178,485,0,485
S01007179,492,0,492
S01007180,449,0,449
S01007181,432,0,432
S01007182,587,0,587
S01007183,644,0,644
S01007184,545,0,545
S01007185,455,1,454
S01007186,337,1,336
S01007187,443,1,442
S01007188,396,0,396
S01007189,546,0,546
S01007190,434,0,434
S01007191,318,0,318
S01007192,363,0,363
S01007193,342,0,342
S01007194,275,0,275
S01007195,401,0,401
S01007196,296,0,296
S01007197,201,0,201
S01007198,213,0,213
S01007199,444,0,444
S01007200,399,0,399
S01007201,468,0,468
S01007202,347,0,347
S01007203,335,0,335
S01007204,400,0,400
S01007205,305,0,305
S01007206,191,0,191
S01007207,439,0,439
S01007208,451,0,451
S01007209,366,0,366
S01007210,511,0,511
S01007211,390,0,390
S01007212,381,0,381
S01007213,402,0,402
S01007214,510,0,510
S01007215,446,0,446
S01007216,350,0,350
S01007217,399,0,399
S01007218,314,0,314
S01007219,472,0,472
S01007220,364,0,364
S01007221,267,0,267
S01007222,455,0,455
S01007223,242,0,242
S01007224,310,0,310
S01007225,433,0,433
S01007226,358,0,358
S01007227,594,0,594
S01007228,304,0,304
S01007229,493,0,493
S01007230,639,0,639
S01007231,415,0,415
S01007232,324,0,324
S01007233,318,0,318
S01007234,255,0,255
S01007235,541,0,541
S01007236,532,0,532
S01007237,359,0,359
S01007238,439,0,439
S01007239,531,0,531
S01007240,232,0,232
S01007241,470,0,470
S01007242,457,0,457
S01007243,508,0,508
S01007244,260,0,260
S01007245,338,0,338
S01007246,256,0,256
S01007247,456,0,456
S01007248,366,0,366
S01007249,228,0,228
S01007250,392,0,392
S01007251,324,0,324
S01007252,336,0,336
S01007253,316,0,316
S01007254,421,0,421
S01007255,472,0,472
S01007256,370,0,370
S01007257,436,0,436
S01007258,355,0,355
S01007259,446,0,446
S01007260,525,0,525
S01007261,434,0,434
S01007262,298,0,298
S01007263,510,0,510
S01007264,382,0,382
S01007265,508,0,508
S01007266,340,0,340
S01007267,232,0,232
S01007268,237,0,237
S01007269,270,0,270
S01007270,209,0,209
S01007271,512,0,512
S01007272,530,0,530
S01007273,292,0,292
S01007274,448,0,448
S01007275,330,0,330
S01007276,474,0,474
S01007277,404,0,404
S01007278,371,0,371
S01007279,264,0,264
S01007280,251,1,250
S01007281,394,0,394
S01007282,217,1,216
S01007283,407,0,407
S01007284,396,0,396
S01007285,465,0,465
S01007286,579,0,579
S01007287,266,0,266
S01007288,345,0,345
S01007289,386,0,386
S01007290,163,0,163
S01007291,253,0,253
S01007292,279,0,279
S01007293,410,0,410
S01007294,382,0,382
S01007295,346,0,346
S01007296,357,2,355
S01007297,420,0,420
S01007298,242,0,242
S01007299,431,0,431
S01007300,343,0,343
S01007301,359,0,359
S01007302,362,0,362
S01007303,416,0,416
S01007304,260,0,260
S01007305,396,0,396
S01007306,429,3,426
S01007307,387,3,384
S01007308,361,0,361
S01007309,336,0,336
S01007310,429,0,429
S01007311,408,0,408
S01007312,388,0,388
S01007313,398,0,398
S01007314,374,0,374
S01007315,347,0,347
S01007316,534,0,534
S01007317,434,0,434
S01007318,276,0,276
S01007319,386,0,386
S01007320,434,0,434
S01007321,256,0,256
S01007322,406,0,406
S01007323,278,0,278
S01007324,144,0,144
S01007325,377,0,377
S01007326,443,0,443
S01007327,427,0,427
S01007328,499,0,499
S01007329,283,0,283
S01007330,370,0,370
S01007331,369,0,369
S01007332,278,0,278
S01007333,508,0,508
S01007334,455,0,455
S01007335,464,0,464
S01007336,403,0,403
S01007337,364,0,364
S01007338,447,0,447
S01007339,376,0,376
S01007340,395,0,395
S01007341,391,0,391
S01007342,327,0,327
S01007343,359,0,359
S01007344,281,0,281
S01007345,330,0,330
S01007346,554,0,554
S01007347,600,0,600
S01007348,374,0,374
S01007349,347,0,347
S01007350,366,0,366
S01007351,319,0,319
S01007352,237,0,237
S01007353,316,0,316
S01007354,366,0,366
S01007355,599,0,599
S01007356,325,0,325
S01007357,383,0,383
S01007358,655,0,655
S01007359,426,0,426
S01007360,372,0,372
S01007361,483,0,483
S01007362,466,0,466
S01007363,487,0,487
S01007364,486,0,486
S01007365,203,0,203
S01007366,316,0,316
S01007367,321,0,321
S01007368,289,0,289
S01007369,520,0,520
S01007370,486,0,486
S01007371,399,0,399
S01007372,415,0,415
S01007373,255,0,255
S01007374,353,0,353
S01007375,223,0,223
S01007376,433,0,433
S01007377,268,0,268
S01007378,294,0,294
S01007379,402,0,402
S01007380,302,0,302
S01007381,189,0,189
S01007382,444,0,444
S01007383,361,0,361
S01007384,444,0,444
S01007385,571,0,571
S01007386,341,0,341
S01007387,321,0,321
S01007388,273,0,273
S01007389,296,1,295
S01007390,144,1,143
S01007391,241,0,241
S01007392,183,0,183
S01007393,383,0,383
S01007394,391,0,391
S01007395,690,0,690
S01007396,634,0,634
S01007397,407,0,407
S01007398,282,0,282
S01007399,365,1,364
S01007400,422,1,421
S01007401,312,0,312
S01007402,294,0,294
S01007403,262,0,262
S01007404,284,1,283
S01007405,228,0,228
S01007406,273,0,273
S01007407,337,0,337
S01007408,374,0,374
S01007409,269,0,269
S01007410,419,0,419
S01007411,485,0,485
S01007412,260,0,260
S01007413,303,0,303
S01007414,126,0,126
S01007415,378,0,378
S01007416,216,0,216
S01007417,90,0,90
S01007418,303,0,303
S01007419,360,0,360
S01007420,393,0,393
S01007421,275,0,275
S01007422,347,2,345
S01007423,175,0,175
S01007424,316,0,316
S01007425,434,0,434
S01007426,435,0,435
S01007427,374,0,374
S01007428,538,1,537
S01007429,469,0,469
S01007430,253,0,253
S01007431,267,0,267
S01007432,300,0,300
S01007433,410,1,409
S01007434,277,0,277
S01007435,373,0,373
S01007436,543,1,542
S01007437,290,0,290
S01007438,342,1,341
S01007439,443,1,442
S01007440,359,0,359
S01007441,260,0,260
S01007442,290,1,289
S01007443,420,0,420
S01007444,578,0,578
S01007445,297,0,297
S01007446,284,0,284
S01007447,258,0,258
S01007448,413,0,413
S01007449,474,0,474
S01007450,587,0,587
S01007451,295,0,295
S01007452,323,0,323
S01007453,46,0,46
S01007454,204,0,204
S01007455,403,0,403
S01007456,499,0,499
S01007457,351,0,351
S01007458,343,0,343
S01007459,390,0,390
S01007460,391,0,391
S01007461,490,0,490
S01007462,410,0,410
S01007463,443,0,443
S01007464,523,0,523
S01007465,396,0,396
S01007466,543,1,542
S01007467,519,0,519
S01007468,491,0,491
S01007469,290,0,290
S01007470,327,0,327
S01007471,224,0,224
S01007472,536,0,536
S01007473,242,0,242
S01007474,175,0,175
S01007475,240,0,240
S01007476,363,0,363
S01007477,352,0,352
S01007478,448,1,447
S01007479,227,0,227
S01007480,378,1,377
S01007481,450,0,450
S01007482,361,0,361
S01007483,418,0,418
S01007484,440,0,440
S01007485,391,0,391
S01007486,427,1,426
S01007487,643,0,643
S01007488,503,0,503
S01007489,418,0,418
S01007490,509,0,509
S01007491,296,0,296
S01007492,301,0,301
S01007493,390,0,390
S01007494,343,0,343
S01007495,282,0,282
S01007496,447,0,447
S01007497,258,0,258
S01007498,509,0,509
S01007499,324,0,324
S01007500,345,0,345
S01007501,310,0,310
S01007502,298,0,298
S01007503,477,0,477
S01007504,476,0,476
S01007505,169,0,169
S01007506,239,0,239
S01007507,641,0,641
S01007508,311,0,311
S01007509,305,0,305
S01007510,444,0,444
S01007511,515,0,515
S01007512,246,0,246
S01007513,483,1,482
S01007514,271,0,271
S01007515,275,0,275
S01007516,344,0,344
S01007517,259,0,259
S01007518,400,0,400
S01007519,248,0,248
S01007520,444,0,444
S01007521,302,0,302
S01007522,532,0,532
S01007523,231,0,231
S01007524,382,0,382
S01007525,233,0,233
S01007526,487,0,487
S01007527,641,0,641
S01007528,456,0,456
S01007529,378,0,378
S01007530,218,0,218
S01007531,325,0,325
S01007532,214,0,214
S01007533,319,0,319
S01007534,599,0,599
S01007535,416,0,416
S01007536,475,0,475
S01007537,679,0,679
S01007538,299,0,299
S01007539,393,0,393
S01007540,416,0,416
S01007541,513,0,513
S01007542,423,0,423
S01007543,531,0,531
S01007544,640,0,640
S01007545,546,0,546
S01007546,224,0,224
S01007547,222,0,222
S01007548,364,0,364
S01007549,341,0,341
S01007550,579,0,579
S01007551,574,0,574
S01007552,439,0,439
S01007553,440,0,440
S01007554,373,0,373
S01007555,326,0,326
S01007556,325,0,325
S01007557,492,0,492
S01007558,248,0,248
S01007559,330,0,330
S01007560,484,0,484
S01007561,456,0,456
S01007562,334,0,334
S01007563,472,0,472
S01007564,509,0,509
S01007565,408,0,408
S01007566,284,0,284
S01007567,208,0,208
S01007568,310,0,310
S01007569,390,0,390
S01007570,378,0,378
S01007571,227,0,227
S01007572,283,0,283
S01007573,44,0,44
S01007574,569,0,569
S01007575,445,0,445
S01007576,508,0,508
S01007577,407,0,407
S01007578,398,0,398
S01007579,242,0,242
S01007580,335,0,335
S01007581,252,0,252
S01007582,396,0,396
S01007583,584,0,584
S01007584,418,0,418
S01007585,462,0,462
S01007586,444,0,444
S01007587,314,0,314
S01007588,400,0,400
S01007589,586,1,585
S01007590,297,0,297
S01007591,410,0,410
S01007592,471,0,471
S01007593,431,0,431
S01007594,338,0,338
S01007595,399,0,399
S01007596,345,0,345
S01007597,245,0,245
S01007598,423,0,423
S01007599,269,0,269
S01007600,424,0,424
S01007601,291,0,291
S01007602,389,0,389
S01007603,358,0,358
S01007604,417,0,417
S01007605,469,0,469
S01007606,300,0,300
S01007607,391,0,391
S01007608,423,0,423
S01007609,434,0,434
S01007610,423,0,423
S01007611,631,0,631
S01007612,554,2,552
S01007613,423,0,423
S01007614,358,0,358
S01007615,581,0,581
S01007616,470,0,470
S01007617,293,0,293
S01007618,367,0,367
S01007619,340,0,340
S01007620,361,0,361
S01007621,348,0,348
S01007622,360,0,360
S01007623,204,0,204
S01007624,300,0,300
S01007625,305,0,305
S01007626,212,0,212
S01007627,112,0,112
S01007628,361,0,361
S01007629,290,0,290
S01007630,322,0,322
S01007631,249,0,249
S01007632,689,0,689
S01007633,636,0,636
S01007634,269,0,269
S01007635,351,0,351
S01007636,579,0,579
S01007637,630,0,630
S01007638,523,0,523
S01007639,385,0,385
S01007640,238,0,238
S01007641,302,0,302
S01007642,522,0,522
S01007643,434,0,434
S01007644,371,0,371
S01007645,314,0,314
S01007646,272,0,272
S01007647,507,0,507
S01007648,526,0,526
S01007649,337,0,337
S01007650,451,0,451
S01007651,274,0,274
S01007652,312,0,312
S01007653,450,0,450
S01007654,499,0,499
S01007655,304,0,304
S01007656,380,0,380
S01007657,254,0,254
S01007658,284,0,284
S01007659,428,0,428
S01007660,588,0,588
S01007661,391,0,391
S01007662,545,0,545
S01007663,508,0,508
S01007664,284,0,284
S01007665,302,0,302
S01007666,118,0,118
S01007667,209,0,209
S01007668,550,0,550
S01007669,265,0,265
S01007670,383,0,383
S01007671,267,0,267
S01007672,435,0,435
S01007673,281,0,281
S01007674,494,0,494
S01007675,290,0,290
S01007676,201,0,201
S01007677,58,0,58
S01007678,363,0,363
S01007679,412,0,412
S01007680,380,0,380
S01007681,226,0,226
S01007682,468,13,455
S01007683,492,30,462
S01007684,500,2,498
S01007685,385,4,381
S01007686,507,9,498
S01007687,449,35,414
S01007688,528,80,448
S01007689,302,44,258
S01007690,500,87,413
S01007691,687,181,506
S01007692,464,96,368
S01007693,438,51,387
S01007694,272,25,247
S01007695,634,25,609
S01007696,520,42,478
S01007697,767,33,734
S01007698,631,37,594
S01007699,420,33,387
S01007700,415,6,409
S01007701,251,5,246
S01007702,166,24,142
S01007703,580,7,573
S01007704,694,38,656
S01007705,303,76,227
S01007706,345,81,264
S01007707,123,21,102
S01007708,599,5,594
S01007709,423,9,414
S01007710,550,77,473
S01007711,586,55,531
S01007712,469,26,443
S01007713,264,9,255
S01007714,310,2,308
S01007715,325,4,321
S01007716,627,4,623
S01007717,524,2,522
S01007718,625,6,619
S01007719,896,2,894
S01007720,570,0,570
S01007721,629,0,629
S01007722,583,0,583
S01007723,635,0,635
S01007724,403,7,396
S01007725,767,1,766
S01007726,450,12,438
S01007727,427,10,417
S01007728,578,20,558
S01007729,525,9,516
S01007730,502,10,492
S01007731,285,5,280
S01007732,349,22,327
S01007733,319,1,318
S01007734,371,0,371
S01007735,358,0,358
S01007736,352,1,351
S01007737,516,0,516
S01007738,567,0,567
S01007739,446,0,446
S01007740,309,0,309
S01007741,484,0,484
S01007742,379,0,379
S01007743,479,1,478
S01007744,410,0,410
S01007745,534,0,534
S01007746,411,0,411
S01007747,400,1,399
S01007748,332,1,331
S01007749,350,1,349
S01007750,412,0,412
S01007751,337,0,337
S01007752,541,2,539
S01007753,428,1,427
S01007754,599,0,599
S01007755,412,1,411
S01007756,448,0,448
S01007757,565,0,565
S01007758,576,0,576
S01007759,755,2,753
S01007760,448,0,448
S01007761,399,0,399
S01007762,464,0,464
S01007763,429,0,429
S01007764,372,0,372
S01007765,408,0,408
S01007766,454,0,454
S01007767,447,0,447
S01007768,402,0,402
S01007769,354,0,354
S01007770,368,0,368
S01007771,386,0,386
S01007772,648,0,648
S01007773,316,0,316
S01007774,52,0,52
S01007775,412,0,412
S01007776,199,0,199
S01007777,147,0,147
S01007778,107,0,107
S01007779,341,0,341
S01007780,329,0,329
S01007781,318,0,318
S01007782,319,1,318
S01007783,473,0,473
S01007784,346,1,345
S01007785,229,1,228
S01007786,384,0,384
S01007787,311,0,311
S01007788,329,0,329
S01007789,276,0,276
S01007790,291,0,291
S01007791,79,0,79
S01007792,420,0,420
S01007793,504,0,504
S01007794,496,0,496
S01007795,356,0,356
S01007796,437,2,435
S01007797,388,1,387
S01007798,137,0,137
S01007799,85,0,85
S01007800,373,0,373
S01007801,392,0,392
S01007802,250,0,250
S01007803,525,0,525
S01007804,320,0,320
S01007805,333,0,333
S01007806,417,1,416
S01007807,354,1,353
S01007808,316,0,316
S01007809,562,0,562
S01007810,408,0,408
S01007811,338,0,338
S01007812,299,0,299
S01007813,401,0,401
S01007814,338,0,338
S01007815,442,0,442
S01007816,271,0,271
S01007817,380,0,380
S01007818,394,0,394
S01007819,329,0,329
S01007820,439,0,439
S01007821,388,0,388
S01007822,441,0,441
S01007823,360,0,360
S01007824,548,0,548
S01007825,594,0,594
S01007826,295,0,295
S01007827,325,3,322
S01007828,712,6,706
S01007829,422,1,421
S01007830,635,3,632
S01007831,514,0,514
S01007832,491,2,489
S01007833,593,1,592
S01007834,425,8,417
S01007835,384,1,383
S01007836,431,0,431
S01007837,521,2,519
S01007838,528,1,527
S01007839,424,0,424
S01007840,500,1,499
S01007841,423,0,423
S01007842,652,1,651
S01007843,551,4,547
S01007844,644,3,641
S01007845,478,1,477
S01007846,366,0,366
S01007847,726,0,726
S01007848,571,0,571
S01007849,502,0,502
S01007850,293,0,293
S01007851,524,0,524
S01007852,585,0,585
S01007853,451,1,450
S01007854,603,2,601
S01007855,419,6,413
S01007856,373,0,373
S01007857,264,0,264
S01007858,465,0,465
S01007859,269,0,269
S01007860,109,0,109
S01007861,465,0,465
S01007862,472,0,472
S01007863,437,0,437
S01007864,481,0,481
S01007865,207,0,207
S01007866,203,0,203
S01007867,157,0,157
S01007868,469,0,469
S01007869,413,2,411
S01007870,249,0,249
S01007871,509,0,509
S01007872,339,0,339
S01007873,316,0,316
S01007874,429,0,429
S01007875,310,0,310
S01007876,333,0,333
S01007877,378,0,378
S01007878,336,0,336
S01007879,503,0,503
S01007880,236,0,236
S01007881,265,0,265
S01007882,341,0,341
S01007883,382,0,382
S01007884,362,0,362
S01007885,463,0,463
S01007886,461,0,461
S01007887,295,0,295
S01007888,441,0,441
S01007889,513,0,513
S01007890,287,0,287
S01007891,357,0,357
S01007892,478,0,478
S01007893,473,0,473
S01007894,434,0,434
S01007895,339,0,339
S01007896,492,0,492
S01007897,277,0,277
S01007898,249,0,249
S01007899,205,0,205
S01007900,240,0,240
S01007901,342,0,342
S01007902,433,0,433
S01007903,387,0,387
S01007904,303,0,303
S01007905,337,0,337
S01007906,431,0,431
S01007907,405,0,405
S01007908,502,0,502
S01007909,198,0,198
S01007910,450,0,450
S01007911,393,0,393
S01007912,387,0,387
S01007913,574,0,574
S01007914,360,0,360
S01007915,362,0,362
S01007916,522,0,522
S01007917,569,0,569
S01007918,523,0,523
S01007919,273,0,273
S01007920,222,0,222
S01007921,534,0,534
S01007922,585,0,585
S01007923,302,0,302
S01007924,505,0,505
S01007925,219,0,219
S01007926,266,0,266
S01007927,210,0,210
S01007928,475,0,475
S01007929,365,0,365
S01007930,202,0,202
S01007931,427,0,427
S01007932,369,0,369
S01007933,496,0,496
S01007934,286,0,286
S01007935,546,0,546
S01007936,332,0,332
S01007937,443,0,443
S01007938,415,0,415
S01007939,461,0,461
S01007940,724,0,724
S01007941,248,0,248
S01007942,109,0,109
S01007943,450,0,450
S01007944,457,0,457
S01007945,560,0,560
S01007946,468,0,468
S01007947,467,0,467
S01007948,336,0,336
S01007949,445,0,445
S01007950,415,0,415
S01007951,429,0,429
S01007952,400,0,400
S01007953,453,1,452
S01007954,314,1,313
S01007955,476,0,476
S01007956,401,0,401
S01007957,575,0,575
S01007958,478,0,478
S01007959,624,0,624
S01007960,268,0,268
S01007961,446,0,446
S01007962,417,0,417
S01007963,451,0,451
S01007964,384,0,384
S01007965,364,0,364
S01007966,426,0,426
S01007967,348,0,348
S01007968,471,0,471
S01007969,384,0,384
S01007970,518,0,518
S01007971,533,0,533
S01007972,500,0,500
S01007973,412,0,412
S01007974,551,0,551
S01007975,348,0,348
S01007976,578,0,578
S01007977,227,0,227
S01007978,449,0,449
S01007979,332,0,332
S01007980,388,0,388
S01007981,373,0,373
S01007982,311,0,311
S01007983,667,0,667
S01007984,431,0,431
S01007985,400,0,400
S01007986,240,0,240
S01007987,455,0,455
S01007988,376,0,376
S01007989,294,0,294
S01007990,448,0,448
S01007991,249,0,249
S01007992,263,0,263
S01007993,367,0,367
S01007994,114,0,114
S01007995,270,0,270
S01007996,146,0,146
S01007997,298,0,298
S01007998,299,0,299
S01007999,392,0,392
S01008000,395,0,395
S01008001,421,0,421
S01008002,459,0,459
S01008003,284,0,284
S01008004,49,0,49
S01008005,36,0,36
S01008006,263,0,263
S01008007,281,0,281
S01008008,257,0,257
S01008009,411,0,411
S01008010,612,1,611
S01008011,471,0,471
S01008012,488,1,487
S01008013,397,1,396
S01008014,382,0,382
S01008015,490,1,489
S01008016,442,0,442
S01008017,378,0,378
S01008018,426,0,426
S01008019,473,0,473
S01008020,442,0,442
S01008021,287,0,287
S01008022,341,0,341
S01008023,348,0,348
S01008024,57,0,57
S01008025,338,0,338
S01008026,560,0,560
S01008027,413,0,413
S01008028,150,0,150
S01008029,425,0,425
S01008030,428,0,428
S01008031,491,0,491
S01008032,523,0,523
S01008033,399,0,399
S01008034,399,0,399
S01008035,418,1,417
S01008036,246,0,246
S01008037,569,0,569
S01008038,437,0,437
S01008039,423,0,423
S01008040,323,0,323
S01008041,432,0,432
S01008042,420,0,420
S01008043,504,0,504
S01008044,542,0,542
S01008045,525,0,525
S01008046,698,0,698
S01008047,294,0,294
S01008048,285,0,285
S01008049,445,0,445
S01008050,263,0,263
S01008051,479,0,479
S01008052,334,0,334
S01008053,374,0,374
S01008054,354,0,354
S01008055,333,1,332
S01008056,469,0,469
S01008057,575,0,575
S01008058,302,0,302
S01008059,260,0,260
S01008060,609,1,608
S01008061,376,1,375
S01008062,429,0,429
S01008063,363,0,363
S01008064,422,0,422
S01008065,449,0,449
S01008066,388,0,388
S01008067,245,0,245
S01008068,482,0,482
S01008069,474,0,474
S01008070,451,0,451
S01008071,392,1,391
S01008072,313,0,313
S01008073,175,0,175
S01008074,364,0,364
S01008075,248,2,246
S01008076,432,0,432
S01008077,403,0,403
S01008078,314,0,314
S01008079,337,0,337
S01008080,317,0,317
S01008081,298,0,298
S01008082,422,0,422
S01008083,310,0,310
S01008084,362,0,362
S01008085,422,0,422
S01008086,445,0,445
S01008087,435,0,435
S01008088,392,0,392
S01008089,379,0,379
S01008090,305,0,305
S01008091,201,0,201
S01008092,424,0,424
S01008093,365,0,365
S01008094,293,0,293
S01008095,433,0,433
S01008096,336,0,336
S01008097,315,0,315
S01008098,288,0,288
S01008099,188,0,188
S01008100,402,0,402
S01008101,477,1,476
S01008102,296,0,296
S01008103,367,0,367
S01008104,467,0,467
S01008105,553,0,553
S01008106,438,0,438
S01008107,222,0,222
S01008108,356,0,356
S01008109,332,0,332
S01008110,356,0,356
S01008111,351,0,351
S01008112,383,0,383
S01008113,350,0,350
S01008114,342,0,342
S01008115,370,1,369
S01008116,453,0,453
S01008117,326,0,326
S01008118,567,0,567
S01008119,298,0,298
S01008120,320,0,320
S01008121,267,0,267
S01008122,449,0,449
S01008123,428,0,428
S01008124,377,0,377
S01008125,476,0,476
S01008126,349,0,349
S01008127,200,0,200
S01008128,436,0,436
S01008129,444,0,444
S01008130,485,0,485
S01008131,393,0,393
S01008132,424,0,424
S01008133,389,0,389
S01008134,387,0,387
S01008135,664,0,664
S01008136,778,0,778
S01008137,522,0,522
S01008138,378,0,378
S01008139,547,0,547
S01008140,421,0,421
S01008141,432,0,432
S01008142,356,0,356
S01008143,553,0,553
S01008144,394,0,394
S01008145,483,0,483
S01008146,353,0,353
S01008147,383,0,383
S01008148,390,0,390
S01008149,391,0,391
S01008150,597,0,597
S01008151,450,0,450
S01008152,538,0,538
S01008153,280,0,280
S01008154,413,0,413
S01008155,346,0,346
S01008156,428,0,428
S01008157,409,0,409
S01008158,423,1,422
S01008159,509,0,509
S01008160,407,0,407
S01008161,384,1,383
S01008162,535,0,535
S01008163,380,0,380
S01008164,293,0,293
S01008165,106,0,106
S01008166,289,0,289
S01008167,400,0,400
S01008168,423,0,423
S01008169,326,0,326
S01008170,281,0,281
S01008171,492,0,492
S01008172,250,0,250
S01008173,306,0,306
S01008174,233,0,233
S01008175,377,0,377
S01008176,354,0,354
S01008177,410,0,410
S01008178,281,0,281
S01008179,129,0,129
S01008180,170,0,170
S01008181,259,0,259
S01008182,669,0,669
S01008183,487,0,487
S01008184,503,0,503
S01008185,657,0,657
S01008186,450,0,450
S01008187,265,0,265
S01008188,751,0,751
S01008189,448,0,448
S01008190,399,0,399
S01008191,339,0,339
S01008192,462,0,462
S01008193,378,0,378
S01008194,261,0,261
S01008195,473,0,473
S01008196,357,0,357
S01008197,109,0,109
S01008198,297,0,297
S01008199,307,0,307
S01008200,399,0,399
S01008201,570,0,570
S01008202,349,0,349
S01008203,283,0,283
S01008204,509,0,509
S01008205,328,0,328
S01008206,468,0,468
S01008207,320,0,320
S01008208,144,0,144
S01008209,67,0,67
S01008210,590,0,590
S01008211,468,0,468
S01008212,253,0,253
S01008213,308,0,308
S01008214,388,0,388
S01008215,478,0,478
S01008216,319,0,319
S01008217,263,0,263
S01008218,211,0,211
S01008219,444,0,444
S01008220,235,0,235
S01008221,357,0,357
S01008222,336,0,336
S01008223,276,0,276
S01008224,404,1,403
S01008225,330,0,330
S01008226,379,0,379
S01008227,437,0,437
S01008228,260,0,260
S01008229,337,0,337
S01008230,214,0,214
S01008231,38,0,38
S01008232,96,0,96
S01008233,153,0,153
S01008234,305,0,305
S01008235,388,0,388
S01008236,444,0,444
S01008237,364,0,364
S01008238,422,1,421
S01008239,265,0,265
S01008240,547,0,547
S01008241,408,0,408
S01008242,556,0,556
S01008243,344,0,344
S01008244,346,0,346
S01008245,469,0,469
S01008246,459,1,458
S01008247,333,0,333
S01008248,516,0,516
S01008249,348,0,348
S01008250,362,0,362
S01008251,320,0,320
S01008252,437,0,437
S01008253,360,0,360
S01008254,547,0,547
S01008255,415,0,415
S01008256,450,0,450
S01008257,430,0,430
S01008258,516,0,516
S01008259,545,1,544
S01008260,394,0,394
S01008261,452,0,452
S01008262,336,0,336
S01008263,210,0,210
S01008264,283,0,283
S01008265,293,0,293
S01008266,363,0,363
S01008267,289,0,289
S01008268,283,0,283
S01008269,449,0,449
S01008270,505,0,505
S01008271,396,0,396
S01008272,363,0,363
S01008273,402,0,402
S01008274,416,0,416
S01008275,333,0,333
S01008276,243,0,243
S01008277,274,0,274
S01008278,326,0,326
S01008279,324,0,324
S01008280,560,0,560
S01008281,348,0,348
S01008282,278,1,277
S01008283,171,0,171
S01008284,288,0,288
S01008285,349,0,349
S01008286,585,0,585
S01008287,352,0,352
S01008288,444,0,444
S01008289,369,0,369
S01008290,400,0,400
S01008291,478,0,478
S01008292,249,0,249
S01008293,95,0,95
S01008294,162,0,162
S01008295,423,0,423
S01008296,319,0,319
S01008297,238,0,238
S01008298,466,0,466
S01008299,468,0,468
S01008300,361,0,361
S01008301,390,0,390
S01008302,307,0,307
S01008303,363,0,363
S01008304,218,0,218
S01008305,307,0,307
S01008306,236,0,236
S01008307,283,0,283
S01008308,237,0,237
S01008309,440,1,439
S01008310,442,0,442
S01008311,263,0,263
S01008312,260,0,260
S01008313,451,0,451
S01008314,435,0,435
S01008315,366,0,366
S01008316,362,0,362
S01008317,207,0,207
S01008318,519,0,519
S01008319,323,0,323
S01008320,302,0,302
S01008321,260,0,260
S01008322,681,0,681
S01008323,347,0,347
S01008324,246,0,246
S01008325,439,0,439
S01008326,432,0,432
S01008327,478,0,478
S01008328,292,0,292
S01008329,349,0,349
S01008330,353,0,353
S01008331,299,0,299
S01008332,414,0,414
S01008333,468,0,468
S01008334,346,0,346
S01008335,395,0,395
S01008336,345,0,345
S01008337,215,0,215
S01008338,254,0,254
S01008339,217,0,217
S01008340,300,0,300
S01008341,196,0,196
S01008342,381,0,381
S01008343,460,0,460
S01008344,274,0,274
S01008345,491,0,491
S01008346,371,0,371
S01008347,575,2,573
S01008348,411,0,411
S01008349,366,0,366
S01008350,321,1,320
S01008351,412,2,410
S01008352,334,1,333
S01008353,158,0,158
S01008354,301,0,301
S01008355,519,0,519
S01008356,376,0,376
S01008357,375,0,375
S01008358,405,0,405
S01008359,320,0,320
S01008360,416,0,416
S01008361,301,0,301
S01008362,459,0,459
S01008363,349,0,349
S01008364,327,1,326
S01008365,398,0,398
S01008366,456,0,456
S01008367,469,0,469
S01008368,400,0,400
S01008369,364,0,364
S01008370,311,0,311
S01008371,330,0,330
S01008372,326,0,326
S01008373,399,0,399
S01008374,316,0,316
S01008375,276,0,276
S01008376,216,0,216
S01008377,358,0,358
S01008378,344,0,344
S01008379,200,0,200
S01008380,228,0,228
S01008381,380,0,380
S01008382,327,0,327
S01008383,229,0,229
S01008384,376,0,376
S01008385,221,0,221
S01008386,387,0,387
S01008387,341,0,341
S01008388,234,0,234
S01008389,356,0,356
S01008390,291,0,291
S01008391,346,0,346
S01008392,317,0,317
S01008393,328,0,328
S01008394,382,0,382
S01008395,306,0,306
S01008396,357,0,357
S01008397,361,0,361
S01008398,346,0,346
S01008399,383,0,383
S01008400,431,0,431
S01008401,503,0,503
S01008402,370,0,370
S01008403,366,0,366
S01008404,399,0,399
S01008405,337,0,337
S01008406,531,0,531
S01008407,256,0,256
S01008408,319,0,319
S01008409,487,0,487
S01008410,355,0,355
S01008411,463,0,463
S01008412,238,0,238
S01008413,227,0,227
S01008414,214,0,214
S01008415,394,0,394
S01008416,516,0,516
S01008417,282,0,282
S01008418,311,0,311
S01008419,182,0,182
S01008420,238,0,238
S01008421,364,0,364
S01008422,389,0,389
S01008423,351,0,351
S01008424,464,0,464
S01008425,469,1,468
S01008426,519,0,519
S01008427,481,0,481
S01008428,416,2,414
S01008429,393,0,393
S01008430,458,1,457
S01008431,439,0,439
S01008432,458,0,458
S01008433,346,0,346
S01008434,423,0,423
S01008435,432,0,432
S01008436,375,0,375
S01008437,418,4,414
S01008438,290,0,290
S01008439,413,0,413
S01008440,479,0,479
S01008441,325,0,325
S01008442,234,0,234
S01008443,243,0,243
S01008444,321,0,321
S01008445,446,0,446
S01008446,671,1,670
S01008447,287,0,287
S01008448,324,0,324
S01008449,255,2,253
S01008450,169,0,169
S01008451,389,1,388
S01008452,326,2,324
S01008453,213,1,212
S01008454,516,0,516
S01008455,562,0,562
S01008456,544,0,544
S01008457,505,2,503
S01008458,371,0,371
S01008459,370,2,368
S01008460,517,0,517
S01008461,456,2,454
S01008462,353,0,353
S01008463,449,2,447
S01008464,451,1,450
S01008465,455,2,453
S01008466,365,3,362
S01008467,356,1,355
S01008468,406,3,403
S01008469,223,1,222
S01008470,389,1,388
S01008471,317,0,317
S01008472,296,5,291
S01008473,315,4,311
S01008474,480,1,479
S01008475,421,0,421
S01008476,446,0,446
S01008477,651,0,651
S01008478,490,5,485
S01008479,623,1,622
S01008480,188,0,188
S01008481,370,0,370
S01008482,406,4,402
S01008483,458,3,455
S01008484,404,0,404
S01008485,458,4,454
S01008486,424,1,423
S01008487,254,0,254
S01008488,433,3,430
S01008489,492,6,486
S01008490,653,3,650
S01008491,415,11,404
S01008492,289,2,287
S01008493,447,10,437
S01008494,484,11,473
S01008495,684,15,669
S01008496,776,16,760
S01008497,657,4,653
S01008498,500,15,485
S01008499,616,19,597
S01008500,179,0,179
S01008501,328,8,320
S01008502,392,17,375
S01008503,415,8,407
S01008504,688,18,670
S01008505,484,6,478
S01008506,545,9,536
S01008507,400,37,363
S01008508,470,2,468
S01008509,427,1,426
S01008510,363,0,363
S01008511,405,1,404
S01008512,418,0,418
S01008513,309,0,309
S01008514,355,3,352
S01008515,383,2,381
S01008516,782,24,758
S01008517,551,21,530
S01008518,508,6,502
S01008519,429,0,429
S01008520,499,0,499
S01008521,347,0,347
S01008522,259,0,259
S01008523,110,0,110
S01008524,579,0,579
S01008525,507,0,507
S01008526,424,2,422
S01008527,332,4,328
S01008528,300,1,299
S01008529,388,2,386
S01008530,525,2,523
S01008531,514,0,514
S01008532,308,1,307
S01008533,175,0,175
S01008534,312,0,312
S01008535,277,0,277
S01008536,313,0,313
S01008537,280,0,280
S01008538,290,0,290
S01008539,459,0,459
S01008540,430,0,430
S01008541,369,1,368
S01008542,428,1,427
S01008543,349,0,349
S01008544,215,0,215
S01008545,284,0,284
S01008546,341,0,341
S01008547,485,0,485
S01008548,487,2,485
S01008549,540,1,539
S01008550,470,1,469
S01008551,495,0,495
S01008552,461,0,461
S01008553,315,0,315
S01008554,321,0,321
S01008555,488,0,488
S01008556,530,0,530
S01008557,412,0,412
S01008558,429,0,429
S01008559,361,0,361
S01008560,352,0,352
S01008561,408,0,408
S01008562,402,1,401
S01008563,571,1,570
S01008564,463,0,463
S01008565,454,1,453
S01008566,415,0,415
S01008567,276,1,275
S01008568,375,3,372
S01008569,423,1,422
S01008570,413,0,413
S01008571,375,0,375
S01008572,365,1,364
S01008573,358,1,357
S01008574,390,0,390
S01008575,325,1,324
S01008576,450,5,445
S01008577,472,0,472
S01008578,379,0,379
S01008579,391,0,391
S01008580,412,4,408
S01008581,576,3,573
S01008582,643,3,640
S01008583,431,0,431
S01008584,546,7,539
S01008585,400,4,396
S01008586,433,0,433
S01008587,288,11,277
S01008588,474,6,468
S01008589,166,1,165
S01008590,314,9,305
S01008591,424,25,399
S01008592,409,18,391
S01008593,355,3,352
S01008594,301,12,289
S01008595,629,4,625
S01008596,514,24,490
S01008597,504,4,500
S01008598,490,46,444
S01008599,403,21,382
S01008600,396,61,335
S01008601,325,109,216
S01008602,317,34,283
S01008603,497,63,434
S01008604,469,40,429
S01008605,387,38,349
S01008606,388,15,373
S01008607,256,0,256
S01008608,355,0,355
S01008609,494,5,489
S01008610,536,60,476
S01008611,557,110,447
S01008612,350,46,304
S01008613,472,52,420
S01008614,387,98,289
S01008615,371,70,301
S01008616,311,88,223
S01008617,341,88,253
S01008618,261,90,171
S01008619,197,39,158
S01008620,267,67,200
S01008621,318,84,234
S01008622,352,68,284
S01008623,426,69,357
S01008624,319,0,319
S01008625,237,0,237
S01008626,483,10,473
S01008627,305,0,305
S01008628,323,17,306
S01008629,465,25,440
S01008630,375,19,356
S01008631,510,17,493
S01008632,612,13,599
S01008633,548,7,541
S01008634,281,15,266
S01008635,338,27,311
S01008636,379,17,362
S01008637,296,21,275
S01008638,508,78,430
S01008639,549,40,509
S01008640,540,56,484
S01008641,455,66,389
S01008642,456,51,405
S01008643,447,34,413
S01008644,281,29,252
S01008645,468,35,433
S01008646,699,29,670
S01008647,387,15,372
S01008648,510,35,475
S01008649,759,28,731
S01008650,582,19,563
S01008651,548,14,534
S01008652,501,14,487
S01008653,401,18,383
S01008654,701,31,670
S01008655,349,28,321
S01008656,627,24,603
S01008657,421,42,379
S01008658,647,32,615
S01008659,601,50,551
S01008660,521,57,464
S01008661,579,34,545
S01008662,453,94,359
S01008663,502,56,446
S01008664,494,52,442
S01008665,512,91,421
S01008666,328,74,254
S01008667,390,43,347
S01008668,498,97,401
S01008669,216,67,149
S01008670,436,102,334
S01008671,484,107,377
S01008672,272,51,221
S01008673,433,28,405
S01008674,417,57,360
S01008675,489,15,474
S01008676,419,27,392
S01008677,379,16,363
S01008678,475,104,371
S01008679,540,60,480
S01008680,424,54,370
S01008681,564,57,507
S01008682,446,52,394
S01008683,775,79,696
S01008684,551,57,494
S01008685,399,11,388
S01008686,618,14,604
S01008687,537,8,529
S01008688,478,7,471
S01008689,743,5,738
S01008690,593,4,589
S01008691,779,10,769
S01008692,620,7,613
S01008693,295,0,295
S01008694,730,7,723
S01008695,478,3,475
S01008696,282,0,282
S01008697,345,0,345
S01008698,319,0,319
S01008699,555,0,555
S01008700,309,0,309
S01008701,214,0,214
S01008702,128,1,127
S01008703,363,1,362
S01008704,406,1,405
S01008705,212,1,211
S01008706,355,0,355
S01008707,464,0,464
S01008708,404,0,404
S01008709,453,0,453
S01008710,160,0,160
S01008711,370,1,369
S01008712,485,0,485
S01008713,306,0,306
S01008714,337,0,337
S01008715,384,0,384
S01008716,354,0,354
S01008717,214,1,213
S01008718,267,0,267
S01008719,431,1,430
S01008720,262,1,261
S01008721,316,0,316
S01008722,474,0,474
S01008723,266,0,266
S01008724,406,1,405
S01008725,344,0,344
S01008726,473,0,473
S01008727,512,0,512
S01008728,214,0,214
S01008729,326,0,326
S01008730,486,0,486
S01008731,280,0,280
S01008732,411,0,411
S01008733,505,0,505
S01008734,354,0,354
S01008735,467,0,467
S01008736,284,0,284
S01008737,334,1,333
S01008738,358,0,358
S01008739,250,0,250
S01008740,291,0,291
S01008741,446,0,446
S01008742,381,0,381
S01008743,565,0,565
S01008744,502,1,501
S01008745,274,0,274
S01008746,562,2,560
S01008747,290,0,290
S01008748,443,0,443
S01008749,497,0,497
S01008750,331,0,331
S01008751,582,0,582
S01008752,520,0,520
S01008753,378,0,378
S01008754,397,1,396
S01008755,488,1,487
S01008756,485,0,485
S01008757,410,0,410
S01008758,562,2,560
S01008759,402,0,402
S01008760,566,1,565
S01008761,299,2,297
S01008762,287,1,286
S01008763,391,0,391
S01008764,283,0,283
S01008765,579,2,577
S01008766,584,2,582
S01008767,388,1,387
S01008768,305,2,303
S01008769,114,1,113
S01008770,40,0,40
S01008771,40,0,40
S01008772,549,1,548
S01008773,524,0,524
S01008774,437,2,435
S01008775,262,4,258
S01008776,702,5,697
S01008777,551,3,548
S01008778,373,2,371
S01008779,203,1,202
S01008780,222,0,222
S01008781,201,1,200
S01008782,277,2,275
S01008783,172,4,168
S01008784,333,1,332
S01008785,483,1,482
S01008786,514,1,513
S01008787,311,0,311
S01008788,230,1,229
S01008789,366,0,366
S01008790,366,6,360
S01008791,208,3,205
S01008792,492,1,491
S01008793,507,0,507
S01008794,499,2,497
S01008795,581,4,577
S01008796,548,23,525
S01008797,563,2,561
S01008798,592,8,584
S01008799,136,1,135
S01008800,548,4,544
S01008801,524,3,521
S01008802,663,6,657
S01008803,631,11,620
S01008804,373,8,365
S01008805,340,11,329
S01008806,435,2,433
S01008807,599,4,595
S01008808,399,8,391
S01008809,429,13,416
S01008810,554,13,541
S01008811,364,15,349
S01008812,453,10,443
S01008813,416,7,409
S01008814,598,10,588
S01008815,653,7,646
S01008816,163,0,163
S01008817,364,0,364
S01008818,471,3,468
S01008819,483,1,482
S01008820,666,6,660
S01008821,315,0,315
S01008822,335,0,335
S01008823,393,1,392
S01008824,613,0,613
S01008825,309,0,309
S01008826,371,0,371
S01008827,465,0,465
S01008828,486,0,486
S01008829,458,0,458
S01008830,573,6,567
S01008831,468,0,468
S01008832,254,1,253
S01008833,551,3,548
S01008834,554,3,551
S01008835,474,0,474
S01008836,312,1,311
S01008837,571,5,566
S01008838,583,3,580
S01008839,619,11,608
S01008840,502,15,487
S01008841,239,4,235
S01008842,65,1,64
S01008843,369,7,362
S01008844,223,8,215
S01008845,311,15,296
S01008846,419,13,406
S01008847,323,18,305
S01008848,401,26,375
S01008849,494,34,460
S01008850,696,31,665
S01008851,723,4,719
S01008852,589,23,566
S01008853,280,12,268
S01008854,507,34,473
S01008855,550,22,528
S01008856,352,11,341
S01008857,524,7,517
S01008858,621,7,614
S01008859,577,5,572
S01008860,728,10,718
S01008861,483,5,478
S01008862,664,5,659
S01008863,443,5,438
S01008864,631,7,624
S01008865,616,11,605
S01008866,596,7,589
S01008867,515,4,511
S01008868,560,33,527
S01008869,660,3,657
S01008870,547,1,546
S01008871,607,21,586
S01008872,484,19,465
S01008873,369,0,369
S01008874,499,9,490
S01008875,658,12,646
S01008876,351,4,347
S01008877,368,4,364
S01008878,592,2,590
S01008879,406,0,406
S01008880,332,2,330
S01008881,298,1,297
S01008882,460,2,458
S01008883,431,0,431
S01008884,370,0,370
S01008885,387,0,387
S01008886,541,0,541
S01008887,351,0,351
S01008888,394,4,390
S01008889,264,0,264
S01008890,341,0,341
S01008891,335,0,335
S01008892,616,5,611
S01008893,435,2,433
S01008894,393,0,393
S01008895,317,0,317
S01008896,257,0,257
S01008897,391,0,391
S01008898,409,0,409
S01008899,363,1,362
S01008900,388,1,387
S01008901,457,1,456
S01008902,447,1,446
S01008903,534,1,533
S01008904,461,9,452
S01008905,566,1,565
S01008906,326,2,324
S01008907,300,0,300
S01008908,424,1,423
S01008909,485,0,485
S01008910,308,2,306
S01008911,152,2,150
S01008912,392,0,392
S01008913,202,1,201
S01008914,530,1,529
S01008915,277,0,277
S01008916,676,0,676
S01008917,321,0,321
S01008918,318,0,318
S01008919,302,0,302
S01008920,136,2,134
S01008921,525,1,524
S01008922,552,0,552
S01008923,476,1,475
S01008924,371,0,371
S01008925,324,1,323
S01008926,166,1,165
S01008927,33,0,33
S01008928,208,1,207
S01008929,770,2,768
S01008930,546,1,545
S01008931,335,0,335
S01008932,225,1,224
S01008933,272,1,271
S01008934,268,1,267
S01008935,459,0,459
S01008936,269,0,269
S01008937,357,1,356
S01008938,401,1,400
S01008939,322,1,321
S01008940,309,0,309
S01008941,279,2,277
S01008942,526,1,525
S01008943,304,0,304
S01008944,427,0,427
S01008945,440,1,439
S01008946,302,0,302
S01008947,468,1,467
S01008948,517,0,517
S01008949,580,2,578
S01008950,451,0,451
S01008951,542,4,538
S01008952,723,7,716
S01008953,520,3,517
S01008954,489,1,488
S01008955,384,1,383
S01008956,594,0,594
S01008957,503,5,498
S01008958,411,2,409
S01008959,447,1,446
S01008960,150,0,150
S01008961,488,1,487
S01008962,300,1,299
S01008963,391,0,391
S01008964,304,0,304
S01008965,327,0,327
S01008966,391,1,390
S01008967,479,0,479
S01008968,439,0,439
S01008969,442,1,441
S01008970,483,3,480
S01008971,267,0,267
S01008972,561,2,559
S01008973,302,0,302
S01008974,451,3,448
S01008975,499,4,495
S01008976,314,0,314
S01008977,335,0,335
S01008978,302,0,302
S01008979,362,0,362
S01008980,311,5,306
S01008981,363,0,363
S01008982,396,1,395
S01008983,416,3,413
S01008984,230,0,230
S01008985,347,1,346
S01008986,385,0,385
S01008987,435,0,435
S01008988,377,0,377
S01008989,489,0,489
S01008990,594,4,590
S01008991,510,2,508
S01008992,204,0,204
S01008993,477,1,476
S01008994,419,0,419
S01008995,432,0,432
S01008996,335,0,335
S01008997,356,0,356
S01008998,361,0,361
S01008999,459,0,459
S01009000,466,0,466
S01009001,296,0,296
S01009002,332,0,332
S01009003,376,0,376
S01009004,338,0,338
S01009005,416,0,416
S01009006,593,0,593
S01009007,391,0,391
S01009008,439,0,439
S01009009,260,0,260
S01009010,496,0,496
S01009011,440,0,440
S01009012,363,0,363
S01009013,422,0,422
S01009014,337,0,337
S01009015,240,0,240
S01009016,247,0,247
S01009017,278,0,278
S01009018,305,0,305
S01009019,359,0,359
S01009020,394,0,394
S01009021,318,0,318
S01009022,412,0,412
S01009023,409,0,409
S01009024,540,0,540
S01009025,433,0,433
S01009026,450,0,450
S01009027,371,0,371
S01009028,261,0,261
S01009029,312,0,312
S01009030,402,0,402
S01009031,324,0,324
S01009032,266,0,266
S01009033,384,0,384
S01009034,258,0,258
S01009035,334,0,334
S01009036,342,0,342
S01009037,275,0,275
S01009038,387,0,387
S01009039,478,0,478
S01009040,401,1,400
S01009041,526,1,525
S01009042,385,1,384
S01009043,541,0,541
S01009044,510,0,510
S01009045,454,0,454
S01009046,322,0,322
S01009047,285,0,285
S01009048,296,0,296
S01009049,291,0,291
S01009050,389,0,389
S01009051,375,0,375
S01009052,406,0,406
S01009053,290,0,290
S01009054,298,0,298
S01009055,310,0,310
S01009056,210,0,210
S01009057,350,0,350
S01009058,436,0,436
S01009059,228,0,228
S01009060,160,0,160
S01009061,395,0,395
S01009062,421,0,421
S01009063,266,0,266
S01009064,300,0,300
S01009065,553,0,553
S01009066,325,0,325
S01009067,166,0,166
S01009068,370,0,370
S01009069,322,0,322
S01009070,401,0,401
S01009071,244,0,244
S01009072,147,0,147
S01009073,337,0,337
S01009074,389,0,389
S01009075,296,0,296
S01009076,458,0,458
S01009077,307,0,307
S01009078,154,0,154
S01009079,536,0,536
S01009080,633,0,633
S01009081,435,0,435
S01009082,448,0,448
S01009083,310,0,310
S01009084,370,0,370
S01009085,107,0,107
S01009086,313,0,313
S01009087,288,0,288
S01009088,410,0,410
S01009089,180,0,180
S01009090,58,0,58
S01009091,67,0,67
S01009092,450,1,449
S01009093,385,0,385
S01009094,366,0,366
S01009095,560,0,560
S01009096,230,0,230
S01009097,348,0,348
S01009098,189,0,189
S01009099,418,0,418
S01009100,625,0,625
S01009101,435,0,435
S01009102,439,0,439
S01009103,260,0,260
S01009104,365,0,365
S01009105,287,0,287
S01009106,367,0,367
S01009107,389,0,389
S01009108,371,0,371
S01009109,386,0,386
S01009110,384,0,384
S01009111,468,0,468
S01009112,246,0,246
S01009113,305,0,305
S01009114,306,0,306
S01009115,332,0,332
S01009116,335,0,335
S01009117,310,0,310
S01009118,216,0,216
S01009119,348,0,348
S01009120,284,0,284
S01009121,458,0,458
S01009122,400,0,400
S01009123,122,0,122
S01009124,209,0,209
S01009125,332,0,332
S01009126,358,0,358
S01009127,281,0,281
S01009128,581,1,580
S01009129,271,0,271
S01009130,209,0,209
S01009131,491,1,490
S01009132,377,0,377
S01009133,381,1,380
S01009134,457,1,456
S01009135,279,1,278
S01009136,119,0,119
S01009137,75,0,75
S01009138,457,1,456
S01009139,384,0,384
S01009140,353,2,351
S01009141,385,0,385
S01009142,373,0,373
S01009143,273,1,272
S01009144,287,0,287
S01009145,554,1,553
S01009146,439,0,439
S01009147,418,0,418
S01009148,302,0,302
S01009149,313,0,313
S01009150,534,0,534
S01009151,338,0,338
S01009152,548,0,548
S01009153,397,2,395
S01009154,331,0,331
S01009155,242,0,242
S01009156,353,0,353
S01009157,417,0,417
S01009158,421,0,421
S01009159,309,0,309
S01009160,307,1,306
S01009161,481,0,481
S01009162,401,0,401
S01009163,263,1,262
S01009164,412,0,412
S01009165,314,0,314
S01009166,443,0,443
S01009167,295,0,295
S01009168,433,0,433
S01009169,440,0,440
S01009170,278,0,278
S01009171,360,0,360
S01009172,306,0,306
S01009173,346,0,346
S01009174,32,0,32
S01009175,340,0,340
S01009176,343,0,343
S01009177,355,0,355
S01009178,348,0,348
S01009179,368,0,368
S01009180,438,0,438
S01009181,464,0,464
S01009182,462,0,462
S01009183,376,0,376
S01009184,540,0,540
S01009185,480,0,480
S01009186,336,0,336
S01009187,328,0,328
S01009188,444,0,444
S01009189,436,0,436
S01009190,218,0,218
S01009191,68,0,68
S01009192,260,0,260
S01009193,141,0,141
S01009194,354,0,354
S01009195,264,0,264
S01009196,316,0,316
S01009197,386,0,386
S01009198,345,0,345
S01009199,308,0,308
S01009200,376,0,376
S01009201,307,0,307
S01009202,217,0,217
S01009203,271,0,271
S01009204,417,0,417
S01009205,518,0,518
S01009206,501,0,501
S01009207,424,0,424
S01009208,301,0,301
S01009209,488,0,488
S01009210,387,0,387
S01009211,322,0,322
S01009212,400,0,400
S01009213,332,0,332
S01009214,491,0,491
S01009215,541,0,541
S01009216,486,0,486
S01009217,344,0,344
S01009218,543,0,543
S01009219,317,0,317
S01009220,294,0,294
S01009221,269,0,269
S01009222,298,0,298
S01009223,220,0,220
S01009224,437,0,437
S01009225,402,0,402
S01009226,633,0,633
S01009227,399,0,399
S01009228,429,0,429
S01009229,453,0,453
S01009230,445,0,445
S01009231,442,0,442
S01009232,369,1,368
S01009233,366,0,366
S01009234,513,0,513
S01009235,421,0,421
S01009236,314,0,314
S01009237,314,0,314
S01009238,472,0,472
S01009239,416,0,416
S01009240,395,0,395
S01009241,470,0,470
S01009242,400,0,400
S01009243,481,0,481
S01009244,341,0,341
S01009245,356,0,356
S01009246,495,0,495
S01009247,546,0,546
S01009248,307,0,307
S01009249,499,0,499
S01009250,344,1,343
S01009251,224,0,224
S01009252,161,0,161
S01009253,358,0,358
S01009254,457,0,457
S01009255,367,0,367
S01009256,294,0,294
S01009257,277,0,277
S01009258,335,0,335
S01009259,326,0,326
S01009260,499,0,499
S01009261,419,0,419
S01009262,397,0,397
S01009263,208,0,208
S01009264,339,0,339
S01009265,340,0,340
S01009266,449,0,449
S01009267,352,0,352
S01009268,313,0,313
S01009269,468,0,468
S01009270,367,0,367
S01009271,333,0,333
S01009272,363,0,363
S01009273,340,0,340
S01009274,343,0,343
S01009275,251,0,251
S01009276,415,0,415
S01009277,299,0,299
S01009278,171,0,171
S01009279,271,0,271
S01009280,403,0,403
S01009281,406,0,406
S01009282,404,0,404
S01009283,246,0,246
S01009284,287,0,287
S01009285,356,0,356
S01009286,424,0,424
S01009287,385,0,385
S01009288,406,0,406
S01009289,385,0,385
S01009290,283,0,283
S01009291,460,0,460
S01009292,226,0,226
S01009293,281,0,281
S01009294,272,0,272
S01009295,306,0,306
S01009296,374,0,374
S01009297,400,0,400
S01009298,665,0,665
S01009299,509,0,509
S01009300,334,0,334
S01009301,576,0,576
S01009302,496,0,496
S01009303,339,0,339
S01009304,548,0,548
S01009305,508,0,508
S01009306,612,0,612
S01009307,662,0,662
S01009308,465,0,465
S01009309,322,0,322
S01009310,366,1,365
S01009311,393,0,393
S01009312,501,0,501
S01009313,330,0,330
S01009314,374,0,374
S01009315,328,0,328
S01009316,349,0,349
S01009317,403,0,403
S01009318,381,0,381
S01009319,443,0,443
S01009320,393,0,393
S01009321,219,0,219
S01009322,292,0,292
S01009323,420,0,420
S01009324,306,0,306
S01009325,225,0,225
S01009326,118,0,118
S01009327,324,0,324
S01009328,37,0,37
S01009330,80,0,80
S01009331,86,0,86
S01009332,292,0,292
S01009333,444,0,444
S01009334,310,0,310
S01009335,363,0,363
S01009336,295,0,295
S01009337,400,0,400
S01009338,399,1,398
S01009339,492,0,492
S01009340,430,0,430
S01009341,461,0,461
S01009342,396,0,396
S01009343,243,0,243
S01009344,335,0,335
S01009345,494,0,494
S01009346,58,0,58
S01009347,123,0,123
S01009348,92,0,92
S01009349,56,0,56
S01009350,68,0,68
S01009351,34,0,34
S01009352,27,0,27
S01009353,140,0,140
S01009354,114,0,114
S01009355,375,0,375
S01009356,412,0,412
S01009357,177,1,176
S01009358,113,0,113
S01009359,102,0,102
S01009360,348,0,348
S01009361,350,0,350
S01009362,495,0,495
S01009363,444,0,444
S01009364,298,0,298
S01009365,307,0,307
S01009366,435,0,435
S01009367,338,0,338
S01009368,300,0,300
S01009369,420,0,420
S01009370,381,0,381
S01009371,239,0,239
S01009372,246,0,246
S01009373,481,0,481
S01009374,417,0,417
S01009375,326,0,326
S01009376,406,0,406
S01009377,280,0,280
S01009378,400,0,400
S01009379,65,0,65
S01009380,228,0,228
S01009381,295,0,295
S01009382,643,0,643
S01009383,497,0,497
S01009384,253,0,253
S01009385,316,0,316
S01009386,471,1,470
S01009387,414,0,414
S01009388,522,0,522
S01009389,433,0,433
S01009390,264,0,264
S01009391,311,0,311
S01009392,202,0,202
S01009393,322,0,322
S01009394,390,0,390
S01009395,447,0,447
S01009396,296,0,296
S01009397,332,0,332
S01009398,499,0,499
S01009399,436,0,436
S01009400,412,0,412
S01009401,401,0,401
S01009402,352,0,352
S01009403,285,0,285
S01009404,289,0,289
S01009405,290,0,290
S01009406,427,0,427
S01009407,216,0,216
S01009408,215,0,215
S01009409,384,0,384
S01009410,349,0,349
S01009411,566,0,566
S01009412,409,0,409
S01009413,591,0,591
S01009414,347,0,347
S01009415,525,0,525
S01009416,241,0,241
S01009417,163,0,163
S01009418,577,0,577
S01009419,412,0,412
S01009420,307,0,307
S01009421,281,0,281
S01009422,500,0,500
S01009423,109,0,109
S01009424,303,0,303
S01009425,406,0,406
S01009426,540,0,540
S01009427,325,0,325
S01009428,275,0,275
S01009429,436,0,436
S01009430,340,0,340
S01009431,470,0,470
S01009432,426,0,426
S01009433,350,0,350
S01009434,250,0,250
S01009435,442,0,442
S01009436,281,0,281
S01009437,405,0,405
S01009438,504,0,504
S01009439,502,0,502
S01009440,399,0,399
S01009441,419,0,419
S01009442,282,0,282
S01009443,369,0,369
S01009444,287,0,287
S01009445,396,0,396
S01009446,490,0,490
S01009447,357,0,357
S01009448,272,0,272
S01009449,314,0,314
S01009450,324,0,324
S01009451,560,1,559
S01009452,432,0,432
S01009453,486,0,486
S01009454,496,0,496
S01009455,623,0,623
S01009456,459,0,459
S01009457,327,0,327
S01009458,320,0,320
S01009459,534,1,533
S01009460,395,0,395
S01009461,68,0,68
S01009462,280,0,280
S01009463,480,0,480
S01009464,385,0,385
S01009465,270,0,270
S01009466,371,0,371
S01009467,372,0,372
S01009468,372,0,372
S01009469,377,0,377
S01009470,395,0,395
S01009471,468,0,468
S01009472,540,0,540
S01009473,438,4,434
S01009474,366,0,366
S01009475,78,0,78
S01009476,184,0,184
S01009477,513,0,513
S01009478,511,0,511
S01009479,458,0,458
S01009480,505,0,505
S01009481,476,0,476
S01009482,346,0,346
S01009483,404,0,404
S01009484,639,0,639
S01009485,360,0,360
S01009486,370,0,370
S01009487,580,0,580
S01009488,388,0,388
S01009489,404,0,404
S01009490,393,0,393
S01009491,317,0,317
S01009492,366,0,366
S01009493,524,0,524
S01009494,509,0,509
S01009495,380,0,380
S01009496,378,0,378
S01009497,457,0,457
S01009498,254,0,254
S01009499,358,0,358
S01009500,424,0,424
S01009501,370,0,370
S01009502,442,1,441
S01009503,476,0,476
S01009504,362,0,362
S01009505,409,1,408
S01009506,540,0,540
S01009507,309,0,309
S01009508,507,0,507
S01009509,481,0,481
S01009510,345,0,345
S01009511,388,1,387
S01009512,404,0,404
S01009513,327,0,327
S01009514,344,0,344
S01009515,410,0,410
S01009516,489,0,489
S01009517,45,0,45
S01009518,109,0,109
S01009519,289,0,289
S01009520,366,0,366
S01009521,320,0,320
S01009522,376,0,376
S01009523,376,0,376
S01009524,411,0,411
S01009525,270,0,270
S01009526,180,1,179
S01009527,436,1,435
S01009528,490,0,490
S01009529,517,2,515
S01009530,380,0,380
S01009531,560,0,560
S01009532,550,0,550
S01009533,522,1,521
S01009534,396,0,396
S01009535,456,0,456
S01009536,217,0,217
S01009537,318,0,318
S01009538,561,0,561
S01009539,464,0,464
S01009540,574,2,572
S01009541,506,0,506
S01009542,440,0,440
S01009543,398,0,398
S01009544,456,0,456
S01009545,341,0,341
S01009546,333,0,333
S01009547,378,0,378
S01009548,460,0,460
S01009549,449,0,449
S01009550,251,0,251
S01009551,288,0,288
S01009552,579,0,579
S01009553,521,0,521
S01009554,399,0,399
S01009555,438,1,437
S01009556,456,0,456
S01009557,416,0,416
S01009558,319,0,319
S01009559,540,0,540
S01009560,387,0,387
S01009561,344,0,344
S01009562,479,0,479
S01009563,433,0,433
S01009564,323,0,323
S01009565,256,0,256
S01009566,440,0,440
S01009567,463,0,463
S01009568,400,0,400
S01009569,468,0,468
S01009570,285,0,285
S01009571,318,0,318
S01009572,501,0,501
S01009573,336,0,336
S01009574,488,0,488
S01009575,375,0,375
S01009576,259,0,259
S01009577,309,0,309
S01009578,458,0,458
S01009579,132,0,132
S01009580,243,0,243
S01009581,341,0,341
S01009582,263,0,263
S01009583,343,0,343
S01009584,144,0,144
S01009585,529,0,529
S01009586,501,0,501
S01009587,473,0,473
S01009588,433,0,433
S01009589,454,0,454
S01009590,211,0,211
S01009591,381,0,381
S01009592,345,0,345
S01009593,218,0,218
S01009594,237,0,237
S01009595,175,0,175
S01009596,452,0,452
S01009597,468,0,468
S01009598,325,0,325
S01009599,531,0,531
S01009600,459,0,459
S01009601,384,0,384
S01009602,255,0,255
S01009603,300,0,300
S01009604,334,0,334
S01009605,434,0,434
S01009606,87,0,87
S01009607,192,0,192
S01009608,285,0,285
S01009609,448,0,448
S01009610,528,0,528
S01009611,180,0,180
S01009612,256,0,256
S01009613,207,0,207
S01009614,264,0,264
S01009615,264,0,264
S01009616,478,0,478
S01009617,289,0,289
S01009618,512,0,512
S01009619,367,0,367
S01009620,492,0,492
S01009621,449,0,449
S01009622,489,0,489
S01009623,352,0,352
S01009624,428,0,428
S01009625,502,0,502
S01009626,339,0,339
S01009627,398,0,398
S01009628,304,0,304
S01009629,464,0,464
S01009630,343,0,343
S01009631,436,0,436
S01009632,389,0,389
S01009633,273,0,273
S01009634,393,0,393
S01009635,634,0,634
S01009636,520,0,520
S01009637,410,0,410
S01009638,274,0,274
S01009639,395,0,395
S01009640,413,0,413
S01009641,489,0,489
S01009642,498,0,498
S01009643,62,0,62
S01009644,251,0,251
S01009645,431,0,431
S01009646,317,0,317
S01009647,332,0,332
S01009648,494,0,494
S01009649,464,0,464
S01009650,345,0,345
S01009651,411,0,411
S01009652,532,0,532
S01009653,350,0,350
S01009654,271,0,271
S01009655,400,0,400
S01009656,409,0,409
S01009657,391,0,391
S01009658,398,1,397
S01009659,327,1,326
S01009660,368,0,368
S01009661,344,0,344
S01009662,338,0,338
S01009663,325,0,325
S01009664,454,0,454
S01009665,552,0,552
S01009666,516,0,516
S01009667,174,0,174
S01009668,198,0,198
S01009669,259,0,259
S01009670,343,0,343
S01009671,335,0,335
S01009672,521,0,521
S01009673,363,0,363
S01009674,460,0,460
S01009675,382,0,382
S01009676,604,0,604
S01009677,313,0,313
S01009678,270,0,270
S01009679,479,0,479
S01009680,471,0,471
S01009681,286,0,286
S01009682,343,0,343
S01009683,382,0,382
S01009684,348,0,348
S01009685,393,0,393
S01009686,542,2,540
S01009687,429,0,429
S01009688,582,0,582
S01009689,293,1,292
S01009690,360,0,360
S01009691,239,0,239
S01009692,512,0,512
S01009693,313,0,313
S01009694,472,0,472
S01009695,438,0,438
S01009696,449,0,449
S01009697,351,0,351
S01009698,265,1,264
S01009699,362,0,362
S01009700,311,0,311
S01009701,457,0,457
S01009702,242,0,242
S01009703,457,0,457
S01009704,550,0,550
S01009705,353,0,353
S01009706,411,0,411
S01009707,271,0,271
S01009708,294,0,294
S01009709,401,0,401
S01009710,207,1,206
S01009711,434,0,434
S01009712,294,0,294
S01009713,432,0,432
S01009714,410,0,410
S01009715,364,1,363
S01009716,575,13,562
S01009717,466,10,456
S01009718,420,13,407
S01009719,449,6,443
S01009720,425,3,422
S01009721,266,110,156
S01009722,356,82,274
S01009723,354,80,274
S01009724,545,47,498
S01009725,405,78,327
S01009726,219,70,149
S01009727,327,1,326
S01009728,335,2,333
S01009729,446,0,446
S01009730,445,9,436
S01009731,416,9,407
S01009732,507,98,409
S01009733,275,0,275
S01009734,564,0,564
S01009735,339,8,331
S01009736,443,101,342
S01009737,302,0,302
S01009738,234,0,234
S01009739,179,1,178
S01009740,348,0,348
S01009741,168,0,168
S01009742,204,1,203
S01009743,494,0,494
S01009744,301,0,301
S01009745,372,0,372
S01009746,332,0,332
S01009747,446,0,446
S01009748,313,0,313
S01009749,409,0,409
S01009750,326,0,326
S01009751,443,0,443
S01009752,347,0,347
S01009753,340,0,340
S01009754,666,0,666
S01009755,277,0,277
S01009756,347,0,347
S01009757,304,0,304
S01009758,460,0,460
S01009759,553,1,552
S01009760,484,0,484
S01009761,387,0,387
S01009762,421,0,421
S01009763,170,0,170
S01009764,425,0,425
S01009765,431,0,431
S01009766,352,0,352
S01009767,299,0,299
S01009768,254,0,254
S01009769,428,0,428
S01009770,308,0,308
S01009771,296,0,296
S01009772,295,0,295
S01009773,69,0,69
S01009774,36,0,36
S01009775,359,0,359
S01009776,415,0,415
S01009777,319,0,319
S01009778,561,0,561
S01009779,331,0,331
S01009780,298,0,298
S01009781,332,0,332
S01009782,184,0,184
S01009783,199,0,199
S01009784,380,0,380
S01009785,432,0,432
S01009786,481,0,481
S01009787,371,0,371
S01009788,589,0,589
S01009789,527,0,527
S01009790,400,0,400
S01009791,342,0,342
S01009792,93,1,92
S01009793,416,0,416
S01009794,152,0,152
S01009795,302,0,302
S01009796,280,0,280
S01009797,241,0,241
S01009798,398,0,398
S01009799,593,0,593
S01009800,513,0,513
S01009801,489,0,489
S01009802,394,0,394
S01009803,416,0,416
S01009804,128,0,128
S01009805,310,0,310
S01009806,552,0,552
S01009807,411,2,409
S01009808,657,1,656
S01009809,510,0,510
S01009810,499,0,499
S01009811,616,0,616
S01009812,422,0,422
S01009813,593,2,591
S01009814,505,0,505
S01009815,484,1,483
S01009816,492,0,492
S01009817,391,0,391
S01009818,360,0,360
S01009819,473,0,473
S01009820,454,1,453
S01009821,307,0,307
S01009822,399,0,399
S01009823,470,0,470
S01009824,366,0,366
S01009825,503,0,503
S01009826,330,0,330
S01009827,381,0,381
S01009828,582,0,582
S01009829,593,1,592
S01009830,414,1,413
S01009831,506,1,505
S01009832,519,1,518
S01009833,265,1,264
S01009834,324,0,324
S01009835,300,0,300
S01009836,326,0,326
S01009837,415,0,415
S01009838,423,2,421
S01009839,645,2,643
S01009840,474,1,473
S01009841,655,1,654
S01009842,481,0,481
S01009843,324,0,324
S01009844,440,1,439
S01009845,621,1,620
S01009846,527,1,526
S01009847,334,0,334
S01009848,379,0,379
S01009849,644,0,644
S01009850,543,0,543
S01009851,578,0,578
S01009852,256,0,256
S01009853,472,0,472
S01009854,363,0,363
S01009855,325,0,325
S01009856,295,0,295
S01009857,369,0,369
S01009858,456,0,456
S01009859,585,2,583
S01009860,501,7,494
S01009861,742,9,733
S01009862,570,3,567
S01009863,578,5,573
S01009864,488,3,485
S01009865,366,3,363
S01009866,483,3,480
S01009867,539,9,530
S01009868,496,10,486
S01009869,461,9,452
S01009870,423,6,417
S01009871,616,2,614
S01009872,429,9,420
S01009873,448,2,446
S01009874,498,0,498
S01009875,221,0,221
S01009876,460,2,458
S01009877,339,3,336
S01009878,264,3,261
S01009879,401,0,401
S01009880,426,2,424
S01009881,259,3,256
S01009882,301,3,298
S01009883,315,3,312
S01009884,377,4,373
S01009885,243,4,239
S01009886,270,0,270
S01009887,531,3,528
S01009888,349,3,346
S01009889,521,7,514
S01009890,407,4,403
S01009891,416,3,413
S01009892,608,1,607
S01009893,516,6,510
S01009894,567,1,566
S01009895,488,6,482
S01009896,625,2,623
S01009897,636,0,636
S01009898,441,1,440
S01009899,613,12,601
S01009900,653,8,645
S01009901,547,2,545
S01009902,613,1,612
S01009903,437,4,433
S01009904,443,0,443
S01009905,361,7,354
S01009906,326,2,324
S01009907,785,9,776
S01009908,613,3,610
S01009909,495,2,493
S01009910,400,2,398
S01009911,530,1,529
S01009912,406,1,405
S01009913,277,0,277
S01009914,393,0,393
S01009915,390,1,389
S01009916,407,0,407
S01009917,351,0,351
S01009918,361,0,361
S01009919,643,2,641
S01009920,616,3,613
S01009921,521,3,518
S01009922,750,2,748
S01009923,652,2,650
S01009924,619,5,614
S01009925,650,3,647
S01009926,489,1,488
S01009927,325,2,323
S01009928,375,0,375
S01009929,277,0,277
S01009930,560,8,552
S01009931,542,1,541
S01009932,473,2,471
S01009933,747,1,746
S01009934,362,0,362
S01009935,477,0,477
S01009936,607,0,607
S01009937,438,1,437
S01009938,607,1,606
S01009939,628,0,628
S01009940,440,0,440
S01009941,460,0,460
S01009942,497,0,497
S01009943,610,0,610
S01009944,426,0,426
S01009945,551,0,551
S01009946,442,0,442
S01009947,385,0,385
S01009948,565,0,565
S01009949,440,1,439
S01009950,259,0,259
S01009951,311,0,311
S01009952,433,0,433
S01009953,459,0,459
S01009954,265,0,265
S01009955,493,1,492
S01009956,399,1,398
S01009957,533,1,532
S01009958,470,1,469
S01009959,369,0,369
S01009960,546,1,545
S01009961,298,0,298
S01009962,596,1,595
S01009963,509,0,509
S01009964,488,0,488
S01009965,337,0,337
S01009966,437,0,437
S01009967,494,1,493
S01009968,231,0,231
S01009969,545,0,545
S01009970,523,0,523
S01009971,476,0,476
S01009972,349,0,349
S01009973,150,0,150
S01009974,428,0,428
S01009975,395,0,395
S01009976,332,0,332
S01009977,461,0,461
S01009978,399,0,399
S01009979,362,0,362
S01009980,228,0,228
S01009981,311,0,311
S01009982,275,0,275
S01009983,298,0,298
S01009984,424,0,424
S01009985,269,0,269
S01009986,321,0,321
S01009987,415,0,415
S01009988,351,0,351
S01009989,442,1,441
S01009990,417,1,416
S01009991,422,0,422
S01009992,481,0,481
S01009993,347,0,347
S01009994,303,1,302
S01009995,277,0,277
S01009996,370,0,370
S01009997,285,0,285
S01009998,357,0,357
S01009999,345,0,345
S01010000,373,3,370
S01010001,311,0,311
S01010002,580,0,580
S01010003,393,2,391
S01010004,351,0,351
S01010005,639,0,639
S01010006,792,0,792
S01010007,410,0,410
S01010008,326,1,325
S01010009,465,2,463
S01010010,609,2,607
S01010011,582,4,578
S01010012,605,0,605
S01010013,574,5,569
S01010014,689,6,683
S01010015,421,6,415
S01010016,324,1,323
S01010017,414,0,414
S01010018,512,0,512
S01010019,632,0,632
S01010020,465,0,465
S01010021,390,0,390
S01010022,193,0,193
S01010023,596,0,596
S01010024,287,2,285
S01010025,388,2,386
S01010026,426,1,425
S01010027,504,23,481
S01010028,277,0,277
S01010029,334,0,334
S01010030,238,13,225
S01010031,346,8,338
S01010032,259,7,252
S01010033,496,2,494
S01010034,587,10,577
S01010035,417,10,407
S01010036,194,6,188
S01010037,570,1,569
S01010038,620,14,606
S01010039,289,14,275
S01010040,327,9,318
S01010041,493,14,479
S01010042,303,8,295
S01010043,504,3,501
S01010044,619,1,618
S01010045,425,1,424
S01010046,534,1,533
S01010047,566,0,566
S01010048,634,1,633
S01010049,458,0,458
S01010050,468,0,468
S01010051,480,0,480
S01010052,328,0,328
S01010053,221,0,221
S01010054,288,0,288
S01010055,522,3,519
S01010056,270,0,270
S01010057,226,0,226
S01010058,442,1,441
S01010059,368,2,366
S01010060,490,1,489
S01010061,221,0,221
S01010062,355,0,355
S01010063,599,0,599
S01010064,348,0,348
S01010065,420,0,420
S01010066,329,0,329
S01010067,409,1,408
S01010068,232,0,232
S01010069,371,0,371
S01010070,250,0,250
S01010071,404,0,404
S01010072,502,0,502
S01010073,466,0,466
S01010074,414,0,414
S01010075,410,0,410
S01010076,392,0,392
S01010077,345,0,345
S01010078,268,0,268
S01010079,344,0,344
S01010080,364,0,364
S01010081,459,0,459
S01010082,340,0,340
S01010083,488,0,488
S01010084,546,0,546
S01010085,478,0,478
S01010086,465,0,465
S01010087,254,0,254
S01010088,101,0,101
S01010089,411,0,411
S01010090,400,0,400
S01010091,295,0,295
S01010092,539,0,539
S01010093,374,0,374
S01010094,502,0,502
S01010095,492,0,492
S01010096,332,0,332
S01010097,285,0,285
S01010098,283,0,283
S01010099,394,0,394
S01010100,395,0,395
S01010101,472,0,472
S01010102,260,0,260
S01010103,315,0,315
S01010104,290,0,290
S01010105,317,0,317
S01010106,304,1,303
S01010107,491,0,491
S01010108,382,0,382
S01010109,506,1,505
S01010110,575,0,575
S01010111,496,0,496
S01010112,380,0,380
S01010113,238,0,238
S01010114,330,0,330
S01010115,246,0,246
S01010116,334,0,334
S01010117,104,0,104
S01010118,339,0,339
S01010119,157,0,157
S01010120,351,0,351
S01010121,301,0,301
S01010122,271,0,271
S01010123,255,0,255
S01010124,300,0,300
S01010125,266,0,266
S01010126,264,0,264
S01010127,273,0,273
S01010128,355,1,354
S01010129,426,0,426
S01010130,366,0,366
S01010131,500,0,500
S01010132,524,0,524
S01010133,482,0,482
S01010134,705,0,705
S01010135,579,0,579
S01010136,459,0,459
S01010137,725,0,725
S01010138,692,0,692
S01010139,624,0,624
S01010140,525,0,525
S01010141,632,0,632
S01010142,333,1,332
S01010143,438,0,438
S01010144,381,1,380
S01010145,339,0,339
S01010146,583,0,583
S01010147,478,0,478
S01010148,363,0,363
S01010149,157,0,157
S01010150,513,0,513
S01010151,539,0,539
S01010152,448,0,448
S01010153,551,0,551
S01010154,514,0,514
S01010155,415,0,415
S01010156,375,0,375
S01010157,357,0,357
S01010158,447,0,447
S01010159,349,0,349
S01010160,377,0,377
S01010161,363,0,363
S01010162,445,0,445
S01010163,313,0,313
S01010164,334,0,334
S01010165,257,0,257
S01010166,510,0,510
S01010167,519,0,519
S01010168,243,0,243
S01010169,386,0,386
S01010170,448,0,448
S01010171,453,0,453
S01010172,485,0,485
S01010173,486,0,486
S01010174,264,0,264
S01010175,216,0,216
S01010176,555,0,555
S01010177,287,0,287
S01010178,342,0,342
S01010179,541,0,541
S01010180,194,0,194
S01010181,455,0,455
S01010182,503,0,503
S01010183,359,0,359
S01010184,301,0,301
S01010185,311,0,311
S01010186,266,0,266
S01010187,404,0,404
S01010188,499,0,499
S01010189,307,0,307
S01010190,66,0,66
S01010191,279,1,278
S01010192,335,0,335
S01010193,367,0,367
S01010194,320,0,320
S01010195,393,0,393
S01010196,284,1,283
S01010197,354,0,354
S01010198,470,0,470
S01010199,302,0,302
S01010200,316,0,316
S01010201,322,0,322
S01010202,381,0,381
S01010203,275,1,274
S01010204,494,0,494
S01010205,373,0,373
S01010206,338,0,338
S01010207,351,2,349
S01010208,625,3,622
S01010209,413,0,413
S01010210,489,0,489
S01010211,474,1,473
S01010212,558,0,558
S01010213,539,0,539
S01010214,428,1,427
S01010215,563,0,563
S01010216,565,1,564
S01010217,445,0,445
S01010218,601,3,598
S01010219,430,4,426
S01010220,220,4,216
S01010221,242,0,242
S01010222,395,0,395
S01010223,398,2,396
S01010224,477,1,476
S01010225,381,0,381
S01010226,442,2,440
S01010227,563,2,561
S01010228,376,0,376
S01010229,470,0,470
S01010230,726,4,722
S01010231,396,0,396
S01010232,312,3,309
S01010233,780,2,778
S01010234,513,12,501
S01010235,40,1,39
S01010236,396,9,387
S01010237,524,19,505
S01010238,547,12,535
S01010239,566,3,563
S01010240,645,13,632
S01010241,613,9,604
S01010242,697,1,696
S01010243,801,4,797
S01010244,569,6,563
S01010245,543,0,543
S01010246,533,2,531
S01010247,399,0,399
S01010248,529,14,515
S01010249,598,21,577
S01010250,472,30,442
S01010251,121,1,120
S01010252,293,8,285
S01010253,435,5,430
S01010254,496,12,484
S01010255,445,1,444
S01010256,638,6,632
S01010257,294,61,233
S01010258,533,111,422
S01010259,651,17,634
S01010260,292,14,278
S01010261,746,31,715
S01010262,696,20,676
S01010263,436,23,413
S01010264,500,14,486
S01010265,264,10,254
S01010266,387,34,353
S01010267,250,56,194
S01010268,533,46,487
S01010269,558,27,531
S01010270,766,2,764
S01010271,340,48,292
S01010272,270,0,270
S01010273,157,11,146
S01010274,157,6,151
S01010275,174,14,160
S01010276,84,0,84
S01010277,239,1,238
S01010278,708,18,690
S01010279,306,41,265
S01010280,430,36,394
S01010281,354,21,333
S01010282,657,27,630
S01010283,344,56,288
S01010284,751,44,707
S01010285,533,82,451
S01010286,582,105,477
S01010287,502,69,433
S01010288,419,61,358
S01010289,119,1,118
S01010290,371,50,321
S01010291,472,75,397
S01010292,536,99,437
S01010293,348,77,271
S01010294,436,74,362
S01010295,406,76,330
S01010296,329,30,299
S01010297,528,23,505
S01010298,536,20,516
S01010299,322,5,317
S01010300,724,85,639
S01010301,276,59,217
S01010302,492,5,487
S01010303,286,1,285
S01010304,479,8,471
S01010305,652,16,636
S01010306,448,23,425
S01010307,474,31,443
S01010308,442,43,399
S01010309,431,1,430
S01010310,445,1,444
S01010311,482,2,480
S01010312,372,0,372
S01010313,608,1,607
S01010314,541,6,535
S01010315,317,1,316
S01010316,351,3,348
S01010317,683,56,627
S01010318,326,6,320
S01010319,438,5,433
S01010320,423,1,422
S01010321,566,10,556
S01010322,664,31,633
S01010323,403,0,403
S01010324,491,0,491
S01010325,557,0,557
S01010326,480,0,480
S01010327,295,0,295
S01010328,401,0,401
S01010329,253,0,253
S01010330,328,0,328
S01010331,667,0,667
S01010332,410,0,410
S01010333,446,0,446
S01010334,472,0,472
S01010335,463,0,463
S01010336,479,0,479
S01010337,446,0,446
S01010338,427,0,427
S01010339,407,0,407
S01010340,409,0,409
S01010341,364,0,364
S01010342,411,0,411
S01010343,429,0,429
S01010344,565,0,565
S01010345,114,0,114
S01010346,452,0,452
S01010347,377,0,377
S01010348,535,0,535
S01010349,562,0,562
S01010350,598,1,597
S01010351,343,1,342
S01010352,409,0,409
S01010353,603,0,603
S01010354,297,2,295
S01010355,583,0,583
S01010356,292,5,287
S01010357,385,0,385
S01010358,526,1,525
S01010359,620,2,618
S01010360,323,4,319
S01010361,382,0,382
S01010362,683,4,679
S01010363,376,10,366
S01010364,442,0,442
S01010365,501,4,497
S01010366,631,10,621
S01010367,552,15,537
S01010368,423,6,417
S01010369,464,17,447
S01010370,322,21,301
S01010371,552,44,508
S01010372,448,22,426
S01010373,428,26,402
S01010374,449,41,408
S01010375,450,57,393
S01010376,426,67,359
S01010377,377,56,321
S01010378,413,87,326
S01010379,591,98,493
S01010380,570,47,523
S01010381,322,13,309
S01010382,511,34,477
S01010383,474,27,447
S01010384,641,58,583
S01010385,546,31,515
S01010386,533,14,519
S01010387,719,27,692
S01010388,525,15,510
S01010389,51,1,50
S01010390,748,16,732
S01010391,650,11,639
S01010392,113,1,112
S01010393,805,20,785
S01010394,571,10,561
S01010395,706,12,694
S01010396,586,21,565
S01010397,467,29,438
S01010398,526,21,505
S01010399,858,26,832
S01010400,462,18,444
S01010401,437,18,419
S01010402,574,17,557
S01010403,500,11,489
S01010404,643,8,635
S01010405,541,7,534
S01010406,483,24,459
S01010407,533,72,461
S01010408,329,1,328
S01010409,437,1,436
S01010410,175,0,175
S01010411,523,1,522
S01010412,448,3,445
S01010413,412,4,408
S01010414,521,6,515
S01010415,649,5,644
S01010416,251,1,250
S01010417,287,0,287
S01010418,647,8,639
S01010419,764,6,758
S01010420,471,0,471
S01010421,347,1,346
S01010422,501,0,501
S01010423,500,1,499
S01010424,438,1,437
S01010425,536,1,535
S01010426,611,5,606
S01010427,569,5,564
S01010428,710,1,709
S01010429,326,4,322
S01010430,531,1,530
S01010431,411,2,409
S01010432,432,2,430
S01010433,391,3,388
S01010434,412,4,408
S01010435,342,1,341
S01010436,434,4,430
S01010437,265,1,264
S01010438,363,2,361
S01010439,467,0,467
S01010440,471,0,471
S01010441,341,2,339
S01010442,412,3,409
S01010443,346,0,346
S01010444,298,0,298
S01010445,365,0,365
S01010446,341,0,341
S01010447,570,2,568
S01010448,454,1,453
S01010449,468,0,468
S01010450,492,1,491
S01010451,565,0,565
S01010452,438,1,437
S01010453,583,0,583
S01010454,532,0,532
S01010455,605,1,604
S01010456,369,0,369
S01010457,528,0,528
S01010458,445,1,444
S01010459,368,0,368
S01010460,159,2,157
S01010461,523,0,523
S01010462,456,1,455
S01010463,372,2,370
S01010464,314,0,314
S01010465,413,2,411
S01010466,614,5,609
S01010467,474,7,467
S01010468,437,14,423
S01010469,532,13,519
S01010470,389,1,388
S01010471,475,1,474
S01010472,221,3,218
S01010473,587,10,577
S01010474,559,21,538
S01010475,264,2,262
S01010476,357,14,343
S01010477,445,0,445
S01010478,833,0,833
S01010479,526,0,526
S01010480,397,0,397
S01010481,340,1,339
S01010482,460,0,460
S01010483,600,0,600
S01010484,452,0,452
S01010485,411,0,411
S01010486,465,0,465
S01010487,490,0,490
S01010488,581,0,581
S01010489,529,0,529
S01010490,384,1,383
S01010491,425,0,425
S01010492,364,0,364
S01010493,378,0,378
S01010494,390,0,390
S01010495,474,0,474
S01010496,741,0,741
S01010497,261,0,261
S01010498,595,0,595
S01010499,537,0,537
S01010500,345,3,342
S01010501,348,0,348
S01010502,323,0,323
S01010503,421,0,421
S01010504,257,0,257
S01010505,281,0,281
S01010506,348,0,348
S01010507,399,0,399
S01010508,483,0,483
S01010509,518,0,518
S01010510,602,0,602
S01010511,483,0,483
S01010512,394,0,394
S01010513,329,0,329
S01010514,372,0,372
S01010515,395,0,395
S01010516,272,0,272
S01010517,432,0,432
S01010518,380,0,380
S01010519,345,0,345
S01010520,430,0,430
S01010521,445,0,445
S01010522,303,0,303
S01010523,408,0,408
S01010524,262,0,262
S01010525,284,0,284
S01010526,386,0,386
S01010527,602,0,602
S01010528,287,0,287
S01010529,340,0,340
S01010530,292,0,292
S01010531,419,0,419
S01010532,369,0,369
S01010533,367,0,367
S01010534,419,0,419
S01010535,241,0,241
S01010536,527,0,527
S01010537,538,0,538
S01010538,157,0,157
S01010539,378,0,378
S01010540,280,0,280
S01010541,311,0,311
S01010542,384,0,384
S01010543,233,0,233
S01010544,500,0,500
S01010545,293,0,293
S01010546,388,0,388
S01010547,279,0,279
S01010548,150,0,150
S01010549,133,0,133
S01010550,270,0,270
S01010551,265,0,265
S01010552,364,0,364
S01010553,216,0,216
S01010554,384,0,384
S01010555,456,0,456
S01010556,461,0,461
S01010557,309,0,309
S01010558,265,0,265
S01010559,333,0,333
S01010560,269,0,269
S01010561,366,1,365
S01010562,420,0,420
S01010563,345,0,345
S01010564,318,0,318
S01010565,390,0,390
S01010566,308,0,308
S01010567,367,0,367
S01010568,471,0,471
S01010569,329,0,329
S01010570,524,0,524
S01010571,440,0,440
S01010572,414,0,414
S01010573,276,0,276
S01010574,213,0,213
S01010575,343,1,342
S01010576,325,0,325
S01010577,354,1,353
S01010578,204,0,204
S01010579,326,0,326
S01010580,298,1,297
S01010581,378,0,378
S01010582,131,0,131
S01010583,378,0,378
S01010584,102,1,101
S01010585,99,1,98
S01010586,268,0,268
S01010587,337,0,337
S01010588,240,0,240
S01010589,327,0,327
S01010590,140,0,140
S01010591,47,0,47
S01010592,205,1,204
S01010593,235,0,235
S01010594,77,0,77
S01010595,72,0,72
S01010596,373,0,373
S01010597,123,0,123
S01010598,174,0,174
S01010599,152,0,152
S01010600,357,0,357
S01010601,332,0,332
S01010602,252,0,252
S01010603,365,0,365
S01010604,357,0,357
S01010605,419,0,419
S01010606,444,0,444
S01010607,434,1,433
S01010608,338,0,338
S01010609,239,2,237
S01010610,382,0,382
S01010611,606,0,606
S01010612,307,0,307
S01010613,337,0,337
S01010614,334,0,334
S01010615,419,0,419
S01010616,398,0,398
S01010617,406,0,406
S01010618,425,0,425
S01010619,340,0,340
S01010620,249,0,249
S01010621,503,4,499
S01010622,336,0,336
S01010623,296,0,296
S01010624,282,0,282
S01010625,336,0,336
S01010626,405,0,405
S01010627,471,1,470
S01010628,577,2,575
S01010629,532,1,531
S01010630,298,0,298
S01010631,303,0,303
S01010632,471,0,471
S01010633,419,0,419
S01010634,262,0,262
S01010635,346,0,346
S01010636,419,1,418
S01010637,515,2,513
S01010638,451,0,451
S01010639,563,0,563
S01010640,390,0,390
S01010641,627,0,627
S01010642,467,0,467
S01010643,302,0,302
S01010644,419,0,419
S01010645,362,0,362
S01010646,328,0,328
S01010647,305,0,305
S01010648,459,0,459
S01010649,323,0,323
S01010650,230,0,230
S01010651,293,0,293
S01010652,278,0,278
S01010653,375,0,375
S01010654,349,0,349
S01010655,366,1,365
S01010656,260,0,260
S01010657,303,0,303
S01010658,349,0,349
S01010659,263,0,263
S01010660,307,0,307
S01010661,352,0,352
S01010662,286,0,286
S01010663,441,0,441
S01010664,242,0,242
S01010665,375,0,375
S01010666,479,0,479
S01010667,274,0,274
S01010668,512,0,512
S01010669,246,0,246
S01010670,393,0,393
S01010671,328,0,328
S01010672,624,0,624
S01010673,466,0,466
S01010674,481,0,481
S01010675,374,0,374
S01010676,453,0,453
S01010677,200,0,200
S01010678,368,0,368
S01010679,680,0,680
S01010680,342,0,342
S01010681,401,0,401
S01010682,441,0,441
S01010683,366,0,366
S01010684,467,0,467
S01010685,345,0,345
S01010686,286,0,286
S01010687,462,0,462
S01010688,375,0,375
S01010689,473,0,473
S01010690,400,0,400
S01010691,349,0,349
S01010692,253,0,253
S01010693,172,0,172
S01010694,358,0,358
S01010695,265,0,265
S01010696,409,0,409
S01010697,408,0,408
S01010698,264,0,264
S01010699,220,0,220
S01010700,234,0,234
S01010701,493,0,493
S01010702,384,0,384
S01010703,321,0,321
S01010704,466,0,466
S01010705,399,0,399
S01010706,226,0,226
S01010707,256,0,256
S01010708,425,0,425
S01010709,360,0,360
S01010710,387,0,387
S01010711,261,0,261
S01010712,265,0,265
S01010713,405,1,404
S01010714,419,0,419
S01010715,385,0,385
S01010716,406,0,406
S01010717,440,0,440
S01010718,334,1,333
S01010719,331,0,331
S01010720,367,0,367
S01010721,352,0,352
S01010722,447,0,447
S01010723,348,0,348
S01010724,304,0,304
S01010725,302,0,302
S01010726,437,0,437
S01010727,249,0,249
S01010728,284,0,284
S01010729,327,0,327
S01010730,310,0,310
S01010731,377,0,377
S01010732,336,0,336
S01010733,356,0,356
S01010734,363,0,363
S01010735,358,0,358
S01010736,146,0,146
S01010737,370,0,370
S01010738,404,0,404
S01010739,308,0,308
S01010740,335,0,335
S01010741,271,0,271
S01010742,354,0,354
S01010743,333,0,333
S01010744,465,0,465
S01010745,348,0,348
S01010746,368,0,368
S01010747,419,0,419
S01010748,222,0,222
S01010749,274,0,274
S01010750,261,0,261
S01010751,453,0,453
S01010752,441,0,441
S01010753,488,0,488
S01010754,425,0,425
S01010755,390,0,390
S01010756,357,0,357
S01010757,387,0,387
S01010758,247,0,247
S01010759,304,0,304
S01010760,346,0,346
S01010761,218,0,218
S01010762,246,0,246
S01010763,428,0,428
S01010764,259,0,259
S01010765,532,0,532
S01010766,342,0,342
S01010767,280,0,280
S01010768,336,0,336
S01010769,197,0,197
S01010770,385,0,385
S01010771,494,1,493
S01010772,347,1,346
S01010773,270,0,270
S01010774,523,0,523
S01010775,211,0,211
S01010776,409,0,409
S01010777,294,0,294
S01010778,359,0,359
S01010779,377,0,377
S01010780,271,0,271
S01010781,399,0,399
S01010782,300,0,300
S01010783,424,0,424
S01010784,528,0,528
S01010785,353,0,353
S01010786,194,0,194
S01010787,339,0,339
S01010788,256,0,256
S01010789,339,0,339
S01010790,314,0,314
S01010791,379,0,379
S01010792,454,0,454
S01010793,206,0,206
S01010794,155,0,155
S01010795,515,0,515
S01010796,517,0,517
S01010797,218,0,218
S01010798,263,0,263
S01010799,524,0,524
S01010800,407,0,407
S01010801,407,0,407
S01010802,284,0,284
S01010803,249,0,249
S01010804,367,0,367
S01010805,496,0,496
S01010806,414,0,414
S01010807,234,0,234
S01010808,230,0,230
S01010809,309,0,309
S01010810,251,0,251
S01010811,435,0,435
S01010812,230,0,230
S01010813,404,0,404
S01010814,338,0,338
S01010815,281,0,281
S01010816,352,0,352
S01010817,484,0,484
S01010818,614,0,614
S01010819,409,0,409
S01010820,405,0,405
S01010821,316,0,316
S01010822,159,0,159
S01010823,148,0,148
S01010824,215,0,215
S01010825,262,0,262
S01010826,280,0,280
S01010827,246,0,246
S01010828,394,0,394
S01010829,333,0,333
S01010830,231,0,231
S01010831,119,0,119
S01010832,277,0,277
S01010833,368,0,368
S01010834,569,0,569
S01010835,314,0,314
S01010836,443,0,443
S01010837,356,0,356
S01010838,469,0,469
S01010839,411,0,411
S01010840,355,1,354
S01010841,616,2,614
S01010842,646,1,645
S01010843,486,0,486
S01010844,360,0,360
S01010845,251,0,251
S01010846,356,0,356
S01010847,321,0,321
S01010848,424,0,424
S01010849,359,0,359
S01010850,389,0,389
S01010851,415,0,415
S01010852,340,0,340
S01010853,418,0,418
S01010854,268,0,268
S01010855,226,0,226
S01010856,430,0,430
S01010857,371,0,371
S01010858,507,0,507
S01010859,361,0,361
S01010860,376,0,376
S01010861,393,1,392
S01010862,337,0,337
S01010863,348,1,347
S01010864,276,0,276
S01010865,317,0,317
S01010866,360,0,360
S01010867,348,0,348
S01010868,297,0,297
S01010869,445,0,445
S01010870,375,0,375
S01010871,357,0,357
S01010872,414,1,413
S01010873,502,1,501
S01010874,357,0,357
S01010875,291,3,288
S01010876,365,1,364
S01010877,559,4,555
S01010878,578,2,576
S01010879,472,0,472
S01010880,292,0,292
S01010881,375,0,375
S01010882,247,0,247
S01010883,420,0,420
S01010884,608,0,608
S01010885,743,0,743
S01010886,381,0,381
S01010887,320,0,320
S01010888,518,0,518
S01010889,501,1,500
S01010890,562,1,561
S01010891,357,3,354
S01010892,456,0,456
S01010893,415,1,414
S01010894,254,0,254
S01010895,318,0,318
S01010896,566,0,566
S01010897,333,0,333
S01010898,381,0,381
S01010899,261,0,261
S01010900,402,1,401
S01010901,243,0,243
S01010902,439,0,439
S01010903,396,0,396
S01010904,279,0,279
S01010905,193,0,193
S01010906,323,0,323
S01010907,33,0,33
S01010908,274,0,274
S01010909,274,0,274
S01010910,375,0,375
S01010911,551,0,551
S01010912,473,0,473
S01010913,280,0,280
S01010914,304,0,304
S01010915,351,0,351
S01010916,430,0,430
S01010917,412,0,412
S01010918,559,0,559
S01010919,368,0,368
S01010920,332,0,332
S01010921,305,0,305
S01010922,391,0,391
S01010923,518,0,518
S01010924,294,0,294
S01010925,378,0,378
S01010926,415,0,415
S01010927,400,0,400
S01010928,360,0,360
S01010929,435,0,435
S01010930,252,0,252
S01010931,195,0,195
S01010932,459,0,459
S01010933,151,0,151
S01010934,442,0,442
S01010935,382,1,381
S01010936,368,0,368
S01010937,327,0,327
S01010938,448,0,448
S01010939,292,0,292
S01010940,270,0,270
S01010941,489,0,489
S01010942,268,0,268
S01010943,335,0,335
S01010944,392,0,392
S01010945,224,0,224
S01010946,456,0,456
S01010947,355,0,355
S01010948,285,0,285
S01010949,376,0,376
S01010950,381,0,381
S01010951,304,0,304
S01010952,311,0,311
S01010953,280,0,280
S01010954,289,0,289
S01010955,246,0,246
S01010956,348,0,348
S01010957,234,0,234
S01010958,282,0,282
S01010959,335,0,335
S01010960,513,0,513
S01010961,491,0,491
S01010962,389,0,389
S01010963,414,0,414
S01010964,221,0,221
S01010965,451,0,451
S01010966,394,0,394
S01010967,402,0,402
S01010968,382,0,382
S01010969,326,0,326
S01010970,603,0,603
S01010971,624,0,624
S01010972,279,0,279
S01010973,250,0,250
S01010974,491,0,491
S01010975,261,0,261
S01010976,292,1,291
S01010977,315,0,315
S01010978,428,0,428
S01010979,355,0,355
S01010980,393,0,393
S01010981,340,0,340
S01010982,541,0,541
S01010983,555,0,555
S01010984,473,0,473
S01010985,352,0,352
S01010986,155,0,155
S01010987,152,0,152
S01010988,203,0,203
S01010989,129,1,128
S01010990,295,0,295
S01010991,268,1,267
S01010992,204,1,203
S01010993,292,0,292
S01010994,481,1,480
S01010995,348,0,348
S01010996,341,0,341
S01010997,426,0,426
S01010998,354,1,353
S01010999,333,0,333
S01011000,442,1,441
S01011001,281,0,281
S01011002,320,0,320
S01011003,350,0,350
S01011004,339,0,339
S01011005,369,0,369
S01011006,248,0,248
S01011007,381,0,381
S01011008,386,0,386
S01011009,276,0,276
S01011010,473,0,473
S01011011,456,0,456
S01011012,516,0,516
S01011013,426,0,426
S01011014,376,0,376
S01011015,256,0,256
S01011016,144,0,144
S01011017,336,0,336
S01011018,622,0,622
S01011019,370,0,370
S01011020,164,0,164
S01011021,352,0,352
S01011022,313,0,313
S01011023,348,0,348
S01011024,517,0,517
S01011025,290,0,290
S01011026,251,0,251
S01011027,488,0,488
S01011028,362,0,362
S01011029,322,0,322
S01011030,372,0,372
S01011031,307,0,307
S01011032,406,0,406
S01011033,313,0,313
S01011034,377,0,377
S01011035,258,0,258
S01011036,389,0,389
S01011037,398,0,398
S01011038,402,0,402
S01011039,410,0,410
S01011040,393,0,393
S01011041,289,0,289
S01011042,285,0,285
S01011043,419,0,419
S01011044,354,1,353
S01011045,339,0,339
S01011046,251,0,251
S01011047,408,0,408
S01011048,497,0,497
S01011049,360,0,360
S01011050,342,0,342
S01011051,371,0,371
S01011052,449,0,449
S01011053,300,0,300
S01011054,272,0,272
S01011055,217,0,217
S01011056,218,0,218
S01011057,269,0,269
S01011058,214,0,214
S01011059,268,0,268
S01011060,530,0,530
S01011061,468,0,468
S01011062,610,0,610
S01011063,456,0,456
S01011064,569,0,569
S01011065,312,0,312
S01011066,280,0,280
S01011067,453,0,453
S01011068,328,0,328
S01011069,279,0,279
S01011070,344,0,344
S01011071,382,0,382
S01011072,308,0,308
S01011073,290,0,290
S01011074,279,0,279
S01011075,403,0,403
S01011076,531,0,531
S01011077,436,0,436
S01011078,410,0,410
S01011079,547,0,547
S01011080,494,0,494
S01011081,350,0,350
S01011082,359,0,359
S01011083,461,0,461
S01011084,317,0,317
S01011085,348,0,348
S01011086,275,0,275
S01011087,385,0,385
S01011088,517,0,517
S01011089,396,0,396
S01011090,273,0,273
S01011091,266,0,266
S01011092,120,0,120
S01011093,336,0,336
S01011094,215,1,214
S01011095,364,0,364
S01011096,190,0,190
S01011097,280,0,280
S01011098,398,0,398
S01011099,360,0,360
S01011100,239,0,239
S01011101,324,0,324
S01011102,387,0,387
S01011103,451,0,451
S01011104,299,0,299
S01011105,385,1,384
S01011106,250,0,250
S01011107,124,0,124
S01011108,268,0,268
S01011109,356,0,356
S01011110,414,1,413
S01011111,504,0,504
S01011112,75,0,75
S01011113,490,0,490
S01011114,425,1,424
S01011115,409,0,409
S01011116,346,0,346
S01011117,435,0,435
S01011118,397,0,397
S01011119,375,0,375
S01011120,464,0,464
S01011121,388,1,387
S01011122,351,0,351
S01011123,508,0,508
S01011124,171,0,171
S01011125,191,0,191
S01011126,289,0,289
S01011127,147,0,147
S01011128,458,0,458
S01011129,276,0,276
S01011130,371,0,371
S01011131,311,0,311
S01011132,330,0,330
S01011133,228,0,228
S01011134,398,0,398
S01011135,436,0,436
S01011136,243,0,243
S01011137,230,0,230
S01011138,206,1,205
S01011139,279,0,279
S01011140,218,1,217
S01011141,360,0,360
S01011142,324,0,324
S01011143,471,0,471
S01011144,337,0,337
S01011145,339,0,339
S01011146,243,0,243
S01011147,486,0,486
S01011148,290,0,290
S01011149,171,0,171
S01011150,344,0,344
S01011151,324,0,324
S01011152,434,1,433
S01011153,409,0,409
S01011154,375,0,375
S01011155,369,0,369
S01011156,340,0,340
S01011157,290,0,290
S01011158,272,0,272
S01011159,327,0,327
S01011160,340,0,340
S01011161,254,0,254
S01011162,285,0,285
S01011163,402,0,402
S01011164,229,0,229
S01011165,392,0,392
S01011166,286,0,286
S01011167,369,0,369
S01011168,340,0,340
S01011169,90,0,90
S01011170,337,0,337
S01011171,449,0,449
S01011172,353,0,353
S01011173,404,0,404
S01011174,447,0,447
S01011175,404,0,404
S01011176,328,0,328
S01011177,509,0,509
S01011178,296,0,296
S01011179,308,0,308
S01011180,383,0,383
S01011181,273,0,273
S01011182,196,0,196
S01011183,288,0,288
S01011184,278,0,278
S01011185,340,0,340
S01011186,545,0,545
S01011187,356,0,356
S01011188,509,0,509
S01011189,366,0,366
S01011190,409,0,409
S01011191,342,0,342
S01011192,363,0,363
S01011193,393,0,393
S01011194,300,0,300
S01011195,392,0,392
S01011196,478,0,478
S01011197,365,0,365
S01011198,307,0,307
S01011199,328,0,328
S01011200,409,0,409
S01011201,248,0,248
S01011202,447,0,447
S01011203,560,0,560
S01011204,237,0,237
S01011205,79,0,79
S01011206,233,0,233
S01011207,414,0,414
S01011208,344,0,344
S01011209,297,0,297
S01011210,242,0,242
S01011211,361,0,361
S01011212,283,0,283
S01011213,395,0,395
S01011214,410,0,410
S01011215,372,0,372
S01011216,464,0,464
S01011217,575,0,575
S01011218,405,0,405
S01011219,440,0,440
S01011220,486,0,486
S01011221,512,0,512
S01011222,310,0,310
S01011223,431,0,431
S01011224,341,0,341
S01011225,465,1,464
S01011226,424,0,424
S01011227,411,0,411
S01011228,610,0,610
S01011229,425,1,424
S01011230,629,1,628
S01011231,589,1,588
S01011232,392,0,392
S01011233,300,0,300
S01011234,510,0,510
S01011235,224,0,224
S01011236,288,0,288
S01011237,411,0,411
S01011238,364,0,364
S01011239,530,0,530
S01011240,678,0,678
S01011241,468,0,468
S01011242,460,0,460
S01011243,478,0,478
S01011244,420,0,420
S01011245,430,0,430
S01011246,334,0,334
S01011247,377,0,377
S01011248,381,0,381
S01011249,346,0,346
S01011250,443,0,443
S01011251,381,0,381
S01011252,348,0,348
S01011253,440,0,440
S01011254,469,0,469
S01011255,55,0,55
S01011256,59,0,59
S01011257,219,0,219
S01011258,290,0,290
S01011259,390,0,390
S01011260,342,0,342
S01011261,364,0,364
S01011262,297,0,297
S01011263,276,0,276
S01011264,256,0,256
S01011265,443,0,443
S01011266,369,0,369
S01011267,306,0,306
S01011268,267,0,267
S01011269,306,0,306
S01011270,426,0,426
S01011271,416,0,416
S01011272,373,0,373
S01011273,477,0,477
S01011274,458,0,458
S01011275,339,0,339
S01011276,438,0,438
S01011277,288,0,288
S01011278,289,0,289
S01011279,322,0,322
S01011280,266,0,266
S01011281,283,0,283
S01011282,293,0,293
S01011283,177,0,177
S01011284,143,0,143
S01011285,521,0,521
S01011286,299,0,299
S01011287,428,0,428
S01011288,442,0,442
S01011289,394,0,394
S01011290,597,0,597
S01011291,499,0,499
S01011292,318,0,318
S01011293,425,0,425
S01011294,575,0,575
S01011295,439,0,439
S01011296,348,0,348
S01011297,376,1,375
S01011298,451,1,450
S01011299,186,0,186
S01011300,446,0,446
S01011301,259,0,259
S01011302,564,0,564
S01011303,468,0,468
S01011304,379,0,379
S01011305,255,0,255
S01011306,273,0,273
S01011307,395,0,395
S01011308,261,0,261
S01011309,379,0,379
S01011310,345,0,345
S01011311,456,0,456
S01011312,491,0,491
S01011313,493,0,493
S01011314,376,0,376
S01011315,176,0,176
S01011316,360,0,360
S01011317,443,0,443
S01011318,461,0,461
S01011319,530,0,530
S01011320,384,0,384
S01011321,280,0,280
S01011322,259,0,259
S01011323,457,0,457
S01011324,267,0,267
S01011325,548,0,548
S01011326,701,0,701
S01011327,486,0,486
S01011328,411,2,409
S01011329,472,0,472
S01011330,328,0,328
S01011331,316,0,316
S01011332,433,0,433
S01011333,333,0,333
S01011334,438,0,438
S01011335,389,0,389
S01011336,289,0,289
S01011337,271,0,271
S01011338,276,0,276
S01011339,268,0,268
S01011340,448,0,448
S01011341,355,0,355
S01011342,399,0,399
S01011343,424,0,424
S01011344,394,0,394
S01011345,473,0,473
S01011346,385,0,385
S01011347,534,0,534
S01011348,545,0,545
S01011349,402,0,402
S01011350,334,0,334
S01011351,389,0,389
S01011352,333,0,333
S01011353,281,0,281
S01011354,363,0,363
S01011355,475,0,475
S01011356,357,0,357
S01011357,490,0,490
S01011358,185,0,185
S01011359,365,0,365
S01011360,333,0,333
S01011361,307,0,307
S01011362,131,0,131
S01011363,550,0,550
S01011364,213,0,213
S01011365,249,0,249
S01011366,236,0,236
S01011367,356,0,356
S01011368,37,0,37
S01011369,310,0,310
S01011370,131,0,131
S01011371,767,0,767
S01011372,576,0,576
S01011373,412,0,412
S01011374,198,0,198
S01011375,280,0,280
S01011376,351,0,351
S01011377,239,0,239
S01011378,455,0,455
S01011379,361,0,361
S01011380,399,0,399
S01011381,337,0,337
S01011382,148,0,148
S01011383,567,0,567
S01011384,350,0,350
S01011385,449,0,449
S01011386,410,0,410
S01011387,387,0,387
S01011388,291,0,291
S01011389,383,0,383
S01011390,471,0,471
S01011391,258,0,258
S01011392,401,0,401
S01011393,361,0,361
S01011394,308,0,308
S01011395,423,0,423
S01011396,439,0,439
S01011397,326,0,326
S01011398,324,0,324
S01011399,224,0,224
S01011400,339,0,339
S01011401,426,0,426
S01011402,497,0,497
S01011403,430,0,430
S01011404,564,0,564
S01011405,326,0,326
S01011406,317,0,317
S01011407,574,0,574
S01011408,422,0,422
S01011409,297,0,297
S01011410,384,0,384
S01011411,413,0,413
S01011412,401,0,401
S01011413,226,0,226
S01011414,500,0,500
S01011415,411,0,411
S01011416,337,0,337
S01011417,328,0,328
S01011418,383,0,383
S01011419,319,0,319
S01011420,268,0,268
S01011421,164,0,164
S01011422,178,0,178
S01011423,234,0,234
S01011424,231,0,231
S01011425,297,0,297
S01011426,334,0,334
S01011427,423,0,423
S01011428,305,0,305
S01011429,252,0,252
S01011430,386,0,386
S01011431,580,0,580
S01011432,591,0,591
S01011433,431,0,431
S01011434,435,0,435
S01011435,505,0,505
S01011436,584,0,584
S01011437,392,0,392
S01011438,384,1,383
S01011439,510,0,510
S01011440,452,0,452
S01011441,335,0,335
S01011442,319,0,319
S01011443,371,0,371
S01011444,439,0,439
S01011445,318,0,318
S01011446,382,0,382
S01011447,445,0,445
S01011448,461,0,461
S01011449,305,0,305
S01011450,162,0,162
S01011451,288,0,288
S01011452,390,0,390
S01011453,335,0,335
S01011454,475,0,475
S01011455,465,0,465
S01011456,460,0,460
S01011457,362,0,362
S01011458,269,0,269
S01011459,230,0,230
S01011460,415,0,415
S01011461,395,0,395
S01011462,419,0,419
S01011463,252,0,252
S01011464,122,0,122
S01011465,279,0,279
S01011466,530,0,530
S01011467,156,0,156
S01011468,48,0,48
S01011469,300,0,300
S01011470,458,0,458
S01011471,467,0,467
S01011472,749,0,749
S01011473,573,0,573
S01011474,590,0,590
S01011475,398,0,398
S01011476,304,0,304
S01011477,330,0,330
S01011478,451,0,451
S01011479,385,0,385
S01011480,411,0,411
S01011481,321,0,321
S01011482,490,0,490
S01011483,355,1,354
S01011484,475,0,475
S01011485,372,0,372
S01011486,230,0,230
S01011487,365,0,365
S01011488,283,0,283
S01011489,216,0,216
S01011490,523,0,523
S01011491,265,0,265
S01011492,483,0,483
S01011493,395,0,395
S01011494,345,0,345
S01011495,477,0,477
S01011496,285,0,285
S01011497,327,0,327
S01011498,227,0,227
S01011499,408,0,408
S01011500,471,0,471
S01011501,327,0,327
S01011502,307,0,307
S01011503,428,0,428
S01011504,266,0,266
S01011505,289,0,289
S01011506,273,0,273
S01011507,368,0,368
S01011508,419,0,419
S01011509,245,0,245
S01011510,405,0,405
S01011511,318,0,318
S01011512,558,0,558
S01011513,447,0,447
S01011514,365,0,365
S01011515,359,0,359
S01011516,364,0,364
S01011517,272,0,272
S01011518,305,0,305
S01011519,314,0,314
S01011520,502,0,502
S01011521,608,0,608
S01011522,450,0,450
S01011523,589,0,589
S01011524,371,0,371
S01011525,297,0,297
S01011526,368,0,368
S01011527,364,0,364
S01011528,501,0,501
S01011529,554,0,554
S01011530,581,0,581
S01011531,522,0,522
S01011532,170,0,170
S01011533,313,0,313
S01011534,361,0,361
S01011535,418,0,418
S01011536,260,0,260
S01011537,387,0,387
S01011538,306,0,306
S01011539,388,0,388
S01011540,398,0,398
S01011541,383,0,383
S01011542,435,0,435
S01011543,371,0,371
S01011544,336,0,336
S01011545,359,0,359
S01011546,234,0,234
S01011547,179,0,179
S01011548,359,0,359
S01011549,369,0,369
S01011550,376,0,376
S01011551,381,0,381
S01011552,389,0,389
S01011553,94,0,94
S01011554,422,0,422
S01011555,323,0,323
S01011556,316,0,316
S01011557,385,0,385
S01011558,352,0,352
S01011559,300,0,300
S01011560,414,0,414
S01011561,293,0,293
S01011562,372,0,372
S01011563,404,0,404
S01011564,311,0,311
S01011565,336,0,336
S01011566,315,0,315
S01011567,358,0,358
S01011568,315,0,315
S01011569,346,0,346
S01011570,426,0,426
S01011571,514,0,514
S01011572,473,0,473
S01011573,340,0,340
S01011574,271,0,271
S01011575,205,0,205
S01011576,402,0,402
S01011577,275,0,275
S01011578,508,0,508
S01011579,354,0,354
S01011580,478,0,478
S01011581,441,0,441
S01011582,561,0,561
S01011583,464,0,464
S01011584,366,0,366
S01011585,549,0,549
S01011586,296,0,296
S01011587,297,0,297
S01011588,367,0,367
S01011589,394,0,394
S01011590,442,0,442
S01011591,387,0,387
S01011592,378,0,378
S01011593,269,0,269
S01011594,300,0,300
S01011595,434,0,434
S01011596,575,0,575
S01011597,376,0,376
S01011598,577,0,577
S01011599,414,1,413
S01011600,352,0,352
S01011601,305,0,305
S01011602,296,0,296
S01011603,541,0,541
S01011604,289,0,289
S01011605,381,0,381
S01011606,141,0,141
S01011607,306,0,306
S01011608,316,0,316
S01011609,446,0,446
S01011610,417,0,417
S01011611,284,0,284
S01011612,104,0,104
S01011613,370,0,370
S01011614,181,0,181
S01011615,348,0,348
S01011616,259,0,259
S01011617,452,0,452
S01011618,330,0,330
S01011619,305,0,305
S01011620,260,0,260
S01011621,333,0,333
S01011622,59,0,59
S01011623,394,0,394
S01011624,343,0,343
S01011625,230,0,230
S01011626,390,0,390
S01011627,235,0,235
S01011628,486,0,486
S01011629,313,0,313
S01011630,275,0,275
S01011631,352,0,352
S01011632,416,0,416
S01011633,475,0,475
S01011634,329,0,329
S01011635,259,0,259
S01011636,343,0,343
S01011637,321,0,321
S01011638,372,0,372
S01011639,268,0,268
S01011640,416,0,416
S01011641,374,0,374
S01011642,377,0,377
S01011643,288,0,288
S01011644,409,0,409
S01011645,291,0,291
S01011646,329,0,329
S01011647,385,0,385
S01011648,184,0,184
S01011649,190,0,190
S01011650,501,0,501
S01011651,354,0,354
S01011652,378,0,378
S01011653,429,0,429
S01011654,550,0,550
S01011655,420,0,420
S01011656,322,0,322
S01011657,315,0,315
S01011658,398,0,398
S01011659,385,0,385
S01011660,470,0,470
S01011661,434,0,434
S01011662,179,0,179
S01011663,374,0,374
S01011664,391,0,391
S01011665,530,0,530
S01011666,524,0,524
S01011667,446,0,446
S01011668,612,0,612
S01011669,398,0,398
S01011670,348,0,348
S01011671,331,0,331
S01011672,338,0,338
S01011673,339,0,339
S01011674,349,0,349
S01011675,413,0,413
S01011676,347,0,347
S01011677,66,0,66
S01011678,221,0,221
S01011679,255,0,255
S01011680,500,0,500
S01011681,306,0,306
S01011682,277,0,277
S01011683,326,0,326
S01011684,285,0,285
S01011685,128,0,128
S01011686,364,0,364
S01011687,425,0,425
S01011688,396,0,396
S01011689,198,0,198
S01011690,349,0,349
S01011691,122,0,122
S01011692,513,0,513
S01011693,410,0,410
S01011694,57,0,57
S01011695,383,0,383
S01011696,65,0,65
S01011697,197,0,197
S01011698,313,0,313
S01011699,351,0,351
S01011700,407,0,407
S01011701,332,0,332
S01011702,379,0,379
S01011703,302,0,302
S01011704,324,0,324
S01011705,363,0,363
S01011706,418,0,418
S01011707,251,0,251
S01011708,461,0,461
S01011709,448,0,448
S01011710,272,0,272
S01011711,559,0,559
S01011712,298,0,298
S01011713,527,0,527
S01011714,180,0,180
S01011715,505,0,505
S01011716,382,0,382
S01011717,324,0,324
S01011718,99,0,99
S01011719,244,0,244
S01011720,251,0,251
S01011721,302,0,302
S01011722,574,0,574
S01011723,368,0,368
S01011724,255,0,255
S01011725,218,0,218
S01011726,205,0,205
S01011727,85,0,85
S01011728,388,0,388
S01011729,498,0,498
S01011730,421,0,421
S01011731,438,0,438
S01011732,355,0,355
S01011733,344,0,344
S01011734,382,0,382
S01011735,285,0,285
S01011736,462,0,462
S01011737,377,0,377
S01011738,361,0,361
S01011739,258,0,258
S01011740,285,0,285
S01011741,463,0,463
S01011742,373,0,373
S01011743,340,0,340
S01011744,416,0,416
S01011745,542,1,541
S01011746,372,0,372
S01011747,428,0,428
S01011748,431,0,431
S01011749,388,0,388
S01011750,382,0,382
S01011751,601,0,601
S01011752,520,1,519
S01011753,390,0,390
S01011754,414,0,414
S01011755,441,0,441
S01011756,514,0,514
S01011757,408,0,408
S01011758,254,0,254
S01011759,368,0,368
S01011760,413,0,413
S01011761,256,0,256
S01011762,434,0,434
S01011763,346,0,346
S01011764,136,0,136
S01011765,450,0,450
S01011766,270,0,270
S01011767,559,0,559
S01011768,374,0,374
S01011769,434,0,434
S01011770,456,0,456
S01011771,227,0,227
S01011772,373,0,373
S01011773,187,0,187
S01011774,311,0,311
S01011775,254,0,254
S01011776,149,0,149
S01011777,252,0,252
S01011778,269,0,269
S01011779,301,0,301
S01011780,240,0,240
S01011781,339,0,339
S01011782,290,0,290
S01011783,207,0,207
S01011784,360,0,360
S01011785,450,0,450
S01011786,66,0,66
S01011787,496,0,496
S01011788,164,0,164
S01011789,464,0,464
S01011790,464,0,464
S01011791,341,0,341
S01011792,488,0,488
S01011793,305,0,305
S01011794,417,0,417
S01011795,336,0,336
S01011796,417,0,417
S01011797,322,0,322
S01011798,239,0,239
S01011799,396,0,396
S01011800,280,0,280
S01011801,285,0,285
S01011802,356,0,356
S01011803,252,0,252
S01011804,451,0,451
S01011805,424,0,424
S01011806,490,0,490
S01011807,392,0,392
S01011808,386,1,385
S01011809,241,0,241
S01011810,433,0,433
S01011811,360,0,360
S01011812,410,0,410
S01011813,320,0,320
S01011814,245,0,245
S01011815,189,0,189
S01011816,245,0,245
S01011817,264,0,264
S01011818,518,0,518
S01011819,594,1,593
S01011820,328,0,328
S01011821,227,0,227
S01011822,436,1,435
S01011823,279,0,279
S01011824,411,0,411
S01011825,253,0,253
S01011826,329,0,329
S01011827,292,0,292
S01011828,363,0,363
S01011829,191,0,191
S01011830,346,0,346
S01011831,455,0,455
S01011832,350,0,350
S01011833,309,0,309
S01011834,239,0,239
S01011835,230,0,230
S01011836,434,0,434
S01011837,283,0,283
S01011838,446,0,446
S01011839,487,0,487
S01011840,471,0,471
S01011841,625,0,625
S01011842,608,0,608
S01011843,468,0,468
S01011844,371,0,371
S01011845,345,0,345
S01011846,363,0,363
S01011847,172,0,172
S01011848,319,0,319
S01011849,295,0,295
S01011850,387,0,387
S01011851,344,0,344
S01011852,429,0,429
S01011853,353,1,352
S01011854,440,1,439
S01011855,467,0,467
S01011856,314,0,314
S01011857,476,0,476
S01011858,403,0,403
S01011859,506,0,506
S01011860,279,0,279
S01011861,331,0,331
S01011862,392,0,392
S01011863,402,0,402
S01011864,336,0,336
S01011865,320,0,320
S01011866,473,0,473
S01011867,434,0,434
S01011868,399,0,399
S01011869,393,0,393
S01011870,305,0,305
S01011871,376,0,376
S01011872,348,0,348
S01011873,287,0,287
S01011874,349,0,349
S01011875,484,0,484
S01011876,399,0,399
S01011877,342,0,342
S01011878,469,0,469
S01011879,294,0,294
S01011880,380,0,380
S01011881,353,0,353
S01011882,434,0,434
S01011883,571,0,571
S01011884,151,0,151
S01011885,192,0,192
S01011886,385,0,385
S01011887,292,0,292
S01011888,546,0,546
S01011889,465,0,465
S01011890,401,0,401
S01011891,381,0,381
S01011892,580,2,578
S01011893,523,1,522
S01011894,319,0,319
S01011895,451,0,451
S01011896,481,0,481
S01011897,469,0,469
S01011898,280,0,280
S01011899,447,0,447
S01011900,267,0,267
S01011901,365,1,364
S01011902,502,0,502
S01011903,414,0,414
S01011904,381,0,381
S01011905,287,0,287
S01011906,158,0,158
S01011907,371,0,371
S01011908,226,0,226
S01011909,213,0,213
S01011910,557,1,556
S01011911,326,0,326
S01011912,389,0,389
S01011913,415,0,415
S01011914,415,1,414
S01011915,364,0,364
S01011916,365,0,365
S01011917,284,0,284
S01011918,409,3,406
S01011919,375,0,375
S01011920,298,1,297
S01011921,289,1,288
S01011922,375,0,375
S01011923,363,0,363
S01011924,415,0,415
S01011925,96,0,96
S01011926,369,0,369
S01011927,281,0,281
S01011928,389,0,389
S01011929,324,0,324
S01011930,333,0,333
S01011931,313,0,313
S01011932,182,0,182
S01011933,556,4,552
S01011934,385,1,384
S01011935,555,2,553
S01011936,376,3,373
S01011937,233,0,233
S01011938,263,0,263
S01011939,503,3,500
S01011940,522,1,521
S01011941,557,1,556
S01011942,492,0,492
S01011943,777,4,773
S01011944,202,0,202
S01011945,526,0,526
S01011946,440,0,440
S01011947,285,0,285
S01011948,458,0,458
S01011949,444,0,444
S01011950,430,0,430
S01011951,364,1,363
S01011952,178,0,178
S01011953,414,0,414
S01011954,276,0,276
S01011955,510,1,509
S01011956,309,0,309
S01011957,353,0,353
S01011958,582,0,582
S01011959,382,0,382
S01011960,304,0,304
S01011961,432,0,432
S01011962,241,0,241
S01011963,268,0,268
S01011964,445,0,445
S01011965,442,0,442
S01011966,310,0,310
S01011967,370,2,368
S01011968,555,0,555
S01011969,716,0,716
S01011970,704,0,704
S01011971,252,0,252
S01011972,698,0,698
S01011973,236,0,236
S01011974,285,0,285
S01011975,182,0,182
S01011976,408,0,408
S01011977,528,0,528
S01011978,553,0,553
S01011979,357,0,357
S01011980,185,0,185
S01011981,465,0,465
S01011982,581,0,581
S01011983,563,0,563
S01011984,281,0,281
S01011985,270,0,270
S01011986,414,0,414
S01011987,431,0,431
S01011988,287,0,287
S01011989,335,0,335
S01011990,355,0,355
S01011991,417,0,417
S01011992,425,0,425
S01011993,513,0,513
S01011994,335,0,335
S01011995,289,0,289
S01011996,340,0,340
S01011997,531,0,531
S01011998,269,0,269
S01011999,284,0,284
S01012000,239,0,239
S01012001,369,0,369
S01012002,329,0,329
S01012003,359,0,359
S01012004,493,0,493
S01012005,301,0,301
S01012006,331,0,331
S01012007,434,0,434
S01012008,607,0,607
S01012009,279,0,279
S01012010,600,0,600
S01012011,608,0,608
S01012012,322,0,322
S01012013,369,0,369
S01012014,763,0,763
S01012015,535,0,535
S01012016,320,0,320
S01012017,253,0,253
S01012018,365,0,365
S01012019,301,0,301
S01012020,477,0,477
S01012021,325,0,325
S01012022,455,0,455
S01012023,233,0,233
S01012024,438,0,438
S01012025,287,0,287
S01012026,197,0,197
S01012027,402,0,402
S01012028,400,0,400
S01012029,377,0,377
S01012030,489,0,489
S01012031,250,0,250
S01012032,154,0,154
S01012033,419,0,419
S01012034,411,0,411
S01012035,511,0,511
S01012036,536,0,536
S01012037,538,0,538
S01012038,463,0,463
S01012039,432,0,432
S01012040,244,0,244
S01012041,517,0,517
S01012042,419,0,419
S01012043,352,0,352
S01012044,492,0,492
S01012045,523,0,523
S01012046,469,0,469
S01012047,563,0,563
S01012048,356,0,356
S01012049,347,0,347
S01012050,351,0,351
S01012051,255,0,255
S01012052,437,0,437
S01012053,476,0,476
S01012054,580,0,580
S01012055,447,0,447
S01012056,413,0,413
S01012057,317,0,317
S01012058,319,0,319
S01012059,433,0,433
S01012060,386,0,386
S01012061,460,0,460
S01012062,363,0,363
S01012063,294,0,294
S01012064,296,0,296
S01012065,303,0,303
S01012066,376,1,375
S01012067,291,0,291
S01012068,328,0,328
S01012069,329,0,329
S01012070,512,0,512
S01012071,556,3,553
S01012072,597,1,596
S01012073,289,0,289
S01012074,302,0,302
S01012075,426,0,426
S01012076,492,0,492
S01012077,362,0,362
S01012078,327,0,327
S01012079,462,0,462
S01012080,444,0,444
S01012081,385,0,385
S01012082,456,0,456
S01012083,587,0,587
S01012084,271,0,271
S01012085,333,0,333
S01012086,445,0,445
S01012087,391,0,391
S01012088,235,0,235
S01012089,353,0,353
S01012090,410,0,410
S01012091,342,0,342
S01012092,266,0,266
S01012093,289,0,289
S01012094,327,0,327
S01012095,474,0,474
S01012096,391,0,391
S01012097,300,0,300
S01012098,404,0,404
S01012099,422,0,422
S01012100,624,0,624
S01012101,359,0,359
S01012102,444,0,444
S01012103,479,0,479
S01012104,334,0,334
S01012105,428,0,428
S01012106,480,1,479
S01012107,258,0,258
S01012108,681,0,681
S01012109,596,0,596
S01012110,554,0,554
S01012111,641,0,641
S01012112,569,0,569
S01012113,522,0,522
S01012114,399,0,399
S01012115,332,0,332
S01012116,317,0,317
S01012117,111,0,111
S01012118,226,0,226
S01012119,347,0,347
S01012120,292,0,292
S01012121,367,0,367
S01012122,371,0,371
S01012123,312,0,312
S01012124,345,0,345
S01012125,590,2,588
S01012126,266,1,265
S01012127,494,5,489
S01012128,265,2,263
S01012129,532,1,531
S01012130,672,0,672
S01012131,747,16,731
S01012132,476,10,466
S01012133,504,2,502
S01012134,601,0,601
S01012135,729,1,728
S01012136,511,1,510
S01012137,524,2,522
S01012138,578,1,577
S01012139,511,0,511
S01012140,396,0,396
S01012141,495,0,495
S01012142,382,0,382
S01012143,515,0,515
S01012144,444,0,444
S01012145,444,0,444
S01012146,546,0,546
S01012147,476,0,476
S01012148,369,0,369
S01012149,340,0,340
S01012150,383,0,383
S01012151,536,0,536
S01012152,459,0,459
S01012153,209,1,208
S01012154,383,0,383
S01012155,484,0,484
S01012156,691,1,690
S01012157,472,1,471
S01012158,403,0,403
S01012159,227,0,227
S01012160,397,0,397
S01012161,226,0,226
S01012162,380,1,379
S01012163,280,0,280
S01012164,162,0,162
S01012165,443,0,443
S01012166,384,0,384
S01012167,355,0,355
S01012168,482,1,481
S01012169,430,1,429
S01012170,658,0,658
S01012171,564,0,564
S01012172,462,0,462
S01012173,331,0,331
S01012174,428,0,428
S01012175,473,0,473
S01012176,557,0,557
S01012177,330,0,330
S01012178,392,0,392
S01012179,356,0,356
S01012180,337,0,337
S01012181,599,0,599
S01012182,291,0,291
S01012183,342,0,342
S01012184,72,0,72
S01012185,456,0,456
S01012186,417,0,417
S01012187,439,0,439
S01012188,275,0,275
S01012189,288,0,288
S01012190,146,0,146
S01012191,396,0,396
S01012192,172,0,172
S01012193,248,0,248
S01012194,270,0,270
S01012195,354,0,354
S01012196,203,0,203
S01012197,463,0,463
S01012198,425,0,425
S01012199,371,0,371
S01012200,278,0,278
S01012201,450,0,450
S01012202,236,0,236
S01012203,375,0,375
S01012204,262,0,262
S01012205,355,0,355
S01012206,360,0,360
S01012207,506,0,506
S01012208,580,0,580
S01012209,458,0,458
S01012210,367,0,367
S01012211,485,0,485
S01012212,457,0,457
S01012213,417,0,417
S01012214,333,0,333
S01012215,381,0,381
S01012216,477,0,477
S01012217,248,0,248
S01012218,319,0,319
S01012219,416,0,416
S01012220,431,0,431
S01012221,398,0,398
S01012222,557,0,557
S01012223,363,0,363
S01012224,491,0,491
S01012225,475,0,475
S01012226,344,0,344
S01012227,357,0,357
S01012228,293,0,293
S01012229,373,0,373
S01012230,453,0,453
S01012231,282,0,282
S01012232,425,0,425
S01012233,321,0,321
S01012234,485,0,485
S01012235,304,0,304
S01012236,394,0,394
S01012237,335,0,335
S01012238,307,1,306
S01012239,275,0,275
S01012240,328,0,328
S01012241,280,0,280
S01012242,341,0,341
S01012243,363,0,363
S01012244,387,0,387
S01012245,556,0,556
S01012246,364,0,364
S01012247,275,0,275
S01012248,316,0,316
S01012249,421,0,421
S01012250,360,0,360
S01012251,550,0,550
S01012252,544,0,544
S01012253,525,0,525
S01012254,417,0,417
S01012255,388,0,388
S01012256,321,0,321
S01012257,466,0,466
S01012258,469,0,469
S01012259,383,0,383
S01012260,380,0,380
S01012261,200,0,200
S01012262,432,0,432
S01012263,354,0,354
S01012264,162,0,162
S01012265,538,0,538
S01012266,507,0,507
S01012267,358,0,358
S01012268,474,0,474
S01012269,415,0,415
S01012270,377,0,377
S01012271,455,0,455
S01012272,320,0,320
S01012273,278,0,278
S01012274,505,0,505
S01012275,371,7,364
S01012276,694,0,694
S01012277,534,0,534
S01012278,679,18,661
S01012279,545,2,543
S01012280,468,0,468
S01012281,482,3,479
S01012282,468,3,465
S01012283,389,0,389
S01012284,425,5,420
S01012285,329,0,329
S01012286,480,0,480
S01012287,570,19,551
S01012288,469,18,451
S01012289,399,0,399
S01012290,310,0,310
S01012291,332,0,332
S01012292,508,0,508
S01012293,263,1,262
S01012294,421,0,421
S01012295,109,1,108
S01012296,239,0,239
S01012297,223,0,223
S01012298,383,0,383
S01012299,229,0,229
S01012300,500,0,500
S01012301,423,0,423
S01012302,305,0,305
S01012303,348,0,348
S01012304,465,0,465
S01012305,394,0,394
S01012306,427,0,427
S01012307,445,0,445
S01012308,318,0,318
S01012309,425,0,425
S01012310,590,0,590
S01012311,418,0,418
S01012312,433,0,433
S01012313,354,0,354
S01012314,387,0,387
S01012315,339,0,339
S01012316,323,0,323
S01012317,183,0,183
S01012318,331,0,331
S01012319,342,0,342
S01012320,318,0,318
S01012321,353,0,353
S01012322,478,0,478
S01012323,396,0,396
S01012324,413,0,413
S01012325,283,0,283
S01012326,473,0,473
S01012327,450,0,450
S01012328,415,0,415
S01012329,437,0,437
S01012330,312,0,312
S01012331,361,0,361
S01012332,401,0,401
S01012333,407,0,407
S01012334,430,0,430
S01012335,609,0,609
S01012336,448,0,448
S01012337,528,0,528
S01012338,365,0,365
S01012339,428,0,428
S01012340,301,0,301
S01012341,344,0,344
S01012342,373,0,373
S01012343,377,0,377
S01012344,413,0,413
S01012345,325,0,325
S01012346,367,0,367
S01012347,329,0,329
S01012348,386,0,386
S01012349,513,0,513
S01012350,520,0,520
S01012351,418,0,418
S01012352,486,0,486
S01012353,465,0,465
S01012354,430,0,430
S01012355,376,0,376
S01012356,497,0,497
S01012357,377,0,377
S01012358,356,0,356
S01012359,435,0,435
S01012360,317,0,317
S01012361,369,0,369
S01012362,437,0,437
S01012363,706,1,705
S01012364,444,0,444
S01012365,569,0,569
S01012366,509,0,509
S01012367,497,0,497
S01012368,363,0,363
S01012369,479,0,479
S01012370,654,0,654
S01012371,588,0,588
S01012372,592,0,592
S01012373,553,0,553
S01012374,405,0,405
S01012375,577,0,577
S01012376,356,0,356
S01012377,296,0,296
S01012378,302,0,302
S01012379,233,0,233
S01012380,621,0,621
S01012381,544,0,544
S01012382,477,0,477
S01012383,541,0,541
S01012384,266,0,266
S01012385,347,0,347
S01012386,492,0,492
S01012387,384,0,384
S01012388,299,0,299
S01012389,315,0,315
S01012390,268,0,268
S01012391,325,0,325
S01012392,218,0,218
S01012393,423,0,423
S01012394,425,0,425
S01012395,384,0,384
S01012396,438,1,437
S01012397,395,0,395
S01012398,520,0,520
S01012399,407,0,407
S01012400,424,0,424
S01012401,410,0,410
S01012402,133,0,133
S01012403,383,0,383
S01012404,483,0,483
S01012405,235,0,235
S01012406,267,0,267
S01012407,368,0,368
S01012408,315,0,315
S01012409,430,0,430
S01012410,505,0,505
S01012411,527,0,527
S01012412,281,0,281
S01012413,459,0,459
S01012414,363,0,363
S01012415,276,0,276
S01012416,204,0,204
S01012417,283,0,283
S01012418,362,0,362
S01012419,447,0,447
S01012420,460,0,460
S01012421,424,1,423
S01012422,545,0,545
S01012423,456,0,456
S01012424,371,0,371
S01012425,313,0,313
S01012426,302,0,302
S01012427,346,0,346
S01012428,367,0,367
S01012429,239,0,239
S01012430,477,0,477
S01012431,478,0,478
S01012432,399,0,399
S01012433,415,0,415
S01012434,367,0,367
S01012435,443,1,442
S01012436,416,0,416
S01012437,339,0,339
S01012438,265,0,265
S01012439,402,1,401
S01012440,218,0,218
S01012441,395,1,394
S01012442,293,0,293
S01012443,270,1,269
S01012444,399,0,399
S01012445,38,0,38
S01012446,333,0,333
S01012447,384,0,384
S01012448,178,0,178
S01012449,245,0,245
S01012450,320,0,320
S01012451,400,0,400
S01012452,317,0,317
S01012453,361,0,361
S01012454,467,0,467
S01012455,253,0,253
S01012456,399,0,399
S01012457,437,0,437
S01012458,356,0,356
S01012459,339,0,339
S01012460,365,0,365
S01012461,325,1,324
S01012462,452,0,452
S01012463,348,1,347
S01012464,255,1,254
S01012465,318,0,318
S01012466,446,0,446
S01012467,575,1,574
S01012468,362,0,362
S01012469,462,0,462
S01012470,490,0,490
S01012471,311,0,311
S01012472,361,0,361
S01012473,263,0,263
S01012474,411,2,409
S01012475,324,0,324
S01012476,499,0,499
S01012477,334,0,334
S01012478,373,0,373
S01012479,402,0,402
S01012480,95,1,94
S01012481,418,7,411
S01012482,416,4,412
S01012483,458,9,449
S01012484,523,2,521
S01012485,567,1,566
S01012486,353,2,351
S01012487,302,0,302
S01012488,490,0,490
S01012489,604,1,603
S01012490,635,12,623
S01012491,375,4,371
S01012492,613,11,602
S01012493,454,4,450
S01012494,630,3,627
S01012495,503,1,502
S01012496,309,0,309
S01012497,315,0,315
S01012498,365,0,365
S01012499,439,4,435
S01012500,278,0,278
S01012501,411,0,411
S01012502,435,1,434
S01012503,334,0,334
S01012504,279,0,279
S01012505,492,1,491
S01012506,220,0,220
S01012507,466,0,466
S01012508,409,0,409
S01012509,248,0,248
S01012510,436,0,436
S01012511,362,0,362
S01012512,404,3,401
S01012513,232,0,232
S01012514,327,0,327
S01012515,402,1,401
S01012516,290,0,290
S01012517,432,0,432
S01012518,397,0,397
S01012519,438,1,437
S01012520,337,0,337
S01012521,401,1,400
S01012522,379,0,379
S01012523,483,0,483
S01012524,530,0,530
S01012525,476,0,476
S01012526,434,0,434
S01012527,291,0,291
S01012528,340,0,340
S01012529,409,0,409
S01012530,505,0,505
S01012531,366,0,366
S01012532,413,3,410
S01012533,412,0,412
S01012534,444,0,444
S01012535,411,1,410
S01012536,355,1,354
S01012537,489,8,481
S01012538,464,1,463
S01012539,360,0,360
S01012540,447,0,447
S01012541,396,0,396
S01012542,450,0,450
S01012543,271,0,271
S01012544,231,0,231
S01012545,247,0,247
S01012546,372,0,372
S01012547,315,0,315
S01012548,389,0,389
S01012549,382,0,382
S01012550,419,0,419
S01012551,437,0,437
S01012552,369,0,369
S01012553,343,0,343
S01012554,275,0,275
S01012555,211,0,211
S01012556,220,0,220
S01012557,326,0,326
S01012558,342,0,342
S01012559,476,0,476
S01012560,531,0,531
S01012561,571,1,570
S01012562,551,1,550
S01012563,341,0,341
S01012564,366,0,366
S01012565,438,0,438
S01012566,526,0,526
S01012567,552,0,552
S01012568,449,0,449
S01012569,314,0,314
S01012570,337,0,337
S01012571,330,0,330
S01012572,247,0,247
S01012573,311,0,311
S01012574,496,0,496
S01012575,347,0,347
S01012576,428,0,428
S01012577,424,0,424
S01012578,655,0,655
S01012579,293,0,293
S01012580,294,0,294
S01012581,466,0,466
S01012582,279,0,279
S01012583,326,0,326
S01012584,274,0,274
S01012585,604,0,604
S01012586,265,0,265
S01012587,289,0,289
S01012588,271,0,271
S01012589,332,0,332
S01012590,454,0,454
S01012591,527,0,527
S01012592,154,0,154
S01012593,349,0,349
S01012594,305,0,305
S01012595,386,0,386
S01012596,290,0,290
S01012597,149,0,149
S01012598,292,0,292
S01012599,330,0,330
S01012600,263,0,263
S01012601,310,0,310
S01012602,384,0,384
S01012603,336,0,336
S01012604,357,0,357
S01012605,286,0,286
S01012606,99,0,99
S01012607,297,0,297
S01012608,463,0,463
S01012609,427,0,427
S01012610,506,0,506
S01012611,367,0,367
S01012612,449,0,449
S01012613,512,0,512
S01012614,423,1,422
S01012615,413,0,413
S01012616,321,0,321
S01012617,132,0,132
S01012618,256,0,256
S01012619,366,0,366
S01012620,415,0,415
S01012621,418,0,418
S01012622,390,0,390
S01012623,394,0,394
S01012624,363,0,363
S01012625,329,0,329
S01012626,286,0,286
S01012627,269,0,269
S01012628,204,0,204
S01012629,135,0,135
S01012630,448,0,448
S01012631,454,0,454
S01012632,209,0,209
S01012633,399,0,399
S01012634,523,0,523
S01012635,528,0,528
S01012636,283,0,283
S01012637,462,0,462
S01012638,469,0,469
S01012639,575,0,575
S01012640,591,0,591
S01012641,322,0,322
S01012642,648,0,648
S01012643,211,0,211
S01012644,241,0,241
S01012645,429,0,429
S01012646,393,0,393
S01012647,120,0,120
S01012648,290,0,290
S01012649,351,0,351
S01012650,310,0,310
S01012651,367,0,367
S01012652,390,0,390
S01012653,370,0,370
S01012654,367,0,367
S01012655,498,0,498
S01012656,440,0,440
S01012657,382,0,382
S01012658,408,0,408
S01012659,205,0,205
S01012660,322,0,322
S01012661,392,0,392
S01012662,444,0,444
S01012663,388,0,388
S01012664,451,0,451
S01012665,405,0,405
S01012666,382,0,382
S01012667,314,0,314
S01012668,480,0,480
S01012669,408,0,408
S01012670,274,0,274
S01012671,486,0,486
S01012672,328,0,328
S01012673,423,0,423
S01012674,330,0,330
S01012675,489,0,489
S01012676,349,0,349
S01012677,265,0,265
S01012678,261,0,261
S01012679,287,0,287
S01012680,97,0,97
S01012681,299,0,299
S01012682,364,0,364
S01012683,381,0,381
S01012684,166,0,166
S01012685,472,0,472
S01012686,539,0,539
S01012687,549,0,549
S01012688,470,0,470
S01012689,240,0,240
S01012690,201,0,201
S01012691,379,0,379
S01012692,402,0,402
S01012693,315,0,315
S01012694,244,0,244
S01012695,232,0,232
S01012696,234,0,234
S01012697,191,0,191
S01012698,395,0,395
S01012699,381,0,381
S01012700,327,0,327
S01012701,437,0,437
S01012702,180,0,180
S01012703,264,0,264
S01012704,291,0,291
S01012705,238,0,238
S01012706,421,0,421
S01012707,319,0,319
S01012708,433,0,433
S01012709,331,0,331
S01012710,450,0,450
S01012711,594,0,594
S01012712,361,0,361
S01012713,534,0,534
S01012714,286,0,286
S01012715,532,0,532
S01012716,464,0,464
S01012717,548,0,548
S01012718,366,0,366
S01012719,472,6,466
S01012720,382,7,375
S01012721,314,0,314
S01012722,627,1,626
S01012723,440,0,440
S01012724,397,0,397
S01012725,470,0,470
S01012726,415,0,415
S01012727,380,0,380
S01012728,441,0,441
S01012729,417,0,417
S01012730,268,0,268
S01012731,342,0,342
S01012732,333,0,333
S01012733,77,0,77
S01012734,44,0,44
S01012735,253,0,253
S01012736,505,0,505
S01012737,473,0,473
S01012738,231,0,231
S01012739,51,0,51
S01012740,39,0,39
S01012741,275,0,275
S01012742,355,0,355
S01012743,375,0,375
S01012744,278,0,278
S01012745,357,0,357
S01012746,426,0,426
S01012747,483,0,483
S01012748,367,0,367
S01012749,379,0,379
S01012750,326,0,326
S01012751,629,1,628
S01012752,287,0,287
S01012753,237,0,237
S01012754,397,0,397
S01012755,297,0,297
S01012756,462,0,462
S01012757,239,0,239
S01012758,299,0,299
S01012759,365,0,365
S01012760,374,0,374
S01012761,473,0,473
S01012762,345,0,345
S01012763,282,0,282
S01012764,419,0,419
S01012765,268,0,268
S01012766,320,1,319
S01012767,310,0,310
S01012768,347,0,347
S01012769,180,0,180
S01012770,372,0,372
S01012771,442,0,442
S01012772,462,0,462
S01012773,559,1,558
S01012774,377,1,376
S01012775,336,0,336
S01012776,393,0,393
S01012777,240,0,240
S01012778,291,0,291
S01012779,273,0,273
S01012780,369,0,369
S01012781,264,0,264
S01012782,410,0,410
S01012783,447,0,447
S01012784,442,0,442
S01012785,395,1,394
S01012786,526,0,526
S01012787,189,0,189
S01012788,428,0,428
S01012789,479,0,479
S01012790,219,0,219
S01012791,389,0,389
S01012792,549,0,549
S01012793,475,6,469
S01012794,156,0,156
S01012795,503,0,503
S01012796,243,0,243
S01012797,243,0,243
S01012798,383,0,383
S01012799,539,0,539
S01012800,369,0,369
S01012801,140,0,140
S01012802,209,0,209
S01012803,323,0,323
S01012804,399,0,399
S01012805,421,0,421
S01012806,379,0,379
S01012807,256,0,256
S01012808,389,0,389
S01012809,446,0,446
S01012810,472,0,472
S01012811,370,0,370
S01012812,400,1,399
S01012813,414,0,414
S01012814,332,0,332
S01012815,236,0,236
S01012816,204,0,204
S01012817,116,0,116
S01012818,280,0,280
S01012819,513,0,513
S01012820,234,0,234
S01012821,173,0,173
S01012822,399,0,399
S01012823,123,0,123
S01012824,354,0,354
S01012825,325,1,324
S01012826,242,0,242
S01012827,187,0,187
S01012828,224,0,224
S01012829,339,0,339
S01012830,297,0,297
S01012831,381,0,381
S01012832,242,0,242
S01012833,489,0,489
S01012834,352,0,352
S01012835,424,1,423
S01012836,25,0,25
S01012837,519,0,519
S01012838,516,0,516
S01012839,302,0,302
S01012840,144,0,144
S01012841,306,0,306
S01012842,427,0,427
S01012843,398,0,398
S01012844,345,0,345
S01012845,407,0,407
S01012846,543,1,542
S01012847,346,0,346
S01012848,238,0,238
S01012849,439,0,439
S01012850,442,0,442
S01012851,476,0,476
S01012852,436,0,436
S01012853,458,0,458
S01012854,435,0,435
S01012855,508,0,508
S01012856,484,0,484
S01012857,740,0,740
S01012858,465,0,465
S01012859,491,0,491
S01012860,278,0,278
S01012861,305,0,305
S01012862,436,0,436
S01012863,482,0,482
S01012864,459,0,459
S01012865,567,0,567
S01012866,479,0,479
S01012867,454,0,454
S01012868,445,1,444
S01012869,246,0,246
S01012870,451,0,451
S01012871,445,0,445
S01012872,409,0,409
S01012873,462,1,461
S01012874,417,0,417
S01012875,275,0,275
S01012876,440,1,439
S01012877,332,0,332
S01012878,369,0,369
S01012879,458,0,458
S01012880,431,0,431
S01012881,607,0,607
S01012882,294,0,294
S01012883,588,0,588
S01012884,339,0,339
S01012885,441,0,441
S01012886,380,0,380
S01012887,357,0,357
S01012888,390,0,390
S01012889,306,0,306
S01012890,304,0,304
S01012891,380,0,380
S01012892,612,0,612
S01012893,508,0,508
S01012894,94,0,94
S01012895,170,0,170
S01012896,569,0,569
S01012897,257,0,257
S01012898,99,0,99
S01012899,375,0,375
S01012900,272,0,272
S01012901,580,0,580
S01012902,483,0,483
S01012903,502,0,502
S01012904,487,0,487
S01012905,424,0,424
S01012906,583,1,582
S01012907,553,0,553
S01012908,556,0,556
S01012909,475,0,475
S01012910,625,0,625
S01012911,386,0,386
S01012912,565,0,565
S01012913,475,0,475
S01012914,409,0,409
S01012915,290,0,290
S01012916,442,1,441
S01012917,269,0,269
S01012918,423,0,423
S01012919,229,0,229
S01012920,260,0,260
S01012921,341,0,341
S01012922,342,0,342
S01012923,360,0,360
S01012924,273,0,273
S01012925,245,0,245
S01012926,335,0,335
S01012927,342,0,342
S01012928,410,0,410
S01012929,405,0,405
S01012930,508,0,508
S01012931,565,0,565
S01012932,255,0,255
S01012933,381,0,381
S01012934,406,0,406
S01012935,649,0,649
S01012936,401,0,401
S01012937,395,0,395
S01012938,360,0,360
S01012939,270,0,270
S01012940,332,0,332
S01012941,269,0,269
S01012942,400,0,400
S01012943,342,0,342
S01012944,298,0,298
S01012945,242,0,242
S01012946,264,0,264
S01012947,200,0,200
S01012948,398,0,398
S01012949,311,0,311
S01012950,272,0,272
S01012951,178,0,178
S01012952,240,0,240
S01012953,291,0,291
S01012954,177,0,177
S01012955,201,0,201
S01012956,428,1,427
S01012957,369,0,369
S01012958,185,0,185
S01012959,226,0,226
S01012960,275,0,275
S01012961,384,0,384
S01012962,346,0,346
S01012963,139,0,139
S01012964,107,0,107
S01012965,220,0,220
S01012966,343,0,343
S01012967,376,0,376
S01012968,328,0,328
S01012969,439,0,439
S01012970,345,0,345
S01012971,369,0,369
S01012972,338,0,338
S01012973,364,0,364
S01012974,475,0,475
S01012975,326,0,326
S01012976,293,0,293
S01012977,356,0,356
S01012978,401,0,401
S01012979,270,0,270
S01012980,383,0,383
S01012981,405,0,405
S01012982,378,0,378
S01012983,320,0,320
S01012984,360,0,360
S01012985,398,1,397
S01012986,492,0,492
S01012987,529,0,529
S01012988,573,0,573
S01012989,491,0,491
S01012990,526,0,526
S01012991,536,0,536
S01012992,513,1,512
S01012993,564,0,564
S01012994,486,0,486
S01012995,329,0,329
S01012996,342,0,342
S01012997,269,0,269
S01012998,410,0,410
S01012999,253,0,253
S01013000,574,0,574
S01013001,184,0,184
S01013002,278,0,278
S01013003,288,0,288
S01013004,383,0,383
S01013005,316,0,316
S01013006,272,0,272
S01013007,549,0,549
S01013008,427,0,427
S01013009,329,0,329
S01013010,233,0,233
S01013011,266,1,265
S01013012,395,0,395
S01013013,356,1,355
S01013014,338,1,337
S01013015,295,0,295
S01013016,346,1,345
S01013017,413,0,413
S01013018,439,0,439
S01013019,358,0,358
S01013020,441,0,441
S01013021,313,0,313
S01013022,157,0,157
S01013023,389,0,389
S01013024,272,0,272
S01013025,332,0,332
S01013026,321,0,321
S01013027,595,0,595
S01013028,198,0,198
S01013029,302,0,302
S01013030,340,0,340
S01013031,297,0,297
S01013032,205,0,205
S01013033,223,0,223
S01013034,337,0,337
S01013035,367,0,367
S01013036,335,0,335
S01013037,470,0,470
S01013038,537,0,537
S01013039,180,0,180
S01013040,322,0,322
S01013041,267,0,267
S01013042,280,0,280
S01013043,335,1,334
S01013044,456,1,455
S01013045,211,0,211
S01013046,302,0,302
S01013047,363,1,362
S01013048,605,2,603
S01013049,464,1,463
S01013050,410,1,409
S01013051,435,1,434
S01013052,361,0,361
S01013053,532,0,532
S01013054,461,0,461
S01013055,353,3,350
S01013056,590,1,589
S01013057,515,1,514
S01013058,148,0,148
S01013059,507,0,507
S01013060,252,4,248
S01013061,456,0,456
S01013062,431,0,431
S01013063,383,4,379
S01013064,460,0,460
S01013065,530,1,529
S01013066,325,3,322
S01013067,524,60,464
S01013068,593,34,559
S01013069,401,50,351
S01013070,473,58,415
S01013071,420,89,331
S01013072,331,1,330
S01013073,378,3,375
S01013074,618,3,615
S01013075,491,3,488
S01013076,207,36,171
S01013077,334,6,328
S01013078,286,3,283
S01013079,126,5,121
S01013080,452,22,430
S01013081,322,5,317
S01013082,537,1,536
S01013083,346,45,301
S01013084,416,2,414
S01013085,454,28,426
S01013086,523,10,513
S01013087,448,70,378
S01013088,374,0,374
S01013089,377,5,372
S01013090,431,24,407
S01013091,206,14,192
S01013092,452,1,451
S01013093,210,1,209
S01013094,291,0,291
S01013095,348,0,348
S01013096,229,0,229
S01013097,341,0,341
S01013098,51,0,51
S01013099,433,1,432
S01013100,419,1,418
S01013101,813,0,813
S01013102,340,0,340
S01013103,266,0,266
S01013104,448,0,448
S01013105,367,1,366
S01013106,421,2,419
S01013107,351,2,349
S01013108,290,0,290
S01013109,502,2,500
S01013110,246,1,245
S01013111,278,0,278
S01013112,241,0,241
S01013113,472,0,472
S01013114,553,0,553
S01013115,441,0,441
S01013116,421,0,421
S01013117,401,0,401
S01013118,487,0,487
S01013119,326,0,326
S01013120,499,0,499
S01013121,193,0,193
S01013122,487,0,487
S01013123,520,0,520
S01013124,578,0,578
S01013125,423,0,423
S01013126,392,1,391
S01013127,408,1,407
S01013128,520,0,520
S01013129,505,0,505
S01013130,493,0,493
S01013131,490,0,490
S01013132,354,1,353
S01013133,384,1,383
S01013134,357,0,357
S01013135,549,0,549
S01013136,531,0,531
S01013137,418,0,418
S01013138,470,1,469
S01013139,531,0,531
S01013140,496,1,495
S01013141,369,3,366
S01013142,597,0,597
S01013143,478,0,478
S01013144,425,0,425
S01013145,458,0,458
S01013146,251,0,251
S01013147,362,0,362
S01013148,480,0,480
S01013149,367,0,367
S01013150,403,0,403
S01013151,257,0,257
S01013152,516,0,516
S01013153,399,0,399
S01013154,626,0,626
S01013155,396,0,396
S01013156,474,0,474
S01013157,457,0,457
S01013158,256,0,256
S01013159,349,0,349
S01013160,354,0,354
S01013161,417,0,417
S01013162,515,0,515
S01013163,308,0,308
S01013164,499,0,499
S01013165,537,0,537
S01013166,430,0,430
S01013167,612,0,612
S01013168,504,0,504
S01013169,425,0,425
S01013170,547,0,547
S01013171,314,0,314
S01013172,366,0,366
S01013173,361,0,361
S01013174,427,0,427
S01013175,331,0,331
S01013176,514,0,514
S01013177,490,0,490
S01013178,285,0,285
S01013179,472,0,472
S01013180,177,0,177
S01013181,412,0,412
S01013182,394,0,394
S01013183,388,0,388
S01013184,297,0,297
S01013185,480,0,480
S01013186,318,0,318
S01013187,413,0,413
S01013188,382,0,382
S01013189,321,0,321
S01013190,321,0,321
S01013191,288,0,288
S01013192,465,0,465
S01013193,282,0,282
S01013194,527,0,527
S01013195,474,0,474
S01013196,411,0,411
S01013197,263,0,263
S01013198,415,0,415
S01013199,454,0,454
S01013200,447,0,447
S01013201,378,0,378
S01013202,241,0,241
S01013203,454,0,454
S01013204,390,0,390
S01013205,326,0,326
S01013206,418,0,418
S01013207,408,0,408
S01013208,245,0,245
S01013209,474,0,474
S01013210,330,0,330
S01013211,473,0,473
S01013212,282,0,282
S01013213,327,0,327
S01013214,157,0,157
S01013215,372,0,372
S01013216,330,0,330
S01013217,318,0,318
S01013218,328,0,328
S01013219,330,0,330
S01013220,378,0,378
S01013221,454,0,454
S01013222,277,0,277
S01013223,612,0,612
S01013224,515,0,515
S01013225,319,0,319
S01013226,138,0,138
S01013227,265,0,265
S01013228,434,1,433
S01013229,471,0,471
S01013230,462,0,462
S01013231,485,0,485
S01013232,370,0,370
S01013233,263,0,263
S01013234,153,0,153
S01013235,556,0,556
S01013236,437,0,437
S01013237,417,0,417
S01013238,553,0,553
S01013239,500,0,500
S01013240,325,0,325
S01013241,342,0,342
S01013242,280,1,279
S01013243,332,0,332
S01013244,520,0,520
S01013245,352,0,352
S01013246,162,0,162
S01013247,399,0,399
S01013248,337,0,337
S01013249,359,0,359
S01013250,424,0,424
S01013251,341,0,341
S01013252,386,0,386
S01013253,330,0,330
S01013254,374,0,374
S01013255,359,0,359
S01013256,331,0,331
S01013257,466,0,466
S01013258,408,0,408
S01013259,585,0,585
S01013260,389,0,389
S01013261,494,0,494
S01013262,336,0,336
S01013263,210,0,210
S01013264,95,0,95
S01013265,151,0,151
S01013266,106,0,106
S01013267,231,0,231
S01013268,497,0,497
S01013269,379,0,379
S01013270,232,0,232
S01013271,354,0,354
S01013272,337,0,337
S01013273,172,0,172
S01013274,402,1,401
S01013275,413,2,411
S01013276,357,0,357
S01013277,370,0,370
S01013278,360,0,360
S01013279,355,0,355
S01013280,336,0,336
S01013281,389,0,389
S01013282,345,0,345
S01013283,341,0,341
S01013284,304,0,304
S01013285,304,0,304
S01013286,335,0,335
S01013287,289,0,289
S01013288,342,0,342
S01013289,363,0,363
S01013290,453,0,453
S01013291,406,0,406
S01013292,324,0,324
S01013293,321,0,321
S01013294,348,0,348
S01013295,371,0,371
S01013296,382,1,381
S01013297,463,0,463
S01013298,349,0,349
S01013299,385,0,385
S01013300,350,0,350
S01013301,307,0,307
S01013302,281,0,281
S01013303,523,0,523
S01013304,473,0,473
S01013305,409,2,407
S01013306,521,0,521
S01013307,525,0,525
S01013308,252,0,252
S01013309,344,2,342
S01013310,274,0,274
S01013311,356,0,356
S01013312,760,0,760
S01013313,275,0,275
S01013314,404,2,402
S01013315,114,0,114
S01013316,298,0,298
S01013317,285,0,285
S01013318,261,1,260
S01013319,270,0,270
S01013320,204,0,204
S01013321,226,0,226
S01013322,268,0,268
S01013323,350,0,350
S01013324,408,0,408
S01013325,320,0,320
S01013326,420,0,420
S01013327,347,0,347
S01013328,277,0,277
S01013329,233,0,233
S01013330,255,0,255
S01013331,236,0,236
S01013332,354,0,354
S01013333,415,0,415
S01013334,293,0,293
S01013335,375,0,375
S01013336,429,0,429
S01013337,447,0,447
S01013338,132,0,132
S01013339,346,0,346
S01013340,515,0,515
S01013341,301,0,301
S01013342,376,0,376
S01013343,285,0,285
S01013344,310,0,310
S01013345,341,0,341
S01013346,242,0,242
S01013347,334,0,334
S01013348,181,0,181
S01013349,99,0,99
S01013350,250,0,250
S01013351,318,0,318
S01013352,405,0,405
S01013353,487,0,487
S01013354,338,0,338
S01013355,404,0,404
S01013356,354,0,354
S01013357,220,0,220
S01013358,367,0,367
S01013359,305,0,305
S01013360,305,0,305
S01013361,417,0,417
S01013362,263,0,263
S01013363,489,0,489
S01013364,292,0,292
S01013365,447,0,447
S01013366,219,0,219
S01013367,220,0,220
S01013368,368,0,368
S01013369,403,0,403
S01013370,416,0,416
S01013371,420,0,420
S01013372,486,0,486
S01013373,529,0,529
S01013374,514,0,514
S01013375,307,0,307
S01013376,304,0,304
S01013377,385,0,385
S01013378,382,0,382
S01013379,396,0,396
S01013380,183,0,183
S01013381,309,0,309
S01013382,294,0,294
S01013383,425,0,425
S01013384,512,0,512
S01013385,287,0,287
S01013386,289,0,289
S01013387,328,0,328
S01013388,379,0,379
S01013389,455,0,455
S01013390,252,0,252
S01013391,417,0,417
S01013392,141,0,141
S01013393,429,0,429
S01013394,319,0,319
S01013395,420,0,420
S01013396,168,0,168
S01013397,383,0,383
S01013398,121,0,121
S01013399,197,0,197
S01013400,258,0,258
S01013401,56,0,56
S01013402,48,0,48
S01013403,42,0,42
S01013404,190,0,190
S01013405,315,0,315
S01013406,324,0,324
S01013407,363,0,363
S01013408,347,0,347
S01013409,396,0,396
S01013410,221,0,221
S01013411,323,0,323
S01013412,375,0,375
S01013413,405,0,405
S01013414,391,0,391
S01013415,473,0,473
S01013416,274,0,274
S01013417,390,0,390
S01013418,223,0,223
S01013419,232,0,232
S01013420,387,0,387
S01013421,181,0,181
S01013422,421,0,421
S01013423,362,0,362
S01013424,330,0,330
S01013425,188,0,188
S01013426,365,0,365
S01013427,86,0,86
S01013428,349,0,349
S01013429,501,0,501
S01013430,311,0,311
S01013431,396,0,396
S01013432,336,0,336
S01013433,300,0,300
S01013434,193,0,193
S01013435,269,0,269
S01013436,371,0,371
S01013437,295,0,295
S01013438,360,0,360
S01013439,352,0,352
S01013440,466,0,466
S01013441,331,0,331
S01013442,385,0,385
S01013443,219,0,219
S01013444,626,1,625
S01013445,248,0,248
S01013446,304,1,303
S01013447,167,0,167
S01013448,427,0,427
S01013449,329,0,329
S01013450,328,0,328
S01013451,301,0,301
S01013452,258,0,258
S01013453,413,0,413
S01013454,287,0,287
S01013455,231,0,231
S01013456,519,0,519
S01013457,410,0,410
S01013458,386,0,386
S01013459,444,0,444
S01013460,445,0,445
S01013461,399,0,399
S01013462,402,0,402
S01013463,268,0,268
S01013464,366,0,366
S01013465,389,0,389
S01013466,126,0,126
S01013467,181,0,181
S01013468,291,0,291
S01013469,444,0,444
S01013470,395,0,395
S01013471,392,0,392
S01013472,195,0,195
S01013473,121,0,121
S01013474,203,0,203
S01013475,339,0,339
S01013476,274,0,274
S01013477,466,0,466
S01013478,332,0,332
S01013479,498,0,498
S01013480,302,0,302
S01013481,173,0,173
