dz_2011,total,student,nonstudent
S01006506,424,0,424
S01006507,447,0,447
S01006508,451,0,451
S01006509,325,0,325
S01006510,301,0,301
S01006511,409,0,409
S01006512,129,0,129
S01006513,425,0,425
S01006514,414,0,414
S01006515,414,1,413
S01006516,325,1,324
S01006517,403,0,403
S01006518,331,1,330
S01006519,281,0,281
S01006520,271,0,271
S01006521,273,0,273
S01006522,218,0,218
S01006523,622,0,622
S01006524,459,2,457
S01006525,463,2,461
S01006526,650,38,612
S01006527,547,17,530
S01006528,467,29,438
S01006529,592,34,558
S01006530,556,19,537
S01006531,579,30,549
S01006532,496,14,482
S01006533,378,7,371
S01006534,398,3,395
S01006535,605,10,595
S01006536,808,17,791
S01006537,385,0,385
S01006538,288,0,288
S01006539,463,4,459
S01006540,602,7,595
S01006541,467,0,467
S01006542,496,0,496
S01006543,482,0,482
S01006544,676,4,672
S01006545,714,5,709
S01006546,514,2,512
S01006547,726,0,726
S01006548,312,0,312
S01006549,409,0,409
S01006550,496,1,495
S01006551,513,0,513
S01006552,579,0,579
S01006553,494,0,494
S01006554,447,0,447
S01006555,471,3,468
S01006556,459,1,458
S01006557,385,0,385
S01006558,457,10,447
S01006559,313,12,301
S01006560,432,2,430
S01006561,365,5,360
S01006562,439,1,438
S01006563,453,4,449
S01006564,715,35,680
S01006565,698,34,664
S01006566,478,20,458
S01006567,726,46,680
S01006568,709,41,668
S01006569,423,12,411
S01006570,430,10,420
S01006571,615,24,591
S01006572,560,1,559
S01006573,290,4,286
S01006574,427,3,424
S01006575,488,8,480
S01006576,450,9,441
S01006577,481,9,472
S01006578,1068,35,1033
S01006579,897,34,863
S01006580,504,9,495
S01006581,606,6,600
S01006582,356,26,330
S01006583,644,57,587
S01006584,523,47,476
S01006585,504,32,472
S01006586,594,51,543
S01006587,387,22,365
S01006588,523,72,451
S01006589,735,88,647
S01006590,349,16,333
S01006591,463,19,444
S01006592,362,11,351
S01006593,497,20,477
S01006594,487,13,474
S01006595,606,14,592
S01006596,443,10,433
S01006597,536,20,516
S01006598,611,11,600
S01006599,683,22,661
S01006600,754,19,735
S01006601,572,11,561
S01006602,508,7,501
S01006603,612,2,610
S01006604,409,1,408
S01006605,461,2,459
S01006606,569,1,568
S01006607,544,0,544
S01006608,602,2,600
S01006609,615,0,615
S01006610,351,0,351
S01006611,514,1,513
S01006612,428,1,427
S01006613,175,0,175
S01006614,355,0,355
S01006615,150,0,150
S01006616,337,1,336
S01006617,424,0,424
S01006618,246,0,246
S01006619,404,0,404
S01006620,483,0,483
S01006621,343,0,343
S01006622,292,0,292
S01006623,641,3,638
S01006624,481,5,476
S01006625,380,0,380
S01006626,447,0,447
S01006627,511,5,506
S01006628,811,13,798
S01006629,399,0,399
S01006630,326,0,326
S01006631,590,1,589
S01006632,529,3,526
S01006633,391,0,391
S01006634,392,0,392
S01006635,492,1,491
S01006636,504,0,504
S01006637,413,21,392
S01006638,712,44,668
S01006639,631,54,577
S01006640,419,49,370
S01006641,777,77,700
S01006642,492,82,410
S01006643,720,136,584
S01006644,595,105,490
S01006645,651,46,605
S01006646,535,61,474
S01006647,345,30,315
S01006648,770,52,718
S01006649,737,53,684
S01006650,798,80,718
S01006651,467,49,418
S01006652,465,70,395
S01006653,425,47,378
S01006654,504,23,481
S01006655,334,23,311
S01006656,595,53,542
S01006657,311,35,276
S01006658,641,86,555
S01006659,439,86,353
S01006660,393,45,348
S01006661,371,60,311
S01006662,315,36,279
S01006663,456,91,365
S01006664,237,58,179
S01006665,421,84,337
S01006666,981,47,934
S01006667,732,30,702
S01006668,413,76,337
S01006669,514,24,490
S01006670,347,18,329
S01006671,366,41,325
S01006672,366,20,346
S01006673,414,27,387
S01006674,589,8,581
S01006675,345,6,339
S01006676,427,9,418
S01006677,398,21,377
S01006678,594,15,579
S01006679,500,7,493
S01006680,461,3,458
S01006681,594,4,590
S01006682,432,11,421
S01006683,553,27,526
S01006684,481,11,470
S01006685,511,9,502
S01006686,445,3,442
S01006687,496,9,487
S01006688,574,7,567
S01006689,288,21,267
S01006690,400,35,365
S01006691,444,33,411
S01006692,412,29,383
S01006693,635,14,621
S01006694,622,2,620
S01006695,346,1,345
S01006696,532,12,520
S01006697,548,15,533
S01006698,510,12,498
S01006699,344,8,336
S01006700,641,16,625
S01006701,463,0,463
S01006702,437,0,437
S01006703,344,0,344
S01006704,390,1,389
S01006705,456,1,455
S01006706,372,2,370
S01006707,311,2,309
S01006708,426,1,425
S01006709,568,1,567
S01006710,502,0,502
S01006711,593,1,592
S01006712,296,1,295
S01006713,424,1,423
S01006714,388,3,385
S01006715,376,2,374
S01006716,242,1,241
S01006717,487,2,485
S01006718,248,1,247
S01006719,399,0,399
S01006720,303,0,303
S01006721,407,0,407
S01006722,352,1,351
S01006723,425,0,425
S01006724,495,3,492
S01006725,396,2,394
S01006726,505,3,502
S01006727,534,1,533
S01006728,391,1,390
S01006729,402,0,402
S01006730,319,0,319
S01006731,214,0,214
S01006732,524,1,523
S01006733,313,0,313
S01006734,414,0,414
S01006735,367,0,367
S01006736,470,0,470
S01006737,392,0,392
S01006738,453,0,453
S01006739,309,2,307
S01006740,503,0,503
S01006741,389,0,389
S01006742,233,0,233
S01006743,520,1,519
S01006744,329,0,329
S01006745,508,3,505
S01006746,350,0,350
S01006747,461,1,460
S01006748,503,1,502
S01006749,578,0,578
S01006750,347,1,346
S01006751,241,0,241
S01006752,386,1,385
S01006753,410,1,409
S01006754,487,0,487
S01006755,460,1,459
S01006756,386,5,381
S01006757,541,0,541
S01006758,318,0,318
S01006759,537,2,535
S01006760,288,1,287
S01006761,441,0,441
S01006762,477,0,477
S01006763,433,1,432
S01006764,345,0,345
S01006765,335,0,335
S01006766,240,1,239
S01006767,407,0,407
S01006768,212,0,212
S01006769,511,0,511
S01006770,273,0,273
S01006771,183,2,181
S01006772,555,0,555
S01006773,255,0,255
S01006774,269,0,269
S01006775,374,0,374
S01006776,347,1,346
S01006777,374,0,374
S01006778,381,0,381
S01006779,493,0,493
S01006780,403,0,403
S01006781,423,0,423
S01006782,455,1,454
S01006783,299,0,299
S01006784,344,4,340
S01006785,267,0,267
S01006786,450,1,449
S01006787,413,0,413
S01006788,258,0,258
S01006789,430,0,430
S01006790,483,0,483
S01006791,253,0,253
S01006792,300,0,300
S01006793,275,0,275
S01006794,374,0,374
S01006795,342,0,342
S01006796,309,0,309
S01006797,305,0,305
S01006798,271,0,271
S01006799,464,0,464
S01006800,360,0,360
S01006801,530,0,530
S01006802,298,0,298
S01006803,349,0,349
S01006804,510,0,510
S01006805,537,0,537
S01006806,456,0,456
S01006807,243,0,243
S01006808,394,0,394
S01006809,416,0,416
S01006810,423,0,423
S01006811,430,0,430
S01006812,338,0,338
S01006813,405,0,405
S01006814,405,0,405
S01006815,346,0,346
S01006816,391,0,391
S01006817,325,0,325
S01006818,278,0,278
S01006819,452,0,452
S01006820,253,0,253
S01006821,446,0,446
S01006822,279,0,279
S01006823,357,0,357
S01006824,320,0,320
S01006825,434,0,434
S01006826,464,1,463
S01006827,479,0,479
S01006828,540,0,540
S01006829,268,0,268
S01006830,269,0,269
S01006831,519,1,518
S01006832,424,0,424
S01006833,303,0,303
S01006834,120,0,120
S01006835,681,0,681
S01006836,210,0,210
S01006837,362,0,362
S01006838,371,0,371
S01006839,398,0,398
S01006840,445,0,445
S01006841,532,0,532
S01006842,385,0,385
S01006843,378,0,378
S01006844,332,0,332
S01006845,404,0,404
S01006846,357,0,357
S01006847,284,0,284
S01006848,483,0,483
S01006849,506,0,506
S01006850,421,0,421
S01006851,337,0,337
S01006852,229,0,229
S01006853,355,0,355
S01006854,645,0,645
S01006855,294,0,294
S01006856,368,0,368
S01006857,421,0,421
S01006858,240,0,240
S01006859,541,0,541
S01006860,330,0,330
S01006861,315,0,315
S01006862,416,0,416
S01006863,490,0,490
S01006864,72,0,72
S01006865,424,1,423
S01006866,258,0,258
S01006867,473,0,473
S01006868,364,0,364
S01006869,226,0,226
S01006870,251,0,251
S01006871,355,0,355
S01006872,585,0,585
S01006873,518,0,518
S01006874,216,0,216
S01006875,431,0,431
S01006876,446,0,446
S01006877,429,0,429
S01006878,422,0,422
S01006879,486,0,486
S01006880,296,0,296
S01006881,227,0,227
S01006882,412,0,412
S01006883,302,0,302
S01006884,458,0,458
S01006885,310,0,310
S01006886,321,0,321
S01006887,341,0,341
S01006888,362,0,362
S01006889,263,0,263
S01006890,432,0,432
S01006891,271,0,271
S01006892,266,0,266
S01006893,395,0,395
S01006894,288,0,288
S01006895,237,0,237
S01006896,337,0,337
S01006897,417,0,417
S01006898,268,0,268
S01006899,192,0,192
S01006900,185,0,185
S01006901,358,1,357
S01006902,296,0,296
S01006903,398,0,398
S01006904,262,0,262
S01006905,449,0,449
S01006906,486,0,486
S01006907,371,0,371
S01006908,477,1,476
S01006909,176,0,176
S01006910,211,0,211
S01006911,653,0,653
S01006912,97,0,97
S01006913,683,0,683
S01006914,317,1,316
S01006915,314,0,314
S01006916,153,0,153
S01006917,476,0,476
S01006918,623,0,623
S01006919,289,1,288
S01006920,387,0,387
S01006921,366,0,366
S01006922,696,0,696
S01006923,540,0,540
S01006924,292,1,291
S01006925,215,0,215
S01006926,621,0,621
S01006927,154,1,153
S01006928,1057,1,1056
S01006929,610,0,610
S01006930,293,0,293
S01006931,694,2,692
S01006932,281,0,281
S01006933,326,3,323
S01006934,596,0,596
S01006935,366,0,366
S01006936,298,0,298
S01006937,343,2,341
S01006938,358,0,358
S01006939,234,0,234
S01006940,405,3,402
S01006941,535,2,533
S01006942,752,1,751
S01006943,633,2,631
S01006944,41,0,41
S01006945,370,0,370
S01006946,513,0,513
S01006947,538,0,538
S01006948,556,0,556
S01006949,291,0,291
S01006950,267,0,267
S01006951,548,0,548
S01006952,619,0,619
S01006953,568,0,568
S01006954,665,0,665
S01006955,267,0,267
S01006956,546,0,546
S01006957,608,0,608
S01006958,486,0,486
S01006959,417,0,417
S01006960,747,0,747
S01006961,784,0,784
S01006962,409,0,409
S01006963,385,0,385
S01006964,389,0,389
S01006965,216,0,216
S01006966,300,0,300
S01006967,282,0,282
S01006968,498,0,498
S01006969,439,0,439
S01006970,243,0,243
S01006971,449,0,449
S01006972,192,0,192
S01006973,257,0,257
S01006974,541,0,541
S01006975,462,0,462
S01006976,854,0,854
S01006977,998,0,998
S01006978,371,0,371
S01006979,602,0,602
S01006980,266,0,266
S01006981,321,0,321
S01006982,476,0,476
S01006983,402,0,402
S01006984,389,0,389
S01006985,576,0,576
S01006986,297,0,297
S01006987,445,0,445
S01006988,287,0,287
S01006989,311,1,310
S01006990,355,0,355
S01006991,289,0,289
S01006992,342,0,342
S01006993,280,0,280
S01006994,252,0,252
S01006995,441,0,441
S01006996,368,0,368
S01006997,292,0,292
S01006998,506,0,506
S01006999,334,0,334
S01007000,628,0,628
S01007001,554,0,554
S01007002,279,0,279
S01007003,242,0,242
S01007004,447,0,447
S01007005,401,0,401
S01007006,441,0,441
S01007007,338,0,338
S01007008,401,0,401
S01007009,617,0,617
S01007010,435,0,435
S01007011,599,0,599
S01007012,429,0,429
S01007013,511,0,511
S01007014,525,0,525
S01007015,291,0,291
S01007016,213,0,213
S01007017,498,0,498
S01007018,520,0,520
S01007019,488,0,488
S01007020,666,0,666
S01007021,616,0,616
S01007022,346,0,346
S01007023,289,0,289
S01007024,472,0,472
S01007025,517,0,517
S01007026,464,0,464
S01007027,587,0,587
S01007028,589,0,589
S01007029,261,0,261
S01007030,414,0,414
S01007031,285,0,285
S01007032,588,0,588
S01007033,493,0,493
S01007034,483,0,483
S01007035,429,0,429
S01007036,471,0,471
S01007037,512,0,512
S01007038,373,0,373
S01007039,412,2,410
S01007040,538,0,538
S01007041,410,0,410
S01007042,416,0,416
S01007043,430,0,430
S01007044,441,0,441
S01007045,375,0,375
S01007046,259,0,259
S01007047,428,0,428
S01007048,528,0,528
S01007049,450,0,450
S01007050,444,0,444
S01007051,431,0,431
S01007052,233,0,233
S01007053,316,0,316
S01007054,501,0,501
S01007055,196,0,196
S01007056,328,0,328
S01007057,382,0,382
S01007058,370,0,370
S01007059,564,0,564
S01007060,231,0,231
S01007061,442,0,442
S01007062,303,0,303
S01007063,603,0,603
S01007064,300,0,300
S01007065,398,0,398
S01007066,252,0,252
S01007067,559,0,559
S01007068,312,0,312
S01007069,410,0,410
S01007070,347,0,347
S01007071,517,0,517
S01007072,519,0,519
S01007073,543,0,543
S01007074,462,0,462
S01007075,373,1,372
S01007076,402,0,402
S01007077,352,0,352
S01007078,454,0,454
S01007079,636,0,636
S01007080,386,0,386
S01007081,419,0,419
S01007082,300,0,300
S01007083,451,1,450
S01007084,413,0,413
S01007085,539,2,537
S01007086,678,2,676
S01007087,482,1,481
S01007088,285,1,284
S01007089,217,0,217
S01007090,243,0,243
S01007091,466,1,465
S01007092,307,1,306
S01007093,417,0,417
S01007094,813,1,812
S01007095,281,0,281
S01007096,447,0,447
S01007097,776,1,775
S01007098,568,1,567
S01007099,338,0,338
S01007100,357,0,357
S01007101,529,0,529
S01007102,319,0,319
S01007103,330,0,330
S01007104,197,0,197
S01007105,284,0,284
S01007106,393,0,393
S01007107,283,0,283
S01007108,434,0,434
S01007109,599,0,599
S01007110,438,0,438
S01007111,229,0,229
S01007112,375,0,375
S01007113,338,0,338
S01007114,378,0,378
S01007115,261,0,261
S01007116,432,0,432
S01007117,210,0,210
S01007118,356,0,356
S01007119,395,0,395
S01007120,510,0,510
S01007121,404,1,403
S01007122,287,0,287
S01007123,470,0,470
S01007124,452,0,452
S01007125,351,0,351
S01007126,465,0,465
S01007127,446,0,446
S01007128,464,0,464
S01007129,374,0,374
S01007130,307,0,307
S01007131,459,0,459
S01007132,297,0,297
S01007133,262,0,262
S01007134,372,0,372
S01007135,322,0,322
S01007136,244,0,244
S01007137,294,0,294
S01007138,365,0,365
S01007139,324,0,324
S01007140,405,0,405
S01007141,402,0,402
S01007142,75,0,75
S01007143,400,0,400
S01007144,856,0,856
S01007145,408,0,408
S01007146,391,0,391
S01007147,363,1,362
S01007148,204,0,204
S01007149,357,0,357
S01007150,350,0,350
S01007151,450,0,450
S01007152,338,0,338
S01007153,424,0,424
S01007154,528,0,528
S01007155,350,0,350
S01007156,470,0,470
S01007157,318,0,318
S01007158,437,1,436
S01007159,454,1,453
S01007160,431,0,431
S01007161,448,0,448
S01007162,311,1,310
S01007163,456,0,456
S01007164,346,0,346
S01007165,386,0,386
S01007166,498,0,498
S01007167,331,1,330
S01007168,415,0,415
S01007169,366,0,366
S01007170,312,0,312
S01007171,448,1,447
S01007172,492,0,492
S01007173,212,0,212
S01007174,337,0,337
S01007175,358,0,358
S01007176,482,0,482
S01007177,386,0,386
S01007178,498,0,498
S01007179,536,1,535
S01007180,449,0,449
S01007181,447,0,447
S01007182,640,0,640
S01007183,683,0,683
S01007184,594,0,594
S01007185,489,0,489
S01007186,422,0,422
S01007187,498,1,497
S01007188,441,0,441
S01007189,530,0,530
S01007190,467,0,467
S01007191,329,0,329
S01007192,364,0,364
S01007193,345,0,345
S01007194,276,0,276
S01007195,432,0,432
S01007196,374,1,373
S01007197,330,2,328
S01007198,229,0,229
S01007199,441,1,440
S01007200,405,0,405
S01007201,482,0,482
S01007202,350,0,350
S01007203,336,0,336
S01007204,468,1,467
S01007205,336,0,336
S01007206,212,0,212
S01007207,477,0,477
S01007208,550,0,550
S01007209,425,0,425
S01007210,535,0,535
S01007211,498,0,498
S01007212,406,0,406
S01007213,423,0,423
S01007214,547,0,547
S01007215,493,0,493
S01007216,344,0,344
S01007217,549,1,548
S01007218,416,1,415
S01007219,501,0,501
S01007220,370,0,370
S01007221,444,1,443
S01007222,448,0,448
S01007223,279,0,279
S01007224,336,0,336
S01007225,496,0,496
S01007226,408,0,408
S01007227,657,0,657
S01007228,330,0,330
S01007229,511,0,511
S01007230,611,0,611
S01007231,440,0,440
S01007232,381,0,381
S01007233,347,0,347
S01007234,263,0,263
S01007235,574,0,574
S01007236,561,0,561
S01007237,372,0,372
S01007238,461,0,461
S01007239,602,0,602
S01007240,233,0,233
S01007241,497,0,497
S01007242,503,0,503
S01007243,585,0,585
S01007244,303,0,303
S01007245,350,0,350
S01007246,356,0,356
S01007247,465,0,465
S01007248,439,0,439
S01007249,249,0,249
S01007250,432,0,432
S01007251,400,0,400
S01007252,360,0,360
S01007253,358,0,358
S01007254,462,0,462
S01007255,480,0,480
S01007256,476,0,476
S01007257,440,0,440
S01007258,410,1,409
S01007259,506,0,506
S01007260,550,0,550
S01007261,463,0,463
S01007262,301,0,301
S01007263,511,0,511
S01007264,379,0,379
S01007265,537,0,537
S01007266,363,0,363
S01007267,260,0,260
S01007268,249,0,249
S01007269,287,0,287
S01007270,205,0,205
S01007271,521,0,521
S01007272,558,0,558
S01007273,337,0,337
S01007274,493,0,493
S01007275,306,0,306
S01007276,518,1,517
S01007277,396,0,396
S01007278,397,0,397
S01007279,287,0,287
S01007280,278,0,278
S01007281,443,0,443
S01007282,228,0,228
S01007283,482,0,482
S01007284,403,0,403
S01007285,504,0,504
S01007286,665,0,665
S01007287,281,0,281
S01007288,309,0,309
S01007289,404,0,404
S01007290,449,1,448
S01007291,277,1,276
S01007292,320,0,320
S01007293,424,0,424
S01007294,432,0,432
S01007295,382,1,381
S01007296,354,2,352
S01007297,552,0,552
S01007298,244,3,241
S01007299,454,0,454
S01007300,328,0,328
S01007301,368,0,368
S01007302,355,5,350
S01007303,459,0,459
S01007304,310,0,310
S01007305,418,0,418
S01007306,552,0,552
S01007307,452,0,452
S01007308,374,0,374
S01007309,360,0,360
S01007310,406,0,406
S01007311,418,0,418
S01007312,396,0,396
S01007313,436,0,436
S01007314,396,0,396
S01007315,434,0,434
S01007316,584,0,584
S01007317,492,0,492
S01007318,274,0,274
S01007319,430,0,430
S01007320,425,0,425
S01007321,271,0,271
S01007322,423,0,423
S01007323,227,0,227
S01007324,167,0,167
S01007325,393,0,393
S01007326,456,0,456
S01007327,397,0,397
S01007328,487,0,487
S01007329,314,0,314
S01007330,375,0,375
S01007331,461,0,461
S01007332,261,0,261
S01007333,520,0,520
S01007334,498,0,498
S01007335,454,0,454
S01007336,430,0,430
S01007337,380,0,380
S01007338,439,0,439
S01007339,410,0,410
S01007340,356,0,356
S01007341,440,0,440
S01007342,359,0,359
S01007343,302,0,302
S01007344,293,0,293
S01007345,372,0,372
S01007346,566,0,566
S01007347,609,0,609
S01007348,359,0,359
S01007349,328,0,328
S01007350,373,0,373
S01007351,355,0,355
S01007352,230,0,230
S01007353,355,0,355
S01007354,403,0,403
S01007355,621,0,621
S01007356,350,0,350
S01007357,388,0,388
S01007358,596,0,596
S01007359,449,0,449
S01007360,416,1,415
S01007361,507,0,507
S01007362,509,2,507
S01007363,508,0,508
S01007364,493,0,493
S01007365,215,0,215
S01007366,314,0,314
S01007367,336,0,336
S01007368,290,0,290
S01007369,542,0,542
S01007370,495,0,495
S01007371,437,0,437
S01007372,527,0,527
S01007373,320,0,320
S01007374,346,0,346
S01007375,216,0,216
S01007376,439,0,439
S01007377,279,0,279
S01007378,352,0,352
S01007379,435,0,435
S01007380,348,0,348
S01007381,191,0,191
S01007382,444,0,444
S01007383,349,0,349
S01007384,476,0,476
S01007385,563,0,563
S01007386,337,0,337
S01007387,312,0,312
S01007388,279,0,279
S01007389,264,0,264
S01007390,253,0,253
S01007391,263,0,263
S01007392,200,0,200
S01007393,395,0,395
S01007394,377,0,377
S01007395,650,0,650
S01007396,643,1,642
S01007397,443,1,442
S01007398,326,0,326
S01007399,422,0,422
S01007400,428,0,428
S01007401,322,0,322
S01007402,302,1,301
S01007403,316,0,316
S01007404,254,0,254
S01007405,359,0,359
S01007406,406,0,406
S01007407,469,0,469
S01007408,377,0,377
S01007409,269,0,269
S01007410,437,0,437
S01007411,516,0,516
S01007412,257,0,257
S01007413,402,0,402
S01007414,308,0,308
S01007415,374,0,374
S01007416,223,0,223
S01007417,94,0,94
S01007418,392,0,392
S01007419,394,0,394
S01007420,1548,1,1547
S01007421,584,1,583
S01007422,363,0,363
S01007423,189,0,189
S01007424,340,0,340
S01007425,421,1,420
S01007426,433,2,431
S01007427,367,0,367
S01007428,522,0,522
S01007429,454,0,454
S01007430,251,0,251
S01007431,269,0,269
S01007432,354,0,354
S01007433,489,0,489
S01007434,293,0,293
S01007435,373,0,373
S01007436,528,0,528
S01007437,297,0,297
S01007438,338,0,338
S01007439,428,0,428
S01007440,348,0,348
S01007441,275,0,275
S01007442,354,0,354
S01007443,452,0,452
S01007444,643,0,643
S01007445,286,0,286
S01007446,293,0,293
S01007447,290,0,290
S01007448,489,0,489
S01007449,530,1,529
S01007450,596,0,596
S01007451,283,0,283
S01007452,551,0,551
S01007453,54,0,54
S01007454,190,0,190
S01007455,388,0,388
S01007456,485,0,485
S01007457,465,0,465
S01007458,343,0,343
S01007459,395,0,395
S01007460,434,0,434
S01007461,500,0,500
S01007462,468,0,468
S01007463,453,0,453
S01007464,485,0,485
S01007465,380,0,380
S01007466,657,4,653
S01007467,548,0,548
S01007468,496,0,496
S01007469,250,0,250
S01007470,335,0,335
S01007471,203,0,203
S01007472,524,0,524
S01007473,402,0,402
S01007474,290,0,290
S01007475,257,0,257
S01007476,359,0,359
S01007477,353,0,353
S01007478,545,1,544
S01007479,222,0,222
S01007480,563,0,563
S01007481,459,0,459
S01007482,348,0,348
S01007483,425,0,425
S01007484,421,1,420
S01007485,384,0,384
S01007486,426,2,424
S01007487,644,1,643
S01007488,560,0,560
S01007489,406,0,406
S01007490,513,0,513
S01007491,452,0,452
S01007492,332,0,332
S01007493,473,0,473
S01007494,341,0,341
S01007495,345,0,345
S01007496,529,0,529
S01007497,264,0,264
S01007498,504,0,504
S01007499,358,0,358
S01007500,360,0,360
S01007501,325,0,325
S01007502,304,0,304
S01007503,527,0,527
S01007504,524,0,524
S01007505,220,0,220
S01007506,237,0,237
S01007507,715,0,715
S01007508,329,0,329
S01007509,313,0,313
S01007510,459,0,459
S01007511,504,0,504
S01007512,247,0,247
S01007513,581,0,581
S01007514,294,1,293
S01007515,294,0,294
S01007516,350,0,350
S01007517,263,0,263
S01007518,470,0,470
S01007519,245,0,245
S01007520,446,1,445
S01007521,307,0,307
S01007522,546,0,546
S01007523,229,0,229
S01007524,385,0,385
S01007525,237,0,237
S01007526,472,0,472
S01007527,651,0,651
S01007528,465,0,465
S01007529,393,0,393
S01007530,223,0,223
S01007531,344,0,344
S01007532,248,0,248
S01007533,382,0,382
S01007534,668,0,668
S01007535,446,0,446
S01007536,480,0,480
S01007537,787,2,785
S01007538,427,0,427
S01007539,406,0,406
S01007540,450,0,450
S01007541,542,0,542
S01007542,463,0,463
S01007543,582,0,582
S01007544,579,0,579
S01007545,646,0,646
S01007546,264,0,264
S01007547,239,0,239
S01007548,410,0,410
S01007549,366,0,366
S01007550,591,0,591
S01007551,608,0,608
S01007552,457,0,457
S01007553,452,0,452
S01007554,390,0,390
S01007555,341,0,341
S01007556,335,0,335
S01007557,478,0,478
S01007558,213,0,213
S01007559,364,0,364
S01007560,541,0,541
S01007561,532,0,532
S01007562,365,0,365
S01007563,485,0,485
S01007564,547,0,547
S01007565,471,0,471
S01007566,318,0,318
S01007567,233,0,233
S01007568,330,0,330
S01007569,514,0,514
S01007570,466,0,466
S01007571,240,0,240
S01007572,655,0,655
S01007573,44,0,44
S01007574,927,0,927
S01007575,452,0,452
S01007576,488,0,488
S01007577,391,0,391
S01007578,380,0,380
S01007579,298,0,298
S01007580,347,0,347
S01007581,256,0,256
S01007582,386,0,386
S01007583,653,1,652
S01007584,471,0,471
S01007585,507,0,507
S01007586,505,0,505
S01007587,306,0,306
S01007588,384,0,384
S01007589,602,1,601
S01007590,289,0,289
S01007591,550,1,549
S01007592,561,2,559
S01007593,477,0,477
S01007594,334,0,334
S01007595,443,0,443
S01007596,347,0,347
S01007597,254,0,254
S01007598,462,1,461
S01007599,361,2,359
S01007600,459,1,458
S01007601,300,1,299
S01007602,390,0,390
S01007603,370,0,370
S01007604,437,1,436
S01007605,496,1,495
S01007606,314,0,314
S01007607,390,0,390
S01007608,410,0,410
S01007609,495,1,494
S01007610,384,1,383
S01007611,704,0,704
S01007612,609,10,599
S01007613,452,4,448
S01007614,484,0,484
S01007615,640,0,640
S01007616,470,2,468
S01007617,299,0,299
S01007618,357,0,357
S01007619,328,0,328
S01007620,376,0,376
S01007621,422,0,422
S01007622,553,0,553
S01007623,250,0,250
S01007624,302,0,302
S01007625,304,0,304
S01007626,269,0,269
S01007627,251,0,251
S01007628,407,0,407
S01007629,345,1,344
S01007630,338,0,338
S01007631,269,0,269
S01007632,743,0,743
S01007633,687,0,687
S01007634,346,0,346
S01007635,429,0,429
S01007636,655,0,655
S01007637,641,0,641
S01007638,522,0,522
S01007639,451,0,451
S01007640,303,0,303
S01007641,369,0,369
S01007642,558,0,558
S01007643,505,0,505
S01007644,491,0,491
S01007645,382,0,382
S01007646,260,0,260
S01007647,496,0,496
S01007648,559,1,558
S01007649,339,1,338
S01007650,463,0,463
S01007651,282,0,282
S01007652,378,0,378
S01007653,490,0,490
S01007654,541,0,541
S01007655,341,0,341
S01007656,393,0,393
S01007657,243,0,243
S01007658,307,0,307
S01007659,477,0,477
S01007660,601,0,601
S01007661,441,0,441
S01007662,575,0,575
S01007663,514,0,514
S01007664,283,0,283
S01007665,324,0,324
S01007666,198,0,198
S01007667,283,0,283
S01007668,547,0,547
S01007669,268,0,268
S01007670,468,0,468
S01007671,341,0,341
S01007672,449,0,449
S01007673,304,0,304
S01007674,515,0,515
S01007675,332,0,332
S01007676,232,0,232
S01007677,107,0,107
S01007678,380,0,380
S01007679,463,0,463
S01007680,386,0,386
S01007681,239,0,239
S01007682,453,12,441
S01007683,444,14,430
S01007684,508,9,499
S01007685,385,6,379
S01007686,517,24,493
S01007687,429,50,379
S01007688,648,89,559
S01007689,288,51,237
S01007690,540,141,399
S01007691,847,216,631
S01007692,494,126,368
S01007693,554,84,470
S01007694,474,73,401
S01007695,663,48,615
S01007696,586,93,493
S01007697,816,49,767
S01007698,728,60,668
S01007699,454,44,410
S01007700,450,8,442
S01007701,272,19,253
S01007702,375,49,326
S01007703,627,30,597
S01007704,720,53,667
S01007705,410,122,288
S01007706,509,169,340
S01007707,675,75,600
S01007708,587,15,572
S01007709,455,14,441
S01007710,1215,142,1073
S01007711,647,91,556
S01007712,538,48,490
S01007713,285,12,273
S01007714,321,3,318
S01007715,402,13,389
S01007716,706,27,679
S01007717,567,8,559
S01007718,640,7,633
S01007719,952,5,947
S01007720,577,1,576
S01007721,636,2,634
S01007722,613,6,607
S01007723,648,2,646
S01007724,444,12,432
S01007725,839,8,831
S01007726,506,4,502
S01007727,591,29,562
S01007728,706,27,679
S01007729,588,22,566
S01007730,578,12,566
S01007731,396,6,390
S01007732,523,27,496
S01007733,338,1,337
S01007734,384,0,384
S01007735,359,0,359
S01007736,350,1,349
S01007737,598,1,597
S01007738,565,0,565
S01007739,462,0,462
S01007740,337,0,337
S01007741,512,2,510
S01007742,375,1,374
S01007743,457,0,457
S01007744,403,0,403
S01007745,533,1,532
S01007746,409,0,409
S01007747,401,0,401
S01007748,369,1,368
S01007749,338,1,337
S01007750,412,0,412
S01007751,337,1,336
S01007752,567,1,566
S01007753,430,0,430
S01007754,601,1,600
S01007755,417,0,417
S01007756,468,0,468
S01007757,562,0,562
S01007758,570,1,569
S01007759,806,1,805
S01007760,438,0,438
S01007761,383,0,383
S01007762,474,0,474
S01007763,425,0,425
S01007764,374,2,372
S01007765,434,0,434
S01007766,470,1,469
S01007767,444,0,444
S01007768,406,1,405
S01007769,363,0,363
S01007770,371,0,371
S01007771,367,1,366
S01007772,636,0,636
S01007773,314,0,314
S01007774,51,0,51
S01007775,511,0,511
S01007776,215,0,215
S01007777,201,0,201
S01007778,725,0,725
S01007779,342,0,342
S01007780,331,0,331
S01007781,342,0,342
S01007782,339,2,337
S01007783,440,0,440
S01007784,415,0,415
S01007785,229,0,229
S01007786,385,0,385
S01007787,326,0,326
S01007788,323,0,323
S01007789,430,0,430
S01007790,663,0,663
S01007791,401,0,401
S01007792,424,0,424
S01007793,501,0,501
S01007794,485,0,485
S01007795,291,0,291
S01007796,326,0,326
S01007797,302,0,302
S01007798,270,0,270
S01007799,142,0,142
S01007800,401,0,401
S01007801,388,0,388
S01007802,240,0,240
S01007803,677,0,677
S01007804,364,0,364
S01007805,382,0,382
S01007806,407,0,407
S01007807,334,0,334
S01007808,343,0,343
S01007809,551,2,549
S01007810,417,1,416
S01007811,325,0,325
S01007812,328,0,328
S01007813,436,0,436
S01007814,376,1,375
S01007815,450,0,450
S01007816,273,0,273
S01007817,377,0,377
S01007818,403,0,403
S01007819,353,1,352
S01007820,450,0,450
S01007821,397,0,397
S01007822,463,0,463
S01007823,349,1,348
S01007824,539,1,538
S01007825,630,0,630
S01007826,260,0,260
S01007827,336,2,334
S01007828,724,5,719
S01007829,420,3,417
S01007830,632,11,621
S01007831,605,6,599
S01007832,515,4,511
S01007833,605,2,603
S01007834,416,9,407
S01007835,368,0,368
S01007836,382,0,382
S01007837,553,0,553
S01007838,480,1,479
S01007839,527,4,523
S01007840,495,4,491
S01007841,447,0,447
S01007842,612,4,608
S01007843,503,8,495
S01007844,652,6,646
S01007845,477,0,477
S01007846,381,0,381
S01007847,705,0,705
S01007848,568,2,566
S01007849,484,0,484
S01007850,293,0,293
S01007851,548,0,548
S01007852,624,0,624
S01007853,485,3,482
S01007854,649,0,649
S01007855,401,2,399
S01007856,438,0,438
S01007857,286,0,286
S01007858,987,2,985
S01007859,660,1,659
S01007860,483,1,482
S01007861,432,0,432
S01007862,491,0,491
S01007863,441,0,441
S01007864,486,3,483
S01007865,523,1,522
S01007866,209,0,209
S01007867,494,1,493
S01007868,786,3,783
S01007869,808,4,804
S01007870,253,0,253
S01007871,463,0,463
S01007872,363,0,363
S01007873,328,0,328
S01007874,432,0,432
S01007875,339,0,339
S01007876,420,0,420
S01007877,398,0,398
S01007878,316,0,316
S01007879,505,0,505
S01007880,211,0,211
S01007881,278,0,278
S01007882,609,0,609
S01007883,527,0,527
S01007884,417,0,417
S01007885,462,0,462
S01007886,572,0,572
S01007887,300,0,300
S01007888,451,0,451
S01007889,510,0,510
S01007890,286,0,286
S01007891,550,0,550
S01007892,512,0,512
S01007893,543,0,543
S01007894,448,0,448
S01007895,350,0,350
S01007896,474,0,474
S01007897,623,0,623
S01007898,295,0,295
S01007899,213,0,213
S01007900,232,0,232
S01007901,350,0,350
S01007902,430,0,430
S01007903,383,0,383
S01007904,312,0,312
S01007905,340,0,340
S01007906,418,0,418
S01007907,385,0,385
S01007908,579,0,579
S01007909,286,0,286
S01007910,463,1,462
S01007911,483,1,482
S01007912,389,0,389
S01007913,549,0,549
S01007914,324,0,324
S01007915,410,0,410
S01007916,511,0,511
S01007917,563,0,563
S01007918,500,0,500
S01007919,383,0,383
S01007920,245,0,245
S01007921,520,0,520
S01007922,588,0,588
S01007923,515,0,515
S01007924,530,0,530
S01007925,264,0,264
S01007926,352,0,352
S01007927,237,0,237
S01007928,490,0,490
S01007929,586,0,586
S01007930,267,0,267
S01007931,562,0,562
S01007932,364,0,364
S01007933,529,0,529
S01007934,300,0,300
S01007935,643,0,643
S01007936,468,0,468
S01007937,601,0,601
S01007938,420,0,420
S01007939,469,0,469
S01007940,764,1,763
S01007941,257,0,257
S01007942,207,0,207
S01007943,444,0,444
S01007944,481,0,481
S01007945,620,0,620
S01007946,518,0,518
S01007947,474,0,474
S01007948,345,0,345
S01007949,455,0,455
S01007950,492,0,492
S01007951,456,0,456
S01007952,447,0,447
S01007953,450,0,450
S01007954,324,0,324
S01007955,478,1,477
S01007956,398,0,398
S01007957,605,0,605
S01007958,476,0,476
S01007959,671,0,671
S01007960,263,0,263
S01007961,468,0,468
S01007962,438,0,438
S01007963,467,0,467
S01007964,397,0,397
S01007965,360,0,360
S01007966,461,0,461
S01007967,351,0,351
S01007968,464,0,464
S01007969,390,0,390
S01007970,519,0,519
S01007971,515,0,515
S01007972,498,0,498
S01007973,383,0,383
S01007974,503,0,503
S01007975,324,0,324
S01007976,681,1,680
S01007977,304,0,304
S01007978,462,1,461
S01007979,389,0,389
S01007980,387,0,387
S01007981,361,0,361
S01007982,308,0,308
S01007983,663,0,663
S01007984,429,0,429
S01007985,412,0,412
S01007986,279,0,279
S01007987,450,0,450
S01007988,380,0,380
S01007989,290,0,290
S01007990,466,0,466
S01007991,357,0,357
S01007992,363,0,363
S01007993,364,0,364
S01007994,225,0,225
S01007995,271,0,271
S01007996,144,0,144
S01007997,296,1,295
S01007998,275,0,275
S01007999,389,0,389
S01008000,390,0,390
S01008001,398,0,398
S01008002,451,0,451
S01008003,284,0,284
S01008004,46,0,46
S01008005,39,0,39
S01008006,363,0,363
S01008007,261,0,261
S01008008,323,0,323
S01008009,499,1,498
S01008010,687,1,686
S01008011,579,1,578
S01008012,580,0,580
S01008013,446,0,446
S01008014,420,0,420
S01008015,481,0,481
S01008016,433,0,433
S01008017,375,0,375
S01008018,444,0,444
S01008019,450,0,450
S01008020,463,1,462
S01008021,315,1,314
S01008022,339,1,338
S01008023,601,0,601
S01008024,310,0,310
S01008025,372,1,371
S01008026,576,0,576
S01008027,382,0,382
S01008028,239,0,239
S01008029,1334,0,1334
S01008030,893,0,893
S01008031,668,0,668
S01008032,542,0,542
S01008033,405,0,405
S01008034,402,0,402
S01008035,426,0,426
S01008036,246,0,246
S01008037,594,0,594
S01008038,411,1,410
S01008039,453,0,453
S01008040,311,0,311
S01008041,513,0,513
S01008042,410,0,410
S01008043,571,0,571
S01008044,537,0,537
S01008045,579,0,579
S01008046,695,0,695
S01008047,292,2,290
S01008048,283,1,282
S01008049,450,0,450
S01008050,270,0,270
S01008051,480,0,480
S01008052,337,0,337
S01008053,426,0,426
S01008054,361,0,361
S01008055,384,0,384
S01008056,490,0,490
S01008057,582,0,582
S01008058,304,0,304
S01008059,260,0,260
S01008060,605,0,605
S01008061,373,0,373
S01008062,425,0,425
S01008063,357,0,357
S01008064,414,0,414
S01008065,437,0,437
S01008066,383,0,383
S01008067,281,0,281
S01008068,499,0,499
S01008069,484,0,484
S01008070,457,0,457
S01008071,396,0,396
S01008072,568,0,568
S01008073,178,0,178
S01008074,378,0,378
S01008075,246,0,246
S01008076,433,0,433
S01008077,406,0,406
S01008078,350,0,350
S01008079,341,0,341
S01008080,319,0,319
S01008081,298,0,298
S01008082,425,0,425
S01008083,313,0,313
S01008084,418,0,418
S01008085,461,0,461
S01008086,482,0,482
S01008087,433,1,432
S01008088,398,0,398
S01008089,378,0,378
S01008090,305,0,305
S01008091,199,0,199
S01008092,501,0,501
S01008093,371,0,371
S01008094,281,0,281
S01008095,485,0,485
S01008096,334,0,334
S01008097,414,0,414
S01008098,293,0,293
S01008099,209,0,209
S01008100,440,0,440
S01008101,539,0,539
S01008102,310,0,310
S01008103,406,0,406
S01008104,447,0,447
S01008105,580,0,580
S01008106,678,0,678
S01008107,442,0,442
S01008108,349,0,349
S01008109,332,0,332
S01008110,351,0,351
S01008111,349,0,349
S01008112,374,0,374
S01008113,399,0,399
S01008114,357,0,357
S01008115,368,0,368
S01008116,419,0,419
S01008117,329,0,329
S01008118,529,0,529
S01008119,303,0,303
S01008120,318,0,318
S01008121,269,0,269
S01008122,427,0,427
S01008123,445,0,445
S01008124,378,0,378
S01008125,484,0,484
S01008126,351,0,351
S01008127,194,0,194
S01008128,440,0,440
S01008129,473,0,473
S01008130,548,0,548
S01008131,398,0,398
S01008132,453,0,453
S01008133,417,0,417
S01008134,399,0,399
S01008135,700,0,700
S01008136,788,0,788
S01008137,603,0,603
S01008138,457,0,457
S01008139,498,0,498
S01008140,329,0,329
S01008141,434,0,434
S01008142,360,0,360
S01008143,539,0,539
S01008144,377,0,377
S01008145,417,0,417
S01008146,301,0,301
S01008147,389,0,389
S01008148,391,0,391
S01008149,435,0,435
S01008150,631,0,631
S01008151,481,0,481
S01008152,589,0,589
S01008153,295,0,295
S01008154,445,0,445
S01008155,345,0,345
S01008156,440,0,440
S01008157,430,0,430
S01008158,418,0,418
S01008159,551,0,551
S01008160,546,0,546
S01008161,565,0,565
S01008162,556,0,556
S01008163,383,0,383
S01008164,289,0,289
S01008165,305,0,305
S01008166,492,1,491
S01008167,599,0,599
S01008168,460,0,460
S01008169,586,1,585
S01008170,291,0,291
S01008171,474,2,472
S01008172,250,0,250
S01008173,304,0,304
S01008174,226,2,224
S01008175,378,1,377
S01008176,593,4,589
S01008177,416,0,416
S01008178,278,0,278
S01008179,126,0,126
S01008180,167,1,166
S01008181,284,1,283
S01008182,748,4,744
S01008183,474,7,467
S01008184,524,7,517
S01008185,679,2,677
S01008186,485,4,481
S01008187,327,2,325
S01008188,769,6,763
S01008189,486,0,486
S01008190,412,0,412
S01008191,547,1,546
S01008192,484,0,484
S01008193,391,0,391
S01008194,275,0,275
S01008195,481,2,479
S01008196,370,1,369
S01008197,727,0,727
S01008198,300,0,300
S01008199,298,0,298
S01008200,390,0,390
S01008201,600,0,600
S01008202,368,0,368
S01008203,283,0,283
S01008204,1189,0,1189
S01008205,316,0,316
S01008206,676,0,676
S01008207,345,0,345
S01008208,413,0,413
S01008209,242,0,242
S01008210,642,0,642
S01008211,461,0,461
S01008212,256,0,256
S01008213,364,0,364
S01008214,400,0,400
S01008215,482,0,482
S01008216,315,0,315
S01008217,274,0,274
S01008218,828,0,828
S01008219,545,0,545
S01008220,223,0,223
S01008221,362,0,362
S01008222,332,0,332
S01008223,280,0,280
S01008224,406,0,406
S01008225,325,0,325
S01008226,379,1,378
S01008227,460,0,460
S01008228,346,0,346
S01008229,532,0,532
S01008230,305,0,305
S01008231,231,0,231
S01008232,91,0,91
S01008233,636,0,636
S01008234,803,0,803
S01008235,414,0,414
S01008236,462,0,462
S01008237,399,0,399
S01008238,464,0,464
S01008239,331,0,331
S01008240,564,0,564
S01008241,437,0,437
S01008242,553,0,553
S01008243,456,0,456
S01008244,427,0,427
S01008245,481,0,481
S01008246,465,1,464
S01008247,394,0,394
S01008248,580,0,580
S01008249,401,0,401
S01008250,494,0,494
S01008251,375,0,375
S01008252,475,0,475
S01008253,410,0,410
S01008254,545,0,545
S01008255,411,0,411
S01008256,448,0,448
S01008257,444,0,444
S01008258,591,0,591
S01008259,693,0,693
S01008260,460,0,460
S01008261,496,0,496
S01008262,401,0,401
S01008263,357,0,357
S01008264,409,0,409
S01008265,332,0,332
S01008266,449,0,449
S01008267,350,0,350
S01008268,355,0,355
S01008269,509,0,509
S01008270,570,0,570
S01008271,430,0,430
S01008272,414,0,414
S01008273,441,0,441
S01008274,416,0,416
S01008275,308,0,308
S01008276,249,0,249
S01008277,291,0,291
S01008278,334,0,334
S01008279,331,0,331
S01008280,578,0,578
S01008281,367,0,367
S01008282,326,0,326
S01008283,445,0,445
S01008284,597,0,597
S01008285,355,0,355
S01008286,588,0,588
S01008287,355,1,354
S01008288,455,0,455
S01008289,399,0,399
S01008290,464,0,464
S01008291,520,0,520
S01008292,590,0,590
S01008293,403,0,403
S01008294,271,0,271
S01008295,486,0,486
S01008296,397,0,397
S01008297,258,0,258
S01008298,451,0,451
S01008299,550,0,550
S01008300,412,0,412
S01008301,385,0,385
S01008302,373,0,373
S01008303,399,0,399
S01008304,212,0,212
S01008305,315,0,315
S01008306,239,0,239
S01008307,290,0,290
S01008308,238,0,238
S01008309,490,0,490
S01008310,467,0,467
S01008311,337,0,337
S01008312,343,0,343
S01008313,468,0,468
S01008314,527,0,527
S01008315,450,0,450
S01008316,391,0,391
S01008317,316,0,316
S01008318,607,0,607
S01008319,326,0,326
S01008320,308,0,308
S01008321,263,0,263
S01008322,812,0,812
S01008323,363,0,363
S01008324,254,0,254
S01008325,452,0,452
S01008326,517,0,517
S01008327,485,0,485
S01008328,310,0,310
S01008329,348,0,348
S01008330,363,0,363
S01008331,316,0,316
S01008332,432,0,432
S01008333,516,1,515
S01008334,439,0,439
S01008335,456,0,456
S01008336,448,0,448
S01008337,365,0,365
S01008338,262,0,262
S01008339,227,0,227
S01008340,356,0,356
S01008341,204,0,204
S01008342,471,0,471
S01008343,489,0,489
S01008344,355,0,355
S01008345,509,0,509
S01008346,383,0,383
S01008347,594,0,594
S01008348,429,0,429
S01008349,507,0,507
S01008350,333,0,333
S01008351,414,0,414
S01008352,344,0,344
S01008353,198,1,197
S01008354,397,0,397
S01008355,531,0,531
S01008356,385,0,385
S01008357,382,0,382
S01008358,409,0,409
S01008359,303,0,303
S01008360,493,1,492
S01008361,305,0,305
S01008362,480,0,480
S01008363,363,0,363
S01008364,352,0,352
S01008365,409,0,409
S01008366,461,0,461
S01008367,510,0,510
S01008368,443,0,443
S01008369,351,0,351
S01008370,300,0,300
S01008371,343,0,343
S01008372,337,0,337
S01008373,410,0,410
S01008374,318,0,318
S01008375,285,0,285
S01008376,267,0,267
S01008377,392,0,392
S01008378,460,0,460
S01008379,206,0,206
S01008380,238,0,238
S01008381,391,0,391
S01008382,342,0,342
S01008383,235,0,235
S01008384,387,0,387
S01008385,252,0,252
S01008386,402,0,402
S01008387,349,0,349
S01008388,243,0,243
S01008389,352,0,352
S01008390,300,0,300
S01008391,349,0,349
S01008392,330,0,330
S01008393,397,0,397
S01008394,388,0,388
S01008395,309,0,309
S01008396,363,0,363
S01008397,368,0,368
S01008398,354,0,354
S01008399,379,0,379
S01008400,434,0,434
S01008401,541,0,541
S01008402,415,0,415
S01008403,398,0,398
S01008404,392,0,392
S01008405,327,0,327
S01008406,520,0,520
S01008407,284,0,284
S01008408,325,0,325
S01008409,499,0,499
S01008410,371,1,370
S01008411,463,1,462
S01008412,274,0,274
S01008413,293,0,293
S01008414,215,0,215
S01008415,433,0,433
S01008416,549,0,549
S01008417,299,0,299
S01008418,312,0,312
S01008419,193,0,193
S01008420,236,1,235
S01008421,394,2,392
S01008422,396,2,394
S01008423,398,0,398
S01008424,454,0,454
S01008425,454,1,453
S01008426,516,2,514
S01008427,474,1,473
S01008428,413,0,413
S01008429,395,0,395
S01008430,458,1,457
S01008431,452,0,452
S01008432,473,0,473
S01008433,348,0,348
S01008434,421,0,421
S01008435,432,0,432
S01008436,451,2,449
S01008437,404,0,404
S01008438,249,1,248
S01008439,434,0,434
S01008440,479,1,478
S01008441,416,0,416
S01008442,336,0,336
S01008443,252,0,252
S01008444,297,0,297
S01008445,458,0,458
S01008446,646,0,646
S01008447,286,0,286
S01008448,365,5,360
S01008449,422,0,422
S01008450,256,0,256
S01008451,445,1,444
S01008452,432,3,429
S01008453,418,5,413
S01008454,575,0,575
S01008455,626,14,612
S01008456,668,6,662
S01008457,531,11,520
S01008458,434,5,429
S01008459,428,1,427
S01008460,587,1,586
S01008461,535,0,535
S01008462,399,3,396
S01008463,467,5,462
S01008464,453,4,449
S01008465,444,6,438
S01008466,352,7,345
S01008467,363,2,361
S01008468,368,8,360
S01008469,319,13,306
S01008470,393,3,390
S01008471,347,2,345
S01008472,312,4,308
S01008473,307,3,304
S01008474,468,8,460
S01008475,543,15,528
S01008476,448,0,448
S01008477,656,2,654
S01008478,522,14,508
S01008479,612,14,598
S01008480,231,0,231
S01008481,373,1,372
S01008482,422,2,420
S01008483,443,2,441
S01008484,418,3,415
S01008485,493,9,484
S01008486,459,6,453
S01008487,522,16,506
S01008488,733,21,712
S01008489,459,11,448
S01008490,664,22,642
S01008491,511,37,474
S01008492,515,15,500
S01008493,478,17,461
S01008494,487,13,474
S01008495,705,43,662
S01008496,805,36,769
S01008497,681,11,670
S01008498,525,18,507
S01008499,669,57,612
S01008500,240,9,231
S01008501,426,39,387
S01008502,392,28,364
S01008503,510,20,490
S01008504,848,37,811
S01008505,481,11,470
S01008506,552,10,542
S01008507,386,14,372
S01008508,496,3,493
S01008509,617,3,614
S01008510,390,10,380
S01008511,431,0,431
S01008512,457,0,457
S01008513,324,0,324
S01008514,328,3,325
S01008515,378,2,376
S01008516,772,39,733
S01008517,588,40,548
S01008518,503,16,487
S01008519,418,1,417
S01008520,541,0,541
S01008521,338,0,338
S01008522,252,3,249
S01008523,516,3,513
S01008524,582,7,575
S01008525,571,1,570
S01008526,448,3,445
S01008527,333,0,333
S01008528,304,0,304
S01008529,388,2,386
S01008530,530,0,530
S01008531,510,1,509
S01008532,305,1,304
S01008533,179,0,179
S01008534,319,1,318
S01008535,284,1,283
S01008536,311,0,311
S01008537,280,0,280
S01008538,287,0,287
S01008539,466,1,465
S01008540,425,1,424
S01008541,370,2,368
S01008542,431,1,430
S01008543,355,1,354
S01008544,216,0,216
S01008545,395,0,395
S01008546,337,0,337
S01008547,483,0,483
S01008548,476,1,475
S01008549,566,0,566
S01008550,464,0,464
S01008551,496,1,495
S01008552,444,0,444
S01008553,307,1,306
S01008554,368,0,368
S01008555,663,4,659
S01008556,539,1,538
S01008557,474,0,474
S01008558,433,4,429
S01008559,360,1,359
S01008560,379,0,379
S01008561,444,1,443
S01008562,426,0,426
S01008563,523,0,523
S01008564,506,1,505
S01008565,470,1,469
S01008566,460,0,460
S01008567,351,0,351
S01008568,384,0,384
S01008569,453,3,450
S01008570,552,0,552
S01008571,379,1,378
S01008572,415,1,414
S01008573,436,0,436
S01008574,441,3,438
S01008575,369,1,368
S01008576,484,9,475
S01008577,512,0,512
S01008578,377,1,376
S01008579,374,0,374
S01008580,404,4,400
S01008581,542,6,536
S01008582,662,9,653
S01008583,460,6,454
S01008584,602,14,588
S01008585,411,7,404
S01008586,433,5,428
S01008587,316,7,309
S01008588,488,14,474
S01008589,172,2,170
S01008590,413,16,397
S01008591,437,33,404
S01008592,397,22,375
S01008593,346,5,341
S01008594,391,18,373
S01008595,663,13,650
S01008596,496,45,451
S01008597,510,14,496
S01008598,499,76,423
S01008599,411,49,362
S01008600,377,25,352
S01008601,314,89,225
S01008602,321,37,284
S01008603,487,119,368
S01008604,515,64,451
S01008605,416,60,356
S01008606,392,10,382
S01008607,283,2,281
S01008608,376,8,368
S01008609,527,6,521
S01008610,549,80,469
S01008611,592,111,481
S01008612,376,73,303
S01008613,484,73,411
S01008614,399,123,276
S01008615,387,102,285
S01008616,315,110,205
S01008617,341,125,216
S01008618,267,99,168
S01008619,203,52,151
S01008620,290,99,191
S01008621,316,110,206
S01008622,305,77,228
S01008623,420,62,358
S01008624,396,9,387
S01008625,239,2,237
S01008626,482,15,467
S01008627,294,3,291
S01008628,344,27,317
S01008629,497,27,470
S01008630,404,34,370
S01008631,527,21,506
S01008632,584,11,573
S01008633,600,17,583
S01008634,276,21,255
S01008635,362,31,331
S01008636,407,36,371
S01008637,341,36,305
S01008638,513,79,434
S01008639,587,39,548
S01008640,552,68,484
S01008641,481,82,399
S01008642,483,58,425
S01008643,451,31,420
S01008644,333,40,293
S01008645,472,64,408
S01008646,704,34,670
S01008647,408,27,381
S01008648,549,62,487
S01008649,758,39,719
S01008650,589,26,563
S01008651,640,29,611
S01008652,510,17,493
S01008653,402,38,364
S01008654,746,69,677
S01008655,501,51,450
S01008656,734,45,689
S01008657,520,52,468
S01008658,757,45,712
S01008659,623,87,536
S01008660,572,91,481
S01008661,646,61,585
S01008662,462,81,381
S01008663,531,81,450
S01008664,534,73,461
S01008665,666,47,619
S01008666,342,76,266
S01008667,656,80,576
S01008668,462,99,363
S01008669,219,101,118
S01008670,402,134,268
S01008671,491,162,329
S01008672,341,79,262
S01008673,705,90,615
S01008674,467,92,375
S01008675,564,30,534
S01008676,435,48,387
S01008677,456,68,388
S01008678,504,138,366
S01008679,641,86,555
S01008680,478,100,378
S01008681,600,123,477
S01008682,490,62,428
S01008683,872,81,791
S01008684,643,37,606
S01008685,490,39,451
S01008686,717,20,697
S01008687,637,22,615
S01008688,713,25,688
S01008689,760,12,748
S01008690,635,17,618
S01008691,827,16,811
S01008692,688,14,674
S01008693,301,0,301
S01008694,783,20,763
S01008695,496,7,489
S01008696,285,0,285
S01008697,453,2,451
S01008698,329,0,329
S01008699,563,0,563
S01008700,349,0,349
S01008701,423,1,422
S01008702,405,17,388
S01008703,639,3,636
S01008704,712,1,711
S01008705,419,2,417
S01008706,589,2,587
S01008707,547,1,546
S01008708,492,0,492
S01008709,427,1,426
S01008710,416,3,413
S01008711,387,0,387
S01008712,546,3,543
S01008713,292,0,292
S01008714,341,0,341
S01008715,367,0,367
S01008716,354,0,354
S01008717,215,0,215
S01008718,260,0,260
S01008719,487,3,484
S01008720,277,6,271
S01008721,310,0,310
S01008722,480,1,479
S01008723,304,0,304
S01008724,444,1,443
S01008725,343,0,343
S01008726,509,1,508
S01008727,509,3,506
S01008728,267,0,267
S01008729,330,0,330
S01008730,527,1,526
S01008731,280,0,280
S01008732,447,0,447
S01008733,528,1,527
S01008734,354,0,354
S01008735,459,0,459
S01008736,290,0,290
S01008737,339,1,338
S01008738,352,0,352
S01008739,240,0,240
S01008740,289,0,289
S01008741,477,0,477
S01008742,377,0,377
S01008743,576,4,572
S01008744,519,2,517
S01008745,283,1,282
S01008746,572,9,563
S01008747,292,0,292
S01008748,441,0,441
S01008749,494,1,493
S01008750,338,0,338
S01008751,554,3,551
S01008752,558,3,555
S01008753,497,1,496
S01008754,534,0,534
S01008755,575,3,572
S01008756,503,4,499
S01008757,469,0,469
S01008758,557,1,556
S01008759,395,1,394
S01008760,635,1,634
S01008761,432,4,428
S01008762,282,1,281
S01008763,385,0,385
S01008764,306,4,302
S01008765,576,2,574
S01008766,618,2,616
S01008767,406,2,404
S01008768,1471,14,1457
S01008769,1210,13,1197
S01008770,1143,13,1130
S01008771,1143,13,1130
S01008772,640,2,638
S01008773,646,2,644
S01008774,495,8,487
S01008775,245,0,245
S01008776,706,5,701
S01008777,678,5,673
S01008778,615,6,609
S01008779,585,3,582
S01008780,522,7,515
S01008781,639,8,631
S01008782,509,8,501
S01008783,312,0,312
S01008784,463,4,459
S01008785,609,8,601
S01008786,692,8,684
S01008787,388,8,380
S01008788,485,5,480
S01008789,375,0,375
S01008790,510,16,494
S01008791,486,16,470
S01008792,527,4,523
S01008793,594,9,585
S01008794,579,3,576
S01008795,715,14,701
S01008796,670,9,661
S01008797,640,15,625
S01008798,629,19,610
S01008799,389,16,373
S01008800,760,7,753
S01008801,539,8,531
S01008802,779,24,755
S01008803,669,7,662
S01008804,454,16,438
S01008805,429,30,399
S01008806,669,27,642
S01008807,612,7,605
S01008808,391,6,385
S01008809,427,21,406
S01008810,554,26,528
S01008811,389,29,360
S01008812,475,27,448
S01008813,534,8,526
S01008814,660,16,644
S01008815,743,9,734
S01008816,321,2,319
S01008817,661,6,655
S01008818,596,4,592
S01008819,550,0,550
S01008820,829,7,822
S01008821,314,0,314
S01008822,339,0,339
S01008823,401,0,401
S01008824,641,0,641
S01008825,296,0,296
S01008826,378,1,377
S01008827,473,0,473
S01008828,497,2,495
S01008829,449,5,444
S01008830,553,1,552
S01008831,471,0,471
S01008832,350,1,349
S01008833,578,9,569
S01008834,568,2,566
S01008835,486,0,486
S01008836,330,4,326
S01008837,950,16,934
S01008838,606,8,598
S01008839,661,10,651
S01008840,510,23,487
S01008841,661,26,635
S01008842,63,1,62
S01008843,464,11,453
S01008844,499,18,481
S01008845,420,50,370
S01008846,452,37,415
S01008847,376,37,339
S01008848,442,40,402
S01008849,552,36,516
S01008850,785,43,742
S01008851,725,16,709
S01008852,622,36,586
S01008853,352,23,329
S01008854,538,40,498
S01008855,668,16,652
S01008856,389,8,381
S01008857,527,6,521
S01008858,705,2,703
S01008859,712,10,702
S01008860,715,16,699
S01008861,454,5,449
S01008862,683,4,679
S01008863,435,3,432
S01008864,586,2,584
S01008865,616,3,613
S01008866,609,1,608
S01008867,513,1,512
S01008868,564,32,532
S01008869,666,9,657
S01008870,645,3,642
S01008871,645,33,612
S01008872,492,37,455
S01008873,387,2,385
S01008874,501,16,485
S01008875,679,12,667
S01008876,379,2,377
S01008877,393,1,392
S01008878,590,2,588
S01008879,411,0,411
S01008880,333,2,331
S01008881,289,1,288
S01008882,444,0,444
S01008883,435,0,435
S01008884,361,0,361
S01008885,377,0,377
S01008886,579,5,574
S01008887,358,4,354
S01008888,599,8,591
S01008889,442,3,439
S01008890,354,0,354
S01008891,329,0,329
S01008892,614,5,609
S01008893,434,1,433
S01008894,390,0,390
S01008895,334,0,334
S01008896,368,1,367
S01008897,390,0,390
S01008898,412,0,412
S01008899,389,0,389
S01008900,415,1,414
S01008901,504,0,504
S01008902,533,3,530
S01008903,524,0,524
S01008904,474,21,453
S01008905,598,7,591
S01008906,457,7,450
S01008907,413,2,411
S01008908,487,8,479
S01008909,508,2,506
S01008910,820,5,815
S01008911,665,5,660
S01008912,378,0,378
S01008913,208,1,207
S01008914,511,3,508
S01008915,301,2,299
S01008916,692,2,690
S01008917,379,1,378
S01008918,399,2,397
S01008919,344,2,342
S01008920,733,10,723
S01008921,703,3,700
S01008922,549,1,548
S01008923,644,4,640
S01008924,1019,8,1011
S01008925,319,4,315
S01008926,768,4,764
S01008927,578,3,575
S01008928,355,2,353
S01008929,795,2,793
S01008930,514,1,513
S01008931,339,1,338
S01008932,551,2,549
S01008933,388,0,388
S01008934,378,0,378
S01008935,467,0,467
S01008936,260,0,260
S01008937,424,0,424
S01008938,402,0,402
S01008939,323,0,323
S01008940,314,1,313
S01008941,386,0,386
S01008942,536,0,536
S01008943,340,0,340
S01008944,429,0,429
S01008945,422,0,422
S01008946,397,0,397
S01008947,470,0,470
S01008948,485,0,485
S01008949,587,0,587
S01008950,481,2,479
S01008951,547,0,547
S01008952,718,0,718
S01008953,521,0,521
S01008954,478,1,477
S01008955,394,1,393
S01008956,580,1,579
S01008957,489,0,489
S01008958,447,2,445
S01008959,444,1,443
S01008960,373,0,373
S01008961,479,2,477
S01008962,275,0,275
S01008963,422,0,422
S01008964,299,0,299
S01008965,321,0,321
S01008966,391,1,390
S01008967,473,1,472
S01008968,455,0,455
S01008969,460,0,460
S01008970,485,1,484
S01008971,273,0,273
S01008972,611,0,611
S01008973,361,1,360
S01008974,448,0,448
S01008975,518,1,517
S01008976,322,0,322
S01008977,350,0,350
S01008978,303,0,303
S01008979,357,1,356
S01008980,334,3,331
S01008981,365,0,365
S01008982,408,4,404
S01008983,407,3,404
S01008984,227,0,227
S01008985,370,2,368
S01008986,408,0,408
S01008987,438,0,438
S01008988,481,1,480
S01008989,490,0,490
S01008990,591,4,587
S01008991,531,1,530
S01008992,204,2,202
S01008993,553,2,551
S01008994,439,1,438
S01008995,457,0,457
S01008996,322,0,322
S01008997,453,0,453
S01008998,453,1,452
S01008999,455,0,455
S01009000,486,0,486
S01009001,323,0,323
S01009002,388,0,388
S01009003,430,0,430
S01009004,333,0,333
S01009005,445,0,445
S01009006,588,2,586
S01009007,379,0,379
S01009008,445,0,445
S01009009,252,1,251
S01009010,535,0,535
S01009011,436,0,436
S01009012,357,0,357
S01009013,422,0,422
S01009014,379,0,379
S01009015,303,0,303
S01009016,250,0,250
S01009017,327,0,327
S01009018,326,3,323
S01009019,385,0,385
S01009020,462,0,462
S01009021,344,0,344
S01009022,447,0,447
S01009023,435,0,435
S01009024,590,0,590
S01009025,433,0,433
S01009026,509,4,505
S01009027,432,0,432
S01009028,289,0,289
S01009029,386,0,386
S01009030,458,0,458
S01009031,356,0,356
S01009032,299,0,299
S01009033,405,0,405
S01009034,283,0,283
S01009035,381,0,381
S01009036,437,0,437
S01009037,412,0,412
S01009038,440,0,440
S01009039,450,0,450
S01009040,408,0,408
S01009041,613,1,612
S01009042,401,0,401
S01009043,571,0,571
S01009044,509,0,509
S01009045,490,1,489
S01009046,363,0,363
S01009047,336,0,336
S01009048,348,0,348
S01009049,344,0,344
S01009050,450,0,450
S01009051,455,0,455
S01009052,424,0,424
S01009053,259,0,259
S01009054,317,0,317
S01009055,361,0,361
S01009056,217,0,217
S01009057,389,0,389
S01009058,510,0,510
S01009059,347,0,347
S01009060,463,0,463
S01009061,383,0,383
S01009062,387,0,387
S01009063,291,0,291
S01009064,303,0,303
S01009065,725,0,725
S01009066,319,0,319
S01009067,235,0,235
S01009068,386,0,386
S01009069,356,0,356
S01009070,401,0,401
S01009071,285,0,285
S01009072,470,0,470
S01009073,337,0,337
S01009074,381,1,380
S01009075,306,0,306
S01009076,462,1,461
S01009077,370,0,370
S01009078,223,0,223
S01009079,602,0,602
S01009080,836,0,836
S01009081,635,0,635
S01009082,668,0,668
S01009083,349,0,349
S01009084,1434,0,1434
S01009085,464,0,464
S01009086,655,1,654
S01009087,597,0,597
S01009088,467,0,467
S01009089,368,0,368
S01009090,216,0,216
S01009091,606,0,606
S01009092,482,0,482
S01009093,430,0,430
S01009094,372,0,372
S01009095,571,0,571
S01009096,446,0,446
S01009097,669,0,669
S01009098,190,0,190
S01009099,405,0,405
S01009100,609,0,609
S01009101,429,1,428
S01009102,429,0,429
S01009103,282,0,282
S01009104,352,0,352
S01009105,337,0,337
S01009106,368,0,368
S01009107,498,0,498
S01009108,383,0,383
S01009109,380,0,380
S01009110,360,0,360
S01009111,464,0,464
S01009112,238,0,238
S01009113,309,0,309
S01009114,349,0,349
S01009115,363,0,363
S01009116,330,0,330
S01009117,350,0,350
S01009118,215,0,215
S01009119,364,0,364
S01009120,300,0,300
S01009121,505,0,505
S01009122,585,0,585
S01009123,153,0,153
S01009124,368,0,368
S01009125,402,0,402
S01009126,376,0,376
S01009127,310,0,310
S01009128,561,0,561
S01009129,267,0,267
S01009130,314,0,314
S01009131,472,0,472
S01009132,400,0,400
S01009133,380,0,380
S01009134,451,0,451
S01009135,264,0,264
S01009136,406,1,405
S01009137,472,0,472
S01009138,477,0,477
S01009139,343,1,342
S01009140,381,1,380
S01009141,418,1,417
S01009142,509,2,507
S01009143,312,0,312
S01009144,638,1,637
S01009145,858,1,857
S01009146,537,3,534
S01009147,717,1,716
S01009148,301,0,301
S01009149,425,0,425
S01009150,574,0,574
S01009151,474,0,474
S01009152,592,0,592
S01009153,442,2,440
S01009154,438,0,438
S01009155,302,0,302
S01009156,553,0,553
S01009157,406,0,406
S01009158,414,0,414
S01009159,303,0,303
S01009160,327,0,327
S01009161,487,0,487
S01009162,436,0,436
S01009163,264,0,264
S01009164,403,0,403
S01009165,324,0,324
S01009166,447,0,447
S01009167,290,0,290
S01009168,508,0,508
S01009169,475,0,475
S01009170,282,1,281
S01009171,700,0,700
S01009172,445,0,445
S01009173,556,0,556
S01009174,33,0,33
S01009175,616,0,616
S01009176,555,0,555
S01009177,367,0,367
S01009178,353,0,353
S01009179,358,0,358
S01009180,437,0,437
S01009181,599,0,599
S01009182,485,0,485
S01009183,380,0,380
S01009184,526,0,526
S01009185,458,0,458
S01009186,378,0,378
S01009187,440,0,440
S01009188,579,0,579
S01009189,604,0,604
S01009190,419,0,419
S01009191,252,0,252
S01009192,348,0,348
S01009193,270,0,270
S01009194,376,0,376
S01009195,417,0,417
S01009196,298,0,298
S01009197,757,0,757
S01009198,356,0,356
S01009199,349,0,349
S01009200,532,0,532
S01009201,291,0,291
S01009202,214,0,214
S01009203,269,0,269
S01009204,444,0,444
S01009205,493,0,493
S01009206,498,0,498
S01009207,425,0,425
S01009208,294,1,293
S01009209,581,0,581
S01009210,384,1,383
S01009211,310,0,310
S01009212,393,0,393
S01009213,355,0,355
S01009214,519,0,519
S01009215,523,1,522
S01009216,479,0,479
S01009217,343,0,343
S01009218,523,0,523
S01009219,364,0,364
S01009220,323,0,323
S01009221,267,0,267
S01009222,291,1,290
S01009223,244,0,244
S01009224,462,0,462
S01009225,383,0,383
S01009226,650,0,650
S01009227,389,0,389
S01009228,422,0,422
S01009229,460,1,459
S01009230,453,3,450
S01009231,437,0,437
S01009232,378,1,377
S01009233,361,0,361
S01009234,564,1,563
S01009235,457,1,456
S01009236,315,0,315
S01009237,310,0,310
S01009238,461,0,461
S01009239,420,0,420
S01009240,387,0,387
S01009241,453,0,453
S01009242,398,0,398
S01009243,475,0,475
S01009244,337,0,337
S01009245,361,0,361
S01009246,474,0,474
S01009247,541,0,541
S01009248,300,0,300
S01009249,497,0,497
S01009250,343,0,343
S01009251,221,0,221
S01009252,163,0,163
S01009253,357,2,355
S01009254,440,0,440
S01009255,444,0,444
S01009256,294,0,294
S01009257,330,0,330
S01009258,682,0,682
S01009259,439,0,439
S01009260,935,0,935
S01009261,422,0,422
S01009262,402,0,402
S01009263,549,0,549
S01009264,339,1,338
S01009265,376,0,376
S01009266,490,0,490
S01009267,377,0,377
S01009268,431,0,431
S01009269,658,0,658
S01009270,364,0,364
S01009271,349,0,349
S01009272,345,0,345
S01009273,352,0,352
S01009274,330,0,330
S01009275,244,0,244
S01009276,431,0,431
S01009277,308,0,308
S01009278,358,0,358
S01009279,486,0,486
S01009280,406,0,406
S01009281,448,0,448
S01009282,604,0,604
S01009283,256,0,256
S01009284,311,0,311
S01009285,350,0,350
S01009286,446,0,446
S01009287,383,0,383
S01009288,453,0,453
S01009289,409,0,409
S01009290,288,0,288
S01009291,490,0,490
S01009292,228,0,228
S01009293,399,1,398
S01009294,381,0,381
S01009295,307,0,307
S01009296,395,1,394
S01009297,665,0,665
S01009298,695,1,694
S01009299,551,0,551
S01009300,342,1,341
S01009301,599,1,598
S01009302,477,0,477
S01009303,322,0,322
S01009304,538,0,538
S01009305,538,0,538
S01009306,690,0,690
S01009307,722,1,721
S01009308,674,2,672
S01009309,400,0,400
S01009310,399,0,399
S01009311,395,0,395
S01009312,521,0,521
S01009313,331,0,331
S01009314,362,0,362
S01009315,298,0,298
S01009316,395,0,395
S01009317,397,0,397
S01009318,378,0,378
S01009319,449,0,449
S01009320,430,1,429
S01009321,458,0,458
S01009322,382,0,382
S01009323,646,0,646
S01009324,302,0,302
S01009325,409,0,409
S01009326,195,0,195
S01009327,319,0,319
S01009328,417,2,415
S01009330,86,0,86
S01009331,438,2,436
S01009332,312,0,312
S01009333,430,0,430
S01009334,310,0,310
S01009335,337,0,337
S01009336,318,0,318
S01009337,402,1,401
S01009338,818,2,816
S01009339,534,0,534
S01009340,400,0,400
S01009341,456,0,456
S01009342,391,0,391
S01009343,242,0,242
S01009344,337,0,337
S01009345,491,0,491
S01009346,2210,0,2210
S01009347,2289,0,2289
S01009348,2252,0,2252
S01009349,364,0,364
S01009350,67,0,67
S01009351,42,0,42
S01009352,27,0,27
S01009353,2376,0,2376
S01009354,2574,0,2574
S01009355,435,0,435
S01009356,411,0,411
S01009357,250,0,250
S01009358,163,0,163
S01009359,433,0,433
S01009360,376,0,376
S01009361,384,0,384
S01009362,496,0,496
S01009363,435,0,435
S01009364,325,0,325
S01009365,371,1,370
S01009366,404,0,404
S01009367,345,0,345
S01009368,377,0,377
S01009369,416,0,416
S01009370,381,0,381
S01009371,242,0,242
S01009372,272,1,271
S01009373,473,1,472
S01009374,493,0,493
S01009375,337,0,337
S01009376,406,0,406
S01009377,373,0,373
S01009378,517,1,516
S01009379,337,0,337
S01009380,263,1,262
S01009381,332,0,332
S01009382,726,0,726
S01009383,519,0,519
S01009384,248,0,248
S01009385,317,0,317
S01009386,496,0,496
S01009387,410,0,410
S01009388,560,2,558
S01009389,503,1,502
S01009390,270,0,270
S01009391,320,1,319
S01009392,213,0,213
S01009393,353,0,353
S01009394,451,2,449
S01009395,448,0,448
S01009396,301,0,301
S01009397,330,0,330
S01009398,510,0,510
S01009399,435,0,435
S01009400,414,0,414
S01009401,400,0,400
S01009402,356,0,356
S01009403,277,0,277
S01009404,259,0,259
S01009405,292,0,292
S01009406,429,0,429
S01009407,227,0,227
S01009408,356,0,356
S01009409,360,0,360
S01009410,351,0,351
S01009411,569,0,569
S01009412,407,0,407
S01009413,593,0,593
S01009414,344,0,344
S01009415,575,0,575
S01009416,238,0,238
S01009417,545,1,544
S01009418,620,0,620
S01009419,796,2,794
S01009420,299,0,299
S01009421,295,0,295
S01009422,876,2,874
S01009423,493,1,492
S01009424,315,0,315
S01009425,427,2,425
S01009426,528,0,528
S01009427,326,0,326
S01009428,273,0,273
S01009429,407,0,407
S01009430,338,0,338
S01009431,844,2,842
S01009432,441,0,441
S01009433,330,0,330
S01009434,248,1,247
S01009435,434,0,434
S01009436,359,0,359
S01009437,438,0,438
S01009438,514,0,514
S01009439,495,0,495
S01009440,407,0,407
S01009441,417,0,417
S01009442,525,0,525
S01009443,1048,0,1048
S01009444,326,0,326
S01009445,451,0,451
S01009446,727,1,726
S01009447,353,0,353
S01009448,328,0,328
S01009449,297,0,297
S01009450,346,0,346
S01009451,556,0,556
S01009452,416,0,416
S01009453,517,0,517
S01009454,489,1,488
S01009455,615,1,614
S01009456,458,1,457
S01009457,330,0,330
S01009458,332,0,332
S01009459,587,0,587
S01009460,399,0,399
S01009461,278,0,278
S01009462,493,0,493
S01009463,469,0,469
S01009464,378,0,378
S01009465,505,0,505
S01009466,362,0,362
S01009467,369,0,369
S01009468,385,0,385
S01009469,393,0,393
S01009470,679,0,679
S01009471,414,3,411
S01009472,567,2,565
S01009473,552,2,550
S01009474,403,0,403
S01009475,100,0,100
S01009476,491,0,491
S01009477,515,0,515
S01009478,566,3,563
S01009479,530,8,522
S01009480,577,5,572
S01009481,489,0,489
S01009482,332,0,332
S01009483,403,1,402
S01009484,645,0,645
S01009485,362,0,362
S01009486,388,0,388
S01009487,560,0,560
S01009488,380,0,380
S01009489,428,0,428
S01009490,394,1,393
S01009491,332,0,332
S01009492,370,0,370
S01009493,785,0,785
S01009494,497,0,497
S01009495,375,0,375
S01009496,371,0,371
S01009497,485,0,485
S01009498,276,0,276
S01009499,357,0,357
S01009500,420,0,420
S01009501,362,0,362
S01009502,442,0,442
S01009503,462,0,462
S01009504,374,0,374
S01009505,412,0,412
S01009506,541,0,541
S01009507,443,0,443
S01009508,534,1,533
S01009509,466,1,465
S01009510,344,0,344
S01009511,383,0,383
S01009512,402,0,402
S01009513,404,0,404
S01009514,339,0,339
S01009515,409,0,409
S01009516,505,0,505
S01009517,46,0,46
S01009518,778,0,778
S01009519,389,0,389
S01009520,1063,0,1063
S01009521,400,0,400
S01009522,462,0,462
S01009523,338,0,338
S01009524,428,2,426
S01009525,254,1,253
S01009526,365,0,365
S01009527,483,0,483
S01009528,513,0,513
S01009529,496,1,495
S01009530,381,1,380
S01009531,479,0,479
S01009532,550,0,550
S01009533,541,0,541
S01009534,427,0,427
S01009535,441,0,441
S01009536,228,1,227
S01009537,313,0,313
S01009538,541,0,541
S01009539,440,0,440
S01009540,550,0,550
S01009541,554,0,554
S01009542,523,0,523
S01009543,458,0,458
S01009544,501,0,501
S01009545,466,0,466
S01009546,331,0,331
S01009547,463,0,463
S01009548,460,0,460
S01009549,550,0,550
S01009550,230,0,230
S01009551,284,0,284
S01009552,743,1,742
S01009553,502,0,502
S01009554,399,0,399
S01009555,437,0,437
S01009556,406,0,406
S01009557,423,1,422
S01009558,291,1,290
S01009559,527,0,527
S01009560,391,1,390
S01009561,302,0,302
S01009562,479,0,479
S01009563,428,1,427
S01009564,315,0,315
S01009565,246,0,246
S01009566,650,1,649
S01009567,442,0,442
S01009568,390,0,390
S01009569,461,0,461
S01009570,290,0,290
S01009571,330,0,330
S01009572,499,1,498
S01009573,329,0,329
S01009574,609,3,606
S01009575,381,0,381
S01009576,520,1,519
S01009577,321,0,321
S01009578,461,0,461
S01009579,132,0,132
S01009580,432,1,431
S01009581,345,0,345
S01009582,264,0,264
S01009583,336,0,336
S01009584,219,0,219
S01009585,523,1,522
S01009586,502,0,502
S01009587,475,0,475
S01009588,436,0,436
S01009589,453,0,453
S01009590,333,0,333
S01009591,413,0,413
S01009592,446,0,446
S01009593,269,0,269
S01009594,238,0,238
S01009595,314,2,312
S01009596,454,0,454
S01009597,461,0,461
S01009598,319,0,319
S01009599,522,0,522
S01009600,488,0,488
S01009601,396,0,396
S01009602,291,0,291
S01009603,308,0,308
S01009604,329,1,328
S01009605,422,1,421
S01009606,296,0,296
S01009607,208,1,207
S01009608,287,0,287
S01009609,480,0,480
S01009610,540,0,540
S01009611,176,0,176
S01009612,272,0,272
S01009613,269,0,269
S01009614,269,0,269
S01009615,270,0,270
S01009616,712,1,711
S01009617,326,0,326
S01009618,482,1,481
S01009619,361,0,361
S01009620,452,1,451
S01009621,394,0,394
S01009622,459,0,459
S01009623,339,0,339
S01009624,408,0,408
S01009625,677,1,676
S01009626,349,0,349
S01009627,394,0,394
S01009628,309,0,309
S01009629,653,0,653
S01009630,343,1,342
S01009631,444,1,443
S01009632,373,0,373
S01009633,297,0,297
S01009634,380,0,380
S01009635,631,1,630
S01009636,521,1,520
S01009637,449,0,449
S01009638,292,1,291
S01009639,418,0,418
S01009640,483,0,483
S01009641,520,0,520
S01009642,520,0,520
S01009643,316,0,316
S01009644,241,1,240
S01009645,423,0,423
S01009646,307,0,307
S01009647,318,1,317
S01009648,556,0,556
S01009649,633,0,633
S01009650,343,0,343
S01009651,427,0,427
S01009652,532,0,532
S01009653,342,0,342
S01009654,274,0,274
S01009655,400,0,400
S01009656,433,0,433
S01009657,412,0,412
S01009658,475,0,475
S01009659,311,0,311
S01009660,440,1,439
S01009661,691,2,689
S01009662,359,0,359
S01009663,336,0,336
S01009664,469,0,469
S01009665,602,0,602
S01009666,518,0,518
S01009667,223,0,223
S01009668,243,0,243
S01009669,282,0,282
S01009670,340,1,339
S01009671,391,0,391
S01009672,559,0,559
S01009673,392,2,390
S01009674,510,1,509
S01009675,379,0,379
S01009676,595,0,595
S01009677,341,0,341
S01009678,273,0,273
S01009679,551,2,549
S01009680,570,1,569
S01009681,291,0,291
S01009682,387,0,387
S01009683,364,2,362
S01009684,519,2,517
S01009685,418,0,418
S01009686,647,6,641
S01009687,446,0,446
S01009688,583,0,583
S01009689,333,2,331
S01009690,390,1,389
S01009691,322,0,322
S01009692,577,0,577
S01009693,351,0,351
S01009694,539,0,539
S01009695,434,0,434
S01009696,472,0,472
S01009697,354,2,352
S01009698,282,1,281
S01009699,279,1,278
S01009700,297,3,294
S01009701,388,0,388
S01009702,265,1,264
S01009703,417,0,417
S01009704,503,0,503
S01009705,363,0,363
S01009706,382,1,381
S01009707,218,0,218
S01009708,319,0,319
S01009709,394,1,393
S01009710,287,0,287
S01009711,442,1,441
S01009712,309,0,309
S01009713,444,1,443
S01009714,453,0,453
S01009715,334,2,332
S01009716,574,46,528
S01009717,501,79,422
S01009718,409,47,362
S01009719,442,24,418
S01009720,416,32,384
S01009721,263,161,102
S01009722,387,151,236
S01009723,344,130,214
S01009724,551,135,416
S01009725,430,160,270
S01009726,209,101,108
S01009727,615,25,590
S01009728,333,9,324
S01009729,435,6,429
S01009730,702,40,662
S01009731,443,41,402
S01009732,578,184,394
S01009733,310,3,307
S01009734,587,7,580
S01009735,363,24,339
S01009736,435,180,255
S01009737,323,1,322
S01009738,214,0,214
S01009739,275,2,273
S01009740,356,2,354
S01009741,164,0,164
S01009742,206,0,206
S01009743,533,1,532
S01009744,358,0,358
S01009745,502,0,502
S01009746,353,0,353
S01009747,488,0,488
S01009748,299,0,299
S01009749,425,0,425
S01009750,350,0,350
S01009751,454,0,454
S01009752,382,1,381
S01009753,393,1,392
S01009754,705,1,704
S01009755,281,0,281
S01009756,380,1,379
S01009757,331,2,329
S01009758,445,2,443
S01009759,527,2,525
S01009760,505,6,499
S01009761,806,4,802
S01009762,462,8,454
S01009763,165,2,163
S01009764,490,1,489
S01009765,442,0,442
S01009766,355,3,352
S01009767,712,3,709
S01009768,341,0,341
S01009769,597,2,595
S01009770,302,1,301
S01009771,294,1,293
S01009772,700,5,695
S01009773,73,0,73
S01009774,36,0,36
S01009775,359,8,351
S01009776,505,3,502
S01009777,307,1,306
S01009778,558,3,555
S01009779,378,2,376
S01009780,498,4,494
S01009781,334,2,332
S01009782,393,1,392
S01009783,310,0,310
S01009784,382,3,379
S01009785,480,2,478
S01009786,499,0,499
S01009787,366,1,365
S01009788,576,0,576
S01009789,519,2,517
S01009790,408,2,406
S01009791,321,2,319
S01009792,151,1,150
S01009793,440,4,436
S01009794,181,0,181
S01009795,363,1,362
S01009796,726,6,720
S01009797,367,2,365
S01009798,438,1,437
S01009799,588,1,587
S01009800,504,0,504
S01009801,486,2,484
S01009802,431,0,431
S01009803,496,10,486
S01009804,576,6,570
S01009805,374,5,369
S01009806,609,0,609
S01009807,421,3,418
S01009808,671,3,668
S01009809,515,0,515
S01009810,505,2,503
S01009811,616,1,615
S01009812,432,0,432
S01009813,540,0,540
S01009814,508,0,508
S01009815,486,3,483
S01009816,487,0,487
S01009817,419,0,419
S01009818,421,0,421
S01009819,459,1,458
S01009820,445,0,445
S01009821,295,0,295
S01009822,342,0,342
S01009823,455,0,455
S01009824,488,1,487
S01009825,560,2,558
S01009826,320,0,320
S01009827,367,0,367
S01009828,571,0,571
S01009829,579,0,579
S01009830,392,1,391
S01009831,493,0,493
S01009832,534,0,534
S01009833,269,1,268
S01009834,534,2,532
S01009835,305,1,304
S01009836,414,0,414
S01009837,501,1,500
S01009838,433,1,432
S01009839,666,8,658
S01009840,475,0,475
S01009841,654,5,649
S01009842,482,5,477
S01009843,370,0,370
S01009844,443,0,443
S01009845,760,3,757
S01009846,531,3,528
S01009847,411,5,406
S01009848,383,4,379
S01009849,613,2,611
S01009850,548,1,547
S01009851,578,1,577
S01009852,257,2,255
S01009853,461,2,459
S01009854,443,1,442
S01009855,322,4,318
S01009856,308,8,300
S01009857,374,2,372
S01009858,450,3,447
S01009859,607,3,604
S01009860,592,23,569
S01009861,698,2,696
S01009862,607,2,605
S01009863,563,11,552
S01009864,483,13,470
S01009865,315,4,311
S01009866,519,7,512
S01009867,673,29,644
S01009868,525,23,502
S01009869,436,24,412
S01009870,404,8,396
S01009871,587,5,582
S01009872,419,7,412
S01009873,445,1,444
S01009874,497,4,493
S01009875,377,9,368
S01009876,514,6,508
S01009877,360,1,359
S01009878,252,9,243
S01009879,386,1,385
S01009880,430,0,430
S01009881,350,13,337
S01009882,783,20,763
S01009883,519,12,507
S01009884,382,3,379
S01009885,251,5,246
S01009886,277,6,271
S01009887,584,16,568
S01009888,332,5,327
S01009889,471,3,468
S01009890,402,1,401
S01009891,430,2,428
S01009892,675,3,672
S01009893,487,8,479
S01009894,571,4,567
S01009895,481,3,478
S01009896,620,8,612
S01009897,622,4,618
S01009898,432,3,429
S01009899,606,2,604
S01009900,677,2,675
S01009901,567,1,566
S01009902,621,4,617
S01009903,393,0,393
S01009904,456,1,455
S01009905,372,18,354
S01009906,331,8,323
S01009907,883,12,871
S01009908,677,5,672
S01009909,509,3,506
S01009910,421,5,416
S01009911,519,1,518
S01009912,428,2,426
S01009913,326,0,326
S01009914,408,1,407
S01009915,402,3,399
S01009916,413,0,413
S01009917,385,1,384
S01009918,354,1,353
S01009919,650,7,643
S01009920,618,3,615
S01009921,484,1,483
S01009922,789,7,782
S01009923,613,1,612
S01009924,649,2,647
S01009925,641,5,636
S01009926,505,3,502
S01009927,351,3,348
S01009928,469,0,469
S01009929,272,0,272
S01009930,589,1,588
S01009931,550,2,548
S01009932,581,5,576
S01009933,958,6,952
S01009934,660,2,658
S01009935,521,0,521
S01009936,613,1,612
S01009937,423,1,422
S01009938,590,0,590
S01009939,668,1,667
S01009940,438,1,437
S01009941,442,1,441
S01009942,520,0,520
S01009943,645,7,638
S01009944,433,1,432
S01009945,545,4,541
S01009946,452,3,449
S01009947,390,3,387
S01009948,594,1,593
S01009949,420,1,419
S01009950,256,1,255
S01009951,302,0,302
S01009952,460,0,460
S01009953,532,1,531
S01009954,263,4,259
S01009955,500,0,500
S01009956,373,0,373
S01009957,527,0,527
S01009958,473,0,473
S01009959,391,0,391
S01009960,627,1,626
S01009961,293,0,293
S01009962,635,0,635
S01009963,487,1,486
S01009964,515,0,515
S01009965,374,1,373
S01009966,441,3,438
S01009967,494,1,493
S01009968,232,1,231
S01009969,600,3,597
S01009970,540,1,539
S01009971,674,2,672
S01009972,407,0,407
S01009973,346,0,346
S01009974,465,0,465
S01009975,432,0,432
S01009976,385,0,385
S01009977,632,2,630
S01009978,572,2,570
S01009979,448,1,447
S01009980,312,3,309
S01009981,411,3,408
S01009982,428,1,427
S01009983,341,1,340
S01009984,482,0,482
S01009985,270,0,270
S01009986,343,0,343
S01009987,472,0,472
S01009988,379,2,377
S01009989,446,1,445
S01009990,435,0,435
S01009991,437,1,436
S01009992,452,1,451
S01009993,349,0,349
S01009994,302,1,301
S01009995,269,0,269
S01009996,381,1,380
S01009997,278,1,277
S01009998,364,1,363
S01009999,340,0,340
S01010000,367,3,364
S01010001,332,2,330
S01010002,585,0,585
S01010003,388,1,387
S01010004,357,0,357
S01010005,649,1,648
S01010006,863,3,860
S01010007,429,1,428
S01010008,476,1,475
S01010009,462,3,459
S01010010,620,2,618
S01010011,613,1,612
S01010012,602,0,602
S01010013,594,3,591
S01010014,693,3,690
S01010015,511,1,510
S01010016,325,1,324
S01010017,426,0,426
S01010018,639,0,639
S01010019,658,0,658
S01010020,469,0,469
S01010021,400,1,399
S01010022,528,6,522
S01010023,838,7,831
S01010024,421,6,415
S01010025,528,33,495
S01010026,1022,24,998
S01010027,954,36,918
S01010028,458,6,452
S01010029,316,1,315
S01010030,507,14,493
S01010031,579,79,500
S01010032,680,86,594
S01010033,600,12,588
S01010034,615,6,609
S01010035,437,11,426
S01010036,835,134,701
S01010037,604,6,598
S01010038,782,32,750
S01010039,628,109,519
S01010040,524,14,510
S01010041,644,64,580
S01010042,806,43,763
S01010043,540,7,533
S01010044,836,5,831
S01010045,405,1,404
S01010046,586,1,585
S01010047,583,1,582
S01010048,737,8,729
S01010049,557,2,555
S01010050,540,7,533
S01010051,501,9,492
S01010052,372,2,370
S01010053,384,7,377
S01010054,342,4,338
S01010055,591,8,583
S01010056,282,3,279
S01010057,283,2,281
S01010058,489,6,483
S01010059,431,7,424
S01010060,532,2,530
S01010061,421,8,413
S01010062,380,1,379
S01010063,615,5,610
S01010064,365,2,363
S01010065,413,0,413
S01010066,342,4,338
S01010067,538,9,529
S01010068,409,2,407
S01010069,415,1,414
S01010070,238,1,237
S01010071,423,1,422
S01010072,503,2,501
S01010073,456,3,453
S01010074,455,1,454
S01010075,380,1,379
S01010076,365,1,364
S01010077,348,2,346
S01010078,261,0,261
S01010079,349,0,349
S01010080,348,1,347
S01010081,453,1,452
S01010082,407,3,404
S01010083,477,0,477
S01010084,542,1,541
S01010085,465,0,465
S01010086,459,0,459
S01010087,247,0,247
S01010088,550,3,547
S01010089,506,8,498
S01010090,471,4,467
S01010091,678,4,674
S01010092,554,1,553
S01010093,417,2,415
S01010094,492,0,492
S01010095,475,0,475
S01010096,364,0,364
S01010097,286,0,286
S01010098,277,0,277
S01010099,378,0,378
S01010100,382,0,382
S01010101,465,2,463
S01010102,259,2,257
S01010103,315,1,314
S01010104,379,1,378
S01010105,314,2,312
S01010106,299,2,297
S01010107,500,19,481
S01010108,374,1,373
S01010109,931,11,920
S01010110,543,2,541
S01010111,519,5,514
S01010112,510,1,509
S01010113,244,1,243
S01010114,411,1,410
S01010115,230,0,230
S01010116,571,10,561
S01010117,541,3,538
S01010118,345,0,345
S01010119,209,0,209
S01010120,444,1,443
S01010121,369,0,369
S01010122,232,1,231
S01010123,299,1,298
S01010124,320,4,316
S01010125,434,0,434
S01010126,271,0,271
S01010127,341,0,341
S01010128,356,1,355
S01010129,499,4,495
S01010130,458,0,458
S01010131,500,0,500
S01010132,577,7,570
S01010133,495,2,493
S01010134,708,0,708
S01010135,579,0,579
S01010136,487,0,487
S01010137,721,3,718
S01010138,688,1,687
S01010139,639,3,636
S01010140,512,0,512
S01010141,606,2,604
S01010142,325,0,325
S01010143,431,0,431
S01010144,372,0,372
S01010145,397,1,396
S01010146,663,5,658
S01010147,587,2,585
S01010148,612,1,611
S01010149,323,0,323
S01010150,436,0,436
S01010151,475,3,472
S01010152,476,6,470
S01010153,538,0,538
S01010154,475,3,472
S01010155,414,0,414
S01010156,499,0,499
S01010157,425,0,425
S01010158,461,3,458
S01010159,353,0,353
S01010160,420,2,418
S01010161,381,0,381
S01010162,467,0,467
S01010163,493,1,492
S01010164,321,0,321
S01010165,275,3,272
S01010166,670,7,663
S01010167,533,2,531
S01010168,291,0,291
S01010169,367,1,366
S01010170,438,0,438
S01010171,704,7,697
S01010172,524,0,524
S01010173,479,0,479
S01010174,296,0,296
S01010175,216,0,216
S01010176,543,3,540
S01010177,315,2,313
S01010178,435,0,435
S01010179,724,2,722
S01010180,377,2,375
S01010181,465,0,465
S01010182,505,1,504
S01010183,612,1,611
S01010184,286,0,286
S01010185,328,0,328
S01010186,246,0,246
S01010187,406,0,406
S01010188,785,2,783
S01010189,336,0,336
S01010190,89,0,89
S01010191,266,0,266
S01010192,374,0,374
S01010193,380,1,379
S01010194,310,0,310
S01010195,384,0,384
S01010196,308,0,308
S01010197,303,0,303
S01010198,435,1,434
S01010199,311,0,311
S01010200,305,0,305
S01010201,386,0,386
S01010202,365,0,365
S01010203,305,1,304
S01010204,557,0,557
S01010205,355,1,354
S01010206,255,1,254
S01010207,326,1,325
S01010208,657,3,654
S01010209,473,4,469
S01010210,510,0,510
S01010211,499,1,498
S01010212,649,3,646
S01010213,572,1,571
S01010214,396,0,396
S01010215,610,1,609
S01010216,608,4,604
S01010217,492,3,489
S01010218,698,2,696
S01010219,395,12,383
S01010220,362,14,348
S01010221,315,4,311
S01010222,416,8,408
S01010223,402,2,400
S01010224,597,0,597
S01010225,509,5,504
S01010226,407,4,403
S01010227,415,3,412
S01010228,384,0,384
S01010229,556,3,553
S01010230,794,18,776
S01010231,514,3,511
S01010232,390,3,387
S01010233,778,9,769
S01010234,634,34,600
S01010235,446,71,375
S01010236,378,19,359
S01010237,556,21,535
S01010238,597,25,572
S01010239,573,7,566
S01010240,649,10,639
S01010241,623,15,608
S01010242,712,18,694
S01010243,805,6,799
S01010244,603,10,593
S01010245,596,7,589
S01010246,576,8,568
S01010247,468,8,460
S01010248,515,39,476
S01010249,585,44,541
S01010250,565,67,498
S01010251,371,46,325
S01010252,364,15,349
S01010253,426,12,414
S01010254,638,21,617
S01010255,567,9,558
S01010256,642,12,630
S01010257,705,150,555
S01010258,950,217,733
S01010259,667,70,597
S01010260,557,48,509
S01010261,766,84,682
S01010262,762,59,703
S01010263,493,52,441
S01010264,869,88,781
S01010265,752,94,658
S01010266,391,49,342
S01010267,407,118,289
S01010268,493,64,429
S01010269,604,72,532
S01010270,992,58,934
S01010271,411,98,313
S01010272,883,66,817
S01010273,648,108,540
S01010274,407,59,348
S01010275,837,137,700
S01010276,625,50,575
S01010277,305,8,297
S01010278,735,31,704
S01010279,428,62,366
S01010280,482,52,430
S01010281,466,38,428
S01010282,791,69,722
S01010283,459,50,409
S01010284,825,67,758
S01010285,556,100,456
S01010286,871,103,768
S01010287,488,108,380
S01010288,516,113,403
S01010289,380,16,364
S01010290,429,65,364
S01010291,508,130,378
S01010292,545,120,425
S01010293,409,89,320
S01010294,408,126,282
S01010295,427,108,319
S01010296,370,61,309
S01010297,574,32,542
S01010298,578,32,546
S01010299,342,8,334
S01010300,788,94,694
S01010301,283,41,242
S01010302,528,9,519
S01010303,297,6,291
S01010304,445,25,420
S01010305,685,42,643
S01010306,489,42,447
S01010307,476,43,433
S01010308,480,67,413
S01010309,360,1,359
S01010310,485,4,481
S01010311,544,4,540
S01010312,502,3,499
S01010313,697,12,685
S01010314,663,27,636
S01010315,512,7,505
S01010316,540,9,531
S01010317,709,78,631
S01010318,397,27,370
S01010319,616,21,595
S01010320,482,28,454
S01010321,626,23,603
S01010322,702,52,650
S01010323,456,5,451
S01010324,489,2,487
S01010325,552,0,552
S01010326,666,3,663
S01010327,517,5,512
S01010328,533,4,529
S01010329,257,0,257
S01010330,321,0,321
S01010331,686,0,686
S01010332,401,2,399
S01010333,487,7,480
S01010334,637,2,635
S01010335,471,1,470
S01010336,564,0,564
S01010337,381,0,381
S01010338,414,2,412
S01010339,403,0,403
S01010340,401,6,395
S01010341,357,0,357
S01010342,408,2,406
S01010343,525,0,525
S01010344,549,0,549
S01010345,227,0,227
S01010346,461,2,459
S01010347,466,0,466
S01010348,536,0,536
S01010349,563,1,562
S01010350,649,5,644
S01010351,496,12,484
S01010352,398,1,397
S01010353,620,1,619
S01010354,375,10,365
S01010355,625,5,620
S01010356,347,10,337
S01010357,398,2,396
S01010358,543,3,540
S01010359,618,3,615
S01010360,285,4,281
S01010361,357,0,357
S01010362,722,9,713
S01010363,394,8,386
S01010364,438,1,437
S01010365,534,10,524
S01010366,694,16,678
S01010367,546,10,536
S01010368,426,8,418
S01010369,455,22,433
S01010370,335,20,315
S01010371,554,66,488
S01010372,408,20,388
S01010373,408,35,373
S01010374,509,51,458
S01010375,406,94,312
S01010376,487,142,345
S01010377,418,93,325
S01010378,369,134,235
S01010379,615,182,433
S01010380,595,67,528
S01010381,646,94,552
S01010382,536,71,465
S01010383,510,49,461
S01010384,779,95,684
S01010385,578,53,525
S01010386,709,72,637
S01010387,961,96,865
S01010388,635,27,608
S01010389,1114,49,1065
S01010390,865,22,843
S01010391,1855,68,1787
S01010392,1229,55,1174
S01010393,1000,41,959
S01010394,579,12,567
S01010395,749,16,733
S01010396,585,36,549
S01010397,510,48,462
S01010398,583,35,548
S01010399,965,51,914
S01010400,530,23,507
S01010401,454,21,433
S01010402,575,22,553
S01010403,552,28,524
S01010404,630,19,611
S01010405,515,15,500
S01010406,515,47,468
S01010407,606,150,456
S01010408,322,0,322
S01010409,533,2,531
S01010410,248,3,245
S01010411,540,3,537
S01010412,496,12,484
S01010413,510,7,503
S01010414,572,12,560
S01010415,655,11,644
S01010416,382,3,379
S01010417,286,3,283
S01010418,663,6,657
S01010419,798,15,783
S01010420,459,0,459
S01010421,346,0,346
S01010422,526,1,525
S01010423,614,13,601
S01010424,564,2,562
S01010425,621,9,612
S01010426,644,6,638
S01010427,609,0,609
S01010428,712,6,706
S01010429,388,4,384
S01010430,544,14,530
S01010431,420,0,420
S01010432,464,15,449
S01010433,400,1,399
S01010434,425,7,418
S01010435,328,3,325
S01010436,433,8,425
S01010437,269,1,268
S01010438,488,9,479
S01010439,668,9,659
S01010440,478,0,478
S01010441,542,2,540
S01010442,450,9,441
S01010443,334,0,334
S01010444,289,1,288
S01010445,398,0,398
S01010446,329,0,329
S01010447,559,1,558
S01010448,451,0,451
S01010449,468,1,467
S01010450,477,1,476
S01010451,568,1,567
S01010452,460,0,460
S01010453,597,2,595
S01010454,529,0,529
S01010455,604,0,604
S01010456,354,0,354
S01010457,553,1,552
S01010458,443,0,443
S01010459,372,4,368
S01010460,386,4,382
S01010461,520,0,520
S01010462,550,0,550
S01010463,376,0,376
S01010464,314,0,314
S01010465,486,5,481
S01010466,802,20,782
S01010467,522,6,516
S01010468,514,14,500
S01010469,549,23,526
S01010470,414,0,414
S01010471,445,2,443
S01010472,671,27,644
S01010473,591,15,576
S01010474,564,36,528
S01010475,694,24,670
S01010476,523,14,509
S01010477,469,0,469
S01010478,831,2,829
S01010479,512,2,510
S01010480,389,0,389
S01010481,359,1,358
S01010482,455,1,454
S01010483,585,0,585
S01010484,448,2,446
S01010485,437,0,437
S01010486,480,0,480
S01010487,476,0,476
S01010488,588,0,588
S01010489,615,0,615
S01010490,377,0,377
S01010491,493,1,492
S01010492,336,0,336
S01010493,529,1,528
S01010494,309,0,309
S01010495,573,1,572
S01010496,815,0,815
S01010497,429,1,428
S01010498,625,0,625
S01010499,581,2,579
S01010500,485,0,485
S01010501,415,0,415
S01010502,318,1,317
S01010503,386,0,386
S01010504,247,0,247
S01010505,288,0,288
S01010506,405,0,405
S01010507,477,0,477
S01010508,516,0,516
S01010509,503,0,503
S01010510,682,0,682
S01010511,528,0,528
S01010512,405,0,405
S01010513,357,0,357
S01010514,377,0,377
S01010515,398,0,398
S01010516,270,1,269
S01010517,497,4,493
S01010518,408,5,403
S01010519,356,1,355
S01010520,509,0,509
S01010521,450,0,450
S01010522,357,4,353
S01010523,433,2,431
S01010524,264,0,264
S01010525,316,0,316
S01010526,409,0,409
S01010527,607,0,607
S01010528,335,4,331
S01010529,434,0,434
S01010530,313,4,309
S01010531,496,0,496
S01010532,366,0,366
S01010533,410,0,410
S01010534,488,0,488
S01010535,305,0,305
S01010536,569,0,569
S01010537,595,0,595
S01010538,463,0,463
S01010539,463,0,463
S01010540,298,0,298
S01010541,362,0,362
S01010542,456,0,456
S01010543,255,0,255
S01010544,555,0,555
S01010545,344,0,344
S01010546,456,0,456
S01010547,313,0,313
S01010548,262,0,262
S01010549,525,0,525
S01010550,301,0,301
S01010551,328,0,328
S01010552,427,0,427
S01010553,261,0,261
S01010554,396,0,396
S01010555,507,0,507
S01010556,476,0,476
S01010557,317,0,317
S01010558,303,0,303
S01010559,351,0,351
S01010560,291,0,291
S01010561,402,0,402
S01010562,427,0,427
S01010563,357,0,357
S01010564,421,0,421
S01010565,410,0,410
S01010566,453,3,450
S01010567,441,0,441
S01010568,581,0,581
S01010569,364,0,364
S01010570,613,0,613
S01010571,461,0,461
S01010572,463,0,463
S01010573,283,0,283
S01010574,236,0,236
S01010575,361,0,361
S01010576,326,0,326
S01010577,354,0,354
S01010578,203,0,203
S01010579,325,1,324
S01010580,305,0,305
S01010581,372,0,372
S01010582,256,0,256
S01010583,440,0,440
S01010584,781,0,781
S01010585,776,0,776
S01010586,272,0,272
S01010587,350,0,350
S01010588,359,0,359
S01010589,988,0,988
S01010590,707,0,707
S01010591,253,0,253
S01010592,198,0,198
S01010593,938,0,938
S01010594,722,0,722
S01010595,716,0,716
S01010596,1325,0,1325
S01010597,966,0,966
S01010598,1017,0,1017
S01010599,351,0,351
S01010600,703,0,703
S01010601,340,0,340
S01010602,312,0,312
S01010603,369,0,369
S01010604,355,0,355
S01010605,583,0,583
S01010606,469,0,469
S01010607,455,0,455
S01010608,347,1,346
S01010609,242,0,242
S01010610,360,0,360
S01010611,608,0,608
S01010612,316,0,316
S01010613,395,2,393
S01010614,333,0,333
S01010615,481,1,480
S01010616,402,0,402
S01010617,405,0,405
S01010618,422,0,422
S01010619,643,2,641
S01010620,445,3,442
S01010621,527,2,525
S01010622,333,0,333
S01010623,366,1,365
S01010624,284,0,284
S01010625,333,0,333
S01010626,415,0,415
S01010627,486,3,483
S01010628,561,3,558
S01010629,551,0,551
S01010630,309,0,309
S01010631,466,0,466
S01010632,486,0,486
S01010633,476,0,476
S01010634,264,0,264
S01010635,351,0,351
S01010636,463,0,463
S01010637,522,1,521
S01010638,490,0,490
S01010639,675,0,675
S01010640,452,0,452
S01010641,705,0,705
S01010642,475,0,475
S01010643,335,0,335
S01010644,436,0,436
S01010645,380,0,380
S01010646,348,0,348
S01010647,306,0,306
S01010648,464,0,464
S01010649,361,0,361
S01010650,294,0,294
S01010651,295,0,295
S01010652,345,0,345
S01010653,392,0,392
S01010654,348,0,348
S01010655,426,0,426
S01010656,291,0,291
S01010657,361,0,361
S01010658,438,0,438
S01010659,333,0,333
S01010660,410,0,410
S01010661,382,0,382
S01010662,377,0,377
S01010663,610,0,610
S01010664,324,0,324
S01010665,475,2,473
S01010666,611,0,611
S01010667,336,0,336
S01010668,593,0,593
S01010669,266,0,266
S01010670,401,0,401
S01010671,397,0,397
S01010672,636,0,636
S01010673,506,0,506
S01010674,538,0,538
S01010675,414,0,414
S01010676,511,0,511
S01010677,224,0,224
S01010678,472,0,472
S01010679,737,0,737
S01010680,382,0,382
S01010681,567,0,567
S01010682,551,0,551
S01010683,423,0,423
S01010684,492,0,492
S01010685,370,0,370
S01010686,309,0,309
S01010687,476,0,476
S01010688,398,0,398
S01010689,483,0,483
S01010690,442,0,442
S01010691,433,0,433
S01010692,307,0,307
S01010693,173,0,173
S01010694,390,0,390
S01010695,304,0,304
S01010696,469,0,469
S01010697,458,0,458
S01010698,338,0,338
S01010699,250,0,250
S01010700,258,0,258
S01010701,542,0,542
S01010702,449,0,449
S01010703,375,0,375
S01010704,556,0,556
S01010705,537,0,537
S01010706,369,0,369
S01010707,293,0,293
S01010708,454,0,454
S01010709,376,0,376
S01010710,400,0,400
S01010711,319,0,319
S01010712,321,0,321
S01010713,430,0,430
S01010714,419,0,419
S01010715,387,0,387
S01010716,479,0,479
S01010717,447,0,447
S01010718,453,0,453
S01010719,381,0,381
S01010720,398,0,398
S01010721,394,0,394
S01010722,519,0,519
S01010723,417,0,417
S01010724,354,0,354
S01010725,340,0,340
S01010726,482,0,482
S01010727,293,0,293
S01010728,389,0,389
S01010729,354,0,354
S01010730,343,0,343
S01010731,399,0,399
S01010732,334,1,333
S01010733,408,0,408
S01010734,411,0,411
S01010735,423,0,423
S01010736,218,0,218
S01010737,487,0,487
S01010738,501,0,501
S01010739,388,0,388
S01010740,325,0,325
S01010741,289,0,289
S01010742,390,0,390
S01010743,367,0,367
S01010744,491,0,491
S01010745,363,0,363
S01010746,441,0,441
S01010747,507,0,507
S01010748,280,0,280
S01010749,316,0,316
S01010750,287,0,287
S01010751,452,0,452
S01010752,465,0,465
S01010753,555,0,555
S01010754,507,0,507
S01010755,397,0,397
S01010756,360,0,360
S01010757,423,0,423
S01010758,305,3,302
S01010759,331,2,329
S01010760,402,2,400
S01010761,222,0,222
S01010762,263,0,263
S01010763,441,0,441
S01010764,289,1,288
S01010765,581,0,581
S01010766,359,0,359
S01010767,347,0,347
S01010768,355,0,355
S01010769,217,0,217
S01010770,385,0,385
S01010771,502,0,502
S01010772,376,2,374
S01010773,336,0,336
S01010774,591,0,591
S01010775,266,0,266
S01010776,429,0,429
S01010777,270,0,270
S01010778,329,0,329
S01010779,442,0,442
S01010780,294,0,294
S01010781,426,1,425
S01010782,293,0,293
S01010783,427,6,421
S01010784,528,0,528
S01010785,354,0,354
S01010786,255,1,254
S01010787,384,0,384
S01010788,274,0,274
S01010789,368,1,367
S01010790,343,0,343
S01010791,427,0,427
S01010792,514,0,514
S01010793,275,0,275
S01010794,234,0,234
S01010795,586,2,584
S01010796,618,3,615
S01010797,329,0,329
S01010798,293,0,293
S01010799,586,2,584
S01010800,396,0,396
S01010801,399,0,399
S01010802,291,1,290
S01010803,280,1,279
S01010804,383,2,381
S01010805,579,0,579
S01010806,458,0,458
S01010807,244,1,243
S01010808,230,0,230
S01010809,428,0,428
S01010810,249,0,249
S01010811,446,0,446
S01010812,238,0,238
S01010813,428,0,428
S01010814,354,0,354
S01010815,270,0,270
S01010816,375,0,375
S01010817,492,0,492
S01010818,742,0,742
S01010819,468,0,468
S01010820,518,0,518
S01010821,345,0,345
S01010822,280,0,280
S01010823,254,0,254
S01010824,424,0,424
S01010825,567,0,567
S01010826,315,0,315
S01010827,268,0,268
S01010828,441,0,441
S01010829,555,0,555
S01010830,231,0,231
S01010831,197,0,197
S01010832,284,0,284
S01010833,482,0,482
S01010834,702,0,702
S01010835,318,0,318
S01010836,454,0,454
S01010837,360,0,360
S01010838,478,0,478
S01010839,417,0,417
S01010840,332,0,332
S01010841,638,1,637
S01010842,660,2,658
S01010843,494,0,494
S01010844,365,0,365
S01010845,259,0,259
S01010846,356,0,356
S01010847,317,0,317
S01010848,364,0,364
S01010849,364,0,364
S01010850,421,0,421
S01010851,407,0,407
S01010852,347,0,347
S01010853,409,0,409
S01010854,384,0,384
S01010855,223,0,223
S01010856,455,0,455
S01010857,378,0,378
S01010858,534,0,534
S01010859,323,0,323
S01010860,390,0,390
S01010861,387,0,387
S01010862,314,0,314
S01010863,360,2,358
S01010864,272,0,272
S01010865,345,8,337
S01010866,370,1,369
S01010867,334,2,332
S01010868,306,0,306
S01010869,463,0,463
S01010870,513,0,513
S01010871,408,2,406
S01010872,479,3,476
S01010873,524,1,523
S01010874,363,0,363
S01010875,336,3,333
S01010876,393,4,389
S01010877,705,2,703
S01010878,586,0,586
S01010879,514,0,514
S01010880,321,0,321
S01010881,368,0,368
S01010882,350,0,350
S01010883,418,0,418
S01010884,662,0,662
S01010885,746,2,744
S01010886,325,1,324
S01010887,417,1,416
S01010888,675,1,674
S01010889,538,2,536
S01010890,573,0,573
S01010891,473,5,468
S01010892,576,0,576
S01010893,535,1,534
S01010894,398,2,396
S01010895,307,0,307
S01010896,546,0,546
S01010897,429,0,429
S01010898,500,0,500
S01010899,271,0,271
S01010900,409,3,406
S01010901,205,0,205
S01010902,453,2,451
S01010903,479,0,479
S01010904,271,0,271
S01010905,428,0,428
S01010906,383,0,383
S01010907,232,0,232
S01010908,473,0,473
S01010909,431,4,427
S01010910,434,5,429
S01010911,590,1,589
S01010912,445,9,436
S01010913,293,1,292
S01010914,402,0,402
S01010915,366,1,365
S01010916,425,8,417
S01010917,452,2,450
S01010918,589,1,588
S01010919,378,0,378
S01010920,303,0,303
S01010921,305,0,305
S01010922,395,0,395
S01010923,536,0,536
S01010924,290,0,290
S01010925,386,0,386
S01010926,441,0,441
S01010927,405,0,405
S01010928,340,0,340
S01010929,383,0,383
S01010930,357,0,357
S01010931,203,0,203
S01010932,626,0,626
S01010933,327,0,327
S01010934,479,1,478
S01010935,401,0,401
S01010936,404,0,404
S01010937,323,1,322
S01010938,441,1,440
S01010939,308,0,308
S01010940,268,0,268
S01010941,483,0,483
S01010942,268,0,268
S01010943,343,0,343
S01010944,384,0,384
S01010945,222,0,222
S01010946,437,0,437
S01010947,354,0,354
S01010948,288,1,287
S01010949,511,0,511
S01010950,380,0,380
S01010951,297,1,296
S01010952,304,0,304
S01010953,300,0,300
S01010954,413,0,413
S01010955,402,0,402
S01010956,419,0,419
S01010957,231,0,231
S01010958,282,0,282
S01010959,403,0,403
S01010960,588,0,588
S01010961,590,0,590
S01010962,385,0,385
S01010963,429,0,429
S01010964,216,0,216
S01010965,460,0,460
S01010966,453,0,453
S01010967,399,0,399
S01010968,397,0,397
S01010969,318,0,318
S01010970,633,0,633
S01010971,646,0,646
S01010972,374,0,374
S01010973,261,0,261
S01010974,485,0,485
S01010975,261,0,261
S01010976,815,1,814
S01010977,312,0,312
S01010978,446,0,446
S01010979,354,0,354
S01010980,386,0,386
S01010981,330,0,330
S01010982,496,0,496
S01010983,561,0,561
S01010984,484,0,484
S01010985,355,0,355
S01010986,241,0,241
S01010987,157,0,157
S01010988,205,0,205
S01010989,568,1,567
S01010990,319,0,319
S01010991,720,1,719
S01010992,678,1,677
S01010993,296,0,296
S01010994,1032,1,1031
S01010995,346,0,346
S01010996,350,0,350
S01010997,466,0,466
S01010998,868,1,867
S01010999,412,0,412
S01011000,421,0,421
S01011001,273,0,273
S01011002,314,1,313
S01011003,334,0,334
S01011004,333,0,333
S01011005,385,0,385
S01011006,422,0,422
S01011007,372,0,372
S01011008,375,0,375
S01011009,269,0,269
S01011010,509,0,509
S01011011,435,0,435
S01011012,522,0,522
S01011013,416,0,416
S01011014,364,0,364
S01011015,264,0,264
S01011016,456,1,455
S01011017,663,1,662
S01011018,617,0,617
S01011019,499,0,499
S01011020,202,0,202
S01011021,351,0,351
S01011022,292,0,292
S01011023,428,1,427
S01011024,490,0,490
S01011025,276,0,276
S01011026,235,0,235
S01011027,510,0,510
S01011028,493,1,492
S01011029,307,0,307
S01011030,369,0,369
S01011031,483,0,483
S01011032,403,0,403
S01011033,348,0,348
S01011034,409,0,409
S01011035,252,0,252
S01011036,441,0,441
S01011037,465,0,465
S01011038,412,0,412
S01011039,442,0,442
S01011040,522,0,522
S01011041,327,0,327
S01011042,333,0,333
S01011043,521,0,521
S01011044,470,1,469
S01011045,426,0,426
S01011046,362,0,362
S01011047,431,0,431
S01011048,561,0,561
S01011049,379,0,379
S01011050,406,0,406
S01011051,484,0,484
S01011052,515,0,515
S01011053,326,0,326
S01011054,305,0,305
S01011055,228,0,228
S01011056,271,0,271
S01011057,294,0,294
S01011058,251,0,251
S01011059,309,0,309
S01011060,534,0,534
S01011061,491,0,491
S01011062,655,0,655
S01011063,515,0,515
S01011064,594,0,594
S01011065,370,0,370
S01011066,277,0,277
S01011067,521,0,521
S01011068,349,0,349
S01011069,323,0,323
S01011070,386,0,386
S01011071,413,0,413
S01011072,445,0,445
S01011073,286,0,286
S01011074,280,0,280
S01011075,389,0,389
S01011076,538,0,538
S01011077,436,0,436
S01011078,555,0,555
S01011079,598,0,598
S01011080,525,0,525
S01011081,352,0,352
S01011082,360,0,360
S01011083,507,0,507
S01011084,373,0,373
S01011085,383,0,383
S01011086,273,0,273
S01011087,384,0,384
S01011088,545,0,545
S01011089,430,0,430
S01011090,304,0,304
S01011091,293,0,293
S01011092,891,1,890
S01011093,1167,1,1166
S01011094,297,0,297
S01011095,431,0,431
S01011096,358,0,358
S01011097,284,0,284
S01011098,508,0,508
S01011099,358,0,358
S01011100,257,0,257
S01011101,319,0,319
S01011102,379,0,379
S01011103,440,0,440
S01011104,294,0,294
S01011105,405,0,405
S01011106,352,0,352
S01011107,895,2,893
S01011108,272,1,271
S01011109,389,0,389
S01011110,421,0,421
S01011111,512,0,512
S01011112,73,0,73
S01011113,487,0,487
S01011114,462,0,462
S01011115,411,0,411
S01011116,361,0,361
S01011117,407,1,406
S01011118,455,1,454
S01011119,422,0,422
S01011120,495,0,495
S01011121,365,0,365
S01011122,360,0,360
S01011123,490,0,490
S01011124,277,0,277
S01011125,214,0,214
S01011126,301,2,299
S01011127,153,0,153
S01011128,458,0,458
S01011129,330,0,330
S01011130,374,0,374
S01011131,361,2,359
S01011132,374,0,374
S01011133,241,0,241
S01011134,442,0,442
S01011135,466,0,466
S01011136,284,0,284
S01011137,346,0,346
S01011138,254,0,254
S01011139,281,1,280
S01011140,232,0,232
S01011141,435,0,435
S01011142,363,0,363
S01011143,487,0,487
S01011144,372,0,372
S01011145,439,0,439
S01011146,419,0,419
S01011147,529,0,529
S01011148,329,0,329
S01011149,201,0,201
S01011150,254,0,254
S01011151,290,0,290
S01011152,445,0,445
S01011153,518,0,518
S01011154,389,0,389
S01011155,420,0,420
S01011156,343,0,343
S01011157,284,0,284
S01011158,275,0,275
S01011159,344,0,344
S01011160,393,0,393
S01011161,269,0,269
S01011162,347,0,347
S01011163,428,0,428
S01011164,320,0,320
S01011165,412,0,412
S01011166,271,0,271
S01011167,406,0,406
S01011168,355,0,355
S01011169,461,0,461
S01011170,400,0,400
S01011171,456,0,456
S01011172,339,0,339
S01011173,365,0,365
S01011174,361,0,361
S01011175,391,0,391
S01011176,330,0,330
S01011177,485,0,485
S01011178,241,0,241
S01011179,316,0,316
S01011180,378,0,378
S01011181,558,0,558
S01011182,208,0,208
S01011183,289,0,289
S01011184,307,0,307
S01011185,354,0,354
S01011186,561,0,561
S01011187,353,0,353
S01011188,515,0,515
S01011189,468,0,468
S01011190,458,0,458
S01011191,326,0,326
S01011192,360,0,360
S01011193,384,0,384
S01011194,302,0,302
S01011195,395,0,395
S01011196,470,0,470
S01011197,348,0,348
S01011198,274,0,274
S01011199,342,0,342
S01011200,405,0,405
S01011201,267,0,267
S01011202,453,1,452
S01011203,564,0,564
S01011204,235,0,235
S01011205,80,0,80
S01011206,264,0,264
S01011207,694,0,694
S01011208,345,1,344
S01011209,298,0,298
S01011210,321,0,321
S01011211,619,0,619
S01011212,285,0,285
S01011213,459,0,459
S01011214,430,0,430
S01011215,399,0,399
S01011216,511,0,511
S01011217,550,0,550
S01011218,392,0,392
S01011219,450,0,450
S01011220,477,0,477
S01011221,504,0,504
S01011222,312,0,312
S01011223,427,0,427
S01011224,350,0,350
S01011225,480,0,480
S01011226,512,0,512
S01011227,422,0,422
S01011228,742,0,742
S01011229,408,0,408
S01011230,642,0,642
S01011231,613,0,613
S01011232,513,0,513
S01011233,565,0,565
S01011234,527,0,527
S01011235,253,0,253
S01011236,284,0,284
S01011237,464,0,464
S01011238,430,0,430
S01011239,532,0,532
S01011240,745,0,745
S01011241,540,0,540
S01011242,484,1,483
S01011243,734,0,734
S01011244,409,0,409
S01011245,446,0,446
S01011246,488,0,488
S01011247,422,0,422
S01011248,409,0,409
S01011249,423,0,423
S01011250,507,0,507
S01011251,385,0,385
S01011252,344,0,344
S01011253,445,0,445
S01011254,466,0,466
S01011255,157,0,157
S01011256,169,0,169
S01011257,214,0,214
S01011258,292,0,292
S01011259,452,0,452
S01011260,336,0,336
S01011261,360,0,360
S01011262,309,0,309
S01011263,317,0,317
S01011264,259,0,259
S01011265,475,0,475
S01011266,383,0,383
S01011267,430,0,430
S01011268,296,1,295
S01011269,331,1,330
S01011270,456,0,456
S01011271,428,0,428
S01011272,380,0,380
S01011273,490,0,490
S01011274,505,0,505
S01011275,557,0,557
S01011276,462,0,462
S01011277,284,0,284
S01011278,288,0,288
S01011279,323,0,323
S01011280,276,0,276
S01011281,299,0,299
S01011282,341,0,341
S01011283,277,0,277
S01011284,408,0,408
S01011285,514,0,514
S01011286,298,0,298
S01011287,432,0,432
S01011288,435,0,435
S01011289,431,0,431
S01011290,610,0,610
S01011291,491,0,491
S01011292,332,0,332
S01011293,442,0,442
S01011294,541,0,541
S01011295,493,0,493
S01011296,365,0,365
S01011297,352,0,352
S01011298,434,0,434
S01011299,197,0,197
S01011300,449,0,449
S01011301,309,0,309
S01011302,570,0,570
S01011303,491,0,491
S01011304,381,0,381
S01011305,342,0,342
S01011306,282,0,282
S01011307,904,0,904
S01011308,271,0,271
S01011309,395,0,395
S01011310,341,0,341
S01011311,508,1,507
S01011312,549,0,549
S01011313,529,0,529
S01011314,487,1,486
S01011315,176,0,176
S01011316,382,0,382
S01011317,454,0,454
S01011318,520,0,520
S01011319,525,0,525
S01011320,389,0,389
S01011321,276,0,276
S01011322,251,0,251
S01011323,478,0,478
S01011324,235,0,235
S01011325,597,1,596
S01011326,762,0,762
S01011327,438,0,438
S01011328,460,0,460
S01011329,562,0,562
S01011330,324,0,324
S01011331,369,0,369
S01011332,558,0,558
S01011333,386,0,386
S01011334,587,0,587
S01011335,517,0,517
S01011336,302,0,302
S01011337,287,0,287
S01011338,360,0,360
S01011339,272,0,272
S01011340,542,0,542
S01011341,428,0,428
S01011342,412,0,412
S01011343,461,0,461
S01011344,401,0,401
S01011345,478,0,478
S01011346,393,0,393
S01011347,605,0,605
S01011348,535,0,535
S01011349,451,0,451
S01011350,377,0,377
S01011351,393,0,393
S01011352,363,0,363
S01011353,274,0,274
S01011354,374,0,374
S01011355,487,0,487
S01011356,392,0,392
S01011357,553,0,553
S01011358,186,0,186
S01011359,368,0,368
S01011360,415,0,415
S01011361,343,0,343
S01011362,256,0,256
S01011363,741,0,741
S01011364,272,0,272
S01011365,310,0,310
S01011366,238,0,238
S01011367,400,0,400
S01011368,503,0,503
S01011369,341,0,341
S01011370,598,0,598
S01011371,805,0,805
S01011372,583,1,582
S01011373,431,0,431
S01011374,201,0,201
S01011375,323,0,323
S01011376,369,0,369
S01011377,262,0,262
S01011378,470,0,470
S01011379,435,0,435
S01011380,403,0,403
S01011381,397,0,397
S01011382,286,1,285
S01011383,630,0,630
S01011384,375,0,375
S01011385,441,0,441
S01011386,404,0,404
S01011387,414,0,414
S01011388,623,3,620
S01011389,697,12,685
S01011390,476,0,476
S01011391,254,0,254
S01011392,413,0,413
S01011393,374,0,374
S01011394,406,0,406
S01011395,471,0,471
S01011396,488,0,488
S01011397,371,0,371
S01011398,322,0,322
S01011399,240,0,240
S01011400,470,0,470
S01011401,461,0,461
S01011402,492,0,492
S01011403,426,0,426
S01011404,573,0,573
S01011405,341,0,341
S01011406,312,0,312
S01011407,626,0,626
S01011408,420,0,420
S01011409,362,0,362
S01011410,413,0,413
S01011411,405,0,405
S01011412,405,0,405
S01011413,218,0,218
S01011414,512,0,512
S01011415,444,0,444
S01011416,345,0,345
S01011417,374,1,373
S01011418,370,0,370
S01011419,314,0,314
S01011420,250,0,250
S01011421,187,0,187
S01011422,193,0,193
S01011423,267,0,267
S01011424,237,0,237
S01011425,303,0,303
S01011426,682,0,682
S01011427,585,0,585
S01011428,311,0,311
S01011429,301,0,301
S01011430,410,0,410
S01011431,619,0,619
S01011432,608,0,608
S01011433,434,0,434
S01011434,421,0,421
S01011435,619,0,619
S01011436,609,0,609
S01011437,393,0,393
S01011438,383,0,383
S01011439,499,0,499
S01011440,499,0,499
S01011441,384,0,384
S01011442,327,0,327
S01011443,369,0,369
S01011444,531,0,531
S01011445,298,0,298
S01011446,920,0,920
S01011447,445,0,445
S01011448,527,0,527
S01011449,374,0,374
S01011450,299,0,299
S01011451,718,1,717
S01011452,412,0,412
S01011453,340,0,340
S01011454,476,0,476
S01011455,465,0,465
S01011456,458,0,458
S01011457,382,0,382
S01011458,289,0,289
S01011459,504,0,504
S01011460,392,0,392
S01011461,374,0,374
S01011462,455,0,455
S01011463,307,0,307
S01011464,612,0,612
S01011465,306,0,306
S01011466,823,0,823
S01011467,231,0,231
S01011468,40,0,40
S01011469,318,0,318
S01011470,451,0,451
S01011471,501,0,501
S01011472,724,0,724
S01011473,604,0,604
S01011474,629,1,628
S01011475,426,1,425
S01011476,356,0,356
S01011477,335,0,335
S01011478,442,0,442
S01011479,430,0,430
S01011480,500,0,500
S01011481,524,0,524
S01011482,539,0,539
S01011483,359,0,359
S01011484,483,0,483
S01011485,371,0,371
S01011486,235,0,235
S01011487,525,0,525
S01011488,284,0,284
S01011489,377,0,377
S01011490,522,0,522
S01011491,271,0,271
S01011492,434,1,433
S01011493,398,0,398
S01011494,407,0,407
S01011495,470,0,470
S01011496,308,0,308
S01011497,354,0,354
S01011498,230,0,230
S01011499,402,0,402
S01011500,474,0,474
S01011501,325,0,325
S01011502,305,0,305
S01011503,424,0,424
S01011504,284,0,284
S01011505,322,0,322
S01011506,292,0,292
S01011507,378,0,378
S01011508,468,0,468
S01011509,247,0,247
S01011510,435,0,435
S01011511,313,0,313
S01011512,606,0,606
S01011513,440,0,440
S01011514,384,0,384
S01011515,357,0,357
S01011516,358,0,358
S01011517,267,0,267
S01011518,302,0,302
S01011519,310,0,310
S01011520,547,0,547
S01011521,676,0,676
S01011522,500,0,500
S01011523,583,0,583
S01011524,396,0,396
S01011525,392,0,392
S01011526,422,0,422
S01011527,414,0,414
S01011528,495,0,495
S01011529,552,0,552
S01011530,627,0,627
S01011531,791,0,791
S01011532,463,0,463
S01011533,315,0,315
S01011534,341,0,341
S01011535,467,0,467
S01011536,269,0,269
S01011537,395,0,395
S01011538,302,1,301
S01011539,442,0,442
S01011540,787,0,787
S01011541,419,0,419
S01011542,434,0,434
S01011543,370,0,370
S01011544,335,0,335
S01011545,359,0,359
S01011546,236,0,236
S01011547,181,0,181
S01011548,359,0,359
S01011549,366,0,366
S01011550,380,0,380
S01011551,373,0,373
S01011552,393,0,393
S01011553,418,0,418
S01011554,746,0,746
S01011555,320,0,320
S01011556,318,0,318
S01011557,396,0,396
S01011558,369,0,369
S01011559,290,0,290
S01011560,432,0,432
S01011561,302,0,302
S01011562,418,0,418
S01011563,484,0,484
S01011564,410,0,410
S01011565,425,0,425
S01011566,374,0,374
S01011567,371,0,371
S01011568,320,0,320
S01011569,371,0,371
S01011570,421,0,421
S01011571,510,0,510
S01011572,511,0,511
S01011573,474,0,474
S01011574,406,0,406
S01011575,340,0,340
S01011576,420,0,420
S01011577,281,0,281
S01011578,853,0,853
S01011579,355,0,355
S01011580,618,0,618
S01011581,476,0,476
S01011582,930,0,930
S01011583,485,0,485
S01011584,385,0,385
S01011585,553,0,553
S01011586,297,0,297
S01011587,297,0,297
S01011588,363,0,363
S01011589,413,0,413
S01011590,776,0,776
S01011591,393,0,393
S01011592,727,0,727
S01011593,325,0,325
S01011594,303,0,303
S01011595,427,0,427
S01011596,615,0,615
S01011597,354,0,354
S01011598,638,0,638
S01011599,434,0,434
S01011600,392,0,392
S01011601,316,0,316
S01011602,318,0,318
S01011603,528,0,528
S01011604,293,0,293
S01011605,376,0,376
S01011606,342,0,342
S01011607,477,0,477
S01011608,441,0,441
S01011609,479,0,479
S01011610,412,0,412
S01011611,428,0,428
S01011612,99,0,99
S01011613,374,0,374
S01011614,230,0,230
S01011615,507,0,507
S01011616,247,0,247
S01011617,453,0,453
S01011618,337,0,337
S01011619,355,0,355
S01011620,344,0,344
S01011621,336,0,336
S01011622,65,0,65
S01011623,743,0,743
S01011624,400,0,400
S01011625,240,0,240
S01011626,385,0,385
S01011627,260,0,260
S01011628,479,0,479
S01011629,313,0,313
S01011630,298,0,298
S01011631,330,0,330
S01011632,413,0,413
S01011633,474,0,474
S01011634,330,0,330
S01011635,348,0,348
S01011636,341,0,341
S01011637,324,0,324
S01011638,390,0,390
S01011639,299,1,298
S01011640,416,0,416
S01011641,375,0,375
S01011642,382,0,382
S01011643,413,0,413
S01011644,405,0,405
S01011645,289,0,289
S01011646,330,0,330
S01011647,390,0,390
S01011648,188,0,188
S01011649,374,0,374
S01011650,673,0,673
S01011651,446,0,446
S01011652,311,0,311
S01011653,434,0,434
S01011654,564,0,564
S01011655,471,0,471
S01011656,327,0,327
S01011657,330,0,330
S01011658,399,0,399
S01011659,430,0,430
S01011660,469,0,469
S01011661,502,0,502
S01011662,455,0,455
S01011663,492,0,492
S01011664,408,0,408
S01011665,557,0,557
S01011666,532,0,532
S01011667,484,0,484
S01011668,678,0,678
S01011669,392,0,392
S01011670,362,0,362
S01011671,353,0,353
S01011672,350,0,350
S01011673,391,0,391
S01011674,672,0,672
S01011675,599,0,599
S01011676,350,0,350
S01011677,62,0,62
S01011678,222,0,222
S01011679,543,0,543
S01011680,531,0,531
S01011681,345,0,345
S01011682,633,0,633
S01011683,500,0,500
S01011684,335,0,335
S01011685,320,0,320
S01011686,385,0,385
S01011687,418,0,418
S01011688,440,0,440
S01011689,351,0,351
S01011690,633,0,633
S01011691,175,0,175
S01011692,525,0,525
S01011693,702,0,702
S01011694,263,0,263
S01011695,1226,0,1226
S01011696,292,1,291
S01011697,421,1,420
S01011698,271,0,271
S01011699,387,0,387
S01011700,400,0,400
S01011701,532,0,532
S01011702,427,0,427
S01011703,373,0,373
S01011704,571,1,570
S01011705,661,0,661
S01011706,450,0,450
S01011707,283,0,283
S01011708,519,1,518
S01011709,443,0,443
S01011710,295,0,295
S01011711,532,0,532
S01011712,294,0,294
S01011713,516,0,516
S01011714,469,0,469
S01011715,506,0,506
S01011716,389,0,389
S01011717,315,0,315
S01011718,360,0,360
S01011719,658,0,658
S01011720,256,0,256
S01011721,333,0,333
S01011722,572,0,572
S01011723,782,0,782
S01011724,261,0,261
S01011725,219,0,219
S01011726,208,0,208
S01011727,496,0,496
S01011728,393,0,393
S01011729,505,0,505
S01011730,431,0,431
S01011731,443,0,443
S01011732,360,0,360
S01011733,352,0,352
S01011734,393,0,393
S01011735,288,0,288
S01011736,467,0,467
S01011737,369,0,369
S01011738,495,0,495
S01011739,296,0,296
S01011740,327,0,327
S01011741,477,0,477
S01011742,382,0,382
S01011743,379,0,379
S01011744,462,0,462
S01011745,542,0,542
S01011746,386,0,386
S01011747,453,0,453
S01011748,464,0,464
S01011749,423,0,423
S01011750,398,0,398
S01011751,614,0,614
S01011752,544,0,544
S01011753,366,0,366
S01011754,419,0,419
S01011755,456,0,456
S01011756,513,0,513
S01011757,434,0,434
S01011758,252,0,252
S01011759,371,0,371
S01011760,411,0,411
S01011761,326,0,326
S01011762,441,0,441
S01011763,350,0,350
S01011764,136,0,136
S01011765,452,0,452
S01011766,287,0,287
S01011767,574,0,574
S01011768,433,0,433
S01011769,424,2,422
S01011770,451,0,451
S01011771,238,0,238
S01011772,390,0,390
S01011773,200,0,200
S01011774,354,0,354
S01011775,296,0,296
S01011776,362,0,362
S01011777,264,0,264
S01011778,261,0,261
S01011779,324,0,324
S01011780,315,0,315
S01011781,356,0,356
S01011782,334,0,334
S01011783,213,0,213
S01011784,349,0,349
S01011785,459,0,459
S01011786,65,0,65
S01011787,531,0,531
S01011788,382,0,382
S01011789,1067,0,1067
S01011790,521,0,521
S01011791,391,0,391
S01011792,515,0,515
S01011793,368,0,368
S01011794,472,0,472
S01011795,462,0,462
S01011796,435,0,435
S01011797,418,0,418
S01011798,242,0,242
S01011799,379,0,379
S01011800,281,0,281
S01011801,287,0,287
S01011802,361,0,361
S01011803,348,0,348
S01011804,505,0,505
S01011805,461,2,459
S01011806,578,0,578
S01011807,444,0,444
S01011808,432,0,432
S01011809,302,0,302
S01011810,545,0,545
S01011811,478,0,478
S01011812,486,0,486
S01011813,382,0,382
S01011814,297,0,297
S01011815,313,0,313
S01011816,285,0,285
S01011817,294,0,294
S01011818,699,0,699
S01011819,622,0,622
S01011820,434,0,434
S01011821,321,0,321
S01011822,510,0,510
S01011823,290,0,290
S01011824,436,0,436
S01011825,275,0,275
S01011826,356,0,356
S01011827,329,0,329
S01011828,411,0,411
S01011829,250,0,250
S01011830,392,0,392
S01011831,510,0,510
S01011832,405,0,405
S01011833,360,0,360
S01011834,307,0,307
S01011835,278,0,278
S01011836,479,0,479
S01011837,362,0,362
S01011838,487,1,486
S01011839,487,0,487
S01011840,513,0,513
S01011841,721,0,721
S01011842,615,0,615
S01011843,495,0,495
S01011844,421,0,421
S01011845,382,0,382
S01011846,385,0,385
S01011847,178,0,178
S01011848,352,1,351
S01011849,352,0,352
S01011850,483,0,483
S01011851,368,0,368
S01011852,460,0,460
S01011853,405,0,405
S01011854,473,0,473
S01011855,527,0,527
S01011856,304,0,304
S01011857,583,0,583
S01011858,503,0,503
S01011859,559,0,559
S01011860,319,0,319
S01011861,389,0,389
S01011862,454,1,453
S01011863,412,0,412
S01011864,344,0,344
S01011865,314,1,313
S01011866,538,0,538
S01011867,599,0,599
S01011868,475,0,475
S01011869,542,0,542
S01011870,380,0,380
S01011871,474,0,474
S01011872,436,0,436
S01011873,339,0,339
S01011874,357,0,357
S01011875,506,0,506
S01011876,447,0,447
S01011877,361,0,361
S01011878,529,0,529
S01011879,314,0,314
S01011880,488,0,488
S01011881,388,0,388
S01011882,450,0,450
S01011883,625,0,625
S01011884,311,0,311
S01011885,303,0,303
S01011886,545,1,544
S01011887,290,0,290
S01011888,593,0,593
S01011889,474,0,474
S01011890,418,0,418
S01011891,378,1,377
S01011892,616,3,613
S01011893,585,1,584
S01011894,437,3,434
S01011895,536,0,536
S01011896,478,0,478
S01011897,480,0,480
S01011898,398,1,397
S01011899,441,0,441
S01011900,293,0,293
S01011901,491,0,491
S01011902,507,2,505
S01011903,406,0,406
S01011904,368,0,368
S01011905,339,0,339
S01011906,161,0,161
S01011907,378,0,378
S01011908,233,0,233
S01011909,342,0,342
S01011910,587,0,587
S01011911,324,0,324
S01011912,383,0,383
S01011913,414,0,414
S01011914,410,0,410
S01011915,376,3,373
S01011916,367,0,367
S01011917,281,0,281
S01011918,414,0,414
S01011919,496,3,493
S01011920,325,1,324
S01011921,285,0,285
S01011922,403,0,403
S01011923,451,0,451
S01011924,424,0,424
S01011925,337,1,336
S01011926,376,0,376
S01011927,285,0,285
S01011928,379,0,379
S01011929,319,0,319
S01011930,333,0,333
S01011931,278,0,278
S01011932,142,1,141
S01011933,830,21,809
S01011934,443,13,430
S01011935,567,17,550
S01011936,380,6,374
S01011937,408,8,400
S01011938,282,1,281
S01011939,600,10,590
S01011940,575,8,567
S01011941,687,6,681
S01011942,625,7,618
S01011943,914,12,902
S01011944,218,1,217
S01011945,575,0,575
S01011946,465,0,465
S01011947,260,0,260
S01011948,527,0,527
S01011949,445,0,445
S01011950,431,0,431
S01011951,377,0,377
S01011952,385,0,385
S01011953,405,0,405
S01011954,283,0,283
S01011955,529,0,529
S01011956,424,0,424
S01011957,398,0,398
S01011958,858,0,858
S01011959,365,0,365
S01011960,476,0,476
S01011961,502,0,502
S01011962,413,0,413
S01011963,342,0,342
S01011964,493,0,493
S01011965,458,1,457
S01011966,351,1,350
S01011967,420,0,420
S01011968,664,0,664
S01011969,733,0,733
S01011970,800,0,800
S01011971,280,0,280
S01011972,786,0,786
S01011973,272,0,272
S01011974,358,0,358
S01011975,199,0,199
S01011976,452,0,452
S01011977,567,0,567
S01011978,589,0,589
S01011979,501,0,501
S01011980,230,0,230
S01011981,488,1,487
S01011982,619,0,619
S01011983,542,1,541
S01011984,315,0,315
S01011985,293,0,293
S01011986,461,0,461
S01011987,500,0,500
S01011988,326,1,325
S01011989,379,0,379
S01011990,364,0,364
S01011991,421,0,421
S01011992,535,0,535
S01011993,541,0,541
S01011994,358,0,358
S01011995,399,0,399
S01011996,333,0,333
S01011997,561,0,561
S01011998,389,0,389
S01011999,291,0,291
S01012000,244,0,244
S01012001,403,0,403
S01012002,334,0,334
S01012003,381,0,381
S01012004,727,1,726
S01012005,593,0,593
S01012006,340,1,339
S01012007,450,0,450
S01012008,632,0,632
S01012009,300,0,300
S01012010,657,0,657
S01012011,692,4,688
S01012012,320,0,320
S01012013,357,0,357
S01012014,833,0,833
S01012015,604,0,604
S01012016,360,0,360
S01012017,252,0,252
S01012018,374,0,374
S01012019,394,0,394
S01012020,489,0,489
S01012021,340,0,340
S01012022,471,0,471
S01012023,283,0,283
S01012024,484,1,483
S01012025,288,0,288
S01012026,348,0,348
S01012027,720,2,718
S01012028,440,0,440
S01012029,526,0,526
S01012030,512,0,512
S01012031,231,0,231
S01012032,142,0,142
S01012033,435,0,435
S01012034,447,0,447
S01012035,532,0,532
S01012036,536,0,536
S01012037,546,0,546
S01012038,519,2,517
S01012039,453,5,448
S01012040,255,2,253
S01012041,528,0,528
S01012042,489,0,489
S01012043,380,1,379
S01012044,519,3,516
S01012045,659,5,654
S01012046,445,4,441
S01012047,611,2,609
S01012048,433,2,431
S01012049,391,0,391
S01012050,478,1,477
S01012051,255,0,255
S01012052,497,0,497
S01012053,491,0,491
S01012054,596,2,594
S01012055,493,0,493
S01012056,394,6,388
S01012057,316,0,316
S01012058,416,0,416
S01012059,467,0,467
S01012060,466,0,466
S01012061,643,0,643
S01012062,420,0,420
S01012063,297,1,296
S01012064,366,0,366
S01012065,289,0,289
S01012066,382,0,382
S01012067,319,0,319
S01012068,385,1,384
S01012069,375,2,373
S01012070,603,4,599
S01012071,785,1,784
S01012072,740,4,736
S01012073,335,0,335
S01012074,297,1,296
S01012075,445,0,445
S01012076,501,0,501
S01012077,511,0,511
S01012078,367,0,367
S01012079,627,0,627
S01012080,487,0,487
S01012081,387,0,387
S01012082,495,0,495
S01012083,562,0,562
S01012084,274,0,274
S01012085,345,0,345
S01012086,448,0,448
S01012087,394,0,394
S01012088,256,0,256
S01012089,357,0,357
S01012090,433,0,433
S01012091,367,0,367
S01012092,269,0,269
S01012093,295,0,295
S01012094,355,0,355
S01012095,545,0,545
S01012096,388,0,388
S01012097,279,0,279
S01012098,431,0,431
S01012099,425,0,425
S01012100,722,0,722
S01012101,371,0,371
S01012102,424,4,420
S01012103,482,4,478
S01012104,345,0,345
S01012105,671,0,671
S01012106,575,0,575
S01012107,279,0,279
S01012108,697,1,696
S01012109,744,4,740
S01012110,541,0,541
S01012111,673,2,671
S01012112,579,0,579
S01012113,568,1,567
S01012114,567,0,567
S01012115,362,0,362
S01012116,320,1,319
S01012117,260,0,260
S01012118,393,0,393
S01012119,349,0,349
S01012120,256,0,256
S01012121,404,0,404
S01012122,365,0,365
S01012123,314,0,314
S01012124,353,2,351
S01012125,664,1,663
S01012126,477,3,474
S01012127,760,11,749
S01012128,431,3,428
S01012129,602,1,601
S01012130,770,0,770
S01012131,904,10,894
S01012132,547,14,533
S01012133,558,6,552
S01012134,738,8,730
S01012135,732,3,729
S01012136,573,16,557
S01012137,575,1,574
S01012138,550,8,542
S01012139,574,4,570
S01012140,377,3,374
S01012141,511,0,511
S01012142,395,0,395
S01012143,554,1,553
S01012144,449,2,447
S01012145,436,0,436
S01012146,651,13,638
S01012147,537,0,537
S01012148,364,0,364
S01012149,380,0,380
S01012150,359,0,359
S01012151,523,0,523
S01012152,479,0,479
S01012153,453,14,439
S01012154,502,3,499
S01012155,551,4,547
S01012156,691,0,691
S01012157,547,2,545
S01012158,760,2,758
S01012159,229,0,229
S01012160,409,0,409
S01012161,240,0,240
S01012162,428,0,428
S01012163,421,0,421
S01012164,488,0,488
S01012165,452,0,452
S01012166,394,0,394
S01012167,388,0,388
S01012168,477,1,476
S01012169,429,0,429
S01012170,670,0,670
S01012171,576,0,576
S01012172,460,1,459
S01012173,334,0,334
S01012174,429,0,429
S01012175,467,0,467
S01012176,577,0,577
S01012177,335,0,335
S01012178,400,0,400
S01012179,379,0,379
S01012180,339,0,339
S01012181,669,0,669
S01012182,644,1,643
S01012183,1105,2,1103
S01012184,451,1,450
S01012185,553,1,552
S01012186,430,0,430
S01012187,471,0,471
S01012188,298,0,298
S01012189,348,0,348
S01012190,311,0,311
S01012191,411,0,411
S01012192,174,0,174
S01012193,249,0,249
S01012194,273,0,273
S01012195,360,0,360
S01012196,211,0,211
S01012197,473,0,473
S01012198,499,0,499
S01012199,375,0,375
S01012200,278,0,278
S01012201,460,0,460
S01012202,241,0,241
S01012203,386,0,386
S01012204,270,0,270
S01012205,358,0,358
S01012206,363,0,363
S01012207,521,0,521
S01012208,599,0,599
S01012209,459,0,459
S01012210,385,0,385
S01012211,503,0,503
S01012212,461,0,461
S01012213,426,0,426
S01012214,338,0,338
S01012215,385,0,385
S01012216,511,0,511
S01012217,267,0,267
S01012218,292,1,291
S01012219,446,0,446
S01012220,531,1,530
S01012221,379,1,378
S01012222,614,3,611
S01012223,399,1,398
S01012224,461,3,458
S01012225,551,3,548
S01012226,320,0,320
S01012227,356,0,356
S01012228,291,3,288
S01012229,385,0,385
S01012230,454,3,451
S01012231,289,0,289
S01012232,433,0,433
S01012233,341,0,341
S01012234,563,0,563
S01012235,362,0,362
S01012236,380,0,380
S01012237,350,1,349
S01012238,309,1,308
S01012239,274,0,274
S01012240,391,0,391
S01012241,301,0,301
S01012242,338,0,338
S01012243,364,1,363
S01012244,403,0,403
S01012245,564,0,564
S01012246,401,0,401
S01012247,303,0,303
S01012248,383,0,383
S01012249,429,0,429
S01012250,367,0,367
S01012251,539,0,539
S01012252,537,1,536
S01012253,563,0,563
S01012254,432,0,432
S01012255,475,2,473
S01012256,556,0,556
S01012257,515,0,515
S01012258,730,0,730
S01012259,388,0,388
S01012260,632,0,632
S01012261,512,0,512
S01012262,786,0,786
S01012263,403,0,403
S01012264,222,0,222
S01012265,525,0,525
S01012266,620,1,619
S01012267,479,0,479
S01012268,657,4,653
S01012269,461,0,461
S01012270,395,2,393
S01012271,624,0,624
S01012272,381,0,381
S01012273,424,1,423
S01012274,566,0,566
S01012275,450,22,428
S01012276,767,4,763
S01012277,639,4,635
S01012278,713,24,689
S01012279,628,10,618
S01012280,488,1,487
S01012281,490,8,482
S01012282,521,5,516
S01012283,437,2,435
S01012284,436,8,428
S01012285,308,1,307
S01012286,590,19,571
S01012287,599,2,597
S01012288,550,4,546
S01012289,580,1,579
S01012290,328,0,328
S01012291,371,0,371
S01012292,630,0,630
S01012293,442,0,442
S01012294,447,0,447
S01012295,280,0,280
S01012296,462,1,461
S01012297,447,1,446
S01012298,591,1,590
S01012299,257,0,257
S01012300,558,0,558
S01012301,441,0,441
S01012302,321,0,321
S01012303,410,0,410
S01012304,522,0,522
S01012305,431,0,431
S01012306,440,0,440
S01012307,451,0,451
S01012308,408,0,408
S01012309,440,1,439
S01012310,702,1,701
S01012311,415,0,415
S01012312,439,3,436
S01012313,384,0,384
S01012314,414,0,414
S01012315,447,3,444
S01012316,353,0,353
S01012317,222,0,222
S01012318,329,0,329
S01012319,485,0,485
S01012320,349,0,349
S01012321,551,0,551
S01012322,551,0,551
S01012323,632,0,632
S01012324,469,0,469
S01012325,437,0,437
S01012326,496,1,495
S01012327,433,1,432
S01012328,408,0,408
S01012329,446,0,446
S01012330,321,0,321
S01012331,537,0,537
S01012332,537,0,537
S01012333,613,0,613
S01012334,411,0,411
S01012335,786,0,786
S01012336,451,0,451
S01012337,520,0,520
S01012338,480,0,480
S01012339,561,1,560
S01012340,523,0,523
S01012341,404,0,404
S01012342,437,0,437
S01012343,498,1,497
S01012344,541,0,541
S01012345,357,0,357
S01012346,575,5,570
S01012347,327,0,327
S01012348,531,0,531
S01012349,503,0,503
S01012350,535,0,535
S01012351,464,0,464
S01012352,552,0,552
S01012353,488,0,488
S01012354,518,1,517
S01012355,468,0,468
S01012356,532,0,532
S01012357,427,0,427
S01012358,376,0,376
S01012359,422,0,422
S01012360,324,1,323
S01012361,371,1,370
S01012362,477,0,477
S01012363,709,10,699
S01012364,487,0,487
S01012365,573,0,573
S01012366,609,0,609
S01012367,492,0,492
S01012368,367,0,367
S01012369,506,0,506
S01012370,708,0,708
S01012371,619,0,619
S01012372,663,0,663
S01012373,608,0,608
S01012374,402,0,402
S01012375,595,0,595
S01012376,407,0,407
S01012377,324,1,323
S01012378,299,0,299
S01012379,263,3,260
S01012380,687,0,687
S01012381,560,0,560
S01012382,489,0,489
S01012383,540,0,540
S01012384,307,0,307
S01012385,370,1,369
S01012386,521,0,521
S01012387,407,0,407
S01012388,306,0,306
S01012389,388,0,388
S01012390,307,0,307
S01012391,593,0,593
S01012392,353,0,353
S01012393,558,0,558
S01012394,426,0,426
S01012395,379,0,379
S01012396,428,0,428
S01012397,418,0,418
S01012398,532,0,532
S01012399,393,0,393
S01012400,441,0,441
S01012401,469,0,469
S01012402,184,0,184
S01012403,437,0,437
S01012404,589,0,589
S01012405,274,0,274
S01012406,303,0,303
S01012407,432,0,432
S01012408,336,0,336
S01012409,483,0,483
S01012410,543,1,542
S01012411,593,0,593
S01012412,281,0,281
S01012413,450,0,450
S01012414,341,0,341
S01012415,278,0,278
S01012416,216,0,216
S01012417,299,0,299
S01012418,343,0,343
S01012419,438,0,438
S01012420,469,0,469
S01012421,471,0,471
S01012422,579,0,579
S01012423,443,0,443
S01012424,414,0,414
S01012425,307,0,307
S01012426,286,0,286
S01012427,336,0,336
S01012428,368,0,368
S01012429,286,0,286
S01012430,491,0,491
S01012431,505,0,505
S01012432,395,1,394
S01012433,422,0,422
S01012434,394,0,394
S01012435,446,0,446
S01012436,410,0,410
S01012437,362,0,362
S01012438,429,0,429
S01012439,414,0,414
S01012440,378,0,378
S01012441,419,0,419
S01012442,423,0,423
S01012443,313,0,313
S01012444,538,0,538
S01012445,39,0,39
S01012446,321,0,321
S01012447,404,0,404
S01012448,361,0,361
S01012449,302,0,302
S01012450,368,0,368
S01012451,397,0,397
S01012452,365,0,365
S01012453,413,0,413
S01012454,462,0,462
S01012455,246,0,246
S01012456,385,0,385
S01012457,561,0,561
S01012458,358,0,358
S01012459,336,0,336
S01012460,331,1,330
S01012461,276,0,276
S01012462,449,0,449
S01012463,329,0,329
S01012464,255,0,255
S01012465,312,0,312
S01012466,453,0,453
S01012467,574,1,573
S01012468,359,0,359
S01012469,466,1,465
S01012470,492,0,492
S01012471,352,0,352
S01012472,359,0,359
S01012473,276,0,276
S01012474,430,1,429
S01012475,344,0,344
S01012476,495,1,494
S01012477,337,0,337
S01012478,368,0,368
S01012479,393,0,393
S01012480,460,7,453
S01012481,419,5,414
S01012482,466,1,465
S01012483,570,4,566
S01012484,515,0,515
S01012485,610,0,610
S01012486,352,0,352
S01012487,306,0,306
S01012488,483,0,483
S01012489,656,0,656
S01012490,731,4,727
S01012491,389,0,389
S01012492,623,7,616
S01012493,478,2,476
S01012494,642,0,642
S01012495,539,3,536
S01012496,314,1,313
S01012497,310,1,309
S01012498,385,0,385
S01012499,501,0,501
S01012500,263,0,263
S01012501,401,0,401
S01012502,471,0,471
S01012503,308,1,307
S01012504,323,0,323
S01012505,547,0,547
S01012506,241,0,241
S01012507,482,0,482
S01012508,446,0,446
S01012509,256,0,256
S01012510,457,0,457
S01012511,388,0,388
S01012512,403,0,403
S01012513,234,0,234
S01012514,335,1,334
S01012515,404,0,404
S01012516,301,0,301
S01012517,482,0,482
S01012518,452,0,452
S01012519,416,0,416
S01012520,345,0,345
S01012521,383,0,383
S01012522,396,0,396
S01012523,488,0,488
S01012524,520,0,520
S01012525,473,0,473
S01012526,421,0,421
S01012527,285,0,285
S01012528,337,0,337
S01012529,403,0,403
S01012530,499,0,499
S01012531,500,0,500
S01012532,481,0,481
S01012533,456,0,456
S01012534,440,0,440
S01012535,408,0,408
S01012536,341,0,341
S01012537,477,7,470
S01012538,527,0,527
S01012539,356,1,355
S01012540,440,0,440
S01012541,495,0,495
S01012542,512,0,512
S01012543,276,0,276
S01012544,388,1,387
S01012545,270,0,270
S01012546,384,0,384
S01012547,312,0,312
S01012548,465,0,465
S01012549,372,0,372
S01012550,416,0,416
S01012551,436,0,436
S01012552,386,0,386
S01012553,360,0,360
S01012554,341,0,341
S01012555,211,1,210
S01012556,221,0,221
S01012557,322,1,321
S01012558,344,1,343
S01012559,600,0,600
S01012560,527,0,527
S01012561,578,0,578
S01012562,701,0,701
S01012563,331,1,330
S01012564,397,0,397
S01012565,491,0,491
S01012566,485,0,485
S01012567,621,0,621
S01012568,457,0,457
S01012569,354,1,353
S01012570,314,0,314
S01012571,362,0,362
S01012572,244,0,244
S01012573,325,0,325
S01012574,536,0,536
S01012575,346,0,346
S01012576,527,0,527
S01012577,437,0,437
S01012578,682,0,682
S01012579,330,0,330
S01012580,325,0,325
S01012581,486,0,486
S01012582,417,0,417
S01012583,326,0,326
S01012584,331,0,331
S01012585,708,0,708
S01012586,313,0,313
S01012587,387,0,387
S01012588,310,0,310
S01012589,337,0,337
S01012590,503,0,503
S01012591,556,0,556
S01012592,266,0,266
S01012593,473,0,473
S01012594,293,0,293
S01012595,370,0,370
S01012596,347,0,347
S01012597,170,0,170
S01012598,332,0,332
S01012599,356,0,356
S01012600,308,0,308
S01012601,357,0,357
S01012602,388,2,386
S01012603,337,0,337
S01012604,369,0,369
S01012605,388,0,388
S01012606,106,0,106
S01012607,312,0,312
S01012608,458,0,458
S01012609,439,0,439
S01012610,561,0,561
S01012611,382,0,382
S01012612,478,1,477
S01012613,517,0,517
S01012614,494,0,494
S01012615,441,0,441
S01012616,419,0,419
S01012617,294,0,294
S01012618,266,0,266
S01012619,382,0,382
S01012620,425,0,425
S01012621,421,0,421
S01012622,390,0,390
S01012623,417,0,417
S01012624,359,0,359
S01012625,343,0,343
S01012626,347,0,347
S01012627,283,0,283
S01012628,545,0,545
S01012629,144,0,144
S01012630,508,1,507
S01012631,497,0,497
S01012632,304,0,304
S01012633,458,0,458
S01012634,596,0,596
S01012635,791,0,791
S01012636,599,0,599
S01012637,471,0,471
S01012638,479,0,479
S01012639,672,0,672
S01012640,610,0,610
S01012641,484,0,484
S01012642,750,0,750
S01012643,238,0,238
S01012644,345,0,345
S01012645,598,0,598
S01012646,535,0,535
S01012647,438,0,438
S01012648,293,0,293
S01012649,363,0,363
S01012650,342,0,342
S01012651,380,0,380
S01012652,431,0,431
S01012653,405,0,405
S01012654,401,0,401
S01012655,567,0,567
S01012656,465,0,465
S01012657,406,0,406
S01012658,424,0,424
S01012659,298,0,298
S01012660,338,0,338
S01012661,415,1,414
S01012662,438,2,436
S01012663,422,0,422
S01012664,520,0,520
S01012665,397,0,397
S01012666,377,0,377
S01012667,324,0,324
S01012668,506,0,506
S01012669,417,0,417
S01012670,295,0,295
S01012671,562,0,562
S01012672,403,0,403
S01012673,394,0,394
S01012674,320,0,320
S01012675,476,0,476
S01012676,387,0,387
S01012677,256,0,256
S01012678,268,0,268
S01012679,372,0,372
S01012680,210,0,210
S01012681,370,0,370
S01012682,365,0,365
S01012683,405,0,405
S01012684,177,0,177
S01012685,488,0,488
S01012686,568,0,568
S01012687,561,0,561
S01012688,483,0,483
S01012689,226,0,226
S01012690,202,0,202
S01012691,402,0,402
S01012692,443,0,443
S01012693,321,0,321
S01012694,261,0,261
S01012695,306,0,306
S01012696,272,0,272
S01012697,197,0,197
S01012698,427,0,427
S01012699,429,0,429
S01012700,341,0,341
S01012701,501,0,501
S01012702,292,0,292
S01012703,270,0,270
S01012704,329,0,329
S01012705,257,0,257
S01012706,421,0,421
S01012707,322,0,322
S01012708,431,0,431
S01012709,310,0,310
S01012710,474,0,474
S01012711,611,0,611
S01012712,358,0,358
S01012713,510,0,510
S01012714,285,0,285
S01012715,539,0,539
S01012716,472,3,469
S01012717,685,2,683
S01012718,489,0,489
S01012719,666,4,662
S01012720,546,4,542
S01012721,312,0,312
S01012722,605,0,605
S01012723,434,0,434
S01012724,412,0,412
S01012725,607,1,606
S01012726,411,0,411
S01012727,396,0,396
S01012728,448,0,448
S01012729,392,0,392
S01012730,266,0,266
S01012731,335,0,335
S01012732,332,0,332
S01012733,1203,0,1203
S01012734,44,0,44
S01012735,251,0,251
S01012736,501,0,501
S01012737,517,0,517
S01012738,255,0,255
S01012739,50,0,50
S01012740,40,0,40
S01012741,272,0,272
S01012742,359,0,359
S01012743,416,0,416
S01012744,277,0,277
S01012745,406,0,406
S01012746,465,0,465
S01012747,481,0,481
S01012748,369,0,369
S01012749,387,0,387
S01012750,336,0,336
S01012751,651,0,651
S01012752,375,0,375
S01012753,235,0,235
S01012754,417,0,417
S01012755,327,0,327
S01012756,759,0,759
S01012757,236,0,236
S01012758,321,0,321
S01012759,383,0,383
S01012760,424,1,423
S01012761,478,1,477
S01012762,347,1,346
S01012763,287,0,287
S01012764,424,0,424
S01012765,267,0,267
S01012766,318,0,318
S01012767,328,0,328
S01012768,344,0,344
S01012769,361,0,361
S01012770,408,0,408
S01012771,406,0,406
S01012772,480,0,480
S01012773,568,0,568
S01012774,408,0,408
S01012775,326,0,326
S01012776,383,0,383
S01012777,481,0,481
S01012778,488,0,488
S01012779,425,0,425
S01012780,443,0,443
S01012781,300,0,300
S01012782,408,0,408
S01012783,445,0,445
S01012784,533,0,533
S01012785,388,0,388
S01012786,685,8,677
S01012787,271,6,265
S01012788,409,0,409
S01012789,462,1,461
S01012790,405,3,402
S01012791,379,0,379
S01012792,551,1,550
S01012793,495,1,494
S01012794,259,0,259
S01012795,523,0,523
S01012796,389,0,389
S01012797,299,0,299
S01012798,546,0,546
S01012799,548,0,548
S01012800,487,0,487
S01012801,303,0,303
S01012802,259,0,259
S01012803,315,0,315
S01012804,396,0,396
S01012805,440,1,439
S01012806,378,0,378
S01012807,492,0,492
S01012808,475,0,475
S01012809,483,0,483
S01012810,481,0,481
S01012811,379,0,379
S01012812,402,0,402
S01012813,416,0,416
S01012814,365,0,365
S01012815,510,0,510
S01012816,369,0,369
S01012817,164,0,164
S01012818,325,0,325
S01012819,523,0,523
S01012820,892,0,892
S01012821,626,0,626
S01012822,438,0,438
S01012823,255,0,255
S01012824,551,0,551
S01012825,632,0,632
S01012826,637,0,637
S01012827,574,0,574
S01012828,833,0,833
S01012829,362,0,362
S01012830,313,0,313
S01012831,383,0,383
S01012832,215,0,215
S01012833,449,0,449
S01012834,353,0,353
S01012835,447,0,447
S01012836,203,0,203
S01012837,557,0,557
S01012838,534,0,534
S01012839,300,0,300
S01012840,367,0,367
S01012841,303,0,303
S01012842,446,0,446
S01012843,426,0,426
S01012844,335,0,335
S01012845,421,0,421
S01012846,598,4,594
S01012847,338,0,338
S01012848,349,0,349
S01012849,543,0,543
S01012850,443,0,443
S01012851,469,0,469
S01012852,438,1,437
S01012853,451,0,451
S01012854,519,3,516
S01012855,570,0,570
S01012856,529,0,529
S01012857,751,0,751
S01012858,533,1,532
S01012859,611,14,597
S01012860,382,0,382
S01012861,322,0,322
S01012862,513,4,509
S01012863,490,1,489
S01012864,469,0,469
S01012865,564,1,563
S01012866,470,6,464
S01012867,449,0,449
S01012868,462,4,458
S01012869,257,0,257
S01012870,450,0,450
S01012871,431,0,431
S01012872,378,1,377
S01012873,410,0,410
S01012874,426,0,426
S01012875,317,5,312
S01012876,429,0,429
S01012877,331,0,331
S01012878,373,0,373
S01012879,495,0,495
S01012880,435,0,435
S01012881,654,1,653
S01012882,490,0,490
S01012883,557,0,557
S01012884,337,0,337
S01012885,434,1,433
S01012886,392,0,392
S01012887,352,0,352
S01012888,393,0,393
S01012889,473,0,473
S01012890,340,0,340
S01012891,339,0,339
S01012892,610,0,610
S01012893,520,0,520
S01012894,350,0,350
S01012895,259,0,259
S01012896,574,0,574
S01012897,626,0,626
S01012898,374,0,374
S01012899,389,0,389
S01012900,445,0,445
S01012901,844,0,844
S01012902,483,0,483
S01012903,490,0,490
S01012904,480,0,480
S01012905,411,0,411
S01012906,583,0,583
S01012907,552,0,552
S01012908,551,0,551
S01012909,472,0,472
S01012910,662,0,662
S01012911,384,0,384
S01012912,649,0,649
S01012913,470,0,470
S01012914,506,0,506
S01012915,447,0,447
S01012916,442,0,442
S01012917,270,0,270
S01012918,421,0,421
S01012919,229,0,229
S01012920,258,0,258
S01012921,338,0,338
S01012922,437,0,437
S01012923,456,0,456
S01012924,269,0,269
S01012925,240,0,240
S01012926,333,0,333
S01012927,339,0,339
S01012928,463,0,463
S01012929,408,0,408
S01012930,544,0,544
S01012931,574,0,574
S01012932,251,0,251
S01012933,396,0,396
S01012934,408,0,408
S01012935,645,0,645
S01012936,459,0,459
S01012937,394,0,394
S01012938,360,0,360
S01012939,268,1,267
S01012940,327,0,327
S01012941,257,0,257
S01012942,404,0,404
S01012943,343,0,343
S01012944,295,0,295
S01012945,241,0,241
S01012946,338,0,338
S01012947,201,0,201
S01012948,397,0,397
S01012949,528,0,528
S01012950,629,0,629
S01012951,370,0,370
S01012952,541,0,541
S01012953,292,0,292
S01012954,173,0,173
S01012955,469,0,469
S01012956,458,0,458
S01012957,371,0,371
S01012958,206,0,206
S01012959,228,0,228
S01012960,276,0,276
S01012961,381,0,381
S01012962,345,0,345
S01012963,384,1,383
S01012964,541,1,540
S01012965,279,0,279
S01012966,350,0,350
S01012967,354,0,354
S01012968,338,0,338
S01012969,434,0,434
S01012970,351,0,351
S01012971,377,0,377
S01012972,400,0,400
S01012973,375,0,375
S01012974,529,0,529
S01012975,328,0,328
S01012976,289,0,289
S01012977,361,0,361
S01012978,398,0,398
S01012979,306,0,306
S01012980,384,0,384
S01012981,402,0,402
S01012982,383,0,383
S01012983,326,0,326
S01012984,359,0,359
S01012985,397,0,397
S01012986,541,0,541
S01012987,524,0,524
S01012988,563,0,563
S01012989,509,0,509
S01012990,567,0,567
S01012991,533,1,532
S01012992,515,0,515
S01012993,551,0,551
S01012994,520,0,520
S01012995,331,0,331
S01012996,343,0,343
S01012997,267,0,267
S01012998,499,0,499
S01012999,317,0,317
S01013000,551,1,550
S01013001,156,0,156
S01013002,296,0,296
S01013003,281,0,281
S01013004,384,1,383
S01013005,300,1,299
S01013006,362,1,361
S01013007,524,0,524
S01013008,489,0,489
S01013009,378,1,377
S01013010,276,1,275
S01013011,368,0,368
S01013012,491,1,490
S01013013,407,0,407
S01013014,361,0,361
S01013015,309,2,307
S01013016,403,0,403
S01013017,471,0,471
S01013018,467,1,466
S01013019,610,4,606
S01013020,432,0,432
S01013021,489,0,489
S01013022,183,1,182
S01013023,373,0,373
S01013024,274,2,272
S01013025,514,0,514
S01013026,408,0,408
S01013027,648,1,647
S01013028,367,1,366
S01013029,309,1,308
S01013030,465,0,465
S01013031,291,0,291
S01013032,255,0,255
S01013033,322,1,321
S01013034,337,1,336
S01013035,362,0,362
S01013036,341,0,341
S01013037,480,0,480
S01013038,534,1,533
S01013039,178,1,177
S01013040,324,0,324
S01013041,257,1,256
S01013042,366,0,366
S01013043,321,0,321
S01013044,489,1,488
S01013045,277,0,277
S01013046,290,0,290
S01013047,350,0,350
S01013048,585,2,583
S01013049,462,1,461
S01013050,405,1,404
S01013051,422,0,422
S01013052,391,0,391
S01013053,536,1,535
S01013054,447,0,447
S01013055,370,3,367
S01013056,594,3,591
S01013057,427,1,426
S01013058,200,0,200
S01013059,583,2,581
S01013060,303,1,302
S01013061,484,3,481
S01013062,512,10,502
S01013063,410,10,400
S01013064,519,0,519
S01013065,567,10,557
S01013066,394,5,389
S01013067,656,136,520
S01013068,765,81,684
S01013069,469,86,383
S01013070,466,89,377
S01013071,398,110,288
S01013072,393,8,385
S01013073,508,11,497
S01013074,692,15,677
S01013075,481,6,475
S01013076,245,14,231
S01013077,297,1,296
S01013078,351,1,350
S01013079,441,6,435
S01013080,491,23,468
S01013081,307,2,305
S01013082,589,14,575
S01013083,359,14,345
S01013084,428,4,424
S01013085,435,5,430
S01013086,517,17,500
S01013087,395,7,388
S01013088,388,1,387
S01013089,391,12,379
S01013090,643,69,574
S01013091,443,44,399
S01013092,673,26,647
S01013093,223,0,223
S01013094,285,0,285
S01013095,583,1,582
S01013096,248,1,247
S01013097,579,2,577
S01013098,28,0,28
S01013099,439,0,439
S01013100,440,0,440
S01013101,816,1,815
S01013102,330,0,330
S01013103,289,0,289
S01013104,443,0,443
S01013105,387,0,387
S01013106,433,0,433
S01013107,344,0,344
S01013108,292,0,292
S01013109,635,4,631
S01013110,245,0,245
S01013111,316,1,315
S01013112,348,0,348
S01013113,468,0,468
S01013114,609,0,609
S01013115,468,0,468
S01013116,423,0,423
S01013117,452,2,450
S01013118,413,1,412
S01013119,337,0,337
S01013120,525,2,523
S01013121,173,0,173
S01013122,491,0,491
S01013123,526,0,526
S01013124,558,0,558
S01013125,426,0,426
S01013126,453,1,452
S01013127,506,0,506
S01013128,684,0,684
S01013129,624,0,624
S01013130,488,0,488
S01013131,448,0,448
S01013132,385,0,385
S01013133,496,0,496
S01013134,376,0,376
S01013135,501,0,501
S01013136,508,0,508
S01013137,414,0,414
S01013138,449,0,449
S01013139,539,0,539
S01013140,486,0,486
S01013141,330,0,330
S01013142,607,0,607
S01013143,506,6,500
S01013144,427,0,427
S01013145,457,0,457
S01013146,242,0,242
S01013147,351,1,350
S01013148,526,0,526
S01013149,418,6,412
S01013150,403,0,403
S01013151,261,0,261
S01013152,601,0,601
S01013153,446,0,446
S01013154,631,0,631
S01013155,399,0,399
S01013156,452,0,452
S01013157,539,0,539
S01013158,290,0,290
S01013159,349,0,349
S01013160,353,0,353
S01013161,488,0,488
S01013162,570,0,570
S01013163,318,0,318
S01013164,574,0,574
S01013165,569,0,569
S01013166,462,0,462
S01013167,653,0,653
S01013168,477,0,477
S01013169,392,0,392
S01013170,565,0,565
S01013171,286,0,286
S01013172,362,0,362
S01013173,358,0,358
S01013174,432,0,432
S01013175,333,0,333
S01013176,524,0,524
S01013177,480,0,480
S01013178,346,0,346
S01013179,614,0,614
S01013180,170,0,170
S01013181,406,0,406
S01013182,409,0,409
S01013183,412,0,412
S01013184,279,0,279
S01013185,482,0,482
S01013186,323,0,323
S01013187,449,0,449
S01013188,391,0,391
S01013189,320,0,320
S01013190,406,0,406
S01013191,386,0,386
S01013192,465,0,465
S01013193,356,0,356
S01013194,660,0,660
S01013195,597,0,597
S01013196,412,0,412
S01013197,262,0,262
S01013198,415,0,415
S01013199,488,0,488
S01013200,465,0,465
S01013201,418,0,418
S01013202,235,0,235
S01013203,478,0,478
S01013204,431,0,431
S01013205,300,0,300
S01013206,418,0,418
S01013207,527,0,527
S01013208,371,0,371
S01013209,520,0,520
S01013210,355,0,355
S01013211,487,0,487
S01013212,287,0,287
S01013213,325,0,325
S01013214,159,0,159
S01013215,385,0,385
S01013216,340,0,340
S01013217,334,0,334
S01013218,310,0,310
S01013219,282,0,282
S01013220,389,0,389
S01013221,446,2,444
S01013222,370,0,370
S01013223,761,0,761
S01013224,503,0,503
S01013225,478,0,478
S01013226,338,0,338
S01013227,319,0,319
S01013228,463,0,463
S01013229,508,0,508
S01013230,450,0,450
S01013231,595,0,595
S01013232,373,0,373
S01013233,262,0,262
S01013234,248,0,248
S01013235,538,0,538
S01013236,431,0,431
S01013237,432,2,430
S01013238,536,2,534
S01013239,459,0,459
S01013240,368,0,368
S01013241,336,0,336
S01013242,254,0,254
S01013243,356,0,356
S01013244,551,0,551
S01013245,407,0,407
S01013246,184,0,184
S01013247,409,0,409
S01013248,335,0,335
S01013249,458,0,458
S01013250,527,0,527
S01013251,396,3,393
S01013252,471,0,471
S01013253,371,0,371
S01013254,409,0,409
S01013255,448,0,448
S01013256,433,0,433
S01013257,531,0,531
S01013258,429,0,429
S01013259,561,0,561
S01013260,386,0,386
S01013261,490,0,490
S01013262,350,0,350
S01013263,374,0,374
S01013264,94,0,94
S01013265,316,0,316
S01013266,134,0,134
S01013267,303,0,303
S01013268,511,0,511
S01013269,464,0,464
S01013270,285,0,285
S01013271,454,0,454
S01013272,419,0,419
S01013273,286,0,286
S01013274,404,0,404
S01013275,407,0,407
S01013276,367,0,367
S01013277,363,0,363
S01013278,415,0,415
S01013279,354,0,354
S01013280,331,0,331
S01013281,384,0,384
S01013282,346,0,346
S01013283,486,1,485
S01013284,301,1,300
S01013285,304,0,304
S01013286,331,0,331
S01013287,290,0,290
S01013288,341,0,341
S01013289,417,0,417
S01013290,462,0,462
S01013291,441,0,441
S01013292,333,0,333
S01013293,325,0,325
S01013294,354,0,354
S01013295,376,0,376
S01013296,386,0,386
S01013297,525,0,525
S01013298,352,0,352
S01013299,545,0,545
S01013300,529,0,529
S01013301,309,0,309
S01013302,528,0,528
S01013303,692,1,691
S01013304,477,0,477
S01013305,444,0,444
S01013306,547,0,547
S01013307,538,0,538
S01013308,519,0,519
S01013309,355,0,355
S01013310,241,0,241
S01013311,500,1,499
S01013312,773,0,773
S01013313,276,0,276
S01013314,365,0,365
S01013315,114,0,114
S01013316,303,1,302
S01013317,315,1,314
S01013318,278,0,278
S01013319,311,0,311
S01013320,255,0,255
S01013321,255,0,255
S01013322,267,0,267
S01013323,416,0,416
S01013324,415,0,415
S01013325,555,0,555
S01013326,421,0,421
S01013327,346,0,346
S01013328,274,0,274
S01013329,228,0,228
S01013330,402,0,402
S01013331,248,0,248
S01013332,354,0,354
S01013333,451,0,451
S01013334,290,0,290
S01013335,368,0,368
S01013336,410,0,410
S01013337,1020,0,1020
S01013338,159,0,159
S01013339,344,0,344
S01013340,534,0,534
S01013341,388,0,388
S01013342,356,0,356
S01013343,312,0,312
S01013344,521,0,521
S01013345,336,0,336
S01013346,288,0,288
S01013347,328,0,328
S01013348,522,0,522
S01013349,494,0,494
S01013350,644,0,644
S01013351,320,0,320
S01013352,405,0,405
S01013353,468,0,468
S01013354,404,0,404
S01013355,407,0,407
S01013356,450,0,450
S01013357,460,0,460
S01013358,471,0,471
S01013359,298,0,298
S01013360,299,0,299
S01013361,632,0,632
S01013362,259,0,259
S01013363,561,0,561
S01013364,327,0,327
S01013365,523,0,523
S01013366,237,0,237
S01013367,281,0,281
S01013368,389,0,389
S01013369,420,0,420
S01013370,433,0,433
S01013371,414,0,414
S01013372,528,0,528
S01013373,635,0,635
S01013374,522,0,522
S01013375,306,0,306
S01013376,311,0,311
S01013377,377,0,377
S01013378,461,0,461
S01013379,479,0,479
S01013380,518,0,518
S01013381,321,0,321
S01013382,418,0,418
S01013383,428,0,428
S01013384,510,0,510
S01013385,287,0,287
S01013386,322,0,322
S01013387,334,0,334
S01013388,382,0,382
S01013389,451,0,451
S01013390,251,0,251
S01013391,435,0,435
S01013392,394,0,394
S01013393,748,0,748
S01013394,322,0,322
S01013395,661,2,659
S01013396,471,2,469
S01013397,421,0,421
S01013398,90,0,90
S01013399,439,0,439
S01013400,314,0,314
S01013401,1370,0,1370
S01013402,112,0,112
S01013403,41,0,41
S01013404,1619,0,1619
S01013405,329,0,329
S01013406,318,0,318
S01013407,711,0,711
S01013408,367,0,367
S01013409,532,0,532
S01013410,272,0,272
S01013411,414,0,414
S01013412,364,0,364
S01013413,479,0,479
S01013414,533,0,533
S01013415,502,0,502
S01013416,276,0,276
S01013417,442,0,442
S01013418,198,0,198
S01013419,221,0,221
S01013420,539,0,539
S01013421,334,0,334
S01013422,409,0,409
S01013423,375,0,375
S01013424,320,0,320
S01013425,199,0,199
S01013426,393,0,393
S01013427,297,0,297
S01013428,642,0,642
S01013429,645,0,645
S01013430,688,0,688
S01013431,438,0,438
S01013432,329,0,329
S01013433,309,0,309
S01013434,207,0,207
S01013435,272,0,272
S01013436,390,0,390
S01013437,363,0,363
S01013438,354,0,354
S01013439,351,0,351
S01013440,481,0,481
S01013441,383,0,383
S01013442,378,0,378
S01013443,295,0,295
S01013444,654,1,653
S01013445,252,0,252
S01013446,309,0,309
S01013447,198,0,198
S01013448,515,0,515
S01013449,328,0,328
S01013450,332,0,332
S01013451,296,0,296
S01013452,261,0,261
S01013453,451,0,451
S01013454,317,0,317
S01013455,262,0,262
S01013456,509,0,509
S01013457,426,0,426
S01013458,378,0,378
S01013459,496,0,496
S01013460,418,0,418
S01013461,483,0,483
S01013462,412,0,412
S01013463,378,0,378
S01013464,362,0,362
S01013465,395,0,395
S01013466,116,0,116
S01013467,364,0,364
S01013468,303,0,303
S01013469,480,0,480
S01013470,416,0,416
S01013471,383,0,383
S01013472,417,0,417
S01013473,227,0,227
S01013474,297,0,297
S01013475,582,0,582
S01013476,271,0,271
S01013477,492,0,492
S01013478,380,0,380
S01013479,528,0,528
S01013480,302,0,302
S01013481,447,0,447
