dz_2001,total,none,some
S01000001,355,65,290
S01000002,267,10,257
S01000003,333,29,304
S01000004,258,9,249
S01000005,312,38,274
S01000006,269,71,198
S01000007,307,43,264
S01000008,277,65,212
S01000009,284,59,225
S01000010,244,35,209
S01000011,279,13,266
S01000012,300,18,282
S01000013,351,83,268
S01000014,369,48,321
S01000015,285,30,255
S01000016,165,8,157
S01000017,393,72,321
S01000018,241,38,203
S01000019,203,6,197
S01000020,341,91,250
S01000021,350,76,274
S01000022,249,12,237
S01000023,267,2,265
S01000024,171,3,168
S01000025,269,3,266
S01000026,417,202,215
S01000027,332,26,306
S01000028,426,163,263
S01000029,211,1,210
S01000030,231,94,137
S01000031,365,38,327
S01000032,487,183,304
S01000033,389,206,183
S01000034,339,17,322
S01000035,447,142,305
S01000036,291,118,173
S01000037,350,141,209
S01000038,277,88,189
S01000039,429,193,236
S01000040,392,147,245
S01000041,369,96,273
S01000042,342,128,214
S01000043,496,175,321
S01000044,441,202,239
S01000045,244,21,223
S01000046,332,33,299
S01000047,439,213,226
S01000048,422,64,358
S01000049,336,50,286
S01000050,262,43,219
S01000051,364,51,313
S01000052,260,101,159
S01000053,532,174,358
S01000054,387,117,270
S01000055,319,162,157
S01000056,397,35,362
S01000057,284,156,128
S01000058,268,14,254
S01000059,338,32,306
S01000060,268,155,113
S01000061,453,69,384
S01000062,547,132,415
S01000063,412,57,355
S01000064,284,109,175
S01000065,554,167,387
S01000066,457,221,236
S01000067,474,120,354
S01000068,380,89,291
S01000069,378,224,154
S01000070,284,130,154
S01000071,411,249,162
S01000072,389,108,281
S01000073,264,29,235
S01000074,380,248,132
S01000075,352,131,221
S01000076,316,31,285
S01000077,398,55,343
S01000078,567,327,240
S01000079,503,117,386
S01000080,558,192,366
S01000081,409,58,351
S01000082,491,274,217
S01000083,364,90,274
S01000084,441,236,205
S01000085,373,154,219
S01000086,367,97,270
S01000087,250,31,219
S01000088,391,103,288
S01000089,390,25,365
S01000090,428,90,338
S01000091,547,221,326
S01000092,565,223,342
S01000093,203,75,128
S01000094,349,132,217
S01000095,405,118,287
S01000096,412,212,200
S01000097,395,48,347
S01000098,585,300,285
S01000099,332,29,303
S01000100,428,150,278
S01000101,405,93,312
S01000102,465,268,197
S01000103,365,127,238
S01000104,321,18,303
S01000105,378,37,341
S01000106,278,34,244
S01000107,546,296,250
S01000108,298,158,140
S01000109,563,331,232
S01000110,401,99,302
S01000111,369,71,298
S01000112,561,306,255
S01000113,238,43,195
S01000114,305,126,179
S01000115,412,176,236
S01000116,613,231,382
S01000117,424,89,335
S01000118,300,95,205
S01000119,527,302,225
S01000120,316,113,203
S01000121,346,97,249
S01000122,345,170,175
S01000123,252,21,231
S01000124,590,313,277
S01000125,371,204,167
S01000126,569,376,193
S01000127,320,31,289
S01000128,599,366,233
S01000129,277,117,160
S01000130,536,293,243
S01000131,352,111,241
S01000132,432,137,295
S01000133,301,96,205
S01000134,331,161,170
S01000135,421,292,129
S01000136,307,135,172
S01000137,457,186,271
S01000138,494,262,232
S01000139,369,143,226
S01000140,410,135,275
S01000141,381,82,299
S01000142,338,166,172
S01000143,241,7,234
S01000144,305,161,144
S01000145,463,225,238
S01000146,619,361,258
S01000147,456,229,227
S01000148,303,164,139
S01000149,624,332,292
S01000150,278,119,159
S01000151,481,264,217
S01000152,454,123,331
S01000153,316,153,163
S01000154,250,84,166
S01000155,365,167,198
S01000156,509,299,210
S01000157,403,232,171
S01000158,454,202,252
S01000159,344,9,335
S01000160,337,109,228
S01000161,408,139,269
S01000162,433,178,255
S01000163,429,167,262
S01000164,299,178,121
S01000165,483,266,217
S01000166,560,220,340
S01000167,316,122,194
S01000168,387,140,247
S01000169,345,132,213
S01000170,506,183,323
S01000171,336,9,327
S01000172,213,67,146
S01000173,362,182,180
S01000174,286,4,282
S01000175,297,134,163
S01000176,384,156,228
S01000177,269,71,198
S01000178,308,121,187
S01000179,457,332,125
S01000180,275,89,186
S01000181,236,85,151
S01000182,334,115,219
S01000183,477,305,172
S01000184,371,114,257
S01000185,474,309,165
S01000186,499,227,272
S01000187,246,81,165
S01000188,453,270,183
S01000189,215,95,120
S01000190,363,146,217
S01000191,430,132,298
S01000192,369,195,174
S01000193,288,104,184
S01000194,365,208,157
S01000195,400,247,153
S01000196,317,160,157
S01000197,235,71,164
S01000198,334,166,168
S01000199,349,252,97
S01000200,412,204,208
S01000201,312,132,180
S01000202,461,173,288
S01000203,237,168,69
S01000204,250,97,153
S01000205,324,171,153
S01000206,270,73,197
S01000207,525,328,197
S01000208,342,215,127
S01000209,389,226,163
S01000210,355,215,140
S01000211,357,223,134
S01000212,331,122,209
S01000213,393,221,172
S01000214,231,85,146
S01000215,235,9,226
S01000216,290,87,203
S01000217,332,193,139
S01000218,336,113,223
S01000219,351,230,121
S01000220,307,121,186
S01000221,461,202,259
S01000222,330,97,233
S01000223,247,58,189
S01000224,311,85,226
S01000225,252,58,194
S01000226,279,41,238
S01000227,254,12,242
S01000228,343,87,256
S01000229,395,140,255
S01000230,306,83,223
S01000231,283,15,268
S01000232,296,117,179
S01000233,275,117,158
S01000234,328,28,300
S01000235,345,34,311
S01000236,295,52,243
S01000237,375,31,344
S01000238,229,12,217
S01000239,294,34,260
S01000240,280,46,234
S01000241,226,5,221
S01000242,300,76,224
S01000243,257,11,246
S01000244,506,135,371
S01000245,369,57,312
S01000246,284,52,232
S01000247,272,16,256
S01000248,345,29,316
S01000249,292,31,261
S01000250,275,16,259
S01000251,150,2,148
S01000252,344,21,323
S01000253,222,2,220
S01000254,316,18,298
S01000255,259,19,240
S01000256,418,103,315
S01000257,346,56,290
S01000258,239,7,232
S01000259,220,3,217
S01000260,330,13,317
S01000261,399,27,372
S01000262,405,66,339
S01000263,323,32,291
S01000264,407,93,314
S01000265,335,106,229
S01000266,392,74,318
S01000267,289,60,229
S01000268,324,73,251
S01000269,204,9,195
S01000270,388,33,355
S01000271,365,82,283
S01000272,368,53,315
S01000273,196,8,188
S01000274,256,72,184
S01000275,426,98,328
S01000276,246,12,234
S01000277,275,54,221
S01000278,248,97,151
S01000279,210,13,197
S01000280,248,29,219
S01000281,297,51,246
S01000282,257,18,239
S01000283,350,39,311
S01000284,287,19,268
S01000285,242,16,226
S01000286,476,132,344
S01000287,280,24,256
S01000288,329,42,287
S01000289,417,136,281
S01000290,332,124,208
S01000291,284,43,241
S01000292,365,38,327
S01000293,434,185,249
S01000294,243,34,209
S01000295,220,16,204
S01000296,207,24,183
S01000297,285,33,252
S01000298,194,25,169
S01000299,344,31,313
S01000300,293,12,281
S01000301,274,64,210
S01000302,207,16,191
S01000303,217,19,198
S01000304,261,6,255
S01000305,413,77,336
S01000306,279,8,271
S01000307,336,7,329
S01000308,382,16,366
S01000309,251,8,243
S01000310,341,18,323
S01000311,420,69,351
S01000312,263,59,204
S01000313,303,52,251
S01000314,242,26,216
S01000315,247,32,215
S01000316,379,113,266
S01000317,259,82,177
S01000318,212,11,201
S01000319,225,10,215
S01000320,325,38,287
S01000321,214,11,203
S01000322,377,17,360
S01000323,342,73,269
S01000324,312,13,299
S01000325,269,55,214
S01000326,292,70,222
S01000327,308,13,295
S01000328,198,25,173
S01000329,191,19,172
S01000330,260,13,247
S01000331,275,54,221
S01000332,293,36,257
S01000333,308,9,299
S01000334,358,98,260
S01000335,276,29,247
S01000336,319,29,290
S01000337,280,20,260
S01000338,191,19,172
S01000339,419,45,374
S01000340,382,26,356
S01000341,282,14,268
S01000342,193,40,153
S01000343,222,7,215
S01000344,340,21,319
S01000345,248,28,220
S01000346,266,22,244
S01000347,191,18,173
S01000348,322,21,301
S01000349,263,49,214
S01000350,355,21,334
S01000351,364,29,335
S01000352,300,21,279
S01000353,248,9,239
S01000354,188,5,183
S01000355,238,4,234
S01000356,222,3,219
S01000357,220,5,215
S01000358,351,10,341
S01000359,249,1,248
S01000360,226,28,198
S01000361,235,11,224
S01000362,346,27,319
S01000363,350,12,338
S01000364,332,8,324
S01000365,254,24,230
S01000366,286,22,264
S01000367,297,33,264
S01000368,341,50,291
S01000369,391,28,363
S01000370,292,11,281
S01000371,418,96,322
S01000372,376,71,305
S01000373,220,9,211
S01000374,244,31,213
S01000375,271,66,205
S01000376,345,65,280
S01000377,282,19,263
S01000378,195,35,160
S01000379,212,8,204
S01000380,268,13,255
S01000381,338,53,285
S01000382,299,33,266
S01000383,250,29,221
S01000384,313,43,270
S01000385,243,45,198
S01000386,339,43,296
S01000387,348,54,294
S01000388,281,15,266
S01000389,240,9,231
S01000390,303,81,222
S01000391,253,39,214
S01000392,271,13,258
S01000393,376,91,285
S01000394,282,53,229
S01000395,239,11,228
S01000396,461,191,270
S01000397,442,87,355
S01000398,271,12,259
S01000399,294,72,222
S01000400,339,111,228
S01000401,306,12,294
S01000402,303,42,261
S01000403,350,66,284
S01000404,284,31,253
S01000405,173,3,170
S01000406,265,51,214
S01000407,269,75,194
S01000408,199,15,184
S01000409,233,13,220
S01000410,242,9,233
S01000411,235,14,221
S01000412,291,16,275
S01000413,311,32,279
S01000414,245,11,234
S01000415,273,72,201
S01000416,274,34,240
S01000417,400,64,336
S01000418,273,16,257
S01000419,244,5,239
S01000420,412,82,330
S01000421,227,12,215
S01000422,286,43,243
S01000423,320,13,307
S01000424,256,16,240
S01000425,269,40,229
S01000426,277,18,259
S01000427,326,41,285
S01000428,276,17,259
S01000429,344,50,294
S01000430,214,21,193
S01000431,311,107,204
S01000432,422,52,370
S01000433,197,49,148
S01000434,245,54,191
S01000435,224,29,195
S01000436,232,10,222
S01000437,402,61,341
S01000438,230,5,225
S01000439,268,14,254
S01000440,342,30,312
S01000441,357,63,294
S01000442,295,16,279
S01000443,215,10,205
S01000444,200,7,193
S01000445,396,56,340
S01000446,362,30,332
S01000447,212,21,191
S01000448,225,15,210
S01000449,305,66,239
S01000450,256,22,234
S01000451,307,29,278
S01000452,208,13,195
S01000453,187,7,180
S01000454,220,62,158
S01000455,346,41,305
S01000456,297,20,277
S01000457,397,101,296
S01000458,309,9,300
S01000459,494,153,341
S01000460,321,139,182
S01000461,444,199,245
S01000462,435,146,289
S01000463,265,53,212
S01000464,299,17,282
S01000465,238,9,229
S01000466,289,18,271
S01000467,288,84,204
S01000468,183,6,177
S01000469,234,17,217
S01000470,344,24,320
S01000471,237,36,201
S01000472,285,55,230
S01000473,291,86,205
S01000474,233,10,223
S01000475,337,108,229
S01000476,213,23,190
S01000477,312,70,242
S01000478,385,160,225
S01000479,395,131,264
S01000480,256,42,214
S01000481,292,14,278
S01000482,396,203,193
S01000483,447,189,258
S01000484,383,150,233
S01000485,414,37,377
S01000486,494,304,190
S01000487,267,94,173
S01000488,308,112,196
S01000489,438,227,211
S01000490,235,29,206
S01000491,249,140,109
S01000492,367,146,221
S01000493,260,54,206
S01000494,222,86,136
S01000495,338,39,299
S01000496,217,7,210
S01000497,271,48,223
S01000498,236,33,203
S01000499,310,37,273
S01000500,241,69,172
S01000501,278,84,194
S01000502,183,11,172
S01000503,186,8,178
S01000504,374,132,242
S01000505,289,34,255
S01000506,234,15,219
S01000507,492,158,334
S01000508,338,22,316
S01000509,463,106,357
S01000510,299,74,225
S01000511,208,28,180
S01000512,386,58,328
S01000513,372,101,271
S01000514,212,15,197
S01000515,179,13,166
S01000516,251,31,220
S01000517,288,63,225
S01000518,393,104,289
S01000519,181,7,174
S01000520,378,45,333
S01000521,385,110,275
S01000522,239,19,220
S01000523,322,84,238
S01000524,234,13,221
S01000525,378,36,342
S01000526,335,15,320
S01000527,227,12,215
S01000528,279,15,264
S01000529,276,11,265
S01000530,182,10,172
S01000531,222,40,182
S01000532,356,113,243
S01000533,317,87,230
S01000534,357,142,215
S01000535,446,131,315
S01000536,210,29,181
S01000537,208,11,197
S01000538,336,106,230
S01000539,519,200,319
S01000540,340,94,246
S01000541,248,95,153
S01000542,290,98,192
S01000543,324,71,253
S01000544,304,57,247
S01000545,323,105,218
S01000546,269,88,181
S01000547,236,66,170
S01000548,457,107,350
S01000549,367,20,347
S01000550,179,3,176
S01000551,374,111,263
S01000552,204,17,187
S01000553,339,74,265
S01000554,298,95,203
S01000555,387,126,261
S01000556,331,89,242
S01000557,375,111,264
S01000558,221,36,185
S01000559,315,128,187
S01000560,440,162,278
S01000561,545,266,279
S01000562,431,210,221
S01000563,356,191,165
S01000564,381,197,184
S01000565,304,92,212
S01000566,319,107,212
S01000567,336,133,203
S01000568,222,56,166
S01000569,329,69,260
S01000570,414,99,315
S01000571,438,180,258
S01000572,305,25,280
S01000573,206,5,201
S01000574,351,57,294
S01000575,282,85,197
S01000576,255,14,241
S01000577,227,33,194
S01000578,287,61,226
S01000579,264,22,242
S01000580,274,19,255
S01000581,276,28,248
S01000582,283,64,219
S01000583,303,48,255
S01000584,372,138,234
S01000585,450,157,293
S01000586,309,44,265
S01000587,304,114,190
S01000588,260,57,203
S01000589,300,64,236
S01000590,315,48,267
S01000591,217,46,171
S01000592,379,75,304
S01000593,230,15,215
S01000594,210,19,191
S01000595,325,59,266
S01000596,335,24,311
S01000597,401,34,367
S01000598,211,16,195
S01000599,326,46,280
S01000600,306,33,273
S01000601,408,20,388
S01000602,286,37,249
S01000603,317,15,302
S01000604,361,24,337
S01000605,311,63,248
S01000606,393,211,182
S01000607,348,73,275
S01000608,539,287,252
S01000609,483,243,240
S01000610,443,249,194
S01000611,296,129,167
S01000612,545,252,293
S01000613,480,158,322
S01000614,301,62,239
S01000615,469,277,192
S01000616,394,46,348
S01000617,279,65,214
S01000618,343,95,248
S01000619,285,56,229
S01000620,386,217,169
S01000621,531,224,307
S01000622,212,104,108
S01000623,286,108,178
S01000624,262,105,157
S01000625,275,138,137
S01000626,308,162,146
S01000627,399,133,266
S01000628,243,104,139
S01000629,201,24,177
S01000630,338,129,209
S01000631,286,120,166
S01000632,232,13,219
S01000633,221,18,203
S01000634,347,136,211
S01000635,248,50,198
S01000636,197,11,186
S01000637,229,15,214
S01000638,202,5,197
S01000639,271,30,241
S01000640,260,23,237
S01000641,319,36,283
S01000642,331,44,287
S01000643,242,25,217
S01000644,286,28,258
S01000645,367,39,328
S01000646,356,65,291
S01000647,366,93,273
S01000648,412,168,244
S01000649,237,13,224
S01000650,298,101,197
S01000651,355,121,234
S01000652,343,83,260
S01000653,446,187,259
S01000654,382,131,251
S01000655,370,131,239
S01000656,324,109,215
S01000657,369,143,226
S01000658,284,128,156
S01000659,495,116,379
S01000660,396,46,350
S01000661,392,116,276
S01000662,210,21,189
S01000663,291,58,233
S01000664,337,57,280
S01000665,305,48,257
S01000666,204,21,183
S01000667,441,88,353
S01000668,417,162,255
S01000669,410,168,242
S01000670,250,65,185
S01000671,264,75,189
S01000672,268,65,203
S01000673,292,33,259
S01000674,426,85,341
S01000675,293,27,266
S01000676,209,23,186
S01000677,406,126,280
S01000678,391,95,296
S01000679,368,179,189
S01000680,390,173,217
S01000681,451,230,221
S01000682,329,164,165
S01000683,247,62,185
S01000684,423,228,195
S01000685,402,116,286
S01000686,349,168,181
S01000687,351,143,208
S01000688,322,73,249
S01000689,234,11,223
S01000690,314,43,271
S01000691,349,132,217
S01000692,385,169,216
S01000693,454,206,248
S01000694,324,126,198
S01000695,318,84,234
S01000696,382,145,237
S01000697,203,29,174
S01000698,295,91,204
S01000699,255,58,197
S01000700,329,61,268
S01000701,376,40,336
S01000702,238,39,199
S01000703,330,96,234
S01000704,308,13,295
S01000705,435,58,377
S01000706,330,29,301
S01000707,231,11,220
S01000708,222,7,215
S01000709,407,73,334
S01000710,440,20,420
S01000711,239,32,207
S01000712,266,61,205
S01000713,309,94,215
S01000714,330,64,266
S01000715,364,192,172
S01000716,285,154,131
S01000717,428,265,163
S01000718,422,200,222
S01000719,282,53,229
S01000720,370,61,309
S01000721,283,55,228
S01000722,372,163,209
S01000723,218,24,194
S01000724,384,136,248
S01000725,256,31,225
S01000726,341,80,261
S01000727,271,135,136
S01000728,359,66,293
S01000729,264,131,133
S01000730,194,112,82
S01000731,299,206,93
S01000732,321,220,101
S01000733,421,269,152
S01000734,327,56,271
S01000735,230,90,140
S01000736,349,107,242
S01000737,288,142,146
S01000738,278,80,198
S01000739,376,123,253
S01000740,319,72,247
S01000741,366,81,285
S01000742,246,26,220
S01000743,297,50,247
S01000744,376,178,198
S01000745,292,85,207
S01000746,364,164,200
S01000747,274,120,154
S01000748,281,190,91
S01000749,227,131,96
S01000750,327,105,222
S01000751,301,45,256
S01000752,448,238,210
S01000753,258,52,206
S01000754,279,51,228
S01000755,314,64,250
S01000756,483,127,356
S01000757,297,57,240
S01000758,388,20,368
S01000759,391,116,275
S01000760,224,36,188
S01000761,215,37,178
S01000762,260,36,224
S01000763,357,34,323
S01000764,280,33,247
S01000765,208,11,197
S01000766,335,100,235
S01000767,305,205,100
S01000768,467,214,253
S01000769,562,277,285
S01000770,236,143,93
S01000771,407,101,306
S01000772,322,84,238
S01000773,408,96,312
S01000774,194,50,144
S01000775,287,80,207
S01000776,218,6,212
S01000777,164,42,122
S01000778,183,13,170
S01000779,309,75,234
S01000780,367,111,256
S01000781,341,18,323
S01000782,245,13,232
S01000783,223,28,195
S01000784,293,7,286
S01000785,325,66,259
S01000786,361,63,298
S01000787,237,26,211
S01000788,281,34,247
S01000789,305,86,219
S01000790,189,6,183
S01000791,276,71,205
S01000792,268,13,255
S01000793,266,52,214
S01000794,407,145,262
S01000795,347,82,265
S01000796,203,24,179
S01000797,172,41,131
S01000798,232,94,138
S01000799,216,24,192
S01000800,470,84,386
S01000801,266,22,244
S01000802,345,44,301
S01000803,398,60,338
S01000804,405,67,338
S01000805,383,55,328
S01000806,385,57,328
S01000807,323,73,250
S01000808,302,26,276
S01000809,266,72,194
S01000810,252,22,230
S01000811,316,20,296
S01000812,276,121,155
S01000813,279,32,247
S01000814,311,143,168
S01000815,288,194,94
S01000816,357,172,185
S01000817,344,127,217
S01000818,332,89,243
S01000819,361,40,321
S01000820,262,30,232
S01000821,398,147,251
S01000822,242,69,173
S01000823,256,126,130
S01000824,240,53,187
S01000825,299,35,264
S01000826,286,101,185
S01000827,287,27,260
S01000828,344,43,301
S01000829,260,30,230
S01000830,318,41,277
S01000831,396,83,313
S01000832,402,99,303
S01000833,209,54,155
S01000834,416,153,263
S01000835,319,134,185
S01000836,396,215,181
S01000837,453,230,223
S01000838,295,58,237
S01000839,429,100,329
S01000840,340,172,168
S01000841,353,185,168
S01000842,338,27,311
S01000843,355,82,273
S01000844,304,109,195
S01000845,245,57,188
S01000846,386,224,162
S01000847,495,161,334
S01000848,326,75,251
S01000849,224,76,148
S01000850,327,149,178
S01000851,299,30,269
S01000852,300,93,207
S01000853,258,103,155
S01000854,403,159,244
S01000855,309,59,250
S01000856,204,49,155
S01000857,243,58,185
S01000858,266,25,241
S01000859,360,54,306
S01000860,406,163,243
S01000861,288,62,226
S01000862,224,21,203
S01000863,232,97,135
S01000864,272,69,203
S01000865,351,148,203
S01000866,378,147,231
S01000867,397,194,203
S01000868,306,130,176
S01000869,216,86,130
S01000870,296,123,173
S01000871,300,56,244
S01000872,280,55,225
S01000873,317,98,219
S01000874,232,75,157
S01000875,330,105,225
S01000876,328,80,248
S01000877,362,151,211
S01000878,208,18,190
S01000879,364,61,303
S01000880,316,21,295
S01000881,316,102,214
S01000882,465,151,314
S01000883,398,104,294
S01000884,238,52,186
S01000885,192,4,188
S01000886,305,90,215
S01000887,310,60,250
S01000888,342,107,235
S01000889,352,89,263
S01000890,388,145,243
S01000891,382,73,309
S01000892,203,14,189
S01000893,274,15,259
S01000894,235,47,188
S01000895,387,73,314
S01000896,190,7,183
S01000897,310,56,254
S01000898,246,42,204
S01000899,377,141,236
S01000900,271,25,246
S01000901,303,57,246
S01000902,429,89,340
S01000903,444,84,360
S01000904,311,78,233
S01000905,293,38,255
S01000906,233,44,189
S01000907,399,144,255
S01000908,369,144,225
S01000909,382,34,348
S01000910,324,50,274
S01000911,434,50,384
S01000912,319,66,253
S01000913,336,63,273
S01000914,419,35,384
S01000915,402,78,324
S01000916,432,107,325
S01000917,294,37,257
S01000918,275,40,235
S01000919,240,63,177
S01000920,214,22,192
S01000921,294,56,238
S01000922,320,47,273
S01000923,305,62,243
S01000924,350,116,234
S01000925,381,82,299
S01000926,245,71,174
S01000927,401,134,267
S01000928,444,106,338
S01000929,227,132,95
S01000930,259,164,95
S01000931,303,113,190
S01000932,418,131,287
S01000933,423,138,285
S01000934,514,284,230
S01000935,375,125,250
S01000936,418,132,286
S01000937,284,127,157
S01000938,335,103,232
S01000939,361,132,229
S01000940,367,72,295
S01000941,266,101,165
S01000942,408,115,293
S01000943,380,35,345
S01000944,374,89,285
S01000945,345,85,260
S01000946,319,83,236
S01000947,336,91,245
S01000948,282,22,260
S01000949,282,24,258
S01000950,349,53,296
S01000951,319,103,216
S01000952,368,84,284
S01000953,375,52,323
S01000954,360,61,299
S01000955,210,25,185
S01000956,389,169,220
S01000957,231,23,208
S01000958,366,131,235
S01000959,281,46,235
S01000960,263,83,180
S01000961,385,117,268
S01000962,283,102,181
S01000963,328,121,207
S01000964,358,36,322
S01000965,265,124,141
S01000966,471,180,291
S01000967,284,134,150
S01000968,399,62,337
S01000969,466,191,275
S01000970,375,158,217
S01000971,267,97,170
S01000972,380,38,342
S01000973,252,83,169
S01000974,327,40,287
S01000975,245,23,222
S01000976,215,21,194
S01000977,313,62,251
S01000978,322,54,268
S01000979,271,33,238
S01000980,327,54,273
S01000981,244,15,229
S01000982,227,14,213
S01000983,233,40,193
S01000984,276,39,237
S01000985,291,96,195
S01000986,203,32,171
S01000987,250,31,219
S01000988,183,14,169
S01000989,322,15,307
S01000990,269,69,200
S01000991,187,12,175
S01000992,383,97,286
S01000993,338,36,302
S01000994,424,93,331
S01000995,295,22,273
S01000996,474,145,329
S01000997,384,32,352
S01000998,286,102,184
S01000999,269,33,236
S01001000,249,87,162
S01001001,222,19,203
S01001002,291,68,223
S01001003,367,30,337
S01001004,297,51,246
S01001005,352,56,296
S01001006,296,34,262
S01001007,358,136,222
S01001008,385,122,263
S01001009,300,51,249
S01001010,463,236,227
S01001011,224,11,213
S01001012,315,33,282
S01001013,361,125,236
S01001014,439,264,175
S01001015,293,118,175
S01001016,398,90,308
S01001017,319,129,190
S01001018,414,180,234
S01001019,455,276,179
S01001020,238,116,122
S01001021,406,136,270
S01001022,356,112,244
S01001023,400,32,368
S01001024,327,71,256
S01001025,402,67,335
S01001026,340,48,292
S01001027,392,94,298
S01001028,318,142,176
S01001029,319,168,151
S01001030,325,32,293
S01001031,395,144,251
S01001032,351,196,155
S01001033,241,102,139
S01001034,368,219,149
S01001035,198,80,118
S01001036,242,107,135
S01001037,445,231,214
S01001038,278,31,247
S01001039,227,11,216
S01001040,246,29,217
S01001041,204,9,195
S01001042,364,25,339
S01001043,266,32,234
S01001044,453,82,371
S01001045,236,33,203
S01001046,217,74,143
S01001047,304,30,274
S01001048,260,22,238
S01001049,287,105,182
S01001050,405,53,352
S01001051,302,124,178
S01001052,229,65,164
S01001053,344,60,284
S01001054,271,64,207
S01001055,373,106,267
S01001056,345,120,225
S01001057,262,29,233
S01001058,375,123,252
S01001059,224,67,157
S01001060,324,104,220
S01001061,337,98,239
S01001062,208,17,191
S01001063,324,37,287
S01001064,373,112,261
S01001065,366,121,245
S01001066,299,36,263
S01001067,304,15,289
S01001068,371,22,349
S01001069,349,38,311
S01001070,384,65,319
S01001071,253,30,223
S01001072,303,33,270
S01001073,419,58,361
S01001074,219,22,197
S01001075,386,110,276
S01001076,334,41,293
S01001077,380,96,284
S01001078,341,54,287
S01001079,197,10,187
S01001080,232,67,165
S01001081,256,56,200
S01001082,456,155,301
S01001083,340,105,235
S01001084,362,68,294
S01001085,360,130,230
S01001086,309,154,155
S01001087,234,93,141
S01001088,426,190,236
S01001089,412,125,287
S01001090,424,107,317
S01001091,302,124,178
S01001092,437,198,239
S01001093,352,182,170
S01001094,397,56,341
S01001095,281,150,131
S01001096,403,187,216
S01001097,281,52,229
S01001098,273,29,244
S01001099,528,337,191
S01001100,587,348,239
S01001101,411,267,144
S01001102,151,101,50
S01001103,351,61,290
S01001104,378,237,141
S01001105,329,38,291
S01001106,277,13,264
S01001107,604,323,281
S01001108,333,211,122
S01001109,440,277,163
S01001110,420,260,160
S01001111,498,278,220
S01001112,464,189,275
S01001113,462,305,157
S01001114,497,368,129
S01001115,425,264,161
S01001116,252,134,118
S01001117,278,179,99
S01001118,331,131,200
S01001119,568,260,308
S01001120,351,116,235
S01001121,398,199,199
S01001122,296,167,129
S01001123,415,100,315
S01001124,333,137,196
S01001125,180,86,94
S01001126,402,89,313
S01001127,392,167,225
S01001128,258,9,249
S01001129,511,297,214
S01001130,429,226,203
S01001131,227,124,103
S01001132,339,142,197
S01001133,471,212,259
S01001134,399,51,348
S01001135,223,145,78
S01001136,427,289,138
S01001137,503,351,152
S01001138,530,335,195
S01001139,413,216,197
S01001140,583,346,237
S01001141,218,152,66
S01001142,468,103,365
S01001143,337,29,308
S01001144,314,174,140
S01001145,350,187,163
S01001146,360,48,312
S01001147,351,217,134
S01001148,316,40,276
S01001149,310,135,175
S01001150,384,234,150
S01001151,321,226,95
S01001152,533,305,228
S01001153,362,114,248
S01001154,315,32,283
S01001155,263,29,234
S01001156,406,230,176
S01001157,307,17,290
S01001158,336,201,135
S01001159,355,94,261
S01001160,334,203,131
S01001161,257,76,181
S01001162,371,68,303
S01001163,357,245,112
S01001164,338,193,145
S01001165,389,214,175
S01001166,167,107,60
S01001167,357,34,323
S01001168,398,201,197
S01001169,493,319,174
S01001170,435,282,153
S01001171,285,82,203
S01001172,372,243,129
S01001173,436,239,197
S01001174,325,195,130
S01001175,428,262,166
S01001176,280,85,195
S01001177,388,224,164
S01001178,467,256,211
S01001179,367,25,342
S01001180,456,312,144
S01001181,374,53,321
S01001182,479,257,222
S01001183,525,363,162
S01001184,319,48,271
S01001185,252,20,232
S01001186,292,22,270
S01001187,433,237,196
S01001188,463,284,179
S01001189,549,256,293
S01001190,304,25,279
S01001191,378,213,165
S01001192,589,421,168
S01001193,358,56,302
S01001194,402,47,355
S01001195,486,222,264
S01001196,636,412,224
S01001197,240,115,125
S01001198,320,170,150
S01001199,425,244,181
S01001200,420,264,156
S01001201,324,176,148
S01001202,290,146,144
S01001203,410,253,157
S01001204,316,26,290
S01001205,309,75,234
S01001206,426,228,198
S01001207,293,130,163
S01001208,295,189,106
S01001209,202,31,171
S01001210,412,240,172
S01001211,452,144,308
S01001212,282,177,105
S01001213,392,247,145
S01001214,389,190,199
S01001215,341,85,256
S01001216,411,194,217
S01001217,372,217,155
S01001218,293,24,269
S01001219,211,23,188
S01001220,242,105,137
S01001221,201,15,186
S01001222,396,250,146
S01001223,310,25,285
S01001224,349,198,151
S01001225,403,74,329
S01001226,231,113,118
S01001227,249,21,228
S01001228,345,101,244
S01001229,316,56,260
S01001230,440,311,129
S01001231,308,149,159
S01001232,239,8,231
S01001233,460,269,191
S01001234,209,119,90
S01001235,269,105,164
S01001236,360,172,188
S01001237,239,75,164
S01001238,344,185,159
S01001239,259,170,89
S01001240,333,129,204
S01001241,306,133,173
S01001242,358,56,302
S01001243,109,75,34
S01001244,267,42,225
S01001245,299,169,130
S01001246,398,147,251
S01001247,235,71,164
S01001248,329,14,315
S01001249,276,120,156
S01001250,385,139,246
S01001251,328,192,136
S01001252,238,88,150
S01001253,275,188,87
S01001254,263,110,153
S01001255,338,150,188
S01001256,298,111,187
S01001257,268,101,167
S01001258,202,95,107
S01001259,329,83,246
S01001260,246,149,97
S01001261,437,280,157
S01001262,338,39,299
S01001263,208,57,151
S01001264,186,13,173
S01001265,203,9,194
S01001266,306,69,237
S01001267,481,226,255
S01001268,271,34,237
S01001269,197,32,165
S01001270,332,179,153
S01001271,300,154,146
S01001272,284,96,188
S01001273,364,170,194
S01001274,285,126,159
S01001275,290,139,151
S01001276,170,14,156
S01001277,283,111,172
S01001278,203,31,172
S01001279,291,135,156
S01001280,265,116,149
S01001281,401,212,189
S01001282,334,100,234
S01001283,215,68,147
S01001284,333,86,247
S01001285,265,90,175
S01001286,196,62,134
S01001287,341,141,200
S01001288,408,184,224
S01001289,271,106,165
S01001290,219,63,156
S01001291,155,45,110
S01001292,324,139,185
S01001293,343,126,217
S01001294,312,136,176
S01001295,404,152,252
S01001296,318,147,171
S01001297,313,106,207
S01001298,400,162,238
S01001299,369,133,236
S01001300,352,26,326
S01001301,240,91,149
S01001302,290,56,234
S01001303,222,10,212
S01001304,248,11,237
S01001305,302,97,205
S01001306,309,138,171
S01001307,356,109,247
S01001308,432,203,229
S01001309,301,165,136
S01001310,321,146,175
S01001311,234,57,177
S01001312,345,178,167
S01001313,341,155,186
S01001314,309,63,246
S01001315,360,38,322
S01001316,384,168,216
S01001317,372,106,266
S01001318,228,66,162
S01001319,318,147,171
S01001320,399,171,228
S01001321,220,20,200
S01001322,303,49,254
S01001323,252,64,188
S01001324,381,236,145
S01001325,280,125,155
S01001326,406,137,269
S01001327,345,146,199
S01001328,343,148,195
S01001329,257,108,149
S01001330,358,25,333
S01001331,384,152,232
S01001332,408,163,245
S01001333,449,251,198
S01001334,330,138,192
S01001335,486,245,241
S01001336,379,126,253
S01001337,293,33,260
S01001338,314,145,169
S01001339,293,78,215
S01001340,301,131,170
S01001341,380,181,199
S01001342,402,164,238
S01001343,417,153,264
S01001344,332,62,270
S01001345,312,140,172
S01001346,309,60,249
S01001347,287,13,274
S01001348,348,163,185
S01001349,279,18,261
S01001350,295,118,177
S01001351,234,59,175
S01001352,395,95,300
S01001353,217,6,211
S01001354,358,126,232
S01001355,312,66,246
S01001356,288,33,255
S01001357,394,228,166
S01001358,399,141,258
S01001359,276,38,238
S01001360,402,133,269
S01001361,227,52,175
S01001362,256,33,223
S01001363,353,149,204
S01001364,411,133,278
S01001365,268,104,164
S01001366,378,44,334
S01001367,339,116,223
S01001368,358,14,344
S01001369,446,157,289
S01001370,306,62,244
S01001371,315,134,181
S01001372,281,16,265
S01001373,240,55,185
S01001374,221,34,187
S01001375,248,20,228
S01001376,434,208,226
S01001377,385,199,186
S01001378,283,73,210
S01001379,455,190,265
S01001380,442,196,246
S01001381,375,111,264
S01001382,393,289,104
S01001383,289,97,192
S01001384,400,161,239
S01001385,442,211,231
S01001386,478,251,227
S01001387,338,90,248
S01001388,460,301,159
S01001389,194,55,139
S01001390,319,67,252
S01001391,294,85,209
S01001392,219,130,89
S01001393,230,36,194
S01001394,229,110,119
S01001395,335,80,255
S01001396,293,91,202
S01001397,332,178,154
S01001398,344,31,313
S01001399,394,219,175
S01001400,395,223,172
S01001401,302,138,164
S01001402,331,15,316
S01001403,324,7,317
S01001404,215,5,210
S01001405,313,5,308
S01001406,238,40,198
S01001407,363,81,282
S01001408,395,163,232
S01001409,358,100,258
S01001410,400,59,341
S01001411,210,12,198
S01001412,405,173,232
S01001413,272,13,259
S01001414,327,133,194
S01001415,415,175,240
S01001416,286,103,183
S01001417,372,44,328
S01001418,369,46,323
S01001419,260,42,218
S01001420,216,9,207
S01001421,347,78,269
S01001422,202,9,193
S01001423,343,75,268
S01001424,498,229,269
S01001425,430,195,235
S01001426,296,69,227
S01001427,322,37,285
S01001428,410,156,254
S01001429,333,184,149
S01001430,365,51,314
S01001431,332,19,313
S01001432,249,25,224
S01001433,330,36,294
S01001434,351,56,295
S01001435,378,75,303
S01001436,364,34,330
S01001437,310,26,284
S01001438,248,31,217
S01001439,288,48,240
S01001440,353,49,304
S01001441,336,73,263
S01001442,263,35,228
S01001443,380,82,298
S01001444,370,57,313
S01001445,285,51,234
S01001446,358,54,304
S01001447,279,16,263
S01001448,293,58,235
S01001449,235,19,216
S01001450,326,63,263
S01001451,274,27,247
S01001452,324,39,285
S01001453,306,12,294
S01001454,366,44,322
S01001455,305,55,250
S01001456,302,23,279
S01001457,363,28,335
S01001458,392,69,323
S01001459,337,28,309
S01001460,243,22,221
S01001461,333,28,305
S01001462,345,35,310
S01001463,168,18,150
S01001464,360,43,317
S01001465,245,11,234
S01001466,268,12,256
S01001467,306,18,288
S01001468,237,29,208
S01001469,314,30,284
S01001470,329,11,318
S01001471,257,13,244
S01001472,326,42,284
S01001473,354,92,262
S01001474,396,109,287
S01001475,242,31,211
S01001476,362,22,340
S01001477,352,19,333
S01001478,267,23,244
S01001479,291,86,205
S01001480,200,14,186
S01001481,363,36,327
S01001482,306,108,198
S01001483,333,16,317
S01001484,334,26,308
S01001485,246,10,236
S01001486,316,71,245
S01001487,256,86,170
S01001488,370,34,336
S01001489,290,29,261
S01001490,429,165,264
S01001491,328,24,304
S01001492,424,153,271
S01001493,314,38,276
S01001494,411,156,255
S01001495,239,25,214
S01001496,395,56,339
S01001497,393,168,225
S01001498,260,13,247
S01001499,384,58,326
S01001500,323,153,170
S01001501,357,38,319
S01001502,319,19,300
S01001503,290,23,267
S01001504,443,184,259
S01001505,391,28,363
S01001506,316,98,218
S01001507,302,8,294
S01001508,327,10,317
S01001509,404,156,248
S01001510,312,137,175
S01001511,239,14,225
S01001512,319,165,154
S01001513,378,223,155
S01001514,328,68,260
S01001515,294,41,253
S01001516,290,114,176
S01001517,520,304,216
S01001518,375,121,254
S01001519,428,67,361
S01001520,288,78,210
S01001521,445,94,351
S01001522,461,192,269
S01001523,273,13,260
S01001524,435,161,274
S01001525,334,97,237
S01001526,271,39,232
S01001527,337,108,229
S01001528,333,22,311
S01001529,297,92,205
S01001530,340,125,215
S01001531,437,95,342
S01001532,259,38,221
S01001533,348,36,312
S01001534,246,16,230
S01001535,330,61,269
S01001536,346,145,201
S01001537,260,117,143
S01001538,345,46,299
S01001539,280,17,263
S01001540,255,6,249
S01001541,336,57,279
S01001542,275,29,246
S01001543,291,48,243
S01001544,379,112,267
S01001545,290,10,280
S01001546,419,213,206
S01001547,371,149,222
S01001548,279,24,255
S01001549,366,99,267
S01001550,260,24,236
S01001551,348,46,302
S01001552,341,65,276
S01001553,348,22,326
S01001554,397,58,339
S01001555,324,106,218
S01001556,369,79,290
S01001557,355,14,341
S01001558,342,86,256
S01001559,221,62,159
S01001560,293,102,191
S01001561,289,75,214
S01001562,268,95,173
S01001563,232,23,209
S01001564,250,67,183
S01001565,385,154,231
S01001566,261,51,210
S01001567,404,63,341
S01001568,287,50,237
S01001569,214,19,195
S01001570,174,4,170
S01001571,294,118,176
S01001572,233,56,177
S01001573,261,24,237
S01001574,354,131,223
S01001575,377,133,244
S01001576,276,102,174
S01001577,294,74,220
S01001578,297,83,214
S01001579,318,122,196
S01001580,274,95,179
S01001581,281,45,236
S01001582,259,97,162
S01001583,182,77,105
S01001584,368,153,215
S01001585,472,271,201
S01001586,170,7,163
S01001587,379,179,200
S01001588,318,126,192
S01001589,372,158,214
S01001590,295,74,221
S01001591,289,126,163
S01001592,322,144,178
S01001593,339,107,232
S01001594,459,220,239
S01001595,298,147,151
S01001596,316,68,248
S01001597,343,128,215
S01001598,259,36,223
S01001599,522,216,306
S01001600,568,284,284
S01001601,350,27,323
S01001602,205,47,158
S01001603,358,99,259
S01001604,235,91,144
S01001605,265,69,196
S01001606,230,88,142
S01001607,374,95,279
S01001608,398,74,324
S01001609,357,101,256
S01001610,296,99,197
S01001611,319,19,300
S01001612,330,24,306
S01001613,307,129,178
S01001614,345,156,189
S01001615,348,111,237
S01001616,204,6,198
S01001617,311,134,177
S01001618,409,72,337
S01001619,297,88,209
S01001620,421,201,220
S01001621,286,98,188
S01001622,365,129,236
S01001623,331,93,238
S01001624,424,115,309
S01001625,325,151,174
S01001626,295,51,244
S01001627,308,113,195
S01001628,230,102,128
S01001629,268,78,190
S01001630,283,134,149
S01001631,366,113,253
S01001632,210,5,205
S01001633,361,21,340
S01001634,311,35,276
S01001635,322,67,255
S01001636,202,20,182
S01001637,288,38,250
S01001638,426,131,295
S01001639,344,117,227
S01001640,258,11,247
S01001641,275,81,194
S01001642,433,122,311
S01001643,324,65,259
S01001644,293,62,231
S01001645,374,102,272
S01001646,232,17,215
S01001647,283,61,222
S01001648,304,99,205
S01001649,349,143,206
S01001650,308,89,219
S01001651,403,133,270
S01001652,326,8,318
S01001653,306,123,183
S01001654,251,43,208
S01001655,257,39,218
S01001656,450,111,339
S01001657,206,8,198
S01001658,363,72,291
S01001659,293,37,256
S01001660,315,39,276
S01001661,289,48,241
S01001662,321,114,207
S01001663,308,53,255
S01001664,182,16,166
S01001665,363,87,276
S01001666,272,57,215
S01001667,363,70,293
S01001668,283,30,253
S01001669,342,132,210
S01001670,268,26,242
S01001671,199,10,189
S01001672,264,78,186
S01001673,275,22,253
S01001674,335,118,217
S01001675,292,29,263
S01001676,351,44,307
S01001677,314,9,305
S01001678,320,24,296
S01001679,251,3,248
S01001680,235,4,231
S01001681,241,12,229
S01001682,165,7,158
S01001683,313,26,287
S01001684,209,16,193
S01001685,297,97,200
S01001686,344,22,322
S01001687,474,90,384
S01001688,383,46,337
S01001689,273,9,264
S01001690,215,63,152
S01001691,303,13,290
S01001692,205,51,154
S01001693,254,3,251
S01001694,308,54,254
S01001695,307,19,288
S01001696,309,31,278
S01001697,273,40,233
S01001698,215,47,168
S01001699,196,1,195
S01001700,347,13,334
S01001701,408,121,287
S01001702,413,104,309
S01001703,256,15,241
S01001704,345,11,334
S01001705,217,8,209
S01001706,276,20,256
S01001707,332,138,194
S01001708,363,61,302
S01001709,242,19,223
S01001710,311,54,257
S01001711,279,19,260
S01001712,186,33,153
S01001713,283,15,268
S01001714,262,24,238
S01001715,291,7,284
S01001716,314,112,202
S01001717,290,19,271
S01001718,171,20,151
S01001719,263,20,243
S01001720,227,8,219
S01001721,258,23,235
S01001722,279,51,228
S01001723,274,11,263
S01001724,314,165,149
S01001725,306,112,194
S01001726,228,14,214
S01001727,307,27,280
S01001728,227,14,213
S01001729,376,66,310
S01001730,234,23,211
S01001731,221,17,204
S01001732,220,35,185
S01001733,285,86,199
S01001734,200,17,183
S01001735,176,17,159
S01001736,370,20,350
S01001737,237,38,199
S01001738,209,10,199
S01001739,234,30,204
S01001740,297,50,247
S01001741,246,92,154
S01001742,281,146,135
S01001743,376,176,200
S01001744,195,13,182
S01001745,323,59,264
S01001746,357,47,310
S01001747,373,150,223
S01001748,248,17,231
S01001749,372,149,223
S01001750,302,69,233
S01001751,401,156,245
S01001752,340,16,324
S01001753,307,157,150
S01001754,264,13,251
S01001755,336,53,283
S01001756,316,64,252
S01001757,309,74,235
S01001758,346,98,248
S01001759,326,158,168
S01001760,273,114,159
S01001761,335,183,152
S01001762,462,184,278
S01001763,269,15,254
S01001764,187,13,174
S01001765,442,189,253
S01001766,243,52,191
S01001767,235,50,185
S01001768,251,22,229
S01001769,300,46,254
S01001770,265,142,123
S01001771,308,54,254
S01001772,256,79,177
S01001773,406,154,252
S01001774,261,34,227
S01001775,303,62,241
S01001776,282,118,164
S01001777,317,42,275
S01001778,386,183,203
S01001779,259,50,209
S01001780,382,118,264
S01001781,254,32,222
S01001782,369,76,293
S01001783,257,170,87
S01001784,264,82,182
S01001785,236,17,219
S01001786,210,35,175
S01001787,237,15,222
S01001788,307,26,281
S01001789,207,57,150
S01001790,311,42,269
S01001791,282,22,260
S01001792,285,62,223
S01001793,348,86,262
S01001794,369,82,287
S01001795,231,16,215
S01001796,317,21,296
S01001797,320,115,205
S01001798,341,16,325
S01001799,321,153,168
S01001800,343,28,315
S01001801,321,14,307
S01001802,339,42,297
S01001803,421,36,385
S01001804,452,103,349
S01001805,321,82,239
S01001806,257,34,223
S01001807,350,54,296
S01001808,251,75,176
S01001809,353,258,95
S01001810,381,60,321
S01001811,280,22,258
S01001812,204,12,192
S01001813,277,18,259
S01001814,265,31,234
S01001815,349,52,297
S01001816,413,28,385
S01001817,299,140,159
S01001818,344,41,303
S01001819,405,36,369
S01001820,344,179,165
S01001821,175,45,130
S01001822,495,104,391
S01001823,377,258,119
S01001824,347,139,208
S01001825,350,38,312
S01001826,290,200,90
S01001827,395,201,194
S01001828,261,13,248
S01001829,353,130,223
S01001830,336,32,304
S01001831,350,154,196
S01001832,295,134,161
S01001833,390,40,350
S01001834,282,118,164
S01001835,256,27,229
S01001836,280,48,232
S01001837,372,46,326
S01001838,251,90,161
S01001839,429,229,200
S01001840,284,22,262
S01001841,300,95,205
S01001842,288,13,275
S01001843,364,225,139
S01001844,424,65,359
S01001845,265,9,256
S01001846,322,19,303
S01001847,389,212,177
S01001848,395,238,157
S01001849,243,34,209
S01001850,332,110,222
S01001851,297,26,271
S01001852,300,25,275
S01001853,325,41,284
S01001854,448,197,251
S01001855,289,23,266
S01001856,316,190,126
S01001857,334,129,205
S01001858,332,52,280
S01001859,381,166,215
S01001860,326,34,292
S01001861,430,264,166
S01001862,325,22,303
S01001863,346,38,308
S01001864,355,188,167
S01001865,270,186,84
S01001866,287,31,256
S01001867,213,90,123
S01001868,295,35,260
S01001869,352,60,292
S01001870,324,189,135
S01001871,403,162,241
S01001872,310,86,224
S01001873,291,35,256
S01001874,282,186,96
S01001875,347,35,312
S01001876,468,234,234
S01001877,368,204,164
S01001878,390,32,358
S01001879,370,286,84
S01001880,342,232,110
S01001881,275,31,244
S01001882,334,69,265
S01001883,233,12,221
S01001884,498,304,194
S01001885,425,39,386
S01001886,303,227,76
S01001887,338,89,249
S01001888,355,41,314
S01001889,263,89,174
S01001890,398,150,248
S01001891,313,168,145
S01001892,425,279,146
S01001893,442,281,161
S01001894,326,223,103
S01001895,341,148,193
S01001896,335,64,271
S01001897,410,287,123
S01001898,330,228,102
S01001899,323,94,229
S01001900,324,102,222
S01001901,399,102,297
S01001902,382,56,326
S01001903,240,116,124
S01001904,331,174,157
S01001905,386,96,290
S01001906,206,94,112
S01001907,356,178,178
S01001908,288,34,254
S01001909,336,212,124
S01001910,313,112,201
S01001911,301,51,250
S01001912,356,147,209
S01001913,373,61,312
S01001914,237,33,204
S01001915,363,61,302
S01001916,454,173,281
S01001917,246,28,218
S01001918,573,243,330
S01001919,411,143,268
S01001920,354,161,193
S01001921,301,156,145
S01001922,314,33,281
S01001923,136,57,79
S01001924,338,101,237
S01001925,317,44,273
S01001926,264,129,135
S01001927,403,87,316
S01001928,455,171,284
S01001929,344,57,287
S01001930,431,174,257
S01001931,295,179,116
S01001932,370,130,240
S01001933,365,80,285
S01001934,427,235,192
S01001935,350,252,98
S01001936,480,156,324
S01001937,424,163,261
S01001938,256,86,170
S01001939,252,119,133
S01001940,315,83,232
S01001941,341,55,286
S01001942,288,131,157
S01001943,264,127,137
S01001944,273,67,206
S01001945,322,61,261
S01001946,317,219,98
S01001947,389,74,315
S01001948,313,202,111
S01001949,315,163,152
S01001950,512,272,240
S01001951,451,263,188
S01001952,284,60,224
S01001953,350,116,234
S01001954,204,55,149
S01001955,372,206,166
S01001956,316,162,154
S01001957,155,80,75
S01001958,470,282,188
S01001959,266,86,180
S01001960,361,92,269
S01001961,461,136,325
S01001962,351,116,235
S01001963,417,207,210
S01001964,389,85,304
S01001965,430,246,184
S01001966,369,261,108
S01001967,324,116,208
S01001968,430,152,278
S01001969,317,158,159
S01001970,256,22,234
S01001971,437,306,131
S01001972,339,118,221
S01001973,304,106,198
S01001974,338,90,248
S01001975,405,165,240
S01001976,324,144,180
S01001977,405,244,161
S01001978,370,227,143
S01001979,265,73,192
S01001980,353,136,217
S01001981,362,124,238
S01001982,162,121,41
S01001983,342,122,220
S01001984,289,164,125
S01001985,327,107,220
S01001986,377,130,247
S01001987,283,100,183
S01001988,352,92,260
S01001989,387,95,292
S01001990,378,93,285
S01001991,311,83,228
S01001992,319,84,235
S01001993,281,52,229
S01001994,400,146,254
S01001995,323,64,259
S01001996,354,143,211
S01001997,387,180,207
S01001998,312,79,233
S01001999,261,105,156
S01002000,347,130,217
S01002001,552,334,218
S01002002,255,76,179
S01002003,350,98,252
S01002004,443,189,254
S01002005,459,271,188
S01002006,353,52,301
S01002007,654,360,294
S01002008,404,123,281
S01002009,377,154,223
S01002010,197,53,144
S01002011,426,42,384
S01002012,350,149,201
S01002013,362,160,202
S01002014,318,117,201
S01002015,330,51,279
S01002016,314,122,192
S01002017,441,279,162
S01002018,342,77,265
S01002019,267,89,178
S01002020,180,97,83
S01002021,538,311,227
S01002022,303,59,244
S01002023,335,125,210
S01002024,323,129,194
S01002025,559,314,245
S01002026,299,71,228
S01002027,479,286,193
S01002028,325,173,152
S01002029,278,117,161
S01002030,469,260,209
S01002031,409,237,172
S01002032,333,121,212
S01002033,500,321,179
S01002034,350,193,157
S01002035,310,74,236
S01002036,564,358,206
S01002037,299,162,137
S01002038,216,70,146
S01002039,270,59,211
S01002040,295,158,137
S01002041,411,197,214
S01002042,507,233,274
S01002043,364,127,237
S01002044,306,194,112
S01002045,377,109,268
S01002046,379,242,137
S01002047,324,185,139
S01002048,296,159,137
S01002049,550,315,235
S01002050,284,59,225
S01002051,384,220,164
S01002052,475,287,188
S01002053,295,150,145
S01002054,290,109,181
S01002055,309,23,286
S01002056,455,187,268
S01002057,384,88,296
S01002058,440,299,141
S01002059,401,276,125
S01002060,327,208,119
S01002061,360,235,125
S01002062,294,148,146
S01002063,446,276,170
S01002064,442,212,230
S01002065,303,131,172
S01002066,380,288,92
S01002067,417,168,249
S01002068,556,369,187
S01002069,274,78,196
S01002070,364,206,158
S01002071,272,150,122
S01002072,502,144,358
S01002073,401,284,117
S01002074,282,44,238
S01002075,525,237,288
S01002076,411,282,129
S01002077,352,49,303
S01002078,401,73,328
S01002079,469,300,169
S01002080,389,57,332
S01002081,368,210,158
S01002082,511,134,377
S01002083,298,169,129
S01002084,294,147,147
S01002085,276,175,101
S01002086,283,192,91
S01002087,543,390,153
S01002088,361,91,270
S01002089,436,84,352
S01002090,474,131,343
S01002091,422,274,148
S01002092,334,47,287
S01002093,407,286,121
S01002094,356,142,214
S01002095,267,52,215
S01002096,321,41,280
S01002097,306,31,275
S01002098,330,128,202
S01002099,390,136,254
S01002100,262,70,192
S01002101,491,354,137
S01002102,337,170,167
S01002103,300,45,255
S01002104,475,339,136
S01002105,378,34,344
S01002106,381,261,120
S01002107,216,37,179
S01002108,409,271,138
S01002109,400,234,166
S01002110,326,52,274
S01002111,436,65,371
S01002112,447,114,333
S01002113,327,51,276
S01002114,267,18,249
S01002115,482,129,353
S01002116,308,115,193
S01002117,381,262,119
S01002118,448,333,115
S01002119,301,164,137
S01002120,320,48,272
S01002121,308,119,189
S01002122,362,25,337
S01002123,383,21,362
S01002124,303,49,254
S01002125,458,135,323
S01002126,244,36,208
S01002127,311,100,211
S01002128,394,198,196
S01002129,389,245,144
S01002130,229,30,199
S01002131,341,219,122
S01002132,368,139,229
S01002133,612,196,416
S01002134,254,38,216
S01002135,341,35,306
S01002136,333,80,253
S01002137,383,115,268
S01002138,367,199,168
S01002139,282,70,212
S01002140,431,255,176
S01002141,287,107,180
S01002142,442,100,342
S01002143,381,151,230
S01002144,324,24,300
S01002145,484,84,400
S01002146,509,213,296
S01002147,423,195,228
S01002148,347,27,320
S01002149,540,293,247
S01002150,332,128,204
S01002151,648,351,297
S01002152,390,78,312
S01002153,235,52,183
S01002154,429,246,183
S01002155,501,331,170
S01002156,372,142,230
S01002157,369,58,311
S01002158,425,78,347
S01002159,378,163,215
S01002160,458,279,179
S01002161,324,158,166
S01002162,422,99,323
S01002163,633,337,296
S01002164,347,108,239
S01002165,404,81,323
S01002166,366,100,266
S01002167,304,143,161
S01002168,628,312,316
S01002169,417,156,261
S01002170,445,236,209
S01002171,282,91,191
S01002172,306,54,252
S01002173,536,176,360
S01002174,508,235,273
S01002175,570,270,300
S01002176,358,73,285
S01002177,455,148,307
S01002178,548,232,316
S01002179,286,51,235
S01002180,234,88,146
S01002181,449,198,251
S01002182,337,113,224
S01002183,514,307,207
S01002184,335,45,290
S01002185,456,291,165
S01002186,382,164,218
S01002187,451,154,297
S01002188,351,76,275
S01002189,399,217,182
S01002190,364,172,192
S01002191,417,264,153
S01002192,390,169,221
S01002193,353,56,297
S01002194,325,138,187
S01002195,577,267,310
S01002196,294,63,231
S01002197,342,154,188
S01002198,499,310,189
S01002199,359,151,208
S01002200,340,31,309
S01002201,506,177,329
S01002202,311,110,201
S01002203,232,101,131
S01002204,405,270,135
S01002205,407,134,273
S01002206,321,162,159
S01002207,352,66,286
S01002208,280,100,180
S01002209,568,313,255
S01002210,350,127,223
S01002211,336,231,105
S01002212,552,326,226
S01002213,311,82,229
S01002214,433,164,269
S01002215,408,93,315
S01002216,510,308,202
S01002217,514,297,217
S01002218,288,111,177
S01002219,304,47,257
S01002220,298,15,283
S01002221,497,319,178
S01002222,331,37,294
S01002223,296,54,242
S01002224,302,26,276
S01002225,369,148,221
S01002226,502,180,322
S01002227,450,269,181
S01002228,404,69,335
S01002229,331,56,275
S01002230,507,234,273
S01002231,452,164,288
S01002232,327,181,146
S01002233,539,332,207
S01002234,489,285,204
S01002235,583,258,325
S01002236,388,184,204
S01002237,476,138,338
S01002238,325,223,102
S01002239,428,274,154
S01002240,391,221,170
S01002241,398,236,162
S01002242,336,60,276
S01002243,343,163,180
S01002244,405,215,190
S01002245,459,137,322
S01002246,505,300,205
S01002247,363,208,155
S01002248,508,128,380
S01002249,484,318,166
S01002250,439,153,286
S01002251,296,35,261
S01002252,254,18,236
S01002253,472,243,229
S01002254,508,290,218
S01002255,669,385,284
S01002256,429,67,362
S01002257,283,96,187
S01002258,393,258,135
S01002259,248,89,159
S01002260,356,23,333
S01002261,385,84,301
S01002262,342,70,272
S01002263,347,31,316
S01002264,395,136,259
S01002265,423,283,140
S01002266,345,187,158
S01002267,417,229,188
S01002268,286,36,250
S01002269,482,191,291
S01002270,470,270,200
S01002271,398,110,288
S01002272,244,52,192
S01002273,400,215,185
S01002274,419,230,189
S01002275,430,259,171
S01002276,304,17,287
S01002277,359,174,185
S01002278,475,318,157
S01002279,427,286,141
S01002280,342,81,261
S01002281,284,207,77
S01002282,175,138,37
S01002283,306,87,219
S01002284,400,138,262
S01002285,463,321,142
S01002286,366,105,261
S01002287,354,102,252
S01002288,396,142,254
S01002289,457,301,156
S01002290,441,273,168
S01002291,452,368,84
S01002292,458,251,207
S01002293,351,111,240
S01002294,262,44,218
S01002295,341,41,300
S01002297,416,167,249
S01002298,273,57,216
S01002299,322,40,282
S01002300,350,73,277
S01002301,338,103,235
S01002302,270,139,131
S01002303,371,179,192
S01002304,477,190,287
S01002305,460,273,187
S01002306,219,100,119
S01002307,393,133,260
S01002308,477,113,364
S01002309,376,231,145
S01002310,504,341,163
S01002311,238,30,208
S01002312,321,214,107
S01002313,283,36,247
S01002314,423,128,295
S01002315,230,52,178
S01002316,276,20,256
S01002317,472,171,301
S01002318,437,249,188
S01002319,573,377,196
S01002320,309,77,232
S01002321,460,372,88
S01002322,371,156,215
S01002323,377,167,210
S01002324,376,256,120
S01002325,287,146,141
S01002326,475,256,219
S01002327,288,55,233
S01002328,330,66,264
S01002329,275,49,226
S01002330,320,92,228
S01002331,295,112,183
S01002332,321,12,309
S01002333,300,27,273
S01002334,335,52,283
S01002335,439,84,355
S01002336,364,38,326
S01002337,364,37,327
S01002338,260,141,119
S01002339,258,83,175
S01002340,240,59,181
S01002341,247,92,155
S01002342,237,70,167
S01002343,305,70,235
S01002344,203,51,152
S01002345,299,76,223
S01002346,412,105,307
S01002347,318,61,257
S01002348,409,107,302
S01002349,432,161,271
S01002350,433,107,326
S01002351,297,75,222
S01002352,347,96,251
S01002353,296,69,227
S01002354,322,61,261
S01002355,385,158,227
S01002356,422,197,225
S01002357,293,105,188
S01002358,232,54,178
S01002359,413,172,241
S01002360,329,150,179
S01002361,249,73,176
S01002362,285,73,212
S01002363,387,101,286
S01002364,322,145,177
S01002365,228,58,170
S01002366,233,54,179
S01002367,342,65,277
S01002368,334,67,267
S01002369,225,75,150
S01002370,289,93,196
S01002371,258,60,198
S01002372,324,93,231
S01002373,266,75,191
S01002374,338,127,211
S01002375,372,108,264
S01002376,365,107,258
S01002377,375,144,231
S01002378,215,26,189
S01002379,364,115,249
S01002380,266,62,204
S01002381,313,86,227
S01002382,271,114,157
S01002383,191,14,177
S01002384,232,67,165
S01002385,336,109,227
S01002386,392,66,326
S01002387,263,49,214
S01002388,265,8,257
S01002389,263,9,254
S01002390,282,44,238
S01002391,343,20,323
S01002392,362,52,310
S01002393,219,39,180
S01002394,292,68,224
S01002395,296,39,257
S01002396,316,71,245
S01002397,338,28,310
S01002398,372,40,332
S01002399,438,179,259
S01002400,365,21,344
S01002401,331,6,325
S01002402,355,129,226
S01002403,314,110,204
S01002404,360,47,313
S01002405,305,25,280
S01002406,332,130,202
S01002407,282,76,206
S01002408,374,135,239
S01002409,300,47,253
S01002410,217,23,194
S01002411,266,63,203
S01002412,377,32,345
S01002413,282,63,219
S01002414,277,143,134
S01002415,299,103,196
S01002416,228,23,205
S01002417,301,53,248
S01002418,401,140,261
S01002419,213,23,190
S01002420,256,94,162
S01002421,341,16,325
S01002422,259,41,218
S01002423,338,132,206
S01002424,378,110,268
S01002425,347,88,259
S01002426,424,210,214
S01002427,373,105,268
S01002428,221,66,155
S01002429,534,364,170
S01002430,230,59,171
S01002431,332,106,226
S01002432,307,48,259
S01002433,271,125,146
S01002434,435,178,257
S01002435,314,85,229
S01002436,375,173,202
S01002437,274,93,181
S01002438,278,93,185
S01002439,345,112,233
S01002440,416,151,265
S01002441,285,48,237
S01002442,256,95,161
S01002443,267,98,169
S01002444,253,134,119
S01002445,316,139,177
S01002446,331,41,290
S01002447,263,88,175
S01002448,197,67,130
S01002449,166,13,153
S01002450,401,179,222
S01002451,403,73,330
S01002452,243,103,140
S01002453,307,59,248
S01002454,319,61,258
S01002455,224,44,180
S01002456,433,207,226
S01002457,314,102,212
S01002458,371,169,202
S01002459,309,134,175
S01002460,395,207,188
S01002461,161,2,159
S01002462,353,157,196
S01002463,470,217,253
S01002464,244,92,152
S01002465,215,20,195
S01002466,434,158,276
S01002467,228,75,153
S01002468,307,147,160
S01002469,276,88,188
S01002470,348,121,227
S01002471,220,71,149
S01002472,303,157,146
S01002473,421,205,216
S01002474,270,112,158
S01002475,242,82,160
S01002476,369,69,300
S01002477,401,155,246
S01002478,370,98,272
S01002479,314,149,165
S01002480,280,133,147
S01002481,424,160,264
S01002482,422,209,213
S01002483,395,234,161
S01002484,375,173,202
S01002485,356,35,321
S01002486,292,157,135
S01002487,222,83,139
S01002488,363,213,150
S01002489,273,154,119
S01002490,271,99,172
S01002491,243,113,130
S01002492,265,50,215
S01002493,413,100,313
S01002494,266,22,244
S01002495,294,141,153
S01002496,276,79,197
S01002497,390,163,227
S01002498,245,14,231
S01002499,474,216,258
S01002500,301,143,158
S01002501,224,42,182
S01002502,383,180,203
S01002503,277,87,190
S01002504,376,92,284
S01002505,385,202,183
S01002506,336,92,244
S01002507,358,183,175
S01002508,378,53,325
S01002509,431,117,314
S01002510,442,89,353
S01002511,222,44,178
S01002512,309,157,152
S01002513,341,39,302
S01002514,313,141,172
S01002515,322,152,170
S01002516,345,96,249
S01002517,261,84,177
S01002518,288,55,233
S01002519,469,290,179
S01002520,259,159,100
S01002521,286,104,182
S01002522,266,30,236
S01002523,287,23,264
S01002524,318,60,258
S01002525,347,154,193
S01002526,189,6,183
S01002527,301,26,275
S01002528,310,40,270
S01002529,377,188,189
S01002530,325,127,198
S01002531,333,103,230
S01002532,325,120,205
S01002533,320,128,192
S01002534,377,120,257
S01002535,228,77,151
S01002536,249,136,113
S01002537,210,82,128
S01002538,376,30,346
S01002539,416,206,210
S01002540,248,135,113
S01002541,415,96,319
S01002542,261,51,210
S01002543,290,159,131
S01002544,342,104,238
S01002545,302,117,185
S01002546,287,73,214
S01002547,256,45,211
S01002548,450,137,313
S01002549,212,8,204
S01002550,196,12,184
S01002551,264,86,178
S01002552,238,78,160
S01002553,380,139,241
S01002554,216,10,206
S01002555,334,106,228
S01002556,283,105,178
S01002557,365,123,242
S01002558,218,77,141
S01002559,283,26,257
S01002560,229,80,149
S01002561,293,73,220
S01002562,281,77,204
S01002563,331,39,292
S01002564,246,17,229
S01002565,374,47,327
S01002566,267,8,259
S01002567,201,5,196
S01002568,316,52,264
S01002569,400,79,321
S01002570,235,51,184
S01002571,241,82,159
S01002572,253,35,218
S01002573,220,49,171
S01002574,408,165,243
S01002575,280,59,221
S01002576,332,45,287
S01002577,408,216,192
S01002578,296,13,283
S01002579,390,36,354
S01002580,338,153,185
S01002581,264,7,257
S01002582,325,140,185
S01002583,269,56,213
S01002584,258,49,209
S01002585,399,120,279
S01002586,227,45,182
S01002587,301,37,264
S01002588,311,28,283
S01002589,339,46,293
S01002590,305,34,271
S01002591,270,113,157
S01002592,373,148,225
S01002593,326,115,211
S01002594,258,13,245
S01002595,284,85,199
S01002596,284,22,262
S01002597,193,67,126
S01002598,390,94,296
S01002599,239,79,160
S01002600,324,25,299
S01002601,292,113,179
S01002602,214,48,166
S01002603,365,158,207
S01002604,393,33,360
S01002605,260,102,158
S01002606,218,60,158
S01002607,355,108,247
S01002608,208,17,191
S01002609,381,153,228
S01002610,381,96,285
S01002611,298,49,249
S01002612,362,53,309
S01002613,403,61,342
S01002614,406,82,324
S01002615,188,28,160
S01002616,230,11,219
S01002617,405,168,237
S01002618,395,206,189
S01002619,309,63,246
S01002620,421,178,243
S01002621,245,15,230
S01002622,325,4,321
S01002623,269,15,254
S01002624,283,27,256
S01002625,317,15,302
S01002626,272,88,184
S01002627,393,26,367
S01002628,287,26,261
S01002629,348,64,284
S01002630,320,117,203
S01002631,331,32,299
S01002632,243,49,194
S01002633,381,72,309
S01002634,333,63,270
S01002635,258,38,220
S01002636,243,69,174
S01002637,336,110,226
S01002638,315,133,182
S01002639,366,33,333
S01002640,319,54,265
S01002641,356,32,324
S01002642,281,123,158
S01002643,281,124,157
S01002644,316,82,234
S01002645,285,109,176
S01002646,350,115,235
S01002647,403,206,197
S01002648,310,34,276
S01002649,312,136,176
S01002650,283,28,255
S01002651,276,101,175
S01002652,274,34,240
S01002653,353,149,204
S01002654,372,166,206
S01002655,337,180,157
S01002656,362,210,152
S01002657,377,90,287
S01002658,544,199,345
S01002659,385,53,332
S01002660,363,144,219
S01002661,352,80,272
S01002662,346,111,235
S01002663,279,39,240
S01002664,353,26,327
S01002665,323,86,237
S01002666,373,72,301
S01002667,310,145,165
S01002668,223,41,182
S01002669,462,179,283
S01002670,237,18,219
S01002671,519,205,314
S01002672,295,146,149
S01002673,286,114,172
S01002674,340,74,266
S01002675,411,54,357
S01002676,339,80,259
S01002677,524,245,279
S01002678,341,20,321
S01002679,543,276,267
S01002680,509,189,320
S01002681,351,107,244
S01002682,238,98,140
S01002683,261,36,225
S01002684,390,169,221
S01002685,469,244,225
S01002686,387,70,317
S01002687,352,89,263
S01002688,263,19,244
S01002689,273,19,254
S01002690,240,30,210
S01002691,406,22,384
S01002692,343,60,283
S01002693,169,27,142
S01002694,284,102,182
S01002695,247,19,228
S01002696,332,92,240
S01002697,354,45,309
S01002698,311,86,225
S01002699,226,91,135
S01002700,346,158,188
S01002701,333,12,321
S01002702,306,161,145
S01002703,371,108,263
S01002704,305,97,208
S01002705,361,157,204
S01002706,366,167,199
S01002707,349,142,207
S01002708,313,95,218
S01002709,336,175,161
S01002710,241,48,193
S01002711,363,133,230
S01002712,335,113,222
S01002713,468,270,198
S01002714,410,185,225
S01002715,409,174,235
S01002716,228,12,216
S01002717,363,95,268
S01002718,393,203,190
S01002719,306,100,206
S01002720,319,24,295
S01002721,363,171,192
S01002722,338,106,232
S01002723,317,121,196
S01002724,415,169,246
S01002725,407,107,300
S01002726,352,102,250
S01002727,396,27,369
S01002728,386,127,259
S01002729,380,26,354
S01002730,419,156,263
S01002731,360,137,223
S01002732,346,127,219
S01002733,295,102,193
S01002734,473,210,263
S01002735,535,193,342
S01002736,295,57,238
S01002737,404,120,284
S01002738,275,77,198
S01002739,313,40,273
S01002740,203,21,182
S01002741,476,160,316
S01002742,402,173,229
S01002743,319,177,142
S01002744,251,44,207
S01002745,284,136,148
S01002746,358,89,269
S01002747,270,108,162
S01002748,342,160,182
S01002749,320,144,176
S01002750,387,156,231
S01002751,434,197,237
S01002752,247,96,151
S01002753,254,12,242
S01002754,259,62,197
S01002755,347,190,157
S01002756,428,185,243
S01002757,241,62,179
S01002758,322,156,166
S01002759,287,109,178
S01002760,241,98,143
S01002761,438,221,217
S01002762,317,167,150
S01002763,374,157,217
S01002764,279,141,138
S01002765,396,233,163
S01002766,480,254,226
S01002767,398,64,334
S01002768,378,118,260
S01002769,347,126,221
S01002770,284,106,178
S01002771,351,180,171
S01002772,397,46,351
S01002773,413,171,242
S01002774,387,191,196
S01002775,288,113,175
S01002776,267,91,176
S01002777,465,191,274
S01002778,388,226,162
S01002779,309,177,132
S01002780,386,185,201
S01002781,397,148,249
S01002782,440,215,225
S01002783,352,128,224
S01002784,217,78,139
S01002785,281,107,174
S01002786,268,38,230
S01002787,305,88,217
S01002788,300,41,259
S01002789,302,25,277
S01002790,423,220,203
S01002791,261,126,135
S01002792,420,113,307
S01002793,426,227,199
S01002794,336,106,230
S01002795,260,20,240
S01002796,238,39,199
S01002797,314,29,285
S01002798,241,84,157
S01002799,325,159,166
S01002800,285,19,266
S01002801,391,161,230
S01002802,247,7,240
S01002803,372,105,267
S01002804,239,96,143
S01002805,399,166,233
S01002806,269,98,171
S01002807,323,155,168
S01002808,375,167,208
S01002809,332,131,201
S01002810,469,146,323
S01002811,426,122,304
S01002812,256,54,202
S01002813,340,173,167
S01002814,326,85,241
S01002815,368,195,173
S01002816,219,70,149
S01002817,250,97,153
S01002818,258,81,177
S01002819,351,179,172
S01002820,350,148,202
S01002821,474,180,294
S01002822,322,119,203
S01002823,412,217,195
S01002824,342,100,242
S01002825,449,174,275
S01002826,252,106,146
S01002827,295,98,197
S01002828,273,74,199
S01002829,425,206,219
S01002830,306,129,177
S01002831,341,94,247
S01002832,310,69,241
S01002833,390,15,375
S01002834,384,141,243
S01002835,360,118,242
S01002836,234,69,165
S01002837,334,176,158
S01002838,266,114,152
S01002839,263,119,144
S01002840,306,79,227
S01002841,243,16,227
S01002842,324,180,144
S01002843,318,156,162
S01002844,275,48,227
S01002845,360,133,227
S01002846,391,92,299
S01002847,406,111,295
S01002848,343,111,232
S01002849,415,95,320
S01002850,421,153,268
S01002851,229,44,185
S01002852,396,156,240
S01002853,200,104,96
S01002854,347,123,224
S01002855,240,106,134
S01002856,410,207,203
S01002857,212,40,172
S01002858,200,19,181
S01002859,343,145,198
S01002860,377,93,284
S01002861,418,107,311
S01002862,256,79,177
S01002863,321,124,197
S01002864,253,97,156
S01002865,357,102,255
S01002866,501,247,254
S01002867,212,33,179
S01002868,336,163,173
S01002869,242,89,153
S01002870,385,96,289
S01002871,259,66,193
S01002872,294,126,168
S01002873,341,112,229
S01002874,388,146,242
S01002875,301,136,165
S01002876,285,129,156
S01002877,347,133,214
S01002878,229,44,185
S01002879,367,103,264
S01002880,218,37,181
S01002881,443,165,278
S01002882,447,214,233
S01002883,433,137,296
S01002884,377,127,250
S01002885,282,36,246
S01002886,281,81,200
S01002887,253,95,158
S01002888,305,59,246
S01002889,342,118,224
S01002890,319,121,198
S01002891,315,79,236
S01002892,303,113,190
S01002893,341,143,198
S01002894,292,40,252
S01002895,332,166,166
S01002896,323,100,223
S01002897,317,160,157
S01002898,487,130,357
S01002899,192,9,183
S01002900,296,108,188
S01002901,351,105,246
S01002902,353,106,247
S01002903,422,198,224
S01002904,287,67,220
S01002905,348,99,249
S01002906,339,92,247
S01002907,285,101,184
S01002908,345,33,312
S01002909,308,65,243
S01002910,331,120,211
S01002911,351,113,238
S01002912,402,36,366
S01002913,325,16,309
S01002914,314,155,159
S01002915,413,108,305
S01002916,364,161,203
S01002917,292,56,236
S01002918,365,56,309
S01002919,367,146,221
S01002920,302,103,199
S01002921,309,59,250
S01002922,242,70,172
S01002923,321,90,231
S01002924,311,57,254
S01002925,390,79,311
S01002926,334,100,234
S01002927,337,114,223
S01002928,236,19,217
S01002929,295,84,211
S01002930,234,29,205
S01002931,293,80,213
S01002932,262,11,251
S01002933,401,115,286
S01002934,395,113,282
S01002935,354,98,256
S01002936,255,2,253
S01002937,271,68,203
S01002938,349,135,214
S01002939,213,18,195
S01002940,228,44,184
S01002941,411,56,355
S01002942,219,41,178
S01002943,227,26,201
S01002944,417,84,333
S01002945,253,40,213
S01002946,266,12,254
S01002947,204,36,168
S01002948,343,60,283
S01002949,207,13,194
S01002950,298,43,255
S01002951,410,70,340
S01002952,265,38,227
S01002953,432,108,324
S01002954,364,56,308
S01002955,443,74,369
S01002956,328,80,248
S01002957,382,48,334
S01002958,216,8,208
S01002959,416,58,358
S01002960,284,31,253
S01002961,321,66,255
S01002962,250,62,188
S01002963,343,96,247
S01002964,364,54,310
S01002965,357,45,312
S01002966,239,39,200
S01002967,350,47,303
S01002968,304,27,277
S01002969,386,34,352
S01002970,234,22,212
S01002971,422,36,386
S01002972,457,179,278
S01002973,382,95,287
S01002974,209,6,203
S01002975,293,111,182
S01002976,453,235,218
S01002977,327,100,227
S01002978,466,75,391
S01002979,290,48,242
S01002980,345,137,208
S01002981,335,39,296
S01002982,291,33,258
S01002983,384,173,211
S01002984,339,70,269
S01002985,269,38,231
S01002986,335,141,194
S01002987,307,125,182
S01002988,310,35,275
S01002989,487,245,242
S01002990,229,84,145
S01002991,329,15,314
S01002992,288,82,206
S01002993,268,30,238
S01002994,356,133,223
S01002995,222,107,115
S01002996,310,126,184
S01002997,310,150,160
S01002998,329,55,274
S01002999,219,76,143
S01003000,281,31,250
S01003001,270,66,204
S01003002,376,131,245
S01003003,256,23,233
S01003004,234,56,178
S01003005,226,14,212
S01003006,317,46,271
S01003007,302,61,241
S01003008,168,8,160
S01003009,245,79,166
S01003010,249,23,226
S01003011,179,11,168
S01003012,410,33,377
S01003013,241,18,223
S01003014,267,20,247
S01003015,310,42,268
S01003016,189,15,174
S01003017,303,85,218
S01003018,362,77,285
S01003019,338,110,228
S01003020,288,112,176
S01003021,277,51,226
S01003022,409,100,309
S01003023,313,42,271
S01003024,307,101,206
S01003025,314,57,257
S01003026,283,130,153
S01003027,421,39,382
S01003028,365,247,118
S01003029,359,244,115
S01003030,376,255,121
S01003032,211,156,55
S01003033,246,173,73
S01003034,366,73,293
S01003035,317,187,130
S01003036,414,326,88
S01003037,295,60,235
S01003038,296,23,273
S01003039,408,281,127
S01003040,415,269,146
S01003041,262,24,238
S01003042,269,204,65
S01003043,253,208,45
S01003044,372,283,89
S01003045,375,270,105
S01003046,306,150,156
S01003047,463,345,118
S01003048,247,182,65
S01003049,276,201,75
S01003050,261,33,228
S01003051,394,199,195
S01003052,341,252,89
S01003053,373,127,246
S01003054,352,141,211
S01003055,410,275,135
S01003056,410,308,102
S01003057,285,108,177
S01003058,357,237,120
S01003059,326,89,237
S01003060,275,181,94
S01003061,291,35,256
S01003062,373,164,209
S01003063,323,104,219
S01003064,440,297,143
S01003065,559,255,304
S01003066,332,41,291
S01003067,231,40,191
S01003068,385,82,303
S01003069,267,113,154
S01003070,347,165,182
S01003071,278,40,238
S01003072,464,294,170
S01003073,303,82,221
S01003074,259,11,248
S01003075,301,114,187
S01003076,518,414,104
S01003077,506,303,203
S01003078,298,116,182
S01003079,343,78,265
S01003080,347,114,233
S01003081,331,35,296
S01003082,233,143,90
S01003083,476,257,219
S01003084,411,272,139
S01003085,417,102,315
S01003086,214,24,190
S01003087,277,112,165
S01003088,415,307,108
S01003089,212,17,195
S01003090,342,154,188
S01003091,257,83,174
S01003092,327,145,182
S01003093,508,323,185
S01003094,440,174,266
S01003095,265,6,259
S01003096,268,44,224
S01003097,111,70,41
S01003098,682,422,260
S01003099,220,125,95
S01003100,387,206,181
S01003101,230,136,94
S01003102,291,58,233
S01003103,272,40,232
S01003104,586,386,200
S01003105,311,123,188
S01003106,276,59,217
S01003107,307,194,113
S01003108,463,279,184
S01003109,370,53,317
S01003110,306,53,253
S01003111,359,206,153
S01003112,410,110,300
S01003113,279,57,222
S01003114,345,107,238
S01003115,239,81,158
S01003116,562,329,233
S01003117,466,258,208
S01003118,276,209,67
S01003119,275,110,165
S01003120,412,59,353
S01003121,371,244,127
S01003122,324,168,156
S01003123,390,99,291
S01003124,491,193,298
S01003125,439,207,232
S01003126,111,91,20
S01003127,333,119,214
S01003128,513,320,193
S01003129,626,260,366
S01003130,413,206,207
S01003131,438,172,266
S01003132,394,294,100
S01003133,571,123,448
S01003134,328,218,110
S01003135,343,195,148
S01003136,374,165,209
S01003137,354,168,186
S01003138,623,423,200
S01003139,579,213,366
S01003140,406,269,137
S01003141,455,138,317
S01003142,414,309,105
S01003143,461,217,244
S01003144,405,216,189
S01003145,333,155,178
S01003146,433,205,228
S01003147,420,209,211
S01003148,296,129,167
S01003149,607,270,337
S01003150,386,289,97
S01003151,348,138,210
S01003152,495,285,210
S01003153,284,51,233
S01003154,491,241,250
S01003155,395,19,376
S01003156,498,232,266
S01003157,582,347,235
S01003158,286,243,43
S01003159,104,74,30
S01003160,302,199,103
S01003161,250,128,122
S01003162,297,156,141
S01003163,298,65,233
S01003164,329,108,221
S01003165,504,280,224
S01003166,421,202,219
S01003167,310,182,128
S01003168,521,235,286
S01003169,390,88,302
S01003170,311,37,274
S01003171,180,8,172
S01003172,361,208,153
S01003173,245,139,106
S01003174,392,218,174
S01003175,460,329,131
S01003176,440,214,226
S01003177,442,134,308
S01003178,317,236,81
S01003179,303,202,101
S01003180,250,39,211
S01003181,338,197,141
S01003182,331,229,102
S01003183,326,199,127
S01003184,360,260,100
S01003185,266,180,86
S01003186,390,63,327
S01003187,451,189,262
S01003188,460,311,149
S01003189,447,288,159
S01003190,416,307,109
S01003191,278,183,95
S01003192,514,353,161
S01003193,252,77,175
S01003194,371,246,125
S01003195,295,47,248
S01003196,393,47,346
S01003197,304,74,230
S01003198,449,292,157
S01003199,333,123,210
S01003200,416,284,132
S01003201,115,83,32
S01003202,193,165,28
S01003203,423,208,215
S01003204,376,195,181
S01003205,365,224,141
S01003206,424,298,126
S01003207,313,135,178
S01003208,442,350,92
S01003209,255,104,151
S01003210,349,78,271
S01003211,243,69,174
S01003212,268,52,216
S01003213,248,129,119
S01003214,354,185,169
S01003215,412,233,179
S01003216,349,188,161
S01003217,396,325,71
S01003218,333,150,183
S01003219,344,160,184
S01003220,270,102,168
S01003221,418,261,157
S01003222,271,107,164
S01003223,477,346,131
S01003224,299,41,258
S01003225,444,347,97
S01003226,329,217,112
S01003227,361,181,180
S01003228,394,226,168
S01003229,349,19,330
S01003230,369,174,195
S01003231,447,259,188
S01003232,425,304,121
S01003233,344,38,306
S01003234,339,45,294
S01003235,366,171,195
S01003236,264,112,152
S01003237,421,242,179
S01003238,342,152,190
S01003239,448,224,224
S01003240,331,114,217
S01003241,354,119,235
S01003242,498,217,281
S01003243,406,200,206
S01003244,430,237,193
S01003245,496,417,79
S01003246,664,469,195
S01003247,319,212,107
S01003248,431,308,123
S01003249,365,181,184
S01003250,256,126,130
S01003251,453,360,93
S01003252,254,46,208
S01003253,468,393,75
S01003254,292,232,60
S01003255,424,263,161
S01003256,424,280,144
S01003257,257,43,214
S01003258,319,59,260
S01003259,413,110,303
S01003260,302,44,258
S01003261,360,77,283
S01003262,381,218,163
S01003263,261,174,87
S01003264,295,155,140
S01003265,308,130,178
S01003266,398,250,148
S01003267,599,404,195
S01003268,395,205,190
S01003269,451,291,160
S01003270,434,296,138
S01003271,485,296,189
S01003272,463,358,105
S01003273,425,346,79
S01003274,291,228,63
S01003275,525,336,189
S01003276,283,51,232
S01003277,324,161,163
S01003278,362,162,200
S01003279,190,158,32
S01003280,448,189,259
S01003281,256,149,107
S01003282,307,84,223
S01003283,298,77,221
S01003284,549,361,188
S01003285,218,145,73
S01003286,616,417,199
S01003287,241,166,75
S01003288,295,58,237
S01003289,160,125,35
S01003290,375,202,173
S01003291,402,288,114
S01003292,285,69,216
S01003293,478,379,99
S01003294,462,301,161
S01003295,375,65,310
S01003296,300,232,68
S01003297,283,219,64
S01003298,460,200,260
S01003299,217,184,33
S01003300,340,123,217
S01003301,393,266,127
S01003302,371,292,79
S01003303,493,160,333
S01003304,373,218,155
S01003305,376,141,235
S01003306,514,344,170
S01003307,518,304,214
S01003308,381,215,166
S01003309,407,308,99
S01003310,369,192,177
S01003311,298,45,253
S01003312,242,125,117
S01003313,380,241,139
S01003314,328,268,60
S01003315,269,104,165
S01003316,332,201,131
S01003317,274,89,185
S01003318,309,55,254
S01003320,294,145,149
S01003321,313,83,230
S01003322,470,310,160
S01003323,254,62,192
S01003324,310,203,107
S01003325,324,109,215
S01003326,448,315,133
S01003327,288,192,96
S01003328,330,162,168
S01003329,344,149,195
S01003330,324,32,292
S01003331,355,290,65
S01003332,190,138,52
S01003333,444,323,121
S01003334,382,251,131
S01003335,380,229,151
S01003336,463,317,146
S01003337,374,268,106
S01003338,437,238,199
S01003339,335,151,184
S01003340,546,344,202
S01003341,269,33,236
S01003342,321,259,62
S01003343,255,200,55
S01003344,245,171,74
S01003345,512,295,217
S01003346,379,205,174
S01003347,446,357,89
S01003348,436,178,258
S01003349,422,323,99
S01003350,306,201,105
S01003351,570,403,167
S01003352,392,272,120
S01003353,361,281,80
S01003354,401,257,144
S01003355,440,299,141
S01003356,516,413,103
S01003357,234,206,28
S01003358,569,401,168
S01003359,356,35,321
S01003360,305,142,163
S01003361,372,264,108
S01003362,320,177,143
S01003363,367,221,146
S01003364,333,257,76
S01003365,326,229,97
S01003366,366,237,129
S01003367,636,532,104
S01003368,467,272,195
S01003369,381,251,130
S01003370,385,212,173
S01003371,418,262,156
S01003372,291,147,144
S01003373,465,345,120
S01003374,218,160,58
S01003375,326,171,155
S01003376,248,177,71
S01003377,349,190,159
S01003378,391,303,88
S01003379,260,219,41
S01003380,386,218,168
S01003381,316,140,176
S01003382,323,181,142
S01003383,447,240,207
S01003384,474,281,193
S01003385,469,253,216
S01003386,365,239,126
S01003387,447,305,142
S01003388,530,407,123
S01003389,584,429,155
S01003390,429,336,93
S01003391,415,294,121
S01003392,418,267,151
S01003393,471,291,180
S01003394,251,142,109
S01003395,358,186,172
S01003396,463,361,102
S01003397,351,276,75
S01003398,410,246,164
S01003399,416,309,107
S01003400,364,219,145
S01003401,344,276,68
S01003402,283,218,65
S01003403,368,227,141
S01003404,199,148,51
S01003405,382,223,159
S01003406,381,245,136
S01003407,395,250,145
S01003408,344,244,100
S01003409,398,209,189
S01003410,357,227,130
S01003411,423,261,162
S01003412,454,298,156
S01003413,308,162,146
S01003414,236,173,63
S01003415,458,372,86
S01003416,559,443,116
S01003417,446,261,185
S01003418,474,368,106
S01003419,406,277,129
S01003420,231,193,38
S01003421,283,176,107
S01003422,427,308,119
S01003423,354,171,183
S01003424,594,435,159
S01003425,423,236,187
S01003426,613,425,188
S01003427,503,307,196
S01003428,380,322,58
S01003429,298,167,131
S01003430,376,206,170
S01003431,443,307,136
S01003432,405,183,222
S01003433,379,230,149
S01003434,461,351,110
S01003435,285,210,75
S01003436,234,58,176
S01003437,276,135,141
S01003438,561,290,271
S01003439,626,533,93
S01003440,216,109,107
S01003441,618,480,138
S01003442,396,316,80
S01003443,500,408,92
S01003444,288,230,58
S01003445,395,280,115
S01003446,290,197,93
S01003447,515,407,108
S01003448,378,230,148
S01003449,449,277,172
S01003450,520,344,176
S01003451,446,247,199
S01003452,218,83,135
S01003453,340,144,196
S01003454,280,155,125
S01003455,294,228,66
S01003456,156,125,31
S01003457,562,476,86
S01003458,425,264,161
S01003459,386,231,155
S01003460,421,209,212
S01003461,331,156,175
S01003462,238,150,88
S01003463,442,372,70
S01003464,406,209,197
S01003465,495,272,223
S01003466,410,281,129
S01003467,352,208,144
S01003468,316,197,119
S01003469,476,291,185
S01003470,475,318,157
S01003471,287,220,67
S01003472,427,355,72
S01003473,549,381,168
S01003474,293,171,122
S01003475,377,236,141
S01003476,284,93,191
S01003477,624,353,271
S01003478,429,259,170
S01003479,467,281,186
S01003480,362,243,119
S01003481,586,342,244
S01003482,382,304,78
S01003483,282,171,111
S01003484,422,221,201
S01003485,397,177,220
S01003486,307,225,82
S01003487,451,278,173
S01003488,376,278,98
S01003489,421,330,91
S01003490,325,207,118
S01003491,67,53,14
S01003492,461,273,188
S01003493,400,290,110
S01003494,442,306,136
S01003495,376,259,117
S01003496,485,228,257
S01003497,497,226,271
S01003498,552,300,252
S01003499,606,348,258
S01003500,319,264,55
S01003501,315,178,137
S01003502,271,155,116
S01003503,373,165,208
S01003504,319,163,156
S01003506,480,194,286
S01003507,276,123,153
S01003508,508,361,147
S01003509,418,152,266
S01003510,196,118,78
S01003511,462,106,356
S01003512,346,239,107
S01003513,312,157,155
S01003514,378,195,183
S01003515,277,180,97
S01003516,296,79,217
S01003517,407,201,206
S01003518,536,322,214
S01003519,329,233,96
S01003520,387,165,222
S01003521,249,137,112
S01003522,399,146,253
S01003523,303,206,97
S01003524,548,158,390
S01003525,526,180,346
S01003526,444,157,287
S01003527,347,73,274
S01003528,203,53,150
S01003529,199,42,157
S01003530,426,164,262
S01003531,434,306,128
S01003532,458,153,305
S01003533,231,204,27
S01003534,536,302,234
S01003535,381,199,182
S01003536,500,141,359
S01003537,475,307,168
S01003538,301,193,108
S01003539,509,140,369
S01003540,306,238,68
S01003541,416,311,105
S01003542,433,135,298
S01003543,314,235,79
S01003544,246,82,164
S01003545,436,125,311
S01003546,469,318,151
S01003547,440,192,248
S01003549,330,231,99
S01003550,266,30,236
S01003551,373,254,119
S01003552,530,144,386
S01003553,363,295,68
S01003554,428,204,224
S01003555,322,94,228
S01003556,255,35,220
S01003557,381,301,80
S01003558,455,76,379
S01003559,326,55,271
S01003560,486,111,375
S01003561,457,311,146
S01003562,313,233,80
S01003563,239,145,94
S01003564,335,252,83
S01003565,428,319,109
S01003566,405,200,205
S01003567,393,327,66
S01003568,351,58,293
S01003569,302,89,213
S01003570,326,100,226
S01003571,432,263,169
S01003572,469,366,103
S01003573,450,291,159
S01003574,495,153,342
S01003575,439,322,117
S01003576,384,91,293
S01003577,312,176,136
S01003578,110,75,35
S01003579,319,264,55
S01003580,498,299,199
S01003581,481,314,167
S01003582,368,321,47
S01003583,252,181,71
S01003584,333,271,62
S01003585,362,249,113
S01003586,462,324,138
S01003587,352,31,321
S01003588,302,50,252
S01003589,499,76,423
S01003590,363,220,143
S01003591,400,50,350
S01003592,451,319,132
S01003593,303,177,126
S01003594,415,56,359
S01003595,377,308,69
S01003596,578,467,111
S01003597,290,48,242
S01003598,316,188,128
S01003599,312,186,126
S01003600,479,375,104
S01003601,377,258,119
S01003602,274,139,135
S01003603,433,301,132
S01003604,376,231,145
S01003605,363,238,125
S01003606,400,217,183
S01003607,215,92,123
S01003608,265,166,99
S01003609,472,129,343
S01003610,371,205,166
S01003611,449,336,113
S01003612,439,149,290
S01003613,329,39,290
S01003614,280,123,157
S01003615,249,160,89
S01003616,257,11,246
S01003617,547,420,127
S01003618,372,161,211
S01003619,468,375,93
S01003620,451,95,356
S01003621,500,314,186
S01003622,386,217,169
S01003623,341,58,283
S01003624,442,301,141
S01003625,217,129,88
S01003626,313,45,268
S01003627,326,244,82
S01003628,248,141,107
S01003629,405,279,126
S01003630,408,253,155
S01003631,365,167,198
S01003632,343,114,229
S01003633,497,225,272
S01003634,425,236,189
S01003635,390,246,144
S01003636,498,352,146
S01003637,357,207,150
S01003638,376,142,234
S01003639,372,193,179
S01003640,446,289,157
S01003641,279,20,259
S01003642,388,192,196
S01003643,290,130,160
S01003644,406,251,155
S01003645,255,119,136
S01003646,380,300,80
S01003647,352,177,175
S01003648,426,208,218
S01003649,428,128,300
S01003650,360,263,97
S01003651,388,208,180
S01003652,297,195,102
S01003653,283,161,122
S01003654,384,214,170
S01003655,306,183,123
S01003656,241,148,93
S01003657,338,213,125
S01003658,368,145,223
S01003659,434,182,252
S01003660,307,13,294
S01003661,381,73,308
S01003662,330,196,134
S01003663,328,224,104
S01003664,287,208,79
S01003665,383,317,66
S01003666,307,202,105
S01003667,341,111,230
S01003668,340,161,179
S01003669,274,165,109
S01003670,434,304,130
S01003671,334,201,133
S01003672,365,269,96
S01003673,161,129,32
S01003674,412,204,208
S01003675,367,101,266
S01003676,250,93,157
S01003677,297,167,130
S01003678,298,145,153
S01003679,529,314,215
S01003680,343,221,122
S01003681,328,181,147
S01003682,405,115,290
S01003683,284,131,153
S01003684,358,183,175
S01003685,238,106,132
S01003686,451,271,180
S01003687,400,337,63
S01003688,444,275,169
S01003689,245,150,95
S01003690,605,443,162
S01003691,468,175,293
S01003692,526,287,239
S01003693,251,135,116
S01003694,370,138,232
S01003695,377,224,153
S01003696,541,282,259
S01003697,369,57,312
S01003698,447,221,226
S01003699,382,75,307
S01003700,484,266,218
S01003701,626,424,202
S01003702,338,213,125
S01003703,424,280,144
S01003704,328,243,85
S01003705,376,265,111
S01003706,313,225,88
S01003707,285,234,51
S01003708,325,275,50
S01003709,493,417,76
S01003710,479,326,153
S01003711,362,264,98
S01003712,346,223,123
S01003713,252,196,56
S01003714,330,186,144
S01003715,332,152,180
S01003716,237,183,54
S01003717,322,250,72
S01003718,213,145,68
S01003719,226,23,203
S01003720,431,70,361
S01003721,349,71,278
S01003722,450,190,260
S01003723,231,28,203
S01003724,368,165,203
S01003725,272,67,205
S01003726,293,72,221
S01003727,274,81,193
S01003728,234,38,196
S01003729,274,93,181
S01003730,265,142,123
S01003731,264,113,151
S01003732,352,101,251
S01003733,334,116,218
S01003734,282,94,188
S01003735,294,62,232
S01003736,349,132,217
S01003737,275,90,185
S01003738,267,31,236
S01003739,257,48,209
S01003740,244,34,210
S01003741,366,27,339
S01003742,215,33,182
S01003743,251,22,229
S01003744,254,26,228
S01003745,298,84,214
S01003746,317,55,262
S01003747,419,88,331
S01003748,242,58,184
S01003749,334,67,267
S01003750,241,20,221
S01003751,421,88,333
S01003752,346,62,284
S01003753,407,77,330
S01003754,395,155,240
S01003755,311,94,217
S01003756,331,59,272
S01003757,246,30,216
S01003758,340,48,292
S01003759,280,32,248
S01003760,311,46,265
S01003761,359,70,289
S01003762,308,25,283
S01003763,393,113,280
S01003764,349,90,259
S01003765,322,100,222
S01003766,293,82,211
S01003767,303,53,250
S01003768,241,43,198
S01003769,302,86,216
S01003770,263,13,250
S01003771,279,15,264
S01003772,233,20,213
S01003773,303,51,252
S01003774,263,42,221
S01003775,332,32,300
S01003776,237,26,211
S01003777,368,46,322
S01003778,205,13,192
S01003779,200,23,177
S01003780,322,10,312
S01003781,290,43,247
S01003782,216,6,210
S01003783,379,77,302
S01003784,244,20,224
S01003785,365,50,315
S01003786,381,39,342
S01003787,255,26,229
S01003788,301,39,262
S01003789,195,11,184
S01003790,239,101,138
S01003791,320,75,245
S01003792,326,38,288
S01003793,263,154,109
S01003794,340,75,265
S01003795,232,17,215
S01003796,296,171,125
S01003797,493,207,286
S01003798,331,42,289
S01003799,310,39,271
S01003800,287,112,175
S01003801,355,137,218
S01003802,307,76,231
S01003803,267,26,241
S01003804,282,78,204
S01003805,427,182,245
S01003806,285,111,174
S01003807,360,49,311
S01003808,291,112,179
S01003809,293,94,199
S01003810,350,59,291
S01003811,284,22,262
S01003812,471,216,255
S01003813,360,51,309
S01003814,336,35,301
S01003815,385,141,244
S01003816,378,34,344
S01003817,419,221,198
S01003818,346,172,174
S01003819,240,16,224
S01003820,482,180,302
S01003821,349,139,210
S01003822,241,83,158
S01003823,423,145,278
S01003824,351,140,211
S01003825,243,32,211
S01003826,330,93,237
S01003827,361,85,276
S01003828,250,26,224
S01003829,262,105,157
S01003830,354,144,210
S01003831,304,56,248
S01003832,400,121,279
S01003833,340,199,141
S01003834,300,85,215
S01003835,260,40,220
S01003836,298,72,226
S01003837,403,208,195
S01003838,204,39,165
S01003839,336,168,168
S01003840,305,54,251
S01003841,272,54,218
S01003842,233,26,207
S01003843,262,24,238
S01003844,326,33,293
S01003845,450,219,231
S01003846,374,69,305
S01003847,261,67,194
S01003848,263,22,241
S01003849,456,325,131
S01003850,251,28,223
S01003851,325,22,303
S01003852,229,37,192
S01003853,450,287,163
S01003854,290,87,203
S01003855,443,277,166
S01003856,288,82,206
S01003857,295,32,263
S01003858,220,69,151
S01003859,213,15,198
S01003860,347,259,88
S01003861,389,66,323
S01003862,246,173,73
S01003863,261,22,239
S01003864,378,61,317
S01003865,305,33,272
S01003866,330,43,287
S01003867,432,131,301
S01003868,254,20,234
S01003869,316,47,269
S01003870,320,56,264
S01003871,340,50,290
S01003872,321,16,305
S01003873,408,41,367
S01003874,258,23,235
S01003875,186,10,176
S01003876,251,16,235
S01003877,215,15,200
S01003878,407,129,278
S01003879,261,27,234
S01003880,390,91,299
S01003881,304,34,270
S01003882,263,125,138
S01003883,216,38,178
S01003884,305,99,206
S01003885,264,87,177
S01003886,211,67,144
S01003887,382,189,193
S01003888,234,13,221
S01003889,250,48,202
S01003890,269,51,218
S01003891,311,49,262
S01003892,254,73,181
S01003893,272,31,241
S01003894,401,136,265
S01003895,268,40,228
S01003896,271,31,240
S01003897,312,70,242
S01003898,333,64,269
S01003899,328,72,256
S01003900,384,133,251
S01003901,240,46,194
S01003902,356,87,269
S01003903,228,7,221
S01003904,372,122,250
S01003905,337,33,304
S01003906,327,116,211
S01003907,379,188,191
S01003908,314,90,224
S01003909,269,28,241
S01003910,236,68,168
S01003911,241,41,200
S01003912,281,35,246
S01003913,265,26,239
S01003914,366,82,284
S01003915,264,30,234
S01003916,310,20,290
S01003917,377,101,276
S01003918,346,50,296
S01003919,288,103,185
S01003920,275,109,166
S01003921,370,140,230
S01003922,314,135,179
S01003923,276,106,170
S01003924,245,127,118
S01003925,305,88,217
S01003926,230,108,122
S01003927,271,32,239
S01003928,336,126,210
S01003929,215,73,142
S01003930,308,87,221
S01003931,360,128,232
S01003932,334,57,277
S01003933,286,55,231
S01003934,368,54,314
S01003935,325,96,229
S01003936,329,17,312
S01003937,346,132,214
S01003938,220,13,207
S01003939,261,36,225
S01003940,377,128,249
S01003941,233,34,199
S01003942,313,97,216
S01003943,312,112,200
S01003944,293,85,208
S01003945,282,26,256
S01003946,367,72,295
S01003947,222,26,196
S01003948,272,22,250
S01003949,246,28,218
S01003950,262,73,189
S01003951,245,52,193
S01003952,218,23,195
S01003953,252,49,203
S01003954,247,46,201
S01003955,293,104,189
S01003956,253,59,194
S01003957,310,79,231
S01003958,342,93,249
S01003959,341,40,301
S01003960,385,97,288
S01003961,273,108,165
S01003962,280,111,169
S01003963,216,21,195
S01003964,197,20,177
S01003965,259,40,219
S01003966,420,89,331
S01003967,239,61,178
S01003968,443,147,296
S01003969,347,82,265
S01003970,282,42,240
S01003971,297,97,200
S01003972,270,40,230
S01003973,219,45,174
S01003974,389,72,317
S01003975,276,23,253
S01003976,338,166,172
S01003977,255,140,115
S01003978,294,160,134
S01003979,240,96,144
S01003980,211,27,184
S01003981,270,115,155
S01003982,319,87,232
S01003983,298,56,242
S01003984,300,109,191
S01003985,351,183,168
S01003986,273,123,150
S01003987,194,33,161
S01003988,251,73,178
S01003989,339,51,288
S01003990,230,61,169
S01003991,256,43,213
S01003992,401,80,321
S01003993,263,23,240
S01003994,275,50,225
S01003995,373,42,331
S01003996,206,27,179
S01003997,414,188,226
S01003998,259,64,195
S01003999,341,70,271
S01004000,360,146,214
S01004001,290,116,174
S01004002,472,203,269
S01004003,234,50,184
S01004004,357,147,210
S01004005,271,77,194
S01004006,230,46,184
S01004007,249,106,143
S01004008,261,33,228
S01004009,256,32,224
S01004010,331,46,285
S01004011,385,17,368
S01004012,280,25,255
S01004013,219,19,200
S01004014,284,60,224
S01004015,357,25,332
S01004016,207,14,193
S01004017,426,66,360
S01004018,271,21,250
S01004019,179,4,175
S01004020,314,77,237
S01004021,278,5,273
S01004022,233,51,182
S01004023,231,43,188
S01004024,264,58,206
S01004025,378,191,187
S01004026,263,121,142
S01004027,328,145,183
S01004028,325,166,159
S01004029,387,166,221
S01004030,330,188,142
S01004031,249,116,133
S01004032,205,136,69
S01004033,341,180,161
S01004034,260,50,210
S01004035,318,161,157
S01004036,257,111,146
S01004037,252,58,194
S01004038,268,118,150
S01004039,181,113,68
S01004040,280,79,201
S01004041,286,139,147
S01004042,345,212,133
S01004043,277,36,241
S01004044,418,310,108
S01004045,248,123,125
S01004046,355,233,122
S01004047,294,126,168
S01004048,395,175,220
S01004049,333,117,216
S01004050,243,161,82
S01004051,288,176,112
S01004052,279,160,119
S01004053,439,231,208
S01004054,368,142,226
S01004055,195,45,150
S01004056,287,122,165
S01004057,385,145,240
S01004058,268,161,107
S01004059,263,114,149
S01004060,220,121,99
S01004061,339,217,122
S01004062,335,107,228
S01004063,397,249,148
S01004064,293,121,172
S01004065,486,304,182
S01004066,226,115,111
S01004067,347,120,227
S01004068,373,212,161
S01004069,300,153,147
S01004070,215,138,77
S01004071,430,229,201
S01004072,500,231,269
S01004073,274,126,148
S01004074,344,192,152
S01004075,261,184,77
S01004076,258,102,156
S01004077,320,94,226
S01004078,368,176,192
S01004079,325,181,144
S01004080,362,245,117
S01004081,252,18,234
S01004082,327,28,299
S01004083,441,280,161
S01004084,463,328,135
S01004085,328,187,141
S01004086,501,395,106
S01004087,218,127,91
S01004088,219,114,105
S01004089,340,184,156
S01004090,181,107,74
S01004091,318,71,247
S01004092,365,181,184
S01004093,371,256,115
S01004094,278,219,59
S01004095,239,84,155
S01004096,261,12,249
S01004097,319,195,124
S01004098,251,52,199
S01004099,310,22,288
S01004100,295,123,172
S01004101,341,137,204
S01004102,302,68,234
S01004103,289,87,202
S01004104,276,14,262
S01004105,324,113,211
S01004106,357,94,263
S01004107,284,58,226
S01004108,307,76,231
S01004109,253,39,214
S01004110,272,68,204
S01004111,375,56,319
S01004112,297,49,248
S01004113,334,111,223
S01004114,402,189,213
S01004115,302,71,231
S01004116,274,49,225
S01004117,356,108,248
S01004118,581,357,224
S01004119,323,116,207
S01004120,317,46,271
S01004121,195,11,184
S01004122,252,18,234
S01004123,212,21,191
S01004124,387,47,340
S01004125,315,93,222
S01004126,368,166,202
S01004127,324,8,316
S01004128,270,12,258
S01004129,327,67,260
S01004130,200,41,159
S01004131,374,193,181
S01004132,234,65,169
S01004133,362,131,231
S01004134,268,17,251
S01004135,300,146,154
S01004136,230,72,158
S01004137,206,11,195
S01004138,306,102,204
S01004139,209,40,169
S01004140,224,56,168
S01004141,285,90,195
S01004142,204,37,167
S01004143,381,114,267
S01004144,375,108,267
S01004145,263,66,197
S01004146,285,50,235
S01004147,320,105,215
S01004148,333,23,310
S01004149,247,78,169
S01004150,204,12,192
S01004151,198,16,182
S01004152,286,109,177
S01004153,360,104,256
S01004154,282,53,229
S01004155,343,141,202
S01004156,356,128,228
S01004157,234,21,213
S01004158,311,95,216
S01004159,152,51,101
S01004160,259,64,195
S01004161,241,34,207
S01004162,250,28,222
S01004163,258,90,168
S01004164,398,106,292
S01004165,372,42,330
S01004166,202,56,146
S01004167,294,136,158
S01004168,279,91,188
S01004169,212,67,145
S01004170,259,106,153
S01004171,283,85,198
S01004172,320,119,201
S01004173,237,71,166
S01004174,315,81,234
S01004175,251,83,168
S01004176,248,30,218
S01004177,200,83,117
S01004178,235,71,164
S01004179,208,46,162
S01004180,301,8,293
S01004181,295,70,225
S01004182,387,196,191
S01004183,333,23,310
S01004184,356,131,225
S01004185,290,104,186
S01004186,333,159,174
S01004187,306,111,195
S01004188,303,125,178
S01004189,209,6,203
S01004190,318,126,192
S01004191,353,152,201
S01004192,348,139,209
S01004193,256,69,187
S01004194,340,125,215
S01004195,243,66,177
S01004196,277,128,149
S01004197,310,131,179
S01004198,256,45,211
S01004199,376,117,259
S01004200,291,28,263
S01004201,307,62,245
S01004202,221,37,184
S01004203,405,149,256
S01004204,304,49,255
S01004205,290,113,177
S01004206,235,23,212
S01004207,313,117,196
S01004208,320,69,251
S01004209,239,34,205
S01004210,270,61,209
S01004211,276,10,266
S01004212,336,23,313
S01004213,342,109,233
S01004214,291,25,266
S01004215,206,17,189
S01004216,335,59,276
S01004217,232,91,141
S01004218,381,154,227
S01004219,228,71,157
S01004220,333,67,266
S01004221,343,95,248
S01004222,289,145,144
S01004223,326,176,150
S01004224,289,114,175
S01004225,456,241,215
S01004226,345,145,200
S01004227,248,60,188
S01004228,315,41,274
S01004229,281,91,190
S01004230,296,100,196
S01004231,320,118,202
S01004232,259,36,223
S01004233,299,46,253
S01004234,370,33,337
S01004235,251,24,227
S01004236,399,106,293
S01004237,301,86,215
S01004238,217,31,186
S01004239,306,73,233
S01004240,267,29,238
S01004241,227,38,189
S01004242,340,20,320
S01004243,218,14,204
S01004244,273,90,183
S01004245,320,74,246
S01004246,218,11,207
S01004247,387,122,265
S01004248,412,133,279
S01004249,388,100,288
S01004250,456,127,329
S01004251,395,107,288
S01004252,214,9,205
S01004253,223,37,186
S01004254,253,12,241
S01004255,266,19,247
S01004256,199,36,163
S01004257,218,11,207
S01004258,273,23,250
S01004259,192,19,173
S01004260,231,22,209
S01004261,332,112,220
S01004262,290,29,261
S01004263,336,132,204
S01004264,331,96,235
S01004265,340,75,265
S01004266,282,127,155
S01004267,217,25,192
S01004268,254,62,192
S01004269,353,95,258
S01004270,318,175,143
S01004271,304,139,165
S01004272,249,18,231
S01004273,290,23,267
S01004274,337,37,300
S01004275,252,52,200
S01004276,339,99,240
S01004277,298,23,275
S01004278,412,80,332
S01004279,360,111,249
S01004280,447,134,313
S01004281,230,36,194
S01004282,399,170,229
S01004283,310,90,220
S01004284,409,165,244
S01004285,278,10,268
S01004286,259,37,222
S01004287,275,50,225
S01004288,268,45,223
S01004289,213,47,166
S01004290,269,26,243
S01004291,356,60,296
S01004292,250,16,234
S01004293,375,71,304
S01004294,388,105,283
S01004295,360,100,260
S01004296,358,64,294
S01004297,324,101,223
S01004298,397,30,367
S01004299,332,190,142
S01004300,315,164,151
S01004301,264,19,245
S01004302,315,20,295
S01004303,232,92,140
S01004304,430,178,252
S01004305,294,92,202
S01004306,292,108,184
S01004307,223,40,183
S01004308,413,145,268
S01004309,274,14,260
S01004310,338,86,252
S01004311,332,104,228
S01004312,336,69,267
S01004313,372,21,351
S01004314,337,106,231
S01004315,195,44,151
S01004316,147,1,146
S01004317,362,63,299
S01004318,270,139,131
S01004319,348,50,298
S01004320,350,111,239
S01004321,336,151,185
S01004322,429,134,295
S01004323,307,124,183
S01004324,364,147,217
S01004325,439,133,306
S01004326,337,66,271
S01004327,290,56,234
S01004328,279,72,207
S01004329,233,54,179
S01004330,391,54,337
S01004331,268,97,171
S01004332,240,58,182
S01004333,216,49,167
S01004334,324,21,303
S01004335,222,65,157
S01004336,407,103,304
S01004337,307,90,217
S01004338,273,66,207
S01004339,358,41,317
S01004340,218,79,139
S01004341,223,66,157
S01004342,279,21,258
S01004343,206,71,135
S01004344,364,105,259
S01004345,370,86,284
S01004346,190,54,136
S01004347,330,67,263
S01004348,268,66,202
S01004349,353,65,288
S01004350,257,30,227
S01004351,245,90,155
S01004352,258,43,215
S01004353,414,103,311
S01004354,219,23,196
S01004355,207,54,153
S01004356,436,173,263
S01004357,278,13,265
S01004358,290,34,256
S01004359,217,97,120
S01004360,273,125,148
S01004361,255,66,189
S01004362,281,170,111
S01004363,486,309,177
S01004364,392,200,192
S01004365,294,117,177
S01004366,263,95,168
S01004367,316,106,210
S01004368,309,166,143
S01004369,294,72,222
S01004370,295,64,231
S01004371,300,126,174
S01004372,407,62,345
S01004373,264,148,116
S01004374,347,177,170
S01004375,272,113,159
S01004376,365,129,236
S01004377,385,174,211
S01004378,444,173,271
S01004379,409,193,216
S01004380,299,173,126
S01004381,328,118,210
S01004382,341,160,181
S01004383,365,145,220
S01004384,310,132,178
S01004385,360,79,281
S01004386,378,96,282
S01004387,455,188,267
S01004388,335,207,128
S01004389,248,69,179
S01004390,346,155,191
S01004391,237,22,215
S01004392,387,136,251
S01004393,435,189,246
S01004394,389,223,166
S01004395,234,139,95
S01004396,333,121,212
S01004397,344,39,305
S01004398,361,100,261
S01004399,248,140,108
S01004400,212,86,126
S01004401,368,38,330
S01004402,351,144,207
S01004403,193,38,155
S01004404,233,21,212
S01004405,296,80,216
S01004406,370,217,153
S01004407,280,135,145
S01004408,224,21,203
S01004409,284,55,229
S01004410,349,122,227
S01004411,288,129,159
S01004412,468,215,253
S01004413,424,258,166
S01004414,449,289,160
S01004415,316,180,136
S01004416,330,145,185
S01004417,356,206,150
S01004418,387,162,225
S01004419,349,124,225
S01004420,342,85,257
S01004421,430,310,120
S01004422,306,156,150
S01004423,375,148,227
S01004424,318,180,138
S01004425,227,46,181
S01004426,259,98,161
S01004427,373,208,165
S01004428,335,160,175
S01004429,318,183,135
S01004430,207,63,144
S01004431,420,259,161
S01004432,382,143,239
S01004433,369,131,238
S01004434,380,179,201
S01004435,285,91,194
S01004436,327,136,191
S01004437,340,136,204
S01004438,276,126,150
S01004439,256,118,138
S01004440,328,183,145
S01004441,307,17,290
S01004442,430,204,226
S01004443,265,109,156
S01004444,377,189,188
S01004445,276,124,152
S01004446,335,143,192
S01004447,302,149,153
S01004448,239,29,210
S01004449,390,200,190
S01004450,520,327,193
S01004451,388,242,146
S01004452,301,57,244
S01004453,360,23,337
S01004454,416,171,245
S01004455,334,50,284
S01004456,231,10,221
S01004457,381,184,197
S01004458,348,165,183
S01004459,276,112,164
S01004460,226,13,213
S01004461,232,39,193
S01004462,225,15,210
S01004463,299,60,239
S01004464,313,147,166
S01004465,298,37,261
S01004466,395,106,289
S01004467,395,213,182
S01004468,293,44,249
S01004469,225,96,129
S01004470,193,12,181
S01004471,216,20,196
S01004472,304,23,281
S01004473,422,32,390
S01004474,440,188,252
S01004475,186,5,181
S01004476,356,113,243
S01004477,376,91,285
S01004478,273,91,182
S01004479,259,32,227
S01004480,420,190,230
S01004481,255,125,130
S01004482,523,279,244
S01004483,254,88,166
S01004484,399,62,337
S01004485,217,16,201
S01004486,357,33,324
S01004487,482,200,282
S01004488,321,127,194
S01004489,320,33,287
S01004490,275,32,243
S01004491,350,178,172
S01004492,429,166,263
S01004493,429,130,299
S01004494,394,198,196
S01004495,341,179,162
S01004496,300,112,188
S01004497,397,192,205
S01004498,286,80,206
S01004499,281,93,188
S01004500,320,35,285
S01004501,278,95,183
S01004502,299,51,248
S01004503,416,212,204
S01004504,283,132,151
S01004505,216,73,143
S01004506,210,73,137
S01004507,345,97,248
S01004508,305,105,200
S01004509,268,14,254
S01004510,384,77,307
S01004511,461,142,319
S01004512,409,107,302
S01004513,298,115,183
S01004514,234,67,167
S01004515,488,289,199
S01004516,233,91,142
S01004517,430,224,206
S01004518,259,63,196
S01004519,353,138,215
S01004520,384,116,268
S01004521,328,60,268
S01004522,247,32,215
S01004523,333,57,276
S01004524,285,42,243
S01004525,312,43,269
S01004526,271,25,246
S01004527,249,81,168
S01004528,365,122,243
S01004529,292,54,238
S01004530,185,5,180
S01004531,322,107,215
S01004532,333,195,138
S01004533,258,184,74
S01004534,258,107,151
S01004535,312,87,225
S01004536,288,127,161
S01004537,340,148,192
S01004538,311,100,211
S01004539,278,122,156
S01004540,366,148,218
S01004541,356,136,220
S01004542,209,27,182
S01004543,354,141,213
S01004544,482,203,279
S01004545,362,160,202
S01004546,397,203,194
S01004547,471,242,229
S01004548,354,159,195
S01004549,367,161,206
S01004550,418,262,156
S01004551,388,92,296
S01004552,339,201,138
S01004553,210,58,152
S01004554,280,90,190
S01004555,290,75,215
S01004556,331,189,142
S01004557,184,44,140
S01004558,461,201,260
S01004559,497,159,338
S01004560,210,100,110
S01004561,449,263,186
S01004562,237,96,141
S01004563,374,120,254
S01004564,239,42,197
S01004565,257,17,240
S01004566,272,36,236
S01004567,309,172,137
S01004568,282,97,185
S01004569,305,208,97
S01004570,237,7,230
S01004571,285,78,207
S01004572,325,108,217
S01004573,262,95,167
S01004574,200,15,185
S01004575,355,138,217
S01004576,226,16,210
S01004577,265,72,193
S01004578,330,9,321
S01004579,366,247,119
S01004580,370,162,208
S01004581,483,176,307
S01004582,263,39,224
S01004583,426,246,180
S01004584,234,103,131
S01004585,273,123,150
S01004586,451,69,382
S01004587,527,348,179
S01004588,284,102,182
S01004589,334,41,293
S01004590,297,141,156
S01004591,254,102,152
S01004592,233,79,154
S01004593,342,86,256
S01004594,268,142,126
S01004595,378,63,315
S01004596,404,244,160
S01004597,221,23,198
S01004598,289,105,184
S01004599,184,17,167
S01004600,375,193,182
S01004601,375,184,191
S01004602,354,27,327
S01004603,500,300,200
S01004604,260,124,136
S01004605,372,196,176
S01004606,334,180,154
S01004607,279,119,160
S01004608,280,118,162
S01004609,230,111,119
S01004610,283,146,137
S01004611,495,199,296
S01004612,265,114,151
S01004613,294,62,232
S01004614,368,108,260
S01004615,354,153,201
S01004616,303,76,227
S01004617,255,135,120
S01004618,285,177,108
S01004619,258,153,105
S01004620,398,205,193
S01004621,355,73,282
S01004622,351,107,244
S01004623,471,188,283
S01004624,500,282,218
S01004625,337,140,197
S01004626,262,139,123
S01004627,282,55,227
S01004628,245,140,105
S01004629,364,21,343
S01004630,399,116,283
S01004631,354,154,200
S01004632,317,127,190
S01004633,220,51,169
S01004634,350,45,305
S01004635,341,187,154
S01004636,337,181,156
S01004637,230,87,143
S01004638,260,134,126
S01004639,305,152,153
S01004640,329,132,197
S01004641,245,60,185
S01004642,360,140,220
S01004643,210,119,91
S01004644,297,89,208
S01004645,457,277,180
S01004646,314,152,162
S01004647,397,94,303
S01004648,405,203,202
S01004649,276,119,157
S01004650,355,153,202
S01004651,362,159,203
S01004652,419,148,271
S01004653,284,121,163
S01004654,311,58,253
S01004655,382,189,193
S01004656,248,156,92
S01004657,297,48,249
S01004658,390,80,310
S01004659,226,65,161
S01004660,259,17,242
S01004661,335,156,179
S01004662,397,171,226
S01004663,221,73,148
S01004664,289,101,188
S01004665,327,177,150
S01004666,307,103,204
S01004667,289,130,159
S01004668,371,85,286
S01004669,357,136,221
S01004670,446,218,228
S01004671,379,111,268
S01004672,251,104,147
S01004673,367,174,193
S01004674,346,112,234
S01004675,323,88,235
S01004676,361,149,212
S01004677,379,176,203
S01004678,249,59,190
S01004679,240,102,138
S01004680,418,260,158
S01004681,291,50,241
S01004682,302,187,115
S01004683,260,19,241
S01004684,333,110,223
S01004685,261,153,108
S01004686,303,155,148
S01004687,309,138,171
S01004688,264,13,251
S01004689,368,111,257
S01004690,246,28,218
S01004691,271,8,263
S01004692,295,147,148
S01004693,290,41,249
S01004694,251,120,131
S01004695,233,4,229
S01004696,347,198,149
S01004697,320,53,267
S01004698,215,10,205
S01004699,326,189,137
S01004700,332,129,203
S01004701,224,5,219
S01004702,235,63,172
S01004703,305,31,274
S01004704,244,112,132
S01004705,342,58,284
S01004706,195,10,185
S01004707,376,144,232
S01004708,277,101,176
S01004709,262,38,224
S01004710,372,176,196
S01004711,315,158,157
S01004712,225,76,149
S01004713,294,124,170
S01004714,305,96,209
S01004715,361,125,236
S01004716,381,163,218
S01004717,278,118,160
S01004718,408,142,266
S01004719,311,131,180
S01004720,282,90,192
S01004721,219,13,206
S01004722,289,140,149
S01004723,219,45,174
S01004724,441,230,211
S01004725,240,65,175
S01004726,226,99,127
S01004727,455,268,187
S01004728,237,19,218
S01004729,256,121,135
S01004730,447,240,207
S01004731,315,120,195
S01004732,233,42,191
S01004733,335,147,188
S01004734,251,132,119
S01004735,385,159,226
S01004736,301,150,151
S01004737,298,126,172
S01004738,389,221,168
S01004739,268,24,244
S01004740,247,18,229
S01004741,266,86,180
S01004742,383,173,210
S01004743,325,12,313
S01004744,240,116,124
S01004745,359,235,124
S01004746,293,142,151
S01004747,262,17,245
S01004748,261,116,145
S01004749,340,146,194
S01004750,294,156,138
S01004751,366,231,135
S01004752,294,88,206
S01004753,293,112,181
S01004754,285,75,210
S01004755,319,120,199
S01004756,262,74,188
S01004757,342,164,178
S01004758,372,142,230
S01004759,225,29,196
S01004760,285,139,146
S01004761,223,95,128
S01004762,286,93,193
S01004763,305,23,282
S01004764,318,139,179
S01004765,480,303,177
S01004766,330,154,176
S01004767,261,108,153
S01004768,372,165,207
S01004769,230,60,170
S01004770,303,141,162
S01004771,397,176,221
S01004772,283,123,160
S01004773,317,134,183
S01004774,354,35,319
S01004775,488,358,130
S01004776,328,88,240
S01004777,235,14,221
S01004778,296,144,152
S01004779,334,162,172
S01004780,213,92,121
S01004781,354,122,232
S01004782,335,145,190
S01004783,367,64,303
S01004784,312,129,183
S01004785,236,83,153
S01004786,239,92,147
S01004787,449,126,323
S01004788,259,25,234
S01004789,506,245,261
S01004790,262,17,245
S01004791,270,66,204
S01004792,310,72,238
S01004793,378,94,284
S01004794,314,168,146
S01004795,336,130,206
S01004796,312,83,229
S01004797,318,132,186
S01004798,420,240,180
S01004799,238,108,130
S01004800,272,118,154
S01004801,315,150,165
S01004802,370,138,232
S01004803,382,203,179
S01004804,442,242,200
S01004805,283,170,113
S01004806,237,90,147
S01004807,267,163,104
S01004808,328,184,144
S01004809,218,87,131
S01004810,237,106,131
S01004811,269,105,164
S01004812,339,195,144
S01004813,330,101,229
S01004814,363,144,219
S01004815,284,84,200
S01004816,304,132,172
S01004817,279,149,130
S01004818,324,134,190
S01004819,217,83,134
S01004820,391,186,205
S01004821,363,92,271
S01004822,280,107,173
S01004823,322,143,179
S01004824,301,49,252
S01004825,261,135,126
S01004826,310,155,155
S01004827,287,123,164
S01004828,393,86,307
S01004829,308,135,173
S01004830,333,170,163
S01004831,326,29,297
S01004832,293,84,209
S01004833,356,131,225
S01004834,361,117,244
S01004835,274,62,212
S01004836,259,24,235
S01004837,270,59,211
S01004838,367,94,273
S01004839,379,134,245
S01004840,259,94,165
S01004841,345,149,196
S01004842,205,19,186
S01004843,275,113,162
S01004844,365,117,248
S01004845,342,123,219
S01004846,281,74,207
S01004847,346,47,299
S01004848,251,25,226
S01004849,298,109,189
S01004850,323,71,252
S01004851,246,115,131
S01004852,331,194,137
S01004853,338,77,261
S01004854,420,111,309
S01004855,299,154,145
S01004856,296,79,217
S01004857,354,95,259
S01004858,368,76,292
S01004859,345,24,321
S01004860,192,18,174
S01004861,303,24,279
S01004862,219,13,206
S01004863,421,79,342
S01004864,207,14,193
S01004865,274,84,190
S01004866,347,107,240
S01004867,285,21,264
S01004868,311,139,172
S01004869,294,12,282
S01004870,344,100,244
S01004871,316,98,218
S01004872,349,123,226
S01004873,326,97,229
S01004874,361,168,193
S01004875,300,119,181
S01004876,388,119,269
S01004877,300,98,202
S01004878,340,96,244
S01004879,288,127,161
S01004880,285,144,141
S01004881,330,134,196
S01004882,220,86,134
S01004883,280,32,248
S01004884,205,5,200
S01004885,212,89,123
S01004886,346,175,171
S01004887,136,24,112
S01004888,218,5,213
S01004889,360,128,232
S01004890,334,167,167
S01004891,386,212,174
S01004892,263,9,254
S01004893,396,215,181
S01004894,416,220,196
S01004895,382,159,223
S01004896,381,144,237
S01004897,207,11,196
S01004898,441,144,297
S01004899,306,100,206
S01004900,240,12,228
S01004901,383,239,144
S01004902,370,138,232
S01004903,210,11,199
S01004904,520,245,275
S01004905,439,148,291
S01004906,384,167,217
S01004907,301,26,275
S01004908,254,75,179
S01004909,390,92,298
S01004910,336,103,233
S01004911,254,8,246
S01004912,304,118,186
S01004913,282,139,143
S01004914,269,44,225
S01004915,260,114,146
S01004916,335,134,201
S01004917,187,3,184
S01004918,252,20,232
S01004919,202,70,132
S01004920,413,156,257
S01004921,317,136,181
S01004922,227,7,220
S01004923,311,64,247
S01004924,346,100,246
S01004925,255,85,170
S01004926,308,6,302
S01004927,339,18,321
S01004928,236,2,234
S01004929,243,20,223
S01004930,289,127,162
S01004931,425,194,231
S01004932,348,187,161
S01004933,326,115,211
S01004934,298,118,180
S01004935,205,9,196
S01004936,488,240,248
S01004937,246,138,108
S01004938,356,167,189
S01004939,239,90,149
S01004940,217,74,143
S01004941,252,112,140
S01004942,361,64,297
S01004943,322,85,237
S01004944,205,40,165
S01004945,269,91,178
S01004946,245,21,224
S01004947,256,25,231
S01004948,261,78,183
S01004949,241,20,221
S01004950,189,9,180
S01004951,315,130,185
S01004952,386,64,322
S01004953,423,159,264
S01004954,313,123,190
S01004955,279,83,196
S01004956,306,67,239
S01004957,264,17,247
S01004958,401,146,255
S01004959,343,176,167
S01004960,253,90,163
S01004961,300,94,206
S01004962,217,15,202
S01004963,251,45,206
S01004964,392,46,346
S01004965,344,50,294
S01004966,321,32,289
S01004967,228,24,204
S01004968,242,41,201
S01004969,390,71,319
S01004970,350,66,284
S01004971,426,78,348
S01004972,319,71,248
S01004973,309,11,298
S01004974,341,16,325
S01004975,302,8,294
S01004976,336,87,249
S01004977,458,134,324
S01004978,365,42,323
S01004979,343,28,315
S01004980,443,28,415
S01004981,382,24,358
S01004982,232,6,226
S01004983,386,68,318
S01004984,322,46,276
S01004985,295,41,254
S01004986,242,17,225
S01004987,201,10,191
S01004988,203,9,194
S01004989,261,17,244
S01004990,214,25,189
S01004991,241,21,220
S01004992,356,110,246
S01004993,283,16,267
S01004994,329,50,279
S01004995,429,127,302
S01004996,272,38,234
S01004997,348,26,322
S01004998,326,40,286
S01004999,344,59,285
S01005000,254,42,212
S01005001,379,33,346
S01005002,372,47,325
S01005003,353,20,333
S01005004,248,53,195
S01005005,434,119,315
S01005006,276,55,221
S01005007,407,101,306
S01005008,361,30,331
S01005009,276,35,241
S01005010,265,68,197
S01005011,262,128,134
S01005012,347,122,225
S01005013,284,71,213
S01005014,333,124,209
S01005015,281,74,207
S01005016,345,110,235
S01005017,306,35,271
S01005018,232,56,176
S01005019,381,174,207
S01005020,326,68,258
S01005021,359,41,318
S01005022,282,73,209
S01005023,265,37,228
S01005024,420,131,289
S01005025,286,44,242
S01005026,237,17,220
S01005027,287,22,265
S01005028,264,41,223
S01005029,480,105,375
S01005030,424,82,342
S01005031,382,144,238
S01005032,427,130,297
S01005033,267,8,259
S01005034,351,33,318
S01005035,404,66,338
S01005036,214,35,179
S01005037,605,344,261
S01005038,338,23,315
S01005039,458,58,400
S01005040,564,356,208
S01005041,365,199,166
S01005042,347,33,314
S01005043,373,143,230
S01005044,490,169,321
S01005045,319,27,292
S01005046,419,92,327
S01005047,641,406,235
S01005048,200,9,191
S01005049,433,240,193
S01005050,455,223,232
S01005051,374,18,356
S01005052,272,10,262
S01005053,365,189,176
S01005054,230,90,140
S01005055,324,133,191
S01005056,376,142,234
S01005057,357,200,157
S01005058,284,119,165
S01005059,231,88,143
S01005060,330,156,174
S01005061,458,151,307
S01005062,217,56,161
S01005063,208,13,195
S01005064,331,40,291
S01005065,428,173,255
S01005066,357,207,150
S01005067,201,15,186
S01005068,286,103,183
S01005069,289,132,157
S01005070,421,139,282
S01005071,110,78,32
S01005072,265,120,145
S01005073,281,35,246
S01005074,330,59,271
S01005075,175,103,72
S01005076,328,143,185
S01005077,272,16,256
S01005078,324,136,188
S01005079,294,125,169
S01005080,205,93,112
S01005081,288,118,170
S01005082,289,44,245
S01005083,462,138,324
S01005084,281,127,154
S01005085,239,35,204
S01005086,311,122,189
S01005087,223,71,152
S01005088,243,51,192
S01005089,351,88,263
S01005090,386,62,324
S01005091,302,32,270
S01005092,303,64,239
S01005093,347,127,220
S01005094,224,15,209
S01005095,406,45,361
S01005096,242,35,207
S01005097,310,36,274
S01005098,266,64,202
S01005099,372,74,298
S01005100,231,21,210
S01005101,376,91,285
S01005102,382,23,359
S01005103,370,19,351
S01005104,282,13,269
S01005105,370,88,282
S01005106,241,58,183
S01005107,186,21,165
S01005108,270,71,199
S01005109,375,20,355
S01005110,439,39,400
S01005111,219,30,189
S01005112,365,23,342
S01005113,441,104,337
S01005114,412,154,258
S01005115,400,64,336
S01005116,284,33,251
S01005117,284,35,249
S01005118,359,86,273
S01005119,282,19,263
S01005120,261,35,226
S01005121,313,27,286
S01005122,335,66,269
S01005123,355,49,306
S01005124,304,74,230
S01005125,434,202,232
S01005126,236,27,209
S01005127,281,125,156
S01005128,376,75,301
S01005129,334,84,250
S01005130,291,135,156
S01005131,375,91,284
S01005132,270,43,227
S01005133,151,4,147
S01005134,429,125,304
S01005135,309,68,241
S01005136,373,119,254
S01005137,388,48,340
S01005138,457,98,359
S01005139,279,31,248
S01005140,246,18,228
S01005141,407,50,357
S01005142,284,71,213
S01005143,457,127,330
S01005144,455,99,356
S01005145,353,56,297
S01005146,291,53,238
S01005147,384,51,333
S01005148,270,64,206
S01005149,278,98,180
S01005150,264,60,204
S01005151,279,73,206
S01005152,290,35,255
S01005153,318,32,286
S01005154,226,8,218
S01005155,287,47,240
S01005156,300,147,153
S01005157,391,186,205
S01005158,291,78,213
S01005159,390,160,230
S01005160,438,220,218
S01005161,352,76,276
S01005162,445,202,243
S01005163,255,115,140
S01005164,378,120,258
S01005165,360,151,209
S01005166,428,207,221
S01005167,332,210,122
S01005168,266,47,219
S01005169,235,44,191
S01005170,301,49,252
S01005171,347,180,167
S01005172,301,19,282
S01005173,244,44,200
S01005174,366,226,140
S01005175,293,47,246
S01005176,339,193,146
S01005177,449,256,193
S01005178,362,148,214
S01005179,416,106,310
S01005180,353,20,333
S01005181,334,42,292
S01005182,385,229,156
S01005183,428,219,209
S01005184,326,216,110
S01005185,242,103,139
S01005186,412,187,225
S01005187,471,191,280
S01005188,349,13,336
S01005189,417,236,181
S01005190,354,24,330
S01005191,352,178,174
S01005192,315,77,238
S01005193,290,20,270
S01005194,280,116,164
S01005195,347,16,331
S01005196,342,174,168
S01005197,472,249,223
S01005198,377,46,331
S01005199,326,138,188
S01005200,240,32,208
S01005201,391,194,197
S01005202,396,177,219
S01005203,343,98,245
S01005204,214,25,189
S01005205,407,62,345
S01005206,349,47,302
S01005207,460,251,209
S01005208,309,185,124
S01005209,411,195,216
S01005210,620,412,208
S01005211,367,208,159
S01005212,289,51,238
S01005213,408,91,317
S01005214,408,243,165
S01005215,403,197,206
S01005216,256,121,135
S01005217,327,92,235
S01005218,500,327,173
S01005219,367,206,161
S01005220,305,95,210
S01005221,258,31,227
S01005222,292,140,152
S01005223,371,152,219
S01005224,261,19,242
S01005225,386,76,310
S01005226,214,88,126
S01005227,437,216,221
S01005228,406,17,389
S01005229,472,252,220
S01005230,349,117,232
S01005231,348,54,294
S01005232,589,372,217
S01005233,308,167,141
S01005234,466,139,327
S01005235,275,118,157
S01005236,400,116,284
S01005237,386,55,331
S01005238,356,104,252
S01005239,530,332,198
S01005240,525,348,177
S01005241,382,58,324
S01005242,526,352,174
S01005243,502,351,151
S01005244,348,36,312
S01005245,367,189,178
S01005246,569,386,183
S01005247,274,206,68
S01005248,369,216,153
S01005249,458,273,185
S01005250,453,279,174
S01005251,376,180,196
S01005252,235,127,108
S01005253,235,24,211
S01005254,391,189,202
S01005255,355,283,72
S01005256,264,29,235
S01005257,482,166,316
S01005258,404,57,347
S01005259,269,156,113
S01005260,359,224,135
S01005261,212,114,98
S01005262,488,170,318
S01005263,217,133,84
S01005264,351,197,154
S01005265,238,155,83
S01005266,387,206,181
S01005267,382,187,195
S01005268,565,333,232
S01005269,378,182,196
S01005270,444,89,355
S01005271,230,32,198
S01005272,283,207,76
S01005273,313,84,229
S01005274,410,252,158
S01005275,302,162,140
S01005276,287,137,150
S01005277,224,61,163
S01005278,401,181,220
S01005279,196,12,184
S01005280,389,235,154
S01005281,366,149,217
S01005282,369,216,153
S01005283,293,10,283
S01005284,413,285,128
S01005285,240,54,186
S01005286,287,13,274
S01005287,355,115,240
S01005288,383,221,162
S01005289,396,183,213
S01005290,307,130,177
S01005291,306,14,292
S01005292,343,207,136
S01005293,393,212,181
S01005294,231,9,222
S01005295,275,110,165
S01005296,282,6,276
S01005297,287,34,253
S01005298,373,32,341
S01005299,227,27,200
S01005300,386,20,366
S01005301,315,16,299
S01005302,441,194,247
S01005303,328,94,234
S01005304,289,41,248
S01005305,364,178,186
S01005306,339,30,309
S01005307,321,7,314
S01005308,226,143,83
S01005309,430,184,246
S01005310,516,250,266
S01005311,391,52,339
S01005312,244,40,204
S01005313,356,37,319
S01005314,192,13,179
S01005315,320,215,105
S01005316,375,94,281
S01005317,201,19,182
S01005318,271,116,155
S01005319,236,25,211
S01005320,288,80,208
S01005321,287,116,171
S01005322,365,88,277
S01005323,324,116,208
S01005324,393,187,206
S01005325,371,157,214
S01005326,443,293,150
S01005327,280,140,140
S01005328,410,221,189
S01005329,204,14,190
S01005330,333,154,179
S01005331,356,191,165
S01005332,229,45,184
S01005333,310,15,295
S01005334,287,71,216
S01005335,185,3,182
S01005336,235,45,190
S01005337,310,26,284
S01005338,176,4,172
S01005339,312,89,223
S01005340,203,24,179
S01005341,278,100,178
S01005342,302,84,218
S01005343,333,34,299
S01005344,303,114,189
S01005345,258,27,231
S01005346,262,3,259
S01005347,273,10,263
S01005348,331,70,261
S01005349,313,50,263
S01005350,274,20,254
S01005351,315,39,276
S01005352,384,151,233
S01005353,441,173,268
S01005354,326,28,298
S01005355,313,107,206
S01005356,278,19,259
S01005357,367,158,209
S01005358,377,116,261
S01005359,338,19,319
S01005360,302,9,293
S01005361,340,17,323
S01005362,327,81,246
S01005363,268,15,253
S01005364,384,29,355
S01005365,256,17,239
S01005366,293,42,251
S01005367,485,260,225
S01005368,317,137,180
S01005369,548,248,300
S01005370,383,94,289
S01005371,439,85,354
S01005372,441,194,247
S01005373,366,167,199
S01005374,469,162,307
S01005375,449,128,321
S01005376,424,101,323
S01005377,413,170,243
S01005378,317,154,163
S01005379,405,113,292
S01005380,297,123,174
S01005381,273,106,167
S01005382,285,140,145
S01005383,260,6,254
S01005384,346,16,330
S01005385,318,12,306
S01005386,301,45,256
S01005387,414,119,295
S01005388,315,75,240
S01005389,428,176,252
S01005390,332,101,231
S01005391,333,91,242
S01005392,377,31,346
S01005393,352,29,323
S01005394,356,28,328
S01005395,362,23,339
S01005396,268,14,254
S01005397,293,52,241
S01005398,420,66,354
S01005399,497,200,297
S01005400,420,179,241
S01005401,426,112,314
S01005402,431,88,343
S01005403,391,118,273
S01005404,374,32,342
S01005405,242,35,207
S01005406,267,68,199
S01005407,420,30,390
S01005408,262,75,187
S01005409,285,60,225
S01005410,315,18,297
S01005411,398,40,358
S01005412,439,92,347
S01005413,480,165,315
S01005414,437,77,360
S01005415,326,61,265
S01005416,496,208,288
S01005417,312,36,276
S01005418,341,39,302
S01005419,319,86,233
S01005420,347,54,293
S01005421,357,63,294
S01005422,378,104,274
S01005423,368,48,320
S01005424,346,93,253
S01005425,456,234,222
S01005426,336,145,191
S01005427,425,187,238
S01005428,418,163,255
S01005429,375,160,215
S01005430,289,57,232
S01005431,312,117,195
S01005432,374,114,260
S01005433,411,134,277
S01005434,371,151,220
S01005435,414,154,260
S01005436,394,109,285
S01005437,406,83,323
S01005438,348,109,239
S01005439,319,94,225
S01005440,380,19,361
S01005441,415,109,306
S01005442,378,30,348
S01005443,437,83,354
S01005444,387,21,366
S01005445,415,100,315
S01005446,343,92,251
S01005447,340,79,261
S01005448,364,48,316
S01005449,356,16,340
S01005450,450,127,323
S01005451,415,94,321
S01005452,374,18,356
S01005453,397,74,323
S01005454,388,130,258
S01005455,476,197,279
S01005456,383,96,287
S01005457,430,159,271
S01005458,375,137,238
S01005459,334,20,314
S01005460,330,30,300
S01005461,308,24,284
S01005462,426,26,400
S01005463,239,37,202
S01005464,267,59,208
S01005465,260,53,207
S01005466,341,17,324
S01005467,230,35,195
S01005468,347,24,323
S01005469,379,31,348
S01005470,292,52,240
S01005471,289,26,263
S01005472,320,22,298
S01005473,325,29,296
S01005474,433,139,294
S01005475,317,14,303
S01005476,322,9,313
S01005477,360,61,299
S01005478,384,126,258
S01005479,239,64,175
S01005480,343,38,305
S01005481,263,64,199
S01005482,266,17,249
S01005483,298,56,242
S01005484,235,38,197
S01005485,338,128,210
S01005486,388,121,267
S01005487,293,92,201
S01005488,331,85,246
S01005489,392,44,348
S01005490,264,50,214
S01005491,385,56,329
S01005492,384,65,319
S01005493,299,45,254
S01005494,269,51,218
S01005495,268,57,211
S01005496,383,53,330
S01005497,208,10,198
S01005498,388,117,271
S01005499,277,118,159
S01005500,298,63,235
S01005501,309,56,253
S01005502,395,108,287
S01005503,268,98,170
S01005504,313,123,190
S01005505,296,125,171
S01005506,429,193,236
S01005507,253,105,148
S01005508,328,90,238
S01005509,196,14,182
S01005510,235,24,211
S01005511,236,35,201
S01005512,263,53,210
S01005513,290,51,239
S01005514,224,22,202
S01005515,204,34,170
S01005516,204,32,172
S01005517,361,74,287
S01005518,386,76,310
S01005519,281,61,220
S01005520,417,84,333
S01005521,363,89,274
S01005522,283,64,219
S01005523,362,42,320
S01005524,301,42,259
S01005525,295,100,195
S01005526,306,134,172
S01005527,251,124,127
S01005528,239,82,157
S01005529,371,157,214
S01005530,313,183,130
S01005531,278,107,171
S01005532,359,130,229
S01005533,358,129,229
S01005534,316,110,206
S01005535,359,126,233
S01005536,362,33,329
S01005537,281,58,223
S01005538,357,52,305
S01005539,393,71,322
S01005540,356,148,208
S01005541,303,140,163
S01005542,315,105,210
S01005543,342,112,230
S01005544,323,137,186
S01005545,319,57,262
S01005546,270,47,223
S01005547,293,38,255
S01005548,333,25,308
S01005549,382,62,320
S01005550,253,21,232
S01005551,388,17,371
S01005552,311,13,298
S01005553,326,26,300
S01005554,304,35,269
S01005555,266,16,250
S01005556,254,32,222
S01005557,285,89,196
S01005558,321,26,295
S01005559,255,106,149
S01005560,269,105,164
S01005561,343,21,322
S01005562,400,46,354
S01005563,389,169,220
S01005564,311,13,298
S01005565,248,25,223
S01005566,260,79,181
S01005567,490,167,323
S01005568,255,79,176
S01005569,271,26,245
S01005570,319,93,226
S01005571,264,15,249
S01005572,335,57,278
S01005573,308,101,207
S01005574,373,133,240
S01005575,280,20,260
S01005576,348,103,245
S01005577,343,57,286
S01005578,425,161,264
S01005579,320,27,293
S01005580,265,53,212
S01005581,373,145,228
S01005582,354,75,279
S01005583,280,34,246
S01005584,219,7,212
S01005585,458,268,190
S01005586,375,150,225
S01005587,423,144,279
S01005588,395,227,168
S01005589,455,184,271
S01005590,479,308,171
S01005591,419,185,234
S01005592,238,151,87
S01005593,309,117,192
S01005594,518,322,196
S01005595,323,175,148
S01005596,237,117,120
S01005597,462,220,242
S01005598,503,307,196
S01005599,237,111,126
S01005600,320,190,130
S01005601,304,122,182
S01005602,334,178,156
S01005603,210,84,126
S01005604,231,113,118
S01005605,490,198,292
S01005606,302,120,182
S01005607,290,87,203
S01005608,360,57,303
S01005609,378,126,252
S01005610,248,58,190
S01005611,316,175,141
S01005612,327,15,312
S01005613,366,138,228
S01005614,325,103,222
S01005615,466,177,289
S01005616,290,83,207
S01005617,340,118,222
S01005618,315,177,138
S01005619,232,16,216
S01005620,220,68,152
S01005621,283,96,187
S01005622,404,67,337
S01005623,346,98,248
S01005624,353,47,306
S01005625,377,76,301
S01005626,340,123,217
S01005627,291,65,226
S01005628,413,131,282
S01005629,345,66,279
S01005630,288,98,190
S01005631,319,81,238
S01005632,281,86,195
S01005633,356,142,214
S01005634,345,77,268
S01005635,337,40,297
S01005636,411,108,303
S01005637,396,94,302
S01005638,439,102,337
S01005639,303,123,180
S01005640,217,49,168
S01005641,341,65,276
S01005642,281,19,262
S01005643,269,38,231
S01005644,266,15,251
S01005645,338,45,293
S01005646,485,216,269
S01005647,348,106,242
S01005648,324,55,269
S01005649,487,197,290
S01005650,261,105,156
S01005651,423,162,261
S01005652,271,26,245
S01005653,349,109,240
S01005654,367,123,244
S01005655,389,54,335
S01005656,334,179,155
S01005657,268,84,184
S01005658,318,14,304
S01005659,327,18,309
S01005660,275,106,169
S01005661,275,20,255
S01005662,220,7,213
S01005663,254,24,230
S01005664,211,15,196
S01005665,191,10,181
S01005666,389,139,250
S01005667,315,55,260
S01005668,307,64,243
S01005669,267,56,211
S01005670,280,54,226
S01005671,204,19,185
S01005672,349,143,206
S01005673,270,32,238
S01005674,394,124,270
S01005675,427,169,258
S01005676,359,137,222
S01005677,311,14,297
S01005678,337,40,297
S01005679,322,80,242
S01005680,232,10,222
S01005681,448,144,304
S01005682,310,71,239
S01005683,377,195,182
S01005684,375,138,237
S01005685,234,8,226
S01005686,273,92,181
S01005687,209,11,198
S01005688,335,72,263
S01005689,191,12,179
S01005690,323,55,268
S01005691,236,26,210
S01005692,252,40,212
S01005693,304,43,261
S01005694,231,95,136
S01005695,235,66,169
S01005696,253,54,199
S01005697,315,164,151
S01005698,233,35,198
S01005699,448,196,252
S01005700,206,20,186
S01005701,326,165,161
S01005702,316,108,208
S01005703,227,10,217
S01005704,295,120,175
S01005705,225,27,198
S01005706,308,36,272
S01005707,282,129,153
S01005708,320,118,202
S01005709,333,112,221
S01005710,163,17,146
S01005711,383,66,317
S01005712,251,77,174
S01005713,285,68,217
S01005714,336,59,277
S01005715,342,87,255
S01005716,233,12,221
S01005717,221,31,190
S01005718,419,132,287
S01005719,200,25,175
S01005720,269,24,245
S01005721,350,148,202
S01005722,201,20,181
S01005723,292,92,200
S01005724,226,6,220
S01005725,274,39,235
S01005726,342,67,275
S01005727,229,25,204
S01005728,300,71,229
S01005729,265,98,167
S01005730,326,110,216
S01005731,287,128,159
S01005732,393,129,264
S01005733,285,47,238
S01005734,282,43,239
S01005735,261,7,254
S01005736,314,67,247
S01005737,314,98,216
S01005738,328,112,216
S01005739,265,13,252
S01005740,294,19,275
S01005741,381,74,307
S01005742,287,53,234
S01005743,231,8,223
S01005744,364,129,235
S01005745,389,127,262
S01005746,306,32,274
S01005747,343,55,288
S01005748,227,117,110
S01005749,323,37,286
S01005750,305,51,254
S01005751,297,61,236
S01005752,312,142,170
S01005753,283,65,218
S01005754,381,72,309
S01005755,355,174,181
S01005756,371,139,232
S01005757,249,125,124
S01005758,363,107,256
S01005759,372,186,186
S01005760,235,28,207
S01005761,262,38,224
S01005762,342,152,190
S01005763,308,20,288
S01005764,267,115,152
S01005765,375,147,228
S01005766,304,62,242
S01005767,263,19,244
S01005768,379,144,235
S01005769,345,129,216
S01005770,321,154,167
S01005771,294,18,276
S01005772,274,36,238
S01005773,310,23,287
S01005774,267,64,203
S01005775,382,137,245
S01005776,294,50,244
S01005777,241,57,184
S01005778,336,126,210
S01005779,292,34,258
S01005780,220,2,218
S01005781,393,131,262
S01005782,384,170,214
S01005783,198,33,165
S01005784,170,3,167
S01005785,290,11,279
S01005786,228,68,160
S01005787,265,50,215
S01005788,262,117,145
S01005789,329,65,264
S01005790,203,51,152
S01005791,211,38,173
S01005792,292,99,193
S01005793,185,25,160
S01005794,408,66,342
S01005795,271,75,196
S01005796,201,39,162
S01005797,282,2,280
S01005798,265,117,148
S01005799,313,116,197
S01005800,293,60,233
S01005801,246,59,187
S01005802,247,16,231
S01005803,264,96,168
S01005804,245,76,169
S01005805,205,18,187
S01005806,290,113,177
S01005807,337,124,213
S01005808,286,103,183
S01005809,189,47,142
S01005810,210,76,134
S01005811,233,75,158
S01005812,226,16,210
S01005813,324,117,207
S01005814,291,137,154
S01005815,408,176,232
S01005816,321,109,212
S01005817,203,15,188
S01005818,238,9,229
S01005819,293,140,153
S01005820,313,97,216
S01005821,222,96,126
S01005822,378,122,256
S01005823,228,47,181
S01005824,249,15,234
S01005825,344,150,194
S01005826,319,7,312
S01005827,291,26,265
S01005828,351,155,196
S01005829,320,56,264
S01005830,478,200,278
S01005831,365,49,316
S01005832,335,154,181
S01005833,289,66,223
S01005834,298,151,147
S01005835,259,18,241
S01005836,239,11,228
S01005837,177,11,166
S01005838,285,64,221
S01005839,332,90,242
S01005840,353,147,206
S01005841,278,100,178
S01005842,274,111,163
S01005843,221,13,208
S01005844,305,78,227
S01005845,198,17,181
S01005846,485,237,248
S01005847,377,179,198
S01005848,268,112,156
S01005849,348,87,261
S01005850,320,124,196
S01005851,384,180,204
S01005852,246,62,184
S01005853,428,149,279
S01005854,342,127,215
S01005855,431,233,198
S01005856,356,159,197
S01005857,333,140,193
S01005858,294,92,202
S01005859,335,71,264
S01005860,373,170,203
S01005861,183,3,180
S01005862,342,97,245
S01005863,392,111,281
S01005864,469,214,255
S01005865,379,164,215
S01005866,305,67,238
S01005867,382,96,286
S01005868,269,34,235
S01005869,270,130,140
S01005870,364,145,219
S01005871,331,109,222
S01005872,339,93,246
S01005873,413,116,297
S01005874,348,209,139
S01005875,283,42,241
S01005876,310,22,288
S01005877,368,133,235
S01005878,275,24,251
S01005879,289,76,213
S01005880,426,258,168
S01005881,361,160,201
S01005882,240,10,230
S01005883,229,87,142
S01005884,357,64,293
S01005885,237,17,220
S01005886,273,13,260
S01005887,258,99,159
S01005888,231,72,159
S01005889,492,241,251
S01005890,278,16,262
S01005891,284,140,144
S01005892,365,209,156
S01005893,341,124,217
S01005894,311,108,203
S01005895,260,21,239
S01005896,259,19,240
S01005897,344,99,245
S01005898,313,88,225
S01005899,400,193,207
S01005900,265,26,239
S01005901,293,32,261
S01005902,353,46,307
S01005903,450,176,274
S01005904,342,100,242
S01005905,271,42,229
S01005906,348,99,249
S01005907,397,148,249
S01005908,421,146,275
S01005909,214,47,167
S01005910,308,53,255
S01005911,429,130,299
S01005912,339,115,224
S01005913,367,207,160
S01005914,455,202,253
S01005915,349,144,205
S01005916,242,7,235
S01005917,379,209,170
S01005918,422,168,254
S01005919,209,8,201
S01005920,448,183,265
S01005921,264,52,212
S01005922,481,122,359
S01005923,346,99,247
S01005924,218,4,214
S01005925,269,4,265
S01005926,366,122,244
S01005927,332,50,282
S01005928,326,150,176
S01005929,271,105,166
S01005930,290,117,173
S01005931,358,116,242
S01005932,314,178,136
S01005933,264,8,256
S01005934,353,167,186
S01005935,335,131,204
S01005936,404,183,221
S01005937,201,2,199
S01005938,336,193,143
S01005939,323,167,156
S01005940,341,138,203
S01005941,152,2,150
S01005942,447,218,229
S01005943,414,129,285
S01005944,494,216,278
S01005945,376,122,254
S01005946,377,139,238
S01005947,395,258,137
S01005948,287,116,171
S01005949,277,98,179
S01005950,301,143,158
S01005951,466,306,160
S01005952,504,239,265
S01005953,403,121,282
S01005954,237,142,95
S01005955,290,72,218
S01005956,366,171,195
S01005957,403,217,186
S01005958,252,95,157
S01005959,250,152,98
S01005960,257,118,139
S01005961,316,143,173
S01005962,239,118,121
S01005963,247,90,157
S01005964,331,168,163
S01005965,328,160,168
S01005966,374,206,168
S01005967,374,199,175
S01005968,228,21,207
S01005969,297,85,212
S01005970,363,169,194
S01005971,192,86,106
S01005972,393,190,203
S01005973,372,159,213
S01005974,345,160,185
S01005975,292,146,146
S01005976,397,68,329
S01005977,294,100,194
S01005978,321,62,259
S01005979,385,125,260
S01005980,229,16,213
S01005981,223,81,142
S01005982,276,139,137
S01005983,347,18,329
S01005984,280,23,257
S01005985,354,149,205
S01005986,267,10,257
S01005987,288,158,130
S01005988,250,127,123
S01005989,264,13,251
S01005990,519,362,157
S01005991,297,119,178
S01005992,318,212,106
S01005993,302,40,262
S01005994,384,147,237
S01005995,380,260,120
S01005996,305,19,286
S01005997,269,122,147
S01005998,335,226,109
S01005999,314,38,276
S01006000,365,218,147
S01006001,303,81,222
S01006002,284,145,139
S01006003,325,163,162
S01006004,238,16,222
S01006005,242,122,120
S01006006,297,34,263
S01006007,280,164,116
S01006008,355,206,149
S01006009,202,22,180
S01006010,354,35,319
S01006011,374,210,164
S01006012,367,192,175
S01006013,193,5,188
S01006014,288,129,159
S01006015,357,65,292
S01006016,369,32,337
S01006017,275,134,141
S01006018,272,31,241
S01006019,373,149,224
S01006020,329,40,289
S01006021,389,118,271
S01006022,239,128,111
S01006023,257,7,250
S01006024,381,229,152
S01006025,378,166,212
S01006026,332,160,172
S01006027,284,51,233
S01006028,311,83,228
S01006029,271,42,229
S01006030,373,72,301
S01006031,398,149,249
S01006032,472,240,232
S01006033,296,71,225
S01006034,338,197,141
S01006035,451,162,289
S01006036,288,22,266
S01006037,398,108,290
S01006038,326,91,235
S01006039,343,101,242
S01006040,339,163,176
S01006041,491,312,179
S01006042,385,146,239
S01006043,253,71,182
S01006044,278,64,214
S01006045,275,65,210
S01006046,341,105,236
S01006047,337,165,172
S01006048,329,55,274
S01006049,389,184,205
S01006050,381,171,210
S01006051,388,134,254
S01006052,323,81,242
S01006053,342,62,280
S01006054,331,120,211
S01006055,253,68,185
S01006056,368,33,335
S01006057,273,164,109
S01006058,399,265,134
S01006059,465,295,170
S01006060,367,211,156
S01006061,360,265,95
S01006062,381,235,146
S01006063,246,173,73
S01006064,368,240,128
S01006065,459,297,162
S01006066,429,185,244
S01006067,401,25,376
S01006068,206,43,163
S01006069,278,6,272
S01006070,258,12,246
S01006071,342,13,329
S01006072,248,26,222
S01006073,201,33,168
S01006074,274,19,255
S01006075,388,150,238
S01006076,353,106,247
S01006077,316,96,220
S01006078,412,68,344
S01006079,300,81,219
S01006080,373,91,282
S01006081,301,22,279
S01006082,373,148,225
S01006083,385,66,319
S01006084,324,89,235
S01006085,293,67,226
S01006086,287,79,208
S01006087,352,110,242
S01006088,283,36,247
S01006089,354,105,249
S01006090,324,121,203
S01006091,228,17,211
S01006092,253,71,182
S01006093,225,73,152
S01006094,403,130,273
S01006095,331,39,292
S01006096,268,79,189
S01006097,461,189,272
S01006098,325,117,208
S01006099,223,11,212
S01006100,288,170,118
S01006101,297,87,210
S01006102,369,149,220
S01006103,338,36,302
S01006104,346,122,224
S01006105,302,122,180
S01006106,248,60,188
S01006107,276,96,180
S01006108,332,103,229
S01006109,379,102,277
S01006110,326,155,171
S01006111,374,119,255
S01006112,336,35,301
S01006113,365,19,346
S01006114,323,105,218
S01006115,377,67,310
S01006116,345,20,325
S01006117,373,110,263
S01006118,223,39,184
S01006119,420,51,369
S01006120,413,190,223
S01006121,236,63,173
S01006122,331,30,301
S01006123,329,179,150
S01006124,316,153,163
S01006125,265,79,186
S01006126,376,175,201
S01006127,328,87,241
S01006128,381,172,209
S01006129,311,27,284
S01006130,213,107,106
S01006131,366,36,330
S01006132,426,268,158
S01006133,244,30,214
S01006134,231,72,159
S01006135,266,170,96
S01006136,350,221,129
S01006137,222,99,123
S01006138,270,30,240
S01006139,169,78,91
S01006140,378,105,273
S01006141,291,123,168
S01006142,295,40,255
S01006143,209,31,178
S01006144,399,33,366
S01006145,408,139,269
S01006146,346,35,311
S01006147,405,117,288
S01006148,350,86,264
S01006149,392,36,356
S01006150,396,55,341
S01006151,99,36,63
S01006152,297,18,279
S01006153,218,9,209
S01006154,266,7,259
S01006155,349,69,280
S01006156,242,46,196
S01006157,387,126,261
S01006158,336,43,293
S01006159,393,78,315
S01006160,279,7,272
S01006161,303,25,278
S01006162,249,34,215
S01006163,407,48,359
S01006164,254,46,208
S01006165,223,55,168
S01006166,348,24,324
S01006167,362,41,321
S01006168,321,60,261
S01006169,311,47,264
S01006170,411,63,348
S01006171,394,106,288
S01006172,205,33,172
S01006173,254,16,238
S01006174,241,49,192
S01006175,356,52,304
S01006176,239,42,197
S01006177,378,264,114
S01006178,376,157,219
S01006179,352,151,201
S01006180,411,222,189
S01006181,325,207,118
S01006182,364,192,172
S01006183,294,180,114
S01006184,311,153,158
S01006185,403,196,207
S01006186,401,230,171
S01006187,435,301,134
S01006188,355,181,174
S01006189,357,235,122
S01006190,357,160,197
S01006191,283,177,106
S01006192,354,222,132
S01006193,327,213,114
S01006194,401,212,189
S01006195,465,320,145
S01006196,402,193,209
S01006197,371,199,172
S01006198,326,241,85
S01006199,369,219,150
S01006200,379,155,224
S01006201,434,215,219
S01006202,397,269,128
S01006203,253,117,136
S01006204,425,185,240
S01006205,316,120,196
S01006206,323,101,222
S01006207,469,268,201
S01006208,337,154,183
S01006209,298,57,241
S01006210,340,109,231
S01006211,278,142,136
S01006212,281,13,268
S01006213,413,185,228
S01006214,367,147,220
S01006215,358,141,217
S01006216,282,84,198
S01006217,434,206,228
S01006218,257,61,196
S01006219,468,183,285
S01006220,336,64,272
S01006221,428,229,199
S01006222,417,169,248
S01006223,295,36,259
S01006224,297,77,220
S01006225,374,219,155
S01006226,244,29,215
S01006227,315,118,197
S01006228,262,14,248
S01006229,396,227,169
S01006230,357,222,135
S01006231,375,241,134
S01006232,288,34,254
S01006233,285,86,199
S01006234,282,100,182
S01006235,313,88,225
S01006236,320,127,193
S01006237,454,210,244
S01006238,416,138,278
S01006239,177,16,161
S01006240,339,195,144
S01006241,474,249,225
S01006242,354,176,178
S01006243,211,19,192
S01006244,283,146,137
S01006245,241,96,145
S01006246,271,105,166
S01006247,359,86,273
S01006248,307,61,246
S01006249,411,142,269
S01006250,331,162,169
S01006251,263,81,182
S01006252,238,49,189
S01006253,264,145,119
S01006254,295,47,248
S01006255,339,89,250
S01006256,274,146,128
S01006257,336,146,190
S01006258,335,178,157
S01006259,288,158,130
S01006260,297,192,105
S01006261,363,176,187
S01006262,309,141,168
S01006263,382,160,222
S01006264,316,7,309
S01006265,372,89,283
S01006266,304,136,168
S01006267,234,105,129
S01006268,260,99,161
S01006269,240,100,140
S01006270,399,121,278
S01006271,313,133,180
S01006272,390,187,203
S01006273,270,127,143
S01006274,242,95,147
S01006275,288,50,238
S01006276,355,123,232
S01006277,316,91,225
S01006278,420,260,160
S01006279,366,147,219
S01006280,314,155,159
S01006281,342,157,185
S01006282,331,138,193
S01006283,326,129,197
S01006284,371,146,225
S01006285,343,102,241
S01006286,411,143,268
S01006287,263,58,205
S01006288,407,221,186
S01006289,406,131,275
S01006290,432,242,190
S01006291,219,138,81
S01006292,354,63,291
S01006293,342,18,324
S01006294,246,22,224
S01006295,241,41,200
S01006296,372,47,325
S01006297,311,126,185
S01006298,352,96,256
S01006299,330,129,201
S01006300,337,162,175
S01006301,292,135,157
S01006302,361,77,284
S01006303,288,105,183
S01006304,298,156,142
S01006305,287,75,212
S01006306,292,70,222
S01006307,393,146,247
S01006308,281,117,164
S01006309,384,35,349
S01006310,332,74,258
S01006311,331,96,235
S01006312,254,82,172
S01006313,393,110,283
S01006314,222,8,214
S01006315,375,156,219
S01006316,345,71,274
S01006317,348,114,234
S01006318,315,117,198
S01006319,430,161,269
S01006320,411,196,215
S01006321,232,7,225
S01006322,215,5,210
S01006323,321,30,291
S01006324,205,8,197
S01006325,333,129,204
S01006326,447,243,204
S01006327,263,90,173
S01006328,283,134,149
S01006329,396,73,323
S01006330,326,131,195
S01006331,273,61,212
S01006332,267,96,171
S01006333,403,171,232
S01006334,385,158,227
S01006335,346,83,263
S01006336,273,12,261
S01006337,257,9,248
S01006338,345,26,319
S01006339,365,100,265
S01006340,268,54,214
S01006341,262,14,248
S01006342,305,105,200
S01006343,328,134,194
S01006344,292,89,203
S01006345,236,80,156
S01006346,259,56,203
S01006347,220,8,212
S01006348,234,36,198
S01006349,222,92,130
S01006350,333,164,169
S01006351,348,95,253
S01006352,280,100,180
S01006353,252,63,189
S01006354,389,129,260
S01006355,298,123,175
S01006356,304,32,272
S01006357,296,33,263
S01006358,295,138,157
S01006359,374,102,272
S01006360,269,37,232
S01006361,326,114,212
S01006362,317,51,266
S01006363,287,23,264
S01006364,256,62,194
S01006365,363,19,344
S01006366,267,13,254
S01006367,306,50,256
S01006368,281,10,271
S01006369,341,116,225
S01006370,344,38,306
S01006371,227,9,218
S01006372,308,106,202
S01006373,342,64,278
S01006374,273,96,177
S01006375,313,120,193
S01006376,293,37,256
S01006377,237,83,154
S01006378,178,2,176
S01006379,246,76,170
S01006380,258,89,169
S01006381,242,72,170
S01006382,295,94,201
S01006383,230,55,175
S01006384,274,24,250
S01006385,403,174,229
S01006386,400,113,287
S01006387,339,99,240
S01006388,485,220,265
S01006389,286,105,181
S01006390,275,90,185
S01006391,310,6,304
S01006392,377,169,208
S01006393,366,222,144
S01006394,276,82,194
S01006395,347,98,249
S01006396,256,117,139
S01006397,274,40,234
S01006398,389,88,301
S01006399,310,101,209
S01006400,392,88,304
S01006401,321,110,211
S01006402,311,176,135
S01006403,340,118,222
S01006404,381,147,234
S01006405,421,131,290
S01006406,192,94,98
S01006407,278,26,252
S01006408,425,187,238
S01006409,240,54,186
S01006410,348,151,197
S01006411,295,69,226
S01006412,274,87,187
S01006413,225,78,147
S01006414,210,33,177
S01006415,325,64,261
S01006416,341,155,186
S01006417,253,61,192
S01006418,275,111,164
S01006419,255,95,160
S01006420,332,143,189
S01006421,268,90,178
S01006422,299,124,175
S01006423,236,21,215
S01006424,268,92,176
S01006425,310,140,170
S01006426,212,42,170
S01006427,379,151,228
S01006428,319,93,226
S01006429,266,115,151
S01006430,228,4,224
S01006431,201,11,190
S01006432,287,85,202
S01006433,253,74,179
S01006434,350,94,256
S01006435,188,43,145
S01006436,283,82,201
S01006437,355,75,280
S01006438,366,208,158
S01006439,390,179,211
S01006440,341,114,227
S01006441,277,93,184
S01006442,328,118,210
S01006443,211,63,148
S01006444,235,39,196
S01006445,283,60,223
S01006446,324,50,274
S01006447,274,127,147
S01006448,338,30,308
S01006449,198,14,184
S01006450,241,108,133
S01006451,276,92,184
S01006452,257,89,168
S01006453,300,92,208
S01006454,229,13,216
S01006455,247,106,141
S01006456,378,99,279
S01006457,225,53,172
S01006458,332,17,315
S01006459,249,29,220
S01006460,214,53,161
S01006461,298,46,252
S01006462,316,48,268
S01006463,256,39,217
S01006464,331,71,260
S01006465,395,120,275
S01006466,313,51,262
S01006467,366,44,322
S01006468,390,39,351
S01006469,274,76,198
S01006470,365,147,218
S01006471,357,165,192
S01006472,285,122,163
S01006473,300,46,254
S01006474,327,106,221
S01006475,372,138,234
S01006476,312,90,222
S01006477,397,193,204
S01006478,360,116,244
S01006479,327,114,213
S01006480,349,48,301
S01006481,224,44,180
S01006482,339,77,262
S01006483,364,129,235
S01006484,379,152,227
S01006485,238,9,229
S01006486,269,8,261
S01006487,326,132,194
S01006488,259,33,226
S01006489,320,114,206
S01006490,267,10,257
S01006491,299,11,288
S01006492,247,72,175
S01006493,288,95,193
S01006494,241,28,213
S01006495,333,41,292
S01006496,497,223,274
S01006497,231,44,187
S01006498,423,80,343
S01006499,348,58,290
S01006500,304,71,233
S01006501,301,11,290
S01006502,250,11,239
S01006503,273,23,250
S01006504,285,27,258
S01006505,245,6,239
