"dz_2001","total","active","inactive"
"S01000001",581,423,158
"S01000002",518,456,62
"S01000003",595,518,77
"S01000004",490,421,69
"S01000005",505,411,94
"S01000006",428,289,139
"S01000007",528,324,204
"S01000008",446,308,138
"S01000009",539,405,134
"S01000010",442,375,67
"S01000011",651,414,237
"S01000012",643,480,163
"S01000013",655,449,206
"S01000014",703,563,140
"S01000015",506,467,39
"S01000016",417,258,159
"S01000017",740,580,160
"S01000018",483,397,86
"S01000019",371,258,113
"S01000020",554,338,216
"S01000021",651,462,189
"S01000022",470,297,173
"S01000023",557,399,158
"S01000024",348,261,87
"S01000025",626,425,201
"S01000026",660,408,252
"S01000027",621,381,240
"S01000028",709,429,280
"S01000029",475,327,148
"S01000030",357,209,148
"S01000031",585,389,196
"S01000032",820,513,307
"S01000033",527,311,216
"S01000034",742,456,286
"S01000035",782,507,275
"S01000036",550,322,228
"S01000037",584,417,167
"S01000038",500,349,151
"S01000039",658,433,225
"S01000040",705,466,239
"S01000041",634,393,241
"S01000042",582,401,181
"S01000043",636,450,186
"S01000044",679,385,294
"S01000045",457,298,159
"S01000046",549,354,195
"S01000047",588,339,249
"S01000048",694,512,182
"S01000049",537,380,157
"S01000050",452,298,154
"S01000051",563,342,221
"S01000052",502,312,190
"S01000053",729,535,194
"S01000054",506,286,220
"S01000055",516,360,156
"S01000056",744,515,229
"S01000057",483,300,183
"S01000058",513,363,150
"S01000059",636,464,172
"S01000060",413,252,161
"S01000061",747,441,306
"S01000062",833,688,145
"S01000063",714,518,196
"S01000064",498,340,158
"S01000065",829,630,199
"S01000066",692,489,203
"S01000067",647,436,211
"S01000068",585,427,158
"S01000069",523,313,210
"S01000070",481,316,165
"S01000071",550,334,216
"S01000072",601,383,218
"S01000073",439,299,140
"S01000074",523,316,207
"S01000075",455,329,126
"S01000076",578,365,213
"S01000077",701,537,164
"S01000078",728,580,148
"S01000079",782,650,132
"S01000080",799,652,147
"S01000081",675,469,206
"S01000082",663,429,234
"S01000083",580,461,119
"S01000084",573,455,118
"S01000085",524,419,105
"S01000086",582,477,105
"S01000087",629,359,270
"S01000088",568,484,84
"S01000089",730,445,285
"S01000090",668,524,144
"S01000091",795,634,161
"S01000092",790,645,145
"S01000093",348,272,76
"S01000094",540,447,93
"S01000095",586,482,104
"S01000096",514,269,245
"S01000097",688,491,197
"S01000098",938,663,275
"S01000099",558,350,208
"S01000100",703,550,153
"S01000101",682,512,170
"S01000102",626,414,212
"S01000103",525,405,120
"S01000104",600,367,233
"S01000105",691,504,187
"S01000106",487,352,135
"S01000107",833,660,173
"S01000108",454,301,153
"S01000109",805,538,267
"S01000110",573,335,238
"S01000111",584,456,128
"S01000112",770,532,238
"S01000113",393,285,108
"S01000114",567,329,238
"S01000115",637,376,261
"S01000116",799,655,144
"S01000117",675,495,180
"S01000118",502,317,185
"S01000119",690,468,222
"S01000120",469,347,122
"S01000121",561,342,219
"S01000122",531,372,159
"S01000123",484,345,139
"S01000124",898,597,301
"S01000125",574,365,209
"S01000126",688,435,253
"S01000127",589,438,151
"S01000128",1477,787,690
"S01000129",525,353,172
"S01000130",730,487,243
"S01000131",516,406,110
"S01000132",679,509,170
"S01000133",542,368,174
"S01000134",541,338,203
"S01000135",583,331,252
"S01000136",487,309,178
"S01000137",673,488,185
"S01000138",748,503,245
"S01000139",613,380,233
"S01000140",744,534,210
"S01000141",730,495,235
"S01000142",546,335,211
"S01000143",476,310,166
"S01000144",520,356,164
"S01000145",662,425,237
"S01000146",857,583,274
"S01000147",604,430,174
"S01000148",467,256,211
"S01000149",927,601,326
"S01000150",432,286,146
"S01000151",629,328,301
"S01000152",854,546,308
"S01000153",458,291,167
"S01000154",452,276,176
"S01000155",579,356,223
"S01000156",809,478,331
"S01000157",488,259,229
"S01000158",668,418,250
"S01000159",686,535,151
"S01000160",628,410,218
"S01000161",842,532,310
"S01000162",670,410,260
"S01000163",771,493,278
"S01000164",352,197,155
"S01000165",637,383,254
"S01000166",1034,597,437
"S01000167",526,329,197
"S01000168",709,474,235
"S01000169",599,365,234
"S01000170",910,593,317
"S01000171",635,572,63
"S01000172",364,248,116
"S01000173",570,364,206
"S01000174",586,455,131
"S01000175",470,344,126
"S01000176",684,363,321
"S01000177",466,337,129
"S01000178",560,372,188
"S01000179",519,278,241
"S01000180",502,334,168
"S01000181",464,298,166
"S01000182",648,438,210
"S01000183",798,459,339
"S01000184",633,397,236
"S01000185",637,352,285
"S01000186",665,400,265
"S01000187",499,325,174
"S01000188",982,390,592
"S01000189",426,254,172
"S01000190",656,432,224
"S01000191",891,500,391
"S01000192",599,338,261
"S01000193",581,394,187
"S01000194",553,334,219
"S01000195",576,369,207
"S01000196",572,339,233
"S01000197",461,320,141
"S01000198",530,309,221
"S01000199",487,267,220
"S01000200",626,375,251
"S01000201",486,274,212
"S01000202",673,486,187
"S01000203",332,215,117
"S01000204",478,324,154
"S01000205",846,403,443
"S01000206",518,380,138
"S01000207",623,376,247
"S01000208",547,302,245
"S01000209",608,336,272
"S01000210",476,300,176
"S01000211",514,307,207
"S01000212",568,367,201
"S01000213",514,299,215
"S01000214",365,237,128
"S01000215",571,383,188
"S01000216",505,362,143
"S01000217",548,351,197
"S01000218",556,340,216
"S01000219",511,326,185
"S01000220",1266,524,742
"S01000221",603,419,184
"S01000222",568,354,214
"S01000223",435,341,94
"S01000224",551,363,188
"S01000225",462,327,135
"S01000226",514,386,128
"S01000227",484,383,101
"S01000228",553,437,116
"S01000229",588,376,212
"S01000230",505,378,127
"S01000231",559,484,75
"S01000232",466,308,158
"S01000233",392,266,126
"S01000234",609,457,152
"S01000235",624,508,116
"S01000236",535,343,192
"S01000237",741,497,244
"S01000238",412,352,60
"S01000239",558,402,156
"S01000240",565,445,120
"S01000241",552,459,93
"S01000242",502,350,152
"S01000243",608,503,105
"S01000244",806,575,231
"S01000245",707,548,159
"S01000246",557,443,114
"S01000247",632,527,105
"S01000248",714,577,137
"S01000249",597,446,151
"S01000250",597,490,107
"S01000251",355,292,63
"S01000252",655,564,91
"S01000253",567,503,64
"S01000254",633,517,116
"S01000255",489,422,67
"S01000256",696,479,217
"S01000257",656,469,187
"S01000258",498,420,78
"S01000259",443,373,70
"S01000260",641,576,65
"S01000261",826,625,201
"S01000262",734,512,222
"S01000263",613,525,88
"S01000264",786,597,189
"S01000265",588,403,185
"S01000266",716,544,172
"S01000267",555,420,135
"S01000268",541,372,169
"S01000269",400,282,118
"S01000270",708,518,190
"S01000271",624,423,201
"S01000272",655,474,181
"S01000273",377,279,98
"S01000274",424,295,129
"S01000275",686,470,216
"S01000276",513,387,126
"S01000277",463,354,109
"S01000278",373,243,130
"S01000279",396,290,106
"S01000280",437,331,106
"S01000281",484,322,162
"S01000282",498,381,117
"S01000283",618,457,161
"S01000284",571,452,119
"S01000285",514,393,121
"S01000286",672,485,187
"S01000287",511,369,142
"S01000288",668,533,135
"S01000289",645,445,200
"S01000290",569,401,168
"S01000291",580,425,155
"S01000292",682,473,209
"S01000293",509,340,169
"S01000294",476,388,88
"S01000295",489,349,140
"S01000296",383,242,141
"S01000297",539,411,128
"S01000298",369,273,96
"S01000299",633,423,210
"S01000300",572,443,129
"S01000301",429,313,116
"S01000302",403,309,94
"S01000303",379,286,93
"S01000304",580,433,147
"S01000305",772,570,202
"S01000306",575,430,145
"S01000307",683,571,112
"S01000308",762,568,194
"S01000309",460,340,120
"S01000310",669,565,104
"S01000311",695,518,177
"S01000312",452,303,149
"S01000313",513,388,125
"S01000314",437,350,87
"S01000315",456,297,159
"S01000316",547,353,194
"S01000317",397,261,136
"S01000318",417,281,136
"S01000319",464,385,79
"S01000320",561,460,101
"S01000321",450,357,93
"S01000322",750,516,234
"S01000323",637,427,210
"S01000324",619,537,82
"S01000325",443,290,153
"S01000326",548,398,150
"S01000327",680,529,151
"S01000328",440,356,84
"S01000329",400,322,78
"S01000330",527,364,163
"S01000331",448,298,150
"S01000332",494,300,194
"S01000333",621,447,174
"S01000334",542,374,168
"S01000335",470,314,156
"S01000336",646,469,177
"S01000337",489,347,142
"S01000338",354,253,101
"S01000339",752,512,240
"S01000340",724,558,166
"S01000341",515,374,141
"S01000342",281,167,114
"S01000343",432,326,106
"S01000344",639,455,184
"S01000345",475,353,122
"S01000346",532,427,105
"S01000347",369,255,114
"S01000348",627,496,131
"S01000349",428,345,83
"S01000350",692,563,129
"S01000351",764,595,169
"S01000352",597,457,140
"S01000353",498,396,102
"S01000354",416,281,135
"S01000355",522,411,111
"S01000356",469,362,107
"S01000357",485,434,51
"S01000358",795,631,164
"S01000359",575,446,129
"S01000360",374,247,127
"S01000361",452,329,123
"S01000362",698,550,148
"S01000363",707,561,146
"S01000364",658,502,156
"S01000365",506,378,128
"S01000366",572,441,131
"S01000367",599,411,188
"S01000368",572,428,144
"S01000369",779,594,185
"S01000370",619,508,111
"S01000371",642,417,225
"S01000372",676,513,163
"S01000373",429,343,86
"S01000374",433,286,147
"S01000375",477,349,128
"S01000376",687,529,158
"S01000377",537,409,128
"S01000378",403,310,93
"S01000379",426,332,94
"S01000380",556,444,112
"S01000381",644,491,153
"S01000382",545,395,150
"S01000383",481,384,97
"S01000384",542,377,165
"S01000385",415,341,74
"S01000386",590,434,156
"S01000387",633,480,153
"S01000388",556,442,114
"S01000389",478,418,60
"S01000390",517,343,174
"S01000391",417,297,120
"S01000392",549,442,107
"S01000393",619,410,209
"S01000394",498,381,117
"S01000395",437,326,111
"S01000396",698,453,245
"S01000397",761,547,214
"S01000398",558,415,143
"S01000399",457,330,127
"S01000400",513,357,156
"S01000401",598,457,141
"S01000402",520,395,125
"S01000403",611,457,154
"S01000404",560,434,126
"S01000405",340,273,67
"S01000406",459,341,118
"S01000407",454,333,121
"S01000408",379,306,73
"S01000409",463,377,86
"S01000410",485,377,108
"S01000411",470,358,112
"S01000412",592,450,142
"S01000413",601,448,153
"S01000414",504,414,90
"S01000415",417,286,131
"S01000416",478,369,109
"S01000417",724,524,200
"S01000418",540,397,143
"S01000419",488,388,100
"S01000420",697,489,208
"S01000421",431,342,89
"S01000422",484,325,159
"S01000423",665,534,131
"S01000424",523,415,108
"S01000425",508,373,135
"S01000426",562,432,130
"S01000427",574,481,93
"S01000428",598,471,127
"S01000429",596,424,172
"S01000430",420,316,104
"S01000431",453,303,150
"S01000432",735,503,232
"S01000433",348,239,109
"S01000434",481,353,128
"S01000435",449,342,107
"S01000436",487,401,86
"S01000437",706,554,152
"S01000438",506,375,131
"S01000439",543,427,116
"S01000440",625,483,142
"S01000441",610,393,217
"S01000442",600,454,146
"S01000443",426,341,85
"S01000444",438,341,97
"S01000445",717,533,184
"S01000446",711,540,171
"S01000447",373,272,101
"S01000448",464,336,128
"S01000449",546,342,204
"S01000450",490,364,126
"S01000451",569,425,144
"S01000452",409,301,108
"S01000453",391,283,108
"S01000454",330,197,133
"S01000455",669,473,196
"S01000456",554,414,140
"S01000457",569,356,213
"S01000458",645,504,141
"S01000459",760,531,229
"S01000460",539,324,215
"S01000461",611,405,206
"S01000462",662,417,245
"S01000463",630,498,132
"S01000464",559,404,155
"S01000465",484,362,122
"S01000466",606,472,134
"S01000467",475,322,153
"S01000468",382,292,90
"S01000469",496,375,121
"S01000470",973,554,419
"S01000471",439,327,112
"S01000472",586,453,133
"S01000473",560,395,165
"S01000474",467,347,120
"S01000475",642,415,227
"S01000476",418,299,119
"S01000477",576,394,182
"S01000478",626,358,268
"S01000479",688,413,275
"S01000480",466,326,140
"S01000481",612,438,174
"S01000482",614,361,253
"S01000483",648,393,255
"S01000484",595,419,176
"S01000485",821,629,192
"S01000486",631,396,235
"S01000487",381,243,138
"S01000488",521,327,194
"S01000489",667,345,322
"S01000490",419,327,92
"S01000491",398,226,172
"S01000492",688,453,235
"S01000493",431,288,143
"S01000494",383,244,139
"S01000495",692,471,221
"S01000496",434,337,97
"S01000497",465,334,131
"S01000498",423,281,142
"S01000499",588,408,180
"S01000500",493,345,148
"S01000501",442,285,157
"S01000502",390,284,106
"S01000503",381,254,127
"S01000504",494,349,145
"S01000505",558,371,187
"S01000506",469,344,125
"S01000507",743,498,245
"S01000508",666,464,202
"S01000509",739,494,245
"S01000510",483,309,174
"S01000511",396,281,115
"S01000512",636,419,217
"S01000513",602,374,228
"S01000514",417,316,101
"S01000515",373,274,99
"S01000516",469,326,143
"S01000517",451,301,150
"S01000518",625,399,226
"S01000519",367,277,90
"S01000520",728,529,199
"S01000521",658,397,261
"S01000522",474,354,120
"S01000523",552,374,178
"S01000524",473,325,148
"S01000525",710,462,248
"S01000526",683,486,197
"S01000527",446,327,119
"S01000528",657,380,277
"S01000529",554,380,174
"S01000530",369,242,127
"S01000531",392,262,130
"S01000532",549,310,239
"S01000533",575,349,226
"S01000534",611,374,237
"S01000535",702,482,220
"S01000536",388,243,145
"S01000537",441,311,130
"S01000538",578,387,191
"S01000539",768,513,255
"S01000540",559,377,182
"S01000541",370,232,138
"S01000542",466,260,206
"S01000543",573,355,218
"S01000544",524,320,204
"S01000545",512,342,170
"S01000546",439,266,173
"S01000547",394,248,146
"S01000548",740,459,281
"S01000549",786,572,214
"S01000550",394,273,121
"S01000551",573,355,218
"S01000552",421,290,131
"S01000553",642,428,214
"S01000554",546,364,182
"S01000555",640,392,248
"S01000556",624,434,190
"S01000557",630,427,203
"S01000558",403,264,139
"S01000559",496,295,201
"S01000560",791,529,262
"S01000561",705,461,244
"S01000562",661,421,240
"S01000563",495,316,179
"S01000564",611,338,273
"S01000565",505,313,192
"S01000566",579,336,243
"S01000567",552,357,195
"S01000568",383,250,133
"S01000569",549,366,183
"S01000570",710,449,261
"S01000571",499,330,169
"S01000572",603,418,185
"S01000573",427,340,87
"S01000574",610,350,260
"S01000575",426,267,159
"S01000576",503,352,151
"S01000577",424,305,119
"S01000578",507,347,160
"S01000579",533,403,130
"S01000580",504,387,117
"S01000581",535,366,169
"S01000582",522,403,119
"S01000583",559,423,136
"S01000584",573,354,219
"S01000585",693,460,233
"S01000586",576,439,137
"S01000587",508,335,173
"S01000588",447,315,132
"S01000589",495,306,189
"S01000590",542,381,161
"S01000591",375,266,109
"S01000592",712,490,222
"S01000593",438,318,120
"S01000594",434,316,118
"S01000595",575,432,143
"S01000596",727,522,205
"S01000597",783,550,233
"S01000598",382,285,97
"S01000599",577,395,182
"S01000600",565,415,150
"S01000601",847,553,294
"S01000602",521,373,148
"S01000603",625,436,189
"S01000604",733,551,182
"S01000605",605,402,203
"S01000606",554,341,213
"S01000607",582,320,262
"S01000608",774,498,276
"S01000609",699,420,279
"S01000610",555,328,227
"S01000611",437,279,158
"S01000612",760,506,254
"S01000613",745,502,243
"S01000614",510,365,145
"S01000615",531,308,223
"S01000616",1010,750,260
"S01000617",474,296,178
"S01000618",591,363,228
"S01000619",491,339,152
"S01000620",574,333,241
"S01000621",759,451,308
"S01000622",355,210,145
"S01000623",522,336,186
"S01000624",446,291,155
"S01000625",423,255,168
"S01000626",556,340,216
"S01000627",698,488,210
"S01000628",423,259,164
"S01000629",407,326,81
"S01000630",566,369,197
"S01000631",468,288,180
"S01000632",448,326,122
"S01000633",468,382,86
"S01000634",617,405,212
"S01000635",507,364,143
"S01000636",368,269,99
"S01000637",444,329,115
"S01000638",377,234,143
"S01000639",470,343,127
"S01000640",491,339,152
"S01000641",556,373,183
"S01000642",581,403,178
"S01000643",456,305,151
"S01000644",504,345,159
"S01000645",716,471,245
"S01000646",616,414,202
"S01000647",671,471,200
"S01000648",645,408,237
"S01000649",442,289,153
"S01000650",519,353,166
"S01000651",541,357,184
"S01000652",574,381,193
"S01000653",618,396,222
"S01000654",665,456,209
"S01000655",583,395,188
"S01000656",497,365,132
"S01000657",535,316,219
"S01000658",411,286,125
"S01000659",792,547,245
"S01000660",710,468,242
"S01000661",569,403,166
"S01000662",401,292,109
"S01000663",504,357,147
"S01000664",585,398,187
"S01000665",507,347,160
"S01000666",361,260,101
"S01000667",724,526,198
"S01000668",622,359,263
"S01000669",508,340,168
"S01000670",426,264,162
"S01000671",441,269,172
"S01000672",459,311,148
"S01000673",548,389,159
"S01000674",720,486,234
"S01000675",531,334,197
"S01000676",364,248,116
"S01000677",589,378,211
"S01000678",699,475,224
"S01000679",534,372,162
"S01000680",553,359,194
"S01000681",582,413,169
"S01000682",454,308,146
"S01000683",409,290,119
"S01000684",476,303,173
"S01000685",633,390,243
"S01000686",496,332,164
"S01000687",578,360,218
"S01000688",579,375,204
"S01000689",438,289,149
"S01000690",583,390,193
"S01000691",558,376,182
"S01000692",561,343,218
"S01000693",610,372,238
"S01000694",544,356,188
"S01000695",552,383,169
"S01000696",534,366,168
"S01000697",360,216,144
"S01000698",445,301,144
"S01000699",449,278,171
"S01000700",626,448,178
"S01000701",649,443,206
"S01000702",394,263,131
"S01000703",530,348,182
"S01000704",689,459,230
"S01000705",824,550,274
"S01000706",590,415,175
"S01000707",419,293,126
"S01000708",426,301,125
"S01000709",599,357,242
"S01000710",817,570,247
"S01000711",427,291,136
"S01000712",437,258,179
"S01000713",615,406,209
"S01000714",603,415,188
"S01000715",452,275,177
"S01000716",395,261,134
"S01000717",570,320,250
"S01000718",698,428,270
"S01000719",463,290,173
"S01000720",629,377,252
"S01000721",461,319,142
"S01000722",588,348,240
"S01000723",390,274,116
"S01000724",630,382,248
"S01000725",477,315,162
"S01000726",525,323,202
"S01000727",458,283,175
"S01000728",556,383,173
"S01000729",395,240,155
"S01000730",295,212,83
"S01000731",374,187,187
"S01000732",396,221,175
"S01000733",531,295,236
"S01000734",585,350,235
"S01000735",333,192,141
"S01000736",501,282,219
"S01000737",355,190,165
"S01000738",420,297,123
"S01000739",554,378,176
"S01000740",491,281,210
"S01000741",588,349,239
"S01000742",394,231,163
"S01000743",500,286,214
"S01000744",544,360,184
"S01000745",480,350,130
"S01000746",556,362,194
"S01000747",415,251,164
"S01000748",345,167,178
"S01000749",371,203,168
"S01000750",508,297,211
"S01000751",501,337,164
"S01000752",667,350,317
"S01000753",476,324,152
"S01000754",475,282,193
"S01000755",535,380,155
"S01000756",773,476,297
"S01000757",493,275,218
"S01000758",759,539,220
"S01000759",611,344,267
"S01000760",400,293,107
"S01000761",364,198,166
"S01000762",488,318,170
"S01000763",618,442,176
"S01000764",541,369,172
"S01000765",435,333,102
"S01000766",530,348,182
"S01000767",439,274,165
"S01000768",641,425,216
"S01000769",719,501,218
"S01000770",423,259,164
"S01000771",717,461,256
"S01000772",460,271,189
"S01000773",678,398,280
"S01000774",377,301,76
"S01000775",452,280,172
"S01000776",476,341,135
"S01000777",322,242,80
"S01000778",350,221,129
"S01000779",521,350,171
"S01000780",659,430,229
"S01000781",653,410,243
"S01000782",522,380,142
"S01000783",387,229,158
"S01000784",636,451,185
"S01000785",550,289,261
"S01000786",604,386,218
"S01000787",390,243,147
"S01000788",502,356,146
"S01000789",470,333,137
"S01000790",345,219,126
"S01000791",444,309,135
"S01000792",515,349,166
"S01000793",530,382,148
"S01000794",610,381,229
"S01000795",567,389,178
"S01000796",373,245,128
"S01000797",338,233,105
"S01000798",390,225,165
"S01000799",2691,2555,136
"S01000800",737,452,285
"S01000801",489,370,119
"S01000802",550,344,206
"S01000803",676,480,196
"S01000804",763,567,196
"S01000805",622,400,222
"S01000806",628,413,215
"S01000807",576,431,145
"S01000808",556,391,165
"S01000809",411,316,95
"S01000810",469,349,120
"S01000811",616,478,138
"S01000812",449,294,155
"S01000813",534,418,116
"S01000814",601,427,174
"S01000815",339,217,122
"S01000816",472,332,140
"S01000817",653,453,200
"S01000818",550,421,129
"S01000819",626,433,193
"S01000820",413,296,117
"S01000821",637,450,187
"S01000822",417,302,115
"S01000823",434,308,126
"S01000824",380,274,106
"S01000825",521,344,177
"S01000826",534,359,175
"S01000827",478,343,135
"S01000828",622,423,199
"S01000829",436,288,148
"S01000830",523,377,146
"S01000831",622,406,216
"S01000832",658,499,159
"S01000833",387,242,145
"S01000834",674,386,288
"S01000835",484,291,193
"S01000836",589,323,266
"S01000837",620,386,234
"S01000838",529,351,178
"S01000839",695,499,196
"S01000840",546,307,239
"S01000841",617,303,314
"S01000842",651,441,210
"S01000843",531,367,164
"S01000844",502,309,193
"S01000845",439,293,146
"S01000846",528,282,246
"S01000847",699,430,269
"S01000848",510,292,218
"S01000849",365,253,112
"S01000850",453,241,212
"S01000851",537,429,108
"S01000852",515,300,215
"S01000853",388,213,175
"S01000854",654,398,256
"S01000855",563,392,171
"S01000856",427,251,176
"S01000857",445,282,163
"S01000858",518,415,103
"S01000859",664,459,205
"S01000860",634,363,271
"S01000861",495,284,211
"S01000862",438,289,149
"S01000863",349,198,151
"S01000864",503,313,190
"S01000865",496,280,216
"S01000866",678,387,291
"S01000867",525,304,221
"S01000868",505,254,251
"S01000869",388,220,168
"S01000870",546,311,235
"S01000871",564,377,187
"S01000872",490,303,187
"S01000873",1101,452,649
"S01000874",388,239,149
"S01000875",545,333,212
"S01000876",519,368,151
"S01000877",526,341,185
"S01000878",413,308,105
"S01000879",609,407,202
"S01000880",634,429,205
"S01000881",542,305,237
"S01000882",697,465,232
"S01000883",646,447,199
"S01000884",411,276,135
"S01000885",398,292,106
"S01000886",518,331,187
"S01000887",567,379,188
"S01000888",531,345,186
"S01000889",600,390,210
"S01000890",589,366,223
"S01000891",663,393,270
"S01000892",417,254,163
"S01000893",528,368,160
"S01000894",403,297,106
"S01000895",687,504,183
"S01000896",371,249,122
"S01000897",492,266,226
"S01000898",407,236,171
"S01000899",612,318,294
"S01000900",490,292,198
"S01000901",493,283,210
"S01000902",708,449,259
"S01000903",690,362,328
"S01000904",534,313,221
"S01000905",525,333,192
"S01000906",414,264,150
"S01000907",547,302,245
"S01000908",570,376,194
"S01000909",686,463,223
"S01000910",621,410,211
"S01000911",703,427,276
"S01000912",544,338,206
"S01000913",497,332,165
"S01000914",603,312,291
"S01000915",739,469,270
"S01000916",729,466,263
"S01000917",497,321,176
"S01000918",459,264,195
"S01000919",378,213,165
"S01000920",382,249,133
"S01000921",534,336,198
"S01000922",580,414,166
"S01000923",559,367,192
"S01000924",598,404,194
"S01000925",685,422,263
"S01000926",445,294,151
"S01000927",728,438,290
"S01000928",706,408,298
"S01000929",338,181,157
"S01000930",407,210,197
"S01000931",519,334,185
"S01000932",644,393,251
"S01000933",638,451,187
"S01000934",698,437,261
"S01000935",594,385,209
"S01000936",638,383,255
"S01000937",417,254,163
"S01000938",623,395,228
"S01000939",527,318,209
"S01000940",587,391,196
"S01000941",408,217,191
"S01000942",644,435,209
"S01000943",629,370,259
"S01000944",583,369,214
"S01000945",557,362,195
"S01000946",554,343,211
"S01000947",562,341,221
"S01000948",538,369,169
"S01000949",433,243,190
"S01000950",575,322,253
"S01000951",510,309,201
"S01000952",557,334,223
"S01000953",673,414,259
"S01000954",618,409,209
"S01000955",396,284,112
"S01000956",620,433,187
"S01000957",394,234,160
"S01000958",615,402,213
"S01000959",521,362,159
"S01000960",394,211,183
"S01000961",629,394,235
"S01000962",420,298,122
"S01000963",522,297,225
"S01000964",647,400,247
"S01000965",457,303,154
"S01000966",777,490,287
"S01000967",408,258,150
"S01000968",720,478,242
"S01000969",610,364,246
"S01000970",581,337,244
"S01000971",453,310,143
"S01000972",708,524,184
"S01000973",443,283,160
"S01000974",617,402,215
"S01000975",459,307,152
"S01000976",349,222,127
"S01000977",564,373,191
"S01000978",547,363,184
"S01000979",486,314,172
"S01000980",552,350,202
"S01000981",501,360,141
"S01000982",424,301,123
"S01000983",406,265,141
"S01000984",456,270,186
"S01000985",483,282,201
"S01000986",387,257,130
"S01000987",475,337,138
"S01000988",375,267,108
"S01000989",630,464,166
"S01000990",483,309,174
"S01000991",364,247,117
"S01000992",651,378,273
"S01000993",656,480,176
"S01000994",745,485,260
"S01000995",625,504,121
"S01000996",731,453,278
"S01000997",722,525,197
"S01000998",482,319,163
"S01000999",530,425,105
"S01001000",387,249,138
"S01001001",400,283,117
"S01001002",501,427,74
"S01001003",694,499,195
"S01001004",457,274,183
"S01001005",612,397,215
"S01001006",559,430,129
"S01001007",568,368,200
"S01001008",562,384,178
"S01001009",455,339,116
"S01001010",580,356,224
"S01001011",460,321,139
"S01001012",614,448,166
"S01001013",673,370,303
"S01001014",633,438,195
"S01001015",425,290,135
"S01001016",701,409,292
"S01001017",484,294,190
"S01001018",600,408,192
"S01001019",709,398,311
"S01001020",371,228,143
"S01001021",601,384,217
"S01001022",595,426,169
"S01001023",738,504,234
"S01001024",592,392,200
"S01001025",703,445,258
"S01001026",608,444,164
"S01001027",660,377,283
"S01001028",546,349,197
"S01001029",520,307,213
"S01001030",568,348,220
"S01001031",744,491,253
"S01001032",528,309,219
"S01001033",479,290,189
"S01001034",560,319,241
"S01001035",364,229,135
"S01001036",367,231,136
"S01001037",660,367,293
"S01001038",508,375,133
"S01001039",420,273,147
"S01001040",448,297,151
"S01001041",416,290,126
"S01001042",655,532,123
"S01001043",511,398,113
"S01001044",704,418,286
"S01001045",427,290,137
"S01001046",336,201,135
"S01001047",492,287,205
"S01001048",487,341,146
"S01001049",497,280,217
"S01001050",680,452,228
"S01001051",492,298,194
"S01001052",426,275,151
"S01001053",568,381,187
"S01001054",508,349,159
"S01001055",545,330,215
"S01001056",561,368,193
"S01001057",465,318,147
"S01001058",558,366,192
"S01001059",436,323,113
"S01001060",571,403,168
"S01001061",565,427,138
"S01001062",379,278,101
"S01001063",585,379,206
"S01001064",575,409,166
"S01001065",553,404,149
"S01001066",521,338,183
"S01001067",590,402,188
"S01001068",669,426,243
"S01001069",663,461,202
"S01001070",617,386,231
"S01001071",470,323,147
"S01001072",579,425,154
"S01001073",732,474,258
"S01001074",395,265,130
"S01001075",609,354,255
"S01001076",579,394,185
"S01001077",537,338,199
"S01001078",592,376,216
"S01001079",356,255,101
"S01001080",391,250,141
"S01001081",487,291,196
"S01001082",606,365,241
"S01001083",573,335,238
"S01001084",631,425,206
"S01001085",618,362,256
"S01001086",537,261,276
"S01001087",401,189,212
"S01001088",713,400,313
"S01001089",657,388,269
"S01001090",768,481,287
"S01001091",550,304,246
"S01001092",838,461,377
"S01001093",912,407,505
"S01001094",678,464,214
"S01001095",1117,403,714
"S01001096",748,381,367
"S01001097",485,310,175
"S01001098",725,395,330
"S01001099",747,412,335
"S01001100",718,386,332
"S01001101",1075,500,575
"S01001102",211,112,99
"S01001103",659,385,274
"S01001104",561,338,223
"S01001105",658,415,243
"S01001106",570,425,145
"S01001107",723,417,306
"S01001108",597,338,259
"S01001109",721,361,360
"S01001110",643,363,280
"S01001111",752,459,293
"S01001112",568,385,183
"S01001113",826,415,411
"S01001114",700,320,380
"S01001115",591,345,246
"S01001116",343,161,182
"S01001117",445,242,203
"S01001118",469,264,205
"S01001119",723,454,269
"S01001120",429,285,144
"S01001121",577,371,206
"S01001122",487,316,171
"S01001123",735,491,244
"S01001124",448,245,203
"S01001125",292,166,126
"S01001126",846,468,378
"S01001127",621,398,223
"S01001128",571,417,154
"S01001129",724,462,262
"S01001130",661,399,262
"S01001131",423,225,198
"S01001132",519,360,159
"S01001133",624,372,252
"S01001134",737,513,224
"S01001135",305,157,148
"S01001136",606,359,247
"S01001137",658,345,313
"S01001138",717,447,270
"S01001139",476,272,204
"S01001140",712,423,289
"S01001141",316,165,151
"S01001142",673,400,273
"S01001143",569,325,244
"S01001144",502,297,205
"S01001145",447,210,237
"S01001146",740,501,239
"S01001147",536,324,212
"S01001148",542,347,195
"S01001149",493,339,154
"S01001150",539,345,194
"S01001151",364,172,192
"S01001152",712,389,323
"S01001153",540,308,232
"S01001154",571,377,194
"S01001155",497,317,180
"S01001156",610,430,180
"S01001157",636,493,143
"S01001158",342,178,164
"S01001159",501,282,219
"S01001160",351,203,148
"S01001161",443,314,129
"S01001162",656,451,205
"S01001163",470,290,180
"S01001164",458,220,238
"S01001165",626,359,267
"S01001166",222,115,107
"S01001167",726,434,292
"S01001168",557,399,158
"S01001169",681,366,315
"S01001170",589,305,284
"S01001171",478,356,122
"S01001172",515,291,224
"S01001173",629,363,266
"S01001174",485,316,169
"S01001175",623,366,257
"S01001176",564,395,169
"S01001177",510,289,221
"S01001178",603,291,312
"S01001179",734,482,252
"S01001180",537,278,259
"S01001181",675,416,259
"S01001182",657,403,254
"S01001183",644,312,332
"S01001184",706,498,208
"S01001185",460,302,158
"S01001186",616,447,169
"S01001187",642,336,306
"S01001188",627,347,280
"S01001189",692,371,321
"S01001190",582,377,205
"S01001191",482,277,205
"S01001192",739,317,422
"S01001193",660,475,185
"S01001194",718,497,221
"S01001195",696,348,348
"S01001196",755,422,333
"S01001197",415,224,191
"S01001198",510,299,211
"S01001199",672,386,286
"S01001200",606,301,305
"S01001201",489,311,178
"S01001202",435,248,187
"S01001203",563,299,264
"S01001204",660,470,190
"S01001205",567,359,208
"S01001206",548,332,216
"S01001207",606,329,277
"S01001208",475,225,250
"S01001209",398,340,58
"S01001210",587,326,261
"S01001211",725,430,295
"S01001212",413,240,173
"S01001213",738,330,408
"S01001214",537,239,298
"S01001215",601,380,221
"S01001216",689,428,261
"S01001217",625,341,284
"S01001218",537,426,111
"S01001219",401,311,90
"S01001220",396,247,149
"S01001221",489,305,184
"S01001222",511,266,245
"S01001223",601,475,126
"S01001224",658,361,297
"S01001225",711,474,237
"S01001226",341,231,110
"S01001227",511,384,127
"S01001228",620,421,199
"S01001229",570,396,174
"S01001230",653,322,331
"S01001231",567,349,218
"S01001232",489,377,112
"S01001233",653,359,294
"S01001234",304,172,132
"S01001235",581,385,196
"S01001236",652,375,277
"S01001237",440,283,157
"S01001238",532,316,216
"S01001239",356,172,184
"S01001240",631,390,241
"S01001241",602,397,205
"S01001242",663,534,129
"S01001243",163,106,57
"S01001244",473,391,82
"S01001245",532,296,236
"S01001246",736,464,272
"S01001247",497,335,162
"S01001248",626,534,92
"S01001249",520,306,214
"S01001250",759,505,254
"S01001251",510,315,195
"S01001252",500,344,156
"S01001253",428,206,222
"S01001254",526,334,192
"S01001255",644,384,260
"S01001256",567,358,209
"S01001257",557,356,201
"S01001258",329,210,119
"S01001259",612,386,226
"S01001260",389,219,170
"S01001261",634,379,255
"S01001262",643,450,193
"S01001263",412,264,148
"S01001264",388,306,82
"S01001265",426,384,42
"S01001266",551,418,133
"S01001267",739,423,316
"S01001268",594,458,136
"S01001269",387,266,121
"S01001270",571,244,327
"S01001271",534,248,286
"S01001272",489,308,181
"S01001273",487,228,259
"S01001274",523,273,250
"S01001275",502,256,246
"S01001276",385,284,101
"S01001277",484,277,207
"S01001278",399,278,121
"S01001279",518,272,246
"S01001280",442,244,198
"S01001281",605,290,315
"S01001282",571,317,254
"S01001283",358,205,153
"S01001284",607,375,232
"S01001285",481,275,206
"S01001286",385,236,149
"S01001287",647,384,263
"S01001288",657,369,288
"S01001289",451,268,183
"S01001290",416,216,200
"S01001291",287,173,114
"S01001292",606,338,268
"S01001293",592,323,269
"S01001294",569,353,216
"S01001295",683,364,319
"S01001296",487,271,216
"S01001297",592,399,193
"S01001298",664,408,256
"S01001299",679,447,232
"S01001300",731,522,209
"S01001301",422,234,188
"S01001302",506,364,142
"S01001303",457,343,114
"S01001304",553,405,148
"S01001305",528,325,203
"S01001306",506,291,215
"S01001307",653,382,271
"S01001308",729,363,366
"S01001309",512,275,237
"S01001310",531,276,255
"S01001311",462,279,183
"S01001312",546,273,273
"S01001313",484,264,220
"S01001314",531,344,187
"S01001315",681,485,196
"S01001316",703,331,372
"S01001317",698,449,249
"S01001318",424,271,153
"S01001319",478,238,240
"S01001320",667,373,294
"S01001321",415,286,129
"S01001322",583,372,211
"S01001323",459,313,146
"S01001324",620,293,327
"S01001325",496,302,194
"S01001326",739,450,289
"S01001327",531,298,233
"S01001328",588,338,250
"S01001329",444,277,167
"S01001330",768,599,169
"S01001331",644,378,266
"S01001332",662,419,243
"S01001333",603,326,277
"S01001334",583,366,217
"S01001335",717,384,333
"S01001336",670,427,243
"S01001337",586,435,151
"S01001338",572,336,236
"S01001339",494,304,190
"S01001340",551,314,237
"S01001341",614,383,231
"S01001342",632,379,253
"S01001343",688,426,262
"S01001344",637,456,181
"S01001345",451,295,156
"S01001346",513,356,157
"S01001347",622,440,182
"S01001348",482,284,198
"S01001349",1039,518,521
"S01001350",520,285,235
"S01001351",379,289,90
"S01001352",684,466,218
"S01001353",474,375,99
"S01001354",573,354,219
"S01001355",573,381,192
"S01001356",499,339,160
"S01001357",462,246,216
"S01001358",633,419,214
"S01001359",521,375,146
"S01001360",639,410,229
"S01001361",415,281,134
"S01001362",486,333,153
"S01001363",478,356,122
"S01001364",639,409,230
"S01001365",479,326,153
"S01001366",706,449,257
"S01001367",497,301,196
"S01001368",755,552,203
"S01001369",714,463,251
"S01001370",540,368,172
"S01001371",403,286,117
"S01001372",580,461,119
"S01001373",440,291,149
"S01001374",478,338,140
"S01001375",509,394,115
"S01001376",597,388,209
"S01001377",613,321,292
"S01001378",441,305,136
"S01001379",711,469,242
"S01001380",593,356,237
"S01001381",679,414,265
"S01001382",391,153,238
"S01001383",498,320,178
"S01001384",749,474,275
"S01001385",561,355,206
"S01001386",678,450,228
"S01001387",705,489,216
"S01001388",652,344,308
"S01001389",407,282,125
"S01001390",660,494,166
"S01001391",598,430,168
"S01001392",377,196,181
"S01001393",418,300,118
"S01001394",378,261,117
"S01001395",677,500,177
"S01001396",540,376,164
"S01001397",575,329,246
"S01001398",660,484,176
"S01001399",628,353,275
"S01001400",610,389,221
"S01001401",501,288,213
"S01001402",729,580,149
"S01001403",720,613,107
"S01001404",433,365,68
"S01001405",657,541,116
"S01001406",457,331,126
"S01001407",628,410,218
"S01001408",615,392,223
"S01001409",663,443,220
"S01001410",710,488,222
"S01001411",438,322,116
"S01001412",702,383,319
"S01001413",547,427,120
"S01001414",495,282,213
"S01001415",568,370,198
"S01001416",473,295,178
"S01001417",760,573,187
"S01001418",736,533,203
"S01001419",559,397,162
"S01001420",481,350,131
"S01001421",610,401,209
"S01001422",410,309,101
"S01001423",606,444,162
"S01001424",797,485,312
"S01001425",735,415,320
"S01001426",555,377,178
"S01001427",655,477,178
"S01001428",721,462,259
"S01001429",451,254,197
"S01001430",732,470,262
"S01001431",772,585,187
"S01001432",553,451,102
"S01001433",708,441,267
"S01001434",727,482,245
"S01001435",736,513,223
"S01001436",732,509,223
"S01001437",706,476,230
"S01001438",444,291,153
"S01001439",578,393,185
"S01001440",746,550,196
"S01001441",601,356,245
"S01001442",579,390,189
"S01001443",732,513,219
"S01001444",748,576,172
"S01001445",544,395,149
"S01001446",680,405,275
"S01001447",575,389,186
"S01001448",574,377,197
"S01001449",444,294,150
"S01001450",558,324,234
"S01001451",528,351,177
"S01001452",607,422,185
"S01001453",660,509,151
"S01001454",718,482,236
"S01001455",578,371,207
"S01001456",450,250,200
"S01001457",699,465,234
"S01001458",743,494,249
"S01001459",718,499,219
"S01001460",509,347,162
"S01001461",705,442,263
"S01001462",634,417,217
"S01001463",390,263,127
"S01001464",716,543,173
"S01001465",487,323,164
"S01001466",594,403,191
"S01001467",689,539,150
"S01001468",499,321,178
"S01001469",617,392,225
"S01001470",714,479,235
"S01001471",535,373,162
"S01001472",667,442,225
"S01001473",505,311,194
"S01001474",922,443,479
"S01001475",415,271,144
"S01001476",729,519,210
"S01001477",782,601,181
"S01001478",522,348,174
"S01001479",451,275,176
"S01001480",411,281,130
"S01001481",710,494,216
"S01001482",510,323,187
"S01001483",677,453,224
"S01001484",629,460,169
"S01001485",534,372,162
"S01001486",518,320,198
"S01001487",503,313,190
"S01001488",718,503,215
"S01001489",634,431,203
"S01001490",668,450,218
"S01001491",636,457,179
"S01001492",742,475,267
"S01001493",628,426,202
"S01001494",653,423,230
"S01001495",472,282,190
"S01001496",637,404,233
"S01001497",580,384,196
"S01001498",580,453,127
"S01001499",736,542,194
"S01001500",475,308,167
"S01001501",618,385,233
"S01001502",692,494,198
"S01001503",680,534,146
"S01001504",714,447,267
"S01001505",779,484,295
"S01001506",462,327,135
"S01001507",703,531,172
"S01001508",737,573,164
"S01001509",646,378,268
"S01001510",427,265,162
"S01001511",472,305,167
"S01001512",540,302,238
"S01001513",549,290,259
"S01001514",640,476,164
"S01001515",521,343,178
"S01001516",512,294,218
"S01001517",568,308,260
"S01001518",732,512,220
"S01001519",696,462,234
"S01001520",540,349,191
"S01001521",755,486,269
"S01001522",737,427,310
"S01001523",539,434,105
"S01001524",731,441,290
"S01001525",680,489,191
"S01001526",483,347,136
"S01001527",601,408,193
"S01001528",734,545,189
"S01001529",444,298,146
"S01001530",628,406,222
"S01001531",743,545,198
"S01001532",409,273,136
"S01001533",640,405,235
"S01001534",543,385,158
"S01001535",640,434,206
"S01001536",597,355,242
"S01001537",468,256,212
"S01001538",681,445,236
"S01001539",606,467,139
"S01001540",542,416,126
"S01001541",667,463,204
"S01001542",540,389,151
"S01001543",566,412,154
"S01001544",685,450,235
"S01001545",593,495,98
"S01001546",664,402,262
"S01001547",618,373,245
"S01001548",520,400,120
"S01001549",816,428,388
"S01001550",486,346,140
"S01001551",581,400,181
"S01001552",620,451,169
"S01001553",591,393,198
"S01001554",709,512,197
"S01001555",577,345,232
"S01001556",667,503,164
"S01001557",722,564,158
"S01001558",599,400,199
"S01001559",397,268,129
"S01001560",472,311,161
"S01001561",520,349,171
"S01001562",510,347,163
"S01001563",429,334,95
"S01001564",440,301,139
"S01001565",533,322,211
"S01001566",494,381,113
"S01001567",720,590,130
"S01001568",487,369,118
"S01001569",398,343,55
"S01001570",345,298,47
"S01001571",510,297,213
"S01001572",440,343,97
"S01001573",479,358,121
"S01001574",647,413,234
"S01001575",567,412,155
"S01001576",447,274,173
"S01001577",555,404,151
"S01001578",513,333,180
"S01001579",556,361,195
"S01001580",451,285,166
"S01001581",572,430,142
"S01001582",434,292,142
"S01001583",329,222,107
"S01001584",544,333,211
"S01001585",598,362,236
"S01001586",364,303,61
"S01001587",590,364,226
"S01001588",531,353,178
"S01001589",591,386,205
"S01001590",535,392,143
"S01001591",454,280,174
"S01001592",530,365,165
"S01001593",626,409,217
"S01001594",583,423,160
"S01001595",496,296,200
"S01001596",540,374,166
"S01001597",539,312,227
"S01001598",472,340,132
"S01001599",680,481,199
"S01001600",730,458,272
"S01001601",613,420,193
"S01001602",353,243,110
"S01001603",621,442,179
"S01001604",455,303,152
"S01001605",451,299,152
"S01001606",382,234,148
"S01001607",672,505,167
"S01001608",664,498,166
"S01001609",669,463,206
"S01001610",427,256,171
"S01001611",580,437,143
"S01001612",632,448,184
"S01001613",563,331,232
"S01001614",399,243,156
"S01001615",581,395,186
"S01001616",409,325,84
"S01001617",523,305,218
"S01001618",666,467,199
"S01001619",529,327,202
"S01001620",594,287,307
"S01001621",523,333,190
"S01001622",625,411,214
"S01001623",533,358,175
"S01001624",727,492,235
"S01001625",542,326,216
"S01001626",553,402,151
"S01001627",561,344,217
"S01001628",400,259,141
"S01001629",438,291,147
"S01001630",418,278,140
"S01001631",631,427,204
"S01001632",433,372,61
"S01001633",704,494,210
"S01001634",599,492,107
"S01001635",561,383,178
"S01001636",393,323,70
"S01001637",546,386,160
"S01001638",666,473,193
"S01001639",484,283,201
"S01001640",504,359,145
"S01001641",447,299,148
"S01001642",661,412,249
"S01001643",539,362,177
"S01001644",568,393,175
"S01001645",617,422,195
"S01001646",423,306,117
"S01001647",488,330,158
"S01001648",523,350,173
"S01001649",554,303,251
"S01001650",551,375,176
"S01001651",636,409,227
"S01001652",592,433,159
"S01001653",478,317,161
"S01001654",414,271,143
"S01001655",436,288,148
"S01001656",676,422,254
"S01001657",365,267,98
"S01001658",619,429,190
"S01001659",434,265,169
"S01001660",492,262,230
"S01001661",475,304,171
"S01001662",544,342,202
"S01001663",562,378,184
"S01001664",347,266,81
"S01001665",480,246,234
"S01001666",414,270,144
"S01001667",503,307,196
"S01001668",434,243,191
"S01001669",426,303,123
"S01001670",502,359,143
"S01001671",403,310,93
"S01001672",421,271,150
"S01001673",486,357,129
"S01001674",516,305,211
"S01001675",510,361,149
"S01001676",650,405,245
"S01001677",629,442,187
"S01001678",714,571,143
"S01001679",475,314,161
"S01001680",484,282,202
"S01001681",480,323,157
"S01001682",390,320,70
"S01001683",555,371,184
"S01001684",419,293,126
"S01001685",479,277,202
"S01001686",657,437,220
"S01001687",667,387,280
"S01001688",604,473,131
"S01001689",543,345,198
"S01001690",356,251,105
"S01001691",603,403,200
"S01001692",410,268,142
"S01001693",505,423,82
"S01001694",494,361,133
"S01001695",565,410,155
"S01001696",564,401,163
"S01001697",596,440,156
"S01001698",389,277,112
"S01001699",442,337,105
"S01001700",711,458,253
"S01001701",572,359,213
"S01001702",602,377,225
"S01001703",516,404,112
"S01001704",697,459,238
"S01001705",426,358,68
"S01001706",554,401,153
"S01001707",504,320,184
"S01001708",619,393,226
"S01001709",438,354,84
"S01001710",504,349,155
"S01001711",563,423,140
"S01001712",404,310,94
"S01001713",696,504,192
"S01001714",525,361,164
"S01001715",706,550,156
"S01001716",592,368,224
"S01001717",572,411,161
"S01001718",360,268,92
"S01001719",562,429,133
"S01001720",482,375,107
"S01001721",399,269,130
"S01001722",543,393,150
"S01001723",541,349,192
"S01001724",500,273,227
"S01001725",498,315,183
"S01001726",461,339,122
"S01001727",639,471,168
"S01001728",485,372,113
"S01001729",701,495,206
"S01001730",462,335,127
"S01001731",483,333,150
"S01001732",455,323,132
"S01001733",510,348,162
"S01001734",401,262,139
"S01001735",359,257,102
"S01001736",698,447,251
"S01001737",450,352,98
"S01001738",455,309,146
"S01001739",435,346,89
"S01001740",581,421,160
"S01001741",482,291,191
"S01001742",495,267,228
"S01001743",685,374,311
"S01001744",429,346,83
"S01001745",593,422,171
"S01001746",682,456,226
"S01001747",652,363,289
"S01001748",475,315,160
"S01001749",579,317,262
"S01001750",567,333,234
"S01001751",678,439,239
"S01001752",747,527,220
"S01001753",599,321,278
"S01001754",543,407,136
"S01001755",657,404,253
"S01001756",408,208,200
"S01001757",564,386,178
"S01001758",496,321,175
"S01001759",469,284,185
"S01001760",490,307,183
"S01001761",476,258,218
"S01001762",610,390,220
"S01001763",582,412,170
"S01001764",372,288,84
"S01001765",712,456,256
"S01001766",482,331,151
"S01001767",424,298,126
"S01001768",480,348,132
"S01001769",498,309,189
"S01001770",386,227,159
"S01001771",576,381,195
"S01001772",346,186,160
"S01001773",678,449,229
"S01001774",461,347,114
"S01001775",515,344,171
"S01001776",435,298,137
"S01001777",635,478,157
"S01001778",685,365,320
"S01001779",381,236,145
"S01001780",583,396,187
"S01001781",475,321,154
"S01001782",657,412,245
"S01001783",398,189,209
"S01001784",386,240,146
"S01001785",510,386,124
"S01001786",434,323,111
"S01001787",488,330,158
"S01001788",670,506,164
"S01001789",398,270,128
"S01001790",591,454,137
"S01001791",566,438,128
"S01001792",518,380,138
"S01001793",587,421,166
"S01001794",656,453,203
"S01001795",715,475,240
"S01001796",626,378,248
"S01001797",486,307,179
"S01001798",694,491,203
"S01001799",611,306,305
"S01001800",710,574,136
"S01001801",665,474,191
"S01001802",634,541,93
"S01001803",786,647,139
"S01001804",814,624,190
"S01001805",576,393,183
"S01001806",492,337,155
"S01001807",638,367,271
"S01001808",467,284,183
"S01001809",517,239,278
"S01001810",731,530,201
"S01001811",543,342,201
"S01001812",373,248,125
"S01001813",530,394,136
"S01001814",529,436,93
"S01001815",667,461,206
"S01001816",770,538,232
"S01001817",498,292,206
"S01001818",556,354,202
"S01001819",754,497,257
"S01001820",566,308,258
"S01001821",330,242,88
"S01001822",789,572,217
"S01001823",523,267,256
"S01001824",549,347,202
"S01001825",619,486,133
"S01001826",363,173,190
"S01001827",640,380,260
"S01001828",532,458,74
"S01001829",479,325,154
"S01001830",653,499,154
"S01001831",551,340,211
"S01001832",490,286,204
"S01001833",719,520,199
"S01001834",435,280,155
"S01001835",470,364,106
"S01001836",528,377,151
"S01001837",654,472,182
"S01001838",406,269,137
"S01001839",647,353,294
"S01001840",550,365,185
"S01001841",503,389,114
"S01001842",573,485,88
"S01001843",547,304,243
"S01001844",2371,978,1393
"S01001845",570,442,128
"S01001846",670,491,179
"S01001847",570,311,259
"S01001848",565,327,238
"S01001849",461,281,180
"S01001850",550,424,126
"S01001851",586,462,124
"S01001852",648,482,166
"S01001853",569,395,174
"S01001854",893,671,222
"S01001855",532,388,144
"S01001856",391,228,163
"S01001857",594,373,221
"S01001858",589,391,198
"S01001859",700,446,254
"S01001860",705,395,310
"S01001861",641,364,277
"S01001862",720,565,155
"S01001863",732,577,155
"S01001864",627,409,218
"S01001865",440,240,200
"S01001866",516,350,166
"S01001867",381,226,155
"S01001868",518,343,175
"S01001869",648,481,167
"S01001870",514,277,237
"S01001871",592,375,217
"S01001872",591,385,206
"S01001873",522,368,154
"S01001874",455,246,209
"S01001875",621,424,197
"S01001876",740,455,285
"S01001877",630,395,235
"S01001878",716,460,256
"S01001879",470,232,238
"S01001880",539,338,201
"S01001881",515,338,177
"S01001882",566,419,147
"S01001883",421,297,124
"S01001884",662,378,284
"S01001885",737,475,262
"S01001886",415,215,200
"S01001887",597,419,178
"S01001888",637,456,181
"S01001889",422,309,113
"S01001890",695,509,186
"S01001891",406,223,183
"S01001892",602,369,233
"S01001893",706,424,282
"S01001894",505,300,205
"S01001895",525,320,205
"S01001896",561,409,152
"S01001897",628,382,246
"S01001898",448,266,182
"S01001899",624,486,138
"S01001900",563,385,178
"S01001901",623,425,198
"S01001902",664,500,164
"S01001903",441,261,180
"S01001904",455,268,187
"S01001905",671,486,185
"S01001906",345,127,218
"S01001907",523,305,218
"S01001908",696,389,307
"S01001909",486,274,212
"S01001910",561,431,130
"S01001911",542,414,128
"S01001912",583,422,161
"S01001913",722,544,178
"S01001914",420,272,148
"S01001915",625,432,193
"S01001916",656,490,166
"S01001917",444,305,139
"S01001918",741,567,174
"S01001919",676,504,172
"S01001920",443,270,173
"S01001921",428,242,186
"S01001922",584,468,116
"S01001923",256,143,113
"S01001924",516,374,142
"S01001925",580,403,177
"S01001926",467,317,150
"S01001927",613,395,218
"S01001928",897,503,394
"S01001929",534,381,153
"S01001930",659,520,139
"S01001931",510,256,254
"S01001932",1083,545,538
"S01001933",618,443,175
"S01001934",572,361,211
"S01001935",499,276,223
"S01001936",651,411,240
"S01001937",679,474,205
"S01001938",462,329,133
"S01001939",384,268,116
"S01001940",563,402,161
"S01001941",726,482,244
"S01001942",428,288,140
"S01001943",451,274,177
"S01001944",428,245,183
"S01001945",485,334,151
"S01001946",556,330,226
"S01001947",587,362,225
"S01001948",491,285,206
"S01001949",495,313,182
"S01001950",717,531,186
"S01001951",574,324,250
"S01001952",584,400,184
"S01001953",601,436,165
"S01001954",362,265,97
"S01001955",545,316,229
"S01001956",535,315,220
"S01001957",232,142,90
"S01001958",664,327,337
"S01001959",464,310,154
"S01001960",681,451,230
"S01001961",770,622,148
"S01001962",640,473,167
"S01001963",604,429,175
"S01001964",617,539,78
"S01001965",596,321,275
"S01001966",543,261,282
"S01001967",529,449,80
"S01001968",587,412,175
"S01001969",498,338,160
"S01001970",425,255,170
"S01001971",544,273,271
"S01001972",588,464,124
"S01001973",524,420,104
"S01001974",633,469,164
"S01001975",578,341,237
"S01001976",621,382,239
"S01001977",533,318,215
"S01001978",508,273,235
"S01001979",479,331,148
"S01001980",583,494,89
"S01001981",611,425,186
"S01001982",212,116,96
"S01001983",619,441,178
"S01001984",415,287,128
"S01001985",532,394,138
"S01001986",584,515,69
"S01001987",735,419,316
"S01001988",583,439,144
"S01001989",667,430,237
"S01001990",855,496,359
"S01001991",556,455,101
"S01001992",620,400,220
"S01001993",577,419,158
"S01001994",721,546,175
"S01001995",526,462,64
"S01001996",785,541,244
"S01001997",587,408,179
"S01001998",497,405,92
"S01001999",687,389,298
"S01002000",571,398,173
"S01002001",695,596,99
"S01002002",671,371,300
"S01002003",610,451,159
"S01002004",698,522,176
"S01002005",576,324,252
"S01002006",688,569,119
"S01002007",881,752,129
"S01002008",739,563,176
"S01002009",699,436,263
"S01002010",458,278,180
"S01002011",794,673,121
"S01002012",665,508,157
"S01002013",598,395,203
"S01002014",686,393,293
"S01002015",663,463,200
"S01002016",507,416,91
"S01002017",734,336,398
"S01002018",633,429,204
"S01002019",718,417,301
"S01002020",414,233,181
"S01002021",673,369,304
"S01002022",552,408,144
"S01002023",669,509,160
"S01002024",638,482,156
"S01002025",772,609,163
"S01002026",506,325,181
"S01002027",962,583,379
"S01002028",2572,763,1809
"S01002029",692,383,309
"S01002030",687,547,140
"S01002031",534,405,129
"S01002032",631,488,143
"S01002033",671,515,156
"S01002034",642,429,213
"S01002035",559,413,146
"S01002036",741,593,148
"S01002037",619,368,251
"S01002038",510,321,189
"S01002039",456,296,160
"S01002040",450,323,127
"S01002041",779,614,165
"S01002042",627,362,265
"S01002043",538,363,175
"S01002044",479,274,205
"S01002045",601,420,181
"S01002046",528,389,139
"S01002047",555,363,192
"S01002048",808,442,366
"S01002049",993,642,351
"S01002050",519,301,218
"S01002051",597,335,262
"S01002052",691,528,163
"S01002053",695,426,269
"S01002054",550,305,245
"S01002055",684,512,172
"S01002056",675,401,274
"S01002057",638,454,184
"S01002058",592,433,159
"S01002059",601,437,164
"S01002060",670,396,274
"S01002061",603,447,156
"S01002062",469,277,192
"S01002063",929,599,330
"S01002064",673,509,164
"S01002065",641,416,225
"S01002066",624,365,259
"S01002067",606,412,194
"S01002068",832,628,204
"S01002069",406,283,123
"S01002070",581,370,211
"S01002071",567,374,193
"S01002072",777,559,218
"S01002073",559,384,175
"S01002074",470,312,158
"S01002075",705,579,126
"S01002076",764,494,270
"S01002077",645,435,210
"S01002078",680,499,181
"S01002079",665,473,192
"S01002080",716,476,240
"S01002081",602,384,218
"S01002082",694,532,162
"S01002083",383,174,209
"S01002084",470,322,148
"S01002085",620,422,198
"S01002086",506,322,184
"S01002087",772,420,352
"S01002088",597,390,207
"S01002089",726,501,225
"S01002090",781,477,304
"S01002091",723,516,207
"S01002092",649,427,222
"S01002093",678,480,198
"S01002094",566,369,197
"S01002095",409,265,144
"S01002096",576,398,178
"S01002097",559,362,197
"S01002098",487,292,195
"S01002099",731,583,148
"S01002100",454,324,130
"S01002101",707,385,322
"S01002102",449,310,139
"S01002103",567,418,149
"S01002104",889,418,471
"S01002105",709,517,192
"S01002106",922,533,389
"S01002107",417,292,125
"S01002108",896,486,410
"S01002109",810,604,206
"S01002110",503,361,142
"S01002111",778,501,277
"S01002112",740,545,195
"S01002113",543,334,209
"S01002114",525,384,141
"S01002115",877,678,199
"S01002116",559,398,161
"S01002117",573,418,155
"S01002118",799,453,346
"S01002119",385,232,153
"S01002120",572,452,120
"S01002121",496,333,163
"S01002122",595,350,245
"S01002123",1016,603,413
"S01002124",574,398,176
"S01002125",769,528,241
"S01002126",483,345,138
"S01002127",524,371,153
"S01002128",686,538,148
"S01002129",734,366,368
"S01002130",485,345,140
"S01002131",585,406,179
"S01002132",569,386,183
"S01002133",887,680,207
"S01002134",451,306,145
"S01002135",580,382,198
"S01002136",576,438,138
"S01002137",676,505,171
"S01002138",473,306,167
"S01002139",525,374,151
"S01002140",678,402,276
"S01002141",514,367,147
"S01002142",788,507,281
"S01002143",548,346,202
"S01002144",498,288,210
"S01002145",824,587,237
"S01002146",773,650,123
"S01002147",685,435,250
"S01002148",592,394,198
"S01002149",765,489,276
"S01002150",531,405,126
"S01002151",917,730,187
"S01002152",632,440,192
"S01002153",422,290,132
"S01002154",650,376,274
"S01002155",704,409,295
"S01002156",695,485,210
"S01002157",617,422,195
"S01002158",643,496,147
"S01002159",600,430,170
"S01002160",640,417,223
"S01002161",665,475,190
"S01002162",763,518,245
"S01002163",874,688,186
"S01002164",612,401,211
"S01002165",717,572,145
"S01002166",691,459,232
"S01002167",485,290,195
"S01002168",836,611,225
"S01002169",612,475,137
"S01002170",601,309,292
"S01002171",475,300,175
"S01002172",557,362,195
"S01002173",667,456,211
"S01002174",774,594,180
"S01002175",845,670,175
"S01002176",626,423,203
"S01002177",668,541,127
"S01002178",789,651,138
"S01002179",523,342,181
"S01002180",459,355,104
"S01002181",615,469,146
"S01002182",630,433,197
"S01002183",686,539,147
"S01002184",603,380,223
"S01002185",590,384,206
"S01002186",650,514,136
"S01002187",791,579,212
"S01002188",554,389,165
"S01002189",615,446,169
"S01002190",645,477,168
"S01002191",575,291,284
"S01002192",569,345,224
"S01002193",615,421,194
"S01002194",499,295,204
"S01002195",760,576,184
"S01002196",482,352,130
"S01002197",494,393,101
"S01002198",729,566,163
"S01002199",654,496,158
"S01002200",569,379,190
"S01002201",789,624,165
"S01002202",608,480,128
"S01002203",402,322,80
"S01002204",540,313,227
"S01002205",674,557,117
"S01002206",463,340,123
"S01002207",628,473,155
"S01002208",492,386,106
"S01002209",813,638,175
"S01002210",511,398,113
"S01002211",428,191,237
"S01002212",739,455,284
"S01002213",578,410,168
"S01002214",658,525,133
"S01002215",656,431,225
"S01002216",665,516,149
"S01002217",753,572,181
"S01002218",481,411,70
"S01002219",488,310,178
"S01002220",585,421,164
"S01002221",648,465,183
"S01002222",587,379,208
"S01002223",516,332,184
"S01002224",495,319,176
"S01002225",607,457,150
"S01002226",867,639,228
"S01002227",589,294,295
"S01002228",718,456,262
"S01002229",506,298,208
"S01002230",794,599,195
"S01002231",753,451,302
"S01002232",487,277,210
"S01002233",785,549,236
"S01002234",663,464,199
"S01002235",805,647,158
"S01002236",660,419,241
"S01002237",833,620,213
"S01002238",419,189,230
"S01002239",620,307,313
"S01002240",593,410,183
"S01002241",648,387,261
"S01002242",579,388,191
"S01002243",602,453,149
"S01002244",605,460,145
"S01002245",794,641,153
"S01002246",710,536,174
"S01002247",586,296,290
"S01002248",810,571,239
"S01002249",566,389,177
"S01002250",746,594,152
"S01002251",544,438,106
"S01002252",434,263,171
"S01002253",735,456,279
"S01002254",680,494,186
"S01002255",870,611,259
"S01002256",662,490,172
"S01002257",498,373,125
"S01002258",589,375,214
"S01002259",406,263,143
"S01002260",616,416,200
"S01002261",755,565,190
"S01002262",601,378,223
"S01002263",584,331,253
"S01002264",649,494,155
"S01002265",698,342,356
"S01002266",474,340,134
"S01002267",746,488,258
"S01002268",504,315,189
"S01002269",644,490,154
"S01002270",768,562,206
"S01002271",643,440,203
"S01002272",412,329,83
"S01002273",657,472,185
"S01002274",563,401,162
"S01002275",635,370,265
"S01002276",592,387,205
"S01002277",561,354,207
"S01002278",760,468,292
"S01002279",685,398,287
"S01002280",573,406,167
"S01002281",436,226,210
"S01002282",253,128,125
"S01002283",531,353,178
"S01002284",694,500,194
"S01002285",604,354,250
"S01002286",574,466,108
"S01002287",543,392,151
"S01002288",630,524,106
"S01002289",598,338,260
"S01002290",650,426,224
"S01002291",646,315,331
"S01002292",652,463,189
"S01002293",643,513,130
"S01002294",434,324,110
"S01002295",550,375,175
"S01002297",675,405,270
"S01002298",519,401,118
"S01002299",598,402,196
"S01002300",568,372,196
"S01002301",651,517,134
"S01002302",503,320,183
"S01002303",606,412,194
"S01002304",709,566,143
"S01002305",683,441,242
"S01002306",363,272,91
"S01002307",596,505,91
"S01002308",707,533,174
"S01002309",529,293,236
"S01002310",695,400,295
"S01002311",559,321,238
"S01002312",480,285,195
"S01002313",529,390,139
"S01002314",643,431,212
"S01002315",411,267,144
"S01002316",506,350,156
"S01002317",727,581,146
"S01002318",660,453,207
"S01002319",784,395,389
"S01002320",456,346,110
"S01002321",646,315,331
"S01002322",542,412,130
"S01002323",571,394,177
"S01002324",573,300,273
"S01002325",456,237,219
"S01002326",651,441,210
"S01002327",486,338,148
"S01002328",597,482,115
"S01002329",538,423,115
"S01002330",571,405,166
"S01002331",514,333,181
"S01002332",670,575,95
"S01002333",627,510,117
"S01002334",596,440,156
"S01002335",757,551,206
"S01002336",740,618,122
"S01002337",724,589,135
"S01002338",390,256,134
"S01002339",423,263,160
"S01002340",408,252,156
"S01002341",398,240,158
"S01002342",425,289,136
"S01002343",557,400,157
"S01002344",394,294,100
"S01002345",519,379,140
"S01002346",661,453,208
"S01002347",527,362,165
"S01002348",643,398,245
"S01002349",682,420,262
"S01002350",700,455,245
"S01002351",456,258,198
"S01002352",613,408,205
"S01002353",529,383,146
"S01002354",575,409,166
"S01002355",625,428,197
"S01002356",552,369,183
"S01002357",531,350,181
"S01002358",374,224,150
"S01002359",659,396,263
"S01002360",482,319,163
"S01002361",464,319,145
"S01002362",492,363,129
"S01002363",694,493,201
"S01002364",539,358,181
"S01002365",420,285,135
"S01002366",426,308,118
"S01002367",599,391,208
"S01002368",599,419,180
"S01002369",377,238,139
"S01002370",501,313,188
"S01002371",457,291,166
"S01002372",582,360,222
"S01002373",467,268,199
"S01002374",509,284,225
"S01002375",658,394,264
"S01002376",625,398,227
"S01002377",608,355,253
"S01002378",425,308,117
"S01002379",670,427,243
"S01002380",496,319,177
"S01002381",572,399,173
"S01002382",453,238,215
"S01002383",397,303,94
"S01002384",390,290,100
"S01002385",583,354,229
"S01002386",710,544,166
"S01002387",441,327,114
"S01002388",570,492,78
"S01002389",584,432,152
"S01002390",540,363,177
"S01002391",686,438,248
"S01002392",670,473,197
"S01002393",387,255,132
"S01002394",502,340,162
"S01002395",557,395,162
"S01002396",549,356,193
"S01002397",898,526,372
"S01002398",701,512,189
"S01002399",767,510,257
"S01002400",684,568,116
"S01002401",693,596,97
"S01002402",668,456,212
"S01002403",552,364,188
"S01002404",708,526,182
"S01002405",592,493,99
"S01002406",559,354,205
"S01002407",603,441,162
"S01002408",648,380,268
"S01002409",513,352,161
"S01002410",419,315,104
"S01002411",489,328,161
"S01002412",760,620,140
"S01002413",515,345,170
"S01002414",429,212,217
"S01002415",554,348,206
"S01002416",412,311,101
"S01002417",541,346,195
"S01002418",678,463,215
"S01002419",388,261,127
"S01002420",462,274,188
"S01002421",659,494,165
"S01002422",429,273,156
"S01002423",468,255,213
"S01002424",666,440,226
"S01002425",621,443,178
"S01002426",490,294,196
"S01002427",618,378,240
"S01002428",417,260,157
"S01002429",501,106,395
"S01002430",408,275,133
"S01002431",556,362,194
"S01002432",549,376,173
"S01002433",388,231,157
"S01002434",686,427,259
"S01002435",552,389,163
"S01002436",516,264,252
"S01002437",371,231,140
"S01002438",508,358,150
"S01002439",667,400,267
"S01002440",671,461,210
"S01002441",507,327,180
"S01002442",376,254,122
"S01002443",403,242,161
"S01002444",393,214,179
"S01002445",531,309,222
"S01002446",604,398,206
"S01002447",527,341,186
"S01002448",398,229,169
"S01002449",335,270,65
"S01002450",554,335,219
"S01002451",833,612,221
"S01002452",400,245,155
"S01002453",627,433,194
"S01002454",617,403,214
"S01002455",474,343,131
"S01002456",684,391,293
"S01002457",601,366,235
"S01002458",631,341,290
"S01002459",431,301,130
"S01002460",603,321,282
"S01002461",348,294,54
"S01002462",521,364,157
"S01002463",722,418,304
"S01002464",383,225,158
"S01002465",459,364,95
"S01002466",708,462,246
"S01002467",349,217,132
"S01002468",445,282,163
"S01002469",500,320,180
"S01002470",606,386,220
"S01002471",378,222,156
"S01002472",442,282,160
"S01002473",647,392,255
"S01002474",383,290,93
"S01002475",392,247,145
"S01002476",651,511,140
"S01002477",598,388,210
"S01002478",655,452,203
"S01002479",497,299,198
"S01002480",411,229,182
"S01002481",734,439,295
"S01002482",627,371,256
"S01002483",544,323,221
"S01002484",605,364,241
"S01002485",714,518,196
"S01002486",390,200,190
"S01002487",330,204,126
"S01002488",485,276,209
"S01002489",404,210,194
"S01002490",476,246,230
"S01002491",362,199,163
"S01002492",489,304,185
"S01002493",714,448,266
"S01002494",528,428,100
"S01002495",503,311,192
"S01002496",513,322,191
"S01002497",495,343,152
"S01002498",549,467,82
"S01002499",665,351,314
"S01002500",426,251,175
"S01002501",373,238,135
"S01002502",626,347,279
"S01002503",445,272,173
"S01002504",648,402,246
"S01002505",562,299,263
"S01002506",664,479,185
"S01002507",439,248,191
"S01002508",617,436,181
"S01002509",721,510,211
"S01002510",770,539,231
"S01002511",384,210,174
"S01002512",417,272,145
"S01002513",545,459,86
"S01002514",446,267,179
"S01002515",441,238,203
"S01002516",560,394,166
"S01002517",477,334,143
"S01002518",537,363,174
"S01002519",586,301,285
"S01002520",362,201,161
"S01002521",441,289,152
"S01002522",567,411,156
"S01002523",558,342,216
"S01002524",480,374,106
"S01002525",490,292,198
"S01002526",434,304,130
"S01002527",589,496,93
"S01002528",593,438,155
"S01002529",626,361,265
"S01002530",548,361,187
"S01002531",560,358,202
"S01002532",572,367,205
"S01002533",566,354,212
"S01002534",711,437,274
"S01002535",368,232,136
"S01002536",396,238,158
"S01002537",413,284,129
"S01002538",716,552,164
"S01002539",551,310,241
"S01002540",369,213,156
"S01002541",710,529,181
"S01002542",445,353,92
"S01002543",422,220,202
"S01002544",567,411,156
"S01002545",490,285,205
"S01002546",506,343,163
"S01002547",454,347,107
"S01002548",729,451,278
"S01002549",438,324,114
"S01002550",412,318,94
"S01002551",436,270,166
"S01002552",430,277,153
"S01002553",559,379,180
"S01002554",423,370,53
"S01002555",535,381,154
"S01002556",548,336,212
"S01002557",585,392,193
"S01002558",396,238,158
"S01002559",526,362,164
"S01002560",399,262,137
"S01002561",492,327,165
"S01002562",483,320,163
"S01002563",923,440,483
"S01002564",483,322,161
"S01002565",677,559,118
"S01002566",560,457,103
"S01002567",397,335,62
"S01002568",595,416,179
"S01002569",730,488,242
"S01002570",451,329,122
"S01002571",406,250,156
"S01002572",436,315,121
"S01002573",382,273,109
"S01002574",615,437,178
"S01002575",558,450,108
"S01002576",568,421,147
"S01002577",653,402,251
"S01002578",610,441,169
"S01002579",634,484,150
"S01002580",579,369,210
"S01002581",528,423,105
"S01002582",519,327,192
"S01002583",501,385,116
"S01002584",530,433,97
"S01002585",665,485,180
"S01002586",427,305,122
"S01002587",562,438,124
"S01002588",599,450,149
"S01002589",590,381,209
"S01002590",573,390,183
"S01002591",429,282,147
"S01002592",588,410,178
"S01002593",556,389,167
"S01002594",494,444,50
"S01002595",486,324,162
"S01002596",572,384,188
"S01002597",342,230,112
"S01002598",683,523,160
"S01002599",390,278,112
"S01002600",625,528,97
"S01002601",486,315,171
"S01002602",386,278,108
"S01002603",538,353,185
"S01002604",739,520,219
"S01002605",437,294,143
"S01002606",445,330,115
"S01002607",654,462,192
"S01002608",431,343,88
"S01002609",559,346,213
"S01002610",673,472,201
"S01002611",618,489,129
"S01002612",591,366,225
"S01002613",652,419,233
"S01002614",653,475,178
"S01002615",329,232,97
"S01002616",473,353,120
"S01002617",680,382,298
"S01002618",559,331,228
"S01002619",575,426,149
"S01002620",598,387,211
"S01002621",516,383,133
"S01002622",657,536,121
"S01002623",513,402,111
"S01002624",540,416,124
"S01002625",672,507,165
"S01002626",519,337,182
"S01002627",799,616,183
"S01002628",569,449,120
"S01002629",626,455,171
"S01002630",467,294,173
"S01002631",559,399,160
"S01002632",468,348,120
"S01002633",749,551,198
"S01002634",548,387,161
"S01002635",438,285,153
"S01002636",405,262,143
"S01002637",597,393,204
"S01002638",504,316,188
"S01002639",685,507,178
"S01002640",570,425,145
"S01002641",713,580,133
"S01002642",388,228,160
"S01002643",388,230,158
"S01002644",534,345,189
"S01002645",480,287,193
"S01002646",514,389,125
"S01002647",660,333,327
"S01002648",575,453,122
"S01002649",508,327,181
"S01002650",509,338,171
"S01002651",464,293,171
"S01002652",529,399,130
"S01002653",524,386,138
"S01002654",533,309,224
"S01002655",474,275,199
"S01002656",489,282,207
"S01002657",599,392,207
"S01002658",779,594,185
"S01002659",695,464,231
"S01002660",613,393,220
"S01002661",602,390,212
"S01002662",593,373,220
"S01002663",524,398,126
"S01002664",708,544,164
"S01002665",604,366,238
"S01002666",633,435,198
"S01002667",468,278,190
"S01002668",387,261,126
"S01002669",644,465,179
"S01002670",466,347,119
"S01002671",752,567,185
"S01002672",457,274,183
"S01002673",410,282,128
"S01002674",541,379,162
"S01002675",699,431,268
"S01002676",591,393,198
"S01002677",695,498,197
"S01002678",741,533,208
"S01002679",676,425,251
"S01002680",729,536,193
"S01002681",540,383,157
"S01002682",406,257,149
"S01002683",465,304,161
"S01002684",524,354,170
"S01002685",651,397,254
"S01002686",638,449,189
"S01002687",617,430,187
"S01002688",559,444,115
"S01002689",545,455,90
"S01002690",435,272,163
"S01002691",776,635,141
"S01002692",694,497,197
"S01002693",324,237,87
"S01002694",529,338,191
"S01002695",458,336,122
"S01002696",563,391,172
"S01002697",706,527,179
"S01002698",543,360,183
"S01002699",350,219,131
"S01002700",610,354,256
"S01002701",696,567,129
"S01002702",440,240,200
"S01002703",638,446,192
"S01002704",513,327,186
"S01002705",505,296,209
"S01002706",604,386,218
"S01002707",624,403,221
"S01002708",526,350,176
"S01002709",481,311,170
"S01002710",462,323,139
"S01002711",630,407,223
"S01002712",586,372,214
"S01002713",527,266,261
"S01002714",637,410,227
"S01002715",698,432,266
"S01002716",449,341,108
"S01002717",543,374,169
"S01002718",627,388,239
"S01002719",563,372,191
"S01002720",561,335,226
"S01002721",572,343,229
"S01002722",513,364,149
"S01002723",471,255,216
"S01002724",626,370,256
"S01002725",688,454,234
"S01002726",545,385,160
"S01002727",751,602,149
"S01002728",625,452,173
"S01002729",698,561,137
"S01002730",613,459,154
"S01002731",580,327,253
"S01002732",497,367,130
"S01002733",439,224,215
"S01002734",683,429,254
"S01002735",700,410,290
"S01002736",553,399,154
"S01002737",572,457,115
"S01002738",495,327,168
"S01002739",614,411,203
"S01002740",398,304,94
"S01002741",641,474,167
"S01002742",597,353,244
"S01002743",400,235,165
"S01002744",406,266,140
"S01002745",440,257,183
"S01002746",632,422,210
"S01002747",422,246,176
"S01002748",437,315,122
"S01002749",512,337,175
"S01002750",657,361,296
"S01002751",669,395,274
"S01002752",416,225,191
"S01002753",531,403,128
"S01002754",419,295,124
"S01002755",536,299,237
"S01002756",607,374,233
"S01002757",430,277,153
"S01002758",514,306,208
"S01002759",523,315,208
"S01002760",380,221,159
"S01002761",560,324,236
"S01002762",457,272,185
"S01002763",663,421,242
"S01002764",462,243,219
"S01002765",511,271,240
"S01002766",625,392,233
"S01002767",743,545,198
"S01002768",637,410,227
"S01002769",578,405,173
"S01002770",412,244,168
"S01002771",542,340,202
"S01002772",788,536,252
"S01002773",668,409,259
"S01002774",553,340,213
"S01002775",519,255,264
"S01002776",462,323,139
"S01002777",700,425,275
"S01002778",488,280,208
"S01002779",436,261,175
"S01002780",609,363,246
"S01002781",664,425,239
"S01002782",627,348,279
"S01002783",567,354,213
"S01002784",368,252,116
"S01002785",498,314,184
"S01002786",555,422,133
"S01002787",561,388,173
"S01002788",622,489,133
"S01002789",583,433,150
"S01002790",554,347,207
"S01002791",466,270,196
"S01002792",685,437,248
"S01002793",577,339,238
"S01002794",641,386,255
"S01002795",508,340,168
"S01002796",403,277,126
"S01002797",655,511,144
"S01002798",405,256,149
"S01002799",434,246,188
"S01002800",619,491,128
"S01002801",714,388,326
"S01002802",503,366,137
"S01002803",604,383,221
"S01002804",382,236,146
"S01002805",607,350,257
"S01002806",426,274,152
"S01002807",492,273,219
"S01002808",603,356,247
"S01002809",493,255,238
"S01002810",732,481,251
"S01002811",717,450,267
"S01002812",469,316,153
"S01002813",539,306,233
"S01002814",553,366,187
"S01002815",526,273,253
"S01002816",406,252,154
"S01002817",428,228,200
"S01002818",421,307,114
"S01002819",583,293,290
"S01002820",636,347,289
"S01002821",714,456,258
"S01002822",615,326,289
"S01002823",572,346,226
"S01002824",573,385,188
"S01002825",712,441,271
"S01002826",389,213,176
"S01002827",477,299,178
"S01002828",461,312,149
"S01002829",572,310,262
"S01002830",448,255,193
"S01002831",621,385,236
"S01002832",585,420,165
"S01002833",856,659,197
"S01002834",671,396,275
"S01002835",539,346,193
"S01002836",412,282,130
"S01002837",477,293,184
"S01002838",430,247,183
"S01002839",394,190,204
"S01002840",502,320,182
"S01002841",514,399,115
"S01002842",416,197,219
"S01002843",535,278,257
"S01002844",471,331,140
"S01002845",566,348,218
"S01002846",668,453,215
"S01002847",703,491,212
"S01002848",615,438,177
"S01002849",769,545,224
"S01002850",688,448,240
"S01002851",352,221,131
"S01002852",691,417,274
"S01002853",287,175,112
"S01002854",585,304,281
"S01002855",426,212,214
"S01002856",552,339,213
"S01002857",389,257,132
"S01002858",377,221,156
"S01002859",573,314,259
"S01002860",697,509,188
"S01002861",722,536,186
"S01002862",458,288,170
"S01002863",569,323,246
"S01002864",434,222,212
"S01002865",642,428,214
"S01002866",788,474,314
"S01002867",422,299,123
"S01002868",557,305,252
"S01002869",413,264,149
"S01002870",683,418,265
"S01002871",439,292,147
"S01002872",449,286,163
"S01002873",560,368,192
"S01002874",664,474,190
"S01002875",482,311,171
"S01002876",492,320,172
"S01002877",583,416,167
"S01002878",423,301,122
"S01002879",647,413,234
"S01002880",400,283,117
"S01002881",619,411,208
"S01002882",550,331,219
"S01002883",757,461,296
"S01002884",595,372,223
"S01002885",542,416,126
"S01002886",495,308,187
"S01002887",433,263,170
"S01002888",427,247,180
"S01002889",640,440,200
"S01002890",517,333,184
"S01002891",586,380,206
"S01002892",470,288,182
"S01002893",566,335,231
"S01002894",549,358,191
"S01002895",443,233,210
"S01002896",513,320,193
"S01002897",369,193,176
"S01002898",761,487,274
"S01002899",388,270,118
"S01002900",527,337,190
"S01002901",613,369,244
"S01002902",552,368,184
"S01002903",615,385,230
"S01002904",487,352,135
"S01002905",560,376,184
"S01002906",625,429,196
"S01002907",417,282,135
"S01002908",608,366,242
"S01002909",567,373,194
"S01002910",555,318,237
"S01002911",646,387,259
"S01002912",781,544,237
"S01002913",652,479,173
"S01002914",449,289,160
"S01002915",779,531,248
"S01002916",565,294,271
"S01002917",485,296,189
"S01002918",502,293,209
"S01002919",607,392,215
"S01002920",448,275,173
"S01002921",459,287,172
"S01002922",424,270,154
"S01002923",491,294,197
"S01002924",499,327,172
"S01002925",743,523,220
"S01002926",555,390,165
"S01002927",546,333,213
"S01002928",400,268,132
"S01002929",593,402,191
"S01002930",495,381,114
"S01002931",566,358,208
"S01002932",568,470,98
"S01002933",663,422,241
"S01002934",690,452,238
"S01002935",617,417,200
"S01002936",540,459,81
"S01002937",448,322,126
"S01002938",532,336,196
"S01002939",406,289,117
"S01002940",377,253,124
"S01002941",726,487,239
"S01002942",377,252,125
"S01002943",402,302,100
"S01002944",722,463,259
"S01002945",425,271,154
"S01002946",463,334,129
"S01002947",347,250,97
"S01002948",585,414,171
"S01002949",363,256,107
"S01002950",557,412,145
"S01002951",626,370,256
"S01002952",465,327,138
"S01002953",630,367,263
"S01002954",648,477,171
"S01002955",730,501,229
"S01002956",536,386,150
"S01002957",677,492,185
"S01002958",440,312,128
"S01002959",712,526,186
"S01002960",523,369,154
"S01002961",561,393,168
"S01002962",426,277,149
"S01002963",538,365,173
"S01002964",601,407,194
"S01002965",625,465,160
"S01002966",595,340,255
"S01002967",623,431,192
"S01002968",536,363,173
"S01002969",652,405,247
"S01002970",429,295,134
"S01002971",773,533,240
"S01002972",643,429,214
"S01002973",632,418,214
"S01002974",413,309,104
"S01002975",389,278,111
"S01002976",624,372,252
"S01002977",511,373,138
"S01002978",768,485,283
"S01002979",490,335,155
"S01002980",587,408,179
"S01002981",602,423,179
"S01002982",494,305,189
"S01002983",565,362,203
"S01002984",563,341,222
"S01002985",415,227,188
"S01002986",541,338,203
"S01002987",462,289,173
"S01002988",540,378,162
"S01002989",717,393,324
"S01002990",502,206,296
"S01002991",551,317,234
"S01002992",556,284,272
"S01002993",662,344,318
"S01002994",898,306,592
"S01002995",709,177,532
"S01002996",837,269,568
"S01002997",560,216,344
"S01002998",578,405,173
"S01002999",810,229,581
"S01003000",718,362,356
"S01003001",460,297,163
"S01003002",559,388,171
"S01003003",435,313,122
"S01003004",413,314,99
"S01003005",432,321,111
"S01003006",544,387,157
"S01003007",535,428,107
"S01003008",695,615,80
"S01003009",387,259,128
"S01003010",463,340,123
"S01003011",339,242,97
"S01003012",724,509,215
"S01003013",441,335,106
"S01003014",469,333,136
"S01003015",548,373,175
"S01003016",338,230,108
"S01003017",432,286,146
"S01003018",541,374,167
"S01003019",596,409,187
"S01003020",426,276,150
"S01003021",468,332,136
"S01003022",676,465,211
"S01003023",605,451,154
"S01003024",463,318,145
"S01003025",532,335,197
"S01003026",428,229,199
"S01003027",823,649,174
"S01003028",570,226,344
"S01003029",575,240,335
"S01003030",602,262,340
"S01003032",358,157,201
"S01003033",376,180,196
"S01003034",694,510,184
"S01003035",531,273,258
"S01003036",574,202,372
"S01003037",587,465,122
"S01003038",654,499,155
"S01003039",595,274,321
"S01003040",622,289,333
"S01003041",536,396,140
"S01003042",425,196,229
"S01003043",353,124,229
"S01003044",636,276,360
"S01003045",567,290,277
"S01003046",514,324,190
"S01003047",698,320,378
"S01003048",315,125,190
"S01003049",415,160,255
"S01003050",619,444,175
"S01003051",681,407,274
"S01003052",558,252,306
"S01003053",650,481,169
"S01003054",684,456,228
"S01003055",616,260,356
"S01003056",611,308,303
"S01003057",493,382,111
"S01003058",534,308,226
"S01003059",545,353,192
"S01003060",444,203,241
"S01003061",660,480,180
"S01003062",653,435,218
"S01003063",580,428,152
"S01003064",708,286,422
"S01003065",756,521,235
"S01003066",704,526,178
"S01003067",485,329,156
"S01003068",654,479,175
"S01003069",434,260,174
"S01003070",567,322,245
"S01003071",462,285,177
"S01003072",743,373,370
"S01003073",553,429,124
"S01003074",572,369,203
"S01003075",504,362,142
"S01003076",647,280,367
"S01003077",734,354,380
"S01003078",496,300,196
"S01003079",683,487,196
"S01003080",619,462,157
"S01003081",680,560,120
"S01003082",459,222,237
"S01003083",759,436,323
"S01003084",671,276,395
"S01003085",752,514,238
"S01003086",514,323,191
"S01003087",467,342,125
"S01003088",657,283,374
"S01003089",455,333,122
"S01003090",539,289,250
"S01003091",478,365,113
"S01003092",568,319,249
"S01003093",720,324,396
"S01003094",679,415,264
"S01003095",622,422,200
"S01003096",533,337,196
"S01003097",201,97,104
"S01003098",841,578,263
"S01003099",454,193,261
"S01003100",605,332,273
"S01003101",449,199,250
"S01003102",578,375,203
"S01003103",578,377,201
"S01003104",724,318,406
"S01003105",533,364,169
"S01003106",546,400,146
"S01003107",576,264,312
"S01003108",589,398,191
"S01003109",775,590,185
"S01003110",615,439,176
"S01003111",658,297,361
"S01003112",700,503,197
"S01003113",563,428,135
"S01003114",687,456,231
"S01003115",413,276,137
"S01003116",655,424,231
"S01003117",637,451,186
"S01003118",326,139,187
"S01003119",517,391,126
"S01003120",776,594,182
"S01003121",720,328,392
"S01003122",555,303,252
"S01003123",642,442,200
"S01003124",699,559,140
"S01003125",640,471,169
"S01003126",107,21,86
"S01003127",627,445,182
"S01003128",547,326,221
"S01003129",873,617,256
"S01003130",627,445,182
"S01003131",680,518,162
"S01003132",456,221,235
"S01003133",888,675,213
"S01003134",523,269,254
"S01003135",557,267,290
"S01003136",663,472,191
"S01003137",534,379,155
"S01003138",782,382,400
"S01003139",834,674,160
"S01003140",692,305,387
"S01003141",644,556,88
"S01003142",531,216,315
"S01003143",702,468,234
"S01003144",672,315,357
"S01003145",583,309,274
"S01003146",578,479,99
"S01003147",685,344,341
"S01003148",578,355,223
"S01003149",766,533,233
"S01003150",548,237,311
"S01003151",559,341,218
"S01003152",665,336,329
"S01003153",571,383,188
"S01003154",724,521,203
"S01003155",829,692,137
"S01003156",630,485,145
"S01003157",755,457,298
"S01003158",367,140,227
"S01003159",163,61,102
"S01003160",497,238,259
"S01003161",461,248,213
"S01003162",507,255,252
"S01003163",502,341,161
"S01003164",699,444,255
"S01003165",732,443,289
"S01003166",570,441,129
"S01003167",600,255,345
"S01003168",699,538,161
"S01003169",798,486,312
"S01003170",701,381,320
"S01003171",466,295,171
"S01003172",573,399,174
"S01003173",391,288,103
"S01003174",604,398,206
"S01003175",598,267,331
"S01003176",650,496,154
"S01003177",782,573,209
"S01003178",477,200,277
"S01003179",523,285,238
"S01003180",543,409,134
"S01003181",695,371,324
"S01003182",489,220,269
"S01003183",542,352,190
"S01003184",578,249,329
"S01003185",373,146,227
"S01003186",693,486,207
"S01003187",737,558,179
"S01003188",649,357,292
"S01003189",664,386,278
"S01003190",585,314,271
"S01003191",405,246,159
"S01003192",621,426,195
"S01003193",449,298,151
"S01003194",613,248,365
"S01003195",598,373,225
"S01003196",712,433,279
"S01003197",498,339,159
"S01003198",669,343,326
"S01003199",645,435,210
"S01003200",543,318,225
"S01003201",170,73,97
"S01003202",220,76,144
"S01003203",608,312,296
"S01003204",717,397,320
"S01003205",580,294,286
"S01003206",612,349,263
"S01003207",585,361,224
"S01003208",569,233,336
"S01003209",419,236,183
"S01003210",590,393,197
"S01003211",597,334,263
"S01003212",568,422,146
"S01003213",391,228,163
"S01003214",620,329,291
"S01003215",718,392,326
"S01003216",521,255,266
"S01003217",480,146,334
"S01003218",536,344,192
"S01003219",538,315,223
"S01003220",558,272,286
"S01003221",596,328,268
"S01003222",553,294,259
"S01003223",663,302,361
"S01003224",574,375,199
"S01003225",615,234,381
"S01003226",553,259,294
"S01003227",661,410,251
"S01003228",644,311,333
"S01003229",732,497,235
"S01003230",569,296,273
"S01003231",738,339,399
"S01003232",595,308,287
"S01003233",735,505,230
"S01003234",618,399,219
"S01003235",572,334,238
"S01003236",570,284,286
"S01003237",770,359,411
"S01003238",548,376,172
"S01003239",715,448,267
"S01003240",528,395,133
"S01003241",603,370,233
"S01003242",716,408,308
"S01003243",636,345,291
"S01003244",746,324,422
"S01003245",654,238,416
"S01003246",777,271,506
"S01003247",522,276,246
"S01003248",614,276,338
"S01003249",556,355,201
"S01003250",391,207,184
"S01003251",619,227,392
"S01003252",568,360,208
"S01003253",577,179,398
"S01003254",449,166,283
"S01003255",584,347,237
"S01003256",625,298,327
"S01003257",587,307,280
"S01003258",715,476,239
"S01003259",781,566,215
"S01003260",597,404,193
"S01003261",745,480,265
"S01003262",573,348,225
"S01003263",593,219,374
"S01003264",412,219,193
"S01003265",513,289,224
"S01003266",545,212,333
"S01003267",656,311,345
"S01003268",667,399,268
"S01003269",678,360,318
"S01003270",610,330,280
"S01003271",708,461,247
"S01003272",658,281,377
"S01003273",534,216,318
"S01003274",405,156,249
"S01003275",711,333,378
"S01003276",578,425,153
"S01003277",518,265,253
"S01003278",613,375,238
"S01003279",315,126,189
"S01003280",698,436,262
"S01003281",392,225,167
"S01003282",609,401,208
"S01003283",534,382,152
"S01003284",647,352,295
"S01003285",292,165,127
"S01003286",743,362,381
"S01003287",355,158,197
"S01003288",568,381,187
"S01003289",208,86,122
"S01003290",578,364,214
"S01003291",564,223,341
"S01003292",584,394,190
"S01003293",669,260,409
"S01003294",586,274,312
"S01003295",769,541,228
"S01003296",453,183,270
"S01003297",409,155,254
"S01003298",765,483,282
"S01003299",292,124,168
"S01003300",601,399,202
"S01003301",572,315,257
"S01003302",493,217,276
"S01003303",827,647,180
"S01003304",604,394,210
"S01003305",601,502,99
"S01003306",682,308,374
"S01003307",805,353,452
"S01003308",652,305,347
"S01003309",543,236,307
"S01003310",583,330,253
"S01003311",588,421,167
"S01003312",451,218,233
"S01003313",711,367,344
"S01003314",455,190,265
"S01003315",459,330,129
"S01003316",542,356,186
"S01003317",513,393,120
"S01003318",636,456,180
"S01003320",510,343,167
"S01003321",597,369,228
"S01003322",678,442,236
"S01003323",474,342,132
"S01003324",454,250,204
"S01003325",597,462,135
"S01003326",573,293,280
"S01003327",535,297,238
"S01003328",549,387,162
"S01003329",627,380,247
"S01003330",674,538,136
"S01003331",478,155,323
"S01003332",305,130,175
"S01003333",739,274,465
"S01003334",598,294,304
"S01003335",504,319,185
"S01003336",689,267,422
"S01003337",615,233,382
"S01003338",717,449,268
"S01003339",581,390,191
"S01003340",822,418,404
"S01003341",541,430,111
"S01003342",517,200,317
"S01003343",431,186,245
"S01003344",380,194,186
"S01003345",706,444,262
"S01003346",675,337,338
"S01003347",605,216,389
"S01003348",626,448,178
"S01003349",597,267,330
"S01003350",477,191,286
"S01003351",804,471,333
"S01003352",582,289,293
"S01003353",511,236,275
"S01003354",640,205,435
"S01003355",684,346,338
"S01003356",680,320,360
"S01003357",308,127,181
"S01003358",799,503,296
"S01003359",703,588,115
"S01003360",553,367,186
"S01003361",553,212,341
"S01003362",577,294,283
"S01003363",587,253,334
"S01003364",461,221,240
"S01003365",541,262,279
"S01003366",527,394,133
"S01003367",766,335,431
"S01003368",928,455,473
"S01003369",554,196,358
"S01003370",664,444,220
"S01003371",604,403,201
"S01003372",549,263,286
"S01003373",566,323,243
"S01003374",353,174,179
"S01003375",561,324,237
"S01003376",388,187,201
"S01003377",560,241,319
"S01003378",576,256,320
"S01003379",424,168,256
"S01003380",627,397,230
"S01003381",552,348,204
"S01003382",572,280,292
"S01003383",699,328,371
"S01003384",750,368,382
"S01003385",722,503,219
"S01003386",464,210,254
"S01003387",603,365,238
"S01003388",738,332,406
"S01003389",763,424,339
"S01003390",647,300,347
"S01003391",649,322,327
"S01003392",637,372,265
"S01003393",769,291,478
"S01003394",465,284,181
"S01003395",620,400,220
"S01003396",605,296,309
"S01003397",566,247,319
"S01003398",641,398,243
"S01003399",1455,495,960
"S01003400",452,192,260
"S01003401",548,226,322
"S01003402",464,199,265
"S01003403",654,355,299
"S01003404",379,160,219
"S01003405",637,331,306
"S01003406",568,338,230
"S01003407",523,254,269
"S01003408",471,257,214
"S01003409",606,381,225
"S01003410",698,440,258
"S01003411",584,336,248
"S01003412",689,373,316
"S01003413",542,320,222
"S01003414",387,170,217
"S01003415",1060,351,709
"S01003416",702,256,446
"S01003417",643,384,259
"S01003418",721,291,430
"S01003419",698,295,403
"S01003420",341,135,206
"S01003421",398,175,223
"S01003422",606,262,344
"S01003423",521,421,100
"S01003424",769,460,309
"S01003425",807,457,350
"S01003426",776,454,322
"S01003427",675,272,403
"S01003428",500,197,303
"S01003429",888,372,516
"S01003430",682,461,221
"S01003431",477,186,291
"S01003432",845,546,299
"S01003433",909,553,356
"S01003434",690,259,431
"S01003435",460,207,253
"S01003436",452,332,120
"S01003437",557,363,194
"S01003438",805,546,259
"S01003439",651,202,449
"S01003440",353,198,155
"S01003441",818,460,358
"S01003442",522,201,321
"S01003443",712,317,395
"S01003444",495,214,281
"S01003445",612,339,273
"S01003446",477,269,208
"S01003447",1527,539,988
"S01003448",524,241,283
"S01003449",775,440,335
"S01003450",665,400,265
"S01003451",660,415,245
"S01003452",935,306,629
"S01003453",640,410,230
"S01003454",575,302,273
"S01003455",424,181,243
"S01003456",253,91,162
"S01003457",698,251,447
"S01003458",663,388,275
"S01003459",629,371,258
"S01003460",799,495,304
"S01003461",563,278,285
"S01003462",424,225,199
"S01003463",605,250,355
"S01003464",831,494,337
"S01003465",681,514,167
"S01003466",587,340,247
"S01003467",623,318,305
"S01003468",610,318,292
"S01003469",707,428,279
"S01003470",725,452,273
"S01003471",497,213,284
"S01003472",573,242,331
"S01003473",747,383,364
"S01003474",650,369,281
"S01003475",614,313,301
"S01003476",548,417,131
"S01003477",863,652,211
"S01003478",664,417,247
"S01003479",684,456,228
"S01003480",454,209,245
"S01003481",797,517,280
"S01003482",492,192,300
"S01003483",471,261,210
"S01003484",786,464,322
"S01003485",864,521,343
"S01003486",547,262,285
"S01003487",854,474,380
"S01003488",497,190,307
"S01003489",704,278,426
"S01003490",508,275,233
"S01003491",103,40,63
"S01003492",690,367,323
"S01003493",554,281,273
"S01003494",575,301,274
"S01003495",552,323,229
"S01003496",747,533,214
"S01003497",807,539,268
"S01003498",740,380,360
"S01003499",817,544,273
"S01003500",421,166,255
"S01003501",561,366,195
"S01003502",448,254,194
"S01003503",575,422,153
"S01003504",656,428,228
"S01003506",864,558,306
"S01003507",474,305,169
"S01003508",611,295,316
"S01003509",714,489,225
"S01003510",295,184,111
"S01003511",801,604,197
"S01003512",475,219,256
"S01003513",638,360,278
"S01003514",703,446,257
"S01003515",555,238,317
"S01003516",566,383,183
"S01003517",577,415,162
"S01003518",754,503,251
"S01003519",434,252,182
"S01003520",555,373,182
"S01003521",486,289,197
"S01003522",685,509,176
"S01003523",453,190,263
"S01003524",834,649,185
"S01003525",789,575,214
"S01003526",807,582,225
"S01003527",638,446,192
"S01003528",417,308,109
"S01003529",372,302,70
"S01003530",706,527,179
"S01003531",621,333,288
"S01003532",727,492,235
"S01003533",269,124,145
"S01003534",750,535,215
"S01003535",553,372,181
"S01003536",839,634,205
"S01003537",639,347,292
"S01003538",474,214,260
"S01003539",721,533,188
"S01003540",394,158,236
"S01003541",547,312,235
"S01003542",657,492,165
"S01003543",420,205,215
"S01003544",454,321,133
"S01003545",830,562,268
"S01003546",616,313,303
"S01003547",663,459,204
"S01003549",510,235,275
"S01003550",541,390,151
"S01003551",576,299,277
"S01003552",779,622,157
"S01003553",521,211,310
"S01003554",646,422,224
"S01003555",699,482,217
"S01003556",498,365,133
"S01003557",526,243,283
"S01003558",756,594,162
"S01003559",647,480,167
"S01003560",768,531,237
"S01003561",752,336,416
"S01003562",455,197,258
"S01003563",448,220,228
"S01003564",534,214,320
"S01003565",633,287,346
"S01003566",639,457,182
"S01003567",608,230,378
"S01003568",570,416,154
"S01003569",434,287,147
"S01003570",537,343,194
"S01003571",664,383,281
"S01003572",636,282,354
"S01003573",633,292,341
"S01003574",788,571,217
"S01003575",616,269,347
"S01003576",659,432,227
"S01003577",559,279,280
"S01003578",194,84,110
"S01003579",443,178,265
"S01003580",681,388,293
"S01003581",1615,621,994
"S01003582",432,130,302
"S01003583",382,145,237
"S01003584",479,183,296
"S01003585",451,239,212
"S01003586",631,274,357
"S01003587",713,501,212
"S01003588",541,416,125
"S01003589",1058,663,395
"S01003590",534,350,184
"S01003591",885,553,332
"S01003592",607,302,305
"S01003593",471,275,196
"S01003594",711,526,185
"S01003595",531,189,342
"S01003596",659,323,336
"S01003597",462,274,188
"S01003598",544,285,259
"S01003599",448,212,236
"S01003600",602,243,359
"S01003601",595,322,273
"S01003602",542,262,280
"S01003603",586,265,321
"S01003604",581,341,240
"S01003605",478,241,237
"S01003606",674,335,339
"S01003607",412,222,190
"S01003608",399,195,204
"S01003609",761,535,226
"S01003610",555,329,226
"S01003611",575,195,380
"S01003612",677,406,271
"S01003613",609,491,118
"S01003614",381,227,154
"S01003615",359,186,173
"S01003616",526,449,77
"S01003617",703,289,414
"S01003618",517,302,215
"S01003619",611,227,384
"S01003620",740,531,209
"S01003621",718,255,463
"S01003622",545,244,301
"S01003623",672,478,194
"S01003624",728,328,400
"S01003625",309,166,143
"S01003626",597,469,128
"S01003627",432,185,247
"S01003628",554,284,270
"S01003629",620,235,385
"S01003630",540,214,326
"S01003631",555,315,240
"S01003632",591,432,159
"S01003633",729,509,220
"S01003634",817,357,460
"S01003635",449,279,170
"S01003636",725,264,461
"S01003637",527,274,253
"S01003638",583,385,198
"S01003639",623,299,324
"S01003640",689,323,366
"S01003641",545,453,92
"S01003642",576,319,257
"S01003643",463,344,119
"S01003644",621,306,315
"S01003645",415,217,198
"S01003646",507,211,296
"S01003647",503,279,224
"S01003648",655,444,211
"S01003649",815,540,275
"S01003650",530,243,287
"S01003651",556,251,305
"S01003652",464,234,230
"S01003653",582,228,354
"S01003654",707,354,353
"S01003655",636,303,333
"S01003656",393,199,194
"S01003657",609,273,336
"S01003658",655,381,274
"S01003659",653,463,190
"S01003660",649,563,86
"S01003661",661,519,142
"S01003662",428,194,234
"S01003663",447,202,245
"S01003664",393,191,202
"S01003665",477,173,304
"S01003666",527,222,305
"S01003667",662,412,250
"S01003668",507,243,264
"S01003669",451,201,250
"S01003670",631,302,329
"S01003671",485,234,251
"S01003672",568,245,323
"S01003673",209,74,135
"S01003674",618,322,296
"S01003675",559,453,106
"S01003676",338,221,117
"S01003677",578,294,284
"S01003678",488,238,250
"S01003679",749,365,384
"S01003680",566,218,348
"S01003681",389,191,198
"S01003682",798,592,206
"S01003683",423,229,194
"S01003684",549,264,285
"S01003685",376,231,145
"S01003686",730,396,334
"S01003687",502,222,280
"S01003688",716,398,318
"S01003689",432,192,240
"S01003690",651,271,380
"S01003691",837,555,282
"S01003692",744,410,334
"S01003693",478,259,219
"S01003694",614,368,246
"S01003695",758,338,420
"S01003696",814,412,402
"S01003697",735,525,210
"S01003698",633,367,266
"S01003699",739,591,148
"S01003700",815,452,363
"S01003701",695,343,352
"S01003702",563,315,248
"S01003703",634,336,298
"S01003704",525,223,302
"S01003705",581,262,319
"S01003706",501,242,259
"S01003707",506,236,270
"S01003708",436,181,255
"S01003709",593,213,380
"S01003710",647,299,348
"S01003711",559,255,304
"S01003712",508,296,212
"S01003713",349,146,203
"S01003714",564,350,214
"S01003715",616,401,215
"S01003716",368,183,185
"S01003717",561,260,301
"S01003718",362,187,175
"S01003719",413,295,118
"S01003720",687,470,217
"S01003721",548,397,151
"S01003722",651,386,265
"S01003723",431,307,124
"S01003724",600,369,231
"S01003725",481,357,124
"S01003726",517,393,124
"S01003727",515,370,145
"S01003728",359,241,118
"S01003729",479,340,139
"S01003730",422,250,172
"S01003731",395,290,105
"S01003732",578,417,161
"S01003733",625,427,198
"S01003734",520,366,154
"S01003735",536,359,177
"S01003736",614,428,186
"S01003737",451,293,158
"S01003738",506,363,143
"S01003739",404,284,120
"S01003740",437,290,147
"S01003741",637,481,156
"S01003742",396,286,110
"S01003743",444,306,138
"S01003744",463,333,130
"S01003745",539,389,150
"S01003746",563,376,187
"S01003747",721,481,240
"S01003748",416,293,123
"S01003749",587,433,154
"S01003750",419,300,119
"S01003751",785,614,171
"S01003752",601,409,192
"S01003753",639,410,229
"S01003754",622,454,168
"S01003755",542,420,122
"S01003756",533,353,180
"S01003757",434,283,151
"S01003758",560,379,181
"S01003759",456,305,151
"S01003760",558,424,134
"S01003761",615,446,169
"S01003762",553,410,143
"S01003763",679,476,203
"S01003764",587,416,171
"S01003765",529,364,165
"S01003766",420,270,150
"S01003767",491,332,159
"S01003768",429,289,140
"S01003769",485,310,175
"S01003770",470,336,134
"S01003771",497,340,157
"S01003772",423,276,147
"S01003773",499,364,135
"S01003774",464,315,149
"S01003775",577,387,190
"S01003776",427,299,128
"S01003777",673,466,207
"S01003778",386,287,99
"S01003779",346,234,112
"S01003780",675,491,184
"S01003781",490,393,97
"S01003782",419,301,118
"S01003783",811,547,264
"S01003784",454,361,93
"S01003785",600,417,183
"S01003786",688,488,200
"S01003787",461,324,137
"S01003788",515,284,231
"S01003789",357,248,109
"S01003790",431,299,132
"S01003791",497,415,82
"S01003792",556,445,111
"S01003793",389,249,140
"S01003794",526,358,168
"S01003795",441,320,121
"S01003796",468,288,180
"S01003797",762,535,227
"S01003798",570,397,173
"S01003799",625,514,111
"S01003800",457,297,160
"S01003801",570,365,205
"S01003802",591,429,162
"S01003803",491,358,133
"S01003804",467,348,119
"S01003805",705,482,223
"S01003806",490,307,183
"S01003807",709,561,148
"S01003808",458,327,131
"S01003809",567,418,149
"S01003810",635,397,238
"S01003811",531,394,137
"S01003812",655,377,278
"S01003813",686,516,170
"S01003814",605,393,212
"S01003815",551,418,133
"S01003816",639,505,134
"S01003817",619,335,284
"S01003818",576,367,209
"S01003819",452,338,114
"S01003820",771,523,248
"S01003821",637,455,182
"S01003822",593,412,181
"S01003823",634,426,208
"S01003824",564,427,137
"S01003825",502,379,123
"S01003826",529,374,155
"S01003827",580,409,171
"S01003828",519,367,152
"S01003829",472,303,169
"S01003830",616,414,202
"S01003831",504,399,105
"S01003832",642,453,189
"S01003833",399,264,135
"S01003834",522,384,138
"S01003835",432,348,84
"S01003836",474,393,81
"S01003837",543,302,241
"S01003838",414,308,106
"S01003839",501,330,171
"S01003840",519,400,119
"S01003841",409,249,160
"S01003842",421,299,122
"S01003843",491,322,169
"S01003844",592,471,121
"S01003845",718,443,275
"S01003846",609,363,246
"S01003847",426,273,153
"S01003848",522,404,118
"S01003849",565,300,265
"S01003850",428,365,63
"S01003851",622,438,184
"S01003852",420,324,96
"S01003853",648,474,174
"S01003854",433,300,133
"S01003855",681,378,303
"S01003856",519,393,126
"S01003857",534,385,149
"S01003858",451,336,115
"S01003859",402,308,94
"S01003860",461,224,237
"S01003861",639,545,94
"S01003862",387,218,169
"S01003863",505,353,152
"S01003864",675,449,226
"S01003865",575,410,165
"S01003866",568,398,170
"S01003867",707,459,248
"S01003868",471,350,121
"S01003869",503,342,161
"S01003870",606,405,201
"S01003871",575,379,196
"S01003872",634,440,194
"S01003873",751,492,259
"S01003874",698,549,149
"S01003875",370,264,106
"S01003876",473,343,130
"S01003877",414,284,130
"S01003878",675,444,231
"S01003879",458,324,134
"S01003880",656,425,231
"S01003881",553,391,162
"S01003882",386,226,160
"S01003883",384,253,131
"S01003884",524,344,180
"S01003885",486,326,160
"S01003886",432,288,144
"S01003887",539,327,212
"S01003888",441,320,121
"S01003889",431,305,126
"S01003890",454,300,154
"S01003891",585,403,182
"S01003892",438,283,155
"S01003893",452,297,155
"S01003894",598,427,171
"S01003895",478,345,133
"S01003896",480,324,156
"S01003897",486,277,209
"S01003898",493,305,188
"S01003899",548,320,228
"S01003900",554,371,183
"S01003901",404,262,142
"S01003902",578,403,175
"S01003903",474,344,130
"S01003904",544,370,174
"S01003905",632,438,194
"S01003906",532,361,171
"S01003907",513,306,207
"S01003908",590,432,158
"S01003909",504,356,148
"S01003910",485,324,161
"S01003911",433,295,138
"S01003912",540,404,136
"S01003913",531,352,179
"S01003914",637,403,234
"S01003915",482,333,149
"S01003916",585,397,188
"S01003917",623,393,230
"S01003918",618,440,178
"S01003919",404,221,183
"S01003920",472,289,183
"S01003921",574,352,222
"S01003922",554,322,232
"S01003923",511,317,194
"S01003924",375,229,146
"S01003925",533,376,157
"S01003926",404,223,181
"S01003927",504,365,139
"S01003928",623,384,239
"S01003929",413,272,141
"S01003930",564,379,185
"S01003931",641,403,238
"S01003932",625,450,175
"S01003933",475,296,179
"S01003934",646,413,233
"S01003935",544,326,218
"S01003936",667,466,201
"S01003937",560,316,244
"S01003938",393,291,102
"S01003939",449,289,160
"S01003940",616,388,228
"S01003941",428,290,138
"S01003942",515,320,195
"S01003943",475,302,173
"S01003944",462,289,173
"S01003945",520,361,159
"S01003946",597,379,218
"S01003947",393,262,131
"S01003948",471,308,163
"S01003949",446,281,165
"S01003950",407,274,133
"S01003951",358,206,152
"S01003952",394,253,141
"S01003953",407,240,167
"S01003954",399,252,147
"S01003955",441,307,134
"S01003956",435,328,107
"S01003957",467,285,182
"S01003958",526,300,226
"S01003959",549,352,197
"S01003960",628,439,189
"S01003961",408,209,199
"S01003962",426,254,172
"S01003963",382,244,138
"S01003964",342,232,110
"S01003965",402,242,160
"S01003966",675,397,278
"S01003967",384,281,103
"S01003968",671,384,287
"S01003969",589,357,232
"S01003970",441,277,164
"S01003971",472,288,184
"S01003972",489,313,176
"S01003973",386,279,107
"S01003974",592,373,219
"S01003975",512,392,120
"S01003976",521,311,210
"S01003977",413,263,150
"S01003978",425,277,148
"S01003979",412,265,147
"S01003980",404,300,104
"S01003981",435,281,154
"S01003982",524,396,128
"S01003983",552,395,157
"S01003984",460,281,179
"S01003985",581,365,216
"S01003986",430,275,155
"S01003987",364,260,104
"S01003988",385,240,145
"S01003989",608,397,211
"S01003990",356,235,121
"S01003991",453,328,125
"S01003992",678,473,205
"S01003993",468,340,128
"S01003994",484,359,125
"S01003995",677,471,206
"S01003996",393,284,109
"S01003997",677,440,237
"S01003998",453,313,140
"S01003999",655,477,178
"S01004000",563,370,193
"S01004001",491,343,148
"S01004002",651,399,252
"S01004003",418,293,125
"S01004004",607,419,188
"S01004005",466,326,140
"S01004006",407,291,116
"S01004007",403,244,159
"S01004008",467,316,151
"S01004009",473,341,132
"S01004010",603,392,211
"S01004011",831,505,326
"S01004012",536,372,164
"S01004013",417,277,140
"S01004014",404,266,138
"S01004015",684,475,209
"S01004016",454,339,115
"S01004017",720,495,225
"S01004018",589,463,126
"S01004019",369,294,75
"S01004020",509,283,226
"S01004021",559,479,80
"S01004022",397,267,130
"S01004023",438,327,111
"S01004024",627,419,208
"S01004025",658,350,308
"S01004026",524,316,208
"S01004027",613,365,248
"S01004028",588,320,268
"S01004029",719,440,279
"S01004030",602,311,291
"S01004031",450,246,204
"S01004032",315,140,175
"S01004033",645,375,270
"S01004034",604,443,161
"S01004035",541,316,225
"S01004036",545,305,240
"S01004037",551,425,126
"S01004038",563,329,234
"S01004039",263,132,131
"S01004040",515,354,161
"S01004041",486,269,217
"S01004042",481,266,215
"S01004043",580,467,113
"S01004044",498,234,264
"S01004045",473,263,210
"S01004046",402,191,211
"S01004047",541,358,183
"S01004048",667,419,248
"S01004049",609,376,233
"S01004050",368,192,176
"S01004051",429,211,218
"S01004052",415,251,164
"S01004053",700,377,323
"S01004054",740,493,247
"S01004055",449,338,111
"S01004056",597,347,250
"S01004057",697,423,274
"S01004058",458,248,210
"S01004059",446,279,167
"S01004060",386,217,169
"S01004061",459,217,242
"S01004062",624,467,157
"S01004063",555,304,251
"S01004064",494,284,210
"S01004065",687,422,265
"S01004066",428,255,173
"S01004067",598,414,184
"S01004068",581,323,258
"S01004069",467,296,171
"S01004070",316,164,152
"S01004071",661,344,317
"S01004072",813,416,397
"S01004073",589,336,253
"S01004074",614,345,269
"S01004075",320,149,171
"S01004076",491,307,184
"S01004077",612,450,162
"S01004078",579,365,214
"S01004079",569,346,223
"S01004080",518,234,284
"S01004081",495,415,80
"S01004082",581,408,173
"S01004083",634,298,336
"S01004084",552,251,301
"S01004085",465,304,161
"S01004086",537,206,331
"S01004087",386,209,177
"S01004088",413,249,164
"S01004089",583,305,278
"S01004090",304,153,151
"S01004091",561,398,163
"S01004092",538,373,165
"S01004093",370,200,170
"S01004094",293,137,156
"S01004095",385,292,93
"S01004096",514,318,196
"S01004097",602,350,252
"S01004098",492,296,196
"S01004099",594,428,166
"S01004100",579,377,202
"S01004101",543,379,164
"S01004102",585,419,166
"S01004103",576,369,207
"S01004104",575,399,176
"S01004105",574,356,218
"S01004106",590,413,177
"S01004107",526,354,172
"S01004108",556,354,202
"S01004109",479,323,156
"S01004110",378,252,126
"S01004111",641,458,183
"S01004112",580,348,232
"S01004113",542,325,217
"S01004114",474,294,180
"S01004115",518,302,216
"S01004116",466,330,136
"S01004117",566,401,165
"S01004118",594,330,264
"S01004119",462,308,154
"S01004120",538,332,206
"S01004121",356,252,104
"S01004122",481,371,110
"S01004123",383,263,120
"S01004124",753,572,181
"S01004125",472,300,172
"S01004126",468,307,161
"S01004127",724,570,154
"S01004128",571,416,155
"S01004129",632,484,148
"S01004130",409,312,97
"S01004131",538,322,216
"S01004132",418,304,114
"S01004133",658,421,237
"S01004134",565,448,117
"S01004135",433,277,156
"S01004136",472,348,124
"S01004137",393,282,111
"S01004138",495,320,175
"S01004139",404,305,99
"S01004140",465,361,104
"S01004141",554,413,141
"S01004142",396,321,75
"S01004143",678,461,217
"S01004144",603,414,189
"S01004145",506,364,142
"S01004146",537,441,96
"S01004147",563,364,199
"S01004148",727,552,175
"S01004149",409,214,195
"S01004150",446,390,56
"S01004151",465,339,126
"S01004152",507,319,188
"S01004153",553,386,167
"S01004154",480,347,133
"S01004155",627,385,242
"S01004156",577,384,193
"S01004157",479,374,105
"S01004158",451,348,103
"S01004159",306,192,114
"S01004160",441,313,128
"S01004161",437,344,93
"S01004162",523,386,137
"S01004163",468,312,156
"S01004164",675,445,230
"S01004165",737,589,148
"S01004166",370,252,118
"S01004167",390,239,151
"S01004168",525,357,168
"S01004169",380,272,108
"S01004170",451,270,181
"S01004171",439,318,121
"S01004172",564,356,208
"S01004173",447,331,116
"S01004174",552,372,180
"S01004175",449,321,128
"S01004176",456,364,92
"S01004177",340,222,118
"S01004178",417,252,165
"S01004179",405,280,125
"S01004180",595,508,87
"S01004181",575,403,172
"S01004182",608,364,244
"S01004183",703,528,175
"S01004184",609,393,216
"S01004185",586,421,165
"S01004186",499,327,172
"S01004187",536,331,205
"S01004188",531,323,208
"S01004189",429,363,66
"S01004190",557,356,201
"S01004191",546,369,177
"S01004192",602,384,218
"S01004193",464,325,139
"S01004194",590,380,210
"S01004195",438,273,165
"S01004196",488,322,166
"S01004197",479,301,178
"S01004198",471,314,157
"S01004199",606,414,192
"S01004200",643,509,134
"S01004201",580,403,177
"S01004202",444,315,129
"S01004203",654,425,229
"S01004204",562,370,192
"S01004205",488,271,217
"S01004206",476,337,139
"S01004207",557,382,175
"S01004208",571,422,149
"S01004209",423,336,87
"S01004210",489,339,150
"S01004211",540,404,136
"S01004212",620,446,174
"S01004213",497,316,181
"S01004214",534,342,192
"S01004215",402,288,114
"S01004216",662,521,141
"S01004217",388,265,123
"S01004218",616,391,225
"S01004219",447,312,135
"S01004220",593,397,196
"S01004221",679,462,217
"S01004222",391,252,139
"S01004223",529,285,244
"S01004224",538,337,201
"S01004225",596,349,247
"S01004226",538,329,209
"S01004227",454,316,138
"S01004228",588,415,173
"S01004229",532,382,150
"S01004230",521,339,182
"S01004231",566,356,210
"S01004232",499,378,121
"S01004233",473,309,164
"S01004234",694,467,227
"S01004235",467,323,144
"S01004236",642,401,241
"S01004237",481,309,172
"S01004238",411,277,134
"S01004239",465,298,167
"S01004240",483,333,150
"S01004241",382,271,111
"S01004242",623,454,169
"S01004243",428,294,134
"S01004244",458,299,159
"S01004245",529,331,198
"S01004246",414,284,130
"S01004247",624,420,204
"S01004248",704,421,283
"S01004249",640,435,205
"S01004250",733,503,230
"S01004251",604,415,189
"S01004252",403,281,122
"S01004253",413,255,158
"S01004254",556,382,174
"S01004255",507,369,138
"S01004256",385,283,102
"S01004257",412,307,105
"S01004258",525,379,146
"S01004259",407,314,93
"S01004260",411,303,108
"S01004261",642,453,189
"S01004262",548,378,170
"S01004263",539,370,169
"S01004264",513,326,187
"S01004265",663,463,200
"S01004266",380,202,178
"S01004267",373,250,123
"S01004268",479,375,104
"S01004269",524,358,166
"S01004270",401,262,139
"S01004271",403,243,160
"S01004272",489,374,115
"S01004273",576,447,129
"S01004274",586,399,187
"S01004275",437,302,135
"S01004276",540,352,188
"S01004277",622,477,145
"S01004278",686,441,245
"S01004279",652,470,182
"S01004280",735,452,283
"S01004281",411,264,147
"S01004282",694,454,240
"S01004283",542,388,154
"S01004284",716,516,200
"S01004285",581,484,97
"S01004286",495,394,101
"S01004287",462,312,150
"S01004288",556,406,150
"S01004289",411,304,107
"S01004290",518,343,175
"S01004291",635,465,170
"S01004292",526,422,104
"S01004293",594,372,222
"S01004294",580,410,170
"S01004295",571,391,180
"S01004296",576,392,184
"S01004297",503,364,139
"S01004298",739,550,189
"S01004299",433,297,136
"S01004300",401,252,149
"S01004301",482,336,146
"S01004302",594,352,242
"S01004303",433,279,154
"S01004304",679,456,223
"S01004305",491,349,142
"S01004306",441,264,177
"S01004307",712,619,93
"S01004308",725,478,247
"S01004309",574,400,174
"S01004310",578,411,167
"S01004311",563,390,173
"S01004312",553,353,200
"S01004313",712,525,187
"S01004314",523,323,200
"S01004315",380,304,76
"S01004316",318,237,81
"S01004317",622,357,265
"S01004318",383,211,172
"S01004319",611,420,191
"S01004320",648,430,218
"S01004321",536,326,210
"S01004322",731,458,273
"S01004323",456,303,153
"S01004324",613,382,231
"S01004325",738,482,256
"S01004326",577,357,220
"S01004327",508,329,179
"S01004328",466,313,153
"S01004329",368,237,131
"S01004330",753,498,255
"S01004331",399,218,181
"S01004332",407,257,150
"S01004333",356,206,150
"S01004334",1348,971,377
"S01004335",371,225,146
"S01004336",733,496,237
"S01004337",564,421,143
"S01004338",506,350,156
"S01004339",653,436,217
"S01004340",408,283,125
"S01004341",437,316,121
"S01004342",557,468,89
"S01004343",359,254,105
"S01004344",581,378,203
"S01004345",631,435,196
"S01004346",410,272,138
"S01004347",572,396,176
"S01004348",458,325,133
"S01004349",594,411,183
"S01004350",400,252,148
"S01004351",353,197,156
"S01004352",434,249,185
"S01004353",658,411,247
"S01004354",425,290,135
"S01004355",421,280,141
"S01004356",728,488,240
"S01004357",585,448,137
"S01004358",626,471,155
"S01004359",390,250,140
"S01004360",426,251,175
"S01004361",451,304,147
"S01004362",395,193,202
"S01004363",740,370,370
"S01004364",617,389,228
"S01004365",547,355,192
"S01004366",478,291,187
"S01004367",623,427,196
"S01004368",402,200,202
"S01004369",585,432,153
"S01004370",560,378,182
"S01004371",543,376,167
"S01004372",711,485,226
"S01004373",397,228,169
"S01004374",448,266,182
"S01004375",518,376,142
"S01004376",670,449,221
"S01004377",578,400,178
"S01004378",710,436,274
"S01004379",673,443,230
"S01004380",502,246,256
"S01004381",590,394,196
"S01004382",519,263,256
"S01004383",589,357,232
"S01004384",504,286,218
"S01004385",626,456,170
"S01004386",669,437,232
"S01004387",733,443,290
"S01004388",567,280,287
"S01004389",467,310,157
"S01004390",626,383,243
"S01004391",460,324,136
"S01004392",659,412,247
"S01004393",703,412,291
"S01004394",589,327,262
"S01004395",384,221,163
"S01004396",587,370,217
"S01004397",678,566,112
"S01004398",628,404,224
"S01004399",367,187,180
"S01004400",430,305,125
"S01004401",783,597,186
"S01004402",674,393,281
"S01004403",382,241,141
"S01004404",468,366,102
"S01004405",517,342,175
"S01004406",585,282,303
"S01004407",465,234,231
"S01004408",427,336,91
"S01004409",471,310,161
"S01004410",699,455,244
"S01004411",480,277,203
"S01004412",685,422,263
"S01004413",592,308,284
"S01004414",525,254,271
"S01004415",469,236,233
"S01004416",510,311,199
"S01004417",537,279,258
"S01004418",697,378,319
"S01004419",652,403,249
"S01004420",569,334,235
"S01004421",519,252,267
"S01004422",420,235,185
"S01004423",578,326,252
"S01004424",487,255,232
"S01004425",467,307,160
"S01004426",433,236,197
"S01004427",549,264,285
"S01004428",526,288,238
"S01004429",554,276,278
"S01004430",353,209,144
"S01004431",556,295,261
"S01004432",665,369,296
"S01004433",743,378,365
"S01004434",610,358,252
"S01004435",469,312,157
"S01004436",579,379,200
"S01004437",665,412,253
"S01004438",482,285,197
"S01004439",475,303,172
"S01004440",530,288,242
"S01004441",620,424,196
"S01004442",670,355,315
"S01004443",480,262,218
"S01004444",610,343,267
"S01004445",455,271,184
"S01004446",561,353,208
"S01004447",535,339,196
"S01004448",494,391,103
"S01004449",650,346,304
"S01004450",657,317,340
"S01004451",604,307,297
"S01004452",550,408,142
"S01004453",767,580,187
"S01004454",669,409,260
"S01004455",586,334,252
"S01004456",438,364,74
"S01004457",616,353,263
"S01004458",591,333,258
"S01004459",446,261,185
"S01004460",527,402,125
"S01004461",480,328,152
"S01004462",480,381,99
"S01004463",598,397,201
"S01004464",586,314,272
"S01004465",557,403,154
"S01004466",725,445,280
"S01004467",704,415,289
"S01004468",571,458,113
"S01004469",445,240,205
"S01004470",404,324,80
"S01004471",445,315,130
"S01004472",569,370,199
"S01004473",756,493,263
"S01004474",703,366,337
"S01004475",388,281,107
"S01004476",499,324,175
"S01004477",642,446,196
"S01004478",454,282,172
"S01004479",502,371,131
"S01004480",718,430,288
"S01004481",409,237,172
"S01004482",673,348,325
"S01004483",476,282,194
"S01004484",748,542,206
"S01004485",402,275,127
"S01004486",698,494,204
"S01004487",705,454,251
"S01004488",565,341,224
"S01004489",614,495,119
"S01004490",530,376,154
"S01004491",563,326,237
"S01004492",700,420,280
"S01004493",755,468,287
"S01004494",661,355,306
"S01004495",485,271,214
"S01004496",453,286,167
"S01004497",602,351,251
"S01004498",427,307,120
"S01004499",532,361,171
"S01004500",563,325,238
"S01004501",427,299,128
"S01004502",575,342,233
"S01004503",541,238,303
"S01004504",508,281,227
"S01004505",427,255,172
"S01004506",397,267,130
"S01004507",543,317,226
"S01004508",460,257,203
"S01004509",568,423,145
"S01004510",546,280,266
"S01004511",590,316,274
"S01004512",625,364,261
"S01004513",357,195,162
"S01004514",405,293,112
"S01004515",542,334,208
"S01004516",383,245,138
"S01004517",522,319,203
"S01004518",494,326,168
"S01004519",606,366,240
"S01004520",558,329,229
"S01004521",598,355,243
"S01004522",447,277,170
"S01004523",487,273,214
"S01004524",474,252,222
"S01004525",540,352,188
"S01004526",556,362,194
"S01004527",417,246,171
"S01004528",627,352,275
"S01004529",594,387,207
"S01004530",385,339,46
"S01004531",562,351,211
"S01004532",460,261,199
"S01004533",311,159,152
"S01004534",480,286,194
"S01004535",564,340,224
"S01004536",520,337,183
"S01004537",636,339,297
"S01004538",577,323,254
"S01004539",488,252,236
"S01004540",553,364,189
"S01004541",587,323,264
"S01004542",436,338,98
"S01004543",569,338,231
"S01004544",739,450,289
"S01004545",529,305,224
"S01004546",688,367,321
"S01004547",644,366,278
"S01004548",563,317,246
"S01004549",629,348,281
"S01004550",546,273,273
"S01004551",701,440,261
"S01004552",529,254,275
"S01004553",408,264,144
"S01004554",464,328,136
"S01004555",530,353,177
"S01004556",503,277,226
"S01004557",316,251,65
"S01004558",733,419,314
"S01004559",746,392,354
"S01004560",409,214,195
"S01004561",737,394,343
"S01004562",399,248,151
"S01004563",605,338,267
"S01004564",416,277,139
"S01004565",522,409,113
"S01004566",503,407,96
"S01004567",369,191,178
"S01004568",496,283,213
"S01004569",475,218,257
"S01004570",544,422,122
"S01004571",496,273,223
"S01004572",558,348,210
"S01004573",454,259,195
"S01004574",379,279,100
"S01004575",535,329,206
"S01004576",451,376,75
"S01004577",465,304,161
"S01004578",744,546,198
"S01004579",468,232,236
"S01004580",652,341,311
"S01004581",810,489,321
"S01004582",464,296,168
"S01004583",549,292,257
"S01004584",436,223,213
"S01004585",479,262,217
"S01004586",810,561,249
"S01004587",700,311,389
"S01004588",500,268,232
"S01004589",568,371,197
"S01004590",525,324,201
"S01004591",442,254,188
"S01004592",467,238,229
"S01004593",673,480,193
"S01004594",419,228,191
"S01004595",693,466,227
"S01004596",514,255,259
"S01004597",448,359,89
"S01004598",506,262,244
"S01004599",445,264,181
"S01004600",651,337,314
"S01004601",624,342,282
"S01004602",743,489,254
"S01004603",719,366,353
"S01004604",358,207,151
"S01004605",751,373,378
"S01004606",556,323,233
"S01004607",497,294,203
"S01004608",458,281,177
"S01004609",418,248,170
"S01004610",536,290,246
"S01004611",937,465,472
"S01004612",528,277,251
"S01004613",597,425,172
"S01004614",588,360,228
"S01004615",605,350,255
"S01004616",602,450,152
"S01004617",485,262,223
"S01004618",430,216,214
"S01004619",408,235,173
"S01004620",575,400,175
"S01004621",712,481,231
"S01004622",601,367,234
"S01004623",726,511,215
"S01004624",795,440,355
"S01004625",608,355,253
"S01004626",473,252,221
"S01004627",465,360,105
"S01004628",389,187,202
"S01004629",740,599,141
"S01004630",709,480,229
"S01004631",604,332,272
"S01004632",710,422,288
"S01004633",413,282,131
"S01004634",714,563,151
"S01004635",568,309,259
"S01004636",507,274,233
"S01004637",397,242,155
"S01004638",447,259,188
"S01004639",513,260,253
"S01004640",581,323,258
"S01004641",503,346,157
"S01004642",703,404,299
"S01004643",346,193,153
"S01004644",554,335,219
"S01004645",708,385,323
"S01004646",580,349,231
"S01004647",1244,570,674
"S01004648",699,385,314
"S01004649",450,283,167
"S01004650",627,352,275
"S01004651",699,379,320
"S01004652",708,504,204
"S01004653",486,283,203
"S01004654",630,438,192
"S01004655",635,376,259
"S01004656",354,188,166
"S01004657",599,433,166
"S01004658",735,529,206
"S01004659",383,216,167
"S01004660",515,431,84
"S01004661",536,345,191
"S01004662",687,402,285
"S01004663",425,261,164
"S01004664",481,265,216
"S01004665",547,288,259
"S01004666",599,365,234
"S01004667",496,307,189
"S01004668",672,515,157
"S01004669",598,327,271
"S01004670",655,380,275
"S01004671",650,449,201
"S01004672",492,315,177
"S01004673",604,336,268
"S01004674",668,416,252
"S01004675",610,427,183
"S01004676",575,329,246
"S01004677",614,335,279
"S01004678",588,418,170
"S01004679",357,191,166
"S01004680",624,330,294
"S01004681",551,420,131
"S01004682",433,228,205
"S01004683",548,429,119
"S01004684",547,333,214
"S01004685",376,210,166
"S01004686",591,305,286
"S01004687",592,332,260
"S01004688",560,429,131
"S01004689",759,505,254
"S01004690",416,339,77
"S01004691",631,475,156
"S01004692",532,289,243
"S01004693",644,428,216
"S01004694",495,289,206
"S01004695",518,449,69
"S01004696",617,337,280
"S01004697",699,480,219
"S01004698",396,361,35
"S01004699",567,303,264
"S01004700",589,324,265
"S01004701",444,397,47
"S01004702",447,248,199
"S01004703",584,454,130
"S01004704",469,281,188
"S01004705",711,512,199
"S01004706",403,338,65
"S01004707",739,452,287
"S01004708",543,314,229
"S01004709",539,399,140
"S01004710",661,345,316
"S01004711",598,368,230
"S01004712",404,227,177
"S01004713",543,296,247
"S01004714",542,329,213
"S01004715",606,353,253
"S01004716",668,395,273
"S01004717",546,335,211
"S01004718",696,388,308
"S01004719",557,331,226
"S01004720",515,282,233
"S01004721",485,399,86
"S01004722",473,258,215
"S01004723",445,319,126
"S01004724",749,357,392
"S01004725",443,332,111
"S01004726",424,256,168
"S01004727",639,296,343
"S01004728",500,416,84
"S01004729",485,267,218
"S01004730",756,401,355
"S01004731",584,325,259
"S01004732",452,331,121
"S01004733",621,331,290
"S01004734",393,248,145
"S01004735",693,409,284
"S01004736",554,319,235
"S01004737",547,323,224
"S01004738",509,260,249
"S01004739",555,415,140
"S01004740",536,363,173
"S01004741",461,257,204
"S01004742",755,452,303
"S01004743",671,541,130
"S01004744",442,260,182
"S01004745",599,285,314
"S01004746",578,294,284
"S01004747",606,436,170
"S01004748",440,271,169
"S01004749",479,342,137
"S01004750",497,283,214
"S01004751",586,288,298
"S01004752",582,375,207
"S01004753",501,312,189
"S01004754",526,369,157
"S01004755",563,313,250
"S01004756",454,285,169
"S01004757",600,374,226
"S01004758",735,418,317
"S01004759",420,344,76
"S01004760",526,289,237
"S01004761",429,223,206
"S01004762",484,276,208
"S01004763",615,517,98
"S01004764",578,332,246
"S01004765",698,337,361
"S01004766",535,298,237
"S01004767",511,301,210
"S01004768",707,382,325
"S01004769",436,320,116
"S01004770",436,258,178
"S01004771",543,318,225
"S01004772",447,267,180
"S01004773",591,321,270
"S01004774",736,517,219
"S01004775",568,263,305
"S01004776",618,394,224
"S01004777",460,420,40
"S01004778",492,280,212
"S01004779",587,322,265
"S01004780",365,219,146
"S01004781",603,369,234
"S01004782",550,325,225
"S01004783",723,502,221
"S01004784",541,363,178
"S01004785",474,271,203
"S01004786",367,221,146
"S01004787",811,543,268
"S01004788",563,403,160
"S01004789",734,432,302
"S01004790",542,414,128
"S01004791",479,388,91
"S01004792",543,416,127
"S01004793",707,535,172
"S01004794",533,318,215
"S01004795",681,393,288
"S01004796",558,354,204
"S01004797",511,307,204
"S01004798",654,367,287
"S01004799",432,240,192
"S01004800",486,280,206
"S01004801",544,294,250
"S01004802",691,421,270
"S01004803",578,339,239
"S01004804",691,346,345
"S01004805",467,245,222
"S01004806",409,231,178
"S01004807",376,180,196
"S01004808",525,281,244
"S01004809",371,244,127
"S01004810",444,242,202
"S01004811",463,258,205
"S01004812",579,311,268
"S01004813",669,386,283
"S01004814",698,414,284
"S01004815",530,360,170
"S01004816",563,292,271
"S01004817",410,209,201
"S01004818",605,326,279
"S01004819",464,279,185
"S01004820",872,449,423
"S01004821",706,459,247
"S01004822",525,288,237
"S01004823",587,299,288
"S01004824",615,431,184
"S01004825",473,260,213
"S01004826",549,337,212
"S01004827",500,273,227
"S01004828",747,510,237
"S01004829",556,306,250
"S01004830",547,270,277
"S01004831",691,510,181
"S01004832",492,329,163
"S01004833",619,358,261
"S01004834",583,336,247
"S01004835",521,347,174
"S01004836",529,391,138
"S01004837",622,380,242
"S01004838",706,451,255
"S01004839",657,423,234
"S01004840",515,286,229
"S01004841",636,345,291
"S01004842",432,331,101
"S01004843",484,283,201
"S01004844",653,396,257
"S01004845",583,341,242
"S01004846",548,364,184
"S01004847",683,491,192
"S01004848",559,384,175
"S01004849",446,285,161
"S01004850",616,400,216
"S01004851",465,266,199
"S01004852",507,239,268
"S01004853",564,365,199
"S01004854",713,518,195
"S01004855",460,239,221
"S01004856",540,341,199
"S01004857",708,452,256
"S01004858",718,508,210
"S01004859",676,577,99
"S01004860",372,312,60
"S01004861",673,494,179
"S01004862",508,433,75
"S01004863",830,623,207
"S01004864",480,365,115
"S01004865",546,363,183
"S01004866",688,474,214
"S01004867",658,474,184
"S01004868",571,314,257
"S01004869",705,552,153
"S01004870",716,511,205
"S01004871",583,402,181
"S01004872",647,413,234
"S01004873",624,398,226
"S01004874",632,403,229
"S01004875",579,384,195
"S01004876",796,554,242
"S01004877",606,412,194
"S01004878",557,358,199
"S01004879",531,332,199
"S01004880",497,291,206
"S01004881",610,393,217
"S01004882",409,248,161
"S01004883",546,433,113
"S01004884",439,374,65
"S01004885",449,271,178
"S01004886",629,418,211
"S01004887",312,216,96
"S01004888",461,413,48
"S01004889",692,466,226
"S01004890",541,380,161
"S01004891",711,409,302
"S01004892",582,443,139
"S01004893",551,280,271
"S01004894",557,288,269
"S01004895",643,384,259
"S01004896",731,516,215
"S01004897",457,355,102
"S01004898",779,553,226
"S01004899",547,355,192
"S01004900",560,419,141
"S01004901",566,367,199
"S01004902",590,346,244
"S01004903",485,373,112
"S01004904",784,449,335
"S01004905",809,550,259
"S01004906",634,426,208
"S01004907",576,433,143
"S01004908",513,347,166
"S01004909",718,494,224
"S01004910",680,469,211
"S01004911",536,453,83
"S01004912",559,374,185
"S01004913",493,251,242
"S01004914",444,371,73
"S01004915",442,282,160
"S01004916",597,366,231
"S01004917",401,353,48
"S01004918",456,373,83
"S01004919",379,250,129
"S01004920",742,502,240
"S01004921",534,340,194
"S01004922",501,417,84
"S01004923",571,423,148
"S01004924",675,457,218
"S01004925",407,282,125
"S01004926",668,495,173
"S01004927",748,618,130
"S01004928",485,388,97
"S01004929",535,421,114
"S01004930",468,272,196
"S01004931",665,382,283
"S01004932",532,332,200
"S01004933",633,408,225
"S01004934",496,309,187
"S01004935",450,317,133
"S01004936",631,361,270
"S01004937",371,181,190
"S01004938",561,301,260
"S01004939",435,266,169
"S01004940",417,272,145
"S01004941",456,304,152
"S01004942",793,576,217
"S01004943",636,422,214
"S01004944",409,280,129
"S01004945",443,291,152
"S01004946",433,315,118
"S01004947",478,362,116
"S01004948",418,303,115
"S01004949",429,316,113
"S01004950",373,291,82
"S01004951",464,309,155
"S01004952",672,508,164
"S01004953",659,458,201
"S01004954",535,405,130
"S01004955",482,324,158
"S01004956",487,333,154
"S01004957",476,361,115
"S01004958",590,380,210
"S01004959",445,319,126
"S01004960",411,263,148
"S01004961",474,357,117
"S01004962",420,301,119
"S01004963",392,261,131
"S01004964",716,533,183
"S01004965",596,414,182
"S01004966",579,417,162
"S01004967",396,285,111
"S01004968",414,281,133
"S01004969",653,430,223
"S01004970",538,410,128
"S01004971",707,465,242
"S01004972",530,366,164
"S01004973",610,423,187
"S01004974",668,460,208
"S01004975",564,387,177
"S01004976",538,347,191
"S01004977",713,471,242
"S01004978",711,534,177
"S01004979",656,461,195
"S01004980",768,552,216
"S01004981",704,526,178
"S01004982",468,342,126
"S01004983",651,423,228
"S01004984",584,420,164
"S01004985",536,373,163
"S01004986",432,303,129
"S01004987",378,284,94
"S01004988",389,300,89
"S01004989",508,375,133
"S01004990",378,276,102
"S01004991",416,296,120
"S01004992",628,422,206
"S01004993",471,273,198
"S01004994",556,351,205
"S01004995",626,437,189
"S01004996",475,353,122
"S01004997",635,458,177
"S01004998",587,436,151
"S01004999",578,401,177
"S01005000",439,309,130
"S01005001",736,525,211
"S01005002",504,268,236
"S01005003",659,474,185
"S01005004",410,300,110
"S01005005",659,433,226
"S01005006",379,271,108
"S01005007",582,312,270
"S01005008",903,531,372
"S01005009",481,331,150
"S01005010",428,282,146
"S01005011",389,236,153
"S01005012",509,363,146
"S01005013",481,326,155
"S01005014",589,371,218
"S01005015",454,310,144
"S01005016",514,350,164
"S01005017",524,354,170
"S01005018",443,302,141
"S01005019",806,400,406
"S01005020",601,363,238
"S01005021",592,370,222
"S01005022",482,322,160
"S01005023",453,327,126
"S01005024",586,360,226
"S01005025",478,328,150
"S01005026",430,273,157
"S01005027",545,412,133
"S01005028",409,276,133
"S01005029",735,600,135
"S01005030",704,480,224
"S01005031",542,372,170
"S01005032",618,421,197
"S01005033",544,408,136
"S01005034",638,442,196
"S01005035",702,512,190
"S01005036",361,224,137
"S01005037",805,587,218
"S01005038",628,455,173
"S01005039",783,497,286
"S01005040",699,468,231
"S01005041",498,382,116
"S01005042",609,399,210
"S01005043",512,301,211
"S01005044",704,518,186
"S01005045",619,475,144
"S01005046",765,520,245
"S01005047",680,488,192
"S01005048",454,260,194
"S01005049",585,400,185
"S01005050",666,421,245
"S01005051",668,524,144
"S01005052",512,359,153
"S01005053",594,374,220
"S01005054",401,254,147
"S01005055",572,378,194
"S01005056",542,384,158
"S01005057",519,326,193
"S01005058",500,344,156
"S01005059",393,266,127
"S01005060",494,298,196
"S01005061",666,445,221
"S01005062",364,252,112
"S01005063",412,348,64
"S01005064",573,389,184
"S01005065",655,479,176
"S01005066",544,320,224
"S01005067",354,235,119
"S01005068",502,323,179
"S01005069",452,303,149
"S01005070",622,413,209
"S01005071",181,104,77
"S01005072",459,317,142
"S01005073",468,298,170
"S01005074",563,399,164
"S01005075",295,170,125
"S01005076",573,393,180
"S01005077",510,461,49
"S01005078",520,377,143
"S01005079",504,341,163
"S01005080",332,227,105
"S01005081",502,365,137
"S01005082",521,386,135
"S01005083",690,457,233
"S01005084",471,322,149
"S01005085",439,325,114
"S01005086",517,345,172
"S01005087",361,243,118
"S01005088",432,266,166
"S01005089",560,362,198
"S01005090",623,412,211
"S01005091",512,337,175
"S01005092",498,315,183
"S01005093",611,462,149
"S01005094",409,303,106
"S01005095",762,495,267
"S01005096",436,338,98
"S01005097",551,355,196
"S01005098",443,289,154
"S01005099",593,376,217
"S01005100",403,306,97
"S01005101",631,436,195
"S01005102",734,507,227
"S01005103",794,510,284
"S01005104",700,415,285
"S01005105",597,426,171
"S01005106",393,267,126
"S01005107",331,259,72
"S01005108",416,304,112
"S01005109",713,515,198
"S01005110",779,543,236
"S01005111",365,251,114
"S01005112",650,466,184
"S01005113",772,521,251
"S01005114",655,442,213
"S01005115",644,411,233
"S01005116",487,331,156
"S01005117",491,317,174
"S01005118",530,347,183
"S01005119",497,291,206
"S01005120",475,277,198
"S01005121",578,403,175
"S01005122",556,348,208
"S01005123",530,314,216
"S01005124",523,338,185
"S01005125",541,349,192
"S01005126",424,287,137
"S01005127",422,254,168
"S01005128",575,383,192
"S01005129",618,424,194
"S01005130",458,270,188
"S01005131",567,375,192
"S01005132",481,327,154
"S01005133",281,210,71
"S01005134",674,403,271
"S01005135",500,324,176
"S01005136",549,400,149
"S01005137",684,457,227
"S01005138",780,528,252
"S01005139",493,361,132
"S01005140",505,307,198
"S01005141",637,394,243
"S01005142",453,295,158
"S01005143",718,474,244
"S01005144",800,526,274
"S01005145",563,383,180
"S01005146",502,347,155
"S01005147",678,498,180
"S01005148",451,341,110
"S01005149",417,275,142
"S01005150",481,334,147
"S01005151",497,329,168
"S01005152",565,417,148
"S01005153",596,476,120
"S01005154",462,333,129
"S01005155",552,402,150
"S01005156",508,303,205
"S01005157",680,394,286
"S01005158",586,412,174
"S01005159",731,448,283
"S01005160",749,434,315
"S01005161",691,549,142
"S01005162",725,421,304
"S01005163",428,245,183
"S01005164",701,439,262
"S01005165",575,329,246
"S01005166",739,389,350
"S01005167",488,307,181
"S01005168",496,405,91
"S01005169",475,350,125
"S01005170",619,417,202
"S01005171",611,370,241
"S01005172",809,554,255
"S01005173",498,364,134
"S01005174",542,283,259
"S01005175",513,360,153
"S01005176",511,278,233
"S01005177",674,406,268
"S01005178",682,391,291
"S01005179",728,567,161
"S01005180",726,575,151
"S01005181",660,511,149
"S01005182",570,339,231
"S01005183",669,379,290
"S01005184",518,268,250
"S01005185",399,220,179
"S01005186",546,270,276
"S01005187",691,377,314
"S01005188",799,576,223
"S01005189",612,309,303
"S01005190",692,462,230
"S01005191",631,368,263
"S01005192",581,444,137
"S01005193",623,444,179
"S01005194",460,271,189
"S01005195",791,588,203
"S01005196",537,342,195
"S01005197",586,335,251
"S01005198",717,489,228
"S01005199",660,405,255
"S01005200",503,390,113
"S01005201",651,413,238
"S01005202",700,406,294
"S01005203",598,407,191
"S01005204",443,350,93
"S01005205",685,524,161
"S01005206",690,468,222
"S01005207",685,313,372
"S01005208",370,229,141
"S01005209",618,344,274
"S01005210",674,280,394
"S01005211",548,269,279
"S01005212",485,353,132
"S01005213",702,470,232
"S01005214",582,369,213
"S01005215",634,348,286
"S01005216",413,262,151
"S01005217",594,468,126
"S01005218",637,339,298
"S01005219",629,361,268
"S01005220",506,365,141
"S01005221",545,357,188
"S01005222",470,274,196
"S01005223",544,332,212
"S01005224",549,474,75
"S01005225",712,471,241
"S01005226",413,267,146
"S01005227",633,381,252
"S01005228",950,559,391
"S01005229",657,459,198
"S01005230",564,359,205
"S01005231",587,482,105
"S01005232",652,336,316
"S01005233",393,215,178
"S01005234",801,601,200
"S01005235",439,328,111
"S01005236",693,500,193
"S01005237",705,457,248
"S01005238",607,380,227
"S01005239",735,459,276
"S01005240",633,366,267
"S01005241",717,462,255
"S01005242",662,399,263
"S01005243",585,352,233
"S01005244",685,474,211
"S01005245",550,371,179
"S01005246",738,446,292
"S01005247",431,168,263
"S01005248",429,257,172
"S01005249",637,476,161
"S01005250",610,406,204
"S01005251",648,453,195
"S01005252",409,248,161
"S01005253",415,346,69
"S01005254",679,466,213
"S01005255",412,186,226
"S01005256",541,444,97
"S01005257",719,486,233
"S01005258",785,563,222
"S01005259",468,292,176
"S01005260",498,249,249
"S01005261",363,201,162
"S01005262",728,515,213
"S01005263",346,181,165
"S01005264",545,275,270
"S01005265",351,193,158
"S01005266",651,321,330
"S01005267",672,376,296
"S01005268",737,495,242
"S01005269",489,279,210
"S01005270",756,485,271
"S01005271",437,320,117
"S01005272",431,182,249
"S01005273",617,432,185
"S01005274",523,275,248
"S01005275",400,260,140
"S01005276",491,262,229
"S01005277",470,317,153
"S01005278",669,401,268
"S01005279",405,257,148
"S01005280",553,324,229
"S01005281",650,417,233
"S01005282",549,329,220
"S01005283",578,439,139
"S01005284",523,309,214
"S01005285",517,367,150
"S01005286",547,357,190
"S01005287",605,426,179
"S01005288",622,331,291
"S01005289",610,434,176
"S01005290",442,281,161
"S01005291",546,445,101
"S01005292",529,274,255
"S01005293",612,341,271
"S01005294",464,329,135
"S01005295",436,285,151
"S01005296",631,497,134
"S01005297",521,322,199
"S01005298",765,593,172
"S01005299",468,335,133
"S01005300",711,559,152
"S01005301",650,512,138
"S01005302",776,496,280
"S01005303",561,344,217
"S01005304",578,433,145
"S01005305",631,391,240
"S01005306",705,609,96
"S01005307",678,522,156
"S01005308",383,228,155
"S01005309",710,463,247
"S01005310",762,409,353
"S01005311",737,586,151
"S01005312",477,370,107
"S01005313",735,587,148
"S01005314",426,316,110
"S01005315",448,251,197
"S01005316",696,470,226
"S01005317",463,366,97
"S01005318",383,209,174
"S01005319",534,418,116
"S01005320",495,325,170
"S01005321",461,292,169
"S01005322",629,498,131
"S01005323",519,300,219
"S01005324",579,385,194
"S01005325",581,396,185
"S01005326",670,409,261
"S01005327",468,331,137
"S01005328",523,358,165
"S01005329",409,294,115
"S01005330",523,309,214
"S01005331",540,332,208
"S01005332",377,256,121
"S01005333",655,494,161
"S01005334",518,387,131
"S01005335",429,295,134
"S01005336",462,328,134
"S01005337",708,561,147
"S01005338",394,337,57
"S01005339",573,390,183
"S01005340",414,340,74
"S01005341",501,337,164
"S01005342",597,410,187
"S01005343",681,539,142
"S01005344",557,352,205
"S01005345",523,422,101
"S01005346",607,493,114
"S01005347",571,468,103
"S01005348",650,478,172
"S01005349",666,528,138
"S01005350",574,434,140
"S01005351",612,396,216
"S01005352",647,432,215
"S01005353",765,491,274
"S01005354",735,578,157
"S01005355",553,339,214
"S01005356",558,394,164
"S01005357",497,294,203
"S01005358",631,406,225
"S01005359",752,594,158
"S01005360",709,544,165
"S01005361",700,505,195
"S01005362",510,295,215
"S01005363",492,326,166
"S01005364",659,452,207
"S01005365",504,340,164
"S01005366",567,390,177
"S01005367",564,347,217
"S01005368",495,336,159
"S01005369",761,503,258
"S01005370",632,443,189
"S01005371",773,544,229
"S01005372",608,438,170
"S01005373",500,322,178
"S01005374",678,490,188
"S01005375",737,461,276
"S01005376",713,479,234
"S01005377",653,423,230
"S01005378",532,322,210
"S01005379",720,531,189
"S01005380",487,319,168
"S01005381",481,297,184
"S01005382",490,266,224
"S01005383",487,353,134
"S01005384",632,446,186
"S01005385",594,440,154
"S01005386",461,307,154
"S01005387",716,477,239
"S01005388",543,364,179
"S01005389",537,354,183
"S01005390",583,414,169
"S01005391",525,352,173
"S01005392",661,467,194
"S01005393",594,423,171
"S01005394",617,436,181
"S01005395",632,467,165
"S01005396",498,366,132
"S01005397",422,256,166
"S01005398",725,531,194
"S01005399",655,452,203
"S01005400",660,442,218
"S01005401",657,445,212
"S01005402",696,517,179
"S01005403",669,479,190
"S01005404",624,420,204
"S01005405",377,252,125
"S01005406",386,249,137
"S01005407",706,455,251
"S01005408",409,292,117
"S01005409",483,357,126
"S01005410",549,390,159
"S01005411",668,471,197
"S01005412",648,469,179
"S01005413",615,434,181
"S01005414",637,428,209
"S01005415",524,376,148
"S01005416",650,380,270
"S01005417",558,392,166
"S01005418",598,350,248
"S01005419",522,345,177
"S01005420",626,456,170
"S01005421",677,519,158
"S01005422",673,395,278
"S01005423",697,568,129
"S01005424",581,408,173
"S01005425",676,370,306
"S01005426",533,341,192
"S01005427",553,366,187
"S01005428",719,497,222
"S01005429",514,330,184
"S01005430",480,357,123
"S01005431",530,363,167
"S01005432",576,410,166
"S01005433",650,468,182
"S01005434",514,379,135
"S01005435",568,363,205
"S01005436",656,474,182
"S01005437",700,541,159
"S01005438",596,409,187
"S01005439",486,313,173
"S01005440",665,488,177
"S01005441",668,472,196
"S01005442",658,478,180
"S01005443",696,483,213
"S01005444",677,490,187
"S01005445",655,467,188
"S01005446",552,365,187
"S01005447",598,416,182
"S01005448",697,499,198
"S01005449",627,471,156
"S01005450",654,416,238
"S01005451",684,468,216
"S01005452",631,388,243
"S01005453",613,407,206
"S01005454",568,416,152
"S01005455",650,471,179
"S01005456",577,436,141
"S01005457",656,438,218
"S01005458",588,396,192
"S01005459",609,493,116
"S01005460",586,414,172
"S01005461",525,344,181
"S01005462",727,499,228
"S01005463",383,273,110
"S01005464",411,283,128
"S01005465",398,297,101
"S01005466",627,490,137
"S01005467",387,276,111
"S01005468",639,470,169
"S01005469",626,428,198
"S01005470",462,310,152
"S01005471",528,422,106
"S01005472",589,440,149
"S01005473",558,378,180
"S01005474",574,332,242
"S01005475",592,415,177
"S01005476",680,499,181
"S01005477",655,477,178
"S01005478",612,403,209
"S01005479",381,264,117
"S01005480",603,393,210
"S01005481",449,275,174
"S01005482",442,311,131
"S01005483",519,347,172
"S01005484",403,238,165
"S01005485",555,363,192
"S01005486",625,381,244
"S01005487",465,299,166
"S01005488",634,437,197
"S01005489",680,465,215
"S01005490",421,243,178
"S01005491",679,468,211
"S01005492",684,504,180
"S01005493",472,371,101
"S01005494",483,380,103
"S01005495",461,358,103
"S01005496",713,557,156
"S01005497",421,333,88
"S01005498",644,466,178
"S01005499",480,364,116
"S01005500",565,454,111
"S01005501",597,460,137
"S01005502",634,432,202
"S01005503",419,301,118
"S01005504",467,334,133
"S01005505",463,335,128
"S01005506",611,449,162
"S01005507",384,289,95
"S01005508",607,467,140
"S01005509",379,325,54
"S01005510",436,362,74
"S01005511",408,307,101
"S01005512",443,338,105
"S01005513",485,380,105
"S01005514",413,313,100
"S01005515",398,280,118
"S01005516",377,267,110
"S01005517",632,477,155
"S01005518",684,530,154
"S01005519",465,328,137
"S01005520",689,464,225
"S01005521",578,425,153
"S01005522",460,287,173
"S01005523",669,427,242
"S01005524",527,337,190
"S01005525",550,324,226
"S01005526",524,322,202
"S01005527",379,212,167
"S01005528",377,201,176
"S01005529",653,408,245
"S01005530",466,217,249
"S01005531",417,276,141
"S01005532",574,354,220
"S01005533",552,317,235
"S01005534",486,298,188
"S01005535",621,384,237
"S01005536",675,483,192
"S01005537",526,331,195
"S01005538",647,444,203
"S01005539",705,452,253
"S01005540",596,366,230
"S01005541",470,280,190
"S01005542",549,353,196
"S01005543",531,354,177
"S01005544",525,311,214
"S01005545",614,420,194
"S01005546",500,328,172
"S01005547",533,349,184
"S01005548",745,435,310
"S01005549",700,469,231
"S01005550",447,267,180
"S01005551",707,408,299
"S01005552",635,415,220
"S01005553",622,373,249
"S01005554",537,343,194
"S01005555",475,306,169
"S01005556",396,224,172
"S01005557",600,416,184
"S01005558",563,330,233
"S01005559",516,363,153
"S01005560",505,334,171
"S01005561",638,447,191
"S01005562",671,339,332
"S01005563",620,345,275
"S01005564",580,364,216
"S01005565",453,301,152
"S01005566",385,244,141
"S01005567",760,408,352
"S01005568",436,255,181
"S01005569",534,383,151
"S01005570",587,385,202
"S01005571",545,423,122
"S01005572",543,370,173
"S01005573",506,339,167
"S01005574",593,379,214
"S01005575",573,420,153
"S01005576",580,346,234
"S01005577",589,370,219
"S01005578",687,403,284
"S01005579",626,456,170
"S01005580",374,197,177
"S01005581",530,295,235
"S01005582",586,368,218
"S01005583",463,261,202
"S01005584",442,311,131
"S01005585",559,322,237
"S01005586",553,341,212
"S01005587",754,438,316
"S01005588",463,242,221
"S01005589",669,452,217
"S01005590",587,293,294
"S01005591",677,403,274
"S01005592",333,186,147
"S01005593",621,340,281
"S01005594",650,361,289
"S01005595",583,311,272
"S01005596",399,206,193
"S01005597",759,458,301
"S01005598",685,416,269
"S01005599",393,228,165
"S01005600",507,239,268
"S01005601",516,311,205
"S01005602",529,283,246
"S01005603",395,255,140
"S01005604",379,211,168
"S01005605",755,493,262
"S01005606",474,308,166
"S01005607",484,338,146
"S01005608",694,506,188
"S01005609",574,416,158
"S01005610",425,281,144
"S01005611",493,249,244
"S01005612",589,499,90
"S01005613",551,310,241
"S01005614",589,375,214
"S01005615",716,438,278
"S01005616",461,305,156
"S01005617",708,428,280
"S01005618",400,237,163
"S01005619",447,361,86
"S01005620",344,209,135
"S01005621",493,314,179
"S01005622",665,405,260
"S01005623",587,380,207
"S01005624",652,421,231
"S01005625",647,426,221
"S01005626",576,381,195
"S01005627",523,306,217
"S01005628",670,401,269
"S01005629",569,361,208
"S01005630",413,265,148
"S01005631",569,356,213
"S01005632",373,234,139
"S01005633",523,328,195
"S01005634",583,413,170
"S01005635",574,396,178
"S01005636",635,420,215
"S01005637",774,534,240
"S01005638",614,370,244
"S01005639",542,321,221
"S01005640",391,261,130
"S01005641",655,464,191
"S01005642",463,289,174
"S01005643",439,269,170
"S01005644",444,273,171
"S01005645",618,408,210
"S01005646",596,376,220
"S01005647",491,324,167
"S01005648",673,358,315
"S01005649",651,442,209
"S01005650",433,270,163
"S01005651",600,401,199
"S01005652",528,371,157
"S01005653",647,423,224
"S01005654",559,362,197
"S01005655",659,429,230
"S01005656",396,205,191
"S01005657",429,267,162
"S01005658",663,473,190
"S01005659",679,468,211
"S01005660",485,312,173
"S01005661",494,389,105
"S01005662",463,353,110
"S01005663",487,293,194
"S01005664",425,328,97
"S01005665",384,274,110
"S01005666",654,373,281
"S01005667",588,370,218
"S01005668",614,424,190
"S01005669",454,295,159
"S01005670",496,328,168
"S01005671",389,281,108
"S01005672",607,342,265
"S01005673",469,321,148
"S01005674",661,443,218
"S01005675",668,362,306
"S01005676",643,390,253
"S01005677",649,474,175
"S01005678",622,434,188
"S01005679",570,355,215
"S01005680",553,370,183
"S01005681",612,393,219
"S01005682",482,310,172
"S01005683",644,366,278
"S01005684",711,390,321
"S01005685",496,359,137
"S01005686",433,316,117
"S01005687",406,306,100
"S01005688",584,409,175
"S01005689",389,299,90
"S01005690",572,398,174
"S01005691",476,324,152
"S01005692",459,318,141
"S01005693",595,424,171
"S01005694",439,251,188
"S01005695",399,271,128
"S01005696",464,292,172
"S01005697",482,272,210
"S01005698",440,317,123
"S01005699",603,376,227
"S01005700",405,299,106
"S01005701",521,290,231
"S01005702",506,298,208
"S01005703",502,347,155
"S01005704",456,280,176
"S01005705",424,281,143
"S01005706",585,399,186
"S01005707",403,257,146
"S01005708",541,327,214
"S01005709",584,373,211
"S01005710",316,230,86
"S01005711",637,439,198
"S01005712",449,272,177
"S01005713",493,296,197
"S01005714",595,409,186
"S01005715",605,395,210
"S01005716",483,294,189
"S01005717",424,306,118
"S01005718",597,385,212
"S01005719",407,253,154
"S01005720",515,355,160
"S01005721",557,312,245
"S01005722",405,300,105
"S01005723",485,344,141
"S01005724",511,388,123
"S01005725",479,330,149
"S01005726",677,471,206
"S01005727",438,310,128
"S01005728",569,385,184
"S01005729",450,276,174
"S01005730",552,351,201
"S01005731",419,233,186
"S01005732",625,377,248
"S01005733",552,402,150
"S01005734",503,342,161
"S01005735",580,463,117
"S01005736",535,359,176
"S01005737",566,364,202
"S01005738",603,379,224
"S01005739",796,390,406
"S01005740",562,414,148
"S01005741",730,494,236
"S01005742",517,337,180
"S01005743",457,378,79
"S01005744",624,366,258
"S01005745",725,412,313
"S01005746",639,440,199
"S01005747",684,477,207
"S01005748",347,172,175
"S01005749",675,480,195
"S01005750",615,385,230
"S01005751",603,411,192
"S01005752",598,314,284
"S01005753",534,356,178
"S01005754",684,477,207
"S01005755",593,296,297
"S01005756",610,366,244
"S01005757",448,206,242
"S01005758",624,377,247
"S01005759",591,334,257
"S01005760",468,332,136
"S01005761",500,366,134
"S01005762",607,317,290
"S01005763",620,463,157
"S01005764",463,260,203
"S01005765",644,368,276
"S01005766",502,341,161
"S01005767",566,451,115
"S01005768",643,390,253
"S01005769",587,345,242
"S01005770",411,249,162
"S01005771",633,452,181
"S01005772",562,384,178
"S01005773",666,521,145
"S01005774",543,340,203
"S01005775",647,366,281
"S01005776",559,380,179
"S01005777",460,300,160
"S01005778",552,325,227
"S01005779",543,388,155
"S01005780",500,401,99
"S01005781",641,416,225
"S01005782",596,323,273
"S01005783",404,270,134
"S01005784",355,298,57
"S01005785",606,475,131
"S01005786",494,334,160
"S01005787",563,450,113
"S01005788",375,202,173
"S01005789",681,508,173
"S01005790",481,356,125
"S01005791",382,279,103
"S01005792",607,420,187
"S01005793",449,341,108
"S01005794",762,542,220
"S01005795",563,401,162
"S01005796",368,251,117
"S01005797",578,492,86
"S01005798",476,327,149
"S01005799",578,406,172
"S01005800",525,337,188
"S01005801",523,373,150
"S01005802",495,360,135
"S01005803",496,330,166
"S01005804",499,311,188
"S01005805",430,330,100
"S01005806",515,276,239
"S01005807",665,458,207
"S01005808",573,419,154
"S01005809",447,319,128
"S01005810",384,261,123
"S01005811",455,307,148
"S01005812",466,385,81
"S01005813",649,453,196
"S01005814",516,307,209
"S01005815",739,474,265
"S01005816",587,353,234
"S01005817",402,337,65
"S01005818",526,440,86
"S01005819",512,322,190
"S01005820",528,368,160
"S01005821",372,244,128
"S01005822",668,489,179
"S01005823",488,338,150
"S01005824",541,431,110
"S01005825",555,329,226
"S01005826",759,610,149
"S01005827",608,477,131
"S01005828",574,360,214
"S01005829",616,413,203
"S01005830",753,466,287
"S01005831",747,490,257
"S01005832",591,349,242
"S01005833",538,374,164
"S01005834",456,299,157
"S01005835",553,452,101
"S01005836",536,420,116
"S01005837",381,307,74
"S01005838",552,331,221
"S01005839",639,452,187
"S01005840",601,371,230
"S01005841",509,317,192
"S01005842",466,277,189
"S01005843",428,304,124
"S01005844",582,417,165
"S01005845",424,310,114
"S01005846",649,425,224
"S01005847",574,326,248
"S01005848",501,318,183
"S01005849",613,356,257
"S01005850",535,287,248
"S01005851",564,321,243
"S01005852",460,331,129
"S01005853",733,459,274
"S01005854",636,351,285
"S01005855",706,377,329
"S01005856",550,351,199
"S01005857",508,304,204
"S01005858",621,408,213
"S01005859",596,460,136
"S01005860",589,353,236
"S01005861",438,369,69
"S01005862",623,451,172
"S01005863",694,431,263
"S01005864",671,396,275
"S01005865",577,300,277
"S01005866",545,379,166
"S01005867",748,543,205
"S01005868",574,409,165
"S01005869",552,282,270
"S01005870",566,314,252
"S01005871",547,363,184
"S01005872",604,389,215
"S01005873",768,484,284
"S01005874",601,310,291
"S01005875",585,433,152
"S01005876",699,459,240
"S01005877",624,377,247
"S01005878",536,459,77
"S01005879",540,346,194
"S01005880",585,286,299
"S01005881",574,328,246
"S01005882",457,283,174
"S01005883",378,232,146
"S01005884",632,380,252
"S01005885",512,364,148
"S01005886",614,463,151
"S01005887",376,221,155
"S01005888",469,281,188
"S01005889",580,314,266
"S01005890",604,500,104
"S01005891",484,266,218
"S01005892",548,295,253
"S01005893",587,381,206
"S01005894",477,308,169
"S01005895",529,370,159
"S01005896",526,364,162
"S01005897",588,367,221
"S01005898",539,373,166
"S01005899",531,318,213
"S01005900",522,328,194
"S01005901",569,435,134
"S01005902",688,449,239
"S01005903",706,426,280
"S01005904",581,385,196
"S01005905",544,422,122
"S01005906",693,435,258
"S01005907",581,345,236
"S01005908",633,417,216
"S01005909",394,268,126
"S01005910",553,421,132
"S01005911",748,481,267
"S01005912",605,388,217
"S01005913",635,313,322
"S01005914",588,381,207
"S01005915",549,306,243
"S01005916",514,422,92
"S01005917",619,354,265
"S01005918",665,423,242
"S01005919",411,308,103
"S01005920",692,414,278
"S01005921",482,342,140
"S01005922",748,544,204
"S01005923",597,431,166
"S01005924",453,345,108
"S01005925",573,447,126
"S01005926",555,365,190
"S01005927",625,405,220
"S01005928",591,363,228
"S01005929",452,278,174
"S01005930",469,305,164
"S01005931",605,426,179
"S01005932",510,273,237
"S01005933",558,457,101
"S01005934",554,318,236
"S01005935",456,307,149
"S01005936",702,332,370
"S01005937",441,361,80
"S01005938",516,269,247
"S01005939",527,281,246
"S01005940",508,335,173
"S01005941",347,297,50
"S01005942",648,372,276
"S01005943",704,463,241
"S01005944",695,425,270
"S01005945",646,433,213
"S01005946",699,425,274
"S01005947",578,273,305
"S01005948",522,311,211
"S01005949",470,313,157
"S01005950",417,262,155
"S01005951",633,295,338
"S01005952",703,414,289
"S01005953",681,443,238
"S01005954",382,207,175
"S01005955",435,317,118
"S01005956",676,410,266
"S01005957",731,355,376
"S01005958",455,273,182
"S01005959",350,170,180
"S01005960",385,203,182
"S01005961",586,351,235
"S01005962",397,218,179
"S01005963",419,251,168
"S01005964",574,337,237
"S01005965",548,283,265
"S01005966",669,332,337
"S01005967",675,328,347
"S01005968",530,370,160
"S01005969",608,384,224
"S01005970",635,388,247
"S01005971",392,249,143
"S01005972",578,355,223
"S01005973",580,371,209
"S01005974",577,339,238
"S01005975",578,336,242
"S01005976",595,397,198
"S01005977",546,367,179
"S01005978",524,334,190
"S01005979",720,450,270
"S01005980",541,406,135
"S01005981",407,277,130
"S01005982",457,268,189
"S01005983",773,587,186
"S01005984",500,358,142
"S01005985",578,347,231
"S01005986",581,401,180
"S01005987",428,209,219
"S01005988",409,217,192
"S01005989",609,474,135
"S01005990",695,351,344
"S01005991",530,305,225
"S01005992",447,222,225
"S01005993",618,492,126
"S01005994",693,399,294
"S01005995",489,214,275
"S01005996",573,481,92
"S01005997",492,288,204
"S01005998",488,255,233
"S01005999",676,515,161
"S01006000",591,306,285
"S01006001",678,373,305
"S01006002",355,192,163
"S01006003",503,268,235
"S01006004",475,396,79
"S01006005",460,279,181
"S01006006",626,412,214
"S01006007",405,222,183
"S01006008",564,257,307
"S01006009",466,364,102
"S01006010",711,514,197
"S01006011",586,321,265
"S01006012",636,345,291
"S01006013",376,260,116
"S01006014",508,269,239
"S01006015",576,362,214
"S01006016",734,557,177
"S01006017",522,292,230
"S01006018",616,489,127
"S01006019",609,411,198
"S01006020",612,395,217
"S01006021",657,424,233
"S01006022",386,209,177
"S01006023",560,421,139
"S01006024",617,283,334
"S01006025",640,350,290
"S01006026",613,306,307
"S01006027",463,328,135
"S01006028",498,365,133
"S01006029",537,371,166
"S01006030",700,450,250
"S01006031",627,358,269
"S01006032",637,398,239
"S01006033",535,352,183
"S01006034",531,291,240
"S01006035",745,465,280
"S01006036",600,511,89
"S01006037",697,486,211
"S01006038",515,302,213
"S01006039",643,407,236
"S01006040",575,275,300
"S01006041",639,318,321
"S01006042",632,358,274
"S01006043",443,295,148
"S01006044",586,383,203
"S01006045",520,383,137
"S01006046",579,427,152
"S01006047",581,283,298
"S01006048",623,439,184
"S01006049",574,319,255
"S01006050",629,420,209
"S01006051",711,543,168
"S01006052",580,444,136
"S01006053",682,440,242
"S01006054",538,388,150
"S01006055",464,365,99
"S01006056",740,485,255
"S01006057",380,226,154
"S01006058",611,258,353
"S01006059",588,269,319
"S01006060",481,250,231
"S01006061",410,201,209
"S01006062",547,277,270
"S01006063",417,175,242
"S01006064",496,299,197
"S01006065",612,323,289
"S01006066",647,424,223
"S01006067",715,461,254
"S01006068",350,216,134
"S01006069",583,400,183
"S01006070",482,320,162
"S01006071",668,489,179
"S01006072",427,303,124
"S01006073",362,220,142
"S01006074",495,334,161
"S01006075",723,416,307
"S01006076",670,419,251
"S01006077",598,358,240
"S01006078",752,533,219
"S01006079",580,370,210
"S01006080",597,420,177
"S01006081",531,356,175
"S01006082",660,386,274
"S01006083",591,372,219
"S01006084",579,439,140
"S01006085",573,435,138
"S01006086",539,370,169
"S01006087",543,360,183
"S01006088",576,461,115
"S01006089",530,359,171
"S01006090",595,364,231
"S01006091",433,306,127
"S01006092",477,304,173
"S01006093",430,295,135
"S01006094",656,381,275
"S01006095",649,489,160
"S01006096",457,285,172
"S01006097",686,357,329
"S01006098",519,320,199
"S01006099",441,361,80
"S01006100",439,260,179
"S01006101",503,325,178
"S01006102",570,318,252
"S01006103",579,484,95
"S01006104",583,348,235
"S01006105",494,315,179
"S01006106",457,323,134
"S01006107",502,299,203
"S01006108",680,450,230
"S01006109",599,359,240
"S01006110",552,307,245
"S01006111",617,386,231
"S01006112",581,481,100
"S01006113",692,403,289
"S01006114",502,282,220
"S01006115",580,344,236
"S01006116",707,493,214
"S01006117",600,399,201
"S01006118",385,289,96
"S01006119",685,468,217
"S01006120",727,513,214
"S01006121",406,294,112
"S01006122",588,432,156
"S01006123",524,349,175
"S01006124",501,297,204
"S01006125",421,320,101
"S01006126",621,424,197
"S01006127",558,419,139
"S01006128",743,445,298
"S01006129",533,359,174
"S01006130",420,205,215
"S01006131",664,473,191
"S01006132",618,292,326
"S01006133",408,271,137
"S01006134",364,245,119
"S01006135",380,186,194
"S01006136",587,261,326
"S01006137",530,259,271
"S01006138",517,357,160
"S01006139",306,170,136
"S01006140",629,380,249
"S01006141",621,341,280
"S01006142",532,395,137
"S01006143",391,261,130
"S01006144",760,516,244
"S01006145",680,352,328
"S01006146",618,418,200
"S01006147",587,398,189
"S01006148",574,396,178
"S01006149",754,506,248
"S01006150",647,449,198
"S01006151",679,249,430
"S01006152",542,349,193
"S01006153",454,341,113
"S01006154",561,434,127
"S01006155",636,439,197
"S01006156",430,289,141
"S01006157",541,363,178
"S01006158",615,398,217
"S01006159",576,379,197
"S01006160",560,365,195
"S01006161",558,390,168
"S01006162",475,329,146
"S01006163",775,566,209
"S01006164",456,297,159
"S01006165",501,315,186
"S01006166",666,465,201
"S01006167",633,454,179
"S01006168",549,369,180
"S01006169",500,367,133
"S01006170",682,458,224
"S01006171",644,442,202
"S01006172",364,246,118
"S01006173",484,328,156
"S01006174",444,334,110
"S01006175",595,368,227
"S01006176",412,309,103
"S01006177",478,240,238
"S01006178",628,416,212
"S01006179",567,373,194
"S01006180",587,399,188
"S01006181",513,297,216
"S01006182",471,350,121
"S01006183",529,289,240
"S01006184",594,335,259
"S01006185",742,442,300
"S01006186",637,374,263
"S01006187",591,355,236
"S01006188",523,342,181
"S01006189",519,296,223
"S01006190",619,384,235
"S01006191",389,234,155
"S01006192",514,302,212
"S01006193",423,198,225
"S01006194",664,346,318
"S01006195",536,193,343
"S01006196",668,424,244
"S01006197",647,361,286
"S01006198",387,210,177
"S01006199",510,277,233
"S01006200",651,409,242
"S01006201",728,413,315
"S01006202",508,292,216
"S01006203",461,253,208
"S01006204",712,409,303
"S01006205",533,314,219
"S01006206",594,403,191
"S01006207",652,318,334
"S01006208",536,286,250
"S01006209",558,443,115
"S01006210",567,380,187
"S01006211",400,224,176
"S01006212",604,498,106
"S01006213",654,380,274
"S01006214",582,376,206
"S01006215",625,393,232
"S01006216",535,390,145
"S01006217",710,450,260
"S01006218",440,307,133
"S01006219",692,467,225
"S01006220",624,482,142
"S01006221",658,360,298
"S01006222",730,472,258
"S01006223",606,452,154
"S01006224",484,350,134
"S01006225",573,294,279
"S01006226",571,454,117
"S01006227",516,333,183
"S01006228",618,484,134
"S01006229",658,425,233
"S01006230",577,344,233
"S01006231",597,342,255
"S01006232",581,430,151
"S01006233",501,338,163
"S01006234",439,307,132
"S01006235",574,367,207
"S01006236",501,376,125
"S01006237",649,394,255
"S01006238",671,439,232
"S01006239",374,306,68
"S01006240",589,304,285
"S01006241",631,446,185
"S01006242",547,281,266
"S01006243",456,329,127
"S01006244",453,261,192
"S01006245",468,263,205
"S01006246",530,327,203
"S01006247",688,459,229
"S01006248",669,484,185
"S01006249",597,467,130
"S01006250",513,346,167
"S01006251",467,317,150
"S01006252",475,305,170
"S01006253",501,296,205
"S01006254",547,420,127
"S01006255",684,476,208
"S01006256",506,280,226
"S01006257",589,323,266
"S01006258",536,310,226
"S01006259",497,309,188
"S01006260",499,279,220
"S01006261",616,364,252
"S01006262",511,323,188
"S01006263",630,398,232
"S01006264",668,564,104
"S01006265",641,480,161
"S01006266",500,324,176
"S01006267",476,342,134
"S01006268",551,381,170
"S01006269",470,309,161
"S01006270",701,484,217
"S01006271",523,309,214
"S01006272",566,329,237
"S01006273",488,313,175
"S01006274",467,294,173
"S01006275",573,421,152
"S01006276",637,411,226
"S01006277",575,420,155
"S01006278",529,289,240
"S01006279",722,395,327
"S01006280",505,287,218
"S01006281",568,358,210
"S01006282",555,339,216
"S01006283",563,294,269
"S01006284",606,380,226
"S01006285",577,407,170
"S01006286",686,494,192
"S01006287",490,310,180
"S01006288",545,285,260
"S01006289",691,468,223
"S01006290",661,346,315
"S01006291",376,184,192
"S01006292",712,450,262
"S01006293",738,531,207
"S01006294",480,358,122
"S01006295",440,314,126
"S01006296",734,569,165
"S01006297",575,354,221
"S01006298",663,442,221
"S01006299",579,377,202
"S01006300",533,305,228
"S01006301",478,258,220
"S01006302",704,456,248
"S01006303",534,357,177
"S01006304",522,293,229
"S01006305",520,376,144
"S01006306",524,363,161
"S01006307",586,355,231
"S01006308",493,283,210
"S01006309",734,604,130
"S01006310",602,454,148
"S01006311",593,411,182
"S01006312",482,326,156
"S01006313",721,502,219
"S01006314",489,351,138
"S01006315",619,375,244
"S01006316",734,544,190
"S01006317",644,457,187
"S01006318",561,347,214
"S01006319",703,419,284
"S01006320",672,398,274
"S01006321",485,416,69
"S01006322",440,356,84
"S01006323",644,541,103
"S01006324",426,346,80
"S01006325",519,263,256
"S01006326",647,354,293
"S01006327",442,268,174
"S01006328",429,271,158
"S01006329",741,566,175
"S01006330",537,334,203
"S01006331",535,389,146
"S01006332",504,312,192
"S01006333",645,407,238
"S01006334",628,400,228
"S01006335",632,418,214
"S01006336",526,445,81
"S01006337",520,424,96
"S01006338",666,553,113
"S01006339",610,413,197
"S01006340",555,419,136
"S01006341",565,470,95
"S01006342",540,318,222
"S01006343",549,349,200
"S01006344",567,403,164
"S01006345",452,312,140
"S01006346",461,334,127
"S01006347",453,404,49
"S01006348",488,344,144
"S01006349",376,214,162
"S01006350",540,320,220
"S01006351",664,449,215
"S01006352",543,352,191
"S01006353",438,301,137
"S01006354",721,502,219
"S01006355",536,352,184
"S01006356",519,444,75
"S01006357",581,445,136
"S01006358",484,325,159
"S01006359",670,436,234
"S01006360",502,410,92
"S01006361",592,438,154
"S01006362",588,499,89
"S01006363",547,462,85
"S01006364",475,357,118
"S01006365",725,620,105
"S01006366",550,460,90
"S01006367",559,446,113
"S01006368",571,482,89
"S01006369",604,392,212
"S01006370",683,566,117
"S01006371",426,359,67
"S01006372",563,357,206
"S01006373",618,490,128
"S01006374",520,353,167
"S01006375",499,364,135
"S01006376",544,439,105
"S01006377",463,336,127
"S01006378",366,325,41
"S01006379",418,301,117
"S01006380",450,300,150
"S01006381",381,263,118
"S01006382",529,354,175
"S01006383",429,293,136
"S01006384",526,420,106
"S01006385",675,451,224
"S01006386",695,442,253
"S01006387",607,414,193
"S01006388",765,515,250
"S01006389",531,327,204
"S01006390",491,341,150
"S01006391",638,547,91
"S01006392",620,397,223
"S01006393",522,281,241
"S01006394",566,394,172
"S01006395",624,426,198
"S01006396",436,278,158
"S01006397",532,359,173
"S01006398",673,431,242
"S01006399",542,387,155
"S01006400",663,529,134
"S01006401",600,413,187
"S01006402",488,285,203
"S01006403",559,338,221
"S01006404",614,411,203
"S01006405",645,430,215
"S01006406",317,190,127
"S01006407",531,461,70
"S01006408",714,484,230
"S01006409",422,348,74
"S01006410",532,292,240
"S01006411",567,389,178
"S01006412",524,345,179
"S01006413",428,276,152
"S01006414",413,313,100
"S01006415",591,446,145
"S01006416",426,262,164
"S01006417",518,382,136
"S01006418",498,300,198
"S01006419",424,242,182
"S01006420",625,418,207
"S01006421",395,274,121
"S01006422",487,286,201
"S01006423",436,373,63
"S01006424",444,260,184
"S01006425",485,301,184
"S01006426",407,301,106
"S01006427",569,363,206
"S01006428",622,459,163
"S01006429",424,290,134
"S01006430",513,412,101
"S01006431",405,327,78
"S01006432",536,377,159
"S01006433",509,362,147
"S01006434",623,478,145
"S01006435",353,276,77
"S01006436",535,370,165
"S01006437",699,530,169
"S01006438",451,250,201
"S01006439",577,360,217
"S01006440",609,395,214
"S01006441",502,354,148
"S01006442",572,371,201
"S01006443",380,266,114
"S01006444",453,352,101
"S01006445",552,426,126
"S01006446",682,530,152
"S01006447",448,250,198
"S01006448",686,548,138
"S01006449",401,333,68
"S01006450",438,280,158
"S01006451",511,364,147
"S01006452",426,273,153
"S01006453",566,390,176
"S01006454",436,356,80
"S01006455",446,289,157
"S01006456",666,431,235
"S01006457",451,320,131
"S01006458",671,517,154
"S01006459",502,392,110
"S01006460",383,285,98
"S01006461",554,424,130
"S01006462",575,451,124
"S01006463",488,337,151
"S01006464",586,425,161
"S01006465",661,432,229
"S01006466",597,413,184
"S01006467",702,464,238
"S01006468",756,591,165
"S01006469",500,368,132
"S01006470",567,369,198
"S01006471",574,383,191
"S01006472",414,273,141
"S01006473",575,408,167
"S01006474",611,450,161
"S01006475",640,390,250
"S01006476",538,379,159
"S01006477",582,372,210
"S01006478",605,425,180
"S01006479",548,327,221
"S01006480",644,534,110
"S01006481",433,285,148
"S01006482",593,438,155
"S01006483",651,419,232
"S01006484",582,409,173
"S01006485",487,360,127
"S01006486",565,463,102
"S01006487",534,330,204
"S01006488",472,357,115
"S01006489",532,371,161
"S01006490",561,395,166
"S01006491",646,466,180
"S01006492",440,310,130
"S01006493",434,303,131
"S01006494",439,302,137
"S01006495",606,480,126
"S01006496",648,419,229
"S01006497",394,276,118
"S01006498",706,502,204
"S01006499",642,460,182
"S01006500",541,371,170
"S01006501",627,526,101
"S01006502",480,402,78
"S01006503",515,416,99
"S01006504",549,423,126
"S01006505",501,391,110
