dz_2001,total,white,nonwhite
S01000001,765,757,8
S01000002,687,673,14
S01000003,838,823,15
S01000004,641,622,19
S01000005,663,628,35
S01000006,626,617,9
S01000007,735,727,8
S01000008,584,569,15
S01000009,710,702,8
S01000010,568,560,8
S01000011,918,881,37
S01000012,816,803,13
S01000013,898,872,26
S01000014,919,909,10
S01000015,655,647,8
S01000016,564,544,20
S01000017,937,933,4
S01000018,577,574,3
S01000019,531,519,12
S01000020,877,846,31
S01000021,862,831,31
S01000022,663,643,20
S01000023,805,790,15
S01000024,512,501,11
S01000025,874,829,45
S01000026,930,928,2
S01000027,815,797,18
S01000028,969,964,5
S01000029,742,698,44
S01000030,500,494,6
S01000031,866,850,16
S01000032,1089,1077,12
S01000033,796,789,7
S01000034,1012,983,29
S01000035,1009,988,21
S01000036,744,727,17
S01000037,800,788,12
S01000038,684,678,6
S01000039,942,926,16
S01000040,970,965,5
S01000041,838,827,11
S01000042,790,768,22
S01000043,837,824,13
S01000044,951,939,12
S01000045,581,562,19
S01000046,768,761,7
S01000047,759,726,33
S01000048,925,900,25
S01000049,764,753,11
S01000050,618,608,10
S01000051,788,776,12
S01000052,677,675,2
S01000053,1014,963,51
S01000054,777,766,11
S01000055,754,738,16
S01000056,1049,1015,34
S01000057,700,684,16
S01000058,710,700,10
S01000059,806,794,12
S01000060,577,577,0
S01000061,963,918,45
S01000062,991,966,25
S01000063,983,966,17
S01000064,648,643,5
S01000065,953,931,22
S01000066,800,792,8
S01000067,897,867,30
S01000068,862,836,26
S01000069,684,680,4
S01000070,646,638,8
S01000071,740,729,11
S01000072,832,808,24
S01000073,619,606,13
S01000074,763,757,6
S01000075,547,545,2
S01000076,770,751,19
S01000077,917,873,44
S01000078,817,807,10
S01000079,952,916,36
S01000080,927,900,27
S01000081,924,915,9
S01000082,954,951,3
S01000083,757,736,21
S01000084,674,662,12
S01000085,555,539,16
S01000086,745,713,32
S01000087,820,767,53
S01000088,639,615,24
S01000089,1003,982,21
S01000090,800,775,25
S01000091,929,882,47
S01000092,851,807,44
S01000093,404,376,28
S01000094,575,547,28
S01000095,703,668,35
S01000096,706,692,14
S01000097,967,933,34
S01000098,1022,930,92
S01000099,762,742,20
S01000100,760,730,30
S01000101,885,858,27
S01000102,747,701,46
S01000103,603,567,36
S01000104,863,831,32
S01000105,885,842,43
S01000106,706,687,19
S01000107,889,865,24
S01000108,606,583,23
S01000109,895,849,46
S01000110,820,796,24
S01000111,762,730,32
S01000112,970,869,101
S01000113,545,528,17
S01000114,876,864,12
S01000115,873,859,14
S01000116,901,875,26
S01000117,1056,1018,38
S01000118,704,690,14
S01000119,786,759,27
S01000120,574,558,16
S01000121,796,775,21
S01000122,764,753,11
S01000123,648,622,26
S01000124,985,917,68
S01000125,701,663,38
S01000126,867,825,42
S01000127,798,786,12
S01000128,1538,1404,134
S01000129,549,508,41
S01000130,865,831,34
S01000131,659,636,23
S01000132,784,740,44
S01000133,737,726,11
S01000134,762,757,5
S01000135,721,696,25
S01000136,706,697,9
S01000137,786,743,43
S01000138,822,786,36
S01000139,817,811,6
S01000140,943,935,8
S01000141,945,872,73
S01000142,772,767,5
S01000143,633,598,35
S01000144,547,516,31
S01000145,905,896,9
S01000146,963,918,45
S01000147,735,718,17
S01000148,694,694,0
S01000149,1011,960,51
S01000150,636,630,6
S01000151,907,903,4
S01000152,1083,1054,29
S01000153,529,502,27
S01000154,557,552,5
S01000155,784,783,1
S01000156,970,864,106
S01000157,692,684,8
S01000158,933,919,14
S01000159,1014,973,41
S01000160,813,808,5
S01000161,959,928,31
S01000162,886,864,22
S01000163,1022,1017,5
S01000164,471,459,12
S01000165,861,834,27
S01000166,1147,1074,73
S01000167,712,709,3
S01000168,956,954,2
S01000169,761,746,15
S01000170,1035,1012,23
S01000171,892,834,58
S01000172,501,489,12
S01000173,811,803,8
S01000174,873,822,51
S01000175,528,513,15
S01000176,744,699,45
S01000177,554,529,25
S01000178,760,758,2
S01000179,757,723,34
S01000180,693,690,3
S01000181,654,650,4
S01000182,873,869,4
S01000183,1000,874,126
S01000184,793,771,22
S01000185,787,755,32
S01000186,957,952,5
S01000187,713,704,9
S01000188,1079,1022,57
S01000189,624,615,9
S01000190,887,881,6
S01000191,1057,1029,28
S01000192,767,725,42
S01000193,802,801,1
S01000194,745,694,51
S01000195,697,684,13
S01000196,924,914,10
S01000197,610,607,3
S01000198,746,735,11
S01000199,716,673,43
S01000200,846,831,15
S01000201,654,637,17
S01000202,888,873,15
S01000203,453,390,63
S01000204,622,615,7
S01000205,960,901,59
S01000206,714,707,7
S01000207,883,822,61
S01000208,857,852,5
S01000209,987,972,15
S01000210,578,563,15
S01000211,713,691,22
S01000212,788,785,3
S01000213,672,661,11
S01000214,507,506,1
S01000215,736,708,28
S01000216,619,610,9
S01000217,698,686,12
S01000218,718,715,3
S01000219,698,659,39
S01000220,1399,1288,111
S01000221,897,862,35
S01000222,758,756,2
S01000223,525,519,6
S01000224,768,765,3
S01000225,595,590,5
S01000226,618,609,9
S01000227,646,635,11
S01000228,660,655,5
S01000229,795,790,5
S01000230,678,661,17
S01000231,710,694,16
S01000232,669,650,19
S01000233,567,564,3
S01000234,762,749,13
S01000235,888,868,20
S01000236,680,656,24
S01000237,916,899,17
S01000238,516,508,8
S01000239,733,708,25
S01000240,721,718,3
S01000241,746,718,28
S01000242,690,501,189
S01000243,739,722,17
S01000244,1045,1042,3
S01000245,953,938,15
S01000246,750,725,25
S01000247,767,759,8
S01000248,868,846,22
S01000249,738,732,6
S01000250,805,769,36
S01000251,501,477,24
S01000252,867,855,12
S01000253,745,693,52
S01000254,808,762,46
S01000255,632,628,4
S01000256,919,886,33
S01000257,826,826,0
S01000258,666,648,18
S01000259,614,602,12
S01000260,890,866,24
S01000261,1007,1007,0
S01000262,946,939,7
S01000263,794,757,37
S01000264,1033,1003,30
S01000265,778,772,6
S01000266,984,973,11
S01000267,691,683,8
S01000268,779,775,4
S01000269,561,554,7
S01000270,964,959,5
S01000271,906,901,5
S01000272,940,933,7
S01000273,524,520,4
S01000274,594,591,3
S01000275,982,981,1
S01000276,740,731,9
S01000277,674,666,8
S01000278,537,537,0
S01000279,613,611,2
S01000280,620,613,7
S01000281,679,679,0
S01000282,663,655,8
S01000283,881,879,2
S01000284,819,815,4
S01000285,672,667,5
S01000286,880,875,5
S01000287,724,715,9
S01000288,897,892,5
S01000289,849,842,7
S01000290,775,772,3
S01000291,831,824,7
S01000292,980,975,5
S01000293,765,754,11
S01000294,699,695,4
S01000295,607,606,1
S01000296,532,528,4
S01000297,736,730,6
S01000298,528,525,3
S01000299,953,934,19
S01000300,774,763,11
S01000301,579,578,1
S01000302,566,565,1
S01000303,485,481,4
S01000304,791,781,10
S01000305,1040,1032,8
S01000306,746,743,3
S01000307,991,981,10
S01000308,991,983,8
S01000309,646,642,4
S01000310,899,881,18
S01000311,947,934,13
S01000312,646,643,3
S01000313,709,707,2
S01000314,572,566,6
S01000315,661,657,4
S01000316,800,797,3
S01000317,551,546,5
S01000318,577,569,8
S01000319,723,717,6
S01000320,722,711,11
S01000321,581,572,9
S01000322,1083,1066,17
S01000323,888,883,5
S01000324,870,866,4
S01000325,618,614,4
S01000326,763,761,2
S01000327,898,884,14
S01000328,601,590,11
S01000329,546,531,15
S01000330,733,729,4
S01000331,621,615,6
S01000332,687,686,1
S01000333,841,811,30
S01000334,823,821,2
S01000335,652,649,3
S01000336,852,843,9
S01000337,690,689,1
S01000338,508,507,1
S01000339,1094,1088,6
S01000340,971,968,3
S01000341,748,747,1
S01000342,387,384,3
S01000343,644,643,1
S01000344,894,889,5
S01000345,646,637,9
S01000346,683,680,3
S01000347,478,474,4
S01000348,816,802,14
S01000349,592,589,3
S01000350,1002,997,5
S01000351,1023,1001,22
S01000352,798,778,20
S01000353,663,647,16
S01000354,648,634,14
S01000355,707,697,10
S01000356,611,607,4
S01000357,682,678,4
S01000358,1030,992,38
S01000359,856,841,15
S01000360,514,511,3
S01000361,614,601,13
S01000362,920,905,15
S01000363,960,956,4
S01000364,900,895,5
S01000365,677,677,0
S01000366,761,758,3
S01000367,753,748,5
S01000368,797,787,10
S01000369,975,962,13
S01000370,796,784,12
S01000371,931,924,7
S01000372,983,977,6
S01000373,588,578,10
S01000374,611,606,5
S01000375,646,646,0
S01000376,899,893,6
S01000377,721,708,13
S01000378,581,577,4
S01000379,574,565,9
S01000380,748,748,0
S01000381,884,879,5
S01000382,755,754,1
S01000383,655,649,6
S01000384,731,721,10
S01000385,574,571,3
S01000386,766,755,11
S01000387,853,851,2
S01000388,775,764,11
S01000389,667,655,12
S01000390,727,720,7
S01000391,636,629,7
S01000392,723,716,7
S01000393,857,853,4
S01000394,688,685,3
S01000395,588,585,3
S01000396,940,938,2
S01000397,1024,1021,3
S01000398,749,749,0
S01000399,577,574,3
S01000400,705,696,9
S01000401,824,823,1
S01000402,709,703,6
S01000403,797,797,0
S01000404,756,748,8
S01000405,474,474,0
S01000406,629,625,4
S01000407,658,653,5
S01000408,513,513,0
S01000409,666,657,9
S01000410,664,657,7
S01000411,631,627,4
S01000412,787,787,0
S01000413,786,780,6
S01000414,721,708,13
S01000415,615,615,0
S01000416,670,657,13
S01000417,1005,997,8
S01000418,723,720,3
S01000419,672,668,4
S01000420,998,995,3
S01000421,601,600,1
S01000422,725,721,4
S01000423,904,898,6
S01000424,727,722,5
S01000425,695,693,2
S01000426,797,783,14
S01000427,785,774,11
S01000428,777,765,12
S01000429,782,781,1
S01000430,570,569,1
S01000431,693,692,1
S01000432,973,947,26
S01000433,468,467,1
S01000434,680,677,3
S01000435,555,552,3
S01000436,695,689,6
S01000437,1024,1019,5
S01000438,698,692,6
S01000439,700,690,10
S01000440,868,867,1
S01000441,871,867,4
S01000442,808,807,1
S01000443,581,570,11
S01000444,573,565,8
S01000445,971,964,7
S01000446,946,937,9
S01000447,539,539,0
S01000448,622,620,2
S01000449,784,780,4
S01000450,645,645,0
S01000451,790,783,7
S01000452,561,556,5
S01000453,547,546,1
S01000454,493,493,0
S01000455,870,864,6
S01000456,718,718,0
S01000457,872,865,7
S01000458,853,849,4
S01000459,1037,1035,2
S01000460,769,764,5
S01000461,863,862,1
S01000462,1035,1026,9
S01000463,816,811,5
S01000464,741,740,1
S01000465,629,621,8
S01000466,799,797,2
S01000467,626,624,2
S01000468,520,517,3
S01000469,689,685,4
S01000470,1263,1257,6
S01000471,603,598,5
S01000472,836,824,12
S01000473,745,725,20
S01000474,648,646,2
S01000475,887,881,6
S01000476,581,578,3
S01000477,777,767,10
S01000478,869,858,11
S01000479,967,963,4
S01000480,665,663,2
S01000481,784,779,5
S01000482,837,820,17
S01000483,920,918,2
S01000484,806,794,12
S01000485,1080,1077,3
S01000486,798,794,4
S01000487,590,588,2
S01000488,703,702,1
S01000489,904,901,3
S01000490,541,536,5
S01000491,593,590,3
S01000492,954,943,11
S01000493,588,586,2
S01000494,566,566,0
S01000495,935,933,2
S01000496,587,586,1
S01000497,630,629,1
S01000498,548,548,0
S01000499,803,787,16
S01000500,675,674,1
S01000501,621,620,1
S01000502,540,537,3
S01000503,533,533,0
S01000504,708,703,5
S01000505,757,752,5
S01000506,654,653,1
S01000507,1087,1081,6
S01000508,877,877,0
S01000509,1058,1052,6
S01000510,658,656,2
S01000511,556,555,1
S01000512,892,883,9
S01000513,862,853,9
S01000514,516,516,0
S01000515,484,483,1
S01000516,654,651,3
S01000517,651,648,3
S01000518,879,874,5
S01000519,476,476,0
S01000520,1010,1008,2
S01000521,927,923,4
S01000522,612,612,0
S01000523,793,793,0
S01000524,647,646,1
S01000525,987,986,1
S01000526,966,961,5
S01000527,587,586,1
S01000528,843,839,4
S01000529,723,717,6
S01000530,477,473,4
S01000531,523,522,1
S01000532,809,806,3
S01000533,760,759,1
S01000534,813,806,7
S01000535,985,985,0
S01000536,519,517,2
S01000537,559,553,6
S01000538,789,781,8
S01000539,1028,1019,9
S01000540,784,782,2
S01000541,552,550,2
S01000542,672,672,0
S01000543,814,814,0
S01000544,733,730,3
S01000545,717,711,6
S01000546,609,609,0
S01000547,544,542,2
S01000548,1012,1006,6
S01000549,1136,1136,0
S01000550,557,556,1
S01000551,830,828,2
S01000552,554,553,1
S01000553,867,860,7
S01000554,791,789,2
S01000555,904,900,4
S01000556,880,880,0
S01000557,880,875,5
S01000558,564,564,0
S01000559,707,698,9
S01000560,1044,1042,2
S01000561,1034,1031,3
S01000562,909,902,7
S01000563,640,626,14
S01000564,860,856,4
S01000565,709,705,4
S01000566,759,754,5
S01000567,769,768,1
S01000568,542,542,0
S01000569,742,733,9
S01000570,939,905,34
S01000571,780,771,9
S01000572,800,791,9
S01000573,600,557,43
S01000574,814,796,18
S01000575,608,603,5
S01000576,654,640,14
S01000577,595,595,0
S01000578,706,700,6
S01000579,807,800,7
S01000580,681,672,9
S01000581,707,697,10
S01000582,728,725,3
S01000583,758,756,2
S01000584,781,773,8
S01000585,945,929,16
S01000586,775,770,5
S01000587,702,701,1
S01000588,627,626,1
S01000589,645,641,4
S01000590,773,767,6
S01000591,496,495,1
S01000592,924,916,8
S01000593,571,565,6
S01000594,655,655,0
S01000595,839,830,9
S01000596,945,937,8
S01000597,1065,1060,5
S01000598,519,517,2
S01000599,775,766,9
S01000600,742,736,6
S01000601,1072,1068,4
S01000602,679,673,6
S01000603,822,801,21
S01000604,1000,984,16
S01000605,871,860,11
S01000606,820,816,4
S01000607,784,781,3
S01000608,972,957,15
S01000609,1009,1002,7
S01000610,773,758,15
S01000611,624,619,5
S01000612,995,992,3
S01000613,1004,997,7
S01000614,722,716,6
S01000615,764,764,0
S01000616,1220,1209,11
S01000617,634,634,0
S01000618,827,826,1
S01000619,714,710,4
S01000620,819,815,4
S01000621,1009,1005,4
S01000622,547,545,2
S01000623,780,777,3
S01000624,604,598,6
S01000625,629,626,3
S01000626,822,820,2
S01000627,931,930,1
S01000628,559,557,2
S01000629,662,657,5
S01000630,732,729,3
S01000631,637,636,1
S01000632,589,587,2
S01000633,632,629,3
S01000634,822,821,1
S01000635,678,670,8
S01000636,501,500,1
S01000637,595,591,4
S01000638,503,501,2
S01000639,606,605,1
S01000640,635,635,0
S01000641,785,784,1
S01000642,807,805,2
S01000643,609,605,4
S01000644,680,679,1
S01000645,898,892,6
S01000646,826,819,7
S01000647,877,867,10
S01000648,910,905,5
S01000649,582,578,4
S01000650,737,736,1
S01000651,806,798,8
S01000652,812,808,4
S01000653,909,902,7
S01000654,943,941,2
S01000655,797,794,3
S01000656,678,670,8
S01000657,760,759,1
S01000658,578,562,16
S01000659,1066,1058,8
S01000660,974,955,19
S01000661,765,764,1
S01000662,530,528,2
S01000663,702,693,9
S01000664,774,773,1
S01000665,675,668,7
S01000666,493,491,2
S01000667,981,979,2
S01000668,909,900,9
S01000669,785,772,13
S01000670,566,566,0
S01000671,622,610,12
S01000672,628,627,1
S01000673,750,744,6
S01000674,984,983,1
S01000675,722,721,1
S01000676,501,495,6
S01000677,822,821,1
S01000678,942,937,5
S01000679,750,744,6
S01000680,778,774,4
S01000681,802,789,13
S01000682,644,639,5
S01000683,525,520,5
S01000684,687,686,1
S01000685,843,837,6
S01000686,703,693,10
S01000687,789,789,0
S01000688,792,791,1
S01000689,611,611,0
S01000690,787,777,10
S01000691,772,763,9
S01000692,753,748,5
S01000693,872,865,7
S01000694,724,719,5
S01000695,745,734,11
S01000696,731,725,6
S01000697,492,484,8
S01000698,642,638,4
S01000699,658,657,1
S01000700,879,869,10
S01000701,920,915,5
S01000702,522,517,5
S01000703,741,738,3
S01000704,880,875,5
S01000705,1146,1137,9
S01000706,823,809,14
S01000707,537,537,0
S01000708,562,560,2
S01000709,888,882,6
S01000710,1083,1077,6
S01000711,620,620,0
S01000712,595,590,5
S01000713,832,828,4
S01000714,832,830,2
S01000715,671,666,5
S01000716,541,536,5
S01000717,870,867,3
S01000718,952,949,3
S01000719,660,658,2
S01000720,858,851,7
S01000721,658,655,3
S01000722,819,817,2
S01000723,527,525,2
S01000724,862,855,7
S01000725,633,628,5
S01000726,687,686,1
S01000727,706,703,3
S01000728,768,764,4
S01000729,542,538,4
S01000730,407,397,10
S01000731,547,539,8
S01000732,536,535,1
S01000733,732,726,6
S01000734,851,847,4
S01000735,445,442,3
S01000736,720,718,2
S01000737,511,510,1
S01000738,579,577,2
S01000739,759,756,3
S01000740,673,672,1
S01000741,806,801,5
S01000742,541,538,3
S01000743,726,711,15
S01000744,733,727,6
S01000745,681,675,6
S01000746,738,735,3
S01000747,568,563,5
S01000748,514,513,1
S01000749,559,547,12
S01000750,694,692,2
S01000751,713,702,11
S01000752,992,981,11
S01000753,646,637,9
S01000754,650,648,2
S01000755,730,728,2
S01000756,1104,1101,3
S01000757,694,688,6
S01000758,992,980,12
S01000759,861,853,8
S01000760,565,557,8
S01000761,492,492,0
S01000762,670,664,6
S01000763,861,850,11
S01000764,707,683,24
S01000765,671,668,3
S01000766,758,744,14
S01000767,596,594,2
S01000768,826,821,5
S01000769,956,945,11
S01000770,595,589,6
S01000771,983,963,20
S01000772,652,649,3
S01000773,962,953,9
S01000774,598,598,0
S01000775,704,689,15
S01000776,620,615,5
S01000777,555,550,5
S01000778,464,455,9
S01000779,793,781,12
S01000780,931,929,2
S01000781,877,864,13
S01000782,712,683,29
S01000783,506,505,1
S01000784,871,850,21
S01000785,734,725,9
S01000786,784,774,10
S01000787,526,523,3
S01000788,705,695,10
S01000789,653,652,1
S01000790,514,511,3
S01000791,630,628,2
S01000792,690,686,4
S01000793,812,806,6
S01000794,842,836,6
S01000795,771,770,1
S01000796,485,483,2
S01000797,476,472,4
S01000798,535,534,1
S01000799,2813,2786,27
S01000800,1004,1002,2
S01000801,639,638,1
S01000802,754,750,4
S01000803,875,870,5
S01000804,985,980,5
S01000805,822,813,9
S01000806,838,835,3
S01000807,769,761,8
S01000808,725,719,6
S01000809,553,551,2
S01000810,630,626,4
S01000811,834,825,9
S01000812,662,655,7
S01000813,758,751,7
S01000814,919,917,2
S01000815,544,543,1
S01000816,584,572,12
S01000817,918,909,9
S01000818,696,692,4
S01000819,812,809,3
S01000820,573,571,2
S01000821,883,873,10
S01000822,554,552,2
S01000823,591,586,5
S01000824,554,554,0
S01000825,698,694,4
S01000826,730,728,2
S01000827,703,700,3
S01000828,879,855,24
S01000829,577,577,0
S01000830,715,712,3
S01000831,882,879,3
S01000832,926,923,3
S01000833,572,556,16
S01000834,911,898,13
S01000835,702,697,5
S01000836,847,840,7
S01000837,763,748,15
S01000838,723,713,10
S01000839,963,943,20
S01000840,773,770,3
S01000841,970,963,7
S01000842,834,819,15
S01000843,773,772,1
S01000844,689,685,4
S01000845,573,563,10
S01000846,739,736,3
S01000847,995,989,6
S01000848,699,696,3
S01000849,539,532,7
S01000850,657,649,8
S01000851,686,683,3
S01000852,717,715,2
S01000853,553,553,0
S01000854,933,931,2
S01000855,778,774,4
S01000856,626,619,7
S01000857,614,612,2
S01000858,717,717,0
S01000859,837,827,10
S01000860,873,873,0
S01000861,656,652,4
S01000862,559,558,1
S01000863,485,482,3
S01000864,668,667,1
S01000865,692,688,4
S01000866,944,940,4
S01000867,739,739,0
S01000868,718,713,5
S01000869,566,562,4
S01000870,872,846,26
S01000871,730,722,8
S01000872,650,647,3
S01000873,1341,1334,7
S01000874,545,542,3
S01000875,736,734,2
S01000876,744,742,2
S01000877,741,736,5
S01000878,588,588,0
S01000879,876,863,13
S01000880,778,778,0
S01000881,703,703,0
S01000882,939,939,0
S01000883,923,918,5
S01000884,569,568,1
S01000885,524,518,6
S01000886,734,724,10
S01000887,781,777,4
S01000888,724,714,10
S01000889,796,792,4
S01000890,796,781,15
S01000891,925,908,17
S01000892,586,572,14
S01000893,730,715,15
S01000894,523,518,5
S01000895,900,896,4
S01000896,485,480,5
S01000897,685,684,1
S01000898,576,576,0
S01000899,867,867,0
S01000900,657,657,0
S01000901,675,672,3
S01000902,979,976,3
S01000903,968,967,1
S01000904,689,685,4
S01000905,701,695,6
S01000906,565,563,2
S01000907,773,771,2
S01000908,773,772,1
S01000909,934,933,1
S01000910,870,867,3
S01000911,966,961,5
S01000912,754,752,2
S01000913,722,715,7
S01000914,855,849,6
S01000915,960,956,4
S01000916,991,988,3
S01000917,683,677,6
S01000918,643,635,8
S01000919,522,521,1
S01000920,505,502,3
S01000921,738,738,0
S01000922,818,811,7
S01000923,751,751,0
S01000924,841,840,1
S01000925,943,935,8
S01000926,650,646,4
S01000927,1010,1006,4
S01000928,979,977,2
S01000929,511,510,1
S01000930,601,598,3
S01000931,708,706,2
S01000932,931,928,3
S01000933,870,862,8
S01000934,931,927,4
S01000935,808,807,1
S01000936,926,924,2
S01000937,586,586,0
S01000938,846,844,2
S01000939,740,738,2
S01000940,838,835,3
S01000941,542,541,1
S01000942,937,936,1
S01000943,845,841,4
S01000944,790,785,5
S01000945,760,754,6
S01000946,756,755,1
S01000947,730,723,7
S01000948,721,719,2
S01000949,613,612,1
S01000950,810,809,1
S01000951,708,696,12
S01000952,807,806,1
S01000953,906,898,8
S01000954,888,881,7
S01000955,527,524,3
S01000956,858,852,6
S01000957,511,510,1
S01000958,827,825,2
S01000959,688,685,3
S01000960,554,552,2
S01000961,853,843,10
S01000962,572,564,8
S01000963,744,738,6
S01000964,877,875,2
S01000965,665,664,1
S01000966,1080,1079,1
S01000967,576,574,2
S01000968,956,956,0
S01000969,849,842,7
S01000970,793,789,4
S01000971,685,675,10
S01000972,977,970,7
S01000973,592,587,5
S01000974,848,841,7
S01000975,646,643,3
S01000976,494,493,1
S01000977,769,762,7
S01000978,755,753,2
S01000979,647,646,1
S01000980,752,749,3
S01000981,648,648,0
S01000982,595,595,0
S01000983,559,558,1
S01000984,635,634,1
S01000985,710,709,1
S01000986,525,523,2
S01000987,627,625,2
S01000988,488,487,1
S01000989,833,826,7
S01000990,636,602,34
S01000991,507,506,1
S01000992,908,894,14
S01000993,897,890,7
S01000994,1031,1029,2
S01000995,831,817,14
S01000996,1030,1011,19
S01000997,992,949,43
S01000998,621,611,10
S01000999,696,687,9
S01001000,531,527,4
S01001001,546,544,2
S01001002,673,671,2
S01001003,929,922,7
S01001004,653,645,8
S01001005,895,884,11
S01001006,771,759,12
S01001007,792,785,7
S01001008,737,725,12
S01001009,614,606,8
S01001010,780,768,12
S01001011,617,613,4
S01001012,845,835,10
S01001013,893,878,15
S01001014,794,758,36
S01001015,613,603,10
S01001016,956,954,2
S01001017,710,705,5
S01001018,783,777,6
S01001019,979,971,8
S01001020,523,516,7
S01001021,855,852,3
S01001022,828,818,10
S01001023,986,980,6
S01001024,881,874,7
S01001025,915,914,1
S01001026,823,823,0
S01001027,851,846,5
S01001028,783,776,7
S01001029,748,746,2
S01001030,741,732,9
S01001031,949,944,5
S01001032,733,731,2
S01001033,716,709,7
S01001034,823,819,4
S01001035,543,541,2
S01001036,538,537,1
S01001037,879,877,2
S01001038,669,661,8
S01001039,549,545,4
S01001040,613,610,3
S01001041,527,526,1
S01001042,865,849,16
S01001043,699,694,5
S01001044,991,989,2
S01001045,567,566,1
S01001046,499,498,1
S01001047,691,689,2
S01001048,624,616,8
S01001049,689,684,5
S01001050,942,940,2
S01001051,694,692,2
S01001052,567,561,6
S01001053,800,793,7
S01001054,666,664,2
S01001055,776,772,4
S01001056,747,741,6
S01001057,667,663,4
S01001058,771,769,2
S01001059,634,629,5
S01001060,766,766,0
S01001061,790,789,1
S01001062,547,544,3
S01001063,787,777,10
S01001064,773,765,8
S01001065,753,741,12
S01001066,732,724,8
S01001067,777,775,2
S01001068,857,854,3
S01001069,871,862,9
S01001070,876,865,11
S01001071,667,665,2
S01001072,761,758,3
S01001073,994,988,6
S01001074,511,506,5
S01001075,847,844,3
S01001076,783,778,5
S01001077,793,791,2
S01001078,814,811,3
S01001079,501,500,1
S01001080,540,540,0
S01001081,620,609,11
S01001082,883,878,5
S01001083,798,797,1
S01001084,894,891,3
S01001085,873,872,1
S01001086,743,743,0
S01001087,524,522,2
S01001088,984,981,3
S01001089,948,937,11
S01001090,963,902,61
S01001091,662,590,72
S01001092,964,900,64
S01001093,1045,911,134
S01001094,953,858,95
S01001095,1166,1001,165
S01001096,884,792,92
S01001097,643,605,38
S01001098,933,824,109
S01001099,860,793,67
S01001100,922,883,39
S01001101,1120,1038,82
S01001102,265,252,13
S01001103,854,673,181
S01001104,702,633,69
S01001105,923,892,31
S01001106,787,745,42
S01001107,987,943,44
S01001108,658,623,35
S01001109,854,790,64
S01001110,820,733,87
S01001111,1020,940,80
S01001112,825,818,7
S01001113,1073,979,94
S01001114,902,830,72
S01001115,811,784,27
S01001116,511,511,0
S01001117,547,527,20
S01001118,633,622,11
S01001119,955,949,6
S01001120,655,637,18
S01001121,783,728,55
S01001122,613,589,24
S01001123,939,904,35
S01001124,641,635,6
S01001125,402,380,22
S01001126,1078,1051,27
S01001127,805,753,52
S01001128,737,696,41
S01001129,961,947,14
S01001130,836,825,11
S01001131,533,439,94
S01001132,735,720,15
S01001133,916,889,27
S01001134,990,960,30
S01001135,403,389,14
S01001136,771,713,58
S01001137,903,867,36
S01001138,950,921,29
S01001139,753,744,9
S01001140,1024,1010,14
S01001141,452,407,45
S01001142,966,944,22
S01001143,771,732,39
S01001144,674,669,5
S01001145,598,588,10
S01001146,916,884,32
S01001147,664,599,65
S01001148,740,732,8
S01001149,673,650,23
S01001150,726,716,10
S01001151,559,543,16
S01001152,977,933,44
S01001153,742,722,20
S01001154,761,755,6
S01001155,653,653,0
S01001156,772,707,65
S01001157,862,839,23
S01001158,573,567,6
S01001159,795,775,20
S01001160,593,577,16
S01001161,582,562,20
S01001162,865,834,31
S01001163,675,648,27
S01001164,589,565,24
S01001165,781,660,121
S01001166,292,285,7
S01001167,955,853,102
S01001168,675,658,17
S01001169,1013,989,24
S01001170,829,825,4
S01001171,634,619,15
S01001172,663,646,17
S01001173,892,888,4
S01001174,623,564,59
S01001175,890,880,10
S01001176,749,736,13
S01001177,707,688,19
S01001178,862,853,9
S01001179,982,966,16
S01001180,713,692,21
S01001181,894,876,18
S01001182,908,891,17
S01001183,874,858,16
S01001184,939,832,107
S01001185,583,573,10
S01001186,818,740,78
S01001187,914,908,6
S01001188,784,742,42
S01001189,984,975,9
S01001190,731,721,10
S01001191,669,660,9
S01001192,997,908,89
S01001193,865,815,50
S01001194,934,899,35
S01001195,971,963,8
S01001196,981,966,15
S01001197,545,543,2
S01001198,695,688,7
S01001199,976,970,6
S01001200,897,887,10
S01001201,660,654,6
S01001202,605,601,4
S01001203,795,794,1
S01001204,830,823,7
S01001205,767,665,102
S01001206,747,729,18
S01001207,852,844,8
S01001208,648,639,9
S01001209,600,554,46
S01001210,866,861,5
S01001211,960,919,41
S01001212,595,584,11
S01001213,1030,999,31
S01001214,723,706,17
S01001215,805,746,59
S01001216,963,960,3
S01001217,922,894,28
S01001218,759,714,45
S01001219,556,543,13
S01001220,546,544,2
S01001221,652,635,17
S01001222,778,771,7
S01001223,782,778,4
S01001224,938,924,14
S01001225,974,955,19
S01001226,483,477,6
S01001227,752,741,11
S01001228,834,832,2
S01001229,762,748,14
S01001230,786,776,10
S01001231,736,727,9
S01001232,693,680,13
S01001233,991,984,7
S01001234,397,397,0
S01001235,851,838,13
S01001236,933,928,5
S01001237,575,571,4
S01001238,715,706,9
S01001239,557,553,4
S01001240,810,807,3
S01001241,793,789,4
S01001242,919,913,6
S01001243,252,249,3
S01001244,700,699,1
S01001245,813,803,10
S01001246,975,946,29
S01001247,663,661,2
S01001248,876,870,6
S01001249,700,699,1
S01001250,974,969,5
S01001251,721,715,6
S01001252,642,635,7
S01001253,674,666,8
S01001254,702,702,0
S01001255,947,943,4
S01001256,747,747,0
S01001257,805,791,14
S01001258,538,533,5
S01001259,809,806,3
S01001260,659,649,10
S01001261,933,922,11
S01001262,924,912,12
S01001263,511,510,1
S01001264,568,563,5
S01001265,594,579,15
S01001266,766,756,10
S01001267,988,981,7
S01001268,764,757,7
S01001269,544,542,2
S01001270,817,816,1
S01001271,748,747,1
S01001272,706,706,0
S01001273,701,701,0
S01001274,734,727,7
S01001275,702,701,1
S01001276,508,503,5
S01001277,685,685,0
S01001278,503,501,2
S01001279,729,728,1
S01001280,608,608,0
S01001281,835,833,2
S01001282,735,735,0
S01001283,491,487,4
S01001284,790,783,7
S01001285,644,644,0
S01001286,528,523,5
S01001287,901,901,0
S01001288,922,918,4
S01001289,629,628,1
S01001290,549,546,3
S01001291,421,421,0
S01001292,948,939,9
S01001293,787,786,1
S01001294,769,769,0
S01001295,905,900,5
S01001296,694,693,1
S01001297,790,789,1
S01001298,909,908,1
S01001299,943,943,0
S01001300,980,969,11
S01001301,632,627,5
S01001302,694,681,13
S01001303,611,583,28
S01001304,722,716,6
S01001305,693,688,5
S01001306,701,698,3
S01001307,891,888,3
S01001308,999,997,2
S01001309,706,696,10
S01001310,747,744,3
S01001311,606,606,0
S01001312,774,768,6
S01001313,673,672,1
S01001314,724,719,5
S01001315,961,956,5
S01001316,981,978,3
S01001317,932,928,4
S01001318,553,552,1
S01001319,649,649,0
S01001320,935,930,5
S01001321,545,544,1
S01001322,822,819,3
S01001323,623,621,2
S01001324,946,940,6
S01001325,731,730,1
S01001326,985,985,0
S01001327,775,773,2
S01001328,823,808,15
S01001329,603,598,5
S01001330,979,976,3
S01001331,869,865,4
S01001332,908,907,1
S01001333,860,851,9
S01001334,881,874,7
S01001335,985,977,8
S01001336,920,916,4
S01001337,772,763,9
S01001338,814,811,3
S01001339,677,673,4
S01001340,778,777,1
S01001341,920,911,9
S01001342,867,862,5
S01001343,990,990,0
S01001344,833,831,2
S01001345,623,617,6
S01001346,694,692,2
S01001347,813,794,19
S01001348,730,727,3
S01001349,1251,1249,2
S01001350,730,723,7
S01001351,504,497,7
S01001352,878,871,7
S01001353,679,657,22
S01001354,794,792,2
S01001355,766,765,1
S01001356,635,626,9
S01001357,663,660,3
S01001358,873,871,2
S01001359,747,746,1
S01001360,854,850,4
S01001361,558,558,0
S01001362,622,617,5
S01001363,595,592,3
S01001364,880,879,1
S01001365,644,644,0
S01001366,969,951,18
S01001367,725,722,3
S01001368,1020,1016,4
S01001369,960,957,3
S01001370,735,729,6
S01001371,604,603,1
S01001372,773,762,11
S01001373,635,634,1
S01001374,601,598,3
S01001375,674,669,5
S01001376,741,736,5
S01001377,805,802,3
S01001378,600,600,0
S01001379,998,996,2
S01001380,825,818,7
S01001381,858,857,1
S01001382,618,609,9
S01001383,683,657,26
S01001384,950,947,3
S01001385,785,781,4
S01001386,872,859,13
S01001387,860,860,0
S01001388,917,908,9
S01001389,510,506,4
S01001390,854,852,2
S01001391,828,812,16
S01001392,520,510,10
S01001393,550,545,5
S01001394,545,540,5
S01001395,964,957,7
S01001396,777,757,20
S01001397,827,817,10
S01001398,916,899,17
S01001399,902,898,4
S01001400,927,926,1
S01001401,699,698,1
S01001402,928,928,0
S01001403,990,969,21
S01001404,610,588,22
S01001405,865,841,24
S01001406,607,596,11
S01001407,845,839,6
S01001408,848,845,3
S01001409,908,905,3
S01001410,1058,1052,6
S01001411,578,575,3
S01001412,946,944,2
S01001413,763,744,19
S01001414,668,667,1
S01001415,796,790,6
S01001416,685,676,9
S01001417,1034,1033,1
S01001418,944,939,5
S01001419,746,742,4
S01001420,604,604,0
S01001421,839,828,11
S01001422,549,545,4
S01001423,812,789,23
S01001424,1085,1045,40
S01001425,980,948,32
S01001426,787,752,35
S01001427,930,865,65
S01001428,1014,1012,2
S01001429,616,608,8
S01001430,985,864,121
S01001431,1027,986,41
S01001432,731,671,60
S01001433,917,863,54
S01001434,974,950,24
S01001435,1007,982,25
S01001436,990,939,51
S01001437,894,852,42
S01001438,620,567,53
S01001439,784,775,9
S01001440,980,962,18
S01001441,829,824,5
S01001442,744,728,16
S01001443,954,908,46
S01001444,1015,860,155
S01001445,749,728,21
S01001446,912,874,38
S01001447,875,776,99
S01001448,714,693,21
S01001449,602,550,52
S01001450,805,790,15
S01001451,702,678,24
S01001452,797,722,75
S01001453,886,864,22
S01001454,963,915,48
S01001455,798,759,39
S01001456,659,634,25
S01001457,930,908,22
S01001458,974,935,39
S01001459,918,885,33
S01001460,706,677,29
S01001461,915,877,38
S01001462,914,880,34
S01001463,510,503,7
S01001464,924,907,17
S01001465,660,629,31
S01001466,775,678,97
S01001467,898,870,28
S01001468,653,602,51
S01001469,835,784,51
S01001470,1009,985,24
S01001471,747,711,36
S01001472,876,860,16
S01001473,807,776,31
S01001474,1194,1187,7
S01001475,579,564,15
S01001476,1063,1022,41
S01001477,1060,1019,41
S01001478,695,690,5
S01001479,643,636,7
S01001480,532,522,10
S01001481,998,937,61
S01001482,772,744,28
S01001483,906,889,17
S01001484,855,819,36
S01001485,731,727,4
S01001486,848,794,54
S01001487,678,672,6
S01001488,941,902,39
S01001489,949,916,33
S01001490,881,876,5
S01001491,907,886,21
S01001492,1003,996,7
S01001493,841,835,6
S01001494,892,863,29
S01001495,612,571,41
S01001496,910,872,38
S01001497,762,758,4
S01001498,770,716,54
S01001499,1038,1033,5
S01001500,733,733,0
S01001501,834,813,21
S01001502,912,900,12
S01001503,911,909,2
S01001504,932,913,19
S01001505,1018,1008,10
S01001506,591,579,12
S01001507,962,844,118
S01001508,1005,927,78
S01001509,941,930,11
S01001510,594,594,0
S01001511,624,610,14
S01001512,761,758,3
S01001513,868,866,2
S01001514,836,831,5
S01001515,729,719,10
S01001516,691,688,3
S01001517,887,869,18
S01001518,1014,993,21
S01001519,955,949,6
S01001520,712,709,3
S01001521,1027,975,52
S01001522,995,972,23
S01001523,801,763,38
S01001524,963,959,4
S01001525,844,844,0
S01001526,645,633,12
S01001527,865,854,11
S01001528,1014,992,22
S01001529,661,645,16
S01001530,883,874,9
S01001531,1004,987,17
S01001532,587,573,14
S01001533,848,848,0
S01001534,705,704,1
S01001535,851,848,3
S01001536,842,839,3
S01001537,619,613,6
S01001538,892,863,29
S01001539,869,860,9
S01001540,838,803,35
S01001541,878,877,1
S01001542,740,740,0
S01001543,762,756,6
S01001544,949,945,4
S01001545,799,789,10
S01001546,935,933,2
S01001547,938,931,7
S01001548,700,682,18
S01001549,1048,1038,10
S01001550,657,650,7
S01001551,832,830,2
S01001552,862,860,2
S01001553,809,807,2
S01001554,993,989,4
S01001555,781,778,3
S01001556,925,924,1
S01001557,1056,1043,13
S01001558,829,827,2
S01001559,514,514,0
S01001560,669,656,13
S01001561,731,726,5
S01001562,664,664,0
S01001563,638,627,11
S01001564,582,581,1
S01001565,774,769,5
S01001566,672,669,3
S01001567,962,956,6
S01001568,675,673,2
S01001569,536,531,5
S01001570,539,525,14
S01001571,752,750,2
S01001572,581,581,0
S01001573,658,653,5
S01001574,924,914,10
S01001575,780,777,3
S01001576,593,593,0
S01001577,776,768,8
S01001578,689,685,4
S01001579,848,847,1
S01001580,601,596,5
S01001581,729,728,1
S01001582,610,606,4
S01001583,484,484,0
S01001584,769,768,1
S01001585,875,864,11
S01001586,518,500,18
S01001587,823,818,5
S01001588,782,775,7
S01001589,784,782,2
S01001590,766,764,2
S01001591,629,626,3
S01001592,768,757,11
S01001593,880,853,27
S01001594,793,779,14
S01001595,733,726,7
S01001596,805,798,7
S01001597,702,692,10
S01001598,637,631,6
S01001599,887,879,8
S01001600,1043,1035,8
S01001601,783,781,2
S01001602,449,443,6
S01001603,880,875,5
S01001604,682,678,4
S01001605,607,607,0
S01001606,547,538,9
S01001607,972,964,8
S01001608,900,898,2
S01001609,942,928,14
S01001610,568,562,6
S01001611,777,775,2
S01001612,848,843,5
S01001613,861,853,8
S01001614,634,628,6
S01001615,774,767,7
S01001616,587,581,6
S01001617,714,710,4
S01001618,922,913,9
S01001619,723,711,12
S01001620,813,811,2
S01001621,763,761,2
S01001622,907,900,7
S01001623,725,717,8
S01001624,1051,1050,1
S01001625,756,754,2
S01001626,806,796,10
S01001627,715,713,2
S01001628,585,580,5
S01001629,615,613,2
S01001630,548,535,13
S01001631,941,936,5
S01001632,619,619,0
S01001633,941,936,5
S01001634,834,824,10
S01001635,742,735,7
S01001636,575,567,8
S01001637,741,735,6
S01001638,883,880,3
S01001639,675,674,1
S01001640,689,683,6
S01001641,612,602,10
S01001642,950,945,5
S01001643,762,761,1
S01001644,765,765,0
S01001645,919,916,3
S01001646,581,574,7
S01001647,660,654,6
S01001648,776,773,3
S01001649,759,748,11
S01001650,898,897,1
S01001651,908,894,14
S01001652,816,809,7
S01001653,669,660,9
S01001654,601,601,0
S01001655,609,602,7
S01001656,968,959,9
S01001657,512,511,1
S01001658,925,921,4
S01001659,645,643,2
S01001660,652,649,3
S01001661,648,641,7
S01001662,769,767,2
S01001663,782,782,0
S01001664,543,542,1
S01001665,761,755,6
S01001666,612,610,2
S01001667,771,766,5
S01001668,692,687,5
S01001669,639,637,2
S01001670,689,683,6
S01001671,568,566,2
S01001672,589,585,4
S01001673,666,657,9
S01001674,711,706,5
S01001675,677,672,5
S01001676,966,931,35
S01001677,835,825,10
S01001678,942,930,12
S01001679,696,651,45
S01001680,601,589,12
S01001681,649,629,20
S01001682,522,519,3
S01001683,736,703,33
S01001684,575,568,7
S01001685,680,644,36
S01001686,937,913,24
S01001687,992,957,35
S01001688,838,807,31
S01001689,727,709,18
S01001690,545,533,12
S01001691,819,770,49
S01001692,608,549,59
S01001693,808,731,77
S01001694,644,636,8
S01001695,744,720,24
S01001696,762,737,25
S01001697,807,765,42
S01001698,523,508,15
S01001699,666,617,49
S01001700,980,942,38
S01001701,889,881,8
S01001702,954,902,52
S01001703,757,657,100
S01001704,937,852,85
S01001705,590,549,41
S01001706,784,777,7
S01001707,693,693,0
S01001708,943,848,95
S01001709,605,542,63
S01001710,663,656,7
S01001711,765,744,21
S01001712,517,516,1
S01001713,957,796,161
S01001714,707,699,8
S01001715,960,810,150
S01001716,785,785,0
S01001717,776,757,19
S01001718,505,504,1
S01001719,795,761,34
S01001720,690,644,46
S01001721,584,565,19
S01001722,754,733,21
S01001723,709,636,73
S01001724,732,729,3
S01001725,715,714,1
S01001726,662,654,8
S01001727,880,858,22
S01001728,672,648,24
S01001729,970,960,10
S01001730,630,612,18
S01001731,635,634,1
S01001732,596,591,5
S01001733,733,733,0
S01001734,527,514,13
S01001735,506,496,10
S01001736,999,960,39
S01001737,614,614,0
S01001738,619,588,31
S01001739,628,619,9
S01001740,788,783,5
S01001741,650,645,5
S01001742,707,687,20
S01001743,911,905,6
S01001744,616,601,15
S01001745,830,822,8
S01001746,1019,987,32
S01001747,874,870,4
S01001748,640,615,25
S01001749,761,757,4
S01001750,731,729,2
S01001751,914,906,8
S01001752,994,956,38
S01001753,851,844,7
S01001754,820,793,27
S01001755,918,820,98
S01001756,653,631,22
S01001757,762,746,16
S01001758,766,746,20
S01001759,609,606,3
S01001760,698,696,2
S01001761,691,686,5
S01001762,987,908,79
S01001763,840,820,20
S01001764,530,454,76
S01001765,993,990,3
S01001766,696,644,52
S01001767,628,602,26
S01001768,617,591,26
S01001769,718,617,101
S01001770,542,531,11
S01001771,804,689,115
S01001772,539,485,54
S01001773,956,917,39
S01001774,631,600,31
S01001775,751,732,19
S01001776,613,608,5
S01001777,924,898,26
S01001778,904,898,6
S01001779,538,498,40
S01001780,807,778,29
S01001781,669,585,84
S01001782,936,869,67
S01001783,638,630,8
S01001784,587,432,155
S01001785,679,679,0
S01001786,629,625,4
S01001787,642,634,8
S01001788,874,871,3
S01001789,531,523,8
S01001790,762,744,18
S01001791,748,745,3
S01001792,736,723,13
S01001793,851,842,9
S01001794,924,913,11
S01001795,875,864,11
S01001796,813,799,14
S01001797,701,683,18
S01001798,909,889,20
S01001799,1022,997,25
S01001800,999,964,35
S01001801,954,938,16
S01001802,819,768,51
S01001803,1003,910,93
S01001804,1076,1031,45
S01001805,784,781,3
S01001806,657,649,8
S01001807,844,831,13
S01001808,633,615,18
S01001809,758,739,19
S01001810,947,909,38
S01001811,716,698,18
S01001812,566,555,11
S01001813,715,694,21
S01001814,753,708,45
S01001815,879,872,7
S01001816,1076,1060,16
S01001817,694,671,23
S01001818,767,746,21
S01001819,1032,1013,19
S01001820,800,766,34
S01001821,524,481,43
S01001822,1014,970,44
S01001823,798,769,29
S01001824,780,775,5
S01001825,815,762,53
S01001826,571,556,15
S01001827,922,886,36
S01001828,791,743,48
S01001829,705,687,18
S01001830,936,891,45
S01001831,765,757,8
S01001832,677,674,3
S01001833,969,949,20
S01001834,576,568,8
S01001835,645,607,38
S01001836,740,724,16
S01001837,938,895,43
S01001838,583,567,16
S01001839,956,928,28
S01001840,736,730,6
S01001841,740,699,41
S01001842,814,737,77
S01001843,755,733,22
S01001844,2647,2332,315
S01001845,848,804,44
S01001846,943,897,46
S01001847,823,819,4
S01001848,788,772,16
S01001849,631,618,13
S01001850,784,772,12
S01001851,786,668,118
S01001852,808,775,33
S01001853,776,761,15
S01001854,1295,1194,101
S01001855,758,675,83
S01001856,588,576,12
S01001857,806,786,20
S01001858,890,875,15
S01001859,966,961,5
S01001860,1074,1002,72
S01001861,895,863,32
S01001862,909,876,33
S01001863,916,901,15
S01001864,894,837,57
S01001865,707,662,45
S01001866,704,687,17
S01001867,548,531,17
S01001868,673,641,32
S01001869,845,813,32
S01001870,733,725,8
S01001871,864,842,22
S01001872,809,787,22
S01001873,809,782,27
S01001874,720,673,47
S01001875,880,869,11
S01001876,1055,1012,43
S01001877,986,943,43
S01001878,953,930,23
S01001879,676,642,34
S01001880,745,692,53
S01001881,674,646,28
S01001882,771,693,78
S01001883,569,537,32
S01001884,998,966,32
S01001885,1098,1077,21
S01001886,548,542,6
S01001887,795,792,3
S01001888,907,854,53
S01001889,577,494,83
S01001890,927,893,34
S01001891,665,654,11
S01001892,769,738,31
S01001893,973,950,23
S01001894,739,721,18
S01001895,756,739,17
S01001896,844,832,12
S01001897,884,851,33
S01001898,590,571,19
S01001899,796,778,18
S01001900,783,768,15
S01001901,982,959,23
S01001902,902,880,22
S01001903,588,563,25
S01001904,637,629,8
S01001905,920,893,27
S01001906,429,419,10
S01001907,794,769,25
S01001908,884,767,117
S01001909,669,645,24
S01001910,766,740,26
S01001911,760,745,15
S01001912,793,789,4
S01001913,983,965,18
S01001914,603,583,20
S01001915,849,839,10
S01001916,815,781,34
S01001917,724,702,22
S01001918,866,833,33
S01001919,908,895,13
S01001920,720,671,49
S01001921,602,591,11
S01001922,782,764,18
S01001923,341,318,23
S01001924,729,702,27
S01001925,807,747,60
S01001926,644,622,22
S01001927,913,897,16
S01001928,1097,1046,51
S01001929,754,732,22
S01001930,772,749,23
S01001931,754,740,14
S01001932,1338,1311,27
S01001933,866,825,41
S01001934,793,758,35
S01001935,720,710,10
S01001936,945,872,73
S01001937,900,852,48
S01001938,595,567,28
S01001939,475,453,22
S01001940,740,684,56
S01001941,947,881,66
S01001942,562,532,30
S01001943,621,586,35
S01001944,680,670,10
S01001945,729,697,32
S01001946,838,817,21
S01001947,843,814,29
S01001948,766,763,3
S01001949,724,704,20
S01001950,907,872,35
S01001951,833,782,51
S01001952,764,720,44
S01001953,795,761,34
S01001954,447,433,14
S01001955,800,786,14
S01001956,789,765,24
S01001957,292,288,4
S01001958,876,851,25
S01001959,624,607,17
S01001960,879,812,67
S01001961,955,922,33
S01001962,833,747,86
S01001963,766,738,28
S01001964,778,770,8
S01001965,830,811,19
S01001966,773,736,37
S01001967,675,657,18
S01001968,836,807,29
S01001969,648,620,28
S01001970,614,599,15
S01001971,774,761,13
S01001972,765,746,19
S01001973,704,697,7
S01001974,797,738,59
S01001975,845,817,28
S01001976,753,709,44
S01001977,783,739,44
S01001978,741,707,34
S01001979,630,612,18
S01001980,685,661,24
S01001981,724,690,34
S01001982,302,295,7
S01001983,765,728,37
S01001984,531,516,15
S01001985,777,773,4
S01001986,622,597,25
S01001987,825,780,45
S01001988,794,787,7
S01001989,879,841,38
S01001990,999,903,96
S01001991,792,767,25
S01001992,916,831,85
S01001993,761,693,68
S01001994,845,810,35
S01001995,687,669,18
S01001996,867,812,55
S01001997,744,705,39
S01001998,716,683,33
S01001999,748,701,47
S01002000,762,706,56
S01002001,766,726,40
S01002002,738,668,70
S01002003,827,813,14
S01002004,799,767,32
S01002005,796,781,15
S01002006,938,879,59
S01002007,934,880,54
S01002008,863,797,66
S01002009,799,746,53
S01002010,514,472,42
S01002011,1088,1002,86
S01002012,778,690,88
S01002013,796,754,42
S01002014,814,762,52
S01002015,878,874,4
S01002016,550,515,35
S01002017,1069,1053,16
S01002018,832,811,21
S01002019,788,688,100
S01002020,431,401,30
S01002021,965,948,17
S01002022,765,758,7
S01002023,760,703,57
S01002024,745,703,42
S01002025,828,774,54
S01002026,680,678,2
S01002027,1047,962,85
S01002028,2692,2497,195
S01002029,756,680,76
S01002030,771,730,41
S01002031,659,624,35
S01002032,711,641,70
S01002033,753,714,39
S01002034,717,674,43
S01002035,772,760,12
S01002036,825,775,50
S01002037,680,630,50
S01002038,580,511,69
S01002039,638,608,30
S01002040,532,502,30
S01002041,929,853,76
S01002042,934,930,4
S01002043,784,769,15
S01002044,703,689,14
S01002045,871,854,17
S01002046,573,532,41
S01002047,761,709,52
S01002048,866,777,89
S01002049,1096,1027,69
S01002050,710,673,37
S01002051,818,813,5
S01002052,752,710,42
S01002053,760,704,56
S01002054,595,526,69
S01002055,902,871,31
S01002056,942,926,16
S01002057,858,846,12
S01002058,668,630,38
S01002059,711,656,55
S01002060,742,685,57
S01002061,663,628,35
S01002062,625,618,7
S01002063,984,911,73
S01002064,803,765,38
S01002065,764,720,44
S01002066,703,618,85
S01002067,809,778,31
S01002068,896,830,66
S01002069,600,592,8
S01002070,662,579,83
S01002071,605,562,43
S01002072,1099,1091,8
S01002073,634,566,68
S01002074,660,647,13
S01002075,876,851,25
S01002076,838,786,52
S01002077,839,828,11
S01002078,862,847,15
S01002079,751,713,38
S01002080,979,935,44
S01002081,697,656,41
S01002082,835,793,42
S01002083,544,542,2
S01002084,554,486,68
S01002085,654,616,38
S01002086,547,485,62
S01002087,935,876,59
S01002088,908,898,10
S01002089,991,982,9
S01002090,1076,1069,7
S01002091,796,745,51
S01002092,1004,988,16
S01002093,767,712,55
S01002094,742,732,10
S01002095,572,549,23
S01002096,832,787,45
S01002097,801,778,23
S01002098,707,686,21
S01002099,851,779,72
S01002100,596,588,8
S01002101,900,811,89
S01002102,655,637,18
S01002103,744,725,19
S01002104,1031,903,128
S01002105,1021,1009,12
S01002106,965,864,101
S01002107,546,536,10
S01002108,959,864,95
S01002109,866,798,68
S01002110,687,679,8
S01002111,1023,1005,18
S01002112,1044,1027,17
S01002113,762,745,17
S01002114,715,704,11
S01002115,1055,1022,33
S01002116,804,790,14
S01002117,631,610,21
S01002118,895,843,52
S01002119,602,593,9
S01002120,762,734,28
S01002121,705,699,6
S01002122,986,974,12
S01002123,1268,1209,59
S01002124,763,735,28
S01002125,1093,1076,17
S01002126,669,647,22
S01002127,728,712,16
S01002128,738,695,43
S01002129,835,792,43
S01002130,656,615,41
S01002131,652,605,47
S01002132,790,767,23
S01002133,1096,1064,32
S01002134,618,598,20
S01002135,863,848,15
S01002136,705,664,41
S01002137,885,858,27
S01002138,628,595,33
S01002139,703,672,31
S01002140,906,892,14
S01002141,688,662,26
S01002142,1050,1030,20
S01002143,763,740,23
S01002144,721,691,30
S01002145,976,936,40
S01002146,913,886,27
S01002147,965,948,17
S01002148,864,830,34
S01002149,1022,999,23
S01002150,689,661,28
S01002151,1106,1055,51
S01002152,821,763,58
S01002153,540,530,10
S01002154,895,883,12
S01002155,1012,956,56
S01002156,759,721,38
S01002157,816,800,16
S01002158,771,746,25
S01002159,754,718,36
S01002160,791,761,30
S01002161,710,674,36
S01002162,1018,967,51
S01002163,1003,960,43
S01002164,854,849,5
S01002165,957,924,33
S01002166,804,777,27
S01002167,660,660,0
S01002168,1005,980,25
S01002169,783,741,42
S01002170,871,849,22
S01002171,624,618,6
S01002172,736,727,9
S01002173,953,940,13
S01002174,913,875,38
S01002175,973,925,48
S01002176,800,792,8
S01002177,790,754,36
S01002178,916,888,28
S01002179,692,679,13
S01002180,504,486,18
S01002181,762,753,9
S01002182,731,692,39
S01002183,842,812,30
S01002184,792,756,36
S01002185,802,782,20
S01002186,737,708,29
S01002187,903,869,34
S01002188,783,748,35
S01002189,732,686,46
S01002190,780,728,52
S01002191,801,787,14
S01002192,866,834,32
S01002193,916,876,40
S01002194,744,727,17
S01002195,909,887,22
S01002196,667,625,42
S01002197,566,558,8
S01002198,852,807,45
S01002199,745,708,37
S01002200,795,779,16
S01002201,888,847,41
S01002202,688,608,80
S01002203,475,413,62
S01002204,711,701,10
S01002205,767,744,23
S01002206,546,512,34
S01002207,844,804,40
S01002208,557,539,18
S01002209,916,876,40
S01002210,610,596,14
S01002211,570,557,13
S01002212,1012,991,21
S01002213,829,818,11
S01002214,768,743,25
S01002215,995,976,19
S01002216,774,757,17
S01002217,914,864,50
S01002218,556,522,34
S01002219,672,614,58
S01002220,792,755,37
S01002221,767,736,31
S01002222,836,808,28
S01002223,719,671,48
S01002224,746,695,51
S01002225,721,647,74
S01002226,1037,993,44
S01002227,835,817,18
S01002228,978,921,57
S01002229,785,730,55
S01002230,972,943,29
S01002231,1136,1021,115
S01002232,715,704,11
S01002233,931,870,61
S01002234,783,770,13
S01002235,968,921,47
S01002236,907,894,13
S01002237,1103,1074,29
S01002238,567,551,16
S01002239,939,884,55
S01002240,748,690,58
S01002241,890,871,19
S01002242,788,748,40
S01002243,767,683,84
S01002244,724,692,32
S01002245,949,873,76
S01002246,834,800,34
S01002247,866,846,20
S01002248,1169,1104,65
S01002249,784,760,24
S01002250,973,949,24
S01002251,744,733,11
S01002252,607,565,42
S01002253,1005,996,9
S01002254,788,753,35
S01002255,1039,1007,32
S01002256,768,715,53
S01002257,713,676,37
S01002258,777,701,76
S01002259,537,537,0
S01002260,853,828,25
S01002261,1022,1006,16
S01002262,789,745,44
S01002263,794,749,45
S01002264,867,844,23
S01002265,1038,1007,31
S01002266,592,565,27
S01002267,972,875,97
S01002268,715,701,14
S01002269,910,896,14
S01002270,914,833,81
S01002271,853,830,23
S01002272,560,530,30
S01002273,792,761,31
S01002274,719,675,44
S01002275,897,826,71
S01002276,813,788,25
S01002277,781,757,24
S01002278,1064,1037,27
S01002279,961,916,45
S01002280,797,759,38
S01002281,709,699,10
S01002282,341,339,2
S01002283,744,728,16
S01002284,1023,1004,19
S01002285,782,752,30
S01002286,783,762,21
S01002287,772,763,9
S01002288,749,717,32
S01002289,799,753,46
S01002290,795,770,25
S01002291,838,811,27
S01002292,810,737,73
S01002293,874,866,8
S01002294,632,613,19
S01002295,758,740,18
S01002297,929,918,11
S01002298,744,641,103
S01002299,841,825,16
S01002300,792,789,3
S01002301,860,814,46
S01002302,749,730,19
S01002303,832,823,9
S01002304,798,768,30
S01002305,834,798,36
S01002306,475,453,22
S01002307,634,606,28
S01002308,911,890,21
S01002309,741,736,5
S01002310,848,818,30
S01002311,731,717,14
S01002312,653,638,15
S01002313,737,711,26
S01002314,831,816,15
S01002315,558,548,10
S01002316,751,729,22
S01002317,879,849,30
S01002318,845,828,17
S01002319,1105,1089,16
S01002320,638,635,3
S01002321,892,863,29
S01002322,689,678,11
S01002323,785,766,19
S01002324,761,745,16
S01002325,577,568,9
S01002326,827,810,17
S01002327,682,677,5
S01002328,765,748,17
S01002329,708,704,4
S01002330,798,782,16
S01002331,709,707,2
S01002332,958,938,20
S01002333,834,821,13
S01002334,827,812,15
S01002335,983,972,11
S01002336,1019,1003,16
S01002337,977,964,13
S01002338,579,567,12
S01002339,632,632,0
S01002340,540,540,0
S01002341,560,558,2
S01002342,614,613,1
S01002343,777,769,8
S01002344,532,528,4
S01002345,717,709,8
S01002346,921,918,3
S01002347,736,734,2
S01002348,958,958,0
S01002349,960,952,8
S01002350,965,957,8
S01002351,652,651,1
S01002352,849,849,0
S01002353,745,742,3
S01002354,782,778,4
S01002355,881,875,6
S01002356,774,753,21
S01002357,710,699,11
S01002358,530,528,2
S01002359,948,939,9
S01002360,717,707,10
S01002361,606,587,19
S01002362,691,687,4
S01002363,928,920,8
S01002364,748,746,2
S01002365,544,539,5
S01002366,559,559,0
S01002367,871,869,2
S01002368,867,866,1
S01002369,528,526,2
S01002370,724,718,6
S01002371,644,644,0
S01002372,798,794,4
S01002373,631,630,1
S01002374,710,703,7
S01002375,895,889,6
S01002376,868,862,6
S01002377,850,841,9
S01002378,556,554,2
S01002379,945,940,5
S01002380,702,697,5
S01002381,829,819,10
S01002382,666,652,14
S01002383,544,517,27
S01002384,554,553,1
S01002385,819,816,3
S01002386,995,987,8
S01002387,617,613,4
S01002388,824,819,5
S01002389,746,734,12
S01002390,735,728,7
S01002391,883,879,4
S01002392,897,888,9
S01002393,520,516,4
S01002394,662,658,4
S01002395,768,766,2
S01002396,754,747,7
S01002397,1120,1109,11
S01002398,834,831,3
S01002399,1017,1014,3
S01002400,887,880,7
S01002401,964,950,14
S01002402,895,855,40
S01002403,773,734,39
S01002404,990,976,14
S01002405,777,754,23
S01002406,790,771,19
S01002407,803,797,6
S01002408,885,877,8
S01002409,715,711,4
S01002410,532,517,15
S01002411,667,647,20
S01002412,1006,998,8
S01002413,703,691,12
S01002414,613,608,5
S01002415,773,763,10
S01002416,533,533,0
S01002417,722,721,1
S01002418,945,929,16
S01002419,542,539,3
S01002420,694,684,10
S01002421,876,872,4
S01002422,604,594,10
S01002423,679,666,13
S01002424,900,893,7
S01002425,811,811,0
S01002426,634,623,11
S01002427,805,802,3
S01002428,532,531,1
S01002429,724,721,3
S01002430,565,558,7
S01002431,760,750,10
S01002432,716,714,2
S01002433,534,530,4
S01002434,923,908,15
S01002435,717,704,13
S01002436,760,756,4
S01002437,501,496,5
S01002438,710,709,1
S01002439,812,810,2
S01002440,913,903,10
S01002441,638,636,2
S01002442,459,430,29
S01002443,573,572,1
S01002444,531,526,5
S01002445,749,744,5
S01002446,818,816,2
S01002447,737,737,0
S01002448,574,570,4
S01002449,480,472,8
S01002450,712,703,9
S01002451,1092,1050,42
S01002452,568,563,5
S01002453,799,797,2
S01002454,807,797,10
S01002455,627,625,2
S01002456,1019,1012,7
S01002457,822,822,0
S01002458,877,870,7
S01002459,525,522,3
S01002460,846,843,3
S01002461,477,472,5
S01002462,673,668,5
S01002463,1013,997,16
S01002464,545,540,5
S01002465,582,569,13
S01002466,996,995,1
S01002467,454,452,2
S01002468,610,606,4
S01002469,651,644,7
S01002470,856,845,11
S01002471,510,510,0
S01002472,581,571,10
S01002473,847,838,9
S01002474,479,470,9
S01002475,531,524,7
S01002476,827,815,12
S01002477,835,835,0
S01002478,935,930,5
S01002479,739,720,19
S01002480,568,565,3
S01002481,1001,1001,0
S01002482,859,849,10
S01002483,701,689,12
S01002484,851,833,18
S01002485,892,883,9
S01002486,557,554,3
S01002487,463,460,3
S01002488,671,669,2
S01002489,553,546,7
S01002490,619,615,4
S01002491,499,496,3
S01002492,634,628,6
S01002493,943,935,8
S01002494,697,667,30
S01002495,696,696,0
S01002496,629,623,6
S01002497,648,641,7
S01002498,723,715,8
S01002499,858,854,4
S01002500,580,576,4
S01002501,497,496,1
S01002502,890,880,10
S01002503,575,573,2
S01002504,914,909,5
S01002505,772,768,4
S01002506,875,863,12
S01002507,607,602,5
S01002508,831,829,2
S01002509,1000,997,3
S01002510,1022,1015,7
S01002511,498,492,6
S01002512,544,537,7
S01002513,848,840,8
S01002514,593,581,12
S01002515,615,611,4
S01002516,744,736,8
S01002517,609,607,2
S01002518,729,718,11
S01002519,821,820,1
S01002520,520,518,2
S01002521,582,577,5
S01002522,704,703,1
S01002523,712,710,2
S01002524,590,588,2
S01002525,699,688,11
S01002526,578,578,0
S01002527,781,754,27
S01002528,735,732,3
S01002529,902,889,13
S01002530,755,750,5
S01002531,730,724,6
S01002532,774,763,11
S01002533,864,861,3
S01002534,978,971,7
S01002535,500,483,17
S01002536,510,504,6
S01002537,604,586,18
S01002538,956,932,24
S01002539,811,807,4
S01002540,557,547,10
S01002541,989,984,5
S01002542,586,577,9
S01002543,602,590,12
S01002544,790,783,7
S01002545,635,635,0
S01002546,683,681,2
S01002547,655,647,8
S01002548,991,986,5
S01002549,570,569,1
S01002550,544,541,3
S01002551,595,592,3
S01002552,593,587,6
S01002553,819,819,0
S01002554,661,639,22
S01002555,726,715,11
S01002556,778,776,2
S01002557,839,832,7
S01002558,530,530,0
S01002559,687,678,9
S01002560,570,564,6
S01002561,685,682,3
S01002562,654,651,3
S01002563,1163,1156,7
S01002564,620,609,11
S01002565,911,897,14
S01002566,779,774,5
S01002567,571,556,15
S01002568,732,729,3
S01002569,977,974,3
S01002570,619,617,2
S01002571,604,598,6
S01002572,579,565,14
S01002573,523,519,4
S01002574,781,777,4
S01002575,846,835,11
S01002576,741,718,23
S01002577,965,958,7
S01002578,779,750,29
S01002579,809,796,13
S01002580,799,792,7
S01002581,783,759,24
S01002582,720,716,4
S01002583,790,775,15
S01002584,780,771,9
S01002585,877,853,24
S01002586,556,554,2
S01002587,718,706,12
S01002588,787,776,11
S01002589,789,776,13
S01002590,757,740,17
S01002591,576,570,6
S01002592,815,812,3
S01002593,777,772,5
S01002594,680,668,12
S01002595,621,611,10
S01002596,752,747,5
S01002597,517,514,3
S01002598,916,915,1
S01002599,551,548,3
S01002600,882,869,13
S01002601,668,664,4
S01002602,528,523,5
S01002603,744,740,4
S01002604,993,970,23
S01002605,632,624,8
S01002606,601,596,5
S01002607,872,859,13
S01002608,600,594,6
S01002609,791,789,2
S01002610,928,917,11
S01002611,854,852,2
S01002612,762,743,19
S01002613,904,900,4
S01002614,943,939,4
S01002615,467,463,4
S01002616,633,622,11
S01002617,940,935,5
S01002618,793,787,6
S01002619,789,770,19
S01002620,826,818,8
S01002621,630,612,18
S01002622,903,882,21
S01002623,684,666,18
S01002624,723,712,11
S01002625,856,852,4
S01002626,759,757,2
S01002627,1064,1063,1
S01002628,805,794,11
S01002629,821,800,21
S01002630,638,635,3
S01002631,741,732,9
S01002632,596,586,10
S01002633,1000,987,13
S01002634,781,772,9
S01002635,594,591,3
S01002636,562,554,8
S01002637,800,798,2
S01002638,790,780,10
S01002639,956,931,25
S01002640,765,761,4
S01002641,961,946,15
S01002642,573,570,3
S01002643,521,518,3
S01002644,761,761,0
S01002645,652,650,2
S01002646,659,658,1
S01002647,939,936,3
S01002648,760,755,5
S01002649,755,749,6
S01002650,673,667,6
S01002651,667,665,2
S01002652,733,726,7
S01002653,762,756,6
S01002654,725,723,2
S01002655,702,688,14
S01002656,676,650,26
S01002657,815,805,10
S01002658,1004,983,21
S01002659,929,925,4
S01002660,865,857,8
S01002661,822,808,14
S01002662,814,811,3
S01002663,709,706,3
S01002664,940,937,3
S01002665,787,784,3
S01002666,816,815,1
S01002667,647,645,2
S01002668,521,517,4
S01002669,886,872,14
S01002670,655,647,8
S01002671,963,936,27
S01002672,616,612,4
S01002673,532,527,5
S01002674,755,744,11
S01002675,931,928,3
S01002676,835,818,17
S01002677,991,979,12
S01002678,1010,992,18
S01002679,943,934,9
S01002680,940,921,19
S01002681,756,739,17
S01002682,588,583,5
S01002683,627,618,9
S01002684,725,717,8
S01002685,914,887,27
S01002686,863,854,9
S01002687,832,817,15
S01002688,718,710,8
S01002689,697,688,9
S01002690,565,559,6
S01002691,1096,1087,9
S01002692,926,918,8
S01002693,450,438,12
S01002694,764,764,0
S01002695,624,607,17
S01002696,778,775,3
S01002697,916,905,11
S01002698,729,720,9
S01002699,531,530,1
S01002700,909,909,0
S01002701,916,907,9
S01002702,618,611,7
S01002703,848,841,7
S01002704,682,682,0
S01002705,679,676,3
S01002706,810,790,20
S01002707,909,894,15
S01002708,724,724,0
S01002709,615,594,21
S01002710,580,578,2
S01002711,894,886,8
S01002712,790,789,1
S01002713,797,785,12
S01002714,929,907,22
S01002715,922,919,3
S01002716,575,571,4
S01002717,766,756,10
S01002718,895,882,13
S01002719,788,786,2
S01002720,773,764,9
S01002721,804,800,4
S01002722,668,640,28
S01002723,637,636,1
S01002724,822,808,14
S01002725,912,910,2
S01002726,796,777,19
S01002727,978,939,39
S01002728,857,840,17
S01002729,941,908,33
S01002730,772,761,11
S01002731,790,782,8
S01002732,684,644,40
S01002733,627,620,7
S01002734,939,938,1
S01002735,933,922,11
S01002736,715,715,0
S01002737,743,704,39
S01002738,720,708,12
S01002739,805,798,7
S01002740,570,560,10
S01002741,865,830,35
S01002742,837,829,8
S01002743,580,557,23
S01002744,567,560,7
S01002745,609,608,1
S01002746,834,822,12
S01002747,595,583,12
S01002748,589,585,4
S01002749,779,770,9
S01002750,918,915,3
S01002751,970,963,7
S01002752,555,554,1
S01002753,662,638,24
S01002754,610,610,0
S01002755,792,779,13
S01002756,833,827,6
S01002757,580,572,8
S01002758,733,730,3
S01002759,750,743,7
S01002760,515,513,2
S01002761,764,754,10
S01002762,633,631,2
S01002763,917,916,1
S01002764,658,633,25
S01002765,751,733,18
S01002766,893,889,4
S01002767,950,933,17
S01002768,849,841,8
S01002769,787,782,5
S01002770,544,535,9
S01002771,778,774,4
S01002772,1077,1068,9
S01002773,973,960,13
S01002774,787,784,3
S01002775,818,813,5
S01002776,698,678,20
S01002777,1000,998,2
S01002778,759,750,9
S01002779,637,634,3
S01002780,916,904,12
S01002781,947,924,23
S01002782,848,845,3
S01002783,792,781,11
S01002784,567,552,15
S01002785,709,708,1
S01002786,742,720,22
S01002787,773,739,34
S01002788,816,799,17
S01002789,774,764,10
S01002790,812,809,3
S01002791,676,676,0
S01002792,916,908,8
S01002793,801,792,9
S01002794,876,875,1
S01002795,673,669,4
S01002796,573,569,4
S01002797,840,817,23
S01002798,595,594,1
S01002799,622,613,9
S01002800,811,796,15
S01002801,986,981,5
S01002802,652,643,9
S01002803,836,833,3
S01002804,539,539,0
S01002805,856,843,13
S01002806,590,590,0
S01002807,720,704,16
S01002808,848,829,19
S01002809,683,680,3
S01002810,967,958,9
S01002811,959,954,5
S01002812,630,626,4
S01002813,728,726,2
S01002814,721,707,14
S01002815,786,785,1
S01002816,568,563,5
S01002817,575,572,3
S01002818,582,575,7
S01002819,828,822,6
S01002820,924,916,8
S01002821,975,967,8
S01002822,908,905,3
S01002823,825,822,3
S01002824,777,775,2
S01002825,975,969,6
S01002826,546,546,0
S01002827,670,660,10
S01002828,633,628,5
S01002829,812,809,3
S01002830,663,656,7
S01002831,800,793,7
S01002832,816,804,12
S01002833,1119,1071,48
S01002834,911,902,9
S01002835,751,739,12
S01002836,581,576,5
S01002837,598,588,10
S01002838,568,567,1
S01002839,541,541,0
S01002840,683,679,4
S01002841,626,602,24
S01002842,628,610,18
S01002843,820,811,9
S01002844,605,598,7
S01002845,782,747,35
S01002846,905,886,19
S01002847,926,922,4
S01002848,853,852,1
S01002849,1051,1045,6
S01002850,903,901,2
S01002851,499,495,4
S01002852,1000,997,3
S01002853,443,437,6
S01002854,839,834,5
S01002855,629,629,0
S01002856,776,762,14
S01002857,505,505,0
S01002858,480,471,9
S01002859,851,846,5
S01002860,919,908,11
S01002861,965,954,11
S01002862,640,637,3
S01002863,793,787,6
S01002864,612,606,6
S01002865,919,911,8
S01002866,1083,1061,22
S01002867,578,571,7
S01002868,754,746,8
S01002869,545,541,4
S01002870,925,924,1
S01002871,606,602,4
S01002872,627,621,6
S01002873,784,767,17
S01002874,909,892,17
S01002875,678,675,3
S01002876,697,686,11
S01002877,782,761,21
S01002878,567,557,10
S01002879,861,849,12
S01002880,513,513,0
S01002881,878,865,13
S01002882,748,740,8
S01002883,1133,1127,6
S01002884,804,794,10
S01002885,792,785,7
S01002886,678,678,0
S01002887,635,631,4
S01002888,603,603,0
S01002889,847,839,8
S01002890,752,745,7
S01002891,792,779,13
S01002892,664,662,2
S01002893,729,729,0
S01002894,782,771,11
S01002895,659,657,2
S01002896,719,714,5
S01002897,521,517,4
S01002898,993,992,1
S01002899,506,483,23
S01002900,744,732,12
S01002901,835,835,0
S01002902,785,783,2
S01002903,869,860,9
S01002904,651,643,8
S01002905,745,729,16
S01002906,845,830,15
S01002907,610,605,5
S01002908,787,779,8
S01002909,727,713,14
S01002910,780,778,2
S01002911,915,915,0
S01002912,980,945,35
S01002913,805,794,11
S01002914,718,713,5
S01002915,1019,1009,10
S01002916,779,779,0
S01002917,671,669,2
S01002918,736,734,2
S01002919,945,920,25
S01002920,639,637,2
S01002921,679,679,0
S01002922,560,547,13
S01002923,705,700,5
S01002924,699,698,1
S01002925,1034,1026,8
S01002926,819,812,7
S01002927,790,775,15
S01002928,561,559,2
S01002929,801,799,2
S01002930,663,650,13
S01002931,793,776,17
S01002932,771,767,4
S01002933,865,861,4
S01002934,953,941,12
S01002935,828,802,26
S01002936,713,701,12
S01002937,642,631,11
S01002938,805,802,3
S01002939,546,546,0
S01002940,526,525,1
S01002941,968,967,1
S01002942,538,525,13
S01002943,530,530,0
S01002944,952,945,7
S01002945,588,585,3
S01002946,641,641,0
S01002947,492,492,0
S01002948,875,864,11
S01002949,507,506,1
S01002950,747,743,4
S01002951,898,894,4
S01002952,620,617,3
S01002953,904,901,3
S01002954,869,864,5
S01002955,988,984,4
S01002956,767,762,5
S01002957,960,955,5
S01002958,562,555,7
S01002959,978,973,5
S01002960,697,686,11
S01002961,774,767,7
S01002962,628,624,4
S01002963,778,774,4
S01002964,819,811,8
S01002965,816,812,4
S01002966,838,829,9
S01002967,832,831,1
S01002968,712,704,8
S01002969,941,934,7
S01002970,522,521,1
S01002971,1082,1061,21
S01002972,905,899,6
S01002973,895,881,14
S01002974,560,559,1
S01002975,550,549,1
S01002976,939,933,6
S01002977,711,704,7
S01002978,1071,1069,2
S01002979,710,709,1
S01002980,790,772,18
S01002981,827,816,11
S01002982,680,669,11
S01002983,777,773,4
S01002984,743,732,11
S01002985,564,542,22
S01002986,756,747,9
S01002987,638,613,25
S01002988,698,689,9
S01002989,975,958,17
S01002990,580,563,17
S01002991,802,791,11
S01002992,694,657,37
S01002993,820,800,20
S01002994,1117,1064,53
S01002995,745,698,47
S01002996,1028,972,56
S01002997,667,643,24
S01002998,788,779,9
S01002999,906,873,33
S01003000,900,875,25
S01003001,604,599,5
S01003002,764,762,2
S01003003,555,554,1
S01003004,524,516,8
S01003005,561,556,5
S01003006,737,731,6
S01003007,781,777,4
S01003008,963,950,13
S01003009,534,532,2
S01003010,601,592,9
S01003011,470,469,1
S01003012,989,982,7
S01003013,582,577,5
S01003014,683,670,13
S01003015,772,760,12
S01003016,470,470,0
S01003017,646,631,15
S01003018,782,773,9
S01003019,799,793,6
S01003020,662,645,17
S01003021,691,673,18
S01003022,980,969,11
S01003023,792,785,7
S01003024,629,600,29
S01003025,751,742,9
S01003026,627,626,1
S01003027,1148,1078,70
S01003028,768,768,0
S01003029,770,763,7
S01003030,850,845,5
S01003032,454,448,6
S01003033,514,511,3
S01003034,902,861,41
S01003035,766,758,8
S01003036,773,771,2
S01003037,799,781,18
S01003038,896,678,218
S01003039,883,871,12
S01003040,850,838,12
S01003041,729,550,179
S01003042,652,640,12
S01003043,577,567,10
S01003044,936,929,7
S01003045,843,839,4
S01003046,754,751,3
S01003047,1008,1003,5
S01003048,489,488,1
S01003049,584,573,11
S01003050,798,779,19
S01003051,938,901,37
S01003052,759,757,2
S01003053,929,871,58
S01003054,896,879,17
S01003055,865,859,6
S01003056,890,876,14
S01003057,709,701,8
S01003058,766,765,1
S01003059,838,758,80
S01003060,692,688,4
S01003061,849,847,2
S01003062,961,948,13
S01003063,799,787,12
S01003064,926,912,14
S01003065,919,905,14
S01003066,943,892,51
S01003067,661,653,8
S01003068,859,844,15
S01003069,606,568,38
S01003070,790,745,45
S01003071,649,618,31
S01003072,993,955,38
S01003073,763,757,6
S01003074,788,705,83
S01003075,735,726,9
S01003076,912,857,55
S01003077,1016,994,22
S01003078,722,697,25
S01003079,914,807,107
S01003080,859,837,22
S01003081,936,742,194
S01003082,742,729,13
S01003083,1072,1061,11
S01003084,873,872,1
S01003085,1010,995,15
S01003086,715,531,184
S01003087,679,676,3
S01003088,1000,997,3
S01003089,620,524,96
S01003090,768,704,64
S01003091,634,626,8
S01003092,808,768,40
S01003093,1018,980,38
S01003094,1013,925,88
S01003095,837,751,86
S01003096,714,663,51
S01003097,253,249,4
S01003098,1037,998,39
S01003099,590,581,9
S01003100,860,824,36
S01003101,607,596,11
S01003102,799,761,38
S01003103,789,744,45
S01003104,999,919,80
S01003105,798,753,45
S01003106,737,701,36
S01003107,843,840,3
S01003108,735,703,32
S01003109,991,936,55
S01003110,827,771,56
S01003111,928,920,8
S01003112,952,888,64
S01003113,756,749,7
S01003114,947,921,26
S01003115,546,532,14
S01003116,872,838,34
S01003117,788,730,58
S01003118,493,442,51
S01003119,722,693,29
S01003120,1073,1035,38
S01003121,964,962,2
S01003122,777,775,2
S01003123,846,822,24
S01003124,819,759,60
S01003125,796,696,100
S01003126,153,152,1
S01003127,850,803,47
S01003128,720,704,16
S01003129,1080,1027,53
S01003130,786,756,30
S01003131,846,747,99
S01003132,594,568,26
S01003133,1206,1103,103
S01003134,754,738,16
S01003135,759,743,16
S01003136,809,667,142
S01003137,668,563,105
S01003138,1017,939,78
S01003139,979,893,86
S01003140,945,942,3
S01003141,725,704,21
S01003142,727,713,14
S01003143,877,768,109
S01003144,910,905,5
S01003145,741,741,0
S01003146,672,604,68
S01003147,923,919,4
S01003148,775,774,1
S01003149,907,846,61
S01003150,781,759,22
S01003151,790,767,23
S01003152,917,845,72
S01003153,796,732,64
S01003154,891,746,145
S01003155,1081,1010,71
S01003156,838,727,111
S01003157,982,892,90
S01003158,541,539,2
S01003159,242,238,4
S01003160,716,715,1
S01003161,609,606,3
S01003162,688,682,6
S01003163,655,561,94
S01003164,951,659,292
S01003165,985,895,90
S01003166,660,619,41
S01003167,800,791,9
S01003168,842,763,79
S01003169,1025,986,39
S01003170,935,514,421
S01003171,635,340,295
S01003172,718,515,203
S01003173,485,365,120
S01003174,803,629,174
S01003175,797,734,63
S01003176,770,669,101
S01003177,1060,948,112
S01003178,695,690,5
S01003179,716,350,366
S01003180,752,693,59
S01003181,927,922,5
S01003182,696,695,1
S01003183,701,501,200
S01003184,875,867,8
S01003185,530,511,19
S01003186,908,690,218
S01003187,904,802,102
S01003188,828,624,204
S01003189,841,569,272
S01003190,758,683,75
S01003191,529,457,72
S01003192,737,645,92
S01003193,611,594,17
S01003194,795,795,0
S01003195,818,807,11
S01003196,947,776,171
S01003197,668,666,2
S01003198,932,756,176
S01003199,876,831,45
S01003200,696,595,101
S01003201,231,230,1
S01003202,298,297,1
S01003203,862,837,25
S01003204,1021,1014,7
S01003205,719,709,10
S01003206,745,676,69
S01003207,814,352,462
S01003208,900,894,6
S01003209,596,579,17
S01003210,903,713,190
S01003211,920,316,604
S01003212,779,758,21
S01003213,592,584,8
S01003214,799,789,10
S01003215,1011,1004,7
S01003216,744,742,2
S01003217,691,688,3
S01003218,744,735,9
S01003219,760,743,17
S01003220,798,343,455
S01003221,876,858,18
S01003222,775,290,485
S01003223,980,973,7
S01003224,749,742,7
S01003225,794,791,3
S01003226,792,783,9
S01003227,925,446,479
S01003228,916,913,3
S01003229,1061,880,181
S01003230,826,811,15
S01003231,984,983,1
S01003232,779,650,129
S01003233,1017,1001,16
S01003234,843,653,190
S01003235,798,795,3
S01003236,832,287,545
S01003237,1025,1022,3
S01003238,749,746,3
S01003239,999,986,13
S01003240,775,770,5
S01003241,828,824,4
S01003242,1036,917,119
S01003243,884,868,16
S01003244,999,993,6
S01003245,849,839,10
S01003246,1007,1001,6
S01003247,757,744,13
S01003248,809,804,5
S01003249,707,706,1
S01003250,582,550,32
S01003251,834,829,5
S01003252,697,691,6
S01003253,822,821,1
S01003254,613,612,1
S01003255,885,883,2
S01003256,924,725,199
S01003257,822,357,465
S01003258,919,892,27
S01003259,1111,1101,10
S01003260,781,778,3
S01003261,925,916,9
S01003262,778,771,7
S01003263,753,736,17
S01003264,584,566,18
S01003265,726,715,11
S01003266,749,746,3
S01003267,970,958,12
S01003268,793,759,34
S01003269,910,901,9
S01003270,792,755,37
S01003271,819,767,52
S01003272,931,924,7
S01003273,694,690,4
S01003274,538,525,13
S01003275,967,965,2
S01003276,784,769,15
S01003277,678,659,19
S01003278,854,845,9
S01003279,459,459,0
S01003280,926,774,152
S01003281,554,550,4
S01003282,862,848,14
S01003283,776,775,1
S01003284,908,903,5
S01003285,367,344,23
S01003286,1048,912,136
S01003287,603,589,14
S01003288,778,777,1
S01003289,302,300,2
S01003290,767,753,14
S01003291,756,737,19
S01003292,784,773,11
S01003293,942,934,8
S01003294,790,786,4
S01003295,1061,1038,23
S01003296,617,612,5
S01003297,537,528,9
S01003298,1015,997,18
S01003299,420,415,5
S01003300,839,804,35
S01003301,781,771,10
S01003302,585,558,27
S01003303,883,815,68
S01003304,781,545,236
S01003305,750,738,12
S01003306,943,932,11
S01003307,1075,1068,7
S01003308,900,890,10
S01003309,791,773,18
S01003310,796,790,6
S01003311,794,793,1
S01003312,649,629,20
S01003313,944,919,25
S01003314,598,595,3
S01003315,615,530,85
S01003316,736,716,20
S01003317,718,715,3
S01003318,843,832,11
S01003320,646,432,214
S01003321,790,742,48
S01003322,799,698,101
S01003323,668,664,4
S01003324,561,506,55
S01003325,852,843,9
S01003326,799,789,10
S01003327,692,498,194
S01003328,586,565,21
S01003329,832,827,5
S01003330,986,911,75
S01003331,636,633,3
S01003332,439,436,3
S01003333,940,929,11
S01003334,865,862,3
S01003335,543,529,14
S01003336,905,900,5
S01003337,949,938,11
S01003338,900,770,130
S01003339,827,813,14
S01003340,1072,1059,13
S01003341,795,746,49
S01003342,677,672,5
S01003343,611,611,0
S01003344,596,592,4
S01003345,1019,1006,13
S01003346,902,876,26
S01003347,822,818,4
S01003348,759,674,85
S01003349,881,865,16
S01003350,731,726,5
S01003351,1079,1009,70
S01003352,831,829,2
S01003353,635,620,15
S01003354,832,828,4
S01003355,879,870,9
S01003356,919,914,5
S01003357,424,399,25
S01003358,859,824,35
S01003359,977,932,45
S01003360,807,791,16
S01003361,759,756,3
S01003362,813,810,3
S01003363,793,793,0
S01003364,664,647,17
S01003365,755,664,91
S01003366,548,503,45
S01003367,1058,1035,23
S01003368,973,827,146
S01003369,734,734,0
S01003370,776,741,35
S01003371,754,724,30
S01003372,741,739,2
S01003373,667,599,68
S01003374,529,525,4
S01003375,756,754,2
S01003376,530,525,5
S01003377,789,784,5
S01003378,823,807,16
S01003379,650,647,3
S01003380,786,753,33
S01003381,705,654,51
S01003382,704,657,47
S01003383,954,951,3
S01003384,1025,1023,2
S01003385,851,811,40
S01003386,689,686,3
S01003387,794,776,18
S01003388,1011,998,13
S01003389,980,973,7
S01003390,956,953,3
S01003391,818,783,35
S01003392,793,787,6
S01003393,1036,1031,5
S01003394,725,723,2
S01003395,744,716,28
S01003396,815,798,17
S01003397,878,878,0
S01003398,884,880,4
S01003399,1573,1341,232
S01003400,688,688,0
S01003401,792,788,4
S01003402,695,689,6
S01003403,755,631,124
S01003404,482,482,0
S01003405,838,817,21
S01003406,721,707,14
S01003407,734,734,0
S01003408,662,593,69
S01003409,835,780,55
S01003410,770,640,130
S01003411,777,760,17
S01003412,915,886,29
S01003413,806,805,1
S01003414,547,542,5
S01003415,1334,1230,104
S01003416,882,846,36
S01003417,803,780,23
S01003418,948,937,11
S01003419,970,966,4
S01003420,519,518,1
S01003421,559,558,1
S01003422,794,773,21
S01003423,552,518,34
S01003424,994,984,10
S01003425,931,750,181
S01003426,1001,979,22
S01003427,943,938,5
S01003428,666,663,3
S01003429,947,791,156
S01003430,759,661,98
S01003431,660,659,1
S01003432,936,844,92
S01003433,981,829,152
S01003434,910,905,5
S01003435,672,668,4
S01003436,583,560,23
S01003437,610,553,57
S01003438,902,841,61
S01003439,897,853,44
S01003440,500,495,5
S01003441,1025,1012,13
S01003442,731,720,11
S01003443,959,907,52
S01003444,654,650,4
S01003445,870,806,64
S01003446,530,391,139
S01003447,1785,1632,153
S01003448,743,739,4
S01003449,883,725,158
S01003450,787,715,72
S01003451,763,709,54
S01003452,1077,1071,6
S01003453,737,595,142
S01003454,723,439,284
S01003455,591,590,1
S01003456,387,383,4
S01003457,945,860,85
S01003458,904,893,11
S01003459,915,909,6
S01003460,897,842,55
S01003461,791,785,6
S01003462,611,605,6
S01003463,799,632,167
S01003464,924,697,227
S01003465,790,764,26
S01003466,750,694,56
S01003467,757,757,0
S01003468,732,539,193
S01003469,863,839,24
S01003470,811,766,45
S01003471,720,712,8
S01003472,811,625,186
S01003473,931,810,121
S01003474,746,540,206
S01003475,764,658,106
S01003476,819,804,15
S01003477,972,941,31
S01003478,763,742,21
S01003479,791,752,39
S01003480,611,594,17
S01003481,1001,984,17
S01003482,657,547,110
S01003483,634,633,1
S01003484,906,816,90
S01003485,990,786,204
S01003486,833,827,6
S01003487,998,822,176
S01003488,691,688,3
S01003489,983,972,11
S01003490,640,495,145
S01003491,126,124,2
S01003492,838,701,137
S01003493,728,722,6
S01003494,776,734,42
S01003495,723,694,29
S01003496,859,832,27
S01003497,966,928,38
S01003498,997,937,60
S01003499,991,930,61
S01003500,645,529,116
S01003501,633,566,67
S01003502,669,667,2
S01003503,670,650,20
S01003504,725,622,103
S01003506,979,883,96
S01003507,528,435,93
S01003508,810,779,31
S01003509,849,793,56
S01003510,365,363,2
S01003511,979,937,42
S01003512,642,639,3
S01003513,717,644,73
S01003514,799,735,64
S01003515,750,745,5
S01003516,707,628,79
S01003517,681,620,61
S01003518,979,961,18
S01003519,542,531,11
S01003520,673,654,19
S01003521,524,486,38
S01003522,756,726,30
S01003523,577,575,2
S01003524,1055,1021,34
S01003525,974,927,47
S01003526,925,871,54
S01003527,910,867,43
S01003528,604,601,3
S01003529,543,503,40
S01003530,791,720,71
S01003531,795,773,22
S01003532,1057,1024,33
S01003533,353,323,30
S01003534,943,923,20
S01003535,709,698,11
S01003536,1031,984,47
S01003537,796,733,63
S01003538,670,670,0
S01003539,975,937,38
S01003540,490,485,5
S01003541,734,699,35
S01003542,838,800,38
S01003543,615,613,2
S01003544,553,502,51
S01003545,980,937,43
S01003546,828,819,9
S01003547,790,746,44
S01003549,770,761,9
S01003550,713,540,173
S01003551,745,737,8
S01003552,882,838,44
S01003553,691,682,9
S01003554,776,739,37
S01003555,818,764,54
S01003556,723,708,15
S01003557,785,770,15
S01003558,949,917,32
S01003559,897,883,14
S01003560,1029,968,61
S01003561,1003,970,33
S01003562,697,674,23
S01003563,608,606,2
S01003564,708,702,6
S01003565,856,845,11
S01003566,750,702,48
S01003567,924,906,18
S01003568,734,681,53
S01003569,725,686,39
S01003570,772,740,32
S01003571,897,876,21
S01003572,925,923,2
S01003573,919,919,0
S01003574,886,842,44
S01003575,887,833,54
S01003576,846,802,44
S01003577,742,742,0
S01003578,279,279,0
S01003579,632,623,9
S01003580,881,844,37
S01003581,1783,1674,109
S01003582,584,565,19
S01003583,527,527,0
S01003584,767,649,118
S01003585,557,539,18
S01003586,921,827,94
S01003587,1060,991,69
S01003588,721,711,10
S01003589,1250,1105,145
S01003590,688,674,14
S01003591,1149,1084,65
S01003592,841,821,20
S01003593,694,691,3
S01003594,1013,938,75
S01003595,769,766,3
S01003596,775,743,32
S01003597,638,621,17
S01003598,725,718,7
S01003599,606,602,4
S01003600,840,821,19
S01003601,844,818,26
S01003602,728,725,3
S01003603,835,812,23
S01003604,787,776,11
S01003605,668,654,14
S01003606,879,874,5
S01003607,557,551,6
S01003608,540,538,2
S01003609,1049,1002,47
S01003610,748,739,9
S01003611,756,749,7
S01003612,911,856,55
S01003613,848,824,24
S01003614,568,545,23
S01003615,542,533,9
S01003616,701,586,115
S01003617,953,921,32
S01003618,770,749,21
S01003619,886,865,21
S01003620,960,881,79
S01003621,969,964,5
S01003622,783,778,5
S01003623,947,825,122
S01003624,1072,1061,11
S01003625,398,391,7
S01003626,889,843,46
S01003627,588,587,1
S01003628,742,739,3
S01003629,808,806,2
S01003630,754,749,5
S01003631,748,743,5
S01003632,785,697,88
S01003633,921,903,18
S01003634,1117,1112,5
S01003635,572,550,22
S01003636,995,986,9
S01003637,745,717,28
S01003638,763,677,86
S01003639,794,792,2
S01003640,961,951,10
S01003641,752,704,48
S01003642,832,829,3
S01003643,608,569,39
S01003644,880,862,18
S01003645,572,562,10
S01003646,756,724,32
S01003647,712,699,13
S01003648,804,776,28
S01003649,1072,950,122
S01003650,719,694,25
S01003651,754,724,30
S01003652,633,614,19
S01003653,786,782,4
S01003654,1106,1093,13
S01003655,844,841,3
S01003656,575,569,6
S01003657,891,887,4
S01003658,895,871,24
S01003659,822,738,84
S01003660,874,787,87
S01003661,839,772,67
S01003662,610,597,13
S01003663,582,568,14
S01003664,548,528,20
S01003665,657,638,19
S01003666,743,735,8
S01003667,915,905,10
S01003668,789,784,5
S01003669,569,569,0
S01003670,889,885,4
S01003671,699,685,14
S01003672,884,877,7
S01003673,311,301,10
S01003674,843,833,10
S01003675,696,662,34
S01003676,426,414,12
S01003677,774,768,6
S01003678,699,692,7
S01003679,1064,1043,21
S01003680,840,839,1
S01003681,590,588,2
S01003682,1103,1027,76
S01003683,610,604,6
S01003684,749,746,3
S01003685,548,545,3
S01003686,1028,1014,14
S01003687,702,696,6
S01003688,950,922,28
S01003689,623,609,14
S01003690,961,945,16
S01003691,1094,1068,26
S01003692,1023,1019,4
S01003693,619,617,2
S01003694,893,868,25
S01003695,958,944,14
S01003696,1095,1073,22
S01003697,988,958,30
S01003698,942,940,2
S01003699,1044,1005,39
S01003700,1049,1023,26
S01003701,962,960,2
S01003702,838,826,12
S01003703,996,991,5
S01003704,713,710,3
S01003705,875,874,1
S01003706,779,767,12
S01003707,778,774,4
S01003708,658,654,4
S01003709,899,895,4
S01003710,894,888,6
S01003711,843,826,17
S01003712,756,751,5
S01003713,550,538,12
S01003714,797,787,10
S01003715,861,857,4
S01003716,589,586,3
S01003717,827,823,4
S01003718,568,560,8
S01003719,564,560,4
S01003720,931,926,5
S01003721,749,746,3
S01003722,897,895,2
S01003723,548,541,7
S01003724,786,783,3
S01003725,613,601,12
S01003726,684,679,5
S01003727,750,736,14
S01003728,500,500,0
S01003729,653,646,7
S01003730,646,641,5
S01003731,573,571,2
S01003732,820,817,3
S01003733,826,819,7
S01003734,713,713,0
S01003735,741,740,1
S01003736,832,830,2
S01003737,633,627,6
S01003738,660,651,9
S01003739,528,527,1
S01003740,577,570,7
S01003741,851,848,3
S01003742,527,526,1
S01003743,580,580,0
S01003744,586,584,2
S01003745,720,719,1
S01003746,796,792,4
S01003747,982,979,3
S01003748,591,588,3
S01003749,819,814,5
S01003750,557,555,2
S01003751,951,939,12
S01003752,795,792,3
S01003753,913,909,4
S01003754,891,875,16
S01003755,724,720,4
S01003756,728,728,0
S01003757,592,592,0
S01003758,749,747,2
S01003759,615,611,4
S01003760,758,754,4
S01003761,817,816,1
S01003762,742,741,1
S01003763,917,913,4
S01003764,859,859,0
S01003765,739,734,5
S01003766,611,606,5
S01003767,696,693,3
S01003768,576,574,2
S01003769,671,669,2
S01003770,631,623,8
S01003771,678,677,1
S01003772,574,574,0
S01003773,710,708,2
S01003774,650,642,8
S01003775,768,766,2
S01003776,578,571,7
S01003777,927,923,4
S01003778,512,512,0
S01003779,491,491,0
S01003780,979,975,4
S01003781,648,643,5
S01003782,560,559,1
S01003783,1033,1014,19
S01003784,580,553,27
S01003785,830,823,7
S01003786,928,928,0
S01003787,613,602,11
S01003788,724,699,25
S01003789,522,517,5
S01003790,618,614,4
S01003791,633,628,5
S01003792,680,666,14
S01003793,544,531,13
S01003794,711,696,15
S01003795,580,578,2
S01003796,659,646,13
S01003797,957,953,4
S01003798,818,813,5
S01003799,841,841,0
S01003800,697,693,4
S01003801,808,804,4
S01003802,765,757,8
S01003803,653,646,7
S01003804,632,629,3
S01003805,1022,1012,10
S01003806,672,663,9
S01003807,934,933,1
S01003808,666,663,3
S01003809,768,753,15
S01003810,892,890,2
S01003811,702,697,5
S01003812,898,887,11
S01003813,946,939,7
S01003814,773,764,9
S01003815,716,713,3
S01003816,846,839,7
S01003817,926,914,12
S01003818,830,823,7
S01003819,613,596,17
S01003820,999,982,17
S01003821,837,837,0
S01003822,739,686,53
S01003823,937,932,5
S01003824,685,669,16
S01003825,812,807,5
S01003826,721,714,7
S01003827,792,787,5
S01003828,696,669,27
S01003829,665,662,3
S01003830,917,910,7
S01003831,641,636,5
S01003832,851,846,5
S01003833,521,519,2
S01003834,675,674,1
S01003835,536,533,3
S01003836,589,588,1
S01003837,764,758,6
S01003838,623,619,4
S01003839,674,663,11
S01003840,712,703,9
S01003841,577,573,4
S01003842,588,581,7
S01003843,651,651,0
S01003844,781,771,10
S01003845,921,911,10
S01003846,796,782,14
S01003847,578,567,11
S01003848,681,677,4
S01003849,756,750,6
S01003850,560,546,14
S01003851,872,862,10
S01003852,563,557,6
S01003853,763,740,23
S01003854,586,579,7
S01003855,1000,989,11
S01003856,726,716,10
S01003857,738,735,3
S01003858,621,614,7
S01003859,570,561,9
S01003860,669,664,5
S01003861,806,801,5
S01003862,610,605,5
S01003863,696,687,9
S01003864,887,871,16
S01003865,810,808,2
S01003866,818,811,7
S01003867,1009,1000,9
S01003868,639,637,2
S01003869,671,669,2
S01003870,803,799,4
S01003871,797,789,8
S01003872,844,842,2
S01003873,978,962,16
S01003874,844,834,10
S01003875,514,514,0
S01003876,645,638,7
S01003877,566,565,1
S01003878,968,964,4
S01003879,634,631,3
S01003880,891,886,5
S01003881,759,758,1
S01003882,530,529,1
S01003883,535,534,1
S01003884,754,752,2
S01003885,673,669,4
S01003886,580,575,5
S01003887,871,869,2
S01003888,633,631,2
S01003889,586,580,6
S01003890,652,648,4
S01003891,789,783,6
S01003892,627,616,11
S01003893,632,618,14
S01003894,826,816,10
S01003895,687,682,5
S01003896,683,676,7
S01003897,678,675,3
S01003898,762,747,15
S01003899,717,714,3
S01003900,708,700,8
S01003901,608,607,1
S01003902,859,850,9
S01003903,664,660,4
S01003904,708,694,14
S01003905,864,860,4
S01003906,723,718,5
S01003907,718,713,5
S01003908,823,802,21
S01003909,681,670,11
S01003910,712,689,23
S01003911,613,612,1
S01003912,685,678,7
S01003913,693,691,2
S01003914,891,884,7
S01003915,638,636,2
S01003916,775,766,9
S01003917,886,874,12
S01003918,886,883,3
S01003919,521,521,0
S01003920,648,643,5
S01003921,775,762,13
S01003922,827,819,8
S01003923,765,762,3
S01003924,505,502,3
S01003925,772,770,2
S01003926,579,572,7
S01003927,672,669,3
S01003928,890,889,1
S01003929,502,500,2
S01003930,746,744,2
S01003931,882,876,6
S01003932,896,891,5
S01003933,644,638,6
S01003934,898,894,4
S01003935,761,758,3
S01003936,878,871,7
S01003937,808,807,1
S01003938,526,526,0
S01003939,589,583,6
S01003940,865,859,6
S01003941,583,582,1
S01003942,749,747,2
S01003943,675,670,5
S01003944,639,634,5
S01003945,690,686,4
S01003946,836,827,9
S01003947,511,507,4
S01003948,629,627,2
S01003949,594,589,5
S01003950,587,584,3
S01003951,543,539,4
S01003952,524,520,4
S01003953,576,571,5
S01003954,546,545,1
S01003955,610,608,2
S01003956,629,625,4
S01003957,687,687,0
S01003958,762,753,9
S01003959,730,729,1
S01003960,890,886,4
S01003961,565,563,2
S01003962,575,572,3
S01003963,535,529,6
S01003964,459,459,0
S01003965,543,538,5
S01003966,916,907,9
S01003967,513,510,3
S01003968,902,899,3
S01003969,775,765,10
S01003970,593,593,0
S01003971,652,650,2
S01003972,632,632,0
S01003973,544,542,2
S01003974,813,812,1
S01003975,655,653,2
S01003976,708,707,1
S01003977,595,592,3
S01003978,610,601,9
S01003979,589,584,5
S01003980,558,551,7
S01003981,579,576,3
S01003982,726,711,15
S01003983,725,717,8
S01003984,654,640,14
S01003985,862,858,4
S01003986,582,578,4
S01003987,546,545,1
S01003988,525,525,0
S01003989,800,797,3
S01003990,506,506,0
S01003991,593,588,5
S01003992,923,919,4
S01003993,652,647,5
S01003994,679,675,4
S01003995,876,876,0
S01003996,512,510,2
S01003997,938,923,15
S01003998,599,594,5
S01003999,868,860,8
S01004000,769,768,1
S01004001,708,703,5
S01004002,879,874,5
S01004003,549,546,3
S01004004,785,783,2
S01004005,635,633,2
S01004006,576,572,4
S01004007,584,581,3
S01004008,645,641,4
S01004009,648,647,1
S01004010,775,773,2
S01004011,1115,1099,16
S01004012,729,721,8
S01004013,530,529,1
S01004014,606,602,4
S01004015,944,915,29
S01004016,608,605,3
S01004017,972,967,5
S01004018,854,845,9
S01004019,527,490,37
S01004020,697,689,8
S01004021,810,803,7
S01004022,540,532,8
S01004023,603,603,0
S01004024,949,941,8
S01004025,853,849,4
S01004026,668,667,1
S01004027,778,776,2
S01004028,775,775,0
S01004029,928,928,0
S01004030,832,832,0
S01004031,596,596,0
S01004032,455,453,2
S01004033,898,895,3
S01004034,792,782,10
S01004035,751,748,3
S01004036,710,709,1
S01004037,717,709,8
S01004038,715,711,4
S01004039,402,401,1
S01004040,661,648,13
S01004041,623,623,0
S01004042,644,644,0
S01004043,805,801,4
S01004044,739,735,4
S01004045,656,652,4
S01004046,592,588,4
S01004047,746,743,3
S01004048,953,949,4
S01004049,844,844,0
S01004050,529,525,4
S01004051,627,621,6
S01004052,585,577,8
S01004053,932,931,1
S01004054,950,946,4
S01004055,600,598,2
S01004056,769,768,1
S01004057,983,981,2
S01004058,657,654,3
S01004059,610,604,6
S01004060,502,498,4
S01004061,634,633,1
S01004062,958,922,36
S01004063,707,706,1
S01004064,691,689,2
S01004065,918,913,5
S01004066,564,560,4
S01004067,787,786,1
S01004068,763,763,0
S01004069,636,630,6
S01004070,429,421,8
S01004071,858,857,1
S01004072,1083,1079,4
S01004073,823,820,3
S01004074,886,882,4
S01004075,447,441,6
S01004076,630,627,3
S01004077,872,868,4
S01004078,712,709,3
S01004079,818,812,6
S01004080,705,702,3
S01004081,683,672,11
S01004082,740,730,10
S01004083,896,887,9
S01004084,757,745,12
S01004085,559,559,0
S01004086,773,769,4
S01004087,538,532,6
S01004088,569,569,0
S01004089,792,790,2
S01004090,408,400,8
S01004091,712,705,7
S01004092,697,695,2
S01004093,553,545,8
S01004094,413,409,4
S01004095,520,516,4
S01004096,681,680,1
S01004097,844,839,5
S01004098,630,626,4
S01004099,774,761,13
S01004100,800,791,9
S01004101,694,683,11
S01004102,785,776,9
S01004103,787,787,0
S01004104,796,782,14
S01004105,799,793,6
S01004106,801,790,11
S01004107,689,688,1
S01004108,786,783,3
S01004109,615,611,4
S01004110,563,563,0
S01004111,851,836,15
S01004112,874,870,4
S01004113,736,733,3
S01004114,644,638,6
S01004115,773,764,9
S01004116,683,673,10
S01004117,736,728,8
S01004118,893,861,32
S01004119,592,584,8
S01004120,720,716,4
S01004121,461,460,1
S01004122,626,621,5
S01004123,509,504,5
S01004124,973,964,9
S01004125,632,632,0
S01004126,642,638,4
S01004127,963,947,16
S01004128,741,735,6
S01004129,842,832,10
S01004130,572,565,7
S01004131,796,788,8
S01004132,580,576,4
S01004133,908,906,2
S01004134,712,705,7
S01004135,660,653,7
S01004136,633,631,2
S01004137,530,529,1
S01004138,707,706,1
S01004139,555,552,3
S01004140,600,596,4
S01004141,710,708,2
S01004142,577,564,13
S01004143,888,883,5
S01004144,784,775,9
S01004145,691,680,11
S01004146,722,710,12
S01004147,778,777,1
S01004148,976,954,22
S01004149,634,628,6
S01004150,579,576,3
S01004151,650,646,4
S01004152,754,752,2
S01004153,736,733,3
S01004154,670,665,5
S01004155,929,913,16
S01004156,804,803,1
S01004157,654,645,9
S01004158,627,607,20
S01004159,422,419,3
S01004160,629,626,3
S01004161,557,552,5
S01004162,708,692,16
S01004163,719,719,0
S01004164,956,952,4
S01004165,1000,997,3
S01004166,529,521,8
S01004167,573,571,2
S01004168,695,682,13
S01004169,592,586,6
S01004170,600,600,0
S01004171,626,622,4
S01004172,751,751,0
S01004173,588,580,8
S01004174,760,759,1
S01004175,631,628,3
S01004176,640,632,8
S01004177,509,500,9
S01004178,563,552,11
S01004179,523,517,6
S01004180,869,860,9
S01004181,739,723,16
S01004182,906,892,14
S01004183,959,954,5
S01004184,874,871,3
S01004185,828,826,2
S01004186,724,698,26
S01004187,721,720,1
S01004188,781,776,5
S01004189,630,617,13
S01004190,806,806,0
S01004191,759,756,3
S01004192,863,860,3
S01004193,652,652,0
S01004194,794,783,11
S01004195,612,604,8
S01004196,694,687,7
S01004197,698,694,4
S01004198,702,688,14
S01004199,823,814,9
S01004200,806,794,12
S01004201,755,747,8
S01004202,561,558,3
S01004203,873,864,9
S01004204,734,731,3
S01004205,718,703,15
S01004206,714,705,9
S01004207,793,792,1
S01004208,793,775,18
S01004209,587,558,29
S01004210,696,691,5
S01004211,730,724,6
S01004212,809,805,4
S01004213,599,594,5
S01004214,711,702,9
S01004215,620,618,2
S01004216,886,878,8
S01004217,574,572,2
S01004218,855,854,1
S01004219,615,614,1
S01004220,786,781,5
S01004221,902,895,7
S01004222,495,493,2
S01004223,809,802,7
S01004224,750,747,3
S01004225,836,833,3
S01004226,752,750,2
S01004227,603,595,8
S01004228,760,757,3
S01004229,703,701,2
S01004230,729,727,2
S01004231,766,757,9
S01004232,680,662,18
S01004233,633,632,1
S01004234,979,973,6
S01004235,623,620,3
S01004236,888,883,5
S01004237,658,657,1
S01004238,562,557,5
S01004239,676,674,2
S01004240,642,642,0
S01004241,514,514,0
S01004242,865,857,8
S01004243,580,579,1
S01004244,611,607,4
S01004245,741,737,4
S01004246,575,569,6
S01004247,850,844,6
S01004248,928,927,1
S01004249,895,890,5
S01004250,1014,1013,1
S01004251,910,910,0
S01004252,552,548,4
S01004253,557,554,3
S01004254,729,714,15
S01004255,695,687,8
S01004256,565,562,3
S01004257,531,528,3
S01004258,709,706,3
S01004259,609,607,2
S01004260,563,553,10
S01004261,861,857,4
S01004262,751,748,3
S01004263,759,759,0
S01004264,703,695,8
S01004265,921,903,18
S01004266,536,535,1
S01004267,515,513,2
S01004268,655,655,0
S01004269,796,794,2
S01004270,537,537,0
S01004271,578,574,4
S01004272,646,644,2
S01004273,712,707,5
S01004274,796,788,8
S01004275,585,583,2
S01004276,700,685,15
S01004277,794,777,17
S01004278,916,916,0
S01004279,929,918,11
S01004280,998,992,6
S01004281,583,582,1
S01004282,989,977,12
S01004283,738,732,6
S01004284,960,957,3
S01004285,886,881,5
S01004286,759,753,6
S01004287,646,644,2
S01004288,735,709,26
S01004289,613,600,13
S01004290,700,692,8
S01004291,827,813,14
S01004292,774,770,4
S01004293,817,790,27
S01004294,774,767,7
S01004295,850,846,4
S01004296,815,797,18
S01004297,629,624,5
S01004298,997,992,5
S01004299,548,531,17
S01004300,550,543,7
S01004301,634,629,5
S01004302,762,742,20
S01004303,606,603,3
S01004304,938,931,7
S01004305,660,655,5
S01004306,576,570,6
S01004307,830,820,10
S01004308,990,984,6
S01004309,870,841,29
S01004310,810,800,10
S01004311,783,776,7
S01004312,705,697,8
S01004313,966,951,15
S01004314,771,769,2
S01004315,557,553,4
S01004316,535,530,5
S01004317,884,884,0
S01004318,618,618,0
S01004319,872,865,7
S01004320,918,918,0
S01004321,785,783,2
S01004322,976,972,4
S01004323,648,639,9
S01004324,849,847,2
S01004325,996,983,13
S01004326,804,801,3
S01004327,700,696,4
S01004328,667,666,1
S01004329,524,523,1
S01004330,992,988,4
S01004331,569,564,5
S01004332,575,575,0
S01004333,531,531,0
S01004334,1690,1622,68
S01004335,528,522,6
S01004336,995,985,10
S01004337,700,697,3
S01004338,703,696,7
S01004339,921,918,3
S01004340,577,573,4
S01004341,600,598,2
S01004342,801,797,4
S01004343,547,543,4
S01004344,769,762,7
S01004345,883,879,4
S01004346,555,542,13
S01004347,793,781,12
S01004348,580,574,6
S01004349,800,799,1
S01004350,562,560,2
S01004351,508,507,1
S01004352,575,574,1
S01004353,921,917,4
S01004354,587,584,3
S01004355,565,551,14
S01004356,982,982,0
S01004357,775,757,18
S01004358,774,774,0
S01004359,515,515,0
S01004360,637,628,9
S01004361,580,568,12
S01004362,547,546,1
S01004363,1017,1008,9
S01004364,787,786,1
S01004365,765,760,5
S01004366,620,620,0
S01004367,874,862,12
S01004368,537,534,3
S01004369,778,775,3
S01004370,733,732,1
S01004371,761,752,9
S01004372,974,966,8
S01004373,564,561,3
S01004374,600,587,13
S01004375,748,741,7
S01004376,931,926,5
S01004377,737,716,21
S01004378,964,949,15
S01004379,959,957,2
S01004380,688,681,7
S01004381,816,813,3
S01004382,687,672,15
S01004383,811,804,7
S01004384,681,677,4
S01004385,830,821,9
S01004386,908,902,6
S01004387,968,968,0
S01004388,809,808,1
S01004389,609,605,4
S01004390,824,815,9
S01004391,593,573,20
S01004392,893,883,10
S01004393,911,908,3
S01004394,795,795,0
S01004395,530,526,4
S01004396,797,794,3
S01004397,958,914,44
S01004398,852,849,3
S01004399,507,506,1
S01004400,558,557,1
S01004401,1099,1073,26
S01004402,974,973,1
S01004403,513,511,2
S01004404,669,644,25
S01004405,758,758,0
S01004406,869,868,1
S01004407,651,650,1
S01004408,572,570,2
S01004409,656,653,3
S01004410,935,930,5
S01004411,628,626,2
S01004412,958,950,8
S01004413,815,811,4
S01004414,695,689,6
S01004415,626,624,2
S01004416,691,686,5
S01004417,764,762,2
S01004418,924,918,6
S01004419,839,834,5
S01004420,756,751,5
S01004421,741,738,3
S01004422,570,561,9
S01004423,829,815,14
S01004424,715,708,7
S01004425,630,621,9
S01004426,559,557,2
S01004427,737,737,0
S01004428,745,744,1
S01004429,867,863,4
S01004430,512,511,1
S01004431,714,713,1
S01004432,947,947,0
S01004433,968,953,15
S01004434,792,787,5
S01004435,595,590,5
S01004436,797,793,4
S01004437,926,924,2
S01004438,684,684,0
S01004439,686,683,3
S01004440,723,723,0
S01004441,832,828,4
S01004442,928,923,5
S01004443,684,684,0
S01004444,902,898,4
S01004445,769,766,3
S01004446,797,796,1
S01004447,763,760,3
S01004448,614,613,1
S01004449,914,904,10
S01004450,886,886,0
S01004451,907,904,3
S01004452,691,690,1
S01004453,1014,1004,10
S01004454,925,925,0
S01004455,807,802,5
S01004456,568,567,1
S01004457,871,870,1
S01004458,846,842,4
S01004459,573,569,4
S01004460,652,650,2
S01004461,603,590,13
S01004462,643,620,23
S01004463,791,791,0
S01004464,868,865,3
S01004465,771,757,14
S01004466,897,892,5
S01004467,996,993,3
S01004468,796,765,31
S01004469,694,693,1
S01004470,580,557,23
S01004471,616,610,6
S01004472,735,729,6
S01004473,1018,1013,5
S01004474,1015,1013,2
S01004475,501,501,0
S01004476,721,713,8
S01004477,904,898,6
S01004478,635,625,10
S01004479,650,650,0
S01004480,984,981,3
S01004481,569,569,0
S01004482,922,920,2
S01004483,706,691,15
S01004484,993,991,2
S01004485,510,510,0
S01004486,938,938,0
S01004487,952,952,0
S01004488,708,707,1
S01004489,848,837,11
S01004490,708,708,0
S01004491,817,815,2
S01004492,976,969,7
S01004493,1042,1038,4
S01004494,889,889,0
S01004495,684,684,0
S01004496,645,643,2
S01004497,783,782,1
S01004498,599,598,1
S01004499,690,683,7
S01004500,747,743,4
S01004501,574,572,2
S01004502,753,750,3
S01004503,730,727,3
S01004504,721,718,3
S01004505,603,598,5
S01004506,538,538,0
S01004507,763,761,2
S01004508,636,634,2
S01004509,712,706,6
S01004510,841,837,4
S01004511,868,856,12
S01004512,942,942,0
S01004513,502,502,0
S01004514,561,561,0
S01004515,747,741,6
S01004516,513,508,5
S01004517,689,688,1
S01004518,691,689,2
S01004519,886,879,7
S01004520,831,825,6
S01004521,787,783,4
S01004522,608,603,5
S01004523,692,689,3
S01004524,626,619,7
S01004525,753,747,6
S01004526,726,713,13
S01004527,558,554,4
S01004528,791,789,2
S01004529,789,786,3
S01004530,602,592,10
S01004531,737,722,15
S01004532,649,642,7
S01004533,387,384,3
S01004534,702,701,1
S01004535,714,712,2
S01004536,742,740,2
S01004537,846,845,1
S01004538,801,789,12
S01004539,659,656,3
S01004540,869,862,7
S01004541,768,768,0
S01004542,589,578,11
S01004543,773,769,4
S01004544,997,986,11
S01004545,687,684,3
S01004546,966,952,14
S01004547,860,854,6
S01004548,785,785,0
S01004549,845,845,0
S01004550,702,696,6
S01004551,944,940,4
S01004552,733,733,0
S01004553,535,492,43
S01004554,637,622,15
S01004555,745,737,8
S01004556,674,674,0
S01004557,432,428,4
S01004558,959,952,7
S01004559,1021,986,35
S01004560,626,622,4
S01004561,1044,1043,1
S01004562,520,514,6
S01004563,809,804,5
S01004564,567,564,3
S01004565,707,690,17
S01004566,733,728,5
S01004567,506,504,2
S01004568,669,649,20
S01004569,700,699,1
S01004570,696,649,47
S01004571,660,659,1
S01004572,739,730,9
S01004573,617,614,3
S01004574,505,504,1
S01004575,719,713,6
S01004576,618,593,25
S01004577,575,573,2
S01004578,941,926,15
S01004579,656,654,2
S01004580,877,874,3
S01004581,1091,1072,19
S01004582,588,581,7
S01004583,778,775,3
S01004584,590,589,1
S01004585,610,608,2
S01004586,1118,1056,62
S01004587,906,901,5
S01004588,637,629,8
S01004589,752,731,21
S01004590,701,688,13
S01004591,604,587,17
S01004592,652,651,1
S01004593,858,855,3
S01004594,567,564,3
S01004595,938,918,20
S01004596,656,656,0
S01004597,567,551,16
S01004598,687,687,0
S01004599,575,567,8
S01004600,889,889,0
S01004601,861,852,9
S01004602,971,968,3
S01004603,906,892,14
S01004604,561,554,7
S01004605,1025,1019,6
S01004606,736,733,3
S01004607,625,620,5
S01004608,646,637,9
S01004609,589,589,0
S01004610,752,749,3
S01004611,1251,1239,12
S01004612,770,757,13
S01004613,874,830,44
S01004614,826,817,9
S01004615,814,804,10
S01004616,889,869,20
S01004617,767,752,15
S01004618,658,655,3
S01004619,583,583,0
S01004620,800,778,22
S01004621,997,990,7
S01004622,818,794,24
S01004623,979,976,3
S01004624,1048,1043,5
S01004625,866,864,2
S01004626,650,641,9
S01004627,586,576,10
S01004628,596,592,4
S01004629,989,925,64
S01004630,952,949,3
S01004631,801,796,5
S01004632,981,974,7
S01004633,530,530,0
S01004634,1069,1005,64
S01004635,735,735,0
S01004636,668,663,5
S01004637,545,535,10
S01004638,605,598,7
S01004639,713,706,7
S01004640,796,774,22
S01004641,656,651,5
S01004642,907,891,16
S01004643,562,558,4
S01004644,740,731,9
S01004645,1004,998,6
S01004646,775,770,5
S01004647,1544,1511,33
S01004648,975,962,13
S01004649,615,606,9
S01004650,856,856,0
S01004651,957,948,9
S01004652,911,888,23
S01004653,653,644,9
S01004654,861,856,5
S01004655,862,853,9
S01004656,560,558,2
S01004657,759,750,9
S01004658,949,923,26
S01004659,517,516,1
S01004660,757,739,18
S01004661,707,702,5
S01004662,978,969,9
S01004663,561,556,5
S01004664,654,645,9
S01004665,753,738,15
S01004666,788,776,12
S01004667,704,696,8
S01004668,883,869,14
S01004669,787,778,9
S01004670,877,838,39
S01004671,920,893,27
S01004672,671,670,1
S01004673,918,913,5
S01004674,854,853,1
S01004675,855,843,12
S01004676,778,775,3
S01004677,820,817,3
S01004678,805,803,2
S01004679,495,476,19
S01004680,866,858,8
S01004681,747,701,46
S01004682,574,570,4
S01004683,719,672,47
S01004684,750,742,8
S01004685,539,534,5
S01004686,747,746,1
S01004687,813,811,2
S01004688,723,717,6
S01004689,998,962,36
S01004690,540,518,22
S01004691,812,807,5
S01004692,697,697,0
S01004693,815,796,19
S01004694,627,625,2
S01004695,793,763,30
S01004696,872,871,1
S01004697,881,863,18
S01004698,605,592,13
S01004699,813,811,2
S01004700,753,748,5
S01004701,572,561,11
S01004702,591,578,13
S01004703,785,770,15
S01004704,636,631,5
S01004705,938,935,3
S01004706,558,537,21
S01004707,1012,1010,2
S01004708,739,729,10
S01004709,745,736,9
S01004710,861,859,2
S01004711,810,806,4
S01004712,570,566,4
S01004713,736,735,1
S01004714,734,729,5
S01004715,807,803,4
S01004716,894,892,2
S01004717,747,747,0
S01004718,972,963,9
S01004719,726,725,1
S01004720,708,704,4
S01004721,622,599,23
S01004722,705,702,3
S01004723,582,579,3
S01004724,938,936,2
S01004725,619,619,0
S01004726,564,562,2
S01004727,872,872,0
S01004728,637,600,37
S01004729,657,657,0
S01004730,1063,1061,2
S01004731,825,825,0
S01004732,622,599,23
S01004733,818,814,4
S01004734,544,539,5
S01004735,900,894,6
S01004736,720,718,2
S01004737,745,744,1
S01004738,659,655,4
S01004739,750,747,3
S01004740,671,653,18
S01004741,629,626,3
S01004742,942,939,3
S01004743,901,891,10
S01004744,640,638,2
S01004745,822,821,1
S01004746,795,789,6
S01004747,785,783,2
S01004748,610,603,7
S01004749,667,667,0
S01004750,719,710,9
S01004751,824,820,4
S01004752,796,791,5
S01004753,675,672,3
S01004754,683,676,7
S01004755,705,695,10
S01004756,603,601,2
S01004757,920,914,6
S01004758,960,947,13
S01004759,609,605,4
S01004760,732,727,5
S01004761,552,532,20
S01004762,664,656,8
S01004763,859,827,32
S01004764,767,766,1
S01004765,982,980,2
S01004766,770,756,14
S01004767,691,680,11
S01004768,991,983,8
S01004769,568,564,4
S01004770,548,543,5
S01004771,779,767,12
S01004772,609,608,1
S01004773,797,794,3
S01004774,987,977,10
S01004775,790,782,8
S01004776,801,787,14
S01004777,619,605,14
S01004778,727,719,8
S01004779,780,779,1
S01004780,532,520,12
S01004781,824,807,17
S01004782,776,756,20
S01004783,978,964,14
S01004784,769,760,9
S01004785,625,624,1
S01004786,502,490,12
S01004787,1054,1035,19
S01004788,797,783,14
S01004789,999,977,22
S01004790,748,726,22
S01004791,605,604,1
S01004792,677,665,12
S01004793,912,847,65
S01004794,705,702,3
S01004795,971,971,0
S01004796,769,765,4
S01004797,723,714,9
S01004798,885,881,4
S01004799,612,608,4
S01004800,632,628,4
S01004801,717,717,0
S01004802,891,876,15
S01004803,853,847,6
S01004804,926,924,2
S01004805,676,673,3
S01004806,530,528,2
S01004807,536,531,5
S01004808,744,740,4
S01004809,487,479,8
S01004810,676,672,4
S01004811,638,628,10
S01004812,851,844,7
S01004813,903,896,7
S01004814,900,896,4
S01004815,728,716,12
S01004816,795,792,3
S01004817,544,542,2
S01004818,843,840,3
S01004819,698,695,3
S01004820,1090,1085,5
S01004821,984,983,1
S01004822,717,715,2
S01004823,811,808,3
S01004824,785,774,11
S01004825,634,632,2
S01004826,742,739,3
S01004827,697,695,2
S01004828,1000,997,3
S01004829,783,781,2
S01004830,710,709,1
S01004831,866,843,23
S01004832,638,631,7
S01004833,823,807,16
S01004834,791,771,20
S01004835,713,707,6
S01004836,718,668,50
S01004837,834,827,7
S01004838,967,961,6
S01004839,914,911,3
S01004840,698,696,2
S01004841,850,842,8
S01004842,561,542,19
S01004843,715,704,11
S01004844,879,863,16
S01004845,781,772,9
S01004846,745,743,2
S01004847,894,883,11
S01004848,688,675,13
S01004849,576,570,6
S01004850,820,818,2
S01004851,620,619,1
S01004852,730,730,0
S01004853,738,734,4
S01004854,984,971,13
S01004855,645,643,2
S01004856,697,691,6
S01004857,929,920,9
S01004858,931,927,4
S01004859,985,969,16
S01004860,501,495,6
S01004861,824,818,6
S01004862,691,673,18
S01004863,986,971,15
S01004864,587,573,14
S01004865,686,676,10
S01004866,954,952,2
S01004867,800,782,18
S01004868,766,759,7
S01004869,900,889,11
S01004870,936,925,11
S01004871,779,755,24
S01004872,863,852,11
S01004873,791,788,3
S01004874,863,847,16
S01004875,775,677,98
S01004876,1018,997,21
S01004877,760,758,2
S01004878,746,745,1
S01004879,711,705,6
S01004880,718,714,4
S01004881,795,792,3
S01004882,525,525,0
S01004883,787,774,13
S01004884,577,571,6
S01004885,616,607,9
S01004886,869,850,19
S01004887,428,424,4
S01004888,640,623,17
S01004889,922,906,16
S01004890,752,747,5
S01004891,963,958,5
S01004892,771,751,20
S01004893,757,746,11
S01004894,756,743,13
S01004895,864,852,12
S01004896,958,938,20
S01004897,595,567,28
S01004898,1038,1027,11
S01004899,722,720,2
S01004900,730,693,37
S01004901,785,775,10
S01004902,767,753,14
S01004903,650,632,18
S01004904,1061,1054,7
S01004905,1072,1059,13
S01004906,835,833,2
S01004907,734,727,7
S01004908,710,703,7
S01004909,880,877,3
S01004910,870,861,9
S01004911,792,781,11
S01004912,748,739,9
S01004913,658,652,6
S01004914,663,650,13
S01004915,618,613,5
S01004916,783,773,10
S01004917,566,552,14
S01004918,586,581,5
S01004919,536,521,15
S01004920,966,941,25
S01004921,721,710,11
S01004922,701,684,17
S01004923,837,826,11
S01004924,868,859,9
S01004925,551,545,6
S01004926,950,879,71
S01004927,995,988,7
S01004928,634,624,10
S01004929,705,689,16
S01004930,642,640,2
S01004931,900,896,4
S01004932,762,760,2
S01004933,905,891,14
S01004934,680,670,10
S01004935,621,620,1
S01004936,907,893,14
S01004937,529,522,7
S01004938,771,769,2
S01004939,605,605,0
S01004940,547,546,1
S01004941,651,640,11
S01004942,1008,1002,6
S01004943,870,866,4
S01004944,521,520,1
S01004945,611,606,5
S01004946,604,599,5
S01004947,693,693,0
S01004948,533,529,4
S01004949,566,565,1
S01004950,509,507,2
S01004951,656,655,1
S01004952,926,922,4
S01004953,877,876,1
S01004954,785,785,0
S01004955,670,668,2
S01004956,678,677,1
S01004957,645,643,2
S01004958,909,891,18
S01004959,592,581,11
S01004960,582,580,2
S01004961,637,634,3
S01004962,570,570,0
S01004963,559,558,1
S01004964,989,987,2
S01004965,827,825,2
S01004966,779,778,1
S01004967,555,551,4
S01004968,567,564,3
S01004969,906,899,7
S01004970,749,748,1
S01004971,935,931,4
S01004972,749,749,0
S01004973,869,866,3
S01004974,878,874,4
S01004975,741,735,6
S01004976,756,749,7
S01004977,983,982,1
S01004978,976,964,12
S01004979,915,914,1
S01004980,1051,1034,17
S01004981,951,946,5
S01004982,710,703,7
S01004983,911,908,3
S01004984,776,771,5
S01004985,718,712,6
S01004986,646,642,4
S01004987,517,516,1
S01004988,539,539,0
S01004989,633,631,2
S01004990,509,506,3
S01004991,565,560,5
S01004992,874,873,1
S01004993,673,669,4
S01004994,811,805,6
S01004995,931,921,10
S01004996,656,646,10
S01004997,881,878,3
S01004998,803,796,7
S01004999,822,821,1
S01005000,569,564,5
S01005001,1040,1009,31
S01005002,790,785,5
S01005003,882,876,6
S01005004,589,585,4
S01005005,954,952,2
S01005006,573,571,2
S01005007,852,849,3
S01005008,1319,1290,29
S01005009,642,633,9
S01005010,594,592,2
S01005011,570,566,4
S01005012,704,693,11
S01005013,676,668,8
S01005014,833,816,17
S01005015,648,648,0
S01005016,733,731,2
S01005017,721,720,1
S01005018,617,607,10
S01005019,1020,1016,4
S01005020,917,872,45
S01005021,964,950,14
S01005022,673,655,18
S01005023,596,592,4
S01005024,932,923,9
S01005025,672,667,5
S01005026,577,573,4
S01005027,702,699,3
S01005028,571,569,2
S01005029,940,927,13
S01005030,993,981,12
S01005031,656,648,8
S01005032,873,868,5
S01005033,711,691,20
S01005034,832,813,19
S01005035,911,909,2
S01005036,549,547,2
S01005037,965,917,48
S01005038,898,890,8
S01005039,1078,1065,13
S01005040,860,843,17
S01005041,558,546,12
S01005042,840,832,8
S01005043,753,750,3
S01005044,907,895,12
S01005045,896,863,33
S01005046,1038,1011,27
S01005047,916,896,20
S01005048,604,588,16
S01005049,706,699,7
S01005050,949,942,7
S01005051,889,867,22
S01005052,663,660,3
S01005053,893,883,10
S01005054,599,595,4
S01005055,790,789,1
S01005056,740,728,12
S01005057,754,746,8
S01005058,699,690,9
S01005059,540,539,1
S01005060,725,725,0
S01005061,961,951,10
S01005062,495,495,0
S01005063,544,525,19
S01005064,792,789,3
S01005065,860,850,10
S01005066,793,779,14
S01005067,488,484,4
S01005068,702,700,2
S01005069,614,610,4
S01005070,853,846,7
S01005071,296,291,5
S01005072,602,599,3
S01005073,638,634,4
S01005074,769,765,4
S01005075,504,486,18
S01005076,765,761,4
S01005077,693,689,4
S01005078,730,730,0
S01005079,685,681,4
S01005080,449,446,3
S01005081,661,653,8
S01005082,696,693,3
S01005083,935,929,6
S01005084,621,612,9
S01005085,568,563,5
S01005086,732,722,10
S01005087,508,505,3
S01005088,594,592,2
S01005089,817,813,4
S01005090,863,852,11
S01005091,696,695,1
S01005092,668,664,4
S01005093,785,780,5
S01005094,519,516,3
S01005095,988,964,24
S01005096,607,600,7
S01005097,753,739,14
S01005098,605,604,1
S01005099,834,828,6
S01005100,593,593,0
S01005101,825,806,19
S01005102,973,968,5
S01005103,999,979,20
S01005104,1039,1017,22
S01005105,878,873,5
S01005106,559,557,2
S01005107,463,459,4
S01005108,569,568,1
S01005109,912,912,0
S01005110,999,998,1
S01005111,527,526,1
S01005112,880,880,0
S01005113,1043,1038,5
S01005114,939,931,8
S01005115,889,879,10
S01005116,647,644,3
S01005117,682,676,6
S01005118,762,760,2
S01005119,669,666,3
S01005120,650,647,3
S01005121,784,781,3
S01005122,773,765,8
S01005123,746,741,5
S01005124,750,746,4
S01005125,790,787,3
S01005126,559,559,0
S01005127,633,630,3
S01005128,834,834,0
S01005129,873,866,7
S01005130,651,648,3
S01005131,853,841,12
S01005132,699,697,2
S01005133,389,389,0
S01005134,969,966,3
S01005135,674,668,6
S01005136,814,804,10
S01005137,862,860,2
S01005138,1079,1073,6
S01005139,657,655,2
S01005140,703,693,10
S01005141,858,853,5
S01005142,636,635,1
S01005143,993,983,10
S01005144,1036,1011,25
S01005145,793,792,1
S01005146,651,646,5
S01005147,925,924,1
S01005148,600,595,5
S01005149,600,580,20
S01005150,641,640,1
S01005151,725,719,6
S01005152,738,736,2
S01005153,756,756,0
S01005154,605,597,8
S01005155,746,745,1
S01005156,719,716,3
S01005157,913,911,2
S01005158,757,749,8
S01005159,940,939,1
S01005160,1023,1017,6
S01005161,953,935,18
S01005162,973,966,7
S01005163,581,580,1
S01005164,924,922,2
S01005165,765,764,1
S01005166,1040,1038,2
S01005167,722,717,5
S01005168,687,680,7
S01005169,619,616,3
S01005170,837,823,14
S01005171,993,993,0
S01005172,1198,1171,27
S01005173,705,692,13
S01005174,769,767,2
S01005175,690,684,6
S01005176,684,678,6
S01005177,948,941,7
S01005178,857,852,5
S01005179,979,976,3
S01005180,910,907,3
S01005181,907,901,6
S01005182,722,720,2
S01005183,938,929,9
S01005184,825,825,0
S01005185,533,526,7
S01005186,747,747,0
S01005187,945,940,5
S01005188,990,976,14
S01005189,851,846,5
S01005190,930,907,23
S01005191,880,878,2
S01005192,788,776,12
S01005193,889,879,10
S01005194,593,584,9
S01005195,1007,977,30
S01005196,804,800,4
S01005197,768,754,14
S01005198,920,916,4
S01005199,908,906,2
S01005200,632,627,5
S01005201,873,868,5
S01005202,905,902,3
S01005203,815,814,1
S01005204,551,548,3
S01005205,883,877,6
S01005206,932,890,42
S01005207,954,948,6
S01005208,543,543,0
S01005209,801,792,9
S01005210,961,958,3
S01005211,723,721,2
S01005212,588,587,1
S01005213,943,940,3
S01005214,778,763,15
S01005215,899,894,5
S01005216,593,582,11
S01005217,835,828,7
S01005218,888,886,2
S01005219,857,855,2
S01005220,674,670,4
S01005221,789,758,31
S01005222,696,676,20
S01005223,735,729,6
S01005224,780,761,19
S01005225,922,911,11
S01005226,553,515,38
S01005227,844,831,13
S01005228,1299,1281,18
S01005229,852,839,13
S01005230,789,786,3
S01005231,751,744,7
S01005232,911,903,8
S01005233,600,598,2
S01005234,1014,992,22
S01005235,578,572,6
S01005236,945,941,4
S01005237,961,944,17
S01005238,822,815,7
S01005239,921,908,13
S01005240,837,819,18
S01005241,950,944,6
S01005242,842,832,10
S01005243,750,735,15
S01005244,958,938,20
S01005245,671,647,24
S01005246,945,932,13
S01005247,735,735,0
S01005248,574,568,6
S01005249,728,716,12
S01005250,795,786,9
S01005251,935,922,13
S01005252,548,547,1
S01005253,555,545,10
S01005254,789,755,34
S01005255,557,554,3
S01005256,721,708,13
S01005257,958,938,20
S01005258,1035,1032,3
S01005259,653,647,6
S01005260,645,633,12
S01005261,519,515,4
S01005262,1008,1000,8
S01005263,517,517,0
S01005264,733,733,0
S01005265,437,432,5
S01005266,860,859,1
S01005267,929,919,10
S01005268,899,893,6
S01005269,711,706,5
S01005270,1059,1026,33
S01005271,594,588,6
S01005272,660,654,6
S01005273,809,797,12
S01005274,733,722,11
S01005275,487,486,1
S01005276,660,656,4
S01005277,655,654,1
S01005278,840,838,2
S01005279,546,537,9
S01005280,762,759,3
S01005281,890,882,8
S01005282,764,762,2
S01005283,813,810,3
S01005284,681,679,2
S01005285,696,691,5
S01005286,743,723,20
S01005287,862,822,40
S01005288,886,884,2
S01005289,778,771,7
S01005290,594,590,4
S01005291,672,662,10
S01005292,708,703,5
S01005293,848,848,0
S01005294,574,557,17
S01005295,602,597,5
S01005296,890,848,42
S01005297,703,669,34
S01005298,1069,1055,14
S01005299,578,578,0
S01005300,949,915,34
S01005301,891,884,7
S01005302,1014,1008,6
S01005303,763,758,5
S01005304,726,708,18
S01005305,826,812,14
S01005306,1021,958,63
S01005307,919,893,26
S01005308,529,525,4
S01005309,945,944,1
S01005310,1010,1004,6
S01005311,940,902,38
S01005312,642,635,7
S01005313,918,857,61
S01005314,543,529,14
S01005315,646,637,9
S01005316,900,870,30
S01005317,569,565,4
S01005318,567,564,3
S01005319,691,653,38
S01005320,677,670,7
S01005321,644,633,11
S01005322,806,778,28
S01005323,707,689,18
S01005324,727,720,7
S01005325,815,790,25
S01005326,961,954,7
S01005327,649,638,11
S01005328,625,615,10
S01005329,551,548,3
S01005330,700,698,2
S01005331,738,737,1
S01005332,553,552,1
S01005333,820,808,12
S01005334,678,674,4
S01005335,549,519,30
S01005336,614,609,5
S01005337,966,940,26
S01005338,580,570,10
S01005339,763,762,1
S01005340,589,574,15
S01005341,699,692,7
S01005342,777,768,9
S01005343,970,960,10
S01005344,775,767,8
S01005345,774,762,12
S01005346,840,831,9
S01005347,740,715,25
S01005348,892,875,17
S01005349,889,886,3
S01005350,766,764,2
S01005351,985,979,6
S01005352,912,912,0
S01005353,1024,1020,4
S01005354,966,966,0
S01005355,750,745,5
S01005356,735,734,1
S01005357,745,745,0
S01005358,871,868,3
S01005359,930,930,0
S01005360,889,886,3
S01005361,903,888,15
S01005362,667,662,5
S01005363,687,683,4
S01005364,934,932,2
S01005365,681,679,2
S01005366,759,759,0
S01005367,817,814,3
S01005368,747,747,0
S01005369,988,977,11
S01005370,870,860,10
S01005371,991,991,0
S01005372,813,809,4
S01005373,701,692,9
S01005374,875,874,1
S01005375,992,991,1
S01005376,956,948,8
S01005377,900,897,3
S01005378,778,774,4
S01005379,973,964,9
S01005380,693,690,3
S01005381,682,680,2
S01005382,762,758,4
S01005383,669,666,3
S01005384,823,819,4
S01005385,778,770,8
S01005386,608,607,1
S01005387,960,958,2
S01005388,756,753,3
S01005389,740,737,3
S01005390,846,842,4
S01005391,737,733,4
S01005392,885,880,5
S01005393,883,883,0
S01005394,841,840,1
S01005395,859,854,5
S01005396,660,660,0
S01005397,591,588,3
S01005398,974,973,1
S01005399,969,954,15
S01005400,990,981,9
S01005401,950,945,5
S01005402,924,918,6
S01005403,935,930,5
S01005404,854,842,12
S01005405,537,536,1
S01005406,549,547,2
S01005407,943,941,2
S01005408,555,553,2
S01005409,644,644,0
S01005410,737,736,1
S01005411,903,902,1
S01005412,927,916,11
S01005413,841,834,7
S01005414,963,952,11
S01005415,770,767,3
S01005416,964,960,4
S01005417,767,755,12
S01005418,801,794,7
S01005419,712,712,0
S01005420,836,835,1
S01005421,941,940,1
S01005422,927,908,19
S01005423,978,974,4
S01005424,828,822,6
S01005425,903,889,14
S01005426,760,757,3
S01005427,782,780,2
S01005428,953,948,5
S01005429,698,696,2
S01005430,639,633,6
S01005431,747,745,2
S01005432,790,785,5
S01005433,858,850,8
S01005434,655,651,4
S01005435,812,806,6
S01005436,897,892,5
S01005437,909,906,3
S01005438,857,853,4
S01005439,647,643,4
S01005440,943,939,4
S01005441,892,885,7
S01005442,878,868,10
S01005443,917,902,15
S01005444,908,899,9
S01005445,928,928,0
S01005446,783,776,7
S01005447,835,834,1
S01005448,952,947,5
S01005449,856,855,1
S01005450,908,906,2
S01005451,999,990,9
S01005452,912,906,6
S01005453,905,895,10
S01005454,780,777,3
S01005455,896,893,3
S01005456,864,862,2
S01005457,945,944,1
S01005458,828,824,4
S01005459,845,837,8
S01005460,791,785,6
S01005461,762,758,4
S01005462,967,965,2
S01005463,548,545,3
S01005464,579,577,2
S01005465,565,561,4
S01005466,864,859,5
S01005467,516,515,1
S01005468,913,906,7
S01005469,835,833,2
S01005470,688,684,4
S01005471,771,769,2
S01005472,817,807,10
S01005473,728,727,1
S01005474,860,841,19
S01005475,792,790,2
S01005476,910,909,1
S01005477,898,896,2
S01005478,836,834,2
S01005479,558,556,2
S01005480,778,778,0
S01005481,646,644,2
S01005482,609,608,1
S01005483,713,713,0
S01005484,557,553,4
S01005485,796,791,5
S01005486,856,849,7
S01005487,624,618,6
S01005488,891,891,0
S01005489,927,925,2
S01005490,600,593,7
S01005491,935,930,5
S01005492,948,943,5
S01005493,683,680,3
S01005494,683,681,2
S01005495,658,647,11
S01005496,983,981,2
S01005497,590,586,4
S01005498,869,863,6
S01005499,738,716,22
S01005500,781,776,5
S01005501,801,799,2
S01005502,859,847,12
S01005503,594,582,12
S01005504,610,603,7
S01005505,655,646,9
S01005506,879,853,26
S01005507,533,522,11
S01005508,765,743,22
S01005509,508,504,4
S01005510,610,605,5
S01005511,577,573,4
S01005512,660,657,3
S01005513,722,716,6
S01005514,570,566,4
S01005515,590,583,7
S01005516,520,514,6
S01005517,920,916,4
S01005518,974,963,11
S01005519,681,674,7
S01005520,957,957,0
S01005521,806,801,5
S01005522,628,623,5
S01005523,879,870,9
S01005524,754,753,1
S01005525,753,745,8
S01005526,718,718,0
S01005527,525,520,5
S01005528,498,495,3
S01005529,861,860,1
S01005530,660,658,2
S01005531,576,570,6
S01005532,877,872,5
S01005533,785,781,4
S01005534,658,658,0
S01005535,845,844,1
S01005536,925,923,2
S01005537,726,725,1
S01005538,885,882,3
S01005539,908,907,1
S01005540,799,799,0
S01005541,663,661,2
S01005542,732,730,2
S01005543,797,786,11
S01005544,728,728,0
S01005545,851,838,13
S01005546,683,678,5
S01005547,697,692,5
S01005548,1003,974,29
S01005549,980,975,5
S01005550,627,627,0
S01005551,902,890,12
S01005552,848,843,5
S01005553,831,822,9
S01005554,726,720,6
S01005555,714,710,4
S01005556,540,540,0
S01005557,796,792,4
S01005558,747,741,6
S01005559,698,693,5
S01005560,662,661,1
S01005561,872,862,10
S01005562,927,912,15
S01005563,782,780,2
S01005564,804,797,7
S01005565,596,584,12
S01005566,543,542,1
S01005567,994,993,1
S01005568,573,570,3
S01005569,720,716,4
S01005570,797,794,3
S01005571,733,722,11
S01005572,827,821,6
S01005573,711,706,5
S01005574,836,835,1
S01005575,750,738,12
S01005576,796,785,11
S01005577,864,863,1
S01005578,962,959,3
S01005579,809,801,8
S01005580,662,662,0
S01005581,743,737,6
S01005582,799,791,8
S01005583,610,609,1
S01005584,576,565,11
S01005585,755,741,14
S01005586,715,715,0
S01005587,1037,1035,2
S01005588,697,694,3
S01005589,814,805,9
S01005590,790,781,9
S01005591,914,913,1
S01005592,502,497,5
S01005593,893,893,0
S01005594,827,816,11
S01005595,838,835,3
S01005596,539,539,0
S01005597,972,972,0
S01005598,940,917,23
S01005599,500,495,5
S01005600,720,708,12
S01005601,710,710,0
S01005602,729,723,6
S01005603,550,549,1
S01005604,559,559,0
S01005605,977,977,0
S01005606,620,613,7
S01005607,626,622,4
S01005608,907,904,3
S01005609,777,743,34
S01005610,581,580,1
S01005611,725,724,1
S01005612,766,762,4
S01005613,742,739,3
S01005614,793,793,0
S01005615,963,960,3
S01005616,658,641,17
S01005617,875,871,4
S01005618,622,622,0
S01005619,605,596,9
S01005620,480,479,1
S01005621,725,714,11
S01005622,924,922,2
S01005623,830,821,9
S01005624,891,889,2
S01005625,887,881,6
S01005626,839,839,0
S01005627,692,687,5
S01005628,940,929,11
S01005629,781,779,2
S01005630,542,518,24
S01005631,758,758,0
S01005632,509,504,5
S01005633,735,735,0
S01005634,796,789,7
S01005635,862,862,0
S01005636,858,856,2
S01005637,996,990,6
S01005638,848,847,1
S01005639,768,767,1
S01005640,536,526,10
S01005641,869,867,2
S01005642,712,700,12
S01005643,628,625,3
S01005644,610,603,7
S01005645,838,834,4
S01005646,802,788,14
S01005647,748,740,8
S01005648,871,870,1
S01005649,920,917,3
S01005650,628,623,5
S01005651,760,758,2
S01005652,717,714,3
S01005653,900,895,5
S01005654,761,760,1
S01005655,883,878,5
S01005656,613,606,7
S01005657,608,607,1
S01005658,886,872,14
S01005659,889,884,5
S01005660,647,646,1
S01005661,639,630,9
S01005662,621,618,3
S01005663,663,663,0
S01005664,592,592,0
S01005665,512,510,2
S01005666,913,910,3
S01005667,778,764,14
S01005668,842,838,4
S01005669,615,615,0
S01005670,683,680,3
S01005671,516,513,3
S01005672,856,850,6
S01005673,643,643,0
S01005674,941,937,4
S01005675,929,927,2
S01005676,876,874,2
S01005677,842,836,6
S01005678,848,841,7
S01005679,880,880,0
S01005680,730,727,3
S01005681,879,870,9
S01005682,656,651,5
S01005683,881,878,3
S01005684,923,921,2
S01005685,667,662,5
S01005686,715,698,17
S01005687,551,546,5
S01005688,812,802,10
S01005689,505,504,1
S01005690,751,744,7
S01005691,622,619,3
S01005692,667,662,5
S01005693,887,886,1
S01005694,598,598,0
S01005695,564,563,1
S01005696,691,690,1
S01005697,640,637,3
S01005698,578,571,7
S01005699,799,792,7
S01005700,582,574,8
S01005701,732,730,2
S01005702,683,670,13
S01005703,629,615,14
S01005704,620,614,6
S01005705,625,622,3
S01005706,772,763,9
S01005707,563,559,4
S01005708,721,717,4
S01005709,812,810,2
S01005710,426,424,2
S01005711,867,864,3
S01005712,566,560,6
S01005713,651,647,4
S01005714,782,782,0
S01005715,795,790,5
S01005716,600,600,0
S01005717,563,558,5
S01005718,794,780,14
S01005719,556,551,5
S01005720,719,710,9
S01005721,792,784,8
S01005722,542,542,0
S01005723,697,694,3
S01005724,715,709,6
S01005725,638,638,0
S01005726,902,891,11
S01005727,572,568,4
S01005728,828,827,1
S01005729,623,623,0
S01005730,743,739,4
S01005731,575,574,1
S01005732,889,878,11
S01005733,771,758,13
S01005734,674,660,14
S01005735,824,824,0
S01005736,767,757,10
S01005737,787,778,9
S01005738,875,867,8
S01005739,1000,996,4
S01005740,732,731,1
S01005741,996,992,4
S01005742,711,707,4
S01005743,668,662,6
S01005744,873,872,1
S01005745,978,968,10
S01005746,903,889,14
S01005747,894,887,7
S01005748,451,450,1
S01005749,857,855,2
S01005750,843,824,19
S01005751,817,812,5
S01005752,810,810,0
S01005753,731,731,0
S01005754,966,958,8
S01005755,834,828,6
S01005756,884,878,6
S01005757,622,620,2
S01005758,853,851,2
S01005759,828,823,5
S01005760,636,632,4
S01005761,682,677,5
S01005762,781,777,4
S01005763,790,781,9
S01005764,611,610,1
S01005765,873,861,12
S01005766,644,626,18
S01005767,728,709,19
S01005768,900,894,6
S01005769,786,776,10
S01005770,642,637,5
S01005771,817,817,0
S01005772,716,705,11
S01005773,860,851,9
S01005774,719,712,7
S01005775,861,860,1
S01005776,713,706,7
S01005777,600,594,6
S01005778,699,699,0
S01005779,716,697,19
S01005780,683,662,21
S01005781,868,864,4
S01005782,802,798,4
S01005783,576,573,3
S01005784,509,499,10
S01005785,826,823,3
S01005786,661,656,5
S01005787,765,753,12
S01005788,537,531,6
S01005789,931,917,14
S01005790,655,647,8
S01005791,507,499,8
S01005792,918,909,9
S01005793,550,545,5
S01005794,972,964,8
S01005795,726,716,10
S01005796,494,489,5
S01005797,799,769,30
S01005798,663,657,6
S01005799,791,786,5
S01005800,694,686,8
S01005801,787,772,15
S01005802,667,665,2
S01005803,667,664,3
S01005804,626,624,2
S01005805,627,593,34
S01005806,698,690,8
S01005807,948,937,11
S01005808,808,805,3
S01005809,587,577,10
S01005810,522,514,8
S01005811,612,609,3
S01005812,660,654,6
S01005813,869,864,5
S01005814,711,709,2
S01005815,958,953,5
S01005816,784,782,2
S01005817,538,537,1
S01005818,755,714,41
S01005819,723,721,2
S01005820,713,709,4
S01005821,527,521,6
S01005822,891,885,6
S01005823,697,688,9
S01005824,747,739,8
S01005825,734,730,4
S01005826,984,959,25
S01005827,790,773,17
S01005828,787,786,1
S01005829,791,784,7
S01005830,925,921,4
S01005831,953,934,19
S01005832,804,796,8
S01005833,719,703,16
S01005834,653,644,9
S01005835,719,717,2
S01005836,724,722,2
S01005837,513,503,10
S01005838,748,740,8
S01005839,884,882,2
S01005840,812,806,6
S01005841,690,687,3
S01005842,616,602,14
S01005843,579,577,2
S01005844,768,758,10
S01005845,549,549,0
S01005846,914,902,12
S01005847,784,784,0
S01005848,622,619,3
S01005849,845,830,15
S01005850,725,725,0
S01005851,760,758,2
S01005852,571,571,0
S01005853,999,991,8
S01005854,864,855,9
S01005855,965,959,6
S01005856,781,773,8
S01005857,708,702,6
S01005858,789,786,3
S01005859,765,761,4
S01005860,778,778,0
S01005861,598,595,3
S01005862,827,812,15
S01005863,938,917,21
S01005864,903,896,7
S01005865,747,743,4
S01005866,773,751,22
S01005867,954,940,14
S01005868,786,769,17
S01005869,731,728,3
S01005870,762,756,6
S01005871,757,749,8
S01005872,800,791,9
S01005873,1036,1024,12
S01005874,903,895,8
S01005875,740,736,4
S01005876,885,840,45
S01005877,901,885,16
S01005878,686,674,12
S01005879,675,675,0
S01005880,797,786,11
S01005881,803,796,7
S01005882,575,562,13
S01005883,509,504,5
S01005884,830,816,14
S01005885,681,678,3
S01005886,789,770,19
S01005887,527,527,0
S01005888,622,612,10
S01005889,810,799,11
S01005890,786,761,25
S01005891,634,627,7
S01005892,738,731,7
S01005893,770,770,0
S01005894,638,627,11
S01005895,644,638,6
S01005896,658,654,4
S01005897,796,796,0
S01005898,739,720,19
S01005899,713,689,24
S01005900,663,655,8
S01005901,762,732,30
S01005902,903,871,32
S01005903,918,909,9
S01005904,761,752,9
S01005905,714,700,14
S01005906,943,941,2
S01005907,763,757,6
S01005908,830,820,10
S01005909,548,538,10
S01005910,784,741,43
S01005911,995,966,29
S01005912,846,840,6
S01005913,944,939,5
S01005914,789,772,17
S01005915,733,732,1
S01005916,759,730,29
S01005917,886,881,5
S01005918,932,924,8
S01005919,555,539,16
S01005920,902,902,0
S01005921,623,620,3
S01005922,952,950,2
S01005923,769,760,9
S01005924,666,619,47
S01005925,770,731,39
S01005926,748,743,5
S01005927,848,848,0
S01005928,784,762,22
S01005929,616,609,7
S01005930,650,643,7
S01005931,795,792,3
S01005932,710,705,5
S01005933,808,778,30
S01005934,747,743,4
S01005935,651,640,11
S01005936,883,876,7
S01005937,646,610,36
S01005938,698,688,10
S01005939,772,764,8
S01005940,633,607,26
S01005941,513,495,18
S01005942,845,837,8
S01005943,934,924,10
S01005944,979,975,4
S01005945,868,859,9
S01005946,1012,1003,9
S01005947,806,800,6
S01005948,693,688,5
S01005949,711,709,2
S01005950,543,540,3
S01005951,849,847,2
S01005952,937,922,15
S01005953,936,925,11
S01005954,540,539,1
S01005955,517,490,27
S01005956,860,859,1
S01005957,968,967,1
S01005958,593,590,3
S01005959,490,489,1
S01005960,513,512,1
S01005961,800,799,1
S01005962,519,518,1
S01005963,545,543,2
S01005964,744,742,2
S01005965,808,800,8
S01005966,927,927,0
S01005967,957,936,21
S01005968,826,809,17
S01005969,750,750,0
S01005970,797,791,6
S01005971,512,510,2
S01005972,791,790,1
S01005973,789,787,2
S01005974,776,776,0
S01005975,760,759,1
S01005976,786,762,24
S01005977,781,779,2
S01005978,745,729,16
S01005979,950,943,7
S01005980,677,667,10
S01005981,571,552,19
S01005982,638,631,7
S01005983,987,985,2
S01005984,689,669,20
S01005985,829,818,11
S01005986,776,727,49
S01005987,584,581,3
S01005988,558,555,3
S01005989,810,785,25
S01005990,965,953,12
S01005991,714,713,1
S01005992,607,606,1
S01005993,797,789,8
S01005994,943,941,2
S01005995,674,670,4
S01005996,761,752,9
S01005997,674,665,9
S01005998,690,688,2
S01005999,869,862,7
S01006000,792,788,4
S01006001,907,899,8
S01006002,564,564,0
S01006003,668,663,5
S01006004,623,621,2
S01006005,646,646,0
S01006006,808,791,17
S01006007,559,557,2
S01006008,780,779,1
S01006009,579,545,34
S01006010,907,896,11
S01006011,840,835,5
S01006012,878,874,4
S01006013,540,484,56
S01006014,705,700,5
S01006015,744,738,6
S01006016,958,952,6
S01006017,734,732,2
S01006018,852,834,18
S01006019,822,814,8
S01006020,841,834,7
S01006021,901,885,16
S01006022,557,541,16
S01006023,786,783,3
S01006024,849,848,1
S01006025,861,857,4
S01006026,786,785,1
S01006027,691,690,1
S01006028,634,620,14
S01006029,755,738,17
S01006030,962,948,14
S01006031,870,864,6
S01006032,940,933,7
S01006033,700,698,2
S01006034,737,732,5
S01006035,980,973,7
S01006036,809,794,15
S01006037,896,880,16
S01006038,704,697,7
S01006039,833,833,0
S01006040,765,762,3
S01006041,895,884,11
S01006042,842,828,14
S01006043,621,619,2
S01006044,954,933,21
S01006045,662,646,16
S01006046,827,781,46
S01006047,754,751,3
S01006048,830,812,18
S01006049,775,769,6
S01006050,861,850,11
S01006051,959,900,59
S01006052,756,745,11
S01006053,867,851,16
S01006054,733,705,28
S01006055,616,602,14
S01006056,960,956,4
S01006057,488,482,6
S01006058,820,819,1
S01006059,804,789,15
S01006060,634,631,3
S01006061,551,544,7
S01006062,686,681,5
S01006063,614,612,2
S01006064,699,679,20
S01006065,779,774,5
S01006066,837,832,5
S01006067,971,957,14
S01006068,497,487,10
S01006069,736,736,0
S01006070,644,636,8
S01006071,966,962,4
S01006072,637,630,7
S01006073,504,500,4
S01006074,705,698,7
S01006075,983,973,10
S01006076,966,964,2
S01006077,800,799,1
S01006078,997,989,8
S01006079,788,771,17
S01006080,863,863,0
S01006081,775,774,1
S01006082,950,940,10
S01006083,830,826,4
S01006084,825,825,0
S01006085,800,773,27
S01006086,716,710,6
S01006087,743,740,3
S01006088,822,821,1
S01006089,762,751,11
S01006090,899,883,16
S01006091,606,605,1
S01006092,655,647,8
S01006093,602,581,21
S01006094,944,934,10
S01006095,937,924,13
S01006096,641,631,10
S01006097,948,941,7
S01006098,681,672,9
S01006099,578,554,24
S01006100,612,604,8
S01006101,646,634,12
S01006102,781,763,18
S01006103,701,689,12
S01006104,777,770,7
S01006105,706,687,19
S01006106,626,626,0
S01006107,697,696,1
S01006108,944,937,7
S01006109,775,766,9
S01006110,779,775,4
S01006111,799,792,7
S01006112,750,727,23
S01006113,879,864,15
S01006114,722,715,7
S01006115,782,765,17
S01006116,944,926,18
S01006117,826,821,5
S01006118,551,550,1
S01006119,1015,999,16
S01006120,875,853,22
S01006121,500,486,14
S01006122,824,816,8
S01006123,653,639,14
S01006124,632,616,16
S01006125,553,541,12
S01006126,705,667,38
S01006127,644,630,14
S01006128,812,788,24
S01006129,712,708,4
S01006130,562,559,3
S01006131,922,919,3
S01006132,823,818,5
S01006133,584,584,0
S01006134,501,494,7
S01006135,571,567,4
S01006136,975,973,2
S01006137,650,617,33
S01006138,636,630,6
S01006139,410,410,0
S01006140,867,847,20
S01006141,813,799,14
S01006142,657,641,16
S01006143,500,483,17
S01006144,1002,961,41
S01006145,965,916,49
S01006146,849,815,34
S01006147,799,763,36
S01006148,784,776,8
S01006149,1025,1018,7
S01006150,928,912,16
S01006151,689,643,46
S01006152,715,705,10
S01006153,603,598,5
S01006154,794,786,8
S01006155,869,858,11
S01006156,576,568,8
S01006157,771,755,16
S01006158,873,864,9
S01006159,808,783,25
S01006160,785,781,4
S01006161,750,747,3
S01006162,649,649,0
S01006163,980,967,13
S01006164,666,664,2
S01006165,861,839,22
S01006166,909,905,4
S01006167,880,878,2
S01006168,783,779,4
S01006169,677,673,4
S01006170,970,968,2
S01006171,906,902,4
S01006172,523,522,1
S01006173,622,617,5
S01006174,585,584,1
S01006175,778,778,0
S01006176,571,569,2
S01006177,660,660,0
S01006178,869,868,1
S01006179,796,795,1
S01006180,817,809,8
S01006181,754,751,3
S01006182,560,549,11
S01006183,714,714,0
S01006184,795,794,1
S01006185,980,979,1
S01006186,862,856,6
S01006187,891,882,9
S01006188,744,739,5
S01006189,780,778,2
S01006190,823,804,19
S01006191,587,575,12
S01006192,790,782,8
S01006193,689,685,4
S01006194,918,899,19
S01006195,769,767,2
S01006196,912,902,10
S01006197,861,850,11
S01006198,537,531,6
S01006199,744,743,1
S01006200,899,898,1
S01006201,1012,1002,10
S01006202,703,699,4
S01006203,617,612,5
S01006204,942,941,1
S01006205,713,701,12
S01006206,841,832,9
S01006207,908,904,4
S01006208,740,736,4
S01006209,755,749,6
S01006210,766,763,3
S01006211,594,590,4
S01006212,856,850,6
S01006213,891,882,9
S01006214,766,763,3
S01006215,822,818,4
S01006216,790,782,8
S01006217,989,982,7
S01006218,572,561,11
S01006219,937,931,6
S01006220,858,857,1
S01006221,818,813,5
S01006222,994,989,5
S01006223,759,734,25
S01006224,655,649,6
S01006225,828,827,1
S01006226,753,753,0
S01006227,715,708,7
S01006228,793,792,1
S01006229,971,968,3
S01006230,835,832,3
S01006231,931,929,2
S01006232,774,770,4
S01006233,648,647,1
S01006234,556,555,1
S01006235,759,757,2
S01006236,641,637,4
S01006237,880,869,11
S01006238,1004,1000,4
S01006239,523,514,9
S01006240,813,812,1
S01006241,846,839,7
S01006242,764,761,3
S01006243,647,640,7
S01006244,628,627,1
S01006245,653,636,17
S01006246,750,745,5
S01006247,896,892,4
S01006248,828,820,8
S01006249,778,775,3
S01006250,707,700,7
S01006251,624,619,5
S01006252,640,637,3
S01006253,706,706,0
S01006254,700,695,5
S01006255,938,918,20
S01006256,669,668,1
S01006257,813,807,6
S01006258,739,739,0
S01006259,705,703,2
S01006260,748,746,2
S01006261,869,863,6
S01006262,688,681,7
S01006263,854,849,5
S01006264,958,945,13
S01006265,822,799,23
S01006266,680,680,0
S01006267,652,651,1
S01006268,723,723,0
S01006269,659,658,1
S01006270,937,919,18
S01006271,731,726,5
S01006272,786,779,7
S01006273,681,666,15
S01006274,605,605,0
S01006275,801,795,6
S01006276,846,842,4
S01006277,761,757,4
S01006278,751,749,2
S01006279,969,968,1
S01006280,650,648,2
S01006281,779,773,6
S01006282,727,722,5
S01006283,732,723,9
S01006284,820,818,2
S01006285,796,789,7
S01006286,927,923,4
S01006287,620,613,7
S01006288,792,788,4
S01006289,899,890,9
S01006290,928,928,0
S01006291,534,531,3
S01006292,890,881,9
S01006293,976,965,11
S01006294,650,650,0
S01006295,618,615,3
S01006296,969,964,5
S01006297,762,755,7
S01006298,877,873,4
S01006299,781,769,12
S01006300,806,804,2
S01006301,626,626,0
S01006302,933,930,3
S01006303,684,672,12
S01006304,716,703,13
S01006305,677,664,13
S01006306,746,735,11
S01006307,835,831,4
S01006308,655,640,15
S01006309,937,924,13
S01006310,786,780,6
S01006311,782,782,0
S01006312,664,662,2
S01006313,1020,1001,19
S01006314,597,572,25
S01006315,882,879,3
S01006316,929,923,6
S01006317,873,863,10
S01006318,774,750,24
S01006319,881,868,13
S01006320,913,906,7
S01006321,698,664,34
S01006322,673,653,20
S01006323,904,898,6
S01006324,612,592,20
S01006325,671,666,5
S01006326,930,920,10
S01006327,563,561,2
S01006328,586,582,4
S01006329,965,955,10
S01006330,754,750,4
S01006331,752,736,16
S01006332,654,644,10
S01006333,905,904,1
S01006334,803,797,6
S01006335,881,874,7
S01006336,787,778,9
S01006337,732,703,29
S01006338,876,857,19
S01006339,808,806,2
S01006340,744,733,11
S01006341,796,774,22
S01006342,737,737,0
S01006343,739,737,2
S01006344,785,768,17
S01006345,594,593,1
S01006346,633,628,5
S01006347,633,625,8
S01006348,656,626,30
S01006349,513,513,0
S01006350,715,712,3
S01006351,976,965,11
S01006352,759,736,23
S01006353,583,575,8
S01006354,955,946,9
S01006355,738,723,15
S01006356,679,668,11
S01006357,749,727,22
S01006358,702,688,14
S01006359,868,866,2
S01006360,664,656,8
S01006361,807,801,6
S01006362,795,791,4
S01006363,725,717,8
S01006364,615,609,6
S01006365,920,903,17
S01006366,743,727,16
S01006367,769,756,13
S01006368,855,848,7
S01006369,815,812,3
S01006370,974,970,4
S01006371,545,525,20
S01006372,768,766,2
S01006373,858,837,21
S01006374,695,691,4
S01006375,679,666,13
S01006376,715,690,25
S01006377,610,592,18
S01006378,524,506,18
S01006379,595,594,1
S01006380,596,595,1
S01006381,528,524,4
S01006382,710,705,5
S01006383,624,603,21
S01006384,768,758,10
S01006385,942,935,7
S01006386,930,898,32
S01006387,800,799,1
S01006388,1005,989,16
S01006389,701,701,0
S01006390,666,662,4
S01006391,960,929,31
S01006392,864,858,6
S01006393,794,793,1
S01006394,794,764,30
S01006395,935,914,21
S01006396,596,585,11
S01006397,751,733,18
S01006398,883,876,7
S01006399,782,779,3
S01006400,947,930,17
S01006401,785,782,3
S01006402,671,667,4
S01006403,776,761,15
S01006404,775,767,8
S01006405,863,859,4
S01006406,433,432,1
S01006407,688,672,16
S01006408,981,962,19
S01006409,619,600,19
S01006410,716,715,1
S01006411,819,791,28
S01006412,705,699,6
S01006413,576,571,5
S01006414,524,522,2
S01006415,826,821,5
S01006416,587,587,0
S01006417,701,695,6
S01006418,678,675,3
S01006419,570,570,0
S01006420,937,915,22
S01006421,568,566,2
S01006422,662,656,6
S01006423,571,542,29
S01006424,634,633,1
S01006425,710,701,9
S01006426,548,545,3
S01006427,761,754,7
S01006428,829,824,5
S01006429,573,571,2
S01006430,618,618,0
S01006431,573,545,28
S01006432,722,692,30
S01006433,669,661,8
S01006434,813,812,1
S01006435,456,456,0
S01006436,755,752,3
S01006437,959,943,16
S01006438,606,605,1
S01006439,733,723,10
S01006440,818,815,3
S01006441,709,701,8
S01006442,796,793,3
S01006443,519,519,0
S01006444,568,560,8
S01006445,780,769,11
S01006446,871,823,48
S01006447,588,577,11
S01006448,887,840,47
S01006449,511,499,12
S01006450,682,670,12
S01006451,714,703,11
S01006452,567,562,5
S01006453,810,801,9
S01006454,572,524,48
S01006455,667,663,4
S01006456,867,854,13
S01006457,645,633,12
S01006458,931,921,10
S01006459,683,639,44
S01006460,521,516,5
S01006461,706,699,7
S01006462,741,724,17
S01006463,678,672,6
S01006464,747,740,7
S01006465,960,951,9
S01006466,742,736,6
S01006467,920,915,5
S01006468,1001,981,20
S01006469,679,665,14
S01006470,799,788,11
S01006471,820,812,8
S01006472,562,553,9
S01006473,778,775,3
S01006474,818,815,3
S01006475,853,851,2
S01006476,761,756,5
S01006477,789,784,5
S01006478,849,832,17
S01006479,714,713,1
S01006480,867,853,14
S01006481,597,586,11
S01006482,758,755,3
S01006483,911,908,3
S01006484,784,773,11
S01006485,659,656,3
S01006486,862,854,8
S01006487,765,761,4
S01006488,629,621,8
S01006489,784,779,5
S01006490,765,760,5
S01006491,828,825,3
S01006492,593,584,9
S01006493,582,573,9
S01006494,581,569,12
S01006495,788,782,6
S01006496,894,887,7
S01006497,502,499,3
S01006498,1102,1096,6
S01006499,831,821,10
S01006500,741,718,23
S01006501,972,962,10
S01006502,631,631,0
S01006503,691,687,4
S01006504,784,772,12
S01006505,772,762,10
