"dz_2001","total","white","nonwhite"
"S01000001",872,844,28
"S01000002",678,635,43
"S01000003",788,755,33
"S01000004",612,582,30
"S01000005",643,610,33
"S01000006",644,628,16
"S01000007",751,726,25
"S01000008",580,549,31
"S01000009",681,674,7
"S01000010",514,495,19
"S01000011",1043,979,64
"S01000012",1528,1418,110
"S01000013",836,807,29
"S01000014",881,874,7
"S01000015",669,633,36
"S01000016",540,502,38
"S01000017",848,825,23
"S01000018",520,488,32
"S01000019",648,609,39
"S01000020",914,857,57
"S01000021",861,827,34
"S01000022",627,611,16
"S01000023",762,714,48
"S01000024",519,481,38
"S01000025",865,777,88
"S01000026",849,820,29
"S01000027",798,721,77
"S01000028",919,872,47
"S01000029",729,622,107
"S01000030",449,433,16
"S01000031",941,886,55
"S01000032",1063,1040,23
"S01000033",802,772,30
"S01000034",1238,1162,76
"S01000035",1034,868,166
"S01000036",683,636,47
"S01000037",765,738,27
"S01000038",678,651,27
"S01000039",902,839,63
"S01000040",934,911,23
"S01000041",831,783,48
"S01000042",755,683,72
"S01000043",896,748,148
"S01000044",959,897,62
"S01000045",569,541,28
"S01000046",754,730,24
"S01000047",807,724,83
"S01000048",960,881,79
"S01000049",747,727,20
"S01000050",744,695,49
"S01000051",797,766,31
"S01000052",627,618,9
"S01000053",1100,1022,78
"S01000054",801,781,20
"S01000055",803,766,37
"S01000056",1014,964,50
"S01000057",699,665,34
"S01000058",712,697,15
"S01000059",957,890,67
"S01000060",634,613,21
"S01000061",1001,926,75
"S01000062",1038,948,90
"S01000063",910,873,37
"S01000064",623,592,31
"S01000065",1002,915,87
"S01000066",959,909,50
"S01000067",1065,962,103
"S01000068",879,799,80
"S01000069",718,694,24
"S01000070",658,627,31
"S01000071",812,778,34
"S01000072",907,852,55
"S01000073",630,616,14
"S01000074",870,833,37
"S01000075",539,489,50
"S01000076",721,702,19
"S01000077",951,885,66
"S01000078",1097,967,130
"S01000079",1448,1236,212
"S01000080",1015,940,75
"S01000081",889,861,28
"S01000082",933,898,35
"S01000083",774,715,59
"S01000084",859,795,64
"S01000085",520,473,47
"S01000086",725,666,59
"S01000087",1071,935,136
"S01000088",934,814,120
"S01000089",947,920,27
"S01000090",769,705,64
"S01000091",1096,982,114
"S01000092",906,736,170
"S01000093",735,624,111
"S01000094",712,590,122
"S01000095",717,650,67
"S01000096",690,654,36
"S01000097",1001,943,58
"S01000098",1240,1040,200
"S01000099",811,771,40
"S01000100",871,684,187
"S01000101",888,835,53
"S01000102",795,692,103
"S01000103",628,551,77
"S01000104",905,859,46
"S01000105",870,805,65
"S01000106",724,690,34
"S01000107",1269,1013,256
"S01000108",753,675,78
"S01000109",1019,882,137
"S01000110",846,775,71
"S01000111",791,681,110
"S01000112",983,846,137
"S01000113",607,572,35
"S01000114",814,687,127
"S01000115",838,780,58
"S01000116",923,801,122
"S01000117",1033,946,87
"S01000118",712,643,69
"S01000119",835,740,95
"S01000120",566,494,72
"S01000121",718,664,54
"S01000122",701,658,43
"S01000123",673,617,56
"S01000124",988,847,141
"S01000125",648,569,79
"S01000126",945,849,96
"S01000127",766,704,62
"S01000128",1804,1528,276
"S01000129",1005,822,183
"S01000130",1557,1292,265
"S01000131",622,600,22
"S01000132",757,680,77
"S01000133",878,828,50
"S01000134",728,695,33
"S01000135",687,612,75
"S01000136",675,590,85
"S01000137",967,815,152
"S01000138",1373,1136,237
"S01000139",790,701,89
"S01000140",853,823,30
"S01000141",826,692,134
"S01000142",685,629,56
"S01000143",618,557,61
"S01000144",730,629,101
"S01000145",815,801,14
"S01000146",1537,1260,277
"S01000147",1042,871,171
"S01000148",605,589,16
"S01000149",1180,982,198
"S01000150",619,573,46
"S01000151",865,826,39
"S01000152",1288,1108,180
"S01000153",963,831,132
"S01000154",524,508,16
"S01000155",739,723,16
"S01000156",1031,837,194
"S01000157",691,624,67
"S01000158",926,831,95
"S01000159",976,846,130
"S01000160",761,729,32
"S01000161",915,812,103
"S01000162",830,762,68
"S01000163",1057,1035,22
"S01000164",929,820,109
"S01000165",914,824,90
"S01000166",1274,1107,167
"S01000167",701,674,27
"S01000168",975,929,46
"S01000169",712,622,90
"S01000170",1133,980,153
"S01000171",1079,964,115
"S01000172",471,403,68
"S01000173",849,736,113
"S01000174",900,812,88
"S01000175",536,450,86
"S01000176",762,648,114
"S01000177",559,493,66
"S01000178",774,719,55
"S01000179",877,810,67
"S01000180",663,642,21
"S01000181",606,570,36
"S01000182",916,873,43
"S01000183",1362,1102,260
"S01000184",742,687,55
"S01000185",887,788,99
"S01000186",950,919,31
"S01000187",627,583,44
"S01000188",1219,993,226
"S01000189",623,588,35
"S01000190",835,805,30
"S01000191",1223,1076,147
"S01000192",810,724,86
"S01000193",727,709,18
"S01000194",872,781,91
"S01000195",723,650,73
"S01000196",1005,955,50
"S01000197",587,547,40
"S01000198",831,774,57
"S01000199",853,778,75
"S01000200",833,759,74
"S01000201",622,561,61
"S01000202",1015,888,127
"S01000203",712,646,66
"S01000204",577,567,10
"S01000205",973,807,166
"S01000206",704,634,70
"S01000207",928,867,61
"S01000208",1015,986,29
"S01000209",1391,1329,62
"S01000210",684,612,72
"S01000211",747,658,89
"S01000212",754,691,63
"S01000213",740,685,55
"S01000214",460,453,7
"S01000215",1160,1104,56
"S01000216",654,623,31
"S01000217",810,765,45
"S01000218",666,652,14
"S01000219",851,794,57
"S01000220",2648,2271,377
"S01000221",840,801,39
"S01000222",737,731,6
"S01000223",607,573,34
"S01000224",846,830,16
"S01000225",576,560,16
"S01000226",608,584,24
"S01000227",1334,1237,97
"S01000228",829,781,48
"S01000229",822,811,11
"S01000230",618,603,15
"S01000231",694,666,28
"S01000232",615,580,35
"S01000233",496,480,16
"S01000234",697,691,6
"S01000235",837,816,21
"S01000236",672,645,27
"S01000237",816,802,14
"S01000238",493,466,27
"S01000239",691,648,43
"S01000240",634,623,11
"S01000241",599,553,46
"S01000242",744,664,80
"S01000243",649,634,15
"S01000244",1139,1127,12
"S01000245",959,909,50
"S01000246",689,661,28
"S01000247",655,646,9
"S01000248",741,693,48
"S01000249",650,616,34
"S01000250",832,755,77
"S01000251",465,421,44
"S01000252",790,733,57
"S01000253",651,589,62
"S01000254",832,764,68
"S01000255",586,574,12
"S01000256",805,780,25
"S01000257",917,866,51
"S01000258",608,583,25
"S01000259",611,573,38
"S01000260",865,787,78
"S01000261",900,894,6
"S01000262",913,893,20
"S01000263",820,733,87
"S01000264",909,857,52
"S01000265",712,681,31
"S01000266",1248,1208,40
"S01000267",720,692,28
"S01000268",816,802,14
"S01000269",628,620,8
"S01000270",1031,1024,7
"S01000271",877,866,11
"S01000272",1122,1091,31
"S01000273",620,615,5
"S01000274",678,675,3
"S01000275",1435,1412,23
"S01000276",786,770,16
"S01000277",723,713,10
"S01000278",577,573,4
"S01000279",956,952,4
"S01000280",761,746,15
"S01000281",675,671,4
"S01000282",750,731,19
"S01000283",1090,1075,15
"S01000284",1266,1242,24
"S01000285",719,711,8
"S01000286",916,897,19
"S01000287",732,722,10
"S01000288",807,800,7
"S01000289",888,868,20
"S01000290",822,814,8
"S01000291",951,947,4
"S01000292",1029,1015,14
"S01000293",843,817,26
"S01000294",648,637,11
"S01000295",538,528,10
"S01000296",969,949,20
"S01000297",729,727,2
"S01000298",1131,1100,31
"S01000299",1019,1001,18
"S01000300",759,751,8
"S01000301",554,543,11
"S01000302",630,623,7
"S01000303",584,575,9
"S01000304",829,827,2
"S01000305",1040,1029,11
"S01000306",790,782,8
"S01000307",922,889,33
"S01000308",1218,1203,15
"S01000309",1203,1197,6
"S01000310",946,935,11
"S01000311",938,919,19
"S01000312",539,533,6
"S01000313",681,667,14
"S01000314",551,533,18
"S01000315",667,660,7
"S01000316",901,896,5
"S01000317",542,538,4
"S01000318",549,543,6
"S01000319",712,703,9
"S01000320",671,648,23
"S01000321",595,581,14
"S01000322",996,976,20
"S01000323",879,874,5
"S01000324",835,820,15
"S01000325",1291,1255,36
"S01000326",805,778,27
"S01000327",811,800,11
"S01000328",534,518,16
"S01000329",836,803,33
"S01000330",1322,1298,24
"S01000331",560,559,1
"S01000332",745,725,20
"S01000333",948,916,32
"S01000334",903,898,5
"S01000335",792,788,4
"S01000336",1440,1373,67
"S01000337",841,828,13
"S01000338",495,479,16
"S01000339",1236,1222,14
"S01000340",1058,1040,18
"S01000341",1009,1004,5
"S01000342",478,473,5
"S01000343",584,582,2
"S01000344",992,986,6
"S01000345",626,594,32
"S01000346",643,633,10
"S01000347",1606,1524,82
"S01000348",730,690,40
"S01000349",537,506,31
"S01000350",1082,1019,63
"S01000351",939,893,46
"S01000352",699,676,23
"S01000353",508,490,18
"S01000354",1576,1510,66
"S01000355",615,598,17
"S01000356",642,629,13
"S01000357",580,564,16
"S01000358",889,857,32
"S01000359",836,800,36
"S01000360",536,532,4
"S01000361",678,667,11
"S01000362",971,956,15
"S01000363",1178,1170,8
"S01000364",955,944,11
"S01000365",2070,1988,82
"S01000366",2125,2096,29
"S01000367",845,833,12
"S01000368",1286,1260,26
"S01000369",938,930,8
"S01000370",1511,1432,79
"S01000371",927,926,1
"S01000372",951,932,19
"S01000373",667,660,7
"S01000374",647,641,6
"S01000375",612,603,9
"S01000376",826,814,12
"S01000377",852,843,9
"S01000378",543,540,3
"S01000379",655,645,10
"S01000380",957,935,22
"S01000381",1621,1575,46
"S01000382",733,726,7
"S01000383",1166,1147,19
"S01000384",706,702,4
"S01000385",622,613,9
"S01000386",1260,1232,28
"S01000387",871,856,15
"S01000388",1083,1058,25
"S01000389",861,832,29
"S01000390",822,816,6
"S01000391",726,718,8
"S01000392",800,779,21
"S01000393",891,880,11
"S01000394",693,681,12
"S01000395",800,794,6
"S01000396",843,837,6
"S01000397",938,926,12
"S01000398",2417,2349,68
"S01000399",598,578,20
"S01000400",803,796,7
"S01000401",904,901,3
"S01000402",751,741,10
"S01000403",787,774,13
"S01000404",708,701,7
"S01000405",522,522,0
"S01000406",534,520,14
"S01000407",595,589,6
"S01000408",609,602,7
"S01000409",579,575,4
"S01000410",748,742,6
"S01000411",702,699,3
"S01000412",798,788,10
"S01000413",871,864,7
"S01000414",694,689,5
"S01000415",927,923,4
"S01000416",910,903,7
"S01000417",1008,993,15
"S01000418",718,716,2
"S01000419",1523,1489,34
"S01000420",1339,1313,26
"S01000421",786,779,7
"S01000422",947,942,5
"S01000423",1026,1015,11
"S01000424",743,737,6
"S01000425",842,840,2
"S01000426",826,803,23
"S01000427",743,727,16
"S01000428",666,663,3
"S01000429",871,862,9
"S01000430",501,499,2
"S01000431",722,711,11
"S01000432",881,871,10
"S01000433",510,510,0
"S01000434",602,594,8
"S01000435",514,511,3
"S01000436",629,620,9
"S01000437",947,934,13
"S01000438",594,585,9
"S01000439",823,817,6
"S01000440",1091,1073,18
"S01000441",900,886,14
"S01000442",843,812,31
"S01000443",608,606,2
"S01000444",2534,2444,90
"S01000445",1201,1186,15
"S01000446",951,930,21
"S01000447",782,776,6
"S01000448",859,848,11
"S01000449",740,735,5
"S01000450",553,544,9
"S01000451",855,849,6
"S01000452",573,560,13
"S01000453",584,582,2
"S01000454",443,441,2
"S01000455",846,840,6
"S01000456",1132,1116,16
"S01000457",819,812,7
"S01000458",930,912,18
"S01000459",1013,999,14
"S01000460",707,701,6
"S01000461",865,859,6
"S01000462",1034,1024,10
"S01000463",733,721,12
"S01000464",848,822,26
"S01000465",665,654,11
"S01000466",880,875,5
"S01000467",614,610,4
"S01000468",535,526,9
"S01000469",641,638,3
"S01000470",1064,1055,9
"S01000471",837,834,3
"S01000472",759,754,5
"S01000473",661,654,7
"S01000474",625,621,4
"S01000475",727,721,6
"S01000476",627,619,8
"S01000477",674,667,7
"S01000478",790,782,8
"S01000479",847,840,7
"S01000480",670,659,11
"S01000481",2138,2093,45
"S01000482",896,886,10
"S01000483",983,975,8
"S01000484",805,788,17
"S01000485",987,982,5
"S01000486",1132,1088,44
"S01000487",621,608,13
"S01000488",624,613,11
"S01000489",937,926,11
"S01000490",540,535,5
"S01000491",539,535,4
"S01000492",951,938,13
"S01000493",641,639,2
"S01000494",551,549,2
"S01000495",903,897,6
"S01000496",529,528,1
"S01000497",768,764,4
"S01000498",520,519,1
"S01000499",1020,995,25
"S01000500",604,603,1
"S01000501",577,573,4
"S01000502",638,619,19
"S01000503",494,490,4
"S01000504",770,761,9
"S01000505",727,726,1
"S01000506",1024,1014,10
"S01000507",995,981,14
"S01000508",889,884,5
"S01000509",1045,1037,8
"S01000510",665,653,12
"S01000511",573,567,6
"S01000512",990,983,7
"S01000513",881,875,6
"S01000514",941,929,12
"S01000515",551,550,1
"S01000516",883,879,4
"S01000517",737,735,2
"S01000518",963,957,6
"S01000519",515,513,2
"S01000520",1129,1118,11
"S01000521",945,937,8
"S01000522",665,665,0
"S01000523",851,839,12
"S01000524",706,703,3
"S01000525",1047,1036,11
"S01000526",1000,994,6
"S01000527",685,682,3
"S01000528",946,932,14
"S01000529",805,797,8
"S01000530",486,481,5
"S01000531",574,572,2
"S01000532",788,783,5
"S01000533",715,710,5
"S01000534",760,739,21
"S01000535",1020,1014,6
"S01000536",494,492,2
"S01000537",1056,1052,4
"S01000538",740,729,11
"S01000539",990,978,12
"S01000540",727,717,10
"S01000541",592,581,11
"S01000542",647,643,4
"S01000543",832,830,2
"S01000544",667,663,4
"S01000545",755,744,11
"S01000546",860,860,0
"S01000547",543,542,1
"S01000548",1085,1082,3
"S01000549",1219,1209,10
"S01000550",471,470,1
"S01000551",892,882,10
"S01000552",540,539,1
"S01000553",888,884,4
"S01000554",679,673,6
"S01000555",860,855,5
"S01000556",812,810,2
"S01000557",913,909,4
"S01000558",547,534,13
"S01000559",668,661,7
"S01000560",1086,1079,7
"S01000561",1012,994,18
"S01000562",847,835,12
"S01000563",1145,1128,17
"S01000564",927,913,14
"S01000565",796,790,6
"S01000566",867,851,16
"S01000567",824,819,5
"S01000568",526,519,7
"S01000569",759,744,15
"S01000570",892,859,33
"S01000571",803,791,12
"S01000572",711,688,23
"S01000573",538,507,31
"S01000574",750,731,19
"S01000575",640,637,3
"S01000576",542,524,18
"S01000577",567,562,5
"S01000578",633,630,3
"S01000579",884,866,18
"S01000580",956,931,25
"S01000581",700,688,12
"S01000582",648,640,8
"S01000583",939,921,18
"S01000584",840,821,19
"S01000585",1224,1216,8
"S01000586",722,721,1
"S01000587",658,651,7
"S01000588",576,573,3
"S01000589",709,703,6
"S01000590",846,836,10
"S01000591",775,763,12
"S01000592",875,866,9
"S01000593",1555,1540,15
"S01000594",1331,1298,33
"S01000595",758,743,15
"S01000596",795,786,9
"S01000597",965,955,10
"S01000598",1348,1321,27
"S01000599",1145,1101,44
"S01000600",776,763,13
"S01000601",1232,1216,16
"S01000602",743,727,16
"S01000603",1022,1009,13
"S01000604",976,965,11
"S01000605",813,807,6
"S01000606",860,850,10
"S01000607",752,749,3
"S01000608",1195,1172,23
"S01000609",1051,1039,12
"S01000610",804,781,23
"S01000611",631,624,7
"S01000612",1039,1027,12
"S01000613",1047,1037,10
"S01000614",678,671,7
"S01000615",809,799,10
"S01000616",1442,1438,4
"S01000617",665,663,2
"S01000618",815,803,12
"S01000619",708,697,11
"S01000620",1169,1158,11
"S01000621",1082,1072,10
"S01000622",768,757,11
"S01000623",769,762,7
"S01000624",616,605,11
"S01000625",641,638,3
"S01000626",804,793,11
"S01000627",849,847,2
"S01000628",580,571,9
"S01000629",911,907,4
"S01000630",738,736,2
"S01000631",612,607,5
"S01000632",539,532,7
"S01000633",523,521,2
"S01000634",735,729,6
"S01000635",643,642,1
"S01000636",521,513,8
"S01000637",648,644,4
"S01000638",589,587,2
"S01000639",641,635,6
"S01000640",721,713,8
"S01000641",814,814,0
"S01000642",908,896,12
"S01000643",675,674,1
"S01000644",711,709,2
"S01000645",980,971,9
"S01000646",782,770,12
"S01000647",777,772,5
"S01000648",896,878,18
"S01000649",596,592,4
"S01000650",712,707,5
"S01000651",886,876,10
"S01000652",774,769,5
"S01000653",994,987,7
"S01000654",971,960,11
"S01000655",792,789,3
"S01000656",799,781,18
"S01000657",816,806,10
"S01000658",606,582,24
"S01000659",1321,1315,6
"S01000660",1026,1015,11
"S01000661",822,814,8
"S01000662",734,720,14
"S01000663",811,807,4
"S01000664",851,845,6
"S01000665",669,657,12
"S01000666",528,522,6
"S01000667",987,984,3
"S01000668",864,857,7
"S01000669",827,814,13
"S01000670",669,654,15
"S01000671",590,578,12
"S01000672",713,706,7
"S01000673",721,719,2
"S01000674",1080,1073,7
"S01000675",714,709,5
"S01000676",457,453,4
"S01000677",877,867,10
"S01000678",901,889,12
"S01000679",779,774,5
"S01000680",967,953,14
"S01000681",990,968,22
"S01000682",768,746,22
"S01000683",546,521,25
"S01000684",740,716,24
"S01000685",912,902,10
"S01000686",770,751,19
"S01000687",827,814,13
"S01000688",722,718,4
"S01000689",648,641,7
"S01000690",992,965,27
"S01000691",808,801,7
"S01000692",750,745,5
"S01000693",1015,1005,10
"S01000694",701,694,7
"S01000695",788,775,13
"S01000696",774,767,7
"S01000697",958,945,13
"S01000698",620,603,17
"S01000699",630,629,1
"S01000700",806,797,9
"S01000701",1017,1008,9
"S01000702",514,506,8
"S01000703",739,737,2
"S01000704",979,968,11
"S01000705",1146,1141,5
"S01000706",859,853,6
"S01000707",625,614,11
"S01000708",565,561,4
"S01000709",1023,1007,16
"S01000710",1108,1093,15
"S01000711",505,503,2
"S01000712",621,611,10
"S01000713",752,745,7
"S01000714",986,977,9
"S01000715",658,657,1
"S01000716",535,522,13
"S01000717",915,896,19
"S01000718",810,805,5
"S01000719",641,634,7
"S01000720",778,773,5
"S01000721",702,699,3
"S01000722",846,844,2
"S01000723",460,459,1
"S01000724",784,779,5
"S01000725",595,592,3
"S01000726",760,749,11
"S01000727",610,607,3
"S01000728",651,645,6
"S01000729",491,489,2
"S01000730",457,454,3
"S01000731",595,592,3
"S01000732",543,534,9
"S01000733",672,671,1
"S01000734",826,821,5
"S01000735",443,438,5
"S01000736",740,736,4
"S01000737",470,467,3
"S01000738",449,444,5
"S01000739",730,725,5
"S01000740",658,653,5
"S01000741",786,781,5
"S01000742",642,635,7
"S01000743",901,879,22
"S01000744",740,731,9
"S01000745",716,713,3
"S01000746",786,772,14
"S01000747",562,554,8
"S01000748",465,458,7
"S01000749",541,536,5
"S01000750",687,683,4
"S01000751",722,710,12
"S01000752",977,970,7
"S01000753",596,585,11
"S01000754",787,784,3
"S01000755",706,699,7
"S01000756",1043,1024,19
"S01000757",770,764,6
"S01000758",1286,1265,21
"S01000759",985,972,13
"S01000760",531,529,2
"S01000761",606,604,2
"S01000762",610,608,2
"S01000763",747,736,11
"S01000764",676,646,30
"S01000765",825,804,21
"S01000766",699,684,15
"S01000767",642,628,14
"S01000768",783,755,28
"S01000769",787,772,15
"S01000770",703,689,14
"S01000771",943,912,31
"S01000772",640,627,13
"S01000773",826,816,10
"S01000774",831,819,12
"S01000775",810,783,27
"S01000776",572,572,0
"S01000777",325,313,12
"S01000778",466,459,7
"S01000779",793,787,6
"S01000780",849,843,6
"S01000781",806,786,20
"S01000782",680,665,15
"S01000783",464,456,8
"S01000784",803,787,16
"S01000785",714,708,6
"S01000786",749,747,2
"S01000787",498,494,4
"S01000788",656,656,0
"S01000789",742,736,6
"S01000790",512,504,8
"S01000791",607,592,15
"S01000792",664,656,8
"S01000793",675,664,11
"S01000794",861,853,8
"S01000795",940,935,5
"S01000796",428,423,5
"S01000797",449,442,7
"S01000798",484,483,1
"S01000799",1589,1570,19
"S01000800",947,943,4
"S01000801",635,629,6
"S01000802",770,763,7
"S01000803",972,962,10
"S01000804",912,901,11
"S01000805",803,784,19
"S01000806",808,801,7
"S01000807",769,757,12
"S01000808",749,741,8
"S01000809",616,609,7
"S01000810",735,721,14
"S01000811",798,795,3
"S01000812",1347,1332,15
"S01000813",771,760,11
"S01000814",786,760,26
"S01000815",520,512,8
"S01000816",563,551,12
"S01000817",916,907,9
"S01000818",911,881,30
"S01000819",882,876,6
"S01000820",554,548,6
"S01000821",854,836,18
"S01000822",532,523,9
"S01000823",502,497,5
"S01000824",756,754,2
"S01000825",739,733,6
"S01000826",625,624,1
"S01000827",736,728,8
"S01000828",925,915,10
"S01000829",693,690,3
"S01000830",872,868,4
"S01000831",848,840,8
"S01000832",954,947,7
"S01000833",1164,1123,41
"S01000834",980,966,14
"S01000835",774,766,8
"S01000836",785,778,7
"S01000837",984,954,30
"S01000838",623,620,3
"S01000839",1355,1330,25
"S01000840",686,669,17
"S01000841",988,958,30
"S01000842",867,859,8
"S01000843",910,891,19
"S01000844",787,771,16
"S01000845",540,525,15
"S01000846",680,672,8
"S01000847",974,949,25
"S01000848",651,646,5
"S01000849",479,476,3
"S01000850",699,687,12
"S01000851",714,711,3
"S01000852",725,717,8
"S01000853",554,542,12
"S01000854",846,842,4
"S01000855",716,707,9
"S01000856",512,507,5
"S01000857",507,502,5
"S01000858",910,903,7
"S01000859",1129,1111,18
"S01000860",891,880,11
"S01000861",643,635,8
"S01000862",523,522,1
"S01000863",542,542,0
"S01000864",1172,1141,31
"S01000865",1080,1070,10
"S01000866",853,850,3
"S01000867",895,884,11
"S01000868",703,700,3
"S01000869",595,591,4
"S01000870",865,851,14
"S01000871",818,805,13
"S01000872",798,796,2
"S01000873",3097,3028,69
"S01000874",496,494,2
"S01000875",1427,1412,15
"S01000876",681,676,5
"S01000877",675,665,10
"S01000878",554,554,0
"S01000879",945,926,19
"S01000880",787,783,4
"S01000881",642,634,8
"S01000882",887,876,11
"S01000883",813,801,12
"S01000884",590,570,20
"S01000885",480,467,13
"S01000886",649,638,11
"S01000887",723,719,4
"S01000888",661,639,22
"S01000889",686,671,15
"S01000890",748,733,15
"S01000891",924,907,17
"S01000892",541,528,13
"S01000893",625,606,19
"S01000894",493,487,6
"S01000895",916,903,13
"S01000896",485,482,3
"S01000897",680,676,4
"S01000898",526,522,4
"S01000899",829,822,7
"S01000900",627,627,0
"S01000901",605,599,6
"S01000902",943,940,3
"S01000903",1014,1005,9
"S01000904",696,692,4
"S01000905",692,678,14
"S01000906",536,536,0
"S01000907",734,730,4
"S01000908",751,744,7
"S01000909",951,935,16
"S01000910",842,840,2
"S01000911",1034,1027,7
"S01000912",653,653,0
"S01000913",611,599,12
"S01000914",701,693,8
"S01000915",900,890,10
"S01000916",1046,1037,9
"S01000917",677,669,8
"S01000918",551,548,3
"S01000919",631,625,6
"S01000920",597,596,1
"S01000921",667,661,6
"S01000922",965,960,5
"S01000923",862,859,3
"S01000924",861,858,3
"S01000925",1005,1001,4
"S01000926",1010,999,11
"S01000927",913,910,3
"S01000928",980,978,2
"S01000929",481,473,8
"S01000930",540,537,3
"S01000931",654,650,4
"S01000932",1027,1016,11
"S01000933",1032,1020,12
"S01000934",903,887,16
"S01000935",767,756,11
"S01000936",856,856,0
"S01000937",558,554,4
"S01000938",783,779,4
"S01000939",739,730,9
"S01000940",902,902,0
"S01000941",478,478,0
"S01000942",1018,1015,3
"S01000943",830,824,6
"S01000944",837,830,7
"S01000945",739,727,12
"S01000946",775,771,4
"S01000947",687,682,5
"S01000948",844,842,2
"S01000949",610,608,2
"S01000950",825,815,10
"S01000951",861,847,14
"S01000952",876,875,1
"S01000953",874,871,3
"S01000954",1116,1106,10
"S01000955",627,626,1
"S01000956",851,849,2
"S01000957",542,542,0
"S01000958",797,795,2
"S01000959",700,694,6
"S01000960",566,563,3
"S01000961",843,828,15
"S01000962",660,645,15
"S01000963",843,836,7
"S01000964",989,982,7
"S01000965",642,636,6
"S01000966",1086,1086,0
"S01000967",578,571,7
"S01000968",1056,1044,12
"S01000969",908,897,11
"S01000970",788,787,1
"S01000971",729,726,3
"S01000972",922,908,14
"S01000973",660,654,6
"S01000974",1227,1212,15
"S01000975",647,646,1
"S01000976",507,501,6
"S01000977",921,910,11
"S01000978",820,811,9
"S01000979",703,699,4
"S01000980",677,675,2
"S01000981",686,684,2
"S01000982",736,736,0
"S01000983",534,531,3
"S01000984",620,617,3
"S01000985",714,709,5
"S01000986",611,608,3
"S01000987",637,628,9
"S01000988",565,563,2
"S01000989",813,809,4
"S01000990",840,799,41
"S01000991",435,431,4
"S01000992",1095,1058,37
"S01000993",843,839,4
"S01000994",1104,1097,7
"S01000995",778,761,17
"S01000996",1122,1058,64
"S01000997",891,858,33
"S01000998",694,682,12
"S01000999",650,638,12
"S01001000",576,562,14
"S01001001",551,545,6
"S01001002",631,623,8
"S01001003",828,812,16
"S01001004",661,646,15
"S01001005",844,821,23
"S01001006",702,697,5
"S01001007",917,904,13
"S01001008",756,733,23
"S01001009",614,601,13
"S01001010",917,889,28
"S01001011",588,582,6
"S01001012",744,725,19
"S01001013",895,868,27
"S01001014",844,789,55
"S01001015",515,510,5
"S01001016",823,815,8
"S01001017",858,843,15
"S01001018",798,779,19
"S01001019",1056,1039,17
"S01001020",548,538,10
"S01001021",1022,1004,18
"S01001022",835,810,25
"S01001023",999,989,10
"S01001024",1862,1806,56
"S01001025",1264,1220,44
"S01001026",886,885,1
"S01001027",906,897,9
"S01001028",774,770,4
"S01001029",754,743,11
"S01001030",716,704,12
"S01001031",957,951,6
"S01001032",692,680,12
"S01001033",724,710,14
"S01001034",718,711,7
"S01001035",509,504,5
"S01001036",663,644,19
"S01001037",860,854,6
"S01001038",772,743,29
"S01001039",539,531,8
"S01001040",699,697,2
"S01001041",682,678,4
"S01001042",991,967,24
"S01001043",664,655,9
"S01001044",923,921,2
"S01001045",656,653,3
"S01001046",847,829,18
"S01001047",864,857,7
"S01001048",579,578,1
"S01001049",630,625,5
"S01001050",956,945,11
"S01001051",638,635,3
"S01001052",519,517,2
"S01001053",773,764,9
"S01001054",714,705,9
"S01001055",858,854,4
"S01001056",711,707,4
"S01001057",639,628,11
"S01001058",768,759,9
"S01001059",660,656,4
"S01001060",706,699,7
"S01001061",741,741,0
"S01001062",588,581,7
"S01001063",884,869,15
"S01001064",717,711,6
"S01001065",756,744,12
"S01001066",772,769,3
"S01001067",781,770,11
"S01001068",867,859,8
"S01001069",856,849,7
"S01001070",890,877,13
"S01001071",707,702,5
"S01001072",898,896,2
"S01001073",1133,1115,18
"S01001074",492,488,4
"S01001075",926,920,6
"S01001076",854,844,10
"S01001077",930,923,7
"S01001078",957,941,16
"S01001079",554,553,1
"S01001080",722,720,2
"S01001081",629,618,11
"S01001082",945,939,6
"S01001083",813,806,7
"S01001084",961,948,13
"S01001085",833,833,0
"S01001086",748,746,2
"S01001087",476,475,1
"S01001088",1009,998,11
"S01001089",931,923,8
"S01001090",885,812,73
"S01001091",613,512,101
"S01001092",1015,898,117
"S01001093",875,773,102
"S01001094",882,774,108
"S01001095",1508,1178,330
"S01001096",939,839,100
"S01001097",673,628,45
"S01001098",906,810,96
"S01001099",1964,1673,291
"S01001100",963,828,135
"S01001101",1530,1241,289
"S01001102",1393,1134,259
"S01001103",701,508,193
"S01001104",800,636,164
"S01001105",801,738,63
"S01001106",955,811,144
"S01001107",948,888,60
"S01001108",1679,1398,281
"S01001109",1686,1513,173
"S01001110",808,648,160
"S01001111",1093,909,184
"S01001112",814,800,14
"S01001113",1050,915,135
"S01001114",907,805,102
"S01001115",742,687,55
"S01001116",702,601,101
"S01001117",582,531,51
"S01001118",522,488,34
"S01001119",964,936,28
"S01001120",649,626,23
"S01001121",644,582,62
"S01001122",687,599,88
"S01001123",990,914,76
"S01001124",624,611,13
"S01001125",363,317,46
"S01001126",845,805,40
"S01001127",783,728,55
"S01001128",644,610,34
"S01001129",935,854,81
"S01001130",762,715,47
"S01001131",484,394,90
"S01001132",695,661,34
"S01001133",1062,949,113
"S01001134",853,811,42
"S01001135",342,330,12
"S01001136",1023,920,103
"S01001137",1041,907,134
"S01001138",1406,1300,106
"S01001139",753,721,32
"S01001140",977,945,32
"S01001141",516,426,90
"S01001142",899,872,27
"S01001143",790,732,58
"S01001144",711,687,24
"S01001145",579,552,27
"S01001146",778,760,18
"S01001147",773,689,84
"S01001148",733,721,12
"S01001149",643,602,41
"S01001150",770,718,52
"S01001151",578,560,18
"S01001152",928,856,72
"S01001153",732,706,26
"S01001154",738,728,10
"S01001155",618,611,7
"S01001156",772,669,103
"S01001157",756,736,20
"S01001158",591,584,7
"S01001159",747,728,19
"S01001160",545,530,15
"S01001161",575,541,34
"S01001162",821,772,49
"S01001163",723,647,76
"S01001164",629,594,35
"S01001165",786,681,105
"S01001166",280,259,21
"S01001167",815,756,59
"S01001168",764,708,56
"S01001169",1125,1081,44
"S01001170",819,783,36
"S01001171",583,565,18
"S01001172",583,562,21
"S01001173",934,920,14
"S01001174",648,558,90
"S01001175",903,880,23
"S01001176",857,841,16
"S01001177",888,841,47
"S01001178",792,769,23
"S01001179",914,876,38
"S01001180",689,635,54
"S01001181",840,815,25
"S01001182",895,875,20
"S01001183",840,785,55
"S01001184",853,713,140
"S01001185",532,523,9
"S01001186",709,645,64
"S01001187",917,894,23
"S01001188",773,732,41
"S01001189",964,943,21
"S01001190",683,670,13
"S01001191",694,685,9
"S01001192",952,878,74
"S01001193",827,739,88
"S01001194",884,858,26
"S01001195",940,933,7
"S01001196",960,917,43
"S01001197",535,520,15
"S01001198",744,703,41
"S01001199",884,876,8
"S01001200",1087,1072,15
"S01001201",667,651,16
"S01001202",629,617,12
"S01001203",766,755,11
"S01001204",734,724,10
"S01001205",723,617,106
"S01001206",730,705,25
"S01001207",754,741,13
"S01001208",598,592,6
"S01001209",547,493,54
"S01001210",877,873,4
"S01001211",1013,949,64
"S01001212",590,584,6
"S01001213",973,954,19
"S01001214",705,692,13
"S01001215",727,677,50
"S01001216",889,877,12
"S01001217",1147,1125,22
"S01001218",812,764,48
"S01001219",841,810,31
"S01001220",505,494,11
"S01001221",1429,1384,45
"S01001222",1052,1036,16
"S01001223",701,689,12
"S01001224",956,941,15
"S01001225",919,898,21
"S01001226",486,478,8
"S01001227",707,695,12
"S01001228",734,730,4
"S01001229",696,685,11
"S01001230",782,768,14
"S01001231",634,629,5
"S01001232",2408,2321,87
"S01001233",959,953,6
"S01001234",492,489,3
"S01001235",848,835,13
"S01001236",883,881,2
"S01001237",552,547,5
"S01001238",522,510,12
"S01001239",603,601,2
"S01001240",763,759,4
"S01001241",606,603,3
"S01001242",899,892,7
"S01001243",1165,1142,23
"S01001244",838,821,17
"S01001245",850,823,27
"S01001246",980,938,42
"S01001247",565,558,7
"S01001248",795,784,11
"S01001249",676,672,4
"S01001250",879,870,9
"S01001251",548,541,7
"S01001252",567,556,11
"S01001253",708,699,9
"S01001254",674,671,3
"S01001255",871,863,8
"S01001256",701,697,4
"S01001257",799,785,14
"S01001258",624,619,5
"S01001259",803,800,3
"S01001260",895,894,1
"S01001261",895,889,6
"S01001262",916,903,13
"S01001263",449,443,6
"S01001264",1966,1825,141
"S01001265",586,579,7
"S01001266",753,746,7
"S01001267",938,934,4
"S01001268",669,667,2
"S01001269",537,533,4
"S01001270",669,666,3
"S01001271",705,699,6
"S01001272",688,683,5
"S01001273",723,711,12
"S01001274",764,762,2
"S01001275",669,669,0
"S01001276",607,606,1
"S01001277",773,771,2
"S01001278",382,380,2
"S01001279",687,686,1
"S01001280",536,536,0
"S01001281",724,718,6
"S01001282",752,748,4
"S01001283",526,525,1
"S01001284",1009,1006,3
"S01001285",656,652,4
"S01001286",468,467,1
"S01001287",793,788,5
"S01001288",920,920,0
"S01001289",705,703,2
"S01001290",646,643,3
"S01001291",401,400,1
"S01001292",803,796,7
"S01001293",757,754,3
"S01001294",628,627,1
"S01001295",810,807,3
"S01001296",616,616,0
"S01001297",835,832,3
"S01001298",828,822,6
"S01001299",847,846,1
"S01001300",1484,1471,13
"S01001301",549,547,2
"S01001302",788,779,9
"S01001303",615,580,35
"S01001304",1325,1308,17
"S01001305",737,734,3
"S01001306",711,707,4
"S01001307",1158,1128,30
"S01001308",932,923,9
"S01001309",644,639,5
"S01001310",795,783,12
"S01001311",639,635,4
"S01001312",730,729,1
"S01001313",867,866,1
"S01001314",738,732,6
"S01001315",1036,1020,16
"S01001316",883,881,2
"S01001317",916,913,3
"S01001318",542,530,12
"S01001319",645,642,3
"S01001320",867,860,7
"S01001321",578,577,1
"S01001322",849,843,6
"S01001323",597,596,1
"S01001324",1003,995,8
"S01001325",738,733,5
"S01001326",869,869,0
"S01001327",791,787,4
"S01001328",878,865,13
"S01001329",576,570,6
"S01001330",816,812,4
"S01001331",840,833,7
"S01001332",874,873,1
"S01001333",807,799,8
"S01001334",833,826,7
"S01001335",927,920,7
"S01001336",828,821,7
"S01001337",760,748,12
"S01001338",728,722,6
"S01001339",755,751,4
"S01001340",745,745,0
"S01001341",883,872,11
"S01001342",928,922,6
"S01001343",938,936,2
"S01001344",751,748,3
"S01001345",617,615,2
"S01001346",709,700,9
"S01001347",728,705,23
"S01001348",655,651,4
"S01001349",1301,1285,16
"S01001350",660,657,3
"S01001351",449,430,19
"S01001352",761,747,14
"S01001353",1423,1380,43
"S01001354",787,784,3
"S01001355",756,750,6
"S01001356",634,622,12
"S01001357",703,695,8
"S01001358",915,912,3
"S01001359",741,730,11
"S01001360",1168,1157,11
"S01001361",645,641,4
"S01001362",547,538,9
"S01001363",559,546,13
"S01001364",850,838,12
"S01001365",607,607,0
"S01001366",900,885,15
"S01001367",701,695,6
"S01001368",1187,1174,13
"S01001369",933,929,4
"S01001370",830,815,15
"S01001371",697,686,11
"S01001372",685,681,4
"S01001373",693,691,2
"S01001374",514,511,3
"S01001375",631,627,4
"S01001376",772,758,14
"S01001377",777,769,8
"S01001378",622,613,9
"S01001379",1026,1022,4
"S01001380",781,772,9
"S01001381",825,816,9
"S01001382",657,648,9
"S01001383",565,552,13
"S01001384",923,918,5
"S01001385",776,759,17
"S01001386",862,852,10
"S01001387",909,902,7
"S01001388",1430,1404,26
"S01001389",484,475,9
"S01001390",759,752,7
"S01001391",722,715,7
"S01001392",786,778,8
"S01001393",522,498,24
"S01001394",430,421,9
"S01001395",928,911,17
"S01001396",788,743,45
"S01001397",781,767,14
"S01001398",780,745,35
"S01001399",858,847,11
"S01001400",913,910,3
"S01001401",656,655,1
"S01001402",818,814,4
"S01001403",1249,1222,27
"S01001404",657,623,34
"S01001405",1167,1099,68
"S01001406",2581,2507,74
"S01001407",788,783,5
"S01001408",881,872,9
"S01001409",898,892,6
"S01001410",1038,1029,9
"S01001411",617,601,16
"S01001412",896,885,11
"S01001413",890,887,3
"S01001414",642,640,2
"S01001415",805,790,15
"S01001416",720,718,2
"S01001417",923,912,11
"S01001418",831,821,10
"S01001419",779,773,6
"S01001420",1185,1168,17
"S01001421",1127,1105,22
"S01001422",727,717,10
"S01001423",795,761,34
"S01001424",1072,1037,35
"S01001425",1694,1521,173
"S01001426",819,786,33
"S01001427",881,812,69
"S01001428",864,850,14
"S01001429",610,597,13
"S01001430",946,846,100
"S01001431",940,885,55
"S01001432",655,615,40
"S01001433",816,774,42
"S01001434",869,838,31
"S01001435",1037,1011,26
"S01001436",976,920,56
"S01001437",891,826,65
"S01001438",613,558,55
"S01001439",750,719,31
"S01001440",878,846,32
"S01001441",790,775,15
"S01001442",685,661,24
"S01001443",932,892,40
"S01001444",915,806,109
"S01001445",702,669,33
"S01001446",908,859,49
"S01001447",1321,1168,153
"S01001448",744,733,11
"S01001449",599,511,88
"S01001450",809,783,26
"S01001451",699,662,37
"S01001452",820,714,106
"S01001453",835,805,30
"S01001454",914,855,59
"S01001455",771,737,34
"S01001456",656,622,34
"S01001457",904,880,24
"S01001458",917,889,28
"S01001459",905,811,94
"S01001460",653,628,25
"S01001461",856,799,57
"S01001462",831,772,59
"S01001463",516,512,4
"S01001464",881,853,28
"S01001465",691,652,39
"S01001466",727,630,97
"S01001467",812,789,23
"S01001468",667,625,42
"S01001469",860,764,96
"S01001470",937,906,31
"S01001471",759,732,27
"S01001472",800,769,31
"S01001473",778,729,49
"S01001474",882,854,28
"S01001475",610,596,14
"S01001476",993,916,77
"S01001477",933,881,52
"S01001478",662,653,9
"S01001479",635,602,33
"S01001480",489,472,17
"S01001481",874,805,69
"S01001482",701,644,57
"S01001483",1049,1007,42
"S01001484",829,807,22
"S01001485",614,610,4
"S01001486",755,688,67
"S01001487",665,647,18
"S01001488",872,824,48
"S01001489",801,744,57
"S01001490",961,943,18
"S01001491",884,848,36
"S01001492",913,907,6
"S01001493",886,876,10
"S01001494",891,865,26
"S01001495",618,567,51
"S01001496",936,881,55
"S01001497",766,753,13
"S01001498",678,639,39
"S01001499",1091,1083,8
"S01001500",583,574,9
"S01001501",858,812,46
"S01001502",840,825,15
"S01001503",802,787,15
"S01001504",875,865,10
"S01001505",1029,1011,18
"S01001506",602,582,20
"S01001507",895,776,119
"S01001508",903,843,60
"S01001509",814,801,13
"S01001510",630,606,24
"S01001511",575,567,8
"S01001512",852,843,9
"S01001513",911,908,3
"S01001514",747,737,10
"S01001515",697,679,18
"S01001516",704,703,1
"S01001517",847,827,20
"S01001518",1014,989,25
"S01001519",962,946,16
"S01001520",707,698,9
"S01001521",977,919,58
"S01001522",1057,1048,9
"S01001523",790,729,61
"S01001524",941,933,8
"S01001525",788,780,8
"S01001526",627,609,18
"S01001527",898,858,40
"S01001528",973,961,12
"S01001529",707,672,35
"S01001530",761,747,14
"S01001531",1175,1133,42
"S01001532",597,568,29
"S01001533",962,950,12
"S01001534",669,660,9
"S01001535",853,843,10
"S01001536",808,793,15
"S01001537",499,498,1
"S01001538",814,797,17
"S01001539",892,881,11
"S01001540",810,769,41
"S01001541",828,823,5
"S01001542",670,656,14
"S01001543",746,735,11
"S01001544",919,911,8
"S01001545",715,705,10
"S01001546",989,977,12
"S01001547",995,987,8
"S01001548",1035,1019,16
"S01001549",996,976,20
"S01001550",789,786,3
"S01001551",936,929,7
"S01001552",864,852,12
"S01001553",903,899,4
"S01001554",992,981,11
"S01001555",758,751,7
"S01001556",845,833,12
"S01001557",989,964,25
"S01001558",829,822,7
"S01001559",387,386,1
"S01001560",1450,1290,160
"S01001561",1347,1307,40
"S01001562",2633,2590,43
"S01001563",597,587,10
"S01001564",557,549,8
"S01001565",733,711,22
"S01001566",664,652,12
"S01001567",907,898,9
"S01001568",727,718,9
"S01001569",811,775,36
"S01001570",512,493,19
"S01001571",724,714,10
"S01001572",532,531,1
"S01001573",658,655,3
"S01001574",877,860,17
"S01001575",750,744,6
"S01001576",597,591,6
"S01001577",714,705,9
"S01001578",756,745,11
"S01001579",849,836,13
"S01001580",565,553,12
"S01001581",640,631,9
"S01001582",711,703,8
"S01001583",482,475,7
"S01001584",776,765,11
"S01001585",920,888,32
"S01001586",473,460,13
"S01001587",755,745,10
"S01001588",796,779,17
"S01001589",819,807,12
"S01001590",642,624,18
"S01001591",641,641,0
"S01001592",796,779,17
"S01001593",784,743,41
"S01001594",798,771,27
"S01001595",718,706,12
"S01001596",826,806,20
"S01001597",851,793,58
"S01001598",678,662,16
"S01001599",924,915,9
"S01001600",1012,980,32
"S01001601",1213,1198,15
"S01001602",640,624,16
"S01001603",1009,997,12
"S01001604",644,632,12
"S01001605",762,760,2
"S01001606",617,604,13
"S01001607",2654,2628,26
"S01001608",809,804,5
"S01001609",901,898,3
"S01001610",777,759,18
"S01001611",1024,1015,9
"S01001612",835,828,7
"S01001613",776,764,12
"S01001614",672,656,16
"S01001615",780,777,3
"S01001616",754,744,10
"S01001617",628,624,4
"S01001618",946,936,10
"S01001619",693,689,4
"S01001620",875,865,10
"S01001621",680,674,6
"S01001622",838,822,16
"S01001623",766,755,11
"S01001624",996,992,4
"S01001625",797,779,18
"S01001626",737,726,11
"S01001627",1394,1380,14
"S01001628",618,607,11
"S01001629",567,558,9
"S01001630",556,547,9
"S01001631",1415,1373,42
"S01001632",583,578,5
"S01001633",885,884,1
"S01001634",1029,1020,9
"S01001635",735,720,15
"S01001636",515,506,9
"S01001637",709,707,2
"S01001638",887,880,7
"S01001639",710,699,11
"S01001640",648,644,4
"S01001641",1566,1543,23
"S01001642",900,889,11
"S01001643",733,727,6
"S01001644",1768,1736,32
"S01001645",987,966,21
"S01001646",612,602,10
"S01001647",647,645,2
"S01001648",747,745,2
"S01001649",754,743,11
"S01001650",852,838,14
"S01001651",901,874,27
"S01001652",774,765,9
"S01001653",617,608,9
"S01001654",936,917,19
"S01001655",578,566,12
"S01001656",1352,1330,22
"S01001657",502,499,3
"S01001658",1002,986,16
"S01001659",706,696,10
"S01001660",678,671,7
"S01001661",818,805,13
"S01001662",729,719,10
"S01001663",841,831,10
"S01001664",557,557,0
"S01001665",868,861,7
"S01001666",558,557,1
"S01001667",819,804,15
"S01001668",878,851,27
"S01001669",669,647,22
"S01001670",639,635,4
"S01001671",516,511,5
"S01001672",583,581,2
"S01001673",662,656,6
"S01001674",697,689,8
"S01001675",706,704,2
"S01001676",1223,1078,145
"S01001677",844,808,36
"S01001678",832,821,11
"S01001679",934,849,85
"S01001680",589,560,29
"S01001681",674,612,62
"S01001682",601,598,3
"S01001683",734,680,54
"S01001684",516,507,9
"S01001685",763,692,71
"S01001686",900,847,53
"S01001687",980,910,70
"S01001688",956,859,97
"S01001689",674,634,40
"S01001690",906,835,71
"S01001691",848,790,58
"S01001692",662,572,90
"S01001693",915,755,160
"S01001694",657,631,26
"S01001695",761,681,80
"S01001696",739,704,35
"S01001697",853,758,95
"S01001698",529,512,17
"S01001699",700,631,69
"S01001700",1023,960,63
"S01001701",926,877,49
"S01001702",990,910,80
"S01001703",822,676,146
"S01001704",916,828,88
"S01001705",629,562,67
"S01001706",789,764,25
"S01001707",727,687,40
"S01001708",953,801,152
"S01001709",602,514,88
"S01001710",692,649,43
"S01001711",790,738,52
"S01001712",458,451,7
"S01001713",871,708,163
"S01001714",705,689,16
"S01001715",883,731,152
"S01001716",846,838,8
"S01001717",808,779,29
"S01001718",550,549,1
"S01001719",795,767,28
"S01001720",699,620,79
"S01001721",731,635,96
"S01001722",746,707,39
"S01001723",872,792,80
"S01001724",813,797,16
"S01001725",779,769,10
"S01001726",649,633,16
"S01001727",1015,989,26
"S01001728",649,630,19
"S01001729",976,957,19
"S01001730",650,624,26
"S01001731",674,646,28
"S01001732",571,542,29
"S01001733",908,899,9
"S01001734",530,510,20
"S01001735",480,457,23
"S01001736",1092,1021,71
"S01001737",609,579,30
"S01001738",610,592,18
"S01001739",637,615,22
"S01001740",745,736,9
"S01001741",651,639,12
"S01001742",764,734,30
"S01001743",990,966,24
"S01001744",546,535,11
"S01001745",795,769,26
"S01001746",967,927,40
"S01001747",857,847,10
"S01001748",619,611,8
"S01001749",739,730,9
"S01001750",633,632,1
"S01001751",963,948,15
"S01001752",935,874,61
"S01001753",799,775,24
"S01001754",771,738,33
"S01001755",1062,960,102
"S01001756",652,640,12
"S01001757",757,738,19
"S01001758",785,758,27
"S01001759",684,676,8
"S01001760",797,782,15
"S01001761",727,715,12
"S01001762",978,899,79
"S01001763",832,787,45
"S01001764",531,455,76
"S01001765",949,938,11
"S01001766",651,588,63
"S01001767",587,552,35
"S01001768",604,572,32
"S01001769",626,577,49
"S01001770",566,548,18
"S01001771",841,699,142
"S01001772",522,469,53
"S01001773",941,858,83
"S01001774",673,622,51
"S01001775",836,808,28
"S01001776",624,614,10
"S01001777",916,898,18
"S01001778",877,853,24
"S01001779",539,477,62
"S01001780",867,819,48
"S01001781",690,563,127
"S01001782",968,838,130
"S01001783",598,579,19
"S01001784",589,467,122
"S01001785",611,609,2
"S01001786",640,639,1
"S01001787",566,552,14
"S01001788",791,787,4
"S01001789",738,700,38
"S01001790",692,667,25
"S01001791",726,709,17
"S01001792",684,656,28
"S01001793",903,878,25
"S01001794",948,929,19
"S01001795",443,433,10
"S01001796",835,817,18
"S01001797",676,662,14
"S01001798",806,780,26
"S01001799",1090,960,130
"S01001800",942,911,31
"S01001801",1008,986,22
"S01001802",835,757,78
"S01001803",1010,862,148
"S01001804",952,891,61
"S01001805",699,672,27
"S01001806",666,642,24
"S01001807",841,833,8
"S01001808",528,504,24
"S01001809",1036,951,85
"S01001810",876,808,68
"S01001811",673,654,19
"S01001812",898,845,53
"S01001813",709,685,24
"S01001814",723,659,64
"S01001815",842,831,11
"S01001816",1120,1096,24
"S01001817",699,605,94
"S01001818",752,736,16
"S01001819",997,976,21
"S01001820",778,706,72
"S01001821",549,471,78
"S01001822",984,881,103
"S01001823",928,801,127
"S01001824",739,707,32
"S01001825",798,675,123
"S01001826",675,642,33
"S01001827",830,771,59
"S01001828",750,712,38
"S01001829",710,686,24
"S01001830",942,898,44
"S01001831",724,714,10
"S01001832",715,674,41
"S01001833",1153,1131,22
"S01001834",587,561,26
"S01001835",634,598,36
"S01001836",870,840,30
"S01001837",900,851,49
"S01001838",674,627,47
"S01001839",912,849,63
"S01001840",701,687,14
"S01001841",720,680,40
"S01001842",757,645,112
"S01001843",724,672,52
"S01001844",2465,1877,588
"S01001845",780,730,50
"S01001846",886,841,45
"S01001847",930,830,100
"S01001848",748,715,33
"S01001849",582,566,16
"S01001850",726,683,43
"S01001851",892,713,179
"S01001852",766,707,59
"S01001853",724,707,17
"S01001854",1037,935,102
"S01001855",802,701,101
"S01001856",840,768,72
"S01001857",679,614,65
"S01001858",903,855,48
"S01001859",1066,1001,65
"S01001860",1128,1054,74
"S01001861",802,761,41
"S01001862",801,755,46
"S01001863",807,785,22
"S01001864",1387,1150,237
"S01001865",699,583,116
"S01001866",675,661,14
"S01001867",744,655,89
"S01001868",753,715,38
"S01001869",823,766,57
"S01001870",961,888,73
"S01001871",1700,1598,102
"S01001872",888,785,103
"S01001873",806,757,49
"S01001874",1137,879,258
"S01001875",907,886,21
"S01001876",1020,948,72
"S01001877",951,864,87
"S01001878",1076,1036,40
"S01001879",640,569,71
"S01001880",741,663,78
"S01001881",755,703,52
"S01001882",793,685,108
"S01001883",532,495,37
"S01001884",894,795,99
"S01001885",1211,1153,58
"S01001886",564,515,49
"S01001887",830,826,4
"S01001888",881,804,77
"S01001889",542,457,85
"S01001890",994,922,72
"S01001891",713,590,123
"S01001892",973,841,132
"S01001893",1000,855,145
"S01001894",805,764,41
"S01001895",859,753,106
"S01001896",809,785,24
"S01001897",914,823,91
"S01001898",616,556,60
"S01001899",785,749,36
"S01001900",754,711,43
"S01001901",934,899,35
"S01001902",919,882,37
"S01001903",598,508,90
"S01001904",598,554,44
"S01001905",905,851,54
"S01001906",709,622,87
"S01001907",811,748,63
"S01001908",914,683,231
"S01001909",670,602,68
"S01001910",744,678,66
"S01001911",747,726,21
"S01001912",742,698,44
"S01001913",1015,964,51
"S01001914",573,555,18
"S01001915",906,852,54
"S01001916",860,791,69
"S01001917",759,710,49
"S01001918",901,813,88
"S01001919",850,816,34
"S01001920",760,656,104
"S01001921",614,580,34
"S01001922",804,782,22
"S01001923",577,423,154
"S01001924",775,730,45
"S01001925",780,705,75
"S01001926",678,617,61
"S01001927",977,931,46
"S01001928",918,873,45
"S01001929",994,954,40
"S01001930",786,732,54
"S01001931",728,630,98
"S01001932",1615,1538,77
"S01001933",851,808,43
"S01001934",1523,1349,174
"S01001935",928,843,85
"S01001936",1149,1051,98
"S01001937",867,801,66
"S01001938",630,595,35
"S01001939",556,525,31
"S01001940",824,716,108
"S01001941",1038,943,95
"S01001942",571,526,45
"S01001943",714,616,98
"S01001944",781,749,32
"S01001945",751,719,32
"S01001946",858,774,84
"S01001947",952,875,77
"S01001948",862,798,64
"S01001949",700,633,67
"S01001950",893,821,72
"S01001951",905,793,112
"S01001952",767,699,68
"S01001953",861,808,53
"S01001954",440,407,33
"S01001955",1137,1036,101
"S01001956",763,709,54
"S01001957",500,436,64
"S01001958",852,757,95
"S01001959",562,543,19
"S01001960",919,839,80
"S01001961",1112,1031,81
"S01001962",905,799,106
"S01001963",914,704,210
"S01001964",737,679,58
"S01001965",762,718,44
"S01001966",1556,1261,295
"S01001967",650,622,28
"S01001968",854,816,38
"S01001969",620,562,58
"S01001970",630,586,44
"S01001971",779,717,62
"S01001972",711,663,48
"S01001973",679,637,42
"S01001974",850,771,79
"S01001975",848,790,58
"S01001976",837,721,116
"S01001977",840,752,88
"S01001978",1395,1232,163
"S01001979",710,677,33
"S01001980",833,769,64
"S01001981",933,781,152
"S01001982",396,360,36
"S01001983",702,646,56
"S01001984",944,824,120
"S01001985",764,724,40
"S01001986",635,493,142
"S01001987",829,750,79
"S01001988",801,768,33
"S01001989",880,830,50
"S01001990",954,846,108
"S01001991",834,786,48
"S01001992",847,690,157
"S01001993",727,658,69
"S01001994",897,839,58
"S01001995",653,612,41
"S01001996",825,769,56
"S01001997",793,727,66
"S01001998",743,668,75
"S01001999",739,671,68
"S01002000",768,677,91
"S01002001",786,692,94
"S01002002",733,663,70
"S01002003",850,820,30
"S01002004",812,725,87
"S01002005",773,729,44
"S01002006",888,779,109
"S01002007",956,770,186
"S01002008",932,846,86
"S01002009",864,739,125
"S01002010",520,468,52
"S01002011",1057,964,93
"S01002012",825,725,100
"S01002013",798,717,81
"S01002014",869,778,91
"S01002015",822,803,19
"S01002016",589,519,70
"S01002017",1143,1047,96
"S01002018",802,786,16
"S01002019",815,746,69
"S01002020",557,496,61
"S01002021",1002,950,52
"S01002022",984,940,44
"S01002023",776,735,41
"S01002024",712,644,68
"S01002025",901,787,114
"S01002026",663,646,17
"S01002027",1198,1020,178
"S01002028",2533,2113,420
"S01002029",770,693,77
"S01002030",731,669,62
"S01002031",688,569,119
"S01002032",771,664,107
"S01002033",772,678,94
"S01002034",779,704,75
"S01002035",730,697,33
"S01002036",891,714,177
"S01002037",677,632,45
"S01002038",517,465,52
"S01002039",694,641,53
"S01002040",610,533,77
"S01002041",888,794,94
"S01002042",958,930,28
"S01002043",719,683,36
"S01002044",635,607,28
"S01002045",1058,1002,56
"S01002046",567,508,59
"S01002047",854,746,108
"S01002048",879,719,160
"S01002049",1121,998,123
"S01002050",738,641,97
"S01002051",763,748,15
"S01002052",875,730,145
"S01002053",994,848,146
"S01002054",650,544,106
"S01002055",918,857,61
"S01002056",907,869,38
"S01002057",908,871,37
"S01002058",1040,939,101
"S01002059",684,557,127
"S01002060",751,639,112
"S01002061",705,611,94
"S01002062",568,529,39
"S01002063",1186,1033,153
"S01002064",1130,939,191
"S01002065",984,845,139
"S01002066",1064,794,270
"S01002067",885,820,65
"S01002068",937,745,192
"S01002069",626,605,21
"S01002070",658,563,95
"S01002071",686,538,148
"S01002072",1135,1107,28
"S01002073",644,558,86
"S01002074",670,643,27
"S01002075",917,825,92
"S01002076",846,743,103
"S01002077",783,759,24
"S01002078",1068,1014,54
"S01002079",1036,927,109
"S01002080",996,923,73
"S01002081",758,700,58
"S01002082",848,747,101
"S01002083",545,523,22
"S01002084",796,630,166
"S01002085",745,649,96
"S01002086",631,495,136
"S01002087",1053,859,194
"S01002088",968,943,25
"S01002089",1014,998,16
"S01002090",1058,1026,32
"S01002091",825,735,90
"S01002092",1027,1007,20
"S01002093",990,887,103
"S01002094",717,672,45
"S01002095",581,546,35
"S01002096",1441,1294,147
"S01002097",782,733,49
"S01002098",724,690,34
"S01002099",853,778,75
"S01002100",564,535,29
"S01002101",1119,922,197
"S01002102",628,593,35
"S01002103",616,591,25
"S01002104",1429,971,458
"S01002105",978,946,32
"S01002106",955,737,218
"S01002107",507,484,23
"S01002108",1200,903,297
"S01002109",936,827,109
"S01002110",692,661,31
"S01002111",1045,1000,45
"S01002112",1098,1081,17
"S01002113",742,722,20
"S01002114",697,672,25
"S01002115",1079,1015,64
"S01002116",890,871,19
"S01002117",732,655,77
"S01002118",1164,967,197
"S01002119",594,569,25
"S01002120",715,686,29
"S01002121",651,607,44
"S01002122",965,942,23
"S01002123",997,967,30
"S01002124",957,905,52
"S01002125",1102,1060,42
"S01002126",601,585,16
"S01002127",728,711,17
"S01002128",771,713,58
"S01002129",1025,926,99
"S01002130",553,519,34
"S01002131",821,718,103
"S01002132",802,771,31
"S01002133",998,934,64
"S01002134",590,569,21
"S01002135",868,849,19
"S01002136",780,734,46
"S01002137",859,799,60
"S01002138",722,670,52
"S01002139",675,624,51
"S01002140",803,751,52
"S01002141",730,695,35
"S01002142",1088,1035,53
"S01002143",731,707,24
"S01002144",706,669,37
"S01002145",1002,954,48
"S01002146",1000,932,68
"S01002147",903,852,51
"S01002148",888,854,34
"S01002149",1018,968,50
"S01002150",703,648,55
"S01002151",1544,1394,150
"S01002152",843,735,108
"S01002153",501,482,19
"S01002154",822,783,39
"S01002155",946,802,144
"S01002156",727,683,44
"S01002157",765,744,21
"S01002158",800,766,34
"S01002159",714,678,36
"S01002160",891,820,71
"S01002161",779,695,84
"S01002162",1010,910,100
"S01002163",1050,986,64
"S01002164",804,803,1
"S01002165",878,842,36
"S01002166",818,790,28
"S01002167",622,609,13
"S01002168",1022,960,62
"S01002169",850,768,82
"S01002170",880,830,50
"S01002171",603,592,11
"S01002172",704,671,33
"S01002173",971,922,49
"S01002174",882,821,61
"S01002175",990,911,79
"S01002176",765,754,11
"S01002177",798,748,50
"S01002178",877,830,47
"S01002179",667,632,35
"S01002180",585,545,40
"S01002181",793,756,37
"S01002182",772,741,31
"S01002183",860,816,44
"S01002184",763,716,47
"S01002185",941,882,59
"S01002186",733,688,45
"S01002187",910,849,61
"S01002188",770,723,47
"S01002189",663,621,42
"S01002190",844,776,68
"S01002191",787,754,33
"S01002192",876,826,50
"S01002193",910,853,57
"S01002194",816,793,23
"S01002195",1113,1055,58
"S01002196",637,590,47
"S01002197",685,636,49
"S01002198",792,728,64
"S01002199",821,728,93
"S01002200",1096,1045,51
"S01002201",1060,984,76
"S01002202",853,732,121
"S01002203",471,428,43
"S01002204",708,639,69
"S01002205",733,693,40
"S01002206",1019,858,161
"S01002207",812,735,77
"S01002208",680,618,62
"S01002209",936,847,89
"S01002210",552,543,9
"S01002211",638,606,32
"S01002212",1126,1072,54
"S01002213",824,817,7
"S01002214",764,741,23
"S01002215",1135,1081,54
"S01002216",1700,1510,190
"S01002217",1275,1008,267
"S01002218",562,492,70
"S01002219",689,618,71
"S01002220",782,732,50
"S01002221",958,873,85
"S01002222",870,821,49
"S01002223",717,664,53
"S01002224",912,840,72
"S01002225",991,825,166
"S01002226",1074,997,77
"S01002227",823,758,65
"S01002228",983,882,101
"S01002229",720,682,38
"S01002230",1027,977,50
"S01002231",1166,1014,152
"S01002232",846,789,57
"S01002233",952,846,106
"S01002234",787,720,67
"S01002235",1009,931,78
"S01002236",948,883,65
"S01002237",1346,1265,81
"S01002238",564,526,38
"S01002239",949,863,86
"S01002240",970,791,179
"S01002241",1019,917,102
"S01002242",797,742,55
"S01002243",842,705,137
"S01002244",926,845,81
"S01002245",2145,1855,290
"S01002246",947,849,98
"S01002247",843,812,31
"S01002248",1130,1060,70
"S01002249",968,893,75
"S01002250",925,898,27
"S01002251",888,863,25
"S01002252",755,696,59
"S01002253",962,903,59
"S01002254",908,794,114
"S01002255",1690,1520,170
"S01002256",1134,1007,127
"S01002257",714,663,51
"S01002258",888,771,117
"S01002259",542,522,20
"S01002260",870,824,46
"S01002261",1057,1029,28
"S01002262",807,763,44
"S01002263",833,773,60
"S01002264",852,794,58
"S01002265",1661,1503,158
"S01002266",749,684,65
"S01002267",1073,853,220
"S01002268",750,710,40
"S01002269",989,939,50
"S01002270",1718,1475,243
"S01002271",813,770,43
"S01002272",775,709,66
"S01002273",782,730,52
"S01002274",1287,1163,124
"S01002275",1478,1298,180
"S01002276",884,845,39
"S01002277",929,798,131
"S01002278",1116,1015,101
"S01002279",1505,1309,196
"S01002280",792,759,33
"S01002281",647,606,41
"S01002282",266,251,15
"S01002283",715,648,67
"S01002284",2078,1902,176
"S01002285",998,880,118
"S01002286",756,731,25
"S01002287",692,667,25
"S01002288",1345,1274,71
"S01002289",1223,1102,121
"S01002290",1000,925,75
"S01002291",762,692,70
"S01002292",1119,1005,114
"S01002293",797,769,28
"S01002294",675,632,43
"S01002295",727,704,23
"S01002297",868,842,26
"S01002298",712,638,74
"S01002299",781,758,23
"S01002300",774,761,13
"S01002301",2097,1901,196
"S01002302",982,886,96
"S01002303",785,732,53
"S01002304",1693,1583,110
"S01002305",863,789,74
"S01002306",477,451,26
"S01002307",1086,995,91
"S01002308",961,931,30
"S01002309",749,703,46
"S01002310",1014,902,112
"S01002311",881,843,38
"S01002312",690,630,60
"S01002313",734,687,47
"S01002314",884,865,19
"S01002315",569,538,31
"S01002316",732,714,18
"S01002317",3728,3286,442
"S01002318",901,830,71
"S01002319",1094,1016,78
"S01002320",619,608,11
"S01002321",1128,971,157
"S01002322",664,637,27
"S01002323",785,747,38
"S01002324",755,670,85
"S01002325",1784,1638,146
"S01002326",1025,972,53
"S01002327",827,815,12
"S01002328",730,714,16
"S01002329",680,672,8
"S01002330",766,751,15
"S01002331",701,676,25
"S01002332",870,857,13
"S01002333",752,739,13
"S01002334",961,948,13
"S01002335",916,910,6
"S01002336",1021,1003,18
"S01002337",893,864,29
"S01002338",476,465,11
"S01002339",621,618,3
"S01002340",643,641,2
"S01002341",530,529,1
"S01002342",622,621,1
"S01002343",745,736,9
"S01002344",519,514,5
"S01002345",811,804,7
"S01002346",888,882,6
"S01002347",731,724,7
"S01002348",936,928,8
"S01002349",980,972,8
"S01002350",918,915,3
"S01002351",773,772,1
"S01002352",892,885,7
"S01002353",837,835,2
"S01002354",872,871,1
"S01002355",849,829,20
"S01002356",872,843,29
"S01002357",625,616,9
"S01002358",496,496,0
"S01002359",869,858,11
"S01002360",653,630,23
"S01002361",654,646,8
"S01002362",805,799,6
"S01002363",1090,1077,13
"S01002364",661,654,7
"S01002365",616,610,6
"S01002366",893,889,4
"S01002367",1074,1067,7
"S01002368",930,921,9
"S01002369",621,615,6
"S01002370",733,731,2
"S01002371",709,702,7
"S01002372",761,761,0
"S01002373",660,659,1
"S01002374",795,789,6
"S01002375",892,881,11
"S01002376",892,881,11
"S01002377",871,862,9
"S01002378",512,504,8
"S01002379",1164,1147,17
"S01002380",810,796,14
"S01002381",895,870,25
"S01002382",633,626,7
"S01002383",525,504,21
"S01002384",520,470,50
"S01002385",776,770,6
"S01002386",1002,991,11
"S01002387",726,716,10
"S01002388",737,729,8
"S01002389",693,688,5
"S01002390",1156,1133,23
"S01002391",1456,1439,17
"S01002392",1884,1827,57
"S01002393",1027,1015,12
"S01002394",797,779,18
"S01002395",730,722,8
"S01002396",693,671,22
"S01002397",1752,1716,36
"S01002398",760,744,16
"S01002399",984,959,25
"S01002400",807,802,5
"S01002401",1141,1106,35
"S01002402",817,788,29
"S01002403",743,720,23
"S01002404",1010,994,16
"S01002405",702,688,14
"S01002406",894,883,11
"S01002407",683,657,26
"S01002408",829,817,12
"S01002409",656,652,4
"S01002410",498,486,12
"S01002411",2706,2659,47
"S01002412",918,904,14
"S01002413",628,609,19
"S01002414",623,619,4
"S01002415",721,711,10
"S01002416",572,564,8
"S01002417",631,628,3
"S01002418",886,868,18
"S01002419",554,543,11
"S01002420",651,639,12
"S01002421",814,810,4
"S01002422",548,538,10
"S01002423",890,876,14
"S01002424",838,814,24
"S01002425",916,906,10
"S01002426",667,649,18
"S01002427",821,814,7
"S01002428",536,530,6
"S01002429",747,742,5
"S01002430",669,658,11
"S01002431",859,847,12
"S01002432",1456,1446,10
"S01002433",558,549,9
"S01002434",926,898,28
"S01002435",664,637,27
"S01002436",761,758,3
"S01002437",799,764,35
"S01002438",677,673,4
"S01002439",742,739,3
"S01002440",867,858,9
"S01002441",634,624,10
"S01002442",472,431,41
"S01002443",630,619,11
"S01002444",511,502,9
"S01002445",911,860,51
"S01002446",972,943,29
"S01002447",694,688,6
"S01002448",548,540,8
"S01002449",645,641,4
"S01002450",709,690,19
"S01002451",1003,993,10
"S01002452",538,538,0
"S01002453",688,685,3
"S01002454",725,703,22
"S01002455",553,538,15
"S01002456",1022,1009,13
"S01002457",750,737,13
"S01002458",931,915,16
"S01002459",501,474,27
"S01002460",839,826,13
"S01002461",478,474,4
"S01002462",700,666,34
"S01002463",895,887,8
"S01002464",574,574,0
"S01002465",712,691,21
"S01002466",1010,1006,4
"S01002467",488,470,18
"S01002468",674,663,11
"S01002469",638,637,1
"S01002470",833,827,6
"S01002471",556,544,12
"S01002472",581,560,21
"S01002473",921,901,20
"S01002474",406,394,12
"S01002475",550,535,15
"S01002476",861,832,29
"S01002477",813,805,8
"S01002478",895,890,5
"S01002479",720,694,26
"S01002480",536,529,7
"S01002481",934,928,6
"S01002482",1021,990,31
"S01002483",672,664,8
"S01002484",810,788,22
"S01002485",830,820,10
"S01002486",604,601,3
"S01002487",481,464,17
"S01002488",647,620,27
"S01002489",600,597,3
"S01002490",568,566,2
"S01002491",476,474,2
"S01002492",942,941,1
"S01002493",920,905,15
"S01002494",627,600,27
"S01002495",627,619,8
"S01002496",1243,1194,49
"S01002497",824,801,23
"S01002498",631,622,9
"S01002499",909,900,9
"S01002500",567,560,7
"S01002501",478,478,0
"S01002502",822,805,17
"S01002503",684,673,11
"S01002504",1387,1354,33
"S01002505",738,734,4
"S01002506",810,800,10
"S01002507",589,586,3
"S01002508",869,856,13
"S01002509",1149,1141,8
"S01002510",958,952,6
"S01002511",483,475,8
"S01002512",633,622,11
"S01002513",1685,1600,85
"S01002514",532,519,13
"S01002515",602,598,4
"S01002516",787,783,4
"S01002517",583,578,5
"S01002518",1069,1051,18
"S01002519",806,791,15
"S01002520",592,581,11
"S01002521",583,569,14
"S01002522",733,719,14
"S01002523",682,672,10
"S01002524",566,566,0
"S01002525",686,681,5
"S01002526",527,525,2
"S01002527",822,785,37
"S01002528",807,799,8
"S01002529",1147,1104,43
"S01002530",647,646,1
"S01002531",811,805,6
"S01002532",693,681,12
"S01002533",819,808,11
"S01002534",935,924,11
"S01002535",901,876,25
"S01002536",626,618,8
"S01002537",554,541,13
"S01002538",927,900,27
"S01002539",781,772,9
"S01002540",555,545,10
"S01002541",1917,1879,38
"S01002542",684,667,17
"S01002543",532,519,13
"S01002544",857,845,12
"S01002545",786,768,18
"S01002546",796,789,7
"S01002547",786,743,43
"S01002548",1047,1042,5
"S01002549",570,564,6
"S01002550",464,463,1
"S01002551",551,549,2
"S01002552",583,572,11
"S01002553",755,752,3
"S01002554",632,606,26
"S01002555",740,733,7
"S01002556",752,744,8
"S01002557",775,768,7
"S01002558",530,530,0
"S01002559",612,587,25
"S01002560",619,615,4
"S01002561",775,755,20
"S01002562",607,605,2
"S01002563",1024,995,29
"S01002564",560,553,7
"S01002565",848,821,27
"S01002566",670,664,6
"S01002567",2509,2375,134
"S01002568",792,790,2
"S01002569",1421,1400,21
"S01002570",663,658,5
"S01002571",713,701,12
"S01002572",564,553,11
"S01002573",512,508,4
"S01002574",816,801,15
"S01002575",1284,1245,39
"S01002576",703,683,20
"S01002577",989,969,20
"S01002578",736,706,30
"S01002579",943,905,38
"S01002580",767,755,12
"S01002581",777,746,31
"S01002582",691,688,3
"S01002583",994,977,17
"S01002584",1566,1527,39
"S01002585",824,816,8
"S01002586",509,503,6
"S01002587",688,673,15
"S01002588",705,700,5
"S01002589",754,741,13
"S01002590",677,661,16
"S01002591",577,569,8
"S01002592",853,842,11
"S01002593",797,791,6
"S01002594",695,680,15
"S01002595",656,650,6
"S01002596",681,675,6
"S01002597",521,518,3
"S01002598",975,959,16
"S01002599",526,517,9
"S01002600",1038,1011,27
"S01002601",628,619,9
"S01002602",519,508,11
"S01002603",708,703,5
"S01002604",944,920,24
"S01002605",598,593,5
"S01002606",581,563,18
"S01002607",833,821,12
"S01002608",539,529,10
"S01002609",760,746,14
"S01002610",838,822,16
"S01002611",860,848,12
"S01002612",829,811,18
"S01002613",848,844,4
"S01002614",912,907,5
"S01002615",444,441,3
"S01002616",592,561,31
"S01002617",931,917,14
"S01002618",856,854,2
"S01002619",768,742,26
"S01002620",865,852,13
"S01002621",593,587,6
"S01002622",8698,8289,409
"S01002623",1613,1548,65
"S01002624",691,671,20
"S01002625",866,861,5
"S01002626",753,732,21
"S01002627",979,971,8
"S01002628",822,804,18
"S01002629",835,812,23
"S01002630",687,681,6
"S01002631",737,728,9
"S01002632",574,557,17
"S01002633",942,926,16
"S01002634",793,776,17
"S01002635",572,558,14
"S01002636",609,604,5
"S01002637",742,727,15
"S01002638",743,733,10
"S01002639",932,900,32
"S01002640",697,686,11
"S01002641",906,878,28
"S01002642",646,635,11
"S01002643",542,535,7
"S01002644",667,660,7
"S01002645",630,615,15
"S01002646",650,625,25
"S01002647",898,892,6
"S01002648",1143,1136,7
"S01002649",596,590,6
"S01002650",646,644,2
"S01002651",583,578,5
"S01002652",650,633,17
"S01002653",738,723,15
"S01002654",748,738,10
"S01002655",853,841,12
"S01002656",725,716,9
"S01002657",812,799,13
"S01002658",1247,1204,43
"S01002659",871,868,3
"S01002660",772,751,21
"S01002661",840,833,7
"S01002662",1430,1416,14
"S01002663",756,741,15
"S01002664",847,839,8
"S01002665",792,790,2
"S01002666",1304,1286,18
"S01002667",636,630,6
"S01002668",471,467,4
"S01002669",986,963,23
"S01002670",619,611,8
"S01002671",1018,990,28
"S01002672",658,650,8
"S01002673",510,487,23
"S01002674",791,779,12
"S01002675",903,888,15
"S01002676",787,759,28
"S01002677",967,951,16
"S01002678",922,906,16
"S01002679",971,935,36
"S01002680",1094,1075,19
"S01002681",713,688,25
"S01002682",546,517,29
"S01002683",578,565,13
"S01002684",736,733,3
"S01002685",845,804,41
"S01002686",1683,1580,103
"S01002687",1229,1207,22
"S01002688",611,604,7
"S01002689",826,813,13
"S01002690",579,571,8
"S01002691",1494,1465,29
"S01002692",828,824,4
"S01002693",506,493,13
"S01002694",704,702,2
"S01002695",627,622,5
"S01002696",702,696,6
"S01002697",889,879,10
"S01002698",780,769,11
"S01002699",511,504,7
"S01002700",892,886,6
"S01002701",885,871,14
"S01002702",595,588,7
"S01002703",1287,1262,25
"S01002704",634,630,4
"S01002705",665,656,9
"S01002706",900,881,19
"S01002707",877,868,9
"S01002708",1002,997,5
"S01002709",902,866,36
"S01002710",801,792,9
"S01002711",875,864,11
"S01002712",665,661,4
"S01002713",659,639,20
"S01002714",939,882,57
"S01002715",848,842,6
"S01002716",527,522,5
"S01002717",822,804,18
"S01002718",853,834,19
"S01002719",740,737,3
"S01002720",707,692,15
"S01002721",816,799,17
"S01002722",846,800,46
"S01002723",698,692,6
"S01002724",776,758,18
"S01002725",868,854,14
"S01002726",744,717,27
"S01002727",947,910,37
"S01002728",934,919,15
"S01002729",871,856,15
"S01002730",832,792,40
"S01002731",786,772,14
"S01002732",642,612,30
"S01002733",650,636,14
"S01002734",1080,1064,16
"S01002735",1170,1136,34
"S01002736",682,670,12
"S01002737",724,693,31
"S01002738",705,699,6
"S01002739",773,762,11
"S01002740",528,516,12
"S01002741",922,890,32
"S01002742",789,768,21
"S01002743",675,659,16
"S01002744",576,568,8
"S01002745",601,594,7
"S01002746",796,788,8
"S01002747",532,492,40
"S01002748",639,632,7
"S01002749",695,682,13
"S01002750",935,921,14
"S01002751",1015,978,37
"S01002752",528,527,1
"S01002753",643,621,22
"S01002754",578,576,2
"S01002755",817,806,11
"S01002756",785,769,16
"S01002757",569,567,2
"S01002758",677,672,5
"S01002759",1042,974,68
"S01002760",486,480,6
"S01002761",783,763,20
"S01002762",588,584,4
"S01002763",823,815,8
"S01002764",584,565,19
"S01002765",856,830,26
"S01002766",815,808,7
"S01002767",975,962,13
"S01002768",785,780,5
"S01002769",729,718,11
"S01002770",539,531,8
"S01002771",735,721,14
"S01002772",989,970,19
"S01002773",866,845,21
"S01002774",778,756,22
"S01002775",756,731,25
"S01002776",1020,963,57
"S01002777",1023,1022,1
"S01002778",753,741,12
"S01002779",630,620,10
"S01002780",876,866,10
"S01002781",883,856,27
"S01002782",779,763,16
"S01002783",1527,1520,7
"S01002784",559,552,7
"S01002785",722,707,15
"S01002786",846,832,14
"S01002787",673,625,48
"S01002788",837,767,70
"S01002789",700,681,19
"S01002790",776,761,15
"S01002791",632,631,1
"S01002792",1975,1934,41
"S01002793",705,690,15
"S01002794",929,925,4
"S01002795",597,591,6
"S01002796",591,587,4
"S01002797",771,744,27
"S01002798",574,571,3
"S01002799",608,597,11
"S01002800",706,674,32
"S01002801",923,918,5
"S01002802",575,566,9
"S01002803",810,809,1
"S01002804",551,551,0
"S01002805",872,846,26
"S01002806",2516,2336,180
"S01002807",672,661,11
"S01002808",836,820,16
"S01002809",672,661,11
"S01002810",918,911,7
"S01002811",965,956,9
"S01002812",616,612,4
"S01002813",737,730,7
"S01002814",876,860,16
"S01002815",704,698,6
"S01002816",666,662,4
"S01002817",543,540,3
"S01002818",616,609,7
"S01002819",774,773,1
"S01002820",826,816,10
"S01002821",1165,1156,9
"S01002822",817,811,6
"S01002823",729,726,3
"S01002824",804,787,17
"S01002825",777,757,20
"S01002826",495,486,9
"S01002827",660,645,15
"S01002828",856,841,15
"S01002829",797,780,17
"S01002830",623,617,6
"S01002831",1114,1102,12
"S01002832",771,765,6
"S01002833",1022,960,62
"S01002834",792,776,16
"S01002835",682,680,2
"S01002836",523,520,3
"S01002837",572,566,6
"S01002838",531,525,6
"S01002839",633,630,3
"S01002840",681,670,11
"S01002841",1161,1120,41
"S01002842",558,543,15
"S01002843",802,795,7
"S01002844",562,543,19
"S01002845",841,820,21
"S01002846",1059,1028,31
"S01002847",890,874,16
"S01002848",812,799,13
"S01002849",969,959,10
"S01002850",842,828,14
"S01002851",448,442,6
"S01002852",1006,1000,6
"S01002853",456,456,0
"S01002854",825,820,5
"S01002855",601,589,12
"S01002856",717,706,11
"S01002857",537,532,5
"S01002858",678,662,16
"S01002859",811,805,6
"S01002860",1070,1044,26
"S01002861",882,867,15
"S01002862",588,573,15
"S01002863",737,730,7
"S01002864",643,637,6
"S01002865",954,928,26
"S01002866",1030,1005,25
"S01002867",515,507,8
"S01002868",743,710,33
"S01002869",563,554,9
"S01002870",897,887,10
"S01002871",626,615,11
"S01002872",663,648,15
"S01002873",736,724,12
"S01002874",767,759,8
"S01002875",536,508,28
"S01002876",686,683,3
"S01002877",748,736,12
"S01002878",533,496,37
"S01002879",812,800,12
"S01002880",510,510,0
"S01002881",912,884,28
"S01002882",770,752,18
"S01002883",1062,1060,2
"S01002884",793,789,4
"S01002885",1271,1244,27
"S01002886",815,808,7
"S01002887",596,592,4
"S01002888",468,464,4
"S01002889",857,848,9
"S01002890",673,666,7
"S01002891",743,726,17
"S01002892",649,639,10
"S01002893",1127,1093,34
"S01002894",815,798,17
"S01002895",595,592,3
"S01002896",681,670,11
"S01002897",586,572,14
"S01002898",982,970,12
"S01002899",528,511,17
"S01002900",675,666,9
"S01002901",788,787,1
"S01002902",732,721,11
"S01002903",852,845,7
"S01002904",707,707,0
"S01002905",735,707,28
"S01002906",807,791,16
"S01002907",606,602,4
"S01002908",773,759,14
"S01002909",763,737,26
"S01002910",1037,1033,4
"S01002911",846,841,5
"S01002912",1349,1294,55
"S01002913",740,721,19
"S01002914",634,624,10
"S01002915",892,866,26
"S01002916",728,723,5
"S01002917",584,579,5
"S01002918",723,712,11
"S01002919",875,844,31
"S01002920",569,564,5
"S01002921",647,633,14
"S01002922",480,479,1
"S01002923",625,622,3
"S01002924",649,643,6
"S01002925",1445,1415,30
"S01002926",765,757,8
"S01002927",765,757,8
"S01002928",530,524,6
"S01002929",738,737,1
"S01002930",560,528,32
"S01002931",912,887,25
"S01002932",680,677,3
"S01002933",796,780,16
"S01002934",837,826,11
"S01002935",920,889,31
"S01002936",770,758,12
"S01002937",477,467,10
"S01002938",789,770,19
"S01002939",535,534,1
"S01002940",609,605,4
"S01002941",918,908,10
"S01002942",430,425,5
"S01002943",677,667,10
"S01002944",1160,1130,30
"S01002945",562,555,7
"S01002946",1089,1067,22
"S01002947",626,620,6
"S01002948",777,773,4
"S01002949",534,526,8
"S01002950",771,765,6
"S01002951",922,911,11
"S01002952",578,578,0
"S01002953",890,886,4
"S01002954",833,826,7
"S01002955",1125,1110,15
"S01002956",758,747,11
"S01002957",882,866,16
"S01002958",572,566,6
"S01002959",953,950,3
"S01002960",623,618,5
"S01002961",810,799,11
"S01002962",644,638,6
"S01002963",807,793,14
"S01002964",638,623,15
"S01002965",895,891,4
"S01002966",681,672,9
"S01002967",875,874,1
"S01002968",1438,1369,69
"S01002969",1002,993,9
"S01002970",624,613,11
"S01002971",1243,1225,18
"S01002972",1123,1090,33
"S01002973",865,835,30
"S01002974",1085,1070,15
"S01002975",605,569,36
"S01002976",904,885,19
"S01002977",708,692,16
"S01002978",1062,1056,6
"S01002979",723,719,4
"S01002980",745,702,43
"S01002981",727,691,36
"S01002982",620,598,22
"S01002983",797,758,39
"S01002984",726,700,26
"S01002985",585,557,28
"S01002986",731,709,22
"S01002987",1009,910,99
"S01002988",702,696,6
"S01002989",980,912,68
"S01002990",680,618,62
"S01002991",1232,942,290
"S01002992",799,741,58
"S01002993",703,683,20
"S01002994",1134,1031,103
"S01002995",580,517,63
"S01002996",2672,2093,579
"S01002997",772,643,129
"S01002998",817,813,4
"S01002999",1042,941,101
"S01003000",672,660,12
"S01003001",591,583,8
"S01003002",899,884,15
"S01003003",592,585,7
"S01003004",420,411,9
"S01003005",557,551,6
"S01003006",1078,1052,26
"S01003007",782,772,10
"S01003008",946,930,16
"S01003009",541,531,10
"S01003010",698,692,6
"S01003011",764,751,13
"S01003012",946,936,10
"S01003013",634,626,8
"S01003014",665,653,12
"S01003015",740,732,8
"S01003016",459,447,12
"S01003017",715,693,22
"S01003018",852,844,8
"S01003019",823,809,14
"S01003020",679,664,15
"S01003021",673,648,25
"S01003022",954,931,23
"S01003023",703,693,10
"S01003024",656,643,13
"S01003025",857,833,24
"S01003026",848,810,38
"S01003027",1030,936,94
"S01003028",800,787,13
"S01003029",1093,1056,37
"S01003030",1340,1304,36
"S01003032",584,573,11
"S01003033",490,484,6
"S01003034",910,804,106
"S01003035",1019,969,50
"S01003036",926,909,17
"S01003037",2167,1375,792
"S01003038",888,580,308
"S01003039",893,831,62
"S01003040",880,860,20
"S01003041",711,485,226
"S01003042",615,556,59
"S01003043",579,494,85
"S01003044",1339,1318,21
"S01003045",926,846,80
"S01003046",756,702,54
"S01003047",946,908,38
"S01003048",497,473,24
"S01003049",552,537,15
"S01003050",718,686,32
"S01003051",1121,976,145
"S01003052",695,671,24
"S01003053",1019,787,232
"S01003054",808,776,32
"S01003055",841,802,39
"S01003056",934,843,91
"S01003057",673,663,10
"S01003058",1243,1088,155
"S01003059",902,815,87
"S01003060",1030,943,87
"S01003061",776,746,30
"S01003062",827,782,45
"S01003063",800,759,41
"S01003064",837,828,9
"S01003065",991,938,53
"S01003066",802,768,34
"S01003067",608,587,21
"S01003068",801,782,19
"S01003069",567,523,44
"S01003070",799,727,72
"S01003071",657,589,68
"S01003072",1022,939,83
"S01003073",725,718,7
"S01003074",727,599,128
"S01003075",744,707,37
"S01003076",901,641,260
"S01003077",963,906,57
"S01003078",674,651,23
"S01003079",925,811,114
"S01003080",826,814,12
"S01003081",1033,555,478
"S01003082",1164,1055,109
"S01003083",1223,1165,58
"S01003084",822,783,39
"S01003085",975,930,45
"S01003086",636,418,218
"S01003087",653,629,24
"S01003088",1195,1157,38
"S01003089",733,603,130
"S01003090",750,672,78
"S01003091",575,551,24
"S01003092",815,718,97
"S01003093",968,813,155
"S01003094",1010,881,129
"S01003095",769,646,123
"S01003096",702,600,102
"S01003097",277,244,33
"S01003098",1174,1082,92
"S01003099",548,533,15
"S01003100",821,732,89
"S01003101",524,514,10
"S01003102",733,690,43
"S01003103",730,661,69
"S01003104",938,865,73
"S01003105",798,721,77
"S01003106",733,678,55
"S01003107",756,734,22
"S01003108",748,707,41
"S01003109",915,857,58
"S01003110",760,701,59
"S01003111",802,778,24
"S01003112",959,906,53
"S01003113",712,696,16
"S01003114",843,765,78
"S01003115",1065,875,190
"S01003116",874,797,77
"S01003117",776,713,63
"S01003118",531,333,198
"S01003119",616,581,35
"S01003120",1498,1350,148
"S01003121",867,848,19
"S01003122",724,708,16
"S01003123",885,824,61
"S01003124",829,776,53
"S01003125",850,736,114
"S01003126",157,154,3
"S01003127",779,693,86
"S01003128",730,699,31
"S01003129",1130,1062,68
"S01003130",781,742,39
"S01003131",864,772,92
"S01003132",768,638,130
"S01003133",1355,1265,90
"S01003134",748,719,29
"S01003135",742,716,26
"S01003136",964,826,138
"S01003137",773,638,135
"S01003138",1028,892,136
"S01003139",1016,907,109
"S01003140",963,912,51
"S01003141",751,733,18
"S01003142",945,856,89
"S01003143",854,750,104
"S01003144",896,869,27
"S01003145",624,622,2
"S01003146",658,584,74
"S01003147",833,814,19
"S01003148",686,680,6
"S01003149",855,775,80
"S01003150",725,670,55
"S01003151",806,767,39
"S01003152",914,759,155
"S01003153",709,619,90
"S01003154",957,780,177
"S01003155",1358,1265,93
"S01003156",834,729,105
"S01003157",1099,854,245
"S01003158",618,414,204
"S01003159",188,153,35
"S01003160",664,633,31
"S01003161",629,627,2
"S01003162",614,604,10
"S01003163",709,593,116
"S01003164",823,476,347
"S01003165",940,740,200
"S01003166",627,566,61
"S01003167",962,905,57
"S01003168",831,770,61
"S01003169",2517,2082,435
"S01003170",985,457,528
"S01003171",719,359,360
"S01003172",749,477,272
"S01003173",532,433,99
"S01003174",814,448,366
"S01003175",823,626,197
"S01003176",849,685,164
"S01003177",1014,899,115
"S01003178",896,827,69
"S01003179",719,264,455
"S01003180",665,622,43
"S01003181",894,857,37
"S01003182",801,750,51
"S01003183",667,465,202
"S01003184",848,822,26
"S01003185",626,429,197
"S01003186",861,643,218
"S01003187",1027,830,197
"S01003188",976,528,448
"S01003189",837,509,328
"S01003190",724,508,216
"S01003191",553,392,161
"S01003192",779,572,207
"S01003193",1691,1594,97
"S01003194",725,707,18
"S01003195",777,739,38
"S01003196",984,733,251
"S01003197",799,785,14
"S01003198",968,679,289
"S01003199",951,889,62
"S01003200",734,535,199
"S01003201",247,233,14
"S01003202",1040,929,111
"S01003203",876,815,61
"S01003204",945,903,42
"S01003205",747,714,33
"S01003206",796,577,219
"S01003207",815,374,441
"S01003208",1249,1144,105
"S01003209",572,535,37
"S01003210",962,710,252
"S01003211",899,321,578
"S01003212",692,647,45
"S01003213",552,529,23
"S01003214",716,704,12
"S01003215",904,876,28
"S01003216",690,687,3
"S01003217",707,674,33
"S01003218",685,655,30
"S01003219",746,702,44
"S01003220",813,307,506
"S01003221",918,675,243
"S01003222",824,257,567
"S01003223",873,854,19
"S01003224",651,643,8
"S01003225",668,623,45
"S01003226",753,707,46
"S01003227",1617,882,735
"S01003228",1260,1219,41
"S01003229",910,712,198
"S01003230",907,859,48
"S01003231",878,869,9
"S01003232",923,624,299
"S01003233",923,910,13
"S01003234",896,614,282
"S01003235",796,781,15
"S01003236",705,226,479
"S01003237",915,906,9
"S01003238",710,698,12
"S01003239",1008,913,95
"S01003240",705,678,27
"S01003241",780,760,20
"S01003242",1048,877,171
"S01003243",865,827,38
"S01003244",983,944,39
"S01003245",1195,1102,93
"S01003246",941,840,101
"S01003247",781,742,39
"S01003248",1137,1040,97
"S01003249",733,697,36
"S01003250",608,570,38
"S01003251",828,801,27
"S01003252",573,565,8
"S01003253",993,941,52
"S01003254",550,514,36
"S01003255",901,844,57
"S01003256",1436,736,700
"S01003257",797,254,543
"S01003258",760,744,16
"S01003259",1156,1134,22
"S01003260",701,682,19
"S01003261",926,902,24
"S01003262",700,681,19
"S01003263",1028,906,122
"S01003264",635,564,71
"S01003265",664,640,24
"S01003266",739,734,5
"S01003267",967,951,16
"S01003268",1719,1520,199
"S01003269",908,883,25
"S01003270",770,693,77
"S01003271",1836,1568,268
"S01003272",1610,1420,190
"S01003273",703,646,57
"S01003274",583,512,71
"S01003275",1024,1008,16
"S01003276",727,720,7
"S01003277",614,586,28
"S01003278",840,786,54
"S01003279",404,388,16
"S01003280",913,689,224
"S01003281",502,486,16
"S01003282",755,712,43
"S01003283",687,684,3
"S01003284",935,889,46
"S01003285",416,341,75
"S01003286",984,721,263
"S01003287",613,415,198
"S01003288",699,698,1
"S01003289",407,376,31
"S01003290",848,822,26
"S01003291",767,726,41
"S01003292",735,710,25
"S01003293",807,788,19
"S01003294",734,717,17
"S01003295",974,948,26
"S01003296",807,758,49
"S01003297",548,441,107
"S01003298",1003,938,65
"S01003299",451,447,4
"S01003300",869,840,29
"S01003301",765,719,46
"S01003302",687,446,241
"S01003303",2392,1711,681
"S01003304",724,436,288
"S01003305",753,712,41
"S01003306",924,901,23
"S01003307",1063,1039,24
"S01003308",854,810,44
"S01003309",953,936,17
"S01003310",744,718,26
"S01003311",696,693,3
"S01003312",582,565,17
"S01003313",1126,1053,73
"S01003314",648,565,83
"S01003315",711,499,212
"S01003316",594,531,63
"S01003317",646,626,20
"S01003318",744,705,39
"S01003320",530,301,229
"S01003321",692,659,33
"S01003322",796,533,263
"S01003323",752,735,17
"S01003324",449,360,89
"S01003325",779,746,33
"S01003326",855,795,60
"S01003327",605,353,252
"S01003328",1035,896,139
"S01003329",809,802,7
"S01003330",939,867,72
"S01003331",642,619,23
"S01003332",416,412,4
"S01003333",919,821,98
"S01003334",1006,961,45
"S01003335",650,613,37
"S01003336",969,942,27
"S01003337",1383,1329,54
"S01003338",882,733,149
"S01003339",770,730,40
"S01003340",995,977,18
"S01003341",949,906,43
"S01003342",718,606,112
"S01003343",733,702,31
"S01003344",479,450,29
"S01003345",967,893,74
"S01003346",866,814,52
"S01003347",952,928,24
"S01003348",1014,880,134
"S01003349",1367,1287,80
"S01003350",893,835,58
"S01003351",1109,905,204
"S01003352",1168,1136,32
"S01003353",735,636,99
"S01003354",612,602,10
"S01003355",1054,998,56
"S01003356",859,848,11
"S01003357",369,313,56
"S01003358",1861,1570,291
"S01003359",974,926,48
"S01003360",730,726,4
"S01003361",713,701,12
"S01003362",728,700,28
"S01003363",768,763,5
"S01003364",671,555,116
"S01003365",734,607,127
"S01003366",740,570,170
"S01003367",1213,1073,140
"S01003368",2295,1636,659
"S01003369",625,608,17
"S01003370",771,672,99
"S01003371",668,627,41
"S01003372",799,779,20
"S01003373",2232,1750,482
"S01003374",492,483,9
"S01003375",961,908,53
"S01003376",526,503,23
"S01003377",735,727,8
"S01003378",841,778,63
"S01003379",678,659,19
"S01003380",1291,1101,190
"S01003381",728,681,47
"S01003382",1603,1251,352
"S01003383",913,887,26
"S01003384",965,958,7
"S01003385",834,758,76
"S01003386",689,678,11
"S01003387",793,753,40
"S01003388",1038,945,93
"S01003389",1019,905,114
"S01003390",1218,1178,40
"S01003391",716,653,63
"S01003392",826,752,74
"S01003393",883,865,18
"S01003394",637,625,12
"S01003395",644,593,51
"S01003396",814,693,121
"S01003397",1045,1009,36
"S01003398",793,757,36
"S01003399",1873,1363,510
"S01003400",744,737,7
"S01003401",846,822,24
"S01003402",949,936,13
"S01003403",1144,848,296
"S01003404",569,566,3
"S01003405",733,727,6
"S01003406",691,651,40
"S01003407",851,814,37
"S01003408",650,459,191
"S01003409",1535,1307,228
"S01003410",1452,1087,365
"S01003411",757,708,49
"S01003412",862,757,105
"S01003413",741,713,28
"S01003414",442,441,1
"S01003415",1269,980,289
"S01003416",845,750,95
"S01003417",940,814,126
"S01003418",920,859,61
"S01003419",959,932,27
"S01003420",464,457,7
"S01003421",923,901,22
"S01003422",790,709,81
"S01003423",779,566,213
"S01003424",974,917,57
"S01003425",838,672,166
"S01003426",1019,954,65
"S01003427",941,905,36
"S01003428",843,690,153
"S01003429",1525,902,623
"S01003430",783,657,126
"S01003431",696,683,13
"S01003432",880,745,135
"S01003433",1165,843,322
"S01003434",805,792,13
"S01003435",731,725,6
"S01003436",555,514,41
"S01003437",816,687,129
"S01003438",1411,945,466
"S01003439",1153,965,188
"S01003440",480,469,11
"S01003441",1339,1126,213
"S01003442",1013,797,216
"S01003443",970,672,298
"S01003444",777,758,19
"S01003445",1074,803,271
"S01003446",452,299,153
"S01003447",2551,1923,628
"S01003448",705,680,25
"S01003449",831,602,229
"S01003450",976,815,161
"S01003451",916,773,143
"S01003452",1407,1364,43
"S01003453",1317,1127,190
"S01003454",664,398,266
"S01003455",795,780,15
"S01003456",255,247,8
"S01003457",1005,571,434
"S01003458",1016,947,69
"S01003459",890,819,71
"S01003460",1057,925,132
"S01003461",764,731,33
"S01003462",551,535,16
"S01003463",692,274,418
"S01003464",974,668,306
"S01003465",2510,2068,442
"S01003466",787,703,84
"S01003467",714,694,20
"S01003468",839,589,250
"S01003469",1016,953,63
"S01003470",1139,936,203
"S01003471",776,722,54
"S01003472",816,307,509
"S01003473",969,779,190
"S01003474",690,502,188
"S01003475",845,639,206
"S01003476",1136,1073,63
"S01003477",1076,996,80
"S01003478",814,746,68
"S01003479",844,764,80
"S01003480",834,798,36
"S01003481",1033,953,80
"S01003482",669,481,188
"S01003483",533,514,19
"S01003484",1127,957,170
"S01003485",890,673,217
"S01003486",1033,974,59
"S01003487",1075,805,270
"S01003488",695,673,22
"S01003489",1397,1263,134
"S01003490",625,401,224
"S01003491",85,68,17
"S01003492",1077,668,409
"S01003493",831,750,81
"S01003494",815,698,117
"S01003495",936,730,206
"S01003496",999,933,66
"S01003497",964,900,64
"S01003498",1019,928,91
"S01003499",1006,907,99
"S01003500",676,359,317
"S01003501",708,529,179
"S01003502",1848,1690,158
"S01003503",700,662,38
"S01003504",936,705,231
"S01003506",1040,875,165
"S01003507",522,358,164
"S01003508",807,737,70
"S01003509",950,854,96
"S01003510",407,384,23
"S01003511",1101,1020,81
"S01003512",641,637,4
"S01003513",730,636,94
"S01003514",897,794,103
"S01003515",631,620,11
"S01003516",667,603,64
"S01003517",752,651,101
"S01003518",1032,967,65
"S01003519",542,429,113
"S01003520",717,680,37
"S01003521",531,458,73
"S01003522",830,768,62
"S01003523",657,648,9
"S01003524",1072,1023,49
"S01003525",1090,1008,82
"S01003526",1013,925,88
"S01003527",889,845,44
"S01003528",516,510,6
"S01003529",547,497,50
"S01003530",821,760,61
"S01003531",778,702,76
"S01003532",1088,1023,65
"S01003533",340,54,286
"S01003534",903,810,93
"S01003535",708,662,46
"S01003536",1031,960,71
"S01003537",807,724,83
"S01003538",630,613,17
"S01003539",993,965,28
"S01003540",419,385,34
"S01003541",935,332,603
"S01003542",786,742,44
"S01003543",706,553,153
"S01003544",529,466,63
"S01003545",789,740,49
"S01003546",1004,925,79
"S01003547",767,672,95
"S01003549",800,759,41
"S01003550",647,524,123
"S01003551",658,609,49
"S01003552",1036,956,80
"S01003553",654,635,19
"S01003554",761,678,83
"S01003555",725,641,84
"S01003556",700,678,22
"S01003557",783,640,143
"S01003558",1036,963,73
"S01003559",978,924,54
"S01003560",1264,1162,102
"S01003561",1248,1018,230
"S01003562",623,526,97
"S01003563",530,513,17
"S01003564",721,663,58
"S01003565",858,821,37
"S01003566",725,680,45
"S01003567",1036,883,153
"S01003568",729,671,58
"S01003569",717,657,60
"S01003570",736,692,44
"S01003571",880,782,98
"S01003572",1083,944,139
"S01003573",924,909,15
"S01003574",1028,942,86
"S01003575",854,706,148
"S01003576",845,776,69
"S01003577",947,921,26
"S01003578",217,208,9
"S01003579",868,795,73
"S01003580",1018,855,163
"S01003581",2299,2043,256
"S01003582",671,625,46
"S01003583",566,533,33
"S01003584",803,408,395
"S01003585",675,563,112
"S01003586",1053,779,274
"S01003587",1104,1015,89
"S01003588",635,627,8
"S01003589",1639,1220,419
"S01003590",741,656,85
"S01003591",1301,1169,132
"S01003592",1423,1225,198
"S01003593",634,591,43
"S01003594",1013,911,102
"S01003595",919,865,54
"S01003596",783,652,131
"S01003597",714,654,60
"S01003598",690,685,5
"S01003599",969,874,95
"S01003600",842,796,46
"S01003601",817,662,155
"S01003602",628,628,0
"S01003603",864,756,108
"S01003604",837,790,47
"S01003605",666,563,103
"S01003606",885,865,20
"S01003607",531,511,20
"S01003608",557,518,39
"S01003609",1066,997,69
"S01003610",986,891,95
"S01003611",850,773,77
"S01003612",883,784,99
"S01003613",1454,1206,248
"S01003614",547,511,36
"S01003615",854,692,162
"S01003616",869,668,201
"S01003617",828,716,112
"S01003618",796,782,14
"S01003619",816,744,72
"S01003620",1025,895,130
"S01003621",939,935,4
"S01003622",813,789,24
"S01003623",915,783,132
"S01003624",1555,1424,131
"S01003625",350,322,28
"S01003626",808,733,75
"S01003627",621,534,87
"S01003628",739,725,14
"S01003629",759,742,17
"S01003630",771,705,66
"S01003631",1265,1111,154
"S01003632",949,764,185
"S01003633",1267,1216,51
"S01003634",1027,1000,27
"S01003635",559,505,54
"S01003636",923,895,28
"S01003637",1048,995,53
"S01003638",758,669,89
"S01003639",779,743,36
"S01003640",962,920,42
"S01003641",736,672,64
"S01003642",851,832,19
"S01003643",682,628,54
"S01003644",966,877,89
"S01003645",539,516,23
"S01003646",899,539,360
"S01003647",724,683,41
"S01003648",820,719,101
"S01003649",967,857,110
"S01003650",742,703,39
"S01003651",732,657,75
"S01003652",733,664,69
"S01003653",715,708,7
"S01003654",1123,1046,77
"S01003655",660,652,8
"S01003656",878,762,116
"S01003657",831,802,29
"S01003658",859,821,38
"S01003659",756,670,86
"S01003660",976,869,107
"S01003661",947,861,86
"S01003662",642,559,83
"S01003663",585,535,50
"S01003664",506,477,29
"S01003665",645,535,110
"S01003666",663,635,28
"S01003667",838,817,21
"S01003668",783,760,23
"S01003669",927,918,9
"S01003670",950,877,73
"S01003671",666,626,40
"S01003672",751,731,20
"S01003673",316,270,46
"S01003674",783,765,18
"S01003675",879,762,117
"S01003676",1198,1072,126
"S01003677",692,681,11
"S01003678",685,671,14
"S01003679",1028,947,81
"S01003680",623,614,9
"S01003681",565,543,22
"S01003682",1043,968,75
"S01003683",623,605,18
"S01003684",794,762,32
"S01003685",550,539,11
"S01003686",948,880,68
"S01003687",657,648,9
"S01003688",883,869,14
"S01003689",667,636,31
"S01003690",942,859,83
"S01003691",1028,974,54
"S01003692",1022,980,42
"S01003693",550,544,6
"S01003694",986,936,50
"S01003695",1125,1026,99
"S01003696",1036,1014,22
"S01003697",930,883,47
"S01003698",1010,994,16
"S01003699",938,896,42
"S01003700",980,943,37
"S01003701",991,913,78
"S01003702",822,775,47
"S01003703",1052,1002,50
"S01003704",655,634,21
"S01003705",906,854,52
"S01003706",749,698,51
"S01003707",1078,1027,51
"S01003708",964,886,78
"S01003709",856,744,112
"S01003710",1179,1100,79
"S01003711",944,923,21
"S01003712",928,911,17
"S01003713",512,508,4
"S01003714",628,582,46
"S01003715",803,780,23
"S01003716",575,562,13
"S01003717",839,819,20
"S01003718",749,717,32
"S01003719",660,650,10
"S01003720",989,981,8
"S01003721",814,809,5
"S01003722",896,886,10
"S01003723",519,502,17
"S01003724",769,757,12
"S01003725",614,601,13
"S01003726",656,636,20
"S01003727",748,746,2
"S01003728",558,555,3
"S01003729",868,854,14
"S01003730",644,629,15
"S01003731",617,606,11
"S01003732",945,935,10
"S01003733",870,865,5
"S01003734",709,708,1
"S01003735",820,812,8
"S01003736",799,792,7
"S01003737",611,605,6
"S01003738",767,761,6
"S01003739",531,529,2
"S01003740",618,607,11
"S01003741",946,939,7
"S01003742",711,700,11
"S01003743",557,552,5
"S01003744",665,657,8
"S01003745",806,795,11
"S01003746",837,832,5
"S01003747",1094,1079,15
"S01003748",591,582,9
"S01003749",885,878,7
"S01003750",715,710,5
"S01003751",1108,1091,17
"S01003752",913,907,6
"S01003753",1105,1083,22
"S01003754",848,839,9
"S01003755",1626,1599,27
"S01003756",905,902,3
"S01003757",608,607,1
"S01003758",954,950,4
"S01003759",628,624,4
"S01003760",840,832,8
"S01003761",957,950,7
"S01003762",1090,1083,7
"S01003763",912,898,14
"S01003764",878,873,5
"S01003765",649,646,3
"S01003766",738,715,23
"S01003767",812,797,15
"S01003768",628,624,4
"S01003769",946,936,10
"S01003770",819,813,6
"S01003771",757,751,6
"S01003772",606,602,4
"S01003773",692,690,2
"S01003774",760,750,10
"S01003775",916,906,10
"S01003776",700,690,10
"S01003777",1114,1110,4
"S01003778",3225,3162,63
"S01003779",501,500,1
"S01003780",1074,1069,5
"S01003781",1129,1114,15
"S01003782",621,612,9
"S01003783",1234,1216,18
"S01003784",1655,1618,37
"S01003785",809,795,14
"S01003786",891,877,14
"S01003787",591,579,12
"S01003788",708,690,18
"S01003789",494,489,5
"S01003790",570,564,6
"S01003791",824,797,27
"S01003792",2286,2191,95
"S01003793",542,532,10
"S01003794",690,677,13
"S01003795",648,639,9
"S01003796",673,658,15
"S01003797",925,919,6
"S01003798",846,824,22
"S01003799",756,748,8
"S01003800",633,625,8
"S01003801",816,811,5
"S01003802",781,779,2
"S01003803",732,715,17
"S01003804",620,608,12
"S01003805",1202,1176,26
"S01003806",698,690,8
"S01003807",904,902,2
"S01003808",936,920,16
"S01003809",674,660,14
"S01003810",908,900,8
"S01003811",687,667,20
"S01003812",958,940,18
"S01003813",856,827,29
"S01003814",786,771,15
"S01003815",842,827,15
"S01003816",986,973,13
"S01003817",1035,1026,9
"S01003818",803,795,8
"S01003819",2446,2381,65
"S01003820",1011,966,45
"S01003821",763,757,6
"S01003822",666,601,65
"S01003823",977,962,15
"S01003824",816,757,59
"S01003825",867,805,62
"S01003826",749,740,9
"S01003827",817,807,10
"S01003828",1145,1115,30
"S01003829",665,654,11
"S01003830",901,885,16
"S01003831",584,582,2
"S01003832",944,913,31
"S01003833",537,514,23
"S01003834",651,644,7
"S01003835",534,529,5
"S01003836",513,486,27
"S01003837",836,813,23
"S01003838",576,571,5
"S01003839",648,644,4
"S01003840",696,680,16
"S01003841",609,607,2
"S01003842",758,745,13
"S01003843",953,937,16
"S01003844",736,727,9
"S01003845",1140,1124,16
"S01003846",757,747,10
"S01003847",608,608,0
"S01003848",669,647,22
"S01003849",1015,988,27
"S01003850",522,509,13
"S01003851",822,809,13
"S01003852",593,588,5
"S01003853",1253,1213,40
"S01003854",578,577,1
"S01003855",978,956,22
"S01003856",765,756,9
"S01003857",783,770,13
"S01003858",534,527,7
"S01003859",609,585,24
"S01003860",672,664,8
"S01003861",776,756,20
"S01003862",741,730,11
"S01003863",686,670,16
"S01003864",921,914,7
"S01003865",996,981,15
"S01003866",967,959,8
"S01003867",1357,1335,22
"S01003868",691,689,2
"S01003869",712,700,12
"S01003870",1046,1043,3
"S01003871",771,760,11
"S01003872",902,893,9
"S01003873",1122,1115,7
"S01003874",831,806,25
"S01003875",679,674,5
"S01003876",723,712,11
"S01003877",688,682,6
"S01003878",1089,1079,10
"S01003879",778,772,6
"S01003880",867,861,6
"S01003881",887,881,6
"S01003882",500,500,0
"S01003883",535,532,3
"S01003884",766,765,1
"S01003885",654,654,0
"S01003886",519,518,1
"S01003887",1032,1008,24
"S01003888",1633,1618,15
"S01003889",547,544,3
"S01003890",663,645,18
"S01003891",731,725,6
"S01003892",641,641,0
"S01003893",633,627,6
"S01003894",935,884,51
"S01003895",745,736,9
"S01003896",724,719,5
"S01003897",734,728,6
"S01003898",791,784,7
"S01003899",800,779,21
"S01003900",776,728,48
"S01003901",680,667,13
"S01003902",1036,1023,13
"S01003903",901,893,8
"S01003904",888,855,33
"S01003905",1166,1159,7
"S01003906",701,688,13
"S01003907",748,738,10
"S01003908",799,787,12
"S01003909",621,609,12
"S01003910",727,723,4
"S01003911",626,624,2
"S01003912",945,940,5
"S01003913",727,724,3
"S01003914",975,973,2
"S01003915",764,758,6
"S01003916",845,835,10
"S01003917",906,896,10
"S01003918",954,951,3
"S01003919",612,589,23
"S01003920",731,724,7
"S01003921",1038,1023,15
"S01003922",937,927,10
"S01003923",761,748,13
"S01003924",507,503,4
"S01003925",801,798,3
"S01003926",580,574,6
"S01003927",720,713,7
"S01003928",840,816,24
"S01003929",548,547,1
"S01003930",870,857,13
"S01003931",1144,1144,0
"S01003932",897,887,10
"S01003933",701,695,6
"S01003934",1016,1011,5
"S01003935",827,821,6
"S01003936",999,986,13
"S01003937",745,743,2
"S01003938",605,603,2
"S01003939",626,622,4
"S01003940",1047,1044,3
"S01003941",614,614,0
"S01003942",758,752,6
"S01003943",695,689,6
"S01003944",646,638,8
"S01003945",661,656,5
"S01003946",838,833,5
"S01003947",631,625,6
"S01003948",745,736,9
"S01003949",598,594,4
"S01003950",606,598,8
"S01003951",608,599,9
"S01003952",536,533,3
"S01003953",577,566,11
"S01003954",702,696,6
"S01003955",681,671,10
"S01003956",749,737,12
"S01003957",686,683,3
"S01003958",784,774,10
"S01003959",747,745,2
"S01003960",877,871,6
"S01003961",576,565,11
"S01003962",706,704,2
"S01003963",474,471,3
"S01003964",483,482,1
"S01003965",576,572,4
"S01003966",1009,1004,5
"S01003967",539,536,3
"S01003968",864,863,1
"S01003969",762,760,2
"S01003970",631,626,5
"S01003971",721,715,6
"S01003972",785,780,5
"S01003973",450,448,2
"S01003974",854,851,3
"S01003975",829,826,3
"S01003976",772,758,14
"S01003977",491,489,2
"S01003978",512,511,1
"S01003979",569,565,4
"S01003980",643,638,5
"S01003981",544,539,5
"S01003982",779,761,18
"S01003983",683,678,5
"S01003984",623,614,9
"S01003985",743,735,8
"S01003986",550,547,3
"S01003987",688,687,1
"S01003988",490,487,3
"S01003989",913,912,1
"S01003990",522,520,2
"S01003991",622,613,9
"S01003992",982,981,1
"S01003993",694,691,3
"S01003994",729,725,4
"S01003995",1312,1302,10
"S01003996",649,646,3
"S01003997",916,911,5
"S01003998",565,557,8
"S01003999",853,843,10
"S01004000",708,704,4
"S01004001",620,616,4
"S01004002",896,887,9
"S01004003",570,568,2
"S01004004",731,722,9
"S01004005",588,583,5
"S01004006",553,553,0
"S01004007",611,595,16
"S01004008",672,671,1
"S01004009",771,770,1
"S01004010",837,834,3
"S01004011",1369,1324,45
"S01004012",755,729,26
"S01004013",537,536,1
"S01004014",634,625,9
"S01004015",905,869,36
"S01004016",598,598,0
"S01004017",1014,998,16
"S01004018",824,812,12
"S01004019",1067,1033,34
"S01004020",805,797,8
"S01004021",1177,1151,26
"S01004022",789,776,13
"S01004023",556,553,3
"S01004024",1077,1053,24
"S01004025",858,858,0
"S01004026",607,602,5
"S01004027",785,779,6
"S01004028",739,738,1
"S01004029",879,873,6
"S01004030",660,653,7
"S01004031",577,574,3
"S01004032",396,378,18
"S01004033",865,861,4
"S01004034",736,728,8
"S01004035",737,734,3
"S01004036",630,623,7
"S01004037",660,655,5
"S01004038",678,666,12
"S01004039",368,361,7
"S01004040",642,633,9
"S01004041",650,643,7
"S01004042",576,565,11
"S01004043",730,723,7
"S01004044",674,663,11
"S01004045",596,594,2
"S01004046",541,538,3
"S01004047",688,683,5
"S01004048",1036,1024,12
"S01004049",1314,1301,13
"S01004050",465,460,5
"S01004051",836,831,5
"S01004052",538,534,4
"S01004053",957,949,8
"S01004054",882,880,2
"S01004055",557,554,3
"S01004056",722,721,1
"S01004057",1604,1577,27
"S01004058",923,917,6
"S01004059",549,547,2
"S01004060",468,466,2
"S01004061",793,792,1
"S01004062",871,849,22
"S01004063",610,610,0
"S01004064",621,619,2
"S01004065",958,943,15
"S01004066",560,553,7
"S01004067",829,825,4
"S01004068",723,720,3
"S01004069",448,443,5
"S01004070",688,685,3
"S01004071",908,898,10
"S01004072",1189,1181,8
"S01004073",785,772,13
"S01004074",872,863,9
"S01004075",449,438,11
"S01004076",626,623,3
"S01004077",842,838,4
"S01004078",768,761,7
"S01004079",665,661,4
"S01004080",821,808,13
"S01004081",649,639,10
"S01004082",1030,1011,19
"S01004083",874,863,11
"S01004084",905,894,11
"S01004085",524,520,4
"S01004086",769,766,3
"S01004087",455,451,4
"S01004088",525,524,1
"S01004089",725,719,6
"S01004090",315,315,0
"S01004091",958,945,13
"S01004092",740,729,11
"S01004093",547,534,13
"S01004094",425,419,6
"S01004095",517,495,22
"S01004096",645,636,9
"S01004097",734,724,10
"S01004098",619,611,8
"S01004099",788,769,19
"S01004100",765,753,12
"S01004101",715,701,14
"S01004102",771,746,25
"S01004103",660,653,7
"S01004104",756,726,30
"S01004105",842,839,3
"S01004106",898,864,34
"S01004107",668,663,5
"S01004108",800,790,10
"S01004109",560,558,2
"S01004110",775,761,14
"S01004111",798,774,24
"S01004112",839,832,7
"S01004113",729,719,10
"S01004114",643,635,8
"S01004115",749,736,13
"S01004116",674,663,11
"S01004117",748,728,20
"S01004118",899,873,26
"S01004119",490,481,9
"S01004120",706,695,11
"S01004121",430,428,2
"S01004122",900,878,22
"S01004123",928,917,11
"S01004124",1039,1024,15
"S01004125",656,649,7
"S01004126",682,677,5
"S01004127",860,855,5
"S01004128",683,679,4
"S01004129",728,719,9
"S01004130",514,511,3
"S01004131",809,797,12
"S01004132",536,531,5
"S01004133",820,813,7
"S01004134",646,636,10
"S01004135",633,622,11
"S01004136",623,617,6
"S01004137",575,568,7
"S01004138",694,681,13
"S01004139",561,555,6
"S01004140",540,533,7
"S01004141",673,672,1
"S01004142",540,527,13
"S01004143",846,833,13
"S01004144",1319,1281,38
"S01004145",626,624,2
"S01004146",818,814,4
"S01004147",709,697,12
"S01004148",995,983,12
"S01004149",851,840,11
"S01004150",609,581,28
"S01004151",1023,965,58
"S01004152",752,745,7
"S01004153",782,771,11
"S01004154",625,620,5
"S01004155",885,876,9
"S01004156",963,952,11
"S01004157",581,569,12
"S01004158",579,573,6
"S01004159",358,356,2
"S01004160",646,642,4
"S01004161",548,543,5
"S01004162",2023,1924,99
"S01004163",662,655,7
"S01004164",860,853,7
"S01004165",969,961,8
"S01004166",744,724,20
"S01004167",669,667,2
"S01004168",621,612,9
"S01004169",796,781,15
"S01004170",734,733,1
"S01004171",633,629,4
"S01004172",756,756,0
"S01004173",606,601,5
"S01004174",728,720,8
"S01004175",540,538,2
"S01004176",632,628,4
"S01004177",494,484,10
"S01004178",566,551,15
"S01004179",490,481,9
"S01004180",900,892,8
"S01004181",798,752,46
"S01004182",928,905,23
"S01004183",1056,1046,10
"S01004184",782,780,2
"S01004185",680,660,20
"S01004186",739,713,26
"S01004187",696,688,8
"S01004188",782,770,12
"S01004189",922,887,35
"S01004190",821,779,42
"S01004191",727,724,3
"S01004192",1043,1032,11
"S01004193",690,679,11
"S01004194",739,719,20
"S01004195",638,625,13
"S01004196",615,603,12
"S01004197",697,684,13
"S01004198",578,568,10
"S01004199",780,770,10
"S01004200",719,698,21
"S01004201",715,701,14
"S01004202",523,518,5
"S01004203",955,942,13
"S01004204",668,667,1
"S01004205",758,742,16
"S01004206",636,623,13
"S01004207",705,695,10
"S01004208",851,839,12
"S01004209",605,581,24
"S01004210",611,590,21
"S01004211",1102,1090,12
"S01004212",1670,1606,64
"S01004213",530,527,3
"S01004214",637,630,7
"S01004215",615,608,7
"S01004216",807,796,11
"S01004217",447,445,2
"S01004218",802,792,10
"S01004219",508,498,10
"S01004220",903,883,20
"S01004221",783,780,3
"S01004222",569,538,31
"S01004223",722,713,9
"S01004224",684,679,5
"S01004225",768,745,23
"S01004226",660,648,12
"S01004227",1002,984,18
"S01004228",842,829,13
"S01004229",652,647,5
"S01004230",688,672,16
"S01004231",707,690,17
"S01004232",624,591,33
"S01004233",819,814,5
"S01004234",988,987,1
"S01004235",854,847,7
"S01004236",985,966,19
"S01004237",682,681,1
"S01004238",568,558,10
"S01004239",856,843,13
"S01004240",802,800,2
"S01004241",536,529,7
"S01004242",845,842,3
"S01004243",699,697,2
"S01004244",660,655,5
"S01004245",938,935,3
"S01004246",635,623,12
"S01004247",845,840,5
"S01004248",1036,1027,9
"S01004249",917,912,5
"S01004250",1029,1020,9
"S01004251",907,895,12
"S01004252",638,636,2
"S01004253",579,578,1
"S01004254",725,722,3
"S01004255",2886,2866,20
"S01004256",1460,1438,22
"S01004257",621,617,4
"S01004258",717,714,3
"S01004259",771,767,4
"S01004260",513,506,7
"S01004261",786,785,1
"S01004262",787,780,7
"S01004263",764,749,15
"S01004264",800,797,3
"S01004265",909,904,5
"S01004266",545,535,10
"S01004267",508,507,1
"S01004268",637,635,2
"S01004269",838,830,8
"S01004270",561,545,16
"S01004271",643,636,7
"S01004272",565,565,0
"S01004273",576,573,3
"S01004274",911,898,13
"S01004275",584,584,0
"S01004276",868,849,19
"S01004277",713,699,14
"S01004278",1207,1206,1
"S01004279",819,815,4
"S01004280",925,918,7
"S01004281",729,726,3
"S01004282",880,867,13
"S01004283",702,695,7
"S01004284",902,888,14
"S01004285",474,473,1
"S01004286",578,571,7
"S01004287",641,641,0
"S01004288",665,653,12
"S01004289",547,528,19
"S01004290",1000,999,1
"S01004291",807,796,11
"S01004292",988,982,6
"S01004293",931,895,36
"S01004294",744,714,30
"S01004295",855,840,15
"S01004296",886,868,18
"S01004297",648,646,2
"S01004298",1332,1322,10
"S01004299",520,501,19
"S01004300",574,565,9
"S01004301",774,766,8
"S01004302",674,658,16
"S01004303",626,623,3
"S01004304",798,778,20
"S01004305",647,636,11
"S01004306",597,584,13
"S01004307",871,861,10
"S01004308",965,954,11
"S01004309",937,920,17
"S01004310",718,709,9
"S01004311",1153,1137,16
"S01004312",700,693,7
"S01004313",1298,1281,17
"S01004314",787,781,6
"S01004315",502,501,1
"S01004316",536,526,10
"S01004317",1149,1141,8
"S01004318",527,527,0
"S01004319",889,885,4
"S01004320",824,817,7
"S01004321",777,766,11
"S01004322",980,975,5
"S01004323",657,655,2
"S01004324",803,791,12
"S01004325",1054,1041,13
"S01004326",843,838,5
"S01004327",699,697,2
"S01004328",607,607,0
"S01004329",509,501,8
"S01004330",1412,1408,4
"S01004331",579,574,5
"S01004332",631,631,0
"S01004333",578,578,0
"S01004334",1363,1279,84
"S01004335",537,536,1
"S01004336",1005,996,9
"S01004337",748,739,9
"S01004338",769,758,11
"S01004339",955,940,15
"S01004340",537,532,5
"S01004341",558,554,4
"S01004342",1335,1322,13
"S01004343",641,632,9
"S01004344",746,739,7
"S01004345",1160,1145,15
"S01004346",445,439,6
"S01004347",898,886,12
"S01004348",637,631,6
"S01004349",752,734,18
"S01004350",601,583,18
"S01004351",532,525,7
"S01004352",539,536,3
"S01004353",872,850,22
"S01004354",514,509,5
"S01004355",571,550,21
"S01004356",951,950,1
"S01004357",820,780,40
"S01004358",665,664,1
"S01004359",546,540,6
"S01004360",637,632,5
"S01004361",820,809,11
"S01004362",604,593,11
"S01004363",980,970,10
"S01004364",915,908,7
"S01004365",703,695,8
"S01004366",589,589,0
"S01004367",781,777,4
"S01004368",535,531,4
"S01004369",697,690,7
"S01004370",680,671,9
"S01004371",727,726,1
"S01004372",905,894,11
"S01004373",670,669,1
"S01004374",768,759,9
"S01004375",624,618,6
"S01004376",871,865,6
"S01004377",709,687,22
"S01004378",913,901,12
"S01004379",903,896,7
"S01004380",697,679,18
"S01004381",781,773,8
"S01004382",681,657,24
"S01004383",796,790,6
"S01004384",662,660,2
"S01004385",740,735,5
"S01004386",1003,990,13
"S01004387",947,934,13
"S01004388",700,700,0
"S01004389",586,580,6
"S01004390",782,778,4
"S01004391",555,543,12
"S01004392",844,834,10
"S01004393",889,877,12
"S01004394",799,785,14
"S01004395",596,590,6
"S01004396",758,755,3
"S01004397",907,883,24
"S01004398",806,804,2
"S01004399",482,479,3
"S01004400",548,546,2
"S01004401",1079,1039,40
"S01004402",933,933,0
"S01004403",516,500,16
"S01004404",734,696,38
"S01004405",757,745,12
"S01004406",890,875,15
"S01004407",656,654,2
"S01004408",1402,1352,50
"S01004409",459,456,3
"S01004410",989,980,9
"S01004411",557,554,3
"S01004412",1042,1027,15
"S01004413",717,713,4
"S01004414",690,679,11
"S01004415",680,674,6
"S01004416",763,760,3
"S01004417",807,805,2
"S01004418",902,897,5
"S01004419",821,815,6
"S01004420",718,711,7
"S01004421",881,873,8
"S01004422",594,592,2
"S01004423",775,763,12
"S01004424",697,694,3
"S01004425",576,573,3
"S01004426",585,571,14
"S01004427",728,725,3
"S01004428",888,868,20
"S01004429",809,806,3
"S01004430",495,494,1
"S01004431",666,660,6
"S01004432",978,973,5
"S01004433",908,900,8
"S01004434",815,806,9
"S01004435",842,836,6
"S01004436",757,755,2
"S01004437",901,896,5
"S01004438",637,626,11
"S01004439",688,685,3
"S01004440",736,734,2
"S01004441",1333,1322,11
"S01004442",848,837,11
"S01004443",711,708,3
"S01004444",900,891,9
"S01004445",898,891,7
"S01004446",807,803,4
"S01004447",729,720,9
"S01004448",546,544,2
"S01004449",917,905,12
"S01004450",863,855,8
"S01004451",855,840,15
"S01004452",651,645,6
"S01004453",955,946,9
"S01004454",1004,995,9
"S01004455",826,821,5
"S01004456",494,492,2
"S01004457",871,866,5
"S01004458",825,823,2
"S01004459",556,548,8
"S01004460",590,587,3
"S01004461",577,574,3
"S01004462",645,622,23
"S01004463",739,734,5
"S01004464",839,834,5
"S01004465",723,719,4
"S01004466",946,942,4
"S01004467",916,912,4
"S01004468",918,901,17
"S01004469",642,634,8
"S01004470",737,709,28
"S01004471",2067,2021,46
"S01004472",690,686,4
"S01004473",1103,1091,12
"S01004474",1048,1042,6
"S01004475",494,494,0
"S01004476",735,728,7
"S01004477",1097,1091,6
"S01004478",590,587,3
"S01004479",705,697,8
"S01004480",944,938,6
"S01004481",829,824,5
"S01004482",856,852,4
"S01004483",708,698,10
"S01004484",1025,1016,9
"S01004485",542,538,4
"S01004486",962,952,10
"S01004487",1043,1035,8
"S01004488",678,675,3
"S01004489",923,911,12
"S01004490",669,666,3
"S01004491",794,792,2
"S01004492",921,919,2
"S01004493",964,961,3
"S01004494",883,872,11
"S01004495",696,693,3
"S01004496",651,644,7
"S01004497",826,820,6
"S01004498",702,698,4
"S01004499",650,636,14
"S01004500",718,717,1
"S01004501",721,716,5
"S01004502",730,726,4
"S01004503",678,673,5
"S01004504",694,692,2
"S01004505",582,579,3
"S01004506",522,522,0
"S01004507",706,690,16
"S01004508",698,692,6
"S01004509",1030,1020,10
"S01004510",827,822,5
"S01004511",964,956,8
"S01004512",867,864,3
"S01004513",522,516,6
"S01004514",596,588,8
"S01004515",747,739,8
"S01004516",449,441,8
"S01004517",737,731,6
"S01004518",634,626,8
"S01004519",951,950,1
"S01004520",914,903,11
"S01004521",754,746,8
"S01004522",900,893,7
"S01004523",733,727,6
"S01004524",561,560,1
"S01004525",935,922,13
"S01004526",682,666,16
"S01004527",617,606,11
"S01004528",737,729,8
"S01004529",852,848,4
"S01004530",547,538,9
"S01004531",1066,1032,34
"S01004532",852,848,4
"S01004533",441,435,6
"S01004534",645,641,4
"S01004535",898,898,0
"S01004536",680,677,3
"S01004537",815,807,8
"S01004538",752,741,11
"S01004539",716,712,4
"S01004540",1238,1227,11
"S01004541",840,831,9
"S01004542",790,775,15
"S01004543",811,787,24
"S01004544",1844,1791,53
"S01004545",737,730,7
"S01004546",858,854,4
"S01004547",844,827,17
"S01004548",779,773,6
"S01004549",2152,2065,87
"S01004550",667,649,18
"S01004551",1565,1553,12
"S01004552",834,806,28
"S01004553",534,504,30
"S01004554",726,705,21
"S01004555",647,640,7
"S01004556",674,656,18
"S01004557",430,424,6
"S01004558",924,909,15
"S01004559",954,926,28
"S01004560",648,648,0
"S01004561",957,953,4
"S01004562",547,539,8
"S01004563",793,782,11
"S01004564",594,593,1
"S01004565",902,882,20
"S01004566",694,684,10
"S01004567",475,469,6
"S01004568",695,682,13
"S01004569",734,724,10
"S01004570",626,597,29
"S01004571",635,607,28
"S01004572",722,703,19
"S01004573",596,589,7
"S01004574",487,486,1
"S01004575",670,652,18
"S01004576",560,531,29
"S01004577",617,604,13
"S01004578",851,834,17
"S01004579",605,597,8
"S01004580",827,819,8
"S01004581",1240,1224,16
"S01004582",580,566,14
"S01004583",798,787,11
"S01004584",679,666,13
"S01004585",552,548,4
"S01004586",1060,1007,53
"S01004587",1217,1205,12
"S01004588",628,625,3
"S01004589",783,771,12
"S01004590",839,821,18
"S01004591",558,550,8
"S01004592",637,631,6
"S01004593",973,957,16
"S01004594",491,485,6
"S01004595",1030,1010,20
"S01004596",666,652,14
"S01004597",531,513,18
"S01004598",678,667,11
"S01004599",959,939,20
"S01004600",865,849,16
"S01004601",895,876,19
"S01004602",860,847,13
"S01004603",796,778,18
"S01004604",554,542,12
"S01004605",965,945,20
"S01004606",823,808,15
"S01004607",560,544,16
"S01004608",1562,1522,40
"S01004609",569,565,4
"S01004610",697,687,10
"S01004611",1041,1038,3
"S01004612",1137,1116,21
"S01004613",1722,1615,107
"S01004614",750,734,16
"S01004615",1182,1121,61
"S01004616",877,847,30
"S01004617",669,650,19
"S01004618",649,637,12
"S01004619",514,510,4
"S01004620",666,608,58
"S01004621",900,888,12
"S01004622",858,798,60
"S01004623",1028,1005,23
"S01004624",1212,1152,60
"S01004625",821,817,4
"S01004626",2033,1882,151
"S01004627",522,515,7
"S01004628",544,540,4
"S01004629",887,841,46
"S01004630",897,870,27
"S01004631",731,726,5
"S01004632",954,935,19
"S01004633",574,567,7
"S01004634",1114,1036,78
"S01004635",774,764,10
"S01004636",630,626,4
"S01004637",565,556,9
"S01004638",524,514,10
"S01004639",661,656,5
"S01004640",746,739,7
"S01004641",610,603,7
"S01004642",814,797,17
"S01004643",494,476,18
"S01004644",728,707,21
"S01004645",951,939,12
"S01004646",781,775,6
"S01004647",1691,1647,44
"S01004648",1122,1116,6
"S01004649",578,553,25
"S01004650",802,796,6
"S01004651",917,912,5
"S01004652",962,917,45
"S01004653",612,590,22
"S01004654",1015,993,22
"S01004655",967,941,26
"S01004656",596,588,8
"S01004657",734,719,15
"S01004658",947,901,46
"S01004659",503,501,2
"S01004660",768,743,25
"S01004661",741,729,12
"S01004662",965,946,19
"S01004663",512,510,2
"S01004664",562,559,3
"S01004665",673,673,0
"S01004666",755,736,19
"S01004667",698,674,24
"S01004668",890,880,10
"S01004669",885,882,3
"S01004670",965,908,57
"S01004671",806,768,38
"S01004672",641,639,2
"S01004673",909,900,9
"S01004674",797,794,3
"S01004675",821,788,33
"S01004676",766,761,5
"S01004677",873,868,5
"S01004678",975,956,19
"S01004679",473,466,7
"S01004680",940,926,14
"S01004681",780,713,67
"S01004682",529,525,4
"S01004683",674,639,35
"S01004684",1470,1391,79
"S01004685",501,487,14
"S01004686",738,730,8
"S01004687",1052,1047,5
"S01004688",655,634,21
"S01004689",1018,980,38
"S01004690",530,509,21
"S01004691",714,701,13
"S01004692",673,668,5
"S01004693",704,685,19
"S01004694",572,571,1
"S01004695",747,708,39
"S01004696",937,929,8
"S01004697",801,792,9
"S01004698",609,599,10
"S01004699",810,807,3
"S01004700",746,736,10
"S01004701",865,832,33
"S01004702",548,532,16
"S01004703",892,865,27
"S01004704",614,608,6
"S01004705",941,934,7
"S01004706",1629,1558,71
"S01004707",929,926,3
"S01004708",654,648,6
"S01004709",703,692,11
"S01004710",767,757,10
"S01004711",917,904,13
"S01004712",496,494,2
"S01004713",728,723,5
"S01004714",787,767,20
"S01004715",1672,1623,49
"S01004716",844,837,7
"S01004717",952,937,15
"S01004718",889,882,7
"S01004719",966,953,13
"S01004720",861,855,6
"S01004721",569,542,27
"S01004722",690,681,9
"S01004723",655,644,11
"S01004724",965,963,2
"S01004725",638,623,15
"S01004726",577,577,0
"S01004727",791,786,5
"S01004728",945,909,36
"S01004729",620,619,1
"S01004730",1409,1397,12
"S01004731",847,839,8
"S01004732",694,687,7
"S01004733",726,713,13
"S01004734",509,503,6
"S01004735",958,947,11
"S01004736",757,751,6
"S01004737",750,749,1
"S01004738",649,640,9
"S01004739",664,662,2
"S01004740",819,809,10
"S01004741",597,589,8
"S01004742",1328,1314,14
"S01004743",878,864,14
"S01004744",552,550,2
"S01004745",897,896,1
"S01004746",834,828,6
"S01004747",696,687,9
"S01004748",588,574,14
"S01004749",1084,1059,25
"S01004750",641,624,17
"S01004751",799,792,7
"S01004752",827,814,13
"S01004753",763,749,14
"S01004754",637,622,15
"S01004755",683,671,12
"S01004756",577,576,1
"S01004757",845,833,12
"S01004758",872,862,10
"S01004759",584,571,13
"S01004760",720,705,15
"S01004761",528,521,7
"S01004762",622,616,6
"S01004763",848,810,38
"S01004764",736,720,16
"S01004765",1333,1289,44
"S01004766",1196,1153,43
"S01004767",674,656,18
"S01004768",852,836,16
"S01004769",548,540,8
"S01004770",550,542,8
"S01004771",830,829,1
"S01004772",572,570,2
"S01004773",754,746,8
"S01004774",924,913,11
"S01004775",785,770,15
"S01004776",721,717,4
"S01004777",733,725,8
"S01004778",686,677,9
"S01004779",823,814,9
"S01004780",639,636,3
"S01004781",926,910,16
"S01004782",1180,1147,33
"S01004783",935,921,14
"S01004784",672,668,4
"S01004785",629,621,8
"S01004786",483,470,13
"S01004787",997,992,5
"S01004788",690,682,8
"S01004789",983,948,35
"S01004790",719,703,16
"S01004791",611,603,8
"S01004792",596,586,10
"S01004793",760,723,37
"S01004794",708,702,6
"S01004795",899,889,10
"S01004796",738,722,16
"S01004797",702,692,10
"S01004798",846,843,3
"S01004799",578,577,1
"S01004800",661,650,11
"S01004801",719,718,1
"S01004802",856,840,16
"S01004803",850,841,9
"S01004804",853,848,5
"S01004805",608,597,11
"S01004806",626,621,5
"S01004807",514,507,7
"S01004808",705,702,3
"S01004809",438,430,8
"S01004810",575,570,5
"S01004811",717,706,11
"S01004812",816,811,5
"S01004813",868,859,9
"S01004814",808,795,13
"S01004815",1728,1604,124
"S01004816",792,785,7
"S01004817",632,619,13
"S01004818",808,807,1
"S01004819",545,535,10
"S01004820",1044,1040,4
"S01004821",1826,1807,19
"S01004822",689,688,1
"S01004823",911,905,6
"S01004824",753,720,33
"S01004825",597,589,8
"S01004826",961,951,10
"S01004827",619,612,7
"S01004828",1158,1149,9
"S01004829",699,697,2
"S01004830",729,724,5
"S01004831",828,811,17
"S01004832",1342,1313,29
"S01004833",710,696,14
"S01004834",759,731,28
"S01004835",820,794,26
"S01004836",707,667,40
"S01004837",930,922,8
"S01004838",1819,1721,98
"S01004839",864,860,4
"S01004840",848,844,4
"S01004841",812,810,2
"S01004842",1491,1425,66
"S01004843",650,648,2
"S01004844",957,941,16
"S01004845",764,743,21
"S01004846",1021,1015,6
"S01004847",994,967,27
"S01004848",713,698,15
"S01004849",530,517,13
"S01004850",1466,1448,18
"S01004851",647,642,5
"S01004852",683,674,9
"S01004853",733,724,9
"S01004854",1089,1059,30
"S01004855",633,622,11
"S01004856",1538,1506,32
"S01004857",838,809,29
"S01004858",851,846,5
"S01004859",917,908,9
"S01004860",1366,1335,31
"S01004861",710,698,12
"S01004862",634,613,21
"S01004863",844,833,11
"S01004864",529,515,14
"S01004865",716,708,8
"S01004866",866,857,9
"S01004867",736,710,26
"S01004868",710,700,10
"S01004869",785,766,19
"S01004870",851,848,3
"S01004871",770,740,30
"S01004872",815,813,2
"S01004873",751,742,9
"S01004874",1109,1067,42
"S01004875",727,654,73
"S01004876",929,921,8
"S01004877",705,700,5
"S01004878",797,794,3
"S01004879",657,638,19
"S01004880",729,706,23
"S01004881",758,756,2
"S01004882",502,491,11
"S01004883",2080,1999,81
"S01004884",552,549,3
"S01004885",539,534,5
"S01004886",878,862,16
"S01004887",403,388,15
"S01004888",634,623,11
"S01004889",793,780,13
"S01004890",769,744,25
"S01004891",992,964,28
"S01004892",683,661,22
"S01004893",711,696,15
"S01004894",849,841,8
"S01004895",876,858,18
"S01004896",873,855,18
"S01004897",575,552,23
"S01004898",939,929,10
"S01004899",764,760,4
"S01004900",939,888,51
"S01004901",753,719,34
"S01004902",729,708,21
"S01004903",584,580,4
"S01004904",937,930,7
"S01004905",990,968,22
"S01004906",792,782,10
"S01004907",793,788,5
"S01004908",624,618,6
"S01004909",777,766,11
"S01004910",836,830,6
"S01004911",904,879,25
"S01004912",731,725,6
"S01004913",641,637,4
"S01004914",634,618,16
"S01004915",680,668,12
"S01004916",687,666,21
"S01004917",596,581,15
"S01004918",645,619,26
"S01004919",720,692,28
"S01004920",884,846,38
"S01004921",656,648,8
"S01004922",667,625,42
"S01004923",941,915,26
"S01004924",773,772,1
"S01004925",568,545,23
"S01004926",882,806,76
"S01004927",860,859,1
"S01004928",1613,1459,154
"S01004929",627,608,19
"S01004930",627,624,3
"S01004931",1005,996,9
"S01004932",774,771,3
"S01004933",877,865,12
"S01004934",735,723,12
"S01004935",516,507,9
"S01004936",888,873,15
"S01004937",547,546,1
"S01004938",731,730,1
"S01004939",550,543,7
"S01004940",519,512,7
"S01004941",608,607,1
"S01004942",918,911,7
"S01004943",1100,1092,8
"S01004944",498,490,8
"S01004945",685,675,10
"S01004946",721,720,1
"S01004947",760,757,3
"S01004948",535,528,7
"S01004949",719,716,3
"S01004950",816,803,13
"S01004951",752,749,3
"S01004952",1100,1090,10
"S01004953",836,832,4
"S01004954",703,702,1
"S01004955",608,601,7
"S01004956",768,767,1
"S01004957",728,725,3
"S01004958",1203,1190,13
"S01004959",712,697,15
"S01004960",535,526,9
"S01004961",654,649,5
"S01004962",638,635,3
"S01004963",623,619,4
"S01004964",1091,1086,5
"S01004965",942,941,1
"S01004966",1056,1050,6
"S01004967",669,665,4
"S01004968",578,565,13
"S01004969",919,908,11
"S01004970",838,830,8
"S01004971",1021,1019,2
"S01004972",824,823,1
"S01004973",1016,1005,11
"S01004974",1188,1170,18
"S01004975",760,750,10
"S01004976",950,926,24
"S01004977",966,961,5
"S01004978",1001,994,7
"S01004979",819,807,12
"S01004980",962,945,17
"S01004981",988,974,14
"S01004982",666,661,5
"S01004983",963,958,5
"S01004984",763,754,9
"S01004985",813,797,16
"S01004986",786,782,4
"S01004987",497,494,3
"S01004988",550,549,1
"S01004989",695,683,12
"S01004990",593,580,13
"S01004991",659,650,9
"S01004992",848,841,7
"S01004993",691,682,9
"S01004994",810,796,14
"S01004995",1012,999,13
"S01004996",708,697,11
"S01004997",958,953,5
"S01004998",1260,1245,15
"S01004999",898,889,9
"S01005000",546,532,14
"S01005001",1171,1134,37
"S01005002",1016,1011,5
"S01005003",1089,1080,9
"S01005004",881,873,8
"S01005005",941,934,7
"S01005006",680,674,6
"S01005007",839,826,13
"S01005008",1335,1266,69
"S01005009",1033,1019,14
"S01005010",696,684,12
"S01005011",860,852,8
"S01005012",874,842,32
"S01005013",817,812,5
"S01005014",875,853,22
"S01005015",613,603,10
"S01005016",887,880,7
"S01005017",722,715,7
"S01005018",594,587,7
"S01005019",1260,1220,40
"S01005020",833,825,8
"S01005021",1066,1042,24
"S01005022",708,697,11
"S01005023",900,879,21
"S01005024",929,923,6
"S01005025",690,682,8
"S01005026",676,671,5
"S01005027",812,803,9
"S01005028",901,881,20
"S01005029",981,950,31
"S01005030",1027,1018,9
"S01005031",682,667,15
"S01005032",866,852,14
"S01005033",735,706,29
"S01005034",779,758,21
"S01005035",983,979,4
"S01005036",664,655,9
"S01005037",1178,1084,94
"S01005038",819,803,16
"S01005039",1064,1031,33
"S01005040",1166,1077,89
"S01005041",709,638,71
"S01005042",798,781,17
"S01005043",804,794,10
"S01005044",929,903,26
"S01005045",1032,996,36
"S01005046",1313,1280,33
"S01005047",1516,1387,129
"S01005048",595,580,15
"S01005049",823,740,83
"S01005050",910,892,18
"S01005051",823,800,23
"S01005052",914,906,8
"S01005053",878,849,29
"S01005054",592,589,3
"S01005055",811,787,24
"S01005056",766,746,20
"S01005057",739,720,19
"S01005058",890,829,61
"S01005059",510,507,3
"S01005060",727,706,21
"S01005061",1159,1124,35
"S01005062",490,489,1
"S01005063",495,472,23
"S01005064",754,743,11
"S01005065",1252,1184,68
"S01005066",786,769,17
"S01005067",627,614,13
"S01005068",641,638,3
"S01005069",594,586,8
"S01005070",1124,1021,103
"S01005071",190,182,8
"S01005072",622,607,15
"S01005073",616,611,5
"S01005074",1210,1191,19
"S01005075",435,414,21
"S01005076",768,749,19
"S01005077",1036,1013,23
"S01005078",692,680,12
"S01005079",638,629,9
"S01005080",454,447,7
"S01005081",656,650,6
"S01005082",657,654,3
"S01005083",975,963,12
"S01005084",613,608,5
"S01005085",533,530,3
"S01005086",1696,1634,62
"S01005087",492,487,5
"S01005088",561,560,1
"S01005089",776,770,6
"S01005090",866,853,13
"S01005091",637,634,3
"S01005092",672,665,7
"S01005093",704,701,3
"S01005094",802,788,14
"S01005095",1566,1556,10
"S01005096",734,717,17
"S01005097",842,801,41
"S01005098",722,717,5
"S01005099",797,790,7
"S01005100",928,919,9
"S01005101",996,946,50
"S01005102",893,884,9
"S01005103",1155,1129,26
"S01005104",1002,959,43
"S01005105",886,877,9
"S01005106",557,552,5
"S01005107",454,444,10
"S01005108",635,624,11
"S01005109",1470,1459,11
"S01005110",1115,1109,6
"S01005111",577,570,7
"S01005112",876,864,12
"S01005113",1045,1035,10
"S01005114",990,981,9
"S01005115",973,956,17
"S01005116",621,618,3
"S01005117",1014,998,16
"S01005118",813,803,10
"S01005119",712,703,9
"S01005120",665,658,7
"S01005121",918,909,9
"S01005122",866,851,15
"S01005123",750,737,13
"S01005124",710,707,3
"S01005125",839,804,35
"S01005126",656,648,8
"S01005127",678,660,18
"S01005128",991,961,30
"S01005129",948,939,9
"S01005130",666,658,8
"S01005131",984,979,5
"S01005132",718,713,5
"S01005133",401,399,2
"S01005134",989,979,10
"S01005135",780,775,5
"S01005136",846,839,7
"S01005137",943,933,10
"S01005138",1129,1119,10
"S01005139",725,720,5
"S01005140",613,606,7
"S01005141",828,825,3
"S01005142",561,557,4
"S01005143",1122,1088,34
"S01005144",1222,1196,26
"S01005145",731,726,5
"S01005146",745,734,11
"S01005147",945,933,12
"S01005148",846,829,17
"S01005149",593,578,15
"S01005150",660,657,3
"S01005151",670,664,6
"S01005152",1712,1645,67
"S01005153",868,862,6
"S01005154",645,637,8
"S01005155",690,686,4
"S01005156",695,691,4
"S01005157",871,869,2
"S01005158",677,675,2
"S01005159",917,915,2
"S01005160",1089,1076,13
"S01005161",951,933,18
"S01005162",918,912,6
"S01005163",628,625,3
"S01005164",914,909,5
"S01005165",720,717,3
"S01005166",996,975,21
"S01005167",670,650,20
"S01005168",740,715,25
"S01005169",577,570,7
"S01005170",786,772,14
"S01005171",882,859,23
"S01005172",1468,1432,36
"S01005173",696,682,14
"S01005174",681,678,3
"S01005175",982,944,38
"S01005176",688,683,5
"S01005177",829,813,16
"S01005178",956,946,10
"S01005179",925,902,23
"S01005180",842,829,13
"S01005181",924,895,29
"S01005182",737,727,10
"S01005183",903,897,6
"S01005184",932,912,20
"S01005185",517,511,6
"S01005186",731,727,4
"S01005187",990,975,15
"S01005188",902,891,11
"S01005189",877,873,4
"S01005190",889,852,37
"S01005191",926,911,15
"S01005192",1126,1097,29
"S01005193",788,760,28
"S01005194",591,581,10
"S01005195",900,884,16
"S01005196",809,755,54
"S01005197",700,696,4
"S01005198",846,841,5
"S01005199",772,768,4
"S01005200",537,527,10
"S01005201",917,907,10
"S01005202",870,865,5
"S01005203",785,770,15
"S01005204",506,496,10
"S01005205",1101,1063,38
"S01005206",960,930,30
"S01005207",892,880,12
"S01005208",558,533,25
"S01005209",866,856,10
"S01005210",908,896,12
"S01005211",686,674,12
"S01005212",535,525,10
"S01005213",923,912,11
"S01005214",922,868,54
"S01005215",974,968,6
"S01005216",751,735,16
"S01005217",977,962,15
"S01005218",932,920,12
"S01005219",953,927,26
"S01005220",660,648,12
"S01005221",692,657,35
"S01005222",583,565,18
"S01005223",722,713,9
"S01005224",724,721,3
"S01005225",978,963,15
"S01005226",518,480,38
"S01005227",1069,1042,27
"S01005228",891,882,9
"S01005229",1122,1084,38
"S01005230",825,820,5
"S01005231",715,683,32
"S01005232",1068,1044,24
"S01005233",769,743,26
"S01005234",1352,1279,73
"S01005235",705,661,44
"S01005236",1175,1164,11
"S01005237",983,953,30
"S01005238",800,795,5
"S01005239",1106,943,163
"S01005240",834,818,16
"S01005241",952,935,17
"S01005242",1107,1063,44
"S01005243",1057,990,67
"S01005244",909,881,28
"S01005245",686,628,58
"S01005246",878,855,23
"S01005247",624,609,15
"S01005248",619,588,31
"S01005249",850,776,74
"S01005250",835,739,96
"S01005251",852,820,32
"S01005252",506,491,15
"S01005253",547,536,11
"S01005254",903,816,87
"S01005255",710,684,26
"S01005256",846,807,39
"S01005257",904,848,56
"S01005258",1014,983,31
"S01005259",541,525,16
"S01005260",629,613,16
"S01005261",653,619,34
"S01005262",1183,1122,61
"S01005263",534,526,8
"S01005264",628,618,10
"S01005265",479,475,4
"S01005266",846,838,8
"S01005267",1070,1043,27
"S01005268",1315,1241,74
"S01005269",940,918,22
"S01005270",1046,1013,33
"S01005271",519,507,12
"S01005272",538,527,11
"S01005273",731,728,3
"S01005274",745,733,12
"S01005275",546,518,28
"S01005276",722,709,13
"S01005277",669,664,5
"S01005278",789,770,19
"S01005279",553,540,13
"S01005280",753,744,9
"S01005281",767,753,14
"S01005282",756,745,11
"S01005283",800,789,11
"S01005284",606,595,11
"S01005285",693,684,9
"S01005286",801,768,33
"S01005287",1089,1003,86
"S01005288",778,756,22
"S01005289",989,935,54
"S01005290",604,595,9
"S01005291",684,664,20
"S01005292",744,723,21
"S01005293",760,752,8
"S01005294",569,551,18
"S01005295",586,580,6
"S01005296",831,789,42
"S01005297",710,663,47
"S01005298",1082,1060,22
"S01005299",503,502,1
"S01005300",911,885,26
"S01005301",868,859,9
"S01005302",1000,986,14
"S01005303",842,832,10
"S01005304",662,651,11
"S01005305",744,718,26
"S01005306",956,896,60
"S01005307",953,915,38
"S01005308",532,508,24
"S01005309",851,841,10
"S01005310",975,969,6
"S01005311",818,763,55
"S01005312",1147,1093,54
"S01005313",841,778,63
"S01005314",457,451,6
"S01005315",881,827,54
"S01005316",848,821,27
"S01005317",519,507,12
"S01005318",573,564,9
"S01005319",617,561,56
"S01005320",610,593,17
"S01005321",607,576,31
"S01005322",1859,1720,139
"S01005323",757,720,37
"S01005324",788,778,10
"S01005325",2209,2059,150
"S01005326",921,897,24
"S01005327",604,592,12
"S01005328",704,636,68
"S01005329",658,639,19
"S01005330",706,698,8
"S01005331",669,658,11
"S01005332",565,563,2
"S01005333",772,752,20
"S01005334",1137,1132,5
"S01005335",505,474,31
"S01005336",598,582,16
"S01005337",872,850,22
"S01005338",562,552,10
"S01005339",770,766,4
"S01005340",573,540,33
"S01005341",647,636,11
"S01005342",730,722,8
"S01005343",932,921,11
"S01005344",726,719,7
"S01005345",747,738,9
"S01005346",789,781,8
"S01005347",675,656,19
"S01005348",933,926,7
"S01005349",846,843,3
"S01005350",709,704,5
"S01005351",1349,1331,18
"S01005352",926,922,4
"S01005353",1057,1040,17
"S01005354",843,841,2
"S01005355",737,733,4
"S01005356",681,679,2
"S01005357",790,784,6
"S01005358",782,761,21
"S01005359",808,807,1
"S01005360",762,761,1
"S01005361",932,918,14
"S01005362",768,761,7
"S01005363",666,660,6
"S01005364",911,906,5
"S01005365",888,876,12
"S01005366",708,707,1
"S01005367",751,738,13
"S01005368",675,669,6
"S01005369",974,947,27
"S01005370",850,841,9
"S01005371",947,943,4
"S01005372",864,859,5
"S01005373",724,719,5
"S01005374",870,863,7
"S01005375",937,934,3
"S01005376",992,983,9
"S01005377",863,856,7
"S01005378",808,788,20
"S01005379",920,913,7
"S01005380",671,662,9
"S01005381",641,636,5
"S01005382",834,823,11
"S01005383",570,560,10
"S01005384",920,909,11
"S01005385",962,952,10
"S01005386",653,651,2
"S01005387",899,895,4
"S01005388",775,771,4
"S01005389",750,735,15
"S01005390",850,842,8
"S01005391",756,753,3
"S01005392",831,822,9
"S01005393",929,926,3
"S01005394",863,855,8
"S01005395",978,958,20
"S01005396",744,735,9
"S01005397",546,544,2
"S01005398",969,968,1
"S01005399",983,942,41
"S01005400",1078,1059,19
"S01005401",847,841,6
"S01005402",1015,1008,7
"S01005403",892,887,5
"S01005404",985,953,32
"S01005405",564,546,18
"S01005406",546,545,1
"S01005407",1435,1423,12
"S01005408",579,570,9
"S01005409",700,694,6
"S01005410",1016,1009,7
"S01005411",968,960,8
"S01005412",999,982,17
"S01005413",909,885,24
"S01005414",1039,1021,18
"S01005415",990,986,4
"S01005416",978,969,9
"S01005417",1231,1179,52
"S01005418",1127,1081,46
"S01005419",718,707,11
"S01005420",768,765,3
"S01005421",870,858,12
"S01005422",946,914,32
"S01005423",989,979,10
"S01005424",874,858,16
"S01005425",980,954,26
"S01005426",769,751,18
"S01005427",779,752,27
"S01005428",1049,1025,24
"S01005429",719,706,13
"S01005430",537,531,6
"S01005431",667,666,1
"S01005432",704,689,15
"S01005433",850,841,9
"S01005434",807,763,44
"S01005435",1060,1057,3
"S01005436",953,942,11
"S01005437",916,909,7
"S01005438",788,782,6
"S01005439",700,692,8
"S01005440",1266,1252,14
"S01005441",1054,1035,19
"S01005442",1983,1967,16
"S01005443",1183,1171,12
"S01005444",1322,1299,23
"S01005445",1002,992,10
"S01005446",777,764,13
"S01005447",932,917,15
"S01005448",876,869,7
"S01005449",984,973,11
"S01005450",1144,1132,12
"S01005451",937,929,8
"S01005452",899,895,4
"S01005453",802,790,12
"S01005454",924,909,15
"S01005455",874,851,23
"S01005456",858,850,8
"S01005457",959,941,18
"S01005458",716,706,10
"S01005459",934,915,19
"S01005460",868,860,8
"S01005461",773,764,9
"S01005462",1073,1067,6
"S01005463",622,613,9
"S01005464",653,642,11
"S01005465",610,605,5
"S01005466",1119,1108,11
"S01005467",509,508,1
"S01005468",925,917,8
"S01005469",889,884,5
"S01005470",734,728,6
"S01005471",813,806,7
"S01005472",1451,1436,15
"S01005473",993,986,7
"S01005474",889,868,21
"S01005475",950,942,8
"S01005476",961,954,7
"S01005477",863,856,7
"S01005478",760,755,5
"S01005479",599,595,4
"S01005480",1273,1254,19
"S01005481",687,685,2
"S01005482",663,661,2
"S01005483",939,921,18
"S01005484",535,530,5
"S01005485",851,843,8
"S01005486",874,866,8
"S01005487",733,721,12
"S01005488",792,787,5
"S01005489",962,954,8
"S01005490",664,660,4
"S01005491",836,826,10
"S01005492",936,921,15
"S01005493",704,687,17
"S01005494",882,879,3
"S01005495",769,767,2
"S01005496",1025,1022,3
"S01005497",915,891,24
"S01005498",984,969,15
"S01005499",671,662,9
"S01005500",720,691,29
"S01005501",1043,1030,13
"S01005502",845,826,19
"S01005503",618,592,26
"S01005504",647,640,7
"S01005505",621,609,12
"S01005506",877,834,43
"S01005507",587,557,30
"S01005508",697,669,28
"S01005509",659,652,7
"S01005510",726,719,7
"S01005511",652,650,2
"S01005512",700,697,3
"S01005513",813,807,6
"S01005514",624,621,3
"S01005515",576,574,2
"S01005516",559,558,1
"S01005517",957,957,0
"S01005518",1055,1050,5
"S01005519",646,640,6
"S01005520",966,960,6
"S01005521",693,682,11
"S01005522",636,631,5
"S01005523",788,775,13
"S01005524",815,814,1
"S01005525",662,646,16
"S01005526",674,671,3
"S01005527",493,492,1
"S01005528",558,552,6
"S01005529",950,940,10
"S01005530",626,625,1
"S01005531",551,545,6
"S01005532",839,834,5
"S01005533",713,709,4
"S01005534",585,577,8
"S01005535",851,836,15
"S01005536",890,880,10
"S01005537",727,719,8
"S01005538",815,810,5
"S01005539",869,862,7
"S01005540",748,741,7
"S01005541",637,634,3
"S01005542",733,732,1
"S01005543",795,790,5
"S01005544",709,709,0
"S01005545",1224,1207,17
"S01005546",746,743,3
"S01005547",1000,979,21
"S01005548",1365,1323,42
"S01005549",1498,1474,24
"S01005550",612,593,19
"S01005551",840,832,8
"S01005552",785,773,12
"S01005553",813,791,22
"S01005554",662,659,3
"S01005555",858,846,12
"S01005556",589,580,9
"S01005557",701,698,3
"S01005558",719,714,5
"S01005559",625,623,2
"S01005560",578,577,1
"S01005561",860,858,2
"S01005562",916,907,9
"S01005563",757,744,13
"S01005564",835,820,15
"S01005565",546,526,20
"S01005566",501,500,1
"S01005567",962,956,6
"S01005568",545,541,4
"S01005569",735,720,15
"S01005570",757,755,2
"S01005571",688,683,5
"S01005572",799,789,10
"S01005573",699,685,14
"S01005574",840,836,4
"S01005575",674,671,3
"S01005576",782,772,10
"S01005577",869,847,22
"S01005578",941,938,3
"S01005579",981,964,17
"S01005580",655,648,7
"S01005581",714,704,10
"S01005582",820,801,19
"S01005583",630,625,5
"S01005584",554,529,25
"S01005585",881,843,38
"S01005586",816,812,4
"S01005587",1055,1050,5
"S01005588",654,645,9
"S01005589",1318,1263,55
"S01005590",772,758,14
"S01005591",918,914,4
"S01005592",440,435,5
"S01005593",765,765,0
"S01005594",978,952,26
"S01005595",857,856,1
"S01005596",487,487,0
"S01005597",1019,1004,15
"S01005598",1052,1022,30
"S01005599",636,629,7
"S01005600",832,826,6
"S01005601",687,685,2
"S01005602",637,632,5
"S01005603",775,770,5
"S01005604",468,463,5
"S01005605",903,899,4
"S01005606",612,600,12
"S01005607",628,624,4
"S01005608",877,873,4
"S01005609",860,816,44
"S01005610",541,533,8
"S01005611",711,711,0
"S01005612",810,799,11
"S01005613",762,759,3
"S01005614",750,747,3
"S01005615",946,940,6
"S01005616",668,653,15
"S01005617",782,774,8
"S01005618",612,602,10
"S01005619",550,543,7
"S01005620",493,488,5
"S01005621",677,661,16
"S01005622",874,863,11
"S01005623",734,722,12
"S01005624",860,851,9
"S01005625",865,850,15
"S01005626",823,810,13
"S01005627",625,621,4
"S01005628",1128,1123,5
"S01005629",775,764,11
"S01005630",516,493,23
"S01005631",701,689,12
"S01005632",515,509,6
"S01005633",757,742,15
"S01005634",714,705,9
"S01005635",826,815,11
"S01005636",787,784,3
"S01005637",1064,1056,8
"S01005638",927,898,29
"S01005639",717,715,2
"S01005640",694,684,10
"S01005641",1066,1060,6
"S01005642",806,785,21
"S01005643",617,611,6
"S01005644",630,613,17
"S01005645",824,817,7
"S01005646",716,694,22
"S01005647",779,766,13
"S01005648",943,941,2
"S01005649",1032,1026,6
"S01005650",545,543,2
"S01005651",747,740,7
"S01005652",686,678,8
"S01005653",824,818,6
"S01005654",757,750,7
"S01005655",1058,1050,8
"S01005656",767,754,13
"S01005657",562,561,1
"S01005658",815,804,11
"S01005659",905,901,4
"S01005660",577,571,6
"S01005661",611,601,10
"S01005662",545,545,0
"S01005663",636,632,4
"S01005664",541,538,3
"S01005665",458,442,16
"S01005666",1329,1322,7
"S01005667",746,732,14
"S01005668",807,803,4
"S01005669",509,506,3
"S01005670",756,750,6
"S01005671",520,513,7
"S01005672",848,840,8
"S01005673",657,657,0
"S01005674",872,864,8
"S01005675",944,934,10
"S01005676",844,842,2
"S01005677",838,823,15
"S01005678",886,875,11
"S01005679",1105,1082,23
"S01005680",830,810,20
"S01005681",994,970,24
"S01005682",774,770,4
"S01005683",804,779,25
"S01005684",1178,1148,30
"S01005685",861,700,161
"S01005686",826,800,26
"S01005687",726,721,5
"S01005688",972,953,19
"S01005689",509,507,2
"S01005690",770,759,11
"S01005691",679,677,2
"S01005692",718,708,10
"S01005693",1670,1647,23
"S01005694",554,554,0
"S01005695",526,525,1
"S01005696",674,664,10
"S01005697",649,645,4
"S01005698",587,576,11
"S01005699",823,817,6
"S01005700",573,569,4
"S01005701",760,753,7
"S01005702",685,677,8
"S01005703",580,570,10
"S01005704",649,636,13
"S01005705",923,915,8
"S01005706",746,738,8
"S01005707",546,534,12
"S01005708",715,707,8
"S01005709",779,775,4
"S01005710",465,463,2
"S01005711",949,947,2
"S01005712",524,520,4
"S01005713",578,571,7
"S01005714",1262,1255,7
"S01005715",732,727,5
"S01005716",538,538,0
"S01005717",478,474,4
"S01005718",791,774,17
"S01005719",487,483,4
"S01005720",766,750,16
"S01005721",747,741,6
"S01005722",532,531,1
"S01005723",754,744,10
"S01005724",609,604,5
"S01005725",739,734,5
"S01005726",1085,1080,5
"S01005727",1346,1319,27
"S01005728",835,829,6
"S01005729",583,580,3
"S01005730",689,684,5
"S01005731",791,773,18
"S01005732",833,823,10
"S01005733",772,760,12
"S01005734",674,665,9
"S01005735",727,722,5
"S01005736",766,762,4
"S01005737",749,747,2
"S01005738",885,878,7
"S01005739",941,933,8
"S01005740",753,745,8
"S01005741",1045,1037,8
"S01005742",964,961,3
"S01005743",1191,1180,11
"S01005744",931,931,0
"S01005745",1132,1125,7
"S01005746",834,813,21
"S01005747",804,798,6
"S01005748",663,655,8
"S01005749",748,745,3
"S01005750",756,727,29
"S01005751",737,734,3
"S01005752",641,637,4
"S01005753",668,667,1
"S01005754",1032,1008,24
"S01005755",717,714,3
"S01005756",834,831,3
"S01005757",582,577,5
"S01005758",801,799,2
"S01005759",766,751,15
"S01005760",610,603,7
"S01005761",669,662,7
"S01005762",650,644,6
"S01005763",2510,2382,128
"S01005764",580,575,5
"S01005765",949,935,14
"S01005766",660,643,17
"S01005767",692,676,16
"S01005768",844,834,10
"S01005769",761,743,18
"S01005770",588,582,6
"S01005771",722,710,12
"S01005772",696,693,3
"S01005773",889,874,15
"S01005774",664,650,14
"S01005775",732,729,3
"S01005776",691,682,9
"S01005777",515,513,2
"S01005778",650,646,4
"S01005779",767,757,10
"S01005780",1456,1395,61
"S01005781",946,931,15
"S01005782",821,820,1
"S01005783",529,527,2
"S01005784",742,731,11
"S01005785",731,725,6
"S01005786",579,577,2
"S01005787",754,734,20
"S01005788",542,538,4
"S01005789",795,785,10
"S01005790",493,481,12
"S01005791",470,466,4
"S01005792",833,819,14
"S01005793",502,498,4
"S01005794",938,919,19
"S01005795",660,644,16
"S01005796",1132,1110,22
"S01005797",1066,1042,24
"S01005798",618,613,5
"S01005799",688,672,16
"S01005800",616,609,7
"S01005801",651,644,7
"S01005802",862,855,7
"S01005803",797,791,6
"S01005804",3934,3746,188
"S01005805",606,585,21
"S01005806",788,784,4
"S01005807",808,793,15
"S01005808",719,714,5
"S01005809",669,652,17
"S01005810",487,485,2
"S01005811",522,513,9
"S01005812",572,568,4
"S01005813",790,780,10
"S01005814",772,770,2
"S01005815",1022,1009,13
"S01005816",1055,1043,12
"S01005817",521,516,5
"S01005818",780,728,52
"S01005819",687,682,5
"S01005820",668,656,12
"S01005821",479,453,26
"S01005822",820,810,10
"S01005823",602,595,7
"S01005824",681,674,7
"S01005825",642,625,17
"S01005826",898,862,36
"S01005827",685,665,20
"S01005828",748,709,39
"S01005829",745,730,15
"S01005830",840,833,7
"S01005831",1139,1109,30
"S01005832",723,712,11
"S01005833",640,631,9
"S01005834",602,586,16
"S01005835",667,661,6
"S01005836",649,629,20
"S01005837",485,481,4
"S01005838",688,686,2
"S01005839",783,771,12
"S01005840",836,824,12
"S01005841",628,599,29
"S01005842",506,495,11
"S01005843",637,634,3
"S01005844",706,695,11
"S01005845",482,472,10
"S01005846",871,842,29
"S01005847",786,769,17
"S01005848",556,556,0
"S01005849",838,796,42
"S01005850",777,773,4
"S01005851",689,676,13
"S01005852",500,490,10
"S01005853",994,965,29
"S01005854",797,793,4
"S01005855",821,811,10
"S01005856",733,715,18
"S01005857",701,694,7
"S01005858",678,672,6
"S01005859",697,680,17
"S01005860",746,732,14
"S01005861",865,834,31
"S01005862",772,766,6
"S01005863",1574,1495,79
"S01005864",883,864,19
"S01005865",792,784,8
"S01005866",810,785,25
"S01005867",959,929,30
"S01005868",717,707,10
"S01005869",708,695,13
"S01005870",708,700,8
"S01005871",658,640,18
"S01005872",749,743,6
"S01005873",962,944,18
"S01005874",814,801,13
"S01005875",800,780,20
"S01005876",857,816,41
"S01005877",887,864,23
"S01005878",555,540,15
"S01005879",644,633,11
"S01005880",742,714,28
"S01005881",788,783,5
"S01005882",1554,1464,90
"S01005883",455,454,1
"S01005884",727,704,23
"S01005885",581,581,0
"S01005886",689,673,16
"S01005887",490,490,0
"S01005888",612,596,16
"S01005889",863,833,30
"S01005890",675,666,9
"S01005891",615,605,10
"S01005892",688,675,13
"S01005893",705,693,12
"S01005894",726,690,36
"S01005895",571,563,8
"S01005896",704,685,19
"S01005897",728,710,18
"S01005898",692,662,30
"S01005899",696,656,40
"S01005900",598,593,5
"S01005901",751,726,25
"S01005902",842,823,19
"S01005903",967,932,35
"S01005904",1012,1008,4
"S01005905",772,759,13
"S01005906",831,829,2
"S01005907",728,710,18
"S01005908",881,837,44
"S01005909",512,502,10
"S01005910",691,650,41
"S01005911",1349,1277,72
"S01005912",803,791,12
"S01005913",829,804,25
"S01005914",945,931,14
"S01005915",673,668,5
"S01005916",749,686,63
"S01005917",876,874,2
"S01005918",882,880,2
"S01005919",525,521,4
"S01005920",858,850,8
"S01005921",655,646,9
"S01005922",900,892,8
"S01005923",689,678,11
"S01005924",651,595,56
"S01005925",698,656,42
"S01005926",989,961,28
"S01005927",720,718,2
"S01005928",788,781,7
"S01005929",764,740,24
"S01005930",1060,1044,16
"S01005931",748,742,6
"S01005932",614,606,8
"S01005933",861,823,38
"S01005934",699,693,6
"S01005935",610,605,5
"S01005936",817,809,8
"S01005937",609,580,29
"S01005938",745,729,16
"S01005939",698,686,12
"S01005940",778,735,43
"S01005941",453,423,30
"S01005942",879,873,6
"S01005943",811,793,18
"S01005944",957,948,9
"S01005945",816,798,18
"S01005946",859,845,14
"S01005947",733,714,19
"S01005948",832,820,12
"S01005949",622,620,2
"S01005950",529,527,2
"S01005951",1242,1234,8
"S01005952",1163,1101,62
"S01005953",1255,1243,12
"S01005954",496,487,9
"S01005955",700,645,55
"S01005956",738,731,7
"S01005957",1052,1039,13
"S01005958",538,533,5
"S01005959",524,512,12
"S01005960",496,492,4
"S01005961",1190,1163,27
"S01005962",461,456,5
"S01005963",608,588,20
"S01005964",722,720,2
"S01005965",948,912,36
"S01005966",1383,1340,43
"S01005967",1008,995,13
"S01005968",1209,1167,42
"S01005969",708,699,9
"S01005970",754,734,20
"S01005971",402,394,8
"S01005972",705,695,10
"S01005973",839,828,11
"S01005974",764,760,4
"S01005975",685,681,4
"S01005976",778,751,27
"S01005977",720,708,12
"S01005978",720,685,35
"S01005979",853,836,17
"S01005980",568,566,2
"S01005981",875,847,28
"S01005982",717,696,21
"S01005983",831,829,2
"S01005984",894,861,33
"S01005985",764,757,7
"S01005986",1038,967,71
"S01005987",548,539,9
"S01005988",546,539,7
"S01005989",675,662,13
"S01005990",1408,1331,77
"S01005991",690,669,21
"S01005992",561,545,16
"S01005993",666,659,7
"S01005994",912,903,9
"S01005995",634,628,6
"S01005996",836,811,25
"S01005997",603,590,13
"S01005998",660,649,11
"S01005999",1375,1316,59
"S01006000",746,733,13
"S01006001",734,726,8
"S01006002",531,527,4
"S01006003",630,615,15
"S01006004",1458,1349,109
"S01006005",544,538,6
"S01006006",766,738,28
"S01006007",446,441,5
"S01006008",714,708,6
"S01006009",475,458,17
"S01006010",979,947,32
"S01006011",778,763,15
"S01006012",755,754,1
"S01006013",587,552,35
"S01006014",675,664,11
"S01006015",734,730,4
"S01006016",927,909,18
"S01006017",1269,1250,19
"S01006018",908,837,71
"S01006019",1334,1269,65
"S01006020",826,816,10
"S01006021",1059,1053,6
"S01006022",573,557,16
"S01006023",697,680,17
"S01006024",801,776,25
"S01006025",879,857,22
"S01006026",726,719,7
"S01006027",729,723,6
"S01006028",618,597,21
"S01006029",685,660,25
"S01006030",892,863,29
"S01006031",1456,1385,71
"S01006032",898,887,11
"S01006033",1159,1116,43
"S01006034",1784,1669,115
"S01006035",915,901,14
"S01006036",2362,2067,295
"S01006037",815,742,73
"S01006038",864,840,24
"S01006039",770,755,15
"S01006040",865,836,29
"S01006041",926,897,29
"S01006042",803,780,23
"S01006043",547,546,1
"S01006044",1067,1063,4
"S01006045",666,655,11
"S01006046",726,658,68
"S01006047",710,700,10
"S01006048",696,674,22
"S01006049",779,765,14
"S01006050",749,713,36
"S01006051",801,753,48
"S01006052",797,785,12
"S01006053",772,744,28
"S01006054",791,745,46
"S01006055",642,616,26
"S01006056",884,875,9
"S01006057",494,454,40
"S01006058",720,712,8
"S01006059",859,841,18
"S01006060",667,654,13
"S01006061",484,469,15
"S01006062",681,665,16
"S01006063",546,533,13
"S01006064",696,676,20
"S01006065",775,738,37
"S01006066",1014,942,72
"S01006067",933,910,23
"S01006068",582,576,6
"S01006069",827,813,14
"S01006070",673,669,4
"S01006071",926,926,0
"S01006072",625,612,13
"S01006073",447,444,3
"S01006074",700,692,8
"S01006075",1013,993,20
"S01006076",1012,1002,10
"S01006077",1217,1190,27
"S01006078",1442,1407,35
"S01006079",710,698,12
"S01006080",1007,1000,7
"S01006081",715,711,4
"S01006082",895,884,11
"S01006083",1038,1031,7
"S01006084",880,872,8
"S01006085",754,735,19
"S01006086",923,906,17
"S01006087",738,732,6
"S01006088",757,745,12
"S01006089",712,702,10
"S01006090",825,806,19
"S01006091",897,892,5
"S01006092",564,558,6
"S01006093",760,726,34
"S01006094",838,827,11
"S01006095",896,876,20
"S01006096",602,589,13
"S01006097",963,947,16
"S01006098",669,642,27
"S01006099",561,540,21
"S01006100",431,426,5
"S01006101",614,595,19
"S01006102",833,800,33
"S01006103",628,619,9
"S01006104",726,704,22
"S01006105",905,860,45
"S01006106",835,812,23
"S01006107",662,660,2
"S01006108",872,868,4
"S01006109",871,857,14
"S01006110",767,767,0
"S01006111",972,951,21
"S01006112",680,650,30
"S01006113",899,887,12
"S01006114",702,692,10
"S01006115",776,737,39
"S01006116",841,822,19
"S01006117",846,842,4
"S01006118",629,623,6
"S01006119",1147,1105,42
"S01006120",1123,1000,123
"S01006121",548,516,32
"S01006122",1016,1008,8
"S01006123",765,682,83
"S01006124",705,670,35
"S01006125",934,836,98
"S01006126",877,685,192
"S01006127",749,674,75
"S01006128",895,781,114
"S01006129",732,717,15
"S01006130",440,440,0
"S01006131",953,944,9
"S01006132",790,772,18
"S01006133",620,617,3
"S01006134",496,488,8
"S01006135",532,507,25
"S01006136",1133,1085,48
"S01006137",988,855,133
"S01006138",616,602,14
"S01006139",413,413,0
"S01006140",809,773,36
"S01006141",1996,1915,81
"S01006142",620,605,15
"S01006143",658,621,37
"S01006144",971,939,32
"S01006145",1065,903,162
"S01006146",828,784,44
"S01006147",772,695,77
"S01006148",800,768,32
"S01006149",1090,1079,11
"S01006150",1012,1002,10
"S01006151",1999,1789,210
"S01006152",712,692,20
"S01006153",584,574,10
"S01006154",842,829,13
"S01006155",784,778,6
"S01006156",598,592,6
"S01006157",747,732,15
"S01006158",880,868,12
"S01006159",821,790,31
"S01006160",808,800,8
"S01006161",753,740,13
"S01006162",628,626,2
"S01006163",741,732,9
"S01006164",596,591,5
"S01006165",901,880,21
"S01006166",864,861,3
"S01006167",1687,1660,27
"S01006168",1044,1040,4
"S01006169",710,706,4
"S01006170",896,894,2
"S01006171",869,856,13
"S01006172",471,461,10
"S01006173",622,611,11
"S01006174",611,602,9
"S01006175",753,741,12
"S01006176",643,639,4
"S01006177",598,586,12
"S01006178",798,794,4
"S01006179",719,710,9
"S01006180",774,754,20
"S01006181",743,733,10
"S01006182",624,606,18
"S01006183",853,832,21
"S01006184",745,735,10
"S01006185",928,910,18
"S01006186",1173,1139,34
"S01006187",771,754,17
"S01006188",653,650,3
"S01006189",704,688,16
"S01006190",840,825,15
"S01006191",587,576,11
"S01006192",710,673,37
"S01006193",894,889,5
"S01006194",878,853,25
"S01006195",863,842,21
"S01006196",853,835,18
"S01006197",816,803,13
"S01006198",642,635,7
"S01006199",647,640,7
"S01006200",911,897,14
"S01006201",922,897,25
"S01006202",655,641,14
"S01006203",597,584,13
"S01006204",894,887,7
"S01006205",671,653,18
"S01006206",749,738,11
"S01006207",853,843,10
"S01006208",704,690,14
"S01006209",683,674,9
"S01006210",757,743,14
"S01006211",528,525,3
"S01006212",793,792,1
"S01006213",1064,1055,9
"S01006214",824,813,11
"S01006215",759,744,15
"S01006216",679,665,14
"S01006217",979,964,15
"S01006218",569,562,7
"S01006219",893,881,12
"S01006220",867,854,13
"S01006221",815,809,6
"S01006222",1021,1009,12
"S01006223",701,677,24
"S01006224",617,611,6
"S01006225",890,880,10
"S01006226",702,695,7
"S01006227",910,909,1
"S01006228",728,727,1
"S01006229",908,846,62
"S01006230",983,913,70
"S01006231",865,848,17
"S01006232",1055,1039,16
"S01006233",719,716,3
"S01006234",649,642,7
"S01006235",718,716,2
"S01006236",568,564,4
"S01006237",907,878,29
"S01006238",952,930,22
"S01006239",434,419,15
"S01006240",741,738,3
"S01006241",991,965,26
"S01006242",743,739,4
"S01006243",600,597,3
"S01006244",805,796,9
"S01006245",574,565,9
"S01006246",727,708,19
"S01006247",789,774,15
"S01006248",834,809,25
"S01006249",680,676,4
"S01006250",717,711,6
"S01006251",577,573,4
"S01006252",618,617,1
"S01006253",629,622,7
"S01006254",793,773,20
"S01006255",885,874,11
"S01006256",627,618,9
"S01006257",749,743,6
"S01006258",825,817,8
"S01006259",673,668,5
"S01006260",572,570,2
"S01006261",810,802,8
"S01006262",823,804,19
"S01006263",787,768,19
"S01006264",917,894,23
"S01006265",762,752,10
"S01006266",919,915,4
"S01006267",588,585,3
"S01006268",676,672,4
"S01006269",609,603,6
"S01006270",859,848,11
"S01006271",696,695,1
"S01006272",819,815,4
"S01006273",527,525,2
"S01006274",536,536,0
"S01006275",809,802,7
"S01006276",814,813,1
"S01006277",657,648,9
"S01006278",1054,1032,22
"S01006279",1326,1306,20
"S01006280",703,698,5
"S01006281",772,769,3
"S01006282",654,647,7
"S01006283",691,684,7
"S01006284",732,720,12
"S01006285",819,808,11
"S01006286",1085,1072,13
"S01006287",579,561,18
"S01006288",767,760,7
"S01006289",822,815,7
"S01006290",885,881,4
"S01006291",534,522,12
"S01006292",810,798,12
"S01006293",821,810,11
"S01006294",603,601,2
"S01006295",881,857,24
"S01006296",922,918,4
"S01006297",735,726,9
"S01006298",1009,992,17
"S01006299",752,742,10
"S01006300",791,789,2
"S01006301",629,628,1
"S01006302",927,927,0
"S01006303",680,673,7
"S01006304",845,829,16
"S01006305",708,702,6
"S01006306",788,780,8
"S01006307",897,889,8
"S01006308",633,622,11
"S01006309",1092,1068,24
"S01006310",820,801,19
"S01006311",747,739,8
"S01006312",1195,1159,36
"S01006313",1275,1231,44
"S01006314",653,622,31
"S01006315",836,831,5
"S01006316",826,818,8
"S01006317",979,966,13
"S01006318",769,765,4
"S01006319",925,919,6
"S01006320",1008,993,15
"S01006321",829,787,42
"S01006322",786,760,26
"S01006323",1017,995,22
"S01006324",693,680,13
"S01006325",661,657,4
"S01006326",959,947,12
"S01006327",574,571,3
"S01006328",615,615,0
"S01006329",1105,1083,22
"S01006330",706,705,1
"S01006331",731,714,17
"S01006332",594,581,13
"S01006333",911,907,4
"S01006334",772,763,9
"S01006335",849,844,5
"S01006336",1269,1196,73
"S01006337",1395,1313,82
"S01006338",793,774,19
"S01006339",945,938,7
"S01006340",701,677,24
"S01006341",727,697,30
"S01006342",687,685,2
"S01006343",1226,1209,17
"S01006344",702,682,20
"S01006345",686,668,18
"S01006346",653,651,2
"S01006347",611,606,5
"S01006348",585,555,30
"S01006349",494,488,6
"S01006350",666,659,7
"S01006351",1268,1206,62
"S01006352",703,678,25
"S01006353",557,545,12
"S01006354",963,919,44
"S01006355",740,715,25
"S01006356",651,648,3
"S01006357",733,713,20
"S01006358",685,664,21
"S01006359",1097,1093,4
"S01006360",656,645,11
"S01006361",1070,970,100
"S01006362",746,738,8
"S01006363",667,658,9
"S01006364",4216,4032,184
"S01006365",867,840,27
"S01006366",714,695,19
"S01006367",729,700,29
"S01006368",784,778,6
"S01006369",1655,1630,25
"S01006370",1084,1064,20
"S01006371",612,593,19
"S01006372",712,708,4
"S01006373",886,838,48
"S01006374",648,631,17
"S01006375",593,587,6
"S01006376",1041,978,63
"S01006377",576,560,16
"S01006378",526,486,40
"S01006379",688,683,5
"S01006380",637,626,11
"S01006381",501,495,6
"S01006382",687,673,14
"S01006383",603,583,20
"S01006384",726,723,3
"S01006385",996,974,22
"S01006386",991,943,48
"S01006387",858,842,16
"S01006388",1043,1025,18
"S01006389",680,669,11
"S01006390",692,669,23
"S01006391",1166,1086,80
"S01006392",970,959,11
"S01006393",1417,1404,13
"S01006394",731,689,42
"S01006395",1139,1094,45
"S01006396",604,569,35
"S01006397",961,934,27
"S01006398",843,837,6
"S01006399",724,721,3
"S01006400",1369,1356,13
"S01006401",1087,1066,21
"S01006402",672,663,9
"S01006403",748,738,10
"S01006404",862,853,9
"S01006405",1016,1003,13
"S01006406",386,375,11
"S01006407",650,636,14
"S01006408",1047,1009,38
"S01006409",1445,1327,118
"S01006410",679,669,10
"S01006411",1058,1022,36
"S01006412",660,635,25
"S01006413",513,508,5
"S01006414",485,477,8
"S01006415",820,811,9
"S01006416",878,857,21
"S01006417",760,731,29
"S01006418",612,609,3
"S01006419",534,517,17
"S01006420",877,841,36
"S01006421",776,766,10
"S01006422",658,656,2
"S01006423",647,600,47
"S01006424",612,609,3
"S01006425",1390,1274,116
"S01006426",1215,1181,34
"S01006427",759,751,8
"S01006428",747,740,7
"S01006429",687,682,5
"S01006430",669,669,0
"S01006431",494,484,10
"S01006432",673,655,18
"S01006433",625,614,11
"S01006434",757,753,4
"S01006435",429,416,13
"S01006436",779,763,16
"S01006437",897,868,29
"S01006438",649,642,7
"S01006439",821,801,20
"S01006440",830,826,4
"S01006441",669,660,9
"S01006442",752,743,9
"S01006443",459,459,0
"S01006444",586,559,27
"S01006445",775,758,17
"S01006446",869,820,49
"S01006447",576,565,11
"S01006448",897,839,58
"S01006449",459,446,13
"S01006450",662,649,13
"S01006451",1108,1081,27
"S01006452",556,545,11
"S01006453",944,935,9
"S01006454",613,560,53
"S01006455",560,552,8
"S01006456",1888,1825,63
"S01006457",1094,1087,7
"S01006458",849,846,3
"S01006459",763,702,61
"S01006460",490,489,1
"S01006461",1776,1658,118
"S01006462",764,748,16
"S01006463",673,662,11
"S01006464",669,661,8
"S01006465",1479,1436,43
"S01006466",744,735,9
"S01006467",816,798,18
"S01006468",1252,1184,68
"S01006469",626,613,13
"S01006470",837,811,26
"S01006471",899,887,12
"S01006472",605,598,7
"S01006473",746,731,15
"S01006474",745,735,10
"S01006475",849,833,16
"S01006476",860,832,28
"S01006477",786,764,22
"S01006478",1098,1057,41
"S01006479",766,760,6
"S01006480",830,805,25
"S01006481",972,941,31
"S01006482",711,702,9
"S01006483",909,900,9
"S01006484",772,766,6
"S01006485",687,684,3
"S01006486",786,775,11
"S01006487",772,764,8
"S01006488",657,647,10
"S01006489",884,870,14
"S01006490",709,697,12
"S01006491",752,746,6
"S01006492",645,630,15
"S01006493",575,566,9
"S01006494",659,648,11
"S01006495",785,774,11
"S01006496",928,916,12
"S01006497",560,546,14
"S01006498",1236,1222,14
"S01006499",910,897,13
"S01006500",713,695,18
"S01006501",871,859,12
"S01006502",588,578,10
"S01006503",640,631,9
"S01006504",776,763,13
"S01006505",860,849,11
