dz_2001,total,good,not_good
S01000001,872,842,30
S01000002,678,667,11
S01000003,788,781,7
S01000004,612,601,11
S01000005,643,626,17
S01000006,644,619,25
S01000007,751,720,31
S01000008,580,563,17
S01000009,681,660,21
S01000010,514,500,14
S01000011,1043,1032,11
S01000012,1528,1509,19
S01000013,836,812,24
S01000014,881,849,32
S01000015,669,659,10
S01000016,540,536,4
S01000017,848,817,31
S01000018,520,512,8
S01000019,648,614,34
S01000020,914,884,30
S01000021,861,816,45
S01000022,627,622,5
S01000023,762,751,11
S01000024,519,508,11
S01000025,865,841,24
S01000026,849,794,55
S01000027,798,789,9
S01000028,919,857,62
S01000029,729,722,7
S01000030,449,419,30
S01000031,941,917,24
S01000032,1063,999,64
S01000033,802,744,58
S01000034,1238,1224,14
S01000035,1034,1002,32
S01000036,683,646,37
S01000037,765,729,36
S01000038,678,634,44
S01000039,902,854,48
S01000040,934,892,42
S01000041,831,791,40
S01000042,755,696,59
S01000043,896,866,30
S01000044,959,908,51
S01000045,569,556,13
S01000046,754,733,21
S01000047,807,759,48
S01000048,960,939,21
S01000049,747,728,19
S01000050,744,727,17
S01000051,797,780,17
S01000052,627,580,47
S01000053,1100,1039,61
S01000054,801,779,22
S01000055,803,754,49
S01000056,1014,983,31
S01000057,699,664,35
S01000058,712,706,6
S01000059,957,944,13
S01000060,634,592,42
S01000061,1001,975,26
S01000062,1038,1023,15
S01000063,910,891,19
S01000064,623,590,33
S01000065,1002,974,28
S01000066,959,913,46
S01000067,1065,1033,32
S01000068,879,854,25
S01000069,718,655,63
S01000070,658,628,30
S01000071,812,759,53
S01000072,907,852,55
S01000073,630,614,16
S01000074,870,811,59
S01000075,539,522,17
S01000076,721,712,9
S01000077,951,937,14
S01000078,1097,1057,40
S01000079,1448,1427,21
S01000080,1015,997,18
S01000081,889,882,7
S01000082,933,883,50
S01000083,774,758,16
S01000084,859,810,49
S01000085,520,510,10
S01000086,725,711,14
S01000087,1071,1044,27
S01000088,934,918,16
S01000089,947,928,19
S01000090,769,758,11
S01000091,1096,1068,28
S01000092,906,891,15
S01000093,735,723,12
S01000094,712,703,9
S01000095,717,702,15
S01000096,690,649,41
S01000097,1001,981,20
S01000098,1240,1209,31
S01000099,811,793,18
S01000100,871,857,14
S01000101,888,872,16
S01000102,795,756,39
S01000103,628,626,2
S01000104,905,890,15
S01000105,870,856,14
S01000106,724,712,12
S01000107,1269,1236,33
S01000108,753,711,42
S01000109,1019,965,54
S01000110,846,794,52
S01000111,791,775,16
S01000112,983,941,42
S01000113,607,600,7
S01000114,814,780,34
S01000115,838,768,70
S01000116,923,909,14
S01000117,1033,1011,22
S01000118,712,673,39
S01000119,835,792,43
S01000120,566,550,16
S01000121,718,678,40
S01000122,701,658,43
S01000123,673,660,13
S01000124,988,944,44
S01000125,648,623,25
S01000126,945,869,76
S01000127,766,753,13
S01000128,1804,1768,36
S01000129,1005,975,30
S01000130,1557,1509,48
S01000131,622,607,15
S01000132,757,741,16
S01000133,878,826,52
S01000134,728,679,49
S01000135,687,648,39
S01000136,675,635,40
S01000137,967,931,36
S01000138,1373,1348,25
S01000139,790,743,47
S01000140,853,778,75
S01000141,826,802,24
S01000142,685,645,40
S01000143,618,598,20
S01000144,730,716,14
S01000145,815,747,68
S01000146,1537,1485,52
S01000147,1042,992,50
S01000148,605,561,44
S01000149,1180,1147,33
S01000150,619,583,36
S01000151,865,789,76
S01000152,1288,1239,49
S01000153,963,921,42
S01000154,524,482,42
S01000155,739,686,53
S01000156,1031,998,33
S01000157,691,634,57
S01000158,926,881,45
S01000159,976,963,13
S01000160,761,731,30
S01000161,915,903,12
S01000162,830,788,42
S01000163,1057,973,84
S01000164,929,892,37
S01000165,914,854,60
S01000166,1274,1256,18
S01000167,701,660,41
S01000168,975,904,71
S01000169,712,672,40
S01000170,1133,1104,29
S01000171,1079,1066,13
S01000172,471,461,10
S01000173,849,802,47
S01000174,900,884,16
S01000175,536,518,18
S01000176,762,749,13
S01000177,559,549,10
S01000178,774,733,41
S01000179,877,792,85
S01000180,663,622,41
S01000181,606,569,37
S01000182,916,849,67
S01000183,1362,1319,43
S01000184,742,720,22
S01000185,887,819,68
S01000186,950,879,71
S01000187,627,597,30
S01000188,1219,1138,81
S01000189,623,596,27
S01000190,835,776,59
S01000191,1223,1186,37
S01000192,810,763,47
S01000193,727,678,49
S01000194,872,829,43
S01000195,723,677,46
S01000196,1005,955,50
S01000197,587,552,35
S01000198,831,791,40
S01000199,853,802,51
S01000200,833,770,63
S01000201,622,571,51
S01000202,1015,976,39
S01000203,712,670,42
S01000204,577,534,43
S01000205,973,925,48
S01000206,704,677,27
S01000207,928,855,73
S01000208,1015,940,75
S01000209,1391,1334,57
S01000210,684,635,49
S01000211,747,688,59
S01000212,754,717,37
S01000213,740,687,53
S01000214,460,443,17
S01000215,1160,1137,23
S01000216,654,620,34
S01000217,810,767,43
S01000218,666,623,43
S01000219,851,802,49
S01000220,2648,2595,53
S01000221,840,771,69
S01000222,737,702,35
S01000223,607,587,20
S01000224,846,806,40
S01000225,576,562,14
S01000226,608,592,16
S01000227,1334,1315,19
S01000228,829,802,27
S01000229,822,773,49
S01000230,618,600,18
S01000231,694,681,13
S01000232,615,576,39
S01000233,496,463,33
S01000234,697,679,18
S01000235,837,804,33
S01000236,672,648,24
S01000237,816,799,17
S01000238,493,484,9
S01000239,691,673,18
S01000240,634,601,33
S01000241,599,591,8
S01000242,744,728,16
S01000243,649,633,16
S01000244,1139,1089,50
S01000245,959,932,27
S01000246,689,673,16
S01000247,655,643,12
S01000248,741,729,12
S01000249,650,628,22
S01000250,832,803,29
S01000251,465,461,4
S01000252,790,776,14
S01000253,651,649,2
S01000254,832,816,16
S01000255,586,572,14
S01000256,805,743,62
S01000257,917,874,43
S01000258,608,599,9
S01000259,611,603,8
S01000260,865,857,8
S01000261,900,878,22
S01000262,913,893,20
S01000263,820,798,22
S01000264,909,864,45
S01000265,712,681,31
S01000266,1248,1202,46
S01000267,720,688,32
S01000268,816,778,38
S01000269,628,614,14
S01000270,1031,998,33
S01000271,877,839,38
S01000272,1122,1106,16
S01000273,620,607,13
S01000274,678,649,29
S01000275,1435,1412,23
S01000276,786,765,21
S01000277,723,694,29
S01000278,577,545,32
S01000279,956,913,43
S01000280,761,735,26
S01000281,675,661,14
S01000282,750,736,14
S01000283,1090,1072,18
S01000284,1266,1250,16
S01000285,719,704,15
S01000286,916,889,27
S01000287,732,719,13
S01000288,807,794,13
S01000289,888,858,30
S01000290,822,789,33
S01000291,951,912,39
S01000292,1029,992,37
S01000293,843,800,43
S01000294,648,640,8
S01000295,538,524,14
S01000296,969,959,10
S01000297,729,703,26
S01000298,1131,1114,17
S01000299,1019,979,40
S01000300,759,747,12
S01000301,554,545,9
S01000302,630,617,13
S01000303,584,565,19
S01000304,829,820,9
S01000305,1040,1006,34
S01000306,790,775,15
S01000307,922,909,13
S01000308,1218,1201,17
S01000309,1203,1192,11
S01000310,946,933,13
S01000311,938,919,19
S01000312,539,523,16
S01000313,681,663,18
S01000314,551,535,16
S01000315,667,644,23
S01000316,901,869,32
S01000317,542,515,27
S01000318,549,540,9
S01000319,712,695,17
S01000320,671,656,15
S01000321,595,579,16
S01000322,996,984,12
S01000323,879,846,33
S01000324,835,819,16
S01000325,1291,1266,25
S01000326,805,776,29
S01000327,811,790,21
S01000328,534,523,11
S01000329,836,814,22
S01000330,1322,1309,13
S01000331,560,540,20
S01000332,745,721,24
S01000333,948,930,18
S01000334,903,870,33
S01000335,792,766,26
S01000336,1440,1410,30
S01000337,841,823,18
S01000338,495,476,19
S01000339,1236,1211,25
S01000340,1058,1043,15
S01000341,1009,981,28
S01000342,478,468,10
S01000343,584,571,13
S01000344,992,960,32
S01000345,626,616,10
S01000346,643,633,10
S01000347,1606,1578,28
S01000348,730,711,19
S01000349,537,525,12
S01000350,1082,1062,20
S01000351,939,923,16
S01000352,699,683,16
S01000353,508,495,13
S01000354,1576,1556,20
S01000355,615,608,7
S01000356,642,631,11
S01000357,580,574,6
S01000358,889,877,12
S01000359,836,824,12
S01000360,536,522,14
S01000361,678,666,12
S01000362,971,945,26
S01000363,1178,1159,19
S01000364,955,932,23
S01000365,2070,2028,42
S01000366,2125,2098,27
S01000367,845,831,14
S01000368,1286,1250,36
S01000369,938,918,20
S01000370,1511,1475,36
S01000371,927,907,20
S01000372,951,908,43
S01000373,667,654,13
S01000374,647,627,20
S01000375,612,578,34
S01000376,826,794,32
S01000377,852,838,14
S01000378,543,530,13
S01000379,655,644,11
S01000380,957,946,11
S01000381,1621,1594,27
S01000382,733,716,17
S01000383,1166,1143,23
S01000384,706,680,26
S01000385,622,601,21
S01000386,1260,1230,30
S01000387,871,849,22
S01000388,1083,1068,15
S01000389,861,854,7
S01000390,822,795,27
S01000391,726,687,39
S01000392,800,789,11
S01000393,891,853,38
S01000394,693,672,21
S01000395,800,775,25
S01000396,843,796,47
S01000397,938,904,34
S01000398,2417,2399,18
S01000399,598,582,16
S01000400,803,769,34
S01000401,904,881,23
S01000402,751,729,22
S01000403,787,764,23
S01000404,708,694,14
S01000405,522,510,12
S01000406,534,517,17
S01000407,595,574,21
S01000408,609,597,12
S01000409,579,571,8
S01000410,748,736,12
S01000411,702,690,12
S01000412,798,781,17
S01000413,871,849,22
S01000414,694,687,7
S01000415,927,899,28
S01000416,910,900,10
S01000417,1008,992,16
S01000418,718,697,21
S01000419,1523,1492,31
S01000420,1339,1303,36
S01000421,786,775,11
S01000422,947,925,22
S01000423,1026,1011,15
S01000424,743,713,30
S01000425,842,812,30
S01000426,826,809,17
S01000427,743,729,14
S01000428,666,654,12
S01000429,871,856,15
S01000430,501,486,15
S01000431,722,683,39
S01000432,881,848,33
S01000433,510,494,16
S01000434,602,582,20
S01000435,514,498,16
S01000436,629,621,8
S01000437,947,904,43
S01000438,594,584,10
S01000439,823,808,15
S01000440,1091,1074,17
S01000441,900,865,35
S01000442,843,824,19
S01000443,608,597,11
S01000444,2534,2513,21
S01000445,1201,1164,37
S01000446,951,930,21
S01000447,782,767,15
S01000448,859,841,18
S01000449,740,697,43
S01000450,553,536,17
S01000451,855,827,28
S01000452,573,561,12
S01000453,584,564,20
S01000454,443,429,14
S01000455,846,821,25
S01000456,1132,1096,36
S01000457,819,790,29
S01000458,930,909,21
S01000459,1013,982,31
S01000460,707,673,34
S01000461,865,827,38
S01000462,1034,977,57
S01000463,733,700,33
S01000464,848,815,33
S01000465,665,648,17
S01000466,880,856,24
S01000467,614,573,41
S01000468,535,519,16
S01000469,641,623,18
S01000470,1064,1017,47
S01000471,837,816,21
S01000472,759,737,22
S01000473,661,643,18
S01000474,625,611,14
S01000475,727,690,37
S01000476,627,604,23
S01000477,674,638,36
S01000478,790,741,49
S01000479,847,803,44
S01000480,670,641,29
S01000481,2138,2087,51
S01000482,896,843,53
S01000483,983,909,74
S01000484,805,767,38
S01000485,987,947,40
S01000486,1132,1076,56
S01000487,621,582,39
S01000488,624,575,49
S01000489,937,858,79
S01000490,540,528,12
S01000491,539,489,50
S01000492,951,901,50
S01000493,641,618,23
S01000494,551,511,40
S01000495,903,860,43
S01000496,529,522,7
S01000497,768,747,21
S01000498,520,510,10
S01000499,1020,978,42
S01000500,604,578,26
S01000501,577,543,34
S01000502,638,623,15
S01000503,494,477,17
S01000504,770,741,29
S01000505,727,695,32
S01000506,1024,1002,22
S01000507,995,947,48
S01000508,889,855,34
S01000509,1045,991,54
S01000510,665,638,27
S01000511,573,561,12
S01000512,990,965,25
S01000513,881,839,42
S01000514,941,917,24
S01000515,551,534,17
S01000516,883,854,29
S01000517,737,712,25
S01000518,963,922,41
S01000519,515,502,13
S01000520,1129,1087,42
S01000521,945,893,52
S01000522,665,637,28
S01000523,851,802,49
S01000524,706,666,40
S01000525,1047,999,48
S01000526,1000,957,43
S01000527,685,665,20
S01000528,946,906,40
S01000529,805,763,42
S01000530,486,461,25
S01000531,574,530,44
S01000532,788,758,30
S01000533,715,665,50
S01000534,760,724,36
S01000535,1020,955,65
S01000536,494,470,24
S01000537,1056,1020,36
S01000538,740,709,31
S01000539,990,939,51
S01000540,727,692,35
S01000541,592,563,29
S01000542,647,622,25
S01000543,832,796,36
S01000544,667,625,42
S01000545,755,726,29
S01000546,860,823,37
S01000547,543,506,37
S01000548,1085,1034,51
S01000549,1219,1190,29
S01000550,471,459,12
S01000551,892,850,42
S01000552,540,520,20
S01000553,888,850,38
S01000554,679,638,41
S01000555,860,803,57
S01000556,812,765,47
S01000557,913,875,38
S01000558,547,524,23
S01000559,668,626,42
S01000560,1086,1024,62
S01000561,1012,948,64
S01000562,847,776,71
S01000563,1145,1076,69
S01000564,927,870,57
S01000565,796,766,30
S01000566,867,811,56
S01000567,824,757,67
S01000568,526,494,32
S01000569,759,723,36
S01000570,892,851,41
S01000571,803,748,55
S01000572,711,684,27
S01000573,538,525,13
S01000574,750,696,54
S01000575,640,604,36
S01000576,542,517,25
S01000577,567,551,16
S01000578,633,600,33
S01000579,884,861,23
S01000580,956,941,15
S01000581,700,688,12
S01000582,648,624,24
S01000583,939,916,23
S01000584,840,797,43
S01000585,1224,1153,71
S01000586,722,693,29
S01000587,658,615,43
S01000588,576,548,28
S01000589,709,691,18
S01000590,846,801,45
S01000591,775,741,34
S01000592,875,830,45
S01000593,1555,1513,42
S01000594,1331,1278,53
S01000595,758,733,25
S01000596,795,772,23
S01000597,965,943,22
S01000598,1348,1320,28
S01000599,1145,1109,36
S01000600,776,752,24
S01000601,1232,1195,37
S01000602,743,700,43
S01000603,1022,986,36
S01000604,976,911,65
S01000605,813,781,32
S01000606,860,794,66
S01000607,752,721,31
S01000608,1195,1105,90
S01000609,1051,978,73
S01000610,804,742,62
S01000611,631,597,34
S01000612,1039,971,68
S01000613,1047,1000,47
S01000614,678,651,27
S01000615,809,727,82
S01000616,1442,1397,45
S01000617,665,634,31
S01000618,815,776,39
S01000619,708,689,19
S01000620,1169,1103,66
S01000621,1082,1022,60
S01000622,768,738,30
S01000623,769,732,37
S01000624,616,586,30
S01000625,641,598,43
S01000626,804,745,59
S01000627,849,807,42
S01000628,580,552,28
S01000629,911,881,30
S01000630,738,703,35
S01000631,612,583,29
S01000632,539,514,25
S01000633,523,514,9
S01000634,735,697,38
S01000635,643,618,25
S01000636,521,504,17
S01000637,648,631,17
S01000638,589,574,15
S01000639,641,620,21
S01000640,721,682,39
S01000641,814,787,27
S01000642,908,876,32
S01000643,675,646,29
S01000644,711,683,28
S01000645,980,932,48
S01000646,782,756,26
S01000647,777,745,32
S01000648,896,853,43
S01000649,596,571,25
S01000650,712,684,28
S01000651,886,850,36
S01000652,774,733,41
S01000653,994,930,64
S01000654,971,912,59
S01000655,792,744,48
S01000656,799,756,43
S01000657,816,753,63
S01000658,606,564,42
S01000659,1321,1262,59
S01000660,1026,1003,23
S01000661,822,795,27
S01000662,734,700,34
S01000663,811,791,20
S01000664,851,814,37
S01000665,669,630,39
S01000666,528,503,25
S01000667,987,943,44
S01000668,864,820,44
S01000669,827,784,43
S01000670,669,647,22
S01000671,590,559,31
S01000672,713,692,21
S01000673,721,697,24
S01000674,1080,1042,38
S01000675,714,693,21
S01000676,457,442,15
S01000677,877,838,39
S01000678,901,862,39
S01000679,779,742,37
S01000680,967,902,65
S01000681,990,943,47
S01000682,768,718,50
S01000683,546,529,17
S01000684,740,682,58
S01000685,912,864,48
S01000686,770,720,50
S01000687,827,783,44
S01000688,722,685,37
S01000689,648,622,26
S01000690,992,966,26
S01000691,808,773,35
S01000692,750,722,28
S01000693,1015,960,55
S01000694,701,661,40
S01000695,788,759,29
S01000696,774,740,34
S01000697,958,924,34
S01000698,620,600,20
S01000699,630,603,27
S01000700,806,772,34
S01000701,1017,991,26
S01000702,514,501,13
S01000703,739,708,31
S01000704,979,955,24
S01000705,1146,1108,38
S01000706,859,840,19
S01000707,625,607,18
S01000708,565,547,18
S01000709,1023,966,57
S01000710,1108,1073,35
S01000711,505,487,18
S01000712,621,596,25
S01000713,752,715,37
S01000714,986,929,57
S01000715,658,601,57
S01000716,535,494,41
S01000717,915,847,68
S01000718,810,760,50
S01000719,641,612,29
S01000720,778,739,39
S01000721,702,662,40
S01000722,846,813,33
S01000723,460,439,21
S01000724,784,732,52
S01000725,595,564,31
S01000726,760,729,31
S01000727,610,561,49
S01000728,651,616,35
S01000729,491,454,37
S01000730,457,429,28
S01000731,595,544,51
S01000732,543,499,44
S01000733,672,615,57
S01000734,826,787,39
S01000735,443,403,40
S01000736,740,696,44
S01000737,470,435,35
S01000738,449,420,29
S01000739,730,691,39
S01000740,658,603,55
S01000741,786,729,57
S01000742,642,624,18
S01000743,901,845,56
S01000744,740,697,43
S01000745,716,675,41
S01000746,786,742,44
S01000747,562,517,45
S01000748,465,399,66
S01000749,541,496,45
S01000750,687,639,48
S01000751,722,701,21
S01000752,977,895,82
S01000753,596,558,38
S01000754,787,749,38
S01000755,706,683,23
S01000756,1043,990,53
S01000757,770,726,44
S01000758,1286,1236,50
S01000759,985,900,85
S01000760,531,513,18
S01000761,606,562,44
S01000762,610,586,24
S01000763,747,727,20
S01000764,676,651,25
S01000765,825,813,12
S01000766,699,665,34
S01000767,642,583,59
S01000768,783,724,59
S01000769,787,746,41
S01000770,703,653,50
S01000771,943,910,33
S01000772,640,605,35
S01000773,826,788,38
S01000774,831,814,17
S01000775,810,776,34
S01000776,572,562,10
S01000777,325,315,10
S01000778,466,450,16
S01000779,793,777,16
S01000780,849,791,58
S01000781,806,787,19
S01000782,680,663,17
S01000783,464,448,16
S01000784,803,788,15
S01000785,714,659,55
S01000786,749,716,33
S01000787,498,469,29
S01000788,656,630,26
S01000789,742,710,32
S01000790,512,487,25
S01000791,607,582,25
S01000792,664,628,36
S01000793,675,649,26
S01000794,861,800,61
S01000795,940,908,32
S01000796,428,406,22
S01000797,449,433,16
S01000798,484,459,25
S01000799,1589,1557,32
S01000800,947,883,64
S01000801,635,623,12
S01000802,770,733,37
S01000803,972,949,23
S01000804,912,871,41
S01000805,803,764,39
S01000806,808,769,39
S01000807,769,732,37
S01000808,749,726,23
S01000809,616,591,25
S01000810,735,713,22
S01000811,798,781,17
S01000812,1347,1274,73
S01000813,771,744,27
S01000814,786,769,17
S01000815,520,485,35
S01000816,563,533,30
S01000817,916,867,49
S01000818,911,895,16
S01000819,882,830,52
S01000820,554,544,10
S01000821,854,828,26
S01000822,532,511,21
S01000823,502,480,22
S01000824,756,732,24
S01000825,739,716,23
S01000826,625,583,42
S01000827,736,719,17
S01000828,925,860,65
S01000829,693,673,20
S01000830,872,833,39
S01000831,848,818,30
S01000832,954,919,35
S01000833,1164,1116,48
S01000834,980,926,54
S01000835,774,706,68
S01000836,785,698,87
S01000837,984,896,88
S01000838,623,583,40
S01000839,1355,1298,57
S01000840,686,637,49
S01000841,988,891,97
S01000842,867,839,28
S01000843,910,868,42
S01000844,787,746,41
S01000845,540,520,20
S01000846,680,612,68
S01000847,974,890,84
S01000848,651,616,35
S01000849,479,456,23
S01000850,699,634,65
S01000851,714,687,27
S01000852,725,656,69
S01000853,554,503,51
S01000854,846,783,63
S01000855,716,674,42
S01000856,512,470,42
S01000857,507,481,26
S01000858,910,881,29
S01000859,1129,1086,43
S01000860,891,829,62
S01000861,643,604,39
S01000862,523,511,12
S01000863,542,507,35
S01000864,1172,1134,38
S01000865,1080,1008,72
S01000866,853,787,66
S01000867,895,811,84
S01000868,703,630,73
S01000869,595,555,40
S01000870,865,815,50
S01000871,818,765,53
S01000872,798,743,55
S01000873,3097,2948,149
S01000874,496,467,29
S01000875,1427,1392,35
S01000876,681,637,44
S01000877,675,624,51
S01000878,554,538,16
S01000879,945,910,35
S01000880,787,765,22
S01000881,642,597,45
S01000882,887,835,52
S01000883,813,774,39
S01000884,590,556,34
S01000885,480,464,16
S01000886,649,618,31
S01000887,723,700,23
S01000888,661,620,41
S01000889,686,645,41
S01000890,748,718,30
S01000891,924,891,33
S01000892,541,533,8
S01000893,625,610,15
S01000894,493,477,16
S01000895,916,889,27
S01000896,485,471,14
S01000897,680,630,50
S01000898,526,488,38
S01000899,829,765,64
S01000900,627,585,42
S01000901,605,559,46
S01000902,943,909,34
S01000903,1014,927,87
S01000904,696,635,61
S01000905,692,672,20
S01000906,536,509,27
S01000907,734,682,52
S01000908,751,731,20
S01000909,951,901,50
S01000910,842,786,56
S01000911,1034,998,36
S01000912,653,620,33
S01000913,611,579,32
S01000914,701,673,28
S01000915,900,848,52
S01000916,1046,976,70
S01000917,677,623,54
S01000918,551,504,47
S01000919,631,578,53
S01000920,597,574,23
S01000921,667,625,42
S01000922,965,918,47
S01000923,862,806,56
S01000924,861,781,80
S01000925,1005,953,52
S01000926,1010,945,65
S01000927,913,850,63
S01000928,980,918,62
S01000929,481,439,42
S01000930,540,492,48
S01000931,654,620,34
S01000932,1027,964,63
S01000933,1032,974,58
S01000934,903,832,71
S01000935,767,719,48
S01000936,856,805,51
S01000937,558,517,41
S01000938,783,732,51
S01000939,739,683,56
S01000940,902,863,39
S01000941,478,443,35
S01000942,1018,945,73
S01000943,830,799,31
S01000944,837,804,33
S01000945,739,706,33
S01000946,775,743,32
S01000947,687,628,59
S01000948,844,800,44
S01000949,610,580,30
S01000950,825,787,38
S01000951,861,814,47
S01000952,876,830,46
S01000953,874,830,44
S01000954,1116,1064,52
S01000955,627,595,32
S01000956,851,797,54
S01000957,542,529,13
S01000958,797,744,53
S01000959,700,672,28
S01000960,566,513,53
S01000961,843,788,55
S01000962,660,624,36
S01000963,843,776,67
S01000964,989,949,40
S01000965,642,603,39
S01000966,1086,1014,72
S01000967,578,529,49
S01000968,1056,1007,49
S01000969,908,832,76
S01000970,788,723,65
S01000971,729,682,47
S01000972,922,892,30
S01000973,660,634,26
S01000974,1227,1175,52
S01000975,647,626,21
S01000976,507,479,28
S01000977,921,868,53
S01000978,820,764,56
S01000979,703,675,28
S01000980,677,624,53
S01000981,686,663,23
S01000982,736,698,38
S01000983,534,493,41
S01000984,620,592,28
S01000985,714,672,42
S01000986,611,570,41
S01000987,637,611,26
S01000988,565,546,19
S01000989,813,774,39
S01000990,840,782,58
S01000991,435,414,21
S01000992,1095,1025,70
S01000993,843,775,68
S01000994,1104,1037,67
S01000995,778,765,13
S01000996,1122,1042,80
S01000997,891,854,37
S01000998,694,645,49
S01000999,650,636,14
S01001000,576,552,24
S01001001,551,523,28
S01001002,631,611,20
S01001003,828,800,28
S01001004,661,643,18
S01001005,844,815,29
S01001006,702,680,22
S01001007,917,859,58
S01001008,756,727,29
S01001009,614,589,25
S01001010,917,844,73
S01001011,588,572,16
S01001012,744,717,27
S01001013,895,837,58
S01001014,844,778,66
S01001015,515,476,39
S01001016,823,766,57
S01001017,858,790,68
S01001018,798,755,43
S01001019,1056,955,101
S01001020,548,515,33
S01001021,1022,979,43
S01001022,835,798,37
S01001023,999,952,47
S01001024,1862,1789,73
S01001025,1264,1221,43
S01001026,886,854,32
S01001027,906,873,33
S01001028,774,728,46
S01001029,754,689,65
S01001030,716,689,27
S01001031,957,907,50
S01001032,692,631,61
S01001033,724,672,52
S01001034,718,652,66
S01001035,509,476,33
S01001036,663,618,45
S01001037,860,795,65
S01001038,772,749,23
S01001039,539,517,22
S01001040,699,677,22
S01001041,682,655,27
S01001042,991,951,40
S01001043,664,638,26
S01001044,923,861,62
S01001045,656,628,28
S01001046,847,808,39
S01001047,864,824,40
S01001048,579,560,19
S01001049,630,586,44
S01001050,956,914,42
S01001051,638,591,47
S01001052,519,490,29
S01001053,773,734,39
S01001054,714,665,49
S01001055,858,802,56
S01001056,711,670,41
S01001057,639,599,40
S01001058,768,717,51
S01001059,660,630,30
S01001060,706,670,36
S01001061,741,710,31
S01001062,588,569,19
S01001063,884,857,27
S01001064,717,685,32
S01001065,756,725,31
S01001066,772,725,47
S01001067,781,742,39
S01001068,867,830,37
S01001069,856,816,40
S01001070,890,842,48
S01001071,707,683,24
S01001072,898,855,43
S01001073,1133,1077,56
S01001074,492,473,19
S01001075,926,870,56
S01001076,854,814,40
S01001077,930,879,51
S01001078,957,920,37
S01001079,554,535,19
S01001080,722,692,30
S01001081,629,580,49
S01001082,945,894,51
S01001083,813,764,49
S01001084,961,915,46
S01001085,833,774,59
S01001086,748,663,85
S01001087,476,408,68
S01001088,1009,929,80
S01001089,931,857,74
S01001090,885,868,17
S01001091,613,568,45
S01001092,1015,985,30
S01001093,875,844,31
S01001094,882,855,27
S01001095,1508,1489,19
S01001096,939,908,31
S01001097,673,657,16
S01001098,906,888,18
S01001099,1964,1886,78
S01001100,963,888,75
S01001101,1530,1499,31
S01001102,1393,1363,30
S01001103,701,684,17
S01001104,800,765,35
S01001105,801,777,24
S01001106,955,930,25
S01001107,948,877,71
S01001108,1679,1626,53
S01001109,1686,1634,52
S01001110,808,757,51
S01001111,1093,1041,52
S01001112,814,770,44
S01001113,1050,993,57
S01001114,907,809,98
S01001115,742,679,63
S01001116,702,632,70
S01001117,582,533,49
S01001118,522,489,33
S01001119,964,886,78
S01001120,649,609,40
S01001121,644,595,49
S01001122,687,663,24
S01001123,990,944,46
S01001124,624,572,52
S01001125,363,341,22
S01001126,845,805,40
S01001127,783,747,36
S01001128,644,625,19
S01001129,935,875,60
S01001130,762,716,46
S01001131,484,458,26
S01001132,695,649,46
S01001133,1062,1003,59
S01001134,853,832,21
S01001135,342,316,26
S01001136,1023,943,80
S01001137,1041,951,90
S01001138,1406,1342,64
S01001139,753,673,80
S01001140,977,889,88
S01001141,516,483,33
S01001142,899,864,35
S01001143,790,770,20
S01001144,711,671,40
S01001145,579,515,64
S01001146,778,748,30
S01001147,773,727,46
S01001148,733,707,26
S01001149,643,604,39
S01001150,770,717,53
S01001151,578,491,87
S01001152,928,824,104
S01001153,732,695,37
S01001154,738,725,13
S01001155,618,596,22
S01001156,772,740,32
S01001157,756,736,20
S01001158,591,540,51
S01001159,747,708,39
S01001160,545,496,49
S01001161,575,535,40
S01001162,821,797,24
S01001163,723,659,64
S01001164,629,566,63
S01001165,786,722,64
S01001166,280,255,25
S01001167,815,789,26
S01001168,764,725,39
S01001169,1125,1035,90
S01001170,819,744,75
S01001171,583,560,23
S01001172,583,521,62
S01001173,934,866,68
S01001174,648,605,43
S01001175,903,826,77
S01001176,857,804,53
S01001177,888,805,83
S01001178,792,701,91
S01001179,914,888,26
S01001180,689,626,63
S01001181,840,807,33
S01001182,895,840,55
S01001183,840,750,90
S01001184,853,832,21
S01001185,532,519,13
S01001186,709,682,27
S01001187,917,836,81
S01001188,773,702,71
S01001189,964,888,76
S01001190,683,659,24
S01001191,694,630,64
S01001192,952,828,124
S01001193,827,807,20
S01001194,884,852,32
S01001195,940,852,88
S01001196,960,859,101
S01001197,535,481,54
S01001198,744,685,59
S01001199,884,790,94
S01001200,1087,965,122
S01001201,667,626,41
S01001202,629,580,49
S01001203,766,675,91
S01001204,734,709,25
S01001205,723,688,35
S01001206,730,678,52
S01001207,754,693,61
S01001208,598,518,80
S01001209,547,535,12
S01001210,877,800,77
S01001211,1013,974,39
S01001212,590,528,62
S01001213,973,868,105
S01001214,705,623,82
S01001215,727,701,26
S01001216,889,821,68
S01001217,1147,1065,82
S01001218,812,794,18
S01001219,841,781,60
S01001220,505,466,39
S01001221,1429,1391,38
S01001222,1052,960,92
S01001223,701,665,36
S01001224,956,867,89
S01001225,919,883,36
S01001226,486,454,32
S01001227,707,674,33
S01001228,734,689,45
S01001229,696,661,35
S01001230,782,675,107
S01001231,634,578,56
S01001232,2408,2352,56
S01001233,959,868,91
S01001234,492,450,42
S01001235,848,794,54
S01001236,883,793,90
S01001237,552,532,20
S01001238,522,477,45
S01001239,603,550,53
S01001240,763,708,55
S01001241,606,574,32
S01001242,899,864,35
S01001243,1165,1079,86
S01001244,838,812,26
S01001245,850,795,55
S01001246,980,917,63
S01001247,565,516,49
S01001248,795,762,33
S01001249,676,652,24
S01001250,879,799,80
S01001251,548,509,39
S01001252,567,541,26
S01001253,708,651,57
S01001254,674,623,51
S01001255,871,823,48
S01001256,701,663,38
S01001257,799,752,47
S01001258,624,577,47
S01001259,803,762,41
S01001260,895,854,41
S01001261,895,847,48
S01001262,916,880,36
S01001263,449,415,34
S01001264,1966,1928,38
S01001265,586,576,10
S01001266,753,714,39
S01001267,938,876,62
S01001268,669,644,25
S01001269,537,485,52
S01001270,669,580,89
S01001271,705,614,91
S01001272,688,620,68
S01001273,723,637,86
S01001274,764,696,68
S01001275,669,596,73
S01001276,607,577,30
S01001277,773,695,78
S01001278,382,351,31
S01001279,687,623,64
S01001280,536,472,64
S01001281,724,625,99
S01001282,752,676,76
S01001283,526,492,34
S01001284,1009,956,53
S01001285,656,587,69
S01001286,468,432,36
S01001287,793,727,66
S01001288,920,846,74
S01001289,705,640,65
S01001290,646,579,67
S01001291,401,371,30
S01001292,803,747,56
S01001293,757,691,66
S01001294,628,582,46
S01001295,810,725,85
S01001296,616,558,58
S01001297,835,760,75
S01001298,828,752,76
S01001299,847,753,94
S01001300,1484,1424,60
S01001301,549,503,46
S01001302,788,742,46
S01001303,615,590,25
S01001304,1325,1280,45
S01001305,737,687,50
S01001306,711,646,65
S01001307,1158,1065,93
S01001308,932,840,92
S01001309,644,570,74
S01001310,795,708,87
S01001311,639,597,42
S01001312,730,653,77
S01001313,867,787,80
S01001314,738,709,29
S01001315,1036,975,61
S01001316,883,777,106
S01001317,916,874,42
S01001318,542,516,26
S01001319,645,571,74
S01001320,867,790,77
S01001321,578,551,27
S01001322,849,795,54
S01001323,597,561,36
S01001324,1003,904,99
S01001325,738,691,47
S01001326,869,798,71
S01001327,791,732,59
S01001328,878,791,87
S01001329,576,532,44
S01001330,816,797,19
S01001331,840,784,56
S01001332,874,817,57
S01001333,807,707,100
S01001334,833,793,40
S01001335,927,835,92
S01001336,828,774,54
S01001337,760,724,36
S01001338,728,661,67
S01001339,755,718,37
S01001340,745,703,42
S01001341,883,800,83
S01001342,928,840,88
S01001343,938,867,71
S01001344,751,721,30
S01001345,617,551,66
S01001346,709,689,20
S01001347,728,712,16
S01001348,655,595,60
S01001349,1301,1224,77
S01001350,660,599,61
S01001351,449,436,13
S01001352,761,713,48
S01001353,1423,1410,13
S01001354,787,723,64
S01001355,756,714,42
S01001356,634,619,15
S01001357,703,634,69
S01001358,915,858,57
S01001359,741,727,14
S01001360,1168,1097,71
S01001361,645,614,31
S01001362,547,519,28
S01001363,559,527,32
S01001364,850,768,82
S01001365,607,556,51
S01001366,900,877,23
S01001367,701,659,42
S01001368,1187,1155,32
S01001369,933,860,73
S01001370,830,795,35
S01001371,697,632,65
S01001372,685,651,34
S01001373,693,622,71
S01001374,514,489,25
S01001375,631,609,22
S01001376,772,730,42
S01001377,777,707,70
S01001378,622,593,29
S01001379,1026,951,75
S01001380,781,713,68
S01001381,825,784,41
S01001382,657,570,87
S01001383,565,532,33
S01001384,923,867,56
S01001385,776,721,55
S01001386,862,801,61
S01001387,909,858,51
S01001388,1430,1328,102
S01001389,484,443,41
S01001390,759,724,35
S01001391,722,684,38
S01001392,786,714,72
S01001393,522,491,31
S01001394,430,389,41
S01001395,928,903,25
S01001396,788,726,62
S01001397,781,708,73
S01001398,780,758,22
S01001399,858,794,64
S01001400,913,822,91
S01001401,656,612,44
S01001402,818,796,22
S01001403,1249,1216,33
S01001404,657,647,10
S01001405,1167,1143,24
S01001406,2581,2535,46
S01001407,788,745,43
S01001408,881,826,55
S01001409,898,851,47
S01001410,1038,986,52
S01001411,617,588,29
S01001412,896,839,57
S01001413,890,867,23
S01001414,642,588,54
S01001415,805,749,56
S01001416,720,676,44
S01001417,923,889,34
S01001418,831,811,20
S01001419,779,754,25
S01001420,1185,1148,37
S01001421,1127,1072,55
S01001422,727,708,19
S01001423,795,761,34
S01001424,1072,966,106
S01001425,1694,1596,98
S01001426,819,789,30
S01001427,881,860,21
S01001428,864,802,62
S01001429,610,556,54
S01001430,946,894,52
S01001431,940,914,26
S01001432,655,641,14
S01001433,816,790,26
S01001434,869,837,32
S01001435,1037,1015,22
S01001436,976,953,23
S01001437,891,863,28
S01001438,613,594,19
S01001439,750,725,25
S01001440,878,845,33
S01001441,790,746,44
S01001442,685,660,25
S01001443,932,896,36
S01001444,915,875,40
S01001445,702,669,33
S01001446,908,873,35
S01001447,1321,1279,42
S01001448,744,716,28
S01001449,599,589,10
S01001450,809,773,36
S01001451,699,673,26
S01001452,820,800,20
S01001453,835,822,13
S01001454,914,886,28
S01001455,771,736,35
S01001456,656,635,21
S01001457,904,875,29
S01001458,917,873,44
S01001459,905,884,21
S01001460,653,638,15
S01001461,856,829,27
S01001462,831,818,13
S01001463,516,496,20
S01001464,881,844,37
S01001465,691,675,16
S01001466,727,700,27
S01001467,812,798,14
S01001468,667,647,20
S01001469,860,843,17
S01001470,937,921,16
S01001471,759,745,14
S01001472,800,758,42
S01001473,778,743,35
S01001474,882,832,50
S01001475,610,586,24
S01001476,993,969,24
S01001477,933,912,21
S01001478,662,638,24
S01001479,635,602,33
S01001480,489,465,24
S01001481,874,863,11
S01001482,701,665,36
S01001483,1049,1033,16
S01001484,829,815,14
S01001485,614,593,21
S01001486,755,728,27
S01001487,665,610,55
S01001488,872,842,30
S01001489,801,773,28
S01001490,961,903,58
S01001491,884,867,17
S01001492,913,844,69
S01001493,886,864,22
S01001494,891,821,70
S01001495,618,597,21
S01001496,936,911,25
S01001497,766,715,51
S01001498,678,663,15
S01001499,1091,1061,30
S01001500,583,517,66
S01001501,858,840,18
S01001502,840,801,39
S01001503,802,779,23
S01001504,875,822,53
S01001505,1029,991,38
S01001506,602,577,25
S01001507,895,877,18
S01001508,903,889,14
S01001509,814,739,75
S01001510,630,574,56
S01001511,575,567,8
S01001512,852,784,68
S01001513,911,827,84
S01001514,747,695,52
S01001515,697,675,22
S01001516,704,653,51
S01001517,847,760,87
S01001518,1014,949,65
S01001519,962,943,19
S01001520,707,672,35
S01001521,977,939,38
S01001522,1057,954,103
S01001523,790,773,17
S01001524,941,873,68
S01001525,788,735,53
S01001526,627,603,24
S01001527,898,857,41
S01001528,973,945,28
S01001529,707,670,37
S01001530,761,711,50
S01001531,1175,1132,43
S01001532,597,585,12
S01001533,962,939,23
S01001534,669,655,14
S01001535,853,822,31
S01001536,808,748,60
S01001537,499,463,36
S01001538,814,787,27
S01001539,892,831,61
S01001540,810,807,3
S01001541,828,797,31
S01001542,670,646,24
S01001543,746,719,27
S01001544,919,872,47
S01001545,715,699,16
S01001546,989,892,97
S01001547,995,907,88
S01001548,1035,1003,32
S01001549,996,946,50
S01001550,789,767,22
S01001551,936,907,29
S01001552,864,824,40
S01001553,903,878,25
S01001554,992,960,32
S01001555,758,692,66
S01001556,845,814,31
S01001557,989,960,29
S01001558,829,762,67
S01001559,387,357,30
S01001560,1450,1402,48
S01001561,1347,1301,46
S01001562,2633,2565,68
S01001563,597,576,21
S01001564,557,531,26
S01001565,733,684,49
S01001566,664,649,15
S01001567,907,878,29
S01001568,727,705,22
S01001569,811,794,17
S01001570,512,506,6
S01001571,724,670,54
S01001572,532,510,22
S01001573,658,634,24
S01001574,877,836,41
S01001575,750,711,39
S01001576,597,545,52
S01001577,714,683,31
S01001578,756,707,49
S01001579,849,795,54
S01001580,565,524,41
S01001581,640,615,25
S01001582,711,680,31
S01001583,482,463,19
S01001584,776,731,45
S01001585,920,851,69
S01001586,473,463,10
S01001587,755,681,74
S01001588,796,759,37
S01001589,819,753,66
S01001590,642,629,13
S01001591,641,594,47
S01001592,796,746,50
S01001593,784,736,48
S01001594,798,742,56
S01001595,718,688,30
S01001596,826,790,36
S01001597,851,812,39
S01001598,678,653,25
S01001599,924,873,51
S01001600,1012,936,76
S01001601,1213,1179,34
S01001602,640,611,29
S01001603,1009,931,78
S01001604,644,615,29
S01001605,762,737,25
S01001606,617,569,48
S01001607,2654,2578,76
S01001608,809,780,29
S01001609,901,828,73
S01001610,777,747,30
S01001611,1024,1009,15
S01001612,835,811,24
S01001613,776,708,68
S01001614,672,604,68
S01001615,780,735,45
S01001616,754,750,4
S01001617,628,563,65
S01001618,946,915,31
S01001619,693,650,43
S01001620,875,784,91
S01001621,680,639,41
S01001622,838,792,46
S01001623,766,698,68
S01001624,996,936,60
S01001625,797,721,76
S01001626,737,708,29
S01001627,1394,1321,73
S01001628,618,588,30
S01001629,567,523,44
S01001630,556,523,33
S01001631,1415,1362,53
S01001632,583,576,7
S01001633,885,862,23
S01001634,1029,1004,25
S01001635,735,697,38
S01001636,515,501,14
S01001637,709,685,24
S01001638,887,827,60
S01001639,710,644,66
S01001640,648,630,18
S01001641,1566,1528,38
S01001642,900,832,68
S01001643,733,696,37
S01001644,1768,1705,63
S01001645,987,944,43
S01001646,612,592,20
S01001647,647,615,32
S01001648,747,710,37
S01001649,754,697,57
S01001650,852,823,29
S01001651,901,863,38
S01001652,774,760,14
S01001653,617,573,44
S01001654,936,911,25
S01001655,578,551,27
S01001656,1352,1272,80
S01001657,502,495,7
S01001658,1002,963,39
S01001659,706,686,20
S01001660,678,668,10
S01001661,818,789,29
S01001662,729,697,32
S01001663,841,819,22
S01001664,557,545,12
S01001665,868,822,46
S01001666,558,534,24
S01001667,819,786,33
S01001668,878,865,13
S01001669,669,637,32
S01001670,639,624,15
S01001671,516,500,16
S01001672,583,554,29
S01001673,662,636,26
S01001674,697,641,56
S01001675,706,682,24
S01001676,1223,1192,31
S01001677,844,821,23
S01001678,832,800,32
S01001679,934,886,48
S01001680,589,565,24
S01001681,674,651,23
S01001682,601,588,13
S01001683,734,711,23
S01001684,516,502,14
S01001685,763,716,47
S01001686,900,876,24
S01001687,980,939,41
S01001688,956,933,23
S01001689,674,650,24
S01001690,906,880,26
S01001691,848,836,12
S01001692,662,630,32
S01001693,915,885,30
S01001694,657,641,16
S01001695,761,744,17
S01001696,739,715,24
S01001697,853,827,26
S01001698,529,504,25
S01001699,700,691,9
S01001700,1023,996,27
S01001701,926,867,59
S01001702,990,922,68
S01001703,822,805,17
S01001704,916,901,15
S01001705,629,613,16
S01001706,789,773,16
S01001707,727,677,50
S01001708,953,893,60
S01001709,602,589,13
S01001710,692,677,15
S01001711,790,773,17
S01001712,458,444,14
S01001713,871,836,35
S01001714,705,694,11
S01001715,883,866,17
S01001716,846,778,68
S01001717,808,789,19
S01001718,550,535,15
S01001719,795,778,17
S01001720,699,684,15
S01001721,731,708,23
S01001722,746,732,14
S01001723,872,861,11
S01001724,813,742,71
S01001725,779,728,51
S01001726,649,636,13
S01001727,1015,990,25
S01001728,649,634,15
S01001729,976,940,36
S01001730,650,625,25
S01001731,674,647,27
S01001732,571,554,17
S01001733,908,859,49
S01001734,530,511,19
S01001735,480,467,13
S01001736,1092,1056,36
S01001737,609,592,17
S01001738,610,599,11
S01001739,637,614,23
S01001740,745,713,32
S01001741,651,598,53
S01001742,764,714,50
S01001743,990,916,74
S01001744,546,531,15
S01001745,795,777,18
S01001746,967,926,41
S01001747,857,796,61
S01001748,619,608,11
S01001749,739,673,66
S01001750,633,591,42
S01001751,963,900,63
S01001752,935,919,16
S01001753,799,731,68
S01001754,771,755,16
S01001755,1062,1016,46
S01001756,652,617,35
S01001757,757,728,29
S01001758,785,760,25
S01001759,684,620,64
S01001760,797,756,41
S01001761,727,659,68
S01001762,978,914,64
S01001763,832,822,10
S01001764,531,520,11
S01001765,949,894,55
S01001766,651,614,37
S01001767,587,568,19
S01001768,604,578,26
S01001769,626,594,32
S01001770,566,512,54
S01001771,841,798,43
S01001772,522,485,37
S01001773,941,870,71
S01001774,673,662,11
S01001775,836,813,23
S01001776,624,573,51
S01001777,916,899,17
S01001778,877,781,96
S01001779,539,526,13
S01001780,867,803,64
S01001781,690,670,20
S01001782,968,936,32
S01001783,598,518,80
S01001784,589,555,34
S01001785,611,593,18
S01001786,640,601,39
S01001787,566,552,14
S01001788,791,763,28
S01001789,738,699,39
S01001790,692,673,19
S01001791,726,709,17
S01001792,684,662,22
S01001793,903,875,28
S01001794,948,915,33
S01001795,443,433,10
S01001796,835,812,23
S01001797,676,631,45
S01001798,806,795,11
S01001799,1090,1012,78
S01001800,942,926,16
S01001801,1008,987,21
S01001802,835,814,21
S01001803,1010,985,25
S01001804,952,904,48
S01001805,699,674,25
S01001806,666,648,18
S01001807,841,818,23
S01001808,528,496,32
S01001809,1036,960,76
S01001810,876,857,19
S01001811,673,661,12
S01001812,898,881,17
S01001813,709,694,15
S01001814,723,706,17
S01001815,842,818,24
S01001816,1120,1108,12
S01001817,699,651,48
S01001818,752,734,18
S01001819,997,972,25
S01001820,778,730,48
S01001821,549,536,13
S01001822,984,947,37
S01001823,928,854,74
S01001824,739,699,40
S01001825,798,771,27
S01001826,675,603,72
S01001827,830,790,40
S01001828,750,739,11
S01001829,710,680,30
S01001830,942,926,16
S01001831,724,690,34
S01001832,715,650,65
S01001833,1153,1135,18
S01001834,587,534,53
S01001835,634,616,18
S01001836,870,849,21
S01001837,900,881,19
S01001838,674,637,37
S01001839,912,841,71
S01001840,701,687,14
S01001841,720,704,16
S01001842,757,745,12
S01001843,724,680,44
S01001844,2465,2432,33
S01001845,780,766,14
S01001846,886,871,15
S01001847,930,867,63
S01001848,748,691,57
S01001849,582,565,17
S01001850,726,711,15
S01001851,892,845,47
S01001852,766,750,16
S01001853,724,702,22
S01001854,1037,988,49
S01001855,802,788,14
S01001856,840,765,75
S01001857,679,633,46
S01001858,903,862,41
S01001859,1066,986,80
S01001860,1128,1110,18
S01001861,802,744,58
S01001862,801,785,16
S01001863,807,786,21
S01001864,1387,1291,96
S01001865,699,660,39
S01001866,675,661,14
S01001867,744,685,59
S01001868,753,703,50
S01001869,823,807,16
S01001870,961,892,69
S01001871,1700,1650,50
S01001872,888,808,80
S01001873,806,761,45
S01001874,1137,1076,61
S01001875,907,895,12
S01001876,1020,949,71
S01001877,951,876,75
S01001878,1076,1066,10
S01001879,640,583,57
S01001880,741,679,62
S01001881,755,730,25
S01001882,793,755,38
S01001883,532,528,4
S01001884,894,822,72
S01001885,1211,1184,27
S01001886,564,488,76
S01001887,830,800,30
S01001888,881,854,27
S01001889,542,518,24
S01001890,994,942,52
S01001891,713,660,53
S01001892,973,893,80
S01001893,1000,934,66
S01001894,805,737,68
S01001895,859,819,40
S01001896,809,794,15
S01001897,914,850,64
S01001898,616,550,66
S01001899,785,748,37
S01001900,754,711,43
S01001901,934,914,20
S01001902,919,902,17
S01001903,598,563,35
S01001904,598,537,61
S01001905,905,895,10
S01001906,709,650,59
S01001907,811,732,79
S01001908,914,899,15
S01001909,670,614,56
S01001910,744,718,26
S01001911,747,737,10
S01001912,742,723,19
S01001913,1015,982,33
S01001914,573,560,13
S01001915,906,887,19
S01001916,860,830,30
S01001917,759,736,23
S01001918,901,873,28
S01001919,850,816,34
S01001920,760,723,37
S01001921,614,578,36
S01001922,804,783,21
S01001923,577,555,22
S01001924,775,759,16
S01001925,780,765,15
S01001926,678,588,90
S01001927,977,924,53
S01001928,918,841,77
S01001929,994,970,24
S01001930,786,768,18
S01001931,728,658,70
S01001932,1615,1489,126
S01001933,851,829,22
S01001934,1523,1468,55
S01001935,928,811,117
S01001936,1149,1113,36
S01001937,867,809,58
S01001938,630,606,24
S01001939,556,540,16
S01001940,824,797,27
S01001941,1038,1019,19
S01001942,571,551,20
S01001943,714,663,51
S01001944,781,707,74
S01001945,751,716,35
S01001946,858,805,53
S01001947,952,916,36
S01001948,862,793,69
S01001949,700,647,53
S01001950,893,862,31
S01001951,905,807,98
S01001952,767,759,8
S01001953,861,849,12
S01001954,440,423,17
S01001955,1137,1074,63
S01001956,763,696,67
S01001957,500,453,47
S01001958,852,787,65
S01001959,562,533,29
S01001960,919,899,20
S01001961,1112,1092,20
S01001962,905,851,54
S01001963,914,885,29
S01001964,737,725,12
S01001965,762,706,56
S01001966,1556,1454,102
S01001967,650,636,14
S01001968,854,818,36
S01001969,620,580,40
S01001970,630,608,22
S01001971,779,696,83
S01001972,711,696,15
S01001973,679,663,16
S01001974,850,831,19
S01001975,848,826,22
S01001976,837,807,30
S01001977,840,763,77
S01001978,1395,1281,114
S01001979,710,683,27
S01001980,833,825,8
S01001981,933,919,14
S01001982,396,362,34
S01001983,702,690,12
S01001984,944,897,47
S01001985,764,743,21
S01001986,635,633,2
S01001987,829,822,7
S01001988,801,766,35
S01001989,880,839,41
S01001990,954,946,8
S01001991,834,810,24
S01001992,847,835,12
S01001993,727,712,15
S01001994,897,882,15
S01001995,653,643,10
S01001996,825,816,9
S01001997,793,746,47
S01001998,743,733,10
S01001999,739,731,8
S01002000,768,729,39
S01002001,786,758,28
S01002002,733,725,8
S01002003,850,812,38
S01002004,812,795,17
S01002005,773,699,74
S01002006,888,860,28
S01002007,956,933,23
S01002008,932,918,14
S01002009,864,851,13
S01002010,520,512,8
S01002011,1057,1029,28
S01002012,825,814,11
S01002013,798,778,20
S01002014,869,849,20
S01002015,822,801,21
S01002016,589,576,13
S01002017,1143,992,151
S01002018,802,782,20
S01002019,815,803,12
S01002020,557,552,5
S01002021,1002,919,83
S01002022,984,943,41
S01002023,776,762,14
S01002024,712,699,13
S01002025,901,849,52
S01002026,663,651,12
S01002027,1198,1176,22
S01002028,2533,2514,19
S01002029,770,764,6
S01002030,731,709,22
S01002031,688,654,34
S01002032,771,740,31
S01002033,772,739,33
S01002034,779,768,11
S01002035,730,715,15
S01002036,891,859,32
S01002037,677,658,19
S01002038,517,517,0
S01002039,694,675,19
S01002040,610,592,18
S01002041,888,873,15
S01002042,958,903,55
S01002043,719,698,21
S01002044,635,598,37
S01002045,1058,1024,34
S01002046,567,537,30
S01002047,854,790,64
S01002048,879,863,16
S01002049,1121,1082,39
S01002050,738,707,31
S01002051,763,690,73
S01002052,875,841,34
S01002053,994,976,18
S01002054,650,629,21
S01002055,918,898,20
S01002056,907,853,54
S01002057,908,887,21
S01002058,1040,1006,34
S01002059,684,651,33
S01002060,751,738,13
S01002061,705,683,22
S01002062,568,529,39
S01002063,1186,1152,34
S01002064,1130,1096,34
S01002065,984,971,13
S01002066,1064,1031,33
S01002067,885,842,43
S01002068,937,898,39
S01002069,626,604,22
S01002070,658,626,32
S01002071,686,665,21
S01002072,1135,1100,35
S01002073,644,606,38
S01002074,670,646,24
S01002075,917,891,26
S01002076,846,805,41
S01002077,783,756,27
S01002078,1068,1045,23
S01002079,1036,987,49
S01002080,996,966,30
S01002081,758,734,24
S01002082,848,826,22
S01002083,545,489,56
S01002084,796,772,24
S01002085,745,727,18
S01002086,631,605,26
S01002087,1053,979,74
S01002088,968,940,28
S01002089,1014,989,25
S01002090,1058,1003,55
S01002091,825,794,31
S01002092,1027,956,71
S01002093,990,950,40
S01002094,717,677,40
S01002095,581,565,16
S01002096,1441,1421,20
S01002097,782,739,43
S01002098,724,678,46
S01002099,853,837,16
S01002100,564,543,21
S01002101,1119,1051,68
S01002102,628,585,43
S01002103,616,596,20
S01002104,1429,1333,96
S01002105,978,957,21
S01002106,955,931,24
S01002107,507,489,18
S01002108,1200,1174,26
S01002109,936,909,27
S01002110,692,677,15
S01002111,1045,1017,28
S01002112,1098,1065,33
S01002113,742,722,20
S01002114,697,689,8
S01002115,1079,1061,18
S01002116,890,854,36
S01002117,732,690,42
S01002118,1164,1090,74
S01002119,594,571,23
S01002120,715,697,18
S01002121,651,619,32
S01002122,965,920,45
S01002123,997,973,24
S01002124,957,927,30
S01002125,1102,1050,52
S01002126,601,584,17
S01002127,728,692,36
S01002128,771,760,11
S01002129,1025,953,72
S01002130,553,538,15
S01002131,821,799,22
S01002132,802,774,28
S01002133,998,980,18
S01002134,590,576,14
S01002135,868,852,16
S01002136,780,758,22
S01002137,859,820,39
S01002138,722,676,46
S01002139,675,659,16
S01002140,803,747,56
S01002141,730,706,24
S01002142,1088,1056,32
S01002143,731,698,33
S01002144,706,691,15
S01002145,1002,986,16
S01002146,1000,965,35
S01002147,903,823,80
S01002148,888,876,12
S01002149,1018,939,79
S01002150,703,688,15
S01002151,1544,1475,69
S01002152,843,825,18
S01002153,501,487,14
S01002154,822,761,61
S01002155,946,872,74
S01002156,727,716,11
S01002157,765,754,11
S01002158,800,784,16
S01002159,714,678,36
S01002160,891,831,60
S01002161,779,763,16
S01002162,1010,965,45
S01002163,1050,1009,41
S01002164,804,761,43
S01002165,878,859,19
S01002166,818,808,10
S01002167,622,566,56
S01002168,1022,985,37
S01002169,850,835,15
S01002170,880,799,81
S01002171,603,572,31
S01002172,704,673,31
S01002173,971,930,41
S01002174,882,853,29
S01002175,990,967,23
S01002176,765,727,38
S01002177,798,782,16
S01002178,877,851,26
S01002179,667,646,21
S01002180,585,578,7
S01002181,793,761,32
S01002182,772,754,18
S01002183,860,826,34
S01002184,763,746,17
S01002185,941,878,63
S01002186,733,728,5
S01002187,910,898,12
S01002188,770,752,18
S01002189,663,632,31
S01002190,844,828,16
S01002191,787,703,84
S01002192,876,828,48
S01002193,910,887,23
S01002194,816,768,48
S01002195,1113,1081,32
S01002196,637,622,15
S01002197,685,646,39
S01002198,792,753,39
S01002199,821,805,16
S01002200,1096,1076,20
S01002201,1060,1038,22
S01002202,853,840,13
S01002203,471,463,8
S01002204,708,644,64
S01002205,733,705,28
S01002206,1019,998,21
S01002207,812,785,27
S01002208,680,669,11
S01002209,936,905,31
S01002210,552,540,12
S01002211,638,546,92
S01002212,1126,1028,98
S01002213,824,801,23
S01002214,764,751,13
S01002215,1135,1080,55
S01002216,1700,1646,54
S01002217,1275,1190,85
S01002218,562,550,12
S01002219,689,672,17
S01002220,782,762,20
S01002221,958,920,38
S01002222,870,851,19
S01002223,717,690,27
S01002224,912,889,23
S01002225,991,966,25
S01002226,1074,1055,19
S01002227,823,733,90
S01002228,983,950,33
S01002229,720,705,15
S01002230,1027,1001,26
S01002231,1166,1148,18
S01002232,846,785,61
S01002233,952,897,55
S01002234,787,746,41
S01002235,1009,978,31
S01002236,948,897,51
S01002237,1346,1300,46
S01002238,564,497,67
S01002239,949,865,84
S01002240,970,911,59
S01002241,1019,956,63
S01002242,797,778,19
S01002243,842,819,23
S01002244,926,894,32
S01002245,2145,2102,43
S01002246,947,897,50
S01002247,843,778,65
S01002248,1130,1105,25
S01002249,968,902,66
S01002250,925,902,23
S01002251,888,878,10
S01002252,755,727,28
S01002253,962,905,57
S01002254,908,872,36
S01002255,1690,1606,84
S01002256,1134,1114,20
S01002257,714,689,25
S01002258,888,818,70
S01002259,542,518,24
S01002260,870,858,12
S01002261,1057,1025,32
S01002262,807,781,26
S01002263,833,812,21
S01002264,852,828,24
S01002265,1661,1576,85
S01002266,749,712,37
S01002267,1073,1006,67
S01002268,750,735,15
S01002269,989,958,31
S01002270,1718,1655,63
S01002271,813,780,33
S01002272,775,763,12
S01002273,782,745,37
S01002274,1287,1219,68
S01002275,1478,1397,81
S01002276,884,871,13
S01002277,929,871,58
S01002278,1116,1047,69
S01002279,1505,1404,101
S01002280,792,764,28
S01002281,647,593,54
S01002282,266,235,31
S01002283,715,692,23
S01002284,2078,2011,67
S01002285,998,945,53
S01002286,756,727,29
S01002287,692,675,17
S01002288,1345,1309,36
S01002289,1223,1153,70
S01002290,1000,958,42
S01002291,762,674,88
S01002292,1119,1056,63
S01002293,797,775,22
S01002294,675,656,19
S01002295,727,703,24
S01002297,868,812,56
S01002298,712,699,13
S01002299,781,750,31
S01002300,774,761,13
S01002301,2097,2013,84
S01002302,982,921,61
S01002303,785,720,65
S01002304,1693,1648,45
S01002305,863,767,96
S01002306,477,466,11
S01002307,1086,1050,36
S01002308,961,935,26
S01002309,749,702,47
S01002310,1014,899,115
S01002311,881,862,19
S01002312,690,629,61
S01002313,734,726,8
S01002314,884,853,31
S01002315,569,551,18
S01002316,732,714,18
S01002317,3728,3595,133
S01002318,901,849,52
S01002319,1094,999,95
S01002320,619,597,22
S01002321,1128,1046,82
S01002322,664,629,35
S01002323,785,748,37
S01002324,755,681,74
S01002325,1784,1687,97
S01002326,1025,955,70
S01002327,827,804,23
S01002328,730,712,18
S01002329,680,666,14
S01002330,766,725,41
S01002331,701,664,37
S01002332,870,860,10
S01002333,752,739,13
S01002334,961,940,21
S01002335,916,886,30
S01002336,1021,1004,17
S01002337,893,869,24
S01002338,476,445,31
S01002339,621,600,21
S01002340,643,622,21
S01002341,530,513,17
S01002342,622,590,32
S01002343,745,722,23
S01002344,519,498,21
S01002345,811,781,30
S01002346,888,860,28
S01002347,731,709,22
S01002348,936,898,38
S01002349,980,930,50
S01002350,918,883,35
S01002351,773,728,45
S01002352,892,838,54
S01002353,837,799,38
S01002354,872,835,37
S01002355,849,806,43
S01002356,872,813,59
S01002357,625,577,48
S01002358,496,470,26
S01002359,869,808,61
S01002360,653,615,38
S01002361,654,607,47
S01002362,805,770,35
S01002363,1090,1039,51
S01002364,661,625,36
S01002365,616,586,30
S01002366,893,867,26
S01002367,1074,1028,46
S01002368,930,882,48
S01002369,621,584,37
S01002370,733,702,31
S01002371,709,675,34
S01002372,761,728,33
S01002373,660,633,27
S01002374,795,755,40
S01002375,892,832,60
S01002376,892,840,52
S01002377,871,805,66
S01002378,512,486,26
S01002379,1164,1115,49
S01002380,810,773,37
S01002381,895,855,40
S01002382,633,556,77
S01002383,525,520,5
S01002384,520,494,26
S01002385,776,710,66
S01002386,1002,959,43
S01002387,726,691,35
S01002388,737,720,17
S01002389,693,676,17
S01002390,1156,1123,33
S01002391,1456,1430,26
S01002392,1884,1838,46
S01002393,1027,999,28
S01002394,797,752,45
S01002395,730,699,31
S01002396,693,663,30
S01002397,1752,1710,42
S01002398,760,735,25
S01002399,984,916,68
S01002400,807,786,21
S01002401,1141,1127,14
S01002402,817,760,57
S01002403,743,706,37
S01002404,1010,961,49
S01002405,702,680,22
S01002406,894,839,55
S01002407,683,651,32
S01002408,829,759,70
S01002409,656,628,28
S01002410,498,488,10
S01002411,2706,2643,63
S01002412,918,883,35
S01002413,628,603,25
S01002414,623,569,54
S01002415,721,670,51
S01002416,572,551,21
S01002417,631,601,30
S01002418,886,831,55
S01002419,554,546,8
S01002420,651,581,70
S01002421,814,783,31
S01002422,548,536,12
S01002423,890,821,69
S01002424,838,798,40
S01002425,916,852,64
S01002426,667,609,58
S01002427,821,776,45
S01002428,536,481,55
S01002429,747,607,140
S01002430,669,633,36
S01002431,859,794,65
S01002432,1456,1411,45
S01002433,558,530,28
S01002434,926,859,67
S01002435,664,636,28
S01002436,761,668,93
S01002437,799,759,40
S01002438,677,640,37
S01002439,742,701,41
S01002440,867,815,52
S01002441,634,616,18
S01002442,472,447,25
S01002443,630,589,41
S01002444,511,461,50
S01002445,911,848,63
S01002446,972,931,41
S01002447,694,662,32
S01002448,548,514,34
S01002449,645,626,19
S01002450,709,655,54
S01002451,1003,936,67
S01002452,538,499,39
S01002453,688,656,32
S01002454,725,707,18
S01002455,553,525,28
S01002456,1022,938,84
S01002457,750,705,45
S01002458,931,847,84
S01002459,501,459,42
S01002460,839,756,83
S01002461,478,476,2
S01002462,700,640,60
S01002463,895,823,72
S01002464,574,543,31
S01002465,712,689,23
S01002466,1010,950,60
S01002467,488,461,27
S01002468,674,614,60
S01002469,638,595,43
S01002470,833,763,70
S01002471,556,515,41
S01002472,581,542,39
S01002473,921,864,57
S01002474,406,373,33
S01002475,550,517,33
S01002476,861,840,21
S01002477,813,758,55
S01002478,895,847,48
S01002479,720,668,52
S01002480,536,493,43
S01002481,934,871,63
S01002482,1021,955,66
S01002483,672,625,47
S01002484,810,757,53
S01002485,830,798,32
S01002486,604,554,50
S01002487,481,442,39
S01002488,647,586,61
S01002489,600,525,75
S01002490,568,524,44
S01002491,476,424,52
S01002492,942,911,31
S01002493,920,875,45
S01002494,627,605,22
S01002495,627,571,56
S01002496,1243,1186,57
S01002497,824,732,92
S01002498,631,621,10
S01002499,909,794,115
S01002500,567,510,57
S01002501,478,443,35
S01002502,822,741,81
S01002503,684,641,43
S01002504,1387,1317,70
S01002505,738,680,58
S01002506,810,776,34
S01002507,589,541,48
S01002508,869,833,36
S01002509,1149,1100,49
S01002510,958,908,50
S01002511,483,459,24
S01002512,633,599,34
S01002513,1685,1637,48
S01002514,532,501,31
S01002515,602,554,48
S01002516,787,742,45
S01002517,583,552,31
S01002518,1069,1035,34
S01002519,806,722,84
S01002520,592,549,43
S01002521,583,546,37
S01002522,733,708,25
S01002523,682,663,19
S01002524,566,540,26
S01002525,686,640,46
S01002526,527,511,16
S01002527,822,800,22
S01002528,807,773,34
S01002529,1147,1074,73
S01002530,647,606,41
S01002531,811,752,59
S01002532,693,647,46
S01002533,819,771,48
S01002534,935,859,76
S01002535,901,873,28
S01002536,626,587,39
S01002537,554,499,55
S01002538,927,897,30
S01002539,781,712,69
S01002540,555,515,40
S01002541,1917,1839,78
S01002542,684,656,28
S01002543,532,480,52
S01002544,857,818,39
S01002545,786,721,65
S01002546,796,747,49
S01002547,786,762,24
S01002548,1047,988,59
S01002549,570,549,21
S01002550,464,453,11
S01002551,551,517,34
S01002552,583,548,35
S01002553,755,719,36
S01002554,632,619,13
S01002555,740,700,40
S01002556,752,705,47
S01002557,775,725,50
S01002558,530,484,46
S01002559,612,595,17
S01002560,619,588,31
S01002561,775,734,41
S01002562,607,577,30
S01002563,1024,982,42
S01002564,560,547,13
S01002565,848,809,39
S01002566,670,648,22
S01002567,2509,2472,37
S01002568,792,758,34
S01002569,1421,1366,55
S01002570,663,628,35
S01002571,713,656,57
S01002572,564,541,23
S01002573,512,488,24
S01002574,816,759,57
S01002575,1284,1257,27
S01002576,703,684,19
S01002577,989,938,51
S01002578,736,715,21
S01002579,943,900,43
S01002580,767,719,48
S01002581,777,770,7
S01002582,691,638,53
S01002583,994,954,40
S01002584,1566,1523,43
S01002585,824,770,54
S01002586,509,481,28
S01002587,688,666,22
S01002588,705,685,20
S01002589,754,740,14
S01002590,677,652,25
S01002591,577,539,38
S01002592,853,783,70
S01002593,797,751,46
S01002594,695,687,8
S01002595,656,626,30
S01002596,681,660,21
S01002597,521,504,17
S01002598,975,931,44
S01002599,526,496,30
S01002600,1038,1018,20
S01002601,628,595,33
S01002602,519,502,17
S01002603,708,646,62
S01002604,944,905,39
S01002605,598,568,30
S01002606,581,552,29
S01002607,833,790,43
S01002608,539,526,13
S01002609,760,700,60
S01002610,838,788,50
S01002611,860,825,35
S01002612,829,803,26
S01002613,848,809,39
S01002614,912,887,25
S01002615,444,430,14
S01002616,592,580,12
S01002617,931,845,86
S01002618,856,813,43
S01002619,768,734,34
S01002620,865,805,60
S01002621,593,579,14
S01002622,8698,8599,99
S01002623,1613,1596,17
S01002624,691,678,13
S01002625,866,841,25
S01002626,753,696,57
S01002627,979,953,26
S01002628,822,794,28
S01002629,835,802,33
S01002630,687,651,36
S01002631,737,706,31
S01002632,574,546,28
S01002633,942,905,37
S01002634,793,769,24
S01002635,572,557,15
S01002636,609,592,17
S01002637,742,694,48
S01002638,743,675,68
S01002639,932,872,60
S01002640,697,669,28
S01002641,906,891,15
S01002642,646,598,48
S01002643,542,500,42
S01002644,667,638,29
S01002645,630,577,53
S01002646,650,624,26
S01002647,898,792,106
S01002648,1143,1110,33
S01002649,596,554,42
S01002650,646,625,21
S01002651,583,543,40
S01002652,650,619,31
S01002653,738,692,46
S01002654,748,690,58
S01002655,853,799,54
S01002656,725,651,74
S01002657,812,782,30
S01002658,1247,1203,44
S01002659,871,837,34
S01002660,772,727,45
S01002661,840,803,37
S01002662,1430,1375,55
S01002663,756,747,9
S01002664,847,830,17
S01002665,792,744,48
S01002666,1304,1236,68
S01002667,636,591,45
S01002668,471,445,26
S01002669,986,940,46
S01002670,619,602,17
S01002671,1018,978,40
S01002672,658,614,44
S01002673,510,489,21
S01002674,791,761,30
S01002675,903,871,32
S01002676,787,742,45
S01002677,967,888,79
S01002678,922,884,38
S01002679,971,882,89
S01002680,1094,1042,52
S01002681,713,649,64
S01002682,546,506,40
S01002683,578,555,23
S01002684,736,689,47
S01002685,845,776,69
S01002686,1683,1644,39
S01002687,1229,1178,51
S01002688,611,596,15
S01002689,826,809,17
S01002690,579,555,24
S01002691,1494,1397,97
S01002692,828,801,27
S01002693,506,493,13
S01002694,704,661,43
S01002695,627,582,45
S01002696,702,664,38
S01002697,889,850,39
S01002698,780,739,41
S01002699,511,482,29
S01002700,892,840,52
S01002701,885,853,32
S01002702,595,543,52
S01002703,1287,1228,59
S01002704,634,600,34
S01002705,665,612,53
S01002706,900,867,33
S01002707,877,821,56
S01002708,1002,944,58
S01002709,902,857,45
S01002710,801,757,44
S01002711,875,806,69
S01002712,665,617,48
S01002713,659,566,93
S01002714,939,884,55
S01002715,848,775,73
S01002716,527,514,13
S01002717,822,788,34
S01002718,853,783,70
S01002719,740,691,49
S01002720,707,684,23
S01002721,816,740,76
S01002722,846,799,47
S01002723,698,622,76
S01002724,776,718,58
S01002725,868,819,49
S01002726,744,704,40
S01002727,947,927,20
S01002728,934,871,63
S01002729,871,859,12
S01002730,832,795,37
S01002731,786,735,51
S01002732,642,623,19
S01002733,650,624,26
S01002734,1080,988,92
S01002735,1170,1094,76
S01002736,682,632,50
S01002737,724,704,20
S01002738,705,681,24
S01002739,773,734,39
S01002740,528,514,14
S01002741,922,890,32
S01002742,789,750,39
S01002743,675,617,58
S01002744,576,552,24
S01002745,601,552,49
S01002746,796,755,41
S01002747,532,501,31
S01002748,639,600,39
S01002749,695,657,38
S01002750,935,872,63
S01002751,1015,962,53
S01002752,528,480,48
S01002753,643,622,21
S01002754,578,534,44
S01002755,817,761,56
S01002756,785,727,58
S01002757,569,527,42
S01002758,677,630,47
S01002759,1042,979,63
S01002760,486,440,46
S01002761,783,711,72
S01002762,588,522,66
S01002763,823,765,58
S01002764,584,524,60
S01002765,856,780,76
S01002766,815,754,61
S01002767,975,931,44
S01002768,785,743,42
S01002769,729,696,33
S01002770,539,505,34
S01002771,735,668,67
S01002772,989,922,67
S01002773,866,803,63
S01002774,778,726,52
S01002775,756,694,62
S01002776,1020,981,39
S01002777,1023,917,106
S01002778,753,666,87
S01002779,630,577,53
S01002780,876,817,59
S01002781,883,805,78
S01002782,779,681,98
S01002783,1527,1447,80
S01002784,559,528,31
S01002785,722,677,45
S01002786,846,817,29
S01002787,673,628,45
S01002788,837,801,36
S01002789,700,683,17
S01002790,776,703,73
S01002791,632,578,54
S01002792,1975,1885,90
S01002793,705,630,75
S01002794,929,854,75
S01002795,597,582,15
S01002796,591,548,43
S01002797,771,753,18
S01002798,574,536,38
S01002799,608,557,51
S01002800,706,691,15
S01002801,923,841,82
S01002802,575,552,23
S01002803,810,760,50
S01002804,551,503,48
S01002805,872,791,81
S01002806,2516,2447,69
S01002807,672,601,71
S01002808,836,780,56
S01002809,672,608,64
S01002810,918,844,74
S01002811,965,897,68
S01002812,616,559,57
S01002813,737,680,57
S01002814,876,822,54
S01002815,704,622,82
S01002816,666,622,44
S01002817,543,499,44
S01002818,616,572,44
S01002819,774,710,64
S01002820,826,769,57
S01002821,1165,1099,66
S01002822,817,725,92
S01002823,729,669,60
S01002824,804,771,33
S01002825,777,717,60
S01002826,495,454,41
S01002827,660,614,46
S01002828,856,789,67
S01002829,797,723,74
S01002830,623,545,78
S01002831,1114,1056,58
S01002832,771,730,41
S01002833,1022,984,38
S01002834,792,726,66
S01002835,682,625,57
S01002836,523,496,27
S01002837,572,509,63
S01002838,531,463,68
S01002839,633,574,59
S01002840,681,617,64
S01002841,1161,1137,24
S01002842,558,509,49
S01002843,802,711,91
S01002844,562,526,36
S01002845,841,780,61
S01002846,1059,1013,46
S01002847,890,832,58
S01002848,812,767,45
S01002849,969,915,54
S01002850,842,766,76
S01002851,448,420,28
S01002852,1006,950,56
S01002853,456,415,41
S01002854,825,760,65
S01002855,601,539,62
S01002856,717,662,55
S01002857,537,516,21
S01002858,678,651,27
S01002859,811,744,67
S01002860,1070,1028,42
S01002861,882,845,37
S01002862,588,554,34
S01002863,737,683,54
S01002864,643,603,40
S01002865,954,912,42
S01002866,1030,953,77
S01002867,515,492,23
S01002868,743,669,74
S01002869,563,529,34
S01002870,897,835,62
S01002871,626,586,40
S01002872,663,597,66
S01002873,736,679,57
S01002874,767,718,49
S01002875,536,504,32
S01002876,686,645,41
S01002877,748,688,60
S01002878,533,507,26
S01002879,812,762,50
S01002880,510,484,26
S01002881,912,862,50
S01002882,770,691,79
S01002883,1062,971,91
S01002884,793,751,42
S01002885,1271,1217,54
S01002886,815,752,63
S01002887,596,551,45
S01002888,468,439,29
S01002889,857,804,53
S01002890,673,638,35
S01002891,743,708,35
S01002892,649,602,47
S01002893,1127,1070,57
S01002894,815,773,42
S01002895,595,553,42
S01002896,681,643,38
S01002897,586,515,71
S01002898,982,915,67
S01002899,528,516,12
S01002900,675,636,39
S01002901,788,735,53
S01002902,732,689,43
S01002903,852,782,70
S01002904,707,685,22
S01002905,735,708,27
S01002906,807,761,46
S01002907,606,569,37
S01002908,773,746,27
S01002909,763,732,31
S01002910,1037,963,74
S01002911,846,781,65
S01002912,1349,1312,37
S01002913,740,708,32
S01002914,634,576,58
S01002915,892,828,64
S01002916,728,631,97
S01002917,584,557,27
S01002918,723,673,50
S01002919,875,820,55
S01002920,569,527,42
S01002921,647,612,35
S01002922,480,449,31
S01002923,625,595,30
S01002924,649,616,33
S01002925,1445,1372,73
S01002926,765,719,46
S01002927,765,696,69
S01002928,530,511,19
S01002929,738,682,56
S01002930,560,539,21
S01002931,912,845,67
S01002932,680,655,25
S01002933,796,753,43
S01002934,837,769,68
S01002935,920,874,46
S01002936,770,743,27
S01002937,477,455,22
S01002938,789,734,55
S01002939,535,516,19
S01002940,609,560,49
S01002941,918,871,47
S01002942,430,418,12
S01002943,677,653,24
S01002944,1160,1096,64
S01002945,562,538,24
S01002946,1089,1055,34
S01002947,626,614,12
S01002948,777,748,29
S01002949,534,509,25
S01002950,771,737,34
S01002951,922,893,29
S01002952,578,548,30
S01002953,890,845,45
S01002954,833,806,27
S01002955,1125,1081,44
S01002956,758,711,47
S01002957,882,858,24
S01002958,572,548,24
S01002959,953,920,33
S01002960,623,606,17
S01002961,810,768,42
S01002962,644,606,38
S01002963,807,756,51
S01002964,638,622,16
S01002965,895,873,22
S01002966,681,627,54
S01002967,875,834,41
S01002968,1438,1371,67
S01002969,1002,964,38
S01002970,624,609,15
S01002971,1243,1199,44
S01002972,1123,1073,50
S01002973,865,820,45
S01002974,1085,1060,25
S01002975,605,578,27
S01002976,904,850,54
S01002977,708,677,31
S01002978,1062,1020,42
S01002979,723,700,23
S01002980,745,709,36
S01002981,727,702,25
S01002982,620,600,20
S01002983,797,739,58
S01002984,726,702,24
S01002985,585,569,16
S01002986,731,703,28
S01002987,1009,975,34
S01002988,702,675,27
S01002989,980,936,44
S01002990,680,668,12
S01002991,1232,1212,20
S01002992,799,778,21
S01002993,703,687,16
S01002994,1134,1112,22
S01002995,580,574,6
S01002996,2672,2649,23
S01002997,772,755,17
S01002998,817,792,25
S01002999,1042,1026,16
S01003000,672,646,26
S01003001,591,567,24
S01003002,899,845,54
S01003003,592,570,22
S01003004,420,407,13
S01003005,557,539,18
S01003006,1078,1052,26
S01003007,782,762,20
S01003008,946,935,11
S01003009,541,517,24
S01003010,698,677,21
S01003011,764,748,16
S01003012,946,923,23
S01003013,634,623,11
S01003014,665,649,16
S01003015,740,714,26
S01003016,459,447,12
S01003017,715,689,26
S01003018,852,818,34
S01003019,823,783,40
S01003020,679,646,33
S01003021,673,648,25
S01003022,954,912,42
S01003023,703,665,38
S01003024,656,624,32
S01003025,857,824,33
S01003026,848,782,66
S01003027,1030,987,43
S01003028,800,662,138
S01003029,1093,964,129
S01003030,1340,1216,124
S01003032,584,505,79
S01003033,490,430,60
S01003034,910,864,46
S01003035,1019,887,132
S01003036,926,745,181
S01003037,2167,2116,51
S01003038,888,844,44
S01003039,893,805,88
S01003040,880,765,115
S01003041,711,676,35
S01003042,615,560,55
S01003043,579,513,66
S01003044,1339,1171,168
S01003045,926,829,97
S01003046,756,699,57
S01003047,946,851,95
S01003048,497,424,73
S01003049,552,455,97
S01003050,718,686,32
S01003051,1121,1013,108
S01003052,695,597,98
S01003053,1019,940,79
S01003054,808,748,60
S01003055,841,718,123
S01003056,934,873,61
S01003057,673,642,31
S01003058,1243,1161,82
S01003059,902,873,29
S01003060,1030,934,96
S01003061,776,745,31
S01003062,827,779,48
S01003063,800,771,29
S01003064,837,708,129
S01003065,991,929,62
S01003066,802,778,24
S01003067,608,575,33
S01003068,801,768,33
S01003069,567,517,50
S01003070,799,720,79
S01003071,657,637,20
S01003072,1022,907,115
S01003073,725,692,33
S01003074,727,705,22
S01003075,744,691,53
S01003076,901,797,104
S01003077,963,870,93
S01003078,674,611,63
S01003079,925,890,35
S01003080,826,786,40
S01003081,1033,1001,32
S01003082,1164,1060,104
S01003083,1223,1104,119
S01003084,822,694,128
S01003085,975,934,41
S01003086,636,617,19
S01003087,653,632,21
S01003088,1195,1079,116
S01003089,733,705,28
S01003090,750,697,53
S01003091,575,551,24
S01003092,815,746,69
S01003093,968,873,95
S01003094,1010,954,56
S01003095,769,753,16
S01003096,702,667,35
S01003097,277,236,41
S01003098,1174,1104,70
S01003099,548,486,62
S01003100,821,769,52
S01003101,524,463,61
S01003102,733,698,35
S01003103,730,699,31
S01003104,938,793,145
S01003105,798,758,40
S01003106,733,705,28
S01003107,756,674,82
S01003108,748,698,50
S01003109,915,889,26
S01003110,760,745,15
S01003111,802,680,122
S01003112,959,921,38
S01003113,712,687,25
S01003114,843,808,35
S01003115,1065,1026,39
S01003116,874,807,67
S01003117,776,732,44
S01003118,531,475,56
S01003119,616,595,21
S01003120,1498,1455,43
S01003121,867,753,114
S01003122,724,641,83
S01003123,885,828,57
S01003124,829,805,24
S01003125,850,824,26
S01003126,157,122,35
S01003127,779,740,39
S01003128,730,652,78
S01003129,1130,1065,65
S01003130,781,744,37
S01003131,864,837,27
S01003132,768,678,90
S01003133,1355,1288,67
S01003134,748,667,81
S01003135,742,655,87
S01003136,964,931,33
S01003137,773,738,35
S01003138,1028,876,152
S01003139,1016,987,29
S01003140,963,873,90
S01003141,751,733,18
S01003142,945,825,120
S01003143,854,801,53
S01003144,896,803,93
S01003145,624,525,99
S01003146,658,631,27
S01003147,833,742,91
S01003148,686,611,75
S01003149,855,799,56
S01003150,725,633,92
S01003151,806,709,97
S01003152,914,820,94
S01003153,709,682,27
S01003154,957,898,59
S01003155,1358,1325,33
S01003156,834,800,34
S01003157,1099,1040,59
S01003158,618,549,69
S01003159,188,158,30
S01003160,664,593,71
S01003161,629,562,67
S01003162,614,527,87
S01003163,709,685,24
S01003164,823,788,35
S01003165,940,861,79
S01003166,627,613,14
S01003167,962,870,92
S01003168,831,801,30
S01003169,2517,2383,134
S01003170,985,936,49
S01003171,719,692,27
S01003172,749,724,25
S01003173,532,518,14
S01003174,814,748,66
S01003175,823,723,100
S01003176,849,806,43
S01003177,1014,969,45
S01003178,896,810,86
S01003179,719,680,39
S01003180,665,629,36
S01003181,894,789,105
S01003182,801,725,76
S01003183,667,643,24
S01003184,848,737,111
S01003185,626,537,89
S01003186,861,830,31
S01003187,1027,994,33
S01003188,976,899,77
S01003189,837,788,49
S01003190,724,612,112
S01003191,553,478,75
S01003192,779,722,57
S01003193,1691,1636,55
S01003194,725,614,111
S01003195,777,720,57
S01003196,984,954,30
S01003197,799,757,42
S01003198,968,841,127
S01003199,951,889,62
S01003200,734,660,74
S01003201,247,209,38
S01003202,1040,910,130
S01003203,876,789,87
S01003204,945,861,84
S01003205,747,629,118
S01003206,796,683,113
S01003207,815,774,41
S01003208,1249,1096,153
S01003209,572,514,58
S01003210,962,920,42
S01003211,899,821,78
S01003212,692,648,44
S01003213,552,502,50
S01003214,716,624,92
S01003215,904,837,67
S01003216,690,632,58
S01003217,707,587,120
S01003218,685,637,48
S01003219,746,662,84
S01003220,813,776,37
S01003221,918,862,56
S01003222,824,785,39
S01003223,873,749,124
S01003224,651,627,24
S01003225,668,561,107
S01003226,753,626,127
S01003227,1617,1535,82
S01003228,1260,1142,118
S01003229,910,875,35
S01003230,907,827,80
S01003231,878,765,113
S01003232,923,839,84
S01003233,923,866,57
S01003234,896,853,43
S01003235,796,710,86
S01003236,705,660,45
S01003237,915,788,127
S01003238,710,666,44
S01003239,1008,924,84
S01003240,705,671,34
S01003241,780,709,71
S01003242,1048,964,84
S01003243,865,786,79
S01003244,983,851,132
S01003245,1195,1004,191
S01003246,941,731,210
S01003247,781,692,89
S01003248,1137,996,141
S01003249,733,664,69
S01003250,608,543,65
S01003251,828,656,172
S01003252,573,539,34
S01003253,993,841,152
S01003254,550,443,107
S01003255,901,814,87
S01003256,1436,1317,119
S01003257,797,755,42
S01003258,760,726,34
S01003259,1156,1087,69
S01003260,701,665,36
S01003261,926,881,45
S01003262,700,636,64
S01003263,1028,891,137
S01003264,635,571,64
S01003265,664,602,62
S01003266,739,621,118
S01003267,967,819,148
S01003268,1719,1601,118
S01003269,908,793,115
S01003270,770,681,89
S01003271,1836,1720,116
S01003272,1610,1422,188
S01003273,703,585,118
S01003274,583,473,110
S01003275,1024,881,143
S01003276,727,688,39
S01003277,614,530,84
S01003278,840,782,58
S01003279,404,352,52
S01003280,913,834,79
S01003281,502,452,50
S01003282,755,725,30
S01003283,687,642,45
S01003284,935,829,106
S01003285,416,383,33
S01003286,984,862,122
S01003287,613,579,34
S01003288,699,673,26
S01003289,407,367,40
S01003290,848,764,84
S01003291,767,646,121
S01003292,735,696,39
S01003293,807,678,129
S01003294,734,628,106
S01003295,974,907,67
S01003296,807,698,109
S01003297,548,467,81
S01003298,1003,921,82
S01003299,451,397,54
S01003300,869,798,71
S01003301,765,681,84
S01003302,687,589,98
S01003303,2392,2324,68
S01003304,724,691,33
S01003305,753,706,47
S01003306,924,796,128
S01003307,1063,915,148
S01003308,854,759,95
S01003309,953,806,147
S01003310,744,658,86
S01003311,696,667,29
S01003312,582,526,56
S01003313,1126,973,153
S01003314,648,546,102
S01003315,711,659,52
S01003316,594,553,41
S01003317,646,600,46
S01003318,744,701,43
S01003320,530,513,17
S01003321,692,629,63
S01003322,796,732,64
S01003323,752,715,37
S01003324,449,405,44
S01003325,779,751,28
S01003326,855,765,90
S01003327,605,566,39
S01003328,1035,986,49
S01003329,809,734,75
S01003330,939,915,24
S01003331,642,525,117
S01003332,416,358,58
S01003333,919,772,147
S01003334,1006,906,100
S01003335,650,576,74
S01003336,969,827,142
S01003337,1383,1222,161
S01003338,882,804,78
S01003339,770,723,47
S01003340,995,861,134
S01003341,949,919,30
S01003342,718,626,92
S01003343,733,658,75
S01003344,479,451,28
S01003345,967,888,79
S01003346,866,755,111
S01003347,952,783,169
S01003348,1014,944,70
S01003349,1367,1230,137
S01003350,893,827,66
S01003351,1109,964,145
S01003352,1168,1013,155
S01003353,735,638,97
S01003354,612,501,111
S01003355,1054,920,134
S01003356,859,764,95
S01003357,369,328,41
S01003358,1861,1779,82
S01003359,974,937,37
S01003360,730,663,67
S01003361,713,593,120
S01003362,728,647,81
S01003363,768,647,121
S01003364,671,608,63
S01003365,734,657,77
S01003366,740,720,20
S01003367,1213,1041,172
S01003368,2295,2226,69
S01003369,625,515,110
S01003370,771,735,36
S01003371,668,643,25
S01003372,799,706,93
S01003373,2232,2080,152
S01003374,492,437,55
S01003375,961,864,97
S01003376,526,459,67
S01003377,735,622,113
S01003378,841,753,88
S01003379,678,595,83
S01003380,1291,1246,45
S01003381,728,648,80
S01003382,1603,1522,81
S01003383,913,787,126
S01003384,965,837,128
S01003385,834,789,45
S01003386,689,596,93
S01003387,793,705,88
S01003388,1038,878,160
S01003389,1019,934,85
S01003390,1218,1084,134
S01003391,716,625,91
S01003392,826,773,53
S01003393,883,736,147
S01003394,637,551,86
S01003395,644,607,37
S01003396,814,726,88
S01003397,1045,919,126
S01003398,793,704,89
S01003399,1873,1805,68
S01003400,744,642,102
S01003401,846,729,117
S01003402,949,829,120
S01003403,1144,1070,74
S01003404,569,460,109
S01003405,733,617,116
S01003406,691,634,57
S01003407,851,759,92
S01003408,650,599,51
S01003409,1535,1442,93
S01003410,1452,1394,58
S01003411,757,673,84
S01003412,862,761,101
S01003413,741,650,91
S01003414,442,371,71
S01003415,1269,1155,114
S01003416,845,697,148
S01003417,940,875,65
S01003418,920,761,159
S01003419,959,846,113
S01003420,464,356,108
S01003421,923,786,137
S01003422,790,686,104
S01003423,779,761,18
S01003424,974,902,72
S01003425,838,807,31
S01003426,1019,919,100
S01003427,941,803,138
S01003428,843,734,109
S01003429,1525,1505,20
S01003430,783,760,23
S01003431,696,577,119
S01003432,880,864,16
S01003433,1165,1145,20
S01003434,805,661,144
S01003435,731,640,91
S01003436,555,510,45
S01003437,816,802,14
S01003438,1411,1373,38
S01003439,1153,934,219
S01003440,480,425,55
S01003441,1339,1235,104
S01003442,1013,916,97
S01003443,970,869,101
S01003444,777,665,112
S01003445,1074,958,116
S01003446,452,431,21
S01003447,2551,2451,100
S01003448,705,620,85
S01003449,831,787,44
S01003450,976,888,88
S01003451,916,851,65
S01003452,1407,1276,131
S01003453,1317,1282,35
S01003454,664,630,34
S01003455,795,683,112
S01003456,255,205,50
S01003457,1005,875,130
S01003458,1016,884,132
S01003459,890,810,80
S01003460,1057,998,59
S01003461,764,682,82
S01003462,551,488,63
S01003463,692,637,55
S01003464,974,939,35
S01003465,2510,2432,78
S01003466,787,718,69
S01003467,714,614,100
S01003468,839,797,42
S01003469,1016,909,107
S01003470,1139,1071,68
S01003471,776,700,76
S01003472,816,744,72
S01003473,969,838,131
S01003474,690,670,20
S01003475,845,768,77
S01003476,1136,1084,52
S01003477,1076,1026,50
S01003478,814,767,47
S01003479,844,790,54
S01003480,834,743,91
S01003481,1033,961,72
S01003482,669,576,93
S01003483,533,461,72
S01003484,1127,1089,38
S01003485,890,876,14
S01003486,1033,932,101
S01003487,1075,1011,64
S01003488,695,571,124
S01003489,1397,1239,158
S01003490,625,539,86
S01003491,85,79,6
S01003492,1077,1000,77
S01003493,831,750,81
S01003494,815,731,84
S01003495,936,845,91
S01003496,999,955,44
S01003497,964,933,31
S01003498,1019,937,82
S01003499,1006,940,66
S01003500,676,613,63
S01003501,708,688,20
S01003502,1848,1776,72
S01003503,700,675,25
S01003504,936,910,26
S01003506,1040,1015,25
S01003507,522,509,13
S01003508,807,684,123
S01003509,950,935,15
S01003510,407,378,29
S01003511,1101,1079,22
S01003512,641,550,91
S01003513,730,718,12
S01003514,897,883,14
S01003515,631,536,95
S01003516,667,623,44
S01003517,752,717,35
S01003518,1032,894,138
S01003519,542,478,64
S01003520,717,692,25
S01003521,531,518,13
S01003522,830,808,22
S01003523,657,564,93
S01003524,1072,1046,26
S01003525,1090,1060,30
S01003526,1013,994,19
S01003527,889,862,27
S01003528,516,486,30
S01003529,547,521,26
S01003530,821,804,17
S01003531,778,690,88
S01003532,1088,1034,54
S01003533,340,304,36
S01003534,903,816,87
S01003535,708,647,61
S01003536,1031,1008,23
S01003537,807,727,80
S01003538,630,560,70
S01003539,993,961,32
S01003540,419,337,82
S01003541,935,837,98
S01003542,786,763,23
S01003543,706,643,63
S01003544,529,505,24
S01003545,789,769,20
S01003546,1004,868,136
S01003547,767,738,29
S01003549,800,687,113
S01003550,647,615,32
S01003551,658,575,83
S01003552,1036,1017,19
S01003553,654,553,101
S01003554,761,719,42
S01003555,725,712,13
S01003556,700,677,23
S01003557,783,700,83
S01003558,1036,1018,18
S01003559,978,948,30
S01003560,1264,1224,40
S01003561,1248,1105,143
S01003562,623,559,64
S01003563,530,457,73
S01003564,721,590,131
S01003565,858,723,135
S01003566,725,695,30
S01003567,1036,900,136
S01003568,729,708,21
S01003569,717,701,16
S01003570,736,708,28
S01003571,880,798,82
S01003572,1083,922,161
S01003573,924,796,128
S01003574,1028,999,29
S01003575,854,771,83
S01003576,845,782,63
S01003577,947,857,90
S01003578,217,196,21
S01003579,868,740,128
S01003580,1018,908,110
S01003581,2299,2214,85
S01003582,671,564,107
S01003583,566,489,77
S01003584,803,747,56
S01003585,675,598,77
S01003586,1053,941,112
S01003587,1104,1090,14
S01003588,635,600,35
S01003589,1639,1608,31
S01003590,741,691,50
S01003591,1301,1269,32
S01003592,1423,1287,136
S01003593,634,569,65
S01003594,1013,978,35
S01003595,919,784,135
S01003596,783,671,112
S01003597,714,693,21
S01003598,690,599,91
S01003599,969,864,105
S01003600,842,725,117
S01003601,817,750,67
S01003602,628,562,66
S01003603,864,767,97
S01003604,837,748,89
S01003605,666,594,72
S01003606,885,788,97
S01003607,531,475,56
S01003608,557,510,47
S01003609,1066,1015,51
S01003610,986,915,71
S01003611,850,746,104
S01003612,883,812,71
S01003613,1454,1407,47
S01003614,547,509,38
S01003615,854,783,71
S01003616,869,846,23
S01003617,828,722,106
S01003618,796,737,59
S01003619,816,717,99
S01003620,1025,986,39
S01003621,939,780,159
S01003622,813,722,91
S01003623,915,885,30
S01003624,1555,1325,230
S01003625,350,299,51
S01003626,808,753,55
S01003627,621,537,84
S01003628,739,640,99
S01003629,759,635,124
S01003630,771,677,94
S01003631,1265,1194,71
S01003632,949,911,38
S01003633,1267,1204,63
S01003634,1027,905,122
S01003635,559,512,47
S01003636,923,756,167
S01003637,1048,960,88
S01003638,758,722,36
S01003639,779,673,106
S01003640,962,860,102
S01003641,736,717,19
S01003642,851,726,125
S01003643,682,639,43
S01003644,966,826,140
S01003645,539,479,60
S01003646,899,806,93
S01003647,724,647,77
S01003648,820,787,33
S01003649,967,901,66
S01003650,742,661,81
S01003651,732,636,96
S01003652,733,632,101
S01003653,715,619,96
S01003654,1123,983,140
S01003655,660,580,80
S01003656,878,826,52
S01003657,831,708,123
S01003658,859,780,79
S01003659,756,710,46
S01003660,976,950,26
S01003661,947,906,41
S01003662,642,575,67
S01003663,585,512,73
S01003664,506,445,61
S01003665,645,549,96
S01003666,663,585,78
S01003667,838,753,85
S01003668,783,696,87
S01003669,927,829,98
S01003670,950,842,108
S01003671,666,594,72
S01003672,751,660,91
S01003673,316,255,61
S01003674,783,687,96
S01003675,879,847,32
S01003676,1198,1150,48
S01003677,692,601,91
S01003678,685,615,70
S01003679,1028,890,138
S01003680,623,520,103
S01003681,565,495,70
S01003682,1043,977,66
S01003683,623,543,80
S01003684,794,709,85
S01003685,550,502,48
S01003686,948,871,77
S01003687,657,565,92
S01003688,883,785,98
S01003689,667,604,63
S01003690,942,800,142
S01003691,1028,958,70
S01003692,1022,932,90
S01003693,550,503,47
S01003694,986,914,72
S01003695,1125,1050,75
S01003696,1036,936,100
S01003697,930,892,38
S01003698,1010,930,80
S01003699,938,902,36
S01003700,980,886,94
S01003701,991,842,149
S01003702,822,732,90
S01003703,1052,939,113
S01003704,655,568,87
S01003705,906,818,88
S01003706,749,673,76
S01003707,1078,967,111
S01003708,964,857,107
S01003709,856,728,128
S01003710,1179,1045,134
S01003711,944,843,101
S01003712,928,804,124
S01003713,512,463,49
S01003714,628,576,52
S01003715,803,738,65
S01003716,575,486,89
S01003717,839,733,106
S01003718,749,673,76
S01003719,660,635,25
S01003720,989,937,52
S01003721,814,768,46
S01003722,896,842,54
S01003723,519,501,18
S01003724,769,735,34
S01003725,614,586,28
S01003726,656,640,16
S01003727,748,717,31
S01003728,558,543,15
S01003729,868,825,43
S01003730,644,619,25
S01003731,617,583,34
S01003732,945,891,54
S01003733,870,820,50
S01003734,709,673,36
S01003735,820,773,47
S01003736,799,757,42
S01003737,611,574,37
S01003738,767,745,22
S01003739,531,507,24
S01003740,618,598,20
S01003741,946,912,34
S01003742,711,681,30
S01003743,557,541,16
S01003744,665,645,20
S01003745,806,766,40
S01003746,837,813,24
S01003747,1094,1057,37
S01003748,591,564,27
S01003749,885,854,31
S01003750,715,687,28
S01003751,1108,1075,33
S01003752,913,878,35
S01003753,1105,1069,36
S01003754,848,803,45
S01003755,1626,1574,52
S01003756,905,875,30
S01003757,608,593,15
S01003758,954,914,40
S01003759,628,606,22
S01003760,840,822,18
S01003761,957,930,27
S01003762,1090,1062,28
S01003763,912,853,59
S01003764,878,849,29
S01003765,649,619,30
S01003766,738,712,26
S01003767,812,765,47
S01003768,628,612,16
S01003769,946,903,43
S01003770,819,802,17
S01003771,757,735,22
S01003772,606,581,25
S01003773,692,662,30
S01003774,760,730,30
S01003775,916,886,30
S01003776,700,679,21
S01003777,1114,1078,36
S01003778,3225,3177,48
S01003779,501,485,16
S01003780,1074,1044,30
S01003781,1129,1105,24
S01003782,621,603,18
S01003783,1234,1181,53
S01003784,1655,1614,41
S01003785,809,791,18
S01003786,891,872,19
S01003787,591,572,19
S01003788,708,669,39
S01003789,494,489,5
S01003790,570,541,29
S01003791,824,805,19
S01003792,2286,2244,42
S01003793,542,496,46
S01003794,690,667,23
S01003795,648,638,10
S01003796,673,642,31
S01003797,925,878,47
S01003798,846,829,17
S01003799,756,742,14
S01003800,633,590,43
S01003801,816,782,34
S01003802,781,754,27
S01003803,732,707,25
S01003804,620,586,34
S01003805,1202,1142,60
S01003806,698,645,53
S01003807,904,890,14
S01003808,936,906,30
S01003809,674,638,36
S01003810,908,872,36
S01003811,687,666,21
S01003812,958,876,82
S01003813,856,827,29
S01003814,786,757,29
S01003815,842,809,33
S01003816,986,964,22
S01003817,1035,972,63
S01003818,803,748,55
S01003819,2446,2397,49
S01003820,1011,981,30
S01003821,763,706,57
S01003822,666,624,42
S01003823,977,934,43
S01003824,816,792,24
S01003825,867,847,20
S01003826,749,716,33
S01003827,817,786,31
S01003828,1145,1098,47
S01003829,665,617,48
S01003830,901,861,40
S01003831,584,561,23
S01003832,944,906,38
S01003833,537,504,33
S01003834,651,619,32
S01003835,534,518,16
S01003836,513,491,22
S01003837,836,767,69
S01003838,576,547,29
S01003839,648,601,47
S01003840,696,638,58
S01003841,609,583,26
S01003842,758,731,27
S01003843,953,929,24
S01003844,736,692,44
S01003845,1140,1059,81
S01003846,757,722,35
S01003847,608,574,34
S01003848,669,641,28
S01003849,1015,931,84
S01003850,522,506,16
S01003851,822,803,19
S01003852,593,549,44
S01003853,1253,1194,59
S01003854,578,547,31
S01003855,978,912,66
S01003856,765,719,46
S01003857,783,756,27
S01003858,534,517,17
S01003859,609,590,19
S01003860,672,590,82
S01003861,776,746,30
S01003862,741,702,39
S01003863,686,662,24
S01003864,921,883,38
S01003865,996,957,39
S01003866,967,941,26
S01003867,1357,1285,72
S01003868,691,680,11
S01003869,712,688,24
S01003870,1046,1008,38
S01003871,771,740,31
S01003872,902,878,24
S01003873,1122,1045,77
S01003874,831,799,32
S01003875,679,659,20
S01003876,723,702,21
S01003877,688,659,29
S01003878,1089,1034,55
S01003879,778,758,20
S01003880,867,845,22
S01003881,887,862,25
S01003882,500,460,40
S01003883,535,526,9
S01003884,766,728,38
S01003885,654,610,44
S01003886,519,493,26
S01003887,1032,968,64
S01003888,1633,1593,40
S01003889,547,527,20
S01003890,663,636,27
S01003891,731,702,29
S01003892,641,616,25
S01003893,633,610,23
S01003894,935,901,34
S01003895,745,728,17
S01003896,724,697,27
S01003897,734,710,24
S01003898,791,743,48
S01003899,800,751,49
S01003900,776,732,44
S01003901,680,645,35
S01003902,1036,1015,21
S01003903,901,883,18
S01003904,888,832,56
S01003905,1166,1123,43
S01003906,701,670,31
S01003907,748,692,56
S01003908,799,769,30
S01003909,621,610,11
S01003910,727,693,34
S01003911,626,598,28
S01003912,945,925,20
S01003913,727,709,18
S01003914,975,944,31
S01003915,764,731,33
S01003916,845,824,21
S01003917,906,868,38
S01003918,954,913,41
S01003919,612,571,41
S01003920,731,706,25
S01003921,1038,960,78
S01003922,937,875,62
S01003923,761,727,34
S01003924,507,460,47
S01003925,801,764,37
S01003926,580,536,44
S01003927,720,696,24
S01003928,840,775,65
S01003929,548,518,30
S01003930,870,823,47
S01003931,1144,1090,54
S01003932,897,843,54
S01003933,701,670,31
S01003934,1016,982,34
S01003935,827,773,54
S01003936,999,952,47
S01003937,745,672,73
S01003938,605,582,23
S01003939,626,592,34
S01003940,1047,994,53
S01003941,614,582,32
S01003942,758,718,40
S01003943,695,643,52
S01003944,646,598,48
S01003945,661,648,13
S01003946,838,784,54
S01003947,631,603,28
S01003948,745,722,23
S01003949,598,565,33
S01003950,606,588,18
S01003951,608,563,45
S01003952,536,509,27
S01003953,577,529,48
S01003954,702,662,40
S01003955,681,654,27
S01003956,749,712,37
S01003957,686,652,34
S01003958,784,734,50
S01003959,747,721,26
S01003960,877,826,51
S01003961,576,554,22
S01003962,706,660,46
S01003963,474,457,17
S01003964,483,460,23
S01003965,576,551,25
S01003966,1009,950,59
S01003967,539,514,25
S01003968,864,796,68
S01003969,762,690,72
S01003970,631,607,24
S01003971,721,671,50
S01003972,785,724,61
S01003973,450,426,24
S01003974,854,820,34
S01003975,829,802,27
S01003976,772,723,49
S01003977,491,457,34
S01003978,512,474,38
S01003979,569,539,30
S01003980,643,617,26
S01003981,544,521,23
S01003982,779,757,22
S01003983,683,663,20
S01003984,623,581,42
S01003985,743,705,38
S01003986,550,519,31
S01003987,688,660,28
S01003988,490,463,27
S01003989,913,870,43
S01003990,522,495,27
S01003991,622,599,23
S01003992,982,953,29
S01003993,694,676,18
S01003994,729,698,31
S01003995,1312,1249,63
S01003996,649,631,18
S01003997,916,857,59
S01003998,565,548,17
S01003999,853,827,26
S01004000,708,665,43
S01004001,620,600,20
S01004002,896,829,67
S01004003,570,550,20
S01004004,731,704,27
S01004005,588,566,22
S01004006,553,540,13
S01004007,611,577,34
S01004008,672,639,33
S01004009,771,739,32
S01004010,837,796,41
S01004011,1369,1310,59
S01004012,755,738,17
S01004013,537,516,21
S01004014,634,614,20
S01004015,905,881,24
S01004016,598,574,24
S01004017,1014,978,36
S01004018,824,803,21
S01004019,1067,1042,25
S01004020,805,749,56
S01004021,1177,1149,28
S01004022,789,754,35
S01004023,556,527,29
S01004024,1077,995,82
S01004025,858,793,65
S01004026,607,544,63
S01004027,785,714,71
S01004028,739,681,58
S01004029,879,802,77
S01004030,660,587,73
S01004031,577,521,56
S01004032,396,361,35
S01004033,865,779,86
S01004034,736,696,40
S01004035,737,677,60
S01004036,630,573,57
S01004037,660,636,24
S01004038,678,613,65
S01004039,368,322,46
S01004040,642,600,42
S01004041,650,593,57
S01004042,576,493,83
S01004043,730,698,32
S01004044,674,553,121
S01004045,596,535,61
S01004046,541,465,76
S01004047,688,655,33
S01004048,1036,961,75
S01004049,1314,1237,77
S01004050,465,410,55
S01004051,836,750,86
S01004052,538,487,51
S01004053,957,859,98
S01004054,882,817,65
S01004055,557,528,29
S01004056,722,669,53
S01004057,1604,1493,111
S01004058,923,842,81
S01004059,549,513,36
S01004060,468,429,39
S01004061,793,679,114
S01004062,871,835,36
S01004063,610,528,82
S01004064,621,591,30
S01004065,958,862,96
S01004066,560,516,44
S01004067,829,776,53
S01004068,723,642,81
S01004069,448,412,36
S01004070,688,615,73
S01004071,908,814,94
S01004072,1189,1100,89
S01004073,785,716,69
S01004074,872,745,127
S01004075,449,385,64
S01004076,626,568,58
S01004077,842,803,39
S01004078,768,707,61
S01004079,665,618,47
S01004080,821,707,114
S01004081,649,632,17
S01004082,1030,998,32
S01004083,874,771,103
S01004084,905,799,106
S01004085,524,458,66
S01004086,769,651,118
S01004087,455,428,27
S01004088,525,491,34
S01004089,725,664,61
S01004090,315,292,23
S01004091,958,893,65
S01004092,740,671,69
S01004093,547,447,100
S01004094,425,343,82
S01004095,517,506,11
S01004096,645,628,17
S01004097,734,654,80
S01004098,619,586,33
S01004099,788,768,20
S01004100,765,735,30
S01004101,715,674,41
S01004102,771,737,34
S01004103,660,614,46
S01004104,756,743,13
S01004105,842,794,48
S01004106,898,866,32
S01004107,668,636,32
S01004108,800,756,44
S01004109,560,548,12
S01004110,775,736,39
S01004111,798,765,33
S01004112,839,779,60
S01004113,729,698,31
S01004114,643,582,61
S01004115,749,676,73
S01004116,674,616,58
S01004117,748,722,26
S01004118,899,805,94
S01004119,490,451,39
S01004120,706,688,18
S01004121,430,406,24
S01004122,900,879,21
S01004123,928,896,32
S01004124,1039,1003,36
S01004125,656,616,40
S01004126,682,647,35
S01004127,860,849,11
S01004128,683,670,13
S01004129,728,698,30
S01004130,514,503,11
S01004131,809,769,40
S01004132,536,512,24
S01004133,820,785,35
S01004134,646,630,16
S01004135,633,584,49
S01004136,623,590,33
S01004137,575,557,18
S01004138,694,643,51
S01004139,561,532,29
S01004140,540,528,12
S01004141,673,634,39
S01004142,540,522,18
S01004143,846,792,54
S01004144,1319,1255,64
S01004145,626,614,12
S01004146,818,786,32
S01004147,709,678,31
S01004148,995,965,30
S01004149,851,771,80
S01004150,609,597,12
S01004151,1023,1010,13
S01004152,752,702,50
S01004153,782,728,54
S01004154,625,600,25
S01004155,885,819,66
S01004156,963,922,41
S01004157,581,566,15
S01004158,579,558,21
S01004159,358,330,28
S01004160,646,601,45
S01004161,548,531,17
S01004162,2023,1986,37
S01004163,662,612,50
S01004164,860,819,41
S01004165,969,931,38
S01004166,744,701,43
S01004167,669,607,62
S01004168,621,594,27
S01004169,796,761,35
S01004170,734,684,50
S01004171,633,603,30
S01004172,756,700,56
S01004173,606,561,45
S01004174,728,695,33
S01004175,540,498,42
S01004176,632,607,25
S01004177,494,464,30
S01004178,566,529,37
S01004179,490,461,29
S01004180,900,878,22
S01004181,798,746,52
S01004182,928,857,71
S01004183,1056,1027,29
S01004184,782,729,53
S01004185,680,634,46
S01004186,739,687,52
S01004187,696,633,63
S01004188,782,743,39
S01004189,922,910,12
S01004190,821,780,41
S01004191,727,676,51
S01004192,1043,986,57
S01004193,690,648,42
S01004194,739,687,52
S01004195,638,614,24
S01004196,615,560,55
S01004197,697,650,47
S01004198,578,537,41
S01004199,780,746,34
S01004200,719,703,16
S01004201,715,673,42
S01004202,523,486,37
S01004203,955,900,55
S01004204,668,631,37
S01004205,758,705,53
S01004206,636,619,17
S01004207,705,663,42
S01004208,851,812,39
S01004209,605,560,45
S01004210,611,574,37
S01004211,1102,1055,47
S01004212,1670,1619,51
S01004213,530,481,49
S01004214,637,618,19
S01004215,615,605,10
S01004216,807,772,35
S01004217,447,427,20
S01004218,802,758,44
S01004219,508,473,35
S01004220,903,861,42
S01004221,783,735,48
S01004222,569,528,41
S01004223,722,657,65
S01004224,684,637,47
S01004225,768,691,77
S01004226,660,613,47
S01004227,1002,955,47
S01004228,842,813,29
S01004229,652,608,44
S01004230,688,643,45
S01004231,707,654,53
S01004232,624,595,29
S01004233,819,794,25
S01004234,988,953,35
S01004235,854,819,35
S01004236,985,954,31
S01004237,682,660,22
S01004238,568,551,17
S01004239,856,822,34
S01004240,802,777,25
S01004241,536,517,19
S01004242,845,819,26
S01004243,699,675,24
S01004244,660,640,20
S01004245,938,900,38
S01004246,635,610,25
S01004247,845,819,26
S01004248,1036,980,56
S01004249,917,889,28
S01004250,1029,991,38
S01004251,907,852,55
S01004252,638,610,28
S01004253,579,553,26
S01004254,725,693,32
S01004255,2886,2824,62
S01004256,1460,1432,28
S01004257,621,611,10
S01004258,717,684,33
S01004259,771,737,34
S01004260,513,492,21
S01004261,786,756,30
S01004262,787,765,22
S01004263,764,720,44
S01004264,800,768,32
S01004265,909,886,23
S01004266,545,499,46
S01004267,508,485,23
S01004268,637,615,22
S01004269,838,804,34
S01004270,561,523,38
S01004271,643,608,35
S01004272,565,559,6
S01004273,576,563,13
S01004274,911,874,37
S01004275,584,562,22
S01004276,868,815,53
S01004277,713,688,25
S01004278,1207,1141,66
S01004279,819,791,28
S01004280,925,882,43
S01004281,729,709,20
S01004282,880,830,50
S01004283,702,673,29
S01004284,902,843,59
S01004285,474,469,5
S01004286,578,566,12
S01004287,641,606,35
S01004288,665,640,25
S01004289,547,522,25
S01004290,1000,979,21
S01004291,807,773,34
S01004292,988,965,23
S01004293,931,901,30
S01004294,744,722,22
S01004295,855,799,56
S01004296,886,863,23
S01004297,648,616,32
S01004298,1332,1273,59
S01004299,520,493,27
S01004300,574,541,33
S01004301,774,754,20
S01004302,674,656,18
S01004303,626,597,29
S01004304,798,753,45
S01004305,647,626,21
S01004306,597,550,47
S01004307,871,858,13
S01004308,965,931,34
S01004309,937,901,36
S01004310,718,677,41
S01004311,1153,1096,57
S01004312,700,674,26
S01004313,1298,1249,49
S01004314,787,740,47
S01004315,502,480,22
S01004316,536,534,2
S01004317,1149,1111,38
S01004318,527,491,36
S01004319,889,855,34
S01004320,824,790,34
S01004321,777,739,38
S01004322,980,939,41
S01004323,657,636,21
S01004324,803,773,30
S01004325,1054,1015,39
S01004326,843,805,38
S01004327,699,675,24
S01004328,607,588,19
S01004329,509,495,14
S01004330,1412,1357,55
S01004331,579,555,24
S01004332,631,606,25
S01004333,578,547,31
S01004334,1363,1334,29
S01004335,537,520,17
S01004336,1005,963,42
S01004337,748,719,29
S01004338,769,735,34
S01004339,955,928,27
S01004340,537,502,35
S01004341,558,523,35
S01004342,1335,1317,18
S01004343,641,614,27
S01004344,746,705,41
S01004345,1160,1110,50
S01004346,445,425,20
S01004347,898,870,28
S01004348,637,606,31
S01004349,752,725,27
S01004350,601,571,30
S01004351,532,501,31
S01004352,539,524,15
S01004353,872,836,36
S01004354,514,489,25
S01004355,571,541,30
S01004356,951,895,56
S01004357,820,803,17
S01004358,665,644,21
S01004359,546,513,33
S01004360,637,588,49
S01004361,820,763,57
S01004362,604,528,76
S01004363,980,851,129
S01004364,915,829,86
S01004365,703,651,52
S01004366,589,531,58
S01004367,781,743,38
S01004368,535,487,48
S01004369,697,666,31
S01004370,680,656,24
S01004371,727,687,40
S01004372,905,869,36
S01004373,670,600,70
S01004374,768,708,60
S01004375,624,574,50
S01004376,871,789,82
S01004377,709,649,60
S01004378,913,835,78
S01004379,903,837,66
S01004380,697,642,55
S01004381,781,731,50
S01004382,681,596,85
S01004383,796,748,48
S01004384,662,618,44
S01004385,740,675,65
S01004386,1003,941,62
S01004387,947,880,67
S01004388,700,645,55
S01004389,586,545,41
S01004390,782,706,76
S01004391,555,535,20
S01004392,844,770,74
S01004393,889,817,72
S01004394,799,733,66
S01004395,596,543,53
S01004396,758,693,65
S01004397,907,881,26
S01004398,806,754,52
S01004399,482,451,31
S01004400,548,517,31
S01004401,1079,1030,49
S01004402,933,840,93
S01004403,516,487,29
S01004404,734,707,27
S01004405,757,683,74
S01004406,890,807,83
S01004407,656,583,73
S01004408,1402,1357,45
S01004409,459,428,31
S01004410,989,930,59
S01004411,557,508,49
S01004412,1042,931,111
S01004413,717,623,94
S01004414,690,599,91
S01004415,680,625,55
S01004416,763,693,70
S01004417,807,724,83
S01004418,902,837,65
S01004419,821,707,114
S01004420,718,677,41
S01004421,881,786,95
S01004422,594,525,69
S01004423,775,706,69
S01004424,697,626,71
S01004425,576,542,34
S01004426,585,545,40
S01004427,728,658,70
S01004428,888,819,69
S01004429,809,756,53
S01004430,495,458,37
S01004431,666,598,68
S01004432,978,887,91
S01004433,908,822,86
S01004434,815,741,74
S01004435,842,777,65
S01004436,757,705,52
S01004437,901,839,62
S01004438,637,584,53
S01004439,688,638,50
S01004440,736,669,67
S01004441,1333,1286,47
S01004442,848,759,89
S01004443,711,672,39
S01004444,900,833,67
S01004445,898,835,63
S01004446,807,749,58
S01004447,729,678,51
S01004448,546,522,24
S01004449,917,809,108
S01004450,863,747,116
S01004451,855,770,85
S01004452,651,624,27
S01004453,955,925,30
S01004454,1004,925,79
S01004455,826,766,60
S01004456,494,477,17
S01004457,871,800,71
S01004458,825,764,61
S01004459,556,499,57
S01004460,590,561,29
S01004461,577,540,37
S01004462,645,625,20
S01004463,739,688,51
S01004464,839,780,59
S01004465,723,691,32
S01004466,946,904,42
S01004467,916,858,58
S01004468,918,885,33
S01004469,642,597,45
S01004470,737,720,17
S01004471,2067,2007,60
S01004472,690,671,19
S01004473,1103,1071,32
S01004474,1048,961,87
S01004475,494,477,17
S01004476,735,689,46
S01004477,1097,1056,41
S01004478,590,550,40
S01004479,705,680,25
S01004480,944,863,81
S01004481,829,794,35
S01004482,856,761,95
S01004483,708,649,59
S01004484,1025,997,28
S01004485,542,517,25
S01004486,962,925,37
S01004487,1043,949,94
S01004488,678,626,52
S01004489,923,896,27
S01004490,669,638,31
S01004491,794,741,53
S01004492,921,850,71
S01004493,964,910,54
S01004494,883,817,66
S01004495,696,636,60
S01004496,651,609,42
S01004497,826,743,83
S01004498,702,669,33
S01004499,650,609,41
S01004500,718,692,26
S01004501,721,678,43
S01004502,730,699,31
S01004503,678,616,62
S01004504,694,643,51
S01004505,582,553,29
S01004506,522,490,32
S01004507,706,665,41
S01004508,698,660,38
S01004509,1030,1003,27
S01004510,827,761,66
S01004511,964,915,49
S01004512,867,826,41
S01004513,522,489,33
S01004514,596,571,25
S01004515,747,678,69
S01004516,449,420,29
S01004517,737,663,74
S01004518,634,609,25
S01004519,951,887,64
S01004520,914,861,53
S01004521,754,725,29
S01004522,900,873,27
S01004523,733,703,30
S01004524,561,542,19
S01004525,935,898,37
S01004526,682,664,18
S01004527,617,580,37
S01004528,737,642,95
S01004529,852,766,86
S01004530,547,529,18
S01004531,1066,1006,60
S01004532,852,789,63
S01004533,441,397,44
S01004534,645,606,39
S01004535,898,821,77
S01004536,680,637,43
S01004537,815,734,81
S01004538,752,696,56
S01004539,716,651,65
S01004540,1238,1168,70
S01004541,840,752,88
S01004542,790,760,30
S01004543,811,754,57
S01004544,1844,1742,102
S01004545,737,652,85
S01004546,858,756,102
S01004547,844,781,63
S01004548,779,697,82
S01004549,2152,2040,112
S01004550,667,611,56
S01004551,1565,1472,93
S01004552,834,751,83
S01004553,534,493,41
S01004554,726,690,36
S01004555,647,598,49
S01004556,674,620,54
S01004557,430,410,20
S01004558,924,821,103
S01004559,954,876,78
S01004560,648,591,57
S01004561,957,851,106
S01004562,547,494,53
S01004563,793,761,32
S01004564,594,571,23
S01004565,902,870,32
S01004566,694,670,24
S01004567,475,426,49
S01004568,695,633,62
S01004569,734,665,69
S01004570,626,605,21
S01004571,635,594,41
S01004572,722,684,38
S01004573,596,564,32
S01004574,487,471,16
S01004575,670,633,37
S01004576,560,550,10
S01004577,617,581,36
S01004578,851,828,23
S01004579,605,509,96
S01004580,827,765,62
S01004581,1240,1145,95
S01004582,580,548,32
S01004583,798,695,103
S01004584,679,606,73
S01004585,552,481,71
S01004586,1060,1024,36
S01004587,1217,1041,176
S01004588,628,577,51
S01004589,783,741,42
S01004590,839,760,79
S01004591,558,496,62
S01004592,637,583,54
S01004593,973,910,63
S01004594,491,446,45
S01004595,1030,1006,24
S01004596,666,569,97
S01004597,531,513,18
S01004598,678,638,40
S01004599,959,916,43
S01004600,865,764,101
S01004601,895,814,81
S01004602,860,824,36
S01004603,796,723,73
S01004604,554,499,55
S01004605,965,865,100
S01004606,823,749,74
S01004607,560,510,50
S01004608,1562,1506,56
S01004609,569,508,61
S01004610,697,626,71
S01004611,1041,939,102
S01004612,1137,1057,80
S01004613,1722,1653,69
S01004614,750,700,50
S01004615,1182,1095,87
S01004616,877,834,43
S01004617,669,613,56
S01004618,649,571,78
S01004619,514,463,51
S01004620,666,620,46
S01004621,900,848,52
S01004622,858,784,74
S01004623,1028,938,90
S01004624,1212,1085,127
S01004625,821,748,73
S01004626,2033,1967,66
S01004627,522,489,33
S01004628,544,494,50
S01004629,887,852,35
S01004630,897,817,80
S01004631,731,656,75
S01004632,954,887,67
S01004633,574,527,47
S01004634,1114,1083,31
S01004635,774,692,82
S01004636,630,578,52
S01004637,565,509,56
S01004638,524,470,54
S01004639,661,583,78
S01004640,746,673,73
S01004641,610,570,40
S01004642,814,729,85
S01004643,494,454,40
S01004644,728,672,56
S01004645,951,852,99
S01004646,781,709,72
S01004647,1691,1569,122
S01004648,1122,1058,64
S01004649,578,541,37
S01004650,802,752,50
S01004651,917,853,64
S01004652,962,911,51
S01004653,612,560,52
S01004654,1015,954,61
S01004655,967,890,77
S01004656,596,524,72
S01004657,734,699,35
S01004658,947,887,60
S01004659,503,456,47
S01004660,768,750,18
S01004661,741,683,58
S01004662,965,863,102
S01004663,512,466,46
S01004664,562,519,43
S01004665,673,599,74
S01004666,755,707,48
S01004667,698,630,68
S01004668,890,848,42
S01004669,885,784,101
S01004670,965,866,99
S01004671,806,750,56
S01004672,641,581,60
S01004673,909,851,58
S01004674,797,740,57
S01004675,821,760,61
S01004676,766,682,84
S01004677,873,781,92
S01004678,975,862,113
S01004679,473,428,45
S01004680,940,821,119
S01004681,780,745,35
S01004682,529,465,64
S01004683,674,653,21
S01004684,1470,1387,83
S01004685,501,460,41
S01004686,738,665,73
S01004687,1052,960,92
S01004688,655,632,23
S01004689,1018,946,72
S01004690,530,513,17
S01004691,714,693,21
S01004692,673,597,76
S01004693,704,671,33
S01004694,572,520,52
S01004695,747,734,13
S01004696,937,870,67
S01004697,801,755,46
S01004698,609,595,14
S01004699,810,741,69
S01004700,746,680,66
S01004701,865,850,15
S01004702,548,505,43
S01004703,892,849,43
S01004704,614,569,45
S01004705,941,889,52
S01004706,1629,1595,34
S01004707,929,857,72
S01004708,654,604,50
S01004709,703,668,35
S01004710,767,694,73
S01004711,917,837,80
S01004712,496,445,51
S01004713,728,663,65
S01004714,787,714,73
S01004715,1672,1585,87
S01004716,844,764,80
S01004717,952,893,59
S01004718,889,807,82
S01004719,966,895,71
S01004720,861,786,75
S01004721,569,546,23
S01004722,690,638,52
S01004723,655,616,39
S01004724,965,838,127
S01004725,638,613,25
S01004726,577,544,33
S01004727,791,694,97
S01004728,945,914,31
S01004729,620,539,81
S01004730,1409,1298,111
S01004731,847,789,58
S01004732,694,626,68
S01004733,726,637,89
S01004734,509,443,66
S01004735,958,881,77
S01004736,757,696,61
S01004737,750,692,58
S01004738,649,567,82
S01004739,664,628,36
S01004740,819,758,61
S01004741,597,541,56
S01004742,1328,1229,99
S01004743,878,851,27
S01004744,552,497,55
S01004745,897,743,154
S01004746,834,751,83
S01004747,696,667,29
S01004748,588,544,44
S01004749,1084,1014,70
S01004750,641,569,72
S01004751,799,692,107
S01004752,827,767,60
S01004753,763,695,68
S01004754,637,609,28
S01004755,683,611,72
S01004756,577,528,49
S01004757,845,782,63
S01004758,872,803,69
S01004759,584,562,22
S01004760,720,663,57
S01004761,528,469,59
S01004762,622,550,72
S01004763,848,822,26
S01004764,736,676,60
S01004765,1333,1191,142
S01004766,1196,1128,68
S01004767,674,611,63
S01004768,852,766,86
S01004769,548,507,41
S01004770,550,487,63
S01004771,830,769,61
S01004772,572,503,69
S01004773,754,702,52
S01004774,924,881,43
S01004775,785,681,104
S01004776,721,681,40
S01004777,733,712,21
S01004778,686,629,57
S01004779,823,756,67
S01004780,639,589,50
S01004781,926,861,65
S01004782,1180,1083,97
S01004783,935,897,38
S01004784,672,620,52
S01004785,629,571,58
S01004786,483,434,49
S01004787,997,938,59
S01004788,690,657,33
S01004789,983,884,99
S01004790,719,700,19
S01004791,611,555,56
S01004792,596,575,21
S01004793,760,720,40
S01004794,708,635,73
S01004795,899,834,65
S01004796,738,694,44
S01004797,702,639,63
S01004798,846,767,79
S01004799,578,526,52
S01004800,661,600,61
S01004801,719,654,65
S01004802,856,785,71
S01004803,850,759,91
S01004804,853,752,101
S01004805,608,544,64
S01004806,626,563,63
S01004807,514,456,58
S01004808,705,628,77
S01004809,438,397,41
S01004810,575,533,42
S01004811,717,673,44
S01004812,816,749,67
S01004813,868,794,74
S01004814,808,744,64
S01004815,1728,1633,95
S01004816,792,725,67
S01004817,632,559,73
S01004818,808,741,67
S01004819,545,442,103
S01004820,1044,912,132
S01004821,1826,1703,123
S01004822,689,630,59
S01004823,911,817,94
S01004824,753,723,30
S01004825,597,511,86
S01004826,961,888,73
S01004827,619,533,86
S01004828,1158,1107,51
S01004829,699,634,65
S01004830,729,646,83
S01004831,828,793,35
S01004832,1342,1280,62
S01004833,710,656,54
S01004834,759,696,63
S01004835,820,778,42
S01004836,707,690,17
S01004837,930,870,60
S01004838,1819,1748,71
S01004839,864,795,69
S01004840,848,805,43
S01004841,812,733,79
S01004842,1491,1451,40
S01004843,650,608,42
S01004844,957,897,60
S01004845,764,688,76
S01004846,1021,966,55
S01004847,994,970,24
S01004848,713,676,37
S01004849,530,488,42
S01004850,1466,1409,57
S01004851,647,611,36
S01004852,683,612,71
S01004853,733,680,53
S01004854,1089,1038,51
S01004855,633,571,62
S01004856,1538,1476,62
S01004857,838,768,70
S01004858,851,783,68
S01004859,917,879,38
S01004860,1366,1330,36
S01004861,710,669,41
S01004862,634,624,10
S01004863,844,791,53
S01004864,529,499,30
S01004865,716,659,57
S01004866,866,797,69
S01004867,736,699,37
S01004868,710,647,63
S01004869,785,759,26
S01004870,851,808,43
S01004871,770,731,39
S01004872,815,746,69
S01004873,751,697,54
S01004874,1109,1033,76
S01004875,727,685,42
S01004876,929,880,49
S01004877,705,640,65
S01004878,797,756,41
S01004879,657,616,41
S01004880,729,667,62
S01004881,758,709,49
S01004882,502,470,32
S01004883,2080,2037,43
S01004884,552,537,15
S01004885,539,496,43
S01004886,878,820,58
S01004887,403,379,24
S01004888,634,619,15
S01004889,793,729,64
S01004890,769,719,50
S01004891,992,913,79
S01004892,683,664,19
S01004893,711,614,97
S01004894,849,782,67
S01004895,876,813,63
S01004896,873,802,71
S01004897,575,555,20
S01004898,939,867,72
S01004899,764,716,48
S01004900,939,907,32
S01004901,753,701,52
S01004902,729,676,53
S01004903,584,557,27
S01004904,937,841,96
S01004905,990,934,56
S01004906,792,742,50
S01004907,793,763,30
S01004908,624,588,36
S01004909,777,734,43
S01004910,836,755,81
S01004911,904,894,10
S01004912,731,669,62
S01004913,641,584,57
S01004914,634,605,29
S01004915,680,634,46
S01004916,687,638,49
S01004917,596,588,8
S01004918,645,624,21
S01004919,720,679,41
S01004920,884,814,70
S01004921,656,615,41
S01004922,667,647,20
S01004923,941,904,37
S01004924,773,695,78
S01004925,568,532,36
S01004926,882,857,25
S01004927,860,829,31
S01004928,1613,1570,43
S01004929,627,599,28
S01004930,627,578,49
S01004931,1005,920,85
S01004932,774,704,70
S01004933,877,818,59
S01004934,735,662,73
S01004935,516,498,18
S01004936,888,792,96
S01004937,547,497,50
S01004938,731,680,51
S01004939,550,489,61
S01004940,519,484,35
S01004941,608,565,43
S01004942,918,876,42
S01004943,1100,1046,54
S01004944,498,459,39
S01004945,685,622,63
S01004946,721,707,14
S01004947,760,745,15
S01004948,535,523,12
S01004949,719,697,22
S01004950,816,804,12
S01004951,752,721,31
S01004952,1100,1080,20
S01004953,836,818,18
S01004954,703,685,18
S01004955,608,594,14
S01004956,768,741,27
S01004957,728,709,19
S01004958,1203,1114,89
S01004959,712,681,31
S01004960,535,529,6
S01004961,654,640,14
S01004962,638,628,10
S01004963,623,604,19
S01004964,1091,1062,29
S01004965,942,917,25
S01004966,1056,1029,27
S01004967,669,643,26
S01004968,578,560,18
S01004969,919,875,44
S01004970,838,783,55
S01004971,1021,950,71
S01004972,824,796,28
S01004973,1016,971,45
S01004974,1188,1162,26
S01004975,760,738,22
S01004976,950,903,47
S01004977,966,922,44
S01004978,1001,974,27
S01004979,819,798,21
S01004980,962,942,20
S01004981,988,964,24
S01004982,666,639,27
S01004983,963,931,32
S01004984,763,739,24
S01004985,813,791,22
S01004986,786,767,19
S01004987,497,486,11
S01004988,550,535,15
S01004989,695,686,9
S01004990,593,569,24
S01004991,659,638,21
S01004992,848,804,44
S01004993,691,668,23
S01004994,810,787,23
S01004995,1012,977,35
S01004996,708,688,20
S01004997,958,919,39
S01004998,1260,1235,25
S01004999,898,871,27
S01005000,546,518,28
S01005001,1171,1147,24
S01005002,1016,965,51
S01005003,1089,1056,33
S01005004,881,852,29
S01005005,941,897,44
S01005006,680,651,29
S01005007,839,790,49
S01005008,1335,1304,31
S01005009,1033,1011,22
S01005010,696,649,47
S01005011,860,803,57
S01005012,874,828,46
S01005013,817,785,32
S01005014,875,828,47
S01005015,613,586,27
S01005016,887,840,47
S01005017,722,699,23
S01005018,594,577,17
S01005019,1260,1162,98
S01005020,833,777,56
S01005021,1066,1035,31
S01005022,708,679,29
S01005023,900,869,31
S01005024,929,879,50
S01005025,690,658,32
S01005026,676,660,16
S01005027,812,789,23
S01005028,901,884,17
S01005029,981,961,20
S01005030,1027,1010,17
S01005031,682,636,46
S01005032,866,844,22
S01005033,735,726,9
S01005034,779,757,22
S01005035,983,951,32
S01005036,664,638,26
S01005037,1178,1101,77
S01005038,819,775,44
S01005039,1064,1036,28
S01005040,1166,1074,92
S01005041,709,667,42
S01005042,798,780,18
S01005043,804,775,29
S01005044,929,881,48
S01005045,1032,1001,31
S01005046,1313,1281,32
S01005047,1516,1435,81
S01005048,595,569,26
S01005049,823,779,44
S01005050,910,853,57
S01005051,823,800,23
S01005052,914,895,19
S01005053,878,849,29
S01005054,592,560,32
S01005055,811,754,57
S01005056,766,713,53
S01005057,739,691,48
S01005058,890,852,38
S01005059,510,488,22
S01005060,727,693,34
S01005061,1159,1113,46
S01005062,490,467,23
S01005063,495,484,11
S01005064,754,736,18
S01005065,1252,1185,67
S01005066,786,743,43
S01005067,627,603,24
S01005068,641,606,35
S01005069,594,562,32
S01005070,1124,1078,46
S01005071,190,180,10
S01005072,622,591,31
S01005073,616,599,17
S01005074,1210,1175,35
S01005075,435,395,40
S01005076,768,726,42
S01005077,1036,1022,14
S01005078,692,650,42
S01005079,638,600,38
S01005080,454,431,23
S01005081,656,618,38
S01005082,657,630,27
S01005083,975,914,61
S01005084,613,569,44
S01005085,533,514,19
S01005086,1696,1591,105
S01005087,492,465,27
S01005088,561,522,39
S01005089,776,734,42
S01005090,866,837,29
S01005091,637,613,24
S01005092,672,636,36
S01005093,704,663,41
S01005094,802,787,15
S01005095,1566,1512,54
S01005096,734,713,21
S01005097,842,811,31
S01005098,722,690,32
S01005099,797,771,26
S01005100,928,892,36
S01005101,996,963,33
S01005102,893,855,38
S01005103,1155,1109,46
S01005104,1002,981,21
S01005105,886,853,33
S01005106,557,527,30
S01005107,454,445,9
S01005108,635,607,28
S01005109,1470,1434,36
S01005110,1115,1072,43
S01005111,577,560,17
S01005112,876,853,23
S01005113,1045,988,57
S01005114,990,936,54
S01005115,973,948,25
S01005116,621,593,28
S01005117,1014,980,34
S01005118,813,778,35
S01005119,712,678,34
S01005120,665,616,49
S01005121,918,902,16
S01005122,866,835,31
S01005123,750,726,24
S01005124,710,679,31
S01005125,839,776,63
S01005126,656,623,33
S01005127,678,640,38
S01005128,991,945,46
S01005129,948,904,44
S01005130,666,615,51
S01005131,984,954,30
S01005132,718,696,22
S01005133,401,392,9
S01005134,989,936,53
S01005135,780,755,25
S01005136,846,811,35
S01005137,943,900,43
S01005138,1129,1081,48
S01005139,725,701,24
S01005140,613,591,22
S01005141,828,799,29
S01005142,561,534,27
S01005143,1122,1077,45
S01005144,1222,1141,81
S01005145,731,716,15
S01005146,745,723,22
S01005147,945,919,26
S01005148,846,820,26
S01005149,593,543,50
S01005150,660,621,39
S01005151,670,638,32
S01005152,1712,1596,116
S01005153,868,835,33
S01005154,645,619,26
S01005155,690,645,45
S01005156,695,642,53
S01005157,871,790,81
S01005158,677,641,36
S01005159,917,860,57
S01005160,1089,1000,89
S01005161,951,913,38
S01005162,918,842,76
S01005163,628,586,42
S01005164,914,862,52
S01005165,720,662,58
S01005166,996,918,78
S01005167,670,639,31
S01005168,740,719,21
S01005169,577,554,23
S01005170,786,761,25
S01005171,882,796,86
S01005172,1468,1433,35
S01005173,696,657,39
S01005174,681,600,81
S01005175,982,959,23
S01005176,688,630,58
S01005177,829,770,59
S01005178,956,877,79
S01005179,925,878,47
S01005180,842,815,27
S01005181,924,905,19
S01005182,737,678,59
S01005183,903,835,68
S01005184,932,850,82
S01005185,517,486,31
S01005186,731,662,69
S01005187,990,907,83
S01005188,902,872,30
S01005189,877,785,92
S01005190,889,865,24
S01005191,926,859,67
S01005192,1126,1086,40
S01005193,788,768,20
S01005194,591,561,30
S01005195,900,871,29
S01005196,809,771,38
S01005197,700,638,62
S01005198,846,815,31
S01005199,772,703,69
S01005200,537,520,17
S01005201,917,839,78
S01005202,870,799,71
S01005203,785,733,52
S01005204,506,494,12
S01005205,1101,1070,31
S01005206,960,927,33
S01005207,892,785,107
S01005208,558,520,38
S01005209,866,790,76
S01005210,908,793,115
S01005211,686,610,76
S01005212,535,516,19
S01005213,923,887,36
S01005214,922,849,73
S01005215,974,900,74
S01005216,751,707,44
S01005217,977,950,27
S01005218,932,812,120
S01005219,953,869,84
S01005220,660,616,44
S01005221,692,651,41
S01005222,583,548,35
S01005223,722,669,53
S01005224,724,708,16
S01005225,978,938,40
S01005226,518,489,29
S01005227,1069,988,81
S01005228,891,866,25
S01005229,1122,1032,90
S01005230,825,782,43
S01005231,715,695,20
S01005232,1068,973,95
S01005233,769,681,88
S01005234,1352,1290,62
S01005235,705,678,27
S01005236,1175,1108,67
S01005237,983,946,37
S01005238,800,740,60
S01005239,1106,1020,86
S01005240,834,764,70
S01005241,952,916,36
S01005242,1107,993,114
S01005243,1057,960,97
S01005244,909,871,38
S01005245,686,635,51
S01005246,878,772,106
S01005247,624,548,76
S01005248,619,543,76
S01005249,850,799,51
S01005250,835,741,94
S01005251,852,774,78
S01005252,506,463,43
S01005253,547,525,22
S01005254,903,855,48
S01005255,710,630,80
S01005256,846,814,32
S01005257,904,841,63
S01005258,1014,985,29
S01005259,541,495,46
S01005260,629,543,86
S01005261,653,596,57
S01005262,1183,1093,90
S01005263,534,478,56
S01005264,628,571,57
S01005265,479,419,60
S01005266,846,758,88
S01005267,1070,1001,69
S01005268,1315,1179,136
S01005269,940,865,75
S01005270,1046,998,48
S01005271,519,509,10
S01005272,538,458,80
S01005273,731,682,49
S01005274,745,666,79
S01005275,546,488,58
S01005276,722,651,71
S01005277,669,635,34
S01005278,789,702,87
S01005279,553,533,20
S01005280,753,681,72
S01005281,767,720,47
S01005282,756,686,70
S01005283,800,781,19
S01005284,606,533,73
S01005285,693,645,48
S01005286,801,783,18
S01005287,1089,998,91
S01005288,778,708,70
S01005289,989,934,55
S01005290,604,561,43
S01005291,684,653,31
S01005292,744,668,76
S01005293,760,679,81
S01005294,569,562,7
S01005295,586,540,46
S01005296,831,814,17
S01005297,710,681,29
S01005298,1082,1051,31
S01005299,503,487,16
S01005300,911,892,19
S01005301,868,849,19
S01005302,1000,936,64
S01005303,842,781,61
S01005304,662,642,20
S01005305,744,685,59
S01005306,956,938,18
S01005307,953,934,19
S01005308,532,488,44
S01005309,851,779,72
S01005310,975,884,91
S01005311,818,783,35
S01005312,1147,1121,26
S01005313,841,806,35
S01005314,457,434,23
S01005315,881,831,50
S01005316,848,805,43
S01005317,519,509,10
S01005318,573,520,53
S01005319,617,590,27
S01005320,610,585,25
S01005321,607,572,35
S01005322,1859,1786,73
S01005323,757,696,61
S01005324,788,727,61
S01005325,2209,2108,101
S01005326,921,853,68
S01005327,604,568,36
S01005328,704,656,48
S01005329,658,638,20
S01005330,706,637,69
S01005331,669,607,62
S01005332,565,530,35
S01005333,772,750,22
S01005334,1137,1085,52
S01005335,505,486,19
S01005336,598,567,31
S01005337,872,842,30
S01005338,562,551,11
S01005339,770,714,56
S01005340,573,554,19
S01005341,647,603,44
S01005342,730,673,57
S01005343,932,896,36
S01005344,726,665,61
S01005345,747,731,16
S01005346,789,771,18
S01005347,675,651,24
S01005348,933,848,85
S01005349,846,815,31
S01005350,709,692,17
S01005351,1349,1210,139
S01005352,926,871,55
S01005353,1057,982,75
S01005354,843,832,11
S01005355,737,685,52
S01005356,681,660,21
S01005357,790,726,64
S01005358,782,734,48
S01005359,808,791,17
S01005360,762,732,30
S01005361,932,907,25
S01005362,768,725,43
S01005363,666,636,30
S01005364,911,867,44
S01005365,888,857,31
S01005366,708,682,26
S01005367,751,698,53
S01005368,675,621,54
S01005369,974,914,60
S01005370,850,810,40
S01005371,947,926,21
S01005372,864,823,41
S01005373,724,666,58
S01005374,870,836,34
S01005375,937,882,55
S01005376,992,936,56
S01005377,863,816,47
S01005378,808,765,43
S01005379,920,892,28
S01005380,671,606,65
S01005381,641,595,46
S01005382,834,787,47
S01005383,570,554,16
S01005384,920,901,19
S01005385,962,937,25
S01005386,653,635,18
S01005387,899,860,39
S01005388,775,743,32
S01005389,750,710,40
S01005390,850,807,43
S01005391,756,719,37
S01005392,831,793,38
S01005393,929,895,34
S01005394,863,833,30
S01005395,978,947,31
S01005396,744,726,18
S01005397,546,520,26
S01005398,969,950,19
S01005399,983,923,60
S01005400,1078,1014,64
S01005401,847,815,32
S01005402,1015,989,26
S01005403,892,851,41
S01005404,985,948,37
S01005405,564,543,21
S01005406,546,517,29
S01005407,1435,1396,39
S01005408,579,547,32
S01005409,700,678,22
S01005410,1016,991,25
S01005411,968,932,36
S01005412,999,962,37
S01005413,909,850,59
S01005414,1039,992,47
S01005415,990,952,38
S01005416,978,914,64
S01005417,1231,1181,50
S01005418,1127,1095,32
S01005419,718,694,24
S01005420,768,739,29
S01005421,870,830,40
S01005422,946,917,29
S01005423,989,963,26
S01005424,874,833,41
S01005425,980,914,66
S01005426,769,724,45
S01005427,779,739,40
S01005428,1049,1003,46
S01005429,719,656,63
S01005430,537,515,22
S01005431,667,640,27
S01005432,704,672,32
S01005433,850,805,45
S01005434,807,764,43
S01005435,1060,995,65
S01005436,953,905,48
S01005437,916,888,28
S01005438,788,745,43
S01005439,700,677,23
S01005440,1266,1244,22
S01005441,1054,1017,37
S01005442,1983,1946,37
S01005443,1183,1153,30
S01005444,1322,1287,35
S01005445,1002,969,33
S01005446,777,744,33
S01005447,932,917,15
S01005448,876,857,19
S01005449,984,944,40
S01005450,1144,1073,71
S01005451,937,897,40
S01005452,899,878,21
S01005453,802,763,39
S01005454,924,890,34
S01005455,874,820,54
S01005456,858,835,23
S01005457,959,906,53
S01005458,716,690,26
S01005459,934,917,17
S01005460,868,837,31
S01005461,773,746,27
S01005462,1073,1021,52
S01005463,622,605,17
S01005464,653,606,47
S01005465,610,592,18
S01005466,1119,1098,21
S01005467,509,487,22
S01005468,925,903,22
S01005469,889,846,43
S01005470,734,710,24
S01005471,813,800,13
S01005472,1451,1413,38
S01005473,993,960,33
S01005474,889,852,37
S01005475,950,930,20
S01005476,961,950,11
S01005477,863,840,23
S01005478,760,724,36
S01005479,599,565,34
S01005480,1273,1220,53
S01005481,687,649,38
S01005482,663,644,19
S01005483,939,908,31
S01005484,535,504,31
S01005485,851,800,51
S01005486,874,818,56
S01005487,733,677,56
S01005488,792,741,51
S01005489,962,919,43
S01005490,664,620,44
S01005491,836,775,61
S01005492,936,911,25
S01005493,704,678,26
S01005494,882,863,19
S01005495,769,746,23
S01005496,1025,995,30
S01005497,915,890,25
S01005498,984,938,46
S01005499,671,646,25
S01005500,720,695,25
S01005501,1043,1018,25
S01005502,845,797,48
S01005503,618,598,20
S01005504,647,617,30
S01005505,621,592,29
S01005506,877,841,36
S01005507,587,571,16
S01005508,697,664,33
S01005509,659,644,15
S01005510,726,713,13
S01005511,652,639,13
S01005512,700,673,27
S01005513,813,785,28
S01005514,624,602,22
S01005515,576,561,15
S01005516,559,549,10
S01005517,957,926,31
S01005518,1055,1027,28
S01005519,646,612,34
S01005520,966,918,48
S01005521,693,667,26
S01005522,636,583,53
S01005523,788,735,53
S01005524,815,776,39
S01005525,662,628,34
S01005526,674,626,48
S01005527,493,460,33
S01005528,558,510,48
S01005529,950,880,70
S01005530,626,550,76
S01005531,551,514,37
S01005532,839,772,67
S01005533,713,652,61
S01005534,585,542,43
S01005535,851,798,53
S01005536,890,846,44
S01005537,727,684,43
S01005538,815,780,35
S01005539,869,810,59
S01005540,748,694,54
S01005541,637,579,58
S01005542,733,698,35
S01005543,795,733,62
S01005544,709,671,38
S01005545,1224,1170,54
S01005546,746,719,27
S01005547,1000,961,39
S01005548,1365,1307,58
S01005549,1498,1436,62
S01005550,612,601,11
S01005551,840,814,26
S01005552,785,753,32
S01005553,813,798,15
S01005554,662,643,19
S01005555,858,831,27
S01005556,589,567,22
S01005557,701,657,44
S01005558,719,686,33
S01005559,625,576,49
S01005560,578,537,41
S01005561,860,824,36
S01005562,916,882,34
S01005563,757,699,58
S01005564,835,813,22
S01005565,546,528,18
S01005566,501,463,38
S01005567,962,885,77
S01005568,545,519,26
S01005569,735,719,16
S01005570,757,708,49
S01005571,688,675,13
S01005572,799,772,27
S01005573,699,662,37
S01005574,840,802,38
S01005575,674,658,16
S01005576,782,743,39
S01005577,869,831,38
S01005578,941,882,59
S01005579,981,938,43
S01005580,655,618,37
S01005581,714,661,53
S01005582,820,789,31
S01005583,630,601,29
S01005584,554,527,27
S01005585,881,798,83
S01005586,816,773,43
S01005587,1055,1003,52
S01005588,654,561,93
S01005589,1318,1226,92
S01005590,772,676,96
S01005591,918,839,79
S01005592,440,402,38
S01005593,765,699,66
S01005594,978,855,123
S01005595,857,786,71
S01005596,487,430,57
S01005597,1019,917,102
S01005598,1052,966,86
S01005599,636,586,50
S01005600,832,766,66
S01005601,687,636,51
S01005602,637,572,65
S01005603,775,727,48
S01005604,468,437,31
S01005605,903,823,80
S01005606,612,565,47
S01005607,628,595,33
S01005608,877,831,46
S01005609,860,806,54
S01005610,541,514,27
S01005611,711,659,52
S01005612,810,798,12
S01005613,762,706,56
S01005614,750,700,50
S01005615,946,874,72
S01005616,668,633,35
S01005617,782,716,66
S01005618,612,545,67
S01005619,550,539,11
S01005620,493,466,27
S01005621,677,648,29
S01005622,874,841,33
S01005623,734,687,47
S01005624,860,829,31
S01005625,865,837,28
S01005626,823,774,49
S01005627,625,600,25
S01005628,1128,1042,86
S01005629,775,745,30
S01005630,516,484,32
S01005631,701,658,43
S01005632,515,494,21
S01005633,757,685,72
S01005634,714,696,18
S01005635,826,794,32
S01005636,787,745,42
S01005637,1064,1007,57
S01005638,927,887,40
S01005639,717,662,55
S01005640,694,673,21
S01005641,1066,1020,46
S01005642,806,784,22
S01005643,617,593,24
S01005644,630,608,22
S01005645,824,796,28
S01005646,716,669,47
S01005647,779,738,41
S01005648,943,899,44
S01005649,1032,955,77
S01005650,545,511,34
S01005651,747,694,53
S01005652,686,668,18
S01005653,824,771,53
S01005654,757,707,50
S01005655,1058,1023,35
S01005656,767,705,62
S01005657,562,524,38
S01005658,815,785,30
S01005659,905,880,25
S01005660,577,542,35
S01005661,611,587,24
S01005662,545,528,17
S01005663,636,615,21
S01005664,541,536,5
S01005665,458,450,8
S01005666,1329,1241,88
S01005667,746,706,40
S01005668,807,757,50
S01005669,509,483,26
S01005670,756,716,40
S01005671,520,492,28
S01005672,848,782,66
S01005673,657,635,22
S01005674,872,805,67
S01005675,944,871,73
S01005676,844,785,59
S01005677,838,805,33
S01005678,886,851,35
S01005679,1105,986,119
S01005680,830,779,51
S01005681,994,944,50
S01005682,774,743,31
S01005683,804,721,83
S01005684,1178,1107,71
S01005685,861,848,13
S01005686,826,765,61
S01005687,726,693,33
S01005688,972,920,52
S01005689,509,488,21
S01005690,770,748,22
S01005691,679,653,26
S01005692,718,689,29
S01005693,1670,1637,33
S01005694,554,520,34
S01005695,526,504,22
S01005696,674,631,43
S01005697,649,598,51
S01005698,587,540,47
S01005699,823,765,58
S01005700,573,521,52
S01005701,760,698,62
S01005702,685,622,63
S01005703,580,555,25
S01005704,649,598,51
S01005705,923,887,36
S01005706,746,721,25
S01005707,546,496,50
S01005708,715,680,35
S01005709,779,710,69
S01005710,465,451,14
S01005711,949,915,34
S01005712,524,478,46
S01005713,578,559,19
S01005714,1262,1190,72
S01005715,732,695,37
S01005716,538,521,17
S01005717,478,457,21
S01005718,791,741,50
S01005719,487,470,17
S01005720,766,741,25
S01005721,747,701,46
S01005722,532,512,20
S01005723,754,705,49
S01005724,609,598,11
S01005725,739,694,45
S01005726,1085,1049,36
S01005727,1346,1308,38
S01005728,835,793,42
S01005729,583,521,62
S01005730,689,649,40
S01005731,791,719,72
S01005732,833,781,52
S01005733,772,744,28
S01005734,674,641,33
S01005735,727,683,44
S01005736,766,691,75
S01005737,749,697,52
S01005738,885,826,59
S01005739,941,891,50
S01005740,753,731,22
S01005741,1045,997,48
S01005742,964,899,65
S01005743,1191,1153,38
S01005744,931,847,84
S01005745,1132,1025,107
S01005746,834,799,35
S01005747,804,744,60
S01005748,663,562,101
S01005749,748,718,30
S01005750,756,688,68
S01005751,737,701,36
S01005752,641,579,62
S01005753,668,616,52
S01005754,1032,940,92
S01005755,717,641,76
S01005756,834,765,69
S01005757,582,519,63
S01005758,801,751,50
S01005759,766,674,92
S01005760,610,574,36
S01005761,669,639,30
S01005762,650,579,71
S01005763,2510,2416,94
S01005764,580,512,68
S01005765,949,843,106
S01005766,660,617,43
S01005767,692,673,19
S01005768,844,771,73
S01005769,761,698,63
S01005770,588,508,80
S01005771,722,688,34
S01005772,696,658,38
S01005773,889,861,28
S01005774,664,617,47
S01005775,732,657,75
S01005776,691,657,34
S01005777,515,485,30
S01005778,650,586,64
S01005779,767,735,32
S01005780,1456,1435,21
S01005781,946,887,59
S01005782,821,735,86
S01005783,529,511,18
S01005784,742,680,62
S01005785,731,706,25
S01005786,579,538,41
S01005787,754,687,67
S01005788,542,497,45
S01005789,795,740,55
S01005790,493,466,27
S01005791,470,441,29
S01005792,833,795,38
S01005793,502,481,21
S01005794,938,888,50
S01005795,660,628,32
S01005796,1132,1095,37
S01005797,1066,1039,27
S01005798,618,572,46
S01005799,688,636,52
S01005800,616,566,50
S01005801,651,619,32
S01005802,862,829,33
S01005803,797,742,55
S01005804,3934,3830,104
S01005805,606,587,19
S01005806,788,732,56
S01005807,808,750,58
S01005808,719,682,37
S01005809,669,631,38
S01005810,487,461,26
S01005811,522,499,23
S01005812,572,559,13
S01005813,790,742,48
S01005814,772,714,58
S01005815,1022,935,87
S01005816,1055,1016,39
S01005817,521,505,16
S01005818,780,768,12
S01005819,687,621,66
S01005820,668,635,33
S01005821,479,445,34
S01005822,820,783,37
S01005823,602,571,31
S01005824,681,664,17
S01005825,642,602,40
S01005826,898,882,16
S01005827,685,664,21
S01005828,748,700,48
S01005829,745,715,30
S01005830,840,757,83
S01005831,1139,1102,37
S01005832,723,634,89
S01005833,640,588,52
S01005834,602,557,45
S01005835,667,646,21
S01005836,649,636,13
S01005837,485,467,18
S01005838,688,643,45
S01005839,783,757,26
S01005840,836,790,46
S01005841,628,594,34
S01005842,506,457,49
S01005843,637,603,34
S01005844,706,677,29
S01005845,482,469,13
S01005846,871,807,64
S01005847,786,738,48
S01005848,556,514,42
S01005849,838,782,56
S01005850,777,715,62
S01005851,689,641,48
S01005852,500,474,26
S01005853,994,926,68
S01005854,797,746,51
S01005855,821,710,111
S01005856,733,679,54
S01005857,701,632,69
S01005858,678,630,48
S01005859,697,669,28
S01005860,746,685,61
S01005861,865,855,10
S01005862,772,723,49
S01005863,1574,1483,91
S01005864,883,827,56
S01005865,792,725,67
S01005866,810,778,32
S01005867,959,898,61
S01005868,717,695,22
S01005869,708,627,81
S01005870,708,653,55
S01005871,658,614,44
S01005872,749,713,36
S01005873,962,893,69
S01005874,814,743,71
S01005875,800,759,41
S01005876,857,829,28
S01005877,887,844,43
S01005878,555,544,11
S01005879,644,598,46
S01005880,742,640,102
S01005881,788,735,53
S01005882,1554,1528,26
S01005883,455,422,33
S01005884,727,694,33
S01005885,581,552,29
S01005886,689,669,20
S01005887,490,459,31
S01005888,612,547,65
S01005889,863,794,69
S01005890,675,645,30
S01005891,615,558,57
S01005892,688,611,77
S01005893,705,663,42
S01005894,726,687,39
S01005895,571,549,22
S01005896,704,680,24
S01005897,728,692,36
S01005898,692,659,33
S01005899,696,644,52
S01005900,598,582,16
S01005901,751,728,23
S01005902,842,804,38
S01005903,967,907,60
S01005904,1012,960,52
S01005905,772,734,38
S01005906,831,778,53
S01005907,728,669,59
S01005908,881,824,57
S01005909,512,493,19
S01005910,691,662,29
S01005911,1349,1264,85
S01005912,803,754,49
S01005913,829,721,108
S01005914,945,874,71
S01005915,673,619,54
S01005916,749,731,18
S01005917,876,807,69
S01005918,882,820,62
S01005919,525,509,16
S01005920,858,793,65
S01005921,655,613,42
S01005922,900,859,41
S01005923,689,654,35
S01005924,651,641,10
S01005925,698,690,8
S01005926,989,914,75
S01005927,720,690,30
S01005928,788,718,70
S01005929,764,720,44
S01005930,1060,1014,46
S01005931,748,711,37
S01005932,614,534,80
S01005933,861,841,20
S01005934,699,637,62
S01005935,610,555,55
S01005936,817,739,78
S01005937,609,593,16
S01005938,745,680,65
S01005939,698,623,75
S01005940,778,726,52
S01005941,453,445,8
S01005942,879,804,75
S01005943,811,758,53
S01005944,957,848,109
S01005945,816,781,35
S01005946,859,784,75
S01005947,733,662,71
S01005948,832,768,64
S01005949,622,582,40
S01005950,529,472,57
S01005951,1242,1112,130
S01005952,1163,1055,108
S01005953,1255,1193,62
S01005954,496,441,55
S01005955,700,664,36
S01005956,738,656,82
S01005957,1052,936,116
S01005958,538,468,70
S01005959,524,441,83
S01005960,496,421,75
S01005961,1190,1103,87
S01005962,461,402,59
S01005963,608,553,55
S01005964,722,643,79
S01005965,948,865,83
S01005966,1383,1309,74
S01005967,1008,886,122
S01005968,1209,1165,44
S01005969,708,667,41
S01005970,754,691,63
S01005971,402,361,41
S01005972,705,644,61
S01005973,839,761,78
S01005974,764,700,64
S01005975,685,606,79
S01005976,778,739,39
S01005977,720,651,69
S01005978,720,683,37
S01005979,853,775,78
S01005980,568,544,24
S01005981,875,821,54
S01005982,717,647,70
S01005983,831,791,40
S01005984,894,864,30
S01005985,764,706,58
S01005986,1038,1009,29
S01005987,548,490,58
S01005988,546,487,59
S01005989,675,656,19
S01005990,1408,1290,118
S01005991,690,609,81
S01005992,561,487,74
S01005993,666,634,32
S01005994,912,853,59
S01005995,634,540,94
S01005996,836,805,31
S01005997,603,548,55
S01005998,660,588,72
S01005999,1375,1329,46
S01006000,746,676,70
S01006001,734,704,30
S01006002,531,481,50
S01006003,630,524,106
S01006004,1458,1425,33
S01006005,544,510,34
S01006006,766,741,25
S01006007,446,383,63
S01006008,714,643,71
S01006009,475,454,21
S01006010,979,951,28
S01006011,778,715,63
S01006012,755,662,93
S01006013,587,577,10
S01006014,675,618,57
S01006015,734,707,27
S01006016,927,897,30
S01006017,1269,1176,93
S01006018,908,872,36
S01006019,1334,1259,75
S01006020,826,784,42
S01006021,1059,999,60
S01006022,573,538,35
S01006023,697,677,20
S01006024,801,702,99
S01006025,879,796,83
S01006026,726,641,85
S01006027,729,701,28
S01006028,618,593,25
S01006029,685,660,25
S01006030,892,862,30
S01006031,1456,1372,84
S01006032,898,797,101
S01006033,1159,1112,47
S01006034,1784,1655,129
S01006035,915,850,65
S01006036,2362,2312,50
S01006037,815,771,44
S01006038,864,819,45
S01006039,770,714,56
S01006040,865,769,96
S01006041,926,811,115
S01006042,803,739,64
S01006043,547,506,41
S01006044,1067,900,167
S01006045,666,644,22
S01006046,726,692,34
S01006047,710,620,90
S01006048,696,669,27
S01006049,779,690,89
S01006050,749,686,63
S01006051,801,762,39
S01006052,797,761,36
S01006053,772,725,47
S01006054,791,744,47
S01006055,642,616,26
S01006056,884,864,20
S01006057,494,440,54
S01006058,720,597,123
S01006059,859,755,104
S01006060,667,568,99
S01006061,484,428,56
S01006062,681,602,79
S01006063,546,494,52
S01006064,696,615,81
S01006065,775,698,77
S01006066,1014,917,97
S01006067,933,904,29
S01006068,582,560,22
S01006069,827,808,19
S01006070,673,659,14
S01006071,926,906,20
S01006072,625,608,17
S01006073,447,430,17
S01006074,700,687,13
S01006075,1013,919,94
S01006076,1012,930,82
S01006077,1217,1146,71
S01006078,1442,1395,47
S01006079,710,658,52
S01006080,1007,972,35
S01006081,715,696,19
S01006082,895,814,81
S01006083,1038,1004,34
S01006084,880,845,35
S01006085,754,729,25
S01006086,923,875,48
S01006087,738,686,52
S01006088,757,734,23
S01006089,712,660,52
S01006090,825,761,64
S01006091,897,878,19
S01006092,564,517,47
S01006093,760,719,41
S01006094,838,780,58
S01006095,896,858,38
S01006096,602,560,42
S01006097,963,869,94
S01006098,669,612,57
S01006099,561,547,14
S01006100,431,394,37
S01006101,614,552,62
S01006102,833,785,48
S01006103,628,611,17
S01006104,726,678,48
S01006105,905,864,41
S01006106,835,787,48
S01006107,662,609,53
S01006108,872,804,68
S01006109,871,828,43
S01006110,767,688,79
S01006111,972,904,68
S01006112,680,659,21
S01006113,899,877,22
S01006114,702,638,64
S01006115,776,752,24
S01006116,841,824,17
S01006117,846,801,45
S01006118,629,604,25
S01006119,1147,1124,23
S01006120,1123,1092,31
S01006121,548,522,26
S01006122,1016,994,22
S01006123,765,737,28
S01006124,705,665,40
S01006125,934,909,25
S01006126,877,854,23
S01006127,749,731,18
S01006128,895,868,27
S01006129,732,697,35
S01006130,440,386,54
S01006131,953,936,17
S01006132,790,682,108
S01006133,620,598,22
S01006134,496,471,25
S01006135,532,462,70
S01006136,1133,1045,88
S01006137,988,955,33
S01006138,616,592,24
S01006139,413,376,37
S01006140,809,775,34
S01006141,1996,1897,99
S01006142,620,597,23
S01006143,658,646,12
S01006144,971,934,37
S01006145,1065,1011,54
S01006146,828,815,13
S01006147,772,754,18
S01006148,800,769,31
S01006149,1090,1062,28
S01006150,1012,970,42
S01006151,1999,1987,12
S01006152,712,697,15
S01006153,584,570,14
S01006154,842,832,10
S01006155,784,743,41
S01006156,598,581,17
S01006157,747,704,43
S01006158,880,858,22
S01006159,821,801,20
S01006160,808,795,13
S01006161,753,732,21
S01006162,628,602,26
S01006163,741,704,37
S01006164,596,570,26
S01006165,901,875,26
S01006166,864,846,18
S01006167,1687,1636,51
S01006168,1044,1003,41
S01006169,710,688,22
S01006170,896,860,36
S01006171,869,807,62
S01006172,471,450,21
S01006173,622,594,28
S01006174,611,595,16
S01006175,753,713,40
S01006176,643,620,23
S01006177,598,529,69
S01006178,798,716,82
S01006179,719,655,64
S01006180,774,717,57
S01006181,743,659,84
S01006182,624,554,70
S01006183,853,769,84
S01006184,745,674,71
S01006185,928,841,87
S01006186,1173,1033,140
S01006187,771,691,80
S01006188,653,614,39
S01006189,704,641,63
S01006190,840,793,47
S01006191,587,536,51
S01006192,710,652,58
S01006193,894,683,211
S01006194,878,778,100
S01006195,863,744,119
S01006196,853,785,68
S01006197,816,725,91
S01006198,642,573,69
S01006199,647,587,60
S01006200,911,833,78
S01006201,922,827,95
S01006202,655,585,70
S01006203,597,550,47
S01006204,894,816,78
S01006205,671,623,48
S01006206,749,693,56
S01006207,853,741,112
S01006208,704,629,75
S01006209,683,644,39
S01006210,757,706,51
S01006211,528,469,59
S01006212,793,772,21
S01006213,1064,977,87
S01006214,824,773,51
S01006215,759,689,70
S01006216,679,649,30
S01006217,979,915,64
S01006218,569,545,24
S01006219,893,824,69
S01006220,867,828,39
S01006221,815,734,81
S01006222,1021,957,64
S01006223,701,682,19
S01006224,617,595,22
S01006225,890,814,76
S01006226,702,683,19
S01006227,910,854,56
S01006228,728,712,16
S01006229,908,857,51
S01006230,983,912,71
S01006231,865,789,76
S01006232,1055,1029,26
S01006233,719,672,47
S01006234,649,610,39
S01006235,718,665,53
S01006236,568,540,28
S01006237,907,818,89
S01006238,952,852,100
S01006239,434,419,15
S01006240,741,644,97
S01006241,991,889,102
S01006242,743,675,68
S01006243,600,565,35
S01006244,805,744,61
S01006245,574,523,51
S01006246,727,668,59
S01006247,789,738,51
S01006248,834,793,41
S01006249,680,644,36
S01006250,717,662,55
S01006251,577,537,40
S01006252,618,587,31
S01006253,629,569,60
S01006254,793,762,31
S01006255,885,847,38
S01006256,627,574,53
S01006257,749,665,84
S01006258,825,757,68
S01006259,673,640,33
S01006260,572,532,40
S01006261,810,761,49
S01006262,823,755,68
S01006263,787,715,72
S01006264,917,896,21
S01006265,762,720,42
S01006266,919,831,88
S01006267,588,560,28
S01006268,676,636,40
S01006269,609,572,37
S01006270,859,784,75
S01006271,696,632,64
S01006272,819,739,80
S01006273,527,482,45
S01006274,536,500,36
S01006275,809,769,40
S01006276,814,740,74
S01006277,657,611,46
S01006278,1054,951,103
S01006279,1326,1255,71
S01006280,703,628,75
S01006281,772,705,67
S01006282,654,589,65
S01006283,691,612,79
S01006284,732,651,81
S01006285,819,781,38
S01006286,1085,1007,78
S01006287,579,533,46
S01006288,767,675,92
S01006289,822,762,60
S01006290,885,810,75
S01006291,534,493,41
S01006292,810,780,30
S01006293,821,796,25
S01006294,603,577,26
S01006295,881,850,31
S01006296,922,892,30
S01006297,735,690,45
S01006298,1009,956,53
S01006299,752,660,92
S01006300,791,708,83
S01006301,629,575,54
S01006302,927,867,60
S01006303,680,625,55
S01006304,845,789,56
S01006305,708,674,34
S01006306,788,739,49
S01006307,897,815,82
S01006308,633,578,55
S01006309,1092,1045,47
S01006310,820,786,34
S01006311,747,698,49
S01006312,1195,1093,102
S01006313,1275,1194,81
S01006314,653,634,19
S01006315,836,762,74
S01006316,826,786,40
S01006317,979,929,50
S01006318,769,702,67
S01006319,925,849,76
S01006320,1008,921,87
S01006321,829,814,15
S01006322,786,774,12
S01006323,1017,978,39
S01006324,693,680,13
S01006325,661,608,53
S01006326,959,873,86
S01006327,574,539,35
S01006328,615,556,59
S01006329,1105,1063,42
S01006330,706,646,60
S01006331,731,700,31
S01006332,594,549,45
S01006333,911,847,64
S01006334,772,716,56
S01006335,849,793,56
S01006336,1269,1242,27
S01006337,1395,1371,24
S01006338,793,759,34
S01006339,945,881,64
S01006340,701,667,34
S01006341,727,695,32
S01006342,687,615,72
S01006343,1226,1129,97
S01006344,702,645,57
S01006345,686,637,49
S01006346,653,616,37
S01006347,611,593,18
S01006348,585,555,30
S01006349,494,446,48
S01006350,666,609,57
S01006351,1268,1184,84
S01006352,703,649,54
S01006353,557,523,34
S01006354,963,907,56
S01006355,740,690,50
S01006356,651,639,12
S01006357,733,704,29
S01006358,685,641,44
S01006359,1097,1018,79
S01006360,656,633,23
S01006361,1070,1030,40
S01006362,746,734,12
S01006363,667,646,21
S01006364,4216,4143,73
S01006365,867,840,27
S01006366,714,696,18
S01006367,729,709,20
S01006368,784,773,11
S01006369,1655,1575,80
S01006370,1084,1057,27
S01006371,612,599,13
S01006372,712,660,52
S01006373,886,850,36
S01006374,648,609,39
S01006375,593,552,41
S01006376,1041,998,43
S01006377,576,538,38
S01006378,526,512,14
S01006379,688,651,37
S01006380,637,604,33
S01006381,501,484,17
S01006382,687,639,48
S01006383,603,576,27
S01006384,726,708,18
S01006385,996,929,67
S01006386,991,906,85
S01006387,858,802,56
S01006388,1043,947,96
S01006389,680,631,49
S01006390,692,658,34
S01006391,1166,1150,16
S01006392,970,915,55
S01006393,1417,1338,79
S01006394,731,682,49
S01006395,1139,1043,96
S01006396,604,559,45
S01006397,961,934,27
S01006398,843,797,46
S01006399,724,690,34
S01006400,1369,1329,40
S01006401,1087,995,92
S01006402,672,621,51
S01006403,748,694,54
S01006404,862,797,65
S01006405,1016,950,66
S01006406,386,347,39
S01006407,650,640,10
S01006408,1047,983,64
S01006409,1445,1407,38
S01006410,679,597,82
S01006411,1058,1000,58
S01006412,660,620,40
S01006413,513,477,36
S01006414,485,460,25
S01006415,820,787,33
S01006416,878,798,80
S01006417,760,728,32
S01006418,612,569,43
S01006419,534,494,40
S01006420,877,828,49
S01006421,776,745,31
S01006422,658,610,48
S01006423,647,636,11
S01006424,612,574,38
S01006425,1390,1318,72
S01006426,1215,1160,55
S01006427,759,690,69
S01006428,747,710,37
S01006429,687,654,33
S01006430,669,645,24
S01006431,494,486,8
S01006432,673,630,43
S01006433,625,597,28
S01006434,757,717,40
S01006435,429,413,16
S01006436,779,721,58
S01006437,897,854,43
S01006438,649,583,66
S01006439,821,753,68
S01006440,830,777,53
S01006441,669,624,45
S01006442,752,702,50
S01006443,459,420,39
S01006444,586,554,32
S01006445,775,743,32
S01006446,869,818,51
S01006447,576,521,55
S01006448,897,861,36
S01006449,459,447,12
S01006450,662,630,32
S01006451,1108,1051,57
S01006452,556,511,45
S01006453,944,882,62
S01006454,613,585,28
S01006455,560,524,36
S01006456,1888,1827,61
S01006457,1094,1057,37
S01006458,849,836,13
S01006459,763,734,29
S01006460,490,465,25
S01006461,1776,1729,47
S01006462,764,733,31
S01006463,673,619,54
S01006464,669,647,22
S01006465,1479,1411,68
S01006466,744,716,28
S01006467,816,767,49
S01006468,1252,1216,36
S01006469,626,595,31
S01006470,837,772,65
S01006471,899,847,52
S01006472,605,567,38
S01006473,746,716,30
S01006474,745,693,52
S01006475,849,804,45
S01006476,860,823,37
S01006477,786,732,54
S01006478,1098,1059,39
S01006479,766,710,56
S01006480,830,801,29
S01006481,972,941,31
S01006482,711,689,22
S01006483,909,844,65
S01006484,772,725,47
S01006485,687,672,15
S01006486,786,779,7
S01006487,772,728,44
S01006488,657,646,11
S01006489,884,846,38
S01006490,709,690,19
S01006491,752,741,11
S01006492,645,610,35
S01006493,575,546,29
S01006494,659,629,30
S01006495,785,758,27
S01006496,928,882,46
S01006497,560,538,22
S01006498,1236,1164,72
S01006499,910,875,35
S01006500,713,677,36
S01006501,871,855,16
S01006502,588,580,8
S01006503,640,628,12
S01006504,776,756,20
S01006505,860,852,8
