"dz_2001","total","llti","no_llti"
"S01000001",765,111,654
"S01000002",687,38,649
"S01000003",838,60,778
"S01000004",641,45,596
"S01000005",663,70,593
"S01000006",626,144,482
"S01000007",735,156,579
"S01000008",584,112,472
"S01000009",710,105,605
"S01000010",568,51,517
"S01000011",918,153,765
"S01000012",816,89,727
"S01000013",898,130,768
"S01000014",919,106,813
"S01000015",655,41,614
"S01000016",564,96,468
"S01000017",937,122,815
"S01000018",577,76,501
"S01000019",531,55,476
"S01000020",877,255,622
"S01000021",862,164,698
"S01000022",663,60,603
"S01000023",805,56,749
"S01000024",512,61,451
"S01000025",874,85,789
"S01000026",930,228,702
"S01000027",815,90,725
"S01000028",969,218,751
"S01000029",742,21,721
"S01000030",500,111,389
"S01000031",866,127,739
"S01000032",1089,251,838
"S01000033",796,215,581
"S01000034",1012,163,849
"S01000035",1009,189,820
"S01000036",744,179,565
"S01000037",800,200,600
"S01000038",684,128,556
"S01000039",942,211,731
"S01000040",970,210,760
"S01000041",838,188,650
"S01000042",790,144,646
"S01000043",837,195,642
"S01000044",951,274,677
"S01000045",581,84,497
"S01000046",768,100,668
"S01000047",759,226,533
"S01000048",925,106,819
"S01000049",764,141,623
"S01000050",618,114,504
"S01000051",788,153,635
"S01000052",677,173,504
"S01000053",1014,219,795
"S01000054",777,179,598
"S01000055",754,178,576
"S01000056",1049,109,940
"S01000057",700,155,545
"S01000058",710,84,626
"S01000059",806,103,703
"S01000060",577,114,463
"S01000061",963,142,821
"S01000062",991,83,908
"S01000063",983,125,858
"S01000064",648,135,513
"S01000065",953,120,833
"S01000066",800,154,646
"S01000067",897,140,757
"S01000068",862,145,717
"S01000069",684,174,510
"S01000070",646,120,526
"S01000071",740,185,555
"S01000072",832,187,645
"S01000073",619,88,531
"S01000074",763,168,595
"S01000075",547,85,462
"S01000076",770,97,673
"S01000077",917,105,812
"S01000078",817,135,682
"S01000079",952,131,821
"S01000080",927,96,831
"S01000081",924,134,790
"S01000082",954,260,694
"S01000083",757,88,669
"S01000084",674,130,544
"S01000085",555,73,482
"S01000086",745,112,633
"S01000087",820,110,710
"S01000088",639,57,582
"S01000089",1003,157,846
"S01000090",800,68,732
"S01000091",929,136,793
"S01000092",851,70,781
"S01000093",404,23,381
"S01000094",575,45,530
"S01000095",703,69,634
"S01000096",706,200,506
"S01000097",967,112,855
"S01000098",1022,172,850
"S01000099",762,100,662
"S01000100",760,83,677
"S01000101",885,91,794
"S01000102",747,165,582
"S01000103",603,52,551
"S01000104",863,141,722
"S01000105",885,86,799
"S01000106",706,50,656
"S01000107",889,94,795
"S01000108",606,150,456
"S01000109",895,170,725
"S01000110",820,221,599
"S01000111",762,83,679
"S01000112",970,203,767
"S01000113",545,60,485
"S01000114",876,327,549
"S01000115",873,228,645
"S01000116",901,81,820
"S01000117",1056,188,868
"S01000118",704,158,546
"S01000119",786,161,625
"S01000120",574,67,507
"S01000121",796,164,632
"S01000122",764,162,602
"S01000123",648,79,569
"S01000124",985,143,842
"S01000125",701,160,541
"S01000126",867,243,624
"S01000127",798,78,720
"S01000128",1538,182,1356
"S01000129",549,21,528
"S01000130",865,177,688
"S01000131",659,74,585
"S01000132",784,85,699
"S01000133",737,142,595
"S01000134",762,164,598
"S01000135",721,207,514
"S01000136",706,154,552
"S01000137",786,104,682
"S01000138",822,127,695
"S01000139",817,219,598
"S01000140",943,204,739
"S01000141",945,148,797
"S01000142",772,167,605
"S01000143",633,60,573
"S01000144",547,50,497
"S01000145",905,282,623
"S01000146",963,187,776
"S01000147",735,177,558
"S01000148",694,172,522
"S01000149",1011,174,837
"S01000150",636,125,511
"S01000151",907,288,619
"S01000152",1083,341,742
"S01000153",529,90,439
"S01000154",557,146,411
"S01000155",784,178,606
"S01000156",970,134,836
"S01000157",692,270,422
"S01000158",933,205,728
"S01000159",1014,103,911
"S01000160",813,177,636
"S01000161",959,103,856
"S01000162",886,172,714
"S01000163",1022,224,798
"S01000164",471,181,290
"S01000165",861,254,607
"S01000166",1147,141,1006
"S01000167",712,197,515
"S01000168",956,208,748
"S01000169",761,193,568
"S01000170",1035,143,892
"S01000171",892,45,847
"S01000172",501,66,435
"S01000173",811,194,617
"S01000174",873,50,823
"S01000175",528,66,462
"S01000176",744,84,660
"S01000177",554,57,497
"S01000178",760,172,588
"S01000179",757,265,492
"S01000180",693,156,537
"S01000181",654,115,539
"S01000182",873,215,658
"S01000183",1000,183,817
"S01000184",793,149,644
"S01000185",787,240,547
"S01000186",957,282,675
"S01000187",713,144,569
"S01000188",1079,281,798
"S01000189",624,117,507
"S01000190",887,197,690
"S01000191",1057,182,875
"S01000192",767,158,609
"S01000193",802,178,624
"S01000194",745,118,627
"S01000195",697,171,526
"S01000196",924,147,777
"S01000197",610,134,476
"S01000198",746,201,545
"S01000199",716,192,524
"S01000200",846,221,625
"S01000201",654,182,472
"S01000202",888,164,724
"S01000203",453,86,367
"S01000204",622,138,484
"S01000205",960,124,836
"S01000206",714,125,589
"S01000207",883,236,647
"S01000208",857,269,588
"S01000209",987,184,803
"S01000210",578,150,428
"S01000211",713,204,509
"S01000212",788,158,630
"S01000213",672,196,476
"S01000214",507,108,399
"S01000215",736,111,625
"S01000216",619,125,494
"S01000217",698,154,544
"S01000218",718,187,531
"S01000219",698,164,534
"S01000220",1399,165,1234
"S01000221",897,311,586
"S01000222",758,161,597
"S01000223",525,64,461
"S01000224",768,196,572
"S01000225",595,97,498
"S01000226",618,89,529
"S01000227",646,57,589
"S01000228",660,76,584
"S01000229",795,185,610
"S01000230",678,121,557
"S01000231",710,49,661
"S01000232",669,161,508
"S01000233",567,155,412
"S01000234",762,102,660
"S01000235",888,153,735
"S01000236",680,109,571
"S01000237",916,139,777
"S01000238",516,38,478
"S01000239",733,105,628
"S01000240",721,96,625
"S01000241",746,46,700
"S01000242",690,81,609
"S01000243",739,63,676
"S01000244",1045,211,834
"S01000245",953,132,821
"S01000246",750,96,654
"S01000247",767,65,702
"S01000248",868,94,774
"S01000249",738,108,630
"S01000250",805,66,739
"S01000251",501,36,465
"S01000252",867,50,817
"S01000253",745,27,718
"S01000254",808,68,740
"S01000255",632,35,597
"S01000256",919,206,713
"S01000257",826,116,710
"S01000258",666,41,625
"S01000259",614,43,571
"S01000260",890,31,859
"S01000261",1007,118,889
"S01000262",946,163,783
"S01000263",794,65,729
"S01000264",1033,185,848
"S01000265",778,160,618
"S01000266",984,134,850
"S01000267",691,135,556
"S01000268",779,140,639
"S01000269",561,61,500
"S01000270",964,142,822
"S01000271",906,150,756
"S01000272",940,122,818
"S01000273",524,63,461
"S01000274",594,109,485
"S01000275",982,156,826
"S01000276",740,65,675
"S01000277",674,100,574
"S01000278",537,120,417
"S01000279",613,118,495
"S01000280",620,66,554
"S01000281",679,104,575
"S01000282",663,78,585
"S01000283",881,90,791
"S01000284",819,68,751
"S01000285",672,64,608
"S01000286",880,149,731
"S01000287",724,104,620
"S01000288",897,83,814
"S01000289",849,141,708
"S01000290",775,114,661
"S01000291",831,122,709
"S01000292",980,155,825
"S01000293",765,214,551
"S01000294",699,67,632
"S01000295",607,66,541
"S01000296",532,77,455
"S01000297",736,87,649
"S01000298",528,47,481
"S01000299",953,161,792
"S01000300",774,67,707
"S01000301",579,90,489
"S01000302",566,68,498
"S01000303",485,65,420
"S01000304",791,53,738
"S01000305",1040,139,901
"S01000306",746,61,685
"S01000307",991,66,925
"S01000308",991,108,883
"S01000309",646,82,564
"S01000310",899,73,826
"S01000311",947,144,803
"S01000312",646,133,513
"S01000313",709,110,599
"S01000314",572,69,503
"S01000315",661,107,554
"S01000316",800,181,619
"S01000317",551,117,434
"S01000318",577,60,517
"S01000319",723,81,642
"S01000320",722,77,645
"S01000321",581,57,524
"S01000322",1083,79,1004
"S01000323",888,132,756
"S01000324",870,77,793
"S01000325",618,108,510
"S01000326",763,129,634
"S01000327",898,91,807
"S01000328",601,68,533
"S01000329",546,60,486
"S01000330",733,95,638
"S01000331",621,114,507
"S01000332",687,101,586
"S01000333",841,75,766
"S01000334",823,194,629
"S01000335",652,103,549
"S01000336",852,118,734
"S01000337",690,86,604
"S01000338",508,94,414
"S01000339",1094,138,956
"S01000340",971,125,846
"S01000341",748,127,621
"S01000342",387,90,297
"S01000343",644,86,558
"S01000344",894,125,769
"S01000345",646,84,562
"S01000346",683,72,611
"S01000347",478,65,413
"S01000348",816,70,746
"S01000349",592,74,518
"S01000350",1002,78,924
"S01000351",1023,80,943
"S01000352",798,70,728
"S01000353",663,51,612
"S01000354",648,138,510
"S01000355",707,41,666
"S01000356",611,56,555
"S01000357",682,38,644
"S01000358",1030,88,942
"S01000359",856,37,819
"S01000360",514,79,435
"S01000361",614,76,538
"S01000362",920,96,824
"S01000363",960,87,873
"S01000364",900,120,780
"S01000365",677,81,596
"S01000366",761,85,676
"S01000367",753,99,654
"S01000368",797,110,687
"S01000369",975,116,859
"S01000370",796,78,718
"S01000371",931,173,758
"S01000372",983,174,809
"S01000373",588,55,533
"S01000374",611,84,527
"S01000375",646,112,534
"S01000376",899,140,759
"S01000377",721,79,642
"S01000378",581,68,513
"S01000379",574,55,519
"S01000380",748,56,692
"S01000381",884,134,750
"S01000382",755,90,665
"S01000383",655,94,561
"S01000384",731,135,596
"S01000385",574,72,502
"S01000386",766,102,664
"S01000387",853,93,760
"S01000388",775,84,691
"S01000389",667,36,631
"S01000390",727,155,572
"S01000391",636,125,511
"S01000392",723,66,657
"S01000393",857,190,667
"S01000394",688,83,605
"S01000395",588,71,517
"S01000396",940,255,685
"S01000397",1024,158,866
"S01000398",749,78,671
"S01000399",577,98,479
"S01000400",705,127,578
"S01000401",824,101,723
"S01000402",709,83,626
"S01000403",797,111,686
"S01000404",756,88,668
"S01000405",474,42,432
"S01000406",629,90,539
"S01000407",658,107,551
"S01000408",513,41,472
"S01000409",666,54,612
"S01000410",664,56,608
"S01000411",631,71,560
"S01000412",787,77,710
"S01000413",786,94,692
"S01000414",721,60,661
"S01000415",615,110,505
"S01000416",670,78,592
"S01000417",1005,123,882
"S01000418",723,88,635
"S01000419",672,54,618
"S01000420",998,168,830
"S01000421",601,57,544
"S01000422",725,156,569
"S01000423",904,71,833
"S01000424",727,93,634
"S01000425",695,93,602
"S01000426",797,70,727
"S01000427",785,73,712
"S01000428",777,80,697
"S01000429",782,124,658
"S01000430",570,70,500
"S01000431",693,177,516
"S01000432",973,151,822
"S01000433",468,67,401
"S01000434",680,93,587
"S01000435",555,84,471
"S01000436",695,45,650
"S01000437",1024,174,850
"S01000438",698,49,649
"S01000439",700,62,638
"S01000440",868,128,740
"S01000441",871,171,700
"S01000442",808,85,723
"S01000443",581,59,522
"S01000444",573,51,522
"S01000445",971,137,834
"S01000446",946,142,804
"S01000447",539,64,475
"S01000448",622,83,539
"S01000449",784,157,627
"S01000450",645,80,565
"S01000451",790,105,685
"S01000452",561,65,496
"S01000453",547,76,471
"S01000454",493,104,389
"S01000455",870,129,741
"S01000456",718,102,616
"S01000457",872,206,666
"S01000458",853,84,769
"S01000459",1037,172,865
"S01000460",769,142,627
"S01000461",863,187,676
"S01000462",1035,217,818
"S01000463",816,107,709
"S01000464",741,99,642
"S01000465",629,88,541
"S01000466",799,83,716
"S01000467",626,150,476
"S01000468",520,54,466
"S01000469",689,61,628
"S01000470",1263,226,1037
"S01000471",603,77,526
"S01000472",836,100,736
"S01000473",745,115,630
"S01000474",648,75,573
"S01000475",887,138,749
"S01000476",581,102,479
"S01000477",777,125,652
"S01000478",869,213,656
"S01000479",967,215,752
"S01000480",665,101,564
"S01000481",784,108,676
"S01000482",837,245,592
"S01000483",920,229,691
"S01000484",806,129,677
"S01000485",1080,95,985
"S01000486",798,211,587
"S01000487",590,171,419
"S01000488",703,185,518
"S01000489",904,293,611
"S01000490",541,45,496
"S01000491",593,131,462
"S01000492",954,157,797
"S01000493",588,102,486
"S01000494",566,108,458
"S01000495",935,159,776
"S01000496",587,49,538
"S01000497",630,120,510
"S01000498",548,89,459
"S01000499",803,95,708
"S01000500",675,98,577
"S01000501",621,131,490
"S01000502",540,92,448
"S01000503",533,124,409
"S01000504",708,143,565
"S01000505",757,114,643
"S01000506",654,114,540
"S01000507",1087,205,882
"S01000508",877,130,747
"S01000509",1058,203,855
"S01000510",658,102,556
"S01000511",556,80,476
"S01000512",892,115,777
"S01000513",862,169,693
"S01000514",516,63,453
"S01000515",484,61,423
"S01000516",654,106,548
"S01000517",651,113,538
"S01000518",879,169,710
"S01000519",476,65,411
"S01000520",1010,176,834
"S01000521",927,210,717
"S01000522",612,121,491
"S01000523",793,150,643
"S01000524",647,112,535
"S01000525",987,222,765
"S01000526",966,176,790
"S01000527",587,87,500
"S01000528",843,223,620
"S01000529",723,131,592
"S01000530",477,70,407
"S01000531",523,114,409
"S01000532",809,221,588
"S01000533",760,164,596
"S01000534",813,155,658
"S01000535",985,170,815
"S01000536",519,90,429
"S01000537",559,104,455
"S01000538",789,166,623
"S01000539",1028,243,785
"S01000540",784,150,634
"S01000541",552,126,426
"S01000542",672,155,517
"S01000543",814,138,676
"S01000544",733,131,602
"S01000545",717,124,593
"S01000546",609,120,489
"S01000547",544,118,426
"S01000548",1012,255,757
"S01000549",1136,162,974
"S01000550",557,55,502
"S01000551",830,207,623
"S01000552",554,60,494
"S01000553",867,125,742
"S01000554",791,138,653
"S01000555",904,222,682
"S01000556",880,154,726
"S01000557",880,184,696
"S01000558",564,151,413
"S01000559",707,201,506
"S01000560",1044,225,819
"S01000561",1034,269,765
"S01000562",909,222,687
"S01000563",640,165,475
"S01000564",860,207,653
"S01000565",709,135,574
"S01000566",759,162,597
"S01000567",769,182,587
"S01000568",542,106,436
"S01000569",742,114,628
"S01000570",939,185,754
"S01000571",780,240,540
"S01000572",800,114,686
"S01000573",600,47,553
"S01000574",814,183,631
"S01000575",608,123,485
"S01000576",654,102,552
"S01000577",595,107,488
"S01000578",706,125,581
"S01000579",807,199,608
"S01000580",681,69,612
"S01000581",707,103,604
"S01000582",728,80,648
"S01000583",758,98,660
"S01000584",781,175,606
"S01000585",945,210,735
"S01000586",775,105,670
"S01000587",702,155,547
"S01000588",627,117,510
"S01000589",645,116,529
"S01000590",773,133,640
"S01000591",496,87,409
"S01000592",924,162,762
"S01000593",571,80,491
"S01000594",655,141,514
"S01000595",839,139,700
"S01000596",945,108,837
"S01000597",1065,148,917
"S01000598",519,74,445
"S01000599",775,140,635
"S01000600",742,117,625
"S01000601",1072,244,828
"S01000602",679,114,565
"S01000603",822,110,712
"S01000604",1000,153,847
"S01000605",871,188,683
"S01000606",820,227,593
"S01000607",784,160,624
"S01000608",972,218,754
"S01000609",1009,234,775
"S01000610",773,228,545
"S01000611",624,140,484
"S01000612",995,210,785
"S01000613",1004,188,816
"S01000614",722,149,573
"S01000615",764,279,485
"S01000616",1220,153,1067
"S01000617",634,102,532
"S01000618",827,184,643
"S01000619",714,110,604
"S01000620",819,196,623
"S01000621",1009,222,787
"S01000622",547,95,452
"S01000623",780,147,633
"S01000624",604,127,477
"S01000625",629,132,497
"S01000626",822,154,668
"S01000627",931,174,757
"S01000628",559,126,433
"S01000629",662,114,548
"S01000630",732,123,609
"S01000631",637,129,508
"S01000632",589,88,501
"S01000633",632,75,557
"S01000634",822,144,678
"S01000635",678,99,579
"S01000636",501,66,435
"S01000637",595,87,508
"S01000638",503,97,406
"S01000639",606,97,509
"S01000640",635,99,536
"S01000641",785,129,656
"S01000642",807,144,663
"S01000643",609,98,511
"S01000644",680,115,565
"S01000645",898,178,720
"S01000646",826,103,723
"S01000647",877,145,732
"S01000648",910,165,745
"S01000649",582,94,488
"S01000650",737,137,600
"S01000651",806,148,658
"S01000652",812,174,638
"S01000653",909,201,708
"S01000654",943,176,767
"S01000655",797,163,634
"S01000656",678,133,545
"S01000657",760,210,550
"S01000658",578,113,465
"S01000659",1066,203,863
"S01000660",974,212,762
"S01000661",765,158,607
"S01000662",530,69,461
"S01000663",702,123,579
"S01000664",774,136,638
"S01000665",675,132,543
"S01000666",493,75,418
"S01000667",981,189,792
"S01000668",909,177,732
"S01000669",785,199,586
"S01000670",566,104,462
"S01000671",622,146,476
"S01000672",628,95,533
"S01000673",750,112,638
"S01000674",984,143,841
"S01000675",722,85,637
"S01000676",501,114,387
"S01000677",822,188,634
"S01000678",942,149,793
"S01000679",750,143,607
"S01000680",778,151,627
"S01000681",802,165,637
"S01000682",644,178,466
"S01000683",525,82,443
"S01000684",687,201,486
"S01000685",843,169,674
"S01000686",703,127,576
"S01000687",789,136,653
"S01000688",792,167,625
"S01000689",611,100,511
"S01000690",787,117,670
"S01000691",772,143,629
"S01000692",753,136,617
"S01000693",872,188,684
"S01000694",724,132,592
"S01000695",745,122,623
"S01000696",731,161,570
"S01000697",492,89,403
"S01000698",642,104,538
"S01000699",658,149,509
"S01000700",879,113,766
"S01000701",920,182,738
"S01000702",522,88,434
"S01000703",741,136,605
"S01000704",880,133,747
"S01000705",1146,206,940
"S01000706",823,108,715
"S01000707",537,70,467
"S01000708",562,75,487
"S01000709",888,207,681
"S01000710",1083,160,923
"S01000711",620,109,511
"S01000712",595,115,480
"S01000713",832,168,664
"S01000714",832,128,704
"S01000715",671,204,467
"S01000716",541,135,406
"S01000717",870,207,663
"S01000718",952,200,752
"S01000719",660,144,516
"S01000720",858,172,686
"S01000721",658,122,536
"S01000722",819,168,651
"S01000723",527,98,429
"S01000724",862,205,657
"S01000725",633,135,498
"S01000726",687,171,516
"S01000727",706,188,518
"S01000728",768,164,604
"S01000729",542,122,420
"S01000730",407,67,340
"S01000731",547,173,374
"S01000732",536,173,363
"S01000733",732,228,504
"S01000734",851,189,662
"S01000735",445,120,325
"S01000736",720,187,533
"S01000737",511,146,365
"S01000738",579,123,456
"S01000739",759,126,633
"S01000740",673,165,508
"S01000741",806,191,615
"S01000742",541,140,401
"S01000743",726,217,509
"S01000744",733,160,573
"S01000745",681,124,557
"S01000746",738,168,570
"S01000747",568,153,415
"S01000748",514,219,295
"S01000749",559,164,395
"S01000750",694,172,522
"S01000751",713,123,590
"S01000752",992,291,701
"S01000753",646,132,514
"S01000754",650,169,481
"S01000755",730,121,609
"S01000756",1104,293,811
"S01000757",694,199,495
"S01000758",992,147,845
"S01000759",861,226,635
"S01000760",565,98,467
"S01000761",492,120,372
"S01000762",670,97,573
"S01000763",861,136,725
"S01000764",707,105,602
"S01000765",671,48,623
"S01000766",758,192,566
"S01000767",596,142,454
"S01000768",826,176,650
"S01000769",956,204,752
"S01000770",595,127,468
"S01000771",983,168,815
"S01000772",652,141,511
"S01000773",962,218,744
"S01000774",598,45,553
"S01000775",704,182,522
"S01000776",620,47,573
"S01000777",555,49,506
"S01000778",464,67,397
"S01000779",793,95,698
"S01000780",931,187,744
"S01000781",877,128,749
"S01000782",712,76,636
"S01000783",506,78,428
"S01000784",871,137,734
"S01000785",734,188,546
"S01000786",784,157,627
"S01000787",526,112,414
"S01000788",705,114,591
"S01000789",653,142,511
"S01000790",514,92,422
"S01000791",630,117,513
"S01000792",690,106,584
"S01000793",812,203,609
"S01000794",842,189,653
"S01000795",771,138,633
"S01000796",485,90,395
"S01000797",476,83,393
"S01000798",535,121,414
"S01000799",2813,135,2678
"S01000800",1004,267,737
"S01000801",639,106,533
"S01000802",754,154,600
"S01000803",875,143,732
"S01000804",985,158,827
"S01000805",822,193,629
"S01000806",838,152,686
"S01000807",769,132,637
"S01000808",725,134,591
"S01000809",553,93,460
"S01000810",630,98,532
"S01000811",834,89,745
"S01000812",662,203,459
"S01000813",758,83,675
"S01000814",919,116,803
"S01000815",544,146,398
"S01000816",584,111,473
"S01000817",918,166,752
"S01000818",696,89,607
"S01000819",812,154,658
"S01000820",573,110,463
"S01000821",883,167,716
"S01000822",554,87,467
"S01000823",591,79,512
"S01000824",554,114,440
"S01000825",698,115,583
"S01000826",730,177,553
"S01000827",703,143,560
"S01000828",879,161,718
"S01000829",577,126,451
"S01000830",715,148,567
"S01000831",882,175,707
"S01000832",926,157,769
"S01000833",572,108,464
"S01000834",911,259,652
"S01000835",702,177,525
"S01000836",847,197,650
"S01000837",763,208,555
"S01000838",723,125,598
"S01000839",963,180,783
"S01000840",773,191,582
"S01000841",970,227,743
"S01000842",834,160,674
"S01000843",773,167,606
"S01000844",689,149,540
"S01000845",573,120,453
"S01000846",739,198,541
"S01000847",995,287,708
"S01000848",699,152,547
"S01000849",539,122,417
"S01000850",657,214,443
"S01000851",686,78,608
"S01000852",717,220,497
"S01000853",553,160,393
"S01000854",933,228,705
"S01000855",778,188,590
"S01000856",626,191,435
"S01000857",614,122,492
"S01000858",717,78,639
"S01000859",837,156,681
"S01000860",873,225,648
"S01000861",656,149,507
"S01000862",559,94,465
"S01000863",485,112,373
"S01000864",668,146,522
"S01000865",692,179,513
"S01000866",944,276,668
"S01000867",739,241,498
"S01000868",718,211,507
"S01000869",566,116,450
"S01000870",872,188,684
"S01000871",730,145,585
"S01000872",650,152,498
"S01000873",1341,335,1006
"S01000874",545,108,437
"S01000875",736,175,561
"S01000876",744,138,606
"S01000877",741,170,571
"S01000878",588,75,513
"S01000879",876,133,743
"S01000880",778,120,658
"S01000881",703,178,525
"S01000882",939,212,727
"S01000883",923,164,759
"S01000884",569,131,438
"S01000885",524,58,466
"S01000886",734,150,584
"S01000887",781,115,666
"S01000888",724,152,572
"S01000889",796,180,616
"S01000890",796,178,618
"S01000891",925,156,769
"S01000892",586,79,507
"S01000893",730,73,657
"S01000894",523,73,450
"S01000895",900,128,772
"S01000896",485,64,421
"S01000897",685,180,505
"S01000898",576,134,442
"S01000899",867,236,631
"S01000900",657,145,512
"S01000901",675,168,507
"S01000902",979,193,786
"S01000903",968,244,724
"S01000904",689,164,525
"S01000905",701,125,576
"S01000906",565,124,441
"S01000907",773,173,600
"S01000908",773,165,608
"S01000909",934,150,784
"S01000910",870,145,725
"S01000911",966,179,787
"S01000912",754,153,601
"S01000913",722,128,594
"S01000914",855,203,652
"S01000915",960,200,760
"S01000916",991,239,752
"S01000917",683,154,529
"S01000918",643,162,481
"S01000919",522,116,406
"S01000920",505,91,414
"S01000921",738,163,575
"S01000922",818,158,660
"S01000923",751,151,600
"S01000924",841,165,676
"S01000925",943,174,769
"S01000926",650,167,483
"S01000927",1010,228,782
"S01000928",979,230,749
"S01000929",511,112,399
"S01000930",601,155,446
"S01000931",708,144,564
"S01000932",931,240,691
"S01000933",870,179,691
"S01000934",931,275,656
"S01000935",808,168,640
"S01000936",926,222,704
"S01000937",586,135,451
"S01000938",846,180,666
"S01000939",740,196,544
"S01000940",838,220,618
"S01000941",542,142,400
"S01000942",937,215,722
"S01000943",845,161,684
"S01000944",790,174,616
"S01000945",760,170,590
"S01000946",756,151,605
"S01000947",730,174,556
"S01000948",721,125,596
"S01000949",613,133,480
"S01000950",810,212,598
"S01000951",708,178,530
"S01000952",807,178,629
"S01000953",906,161,745
"S01000954",888,170,718
"S01000955",527,89,438
"S01000956",858,193,665
"S01000957",511,101,410
"S01000958",827,156,671
"S01000959",688,119,569
"S01000960",554,170,384
"S01000961",853,167,686
"S01000962",572,116,456
"S01000963",744,180,564
"S01000964",877,193,684
"S01000965",665,115,550
"S01000966",1080,260,820
"S01000967",576,150,426
"S01000968",956,189,767
"S01000969",849,219,630
"S01000970",793,197,596
"S01000971",685,114,571
"S01000972",977,142,835
"S01000973",592,112,480
"S01000974",848,160,688
"S01000975",646,116,530
"S01000976",494,102,392
"S01000977",769,139,630
"S01000978",755,143,612
"S01000979",647,119,528
"S01000980",752,185,567
"S01000981",648,110,538
"S01000982",595,139,456
"S01000983",559,127,432
"S01000984",635,135,500
"S01000985",710,152,558
"S01000986",525,100,425
"S01000987",627,111,516
"S01000988",488,77,411
"S01000989",833,127,706
"S01000990",636,156,480
"S01000991",507,72,435
"S01000992",908,245,663
"S01000993",897,180,717
"S01000994",1031,237,794
"S01000995",831,61,770
"S01000996",1030,288,742
"S01000997",992,143,849
"S01000998",621,132,489
"S01000999",696,88,608
"S01001000",531,123,408
"S01001001",546,82,464
"S01001002",673,56,617
"S01001003",929,115,814
"S01001004",653,122,531
"S01001005",895,138,757
"S01001006",771,87,684
"S01001007",792,158,634
"S01001008",737,130,607
"S01001009",614,103,511
"S01001010",780,233,547
"S01001011",617,114,503
"S01001012",845,132,713
"S01001013",893,180,713
"S01001014",794,175,619
"S01001015",613,202,411
"S01001016",956,230,726
"S01001017",710,144,566
"S01001018",783,200,583
"S01001019",979,219,760
"S01001020",523,126,397
"S01001021",855,191,664
"S01001022",828,190,638
"S01001023",986,181,805
"S01001024",881,222,659
"S01001025",915,143,772
"S01001026",823,127,696
"S01001027",851,207,644
"S01001028",783,197,586
"S01001029",748,142,606
"S01001030",741,116,625
"S01001031",949,150,799
"S01001032",733,159,574
"S01001033",716,137,579
"S01001034",823,185,638
"S01001035",543,106,437
"S01001036",538,118,420
"S01001037",879,239,640
"S01001038",669,91,578
"S01001039",549,96,453
"S01001040",613,100,513
"S01001041",527,81,446
"S01001042",865,87,778
"S01001043",699,90,609
"S01001044",991,211,780
"S01001045",567,108,459
"S01001046",499,112,387
"S01001047",691,151,540
"S01001048",624,106,518
"S01001049",689,155,534
"S01001050",942,192,750
"S01001051",694,174,520
"S01001052",567,95,472
"S01001053",800,162,638
"S01001054",666,110,556
"S01001055",776,204,572
"S01001056",747,161,586
"S01001057",667,145,522
"S01001058",771,153,618
"S01001059",634,80,554
"S01001060",766,128,638
"S01001061",790,139,651
"S01001062",547,76,471
"S01001063",787,143,644
"S01001064",773,128,645
"S01001065",753,128,625
"S01001066",732,148,584
"S01001067",777,125,652
"S01001068",857,192,665
"S01001069",871,152,719
"S01001070",876,176,700
"S01001071",667,144,523
"S01001072",761,122,639
"S01001073",994,194,800
"S01001074",511,78,433
"S01001075",847,228,619
"S01001076",783,129,654
"S01001077",793,184,609
"S01001078",814,146,668
"S01001079",501,56,445
"S01001080",540,116,424
"S01001081",620,121,499
"S01001082",883,211,672
"S01001083",798,180,618
"S01001084",894,145,749
"S01001085",873,186,687
"S01001086",743,210,533
"S01001087",524,195,329
"S01001088",984,264,720
"S01001089",948,253,695
"S01001090",963,125,838
"S01001091",662,119,543
"S01001092",964,120,844
"S01001093",1045,134,911
"S01001094",953,151,802
"S01001095",1166,91,1075
"S01001096",884,92,792
"S01001097",643,98,545
"S01001098",933,107,826
"S01001099",860,166,694
"S01001100",922,275,647
"S01001101",1120,131,989
"S01001102",265,60,205
"S01001103",854,79,775
"S01001104",702,124,578
"S01001105",923,149,774
"S01001106",787,118,669
"S01001107",987,259,728
"S01001108",658,111,547
"S01001109",854,160,694
"S01001110",820,139,681
"S01001111",1020,197,823
"S01001112",825,217,608
"S01001113",1073,239,834
"S01001114",902,279,623
"S01001115",811,208,603
"S01001116",511,193,318
"S01001117",547,143,404
"S01001118",633,167,466
"S01001119",955,273,682
"S01001120",655,146,509
"S01001121",783,177,606
"S01001122",613,121,492
"S01001123",939,161,778
"S01001124",641,186,455
"S01001125",402,86,316
"S01001126",1078,178,900
"S01001127",805,166,639
"S01001128",737,74,663
"S01001129",961,180,781
"S01001130",836,186,650
"S01001131",533,150,383
"S01001132",735,154,581
"S01001133",916,216,700
"S01001134",990,115,875
"S01001135",403,104,299
"S01001136",771,179,592
"S01001137",903,339,564
"S01001138",950,267,683
"S01001139",753,264,489
"S01001140",1024,357,667
"S01001141",452,116,336
"S01001142",966,245,721
"S01001143",771,166,605
"S01001144",674,147,527
"S01001145",598,211,387
"S01001146",916,138,778
"S01001147",664,131,533
"S01001148",740,145,595
"S01001149",673,129,544
"S01001150",726,139,587
"S01001151",559,217,342
"S01001152",977,297,680
"S01001153",742,203,539
"S01001154",761,106,655
"S01001155",653,130,523
"S01001156",772,106,666
"S01001157",862,92,770
"S01001158",573,205,368
"S01001159",795,211,584
"S01001160",593,203,390
"S01001161",582,97,485
"S01001162",865,154,711
"S01001163",675,165,510
"S01001164",589,195,394
"S01001165",781,181,600
"S01001166",292,102,190
"S01001167",955,171,784
"S01001168",675,109,566
"S01001169",1013,347,666
"S01001170",829,245,584
"S01001171",634,97,537
"S01001172",663,188,475
"S01001173",892,239,653
"S01001174",623,106,517
"S01001175",890,201,689
"S01001176",749,135,614
"S01001177",707,209,498
"S01001178",862,335,527
"S01001179",982,125,857
"S01001180",713,245,468
"S01001181",894,155,739
"S01001182",908,273,635
"S01001183",874,326,548
"S01001184",939,138,801
"S01001185",583,90,493
"S01001186",818,103,715
"S01001187",914,253,661
"S01001188",784,264,520
"S01001189",984,307,677
"S01001190",731,100,631
"S01001191",669,232,437
"S01001192",997,406,591
"S01001193",865,133,732
"S01001194",934,155,779
"S01001195",971,318,653
"S01001196",981,323,658
"S01001197",545,158,387
"S01001198",695,169,526
"S01001199",976,250,726
"S01001200",897,297,600
"S01001201",660,143,517
"S01001202",605,181,424
"S01001203",795,250,545
"S01001204",830,123,707
"S01001205",767,144,623
"S01001206",747,209,538
"S01001207",852,230,622
"S01001208",648,210,438
"S01001209",600,40,560
"S01001210",866,254,612
"S01001211",960,214,746
"S01001212",595,151,444
"S01001213",1030,310,720
"S01001214",723,257,466
"S01001215",805,150,655
"S01001216",963,238,725
"S01001217",922,209,713
"S01001218",759,55,704
"S01001219",556,63,493
"S01001220",546,119,427
"S01001221",652,175,477
"S01001222",778,292,486
"S01001223",782,102,680
"S01001224",938,234,704
"S01001225",974,190,784
"S01001226",483,87,396
"S01001227",752,97,655
"S01001228",834,205,629
"S01001229",762,117,645
"S01001230",786,289,497
"S01001231",736,162,574
"S01001232",693,98,595
"S01001233",991,278,713
"S01001234",397,102,295
"S01001235",851,146,705
"S01001236",933,251,682
"S01001237",575,125,450
"S01001238",715,163,552
"S01001239",557,157,400
"S01001240",810,215,595
"S01001241",793,163,630
"S01001242",919,93,826
"S01001243",252,39,213
"S01001244",700,56,644
"S01001245",813,160,653
"S01001246",975,226,749
"S01001247",663,126,537
"S01001248",876,89,787
"S01001249",700,168,532
"S01001250",974,219,755
"S01001251",721,177,544
"S01001252",642,121,521
"S01001253",674,158,516
"S01001254",702,155,547
"S01001255",947,214,733
"S01001256",747,176,571
"S01001257",805,167,638
"S01001258",538,99,439
"S01001259",809,193,616
"S01001260",659,93,566
"S01001261",933,225,708
"S01001262",924,167,757
"S01001263",511,99,412
"S01001264",568,117,451
"S01001265",594,38,556
"S01001266",766,90,676
"S01001267",988,260,728
"S01001268",764,96,668
"S01001269",544,142,402
"S01001270",817,302,515
"S01001271",748,228,520
"S01001272",706,229,477
"S01001273",701,277,424
"S01001274",734,204,530
"S01001275",702,263,439
"S01001276",508,84,424
"S01001277",685,209,476
"S01001278",503,101,402
"S01001279",729,165,564
"S01001280",608,176,432
"S01001281",835,292,543
"S01001282",735,229,506
"S01001283",491,128,363
"S01001284",790,174,616
"S01001285",644,166,478
"S01001286",528,98,430
"S01001287",901,210,691
"S01001288",922,267,655
"S01001289",629,167,462
"S01001290",549,154,395
"S01001291",421,91,330
"S01001292",948,191,757
"S01001293",787,238,549
"S01001294",769,175,594
"S01001295",905,303,602
"S01001296",694,207,487
"S01001297",790,165,625
"S01001298",909,264,645
"S01001299",943,237,706
"S01001300",980,165,815
"S01001301",632,148,484
"S01001302",694,125,569
"S01001303",611,106,505
"S01001304",722,90,632
"S01001305",693,165,528
"S01001306",701,177,524
"S01001307",891,237,654
"S01001308",999,293,706
"S01001309",706,251,455
"S01001310",747,216,531
"S01001311",606,133,473
"S01001312",774,221,553
"S01001313",673,213,460
"S01001314",724,150,574
"S01001315",961,157,804
"S01001316",981,312,669
"S01001317",932,174,758
"S01001318",553,91,462
"S01001319",649,229,420
"S01001320",935,233,702
"S01001321",545,99,446
"S01001322",822,209,613
"S01001323",623,130,493
"S01001324",946,216,730
"S01001325",731,143,588
"S01001326",985,184,801
"S01001327",775,181,594
"S01001328",823,197,626
"S01001329",603,147,456
"S01001330",979,104,875
"S01001331",869,186,683
"S01001332",908,197,711
"S01001333",860,270,590
"S01001334",881,167,714
"S01001335",985,284,701
"S01001336",920,209,711
"S01001337",772,108,664
"S01001338",814,171,643
"S01001339",677,144,533
"S01001340",778,178,600
"S01001341",920,276,644
"S01001342",867,267,600
"S01001343",990,226,764
"S01001344",833,122,711
"S01001345",623,180,443
"S01001346",694,103,591
"S01001347",813,122,691
"S01001348",730,193,537
"S01001349",1251,314,937
"S01001350",730,198,532
"S01001351",504,67,437
"S01001352",878,167,711
"S01001353",679,43,636
"S01001354",794,197,597
"S01001355",766,167,599
"S01001356",635,104,531
"S01001357",663,214,449
"S01001358",873,195,678
"S01001359",747,122,625
"S01001360",854,204,650
"S01001361",558,85,473
"S01001362",622,99,523
"S01001363",595,105,490
"S01001364",880,210,670
"S01001365",644,159,485
"S01001366",969,160,809
"S01001367",725,209,516
"S01001368",1020,137,883
"S01001369",960,229,731
"S01001370",735,142,593
"S01001371",604,190,414
"S01001372",773,110,663
"S01001373",635,187,448
"S01001374",601,74,527
"S01001375",674,75,599
"S01001376",741,176,565
"S01001377",805,222,583
"S01001378",600,106,494
"S01001379",998,226,772
"S01001380",825,227,598
"S01001381",858,184,674
"S01001382",618,289,329
"S01001383",683,158,525
"S01001384",950,191,759
"S01001385",785,196,589
"S01001386",872,208,664
"S01001387",860,147,713
"S01001388",917,240,677
"S01001389",510,88,422
"S01001390",854,141,713
"S01001391",828,127,701
"S01001392",520,147,373
"S01001393",550,93,457
"S01001394",545,93,452
"S01001395",964,110,854
"S01001396",777,158,619
"S01001397",827,181,646
"S01001398",916,116,800
"S01001399",902,223,679
"S01001400",927,210,717
"S01001401",699,164,535
"S01001402",928,96,832
"S01001403",990,47,943
"S01001404",610,38,572
"S01001405",865,65,800
"S01001406",607,106,501
"S01001407",845,160,685
"S01001408",848,195,653
"S01001409",908,175,733
"S01001410",1058,232,826
"S01001411",578,69,509
"S01001412",946,221,725
"S01001413",763,63,700
"S01001414",668,189,479
"S01001415",796,180,616
"S01001416",685,143,542
"S01001417",1034,119,915
"S01001418",944,141,803
"S01001419",746,103,643
"S01001420",604,87,517
"S01001421",839,164,675
"S01001422",549,76,473
"S01001423",812,118,694
"S01001424",1085,282,803
"S01001425",980,253,727
"S01001426",787,167,620
"S01001427",930,128,802
"S01001428",1014,266,748
"S01001429",616,168,448
"S01001430",985,163,822
"S01001431",1027,125,902
"S01001432",731,61,670
"S01001433",917,124,793
"S01001434",974,150,824
"S01001435",1007,165,842
"S01001436",990,123,867
"S01001437",894,117,777
"S01001438",620,102,518
"S01001439",784,118,666
"S01001440",980,111,869
"S01001441",829,180,649
"S01001442",744,89,655
"S01001443",954,141,813
"S01001444",1015,103,912
"S01001445",749,99,650
"S01001446",912,191,721
"S01001447",875,144,731
"S01001448",714,102,612
"S01001449",602,73,529
"S01001450",805,139,666
"S01001451",702,90,612
"S01001452",797,107,690
"S01001453",886,85,801
"S01001454",963,141,822
"S01001455",798,149,649
"S01001456",659,155,504
"S01001457",930,134,796
"S01001458",974,141,833
"S01001459",918,139,779
"S01001460",706,87,619
"S01001461",915,125,790
"S01001462",914,140,774
"S01001463",510,61,449
"S01001464",924,106,818
"S01001465",660,70,590
"S01001466",775,89,686
"S01001467",898,89,809
"S01001468",653,97,556
"S01001469",835,90,745
"S01001470",1009,63,946
"S01001471",747,80,667
"S01001472",876,160,716
"S01001473",807,168,639
"S01001474",1194,301,893
"S01001475",579,87,492
"S01001476",1063,112,951
"S01001477",1060,95,965
"S01001478",695,98,597
"S01001479",643,127,516
"S01001480",532,86,446
"S01001481",998,116,882
"S01001482",772,142,630
"S01001483",906,103,803
"S01001484",855,116,739
"S01001485",731,72,659
"S01001486",848,205,643
"S01001487",678,160,518
"S01001488",941,142,799
"S01001489",949,107,842
"S01001490",881,190,691
"S01001491",907,90,817
"S01001492",1003,225,778
"S01001493",841,118,723
"S01001494",892,232,660
"S01001495",612,98,514
"S01001496",910,166,744
"S01001497",762,159,603
"S01001498",770,70,700
"S01001499",1038,169,869
"S01001500",733,186,547
"S01001501",834,126,708
"S01001502",912,138,774
"S01001503",911,100,811
"S01001504",932,249,683
"S01001505",1018,195,823
"S01001506",591,103,488
"S01001507",962,79,883
"S01001508",1005,74,931
"S01001509",941,232,709
"S01001510",594,150,444
"S01001511",624,70,554
"S01001512",761,206,555
"S01001513",868,206,662
"S01001514",836,133,703
"S01001515",729,102,627
"S01001516",691,178,513
"S01001517",887,318,569
"S01001518",1014,182,832
"S01001519",955,127,828
"S01001520",712,137,575
"S01001521",1027,156,871
"S01001522",995,277,718
"S01001523",801,43,758
"S01001524",963,214,749
"S01001525",844,166,678
"S01001526",645,88,557
"S01001527",865,125,740
"S01001528",1014,110,904
"S01001529",661,140,521
"S01001530",883,162,721
"S01001531",1004,234,770
"S01001532",587,86,501
"S01001533",848,121,727
"S01001534",705,84,621
"S01001535",851,136,715
"S01001536",842,208,634
"S01001537",619,170,449
"S01001538",892,111,781
"S01001539",869,133,736
"S01001540",838,39,799
"S01001541",878,149,729
"S01001542",740,96,644
"S01001543",762,109,653
"S01001544",949,183,766
"S01001545",799,61,738
"S01001546",935,222,713
"S01001547",938,241,697
"S01001548",700,78,622
"S01001549",1048,338,710
"S01001550",657,99,558
"S01001551",832,130,702
"S01001552",862,126,736
"S01001553",809,123,686
"S01001554",993,159,834
"S01001555",781,188,593
"S01001556",925,161,764
"S01001557",1056,153,903
"S01001558",829,192,637
"S01001559",514,126,388
"S01001560",669,135,534
"S01001561",731,127,604
"S01001562",664,137,527
"S01001563",638,97,541
"S01001564",582,107,475
"S01001565",774,188,586
"S01001566",672,81,591
"S01001567",962,89,873
"S01001568",675,80,595
"S01001569",536,45,491
"S01001570",539,25,514
"S01001571",752,181,571
"S01001572",581,75,506
"S01001573",658,71,587
"S01001574",924,220,704
"S01001575",780,133,647
"S01001576",593,191,402
"S01001577",776,130,646
"S01001578",689,136,553
"S01001579",848,224,624
"S01001580",601,131,470
"S01001581",729,90,639
"S01001582",610,136,474
"S01001583",484,100,384
"S01001584",769,189,580
"S01001585",875,252,623
"S01001586",518,34,484
"S01001587",823,235,588
"S01001588",782,134,648
"S01001589",784,178,606
"S01001590",766,92,674
"S01001591",629,185,444
"S01001592",768,159,609
"S01001593",880,163,717
"S01001594",793,208,585
"S01001595",733,140,593
"S01001596",805,168,637
"S01001597",702,129,573
"S01001598",637,114,523
"S01001599",887,208,679
"S01001600",1043,280,763
"S01001601",783,128,655
"S01001602",449,74,375
"S01001603",880,210,670
"S01001604",682,119,563
"S01001605",607,121,486
"S01001606",547,134,413
"S01001607",972,157,815
"S01001608",900,117,783
"S01001609",942,166,776
"S01001610",568,125,443
"S01001611",777,91,686
"S01001612",848,88,760
"S01001613",861,169,692
"S01001614",634,183,451
"S01001615",774,156,618
"S01001616",587,43,544
"S01001617",714,178,536
"S01001618",922,170,752
"S01001619",723,169,554
"S01001620",813,294,519
"S01001621",763,164,599
"S01001622",907,166,741
"S01001623",725,182,543
"S01001624",1051,237,814
"S01001625",756,206,550
"S01001626",806,134,672
"S01001627",715,191,524
"S01001628",585,89,496
"S01001629",615,148,467
"S01001630",548,130,418
"S01001631",941,251,690
"S01001632",619,44,575
"S01001633",941,125,816
"S01001634",834,96,738
"S01001635",742,135,607
"S01001636",575,50,525
"S01001637",741,107,634
"S01001638",883,193,690
"S01001639",675,186,489
"S01001640",689,86,603
"S01001641",612,119,493
"S01001642",950,244,706
"S01001643",762,121,641
"S01001644",765,115,650
"S01001645",919,184,735
"S01001646",581,76,505
"S01001647",660,126,534
"S01001648",776,170,606
"S01001649",759,198,561
"S01001650",898,94,804
"S01001651",908,184,724
"S01001652",816,87,729
"S01001653",669,109,560
"S01001654",601,112,489
"S01001655",609,101,508
"S01001656",968,233,735
"S01001657",512,70,442
"S01001658",925,146,779
"S01001659",645,121,524
"S01001660",652,88,564
"S01001661",648,129,519
"S01001662",769,161,608
"S01001663",782,111,671
"S01001664",543,59,484
"S01001665",761,165,596
"S01001666",612,104,508
"S01001667",771,173,598
"S01001668",692,152,540
"S01001669",639,127,512
"S01001670",689,88,601
"S01001671",568,45,523
"S01001672",589,133,456
"S01001673",666,70,596
"S01001674",711,167,544
"S01001675",677,97,580
"S01001676",966,204,762
"S01001677",835,80,755
"S01001678",942,81,861
"S01001679",696,42,654
"S01001680",601,67,534
"S01001681",649,61,588
"S01001682",522,45,477
"S01001683",736,102,634
"S01001684",575,67,508
"S01001685",680,146,534
"S01001686",937,134,803
"S01001687",992,203,789
"S01001688",838,83,755
"S01001689",727,92,635
"S01001690",545,89,456
"S01001691",819,95,724
"S01001692",608,121,487
"S01001693",808,62,746
"S01001694",644,102,542
"S01001695",744,82,662
"S01001696",762,81,681
"S01001697",807,94,713
"S01001698",523,76,447
"S01001699",666,29,637
"S01001700",980,120,860
"S01001701",889,238,651
"S01001702",954,259,695
"S01001703",757,60,697
"S01001704",937,97,840
"S01001705",590,34,556
"S01001706",784,98,686
"S01001707",693,166,527
"S01001708",943,225,718
"S01001709",605,48,557
"S01001710",663,95,568
"S01001711",765,71,694
"S01001712",517,65,452
"S01001713",957,96,861
"S01001714",707,92,615
"S01001715",960,82,878
"S01001716",785,163,622
"S01001717",776,81,695
"S01001718",505,54,451
"S01001719",795,76,719
"S01001720",690,54,636
"S01001721",584,101,483
"S01001722",754,88,666
"S01001723",709,63,646
"S01001724",732,222,510
"S01001725",715,159,556
"S01001726",662,71,591
"S01001727",880,88,792
"S01001728",672,75,597
"S01001729",970,130,840
"S01001730",630,89,541
"S01001731",635,77,558
"S01001732",596,73,523
"S01001733",733,140,593
"S01001734",527,81,446
"S01001735",506,67,439
"S01001736",999,118,881
"S01001737",614,53,561
"S01001738",619,63,556
"S01001739",628,54,574
"S01001740",788,118,670
"S01001741",650,167,483
"S01001742",707,177,530
"S01001743",911,186,725
"S01001744",616,61,555
"S01001745",830,117,713
"S01001746",1019,206,813
"S01001747",874,238,636
"S01001748",640,81,559
"S01001749",761,204,557
"S01001750",731,160,571
"S01001751",914,211,703
"S01001752",994,107,887
"S01001753",851,208,643
"S01001754",820,49,771
"S01001755",918,162,756
"S01001756",653,165,488
"S01001757",762,118,644
"S01001758",766,150,616
"S01001759",609,149,460
"S01001760",698,155,543
"S01001761",691,202,489
"S01001762",987,258,729
"S01001763",840,75,765
"S01001764",530,42,488
"S01001765",993,281,712
"S01001766",696,99,597
"S01001767",628,91,537
"S01001768",617,82,535
"S01001769",718,119,599
"S01001770",542,118,424
"S01001771",804,145,659
"S01001772",539,179,360
"S01001773",956,193,763
"S01001774",631,66,565
"S01001775",751,125,626
"S01001776",613,143,470
"S01001777",924,104,820
"S01001778",904,304,600
"S01001779",538,126,412
"S01001780",807,152,655
"S01001781",669,91,578
"S01001782",936,143,793
"S01001783",638,143,495
"S01001784",587,120,467
"S01001785",679,81,598
"S01001786",629,119,510
"S01001787",642,98,544
"S01001788",874,120,754
"S01001789",531,101,430
"S01001790",762,80,682
"S01001791",748,57,691
"S01001792",736,97,639
"S01001793",851,126,725
"S01001794",924,136,788
"S01001795",875,109,766
"S01001796",813,108,705
"S01001797",701,158,543
"S01001798",909,94,815
"S01001799",1022,233,789
"S01001800",999,96,903
"S01001801",954,106,848
"S01001802",819,73,746
"S01001803",1003,108,895
"S01001804",1076,158,918
"S01001805",784,150,634
"S01001806",657,116,541
"S01001807",844,158,686
"S01001808",633,128,505
"S01001809",758,216,542
"S01001810",947,102,845
"S01001811",716,70,646
"S01001812",566,59,507
"S01001813",715,83,632
"S01001814",753,59,694
"S01001815",879,124,755
"S01001816",1076,90,986
"S01001817",694,194,500
"S01001818",767,120,647
"S01001819",1032,135,897
"S01001820",800,200,600
"S01001821",524,62,462
"S01001822",1014,145,869
"S01001823",798,254,544
"S01001824",780,172,608
"S01001825",815,79,736
"S01001826",571,170,401
"S01001827",922,185,737
"S01001828",791,32,759
"S01001829",705,139,566
"S01001830",936,83,853
"S01001831",765,185,580
"S01001832",677,209,468
"S01001833",969,102,867
"S01001834",576,170,406
"S01001835",645,65,580
"S01001836",740,128,612
"S01001837",938,99,839
"S01001838",583,134,449
"S01001839",956,262,694
"S01001840",736,88,648
"S01001841",740,92,648
"S01001842",814,101,713
"S01001843",755,186,569
"S01001844",2647,198,2449
"S01001845",848,70,778
"S01001846",943,82,861
"S01001847",823,237,586
"S01001848",788,214,574
"S01001849",631,100,531
"S01001850",784,104,680
"S01001851",786,117,669
"S01001852",808,92,716
"S01001853",776,105,671
"S01001854",1295,220,1075
"S01001855",758,68,690
"S01001856",588,189,399
"S01001857",806,187,619
"S01001858",890,221,669
"S01001859",966,248,718
"S01001860",1074,112,962
"S01001861",895,228,667
"S01001862",909,86,823
"S01001863",916,109,807
"S01001864",894,186,708
"S01001865",707,154,553
"S01001866",704,79,625
"S01001867",548,137,411
"S01001868",673,82,591
"S01001869",845,121,724
"S01001870",733,184,549
"S01001871",864,208,656
"S01001872",809,213,596
"S01001873",809,155,654
"S01001874",720,130,590
"S01001875",880,103,777
"S01001876",1055,284,771
"S01001877",986,180,806
"S01001878",953,114,839
"S01001879",676,196,480
"S01001880",745,157,588
"S01001881",674,92,582
"S01001882",771,105,666
"S01001883",569,46,523
"S01001884",998,314,684
"S01001885",1098,189,909
"S01001886",548,180,368
"S01001887",795,120,675
"S01001888",907,106,801
"S01001889",577,107,470
"S01001890",927,160,767
"S01001891",665,210,455
"S01001892",769,188,581
"S01001893",973,249,724
"S01001894",739,180,559
"S01001895",756,182,574
"S01001896",844,94,750
"S01001897",884,188,696
"S01001898",590,187,403
"S01001899",796,126,670
"S01001900",783,161,622
"S01001901",982,192,790
"S01001902",902,78,824
"S01001903",588,142,446
"S01001904",637,177,460
"S01001905",920,93,827
"S01001906",429,192,237
"S01001907",794,245,549
"S01001908",884,91,793
"S01001909",669,170,499
"S01001910",766,88,678
"S01001911",760,62,698
"S01001912",793,137,656
"S01001913",983,123,860
"S01001914",603,94,509
"S01001915",849,117,732
"S01001916",815,124,691
"S01001917",724,127,597
"S01001918",866,130,736
"S01001919",908,148,760
"S01001920",720,194,526
"S01001921",602,180,422
"S01001922",782,76,706
"S01001923",341,92,249
"S01001924",729,115,614
"S01001925",807,105,702
"S01001926",644,138,506
"S01001927",913,193,720
"S01001928",1097,395,702
"S01001929",754,106,648
"S01001930",772,85,687
"S01001931",754,216,538
"S01001932",1338,320,1018
"S01001933",866,117,749
"S01001934",793,223,570
"S01001935",720,197,523
"S01001936",945,166,779
"S01001937",900,199,701
"S01001938",595,97,498
"S01001939",475,77,398
"S01001940",740,85,655
"S01001941",947,125,822
"S01001942",562,110,452
"S01001943",621,129,492
"S01001944",680,208,472
"S01001945",729,150,579
"S01001946",838,192,646
"S01001947",843,189,654
"S01001948",766,168,598
"S01001949",724,152,572
"S01001950",907,173,734
"S01001951",833,299,534
"S01001952",764,93,671
"S01001953",795,108,687
"S01001954",447,76,371
"S01001955",800,202,598
"S01001956",789,184,605
"S01001957",292,87,205
"S01001958",876,267,609
"S01001959",624,115,509
"S01001960",879,84,795
"S01001961",955,108,847
"S01001962",833,152,681
"S01001963",766,152,614
"S01001964",778,67,711
"S01001965",830,255,575
"S01001966",773,212,561
"S01001967",675,72,603
"S01001968",836,184,652
"S01001969",648,135,513
"S01001970",614,130,484
"S01001971",774,228,546
"S01001972",765,66,699
"S01001973",704,73,631
"S01001974",797,94,703
"S01001975",845,157,688
"S01001976",753,124,629
"S01001977",783,251,532
"S01001978",741,208,533
"S01001979",630,108,522
"S01001980",685,70,615
"S01001981",724,84,640
"S01001982",302,82,220
"S01001983",765,84,681
"S01001984",531,98,433
"S01001985",777,121,656
"S01001986",622,28,594
"S01001987",825,51,774
"S01001988",794,127,667
"S01001989",879,162,717
"S01001990",999,83,916
"S01001991",792,87,705
"S01001992",916,173,743
"S01001993",761,64,697
"S01001994",845,66,779
"S01001995",687,62,625
"S01001996",867,75,792
"S01001997",744,149,595
"S01001998",716,87,629
"S01001999",748,47,701
"S01002000",762,150,612
"S01002001",766,90,676
"S01002002",738,40,698
"S01002003",827,137,690
"S01002004",799,87,712
"S01002005",796,261,535
"S01002006",938,91,847
"S01002007",934,98,836
"S01002008",863,72,791
"S01002009",799,86,713
"S01002010",514,58,456
"S01002011",1088,57,1031
"S01002012",778,69,709
"S01002013",796,115,681
"S01002014",814,76,738
"S01002015",878,113,765
"S01002016",550,36,514
"S01002017",1069,351,718
"S01002018",832,109,723
"S01002019",788,59,729
"S01002020",431,19,412
"S01002021",965,331,634
"S01002022",765,125,640
"S01002023",760,59,701
"S01002024",745,67,678
"S01002025",828,89,739
"S01002026",680,125,555
"S01002027",1047,69,978
"S01002028",2692,161,2531
"S01002029",756,45,711
"S01002030",771,85,686
"S01002031",659,103,556
"S01002032",711,63,648
"S01002033",753,134,619
"S01002034",717,81,636
"S01002035",772,116,656
"S01002036",825,113,712
"S01002037",680,63,617
"S01002038",580,27,553
"S01002039",638,108,530
"S01002040",532,81,451
"S01002041",929,118,811
"S01002042",934,256,678
"S01002043",784,139,645
"S01002044",703,168,535
"S01002045",871,229,642
"S01002046",573,107,466
"S01002047",761,186,575
"S01002048",866,73,793
"S01002049",1096,143,953
"S01002050",710,146,564
"S01002051",818,247,571
"S01002052",752,105,647
"S01002053",760,53,707
"S01002054",595,54,541
"S01002055",902,81,821
"S01002056",942,228,714
"S01002057",858,120,738
"S01002058",668,112,556
"S01002059",711,122,589
"S01002060",742,87,655
"S01002061",663,90,573
"S01002062",625,151,474
"S01002063",984,126,858
"S01002064",803,100,703
"S01002065",764,94,670
"S01002066",703,114,589
"S01002067",809,153,656
"S01002068",896,113,783
"S01002069",600,114,486
"S01002070",662,118,544
"S01002071",605,44,561
"S01002072",1099,170,929
"S01002073",634,121,513
"S01002074",660,113,547
"S01002075",876,138,738
"S01002076",838,155,683
"S01002077",839,120,719
"S01002078",862,133,729
"S01002079",751,138,613
"S01002080",979,143,836
"S01002081",697,110,587
"S01002082",835,127,708
"S01002083",544,192,352
"S01002084",554,76,478
"S01002085",654,57,597
"S01002086",547,94,453
"S01002087",935,228,707
"S01002088",908,176,732
"S01002089",991,157,834
"S01002090",1076,253,823
"S01002091",796,101,695
"S01002092",1004,241,763
"S01002093",767,116,651
"S01002094",742,161,581
"S01002095",572,98,474
"S01002096",832,92,740
"S01002097",801,152,649
"S01002098",707,172,535
"S01002099",851,75,776
"S01002100",596,100,496
"S01002101",900,215,685
"S01002102",655,132,523
"S01002103",744,90,654
"S01002104",1031,274,757
"S01002105",1021,106,915
"S01002106",965,133,832
"S01002107",546,71,475
"S01002108",959,85,874
"S01002109",866,70,796
"S01002110",687,65,622
"S01002111",1023,139,884
"S01002112",1044,140,904
"S01002113",762,114,648
"S01002114",715,77,638
"S01002115",1055,103,952
"S01002116",804,178,626
"S01002117",631,109,522
"S01002118",895,184,711
"S01002119",602,164,438
"S01002120",762,86,676
"S01002121",705,126,579
"S01002122",986,212,774
"S01002123",1268,125,1143
"S01002124",763,110,653
"S01002125",1093,241,852
"S01002126",669,100,569
"S01002127",728,127,601
"S01002128",738,55,683
"S01002129",835,193,642
"S01002130",656,67,589
"S01002131",652,95,557
"S01002132",790,156,634
"S01002133",1096,156,940
"S01002134",618,80,538
"S01002135",863,88,775
"S01002136",705,93,612
"S01002137",885,134,751
"S01002138",628,178,450
"S01002139",703,76,627
"S01002140",906,215,691
"S01002141",688,89,599
"S01002142",1050,183,867
"S01002143",763,169,594
"S01002144",721,115,606
"S01002145",976,106,870
"S01002146",913,105,808
"S01002147",965,251,714
"S01002148",864,107,757
"S01002149",1022,236,786
"S01002150",689,97,592
"S01002151",1106,214,892
"S01002152",821,87,734
"S01002153",540,85,455
"S01002154",895,252,643
"S01002155",1012,250,762
"S01002156",759,59,700
"S01002157",816,97,719
"S01002158",771,77,694
"S01002159",754,107,647
"S01002160",791,208,583
"S01002161",710,103,607
"S01002162",1018,141,877
"S01002163",1003,145,858
"S01002164",854,163,691
"S01002165",957,109,848
"S01002166",804,67,737
"S01002167",660,186,474
"S01002168",1005,201,804
"S01002169",783,110,673
"S01002170",871,293,578
"S01002171",624,137,487
"S01002172",736,141,595
"S01002173",953,196,757
"S01002174",913,148,765
"S01002175",973,140,833
"S01002176",800,141,659
"S01002177",790,68,722
"S01002178",916,111,805
"S01002179",692,115,577
"S01002180",504,41,463
"S01002181",762,128,634
"S01002182",731,83,648
"S01002183",842,152,690
"S01002184",792,108,684
"S01002185",802,211,591
"S01002186",737,62,675
"S01002187",903,82,821
"S01002188",783,121,662
"S01002189",732,124,608
"S01002190",780,113,667
"S01002191",801,257,544
"S01002192",866,233,633
"S01002193",916,109,807
"S01002194",744,203,541
"S01002195",909,177,732
"S01002196",667,106,561
"S01002197",566,85,481
"S01002198",852,126,726
"S01002199",745,75,670
"S01002200",795,114,681
"S01002201",888,72,816
"S01002202",688,58,630
"S01002203",475,35,440
"S01002204",711,224,487
"S01002205",767,78,689
"S01002206",546,99,447
"S01002207",844,127,717
"S01002208",557,49,508
"S01002209",916,121,795
"S01002210",610,74,536
"S01002211",570,211,359
"S01002212",1012,267,745
"S01002213",829,104,725
"S01002214",768,80,688
"S01002215",995,233,762
"S01002216",774,155,619
"S01002217",914,229,685
"S01002218",556,50,506
"S01002219",672,102,570
"S01002220",792,60,732
"S01002221",767,163,604
"S01002222",836,119,717
"S01002223",719,112,607
"S01002224",746,110,636
"S01002225",721,95,626
"S01002226",1037,121,916
"S01002227",835,273,562
"S01002228",978,188,790
"S01002229",785,117,668
"S01002230",972,147,825
"S01002231",1136,145,991
"S01002232",715,221,494
"S01002233",931,194,737
"S01002234",783,179,604
"S01002235",968,126,842
"S01002236",907,211,696
"S01002237",1103,140,963
"S01002238",567,196,371
"S01002239",939,252,687
"S01002240",748,144,604
"S01002241",890,228,662
"S01002242",788,134,654
"S01002243",767,114,653
"S01002244",724,122,602
"S01002245",949,92,857
"S01002246",834,153,681
"S01002247",866,241,625
"S01002248",1169,194,975
"S01002249",784,232,552
"S01002250",973,128,845
"S01002251",744,90,654
"S01002252",607,125,482
"S01002253",1005,274,731
"S01002254",788,158,630
"S01002255",1039,214,825
"S01002256",768,95,673
"S01002257",713,98,615
"S01002258",777,149,628
"S01002259",537,90,447
"S01002260",853,95,758
"S01002261",1022,184,838
"S01002262",789,130,659
"S01002263",794,106,688
"S01002264",867,103,764
"S01002265",1038,262,776
"S01002266",592,108,484
"S01002267",972,205,767
"S01002268",715,98,617
"S01002269",910,160,750
"S01002270",914,150,764
"S01002271",853,140,713
"S01002272",560,68,492
"S01002273",792,163,629
"S01002274",719,142,577
"S01002275",897,200,697
"S01002276",813,75,738
"S01002277",781,171,610
"S01002278",1064,230,834
"S01002279",961,216,745
"S01002280",797,120,677
"S01002281",709,157,552
"S01002282",341,101,240
"S01002283",744,126,618
"S01002284",1023,188,835
"S01002285",782,233,549
"S01002286",783,159,624
"S01002287",772,114,658
"S01002288",749,84,665
"S01002289",799,266,533
"S01002290",795,183,612
"S01002291",838,276,562
"S01002292",810,195,615
"S01002293",874,108,766
"S01002294",632,124,508
"S01002295",758,100,658
"S01002297",929,234,695
"S01002298",744,79,665
"S01002299",841,119,722
"S01002300",792,121,671
"S01002301",860,110,750
"S01002302",749,155,594
"S01002303",832,193,639
"S01002304",798,119,679
"S01002305",834,197,637
"S01002306",475,57,418
"S01002307",634,72,562
"S01002308",911,121,790
"S01002309",741,209,532
"S01002310",848,257,591
"S01002311",731,67,664
"S01002312",653,168,485
"S01002313",737,74,663
"S01002314",831,129,702
"S01002315",558,85,473
"S01002316",751,96,655
"S01002317",879,150,729
"S01002318",845,182,663
"S01002319",1105,376,729
"S01002320",638,98,540
"S01002321",892,246,646
"S01002322",689,86,603
"S01002323",785,179,606
"S01002324",761,229,532
"S01002325",577,200,377
"S01002326",827,189,638
"S01002327",682,105,577
"S01002328",765,93,672
"S01002329",708,87,621
"S01002330",798,141,657
"S01002331",709,158,551
"S01002332",958,59,899
"S01002333",834,76,758
"S01002334",827,105,722
"S01002335",983,114,869
"S01002336",1019,78,941
"S01002337",977,95,882
"S01002338",579,119,460
"S01002339",632,136,496
"S01002340",540,108,432
"S01002341",560,92,468
"S01002342",614,102,512
"S01002343",777,114,663
"S01002344",532,78,454
"S01002345",717,121,596
"S01002346",921,172,749
"S01002347",736,126,610
"S01002348",958,192,766
"S01002349",960,219,741
"S01002350",965,194,771
"S01002351",652,149,503
"S01002352",849,203,646
"S01002353",745,142,603
"S01002354",782,156,626
"S01002355",881,173,708
"S01002356",774,205,569
"S01002357",710,154,556
"S01002358",530,124,406
"S01002359",948,268,680
"S01002360",717,231,486
"S01002361",606,119,487
"S01002362",691,108,583
"S01002363",928,191,737
"S01002364",748,141,607
"S01002365",544,122,422
"S01002366",559,114,445
"S01002367",871,168,703
"S01002368",867,137,730
"S01002369",528,112,416
"S01002370",724,137,587
"S01002371",644,133,511
"S01002372",798,155,643
"S01002373",631,136,495
"S01002374",710,167,543
"S01002375",895,217,678
"S01002376",868,189,679
"S01002377",850,221,629
"S01002378",556,90,466
"S01002379",945,197,748
"S01002380",702,137,565
"S01002381",829,141,688
"S01002382",666,201,465
"S01002383",544,64,480
"S01002384",554,79,475
"S01002385",819,194,625
"S01002386",995,140,855
"S01002387",617,113,504
"S01002388",824,74,750
"S01002389",746,95,651
"S01002390",735,134,601
"S01002391",883,144,739
"S01002392",897,129,768
"S01002393",520,95,425
"S01002394",662,141,521
"S01002395",768,92,676
"S01002396",754,167,587
"S01002397",1120,145,975
"S01002398",834,87,747
"S01002399",1017,239,778
"S01002400",887,87,800
"S01002401",964,54,910
"S01002402",895,146,749
"S01002403",773,139,634
"S01002404",990,147,843
"S01002405",777,89,688
"S01002406",790,172,618
"S01002407",803,128,675
"S01002408",885,242,643
"S01002409",715,173,542
"S01002410",532,53,479
"S01002411",667,119,548
"S01002412",1006,141,865
"S01002413",703,98,605
"S01002414",613,181,432
"S01002415",773,174,599
"S01002416",533,73,460
"S01002417",722,124,598
"S01002418",945,205,740
"S01002419",542,76,466
"S01002420",694,218,476
"S01002421",876,91,785
"S01002422",604,93,511
"S01002423",679,196,483
"S01002424",900,210,690
"S01002425",811,155,656
"S01002426",634,220,414
"S01002427",805,183,622
"S01002428",532,126,406
"S01002429",724,407,317
"S01002430",565,143,422
"S01002431",760,180,580
"S01002432",716,128,588
"S01002433",534,137,397
"S01002434",923,242,681
"S01002435",717,106,611
"S01002436",760,277,483
"S01002437",501,123,378
"S01002438",710,161,549
"S01002439",812,168,644
"S01002440",913,146,767
"S01002441",638,112,526
"S01002442",459,96,363
"S01002443",573,153,420
"S01002444",531,156,375
"S01002445",749,207,542
"S01002446",818,163,655
"S01002447",737,139,598
"S01002448",574,144,430
"S01002449",480,50,430
"S01002450",712,188,524
"S01002451",1092,186,906
"S01002452",568,127,441
"S01002453",799,108,691
"S01002454",807,124,683
"S01002455",627,100,527
"S01002456",1019,323,696
"S01002457",822,199,623
"S01002458",877,247,630
"S01002459",525,125,400
"S01002460",846,267,579
"S01002461",477,20,457
"S01002462",673,147,526
"S01002463",1013,206,807
"S01002464",545,146,399
"S01002465",582,74,508
"S01002466",996,241,755
"S01002467",454,121,333
"S01002468",610,223,387
"S01002469",651,149,502
"S01002470",856,207,649
"S01002471",510,148,362
"S01002472",581,124,457
"S01002473",847,169,678
"S01002474",479,92,387
"S01002475",531,104,427
"S01002476",827,93,734
"S01002477",835,204,631
"S01002478",935,179,756
"S01002479",739,159,580
"S01002480",568,166,402
"S01002481",1001,233,768
"S01002482",859,185,674
"S01002483",701,187,514
"S01002484",851,229,622
"S01002485",892,148,744
"S01002486",557,163,394
"S01002487",463,120,343
"S01002488",671,197,474
"S01002489",553,174,379
"S01002490",619,172,447
"S01002491",499,174,325
"S01002492",634,132,502
"S01002493",943,194,749
"S01002494",697,84,613
"S01002495",696,192,504
"S01002496",629,176,453
"S01002497",648,179,469
"S01002498",723,55,668
"S01002499",858,287,571
"S01002500",580,169,411
"S01002501",497,92,405
"S01002502",890,231,659
"S01002503",575,156,419
"S01002504",914,266,648
"S01002505",772,213,559
"S01002506",875,135,740
"S01002507",607,198,409
"S01002508",831,121,710
"S01002509",1000,210,790
"S01002510",1022,181,841
"S01002511",498,97,401
"S01002512",544,154,390
"S01002513",848,174,674
"S01002514",593,173,420
"S01002515",615,179,436
"S01002516",744,155,589
"S01002517",609,98,511
"S01002518",729,116,613
"S01002519",821,284,537
"S01002520",520,149,371
"S01002521",582,116,466
"S01002522",704,108,596
"S01002523",712,97,615
"S01002524",590,69,521
"S01002525",699,165,534
"S01002526",578,74,504
"S01002527",781,60,721
"S01002528",735,152,583
"S01002529",902,228,674
"S01002530",755,153,602
"S01002531",730,193,537
"S01002532",774,157,617
"S01002533",864,177,687
"S01002534",978,220,758
"S01002535",500,125,375
"S01002536",510,131,379
"S01002537",604,122,482
"S01002538",956,166,790
"S01002539",811,280,531
"S01002540",557,151,406
"S01002541",989,143,846
"S01002542",586,73,513
"S01002543",602,154,448
"S01002544",790,144,646
"S01002545",635,174,461
"S01002546",683,148,535
"S01002547",655,95,560
"S01002548",991,265,726
"S01002549",570,65,505
"S01002550",544,64,480
"S01002551",595,127,468
"S01002552",593,143,450
"S01002553",819,190,629
"S01002554",661,40,621
"S01002555",726,159,567
"S01002556",778,179,599
"S01002557",839,204,635
"S01002558",530,128,402
"S01002559",687,109,578
"S01002560",570,106,464
"S01002561",685,149,536
"S01002562",654,129,525
"S01002563",1163,449,714
"S01002564",620,103,517
"S01002565",911,99,812
"S01002566",779,80,699
"S01002567",571,36,535
"S01002568",732,130,602
"S01002569",977,198,779
"S01002570",619,91,528
"S01002571",604,187,417
"S01002572",579,87,492
"S01002573",523,76,447
"S01002574",781,171,610
"S01002575",846,115,731
"S01002576",741,103,638
"S01002577",965,227,738
"S01002578",779,75,704
"S01002579",809,145,664
"S01002580",799,160,639
"S01002581",783,37,746
"S01002582",720,190,530
"S01002583",790,86,704
"S01002584",780,84,696
"S01002585",877,153,724
"S01002586",556,103,453
"S01002587",718,100,618
"S01002588",787,108,679
"S01002589",789,110,679
"S01002590",757,120,637
"S01002591",576,146,430
"S01002592",815,191,624
"S01002593",777,159,618
"S01002594",680,35,645
"S01002595",621,114,507
"S01002596",752,106,646
"S01002597",517,96,421
"S01002598",916,135,781
"S01002599",551,115,436
"S01002600",882,54,828
"S01002601",668,166,502
"S01002602",528,92,436
"S01002603",744,182,562
"S01002604",993,151,842
"S01002605",632,128,504
"S01002606",601,96,505
"S01002607",872,159,713
"S01002608",600,68,532
"S01002609",791,195,596
"S01002610",928,194,734
"S01002611",854,114,740
"S01002612",762,145,617
"S01002613",904,157,747
"S01002614",943,133,810
"S01002615",467,83,384
"S01002616",633,60,573
"S01002617",940,237,703
"S01002618",793,182,611
"S01002619",789,112,677
"S01002620",826,212,614
"S01002621",630,86,544
"S01002622",903,55,848
"S01002623",684,73,611
"S01002624",723,81,642
"S01002625",856,100,756
"S01002626",759,176,583
"S01002627",1064,107,957
"S01002628",805,82,723
"S01002629",821,125,696
"S01002630",638,167,471
"S01002631",741,101,640
"S01002632",596,93,503
"S01002633",1000,166,834
"S01002634",781,128,653
"S01002635",594,120,474
"S01002636",562,84,478
"S01002637",800,180,620
"S01002638",790,175,615
"S01002639",956,130,826
"S01002640",765,119,646
"S01002641",961,109,852
"S01002642",573,188,385
"S01002643",521,158,363
"S01002644",761,120,641
"S01002645",652,165,487
"S01002646",659,102,557
"S01002647",939,293,646
"S01002648",760,116,644
"S01002649",755,159,596
"S01002650",673,109,564
"S01002651",667,170,497
"S01002652",733,103,630
"S01002653",762,163,599
"S01002654",725,185,540
"S01002655",702,168,534
"S01002656",676,181,495
"S01002657",815,179,636
"S01002658",1004,169,835
"S01002659",929,134,795
"S01002660",865,200,665
"S01002661",822,215,607
"S01002662",814,186,628
"S01002663",709,70,639
"S01002664",940,88,852
"S01002665",787,187,600
"S01002666",816,166,650
"S01002667",647,151,496
"S01002668",521,110,411
"S01002669",886,166,720
"S01002670",655,77,578
"S01002671",963,165,798
"S01002672",616,146,470
"S01002673",532,101,431
"S01002674",755,138,617
"S01002675",931,173,758
"S01002676",835,212,623
"S01002677",991,208,783
"S01002678",1010,198,812
"S01002679",943,279,664
"S01002680",940,180,760
"S01002681",756,162,594
"S01002682",588,132,456
"S01002683",627,133,494
"S01002684",725,175,550
"S01002685",914,264,650
"S01002686",863,143,720
"S01002687",832,153,679
"S01002688",718,74,644
"S01002689",697,61,636
"S01002690",565,118,447
"S01002691",1096,193,903
"S01002692",926,138,788
"S01002693",450,74,376
"S01002694",764,150,614
"S01002695",624,127,497
"S01002696",778,161,617
"S01002697",916,123,793
"S01002698",729,160,569
"S01002699",531,124,407
"S01002700",909,204,705
"S01002701",916,107,809
"S01002702",618,203,415
"S01002703",848,171,677
"S01002704",682,143,539
"S01002705",679,211,468
"S01002706",810,171,639
"S01002707",909,193,716
"S01002708",724,169,555
"S01002709",615,150,465
"S01002710",580,89,491
"S01002711",894,224,670
"S01002712",790,209,581
"S01002713",797,277,520
"S01002714",929,173,756
"S01002715",922,237,685
"S01002716",575,75,500
"S01002717",766,141,625
"S01002718",895,209,686
"S01002719",788,156,632
"S01002720",773,138,635
"S01002721",804,233,571
"S01002722",668,115,553
"S01002723",637,221,416
"S01002724",822,172,650
"S01002725",912,205,707
"S01002726",796,179,617
"S01002727",978,96,882
"S01002728",857,185,672
"S01002729",941,91,850
"S01002730",772,123,649
"S01002731",790,211,579
"S01002732",684,166,518
"S01002733",627,194,433
"S01002734",939,282,657
"S01002735",933,234,699
"S01002736",715,138,577
"S01002737",743,114,629
"S01002738",720,144,576
"S01002739",805,149,656
"S01002740",570,82,488
"S01002741",865,179,686
"S01002742",837,237,600
"S01002743",580,167,413
"S01002744",567,91,476
"S01002745",609,166,443
"S01002746",834,167,667
"S01002747",595,148,447
"S01002748",589,137,452
"S01002749",779,162,617
"S01002750",918,283,635
"S01002751",970,241,729
"S01002752",555,170,385
"S01002753",662,85,577
"S01002754",610,138,472
"S01002755",792,176,616
"S01002756",833,257,576
"S01002757",580,170,410
"S01002758",733,184,549
"S01002759",750,150,600
"S01002760",515,144,371
"S01002761",764,229,535
"S01002762",633,155,478
"S01002763",917,204,713
"S01002764",658,167,491
"S01002765",751,258,493
"S01002766",893,232,661
"S01002767",950,137,813
"S01002768",849,180,669
"S01002769",787,140,647
"S01002770",544,141,403
"S01002771",778,194,584
"S01002772",1077,244,833
"S01002773",973,251,722
"S01002774",787,201,586
"S01002775",818,240,578
"S01002776",698,103,595
"S01002777",1000,291,709
"S01002778",759,256,503
"S01002779",637,159,478
"S01002780",916,189,727
"S01002781",947,265,682
"S01002782",848,287,561
"S01002783",792,197,595
"S01002784",567,112,455
"S01002785",709,142,567
"S01002786",742,113,629
"S01002787",773,126,647
"S01002788",816,103,713
"S01002789",774,91,683
"S01002790",812,233,579
"S01002791",676,163,513
"S01002792",916,214,702
"S01002793",801,225,576
"S01002794",876,241,635
"S01002795",673,86,587
"S01002796",573,166,407
"S01002797",840,96,744
"S01002798",595,139,456
"S01002799",622,188,434
"S01002800",811,80,731
"S01002801",986,292,694
"S01002802",652,64,588
"S01002803",836,190,646
"S01002804",539,153,386
"S01002805",856,269,587
"S01002806",590,159,431
"S01002807",720,244,476
"S01002808",848,199,649
"S01002809",683,209,474
"S01002810",967,224,743
"S01002811",959,244,715
"S01002812",630,148,482
"S01002813",728,230,498
"S01002814",721,159,562
"S01002815",786,251,535
"S01002816",568,140,428
"S01002817",575,188,387
"S01002818",582,111,471
"S01002819",828,236,592
"S01002820",924,228,696
"S01002821",975,224,751
"S01002822",908,228,680
"S01002823",825,215,610
"S01002824",777,155,622
"S01002825",975,242,733
"S01002826",546,162,384
"S01002827",670,189,481
"S01002828",633,113,520
"S01002829",812,264,548
"S01002830",663,226,437
"S01002831",800,188,612
"S01002832",816,135,681
"S01002833",1119,168,951
"S01002834",911,255,656
"S01002835",751,199,552
"S01002836",581,130,451
"S01002837",598,184,414
"S01002838",568,177,391
"S01002839",541,173,368
"S01002840",683,174,509
"S01002841",626,70,556
"S01002842",628,217,411
"S01002843",820,270,550
"S01002844",605,135,470
"S01002845",782,183,599
"S01002846",905,192,713
"S01002847",926,175,751
"S01002848",853,155,698
"S01002849",1051,191,860
"S01002850",903,212,691
"S01002851",499,93,406
"S01002852",1000,212,788
"S01002853",443,110,333
"S01002854",839,240,599
"S01002855",629,177,452
"S01002856",776,188,588
"S01002857",505,95,410
"S01002858",480,94,386
"S01002859",851,225,626
"S01002860",919,157,762
"S01002861",965,171,794
"S01002862",640,127,513
"S01002863",793,197,596
"S01002864",612,171,441
"S01002865",919,172,747
"S01002866",1083,266,817
"S01002867",578,79,499
"S01002868",754,201,553
"S01002869",545,128,417
"S01002870",925,222,703
"S01002871",606,115,491
"S01002872",627,173,454
"S01002873",784,176,608
"S01002874",909,131,778
"S01002875",678,155,523
"S01002876",697,146,551
"S01002877",782,140,642
"S01002878",567,108,459
"S01002879",861,172,689
"S01002880",513,103,410
"S01002881",878,201,677
"S01002882",748,219,529
"S01002883",1133,316,817
"S01002884",804,215,589
"S01002885",792,135,657
"S01002886",678,158,520
"S01002887",635,153,482
"S01002888",603,123,480
"S01002889",847,160,687
"S01002890",752,148,604
"S01002891",792,162,630
"S01002892",664,189,475
"S01002893",729,191,538
"S01002894",782,172,610
"S01002895",659,213,446
"S01002896",719,150,569
"S01002897",521,193,328
"S01002898",993,209,784
"S01002899",506,68,438
"S01002900",744,160,584
"S01002901",835,185,650
"S01002902",785,139,646
"S01002903",869,214,655
"S01002904",651,127,524
"S01002905",745,137,608
"S01002906",845,152,693
"S01002907",610,137,473
"S01002908",787,161,626
"S01002909",727,184,543
"S01002910",780,183,597
"S01002911",915,217,698
"S01002912",980,183,797
"S01002913",805,140,665
"S01002914",718,182,536
"S01002915",1019,191,828
"S01002916",779,256,523
"S01002917",671,111,560
"S01002918",736,153,583
"S01002919",945,165,780
"S01002920",639,166,473
"S01002921",679,136,543
"S01002922",560,131,429
"S01002923",705,148,557
"S01002924",699,136,563
"S01002925",1034,221,813
"S01002926",819,147,672
"S01002927",790,190,600
"S01002928",561,89,472
"S01002929",801,152,649
"S01002930",663,87,576
"S01002931",793,180,613
"S01002932",771,55,716
"S01002933",865,186,679
"S01002934",953,178,775
"S01002935",828,150,678
"S01002936",713,43,670
"S01002937",642,102,540
"S01002938",805,204,601
"S01002939",546,82,464
"S01002940",526,114,412
"S01002941",968,185,783
"S01002942",538,79,459
"S01002943",530,75,455
"S01002944",952,167,785
"S01002945",588,97,491
"S01002946",641,117,524
"S01002947",492,69,423
"S01002948",875,152,723
"S01002949",507,89,418
"S01002950",747,126,621
"S01002951",898,180,718
"S01002952",620,114,506
"S01002953",904,175,729
"S01002954",869,127,742
"S01002955",988,206,782
"S01002956",767,155,612
"S01002957",960,135,825
"S01002958",562,86,476
"S01002959",978,144,834
"S01002960",697,103,594
"S01002961",774,182,592
"S01002962",628,162,466
"S01002963",778,152,626
"S01002964",819,155,664
"S01002965",816,137,679
"S01002966",838,291,547
"S01002967",832,133,699
"S01002968",712,83,629
"S01002969",941,189,752
"S01002970",522,78,444
"S01002971",1082,132,950
"S01002972",905,202,703
"S01002973",895,166,729
"S01002974",560,70,490
"S01002975",550,131,419
"S01002976",939,230,709
"S01002977",711,126,585
"S01002978",1071,242,829
"S01002979",710,150,560
"S01002980",790,146,644
"S01002981",827,100,727
"S01002982",680,108,572
"S01002983",777,202,575
"S01002984",743,145,598
"S01002985",564,97,467
"S01002986",756,158,598
"S01002987",638,135,503
"S01002988",698,138,560
"S01002989",975,248,727
"S01002990",580,48,532
"S01002991",802,135,667
"S01002992",694,97,597
"S01002993",820,90,730
"S01002994",1117,133,984
"S01002995",745,57,688
"S01002996",1028,176,852
"S01002997",667,113,554
"S01002998",788,113,675
"S01002999",906,89,817
"S01003000",900,122,778
"S01003001",604,117,487
"S01003002",764,154,610
"S01003003",555,89,466
"S01003004",524,67,457
"S01003005",561,69,492
"S01003006",737,111,626
"S01003007",781,110,671
"S01003008",963,64,899
"S01003009",534,107,427
"S01003010",601,71,530
"S01003011",470,36,434
"S01003012",989,154,835
"S01003013",582,71,511
"S01003014",683,90,593
"S01003015",772,114,658
"S01003016",470,66,404
"S01003017",646,129,517
"S01003018",782,129,653
"S01003019",799,173,626
"S01003020",662,149,513
"S01003021",691,136,555
"S01003022",980,191,789
"S01003023",792,121,671
"S01003024",629,129,500
"S01003025",751,148,603
"S01003026",627,205,422
"S01003027",1148,161,987
"S01003028",768,294,474
"S01003029",770,237,533
"S01003030",850,246,604
"S01003032",454,154,300
"S01003033",514,155,359
"S01003034",902,136,766
"S01003035",766,172,594
"S01003036",773,310,463
"S01003037",799,140,659
"S01003038",896,94,802
"S01003039",883,260,623
"S01003040",850,307,543
"S01003041",729,78,651
"S01003042",652,178,474
"S01003043",577,166,411
"S01003044",936,294,642
"S01003045",843,211,632
"S01003046",754,142,612
"S01003047",1008,358,650
"S01003048",489,190,299
"S01003049",584,189,395
"S01003050",798,105,693
"S01003051",938,196,742
"S01003052",759,282,477
"S01003053",929,173,756
"S01003054",896,202,694
"S01003055",865,303,562
"S01003056",890,222,668
"S01003057",709,90,619
"S01003058",766,182,584
"S01003059",838,159,679
"S01003060",692,181,511
"S01003061",849,111,738
"S01003062",961,286,675
"S01003063",799,117,682
"S01003064",926,348,578
"S01003065",919,171,748
"S01003066",943,127,816
"S01003067",661,109,552
"S01003068",859,133,726
"S01003069",606,150,456
"S01003070",790,213,577
"S01003071",649,105,544
"S01003072",993,280,713
"S01003073",763,112,651
"S01003074",788,106,682
"S01003075",735,130,605
"S01003076",912,254,658
"S01003077",1016,317,699
"S01003078",722,155,567
"S01003079",914,138,776
"S01003080",859,93,766
"S01003081",936,85,851
"S01003082",742,176,566
"S01003083",1072,238,834
"S01003084",873,341,532
"S01003085",1010,177,833
"S01003086",715,105,610
"S01003087",679,93,586
"S01003088",1000,304,696
"S01003089",620,62,558
"S01003090",768,214,554
"S01003091",634,91,543
"S01003092",808,235,573
"S01003093",1018,313,705
"S01003094",1013,279,734
"S01003095",837,73,764
"S01003096",714,116,598
"S01003097",253,84,169
"S01003098",1037,220,817
"S01003099",590,178,412
"S01003100",860,233,627
"S01003101",607,185,422
"S01003102",799,123,676
"S01003103",789,113,676
"S01003104",999,408,591
"S01003105",798,137,661
"S01003106",737,106,631
"S01003107",843,229,614
"S01003108",735,170,565
"S01003109",991,121,870
"S01003110",827,91,736
"S01003111",928,307,621
"S01003112",952,133,819
"S01003113",756,86,670
"S01003114",947,158,789
"S01003115",546,106,440
"S01003116",872,246,626
"S01003117",788,160,628
"S01003118",493,190,303
"S01003119",722,82,640
"S01003120",1073,119,954
"S01003121",964,322,642
"S01003122",777,252,525
"S01003123",846,186,660
"S01003124",819,120,699
"S01003125",796,148,648
"S01003126",153,90,63
"S01003127",850,130,720
"S01003128",720,240,480
"S01003129",1080,229,851
"S01003130",786,137,649
"S01003131",846,112,734
"S01003132",594,198,396
"S01003133",1206,240,966
"S01003134",754,220,534
"S01003135",759,227,532
"S01003136",809,108,701
"S01003137",668,103,565
"S01003138",1017,374,643
"S01003139",979,141,838
"S01003140",945,277,668
"S01003141",725,66,659
"S01003142",727,275,452
"S01003143",877,173,704
"S01003144",910,324,586
"S01003145",741,252,489
"S01003146",672,71,601
"S01003147",923,338,585
"S01003148",775,203,572
"S01003149",907,182,725
"S01003150",781,233,548
"S01003151",790,215,575
"S01003152",917,329,588
"S01003153",796,150,646
"S01003154",891,121,770
"S01003155",1081,81,1000
"S01003156",838,149,689
"S01003157",982,283,699
"S01003158",541,165,376
"S01003159",242,90,152
"S01003160",716,207,509
"S01003161",609,174,435
"S01003162",688,215,473
"S01003163",655,105,550
"S01003164",951,187,764
"S01003165",985,248,737
"S01003166",660,94,566
"S01003167",800,254,546
"S01003168",842,142,700
"S01003169",1025,258,767
"S01003170",935,171,764
"S01003171",635,73,562
"S01003172",718,106,612
"S01003173",485,61,424
"S01003174",803,169,634
"S01003175",797,280,517
"S01003176",770,121,649
"S01003177",1060,197,863
"S01003178",695,218,477
"S01003179",716,131,585
"S01003180",752,91,661
"S01003181",927,256,671
"S01003182",696,231,465
"S01003183",701,107,594
"S01003184",875,278,597
"S01003185",530,206,324
"S01003186",908,128,780
"S01003187",904,119,785
"S01003188",828,198,630
"S01003189",841,184,657
"S01003190",758,230,528
"S01003191",529,112,417
"S01003192",737,177,560
"S01003193",611,135,476
"S01003194",795,315,480
"S01003195",818,236,582
"S01003196",947,111,836
"S01003197",668,148,520
"S01003198",932,248,684
"S01003199",876,166,710
"S01003200",696,219,477
"S01003201",231,89,142
"S01003202",298,132,166
"S01003203",862,267,595
"S01003204",1021,270,751
"S01003205",719,265,454
"S01003206",745,213,532
"S01003207",814,134,680
"S01003208",900,326,574
"S01003209",596,164,432
"S01003210",903,226,677
"S01003211",920,197,723
"S01003212",779,119,660
"S01003213",592,125,467
"S01003214",799,277,522
"S01003215",1011,256,755
"S01003216",744,222,522
"S01003217",691,331,360
"S01003218",744,166,578
"S01003219",760,238,522
"S01003220",798,162,636
"S01003221",876,226,650
"S01003222",775,122,653
"S01003223",980,338,642
"S01003224",749,148,601
"S01003225",794,313,481
"S01003226",792,216,576
"S01003227",925,147,778
"S01003228",916,345,571
"S01003229",1061,160,901
"S01003230",826,271,555
"S01003231",984,348,636
"S01003232",779,259,520
"S01003233",1017,172,845
"S01003234",843,148,695
"S01003235",798,266,532
"S01003236",832,152,680
"S01003237",1025,353,672
"S01003238",749,151,598
"S01003239",999,224,775
"S01003240",775,99,676
"S01003241",828,241,587
"S01003242",1036,271,765
"S01003243",884,251,633
"S01003244",999,393,606
"S01003245",849,348,501
"S01003246",1007,465,542
"S01003247",757,183,574
"S01003248",809,310,499
"S01003249",707,162,545
"S01003250",582,216,366
"S01003251",834,331,503
"S01003252",697,127,570
"S01003253",822,330,492
"S01003254",613,217,396
"S01003255",885,319,566
"S01003256",924,245,679
"S01003257",822,143,679
"S01003258",919,190,729
"S01003259",1111,239,872
"S01003260",781,144,637
"S01003261",925,174,751
"S01003262",778,189,589
"S01003263",753,305,448
"S01003264",584,221,363
"S01003265",726,224,502
"S01003266",749,336,413
"S01003267",970,371,599
"S01003268",793,192,601
"S01003269",910,294,616
"S01003270",792,224,568
"S01003271",819,187,632
"S01003272",931,335,596
"S01003273",694,291,403
"S01003274",538,242,296
"S01003275",967,387,580
"S01003276",784,121,663
"S01003277",678,241,437
"S01003278",854,203,651
"S01003279",459,126,333
"S01003280",926,193,733
"S01003281",554,152,402
"S01003282",862,169,693
"S01003283",776,163,613
"S01003284",908,320,588
"S01003285",367,105,262
"S01003286",1048,390,658
"S01003287",603,134,469
"S01003288",778,119,659
"S01003289",302,106,196
"S01003290",767,215,552
"S01003291",756,321,435
"S01003292",784,142,642
"S01003293",942,355,587
"S01003294",790,305,485
"S01003295",1061,225,836
"S01003296",617,222,395
"S01003297",537,203,334
"S01003298",1015,250,765
"S01003299",420,131,289
"S01003300",839,185,654
"S01003301",781,186,595
"S01003302",585,197,388
"S01003303",883,109,774
"S01003304",781,136,645
"S01003305",750,73,677
"S01003306",943,380,563
"S01003307",1075,419,656
"S01003308",900,308,592
"S01003309",791,269,522
"S01003310",796,242,554
"S01003311",794,122,672
"S01003312",649,189,460
"S01003313",944,306,638
"S01003314",598,233,365
"S01003315",615,146,469
"S01003316",736,143,593
"S01003317",718,93,625
"S01003318",843,179,664
"S01003320",646,83,563
"S01003321",790,180,610
"S01003322",799,183,616
"S01003323",668,98,570
"S01003324",561,141,420
"S01003325",852,111,741
"S01003326",799,253,546
"S01003327",692,158,534
"S01003328",586,107,479
"S01003329",832,235,597
"S01003330",986,88,898
"S01003331",636,299,337
"S01003332",439,161,278
"S01003333",940,403,537
"S01003334",865,253,612
"S01003335",543,147,396
"S01003336",905,362,543
"S01003337",949,395,554
"S01003338",900,228,672
"S01003339",827,159,668
"S01003340",1072,358,714
"S01003341",795,87,708
"S01003342",677,248,429
"S01003343",611,170,441
"S01003344",596,151,445
"S01003345",1019,267,752
"S01003346",902,299,603
"S01003347",822,320,502
"S01003348",759,189,570
"S01003349",881,294,587
"S01003350",731,231,500
"S01003351",1079,343,736
"S01003352",831,281,550
"S01003353",635,204,431
"S01003354",832,382,450
"S01003355",879,298,581
"S01003356",919,290,629
"S01003357",424,175,249
"S01003358",859,232,627
"S01003359",977,83,894
"S01003360",807,166,641
"S01003361",759,295,464
"S01003362",813,271,542
"S01003363",793,316,477
"S01003364",664,199,465
"S01003365",755,198,557
"S01003366",548,61,487
"S01003367",1058,378,680
"S01003368",973,134,839
"S01003369",734,355,379
"S01003370",776,137,639
"S01003371",754,181,573
"S01003372",741,241,500
"S01003373",667,202,465
"S01003374",529,130,399
"S01003375",756,216,540
"S01003376",530,168,362
"S01003377",789,302,487
"S01003378",823,263,560
"S01003379",650,195,455
"S01003380",786,166,620
"S01003381",705,165,540
"S01003382",704,261,443
"S01003383",954,355,599
"S01003384",1025,364,661
"S01003385",851,150,701
"S01003386",689,297,392
"S01003387",794,195,599
"S01003388",1011,387,624
"S01003389",980,258,722
"S01003390",956,267,689
"S01003391",818,288,530
"S01003392",793,209,584
"S01003393",1036,487,549
"S01003394",725,215,510
"S01003395",744,139,605
"S01003396",815,295,520
"S01003397",878,190,688
"S01003398",884,225,659
"S01003399",1573,228,1345
"S01003400",688,302,386
"S01003401",792,228,564
"S01003402",695,180,515
"S01003403",755,161,594
"S01003404",482,172,310
"S01003405",838,236,602
"S01003406",721,203,518
"S01003407",734,271,463
"S01003408",662,178,484
"S01003409",835,264,571
"S01003410",770,104,666
"S01003411",777,232,545
"S01003412",915,231,684
"S01003413",806,183,623
"S01003414",547,151,396
"S01003415",1334,327,1007
"S01003416",882,374,508
"S01003417",803,219,584
"S01003418",948,358,590
"S01003419",970,308,662
"S01003420",519,160,359
"S01003421",559,213,346
"S01003422",794,301,493
"S01003423",552,67,485
"S01003424",994,243,751
"S01003425",931,137,794
"S01003426",1001,286,715
"S01003427",943,397,546
"S01003428",666,246,420
"S01003429",947,82,865
"S01003430",759,120,639
"S01003431",660,320,340
"S01003432",936,129,807
"S01003433",981,95,886
"S01003434",910,352,558
"S01003435",672,202,470
"S01003436",583,127,456
"S01003437",610,82,528
"S01003438",902,114,788
"S01003439",897,517,380
"S01003440",500,133,367
"S01003441",1025,300,725
"S01003442",731,273,458
"S01003443",959,294,665
"S01003444",654,223,431
"S01003445",870,209,661
"S01003446",530,92,438
"S01003447",1785,507,1278
"S01003448",743,296,447
"S01003449",883,153,730
"S01003450",787,193,594
"S01003451",763,142,621
"S01003452",1077,336,741
"S01003453",737,110,627
"S01003454",723,132,591
"S01003455",591,225,366
"S01003456",387,107,280
"S01003457",945,338,607
"S01003458",904,231,673
"S01003459",915,194,721
"S01003460",897,131,766
"S01003461",791,270,521
"S01003462",611,150,461
"S01003463",799,214,585
"S01003464",924,80,844
"S01003465",790,110,680
"S01003466",750,192,558
"S01003467",757,264,493
"S01003468",732,111,621
"S01003469",863,204,659
"S01003470",811,154,657
"S01003471",720,200,520
"S01003472",811,235,576
"S01003473",931,284,647
"S01003474",746,75,671
"S01003475",764,258,506
"S01003476",819,98,721
"S01003477",972,137,835
"S01003478",763,154,609
"S01003479",791,189,602
"S01003480",611,212,399
"S01003481",1001,224,777
"S01003482",657,240,417
"S01003483",634,185,449
"S01003484",906,112,794
"S01003485",990,94,896
"S01003486",833,213,620
"S01003487",998,175,823
"S01003488",691,328,363
"S01003489",983,311,672
"S01003490",640,201,439
"S01003491",126,60,66
"S01003492",838,195,643
"S01003493",728,234,494
"S01003494",776,290,486
"S01003495",723,178,545
"S01003496",859,152,707
"S01003497",966,156,810
"S01003498",997,307,690
"S01003499",991,199,792
"S01003500",645,198,447
"S01003501",633,79,554
"S01003502",669,151,518
"S01003503",670,91,579
"S01003504",725,73,652
"S01003506",979,105,874
"S01003507",528,32,496
"S01003508",810,276,534
"S01003509",849,86,763
"S01003510",365,87,278
"S01003511",979,103,876
"S01003512",642,240,402
"S01003513",717,76,641
"S01003514",799,75,724
"S01003515",750,234,516
"S01003516",707,143,564
"S01003517",681,105,576
"S01003518",979,212,767
"S01003519",542,158,384
"S01003520",673,115,558
"S01003521",524,62,462
"S01003522",756,82,674
"S01003523",577,233,344
"S01003524",1055,129,926
"S01003525",974,156,818
"S01003526",925,101,824
"S01003527",910,124,786
"S01003528",604,88,516
"S01003529",543,33,510
"S01003530",791,84,707
"S01003531",795,243,552
"S01003532",1057,176,881
"S01003533",353,119,234
"S01003534",943,184,759
"S01003535",709,139,570
"S01003536",1031,114,917
"S01003537",796,262,534
"S01003538",670,225,445
"S01003539",975,132,843
"S01003540",490,193,297
"S01003541",734,164,570
"S01003542",838,118,720
"S01003543",615,169,446
"S01003544",553,68,485
"S01003545",980,95,885
"S01003546",828,276,552
"S01003547",790,139,651
"S01003549",770,210,560
"S01003550",713,95,618
"S01003551",745,237,508
"S01003552",882,60,822
"S01003553",691,237,454
"S01003554",776,131,645
"S01003555",818,68,750
"S01003556",723,84,639
"S01003557",785,197,588
"S01003558",949,106,843
"S01003559",897,108,789
"S01003560",1029,157,872
"S01003561",1003,396,607
"S01003562",697,190,507
"S01003563",608,179,429
"S01003564",708,249,459
"S01003565",856,310,546
"S01003566",750,106,644
"S01003567",924,308,616
"S01003568",734,126,608
"S01003569",725,130,595
"S01003570",772,138,634
"S01003571",897,218,679
"S01003572",925,343,582
"S01003573",919,348,571
"S01003574",886,105,781
"S01003575",887,277,610
"S01003576",846,235,611
"S01003577",742,251,491
"S01003578",279,75,204
"S01003579",632,187,445
"S01003580",881,249,632
"S01003581",1783,288,1495
"S01003582",584,264,320
"S01003583",527,201,326
"S01003584",767,191,576
"S01003585",557,196,361
"S01003586",921,317,604
"S01003587",1060,97,963
"S01003588",721,96,625
"S01003589",1250,129,1121
"S01003590",688,139,549
"S01003591",1149,123,1026
"S01003592",841,235,606
"S01003593",694,216,478
"S01003594",1013,203,810
"S01003595",769,258,511
"S01003596",775,300,475
"S01003597",638,139,499
"S01003598",725,245,480
"S01003599",606,231,375
"S01003600",840,338,502
"S01003601",844,182,662
"S01003602",728,236,492
"S01003603",835,297,538
"S01003604",787,305,482
"S01003605",668,204,464
"S01003606",879,279,600
"S01003607",557,158,399
"S01003608",540,169,371
"S01003609",1049,183,866
"S01003610",748,161,587
"S01003611",756,335,421
"S01003612",911,216,695
"S01003613",848,134,714
"S01003614",568,159,409
"S01003615",542,144,398
"S01003616",701,46,655
"S01003617",953,344,609
"S01003618",770,231,539
"S01003619",886,321,565
"S01003620",960,137,823
"S01003621",969,425,544
"S01003622",783,299,484
"S01003623",947,153,794
"S01003624",1072,411,661
"S01003625",398,115,283
"S01003626",889,172,717
"S01003627",588,187,401
"S01003628",742,261,481
"S01003629",808,337,471
"S01003630",754,282,472
"S01003631",748,208,540
"S01003632",785,79,706
"S01003633",921,190,731
"S01003634",1117,439,678
"S01003635",572,150,422
"S01003636",995,436,559
"S01003637",745,240,505
"S01003638",763,154,609
"S01003639",794,279,515
"S01003640",961,375,586
"S01003641",752,61,691
"S01003642",832,318,514
"S01003643",608,89,519
"S01003644",880,290,590
"S01003645",572,202,370
"S01003646",756,216,540
"S01003647",712,227,485
"S01003648",804,171,633
"S01003649",1072,224,848
"S01003650",719,244,475
"S01003651",754,273,481
"S01003652",633,203,430
"S01003653",786,260,526
"S01003654",1106,446,660
"S01003655",844,246,598
"S01003656",575,160,415
"S01003657",891,359,532
"S01003658",895,255,640
"S01003659",822,138,684
"S01003660",874,63,811
"S01003661",839,98,741
"S01003662",610,206,404
"S01003663",582,197,385
"S01003664",548,201,347
"S01003665",657,225,432
"S01003666",743,245,498
"S01003667",915,215,700
"S01003668",789,344,445
"S01003669",569,221,348
"S01003670",889,271,618
"S01003671",699,250,449
"S01003672",884,273,611
"S01003673",311,101,210
"S01003674",843,262,581
"S01003675",696,85,611
"S01003676",426,112,314
"S01003677",774,227,547
"S01003678",699,254,445
"S01003679",1064,338,726
"S01003680",840,296,544
"S01003681",590,233,357
"S01003682",1103,177,926
"S01003683",610,196,414
"S01003684",749,244,505
"S01003685",548,161,387
"S01003686",1028,275,753
"S01003687",702,204,498
"S01003688",950,280,670
"S01003689",623,177,446
"S01003690",961,422,539
"S01003691",1094,229,865
"S01003692",1023,346,677
"S01003693",619,177,442
"S01003694",893,227,666
"S01003695",958,245,713
"S01003696",1095,366,729
"S01003697",988,145,843
"S01003698",942,315,627
"S01003699",1044,114,930
"S01003700",1049,325,724
"S01003701",962,375,587
"S01003702",838,204,634
"S01003703",996,362,634
"S01003704",713,239,474
"S01003705",875,237,638
"S01003706",779,188,591
"S01003707",778,189,589
"S01003708",658,198,460
"S01003709",899,402,497
"S01003710",894,299,595
"S01003711",843,241,602
"S01003712",756,237,519
"S01003713",550,198,352
"S01003714",797,184,613
"S01003715",861,150,711
"S01003716",589,185,404
"S01003717",827,218,609
"S01003718",568,139,429
"S01003719",564,109,455
"S01003720",931,154,777
"S01003721",749,156,593
"S01003722",897,247,650
"S01003723",548,88,460
"S01003724",786,167,619
"S01003725",613,114,499
"S01003726",684,77,607
"S01003727",750,115,635
"S01003728",500,91,409
"S01003729",653,140,513
"S01003730",646,121,525
"S01003731",573,137,436
"S01003732",820,134,686
"S01003733",826,162,664
"S01003734",713,119,594
"S01003735",741,173,568
"S01003736",832,164,668
"S01003737",633,119,514
"S01003738",660,94,566
"S01003739",528,70,458
"S01003740",577,120,457
"S01003741",851,130,721
"S01003742",527,86,441
"S01003743",580,94,486
"S01003744",586,97,489
"S01003745",720,95,625
"S01003746",796,134,662
"S01003747",982,178,804
"S01003748",591,149,442
"S01003749",819,111,708
"S01003750",557,73,484
"S01003751",951,122,829
"S01003752",795,313,482
"S01003753",913,189,724
"S01003754",891,160,731
"S01003755",724,110,614
"S01003756",728,127,601
"S01003757",592,84,508
"S01003758",749,124,625
"S01003759",615,107,508
"S01003760",758,75,683
"S01003761",817,134,683
"S01003762",742,94,648
"S01003763",917,191,726
"S01003764",859,133,726
"S01003765",739,125,614
"S01003766",611,129,482
"S01003767",696,170,526
"S01003768",576,116,460
"S01003769",671,132,539
"S01003770",631,95,536
"S01003771",678,109,569
"S01003772",574,122,452
"S01003773",710,113,597
"S01003774",650,106,544
"S01003775",768,136,632
"S01003776",578,79,499
"S01003777",927,167,760
"S01003778",512,56,456
"S01003779",491,72,419
"S01003780",979,187,792
"S01003781",648,73,575
"S01003782",560,74,486
"S01003783",1033,254,779
"S01003784",580,54,526
"S01003785",830,105,725
"S01003786",928,148,780
"S01003787",613,73,540
"S01003788",724,170,554
"S01003789",522,54,468
"S01003790",618,83,535
"S01003791",633,65,568
"S01003792",680,67,613
"S01003793",544,115,429
"S01003794",711,157,554
"S01003795",580,76,504
"S01003796",659,124,535
"S01003797",957,183,774
"S01003798",818,135,683
"S01003799",841,78,763
"S01003800",697,133,564
"S01003801",808,157,651
"S01003802",765,134,631
"S01003803",653,139,514
"S01003804",632,112,520
"S01003805",1022,231,791
"S01003806",672,171,501
"S01003807",934,108,826
"S01003808",666,155,511
"S01003809",768,145,623
"S01003810",892,199,693
"S01003811",702,96,606
"S01003812",898,252,646
"S01003813",946,117,829
"S01003814",773,157,616
"S01003815",716,124,592
"S01003816",846,84,762
"S01003817",926,231,695
"S01003818",830,198,632
"S01003819",613,69,544
"S01003820",999,182,817
"S01003821",837,176,661
"S01003822",739,107,632
"S01003823",937,223,714
"S01003824",685,127,558
"S01003825",812,59,753
"S01003826",721,146,575
"S01003827",792,156,636
"S01003828",696,108,588
"S01003829",665,154,511
"S01003830",917,210,707
"S01003831",641,68,573
"S01003832",851,169,682
"S01003833",521,143,378
"S01003834",675,115,560
"S01003835",536,54,482
"S01003836",589,95,494
"S01003837",764,233,531
"S01003838",623,96,527
"S01003839",674,155,519
"S01003840",712,145,567
"S01003841",577,144,433
"S01003842",588,97,491
"S01003843",651,100,551
"S01003844",781,91,690
"S01003845",921,202,719
"S01003846",796,172,624
"S01003847",578,107,471
"S01003848",681,84,597
"S01003849",756,252,504
"S01003850",560,58,502
"S01003851",872,127,745
"S01003852",563,87,476
"S01003853",763,163,600
"S01003854",586,102,484
"S01003855",1000,204,796
"S01003856",726,99,627
"S01003857",738,110,628
"S01003858",621,107,514
"S01003859",570,69,501
"S01003860",669,213,456
"S01003861",806,82,724
"S01003862",610,124,486
"S01003863",696,88,608
"S01003864",887,150,737
"S01003865",810,122,688
"S01003866",818,144,674
"S01003867",1009,227,782
"S01003868",639,101,538
"S01003869",671,117,554
"S01003870",803,136,667
"S01003871",797,156,641
"S01003872",844,121,723
"S01003873",978,162,816
"S01003874",844,109,735
"S01003875",514,74,440
"S01003876",645,79,566
"S01003877",566,95,471
"S01003878",968,199,769
"S01003879",634,90,544
"S01003880",891,170,721
"S01003881",759,128,631
"S01003882",530,125,405
"S01003883",535,84,451
"S01003884",754,140,614
"S01003885",673,117,556
"S01003886",580,97,483
"S01003887",871,222,649
"S01003888",633,93,540
"S01003889",586,74,512
"S01003890",652,112,540
"S01003891",789,124,665
"S01003892",627,83,544
"S01003893",632,105,527
"S01003894",826,160,666
"S01003895",687,95,592
"S01003896",683,129,554
"S01003897",678,157,521
"S01003898",762,200,562
"S01003899",717,121,596
"S01003900",708,140,568
"S01003901",608,146,462
"S01003902",859,149,710
"S01003903",664,72,592
"S01003904",708,138,570
"S01003905",864,127,737
"S01003906",723,145,578
"S01003907",718,188,530
"S01003908",823,128,695
"S01003909",681,88,593
"S01003910",712,104,608
"S01003911",613,103,510
"S01003912",685,96,589
"S01003913",693,133,560
"S01003914",891,190,701
"S01003915",638,126,512
"S01003916",775,120,655
"S01003917",886,191,695
"S01003918",886,112,774
"S01003919",521,136,385
"S01003920",648,132,516
"S01003921",775,230,545
"S01003922",827,208,619
"S01003923",765,129,636
"S01003924",505,140,365
"S01003925",772,121,651
"S01003926",579,140,439
"S01003927",672,96,576
"S01003928",890,202,688
"S01003929",502,115,387
"S01003930",746,154,592
"S01003931",882,180,702
"S01003932",896,206,690
"S01003933",644,131,513
"S01003934",898,164,734
"S01003935",761,171,590
"S01003936",878,178,700
"S01003937",808,184,624
"S01003938",526,75,451
"S01003939",589,125,464
"S01003940",865,159,706
"S01003941",583,101,482
"S01003942",749,159,590
"S01003943",675,128,547
"S01003944",639,147,492
"S01003945",690,93,597
"S01003946",836,158,678
"S01003947",511,93,418
"S01003948",629,108,521
"S01003949",594,120,474
"S01003950",587,96,491
"S01003951",543,146,397
"S01003952",524,82,442
"S01003953",576,137,439
"S01003954",546,127,419
"S01003955",610,122,488
"S01003956",629,96,533
"S01003957",687,135,552
"S01003958",762,166,596
"S01003959",730,144,586
"S01003960",890,193,697
"S01003961",565,141,424
"S01003962",575,122,453
"S01003963",535,97,438
"S01003964",459,86,373
"S01003965",543,128,415
"S01003966",916,189,727
"S01003967",513,93,420
"S01003968",902,236,666
"S01003969",775,183,592
"S01003970",593,124,469
"S01003971",652,152,500
"S01003972",632,141,491
"S01003973",544,87,457
"S01003974",813,185,628
"S01003975",655,91,564
"S01003976",708,160,548
"S01003977",595,115,480
"S01003978",610,142,468
"S01003979",589,125,464
"S01003980",558,101,457
"S01003981",579,121,458
"S01003982",726,105,621
"S01003983",725,115,610
"S01003984",654,169,485
"S01003985",862,146,716
"S01003986",582,121,461
"S01003987",546,104,442
"S01003988",525,112,413
"S01003989",800,165,635
"S01003990",506,106,400
"S01003991",593,103,490
"S01003992",923,155,768
"S01003993",652,111,541
"S01003994",679,115,564
"S01003995",876,132,744
"S01003996",512,82,430
"S01003997",938,158,780
"S01003998",599,75,524
"S01003999",868,111,757
"S01004000",769,155,614
"S01004001",708,92,616
"S01004002",879,220,659
"S01004003",549,101,448
"S01004004",785,123,662
"S01004005",635,92,543
"S01004006",576,83,493
"S01004007",584,111,473
"S01004008",645,120,525
"S01004009",648,130,518
"S01004010",775,149,626
"S01004011",1115,243,872
"S01004012",729,119,610
"S01004013",530,87,443
"S01004014",606,116,490
"S01004015",944,119,825
"S01004016",608,79,529
"S01004017",972,113,859
"S01004018",854,74,780
"S01004019",527,42,485
"S01004020",697,178,519
"S01004021",810,49,761
"S01004022",540,109,431
"S01004023",603,82,521
"S01004024",949,256,693
"S01004025",853,235,618
"S01004026",668,160,508
"S01004027",778,199,579
"S01004028",775,203,572
"S01004029",928,223,705
"S01004030",832,204,628
"S01004031",596,160,436
"S01004032",455,136,319
"S01004033",898,244,654
"S01004034",792,117,675
"S01004035",751,183,568
"S01004036",710,173,537
"S01004037",717,96,621
"S01004038",715,172,543
"S01004039",402,123,279
"S01004040",661,109,552
"S01004041",623,176,447
"S01004042",644,174,470
"S01004043",805,80,725
"S01004044",739,269,470
"S01004045",656,151,505
"S01004046",592,224,368
"S01004047",746,140,606
"S01004048",953,226,727
"S01004049",844,208,636
"S01004050",529,131,398
"S01004051",627,160,467
"S01004052",585,138,447
"S01004053",932,259,673
"S01004054",950,219,731
"S01004055",600,63,537
"S01004056",769,189,580
"S01004057",983,168,815
"S01004058",657,151,506
"S01004059",610,122,488
"S01004060",502,132,370
"S01004061",634,251,383
"S01004062",958,173,785
"S01004063",707,209,498
"S01004064",691,184,507
"S01004065",918,246,672
"S01004066",564,140,424
"S01004067",787,143,644
"S01004068",763,197,566
"S01004069",636,130,506
"S01004070",429,128,301
"S01004071",858,265,593
"S01004072",1083,299,784
"S01004073",823,201,622
"S01004074",886,202,684
"S01004075",447,178,269
"S01004076",630,124,506
"S01004077",872,114,758
"S01004078",712,155,557
"S01004079",818,167,651
"S01004080",705,241,464
"S01004081",683,50,633
"S01004082",740,86,654
"S01004083",896,262,634
"S01004084",757,315,442
"S01004085",559,130,429
"S01004086",773,367,406
"S01004087",538,127,411
"S01004088",569,101,468
"S01004089",792,205,587
"S01004090",408,106,302
"S01004091",712,101,611
"S01004092",697,109,588
"S01004093",553,222,331
"S01004094",413,177,236
"S01004095",520,65,455
"S01004096",681,91,590
"S01004097",844,204,640
"S01004098",630,121,509
"S01004099",774,95,679
"S01004100",800,152,648
"S01004101",694,124,570
"S01004102",785,110,675
"S01004103",787,148,639
"S01004104",796,83,713
"S01004105",799,174,625
"S01004106",801,149,652
"S01004107",689,121,568
"S01004108",786,163,623
"S01004109",615,75,540
"S01004110",563,126,437
"S01004111",851,157,694
"S01004112",874,272,602
"S01004113",736,165,571
"S01004114",644,186,458
"S01004115",773,237,536
"S01004116",683,141,542
"S01004117",736,120,616
"S01004118",893,323,570
"S01004119",592,127,465
"S01004120",720,125,595
"S01004121",461,65,396
"S01004122",626,69,557
"S01004123",509,81,428
"S01004124",973,109,864
"S01004125",632,141,491
"S01004126",642,168,474
"S01004127",963,83,880
"S01004128",741,95,646
"S01004129",842,110,732
"S01004130",572,67,505
"S01004131",796,208,588
"S01004132",580,101,479
"S01004133",908,172,736
"S01004134",712,62,650
"S01004135",660,162,498
"S01004136",633,96,537
"S01004137",530,63,467
"S01004138",707,169,538
"S01004139",555,84,471
"S01004140",600,84,516
"S01004141",710,124,586
"S01004142",577,55,522
"S01004143",888,155,733
"S01004144",784,199,585
"S01004145",691,120,571
"S01004146",722,77,645
"S01004147",778,173,605
"S01004148",976,98,878
"S01004149",634,165,469
"S01004150",579,46,533
"S01004151",650,104,546
"S01004152",754,166,588
"S01004153",736,175,561
"S01004154",670,118,552
"S01004155",929,206,723
"S01004156",804,200,604
"S01004157",654,67,587
"S01004158",627,106,521
"S01004159",422,80,342
"S01004160",629,117,512
"S01004161",557,69,488
"S01004162",708,93,615
"S01004163",719,148,571
"S01004164",956,179,777
"S01004165",1000,119,881
"S01004166",529,113,416
"S01004167",573,178,395
"S01004168",695,146,549
"S01004169",592,164,428
"S01004170",600,153,447
"S01004171",626,142,484
"S01004172",751,165,586
"S01004173",588,130,458
"S01004174",760,167,593
"S01004175",631,104,527
"S01004176",640,86,554
"S01004177",509,108,401
"S01004178",563,125,438
"S01004179",523,104,419
"S01004180",869,63,806
"S01004181",739,152,587
"S01004182",906,224,682
"S01004183",959,99,860
"S01004184",874,211,663
"S01004185",828,141,687
"S01004186",724,164,560
"S01004187",721,179,542
"S01004188",781,166,615
"S01004189",630,42,588
"S01004190",806,188,618
"S01004191",759,159,600
"S01004192",863,238,625
"S01004193",652,155,497
"S01004194",794,177,617
"S01004195",612,147,465
"S01004196",694,163,531
"S01004197",698,166,532
"S01004198",702,230,472
"S01004199",823,157,666
"S01004200",806,77,729
"S01004201",755,118,637
"S01004202",561,106,455
"S01004203",873,183,690
"S01004204",734,150,584
"S01004205",718,220,498
"S01004206",714,159,555
"S01004207",793,164,629
"S01004208",793,120,673
"S01004209",587,60,527
"S01004210",696,198,498
"S01004211",730,73,657
"S01004212",809,108,701
"S01004213",599,168,431
"S01004214",711,98,613
"S01004215",620,106,514
"S01004216",886,116,770
"S01004217",574,156,418
"S01004218",855,237,618
"S01004219",615,124,491
"S01004220",786,134,652
"S01004221",902,175,727
"S01004222",495,132,363
"S01004223",809,206,603
"S01004224",750,160,590
"S01004225",836,263,573
"S01004226",752,181,571
"S01004227",603,124,479
"S01004228",760,118,642
"S01004229",703,167,536
"S01004230",729,164,565
"S01004231",766,181,585
"S01004232",680,87,593
"S01004233",633,99,534
"S01004234",979,142,837
"S01004235",623,86,537
"S01004236",888,178,710
"S01004237",658,123,535
"S01004238",562,96,466
"S01004239",676,117,559
"S01004240",642,89,553
"S01004241",514,83,431
"S01004242",865,130,735
"S01004243",580,97,483
"S01004244",611,107,504
"S01004245",741,151,590
"S01004246",575,74,501
"S01004247",850,137,713
"S01004248",928,203,725
"S01004249",895,157,738
"S01004250",1014,179,835
"S01004251",910,194,716
"S01004252",552,102,450
"S01004253",557,97,460
"S01004254",729,131,598
"S01004255",695,76,619
"S01004256",565,73,492
"S01004257",531,75,456
"S01004258",709,114,595
"S01004259",609,101,508
"S01004260",563,79,484
"S01004261",861,153,708
"S01004262",751,104,647
"S01004263",759,156,603
"S01004264",703,141,562
"S01004265",921,115,806
"S01004266",536,141,395
"S01004267",515,78,437
"S01004268",655,70,585
"S01004269",796,124,672
"S01004270",537,130,407
"S01004271",578,155,423
"S01004272",646,74,572
"S01004273",712,84,628
"S01004274",796,128,668
"S01004275",585,94,491
"S01004276",700,143,557
"S01004277",794,78,716
"S01004278",916,183,733
"S01004279",929,129,800
"S01004280",998,225,773
"S01004281",583,113,470
"S01004282",989,166,823
"S01004283",738,121,617
"S01004284",960,176,784
"S01004285",886,40,846
"S01004286",759,77,682
"S01004287",646,114,532
"S01004288",735,93,642
"S01004289",613,90,523
"S01004290",700,101,599
"S01004291",827,103,724
"S01004292",774,51,723
"S01004293",817,167,650
"S01004294",774,121,653
"S01004295",850,234,616
"S01004296",815,138,677
"S01004297",629,108,521
"S01004298",997,150,847
"S01004299",548,129,419
"S01004300",550,171,379
"S01004301",634,117,517
"S01004302",762,117,645
"S01004303",606,98,508
"S01004304",938,153,785
"S01004305",660,109,551
"S01004306",576,124,452
"S01004307",830,45,785
"S01004308",990,181,809
"S01004309",870,170,700
"S01004310",810,158,652
"S01004311",783,107,676
"S01004312",705,131,574
"S01004313",966,129,837
"S01004314",771,172,599
"S01004315",557,70,487
"S01004316",535,27,508
"S01004317",884,172,712
"S01004318",618,188,430
"S01004319",872,134,738
"S01004320",918,164,754
"S01004321",785,116,669
"S01004322",976,200,776
"S01004323",648,147,501
"S01004324",849,180,669
"S01004325",996,171,825
"S01004326",804,152,652
"S01004327",700,97,603
"S01004328",667,116,551
"S01004329",524,92,432
"S01004330",992,156,836
"S01004331",569,135,434
"S01004332",575,102,473
"S01004333",531,97,434
"S01004334",1690,139,1551
"S01004335",528,109,419
"S01004336",995,186,809
"S01004337",700,127,573
"S01004338",703,121,582
"S01004339",921,141,780
"S01004340",577,109,468
"S01004341",600,91,509
"S01004342",801,63,738
"S01004343",547,82,465
"S01004344",769,161,608
"S01004345",883,168,715
"S01004346",555,80,475
"S01004347",793,140,653
"S01004348",580,92,488
"S01004349",800,133,667
"S01004350",562,149,413
"S01004351",508,140,368
"S01004352",575,113,462
"S01004353",921,179,742
"S01004354",587,90,497
"S01004355",565,87,478
"S01004356",982,199,783
"S01004357",775,72,703
"S01004358",774,101,673
"S01004359",515,116,399
"S01004360",637,184,453
"S01004361",580,135,445
"S01004362",547,181,366
"S01004363",1017,360,657
"S01004364",787,176,611
"S01004365",765,133,632
"S01004366",620,126,494
"S01004367",874,133,741
"S01004368",537,177,360
"S01004369",778,99,679
"S01004370",733,106,627
"S01004371",761,125,636
"S01004372",974,150,824
"S01004373",564,152,412
"S01004374",600,155,445
"S01004375",748,134,614
"S01004376",931,162,769
"S01004377",737,152,585
"S01004378",964,222,742
"S01004379",959,192,767
"S01004380",688,158,530
"S01004381",816,152,664
"S01004382",687,236,451
"S01004383",811,190,621
"S01004384",681,185,496
"S01004385",830,148,682
"S01004386",908,205,703
"S01004387",968,205,763
"S01004388",809,210,599
"S01004389",609,128,481
"S01004390",824,204,620
"S01004391",593,92,501
"S01004392",893,195,698
"S01004393",911,217,694
"S01004394",795,212,583
"S01004395",530,128,402
"S01004396",797,174,623
"S01004397",958,84,874
"S01004398",852,169,683
"S01004399",507,122,385
"S01004400",558,93,465
"S01004401",1099,110,989
"S01004402",974,255,719
"S01004403",513,80,433
"S01004404",669,78,591
"S01004405",758,158,600
"S01004406",869,236,633
"S01004407",651,191,460
"S01004408",572,99,473
"S01004409",656,153,503
"S01004410",935,214,721
"S01004411",628,196,432
"S01004412",958,272,686
"S01004413",815,265,550
"S01004414",695,283,412
"S01004415",626,189,437
"S01004416",691,176,515
"S01004417",764,202,562
"S01004418",924,237,687
"S01004419",839,185,654
"S01004420",756,184,572
"S01004421",741,273,468
"S01004422",570,170,400
"S01004423",829,223,606
"S01004424",715,215,500
"S01004425",630,102,528
"S01004426",559,136,423
"S01004427",737,236,501
"S01004428",745,202,543
"S01004429",867,216,651
"S01004430",512,141,371
"S01004431",714,198,516
"S01004432",947,199,748
"S01004433",968,250,718
"S01004434",792,194,598
"S01004435",595,154,441
"S01004436",797,135,662
"S01004437",926,181,745
"S01004438",684,163,521
"S01004439",686,131,555
"S01004440",723,208,515
"S01004441",832,115,717
"S01004442",928,269,659
"S01004443",684,174,510
"S01004444",902,181,721
"S01004445",769,263,506
"S01004446",797,185,612
"S01004447",763,156,607
"S01004448",614,71,543
"S01004449",914,283,631
"S01004450",886,334,552
"S01004451",907,231,676
"S01004452",691,109,582
"S01004453",1014,108,906
"S01004454",925,231,694
"S01004455",807,181,626
"S01004456",568,47,521
"S01004457",871,237,634
"S01004458",846,176,670
"S01004459",573,168,405
"S01004460",652,64,588
"S01004461",603,100,503
"S01004462",643,61,582
"S01004463",791,142,649
"S01004464",868,193,675
"S01004465",771,99,672
"S01004466",897,190,707
"S01004467",996,192,804
"S01004468",796,98,698
"S01004469",694,118,576
"S01004470",580,46,534
"S01004471",616,85,531
"S01004472",735,129,606
"S01004473",1018,136,882
"S01004474",1015,259,756
"S01004475",501,81,420
"S01004476",721,158,563
"S01004477",904,140,764
"S01004478",635,119,516
"S01004479",650,88,562
"S01004480",984,210,774
"S01004481",569,129,440
"S01004482",922,303,619
"S01004483",706,128,578
"S01004484",993,147,846
"S01004485",510,93,417
"S01004486",938,133,805
"S01004487",952,242,710
"S01004488",708,184,524
"S01004489",848,74,774
"S01004490",708,108,600
"S01004491",817,161,656
"S01004492",976,206,770
"S01004493",1042,226,816
"S01004494",889,188,701
"S01004495",684,197,487
"S01004496",645,136,509
"S01004497",783,205,578
"S01004498",599,142,457
"S01004499",690,136,554
"S01004500",747,123,624
"S01004501",574,111,463
"S01004502",753,139,614
"S01004503",730,258,472
"S01004504",721,204,517
"S01004505",603,114,489
"S01004506",538,94,444
"S01004507",763,154,609
"S01004508",636,158,478
"S01004509",712,100,612
"S01004510",841,242,599
"S01004511",868,218,650
"S01004512",942,206,736
"S01004513",502,122,380
"S01004514",561,80,481
"S01004515",747,205,542
"S01004516",513,110,403
"S01004517",689,195,494
"S01004518",691,116,575
"S01004519",886,193,693
"S01004520",831,217,614
"S01004521",787,123,664
"S01004522",608,98,510
"S01004523",692,131,561
"S01004524",626,117,509
"S01004525",753,107,646
"S01004526",726,136,590
"S01004527",558,131,427
"S01004528",791,238,553
"S01004529",789,148,641
"S01004530",602,51,551
"S01004531",737,189,548
"S01004532",649,162,487
"S01004533",387,122,265
"S01004534",702,181,521
"S01004535",714,191,523
"S01004536",742,166,576
"S01004537",846,254,592
"S01004538",801,213,588
"S01004539",659,184,475
"S01004540",869,256,613
"S01004541",768,230,538
"S01004542",589,82,507
"S01004543",773,197,576
"S01004544",997,271,726
"S01004545",687,209,478
"S01004546",966,280,686
"S01004547",860,235,625
"S01004548",785,258,527
"S01004549",845,290,555
"S01004550",702,208,494
"S01004551",944,225,719
"S01004552",733,220,513
"S01004553",535,105,430
"S01004554",637,121,516
"S01004555",745,176,569
"S01004556",674,191,483
"S01004557",432,63,369
"S01004558",959,305,654
"S01004559",1021,305,716
"S01004560",626,123,503
"S01004561",1044,296,748
"S01004562",520,138,382
"S01004563",809,224,585
"S01004564",567,93,474
"S01004565",707,70,637
"S01004566",733,68,665
"S01004567",506,176,330
"S01004568",669,195,474
"S01004569",700,191,509
"S01004570",696,82,614
"S01004571",660,140,520
"S01004572",739,180,559
"S01004573",617,160,457
"S01004574",505,64,441
"S01004575",719,197,522
"S01004576",618,64,554
"S01004577",575,121,454
"S01004578",941,119,822
"S01004579",656,205,451
"S01004580",877,240,637
"S01004581",1091,292,799
"S01004582",588,115,473
"S01004583",778,284,494
"S01004584",590,175,415
"S01004585",610,181,429
"S01004586",1118,197,921
"S01004587",906,365,541
"S01004588",637,169,468
"S01004589",752,148,604
"S01004590",701,127,574
"S01004591",604,160,444
"S01004592",652,183,469
"S01004593",858,180,678
"S01004594",567,160,407
"S01004595",938,138,800
"S01004596",656,234,422
"S01004597",567,48,519
"S01004598",687,190,497
"S01004599",575,176,399
"S01004600",889,262,627
"S01004601",861,229,632
"S01004602",971,165,806
"S01004603",906,275,631
"S01004604",561,189,372
"S01004605",1025,271,754
"S01004606",736,185,551
"S01004607",625,156,469
"S01004608",646,163,483
"S01004609",589,145,444
"S01004610",752,218,534
"S01004611",1251,488,763
"S01004612",770,240,530
"S01004613",874,112,762
"S01004614",826,190,636
"S01004615",814,190,624
"S01004616",889,134,755
"S01004617",767,152,615
"S01004618",658,149,509
"S01004619",583,204,379
"S01004620",800,158,642
"S01004621",997,263,734
"S01004622",818,184,634
"S01004623",979,227,752
"S01004624",1048,297,751
"S01004625",866,207,659
"S01004626",650,148,502
"S01004627",586,95,491
"S01004628",596,161,435
"S01004629",989,115,874
"S01004630",952,196,756
"S01004631",801,231,570
"S01004632",981,210,771
"S01004633",530,109,421
"S01004634",1069,116,953
"S01004635",735,238,497
"S01004636",668,199,469
"S01004637",545,163,382
"S01004638",605,161,444
"S01004639",713,251,462
"S01004640",796,219,577
"S01004641",656,117,539
"S01004642",907,236,671
"S01004643",562,121,441
"S01004644",740,186,554
"S01004645",1004,254,750
"S01004646",775,232,543
"S01004647",1544,390,1154
"S01004648",975,250,725
"S01004649",615,126,489
"S01004650",856,203,653
"S01004651",957,232,725
"S01004652",911,158,753
"S01004653",653,193,460
"S01004654",861,184,677
"S01004655",862,238,624
"S01004656",560,191,369
"S01004657",759,138,621
"S01004658",949,171,778
"S01004659",517,152,365
"S01004660",757,56,701
"S01004661",707,164,543
"S01004662",978,278,700
"S01004663",561,111,450
"S01004664",654,197,457
"S01004665",753,208,545
"S01004666",788,174,614
"S01004667",704,183,521
"S01004668",883,140,743
"S01004669",787,265,522
"S01004670",877,242,635
"S01004671",920,184,736
"S01004672",671,155,516
"S01004673",918,196,722
"S01004674",854,212,642
"S01004675",855,143,712
"S01004676",778,223,555
"S01004677",820,247,573
"S01004678",805,264,541
"S01004679",495,137,358
"S01004680",866,252,614
"S01004681",747,116,631
"S01004682",574,165,409
"S01004683",719,66,653
"S01004684",750,195,555
"S01004685",539,154,385
"S01004686",747,235,512
"S01004687",813,252,561
"S01004688",723,82,641
"S01004689",998,218,780
"S01004690",540,53,487
"S01004691",812,107,705
"S01004692",697,227,470
"S01004693",815,143,672
"S01004694",627,184,443
"S01004695",793,68,725
"S01004696",872,202,670
"S01004697",881,157,724
"S01004698",605,33,572
"S01004699",813,204,609
"S01004700",753,216,537
"S01004701",572,32,540
"S01004702",591,152,439
"S01004703",785,98,687
"S01004704",636,130,506
"S01004705",938,132,806
"S01004706",558,44,514
"S01004707",1012,250,762
"S01004708",739,177,562
"S01004709",745,103,642
"S01004710",861,251,610
"S01004711",810,171,639
"S01004712",570,157,413
"S01004713",736,212,524
"S01004714",734,183,551
"S01004715",807,234,573
"S01004716",894,258,636
"S01004717",747,177,570
"S01004718",972,280,692
"S01004719",726,211,515
"S01004720",708,187,521
"S01004721",622,69,553
"S01004722",705,170,535
"S01004723",582,95,487
"S01004724",938,340,598
"S01004725",619,86,533
"S01004726",564,129,435
"S01004727",872,313,559
"S01004728",637,75,562
"S01004729",657,180,477
"S01004730",1063,274,789
"S01004731",825,186,639
"S01004732",622,97,525
"S01004733",818,274,544
"S01004734",544,144,400
"S01004735",900,247,653
"S01004736",720,196,524
"S01004737",745,216,529
"S01004738",659,239,420
"S01004739",750,105,645
"S01004740",671,96,575
"S01004741",629,174,455
"S01004742",942,229,713
"S01004743",901,73,828
"S01004744",640,164,476
"S01004745",822,253,569
"S01004746",795,239,556
"S01004747",785,84,701
"S01004748",610,142,468
"S01004749",667,142,525
"S01004750",719,187,532
"S01004751",824,267,557
"S01004752",796,156,640
"S01004753",675,175,500
"S01004754",683,119,564
"S01004755",705,209,496
"S01004756",603,142,461
"S01004757",920,217,703
"S01004758",960,272,688
"S01004759",609,62,547
"S01004760",732,204,528
"S01004761",552,152,400
"S01004762",664,188,476
"S01004763",859,78,781
"S01004764",767,196,571
"S01004765",982,350,632
"S01004766",770,179,591
"S01004767",691,182,509
"S01004768",991,251,740
"S01004769",568,103,465
"S01004770",548,157,391
"S01004771",779,248,531
"S01004772",609,184,425
"S01004773",797,198,599
"S01004774",987,135,852
"S01004775",790,266,524
"S01004776",801,147,654
"S01004777",619,37,582
"S01004778",727,210,517
"S01004779",780,225,555
"S01004780",532,131,401
"S01004781",824,196,628
"S01004782",776,225,551
"S01004783",978,176,802
"S01004784",769,223,546
"S01004785",625,183,442
"S01004786",502,127,375
"S01004787",1054,226,828
"S01004788",797,144,653
"S01004789",999,297,702
"S01004790",748,97,651
"S01004791",605,66,539
"S01004792",677,114,563
"S01004793",912,104,808
"S01004794",705,189,516
"S01004795",971,224,747
"S01004796",769,184,585
"S01004797",723,199,524
"S01004798",885,272,613
"S01004799",612,169,443
"S01004800",632,188,444
"S01004801",717,200,517
"S01004802",891,228,663
"S01004803",853,220,633
"S01004804",926,272,654
"S01004805",676,188,488
"S01004806",530,162,368
"S01004807",536,163,373
"S01004808",744,196,548
"S01004809",487,120,367
"S01004810",676,172,504
"S01004811",638,188,450
"S01004812",851,215,636
"S01004813",903,260,643
"S01004814",900,232,668
"S01004815",728,141,587
"S01004816",795,235,560
"S01004817",544,179,365
"S01004818",843,270,573
"S01004819",698,247,451
"S01004820",1090,328,762
"S01004821",984,207,777
"S01004822",717,208,509
"S01004823",811,253,558
"S01004824",785,107,678
"S01004825",634,171,463
"S01004826",742,173,569
"S01004827",697,202,495
"S01004828",1000,165,835
"S01004829",783,211,572
"S01004830",710,238,472
"S01004831",866,138,728
"S01004832",638,153,485
"S01004833",823,205,618
"S01004834",791,221,570
"S01004835",713,136,577
"S01004836",718,96,622
"S01004837",834,211,623
"S01004838",967,209,758
"S01004839",914,204,710
"S01004840",698,183,515
"S01004841",850,224,626
"S01004842",561,77,484
"S01004843",715,166,549
"S01004844",879,215,664
"S01004845",781,229,552
"S01004846",745,156,589
"S01004847",894,142,752
"S01004848",688,101,587
"S01004849",576,187,389
"S01004850",820,196,624
"S01004851",620,152,468
"S01004852",730,226,504
"S01004853",738,164,574
"S01004854",984,163,821
"S01004855",645,168,477
"S01004856",697,154,543
"S01004857",929,219,710
"S01004858",931,186,745
"S01004859",985,99,886
"S01004860",501,58,443
"S01004861",824,143,681
"S01004862",691,51,640
"S01004863",986,159,827
"S01004864",587,64,523
"S01004865",686,172,514
"S01004866",954,228,726
"S01004867",800,133,667
"S01004868",766,232,534
"S01004869",900,98,802
"S01004870",936,187,749
"S01004871",779,133,646
"S01004872",863,203,660
"S01004873",791,162,629
"S01004874",863,194,669
"S01004875",775,118,657
"S01004876",1018,194,824
"S01004877",760,185,575
"S01004878",746,153,593
"S01004879",711,148,563
"S01004880",718,144,574
"S01004881",795,166,629
"S01004882",525,120,405
"S01004883",787,69,718
"S01004884",577,34,543
"S01004885",616,137,479
"S01004886",869,147,722
"S01004887",428,90,338
"S01004888",640,31,609
"S01004889",922,207,715
"S01004890",752,133,619
"S01004891",963,241,722
"S01004892",771,82,689
"S01004893",757,246,511
"S01004894",756,239,517
"S01004895",864,225,639
"S01004896",958,215,743
"S01004897",595,58,537
"S01004898",1038,185,853
"S01004899",722,143,579
"S01004900",730,82,648
"S01004901",785,128,657
"S01004902",767,202,565
"S01004903",650,80,570
"S01004904",1061,339,722
"S01004905",1072,190,882
"S01004906",835,170,665
"S01004907",734,117,617
"S01004908",710,146,564
"S01004909",880,138,742
"S01004910",870,190,680
"S01004911",792,94,698
"S01004912",748,198,550
"S01004913",658,186,472
"S01004914",663,81,582
"S01004915",618,161,457
"S01004916",783,177,606
"S01004917",566,30,536
"S01004918",586,56,530
"S01004919",536,120,416
"S01004920",966,201,765
"S01004921",721,132,589
"S01004922",701,54,647
"S01004923",837,113,724
"S01004924",868,198,670
"S01004925",551,120,431
"S01004926",950,84,866
"S01004927",995,113,882
"S01004928",634,50,584
"S01004929",705,82,623
"S01004930",642,187,455
"S01004931",900,237,663
"S01004932",762,186,576
"S01004933",905,189,716
"S01004934",680,153,527
"S01004935",621,98,523
"S01004936",907,326,581
"S01004937",529,148,381
"S01004938",771,195,576
"S01004939",605,136,469
"S01004940",547,131,416
"S01004941",651,120,531
"S01004942",1008,166,842
"S01004943",870,153,717
"S01004944",521,121,400
"S01004945",611,170,441
"S01004946",604,93,511
"S01004947",693,92,601
"S01004948",533,92,441
"S01004949",566,97,469
"S01004950",509,73,436
"S01004951",656,157,499
"S01004952",926,115,811
"S01004953",877,166,711
"S01004954",785,114,671
"S01004955",670,121,549
"S01004956",678,109,569
"S01004957",645,73,572
"S01004958",909,246,663
"S01004959",592,118,474
"S01004960",582,114,468
"S01004961",637,101,536
"S01004962",570,60,510
"S01004963",559,103,456
"S01004964",989,133,856
"S01004965",827,137,690
"S01004966",779,115,664
"S01004967",555,89,466
"S01004968",567,116,451
"S01004969",906,203,703
"S01004970",749,139,610
"S01004971",935,190,745
"S01004972",749,145,604
"S01004973",869,131,738
"S01004974",878,113,765
"S01004975",741,106,635
"S01004976",756,142,614
"S01004977",983,207,776
"S01004978",976,105,871
"S01004979",915,98,817
"S01004980",1051,135,916
"S01004981",951,134,817
"S01004982",710,137,573
"S01004983",911,152,759
"S01004984",776,94,682
"S01004985",718,113,605
"S01004986",646,117,529
"S01004987",517,64,453
"S01004988",539,42,497
"S01004989",633,62,571
"S01004990",509,78,431
"S01004991",565,88,477
"S01004992",874,176,698
"S01004993",673,104,569
"S01004994",811,187,624
"S01004995",931,201,730
"S01004996",656,114,542
"S01004997",881,139,742
"S01004998",803,119,684
"S01004999",822,143,679
"S01005000",569,83,486
"S01005001",1040,123,917
"S01005002",790,186,604
"S01005003",882,105,777
"S01005004",589,88,501
"S01005005",954,200,754
"S01005006",573,131,442
"S01005007",852,202,650
"S01005008",1319,113,1206
"S01005009",642,112,530
"S01005010",594,119,475
"S01005011",570,142,428
"S01005012",704,123,581
"S01005013",676,139,537
"S01005014",833,156,677
"S01005015",648,131,517
"S01005016",733,143,590
"S01005017",721,100,621
"S01005018",617,103,514
"S01005019",1020,274,746
"S01005020",917,216,701
"S01005021",964,163,801
"S01005022",673,115,558
"S01005023",596,102,494
"S01005024",932,223,709
"S01005025",672,123,549
"S01005026",577,95,482
"S01005027",702,73,629
"S01005028",571,89,482
"S01005029",940,102,838
"S01005030",993,157,836
"S01005031",656,144,512
"S01005032",873,171,702
"S01005033",711,95,616
"S01005034",832,125,707
"S01005035",911,139,772
"S01005036",549,108,441
"S01005037",965,194,771
"S01005038",898,156,742
"S01005039",1078,214,864
"S01005040",860,237,623
"S01005041",558,111,447
"S01005042",840,131,709
"S01005043",753,174,579
"S01005044",907,156,751
"S01005045",896,115,781
"S01005046",1038,161,877
"S01005047",916,243,673
"S01005048",604,135,469
"S01005049",706,176,530
"S01005050",949,179,770
"S01005051",889,90,799
"S01005052",663,74,589
"S01005053",893,175,718
"S01005054",599,125,474
"S01005055",790,178,612
"S01005056",740,178,562
"S01005057",754,163,591
"S01005058",699,126,573
"S01005059",540,95,445
"S01005060",725,144,581
"S01005061",961,247,714
"S01005062",495,78,417
"S01005063",544,47,497
"S01005064",792,133,659
"S01005065",860,177,683
"S01005066",793,168,625
"S01005067",488,80,408
"S01005068",702,149,553
"S01005069",614,141,473
"S01005070",853,184,669
"S01005071",296,45,251
"S01005072",602,121,481
"S01005073",638,92,546
"S01005074",769,123,646
"S01005075",504,88,416
"S01005076",765,144,621
"S01005077",693,32,661
"S01005078",730,138,592
"S01005079",685,156,529
"S01005080",449,89,360
"S01005081",661,129,532
"S01005082",696,91,605
"S01005083",935,201,734
"S01005084",621,135,486
"S01005085",568,96,472
"S01005086",732,131,601
"S01005087",508,112,396
"S01005088",594,157,437
"S01005089",817,183,634
"S01005090",863,148,715
"S01005091",696,108,588
"S01005092",668,133,535
"S01005093",785,140,645
"S01005094",519,68,451
"S01005095",988,165,823
"S01005096",607,78,529
"S01005097",753,127,626
"S01005098",605,143,462
"S01005099",834,167,667
"S01005100",593,86,507
"S01005101",825,148,677
"S01005102",973,177,796
"S01005103",999,153,846
"S01005104",1039,104,935
"S01005105",878,138,740
"S01005106",559,106,453
"S01005107",463,60,403
"S01005108",569,98,471
"S01005109",912,125,787
"S01005110",999,149,850
"S01005111",527,87,440
"S01005112",880,111,769
"S01005113",1043,177,866
"S01005114",939,172,767
"S01005115",889,179,710
"S01005116",647,112,535
"S01005117",682,157,525
"S01005118",762,186,576
"S01005119",669,141,528
"S01005120",650,169,481
"S01005121",784,112,672
"S01005122",773,122,651
"S01005123",746,149,597
"S01005124",750,155,595
"S01005125",790,190,600
"S01005126",559,99,460
"S01005127",633,165,468
"S01005128",834,161,673
"S01005129",873,126,747
"S01005130",651,156,495
"S01005131",853,159,694
"S01005132",699,154,545
"S01005133",389,47,342
"S01005134",969,216,753
"S01005135",674,114,560
"S01005136",814,177,637
"S01005137",862,129,733
"S01005138",1079,184,895
"S01005139",657,96,561
"S01005140",703,94,609
"S01005141",858,150,708
"S01005142",636,126,510
"S01005143",993,206,787
"S01005144",1036,177,859
"S01005145",793,135,658
"S01005146",651,116,535
"S01005147",925,130,795
"S01005148",600,96,504
"S01005149",600,125,475
"S01005150",641,118,523
"S01005151",725,144,581
"S01005152",738,125,613
"S01005153",756,107,649
"S01005154",605,115,490
"S01005155",746,142,604
"S01005156",719,155,564
"S01005157",913,250,663
"S01005158",757,138,619
"S01005159",940,205,735
"S01005160",1023,249,774
"S01005161",953,120,833
"S01005162",973,225,748
"S01005163",581,160,421
"S01005164",924,201,723
"S01005165",765,178,587
"S01005166",1040,250,790
"S01005167",722,158,564
"S01005168",687,71,616
"S01005169",619,78,541
"S01005170",837,111,726
"S01005171",993,326,667
"S01005172",1198,373,825
"S01005173",705,97,608
"S01005174",769,250,519
"S01005175",690,75,615
"S01005176",684,185,499
"S01005177",948,201,747
"S01005178",857,235,622
"S01005179",979,138,841
"S01005180",910,94,816
"S01005181",907,91,816
"S01005182",722,212,510
"S01005183",938,205,733
"S01005184",825,191,634
"S01005185",533,161,372
"S01005186",747,244,503
"S01005187",945,280,665
"S01005188",990,108,882
"S01005189",851,277,574
"S01005190",930,169,761
"S01005191",880,211,669
"S01005192",788,100,688
"S01005193",889,191,698
"S01005194",593,148,445
"S01005195",1007,120,887
"S01005196",804,163,641
"S01005197",768,216,552
"S01005198",920,139,781
"S01005199",908,210,698
"S01005200",632,64,568
"S01005201",873,187,686
"S01005202",905,253,652
"S01005203",815,156,659
"S01005204",551,46,505
"S01005205",883,100,783
"S01005206",932,141,791
"S01005207",954,332,622
"S01005208",543,153,390
"S01005209",801,238,563
"S01005210",961,383,578
"S01005211",723,226,497
"S01005212",588,92,496
"S01005213",943,172,771
"S01005214",778,172,606
"S01005215",899,284,615
"S01005216",593,121,472
"S01005217",835,103,732
"S01005218",888,339,549
"S01005219",857,256,601
"S01005220",674,129,545
"S01005221",789,226,563
"S01005222",696,149,547
"S01005223",735,174,561
"S01005224",780,52,728
"S01005225",922,190,732
"S01005226",553,93,460
"S01005227",844,213,631
"S01005228",1299,367,932
"S01005229",852,186,666
"S01005230",789,155,634
"S01005231",751,72,679
"S01005232",911,389,522
"S01005233",600,221,379
"S01005234",1014,188,826
"S01005235",578,88,490
"S01005236",945,188,757
"S01005237",961,138,823
"S01005238",822,175,647
"S01005239",921,244,677
"S01005240",837,243,594
"S01005241",950,160,790
"S01005242",842,262,580
"S01005243",750,223,527
"S01005244",958,123,835
"S01005245",671,110,561
"S01005246",945,270,675
"S01005247",735,168,567
"S01005248",574,159,415
"S01005249",728,128,600
"S01005250",795,129,666
"S01005251",935,166,769
"S01005252",548,119,429
"S01005253",555,61,494
"S01005254",789,150,639
"S01005255",557,219,338
"S01005256",721,78,643
"S01005257",958,215,743
"S01005258",1035,144,891
"S01005259",653,129,524
"S01005260",645,220,425
"S01005261",519,123,396
"S01005262",1008,275,733
"S01005263",517,109,408
"S01005264",733,262,471
"S01005265",437,111,326
"S01005266",860,281,579
"S01005267",929,226,703
"S01005268",899,239,660
"S01005269",711,239,472
"S01005270",1059,209,850
"S01005271",594,80,514
"S01005272",660,194,466
"S01005273",809,143,666
"S01005274",733,255,478
"S01005275",487,126,361
"S01005276",660,172,488
"S01005277",655,114,541
"S01005278",840,218,622
"S01005279",546,73,473
"S01005280",762,217,545
"S01005281",890,175,715
"S01005282",764,206,558
"S01005283",813,87,726
"S01005284",681,216,465
"S01005285",696,126,570
"S01005286",743,62,681
"S01005287",862,202,660
"S01005288",886,239,647
"S01005289",778,167,611
"S01005290",594,146,448
"S01005291",672,77,595
"S01005292",708,211,497
"S01005293",848,227,621
"S01005294",574,58,516
"S01005295",602,142,460
"S01005296",890,74,816
"S01005297",703,123,580
"S01005298",1069,111,958
"S01005299",578,79,499
"S01005300",949,97,852
"S01005301",891,80,811
"S01005302",1014,229,785
"S01005303",763,172,591
"S01005304",726,108,618
"S01005305",826,190,636
"S01005306",1021,87,934
"S01005307",919,79,840
"S01005308",529,130,399
"S01005309",945,235,710
"S01005310",1010,299,711
"S01005311",940,110,830
"S01005312",642,91,551
"S01005313",918,119,799
"S01005314",543,76,467
"S01005315",646,161,485
"S01005316",900,173,727
"S01005317",569,68,501
"S01005318",567,199,368
"S01005319",691,87,604
"S01005320",677,155,522
"S01005321",644,164,480
"S01005322",806,111,695
"S01005323",707,184,523
"S01005324",727,169,558
"S01005325",815,165,650
"S01005326",961,223,738
"S01005327",649,111,538
"S01005328",625,149,476
"S01005329",551,80,471
"S01005330",700,200,500
"S01005331",738,217,521
"S01005332",553,146,407
"S01005333",820,117,703
"S01005334",678,124,554
"S01005335",549,77,472
"S01005336",614,105,509
"S01005337",966,101,865
"S01005338",580,45,535
"S01005339",763,173,590
"S01005340",589,52,537
"S01005341",699,168,531
"S01005342",777,183,594
"S01005343",970,110,860
"S01005344",775,190,585
"S01005345",774,79,695
"S01005346",840,61,779
"S01005347",740,79,661
"S01005348",892,189,703
"S01005349",889,121,768
"S01005350",766,80,686
"S01005351",985,342,643
"S01005352",912,237,675
"S01005353",1024,273,751
"S01005354",966,89,877
"S01005355",750,188,562
"S01005356",735,99,636
"S01005357",745,194,551
"S01005358",871,200,671
"S01005359",930,101,829
"S01005360",889,106,783
"S01005361",903,94,809
"S01005362",667,161,506
"S01005363",687,86,601
"S01005364",934,171,763
"S01005365",681,132,549
"S01005366",759,90,669
"S01005367",817,216,601
"S01005368",747,193,554
"S01005369",988,205,783
"S01005370",870,170,700
"S01005371",991,150,841
"S01005372",813,158,655
"S01005373",701,158,543
"S01005374",875,170,705
"S01005375",992,200,792
"S01005376",956,169,787
"S01005377",900,166,734
"S01005378",778,153,625
"S01005379",973,153,820
"S01005380",693,142,551
"S01005381",682,138,544
"S01005382",762,141,621
"S01005383",669,80,589
"S01005384",823,94,729
"S01005385",778,99,679
"S01005386",608,120,488
"S01005387",960,142,818
"S01005388",756,122,634
"S01005389",740,166,574
"S01005390",846,125,721
"S01005391",737,146,591
"S01005392",885,128,757
"S01005393",883,148,735
"S01005394",841,102,739
"S01005395",859,113,746
"S01005396",660,93,567
"S01005397",591,113,478
"S01005398",974,118,856
"S01005399",969,222,747
"S01005400",990,198,792
"S01005401",950,193,757
"S01005402",924,131,793
"S01005403",935,154,781
"S01005404",854,162,692
"S01005405",537,99,438
"S01005406",549,103,446
"S01005407",943,165,778
"S01005408",555,105,450
"S01005409",644,103,541
"S01005410",737,98,639
"S01005411",903,118,785
"S01005412",927,142,785
"S01005413",841,149,692
"S01005414",963,170,793
"S01005415",770,125,645
"S01005416",964,252,712
"S01005417",767,135,632
"S01005418",801,160,641
"S01005419",712,125,587
"S01005420",836,109,727
"S01005421",941,156,785
"S01005422",927,195,732
"S01005423",978,90,888
"S01005424",828,168,660
"S01005425",903,217,686
"S01005426",760,133,627
"S01005427",782,164,618
"S01005428",953,173,780
"S01005429",698,183,515
"S01005430",639,97,542
"S01005431",747,124,623
"S01005432",790,127,663
"S01005433",858,141,717
"S01005434",655,109,546
"S01005435",812,164,648
"S01005436",897,172,725
"S01005437",909,116,793
"S01005438",857,149,708
"S01005439",647,124,523
"S01005440",943,142,801
"S01005441",892,155,737
"S01005442",878,107,771
"S01005443",917,164,753
"S01005444",908,126,782
"S01005445",928,146,782
"S01005446",783,147,636
"S01005447",835,127,708
"S01005448",952,123,829
"S01005449",856,106,750
"S01005450",908,210,698
"S01005451",999,200,799
"S01005452",912,124,788
"S01005453",905,158,747
"S01005454",780,152,628
"S01005455",896,196,700
"S01005456",864,120,744
"S01005457",945,158,787
"S01005458",828,135,693
"S01005459",845,91,754
"S01005460",791,115,676
"S01005461",762,147,615
"S01005462",967,145,822
"S01005463",548,93,455
"S01005464",579,133,446
"S01005465",565,87,478
"S01005466",864,89,775
"S01005467",516,84,432
"S01005468",913,157,756
"S01005469",835,147,688
"S01005470",688,119,569
"S01005471",771,66,705
"S01005472",817,103,714
"S01005473",728,116,612
"S01005474",860,218,642
"S01005475",792,142,650
"S01005476",910,98,812
"S01005477",898,141,757
"S01005478",836,156,680
"S01005479",558,97,461
"S01005480",778,148,630
"S01005481",646,112,534
"S01005482",609,93,516
"S01005483",713,144,569
"S01005484",557,112,445
"S01005485",796,149,647
"S01005486",856,177,679
"S01005487",624,130,494
"S01005488",891,138,753
"S01005489",927,164,763
"S01005490",600,142,458
"S01005491",935,188,747
"S01005492",948,155,793
"S01005493",683,119,564
"S01005494",683,99,584
"S01005495",658,100,558
"S01005496",983,155,828
"S01005497",590,52,538
"S01005498",869,174,695
"S01005499",738,133,605
"S01005500",781,81,700
"S01005501",801,96,705
"S01005502",859,156,703
"S01005503",594,111,483
"S01005504",610,107,503
"S01005505",655,106,549
"S01005506",879,212,667
"S01005507",533,105,428
"S01005508",765,100,665
"S01005509",508,54,454
"S01005510",610,59,551
"S01005511",577,86,491
"S01005512",660,104,556
"S01005513",722,107,615
"S01005514",570,73,497
"S01005515",590,73,517
"S01005516",520,71,449
"S01005517",920,130,790
"S01005518",974,132,842
"S01005519",681,119,562
"S01005520",957,213,744
"S01005521",806,148,658
"S01005522",628,142,486
"S01005523",879,195,684
"S01005524",754,177,577
"S01005525",753,147,606
"S01005526",718,132,586
"S01005527",525,121,404
"S01005528",498,149,349
"S01005529",861,180,681
"S01005530",660,198,462
"S01005531",576,122,454
"S01005532",877,226,651
"S01005533",785,202,583
"S01005534",658,167,491
"S01005535",845,165,680
"S01005536",925,165,760
"S01005537",726,188,538
"S01005538",885,161,724
"S01005539",908,206,702
"S01005540",799,162,637
"S01005541",663,165,498
"S01005542",732,139,593
"S01005543",797,193,604
"S01005544",728,170,558
"S01005545",851,124,727
"S01005546",683,118,565
"S01005547",697,123,574
"S01005548",1003,258,745
"S01005549",980,171,809
"S01005550",627,70,557
"S01005551",902,145,757
"S01005552",848,135,713
"S01005553",831,118,713
"S01005554",726,108,618
"S01005555",714,130,584
"S01005556",540,100,440
"S01005557",796,140,656
"S01005558",747,138,609
"S01005559",698,97,601
"S01005560",662,119,543
"S01005561",872,126,746
"S01005562",927,297,630
"S01005563",782,209,573
"S01005564",804,134,670
"S01005565",596,96,500
"S01005566",543,124,419
"S01005567",994,275,719
"S01005568",573,121,452
"S01005569",720,108,612
"S01005570",797,184,613
"S01005571",733,79,654
"S01005572",827,165,662
"S01005573",711,161,550
"S01005574",836,201,635
"S01005575",750,96,654
"S01005576",796,180,616
"S01005577",864,229,635
"S01005578",962,237,725
"S01005579",809,122,687
"S01005580",662,253,409
"S01005581",743,216,527
"S01005582",799,168,631
"S01005583",610,128,482
"S01005584",576,82,494
"S01005585",755,209,546
"S01005586",715,183,532
"S01005587",1037,230,807
"S01005588",697,249,448
"S01005589",814,157,657
"S01005590",790,259,531
"S01005591",914,236,678
"S01005592",502,101,401
"S01005593",893,239,654
"S01005594",827,258,569
"S01005595",838,220,618
"S01005596",539,160,379
"S01005597",972,254,718
"S01005598",940,245,695
"S01005599",500,135,365
"S01005600",720,177,543
"S01005601",710,174,536
"S01005602",729,210,519
"S01005603",550,107,443
"S01005604",559,107,452
"S01005605",977,255,722
"S01005606",620,132,488
"S01005607",626,108,518
"S01005608",907,143,764
"S01005609",777,154,623
"S01005610",581,132,449
"S01005611",725,166,559
"S01005612",766,42,724
"S01005613",742,210,532
"S01005614",793,184,609
"S01005615",963,259,704
"S01005616",658,126,532
"S01005617",875,191,684
"S01005618",622,210,412
"S01005619",605,56,549
"S01005620",480,121,359
"S01005621",725,109,616
"S01005622",924,202,722
"S01005623",830,189,641
"S01005624",891,138,753
"S01005625",887,168,719
"S01005626",839,190,649
"S01005627",692,154,538
"S01005628",940,255,685
"S01005629",781,115,666
"S01005630",542,111,431
"S01005631",758,160,598
"S01005632",509,116,393
"S01005633",735,195,540
"S01005634",796,142,654
"S01005635",862,168,694
"S01005636",858,190,668
"S01005637",996,215,781
"S01005638",848,212,636
"S01005639",768,171,597
"S01005640",536,100,436
"S01005641",869,128,741
"S01005642",712,115,597
"S01005643",628,115,513
"S01005644",610,102,508
"S01005645",838,126,712
"S01005646",802,184,618
"S01005647",748,168,580
"S01005648",871,247,624
"S01005649",920,228,692
"S01005650",628,132,496
"S01005651",760,164,596
"S01005652",717,101,616
"S01005653",900,193,707
"S01005654",761,153,608
"S01005655",883,163,720
"S01005656",613,194,419
"S01005657",608,123,485
"S01005658",886,95,791
"S01005659",889,106,783
"S01005660",647,131,516
"S01005661",639,76,563
"S01005662",621,63,558
"S01005663",663,105,558
"S01005664",592,62,530
"S01005665",512,37,475
"S01005666",913,245,668
"S01005667",778,153,625
"S01005668",842,127,715
"S01005669",615,137,478
"S01005670",683,141,542
"S01005671",516,88,428
"S01005672",856,208,648
"S01005673",643,92,551
"S01005674",941,179,762
"S01005675",929,274,655
"S01005676",876,234,642
"S01005677",842,140,702
"S01005678",848,151,697
"S01005679",880,294,586
"S01005680",730,177,553
"S01005681",879,205,674
"S01005682",656,137,519
"S01005683",881,207,674
"S01005684",923,215,708
"S01005685",667,91,576
"S01005686",715,234,481
"S01005687",551,86,465
"S01005688",812,126,686
"S01005689",505,62,443
"S01005690",751,125,626
"S01005691",622,96,526
"S01005692",667,120,547
"S01005693",887,178,709
"S01005694",598,150,448
"S01005695",564,116,448
"S01005696",691,174,517
"S01005697",640,188,452
"S01005698",578,108,470
"S01005699",799,220,579
"S01005700",582,131,451
"S01005701",732,193,539
"S01005702",683,163,520
"S01005703",629,84,545
"S01005704",620,149,471
"S01005705",625,141,484
"S01005706",772,111,661
"S01005707",563,160,403
"S01005708",721,190,531
"S01005709",812,178,634
"S01005710",426,52,374
"S01005711",867,152,715
"S01005712",566,136,430
"S01005713",651,137,514
"S01005714",782,158,624
"S01005715",795,170,625
"S01005716",600,83,517
"S01005717",563,81,482
"S01005718",794,179,615
"S01005719",556,79,477
"S01005720",719,86,633
"S01005721",792,191,601
"S01005722",542,70,472
"S01005723",697,149,548
"S01005724",715,76,639
"S01005725",638,116,522
"S01005726",902,180,722
"S01005727",572,96,476
"S01005728",828,170,658
"S01005729",623,167,456
"S01005730",743,175,568
"S01005731",575,163,412
"S01005732",889,201,688
"S01005733",771,90,681
"S01005734",674,109,565
"S01005735",824,113,711
"S01005736",767,227,540
"S01005737",787,140,647
"S01005738",875,185,690
"S01005739",1000,312,688
"S01005740",732,110,622
"S01005741",996,178,818
"S01005742",711,182,529
"S01005743",668,63,605
"S01005744",873,257,616
"S01005745",978,314,664
"S01005746",903,149,754
"S01005747",894,160,734
"S01005748",451,162,289
"S01005749",857,146,711
"S01005750",843,187,656
"S01005751",817,189,628
"S01005752",810,202,608
"S01005753",731,130,601
"S01005754",966,228,738
"S01005755",834,280,554
"S01005756",884,214,670
"S01005757",622,195,427
"S01005758",853,183,670
"S01005759",828,230,598
"S01005760",636,126,510
"S01005761",682,110,572
"S01005762",781,243,538
"S01005763",790,113,677
"S01005764",611,153,458
"S01005765",873,232,641
"S01005766",644,114,530
"S01005767",728,64,664
"S01005768",900,233,667
"S01005769",786,218,568
"S01005770",642,235,407
"S01005771",817,116,701
"S01005772",716,135,581
"S01005773",860,96,764
"S01005774",719,148,571
"S01005775",861,247,614
"S01005776",713,151,562
"S01005777",600,122,478
"S01005778",699,213,486
"S01005779",716,110,606
"S01005780",683,51,632
"S01005781",868,251,617
"S01005782",802,248,554
"S01005783",576,88,488
"S01005784",509,45,464
"S01005785",826,90,736
"S01005786",661,119,542
"S01005787",765,92,673
"S01005788",537,175,362
"S01005789",931,129,802
"S01005790",655,96,559
"S01005791",507,93,414
"S01005792",918,138,780
"S01005793",550,89,461
"S01005794",972,192,780
"S01005795",726,134,592
"S01005796",494,96,398
"S01005797",799,54,745
"S01005798",663,150,513
"S01005799",791,172,619
"S01005800",694,161,533
"S01005801",787,97,690
"S01005802",667,119,548
"S01005803",667,133,534
"S01005804",626,139,487
"S01005805",627,59,568
"S01005806",698,179,519
"S01005807",948,180,768
"S01005808",808,131,677
"S01005809",587,118,469
"S01005810",522,105,417
"S01005811",612,115,497
"S01005812",660,60,600
"S01005813",869,172,697
"S01005814",711,184,527
"S01005815",958,194,764
"S01005816",784,156,628
"S01005817",538,54,484
"S01005818",755,40,715
"S01005819",723,180,543
"S01005820",713,107,606
"S01005821",527,108,419
"S01005822",891,127,764
"S01005823",697,106,591
"S01005824",747,66,681
"S01005825",734,186,548
"S01005826",984,82,902
"S01005827",790,72,718
"S01005828",787,167,620
"S01005829",791,127,664
"S01005830",925,240,685
"S01005831",953,163,790
"S01005832",804,203,601
"S01005833",719,133,586
"S01005834",653,159,494
"S01005835",719,60,659
"S01005836",724,72,652
"S01005837",513,55,458
"S01005838",748,168,580
"S01005839",884,134,750
"S01005840",812,167,645
"S01005841",690,132,558
"S01005842",616,147,469
"S01005843",579,109,470
"S01005844",768,119,649
"S01005845",549,63,486
"S01005846",914,219,695
"S01005847",784,191,593
"S01005848",622,140,482
"S01005849",845,202,643
"S01005850",725,219,506
"S01005851",760,214,546
"S01005852",571,92,479
"S01005853",999,270,729
"S01005854",864,233,631
"S01005855",965,305,660
"S01005856",781,180,601
"S01005857",708,204,504
"S01005858",789,170,619
"S01005859",765,112,653
"S01005860",778,195,583
"S01005861",598,32,566
"S01005862",827,145,682
"S01005863",938,199,739
"S01005864",903,248,655
"S01005865",747,229,518
"S01005866",773,122,651
"S01005867",954,183,771
"S01005868",786,99,687
"S01005869",731,207,524
"S01005870",762,204,558
"S01005871",757,165,592
"S01005872",800,143,657
"S01005873",1036,225,811
"S01005874",903,201,702
"S01005875",740,120,620
"S01005876",885,120,765
"S01005877",901,192,709
"S01005878",686,61,625
"S01005879",675,154,521
"S01005880",797,301,496
"S01005881",803,185,618
"S01005882",575,71,504
"S01005883",509,113,396
"S01005884",830,176,654
"S01005885",681,112,569
"S01005886",789,66,723
"S01005887",527,119,408
"S01005888",622,160,462
"S01005889",810,277,533
"S01005890",786,64,722
"S01005891",634,188,446
"S01005892",738,239,499
"S01005893",770,148,622
"S01005894",638,121,517
"S01005895",644,91,553
"S01005896",658,100,558
"S01005897",796,176,620
"S01005898",739,134,605
"S01005899",713,186,527
"S01005900",663,110,553
"S01005901",762,90,672
"S01005902",903,190,713
"S01005903",918,225,693
"S01005904",761,131,630
"S01005905",714,102,612
"S01005906",943,183,760
"S01005907",763,219,544
"S01005908",830,178,652
"S01005909",548,83,465
"S01005910",784,105,679
"S01005911",995,213,782
"S01005912",846,183,663
"S01005913",944,238,706
"S01005914",789,214,575
"S01005915",733,190,543
"S01005916",759,93,666
"S01005917",886,213,673
"S01005918",932,219,713
"S01005919",555,60,495
"S01005920",902,224,678
"S01005921",623,130,493
"S01005922",952,160,792
"S01005923",769,119,650
"S01005924",666,57,609
"S01005925",770,58,712
"S01005926",748,167,581
"S01005927",848,187,661
"S01005928",784,174,610
"S01005929",616,152,464
"S01005930",650,172,478
"S01005931",795,141,654
"S01005932",710,192,518
"S01005933",808,60,748
"S01005934",747,194,553
"S01005935",651,153,498
"S01005936",883,270,613
"S01005937",646,53,593
"S01005938",698,209,489
"S01005939",772,241,531
"S01005940",633,137,496
"S01005941",513,22,491
"S01005942",845,261,584
"S01005943",934,149,785
"S01005944",979,353,626
"S01005945",868,167,701
"S01005946",1012,317,695
"S01005947",806,286,520
"S01005948",693,169,524
"S01005949",711,120,591
"S01005950",543,125,418
"S01005951",849,295,554
"S01005952",937,307,630
"S01005953",936,220,716
"S01005954",540,137,403
"S01005955",517,90,427
"S01005956",860,195,665
"S01005957",968,293,675
"S01005958",593,154,439
"S01005959",490,203,287
"S01005960",513,197,316
"S01005961",800,179,621
"S01005962",519,157,362
"S01005963",545,128,417
"S01005964",744,197,547
"S01005965",808,203,605
"S01005966",927,266,661
"S01005967",957,331,626
"S01005968",826,223,603
"S01005969",750,165,585
"S01005970",797,218,579
"S01005971",512,123,389
"S01005972",791,219,572
"S01005973",789,211,578
"S01005974",776,235,541
"S01005975",760,210,550
"S01005976",786,165,621
"S01005977",781,136,645
"S01005978",745,135,610
"S01005979",950,256,694
"S01005980",677,78,599
"S01005981",571,86,485
"S01005982",638,191,447
"S01005983",987,137,850
"S01005984",689,100,589
"S01005985",829,190,639
"S01005986",776,72,704
"S01005987",584,205,379
"S01005988",558,148,410
"S01005989",810,83,727
"S01005990",965,254,711
"S01005991",714,203,511
"S01005992",607,182,425
"S01005993",797,112,685
"S01005994",943,246,697
"S01005995",674,241,433
"S01005996",761,73,688
"S01005997",674,142,532
"S01005998",690,163,527
"S01005999",869,125,744
"S01006000",792,226,566
"S01006001",907,291,616
"S01006002",564,177,387
"S01006003",668,227,441
"S01006004",623,66,557
"S01006005",646,132,514
"S01006006",808,128,680
"S01006007",559,156,403
"S01006008",780,245,535
"S01006009",579,62,517
"S01006010",907,114,793
"S01006011",840,230,610
"S01006012",878,290,588
"S01006013",540,48,492
"S01006014",705,220,485
"S01006015",744,129,615
"S01006016",958,96,862
"S01006017",734,203,531
"S01006018",852,111,741
"S01006019",822,194,628
"S01006020",841,135,706
"S01006021",901,187,714
"S01006022",557,152,405
"S01006023",786,84,702
"S01006024",849,279,570
"S01006025",861,310,551
"S01006026",786,270,516
"S01006027",691,109,582
"S01006028",634,93,541
"S01006029",755,115,640
"S01006030",962,158,804
"S01006031",870,258,612
"S01006032",940,293,647
"S01006033",700,152,548
"S01006034",737,199,538
"S01006035",980,219,761
"S01006036",809,66,743
"S01006037",896,155,741
"S01006038",704,155,549
"S01006039",833,179,654
"S01006040",765,242,523
"S01006041",895,340,555
"S01006042",842,245,597
"S01006043",621,135,486
"S01006044",954,342,612
"S01006045",662,92,570
"S01006046",827,126,701
"S01006047",754,247,507
"S01006048",830,145,685
"S01006049",775,247,528
"S01006050",861,190,671
"S01006051",959,144,815
"S01006052",756,117,639
"S01006053",867,174,693
"S01006054",733,136,597
"S01006055",616,81,535
"S01006056",960,135,825
"S01006057",488,150,338
"S01006058",820,326,494
"S01006059",804,304,500
"S01006060",634,245,389
"S01006061",551,213,338
"S01006062",686,266,420
"S01006063",614,193,421
"S01006064",699,244,455
"S01006065",779,236,543
"S01006066",837,190,647
"S01006067",971,184,787
"S01006068",497,94,403
"S01006069",736,85,651
"S01006070",644,68,576
"S01006071",966,106,860
"S01006072",637,89,548
"S01006073",504,75,429
"S01006074",705,98,607
"S01006075",983,290,693
"S01006076",966,252,714
"S01006077",800,174,626
"S01006078",997,174,823
"S01006079",788,174,614
"S01006080",863,177,686
"S01006081",775,176,599
"S01006082",950,232,718
"S01006083",830,183,647
"S01006084",825,124,701
"S01006085",800,111,689
"S01006086",716,148,568
"S01006087",743,185,558
"S01006088",822,90,732
"S01006089",762,186,576
"S01006090",899,207,692
"S01006091",606,57,549
"S01006092",655,161,494
"S01006093",602,122,480
"S01006094",944,268,676
"S01006095",937,178,759
"S01006096",641,152,489
"S01006097",948,298,650
"S01006098",681,191,490
"S01006099",578,60,518
"S01006100",612,130,482
"S01006101",646,159,487
"S01006102",781,212,569
"S01006103",701,75,626
"S01006104",777,174,603
"S01006105",706,154,552
"S01006106",626,109,517
"S01006107",697,170,527
"S01006108",944,198,746
"S01006109",775,169,606
"S01006110",779,191,588
"S01006111",799,209,590
"S01006112",750,93,657
"S01006113",879,143,736
"S01006114",722,205,517
"S01006115",782,161,621
"S01006116",944,104,840
"S01006117",826,175,651
"S01006118",551,83,468
"S01006119",1015,185,830
"S01006120",875,155,720
"S01006121",500,79,421
"S01006122",824,102,722
"S01006123",653,120,533
"S01006124",632,128,504
"S01006125",553,73,480
"S01006126",705,88,617
"S01006127",644,71,573
"S01006128",812,107,705
"S01006129",712,138,574
"S01006130",562,158,404
"S01006131",922,106,816
"S01006132",823,292,531
"S01006133",584,79,505
"S01006134",501,112,389
"S01006135",571,196,375
"S01006136",975,322,653
"S01006137",650,110,540
"S01006138",636,87,549
"S01006139",410,116,294
"S01006140",867,162,705
"S01006141",813,171,642
"S01006142",657,93,564
"S01006143",500,81,419
"S01006144",1002,146,856
"S01006145",965,211,754
"S01006146",849,91,758
"S01006147",799,130,669
"S01006148",784,131,653
"S01006149",1025,182,843
"S01006150",928,137,791
"S01006151",689,28,661
"S01006152",715,76,639
"S01006153",603,98,505
"S01006154",794,68,726
"S01006155",869,169,700
"S01006156",576,74,502
"S01006157",771,175,596
"S01006158",873,109,764
"S01006159",808,141,667
"S01006160",785,131,654
"S01006161",750,111,639
"S01006162",649,100,549
"S01006163",980,152,828
"S01006164",666,119,547
"S01006165",861,95,766
"S01006166",909,109,800
"S01006167",880,124,756
"S01006168",783,143,640
"S01006169",677,118,559
"S01006170",970,193,777
"S01006171",906,213,693
"S01006172",523,88,435
"S01006173",622,105,517
"S01006174",585,101,484
"S01006175",778,159,619
"S01006176",571,95,476
"S01006177",660,229,431
"S01006178",869,202,667
"S01006179",796,189,607
"S01006180",817,166,651
"S01006181",754,186,568
"S01006182",560,116,444
"S01006183",714,179,535
"S01006184",795,207,588
"S01006185",980,262,718
"S01006186",862,246,616
"S01006187",891,232,659
"S01006188",744,146,598
"S01006189",780,185,595
"S01006190",823,198,625
"S01006191",587,146,441
"S01006192",790,162,628
"S01006193",689,350,339
"S01006194",918,258,660
"S01006195",769,320,449
"S01006196",912,207,705
"S01006197",861,238,623
"S01006198",537,165,372
"S01006199",744,215,529
"S01006200",899,233,666
"S01006201",1012,306,706
"S01006202",703,179,524
"S01006203",617,177,440
"S01006204",942,265,677
"S01006205",713,171,542
"S01006206",841,146,695
"S01006207",908,345,563
"S01006208",740,220,520
"S01006209",755,98,657
"S01006210",766,155,611
"S01006211",594,162,432
"S01006212",856,69,787
"S01006213",891,236,655
"S01006214",766,162,604
"S01006215",822,199,623
"S01006216",790,111,679
"S01006217",989,265,724
"S01006218",572,86,486
"S01006219",937,256,681
"S01006220",858,113,745
"S01006221",818,253,565
"S01006222",994,185,809
"S01006223",759,85,674
"S01006224",655,106,549
"S01006225",828,224,604
"S01006226",753,81,672
"S01006227",715,195,520
"S01006228",793,72,721
"S01006229",971,170,801
"S01006230",835,204,631
"S01006231",931,192,739
"S01006232",774,76,698
"S01006233",648,123,525
"S01006234",556,106,450
"S01006235",759,167,592
"S01006236",641,106,535
"S01006237",880,249,631
"S01006238",1004,256,748
"S01006239",523,50,473
"S01006240",813,212,601
"S01006241",846,210,636
"S01006242",764,224,540
"S01006243",647,140,507
"S01006244",628,179,449
"S01006245",653,175,478
"S01006246",750,176,574
"S01006247",896,146,750
"S01006248",828,128,700
"S01006249",778,144,634
"S01006250",707,141,566
"S01006251",624,142,482
"S01006252",640,123,517
"S01006253",706,167,539
"S01006254",700,91,609
"S01006255",938,154,784
"S01006256",669,188,481
"S01006257",813,244,569
"S01006258",739,168,571
"S01006259",705,155,550
"S01006260",748,161,587
"S01006261",869,204,665
"S01006262",688,164,524
"S01006263",854,248,606
"S01006264",958,76,882
"S01006265",822,125,697
"S01006266",680,135,545
"S01006267",652,96,556
"S01006268",723,118,605
"S01006269",659,124,535
"S01006270",937,166,771
"S01006271",731,160,571
"S01006272",786,213,573
"S01006273",681,106,575
"S01006274",605,142,463
"S01006275",801,137,664
"S01006276",846,183,663
"S01006277",761,137,624
"S01006278",751,261,490
"S01006279",969,234,735
"S01006280",650,158,492
"S01006281",779,179,600
"S01006282",727,194,533
"S01006283",732,231,501
"S01006284",820,174,646
"S01006285",796,131,665
"S01006286",927,225,702
"S01006287",620,137,483
"S01006288",792,251,541
"S01006289",899,191,708
"S01006290",928,244,684
"S01006291",534,156,378
"S01006292",890,147,743
"S01006293",976,130,846
"S01006294",650,84,566
"S01006295",618,102,516
"S01006296",969,116,853
"S01006297",762,159,603
"S01006298",877,183,694
"S01006299",781,211,570
"S01006300",806,223,583
"S01006301",626,185,441
"S01006302",933,210,723
"S01006303",684,142,542
"S01006304",716,172,544
"S01006305",677,141,536
"S01006306",746,146,600
"S01006307",835,258,577
"S01006308",655,177,478
"S01006309",937,139,798
"S01006310",786,121,665
"S01006311",782,162,620
"S01006312",664,137,527
"S01006313",1020,272,748
"S01006314",597,57,540
"S01006315",882,215,667
"S01006316",929,139,790
"S01006317",873,142,731
"S01006318",774,192,582
"S01006319",881,218,663
"S01006320",913,224,689
"S01006321",698,44,654
"S01006322",673,58,615
"S01006323",904,87,817
"S01006324",612,48,564
"S01006325",671,214,457
"S01006326",930,280,650
"S01006327",563,135,428
"S01006328",586,160,426
"S01006329",965,158,807
"S01006330",754,185,569
"S01006331",752,95,657
"S01006332",654,165,489
"S01006333",905,203,702
"S01006334",803,193,610
"S01006335",881,179,702
"S01006336",787,68,719
"S01006337",732,58,674
"S01006338",876,83,793
"S01006339",808,195,613
"S01006340",744,123,621
"S01006341",796,133,663
"S01006342",737,207,530
"S01006343",739,189,550
"S01006344",785,161,624
"S01006345",594,111,483
"S01006346",633,119,514
"S01006347",633,60,573
"S01006348",656,128,528
"S01006349",513,162,351
"S01006350",715,175,540
"S01006351",976,286,690
"S01006352",759,153,606
"S01006353",583,110,473
"S01006354",955,204,751
"S01006355",738,144,594
"S01006356",679,55,624
"S01006357",749,107,642
"S01006358",702,134,568
"S01006359",868,210,658
"S01006360",664,67,597
"S01006361",807,128,679
"S01006362",795,74,721
"S01006363",725,61,664
"S01006364",615,92,523
"S01006365",920,113,807
"S01006366",743,70,673
"S01006367",769,102,667
"S01006368",855,64,791
"S01006369",815,206,609
"S01006370",974,103,871
"S01006371",545,44,501
"S01006372",768,173,595
"S01006373",858,113,745
"S01006374",695,131,564
"S01006375",679,152,527
"S01006376",715,89,626
"S01006377",610,99,511
"S01006378",524,34,490
"S01006379",595,130,465
"S01006380",596,128,468
"S01006381",528,119,409
"S01006382",710,156,554
"S01006383",624,100,524
"S01006384",768,76,692
"S01006385",942,200,742
"S01006386",930,231,699
"S01006387",800,170,630
"S01006388",1005,221,784
"S01006389",701,174,527
"S01006390",666,132,534
"S01006391",960,60,900
"S01006392",864,173,691
"S01006393",794,168,626
"S01006394",794,133,661
"S01006395",935,212,723
"S01006396",596,135,461
"S01006397",751,109,642
"S01006398",883,205,678
"S01006399",782,133,649
"S01006400",947,181,766
"S01006401",785,151,634
"S01006402",671,161,510
"S01006403",776,240,536
"S01006404",775,173,602
"S01006405",863,177,686
"S01006406",433,118,315
"S01006407",688,65,623
"S01006408",981,197,784
"S01006409",619,72,547
"S01006410",716,226,490
"S01006411",819,115,704
"S01006412",705,154,551
"S01006413",576,139,437
"S01006414",524,77,447
"S01006415",826,117,709
"S01006416",587,171,416
"S01006417",701,92,609
"S01006418",678,159,519
"S01006419",570,127,443
"S01006420",937,172,765
"S01006421",568,131,437
"S01006422",662,166,496
"S01006423",571,52,519
"S01006424",634,180,454
"S01006425",710,173,537
"S01006426",548,119,429
"S01006427",761,217,544
"S01006428",829,158,671
"S01006429",573,99,474
"S01006430",618,78,540
"S01006431",573,54,519
"S01006432",722,131,591
"S01006433",669,121,548
"S01006434",813,131,682
"S01006435",456,60,396
"S01006436",755,151,604
"S01006437",959,158,801
"S01006438",606,238,368
"S01006439",733,182,551
"S01006440",818,189,629
"S01006441",709,153,556
"S01006442",796,160,636
"S01006443",519,127,392
"S01006444",568,91,477
"S01006445",780,113,667
"S01006446",871,147,724
"S01006447",588,178,410
"S01006448",887,96,791
"S01006449",511,63,448
"S01006450",682,119,563
"S01006451",714,139,575
"S01006452",567,148,419
"S01006453",810,152,658
"S01006454",572,61,511
"S01006455",667,130,537
"S01006456",867,148,719
"S01006457",645,110,535
"S01006458",931,111,820
"S01006459",683,68,615
"S01006460",521,98,423
"S01006461",706,107,599
"S01006462",741,100,641
"S01006463",678,146,532
"S01006464",747,124,623
"S01006465",960,255,705
"S01006466",742,124,618
"S01006467",920,198,722
"S01006468",1001,130,871
"S01006469",679,110,569
"S01006470",799,218,581
"S01006471",820,191,629
"S01006472",562,147,415
"S01006473",778,112,666
"S01006474",818,165,653
"S01006475",853,196,657
"S01006476",761,123,638
"S01006477",789,180,609
"S01006478",849,141,708
"S01006479",714,207,507
"S01006480",867,78,789
"S01006481",597,117,480
"S01006482",758,100,658
"S01006483",911,189,722
"S01006484",784,176,608
"S01006485",659,53,606
"S01006486",862,38,824
"S01006487",765,159,606
"S01006488",629,73,556
"S01006489",784,151,633
"S01006490",765,70,695
"S01006491",828,84,744
"S01006492",593,96,497
"S01006493",582,113,469
"S01006494",581,86,495
"S01006495",788,74,714
"S01006496",894,229,665
"S01006497",502,91,411
"S01006498",1102,268,834
"S01006499",831,100,731
"S01006500",741,110,631
"S01006501",972,59,913
"S01006502",631,41,590
"S01006503",691,58,633
"S01006504",784,58,726
"S01006505",772,48,724
