dz_2001,total,llti,no_llti
S01000001,872,136,736
S01000002,678,40,638
S01000003,788,55,733
S01000004,612,48,564
S01000005,643,76,567
S01000006,644,149,495
S01000007,751,136,615
S01000008,580,95,485
S01000009,681,113,568
S01000010,514,72,442
S01000011,1043,134,909
S01000012,1528,149,1379
S01000013,836,133,703
S01000014,881,133,748
S01000015,669,52,617
S01000016,540,72,468
S01000017,848,131,717
S01000018,520,72,448
S01000019,648,113,535
S01000020,914,250,664
S01000021,861,154,707
S01000022,627,73,554
S01000023,762,74,688
S01000024,519,71,448
S01000025,865,110,755
S01000026,849,206,643
S01000027,798,100,698
S01000028,919,222,697
S01000029,729,39,690
S01000030,449,91,358
S01000031,941,147,794
S01000032,1063,232,831
S01000033,802,200,602
S01000034,1238,97,1141
S01000035,1034,178,856
S01000036,683,143,540
S01000037,765,186,579
S01000038,678,156,522
S01000039,902,183,719
S01000040,934,189,745
S01000041,831,195,636
S01000042,755,185,570
S01000043,896,161,735
S01000044,959,223,736
S01000045,569,88,481
S01000046,754,107,647
S01000047,807,177,630
S01000048,960,127,833
S01000049,747,124,623
S01000050,744,161,583
S01000051,797,148,649
S01000052,627,155,472
S01000053,1100,234,866
S01000054,801,155,646
S01000055,803,202,601
S01000056,1014,136,878
S01000057,699,122,577
S01000058,712,85,627
S01000059,957,75,882
S01000060,634,113,521
S01000061,1001,151,850
S01000062,1038,83,955
S01000063,910,97,813
S01000064,623,114,509
S01000065,1002,118,884
S01000066,959,166,793
S01000067,1065,188,877
S01000068,879,147,732
S01000069,718,157,561
S01000070,658,109,549
S01000071,812,141,671
S01000072,907,183,724
S01000073,630,95,535
S01000074,870,161,709
S01000075,539,90,449
S01000076,721,102,619
S01000077,951,107,844
S01000078,1097,121,976
S01000079,1448,104,1344
S01000080,1015,96,919
S01000081,889,107,782
S01000082,933,213,720
S01000083,774,74,700
S01000084,859,133,726
S01000085,520,41,479
S01000086,725,84,641
S01000087,1071,152,919
S01000088,934,70,864
S01000089,947,178,769
S01000090,769,57,712
S01000091,1096,152,944
S01000092,906,72,834
S01000093,735,53,682
S01000094,712,45,667
S01000095,717,70,647
S01000096,690,166,524
S01000097,1001,117,884
S01000098,1240,121,1119
S01000099,811,128,683
S01000100,871,71,800
S01000101,888,87,801
S01000102,795,114,681
S01000103,628,33,595
S01000104,905,93,812
S01000105,870,118,752
S01000106,724,62,662
S01000107,1269,113,1156
S01000108,753,161,592
S01000109,1019,179,840
S01000110,846,225,621
S01000111,791,80,711
S01000112,983,162,821
S01000113,607,49,558
S01000114,814,158,656
S01000115,838,238,600
S01000116,923,57,866
S01000117,1033,172,861
S01000118,712,149,563
S01000119,835,144,691
S01000120,566,55,511
S01000121,718,161,557
S01000122,701,161,540
S01000123,673,83,590
S01000124,988,126,862
S01000125,648,97,551
S01000126,945,209,736
S01000127,766,99,667
S01000128,1804,153,1651
S01000129,1005,109,896
S01000130,1557,185,1372
S01000131,622,78,544
S01000132,757,78,679
S01000133,878,183,695
S01000134,728,141,587
S01000135,687,154,533
S01000136,675,142,533
S01000137,967,124,843
S01000138,1373,116,1257
S01000139,790,207,583
S01000140,853,237,616
S01000141,826,117,709
S01000142,685,141,544
S01000143,618,90,528
S01000144,730,47,683
S01000145,815,231,584
S01000146,1537,186,1351
S01000147,1042,134,908
S01000148,605,154,451
S01000149,1180,153,1027
S01000150,619,121,498
S01000151,865,283,582
S01000152,1288,193,1095
S01000153,963,135,828
S01000154,524,152,372
S01000155,739,186,553
S01000156,1031,109,922
S01000157,691,193,498
S01000158,926,169,757
S01000159,976,126,850
S01000160,761,159,602
S01000161,915,84,831
S01000162,830,181,649
S01000163,1057,270,787
S01000164,929,137,792
S01000165,914,213,701
S01000166,1274,120,1154
S01000167,701,162,539
S01000168,975,247,728
S01000169,712,164,548
S01000170,1133,120,1013
S01000171,1079,53,1026
S01000172,471,66,405
S01000173,849,192,657
S01000174,900,69,831
S01000175,536,52,484
S01000176,762,62,700
S01000177,559,63,496
S01000178,774,150,624
S01000179,877,248,629
S01000180,663,146,517
S01000181,606,120,486
S01000182,916,187,729
S01000183,1362,177,1185
S01000184,742,107,635
S01000185,887,199,688
S01000186,950,284,666
S01000187,627,130,497
S01000188,1219,215,1004
S01000189,623,105,518
S01000190,835,189,646
S01000191,1223,147,1076
S01000192,810,133,677
S01000193,727,165,562
S01000194,872,124,748
S01000195,723,131,592
S01000196,1005,170,835
S01000197,587,107,480
S01000198,831,186,645
S01000199,853,165,688
S01000200,833,184,649
S01000201,622,131,491
S01000202,1015,140,875
S01000203,712,104,608
S01000204,577,134,443
S01000205,973,128,845
S01000206,704,115,589
S01000207,928,241,687
S01000208,1015,252,763
S01000209,1391,208,1183
S01000210,684,137,547
S01000211,747,153,594
S01000212,754,129,625
S01000213,740,157,583
S01000214,460,115,345
S01000215,1160,148,1012
S01000216,654,120,534
S01000217,810,127,683
S01000218,666,186,480
S01000219,851,143,708
S01000220,2648,189,2459
S01000221,840,265,575
S01000222,737,151,586
S01000223,607,68,539
S01000224,846,193,653
S01000225,576,80,496
S01000226,608,89,519
S01000227,1334,177,1157
S01000228,829,92,737
S01000229,822,204,618
S01000230,618,109,509
S01000231,694,64,630
S01000232,615,130,485
S01000233,496,137,359
S01000234,697,89,608
S01000235,837,189,648
S01000236,672,123,549
S01000237,816,152,664
S01000238,493,52,441
S01000239,691,116,575
S01000240,634,108,526
S01000241,599,57,542
S01000242,744,80,664
S01000243,649,75,574
S01000244,1139,213,926
S01000245,959,127,832
S01000246,689,103,586
S01000247,655,71,584
S01000248,741,95,646
S01000249,650,117,533
S01000250,832,129,703
S01000251,465,37,428
S01000252,790,71,719
S01000253,651,54,597
S01000254,832,79,753
S01000255,586,54,532
S01000256,805,226,579
S01000257,917,153,764
S01000258,608,49,559
S01000259,611,52,559
S01000260,865,54,811
S01000261,900,129,771
S01000262,913,139,774
S01000263,820,130,690
S01000264,909,179,730
S01000265,712,137,575
S01000266,1248,199,1049
S01000267,720,159,561
S01000268,816,168,648
S01000269,628,85,543
S01000270,1031,134,897
S01000271,877,148,729
S01000272,1122,126,996
S01000273,620,86,534
S01000274,678,110,568
S01000275,1435,205,1230
S01000276,786,89,697
S01000277,723,135,588
S01000278,577,109,468
S01000279,956,203,753
S01000280,761,100,661
S01000281,675,114,561
S01000282,750,95,655
S01000283,1090,118,972
S01000284,1266,109,1157
S01000285,719,97,622
S01000286,916,170,746
S01000287,732,122,610
S01000288,807,88,719
S01000289,888,165,723
S01000290,822,135,687
S01000291,951,184,767
S01000292,1029,179,850
S01000293,843,233,610
S01000294,648,66,582
S01000295,538,68,470
S01000296,969,112,857
S01000297,729,102,627
S01000298,1131,109,1022
S01000299,1019,191,828
S01000300,759,86,673
S01000301,554,102,452
S01000302,630,78,552
S01000303,584,86,498
S01000304,829,71,758
S01000305,1040,162,878
S01000306,790,93,697
S01000307,922,87,835
S01000308,1218,123,1095
S01000309,1203,135,1068
S01000310,946,89,857
S01000311,938,134,804
S01000312,539,112,427
S01000313,681,113,568
S01000314,551,93,458
S01000315,667,98,569
S01000316,901,205,696
S01000317,542,119,423
S01000318,549,75,474
S01000319,712,113,599
S01000320,671,82,589
S01000321,595,77,518
S01000322,996,107,889
S01000323,879,135,744
S01000324,835,90,745
S01000325,1291,130,1161
S01000326,805,158,647
S01000327,811,94,717
S01000328,534,68,466
S01000329,836,89,747
S01000330,1322,130,1192
S01000331,560,115,445
S01000332,745,118,627
S01000333,948,76,872
S01000334,903,178,725
S01000335,792,125,667
S01000336,1440,158,1282
S01000337,841,153,688
S01000338,495,82,413
S01000339,1236,178,1058
S01000340,1058,123,935
S01000341,1009,203,806
S01000342,478,92,386
S01000343,584,77,507
S01000344,992,154,838
S01000345,626,67,559
S01000346,643,93,550
S01000347,1606,174,1432
S01000348,730,96,634
S01000349,537,91,446
S01000350,1082,92,990
S01000351,939,96,843
S01000352,699,105,594
S01000353,508,61,447
S01000354,1576,120,1456
S01000355,615,60,555
S01000356,642,70,572
S01000357,580,45,535
S01000358,889,103,786
S01000359,836,70,766
S01000360,536,103,433
S01000361,678,72,606
S01000362,971,112,859
S01000363,1178,143,1035
S01000364,955,127,828
S01000365,2070,175,1895
S01000366,2125,151,1974
S01000367,845,92,753
S01000368,1286,174,1112
S01000369,938,132,806
S01000370,1511,139,1372
S01000371,927,180,747
S01000372,951,184,767
S01000373,667,74,593
S01000374,647,114,533
S01000375,612,121,491
S01000376,826,143,683
S01000377,852,90,762
S01000378,543,69,474
S01000379,655,54,601
S01000380,957,80,877
S01000381,1621,194,1427
S01000382,733,100,633
S01000383,1166,136,1030
S01000384,706,130,576
S01000385,622,101,521
S01000386,1260,151,1109
S01000387,871,130,741
S01000388,1083,114,969
S01000389,861,65,796
S01000390,822,158,664
S01000391,726,150,576
S01000392,800,76,724
S01000393,891,158,733
S01000394,693,103,590
S01000395,800,106,694
S01000396,843,225,618
S01000397,938,168,770
S01000398,2417,176,2241
S01000399,598,104,494
S01000400,803,155,648
S01000401,904,104,800
S01000402,751,112,639
S01000403,787,127,660
S01000404,708,81,627
S01000405,522,64,458
S01000406,534,85,449
S01000407,595,100,495
S01000408,609,53,556
S01000409,579,67,512
S01000410,748,80,668
S01000411,702,75,627
S01000412,798,87,711
S01000413,871,130,741
S01000414,694,69,625
S01000415,927,133,794
S01000416,910,93,817
S01000417,1008,146,862
S01000418,718,112,606
S01000419,1523,133,1390
S01000420,1339,200,1139
S01000421,786,67,719
S01000422,947,164,783
S01000423,1026,97,929
S01000424,743,97,646
S01000425,842,132,710
S01000426,826,96,730
S01000427,743,89,654
S01000428,666,89,577
S01000429,871,132,739
S01000430,501,95,406
S01000431,722,208,514
S01000432,881,188,693
S01000433,510,97,413
S01000434,602,97,505
S01000435,514,67,447
S01000436,629,57,572
S01000437,947,199,748
S01000438,594,71,523
S01000439,823,104,719
S01000440,1091,140,951
S01000441,900,159,741
S01000442,843,106,737
S01000443,608,82,526
S01000444,2534,170,2364
S01000445,1201,174,1027
S01000446,951,114,837
S01000447,782,90,692
S01000448,859,107,752
S01000449,740,189,551
S01000450,553,81,472
S01000451,855,144,711
S01000452,573,90,483
S01000453,584,95,489
S01000454,443,86,357
S01000455,846,149,697
S01000456,1132,143,989
S01000457,819,205,614
S01000458,930,98,832
S01000459,1013,190,823
S01000460,707,119,588
S01000461,865,188,677
S01000462,1034,226,808
S01000463,733,121,612
S01000464,848,133,715
S01000465,665,87,578
S01000466,880,118,762
S01000467,614,141,473
S01000468,535,78,457
S01000469,641,72,569
S01000470,1064,189,875
S01000471,837,111,726
S01000472,759,108,651
S01000473,661,105,556
S01000474,625,90,535
S01000475,727,126,601
S01000476,627,108,519
S01000477,674,126,548
S01000478,790,208,582
S01000479,847,191,656
S01000480,670,127,543
S01000481,2138,237,1901
S01000482,896,207,689
S01000483,983,278,705
S01000484,805,128,677
S01000485,987,199,788
S01000486,1132,184,948
S01000487,621,186,435
S01000488,624,182,442
S01000489,937,258,679
S01000490,540,64,476
S01000491,539,133,406
S01000492,951,161,790
S01000493,641,126,515
S01000494,551,112,439
S01000495,903,158,745
S01000496,529,67,462
S01000497,768,99,669
S01000498,520,90,430
S01000499,1020,180,840
S01000500,604,115,489
S01000501,577,150,427
S01000502,638,111,527
S01000503,494,88,406
S01000504,770,170,600
S01000505,727,119,608
S01000506,1024,140,884
S01000507,995,185,810
S01000508,889,169,720
S01000509,1045,250,795
S01000510,665,130,535
S01000511,573,81,492
S01000512,990,143,847
S01000513,881,175,706
S01000514,941,142,799
S01000515,551,90,461
S01000516,883,129,754
S01000517,737,135,602
S01000518,963,208,755
S01000519,515,51,464
S01000520,1129,208,921
S01000521,945,192,753
S01000522,665,125,540
S01000523,851,196,655
S01000524,706,130,576
S01000525,1047,221,826
S01000526,1000,169,831
S01000527,685,112,573
S01000528,946,208,738
S01000529,805,150,655
S01000530,486,93,393
S01000531,574,137,437
S01000532,788,167,621
S01000533,715,180,535
S01000534,760,158,602
S01000535,1020,204,816
S01000536,494,104,390
S01000537,1056,174,882
S01000538,740,166,574
S01000539,990,241,749
S01000540,727,149,578
S01000541,592,123,469
S01000542,647,133,514
S01000543,832,144,688
S01000544,667,145,522
S01000545,755,129,626
S01000546,860,140,720
S01000547,543,123,420
S01000548,1085,236,849
S01000549,1219,196,1023
S01000550,471,64,407
S01000551,892,239,653
S01000552,540,90,450
S01000553,888,157,731
S01000554,679,134,545
S01000555,860,174,686
S01000556,812,149,663
S01000557,913,167,746
S01000558,547,143,404
S01000559,668,164,504
S01000560,1086,215,871
S01000561,1012,254,758
S01000562,847,228,619
S01000563,1145,213,932
S01000564,927,208,719
S01000565,796,124,672
S01000566,867,177,690
S01000567,824,174,650
S01000568,526,95,431
S01000569,759,129,630
S01000570,892,190,702
S01000571,803,246,557
S01000572,711,146,565
S01000573,538,65,473
S01000574,750,202,548
S01000575,640,141,499
S01000576,542,117,425
S01000577,567,122,445
S01000578,633,114,519
S01000579,884,135,749
S01000580,956,103,853
S01000581,700,93,607
S01000582,648,99,549
S01000583,939,126,813
S01000584,840,151,689
S01000585,1224,229,995
S01000586,722,123,599
S01000587,658,150,508
S01000588,576,125,451
S01000589,709,123,586
S01000590,846,187,659
S01000591,775,155,620
S01000592,875,165,710
S01000593,1555,188,1367
S01000594,1331,195,1136
S01000595,758,138,620
S01000596,795,145,650
S01000597,965,164,801
S01000598,1348,144,1204
S01000599,1145,171,974
S01000600,776,120,656
S01000601,1232,187,1045
S01000602,743,144,599
S01000603,1022,173,849
S01000604,976,219,757
S01000605,813,181,632
S01000606,860,230,630
S01000607,752,153,599
S01000608,1195,263,932
S01000609,1051,237,814
S01000610,804,210,594
S01000611,631,126,505
S01000612,1039,247,792
S01000613,1047,212,835
S01000614,678,148,530
S01000615,809,256,553
S01000616,1442,190,1252
S01000617,665,132,533
S01000618,815,183,632
S01000619,708,115,593
S01000620,1169,196,973
S01000621,1082,268,814
S01000622,768,93,675
S01000623,769,160,609
S01000624,616,125,491
S01000625,641,118,523
S01000626,804,166,638
S01000627,849,144,705
S01000628,580,108,472
S01000629,911,160,751
S01000630,738,146,592
S01000631,612,123,489
S01000632,539,104,435
S01000633,523,74,449
S01000634,735,160,575
S01000635,643,110,533
S01000636,521,70,451
S01000637,648,90,558
S01000638,589,107,482
S01000639,641,126,515
S01000640,721,131,590
S01000641,814,139,675
S01000642,908,155,753
S01000643,675,114,561
S01000644,711,137,574
S01000645,980,187,793
S01000646,782,143,639
S01000647,777,147,630
S01000648,896,153,743
S01000649,596,120,476
S01000650,712,133,579
S01000651,886,183,703
S01000652,774,176,598
S01000653,994,235,759
S01000654,971,248,723
S01000655,792,167,625
S01000656,799,149,650
S01000657,816,226,590
S01000658,606,106,500
S01000659,1321,267,1054
S01000660,1026,206,820
S01000661,822,147,675
S01000662,734,117,617
S01000663,811,128,683
S01000664,851,164,687
S01000665,669,138,531
S01000666,528,110,418
S01000667,987,191,796
S01000668,864,176,688
S01000669,827,205,622
S01000670,669,92,577
S01000671,590,149,441
S01000672,713,117,596
S01000673,721,117,604
S01000674,1080,175,905
S01000675,714,135,579
S01000676,457,69,388
S01000677,877,164,713
S01000678,901,149,752
S01000679,779,133,646
S01000680,967,219,748
S01000681,990,198,792
S01000682,768,195,573
S01000683,546,81,465
S01000684,740,208,532
S01000685,912,202,710
S01000686,770,164,606
S01000687,827,178,649
S01000688,722,156,566
S01000689,648,107,541
S01000690,992,145,847
S01000691,808,168,640
S01000692,750,136,614
S01000693,1015,239,776
S01000694,701,143,558
S01000695,788,135,653
S01000696,774,168,606
S01000697,958,145,813
S01000698,620,110,510
S01000699,630,118,512
S01000700,806,119,687
S01000701,1017,231,786
S01000702,514,89,425
S01000703,739,142,597
S01000704,979,123,856
S01000705,1146,185,961
S01000706,859,121,738
S01000707,625,89,536
S01000708,565,97,468
S01000709,1023,266,757
S01000710,1108,149,959
S01000711,505,94,411
S01000712,621,136,485
S01000713,752,149,603
S01000714,986,176,810
S01000715,658,185,473
S01000716,535,147,388
S01000717,915,244,671
S01000718,810,171,639
S01000719,641,151,490
S01000720,778,185,593
S01000721,702,156,546
S01000722,846,171,675
S01000723,460,99,361
S01000724,784,193,591
S01000725,595,130,465
S01000726,760,163,597
S01000727,610,138,472
S01000728,651,168,483
S01000729,491,136,355
S01000730,457,85,372
S01000731,595,149,446
S01000732,543,153,390
S01000733,672,203,469
S01000734,826,158,668
S01000735,443,135,308
S01000736,740,203,537
S01000737,470,145,325
S01000738,449,95,354
S01000739,730,125,605
S01000740,658,201,457
S01000741,786,229,557
S01000742,642,136,506
S01000743,901,232,669
S01000744,740,153,587
S01000745,716,144,572
S01000746,786,174,612
S01000747,562,151,411
S01000748,465,178,287
S01000749,541,119,422
S01000750,687,194,493
S01000751,722,126,596
S01000752,977,244,733
S01000753,596,109,487
S01000754,787,208,579
S01000755,706,135,571
S01000756,1043,236,807
S01000757,770,199,571
S01000758,1286,193,1093
S01000759,985,260,725
S01000760,531,74,457
S01000761,606,147,459
S01000762,610,92,518
S01000763,747,128,619
S01000764,676,115,561
S01000765,825,47,778
S01000766,699,154,545
S01000767,642,152,490
S01000768,783,181,602
S01000769,787,190,597
S01000770,703,132,571
S01000771,943,166,777
S01000772,640,157,483
S01000773,826,174,652
S01000774,831,72,759
S01000775,810,213,597
S01000776,572,61,511
S01000777,325,41,284
S01000778,466,80,386
S01000779,793,101,692
S01000780,849,187,662
S01000781,806,119,687
S01000782,680,95,585
S01000783,464,84,380
S01000784,803,139,664
S01000785,714,200,514
S01000786,749,135,614
S01000787,498,112,386
S01000788,656,96,560
S01000789,742,155,587
S01000790,512,98,414
S01000791,607,98,509
S01000792,664,128,536
S01000793,675,112,563
S01000794,861,206,655
S01000795,940,150,790
S01000796,428,80,348
S01000797,449,71,378
S01000798,484,117,367
S01000799,1589,126,1463
S01000800,947,259,688
S01000801,635,91,544
S01000802,770,170,600
S01000803,972,164,808
S01000804,912,147,765
S01000805,803,183,620
S01000806,808,155,653
S01000807,769,146,623
S01000808,749,137,612
S01000809,616,100,516
S01000810,735,115,620
S01000811,798,111,687
S01000812,1347,264,1083
S01000813,771,105,666
S01000814,786,95,691
S01000815,520,145,375
S01000816,563,111,452
S01000817,916,164,752
S01000818,911,122,789
S01000819,882,167,715
S01000820,554,100,454
S01000821,854,138,716
S01000822,532,105,427
S01000823,502,98,404
S01000824,756,110,646
S01000825,739,133,606
S01000826,625,129,496
S01000827,736,124,612
S01000828,925,212,713
S01000829,693,140,553
S01000830,872,155,717
S01000831,848,188,660
S01000832,954,164,790
S01000833,1164,160,1004
S01000834,980,203,777
S01000835,774,203,571
S01000836,785,200,585
S01000837,984,282,702
S01000838,623,127,496
S01000839,1355,221,1134
S01000840,686,178,508
S01000841,988,224,764
S01000842,867,166,701
S01000843,910,195,715
S01000844,787,144,643
S01000845,540,85,455
S01000846,680,195,485
S01000847,974,246,728
S01000848,651,153,498
S01000849,479,72,407
S01000850,699,186,513
S01000851,714,118,596
S01000852,725,177,548
S01000853,554,162,392
S01000854,846,191,655
S01000855,716,170,546
S01000856,512,129,383
S01000857,507,98,409
S01000858,910,106,804
S01000859,1129,161,968
S01000860,891,197,694
S01000861,643,156,487
S01000862,523,100,423
S01000863,542,137,405
S01000864,1172,179,993
S01000865,1080,235,845
S01000866,853,215,638
S01000867,895,241,654
S01000868,703,196,507
S01000869,595,122,473
S01000870,865,168,697
S01000871,818,204,614
S01000872,798,174,624
S01000873,3097,548,2549
S01000874,496,99,397
S01000875,1427,213,1214
S01000876,681,143,538
S01000877,675,143,532
S01000878,554,80,474
S01000879,945,190,755
S01000880,787,125,662
S01000881,642,164,478
S01000882,887,201,686
S01000883,813,135,678
S01000884,590,132,458
S01000885,480,82,398
S01000886,649,119,530
S01000887,723,109,614
S01000888,661,142,519
S01000889,686,155,531
S01000890,748,162,586
S01000891,924,161,763
S01000892,541,67,474
S01000893,625,71,554
S01000894,493,81,412
S01000895,916,134,782
S01000896,485,70,415
S01000897,680,193,487
S01000898,526,142,384
S01000899,829,237,592
S01000900,627,137,490
S01000901,605,184,421
S01000902,943,173,770
S01000903,1014,279,735
S01000904,696,180,516
S01000905,692,157,535
S01000906,536,153,383
S01000907,734,198,536
S01000908,751,155,596
S01000909,951,194,757
S01000910,842,179,663
S01000911,1034,218,816
S01000912,653,150,503
S01000913,611,134,477
S01000914,701,179,522
S01000915,900,213,687
S01000916,1046,266,780
S01000917,677,172,505
S01000918,551,161,390
S01000919,631,167,464
S01000920,597,115,482
S01000921,667,155,512
S01000922,965,212,753
S01000923,862,196,666
S01000924,861,204,657
S01000925,1005,176,829
S01000926,1010,205,805
S01000927,913,259,654
S01000928,980,234,746
S01000929,481,114,367
S01000930,540,131,409
S01000931,654,130,524
S01000932,1027,252,775
S01000933,1032,211,821
S01000934,903,254,649
S01000935,767,162,605
S01000936,856,203,653
S01000937,558,137,421
S01000938,783,168,615
S01000939,739,191,548
S01000940,902,212,690
S01000941,478,148,330
S01000942,1018,254,764
S01000943,830,185,645
S01000944,837,191,646
S01000945,739,163,576
S01000946,775,150,625
S01000947,687,192,495
S01000948,844,148,696
S01000949,610,141,469
S01000950,825,222,603
S01000951,861,207,654
S01000952,876,215,661
S01000953,874,202,672
S01000954,1116,227,889
S01000955,627,130,497
S01000956,851,196,655
S01000957,542,113,429
S01000958,797,180,617
S01000959,700,121,579
S01000960,566,203,363
S01000961,843,197,646
S01000962,660,148,512
S01000963,843,214,629
S01000964,989,178,811
S01000965,642,119,523
S01000966,1086,265,821
S01000967,578,145,433
S01000968,1056,207,849
S01000969,908,249,659
S01000970,788,221,567
S01000971,729,147,582
S01000972,922,144,778
S01000973,660,114,546
S01000974,1227,232,995
S01000975,647,111,536
S01000976,507,100,407
S01000977,921,198,723
S01000978,820,179,641
S01000979,703,145,558
S01000980,677,172,505
S01000981,686,112,574
S01000982,736,150,586
S01000983,534,137,397
S01000984,620,142,478
S01000985,714,151,563
S01000986,611,140,471
S01000987,637,120,517
S01000988,565,95,470
S01000989,813,140,673
S01000990,840,168,672
S01000991,435,76,359
S01000992,1095,275,820
S01000993,843,188,655
S01000994,1104,271,833
S01000995,778,79,699
S01000996,1122,274,848
S01000997,891,150,741
S01000998,694,178,516
S01000999,650,81,569
S01001000,576,104,472
S01001001,551,81,470
S01001002,631,78,553
S01001003,828,130,698
S01001004,661,117,544
S01001005,844,132,712
S01001006,702,126,576
S01001007,917,200,717
S01001008,756,155,601
S01001009,614,122,492
S01001010,917,282,635
S01001011,588,80,508
S01001012,744,132,612
S01001013,895,202,693
S01001014,844,193,651
S01001015,515,178,337
S01001016,823,214,609
S01001017,858,174,684
S01001018,798,167,631
S01001019,1056,254,802
S01001020,548,109,439
S01001021,1022,183,839
S01001022,835,164,671
S01001023,999,223,776
S01001024,1862,299,1563
S01001025,1264,224,1040
S01001026,886,172,714
S01001027,906,232,674
S01001028,774,160,614
S01001029,754,186,568
S01001030,716,139,577
S01001031,957,199,758
S01001032,692,159,533
S01001033,724,167,557
S01001034,718,175,543
S01001035,509,113,396
S01001036,663,120,543
S01001037,860,220,640
S01001038,772,104,668
S01001039,539,105,434
S01001040,699,108,591
S01001041,682,125,557
S01001042,991,138,853
S01001043,664,101,563
S01001044,923,262,661
S01001045,656,122,534
S01001046,847,163,684
S01001047,864,233,631
S01001048,579,93,486
S01001049,630,148,482
S01001050,956,209,747
S01001051,638,141,497
S01001052,519,120,399
S01001053,773,153,620
S01001054,714,154,560
S01001055,858,235,623
S01001056,711,144,567
S01001057,639,157,482
S01001058,768,187,581
S01001059,660,98,562
S01001060,706,129,577
S01001061,741,149,592
S01001062,588,78,510
S01001063,884,171,713
S01001064,717,150,567
S01001065,756,137,619
S01001066,772,186,586
S01001067,781,167,614
S01001068,867,189,678
S01001069,856,147,709
S01001070,890,184,706
S01001071,707,103,604
S01001072,898,153,745
S01001073,1133,238,895
S01001074,492,76,416
S01001075,926,257,669
S01001076,854,153,701
S01001077,930,239,691
S01001078,957,152,805
S01001079,554,80,474
S01001080,722,126,596
S01001081,629,141,488
S01001082,945,221,724
S01001083,813,206,607
S01001084,961,205,756
S01001085,833,201,632
S01001086,748,221,527
S01001087,476,170,306
S01001088,1009,243,766
S01001089,931,255,676
S01001090,885,94,791
S01001091,613,106,507
S01001092,1015,93,922
S01001093,875,134,741
S01001094,882,132,750
S01001095,1508,87,1421
S01001096,939,101,838
S01001097,673,100,573
S01001098,906,106,800
S01001099,1964,281,1683
S01001100,963,235,728
S01001101,1530,105,1425
S01001102,1393,120,1273
S01001103,701,79,622
S01001104,800,118,682
S01001105,801,140,661
S01001106,955,151,804
S01001107,948,220,728
S01001108,1679,180,1499
S01001109,1686,199,1487
S01001110,808,131,677
S01001111,1093,149,944
S01001112,814,214,600
S01001113,1050,201,849
S01001114,907,218,689
S01001115,742,173,569
S01001116,702,219,483
S01001117,582,138,444
S01001118,522,144,378
S01001119,964,259,705
S01001120,649,145,504
S01001121,644,134,510
S01001122,687,120,567
S01001123,990,164,826
S01001124,624,165,459
S01001125,363,72,291
S01001126,845,175,670
S01001127,783,154,629
S01001128,644,99,545
S01001129,935,183,752
S01001130,762,174,588
S01001131,484,104,380
S01001132,695,151,544
S01001133,1062,217,845
S01001134,853,138,715
S01001135,342,76,266
S01001136,1023,220,803
S01001137,1041,321,720
S01001138,1406,205,1201
S01001139,753,251,502
S01001140,977,312,665
S01001141,516,122,394
S01001142,899,184,715
S01001143,790,188,602
S01001144,711,129,582
S01001145,579,190,389
S01001146,778,164,614
S01001147,773,122,651
S01001148,733,158,575
S01001149,643,122,521
S01001150,770,148,622
S01001151,578,217,361
S01001152,928,279,649
S01001153,732,158,574
S01001154,738,104,634
S01001155,618,140,478
S01001156,772,117,655
S01001157,756,110,646
S01001158,591,197,394
S01001159,747,217,530
S01001160,545,192,353
S01001161,575,143,432
S01001162,821,162,659
S01001163,723,148,575
S01001164,629,183,446
S01001165,786,171,615
S01001166,280,82,198
S01001167,815,169,646
S01001168,764,116,648
S01001169,1125,322,803
S01001170,819,221,598
S01001171,583,88,495
S01001172,583,143,440
S01001173,934,173,761
S01001174,648,105,543
S01001175,903,207,696
S01001176,857,179,678
S01001177,888,272,616
S01001178,792,316,476
S01001179,914,157,757
S01001180,689,202,487
S01001181,840,174,666
S01001182,895,200,695
S01001183,840,244,596
S01001184,853,116,737
S01001185,532,103,429
S01001186,709,108,601
S01001187,917,227,690
S01001188,773,194,579
S01001189,964,290,674
S01001190,683,116,567
S01001191,694,197,497
S01001192,952,330,622
S01001193,827,158,669
S01001194,884,145,739
S01001195,940,310,630
S01001196,960,294,666
S01001197,535,132,403
S01001198,744,187,557
S01001199,884,255,629
S01001200,1087,326,761
S01001201,667,151,516
S01001202,629,182,447
S01001203,766,237,529
S01001204,734,125,609
S01001205,723,141,582
S01001206,730,183,547
S01001207,754,215,539
S01001208,598,202,396
S01001209,547,60,487
S01001210,877,248,629
S01001211,1013,206,807
S01001212,590,156,434
S01001213,973,305,668
S01001214,705,242,463
S01001215,727,154,573
S01001216,889,204,685
S01001217,1147,246,901
S01001218,812,70,742
S01001219,841,181,660
S01001220,505,109,396
S01001221,1429,178,1251
S01001222,1052,341,711
S01001223,701,146,555
S01001224,956,293,663
S01001225,919,169,750
S01001226,486,91,395
S01001227,707,117,590
S01001228,734,185,549
S01001229,696,143,553
S01001230,782,264,518
S01001231,634,172,462
S01001232,2408,188,2220
S01001233,959,246,713
S01001234,492,129,363
S01001235,848,165,683
S01001236,883,247,636
S01001237,552,104,448
S01001238,522,136,386
S01001239,603,147,456
S01001240,763,184,579
S01001241,606,110,496
S01001242,899,127,772
S01001243,1165,226,939
S01001244,838,111,727
S01001245,850,164,686
S01001246,980,245,735
S01001247,565,140,425
S01001248,795,101,694
S01001249,676,127,549
S01001250,879,218,661
S01001251,548,135,413
S01001252,567,89,478
S01001253,708,162,546
S01001254,674,164,510
S01001255,871,171,700
S01001256,701,154,547
S01001257,799,189,610
S01001258,624,139,485
S01001259,803,167,636
S01001260,895,146,749
S01001261,895,195,700
S01001262,916,197,719
S01001263,449,121,328
S01001264,1966,231,1735
S01001265,586,39,547
S01001266,753,138,615
S01001267,938,211,727
S01001268,669,102,567
S01001269,537,150,387
S01001270,669,205,464
S01001271,705,222,483
S01001272,688,222,466
S01001273,723,255,468
S01001274,764,202,562
S01001275,669,239,430
S01001276,607,117,490
S01001277,773,229,544
S01001278,382,88,294
S01001279,687,172,515
S01001280,536,164,372
S01001281,724,277,447
S01001282,752,245,507
S01001283,526,117,409
S01001284,1009,199,810
S01001285,656,169,487
S01001286,468,109,359
S01001287,793,182,611
S01001288,920,251,669
S01001289,705,194,511
S01001290,646,160,486
S01001291,401,77,324
S01001292,803,193,610
S01001293,757,219,538
S01001294,628,152,476
S01001295,810,280,530
S01001296,616,171,445
S01001297,835,188,647
S01001298,828,218,610
S01001299,847,244,603
S01001300,1484,301,1183
S01001301,549,134,415
S01001302,788,175,613
S01001303,615,95,520
S01001304,1325,209,1116
S01001305,737,164,573
S01001306,711,182,529
S01001307,1158,264,894
S01001308,932,274,658
S01001309,644,198,446
S01001310,795,270,525
S01001311,639,128,511
S01001312,730,216,514
S01001313,867,229,638
S01001314,738,157,581
S01001315,1036,194,842
S01001316,883,290,593
S01001317,916,190,726
S01001318,542,115,427
S01001319,645,228,417
S01001320,867,211,656
S01001321,578,110,468
S01001322,849,208,641
S01001323,597,116,481
S01001324,1003,252,751
S01001325,738,147,591
S01001326,869,227,642
S01001327,791,190,601
S01001328,878,228,650
S01001329,576,144,432
S01001330,816,131,685
S01001331,840,210,630
S01001332,874,206,668
S01001333,807,254,553
S01001334,833,143,690
S01001335,927,247,680
S01001336,828,197,631
S01001337,760,112,648
S01001338,728,195,533
S01001339,755,141,614
S01001340,745,146,599
S01001341,883,250,633
S01001342,928,265,663
S01001343,938,205,733
S01001344,751,144,607
S01001345,617,211,406
S01001346,709,121,588
S01001347,728,106,622
S01001348,655,170,485
S01001349,1301,306,995
S01001350,660,164,496
S01001351,449,69,380
S01001352,761,178,583
S01001353,1423,102,1321
S01001354,787,185,602
S01001355,756,154,602
S01001356,634,106,528
S01001357,703,219,484
S01001358,915,200,715
S01001359,741,119,622
S01001360,1168,250,918
S01001361,645,105,540
S01001362,547,102,445
S01001363,559,118,441
S01001364,850,248,602
S01001365,607,143,464
S01001366,900,179,721
S01001367,701,152,549
S01001368,1187,157,1030
S01001369,933,231,702
S01001370,830,141,689
S01001371,697,234,463
S01001372,685,124,561
S01001373,693,226,467
S01001374,514,95,419
S01001375,631,104,527
S01001376,772,160,612
S01001377,777,216,561
S01001378,622,118,504
S01001379,1026,228,798
S01001380,781,214,567
S01001381,825,166,659
S01001382,657,236,421
S01001383,565,124,441
S01001384,923,209,714
S01001385,776,193,583
S01001386,862,176,686
S01001387,909,175,734
S01001388,1430,287,1143
S01001389,484,112,372
S01001390,759,127,632
S01001391,722,136,586
S01001392,786,187,599
S01001393,522,105,417
S01001394,430,90,340
S01001395,928,129,799
S01001396,788,191,597
S01001397,781,180,601
S01001398,780,125,655
S01001399,858,212,646
S01001400,913,257,656
S01001401,656,144,512
S01001402,818,110,708
S01001403,1249,112,1137
S01001404,657,37,620
S01001405,1167,116,1051
S01001406,2581,218,2363
S01001407,788,195,593
S01001408,881,199,682
S01001409,898,194,704
S01001410,1038,201,837
S01001411,617,89,528
S01001412,896,199,697
S01001413,890,99,791
S01001414,642,146,496
S01001415,805,165,640
S01001416,720,137,583
S01001417,923,151,772
S01001418,831,146,685
S01001419,779,102,677
S01001420,1185,116,1069
S01001421,1127,213,914
S01001422,727,76,651
S01001423,795,112,683
S01001424,1072,285,787
S01001425,1694,296,1398
S01001426,819,186,633
S01001427,881,100,781
S01001428,864,185,679
S01001429,610,167,443
S01001430,946,214,732
S01001431,940,141,799
S01001432,655,78,577
S01001433,816,150,666
S01001434,869,167,702
S01001435,1037,147,890
S01001436,976,134,842
S01001437,891,145,746
S01001438,613,98,515
S01001439,750,122,628
S01001440,878,136,742
S01001441,790,170,620
S01001442,685,112,573
S01001443,932,166,766
S01001444,915,134,781
S01001445,702,111,591
S01001446,908,179,729
S01001447,1321,233,1088
S01001448,744,139,605
S01001449,599,75,524
S01001450,809,172,637
S01001451,699,125,574
S01001452,820,126,694
S01001453,835,85,750
S01001454,914,140,774
S01001455,771,126,645
S01001456,656,163,493
S01001457,904,135,769
S01001458,917,176,741
S01001459,905,128,777
S01001460,653,85,568
S01001461,856,139,717
S01001462,831,131,700
S01001463,516,124,392
S01001464,881,125,756
S01001465,691,97,594
S01001466,727,93,634
S01001467,812,77,735
S01001468,667,105,562
S01001469,860,127,733
S01001470,937,108,829
S01001471,759,89,670
S01001472,800,160,640
S01001473,778,153,625
S01001474,882,178,704
S01001475,610,97,513
S01001476,993,94,899
S01001477,933,116,817
S01001478,662,99,563
S01001479,635,131,504
S01001480,489,93,396
S01001481,874,126,748
S01001482,701,123,578
S01001483,1049,125,924
S01001484,829,91,738
S01001485,614,93,521
S01001486,755,149,606
S01001487,665,163,502
S01001488,872,149,723
S01001489,801,151,650
S01001490,961,203,758
S01001491,884,100,784
S01001492,913,211,702
S01001493,886,127,759
S01001494,891,200,691
S01001495,618,93,525
S01001496,936,154,782
S01001497,766,158,608
S01001498,678,74,604
S01001499,1091,156,935
S01001500,583,157,426
S01001501,858,113,745
S01001502,840,149,691
S01001503,802,96,706
S01001504,875,213,662
S01001505,1029,194,835
S01001506,602,111,491
S01001507,895,74,821
S01001508,903,103,800
S01001509,814,200,614
S01001510,630,169,461
S01001511,575,98,477
S01001512,852,223,629
S01001513,911,205,706
S01001514,747,129,618
S01001515,697,111,586
S01001516,704,154,550
S01001517,847,319,528
S01001518,1014,233,781
S01001519,962,139,823
S01001520,707,127,580
S01001521,977,180,797
S01001522,1057,279,778
S01001523,790,61,729
S01001524,941,221,720
S01001525,788,152,636
S01001526,627,92,535
S01001527,898,164,734
S01001528,973,113,860
S01001529,707,161,546
S01001530,761,136,625
S01001531,1175,179,996
S01001532,597,94,503
S01001533,962,127,835
S01001534,669,87,582
S01001535,853,134,719
S01001536,808,196,612
S01001537,499,114,385
S01001538,814,118,696
S01001539,892,207,685
S01001540,810,68,742
S01001541,828,166,662
S01001542,670,94,576
S01001543,746,101,645
S01001544,919,176,743
S01001545,715,76,639
S01001546,989,247,742
S01001547,995,247,748
S01001548,1035,118,917
S01001549,996,195,801
S01001550,789,122,667
S01001551,936,156,780
S01001552,864,153,711
S01001553,903,129,774
S01001554,992,165,827
S01001555,758,195,563
S01001556,845,153,692
S01001557,989,163,826
S01001558,829,214,615
S01001559,387,114,273
S01001560,1450,165,1285
S01001561,1347,201,1146
S01001562,2633,304,2329
S01001563,597,106,491
S01001564,557,101,456
S01001565,733,158,575
S01001566,664,106,558
S01001567,907,144,763
S01001568,727,94,633
S01001569,811,88,723
S01001570,512,51,461
S01001571,724,155,569
S01001572,532,84,448
S01001573,658,91,567
S01001574,877,194,683
S01001575,750,119,631
S01001576,597,189,408
S01001577,714,124,590
S01001578,756,174,582
S01001579,849,218,631
S01001580,565,108,457
S01001581,640,102,538
S01001582,711,153,558
S01001583,482,107,375
S01001584,776,181,595
S01001585,920,241,679
S01001586,473,41,432
S01001587,755,233,522
S01001588,796,163,633
S01001589,819,195,624
S01001590,642,93,549
S01001591,641,160,481
S01001592,796,133,663
S01001593,784,164,620
S01001594,798,213,585
S01001595,718,121,597
S01001596,826,163,663
S01001597,851,163,688
S01001598,678,119,559
S01001599,924,183,741
S01001600,1012,236,776
S01001601,1213,189,1024
S01001602,640,113,527
S01001603,1009,237,772
S01001604,644,125,519
S01001605,762,124,638
S01001606,617,133,484
S01001607,2654,330,2324
S01001608,809,142,667
S01001609,901,194,707
S01001610,777,129,648
S01001611,1024,147,877
S01001612,835,123,712
S01001613,776,185,591
S01001614,672,205,467
S01001615,780,154,626
S01001616,754,60,694
S01001617,628,175,453
S01001618,946,153,793
S01001619,693,143,550
S01001620,875,301,574
S01001621,680,149,531
S01001622,838,158,680
S01001623,766,225,541
S01001624,996,216,780
S01001625,797,201,596
S01001626,737,110,627
S01001627,1394,267,1127
S01001628,618,106,512
S01001629,567,143,424
S01001630,556,121,435
S01001631,1415,223,1192
S01001632,583,57,526
S01001633,885,130,755
S01001634,1029,115,914
S01001635,735,135,600
S01001636,515,80,435
S01001637,709,104,605
S01001638,887,191,696
S01001639,710,221,489
S01001640,648,87,561
S01001641,1566,182,1384
S01001642,900,247,653
S01001643,733,143,590
S01001644,1768,238,1530
S01001645,987,207,780
S01001646,612,101,511
S01001647,647,171,476
S01001648,747,162,585
S01001649,754,187,567
S01001650,852,110,742
S01001651,901,211,690
S01001652,774,102,672
S01001653,617,134,483
S01001654,936,121,815
S01001655,578,98,480
S01001656,1352,273,1079
S01001657,502,52,450
S01001658,1002,160,842
S01001659,706,114,592
S01001660,678,114,564
S01001661,818,120,698
S01001662,729,133,596
S01001663,841,138,703
S01001664,557,64,493
S01001665,868,225,643
S01001666,558,99,459
S01001667,819,192,627
S01001668,878,125,753
S01001669,669,142,527
S01001670,639,93,546
S01001671,516,61,455
S01001672,583,136,447
S01001673,662,90,572
S01001674,697,164,533
S01001675,706,101,605
S01001676,1223,172,1051
S01001677,844,100,744
S01001678,832,115,717
S01001679,934,134,800
S01001680,589,96,493
S01001681,674,82,592
S01001682,601,60,541
S01001683,734,125,609
S01001684,516,77,439
S01001685,763,157,606
S01001686,900,130,770
S01001687,980,197,783
S01001688,956,105,851
S01001689,674,98,576
S01001690,906,106,800
S01001691,848,111,737
S01001692,662,138,524
S01001693,915,100,815
S01001694,657,104,553
S01001695,761,105,656
S01001696,739,103,636
S01001697,853,155,698
S01001698,529,76,453
S01001699,700,45,655
S01001700,1023,114,909
S01001701,926,225,701
S01001702,990,268,722
S01001703,822,85,737
S01001704,916,106,810
S01001705,629,65,564
S01001706,789,102,687
S01001707,727,163,564
S01001708,953,215,738
S01001709,602,64,538
S01001710,692,97,595
S01001711,790,84,706
S01001712,458,75,383
S01001713,871,122,749
S01001714,705,93,612
S01001715,883,87,796
S01001716,846,194,652
S01001717,808,80,728
S01001718,550,55,495
S01001719,795,74,721
S01001720,699,71,628
S01001721,731,109,622
S01001722,746,92,654
S01001723,872,88,784
S01001724,813,206,607
S01001725,779,153,626
S01001726,649,63,586
S01001727,1015,174,841
S01001728,649,54,595
S01001729,976,146,830
S01001730,650,100,550
S01001731,674,100,574
S01001732,571,97,474
S01001733,908,196,712
S01001734,530,86,444
S01001735,480,61,419
S01001736,1092,158,934
S01001737,609,61,548
S01001738,610,71,539
S01001739,637,74,563
S01001740,745,125,620
S01001741,651,146,505
S01001742,764,147,617
S01001743,990,228,762
S01001744,546,62,484
S01001745,795,109,686
S01001746,967,183,784
S01001747,857,204,653
S01001748,619,86,533
S01001749,739,200,539
S01001750,633,171,462
S01001751,963,200,763
S01001752,935,87,848
S01001753,799,181,618
S01001754,771,58,713
S01001755,1062,184,878
S01001756,652,194,458
S01001757,757,130,627
S01001758,785,156,629
S01001759,684,160,524
S01001760,797,147,650
S01001761,727,221,506
S01001762,978,245,733
S01001763,832,67,765
S01001764,531,59,472
S01001765,949,241,708
S01001766,651,117,534
S01001767,587,117,470
S01001768,604,98,506
S01001769,626,134,492
S01001770,566,119,447
S01001771,841,158,683
S01001772,522,163,359
S01001773,941,191,750
S01001774,673,76,597
S01001775,836,163,673
S01001776,624,151,473
S01001777,916,111,805
S01001778,877,281,596
S01001779,539,110,429
S01001780,867,212,655
S01001781,690,95,595
S01001782,968,170,798
S01001783,598,150,448
S01001784,589,135,454
S01001785,611,91,520
S01001786,640,119,521
S01001787,566,88,478
S01001788,791,121,670
S01001789,738,142,596
S01001790,692,101,591
S01001791,726,95,631
S01001792,684,114,570
S01001793,903,125,778
S01001794,948,149,799
S01001795,443,65,378
S01001796,835,136,699
S01001797,676,169,507
S01001798,806,118,688
S01001799,1090,250,840
S01001800,942,102,840
S01001801,1008,124,884
S01001802,835,89,746
S01001803,1010,133,877
S01001804,952,192,760
S01001805,699,128,571
S01001806,666,112,554
S01001807,841,146,695
S01001808,528,115,413
S01001809,1036,210,826
S01001810,876,129,747
S01001811,673,79,594
S01001812,898,90,808
S01001813,709,86,623
S01001814,723,80,643
S01001815,842,148,694
S01001816,1120,109,1011
S01001817,699,163,536
S01001818,752,129,623
S01001819,997,143,854
S01001820,778,184,594
S01001821,549,53,496
S01001822,984,171,813
S01001823,928,227,701
S01001824,739,179,560
S01001825,798,93,705
S01001826,675,201,474
S01001827,830,146,684
S01001828,750,45,705
S01001829,710,142,568
S01001830,942,103,839
S01001831,724,163,561
S01001832,715,186,529
S01001833,1153,129,1024
S01001834,587,166,421
S01001835,634,81,553
S01001836,870,139,731
S01001837,900,102,798
S01001838,674,124,550
S01001839,912,217,695
S01001840,701,100,601
S01001841,720,102,618
S01001842,757,94,663
S01001843,724,152,572
S01001844,2465,198,2267
S01001845,780,87,693
S01001846,886,78,808
S01001847,930,215,715
S01001848,748,182,566
S01001849,582,81,501
S01001850,726,100,626
S01001851,892,173,719
S01001852,766,98,668
S01001853,724,115,609
S01001854,1037,209,828
S01001855,802,88,714
S01001856,840,246,594
S01001857,679,162,517
S01001858,903,242,661
S01001859,1066,249,817
S01001860,1128,101,1027
S01001861,802,172,630
S01001862,801,114,687
S01001863,807,116,691
S01001864,1387,273,1114
S01001865,699,147,552
S01001866,675,67,608
S01001867,744,163,581
S01001868,753,221,532
S01001869,823,127,696
S01001870,961,196,765
S01001871,1700,266,1434
S01001872,888,227,661
S01001873,806,171,635
S01001874,1137,156,981
S01001875,907,97,810
S01001876,1020,231,789
S01001877,951,210,741
S01001878,1076,130,946
S01001879,640,157,483
S01001880,741,171,570
S01001881,755,123,632
S01001882,793,100,693
S01001883,532,45,487
S01001884,894,238,656
S01001885,1211,187,1024
S01001886,564,213,351
S01001887,830,151,679
S01001888,881,107,774
S01001889,542,91,451
S01001890,994,181,813
S01001891,713,166,547
S01001892,973,213,760
S01001893,1000,196,804
S01001894,805,169,636
S01001895,859,156,703
S01001896,809,91,718
S01001897,914,181,733
S01001898,616,167,449
S01001899,785,128,657
S01001900,754,175,579
S01001901,934,190,744
S01001902,919,79,840
S01001903,598,120,478
S01001904,598,160,438
S01001905,905,95,810
S01001906,709,196,513
S01001907,811,228,583
S01001908,914,116,798
S01001909,670,151,519
S01001910,744,101,643
S01001911,747,74,673
S01001912,742,108,634
S01001913,1015,155,860
S01001914,573,82,491
S01001915,906,105,801
S01001916,860,128,732
S01001917,759,121,638
S01001918,901,127,774
S01001919,850,166,684
S01001920,760,140,620
S01001921,614,192,422
S01001922,804,81,723
S01001923,577,81,496
S01001924,775,115,660
S01001925,780,116,664
S01001926,678,160,518
S01001927,977,218,759
S01001928,918,283,635
S01001929,994,153,841
S01001930,786,66,720
S01001931,728,191,537
S01001932,1615,386,1229
S01001933,851,105,746
S01001934,1523,233,1290
S01001935,928,299,629
S01001936,1149,206,943
S01001937,867,219,648
S01001938,630,105,525
S01001939,556,62,494
S01001940,824,106,718
S01001941,1038,137,901
S01001942,571,91,480
S01001943,714,151,563
S01001944,781,217,564
S01001945,751,149,602
S01001946,858,186,672
S01001947,952,184,768
S01001948,862,190,672
S01001949,700,167,533
S01001950,893,134,759
S01001951,905,311,594
S01001952,767,69,698
S01001953,861,109,752
S01001954,440,82,358
S01001955,1137,218,919
S01001956,763,193,570
S01001957,500,125,375
S01001958,852,207,645
S01001959,562,123,439
S01001960,919,92,827
S01001961,1112,94,1018
S01001962,905,166,739
S01001963,914,116,798
S01001964,737,63,674
S01001965,762,205,557
S01001966,1556,296,1260
S01001967,650,64,586
S01001968,854,181,673
S01001969,620,145,475
S01001970,630,96,534
S01001971,779,212,567
S01001972,711,69,642
S01001973,679,102,577
S01001974,850,101,749
S01001975,848,161,687
S01001976,837,106,731
S01001977,840,251,589
S01001978,1395,328,1067
S01001979,710,111,599
S01001980,833,57,776
S01001981,933,79,854
S01001982,396,95,301
S01001983,702,49,653
S01001984,944,138,806
S01001985,764,93,671
S01001986,635,42,593
S01001987,829,40,789
S01001988,801,117,684
S01001989,880,162,718
S01001990,954,86,868
S01001991,834,99,735
S01001992,847,110,737
S01001993,727,73,654
S01001994,897,68,829
S01001995,653,59,594
S01001996,825,55,770
S01001997,793,170,623
S01001998,743,67,676
S01001999,739,47,692
S01002000,768,168,600
S01002001,786,98,688
S01002002,733,45,688
S01002003,850,139,711
S01002004,812,71,741
S01002005,773,229,544
S01002006,888,111,777
S01002007,956,94,862
S01002008,932,63,869
S01002009,864,76,788
S01002010,520,41,479
S01002011,1057,111,946
S01002012,825,61,764
S01002013,798,91,707
S01002014,869,80,789
S01002015,822,130,692
S01002016,589,45,544
S01002017,1143,424,719
S01002018,802,134,668
S01002019,815,51,764
S01002020,557,34,523
S01002021,1002,257,745
S01002022,984,156,828
S01002023,776,60,716
S01002024,712,69,643
S01002025,901,149,752
S01002026,663,122,541
S01002027,1198,82,1116
S01002028,2533,123,2410
S01002029,770,37,733
S01002030,731,88,643
S01002031,688,106,582
S01002032,771,93,678
S01002033,772,118,654
S01002034,779,93,686
S01002035,730,83,647
S01002036,891,89,802
S01002037,677,56,621
S01002038,517,30,487
S01002039,694,124,570
S01002040,610,64,546
S01002041,888,87,801
S01002042,958,269,689
S01002043,719,130,589
S01002044,635,131,504
S01002045,1058,257,801
S01002046,567,102,465
S01002047,854,192,662
S01002048,879,54,825
S01002049,1121,133,988
S01002050,738,149,589
S01002051,763,238,525
S01002052,875,110,765
S01002053,994,67,927
S01002054,650,77,573
S01002055,918,118,800
S01002056,907,216,691
S01002057,908,132,776
S01002058,1040,137,903
S01002059,684,105,579
S01002060,751,66,685
S01002061,705,86,619
S01002062,568,152,416
S01002063,1186,117,1069
S01002064,1130,106,1024
S01002065,984,84,900
S01002066,1064,110,954
S01002067,885,167,718
S01002068,937,116,821
S01002069,626,126,500
S01002070,658,108,550
S01002071,686,83,603
S01002072,1135,178,957
S01002073,644,103,541
S01002074,670,132,538
S01002075,917,133,784
S01002076,846,125,721
S01002077,783,131,652
S01002078,1068,146,922
S01002079,1036,159,877
S01002080,996,142,854
S01002081,758,105,653
S01002082,848,118,730
S01002083,545,167,378
S01002084,796,90,706
S01002085,745,59,686
S01002086,631,81,550
S01002087,1053,194,859
S01002088,968,177,791
S01002089,1014,126,888
S01002090,1058,240,818
S01002091,825,94,731
S01002092,1027,256,771
S01002093,990,143,847
S01002094,717,144,573
S01002095,581,115,466
S01002096,1441,151,1290
S01002097,782,134,648
S01002098,724,160,564
S01002099,853,65,788
S01002100,564,91,473
S01002101,1119,222,897
S01002102,628,126,502
S01002103,616,99,517
S01002104,1429,241,1188
S01002105,978,108,870
S01002106,955,79,876
S01002107,507,75,432
S01002108,1200,120,1080
S01002109,936,71,865
S01002110,692,59,633
S01002111,1045,173,872
S01002112,1098,161,937
S01002113,742,127,615
S01002114,697,70,627
S01002115,1079,89,990
S01002116,890,138,752
S01002117,732,117,615
S01002118,1164,206,958
S01002119,594,122,472
S01002120,715,97,618
S01002121,651,123,528
S01002122,965,204,761
S01002123,997,141,856
S01002124,957,149,808
S01002125,1102,232,870
S01002126,601,96,505
S01002127,728,120,608
S01002128,771,37,734
S01002129,1025,214,811
S01002130,553,79,474
S01002131,821,85,736
S01002132,802,141,661
S01002133,998,122,876
S01002134,590,82,508
S01002135,868,107,761
S01002136,780,109,671
S01002137,859,157,702
S01002138,722,179,543
S01002139,675,77,598
S01002140,803,164,639
S01002141,730,92,638
S01002142,1088,193,895
S01002143,731,181,550
S01002144,706,114,592
S01002145,1002,108,894
S01002146,1000,116,884
S01002147,903,222,681
S01002148,888,95,793
S01002149,1018,221,797
S01002150,703,72,631
S01002151,1544,223,1321
S01002152,843,108,735
S01002153,501,89,412
S01002154,822,200,622
S01002155,946,206,740
S01002156,727,48,679
S01002157,765,84,681
S01002158,800,78,722
S01002159,714,104,610
S01002160,891,218,673
S01002161,779,57,722
S01002162,1010,194,816
S01002163,1050,145,905
S01002164,804,161,643
S01002165,878,119,759
S01002166,818,69,749
S01002167,622,161,461
S01002168,1022,178,844
S01002169,850,105,745
S01002170,880,266,614
S01002171,603,141,462
S01002172,704,144,560
S01002173,971,187,784
S01002174,882,122,760
S01002175,990,120,870
S01002176,765,161,604
S01002177,798,75,723
S01002178,877,96,781
S01002179,667,113,554
S01002180,585,32,553
S01002181,793,118,675
S01002182,772,69,703
S01002183,860,149,711
S01002184,763,124,639
S01002185,941,198,743
S01002186,733,61,672
S01002187,910,67,843
S01002188,770,135,635
S01002189,663,101,562
S01002190,844,79,765
S01002191,787,245,542
S01002192,876,210,666
S01002193,910,123,787
S01002194,816,182,634
S01002195,1113,191,922
S01002196,637,82,555
S01002197,685,158,527
S01002198,792,126,666
S01002199,821,75,746
S01002200,1096,118,978
S01002201,1060,109,951
S01002202,853,57,796
S01002203,471,36,435
S01002204,708,190,518
S01002205,733,84,649
S01002206,1019,107,912
S01002207,812,120,692
S01002208,680,42,638
S01002209,936,111,825
S01002210,552,57,495
S01002211,638,226,412
S01002212,1126,255,871
S01002213,824,133,691
S01002214,764,80,684
S01002215,1135,254,881
S01002216,1700,188,1512
S01002217,1275,260,1015
S01002218,562,50,512
S01002219,689,110,579
S01002220,782,111,671
S01002221,958,131,827
S01002222,870,104,766
S01002223,717,124,593
S01002224,912,131,781
S01002225,991,81,910
S01002226,1074,113,961
S01002227,823,229,594
S01002228,983,177,806
S01002229,720,139,581
S01002230,1027,112,915
S01002231,1166,118,1048
S01002232,846,193,653
S01002233,952,157,795
S01002234,787,142,645
S01002235,1009,126,883
S01002236,948,200,748
S01002237,1346,222,1124
S01002238,564,167,397
S01002239,949,277,672
S01002240,970,186,784
S01002241,1019,212,807
S01002242,797,110,687
S01002243,842,102,740
S01002244,926,117,809
S01002245,2145,179,1966
S01002246,947,147,800
S01002247,843,219,624
S01002248,1130,201,929
S01002249,968,260,708
S01002250,925,101,824
S01002251,888,104,784
S01002252,755,144,611
S01002253,962,229,733
S01002254,908,141,767
S01002255,1690,243,1447
S01002256,1134,126,1008
S01002257,714,108,606
S01002258,888,181,707
S01002259,542,100,442
S01002260,870,106,764
S01002261,1057,181,876
S01002262,807,136,671
S01002263,833,138,695
S01002264,852,113,739
S01002265,1661,287,1374
S01002266,749,130,619
S01002267,1073,200,873
S01002268,750,123,627
S01002269,989,178,811
S01002270,1718,217,1501
S01002271,813,152,661
S01002272,775,78,697
S01002273,782,127,655
S01002274,1287,218,1069
S01002275,1478,256,1222
S01002276,884,101,783
S01002277,929,179,750
S01002278,1116,234,882
S01002279,1505,329,1176
S01002280,792,117,675
S01002281,647,166,481
S01002282,266,68,198
S01002283,715,103,612
S01002284,2078,242,1836
S01002285,998,195,803
S01002286,756,138,618
S01002287,692,120,572
S01002288,1345,198,1147
S01002289,1223,267,956
S01002290,1000,145,855
S01002291,762,213,549
S01002292,1119,217,902
S01002293,797,114,683
S01002294,675,125,550
S01002295,727,106,621
S01002297,868,209,659
S01002298,712,59,653
S01002299,781,134,647
S01002300,774,127,647
S01002301,2097,270,1827
S01002302,982,189,793
S01002303,785,208,577
S01002304,1693,169,1524
S01002305,863,223,640
S01002306,477,66,411
S01002307,1086,118,968
S01002308,961,133,828
S01002309,749,168,581
S01002310,1014,320,694
S01002311,881,101,780
S01002312,690,173,517
S01002313,734,89,645
S01002314,884,134,750
S01002315,569,88,481
S01002316,732,105,627
S01002317,3728,460,3268
S01002318,901,162,739
S01002319,1094,345,749
S01002320,619,88,531
S01002321,1128,226,902
S01002322,664,120,544
S01002323,785,138,647
S01002324,755,198,557
S01002325,1784,313,1471
S01002326,1025,190,835
S01002327,827,122,705
S01002328,730,104,626
S01002329,680,90,590
S01002330,766,136,630
S01002331,701,131,570
S01002332,870,69,801
S01002333,752,82,670
S01002334,961,118,843
S01002335,916,176,740
S01002336,1021,106,915
S01002337,893,100,793
S01002338,476,125,351
S01002339,621,102,519
S01002340,643,104,539
S01002341,530,114,416
S01002342,622,121,501
S01002343,745,124,621
S01002344,519,107,412
S01002345,811,134,677
S01002346,888,167,721
S01002347,731,149,582
S01002348,936,212,724
S01002349,980,231,749
S01002350,918,197,721
S01002351,773,177,596
S01002352,892,207,685
S01002353,837,151,686
S01002354,872,176,696
S01002355,849,182,667
S01002356,872,217,655
S01002357,625,138,487
S01002358,496,112,384
S01002359,869,259,610
S01002360,653,143,510
S01002361,654,152,502
S01002362,805,136,669
S01002363,1090,176,914
S01002364,661,108,553
S01002365,616,121,495
S01002366,893,134,759
S01002367,1074,181,893
S01002368,930,179,751
S01002369,621,163,458
S01002370,733,148,585
S01002371,709,152,557
S01002372,761,172,589
S01002373,660,150,510
S01002374,795,187,608
S01002375,892,215,677
S01002376,892,183,709
S01002377,871,213,658
S01002378,512,100,412
S01002379,1164,201,963
S01002380,810,145,665
S01002381,895,163,732
S01002382,633,189,444
S01002383,525,60,465
S01002384,520,76,444
S01002385,776,185,591
S01002386,1002,160,842
S01002387,726,115,611
S01002388,737,75,662
S01002389,693,93,600
S01002390,1156,184,972
S01002391,1456,182,1274
S01002392,1884,193,1691
S01002393,1027,140,887
S01002394,797,165,632
S01002395,730,99,631
S01002396,693,139,554
S01002397,1752,197,1555
S01002398,760,127,633
S01002399,984,230,754
S01002400,807,112,695
S01002401,1141,79,1062
S01002402,817,169,648
S01002403,743,146,597
S01002404,1010,186,824
S01002405,702,84,618
S01002406,894,239,655
S01002407,683,148,535
S01002408,829,231,598
S01002409,656,169,487
S01002410,498,72,426
S01002411,2706,337,2369
S01002412,918,139,779
S01002413,628,89,539
S01002414,623,160,463
S01002415,721,149,572
S01002416,572,97,475
S01002417,631,141,490
S01002418,886,206,680
S01002419,554,68,486
S01002420,651,188,463
S01002421,814,120,694
S01002422,548,95,453
S01002423,890,260,630
S01002424,838,159,679
S01002425,916,197,719
S01002426,667,199,468
S01002427,821,163,658
S01002428,536,137,399
S01002429,747,425,322
S01002430,669,131,538
S01002431,859,201,658
S01002432,1456,211,1245
S01002433,558,114,444
S01002434,926,212,714
S01002435,664,114,550
S01002436,761,297,464
S01002437,799,164,635
S01002438,677,130,547
S01002439,742,153,589
S01002440,867,176,691
S01002441,634,106,528
S01002442,472,89,383
S01002443,630,161,469
S01002444,511,148,363
S01002445,911,186,725
S01002446,972,228,744
S01002447,694,139,555
S01002448,548,129,419
S01002449,645,89,556
S01002450,709,200,509
S01002451,1003,192,811
S01002452,538,112,426
S01002453,688,131,557
S01002454,725,119,606
S01002455,553,96,457
S01002456,1022,286,736
S01002457,750,175,575
S01002458,931,253,678
S01002459,501,125,376
S01002460,839,241,598
S01002461,478,29,449
S01002462,700,158,542
S01002463,895,215,680
S01002464,574,127,447
S01002465,712,89,623
S01002466,1010,191,819
S01002467,488,141,347
S01002468,674,208,466
S01002469,638,135,503
S01002470,833,190,643
S01002471,556,135,421
S01002472,581,136,445
S01002473,921,193,728
S01002474,406,72,334
S01002475,550,134,416
S01002476,861,114,747
S01002477,813,194,619
S01002478,895,179,716
S01002479,720,162,558
S01002480,536,140,396
S01002481,934,232,702
S01002482,1021,206,815
S01002483,672,161,511
S01002484,810,189,621
S01002485,830,150,680
S01002486,604,146,458
S01002487,481,115,366
S01002488,647,196,451
S01002489,600,187,413
S01002490,568,149,419
S01002491,476,151,325
S01002492,942,149,793
S01002493,920,182,738
S01002494,627,90,537
S01002495,627,149,478
S01002496,1243,192,1051
S01002497,824,250,574
S01002498,631,75,556
S01002499,909,262,647
S01002500,567,147,420
S01002501,478,115,363
S01002502,822,220,602
S01002503,684,142,542
S01002504,1387,272,1115
S01002505,738,187,551
S01002506,810,143,667
S01002507,589,172,417
S01002508,869,179,690
S01002509,1149,190,959
S01002510,958,191,767
S01002511,483,125,358
S01002512,633,131,502
S01002513,1685,234,1451
S01002514,532,131,401
S01002515,602,161,441
S01002516,787,186,601
S01002517,583,106,477
S01002518,1069,136,933
S01002519,806,259,547
S01002520,592,146,446
S01002521,583,118,465
S01002522,733,109,624
S01002523,682,111,571
S01002524,566,108,458
S01002525,686,147,539
S01002526,527,91,436
S01002527,822,100,722
S01002528,807,147,660
S01002529,1147,227,920
S01002530,647,153,494
S01002531,811,203,608
S01002532,693,154,539
S01002533,819,159,660
S01002534,935,219,716
S01002535,901,139,762
S01002536,626,135,491
S01002537,554,153,401
S01002538,927,196,731
S01002539,781,237,544
S01002540,555,121,434
S01002541,1917,288,1629
S01002542,684,90,594
S01002543,532,136,396
S01002544,857,164,693
S01002545,786,199,587
S01002546,796,144,652
S01002547,786,106,680
S01002548,1047,245,802
S01002549,570,108,462
S01002550,464,63,401
S01002551,551,129,422
S01002552,583,123,460
S01002553,755,181,574
S01002554,632,61,571
S01002555,740,144,596
S01002556,752,174,578
S01002557,775,176,599
S01002558,530,132,398
S01002559,612,87,525
S01002560,619,105,514
S01002561,775,141,634
S01002562,607,139,468
S01002563,1024,173,851
S01002564,560,91,469
S01002565,848,126,722
S01002566,670,89,581
S01002567,2509,203,2306
S01002568,792,177,615
S01002569,1421,243,1178
S01002570,663,119,544
S01002571,713,205,508
S01002572,564,95,469
S01002573,512,90,422
S01002574,816,162,654
S01002575,1284,145,1139
S01002576,703,104,599
S01002577,989,166,823
S01002578,736,110,626
S01002579,943,185,758
S01002580,767,138,629
S01002581,777,61,716
S01002582,691,182,509
S01002583,994,151,843
S01002584,1566,188,1378
S01002585,824,182,642
S01002586,509,106,403
S01002587,688,107,581
S01002588,705,113,592
S01002589,754,145,609
S01002590,677,122,555
S01002591,577,161,416
S01002592,853,230,623
S01002593,797,177,620
S01002594,695,45,650
S01002595,656,138,518
S01002596,681,122,559
S01002597,521,81,440
S01002598,975,178,797
S01002599,526,106,420
S01002600,1038,95,943
S01002601,628,114,514
S01002602,519,94,425
S01002603,708,177,531
S01002604,944,165,779
S01002605,598,131,467
S01002606,581,94,487
S01002607,833,160,673
S01002608,539,89,450
S01002609,760,189,571
S01002610,838,202,636
S01002611,860,138,722
S01002612,829,166,663
S01002613,848,156,692
S01002614,912,132,780
S01002615,444,59,385
S01002616,592,85,507
S01002617,931,265,666
S01002618,856,175,681
S01002619,768,141,627
S01002620,865,196,669
S01002621,593,104,489
S01002622,8698,572,8126
S01002623,1613,144,1469
S01002624,691,93,598
S01002625,866,122,744
S01002626,753,178,575
S01002627,979,148,831
S01002628,822,106,716
S01002629,835,143,692
S01002630,687,167,520
S01002631,737,127,610
S01002632,574,90,484
S01002633,942,141,801
S01002634,793,143,650
S01002635,572,107,465
S01002636,609,104,505
S01002637,742,146,596
S01002638,743,175,568
S01002639,932,176,756
S01002640,697,112,585
S01002641,906,108,798
S01002642,646,182,464
S01002643,542,152,390
S01002644,667,137,530
S01002645,630,165,465
S01002646,650,103,547
S01002647,898,260,638
S01002648,1143,172,971
S01002649,596,144,452
S01002650,646,116,530
S01002651,583,131,452
S01002652,650,105,545
S01002653,738,150,588
S01002654,748,205,543
S01002655,853,183,670
S01002656,725,223,502
S01002657,812,164,648
S01002658,1247,195,1052
S01002659,871,169,702
S01002660,772,187,585
S01002661,840,194,646
S01002662,1430,209,1221
S01002663,756,89,667
S01002664,847,120,727
S01002665,792,191,601
S01002666,1304,258,1046
S01002667,636,149,487
S01002668,471,114,357
S01002669,986,168,818
S01002670,619,63,556
S01002671,1018,187,831
S01002672,658,161,497
S01002673,510,94,416
S01002674,791,161,630
S01002675,903,190,713
S01002676,787,184,603
S01002677,967,243,724
S01002678,922,169,753
S01002679,971,288,683
S01002680,1094,193,901
S01002681,713,198,515
S01002682,546,128,418
S01002683,578,97,481
S01002684,736,182,554
S01002685,845,193,652
S01002686,1683,210,1473
S01002687,1229,184,1045
S01002688,611,90,521
S01002689,826,95,731
S01002690,579,116,463
S01002691,1494,278,1216
S01002692,828,128,700
S01002693,506,66,440
S01002694,704,137,567
S01002695,627,153,474
S01002696,702,147,555
S01002697,889,158,731
S01002698,780,226,554
S01002699,511,132,379
S01002700,892,196,696
S01002701,885,137,748
S01002702,595,171,424
S01002703,1287,237,1050
S01002704,634,157,477
S01002705,665,180,485
S01002706,900,148,752
S01002707,877,174,703
S01002708,1002,202,800
S01002709,902,188,714
S01002710,801,166,635
S01002711,875,211,664
S01002712,665,172,493
S01002713,659,263,396
S01002714,939,180,759
S01002715,848,214,634
S01002716,527,82,445
S01002717,822,191,631
S01002718,853,209,644
S01002719,740,157,583
S01002720,707,148,559
S01002721,816,240,576
S01002722,846,235,611
S01002723,698,223,475
S01002724,776,199,577
S01002725,868,191,677
S01002726,744,163,581
S01002727,947,129,818
S01002728,934,235,699
S01002729,871,97,774
S01002730,832,137,695
S01002731,786,204,582
S01002732,642,143,499
S01002733,650,143,507
S01002734,1080,291,789
S01002735,1170,278,892
S01002736,682,153,529
S01002737,724,84,640
S01002738,705,114,591
S01002739,773,164,609
S01002740,528,89,439
S01002741,922,189,733
S01002742,789,212,577
S01002743,675,171,504
S01002744,576,107,469
S01002745,601,157,444
S01002746,796,169,627
S01002747,532,123,409
S01002748,639,140,499
S01002749,695,151,544
S01002750,935,236,699
S01002751,1015,205,810
S01002752,528,131,397
S01002753,643,117,526
S01002754,578,139,439
S01002755,817,181,636
S01002756,785,253,532
S01002757,569,157,412
S01002758,677,184,493
S01002759,1042,202,840
S01002760,486,128,358
S01002761,783,208,575
S01002762,588,167,421
S01002763,823,181,642
S01002764,584,151,433
S01002765,856,212,644
S01002766,815,198,617
S01002767,975,183,792
S01002768,785,179,606
S01002769,729,133,596
S01002770,539,127,412
S01002771,735,189,546
S01002772,989,248,741
S01002773,866,230,636
S01002774,778,203,575
S01002775,756,186,570
S01002776,1020,158,862
S01002777,1023,340,683
S01002778,753,256,497
S01002779,630,134,496
S01002780,876,187,689
S01002781,883,282,601
S01002782,779,273,506
S01002783,1527,288,1239
S01002784,559,115,444
S01002785,722,148,574
S01002786,846,162,684
S01002787,673,158,515
S01002788,837,136,701
S01002789,700,124,576
S01002790,776,239,537
S01002791,632,146,486
S01002792,1975,339,1636
S01002793,705,200,505
S01002794,929,241,688
S01002795,597,117,480
S01002796,591,179,412
S01002797,771,105,666
S01002798,574,137,437
S01002799,608,187,421
S01002800,706,86,620
S01002801,923,242,681
S01002802,575,93,482
S01002803,810,210,600
S01002804,551,138,413
S01002805,872,244,628
S01002806,2516,300,2216
S01002807,672,220,452
S01002808,836,178,658
S01002809,672,197,475
S01002810,918,241,677
S01002811,965,290,675
S01002812,616,159,457
S01002813,737,191,546
S01002814,876,210,666
S01002815,704,239,465
S01002816,666,216,450
S01002817,543,160,383
S01002818,616,117,499
S01002819,774,191,583
S01002820,826,202,624
S01002821,1165,217,948
S01002822,817,219,598
S01002823,729,199,530
S01002824,804,172,632
S01002825,777,220,557
S01002826,495,122,373
S01002827,660,162,498
S01002828,856,169,687
S01002829,797,241,556
S01002830,623,202,421
S01002831,1114,199,915
S01002832,771,155,616
S01002833,1022,194,828
S01002834,792,229,563
S01002835,682,164,518
S01002836,523,120,403
S01002837,572,193,379
S01002838,531,180,351
S01002839,633,224,409
S01002840,681,225,456
S01002841,1161,139,1022
S01002842,558,166,392
S01002843,802,255,547
S01002844,562,150,412
S01002845,841,218,623
S01002846,1059,219,840
S01002847,890,188,702
S01002848,812,146,666
S01002849,969,174,795
S01002850,842,199,643
S01002851,448,122,326
S01002852,1006,204,802
S01002853,456,135,321
S01002854,825,209,616
S01002855,601,165,436
S01002856,717,170,547
S01002857,537,115,422
S01002858,678,108,570
S01002859,811,207,604
S01002860,1070,168,902
S01002861,882,173,709
S01002862,588,121,467
S01002863,737,156,581
S01002864,643,150,493
S01002865,954,194,760
S01002866,1030,261,769
S01002867,515,93,422
S01002868,743,198,545
S01002869,563,134,429
S01002870,897,206,691
S01002871,626,137,489
S01002872,663,261,402
S01002873,736,170,566
S01002874,767,155,612
S01002875,536,125,411
S01002876,686,158,528
S01002877,748,177,571
S01002878,533,91,442
S01002879,812,188,624
S01002880,510,116,394
S01002881,912,196,716
S01002882,770,240,530
S01002883,1062,328,734
S01002884,793,195,598
S01002885,1271,185,1086
S01002886,815,201,614
S01002887,596,134,462
S01002888,468,104,364
S01002889,857,193,664
S01002890,673,147,526
S01002891,743,145,598
S01002892,649,154,495
S01002893,1127,210,917
S01002894,815,195,620
S01002895,595,185,410
S01002896,681,159,522
S01002897,586,205,381
S01002898,982,232,750
S01002899,528,69,459
S01002900,675,142,533
S01002901,788,224,564
S01002902,732,184,548
S01002903,852,203,649
S01002904,707,124,583
S01002905,735,147,588
S01002906,807,147,660
S01002907,606,120,486
S01002908,773,181,592
S01002909,763,161,602
S01002910,1037,231,806
S01002911,846,203,643
S01002912,1349,211,1138
S01002913,740,144,596
S01002914,634,196,438
S01002915,892,210,682
S01002916,728,242,486
S01002917,584,106,478
S01002918,723,181,542
S01002919,875,174,701
S01002920,569,148,421
S01002921,647,141,506
S01002922,480,116,364
S01002923,625,117,508
S01002924,649,137,512
S01002925,1445,286,1159
S01002926,765,133,632
S01002927,765,220,545
S01002928,530,90,440
S01002929,738,156,582
S01002930,560,116,444
S01002931,912,207,705
S01002932,680,91,589
S01002933,796,178,618
S01002934,837,203,634
S01002935,920,176,744
S01002936,770,93,677
S01002937,477,84,393
S01002938,789,209,580
S01002939,535,82,453
S01002940,609,161,448
S01002941,918,223,695
S01002942,430,60,370
S01002943,677,90,587
S01002944,1160,236,924
S01002945,562,120,442
S01002946,1089,204,885
S01002947,626,94,532
S01002948,777,151,626
S01002949,534,101,433
S01002950,771,130,641
S01002951,922,201,721
S01002952,578,109,469
S01002953,890,201,689
S01002954,833,151,682
S01002955,1125,198,927
S01002956,758,181,577
S01002957,882,157,725
S01002958,572,91,481
S01002959,953,176,777
S01002960,623,103,520
S01002961,810,177,633
S01002962,644,148,496
S01002963,807,171,636
S01002964,638,124,514
S01002965,895,123,772
S01002966,681,226,455
S01002967,875,144,731
S01002968,1438,229,1209
S01002969,1002,239,763
S01002970,624,87,537
S01002971,1243,223,1020
S01002972,1123,219,904
S01002973,865,212,653
S01002974,1085,119,966
S01002975,605,131,474
S01002976,904,203,701
S01002977,708,144,564
S01002978,1062,246,816
S01002979,723,122,601
S01002980,745,149,596
S01002981,727,105,622
S01002982,620,113,507
S01002983,797,166,631
S01002984,726,132,594
S01002985,585,121,464
S01002986,731,125,606
S01002987,1009,149,860
S01002988,702,148,554
S01002989,980,189,791
S01002990,680,77,603
S01002991,1232,154,1078
S01002992,799,116,683
S01002993,703,105,598
S01002994,1134,116,1018
S01002995,580,43,537
S01002996,2672,223,2449
S01002997,772,88,684
S01002998,817,150,667
S01002999,1042,83,959
S01003000,672,114,558
S01003001,591,118,473
S01003002,899,202,697
S01003003,592,109,483
S01003004,420,64,356
S01003005,557,82,475
S01003006,1078,160,918
S01003007,782,116,666
S01003008,946,65,881
S01003009,541,106,435
S01003010,698,114,584
S01003011,764,65,699
S01003012,946,153,793
S01003013,634,77,557
S01003014,665,100,565
S01003015,740,98,642
S01003016,459,69,390
S01003017,715,170,545
S01003018,852,187,665
S01003019,823,163,660
S01003020,679,142,537
S01003021,673,116,557
S01003022,954,175,779
S01003023,703,124,579
S01003024,656,140,516
S01003025,857,144,713
S01003026,848,207,641
S01003027,1030,180,850
S01003028,800,313,487
S01003029,1093,300,793
S01003030,1340,317,1023
S01003032,584,279,305
S01003033,490,140,350
S01003034,910,148,762
S01003035,1019,271,748
S01003036,926,402,524
S01003037,2167,204,1963
S01003038,888,114,774
S01003039,893,222,671
S01003040,880,304,576
S01003041,711,104,607
S01003042,615,137,478
S01003043,579,145,434
S01003044,1339,460,879
S01003045,926,217,709
S01003046,756,152,604
S01003047,946,276,670
S01003048,497,199,298
S01003049,552,196,356
S01003050,718,135,583
S01003051,1121,271,850
S01003052,695,257,438
S01003053,1019,225,794
S01003054,808,162,646
S01003055,841,247,594
S01003056,934,161,773
S01003057,673,115,558
S01003058,1243,259,984
S01003059,902,177,725
S01003060,1030,201,829
S01003061,776,143,633
S01003062,827,153,674
S01003063,800,113,687
S01003064,837,284,553
S01003065,991,179,812
S01003066,802,122,680
S01003067,608,122,486
S01003068,801,131,670
S01003069,567,136,431
S01003070,799,203,596
S01003071,657,92,565
S01003072,1022,298,724
S01003073,725,108,617
S01003074,727,80,647
S01003075,744,144,600
S01003076,901,207,694
S01003077,963,250,713
S01003078,674,161,513
S01003079,925,143,782
S01003080,826,127,699
S01003081,1033,127,906
S01003082,1164,221,943
S01003083,1223,286,937
S01003084,822,304,518
S01003085,975,168,807
S01003086,636,94,542
S01003087,653,97,556
S01003088,1195,345,850
S01003089,733,96,637
S01003090,750,178,572
S01003091,575,84,491
S01003092,815,200,615
S01003093,968,278,690
S01003094,1010,245,765
S01003095,769,73,696
S01003096,702,123,579
S01003097,277,86,191
S01003098,1174,200,974
S01003099,548,168,380
S01003100,821,174,647
S01003101,524,149,375
S01003102,733,134,599
S01003103,730,123,607
S01003104,938,334,604
S01003105,798,133,665
S01003106,733,121,612
S01003107,756,219,537
S01003108,748,172,576
S01003109,915,119,796
S01003110,760,87,673
S01003111,802,282,520
S01003112,959,135,824
S01003113,712,99,613
S01003114,843,138,705
S01003115,1065,149,916
S01003116,874,173,701
S01003117,776,159,617
S01003118,531,153,378
S01003119,616,92,524
S01003120,1498,178,1320
S01003121,867,289,578
S01003122,724,224,500
S01003123,885,202,683
S01003124,829,97,732
S01003125,850,112,738
S01003126,157,74,83
S01003127,779,133,646
S01003128,730,223,507
S01003129,1130,185,945
S01003130,781,136,645
S01003131,864,92,772
S01003132,768,186,582
S01003133,1355,234,1121
S01003134,748,207,541
S01003135,742,209,533
S01003136,964,104,860
S01003137,773,118,655
S01003138,1028,354,674
S01003139,1016,126,890
S01003140,963,245,718
S01003141,751,64,687
S01003142,945,281,664
S01003143,854,160,694
S01003144,896,258,638
S01003145,624,242,382
S01003146,658,81,577
S01003147,833,285,548
S01003148,686,180,506
S01003149,855,139,716
S01003150,725,225,500
S01003151,806,237,569
S01003152,914,297,617
S01003153,709,104,605
S01003154,957,172,785
S01003155,1358,128,1230
S01003156,834,144,690
S01003157,1099,206,893
S01003158,618,158,460
S01003159,188,61,127
S01003160,664,186,478
S01003161,629,167,462
S01003162,614,205,409
S01003163,709,101,608
S01003164,823,116,707
S01003165,940,234,706
S01003166,627,79,548
S01003167,962,231,731
S01003168,831,109,722
S01003169,2517,424,2093
S01003170,985,167,818
S01003171,719,83,636
S01003172,749,73,676
S01003173,532,59,473
S01003174,814,176,638
S01003175,823,253,570
S01003176,849,114,735
S01003177,1014,200,814
S01003178,896,170,726
S01003179,719,116,603
S01003180,665,97,568
S01003181,894,223,671
S01003182,801,209,592
S01003183,667,74,593
S01003184,848,260,588
S01003185,626,185,441
S01003186,861,133,728
S01003187,1027,116,911
S01003188,976,175,801
S01003189,837,128,709
S01003190,724,218,506
S01003191,553,140,413
S01003192,779,160,619
S01003193,1691,194,1497
S01003194,725,262,463
S01003195,777,208,569
S01003196,984,130,854
S01003197,799,149,650
S01003198,968,283,685
S01003199,951,186,765
S01003200,734,176,558
S01003201,247,85,162
S01003202,1040,313,727
S01003203,876,216,660
S01003204,945,215,730
S01003205,747,249,498
S01003206,796,240,556
S01003207,815,124,691
S01003208,1249,341,908
S01003209,572,141,431
S01003210,962,200,762
S01003211,899,172,727
S01003212,692,121,571
S01003213,552,139,413
S01003214,716,221,495
S01003215,904,206,698
S01003216,690,196,494
S01003217,707,253,454
S01003218,685,148,537
S01003219,746,199,547
S01003220,813,157,656
S01003221,918,171,747
S01003222,824,110,714
S01003223,873,280,593
S01003224,651,115,536
S01003225,668,261,407
S01003226,753,242,511
S01003227,1617,175,1442
S01003228,1260,306,954
S01003229,910,121,789
S01003230,907,251,656
S01003231,878,309,569
S01003232,923,193,730
S01003233,923,191,732
S01003234,896,188,708
S01003235,796,230,566
S01003236,705,128,577
S01003237,915,314,601
S01003238,710,143,567
S01003239,1008,215,793
S01003240,705,111,594
S01003241,780,205,575
S01003242,1048,237,811
S01003243,865,228,637
S01003244,983,353,630
S01003245,1195,430,765
S01003246,941,410,531
S01003247,781,182,599
S01003248,1137,329,808
S01003249,733,168,565
S01003250,608,177,431
S01003251,828,315,513
S01003252,573,131,442
S01003253,993,348,645
S01003254,550,201,349
S01003255,901,298,603
S01003256,1436,278,1158
S01003257,797,135,662
S01003258,760,147,613
S01003259,1156,217,939
S01003260,701,152,549
S01003261,926,207,719
S01003262,700,152,548
S01003263,1028,267,761
S01003264,635,191,444
S01003265,664,202,462
S01003266,739,276,463
S01003267,967,342,625
S01003268,1719,318,1401
S01003269,908,264,644
S01003270,770,195,575
S01003271,1836,292,1544
S01003272,1610,416,1194
S01003273,703,265,438
S01003274,583,243,340
S01003275,1024,363,661
S01003276,727,138,589
S01003277,614,190,424
S01003278,840,197,643
S01003279,404,107,297
S01003280,913,234,679
S01003281,502,141,361
S01003282,755,125,630
S01003283,687,164,523
S01003284,935,324,611
S01003285,416,67,349
S01003286,984,317,667
S01003287,613,131,482
S01003288,699,137,562
S01003289,407,90,317
S01003290,848,226,622
S01003291,767,284,483
S01003292,735,147,588
S01003293,807,287,520
S01003294,734,261,473
S01003295,974,232,742
S01003296,807,231,576
S01003297,548,186,362
S01003298,1003,224,779
S01003299,451,117,334
S01003300,869,180,689
S01003301,765,197,568
S01003302,687,210,477
S01003303,2392,187,2205
S01003304,724,97,627
S01003305,753,107,646
S01003306,924,327,597
S01003307,1063,371,692
S01003308,854,238,616
S01003309,953,278,675
S01003310,744,218,526
S01003311,696,116,580
S01003312,582,159,423
S01003313,1126,373,753
S01003314,648,201,447
S01003315,711,136,575
S01003316,594,138,456
S01003317,646,107,539
S01003318,744,165,579
S01003320,530,51,479
S01003321,692,185,507
S01003322,796,183,613
S01003323,752,141,611
S01003324,449,106,343
S01003325,779,110,669
S01003326,855,233,622
S01003327,605,95,510
S01003328,1035,100,935
S01003329,809,234,575
S01003330,939,111,828
S01003331,642,242,400
S01003332,416,138,278
S01003333,919,280,639
S01003334,1006,253,753
S01003335,650,137,513
S01003336,969,345,624
S01003337,1383,393,990
S01003338,882,202,680
S01003339,770,153,617
S01003340,995,330,665
S01003341,949,105,844
S01003342,718,185,533
S01003343,733,177,556
S01003344,479,96,383
S01003345,967,217,750
S01003346,866,255,611
S01003347,952,344,608
S01003348,1014,186,828
S01003349,1367,321,1046
S01003350,893,186,707
S01003351,1109,346,763
S01003352,1168,342,826
S01003353,735,221,514
S01003354,612,251,361
S01003355,1054,298,756
S01003356,859,247,612
S01003357,369,102,267
S01003358,1861,165,1696
S01003359,974,94,880
S01003360,730,166,564
S01003361,713,300,413
S01003362,728,244,484
S01003363,768,301,467
S01003364,671,147,524
S01003365,734,203,531
S01003366,740,58,682
S01003367,1213,363,850
S01003368,2295,204,2091
S01003369,625,282,343
S01003370,771,78,693
S01003371,668,93,575
S01003372,799,269,530
S01003373,2232,353,1879
S01003374,492,118,374
S01003375,961,246,715
S01003376,526,140,386
S01003377,735,289,446
S01003378,841,200,641
S01003379,678,197,481
S01003380,1291,126,1165
S01003381,728,195,533
S01003382,1603,232,1371
S01003383,913,314,599
S01003384,965,342,623
S01003385,834,117,717
S01003386,689,256,433
S01003387,793,193,600
S01003388,1038,325,713
S01003389,1019,236,783
S01003390,1218,299,919
S01003391,716,218,498
S01003392,826,142,684
S01003393,883,379,504
S01003394,637,183,454
S01003395,644,114,530
S01003396,814,221,593
S01003397,1045,292,753
S01003398,793,192,601
S01003399,1873,188,1685
S01003400,744,292,452
S01003401,846,265,581
S01003402,949,300,649
S01003403,1144,163,981
S01003404,569,231,338
S01003405,733,232,501
S01003406,691,147,544
S01003407,851,247,604
S01003408,650,135,515
S01003409,1535,240,1295
S01003410,1452,155,1297
S01003411,757,209,548
S01003412,862,218,644
S01003413,741,179,562
S01003414,442,133,309
S01003415,1269,243,1026
S01003416,845,323,522
S01003417,940,184,756
S01003418,920,317,603
S01003419,959,274,685
S01003420,464,200,264
S01003421,923,314,609
S01003422,790,229,561
S01003423,779,64,715
S01003424,974,213,761
S01003425,838,92,746
S01003426,1019,277,742
S01003427,941,360,581
S01003428,843,210,633
S01003429,1525,92,1433
S01003430,783,83,700
S01003431,696,279,417
S01003432,880,59,821
S01003433,1165,96,1069
S01003434,805,301,504
S01003435,731,198,533
S01003436,555,134,421
S01003437,816,65,751
S01003438,1411,117,1294
S01003439,1153,450,703
S01003440,480,134,346
S01003441,1339,291,1048
S01003442,1013,269,744
S01003443,970,230,740
S01003444,777,263,514
S01003445,1074,226,848
S01003446,452,67,385
S01003447,2551,264,2287
S01003448,705,226,479
S01003449,831,116,715
S01003450,976,211,765
S01003451,916,145,771
S01003452,1407,428,979
S01003453,1317,124,1193
S01003454,664,93,571
S01003455,795,258,537
S01003456,255,85,170
S01003457,1005,247,758
S01003458,1016,269,747
S01003459,890,211,679
S01003460,1057,162,895
S01003461,764,224,540
S01003462,551,149,402
S01003463,692,127,565
S01003464,974,94,880
S01003465,2510,235,2275
S01003466,787,191,596
S01003467,714,226,488
S01003468,839,116,723
S01003469,1016,238,778
S01003470,1139,174,965
S01003471,776,188,588
S01003472,816,176,640
S01003473,969,262,707
S01003474,690,65,625
S01003475,845,226,619
S01003476,1136,135,1001
S01003477,1076,148,928
S01003478,814,146,668
S01003479,844,144,700
S01003480,834,238,596
S01003481,1033,195,838
S01003482,669,220,449
S01003483,533,137,396
S01003484,1127,110,1017
S01003485,890,72,818
S01003486,1033,238,795
S01003487,1075,152,923
S01003488,695,304,391
S01003489,1397,358,1039
S01003490,625,193,432
S01003491,85,35,50
S01003492,1077,172,905
S01003493,831,227,604
S01003494,815,248,567
S01003495,936,189,747
S01003496,999,173,826
S01003497,964,122,842
S01003498,1019,292,727
S01003499,1006,189,817
S01003500,676,138,538
S01003501,708,70,638
S01003502,1848,214,1634
S01003503,700,82,618
S01003504,936,80,856
S01003506,1040,97,943
S01003507,522,45,477
S01003508,807,279,528
S01003509,950,86,864
S01003510,407,96,311
S01003511,1101,124,977
S01003512,641,213,428
S01003513,730,38,692
S01003514,897,67,830
S01003515,631,219,412
S01003516,667,135,532
S01003517,752,97,655
S01003518,1032,302,730
S01003519,542,162,380
S01003520,717,108,609
S01003521,531,34,497
S01003522,830,84,746
S01003523,657,200,457
S01003524,1072,142,930
S01003525,1090,136,954
S01003526,1013,82,931
S01003527,889,105,784
S01003528,516,93,423
S01003529,547,71,476
S01003530,821,72,749
S01003531,778,211,567
S01003532,1088,194,894
S01003533,340,46,294
S01003534,903,200,703
S01003535,708,163,545
S01003536,1031,108,923
S01003537,807,237,570
S01003538,630,181,449
S01003539,993,131,862
S01003540,419,155,264
S01003541,935,176,759
S01003542,786,108,678
S01003543,706,145,561
S01003544,529,68,461
S01003545,789,88,701
S01003546,1004,360,644
S01003547,767,99,668
S01003549,800,238,562
S01003550,647,107,540
S01003551,658,191,467
S01003552,1036,73,963
S01003553,654,215,439
S01003554,761,102,659
S01003555,725,56,669
S01003556,700,84,616
S01003557,783,178,605
S01003558,1036,139,897
S01003559,978,127,851
S01003560,1264,190,1074
S01003561,1248,351,897
S01003562,623,154,469
S01003563,530,167,363
S01003564,721,252,469
S01003565,858,287,571
S01003566,725,105,620
S01003567,1036,301,735
S01003568,729,133,596
S01003569,717,143,574
S01003570,736,128,608
S01003571,880,186,694
S01003572,1083,344,739
S01003573,924,315,609
S01003574,1028,105,923
S01003575,854,238,616
S01003576,845,150,695
S01003577,947,236,711
S01003578,217,56,161
S01003579,868,274,594
S01003580,1018,229,789
S01003581,2299,260,2039
S01003582,671,246,425
S01003583,566,202,364
S01003584,803,132,671
S01003585,675,146,529
S01003586,1053,276,777
S01003587,1104,88,1016
S01003588,635,98,537
S01003589,1639,138,1501
S01003590,741,132,609
S01003591,1301,155,1146
S01003592,1423,300,1123
S01003593,634,187,447
S01003594,1013,144,869
S01003595,919,284,635
S01003596,783,260,523
S01003597,714,131,583
S01003598,690,221,469
S01003599,969,293,676
S01003600,842,288,554
S01003601,817,185,632
S01003602,628,195,433
S01003603,864,256,608
S01003604,837,288,549
S01003605,666,157,509
S01003606,885,249,636
S01003607,531,128,403
S01003608,557,157,400
S01003609,1066,180,886
S01003610,986,189,797
S01003611,850,285,565
S01003612,883,223,660
S01003613,1454,193,1261
S01003614,547,125,422
S01003615,854,165,689
S01003616,869,79,790
S01003617,828,236,592
S01003618,796,192,604
S01003619,816,258,558
S01003620,1025,150,875
S01003621,939,383,556
S01003622,813,259,554
S01003623,915,136,779
S01003624,1555,477,1078
S01003625,350,103,247
S01003626,808,189,619
S01003627,621,204,417
S01003628,739,237,502
S01003629,759,285,474
S01003630,771,216,555
S01003631,1265,240,1025
S01003632,949,133,816
S01003633,1267,232,1035
S01003634,1027,349,678
S01003635,559,137,422
S01003636,923,362,561
S01003637,1048,285,763
S01003638,758,122,636
S01003639,779,239,540
S01003640,962,280,682
S01003641,736,67,669
S01003642,851,301,550
S01003643,682,106,576
S01003644,966,342,624
S01003645,539,177,362
S01003646,899,180,719
S01003647,724,195,529
S01003648,820,118,702
S01003649,967,222,745
S01003650,742,202,540
S01003651,732,259,473
S01003652,733,219,514
S01003653,715,225,490
S01003654,1123,436,687
S01003655,660,196,464
S01003656,878,165,713
S01003657,831,280,551
S01003658,859,210,649
S01003659,756,123,633
S01003660,976,81,895
S01003661,947,136,811
S01003662,642,178,464
S01003663,585,179,406
S01003664,506,154,352
S01003665,645,178,467
S01003666,663,204,459
S01003667,838,201,637
S01003668,783,247,536
S01003669,927,217,710
S01003670,950,256,694
S01003671,666,174,492
S01003672,751,236,515
S01003673,316,138,178
S01003674,783,260,523
S01003675,879,110,769
S01003676,1198,132,1066
S01003677,692,197,495
S01003678,685,199,486
S01003679,1028,304,724
S01003680,623,211,412
S01003681,565,179,386
S01003682,1043,220,823
S01003683,623,183,440
S01003684,794,242,552
S01003685,550,141,409
S01003686,948,207,741
S01003687,657,215,442
S01003688,883,253,630
S01003689,667,176,491
S01003690,942,360,582
S01003691,1028,204,824
S01003692,1022,294,728
S01003693,550,140,410
S01003694,986,217,769
S01003695,1125,223,902
S01003696,1036,303,733
S01003697,930,138,792
S01003698,1010,236,774
S01003699,938,118,820
S01003700,980,256,724
S01003701,991,332,659
S01003702,822,185,637
S01003703,1052,350,702
S01003704,655,207,448
S01003705,906,239,667
S01003706,749,179,570
S01003707,1078,239,839
S01003708,964,252,712
S01003709,856,311,545
S01003710,1179,286,893
S01003711,944,263,681
S01003712,928,257,671
S01003713,512,178,334
S01003714,628,126,502
S01003715,803,168,635
S01003716,575,178,397
S01003717,839,218,621
S01003718,749,165,584
S01003719,660,117,543
S01003720,989,185,804
S01003721,814,197,617
S01003722,896,220,676
S01003723,519,98,421
S01003724,769,132,637
S01003725,614,95,519
S01003726,656,101,555
S01003727,748,118,630
S01003728,558,92,466
S01003729,868,140,728
S01003730,644,109,535
S01003731,617,156,461
S01003732,945,168,777
S01003733,870,156,714
S01003734,709,134,575
S01003735,820,208,612
S01003736,799,168,631
S01003737,611,146,465
S01003738,767,98,669
S01003739,531,101,430
S01003740,618,115,503
S01003741,946,157,789
S01003742,711,117,594
S01003743,557,72,485
S01003744,665,100,565
S01003745,806,131,675
S01003746,837,132,705
S01003747,1094,206,888
S01003748,591,135,456
S01003749,885,136,749
S01003750,715,104,611
S01003751,1108,143,965
S01003752,913,158,755
S01003753,1105,205,900
S01003754,848,165,683
S01003755,1626,204,1422
S01003756,905,170,735
S01003757,608,113,495
S01003758,954,172,782
S01003759,628,105,523
S01003760,840,116,724
S01003761,957,142,815
S01003762,1090,175,915
S01003763,912,186,726
S01003764,878,120,758
S01003765,649,132,517
S01003766,738,141,597
S01003767,812,203,609
S01003768,628,129,499
S01003769,946,191,755
S01003770,819,124,695
S01003771,757,119,638
S01003772,606,97,509
S01003773,692,123,569
S01003774,760,107,653
S01003775,916,152,764
S01003776,700,116,584
S01003777,1114,185,929
S01003778,3225,240,2985
S01003779,501,90,411
S01003780,1074,196,878
S01003781,1129,130,999
S01003782,621,101,520
S01003783,1234,252,982
S01003784,1655,204,1451
S01003785,809,136,673
S01003786,891,158,733
S01003787,591,107,484
S01003788,708,175,533
S01003789,494,63,431
S01003790,570,98,472
S01003791,824,100,724
S01003792,2286,207,2079
S01003793,542,116,426
S01003794,690,133,557
S01003795,648,90,558
S01003796,673,134,539
S01003797,925,182,743
S01003798,846,129,717
S01003799,756,72,684
S01003800,633,153,480
S01003801,816,150,666
S01003802,781,117,664
S01003803,732,107,625
S01003804,620,120,500
S01003805,1202,254,948
S01003806,698,171,527
S01003807,904,114,790
S01003808,936,173,763
S01003809,674,155,519
S01003810,908,227,681
S01003811,687,108,579
S01003812,958,249,709
S01003813,856,138,718
S01003814,786,154,632
S01003815,842,166,676
S01003816,986,122,864
S01003817,1035,245,790
S01003818,803,168,635
S01003819,2446,245,2201
S01003820,1011,183,828
S01003821,763,146,617
S01003822,666,116,550
S01003823,977,236,741
S01003824,816,116,700
S01003825,867,72,795
S01003826,749,166,583
S01003827,817,141,676
S01003828,1145,188,957
S01003829,665,158,507
S01003830,901,158,743
S01003831,584,118,466
S01003832,944,161,783
S01003833,537,134,403
S01003834,651,125,526
S01003835,534,68,466
S01003836,513,98,415
S01003837,836,263,573
S01003838,576,92,484
S01003839,648,130,518
S01003840,696,182,514
S01003841,609,139,470
S01003842,758,114,644
S01003843,953,141,812
S01003844,736,116,620
S01003845,1140,271,869
S01003846,757,197,560
S01003847,608,129,479
S01003848,669,109,560
S01003849,1015,253,762
S01003850,522,63,459
S01003851,822,146,676
S01003852,593,152,441
S01003853,1253,201,1052
S01003854,578,122,456
S01003855,978,219,759
S01003856,765,141,624
S01003857,783,122,661
S01003858,534,92,442
S01003859,609,90,519
S01003860,672,196,476
S01003861,776,113,663
S01003862,741,152,589
S01003863,686,100,586
S01003864,921,148,773
S01003865,996,149,847
S01003866,967,145,822
S01003867,1357,289,1068
S01003868,691,110,581
S01003869,712,114,598
S01003870,1046,170,876
S01003871,771,172,599
S01003872,902,154,748
S01003873,1122,214,908
S01003874,831,120,711
S01003875,679,128,551
S01003876,723,100,623
S01003877,688,123,565
S01003878,1089,227,862
S01003879,778,107,671
S01003880,867,174,693
S01003881,887,136,751
S01003882,500,146,354
S01003883,535,77,458
S01003884,766,148,618
S01003885,654,141,513
S01003886,519,76,443
S01003887,1032,299,733
S01003888,1633,218,1415
S01003889,547,94,453
S01003890,663,126,537
S01003891,731,122,609
S01003892,641,112,529
S01003893,633,104,529
S01003894,935,161,774
S01003895,745,94,651
S01003896,724,140,584
S01003897,734,162,572
S01003898,791,208,583
S01003899,800,170,630
S01003900,776,144,632
S01003901,680,157,523
S01003902,1036,181,855
S01003903,901,96,805
S01003904,888,215,673
S01003905,1166,180,986
S01003906,701,139,562
S01003907,748,178,570
S01003908,799,119,680
S01003909,621,90,531
S01003910,727,104,623
S01003911,626,156,470
S01003912,945,136,809
S01003913,727,110,617
S01003914,975,210,765
S01003915,764,150,614
S01003916,845,115,730
S01003917,906,183,723
S01003918,954,162,792
S01003919,612,133,479
S01003920,731,148,583
S01003921,1038,254,784
S01003922,937,223,714
S01003923,761,138,623
S01003924,507,134,373
S01003925,801,152,649
S01003926,580,118,462
S01003927,720,112,608
S01003928,840,196,644
S01003929,548,121,427
S01003930,870,174,696
S01003931,1144,181,963
S01003932,897,241,656
S01003933,701,146,555
S01003934,1016,153,863
S01003935,827,159,668
S01003936,999,211,788
S01003937,745,202,543
S01003938,605,99,506
S01003939,626,131,495
S01003940,1047,194,853
S01003941,614,115,499
S01003942,758,144,614
S01003943,695,188,507
S01003944,646,153,493
S01003945,661,111,550
S01003946,838,193,645
S01003947,631,127,504
S01003948,745,120,625
S01003949,598,142,456
S01003950,606,97,509
S01003951,608,169,439
S01003952,536,106,430
S01003953,577,173,404
S01003954,702,172,530
S01003955,681,155,526
S01003956,749,136,613
S01003957,686,140,546
S01003958,784,191,593
S01003959,747,177,570
S01003960,877,183,694
S01003961,576,143,433
S01003962,706,161,545
S01003963,474,97,377
S01003964,483,99,384
S01003965,576,127,449
S01003966,1009,228,781
S01003967,539,94,445
S01003968,864,244,620
S01003969,762,233,529
S01003970,631,110,521
S01003971,721,174,547
S01003972,785,194,591
S01003973,450,90,360
S01003974,854,184,670
S01003975,829,139,690
S01003976,772,146,626
S01003977,491,108,383
S01003978,512,142,370
S01003979,569,132,437
S01003980,643,107,536
S01003981,544,112,432
S01003982,779,136,643
S01003983,683,110,573
S01003984,623,152,471
S01003985,743,130,613
S01003986,550,119,431
S01003987,688,117,571
S01003988,490,134,356
S01003989,913,171,742
S01003990,522,106,416
S01003991,622,105,517
S01003992,982,186,796
S01003993,694,127,567
S01003994,729,104,625
S01003995,1312,194,1118
S01003996,649,110,539
S01003997,916,207,709
S01003998,565,79,486
S01003999,853,136,717
S01004000,708,163,545
S01004001,620,110,510
S01004002,896,238,658
S01004003,570,109,461
S01004004,731,135,596
S01004005,588,103,485
S01004006,553,90,463
S01004007,611,125,486
S01004008,672,145,527
S01004009,771,164,607
S01004010,837,188,649
S01004011,1369,298,1071
S01004012,755,103,652
S01004013,537,89,448
S01004014,634,127,507
S01004015,905,120,785
S01004016,598,85,513
S01004017,1014,180,834
S01004018,824,83,741
S01004019,1067,113,954
S01004020,805,196,609
S01004021,1177,110,1067
S01004022,789,151,638
S01004023,556,96,460
S01004024,1077,194,883
S01004025,858,205,653
S01004026,607,160,447
S01004027,785,202,583
S01004028,739,194,545
S01004029,879,216,663
S01004030,660,181,479
S01004031,577,153,424
S01004032,396,96,300
S01004033,865,270,595
S01004034,736,125,611
S01004035,737,200,537
S01004036,630,174,456
S01004037,660,97,563
S01004038,678,192,486
S01004039,368,116,252
S01004040,642,116,526
S01004041,650,170,480
S01004042,576,179,397
S01004043,730,108,622
S01004044,674,274,400
S01004045,596,162,434
S01004046,541,207,334
S01004047,688,147,541
S01004048,1036,249,787
S01004049,1314,222,1092
S01004050,465,141,324
S01004051,836,244,592
S01004052,538,158,380
S01004053,957,260,697
S01004054,882,211,671
S01004055,557,87,470
S01004056,722,175,547
S01004057,1604,306,1298
S01004058,923,221,702
S01004059,549,148,401
S01004060,468,120,348
S01004061,793,286,507
S01004062,871,175,696
S01004063,610,221,389
S01004064,621,168,453
S01004065,958,294,664
S01004066,560,125,435
S01004067,829,159,670
S01004068,723,207,516
S01004069,448,109,339
S01004070,688,216,472
S01004071,908,300,608
S01004072,1189,350,839
S01004073,785,206,579
S01004074,872,308,564
S01004075,449,196,253
S01004076,626,149,477
S01004077,842,120,722
S01004078,768,205,563
S01004079,665,143,522
S01004080,821,294,527
S01004081,649,83,566
S01004082,1030,142,888
S01004083,874,244,630
S01004084,905,351,554
S01004085,524,197,327
S01004086,769,348,421
S01004087,455,114,341
S01004088,525,119,406
S01004089,725,187,538
S01004090,315,80,235
S01004091,958,215,743
S01004092,740,183,557
S01004093,547,246,301
S01004094,425,195,230
S01004095,517,82,435
S01004096,645,108,537
S01004097,734,211,523
S01004098,619,111,508
S01004099,788,110,678
S01004100,765,136,629
S01004101,715,169,546
S01004102,771,95,676
S01004103,660,151,509
S01004104,756,100,656
S01004105,842,140,702
S01004106,898,205,693
S01004107,668,104,564
S01004108,800,173,627
S01004109,560,76,484
S01004110,775,168,607
S01004111,798,137,661
S01004112,839,266,573
S01004113,729,129,600
S01004114,643,188,455
S01004115,749,243,506
S01004116,674,176,498
S01004117,748,133,615
S01004118,899,309,590
S01004119,490,125,365
S01004120,706,130,576
S01004121,430,81,349
S01004122,900,98,802
S01004123,928,120,808
S01004124,1039,142,897
S01004125,656,168,488
S01004126,682,163,519
S01004127,860,115,745
S01004128,683,87,596
S01004129,728,133,595
S01004130,514,83,431
S01004131,809,195,614
S01004132,536,112,424
S01004133,820,171,649
S01004134,646,82,564
S01004135,633,175,458
S01004136,623,107,516
S01004137,575,88,487
S01004138,694,148,546
S01004139,561,96,465
S01004140,540,97,443
S01004141,673,138,535
S01004142,540,69,471
S01004143,846,176,670
S01004144,1319,280,1039
S01004145,626,91,535
S01004146,818,119,699
S01004147,709,145,564
S01004148,995,181,814
S01004149,851,234,617
S01004150,609,57,552
S01004151,1023,91,932
S01004152,752,137,615
S01004153,782,169,613
S01004154,625,129,496
S01004155,885,195,690
S01004156,963,187,776
S01004157,581,101,480
S01004158,579,110,469
S01004159,358,81,277
S01004160,646,141,505
S01004161,548,94,454
S01004162,2023,177,1846
S01004163,662,142,520
S01004164,860,165,695
S01004165,969,172,797
S01004166,744,126,618
S01004167,669,199,470
S01004168,621,141,480
S01004169,796,214,582
S01004170,734,167,567
S01004171,633,128,505
S01004172,756,179,577
S01004173,606,135,471
S01004174,728,158,570
S01004175,540,115,425
S01004176,632,112,520
S01004177,494,116,378
S01004178,566,126,440
S01004179,490,106,384
S01004180,900,93,807
S01004181,798,166,632
S01004182,928,232,696
S01004183,1056,136,920
S01004184,782,176,606
S01004185,680,129,551
S01004186,739,186,553
S01004187,696,186,510
S01004188,782,137,645
S01004189,922,61,861
S01004190,821,160,661
S01004191,727,147,580
S01004192,1043,196,847
S01004193,690,180,510
S01004194,739,182,557
S01004195,638,107,531
S01004196,615,147,468
S01004197,697,166,531
S01004198,578,172,406
S01004199,780,166,614
S01004200,719,87,632
S01004201,715,145,570
S01004202,523,117,406
S01004203,955,192,763
S01004204,668,153,515
S01004205,758,193,565
S01004206,636,140,496
S01004207,705,140,565
S01004208,851,122,729
S01004209,605,120,485
S01004210,611,170,441
S01004211,1102,207,895
S01004212,1670,225,1445
S01004213,530,157,373
S01004214,637,100,537
S01004215,615,96,519
S01004216,807,133,674
S01004217,447,92,355
S01004218,802,201,601
S01004219,508,91,417
S01004220,903,177,726
S01004221,783,155,628
S01004222,569,155,414
S01004223,722,182,540
S01004224,684,159,525
S01004225,768,241,527
S01004226,660,165,495
S01004227,1002,138,864
S01004228,842,139,703
S01004229,652,147,505
S01004230,688,147,541
S01004231,707,188,519
S01004232,624,102,522
S01004233,819,129,690
S01004234,988,149,839
S01004235,854,149,705
S01004236,985,191,794
S01004237,682,130,552
S01004238,568,88,480
S01004239,856,178,678
S01004240,802,129,673
S01004241,536,89,447
S01004242,845,113,732
S01004243,699,119,580
S01004244,660,119,541
S01004245,938,176,762
S01004246,635,101,534
S01004247,845,156,689
S01004248,1036,213,823
S01004249,917,164,753
S01004250,1029,170,859
S01004251,907,245,662
S01004252,638,110,528
S01004253,579,92,487
S01004254,725,142,583
S01004255,2886,312,2574
S01004256,1460,165,1295
S01004257,621,78,543
S01004258,717,136,581
S01004259,771,143,628
S01004260,513,98,415
S01004261,786,141,645
S01004262,787,120,667
S01004263,764,178,586
S01004264,800,153,647
S01004265,909,154,755
S01004266,545,154,391
S01004267,508,117,391
S01004268,637,103,534
S01004269,838,170,668
S01004270,561,155,406
S01004271,643,169,474
S01004272,565,83,482
S01004273,576,94,482
S01004274,911,172,739
S01004275,584,130,454
S01004276,868,197,671
S01004277,713,88,625
S01004278,1207,238,969
S01004279,819,124,695
S01004280,925,196,729
S01004281,729,141,588
S01004282,880,189,691
S01004283,702,121,581
S01004284,902,202,700
S01004285,474,26,448
S01004286,578,51,527
S01004287,641,142,499
S01004288,665,113,552
S01004289,547,94,453
S01004290,1000,146,854
S01004291,807,132,675
S01004292,988,84,904
S01004293,931,178,753
S01004294,744,128,616
S01004295,855,268,587
S01004296,886,177,709
S01004297,648,136,512
S01004298,1332,234,1098
S01004299,520,117,403
S01004300,574,139,435
S01004301,774,132,642
S01004302,674,134,540
S01004303,626,119,507
S01004304,798,148,650
S01004305,647,97,550
S01004306,597,150,447
S01004307,871,82,789
S01004308,965,166,799
S01004309,937,125,812
S01004310,718,128,590
S01004311,1153,181,972
S01004312,700,129,571
S01004313,1298,196,1102
S01004314,787,181,606
S01004315,502,84,418
S01004316,536,28,508
S01004317,1149,217,932
S01004318,527,161,366
S01004319,889,165,724
S01004320,824,146,678
S01004321,777,131,646
S01004322,980,225,755
S01004323,657,147,510
S01004324,803,150,653
S01004325,1054,193,861
S01004326,843,174,669
S01004327,699,146,553
S01004328,607,96,511
S01004329,509,104,405
S01004330,1412,250,1162
S01004331,579,131,448
S01004332,631,113,518
S01004333,578,127,451
S01004334,1363,124,1239
S01004335,537,84,453
S01004336,1005,172,833
S01004337,748,139,609
S01004338,769,143,626
S01004339,955,163,792
S01004340,537,104,433
S01004341,558,94,464
S01004342,1335,93,1242
S01004343,641,103,538
S01004344,746,161,585
S01004345,1160,209,951
S01004346,445,97,348
S01004347,898,133,765
S01004348,637,110,527
S01004349,752,167,585
S01004350,601,152,449
S01004351,532,151,381
S01004352,539,127,412
S01004353,872,178,694
S01004354,514,110,404
S01004355,571,102,469
S01004356,951,195,756
S01004357,820,103,717
S01004358,665,108,557
S01004359,546,114,432
S01004360,637,162,475
S01004361,820,202,618
S01004362,604,195,409
S01004363,980,395,585
S01004364,915,219,696
S01004365,703,139,564
S01004366,589,146,443
S01004367,781,117,664
S01004368,535,178,357
S01004369,697,127,570
S01004370,680,142,538
S01004371,727,143,584
S01004372,905,154,751
S01004373,670,172,498
S01004374,768,203,565
S01004375,624,138,486
S01004376,871,213,658
S01004377,709,160,549
S01004378,913,239,674
S01004379,903,218,685
S01004380,697,192,505
S01004381,781,177,604
S01004382,681,218,463
S01004383,796,170,626
S01004384,662,155,507
S01004385,740,165,575
S01004386,1003,257,746
S01004387,947,205,742
S01004388,700,151,549
S01004389,586,135,451
S01004390,782,220,562
S01004391,555,85,470
S01004392,844,201,643
S01004393,889,240,649
S01004394,799,201,598
S01004395,596,156,440
S01004396,758,175,583
S01004397,907,103,804
S01004398,806,185,621
S01004399,482,107,375
S01004400,548,117,431
S01004401,1079,156,923
S01004402,933,269,664
S01004403,516,89,427
S01004404,734,102,632
S01004405,757,197,560
S01004406,890,231,659
S01004407,656,179,477
S01004408,1402,178,1224
S01004409,459,131,328
S01004410,989,206,783
S01004411,557,161,396
S01004412,1042,342,700
S01004413,717,241,476
S01004414,690,235,455
S01004415,680,174,506
S01004416,763,213,550
S01004417,807,199,608
S01004418,902,215,687
S01004419,821,258,563
S01004420,718,170,548
S01004421,881,274,607
S01004422,594,175,419
S01004423,775,222,553
S01004424,697,202,495
S01004425,576,120,456
S01004426,585,150,435
S01004427,728,206,522
S01004428,888,188,700
S01004429,809,186,623
S01004430,495,130,365
S01004431,666,195,471
S01004432,978,218,760
S01004433,908,229,679
S01004434,815,211,604
S01004435,842,206,636
S01004436,757,155,602
S01004437,901,152,749
S01004438,637,142,495
S01004439,688,138,550
S01004440,736,189,547
S01004441,1333,180,1153
S01004442,848,257,591
S01004443,711,143,568
S01004444,900,203,697
S01004445,898,232,666
S01004446,807,186,621
S01004447,729,158,571
S01004448,546,83,463
S01004449,917,345,572
S01004450,863,309,554
S01004451,855,222,633
S01004452,651,132,519
S01004453,955,126,829
S01004454,1004,238,766
S01004455,826,226,600
S01004456,494,57,437
S01004457,871,206,665
S01004458,825,181,644
S01004459,556,158,398
S01004460,590,101,489
S01004461,577,131,446
S01004462,645,83,562
S01004463,739,144,595
S01004464,839,186,653
S01004465,723,109,614
S01004466,946,178,768
S01004467,916,178,738
S01004468,918,120,798
S01004469,642,117,525
S01004470,737,64,673
S01004471,2067,212,1855
S01004472,690,145,545
S01004473,1103,200,903
S01004474,1048,246,802
S01004475,494,91,403
S01004476,735,167,568
S01004477,1097,190,907
S01004478,590,132,458
S01004479,705,111,594
S01004480,944,223,721
S01004481,829,155,674
S01004482,856,314,542
S01004483,708,130,578
S01004484,1025,176,849
S01004485,542,88,454
S01004486,962,148,814
S01004487,1043,279,764
S01004488,678,166,512
S01004489,923,127,796
S01004490,669,137,532
S01004491,794,151,643
S01004492,921,212,709
S01004493,964,225,739
S01004494,883,215,668
S01004495,696,194,502
S01004496,651,158,493
S01004497,826,223,603
S01004498,702,117,585
S01004499,650,176,474
S01004500,718,142,576
S01004501,721,150,571
S01004502,730,142,588
S01004503,678,257,421
S01004504,694,176,518
S01004505,582,136,446
S01004506,522,85,437
S01004507,706,139,567
S01004508,698,173,525
S01004509,1030,114,916
S01004510,827,244,583
S01004511,964,243,721
S01004512,867,203,664
S01004513,522,152,370
S01004514,596,90,506
S01004515,747,235,512
S01004516,449,97,352
S01004517,737,225,512
S01004518,634,81,553
S01004519,951,204,747
S01004520,914,243,671
S01004521,754,137,617
S01004522,900,190,710
S01004523,733,175,558
S01004524,561,130,431
S01004525,935,201,734
S01004526,682,119,563
S01004527,617,126,491
S01004528,737,243,494
S01004529,852,213,639
S01004530,547,68,479
S01004531,1066,205,861
S01004532,852,150,702
S01004533,441,125,316
S01004534,645,146,499
S01004535,898,197,701
S01004536,680,139,541
S01004537,815,212,603
S01004538,752,203,549
S01004539,716,185,531
S01004540,1238,262,976
S01004541,840,211,629
S01004542,790,94,696
S01004543,811,179,632
S01004544,1844,339,1505
S01004545,737,240,497
S01004546,858,238,620
S01004547,844,201,643
S01004548,779,252,527
S01004549,2152,355,1797
S01004550,667,176,491
S01004551,1565,331,1234
S01004552,834,237,597
S01004553,534,94,440
S01004554,726,129,597
S01004555,647,177,470
S01004556,674,148,526
S01004557,430,67,363
S01004558,924,254,670
S01004559,954,291,663
S01004560,648,167,481
S01004561,957,257,700
S01004562,547,137,410
S01004563,793,184,609
S01004564,594,93,501
S01004565,902,121,781
S01004566,694,82,612
S01004567,475,162,313
S01004568,695,200,495
S01004569,734,177,557
S01004570,626,80,546
S01004571,635,132,503
S01004572,722,156,566
S01004573,596,134,462
S01004574,487,64,423
S01004575,670,154,516
S01004576,560,56,504
S01004577,617,137,480
S01004578,851,102,749
S01004579,605,228,377
S01004580,827,198,629
S01004581,1240,282,958
S01004582,580,127,453
S01004583,798,277,521
S01004584,679,175,504
S01004585,552,174,378
S01004586,1060,155,905
S01004587,1217,380,837
S01004588,628,149,479
S01004589,783,154,629
S01004590,839,201,638
S01004591,558,162,396
S01004592,637,156,481
S01004593,973,209,764
S01004594,491,137,354
S01004595,1030,149,881
S01004596,666,263,403
S01004597,531,78,453
S01004598,678,145,533
S01004599,959,151,808
S01004600,865,234,631
S01004601,895,235,660
S01004602,860,181,679
S01004603,796,235,561
S01004604,554,156,398
S01004605,965,259,706
S01004606,823,204,619
S01004607,560,141,419
S01004608,1562,220,1342
S01004609,569,155,414
S01004610,697,182,515
S01004611,1041,288,753
S01004612,1137,271,866
S01004613,1722,204,1518
S01004614,750,193,557
S01004615,1182,274,908
S01004616,877,114,763
S01004617,669,138,531
S01004618,649,147,502
S01004619,514,124,390
S01004620,666,142,524
S01004621,900,181,719
S01004622,858,203,655
S01004623,1028,264,764
S01004624,1212,276,936
S01004625,821,197,624
S01004626,2033,231,1802
S01004627,522,96,426
S01004628,544,120,424
S01004629,887,106,781
S01004630,897,201,696
S01004631,731,205,526
S01004632,954,225,729
S01004633,574,129,445
S01004634,1114,125,989
S01004635,774,195,579
S01004636,630,164,466
S01004637,565,137,428
S01004638,524,131,393
S01004639,661,204,457
S01004640,746,193,553
S01004641,610,120,490
S01004642,814,223,591
S01004643,494,116,378
S01004644,728,166,562
S01004645,951,214,737
S01004646,781,179,602
S01004647,1691,359,1332
S01004648,1122,215,907
S01004649,578,120,458
S01004650,802,179,623
S01004651,917,202,715
S01004652,962,151,811
S01004653,612,161,451
S01004654,1015,192,823
S01004655,967,214,753
S01004656,596,169,427
S01004657,734,126,608
S01004658,947,176,771
S01004659,503,139,364
S01004660,768,64,704
S01004661,741,155,586
S01004662,965,295,670
S01004663,512,119,393
S01004664,562,146,416
S01004665,673,186,487
S01004666,755,164,591
S01004667,698,161,537
S01004668,890,167,723
S01004669,885,263,622
S01004670,965,270,695
S01004671,806,159,647
S01004672,641,148,493
S01004673,909,159,750
S01004674,797,181,616
S01004675,821,153,668
S01004676,766,179,587
S01004677,873,240,633
S01004678,975,244,731
S01004679,473,139,334
S01004680,940,336,604
S01004681,780,110,670
S01004682,529,149,380
S01004683,674,91,583
S01004684,1470,261,1209
S01004685,501,130,371
S01004686,738,195,543
S01004687,1052,242,810
S01004688,655,84,571
S01004689,1018,197,821
S01004690,530,58,472
S01004691,714,99,615
S01004692,673,191,482
S01004693,704,131,573
S01004694,572,153,419
S01004695,747,57,690
S01004696,937,191,746
S01004697,801,147,654
S01004698,609,53,556
S01004699,810,177,633
S01004700,746,176,570
S01004701,865,77,788
S01004702,548,124,424
S01004703,892,123,769
S01004704,614,144,470
S01004705,941,159,782
S01004706,1629,132,1497
S01004707,929,201,728
S01004708,654,139,515
S01004709,703,123,580
S01004710,767,224,543
S01004711,917,195,722
S01004712,496,125,371
S01004713,728,162,566
S01004714,787,197,590
S01004715,1672,269,1403
S01004716,844,224,620
S01004717,952,181,771
S01004718,889,227,662
S01004719,966,206,760
S01004720,861,201,660
S01004721,569,73,496
S01004722,690,157,533
S01004723,655,141,514
S01004724,965,298,667
S01004725,638,90,548
S01004726,577,126,451
S01004727,791,272,519
S01004728,945,120,825
S01004729,620,162,458
S01004730,1409,307,1102
S01004731,847,170,677
S01004732,694,168,526
S01004733,726,221,505
S01004734,509,124,385
S01004735,958,224,734
S01004736,757,186,571
S01004737,750,168,582
S01004738,649,212,437
S01004739,664,121,543
S01004740,819,183,636
S01004741,597,157,440
S01004742,1328,253,1075
S01004743,878,97,781
S01004744,552,115,437
S01004745,897,359,538
S01004746,834,214,620
S01004747,696,108,588
S01004748,588,140,448
S01004749,1084,200,884
S01004750,641,156,485
S01004751,799,210,589
S01004752,827,181,646
S01004753,763,196,567
S01004754,637,99,538
S01004755,683,208,475
S01004756,577,125,452
S01004757,845,185,660
S01004758,872,235,637
S01004759,584,76,508
S01004760,720,163,557
S01004761,528,146,382
S01004762,622,181,441
S01004763,848,78,770
S01004764,736,174,562
S01004765,1333,373,960
S01004766,1196,199,997
S01004767,674,165,509
S01004768,852,222,630
S01004769,548,124,424
S01004770,550,169,381
S01004771,830,222,608
S01004772,572,168,404
S01004773,754,174,580
S01004774,924,160,764
S01004775,785,249,536
S01004776,721,130,591
S01004777,733,63,670
S01004778,686,171,515
S01004779,823,198,625
S01004780,639,150,489
S01004781,926,204,722
S01004782,1180,261,919
S01004783,935,178,757
S01004784,672,136,536
S01004785,629,140,489
S01004786,483,140,343
S01004787,997,216,781
S01004788,690,117,573
S01004789,983,259,724
S01004790,719,94,625
S01004791,611,166,445
S01004792,596,103,493
S01004793,760,135,625
S01004794,708,177,531
S01004795,899,200,699
S01004796,738,189,549
S01004797,702,175,527
S01004798,846,241,605
S01004799,578,151,427
S01004800,661,165,496
S01004801,719,187,532
S01004802,856,202,654
S01004803,850,237,613
S01004804,853,256,597
S01004805,608,164,444
S01004806,626,166,460
S01004807,514,129,385
S01004808,705,182,523
S01004809,438,123,315
S01004810,575,122,453
S01004811,717,160,557
S01004812,816,176,640
S01004813,868,216,652
S01004814,808,198,610
S01004815,1728,224,1504
S01004816,792,187,605
S01004817,632,186,446
S01004818,808,202,606
S01004819,545,153,392
S01004820,1044,296,748
S01004821,1826,380,1446
S01004822,689,179,510
S01004823,911,246,665
S01004824,753,126,627
S01004825,597,186,411
S01004826,961,177,784
S01004827,619,175,444
S01004828,1158,204,954
S01004829,699,181,518
S01004830,729,206,523
S01004831,828,131,697
S01004832,1342,218,1124
S01004833,710,185,525
S01004834,759,184,575
S01004835,820,130,690
S01004836,707,104,603
S01004837,930,182,748
S01004838,1819,234,1585
S01004839,864,212,652
S01004840,848,167,681
S01004841,812,208,604
S01004842,1491,158,1333
S01004843,650,134,516
S01004844,957,251,706
S01004845,764,192,572
S01004846,1021,171,850
S01004847,994,150,844
S01004848,713,118,595
S01004849,530,126,404
S01004850,1466,244,1222
S01004851,647,126,521
S01004852,683,197,486
S01004853,733,171,562
S01004854,1089,172,917
S01004855,633,159,474
S01004856,1538,221,1317
S01004857,838,198,640
S01004858,851,208,643
S01004859,917,115,802
S01004860,1366,124,1242
S01004861,710,141,569
S01004862,634,43,591
S01004863,844,191,653
S01004864,529,94,435
S01004865,716,165,551
S01004866,866,205,661
S01004867,736,135,601
S01004868,710,178,532
S01004869,785,110,675
S01004870,851,201,650
S01004871,770,125,645
S01004872,815,208,607
S01004873,751,166,585
S01004874,1109,233,876
S01004875,727,133,594
S01004876,929,166,763
S01004877,705,178,527
S01004878,797,151,646
S01004879,657,161,496
S01004880,729,173,556
S01004881,758,131,627
S01004882,502,110,392
S01004883,2080,202,1878
S01004884,552,59,493
S01004885,539,119,420
S01004886,878,149,729
S01004887,403,69,334
S01004888,634,56,578
S01004889,793,183,610
S01004890,769,140,629
S01004891,992,214,778
S01004892,683,125,558
S01004893,711,257,454
S01004894,849,215,634
S01004895,876,202,674
S01004896,873,218,655
S01004897,575,88,487
S01004898,939,192,747
S01004899,764,176,588
S01004900,939,124,815
S01004901,753,138,615
S01004902,729,201,528
S01004903,584,74,510
S01004904,937,277,660
S01004905,990,192,798
S01004906,792,153,639
S01004907,793,118,675
S01004908,624,120,504
S01004909,777,138,639
S01004910,836,203,633
S01004911,904,72,832
S01004912,731,185,546
S01004913,641,164,477
S01004914,634,88,546
S01004915,680,159,521
S01004916,687,155,532
S01004917,596,41,555
S01004918,645,82,563
S01004919,720,118,602
S01004920,884,195,689
S01004921,656,132,524
S01004922,667,73,594
S01004923,941,137,804
S01004924,773,201,572
S01004925,568,131,437
S01004926,882,108,774
S01004927,860,115,745
S01004928,1613,172,1441
S01004929,627,85,542
S01004930,627,175,452
S01004931,1005,261,744
S01004932,774,166,608
S01004933,877,179,698
S01004934,735,203,532
S01004935,516,100,416
S01004936,888,303,585
S01004937,547,123,424
S01004938,731,173,558
S01004939,550,136,414
S01004940,519,111,408
S01004941,608,122,486
S01004942,918,158,760
S01004943,1100,184,916
S01004944,498,146,352
S01004945,685,172,513
S01004946,721,118,603
S01004947,760,122,638
S01004948,535,86,449
S01004949,719,128,591
S01004950,816,94,722
S01004951,752,156,596
S01004952,1100,178,922
S01004953,836,164,672
S01004954,703,113,590
S01004955,608,118,490
S01004956,768,147,621
S01004957,728,95,633
S01004958,1203,275,928
S01004959,712,146,566
S01004960,535,100,435
S01004961,654,115,539
S01004962,638,95,543
S01004963,623,125,498
S01004964,1091,189,902
S01004965,942,195,747
S01004966,1056,172,884
S01004967,669,123,546
S01004968,578,117,461
S01004969,919,230,689
S01004970,838,196,642
S01004971,1021,273,748
S01004972,824,159,665
S01004973,1016,170,846
S01004974,1188,148,1040
S01004975,760,124,636
S01004976,950,187,763
S01004977,966,194,772
S01004978,1001,137,864
S01004979,819,117,702
S01004980,962,141,821
S01004981,988,139,849
S01004982,666,131,535
S01004983,963,160,803
S01004984,763,110,653
S01004985,813,115,698
S01004986,786,139,647
S01004987,497,63,434
S01004988,550,69,481
S01004989,695,75,620
S01004990,593,90,503
S01004991,659,108,551
S01004992,848,167,681
S01004993,691,115,576
S01004994,810,175,635
S01004995,1012,205,807
S01004996,708,100,608
S01004997,958,155,803
S01004998,1260,178,1082
S01004999,898,165,733
S01005000,546,102,444
S01005001,1171,160,1011
S01005002,1016,215,801
S01005003,1089,153,936
S01005004,881,131,750
S01005005,941,220,721
S01005006,680,145,535
S01005007,839,233,606
S01005008,1335,164,1171
S01005009,1033,135,898
S01005010,696,145,551
S01005011,860,180,680
S01005012,874,179,695
S01005013,817,138,679
S01005014,875,168,707
S01005015,613,143,470
S01005016,887,158,729
S01005017,722,118,604
S01005018,594,99,495
S01005019,1260,288,972
S01005020,833,216,617
S01005021,1066,185,881
S01005022,708,138,570
S01005023,900,141,759
S01005024,929,208,721
S01005025,690,142,548
S01005026,676,99,577
S01005027,812,94,718
S01005028,901,109,792
S01005029,981,115,866
S01005030,1027,151,876
S01005031,682,125,557
S01005032,866,148,718
S01005033,735,102,633
S01005034,779,99,680
S01005035,983,170,813
S01005036,664,158,506
S01005037,1178,215,963
S01005038,819,168,651
S01005039,1064,204,860
S01005040,1166,266,900
S01005041,709,120,589
S01005042,798,144,654
S01005043,804,166,638
S01005044,929,168,761
S01005045,1032,148,884
S01005046,1313,170,1143
S01005047,1516,341,1175
S01005048,595,117,478
S01005049,823,142,681
S01005050,910,170,740
S01005051,823,106,717
S01005052,914,103,811
S01005053,878,136,742
S01005054,592,131,461
S01005055,811,168,643
S01005056,766,179,587
S01005057,739,161,578
S01005058,890,139,751
S01005059,510,127,383
S01005060,727,169,558
S01005061,1159,303,856
S01005062,490,103,387
S01005063,495,54,441
S01005064,754,97,657
S01005065,1252,197,1055
S01005066,786,156,630
S01005067,627,95,532
S01005068,641,135,506
S01005069,594,116,478
S01005070,1124,202,922
S01005071,190,29,161
S01005072,622,130,492
S01005073,616,121,495
S01005074,1210,178,1032
S01005075,435,98,337
S01005076,768,150,618
S01005077,1036,69,967
S01005078,692,152,540
S01005079,638,126,512
S01005080,454,83,371
S01005081,656,123,533
S01005082,657,103,554
S01005083,975,224,751
S01005084,613,135,478
S01005085,533,98,435
S01005086,1696,255,1441
S01005087,492,109,383
S01005088,561,159,402
S01005089,776,213,563
S01005090,866,158,708
S01005091,637,152,485
S01005092,672,144,528
S01005093,704,144,560
S01005094,802,95,707
S01005095,1566,256,1310
S01005096,734,106,628
S01005097,842,138,704
S01005098,722,155,567
S01005099,797,165,632
S01005100,928,142,786
S01005101,996,169,827
S01005102,893,177,716
S01005103,1155,192,963
S01005104,1002,108,894
S01005105,886,167,719
S01005106,557,110,447
S01005107,454,58,396
S01005108,635,107,528
S01005109,1470,184,1286
S01005110,1115,199,916
S01005111,577,91,486
S01005112,876,142,734
S01005113,1045,237,808
S01005114,990,163,827
S01005115,973,162,811
S01005116,621,98,523
S01005117,1014,176,838
S01005118,813,196,617
S01005119,712,171,541
S01005120,665,203,462
S01005121,918,141,777
S01005122,866,152,714
S01005123,750,165,585
S01005124,710,140,570
S01005125,839,204,635
S01005126,656,133,523
S01005127,678,162,516
S01005128,991,226,765
S01005129,948,186,762
S01005130,666,155,511
S01005131,984,156,828
S01005132,718,174,544
S01005133,401,58,343
S01005134,989,231,758
S01005135,780,150,630
S01005136,846,195,651
S01005137,943,161,782
S01005138,1129,251,878
S01005139,725,113,612
S01005140,613,114,499
S01005141,828,148,680
S01005142,561,133,428
S01005143,1122,200,922
S01005144,1222,253,969
S01005145,731,140,591
S01005146,745,116,629
S01005147,945,155,790
S01005148,846,132,714
S01005149,593,129,464
S01005150,660,123,537
S01005151,670,137,533
S01005152,1712,356,1356
S01005153,868,113,755
S01005154,645,118,527
S01005155,690,140,550
S01005156,695,159,536
S01005157,871,236,635
S01005158,677,138,539
S01005159,917,204,713
S01005160,1089,260,829
S01005161,951,141,810
S01005162,918,224,694
S01005163,628,129,499
S01005164,914,195,719
S01005165,720,195,525
S01005166,996,228,768
S01005167,670,119,551
S01005168,740,92,648
S01005169,577,93,484
S01005170,786,125,661
S01005171,882,303,579
S01005172,1468,139,1329
S01005173,696,117,579
S01005174,681,259,422
S01005175,982,117,865
S01005176,688,189,499
S01005177,829,178,651
S01005178,956,238,718
S01005179,925,150,775
S01005180,842,121,721
S01005181,924,81,843
S01005182,737,177,560
S01005183,903,207,696
S01005184,932,202,730
S01005185,517,132,385
S01005186,731,225,506
S01005187,990,239,751
S01005188,902,132,770
S01005189,877,269,608
S01005190,889,180,709
S01005191,926,191,735
S01005192,1126,187,939
S01005193,788,150,638
S01005194,591,137,454
S01005195,900,150,750
S01005196,809,150,659
S01005197,700,219,481
S01005198,846,149,697
S01005199,772,181,591
S01005200,537,81,456
S01005201,917,243,674
S01005202,870,250,620
S01005203,785,178,607
S01005204,506,72,434
S01005205,1101,130,971
S01005206,960,160,800
S01005207,892,309,583
S01005208,558,133,425
S01005209,866,220,646
S01005210,908,357,551
S01005211,686,197,489
S01005212,535,90,445
S01005213,923,170,753
S01005214,922,210,712
S01005215,974,279,695
S01005216,751,141,610
S01005217,977,206,771
S01005218,932,288,644
S01005219,953,278,675
S01005220,660,147,513
S01005221,692,152,540
S01005222,583,126,457
S01005223,722,182,540
S01005224,724,59,665
S01005225,978,193,785
S01005226,518,103,415
S01005227,1069,275,794
S01005228,891,136,755
S01005229,1122,261,861
S01005230,825,148,677
S01005231,715,89,626
S01005232,1068,372,696
S01005233,769,238,531
S01005234,1352,225,1127
S01005235,705,94,611
S01005236,1175,230,945
S01005237,983,182,801
S01005238,800,189,611
S01005239,1106,272,834
S01005240,834,234,600
S01005241,952,163,789
S01005242,1107,320,787
S01005243,1057,299,758
S01005244,909,136,773
S01005245,686,161,525
S01005246,878,243,635
S01005247,624,168,456
S01005248,619,197,422
S01005249,850,154,696
S01005250,835,201,634
S01005251,852,167,685
S01005252,506,116,390
S01005253,547,81,466
S01005254,903,121,782
S01005255,710,226,484
S01005256,846,119,727
S01005257,904,196,708
S01005258,1014,157,857
S01005259,541,125,416
S01005260,629,218,411
S01005261,653,153,500
S01005262,1183,281,902
S01005263,534,144,390
S01005264,628,176,452
S01005265,479,142,337
S01005266,846,262,584
S01005267,1070,222,848
S01005268,1315,352,963
S01005269,940,240,700
S01005270,1046,202,844
S01005271,519,63,456
S01005272,538,183,355
S01005273,731,135,596
S01005274,745,232,513
S01005275,546,158,388
S01005276,722,200,522
S01005277,669,109,560
S01005278,789,240,549
S01005279,553,83,470
S01005280,753,214,539
S01005281,767,146,621
S01005282,756,204,552
S01005283,800,89,711
S01005284,606,208,398
S01005285,693,142,551
S01005286,801,87,714
S01005287,1089,236,853
S01005288,778,210,568
S01005289,989,184,805
S01005290,604,147,457
S01005291,684,116,568
S01005292,744,226,518
S01005293,760,234,526
S01005294,569,71,498
S01005295,586,147,439
S01005296,831,75,756
S01005297,710,203,507
S01005298,1082,114,968
S01005299,503,100,403
S01005300,911,100,811
S01005301,868,99,769
S01005302,1000,223,777
S01005303,842,205,637
S01005304,662,112,550
S01005305,744,165,579
S01005306,956,94,862
S01005307,953,114,839
S01005308,532,122,410
S01005309,851,240,611
S01005310,975,322,653
S01005311,818,118,700
S01005312,1147,148,999
S01005313,841,140,701
S01005314,457,81,376
S01005315,881,205,676
S01005316,848,170,678
S01005317,519,74,445
S01005318,573,167,406
S01005319,617,110,507
S01005320,610,104,506
S01005321,607,138,469
S01005322,1859,244,1615
S01005323,757,202,555
S01005324,788,177,611
S01005325,2209,344,1865
S01005326,921,207,714
S01005327,604,111,493
S01005328,704,151,553
S01005329,658,102,556
S01005330,706,193,513
S01005331,669,189,480
S01005332,565,162,403
S01005333,772,135,637
S01005334,1137,173,964
S01005335,505,72,433
S01005336,598,107,491
S01005337,872,117,755
S01005338,562,49,513
S01005339,770,172,598
S01005340,573,64,509
S01005341,647,148,499
S01005342,730,168,562
S01005343,932,122,810
S01005344,726,178,548
S01005345,747,93,654
S01005346,789,75,714
S01005347,675,91,584
S01005348,933,257,676
S01005349,846,106,740
S01005350,709,83,626
S01005351,1349,420,929
S01005352,926,207,719
S01005353,1057,219,838
S01005354,843,114,729
S01005355,737,161,576
S01005356,681,105,576
S01005357,790,216,574
S01005358,782,172,610
S01005359,808,103,705
S01005360,762,125,637
S01005361,932,132,800
S01005362,768,197,571
S01005363,666,132,534
S01005364,911,151,760
S01005365,888,171,717
S01005366,708,113,595
S01005367,751,202,549
S01005368,675,174,501
S01005369,974,244,730
S01005370,850,178,672
S01005371,947,133,814
S01005372,864,182,682
S01005373,724,184,540
S01005374,870,180,690
S01005375,937,188,749
S01005376,992,207,785
S01005377,863,140,723
S01005378,808,142,666
S01005379,920,172,748
S01005380,671,161,510
S01005381,641,139,502
S01005382,834,148,686
S01005383,570,97,473
S01005384,920,115,805
S01005385,962,135,827
S01005386,653,117,536
S01005387,899,167,732
S01005388,775,136,639
S01005389,750,150,600
S01005390,850,151,699
S01005391,756,163,593
S01005392,831,163,668
S01005393,929,184,745
S01005394,863,131,732
S01005395,978,157,821
S01005396,744,109,635
S01005397,546,130,416
S01005398,969,146,823
S01005399,983,243,740
S01005400,1078,238,840
S01005401,847,188,659
S01005402,1015,167,848
S01005403,892,144,748
S01005404,985,159,826
S01005405,564,110,454
S01005406,546,111,435
S01005407,1435,220,1215
S01005408,579,125,454
S01005409,700,125,575
S01005410,1016,134,882
S01005411,968,175,793
S01005412,999,180,819
S01005413,909,221,688
S01005414,1039,210,829
S01005415,990,239,751
S01005416,978,244,734
S01005417,1231,204,1027
S01005418,1127,204,923
S01005419,718,154,564
S01005420,768,156,612
S01005421,870,180,690
S01005422,946,182,764
S01005423,989,129,860
S01005424,874,166,708
S01005425,980,207,773
S01005426,769,163,606
S01005427,779,171,608
S01005428,1049,181,868
S01005429,719,211,508
S01005430,537,120,417
S01005431,667,124,543
S01005432,704,128,576
S01005433,850,149,701
S01005434,807,132,675
S01005435,1060,232,828
S01005436,953,207,746
S01005437,916,149,767
S01005438,788,151,637
S01005439,700,127,573
S01005440,1266,144,1122
S01005441,1054,169,885
S01005442,1983,180,1803
S01005443,1183,201,982
S01005444,1322,212,1110
S01005445,1002,173,829
S01005446,777,139,638
S01005447,932,116,816
S01005448,876,124,752
S01005449,984,157,827
S01005450,1144,294,850
S01005451,937,200,737
S01005452,899,142,757
S01005453,802,148,654
S01005454,924,203,721
S01005455,874,207,667
S01005456,858,134,724
S01005457,959,178,781
S01005458,716,131,585
S01005459,934,122,812
S01005460,868,149,719
S01005461,773,162,611
S01005462,1073,187,886
S01005463,622,107,515
S01005464,653,139,514
S01005465,610,88,522
S01005466,1119,145,974
S01005467,509,90,419
S01005468,925,137,788
S01005469,889,174,715
S01005470,734,139,595
S01005471,813,78,735
S01005472,1451,173,1278
S01005473,993,159,834
S01005474,889,229,660
S01005475,950,149,801
S01005476,961,109,852
S01005477,863,142,721
S01005478,760,152,608
S01005479,599,128,471
S01005480,1273,227,1046
S01005481,687,125,562
S01005482,663,108,555
S01005483,939,153,786
S01005484,535,130,405
S01005485,851,180,671
S01005486,874,201,673
S01005487,733,225,508
S01005488,792,144,648
S01005489,962,180,782
S01005490,664,182,482
S01005491,836,177,659
S01005492,936,155,781
S01005493,704,134,570
S01005494,882,120,762
S01005495,769,126,643
S01005496,1025,175,850
S01005497,915,106,809
S01005498,984,181,803
S01005499,671,128,543
S01005500,720,122,598
S01005501,1043,164,879
S01005502,845,187,658
S01005503,618,116,502
S01005504,647,121,526
S01005505,621,118,503
S01005506,877,186,691
S01005507,587,101,486
S01005508,697,128,569
S01005509,659,84,575
S01005510,726,86,640
S01005511,652,91,561
S01005512,700,136,564
S01005513,813,136,677
S01005514,624,107,517
S01005515,576,86,490
S01005516,559,95,464
S01005517,957,157,800
S01005518,1055,163,892
S01005519,646,125,521
S01005520,966,228,738
S01005521,693,149,544
S01005522,636,181,455
S01005523,788,199,589
S01005524,815,205,610
S01005525,662,144,518
S01005526,674,154,520
S01005527,493,114,379
S01005528,558,162,396
S01005529,950,203,747
S01005530,626,215,411
S01005531,551,128,423
S01005532,839,244,595
S01005533,713,215,498
S01005534,585,165,420
S01005535,851,203,648
S01005536,890,183,707
S01005537,727,176,551
S01005538,815,185,630
S01005539,869,186,683
S01005540,748,159,589
S01005541,637,146,491
S01005542,733,154,579
S01005543,795,163,632
S01005544,709,176,533
S01005545,1224,188,1036
S01005546,746,111,635
S01005547,1000,162,838
S01005548,1365,276,1089
S01005549,1498,264,1234
S01005550,612,79,533
S01005551,840,155,685
S01005552,785,153,632
S01005553,813,113,700
S01005554,662,133,529
S01005555,858,131,727
S01005556,589,119,470
S01005557,701,141,560
S01005558,719,150,569
S01005559,625,124,501
S01005560,578,136,442
S01005561,860,150,710
S01005562,916,227,689
S01005563,757,195,562
S01005564,835,154,681
S01005565,546,92,454
S01005566,501,123,378
S01005567,962,251,711
S01005568,545,117,428
S01005569,735,98,637
S01005570,757,168,589
S01005571,688,87,601
S01005572,799,161,638
S01005573,699,154,545
S01005574,840,168,672
S01005575,674,95,579
S01005576,782,176,606
S01005577,869,207,662
S01005578,941,211,730
S01005579,981,170,811
S01005580,655,244,411
S01005581,714,207,507
S01005582,820,185,635
S01005583,630,140,490
S01005584,554,101,453
S01005585,881,265,616
S01005586,816,244,572
S01005587,1055,224,831
S01005588,654,257,397
S01005589,1318,282,1036
S01005590,772,251,521
S01005591,918,242,676
S01005592,440,100,340
S01005593,765,213,552
S01005594,978,291,687
S01005595,857,221,636
S01005596,487,152,335
S01005597,1019,287,732
S01005598,1052,249,803
S01005599,636,151,485
S01005600,832,180,652
S01005601,687,155,532
S01005602,637,187,450
S01005603,775,210,565
S01005604,468,112,356
S01005605,903,241,662
S01005606,612,135,477
S01005607,628,126,502
S01005608,877,145,732
S01005609,860,181,679
S01005610,541,103,438
S01005611,711,168,543
S01005612,810,63,747
S01005613,762,200,562
S01005614,750,139,611
S01005615,946,242,704
S01005616,668,132,536
S01005617,782,192,590
S01005618,612,195,417
S01005619,550,66,484
S01005620,493,137,356
S01005621,677,109,568
S01005622,874,161,713
S01005623,734,149,585
S01005624,860,151,709
S01005625,865,176,689
S01005626,823,174,649
S01005627,625,141,484
S01005628,1128,281,847
S01005629,775,131,644
S01005630,516,112,404
S01005631,701,138,563
S01005632,515,106,409
S01005633,757,243,514
S01005634,714,126,588
S01005635,826,194,632
S01005636,787,197,590
S01005637,1064,195,869
S01005638,927,174,753
S01005639,717,163,554
S01005640,694,110,584
S01005641,1066,182,884
S01005642,806,188,618
S01005643,617,107,510
S01005644,630,103,527
S01005645,824,149,675
S01005646,716,173,543
S01005647,779,187,592
S01005648,943,243,700
S01005649,1032,235,797
S01005650,545,113,432
S01005651,747,182,565
S01005652,686,78,608
S01005653,824,156,668
S01005654,757,181,576
S01005655,1058,170,888
S01005656,767,246,521
S01005657,562,131,431
S01005658,815,120,695
S01005659,905,136,769
S01005660,577,137,440
S01005661,611,81,530
S01005662,545,91,454
S01005663,636,103,533
S01005664,541,55,486
S01005665,458,50,408
S01005666,1329,300,1029
S01005667,746,163,583
S01005668,807,136,671
S01005669,509,97,412
S01005670,756,163,593
S01005671,520,96,424
S01005672,848,197,651
S01005673,657,107,550
S01005674,872,206,666
S01005675,944,254,690
S01005676,844,188,656
S01005677,838,139,699
S01005678,886,152,734
S01005679,1105,382,723
S01005680,830,142,688
S01005681,994,272,722
S01005682,774,142,632
S01005683,804,210,594
S01005684,1178,270,908
S01005685,861,139,722
S01005686,826,211,615
S01005687,726,141,585
S01005688,972,149,823
S01005689,509,67,442
S01005690,770,119,651
S01005691,679,117,562
S01005692,718,121,597
S01005693,1670,290,1380
S01005694,554,122,432
S01005695,526,98,428
S01005696,674,142,532
S01005697,649,168,481
S01005698,587,149,438
S01005699,823,231,592
S01005700,573,117,456
S01005701,760,167,593
S01005702,685,172,513
S01005703,580,94,486
S01005704,649,152,497
S01005705,923,137,786
S01005706,746,118,628
S01005707,546,180,366
S01005708,715,149,566
S01005709,779,162,617
S01005710,465,73,392
S01005711,949,150,799
S01005712,524,131,393
S01005713,578,128,450
S01005714,1262,245,1017
S01005715,732,146,586
S01005716,538,90,448
S01005717,478,87,391
S01005718,791,179,612
S01005719,487,64,423
S01005720,766,109,657
S01005721,747,151,596
S01005722,532,104,428
S01005723,754,169,585
S01005724,609,72,537
S01005725,739,149,590
S01005726,1085,172,913
S01005727,1346,156,1190
S01005728,835,162,673
S01005729,583,152,431
S01005730,689,159,530
S01005731,791,209,582
S01005732,833,171,662
S01005733,772,121,651
S01005734,674,133,541
S01005735,727,114,613
S01005736,766,217,549
S01005737,749,147,602
S01005738,885,190,695
S01005739,941,195,746
S01005740,753,111,642
S01005741,1045,183,862
S01005742,964,202,762
S01005743,1191,119,1072
S01005744,931,225,706
S01005745,1132,348,784
S01005746,834,157,677
S01005747,804,170,634
S01005748,663,223,440
S01005749,748,144,604
S01005750,756,175,581
S01005751,737,128,609
S01005752,641,167,474
S01005753,668,138,530
S01005754,1032,237,795
S01005755,717,208,509
S01005756,834,216,618
S01005757,582,156,426
S01005758,801,172,629
S01005759,766,203,563
S01005760,610,125,485
S01005761,669,106,563
S01005762,650,206,444
S01005763,2510,305,2205
S01005764,580,154,426
S01005765,949,268,681
S01005766,660,141,519
S01005767,692,95,597
S01005768,844,210,634
S01005769,761,174,587
S01005770,588,208,380
S01005771,722,125,597
S01005772,696,143,553
S01005773,889,132,757
S01005774,664,151,513
S01005775,732,227,505
S01005776,691,150,541
S01005777,515,122,393
S01005778,650,179,471
S01005779,767,135,632
S01005780,1456,120,1336
S01005781,946,231,715
S01005782,821,251,570
S01005783,529,86,443
S01005784,742,188,554
S01005785,731,99,632
S01005786,579,134,445
S01005787,754,151,603
S01005788,542,140,402
S01005789,795,153,642
S01005790,493,89,404
S01005791,470,95,375
S01005792,833,143,690
S01005793,502,96,406
S01005794,938,200,738
S01005795,660,98,562
S01005796,1132,152,980
S01005797,1066,94,972
S01005798,618,154,464
S01005799,688,162,526
S01005800,616,148,468
S01005801,651,96,555
S01005802,862,146,716
S01005803,797,159,638
S01005804,3934,370,3564
S01005805,606,59,547
S01005806,788,175,613
S01005807,808,181,627
S01005808,719,111,608
S01005809,669,134,535
S01005810,487,103,384
S01005811,522,98,424
S01005812,572,74,498
S01005813,790,179,611
S01005814,772,183,589
S01005815,1022,332,690
S01005816,1055,157,898
S01005817,521,62,459
S01005818,780,70,710
S01005819,687,166,521
S01005820,668,109,559
S01005821,479,88,391
S01005822,820,129,691
S01005823,602,108,494
S01005824,681,74,607
S01005825,642,148,494
S01005826,898,112,786
S01005827,685,84,601
S01005828,748,131,617
S01005829,745,128,617
S01005830,840,270,570
S01005831,1139,181,958
S01005832,723,180,543
S01005833,640,116,524
S01005834,602,157,445
S01005835,667,105,562
S01005836,649,77,572
S01005837,485,54,431
S01005838,688,172,516
S01005839,783,122,661
S01005840,836,173,663
S01005841,628,111,517
S01005842,506,138,368
S01005843,637,110,527
S01005844,706,109,597
S01005845,482,59,423
S01005846,871,216,655
S01005847,786,189,597
S01005848,556,120,436
S01005849,838,182,656
S01005850,777,209,568
S01005851,689,178,511
S01005852,500,81,419
S01005853,994,275,719
S01005854,797,171,626
S01005855,821,299,522
S01005856,733,175,558
S01005857,701,181,520
S01005858,678,142,536
S01005859,697,98,599
S01005860,746,157,589
S01005861,865,67,798
S01005862,772,139,633
S01005863,1574,306,1268
S01005864,883,221,662
S01005865,792,230,562
S01005866,810,131,679
S01005867,959,178,781
S01005868,717,90,627
S01005869,708,194,514
S01005870,708,192,516
S01005871,658,140,518
S01005872,749,153,596
S01005873,962,240,722
S01005874,814,199,615
S01005875,800,115,685
S01005876,857,134,723
S01005877,887,184,703
S01005878,555,54,501
S01005879,644,140,504
S01005880,742,248,494
S01005881,788,174,614
S01005882,1554,126,1428
S01005883,455,105,350
S01005884,727,153,574
S01005885,581,102,479
S01005886,689,90,599
S01005887,490,103,387
S01005888,612,134,478
S01005889,863,253,610
S01005890,675,86,589
S01005891,615,150,465
S01005892,688,192,496
S01005893,705,141,564
S01005894,726,179,547
S01005895,571,110,461
S01005896,704,122,582
S01005897,728,169,559
S01005898,692,124,568
S01005899,696,179,517
S01005900,598,129,469
S01005901,751,91,660
S01005902,842,195,647
S01005903,967,200,767
S01005904,1012,189,823
S01005905,772,113,659
S01005906,831,155,676
S01005907,728,182,546
S01005908,881,175,706
S01005909,512,90,422
S01005910,691,111,580
S01005911,1349,273,1076
S01005912,803,144,659
S01005913,829,245,584
S01005914,945,272,673
S01005915,673,194,479
S01005916,749,80,669
S01005917,876,198,678
S01005918,882,196,686
S01005919,525,73,452
S01005920,858,228,630
S01005921,655,136,519
S01005922,900,162,738
S01005923,689,114,575
S01005924,651,54,597
S01005925,698,69,629
S01005926,989,236,753
S01005927,720,134,586
S01005928,788,180,608
S01005929,764,153,611
S01005930,1060,146,914
S01005931,748,128,620
S01005932,614,178,436
S01005933,861,106,755
S01005934,699,185,514
S01005935,610,155,455
S01005936,817,260,557
S01005937,609,61,548
S01005938,745,183,562
S01005939,698,167,531
S01005940,778,166,612
S01005941,453,41,412
S01005942,879,270,609
S01005943,811,160,651
S01005944,957,320,637
S01005945,816,139,677
S01005946,859,197,662
S01005947,733,235,498
S01005948,832,189,643
S01005949,622,124,498
S01005950,529,150,379
S01005951,1242,304,938
S01005952,1163,310,853
S01005953,1255,224,1031
S01005954,496,131,365
S01005955,700,112,588
S01005956,738,188,550
S01005957,1052,308,744
S01005958,538,165,373
S01005959,524,181,343
S01005960,496,188,308
S01005961,1190,237,953
S01005962,461,141,320
S01005963,608,135,473
S01005964,722,191,531
S01005965,948,223,725
S01005966,1383,231,1152
S01005967,1008,287,721
S01005968,1209,290,919
S01005969,708,157,551
S01005970,754,193,561
S01005971,402,98,304
S01005972,705,160,545
S01005973,839,191,648
S01005974,764,197,567
S01005975,685,171,514
S01005976,778,154,624
S01005977,720,153,567
S01005978,720,124,596
S01005979,853,218,635
S01005980,568,94,474
S01005981,875,127,748
S01005982,717,166,551
S01005983,831,143,688
S01005984,894,121,773
S01005985,764,165,599
S01005986,1038,170,868
S01005987,548,151,397
S01005988,546,146,400
S01005989,675,87,588
S01005990,1408,299,1109
S01005991,690,194,496
S01005992,561,180,381
S01005993,666,116,550
S01005994,912,209,703
S01005995,634,237,397
S01005996,836,102,734
S01005997,603,152,451
S01005998,660,184,476
S01005999,1375,155,1220
S01006000,746,191,555
S01006001,734,130,604
S01006002,531,151,380
S01006003,630,231,399
S01006004,1458,142,1316
S01006005,544,103,441
S01006006,766,129,637
S01006007,446,132,314
S01006008,714,201,513
S01006009,475,74,401
S01006010,979,147,832
S01006011,778,212,566
S01006012,755,226,529
S01006013,587,68,519
S01006014,675,187,488
S01006015,734,123,611
S01006016,927,107,820
S01006017,1269,230,1039
S01006018,908,155,753
S01006019,1334,202,1132
S01006020,826,156,670
S01006021,1059,205,854
S01006022,573,133,440
S01006023,697,92,605
S01006024,801,239,562
S01006025,879,275,604
S01006026,726,209,517
S01006027,729,123,606
S01006028,618,104,514
S01006029,685,134,551
S01006030,892,161,731
S01006031,1456,257,1199
S01006032,898,285,613
S01006033,1159,138,1021
S01006034,1784,335,1449
S01006035,915,225,690
S01006036,2362,187,2175
S01006037,815,181,634
S01006038,864,220,644
S01006039,770,180,590
S01006040,865,220,645
S01006041,926,302,624
S01006042,803,227,576
S01006043,547,105,442
S01006044,1067,420,647
S01006045,666,92,574
S01006046,726,108,618
S01006047,710,234,476
S01006048,696,95,601
S01006049,779,227,552
S01006050,749,162,587
S01006051,801,145,656
S01006052,797,125,672
S01006053,772,172,600
S01006054,791,172,619
S01006055,642,91,551
S01006056,884,131,753
S01006057,494,134,360
S01006058,720,279,441
S01006059,859,327,532
S01006060,667,231,436
S01006061,484,169,315
S01006062,681,205,476
S01006063,546,133,413
S01006064,696,203,493
S01006065,775,190,585
S01006066,1014,206,808
S01006067,933,171,762
S01006068,582,119,463
S01006069,827,114,713
S01006070,673,89,584
S01006071,926,109,817
S01006072,625,71,554
S01006073,447,82,365
S01006074,700,90,610
S01006075,1013,276,737
S01006076,1012,252,760
S01006077,1217,208,1009
S01006078,1442,193,1249
S01006079,710,144,566
S01006080,1007,166,841
S01006081,715,110,605
S01006082,895,187,708
S01006083,1038,192,846
S01006084,880,131,749
S01006085,754,96,658
S01006086,923,147,776
S01006087,738,177,561
S01006088,757,103,654
S01006089,712,173,539
S01006090,825,208,617
S01006091,897,101,796
S01006092,564,130,434
S01006093,760,154,606
S01006094,838,214,624
S01006095,896,185,711
S01006096,602,143,459
S01006097,963,250,713
S01006098,669,177,492
S01006099,561,72,489
S01006100,431,99,332
S01006101,614,187,427
S01006102,833,207,626
S01006103,628,88,540
S01006104,726,181,545
S01006105,905,137,768
S01006106,835,136,699
S01006107,662,154,508
S01006108,872,176,696
S01006109,871,182,689
S01006110,767,169,598
S01006111,972,209,763
S01006112,680,86,594
S01006113,899,159,740
S01006114,702,177,525
S01006115,776,182,594
S01006116,841,107,734
S01006117,846,186,660
S01006118,629,118,511
S01006119,1147,201,946
S01006120,1123,167,956
S01006121,548,95,453
S01006122,1016,113,903
S01006123,765,97,668
S01006124,705,135,570
S01006125,934,123,811
S01006126,877,87,790
S01006127,749,76,673
S01006128,895,95,800
S01006129,732,141,591
S01006130,440,128,312
S01006131,953,142,811
S01006132,790,276,514
S01006133,620,95,525
S01006134,496,102,394
S01006135,532,160,372
S01006136,1133,253,880
S01006137,988,113,875
S01006138,616,94,522
S01006139,413,116,297
S01006140,809,177,632
S01006141,1996,375,1621
S01006142,620,102,518
S01006143,658,74,584
S01006144,971,141,830
S01006145,1065,220,845
S01006146,828,115,713
S01006147,772,114,658
S01006148,800,146,654
S01006149,1090,183,907
S01006150,1012,153,859
S01006151,1999,83,1916
S01006152,712,90,622
S01006153,584,76,508
S01006154,842,64,778
S01006155,784,153,631
S01006156,598,89,509
S01006157,747,172,575
S01006158,880,122,758
S01006159,821,149,672
S01006160,808,109,699
S01006161,753,123,630
S01006162,628,115,513
S01006163,741,119,622
S01006164,596,90,506
S01006165,901,125,776
S01006166,864,103,761
S01006167,1687,197,1490
S01006168,1044,165,879
S01006169,710,111,599
S01006170,896,190,706
S01006171,869,227,642
S01006172,471,98,373
S01006173,622,100,522
S01006174,611,89,522
S01006175,753,165,588
S01006176,643,116,527
S01006177,598,166,432
S01006178,798,239,559
S01006179,719,188,531
S01006180,774,161,613
S01006181,743,190,553
S01006182,624,183,441
S01006183,853,231,622
S01006184,745,210,535
S01006185,928,253,675
S01006186,1173,339,834
S01006187,771,197,574
S01006188,653,112,541
S01006189,704,158,546
S01006190,840,182,658
S01006191,587,150,437
S01006192,710,163,547
S01006193,894,353,541
S01006194,878,264,614
S01006195,863,345,518
S01006196,853,224,629
S01006197,816,251,565
S01006198,642,177,465
S01006199,647,184,463
S01006200,911,245,666
S01006201,922,259,663
S01006202,655,168,487
S01006203,597,144,453
S01006204,894,257,637
S01006205,671,164,507
S01006206,749,159,590
S01006207,853,281,572
S01006208,704,207,497
S01006209,683,104,579
S01006210,757,150,607
S01006211,528,145,383
S01006212,793,80,713
S01006213,1064,262,802
S01006214,824,175,649
S01006215,759,200,559
S01006216,679,104,575
S01006217,979,225,754
S01006218,569,100,469
S01006219,893,236,657
S01006220,867,136,731
S01006221,815,242,573
S01006222,1021,202,819
S01006223,701,100,601
S01006224,617,99,518
S01006225,890,223,667
S01006226,702,86,616
S01006227,910,205,705
S01006228,728,85,643
S01006229,908,158,750
S01006230,983,198,785
S01006231,865,196,669
S01006232,1055,132,923
S01006233,719,160,559
S01006234,649,121,528
S01006235,718,156,562
S01006236,568,85,483
S01006237,907,260,647
S01006238,952,249,703
S01006239,434,48,386
S01006240,741,222,519
S01006241,991,267,724
S01006242,743,215,528
S01006243,600,118,482
S01006244,805,177,628
S01006245,574,135,439
S01006246,727,177,550
S01006247,789,169,620
S01006248,834,153,681
S01006249,680,112,568
S01006250,717,147,570
S01006251,577,154,423
S01006252,618,108,510
S01006253,629,147,482
S01006254,793,115,678
S01006255,885,152,733
S01006256,627,148,479
S01006257,749,218,531
S01006258,825,186,639
S01006259,673,118,555
S01006260,572,107,465
S01006261,810,179,631
S01006262,823,210,613
S01006263,787,236,551
S01006264,917,103,814
S01006265,762,149,613
S01006266,919,224,695
S01006267,588,105,483
S01006268,676,127,549
S01006269,609,117,492
S01006270,859,173,686
S01006271,696,170,526
S01006272,819,224,595
S01006273,527,127,400
S01006274,536,130,406
S01006275,809,140,669
S01006276,814,178,636
S01006277,657,138,519
S01006278,1054,294,760
S01006279,1326,262,1064
S01006280,703,188,515
S01006281,772,188,584
S01006282,654,168,486
S01006283,691,210,481
S01006284,732,191,541
S01006285,819,135,684
S01006286,1085,196,889
S01006287,579,142,437
S01006288,767,243,524
S01006289,822,182,640
S01006290,885,204,681
S01006291,534,142,392
S01006292,810,146,664
S01006293,821,131,690
S01006294,603,105,498
S01006295,881,139,742
S01006296,922,145,777
S01006297,735,161,574
S01006298,1009,190,819
S01006299,752,246,506
S01006300,791,234,557
S01006301,629,161,468
S01006302,927,189,738
S01006303,680,150,530
S01006304,845,192,653
S01006305,708,151,557
S01006306,788,163,625
S01006307,897,295,602
S01006308,633,167,466
S01006309,1092,203,889
S01006310,820,150,670
S01006311,747,173,574
S01006312,1195,277,918
S01006313,1275,276,999
S01006314,653,105,548
S01006315,836,206,630
S01006316,826,136,690
S01006317,979,171,808
S01006318,769,180,589
S01006319,925,234,691
S01006320,1008,246,762
S01006321,829,58,771
S01006322,786,61,725
S01006323,1017,132,885
S01006324,693,65,628
S01006325,661,192,469
S01006326,959,269,690
S01006327,574,138,436
S01006328,615,172,443
S01006329,1105,175,930
S01006330,706,196,510
S01006331,731,125,606
S01006332,594,151,443
S01006333,911,230,681
S01006334,772,212,560
S01006335,849,178,671
S01006336,1269,121,1148
S01006337,1395,109,1286
S01006338,793,114,679
S01006339,945,225,720
S01006340,701,114,587
S01006341,727,133,594
S01006342,687,190,497
S01006343,1226,278,948
S01006344,702,172,530
S01006345,686,160,526
S01006346,653,123,530
S01006347,611,74,537
S01006348,585,118,467
S01006349,494,122,372
S01006350,666,163,503
S01006351,1268,340,928
S01006352,703,157,546
S01006353,557,113,444
S01006354,963,217,746
S01006355,740,152,588
S01006356,651,63,588
S01006357,733,137,596
S01006358,685,130,555
S01006359,1097,219,878
S01006360,656,84,572
S01006361,1070,163,907
S01006362,746,93,653
S01006363,667,103,564
S01006364,4216,369,3847
S01006365,867,116,751
S01006366,714,85,629
S01006367,729,119,610
S01006368,784,78,706
S01006369,1655,248,1407
S01006370,1084,117,967
S01006371,612,69,543
S01006372,712,169,543
S01006373,886,147,739
S01006374,648,127,521
S01006375,593,118,475
S01006376,1041,141,900
S01006377,576,118,458
S01006378,526,41,485
S01006379,688,149,539
S01006380,637,117,520
S01006381,501,102,399
S01006382,687,134,553
S01006383,603,110,493
S01006384,726,89,637
S01006385,996,208,788
S01006386,991,252,739
S01006387,858,169,689
S01006388,1043,285,758
S01006389,680,158,522
S01006390,692,136,556
S01006391,1166,77,1089
S01006392,970,187,783
S01006393,1417,217,1200
S01006394,731,145,586
S01006395,1139,284,855
S01006396,604,137,467
S01006397,961,133,828
S01006398,843,192,651
S01006399,724,148,576
S01006400,1369,173,1196
S01006401,1087,247,840
S01006402,672,149,523
S01006403,748,208,540
S01006404,862,195,667
S01006405,1016,209,807
S01006406,386,102,284
S01006407,650,79,571
S01006408,1047,191,856
S01006409,1445,161,1284
S01006410,679,234,445
S01006411,1058,171,887
S01006412,660,130,530
S01006413,513,102,411
S01006414,485,77,408
S01006415,820,148,672
S01006416,878,286,592
S01006417,760,114,646
S01006418,612,144,468
S01006419,534,137,397
S01006420,877,168,709
S01006421,776,165,611
S01006422,658,141,517
S01006423,647,63,584
S01006424,612,144,468
S01006425,1390,271,1119
S01006426,1215,208,1007
S01006427,759,205,554
S01006428,747,144,603
S01006429,687,114,573
S01006430,669,101,568
S01006431,494,57,437
S01006432,673,145,528
S01006433,625,111,514
S01006434,757,136,621
S01006435,429,69,360
S01006436,779,154,625
S01006437,897,147,750
S01006438,649,210,439
S01006439,821,187,634
S01006440,830,192,638
S01006441,669,152,517
S01006442,752,173,579
S01006443,459,110,349
S01006444,586,97,489
S01006445,775,124,651
S01006446,869,151,718
S01006447,576,140,436
S01006448,897,135,762
S01006449,459,80,379
S01006450,662,124,538
S01006451,1108,196,912
S01006452,556,142,414
S01006453,944,204,740
S01006454,613,99,514
S01006455,560,119,441
S01006456,1888,261,1627
S01006457,1094,166,928
S01006458,849,101,748
S01006459,763,108,655
S01006460,490,99,391
S01006461,1776,217,1559
S01006462,764,113,651
S01006463,673,143,530
S01006464,669,151,518
S01006465,1479,290,1189
S01006466,744,134,610
S01006467,816,170,646
S01006468,1252,164,1088
S01006469,626,117,509
S01006470,837,246,591
S01006471,899,175,724
S01006472,605,131,474
S01006473,746,121,625
S01006474,745,165,580
S01006475,849,169,680
S01006476,860,157,703
S01006477,786,190,596
S01006478,1098,158,940
S01006479,766,195,571
S01006480,830,110,720
S01006481,972,103,869
S01006482,711,109,602
S01006483,909,221,688
S01006484,772,178,594
S01006485,687,80,607
S01006486,786,64,722
S01006487,772,163,609
S01006488,657,89,568
S01006489,884,146,738
S01006490,709,90,619
S01006491,752,80,672
S01006492,645,112,533
S01006493,575,128,447
S01006494,659,119,540
S01006495,785,110,675
S01006496,928,195,733
S01006497,560,102,458
S01006498,1236,252,984
S01006499,910,175,735
S01006500,713,137,576
S01006501,871,95,776
S01006502,588,50,538
S01006503,640,67,573
S01006504,776,77,699
S01006505,860,48,812
