dz_2001,total,single,married
S01000001,749,399,350
S01000002,491,199,292
S01000003,665,335,330
S01000004,493,213,280
S01000005,552,337,215
S01000006,549,290,259
S01000007,633,233,400
S01000008,479,225,254
S01000009,574,275,299
S01000010,469,202,267
S01000011,809,281,528
S01000012,1161,441,720
S01000013,696,333,363
S01000014,744,355,389
S01000015,549,265,284
S01000016,452,216,236
S01000017,738,341,397
S01000018,428,202,226
S01000019,529,241,288
S01000020,772,421,351
S01000021,741,354,387
S01000022,514,156,358
S01000023,569,173,396
S01000024,360,103,257
S01000025,675,224,451
S01000026,704,443,261
S01000027,650,224,426
S01000028,772,441,331
S01000029,505,150,355
S01000030,386,230,156
S01000031,766,347,419
S01000032,886,506,380
S01000033,658,440,218
S01000034,951,278,673
S01000035,876,531,345
S01000036,559,344,215
S01000037,670,429,241
S01000038,587,295,292
S01000039,784,520,264
S01000040,769,421,348
S01000041,732,355,377
S01000042,671,451,220
S01000043,790,543,247
S01000044,811,531,280
S01000045,480,182,298
S01000046,638,215,423
S01000047,751,540,211
S01000048,825,340,485
S01000049,626,299,327
S01000050,644,327,317
S01000051,678,237,441
S01000052,489,307,182
S01000053,978,603,375
S01000054,680,301,379
S01000055,650,428,222
S01000056,808,315,493
S01000057,529,330,199
S01000058,594,244,350
S01000059,805,369,436
S01000060,465,336,129
S01000061,874,359,515
S01000062,912,585,327
S01000063,729,314,415
S01000064,547,298,249
S01000065,899,592,307
S01000066,891,652,239
S01000067,935,484,451
S01000068,737,374,363
S01000069,614,435,179
S01000070,522,278,244
S01000071,658,467,191
S01000072,769,378,391
S01000073,526,206,320
S01000074,641,435,206
S01000075,508,371,137
S01000076,618,195,423
S01000077,768,401,367
S01000078,978,721,257
S01000079,1314,953,361
S01000080,920,663,257
S01000081,745,323,422
S01000082,805,561,244
S01000083,632,333,299
S01000084,773,577,196
S01000085,498,441,57
S01000086,639,400,239
S01000087,930,449,481
S01000088,852,635,217
S01000089,821,286,535
S01000090,682,421,261
S01000091,1025,799,226
S01000092,859,687,172
S01000093,654,489,165
S01000094,678,586,92
S01000095,643,461,182
S01000096,591,373,218
S01000097,809,362,447
S01000098,1160,954,206
S01000099,699,282,417
S01000100,817,678,139
S01000101,748,395,353
S01000102,734,571,163
S01000103,573,463,110
S01000104,718,263,455
S01000105,753,381,372
S01000106,566,249,317
S01000107,1181,993,188
S01000108,699,503,196
S01000109,991,817,174
S01000110,726,349,377
S01000111,657,369,288
S01000112,891,698,193
S01000113,513,253,260
S01000114,656,432,224
S01000115,707,385,322
S01000116,876,684,192
S01000117,847,412,435
S01000118,615,311,304
S01000119,789,638,151
S01000120,495,329,166
S01000121,608,293,315
S01000122,581,364,217
S01000123,544,202,342
S01000124,953,792,161
S01000125,550,418,132
S01000126,900,753,147
S01000127,615,256,359
S01000128,1730,1550,180
S01000129,979,893,86
S01000130,1479,1214,265
S01000131,563,368,195
S01000132,684,488,196
S01000133,678,359,319
S01000134,554,345,209
S01000135,577,446,131
S01000136,522,302,220
S01000137,858,670,188
S01000138,1332,1185,147
S01000139,668,330,338
S01000140,753,365,388
S01000141,671,305,366
S01000142,543,337,206
S01000143,501,138,363
S01000144,709,606,103
S01000145,708,442,266
S01000146,1438,1190,248
S01000147,980,797,183
S01000148,481,317,164
S01000149,1128,908,220
S01000150,495,278,217
S01000151,735,426,309
S01000152,1163,805,358
S01000153,915,764,151
S01000154,454,209,245
S01000155,627,380,247
S01000156,878,688,190
S01000157,608,450,158
S01000158,772,430,342
S01000159,756,300,456
S01000160,635,320,315
S01000161,861,663,198
S01000162,754,425,329
S01000163,887,480,407
S01000164,901,777,124
S01000165,798,607,191
S01000166,1203,1006,197
S01000167,589,318,271
S01000168,819,452,367
S01000169,608,311,297
S01000170,1061,801,260
S01000171,772,297,475
S01000172,410,212,198
S01000173,695,432,263
S01000174,646,175,471
S01000175,482,381,101
S01000176,739,646,93
S01000177,497,312,185
S01000178,619,340,279
S01000179,742,517,225
S01000180,553,295,258
S01000181,496,276,220
S01000182,724,389,335
S01000183,1163,953,210
S01000184,669,380,289
S01000185,772,588,184
S01000186,851,460,391
S01000187,519,272,247
S01000188,1161,947,214
S01000189,439,258,181
S01000190,695,377,318
S01000191,1079,651,428
S01000192,685,534,151
S01000193,572,308,264
S01000194,697,477,220
S01000195,621,441,180
S01000196,687,446,241
S01000197,477,245,232
S01000198,639,395,244
S01000199,662,441,221
S01000200,719,497,222
S01000201,521,321,200
S01000202,834,545,289
S01000203,530,357,173
S01000204,482,285,197
S01000205,841,593,248
S01000206,579,273,306
S01000207,779,539,240
S01000208,784,533,251
S01000209,985,666,319
S01000210,605,440,165
S01000211,606,368,238
S01000212,588,356,232
S01000213,638,458,180
S01000214,388,200,188
S01000215,922,447,475
S01000216,581,286,295
S01000217,653,421,232
S01000218,596,287,309
S01000219,668,463,205
S01000220,2556,2311,245
S01000221,765,587,178
S01000222,637,342,295
S01000223,529,308,221
S01000224,712,387,325
S01000225,498,250,248
S01000226,548,277,271
S01000227,1108,548,560
S01000228,714,512,202
S01000229,707,432,275
S01000230,549,332,217
S01000231,599,255,344
S01000232,527,326,201
S01000233,447,244,203
S01000234,629,258,371
S01000235,749,398,351
S01000236,585,235,350
S01000237,728,253,475
S01000238,421,202,219
S01000239,607,254,353
S01000240,566,224,342
S01000241,507,162,345
S01000242,624,306,318
S01000243,553,158,395
S01000244,1005,584,421
S01000245,793,333,460
S01000246,591,252,339
S01000247,567,185,382
S01000248,651,273,378
S01000249,569,220,349
S01000250,681,264,417
S01000251,378,142,236
S01000252,665,323,342
S01000253,540,166,374
S01000254,672,262,410
S01000255,500,258,242
S01000256,718,296,422
S01000257,772,288,484
S01000258,505,222,283
S01000259,495,179,316
S01000260,667,298,369
S01000261,808,300,508
S01000262,779,332,447
S01000263,662,315,347
S01000264,773,369,404
S01000265,596,291,305
S01000266,1010,472,538
S01000267,627,328,299
S01000268,656,294,362
S01000269,507,168,339
S01000270,849,333,516
S01000271,704,305,399
S01000272,894,426,468
S01000273,484,183,301
S01000274,548,278,270
S01000275,1149,490,659
S01000276,624,229,395
S01000277,586,247,339
S01000278,485,277,208
S01000279,796,312,484
S01000280,595,283,312
S01000281,556,277,279
S01000282,601,254,347
S01000283,841,316,525
S01000284,946,318,628
S01000285,580,203,377
S01000286,799,447,352
S01000287,613,287,326
S01000288,678,290,388
S01000289,735,420,315
S01000290,652,426,226
S01000291,785,310,475
S01000292,862,369,493
S01000293,745,458,287
S01000294,510,200,310
S01000295,452,140,312
S01000296,745,291,454
S01000297,627,297,330
S01000298,841,340,501
S01000299,844,312,532
S01000300,609,236,373
S01000301,478,214,264
S01000302,493,168,325
S01000303,498,196,302
S01000304,645,188,457
S01000305,864,389,475
S01000306,622,211,411
S01000307,729,311,418
S01000308,1015,400,615
S01000309,936,391,545
S01000310,778,368,410
S01000311,802,386,416
S01000312,470,239,231
S01000313,575,239,336
S01000314,474,211,263
S01000315,562,196,366
S01000316,766,358,408
S01000317,465,238,227
S01000318,455,151,304
S01000319,583,245,338
S01000320,587,319,268
S01000321,492,192,300
S01000322,805,293,512
S01000323,709,316,393
S01000324,669,258,411
S01000325,973,387,586
S01000326,651,323,328
S01000327,680,253,427
S01000328,426,213,213
S01000329,642,332,310
S01000330,956,363,593
S01000331,499,232,267
S01000332,587,223,364
S01000333,741,284,457
S01000334,745,377,368
S01000335,650,236,414
S01000336,1111,474,637
S01000337,676,235,441
S01000338,405,172,233
S01000339,968,379,589
S01000340,866,319,547
S01000341,848,377,471
S01000342,380,195,185
S01000343,490,204,286
S01000344,795,336,459
S01000345,490,222,268
S01000346,521,226,295
S01000347,1170,464,706
S01000348,613,276,337
S01000349,456,208,248
S01000350,842,297,545
S01000351,787,327,460
S01000352,598,217,381
S01000353,427,138,289
S01000354,1171,524,647
S01000355,512,181,331
S01000356,518,170,348
S01000357,481,171,310
S01000358,762,261,501
S01000359,647,204,443
S01000360,446,209,237
S01000361,518,181,337
S01000362,796,298,498
S01000363,931,303,628
S01000364,780,323,457
S01000365,1513,544,969
S01000366,1494,509,985
S01000367,723,279,444
S01000368,1013,422,591
S01000369,797,299,498
S01000370,1138,444,694
S01000371,784,342,442
S01000372,797,391,406
S01000373,521,199,322
S01000374,529,235,294
S01000375,493,265,228
S01000376,659,326,333
S01000377,701,289,412
S01000378,417,164,253
S01000379,505,158,347
S01000380,759,279,480
S01000381,1227,388,839
S01000382,617,228,389
S01000383,893,408,485
S01000384,587,264,323
S01000385,484,258,226
S01000386,979,470,509
S01000387,732,291,441
S01000388,847,339,508
S01000389,621,240,381
S01000390,672,375,297
S01000391,604,352,252
S01000392,650,288,362
S01000393,763,337,426
S01000394,540,253,287
S01000395,624,243,381
S01000396,732,395,337
S01000397,820,367,453
S01000398,1792,684,1108
S01000399,534,312,222
S01000400,713,449,264
S01000401,729,246,483
S01000402,613,295,318
S01000403,681,319,362
S01000404,604,277,327
S01000405,422,172,250
S01000406,450,289,161
S01000407,517,290,227
S01000408,490,209,281
S01000409,504,232,272
S01000410,590,203,387
S01000411,566,229,337
S01000412,649,266,383
S01000413,709,272,437
S01000414,566,209,357
S01000415,766,341,425
S01000416,683,300,383
S01000417,839,362,477
S01000418,588,235,353
S01000419,1112,413,699
S01000420,1060,480,580
S01000421,603,216,387
S01000422,775,348,427
S01000423,794,262,532
S01000424,581,241,340
S01000425,699,305,394
S01000426,640,221,419
S01000427,638,348,290
S01000428,572,233,339
S01000429,778,311,467
S01000430,434,187,247
S01000431,625,366,259
S01000432,790,306,484
S01000433,453,259,194
S01000434,489,275,214
S01000435,434,184,250
S01000436,507,196,311
S01000437,826,383,443
S01000438,485,140,345
S01000439,652,254,398
S01000440,899,371,528
S01000441,735,299,436
S01000442,687,234,453
S01000443,501,163,338
S01000444,1808,630,1178
S01000445,1002,404,598
S01000446,777,317,460
S01000447,604,262,342
S01000448,673,277,396
S01000449,625,299,326
S01000450,489,231,258
S01000451,718,297,421
S01000452,495,215,280
S01000453,482,186,296
S01000454,371,195,176
S01000455,697,293,404
S01000456,875,371,504
S01000457,720,355,365
S01000458,739,276,463
S01000459,874,476,398
S01000460,571,317,254
S01000461,730,457,273
S01000462,870,478,392
S01000463,549,268,281
S01000464,672,252,420
S01000465,565,203,362
S01000466,720,260,460
S01000467,524,245,279
S01000468,433,161,272
S01000469,513,191,322
S01000470,903,437,466
S01000471,645,255,390
S01000472,599,262,337
S01000473,549,263,286
S01000474,505,186,319
S01000475,585,311,274
S01000476,528,189,339
S01000477,594,251,343
S01000478,669,358,311
S01000479,717,371,346
S01000480,549,219,330
S01000481,1623,684,939
S01000482,753,494,259
S01000483,858,506,352
S01000484,684,397,287
S01000485,853,319,534
S01000486,917,652,265
S01000487,557,278,279
S01000488,537,285,252
S01000489,794,514,280
S01000490,451,231,220
S01000491,437,288,149
S01000492,734,441,293
S01000493,547,269,278
S01000494,439,265,174
S01000495,759,268,491
S01000496,423,127,296
S01000497,614,292,322
S01000498,459,184,275
S01000499,813,370,443
S01000500,485,273,212
S01000501,502,246,256
S01000502,528,218,310
S01000503,402,148,254
S01000504,675,373,302
S01000505,601,247,354
S01000506,806,313,493
S01000507,829,439,390
S01000508,775,324,451
S01000509,880,417,463
S01000510,574,273,301
S01000511,473,197,276
S01000512,793,273,520
S01000513,722,364,358
S01000514,743,309,434
S01000515,447,168,279
S01000516,694,260,434
S01000517,598,271,327
S01000518,803,388,415
S01000519,422,171,251
S01000520,916,375,541
S01000521,767,380,387
S01000522,550,186,364
S01000523,706,350,356
S01000524,590,230,360
S01000525,877,334,543
S01000526,835,317,518
S01000527,543,184,359
S01000528,775,292,483
S01000529,683,255,428
S01000530,398,134,264
S01000531,509,229,280
S01000532,658,303,355
S01000533,615,278,337
S01000534,624,321,303
S01000535,830,422,408
S01000536,394,160,234
S01000537,808,295,513
S01000538,603,315,288
S01000539,833,486,347
S01000540,628,335,293
S01000541,494,267,227
S01000542,537,284,253
S01000543,678,304,374
S01000544,581,240,341
S01000545,613,337,276
S01000546,685,315,370
S01000547,447,205,242
S01000548,880,393,487
S01000549,976,356,620
S01000550,398,124,274
S01000551,774,393,381
S01000552,475,162,313
S01000553,745,319,426
S01000554,531,331,200
S01000555,708,385,323
S01000556,658,348,310
S01000557,749,355,394
S01000558,488,225,263
S01000559,566,302,264
S01000560,907,505,402
S01000561,866,483,383
S01000562,696,388,308
S01000563,939,622,317
S01000564,723,454,269
S01000565,608,298,310
S01000566,676,344,332
S01000567,668,334,334
S01000568,435,173,262
S01000569,606,265,341
S01000570,773,312,461
S01000571,712,419,293
S01000572,607,224,383
S01000573,444,149,295
S01000574,697,290,407
S01000575,541,239,302
S01000576,472,146,326
S01000577,476,211,265
S01000578,526,199,327
S01000579,714,279,435
S01000580,739,249,490
S01000581,590,213,377
S01000582,503,251,252
S01000583,740,306,434
S01000584,687,420,267
S01000585,998,562,436
S01000586,608,263,345
S01000587,552,314,238
S01000588,503,231,272
S01000589,562,245,317
S01000590,707,308,399
S01000591,655,257,398
S01000592,745,326,419
S01000593,1173,463,710
S01000594,994,371,623
S01000595,636,285,351
S01000596,679,234,445
S01000597,842,291,551
S01000598,996,324,672
S01000599,933,355,578
S01000600,627,223,404
S01000601,991,393,598
S01000602,611,265,346
S01000603,826,317,509
S01000604,870,327,543
S01000605,704,319,385
S01000606,692,481,211
S01000607,634,236,398
S01000608,1009,707,302
S01000609,837,527,310
S01000610,707,490,217
S01000611,508,292,216
S01000612,916,652,264
S01000613,907,509,398
S01000614,569,284,285
S01000615,710,444,266
S01000616,1172,524,648
S01000617,548,212,336
S01000618,711,284,427
S01000619,557,233,324
S01000620,859,575,284
S01000621,939,534,405
S01000622,540,329,211
S01000623,608,331,277
S01000624,511,278,233
S01000625,463,304,159
S01000626,601,386,215
S01000627,715,398,317
S01000628,436,239,197
S01000629,681,327,354
S01000630,625,312,313
S01000631,501,308,193
S01000632,463,203,260
S01000633,430,157,273
S01000634,619,326,293
S01000635,518,216,302
S01000636,439,163,276
S01000637,542,214,328
S01000638,511,184,327
S01000639,530,199,331
S01000640,620,213,407
S01000641,670,272,398
S01000642,751,338,413
S01000643,572,239,333
S01000644,602,234,368
S01000645,825,369,456
S01000646,683,271,412
S01000647,653,318,335
S01000648,719,443,276
S01000649,496,206,290
S01000650,585,303,282
S01000651,733,383,350
S01000652,663,295,368
S01000653,831,517,314
S01000654,793,460,333
S01000655,613,376,237
S01000656,647,397,250
S01000657,679,416,263
S01000658,486,310,176
S01000659,1109,475,634
S01000660,882,324,558
S01000661,716,428,288
S01000662,605,213,392
S01000663,642,323,319
S01000664,698,308,390
S01000665,583,271,312
S01000666,440,165,275
S01000667,836,401,435
S01000668,672,414,258
S01000669,717,458,259
S01000670,547,265,282
S01000671,499,212,287
S01000672,573,271,302
S01000673,612,235,377
S01000674,914,443,471
S01000675,579,213,366
S01000676,384,183,201
S01000677,738,403,335
S01000678,754,353,401
S01000679,628,432,196
S01000680,805,515,290
S01000681,808,559,249
S01000682,671,450,221
S01000683,456,230,226
S01000684,656,444,212
S01000685,789,427,362
S01000686,650,375,275
S01000687,692,405,287
S01000688,616,302,314
S01000689,517,224,293
S01000690,817,292,525
S01000691,675,357,318
S01000692,588,369,219
S01000693,821,524,297
S01000694,556,291,265
S01000695,647,323,324
S01000696,659,404,255
S01000697,730,265,465
S01000698,521,310,211
S01000699,505,267,238
S01000700,640,270,370
S01000701,877,383,494
S01000702,444,209,235
S01000703,627,304,323
S01000704,805,389,416
S01000705,907,351,556
S01000706,716,274,442
S01000707,516,209,307
S01000708,466,187,279
S01000709,866,338,528
S01000710,881,402,479
S01000711,435,185,250
S01000712,527,242,285
S01000713,606,288,318
S01000714,815,374,441
S01000715,562,353,209
S01000716,458,329,129
S01000717,723,481,242
S01000718,667,381,286
S01000719,556,250,306
S01000720,690,284,406
S01000721,568,255,313
S01000722,713,408,305
S01000723,390,148,242
S01000724,657,383,274
S01000725,528,200,328
S01000726,627,305,322
S01000727,491,291,200
S01000728,569,216,353
S01000729,437,269,168
S01000730,340,169,171
S01000731,454,338,116
S01000732,487,364,123
S01000733,612,383,229
S01000734,724,290,434
S01000735,394,214,180
S01000736,654,292,362
S01000737,404,225,179
S01000738,394,203,191
S01000739,634,367,267
S01000740,592,267,325
S01000741,707,306,401
S01000742,538,215,323
S01000743,759,352,407
S01000744,640,435,205
S01000745,563,299,264
S01000746,628,337,291
S01000747,474,278,196
S01000748,398,257,141
S01000749,404,259,145
S01000750,608,273,335
S01000751,598,235,363
S01000752,749,508,241
S01000753,484,244,240
S01000754,659,325,334
S01000755,617,291,326
S01000756,884,446,438
S01000757,672,295,377
S01000758,1071,387,684
S01000759,807,407,400
S01000760,435,185,250
S01000761,536,212,324
S01000762,521,209,312
S01000763,640,274,366
S01000764,570,255,315
S01000765,551,148,403
S01000766,605,310,295
S01000767,503,365,138
S01000768,691,478,213
S01000769,714,524,190
S01000770,515,328,187
S01000771,794,353,441
S01000772,559,286,273
S01000773,729,336,393
S01000774,540,237,303
S01000775,665,320,345
S01000776,487,154,333
S01000777,211,90,121
S01000778,413,151,262
S01000779,611,256,355
S01000780,688,391,297
S01000781,684,217,467
S01000782,572,188,384
S01000783,406,173,233
S01000784,664,195,469
S01000785,625,259,366
S01000786,637,260,377
S01000787,442,171,271
S01000788,534,238,296
S01000789,632,332,300
S01000790,423,141,282
S01000791,475,233,242
S01000792,553,192,361
S01000793,530,283,247
S01000794,733,453,280
S01000795,781,403,378
S01000796,371,171,200
S01000797,337,173,164
S01000798,405,213,192
S01000799,1478,1103,375
S01000800,854,349,505
S01000801,528,241,287
S01000802,626,248,378
S01000803,826,332,494
S01000804,765,367,398
S01000805,681,300,381
S01000806,686,281,405
S01000807,653,350,303
S01000808,638,289,349
S01000809,523,283,240
S01000810,581,240,341
S01000811,674,266,408
S01000812,1024,600,424
S01000813,632,272,360
S01000814,577,372,205
S01000815,432,353,79
S01000816,519,413,106
S01000817,745,396,349
S01000818,783,444,339
S01000819,754,373,381
S01000820,487,202,285
S01000821,733,472,261
S01000822,437,249,188
S01000823,411,253,158
S01000824,612,272,340
S01000825,626,241,385
S01000826,512,259,253
S01000827,608,230,378
S01000828,779,348,431
S01000829,584,240,344
S01000830,724,306,418
S01000831,702,360,342
S01000832,787,431,356
S01000833,872,395,477
S01000834,821,426,395
S01000835,598,372,226
S01000836,594,417,177
S01000837,851,644,207
S01000838,524,241,283
S01000839,1067,540,527
S01000840,548,311,237
S01000841,721,480,241
S01000842,736,285,451
S01000843,751,420,331
S01000844,661,398,263
S01000845,437,213,224
S01000846,568,401,167
S01000847,824,494,330
S01000848,565,223,342
S01000849,382,183,199
S01000850,572,355,217
S01000851,607,249,358
S01000852,619,313,306
S01000853,458,282,176
S01000854,677,408,269
S01000855,614,308,306
S01000856,418,201,217
S01000857,384,196,188
S01000858,721,310,411
S01000859,936,384,552
S01000860,702,465,237
S01000861,551,243,308
S01000862,443,172,271
S01000863,451,249,202
S01000864,921,387,534
S01000865,870,445,425
S01000866,677,360,317
S01000867,699,465,234
S01000868,541,319,222
S01000869,423,261,162
S01000870,650,409,241
S01000871,708,332,376
S01000872,659,265,394
S01000873,2610,1421,1189
S01000874,402,268,134
S01000875,1124,514,610
S01000876,574,326,248
S01000877,543,384,159
S01000878,478,183,295
S01000879,773,298,475
S01000880,673,234,439
S01000881,550,290,260
S01000882,749,440,309
S01000883,690,370,320
S01000884,492,268,224
S01000885,418,134,284
S01000886,539,268,271
S01000887,592,238,354
S01000888,543,336,207
S01000889,600,284,316
S01000890,634,339,295
S01000891,758,326,432
S01000892,422,143,279
S01000893,505,161,344
S01000894,438,191,247
S01000895,770,341,429
S01000896,411,114,297
S01000897,598,216,382
S01000898,449,207,242
S01000899,675,381,294
S01000900,528,215,313
S01000901,516,230,286
S01000902,813,341,472
S01000903,862,369,493
S01000904,604,265,339
S01000905,581,263,318
S01000906,465,198,267
S01000907,633,377,256
S01000908,633,361,272
S01000909,818,334,484
S01000910,687,308,379
S01000911,894,336,558
S01000912,565,266,299
S01000913,521,266,255
S01000914,632,240,392
S01000915,783,322,461
S01000916,870,365,505
S01000917,588,290,298
S01000918,483,231,252
S01000919,535,252,283
S01000920,480,206,274
S01000921,545,228,317
S01000922,755,396,359
S01000923,708,339,369
S01000924,715,403,312
S01000925,818,404,414
S01000926,772,443,329
S01000927,757,392,365
S01000928,810,353,457
S01000929,359,257,102
S01000930,382,280,102
S01000931,528,285,243
S01000932,846,448,398
S01000933,838,473,365
S01000934,763,528,235
S01000935,652,362,290
S01000936,725,356,369
S01000937,470,285,185
S01000938,629,336,293
S01000939,636,316,320
S01000940,774,348,426
S01000941,408,233,175
S01000942,872,483,389
S01000943,740,268,472
S01000944,721,369,352
S01000945,619,343,276
S01000946,648,310,338
S01000947,598,280,318
S01000948,677,240,437
S01000949,528,193,335
S01000950,727,334,393
S01000951,729,387,342
S01000952,741,321,420
S01000953,770,250,520
S01000954,882,399,483
S01000955,525,178,347
S01000956,680,413,267
S01000957,457,221,236
S01000958,665,329,336
S01000959,586,247,339
S01000960,516,254,262
S01000961,725,327,398
S01000962,564,320,244
S01000963,683,372,311
S01000964,819,323,496
S01000965,480,298,182
S01000966,879,509,370
S01000967,485,292,193
S01000968,901,386,515
S01000969,775,446,329
S01000970,668,372,296
S01000971,539,324,215
S01000972,783,298,485
S01000973,502,272,230
S01000974,1001,366,635
S01000975,529,206,323
S01000976,429,200,229
S01000977,777,359,418
S01000978,667,310,357
S01000979,578,265,313
S01000980,586,271,315
S01000981,573,221,352
S01000982,623,252,371
S01000983,448,181,267
S01000984,519,215,304
S01000985,556,305,251
S01000986,503,230,273
S01000987,551,223,328
S01000988,458,141,317
S01000989,696,290,406
S01000990,697,334,363
S01000991,360,156,204
S01000992,922,416,506
S01000993,712,299,413
S01000994,907,437,470
S01000995,646,235,411
S01000996,952,503,449
S01000997,760,280,480
S01000998,580,395,185
S01000999,528,225,303
S01001000,490,278,212
S01001001,459,206,253
S01001002,526,288,238
S01001003,713,291,422
S01001004,539,211,328
S01001005,711,293,418
S01001006,590,211,379
S01001007,738,461,277
S01001008,679,421,258
S01001009,522,275,247
S01001010,795,561,234
S01001011,475,197,278
S01001012,640,278,362
S01001013,798,477,321
S01001014,756,571,185
S01001015,450,305,145
S01001016,731,313,418
S01001017,670,396,274
S01001018,660,421,239
S01001019,833,592,241
S01001020,427,238,189
S01001021,831,436,395
S01001022,728,450,278
S01001023,839,330,509
S01001024,1434,641,793
S01001025,1050,444,606
S01001026,758,346,412
S01001027,811,362,449
S01001028,618,375,243
S01001029,577,387,190
S01001030,596,222,374
S01001031,770,447,323
S01001032,540,366,174
S01001033,553,366,187
S01001034,542,402,140
S01001035,392,234,158
S01001036,495,346,149
S01001037,704,444,260
S01001038,634,237,397
S01001039,465,187,278
S01001040,578,217,361
S01001041,567,235,332
S01001042,808,372,436
S01001043,539,237,302
S01001044,789,341,448
S01001045,558,233,325
S01001046,686,329,357
S01001047,771,316,455
S01001048,507,210,297
S01001049,518,270,248
S01001050,827,354,473
S01001051,517,277,240
S01001052,441,229,212
S01001053,653,266,387
S01001054,602,293,309
S01001055,743,435,308
S01001056,589,323,266
S01001057,537,250,287
S01001058,653,362,291
S01001059,479,278,201
S01001060,585,318,267
S01001061,620,294,326
S01001062,483,166,317
S01001063,730,293,437
S01001064,620,319,301
S01001065,645,326,319
S01001066,652,271,381
S01001067,663,269,394
S01001068,766,313,453
S01001069,717,297,420
S01001070,729,311,418
S01001071,578,214,364
S01001072,752,316,436
S01001073,955,393,562
S01001074,415,151,264
S01001075,815,424,391
S01001076,688,303,385
S01001077,775,373,402
S01001078,774,367,407
S01001079,437,184,253
S01001080,601,242,359
S01001081,533,277,256
S01001082,826,432,394
S01001083,691,309,382
S01001084,788,345,443
S01001085,654,331,323
S01001086,579,306,273
S01001087,425,204,221
S01001088,813,426,387
S01001089,805,387,418
S01001090,776,539,237
S01001091,559,451,108
S01001092,930,756,174
S01001093,822,702,120
S01001094,766,336,430
S01001095,1484,1397,87
S01001096,865,764,101
S01001097,591,314,277
S01001098,801,475,326
S01001099,1824,1660,164
S01001100,894,684,210
S01001101,1492,1427,65
S01001102,1335,1264,71
S01001103,584,275,309
S01001104,719,615,104
S01001105,694,258,436
S01001106,782,357,425
S01001107,886,686,200
S01001108,1507,1217,290
S01001109,1573,1429,144
S01001110,691,561,130
S01001111,984,832,152
S01001112,729,482,247
S01001113,980,798,182
S01001114,799,682,117
S01001115,625,467,158
S01001116,651,417,234
S01001117,530,441,89
S01001118,468,261,207
S01001119,869,629,240
S01001120,572,342,230
S01001121,550,431,119
S01001122,631,525,106
S01001123,858,465,393
S01001124,552,339,213
S01001125,301,211,90
S01001126,738,323,415
S01001127,696,457,239
S01001128,562,215,347
S01001129,773,571,202
S01001130,647,442,205
S01001131,417,303,114
S01001132,580,328,252
S01001133,887,529,358
S01001134,727,304,423
S01001135,277,196,81
S01001136,876,717,159
S01001137,943,762,181
S01001138,1209,936,273
S01001139,658,414,244
S01001140,889,674,215
S01001141,434,324,110
S01001142,791,341,450
S01001143,676,289,387
S01001144,566,359,207
S01001145,539,333,206
S01001146,695,275,420
S01001147,684,555,129
S01001148,641,249,392
S01001149,547,345,202
S01001150,575,439,136
S01001151,503,381,122
S01001152,818,573,245
S01001153,626,308,318
S01001154,613,240,373
S01001155,518,217,301
S01001156,664,511,153
S01001157,634,264,370
S01001158,541,332,209
S01001159,658,329,329
S01001160,483,299,184
S01001161,497,277,220
S01001162,725,310,415
S01001163,610,475,135
S01001164,551,382,169
S01001165,677,510,167
S01001166,230,181,49
S01001167,720,292,428
S01001168,674,554,120
S01001169,891,663,228
S01001170,643,510,133
S01001171,495,313,182
S01001172,501,408,93
S01001173,688,437,251
S01001174,528,420,108
S01001175,669,464,205
S01001176,674,374,300
S01001177,742,524,218
S01001178,731,399,332
S01001179,777,289,488
S01001180,633,494,139
S01001181,718,257,461
S01001182,724,487,237
S01001183,733,559,174
S01001184,685,310,375
S01001185,450,150,300
S01001186,583,207,376
S01001187,737,485,252
S01001188,690,568,122
S01001189,846,534,312
S01001190,568,209,359
S01001191,583,444,139
S01001192,851,648,203
S01001193,716,316,400
S01001194,762,304,458
S01001195,811,449,362
S01001196,880,701,179
S01001197,416,271,145
S01001198,576,344,232
S01001199,690,471,219
S01001200,808,599,209
S01001201,540,379,161
S01001202,481,301,180
S01001203,617,431,186
S01001204,642,209,433
S01001205,618,308,310
S01001206,646,483,163
S01001207,615,383,232
S01001208,465,317,148
S01001209,403,200,203
S01001210,676,435,241
S01001211,876,418,458
S01001212,472,358,114
S01001213,799,615,184
S01001214,647,406,241
S01001215,632,314,318
S01001216,720,438,282
S01001217,818,601,217
S01001218,632,259,373
S01001219,684,325,359
S01001220,417,257,160
S01001221,1094,430,664
S01001222,879,609,270
S01001223,608,273,335
S01001224,720,472,248
S01001225,790,332,458
S01001226,348,222,126
S01001227,548,258,290
S01001228,634,285,349
S01001229,611,303,308
S01001230,637,412,225
S01001231,520,293,227
S01001232,1724,656,1068
S01001233,724,502,222
S01001234,384,278,106
S01001235,635,367,268
S01001236,690,414,276
S01001237,469,248,221
S01001238,406,270,136
S01001239,438,338,100
S01001240,612,340,272
S01001241,458,258,200
S01001242,736,368,368
S01001243,834,543,291
S01001244,629,373,256
S01001245,589,395,194
S01001246,808,444,364
S01001247,468,251,217
S01001248,649,320,329
S01001249,522,282,240
S01001250,709,376,333
S01001251,402,270,132
S01001252,448,249,199
S01001253,466,350,116
S01001254,533,292,241
S01001255,638,393,245
S01001256,575,333,242
S01001257,580,362,218
S01001258,459,314,145
S01001259,675,345,330
S01001260,560,425,135
S01001261,676,494,182
S01001262,808,374,434
S01001263,393,204,189
S01001264,1450,675,775
S01001265,450,187,263
S01001266,607,270,337
S01001267,771,474,297
S01001268,558,228,330
S01001269,458,213,245
S01001270,524,304,220
S01001271,558,371,187
S01001272,598,346,252
S01001273,638,365,273
S01001274,588,318,270
S01001275,560,338,222
S01001276,490,201,289
S01001277,642,332,310
S01001278,336,141,195
S01001279,547,317,230
S01001280,475,235,240
S01001281,625,374,251
S01001282,669,305,364
S01001283,442,252,190
S01001284,776,384,392
S01001285,532,277,255
S01001286,376,189,187
S01001287,621,368,253
S01001288,745,418,327
S01001289,592,284,308
S01001290,536,225,311
S01001291,312,164,148
S01001292,593,385,208
S01001293,662,338,324
S01001294,517,302,215
S01001295,704,373,331
S01001296,509,315,194
S01001297,686,391,295
S01001298,709,416,293
S01001299,731,375,356
S01001300,1206,539,667
S01001301,451,252,199
S01001302,669,249,420
S01001303,493,192,301
S01001304,1087,384,703
S01001305,622,351,271
S01001306,576,314,262
S01001307,960,441,519
S01001308,776,491,285
S01001309,527,349,178
S01001310,649,417,232
S01001311,514,264,250
S01001312,613,377,236
S01001313,742,413,329
S01001314,634,260,374
S01001315,868,366,502
S01001316,732,444,288
S01001317,761,388,373
S01001318,462,212,250
S01001319,563,292,271
S01001320,701,425,276
S01001321,481,197,284
S01001322,697,292,405
S01001323,443,246,197
S01001324,702,513,189
S01001325,541,331,210
S01001326,741,383,358
S01001327,643,393,250
S01001328,656,413,243
S01001329,456,275,181
S01001330,724,259,465
S01001331,700,401,299
S01001332,707,407,300
S01001333,699,503,196
S01001334,636,395,241
S01001335,796,481,315
S01001336,705,379,326
S01001337,630,248,382
S01001338,586,360,226
S01001339,619,325,294
S01001340,577,353,224
S01001341,740,485,255
S01001342,795,437,358
S01001343,763,414,349
S01001344,654,283,371
S01001345,543,361,182
S01001346,607,270,337
S01001347,605,223,382
S01001348,561,321,240
S01001349,1164,719,445
S01001350,526,310,216
S01001351,399,217,182
S01001352,690,306,384
S01001353,1031,359,672
S01001354,663,417,246
S01001355,618,273,345
S01001356,573,246,327
S01001357,645,454,191
S01001358,764,390,374
S01001359,620,276,344
S01001360,926,437,489
S01001361,558,314,244
S01001362,488,169,319
S01001363,505,391,114
S01001364,723,403,320
S01001365,510,301,209
S01001366,787,300,487
S01001367,611,329,282
S01001368,960,357,603
S01001369,796,408,388
S01001370,707,337,370
S01001371,620,427,193
S01001372,583,221,362
S01001373,619,326,293
S01001374,439,154,285
S01001375,544,186,358
S01001376,701,525,176
S01001377,649,389,260
S01001378,545,269,276
S01001379,853,453,400
S01001380,689,442,247
S01001381,681,317,364
S01001382,612,482,130
S01001383,475,249,226
S01001384,744,432,312
S01001385,663,465,198
S01001386,747,485,262
S01001387,750,359,391
S01001388,1049,747,302
S01001389,392,202,190
S01001390,621,286,335
S01001391,551,324,227
S01001392,563,424,139
S01001393,451,206,245
S01001394,336,251,85
S01001395,683,368,315
S01001396,622,386,236
S01001397,611,433,178
S01001398,672,255,417
S01001399,655,443,212
S01001400,733,476,257
S01001401,544,352,192
S01001402,703,257,446
S01001403,940,302,638
S01001404,494,184,310
S01001405,920,331,589
S01001406,1942,783,1159
S01001407,708,314,394
S01001408,730,411,319
S01001409,733,336,397
S01001410,850,387,463
S01001411,525,215,310
S01001412,713,427,286
S01001413,706,261,445
S01001414,547,353,194
S01001415,678,452,226
S01001416,561,274,287
S01001417,787,350,437
S01001418,725,260,465
S01001419,590,283,307
S01001420,906,298,608
S01001421,912,377,535
S01001422,573,196,377
S01001423,629,338,291
S01001424,856,567,289
S01001425,1264,644,620
S01001426,695,389,306
S01001427,697,275,422
S01001428,718,424,294
S01001429,524,351,173
S01001430,800,340,460
S01001431,756,306,450
S01001432,540,236,304
S01001433,713,265,448
S01001434,751,320,431
S01001435,862,362,500
S01001436,809,329,480
S01001437,779,301,478
S01001438,492,168,324
S01001439,620,255,365
S01001440,742,324,418
S01001441,676,273,403
S01001442,578,212,366
S01001443,777,308,469
S01001444,761,370,391
S01001445,580,243,337
S01001446,767,269,498
S01001447,1109,485,624
S01001448,645,311,334
S01001449,492,184,308
S01001450,672,294,378
S01001451,560,205,355
S01001452,686,274,412
S01001453,667,233,434
S01001454,777,288,489
S01001455,622,271,351
S01001456,582,232,350
S01001457,763,291,472
S01001458,780,343,437
S01001459,735,220,515
S01001460,543,210,333
S01001461,694,255,439
S01001462,679,243,436
S01001463,457,190,267
S01001464,728,287,441
S01001465,573,201,372
S01001466,586,219,367
S01001467,668,246,422
S01001468,555,202,353
S01001469,699,280,419
S01001470,727,241,486
S01001471,592,209,383
S01001472,676,240,436
S01001473,662,286,376
S01001474,690,317,373
S01001475,507,188,319
S01001476,775,259,516
S01001477,753,283,470
S01001478,556,163,393
S01001479,518,235,283
S01001480,411,146,265
S01001481,715,272,443
S01001482,568,361,207
S01001483,835,245,590
S01001484,668,207,461
S01001485,505,190,315
S01001486,623,235,388
S01001487,542,295,247
S01001488,714,265,449
S01001489,627,316,311
S01001490,815,529,286
S01001491,690,240,450
S01001492,755,466,289
S01001493,750,306,444
S01001494,748,449,299
S01001495,508,162,346
S01001496,758,298,460
S01001497,642,429,213
S01001498,559,197,362
S01001499,861,381,480
S01001500,447,270,177
S01001501,709,240,469
S01001502,712,290,422
S01001503,664,275,389
S01001504,756,457,299
S01001505,850,296,554
S01001506,520,340,180
S01001507,718,239,479
S01001508,725,247,478
S01001509,673,396,277
S01001510,540,299,241
S01001511,488,177,311
S01001512,645,439,206
S01001513,667,521,146
S01001514,648,302,346
S01001515,581,219,362
S01001516,589,340,249
S01001517,755,507,248
S01001518,833,492,341
S01001519,815,309,506
S01001520,568,306,262
S01001521,828,371,457
S01001522,891,525,366
S01001523,599,221,378
S01001524,764,461,303
S01001525,664,330,334
S01001526,531,242,289
S01001527,715,374,341
S01001528,794,281,513
S01001529,600,321,279
S01001530,592,333,259
S01001531,916,518,398
S01001532,480,199,281
S01001533,767,269,498
S01001534,567,188,379
S01001535,712,305,407
S01001536,646,335,311
S01001537,414,247,167
S01001538,653,245,408
S01001539,769,350,419
S01001540,625,227,398
S01001541,710,281,429
S01001542,576,246,330
S01001543,592,273,319
S01001544,771,402,369
S01001545,627,287,340
S01001546,781,502,279
S01001547,771,466,305
S01001548,815,339,476
S01001549,831,391,440
S01001550,642,264,378
S01001551,742,313,429
S01001552,695,361,334
S01001553,747,292,455
S01001554,790,304,486
S01001555,601,335,266
S01001556,691,322,369
S01001557,787,300,487
S01001558,690,325,365
S01001559,340,176,164
S01001560,1318,1089,229
S01001561,1023,474,549
S01001562,1911,852,1059
S01001563,492,218,274
S01001564,457,213,244
S01001565,616,377,239
S01001566,521,224,297
S01001567,783,340,443
S01001568,610,246,364
S01001569,614,286,328
S01001570,390,155,235
S01001571,561,352,209
S01001572,448,205,243
S01001573,526,210,316
S01001574,709,404,305
S01001575,615,361,254
S01001576,510,266,244
S01001577,594,285,309
S01001578,631,320,311
S01001579,668,380,288
S01001580,491,228,263
S01001581,560,242,318
S01001582,584,349,235
S01001583,387,202,185
S01001584,635,344,291
S01001585,769,511,258
S01001586,381,138,243
S01001587,638,393,245
S01001588,596,362,234
S01001589,681,356,325
S01001590,521,291,230
S01001591,506,286,220
S01001592,623,365,258
S01001593,680,404,276
S01001594,735,508,227
S01001595,539,364,175
S01001596,678,352,326
S01001597,722,534,188
S01001598,579,237,342
S01001599,833,603,230
S01001600,887,580,307
S01001601,982,378,604
S01001602,539,246,293
S01001603,857,496,361
S01001604,459,290,169
S01001605,630,275,355
S01001606,501,306,195
S01001607,2070,1001,1069
S01001608,710,335,375
S01001609,708,370,338
S01001610,637,325,312
S01001611,835,330,505
S01001612,689,254,435
S01001613,608,326,282
S01001614,581,355,226
S01001615,650,387,263
S01001616,544,154,390
S01001617,511,286,225
S01001618,778,372,406
S01001619,575,295,280
S01001620,776,417,359
S01001621,565,271,294
S01001622,665,414,251
S01001623,648,341,307
S01001624,819,423,396
S01001625,632,378,254
S01001626,576,293,283
S01001627,1106,587,519
S01001628,453,258,195
S01001629,487,232,255
S01001630,460,301,159
S01001631,1098,534,564
S01001632,447,177,270
S01001633,732,216,516
S01001634,777,297,480
S01001635,620,309,311
S01001636,419,162,257
S01001637,584,243,341
S01001638,744,404,340
S01001639,611,286,325
S01001640,557,170,387
S01001641,1158,412,746
S01001642,787,325,462
S01001643,605,258,347
S01001644,1275,535,740
S01001645,805,452,353
S01001646,493,207,286
S01001647,576,251,325
S01001648,620,300,320
S01001649,628,358,270
S01001650,617,320,297
S01001651,753,362,391
S01001652,637,206,431
S01001653,525,340,185
S01001654,705,236,469
S01001655,470,185,285
S01001656,1097,541,556
S01001657,408,149,259
S01001658,816,335,481
S01001659,563,211,352
S01001660,577,197,380
S01001661,667,260,407
S01001662,593,293,300
S01001663,673,242,431
S01001664,423,142,281
S01001665,754,342,412
S01001666,462,192,270
S01001667,705,311,394
S01001668,724,267,457
S01001669,586,394,192
S01001670,492,204,288
S01001671,424,175,249
S01001672,476,270,206
S01001673,521,231,290
S01001674,582,306,276
S01001675,566,207,359
S01001676,946,344,602
S01001677,687,249,438
S01001678,687,276,411
S01001679,696,252,444
S01001680,504,163,341
S01001681,529,168,361
S01001682,502,216,286
S01001683,618,245,373
S01001684,429,155,274
S01001685,590,305,285
S01001686,727,254,473
S01001687,832,403,429
S01001688,721,365,356
S01001689,567,205,362
S01001690,663,280,383
S01001691,702,224,478
S01001692,508,242,266
S01001693,620,232,388
S01001694,541,274,267
S01001695,628,285,343
S01001696,601,278,323
S01001697,694,306,388
S01001698,421,217,204
S01001699,484,160,324
S01001700,774,239,535
S01001701,746,408,338
S01001702,859,398,461
S01001703,643,278,365
S01001704,765,270,495
S01001705,493,205,288
S01001706,633,225,408
S01001707,617,373,244
S01001708,814,408,406
S01001709,477,240,237
S01001710,553,283,270
S01001711,613,247,366
S01001712,381,175,206
S01001713,685,263,422
S01001714,558,193,365
S01001715,679,211,468
S01001716,710,401,309
S01001717,618,226,392
S01001718,415,176,239
S01001719,614,208,406
S01001720,501,180,321
S01001721,602,261,341
S01001722,584,260,324
S01001723,711,255,456
S01001724,616,355,261
S01001725,614,341,273
S01001726,512,184,328
S01001727,811,358,453
S01001728,489,161,328
S01001729,779,333,446
S01001730,502,152,350
S01001731,542,191,351
S01001732,471,195,276
S01001733,723,366,357
S01001734,434,156,278
S01001735,378,144,234
S01001736,900,278,622
S01001737,476,173,303
S01001738,473,161,312
S01001739,488,203,285
S01001740,608,279,329
S01001741,496,276,220
S01001742,554,343,211
S01001743,753,485,268
S01001744,436,163,273
S01001745,661,283,378
S01001746,799,321,478
S01001747,712,400,312
S01001748,515,178,337
S01001749,622,347,275
S01001750,574,260,314
S01001751,757,414,343
S01001752,762,268,494
S01001753,610,372,238
S01001754,584,192,392
S01001755,839,402,437
S01001756,570,260,310
S01001757,628,305,323
S01001758,627,273,354
S01001759,564,441,123
S01001760,642,354,288
S01001761,603,418,185
S01001762,791,401,390
S01001763,600,178,422
S01001764,413,161,252
S01001765,818,453,365
S01001766,525,216,309
S01001767,479,182,297
S01001768,500,237,263
S01001769,554,244,310
S01001770,470,373,97
S01001771,680,354,326
S01001772,456,277,179
S01001773,780,477,303
S01001774,512,230,282
S01001775,669,276,393
S01001776,533,333,200
S01001777,707,279,428
S01001778,748,467,281
S01001779,463,199,264
S01001780,719,411,308
S01001781,536,201,335
S01001782,807,330,477
S01001783,421,298,123
S01001784,495,247,248
S01001785,538,214,324
S01001786,493,214,279
S01001787,501,168,333
S01001788,678,264,414
S01001789,560,338,222
S01001790,584,229,355
S01001791,586,184,402
S01001792,562,223,339
S01001793,690,311,379
S01001794,732,277,455
S01001795,363,150,213
S01001796,698,199,499
S01001797,561,292,269
S01001798,701,187,514
S01001799,765,476,289
S01001800,751,281,470
S01001801,788,231,557
S01001802,653,341,312
S01001803,817,364,453
S01001804,801,387,414
S01001805,599,292,307
S01001806,555,232,323
S01001807,707,253,454
S01001808,460,232,228
S01001809,796,592,204
S01001810,745,335,410
S01001811,570,177,393
S01001812,689,203,486
S01001813,597,226,371
S01001814,576,209,367
S01001815,698,261,437
S01001816,848,259,589
S01001817,550,320,230
S01001818,650,217,433
S01001819,808,238,570
S01001820,590,408,182
S01001821,372,85,287
S01001822,873,442,431
S01001823,682,450,232
S01001824,617,304,313
S01001825,660,276,384
S01001826,489,369,120
S01001827,652,396,256
S01001828,551,203,348
S01001829,606,331,275
S01001830,721,235,486
S01001831,623,353,270
S01001832,554,318,236
S01001833,928,333,595
S01001834,527,332,195
S01001835,513,210,303
S01001836,723,312,411
S01001837,744,285,459
S01001838,528,294,234
S01001839,712,480,232
S01001840,590,192,398
S01001841,540,295,245
S01001842,624,293,331
S01001843,570,395,175
S01001844,2308,1781,527
S01001845,603,178,425
S01001846,676,221,455
S01001847,721,450,271
S01001848,619,415,204
S01001849,486,160,326
S01001850,595,359,236
S01001851,700,285,415
S01001852,652,223,429
S01001853,616,216,400
S01001854,785,315,470
S01001855,644,274,370
S01001856,653,444,209
S01001857,564,307,257
S01001858,787,379,408
S01001859,817,476,341
S01001860,810,346,464
S01001861,663,470,193
S01001862,661,220,441
S01001863,685,232,453
S01001864,1023,726,297
S01001865,505,381,124
S01001866,556,172,384
S01001867,574,323,251
S01001868,677,304,373
S01001869,725,341,384
S01001870,719,523,196
S01001871,1398,682,716
S01001872,735,391,344
S01001873,659,242,417
S01001874,821,564,257
S01001875,706,183,523
S01001876,837,534,303
S01001877,688,495,193
S01001878,868,264,604
S01001879,517,429,88
S01001880,606,447,159
S01001881,637,236,401
S01001882,627,326,301
S01001883,434,157,277
S01001884,771,489,282
S01001885,977,340,637
S01001886,486,377,109
S01001887,670,324,346
S01001888,709,241,468
S01001889,466,223,243
S01001890,779,463,316
S01001891,595,367,228
S01001892,775,570,205
S01001893,806,596,210
S01001894,567,451,116
S01001895,685,411,274
S01001896,625,245,380
S01001897,708,550,158
S01001898,534,377,157
S01001899,639,311,328
S01001900,628,316,312
S01001901,757,348,409
S01001902,744,353,391
S01001903,469,299,170
S01001904,531,323,208
S01001905,733,369,364
S01001906,535,357,178
S01001907,665,409,256
S01001908,802,400,402
S01001909,552,408,144
S01001910,596,351,245
S01001911,563,238,325
S01001912,610,350,260
S01001913,798,371,427
S01001914,464,176,288
S01001915,755,315,440
S01001916,789,577,212
S01001917,581,219,362
S01001918,827,662,165
S01001919,695,393,302
S01001920,612,403,209
S01001921,522,310,212
S01001922,657,254,403
S01001923,480,258,222
S01001924,621,325,296
S01001925,622,206,416
S01001926,529,310,219
S01001927,800,396,404
S01001928,865,665,200
S01001929,862,429,433
S01001930,712,566,146
S01001931,586,365,221
S01001932,1408,972,436
S01001933,682,272,410
S01001934,1353,931,422
S01001935,733,575,158
S01001936,959,527,432
S01001937,777,435,342
S01001938,551,372,179
S01001939,503,392,111
S01001940,677,354,323
S01001941,881,445,436
S01001942,492,343,149
S01001943,541,327,214
S01001944,670,333,337
S01001945,637,328,309
S01001946,626,445,181
S01001947,785,398,387
S01001948,604,448,156
S01001949,550,356,194
S01001950,795,570,225
S01001951,818,555,263
S01001952,607,271,336
S01001953,749,450,299
S01001954,382,173,209
S01001955,940,677,263
S01001956,546,331,215
S01001957,395,278,117
S01001958,746,533,213
S01001959,483,242,241
S01001960,806,481,325
S01001961,950,581,369
S01001962,738,419,319
S01001963,826,626,200
S01001964,643,383,260
S01001965,660,456,204
S01001966,1253,866,387
S01001967,529,402,127
S01001968,760,474,286
S01001969,544,306,238
S01001970,513,192,321
S01001971,666,475,191
S01001972,599,362,237
S01001973,585,325,260
S01001974,746,460,286
S01001975,734,439,295
S01001976,746,535,211
S01001977,706,495,211
S01001978,1024,702,322
S01001979,608,371,237
S01001980,751,557,194
S01001981,830,593,237
S01001982,304,226,78
S01001983,629,474,155
S01001984,814,673,141
S01001985,609,340,269
S01001986,604,498,106
S01001987,754,629,125
S01001988,622,332,290
S01001989,740,314,426
S01001990,858,598,260
S01001991,620,362,258
S01001992,665,320,345
S01001993,612,350,262
S01001994,801,581,220
S01001995,557,343,214
S01001996,784,666,118
S01001997,693,482,211
S01001998,573,339,234
S01001999,681,604,77
S01002000,637,354,283
S01002001,754,605,149
S01002002,676,575,101
S01002003,696,370,326
S01002004,739,525,214
S01002005,680,474,206
S01002006,678,309,369
S01002007,929,763,166
S01002008,830,607,223
S01002009,780,591,189
S01002010,493,414,79
S01002011,863,399,464
S01002012,730,542,188
S01002013,693,480,213
S01002014,782,643,139
S01002015,710,264,446
S01002016,548,429,119
S01002017,928,641,287
S01002018,661,240,421
S01002019,766,647,119
S01002020,549,524,25
S01002021,853,550,303
S01002022,780,376,404
S01002023,699,550,149
S01002024,608,411,197
S01002025,869,724,145
S01002026,563,211,352
S01002027,1137,1040,97
S01002028,2471,2334,137
S01002029,710,595,115
S01002030,703,595,108
S01002031,598,448,150
S01002032,706,554,152
S01002033,732,609,123
S01002034,725,627,98
S01002035,611,285,326
S01002036,850,695,155
S01002037,643,550,93
S01002038,468,370,98
S01002039,558,250,308
S01002040,572,472,100
S01002041,795,578,217
S01002042,833,460,373
S01002043,618,349,269
S01002044,470,350,120
S01002045,928,577,351
S01002046,548,477,71
S01002047,775,582,193
S01002048,844,764,80
S01002049,1069,923,146
S01002050,606,246,360
S01002051,648,397,251
S01002052,818,680,138
S01002053,941,835,106
S01002054,608,508,100
S01002055,782,361,421
S01002056,778,418,360
S01002057,783,347,436
S01002058,1018,910,108
S01002059,640,521,119
S01002060,738,694,44
S01002061,671,558,113
S01002062,485,307,178
S01002063,1113,968,145
S01002064,1025,849,176
S01002065,922,792,130
S01002066,990,800,190
S01002067,728,380,348
S01002068,887,722,165
S01002069,533,299,234
S01002070,619,516,103
S01002071,654,565,89
S01002072,941,467,474
S01002073,606,494,112
S01002074,577,231,346
S01002075,846,627,219
S01002076,817,722,95
S01002077,670,248,422
S01002078,880,429,451
S01002079,994,872,122
S01002080,806,288,518
S01002081,690,578,112
S01002082,774,520,254
S01002083,468,302,166
S01002084,754,586,168
S01002085,727,683,44
S01002086,600,520,80
S01002087,1003,895,108
S01002088,780,346,434
S01002089,838,344,494
S01002090,903,387,516
S01002091,784,696,88
S01002092,855,396,459
S01002093,948,845,103
S01002094,607,359,248
S01002095,518,258,260
S01002096,1109,390,719
S01002097,648,222,426
S01002098,634,321,313
S01002099,767,526,241
S01002100,467,233,234
S01002101,960,765,195
S01002102,514,382,132
S01002103,530,230,300
S01002104,1300,1145,155
S01002105,761,318,443
S01002106,929,852,77
S01002107,420,191,229
S01002108,1163,1070,93
S01002109,877,752,125
S01002110,588,295,293
S01002111,848,286,562
S01002112,882,419,463
S01002113,628,204,424
S01002114,568,189,379
S01002115,973,671,302
S01002116,668,366,302
S01002117,691,579,112
S01002118,1132,1051,81
S01002119,483,328,155
S01002120,601,290,311
S01002121,552,287,265
S01002122,790,298,492
S01002123,824,272,552
S01002124,822,350,472
S01002125,910,515,395
S01002126,496,188,308
S01002127,558,289,269
S01002128,728,555,173
S01002129,975,821,154
S01002130,465,191,274
S01002131,791,707,84
S01002132,685,403,282
S01002133,937,596,341
S01002134,483,170,313
S01002135,688,204,484
S01002136,697,419,278
S01002137,719,346,373
S01002138,605,397,208
S01002139,550,255,295
S01002140,663,465,198
S01002141,579,344,235
S01002142,897,349,548
S01002143,649,338,311
S01002144,590,202,388
S01002145,884,469,415
S01002146,898,654,244
S01002147,752,423,329
S01002148,680,216,464
S01002149,868,607,261
S01002150,578,366,212
S01002151,1432,1110,322
S01002152,712,412,300
S01002153,421,197,224
S01002154,708,471,237
S01002155,797,583,214
S01002156,663,470,193
S01002157,639,297,342
S01002158,697,366,331
S01002159,642,420,222
S01002160,806,644,162
S01002161,739,609,130
S01002162,809,413,396
S01002163,989,808,181
S01002164,637,378,259
S01002165,727,405,322
S01002166,739,484,255
S01002167,504,277,227
S01002168,952,709,243
S01002169,744,525,219
S01002170,747,465,282
S01002171,520,258,262
S01002172,611,225,386
S01002173,837,478,359
S01002174,806,604,202
S01002175,910,704,206
S01002176,657,286,371
S01002177,711,481,230
S01002178,828,627,201
S01002179,567,194,373
S01002180,537,409,128
S01002181,716,457,259
S01002182,711,499,212
S01002183,805,637,168
S01002184,628,217,411
S01002185,815,619,196
S01002186,654,503,151
S01002187,846,614,232
S01002188,643,311,332
S01002189,614,462,152
S01002190,794,601,193
S01002191,664,512,152
S01002192,734,396,338
S01002193,724,233,491
S01002194,662,367,295
S01002195,1041,797,244
S01002196,527,257,270
S01002197,656,509,147
S01002198,742,570,172
S01002199,741,561,180
S01002200,819,279,540
S01002201,985,720,265
S01002202,795,611,184
S01002203,436,361,75
S01002204,624,463,161
S01002205,641,416,225
S01002206,919,704,215
S01002207,663,278,385
S01002208,607,454,153
S01002209,870,663,207
S01002210,499,334,165
S01002211,539,408,131
S01002212,1001,776,225
S01002213,635,292,343
S01002214,693,500,193
S01002215,922,425,497
S01002216,1535,1205,330
S01002217,1197,967,230
S01002218,507,372,135
S01002219,551,219,332
S01002220,630,193,437
S01002221,892,715,177
S01002222,689,202,487
S01002223,599,220,379
S01002224,769,271,498
S01002225,912,723,189
S01002226,934,597,337
S01002227,694,493,201
S01002228,841,331,510
S01002229,597,213,384
S01002230,918,579,339
S01002231,880,669,211
S01002232,685,368,317
S01002233,862,685,177
S01002234,724,559,165
S01002235,933,658,275
S01002236,789,470,319
S01002237,1126,622,504
S01002238,464,330,134
S01002239,763,556,207
S01002240,828,601,227
S01002241,831,533,298
S01002242,625,258,367
S01002243,732,519,213
S01002244,825,613,212
S01002245,1908,1410,498
S01002246,888,703,185
S01002247,669,472,197
S01002248,977,519,458
S01002249,887,665,222
S01002250,766,413,353
S01002251,653,220,433
S01002252,655,335,320
S01002253,811,446,365
S01002254,806,639,167
S01002255,1545,1142,403
S01002256,1001,604,397
S01002257,586,293,293
S01002258,740,564,176
S01002259,462,268,194
S01002260,679,240,439
S01002261,863,398,465
S01002262,666,278,388
S01002263,688,222,466
S01002264,688,392,296
S01002265,1288,877,411
S01002266,659,514,145
S01002267,810,556,254
S01002268,583,216,367
S01002269,863,521,342
S01002270,1540,1177,363
S01002271,695,351,344
S01002272,641,419,222
S01002273,685,485,200
S01002274,1131,857,274
S01002275,1099,714,385
S01002276,672,201,471
S01002277,717,449,268
S01002278,843,613,230
S01002279,1053,780,273
S01002280,640,278,362
S01002281,472,335,137
S01002282,211,157,54
S01002283,564,247,317
S01002284,1675,1054,621
S01002285,850,666,184
S01002286,646,411,235
S01002287,561,283,278
S01002288,1177,893,284
S01002289,1084,773,311
S01002290,872,698,174
S01002291,631,529,102
S01002292,962,738,224
S01002293,639,338,301
S01002294,556,246,310
S01002295,581,281,300
S01002297,739,387,352
S01002298,550,263,287
S01002299,659,268,391
S01002300,658,278,380
S01002301,1634,1021,613
S01002302,704,458,246
S01002303,648,426,222
S01002304,1546,1138,408
S01002305,755,604,151
S01002306,412,267,145
S01002307,999,794,205
S01002308,833,459,374
S01002309,611,433,178
S01002310,949,741,208
S01002311,659,214,445
S01002312,562,445,117
S01002313,585,248,337
S01002314,751,409,342
S01002315,463,225,238
S01002316,570,213,357
S01002317,3230,2292,938
S01002318,789,593,196
S01002319,906,628,278
S01002320,512,244,268
S01002321,827,611,216
S01002322,589,377,212
S01002323,669,388,281
S01002324,589,398,191
S01002325,1576,1064,512
S01002326,908,655,253
S01002327,657,261,396
S01002328,590,280,310
S01002329,534,239,295
S01002330,602,292,310
S01002331,552,296,256
S01002332,692,269,423
S01002333,609,224,385
S01002334,751,285,466
S01002335,780,348,432
S01002336,820,332,488
S01002337,739,279,460
S01002338,381,274,107
S01002339,497,300,197
S01002340,511,271,240
S01002341,436,211,225
S01002342,499,265,234
S01002343,601,301,300
S01002344,421,200,221
S01002345,635,337,298
S01002346,788,435,353
S01002347,634,315,319
S01002348,810,380,430
S01002349,844,438,406
S01002350,761,378,383
S01002351,670,324,346
S01002352,770,392,378
S01002353,686,281,405
S01002354,710,316,394
S01002355,724,433,291
S01002356,765,506,259
S01002357,547,323,224
S01002358,430,207,223
S01002359,749,435,314
S01002360,560,376,184
S01002361,556,301,255
S01002362,648,285,363
S01002363,868,400,468
S01002364,535,334,201
S01002365,502,217,285
S01002366,705,346,359
S01002367,814,388,426
S01002368,760,332,428
S01002369,529,269,260
S01002370,611,306,305
S01002371,558,236,322
S01002372,656,327,329
S01002373,559,259,300
S01002374,657,316,341
S01002375,696,354,342
S01002376,713,357,356
S01002377,693,354,339
S01002378,418,166,252
S01002379,931,454,477
S01002380,656,307,349
S01002381,685,346,339
S01002382,485,272,213
S01002383,402,130,272
S01002384,423,230,193
S01002385,610,320,290
S01002386,808,353,455
S01002387,576,238,338
S01002388,598,235,363
S01002389,589,188,401
S01002390,892,304,588
S01002391,1131,344,787
S01002392,1413,508,905
S01002393,794,284,510
S01002394,648,285,363
S01002395,612,246,366
S01002396,584,291,293
S01002397,1482,875,607
S01002398,686,245,441
S01002399,805,419,386
S01002400,689,303,386
S01002401,853,277,576
S01002402,648,366,282
S01002403,568,351,217
S01002404,825,346,479
S01002405,610,259,351
S01002406,746,465,281
S01002407,539,246,293
S01002408,683,348,335
S01002409,593,313,280
S01002410,426,159,267
S01002411,1965,756,1209
S01002412,768,344,424
S01002413,502,276,226
S01002414,488,319,169
S01002415,582,324,258
S01002416,472,166,306
S01002417,540,217,323
S01002418,755,391,364
S01002419,458,145,313
S01002420,539,297,242
S01002421,694,212,482
S01002422,461,186,275
S01002423,766,435,331
S01002424,684,341,343
S01002425,730,347,383
S01002426,625,441,184
S01002427,717,328,389
S01002428,453,219,234
S01002429,745,467,278
S01002430,548,279,269
S01002431,677,339,338
S01002432,1189,521,668
S01002433,465,274,191
S01002434,761,401,360
S01002435,529,304,225
S01002436,689,413,276
S01002437,682,342,340
S01002438,529,288,241
S01002439,630,314,316
S01002440,702,428,274
S01002441,562,225,337
S01002442,420,256,164
S01002443,548,312,236
S01002444,399,289,110
S01002445,758,461,297
S01002446,852,446,406
S01002447,549,289,260
S01002448,410,217,193
S01002449,494,166,328
S01002450,643,449,194
S01002451,770,354,416
S01002452,414,231,183
S01002453,589,235,354
S01002454,633,246,387
S01002455,462,189,273
S01002456,849,510,339
S01002457,598,310,288
S01002458,740,446,294
S01002459,456,329,127
S01002460,673,434,239
S01002461,359,122,237
S01002462,616,395,221
S01002463,721,459,262
S01002464,460,243,217
S01002465,584,225,359
S01002466,822,420,402
S01002467,440,263,177
S01002468,583,365,218
S01002469,523,250,273
S01002470,678,372,306
S01002471,463,224,239
S01002472,466,340,126
S01002473,759,442,317
S01002474,350,258,92
S01002475,446,246,200
S01002476,712,334,378
S01002477,687,343,344
S01002478,732,391,341
S01002479,591,366,225
S01002480,458,250,208
S01002481,775,417,358
S01002482,781,532,249
S01002483,541,433,108
S01002484,655,394,261
S01002485,711,305,406
S01002486,459,308,151
S01002487,388,211,177
S01002488,543,372,171
S01002489,501,345,156
S01002490,488,248,240
S01002491,399,214,185
S01002492,763,292,471
S01002493,764,382,382
S01002494,525,221,304
S01002495,519,318,201
S01002496,1037,529,508
S01002497,719,519,200
S01002498,525,183,342
S01002499,796,476,320
S01002500,480,309,171
S01002501,412,147,265
S01002502,656,386,270
S01002503,598,329,269
S01002504,1130,504,626
S01002505,626,372,254
S01002506,650,305,345
S01002507,529,314,215
S01002508,750,353,397
S01002509,965,548,417
S01002510,810,390,420
S01002511,419,180,239
S01002512,549,391,158
S01002513,1299,604,695
S01002514,462,318,144
S01002515,499,308,191
S01002516,664,313,351
S01002517,473,268,205
S01002518,828,352,476
S01002519,687,492,195
S01002520,461,319,142
S01002521,486,244,242
S01002522,614,253,361
S01002523,576,157,419
S01002524,491,312,179
S01002525,544,358,186
S01002526,426,139,287
S01002527,633,292,341
S01002528,693,298,395
S01002529,890,519,371
S01002530,538,297,241
S01002531,690,377,313
S01002532,594,317,277
S01002533,600,379,221
S01002534,763,399,364
S01002535,700,339,361
S01002536,463,313,150
S01002537,432,249,183
S01002538,790,370,420
S01002539,651,436,215
S01002540,461,318,143
S01002541,1478,662,816
S01002542,544,280,264
S01002543,424,314,110
S01002544,671,366,305
S01002545,674,371,303
S01002546,639,322,317
S01002547,615,274,341
S01002548,872,411,461
S01002549,487,181,306
S01002550,405,145,260
S01002551,457,244,213
S01002552,480,246,234
S01002553,662,350,312
S01002554,471,166,305
S01002555,626,301,325
S01002556,600,311,289
S01002557,650,338,312
S01002558,444,245,199
S01002559,542,224,318
S01002560,477,245,232
S01002561,600,364,236
S01002562,499,230,269
S01002563,838,316,522
S01002564,470,153,317
S01002565,698,345,353
S01002566,569,182,387
S01002567,1811,711,1100
S01002568,676,325,351
S01002569,1117,489,628
S01002570,514,239,275
S01002571,608,294,314
S01002572,466,193,273
S01002573,413,198,215
S01002574,686,464,222
S01002575,1016,675,341
S01002576,597,239,358
S01002577,739,499,240
S01002578,613,184,429
S01002579,792,409,383
S01002580,605,350,255
S01002581,558,184,374
S01002582,599,323,276
S01002583,741,410,331
S01002584,1159,548,611
S01002585,735,347,388
S01002586,427,186,241
S01002587,561,255,306
S01002588,596,228,368
S01002589,627,200,427
S01002590,581,166,415
S01002591,479,259,220
S01002592,745,424,321
S01002593,631,343,288
S01002594,513,207,306
S01002595,546,293,253
S01002596,577,190,387
S01002597,428,227,201
S01002598,810,447,363
S01002599,438,225,213
S01002600,749,253,496
S01002601,513,288,225
S01002602,427,218,209
S01002603,578,382,196
S01002604,781,262,519
S01002605,485,260,225
S01002606,445,223,222
S01002607,686,350,336
S01002608,419,173,246
S01002609,628,345,283
S01002610,737,370,367
S01002611,694,333,361
S01002612,700,279,421
S01002613,717,275,442
S01002614,716,318,398
S01002615,356,157,199
S01002616,506,163,343
S01002617,761,413,348
S01002618,650,461,189
S01002619,651,277,374
S01002620,718,414,304
S01002621,503,168,335
S01002622,6106,2336,3770
S01002623,1243,490,753
S01002624,587,195,392
S01002625,734,278,456
S01002626,570,306,264
S01002627,810,304,506
S01002628,650,260,390
S01002629,704,326,378
S01002630,568,322,246
S01002631,653,272,381
S01002632,453,254,199
S01002633,742,378,364
S01002634,656,263,393
S01002635,493,186,307
S01002636,489,247,242
S01002637,609,355,254
S01002638,564,363,201
S01002639,804,339,465
S01002640,582,231,351
S01002641,705,297,408
S01002642,542,307,235
S01002643,460,297,163
S01002644,560,233,327
S01002645,530,283,247
S01002646,578,395,183
S01002647,698,426,272
S01002648,930,360,570
S01002649,483,293,190
S01002650,538,175,363
S01002651,495,286,209
S01002652,541,215,326
S01002653,589,363,226
S01002654,638,368,270
S01002655,638,445,193
S01002656,626,428,198
S01002657,692,349,343
S01002658,1061,725,336
S01002659,762,302,460
S01002660,634,347,287
S01002661,715,395,320
S01002662,1077,465,612
S01002663,621,278,343
S01002664,710,252,458
S01002665,659,284,375
S01002666,1069,459,610
S01002667,511,329,182
S01002668,400,178,222
S01002669,811,488,323
S01002670,500,171,329
S01002671,900,609,291
S01002672,518,362,156
S01002673,444,307,137
S01002674,671,361,310
S01002675,776,268,508
S01002676,666,309,357
S01002677,834,636,198
S01002678,750,282,468
S01002679,845,596,249
S01002680,897,606,291
S01002681,599,300,299
S01002682,445,264,181
S01002683,516,217,299
S01002684,652,407,245
S01002685,690,514,176
S01002686,1312,490,822
S01002687,975,427,548
S01002688,530,188,342
S01002689,675,242,433
S01002690,486,179,307
S01002691,1146,517,629
S01002692,665,294,371
S01002693,426,163,263
S01002694,552,287,265
S01002695,522,221,301
S01002696,583,330,253
S01002697,756,289,467
S01002698,666,337,329
S01002699,425,243,182
S01002700,671,389,282
S01002701,744,278,466
S01002702,501,330,171
S01002703,1039,502,537
S01002704,557,296,261
S01002705,581,319,262
S01002706,685,421,264
S01002707,698,395,303
S01002708,774,381,393
S01002709,739,505,234
S01002710,673,257,416
S01002711,693,371,322
S01002712,557,287,270
S01002713,595,396,199
S01002714,730,466,264
S01002715,712,406,306
S01002716,445,132,313
S01002717,720,344,376
S01002718,655,427,228
S01002719,613,305,308
S01002720,626,205,421
S01002721,673,400,273
S01002722,750,482,268
S01002723,594,329,265
S01002724,683,420,263
S01002725,745,378,367
S01002726,629,328,301
S01002727,743,271,472
S01002728,789,460,329
S01002729,727,295,432
S01002730,736,511,225
S01002731,654,357,297
S01002732,566,375,191
S01002733,569,249,320
S01002734,935,532,403
S01002735,1067,710,357
S01002736,559,239,320
S01002737,614,397,217
S01002738,536,245,291
S01002739,656,243,413
S01002740,440,155,285
S01002741,801,528,273
S01002742,668,365,303
S01002743,531,327,204
S01002744,497,202,295
S01002745,479,343,136
S01002746,665,306,359
S01002747,447,282,165
S01002748,573,405,168
S01002749,527,345,182
S01002750,710,404,306
S01002751,797,480,317
S01002752,426,213,213
S01002753,554,179,375
S01002754,505,235,270
S01002755,595,431,164
S01002756,671,474,197
S01002757,487,230,257
S01002758,570,335,235
S01002759,758,409,349
S01002760,421,249,172
S01002761,653,454,199
S01002762,494,310,184
S01002763,668,375,293
S01002764,482,302,180
S01002765,651,482,169
S01002766,716,486,230
S01002767,808,400,408
S01002768,660,342,318
S01002769,591,327,264
S01002770,451,254,197
S01002771,570,357,213
S01002772,837,395,442
S01002773,738,363,375
S01002774,634,418,216
S01002775,570,342,228
S01002776,765,406,359
S01002777,877,512,365
S01002778,624,456,168
S01002779,486,378,108
S01002780,676,433,243
S01002781,758,376,382
S01002782,706,384,322
S01002783,1171,601,570
S01002784,417,242,175
S01002785,553,318,235
S01002786,672,225,447
S01002787,571,260,311
S01002788,659,259,400
S01002789,602,232,370
S01002790,655,415,240
S01002791,477,321,156
S01002792,1581,711,870
S01002793,590,371,219
S01002794,769,370,399
S01002795,526,216,310
S01002796,511,224,287
S01002797,632,225,407
S01002798,458,250,208
S01002799,504,326,178
S01002800,584,206,378
S01002801,734,392,342
S01002802,487,166,321
S01002803,675,356,319
S01002804,459,266,193
S01002805,721,389,332
S01002806,1864,779,1085
S01002807,566,342,224
S01002808,634,411,223
S01002809,553,296,257
S01002810,788,409,379
S01002811,846,420,426
S01002812,506,226,280
S01002813,604,359,245
S01002814,732,362,370
S01002815,590,346,244
S01002816,522,287,235
S01002817,444,244,200
S01002818,502,265,237
S01002819,585,384,201
S01002820,632,378,254
S01002821,927,535,392
S01002822,626,372,254
S01002823,587,423,164
S01002824,677,352,325
S01002825,655,386,269
S01002826,410,235,175
S01002827,550,307,243
S01002828,706,360,346
S01002829,662,407,255
S01002830,520,299,221
S01002831,888,436,452
S01002832,613,310,303
S01002833,890,316,574
S01002834,663,358,305
S01002835,569,314,255
S01002836,429,230,199
S01002837,498,345,153
S01002838,466,258,208
S01002839,538,329,209
S01002840,589,299,290
S01002841,915,345,570
S01002842,452,322,130
S01002843,621,355,266
S01002844,486,208,278
S01002845,704,431,273
S01002846,886,382,504
S01002847,732,376,356
S01002848,623,342,281
S01002849,775,393,382
S01002850,706,372,334
S01002851,405,177,228
S01002852,762,437,325
S01002853,349,227,122
S01002854,656,354,302
S01002855,452,277,175
S01002856,594,439,155
S01002857,445,165,280
S01002858,534,258,276
S01002859,632,383,249
S01002860,816,407,409
S01002861,715,410,305
S01002862,457,246,211
S01002863,580,319,261
S01002864,469,274,195
S01002865,744,380,364
S01002866,842,535,307
S01002867,415,193,222
S01002868,585,340,245
S01002869,449,238,211
S01002870,776,336,440
S01002871,527,275,252
S01002872,572,361,211
S01002873,584,330,254
S01002874,605,363,242
S01002875,423,269,154
S01002876,540,366,174
S01002877,594,372,222
S01002878,421,208,213
S01002879,666,327,339
S01002880,434,170,264
S01002881,782,493,289
S01002882,684,447,237
S01002883,897,501,396
S01002884,643,340,303
S01002885,1016,402,614
S01002886,661,320,341
S01002887,471,245,226
S01002888,412,180,232
S01002889,682,429,253
S01002890,513,306,207
S01002891,612,329,283
S01002892,532,294,238
S01002893,898,474,424
S01002894,694,301,393
S01002895,512,342,170
S01002896,566,264,302
S01002897,512,354,158
S01002898,835,420,415
S01002899,445,129,316
S01002900,526,339,187
S01002901,651,337,314
S01002902,618,324,294
S01002903,701,473,228
S01002904,569,265,304
S01002905,633,345,288
S01002906,644,376,268
S01002907,489,282,207
S01002908,692,250,442
S01002909,657,298,359
S01002910,845,428,417
S01002911,686,391,295
S01002912,1135,408,727
S01002913,658,240,418
S01002914,511,343,168
S01002915,723,405,318
S01002916,613,378,235
S01002917,512,203,309
S01002918,644,299,345
S01002919,633,397,236
S01002920,485,237,248
S01002921,530,271,259
S01002922,415,198,217
S01002923,509,263,246
S01002924,551,257,294
S01002925,1172,560,612
S01002926,589,352,237
S01002927,644,340,304
S01002928,445,153,292
S01002929,567,280,287
S01002930,471,172,299
S01002931,701,339,362
S01002932,553,214,339
S01002933,693,314,379
S01002934,706,411,295
S01002935,748,356,392
S01002936,614,187,427
S01002937,404,202,202
S01002938,659,360,299
S01002939,464,157,307
S01002940,519,217,302
S01002941,790,337,453
S01002942,349,159,190
S01002943,542,218,324
S01002944,944,438,506
S01002945,491,206,285
S01002946,918,349,569
S01002947,524,261,263
S01002948,651,306,345
S01002949,441,189,252
S01002950,634,286,348
S01002951,802,355,447
S01002952,485,234,251
S01002953,775,371,404
S01002954,659,271,388
S01002955,919,400,519
S01002956,640,284,356
S01002957,748,312,436
S01002958,486,188,298
S01002959,793,317,476
S01002960,521,185,336
S01002961,674,330,344
S01002962,523,253,270
S01002963,650,313,337
S01002964,564,278,286
S01002965,734,284,450
S01002966,592,327,265
S01002967,728,295,433
S01002968,1185,585,600
S01002969,874,337,537
S01002970,505,190,315
S01002971,1024,413,611
S01002972,923,568,355
S01002973,759,396,363
S01002974,840,308,532
S01002975,519,343,176
S01002976,706,485,221
S01002977,593,341,252
S01002978,918,368,550
S01002979,572,251,321
S01002980,647,386,261
S01002981,640,260,380
S01002982,554,201,353
S01002983,711,440,271
S01002984,651,307,344
S01002985,530,224,306
S01002986,626,427,199
S01002987,905,719,186
S01002988,589,244,345
S01002989,891,702,189
S01002990,659,564,95
S01002991,1133,705,428
S01002992,745,506,239
S01002993,590,255,335
S01002994,1078,937,141
S01002995,564,510,54
S01002996,2635,2492,143
S01002997,756,659,97
S01002998,667,345,322
S01002999,1026,930,96
S01003000,565,236,329
S01003001,509,233,276
S01003002,752,404,348
S01003003,484,212,272
S01003004,371,187,184
S01003005,457,168,289
S01003006,871,301,570
S01003007,636,200,436
S01003008,704,424,280
S01003009,447,244,203
S01003010,594,225,369
S01003011,572,203,369
S01003012,795,286,509
S01003013,535,178,357
S01003014,539,166,373
S01003015,622,244,378
S01003016,378,147,231
S01003017,602,286,316
S01003018,720,391,329
S01003019,680,397,283
S01003020,560,301,259
S01003021,547,254,293
S01003022,815,361,454
S01003023,588,200,388
S01003024,558,327,231
S01003025,700,315,385
S01003026,680,391,289
S01003027,860,428,432
S01003028,629,501,128
S01003029,860,555,305
S01003030,1033,664,369
S01003032,516,390,126
S01003033,385,297,88
S01003034,741,384,357
S01003035,773,573,200
S01003036,813,653,160
S01003037,1520,604,916
S01003038,671,270,401
S01003039,682,454,228
S01003040,747,512,235
S01003041,562,233,329
S01003042,467,370,97
S01003043,426,355,71
S01003044,1073,824,249
S01003045,734,503,231
S01003046,580,401,179
S01003047,733,577,156
S01003048,447,336,111
S01003049,446,332,114
S01003050,613,248,365
S01003051,873,553,320
S01003052,573,422,151
S01003053,767,432,335
S01003054,670,439,231
S01003055,671,468,203
S01003056,683,514,169
S01003057,553,332,221
S01003058,976,592,384
S01003059,758,369,389
S01003060,767,522,245
S01003061,645,253,392
S01003062,687,380,307
S01003063,625,383,242
S01003064,678,494,184
S01003065,888,645,243
S01003066,665,282,383
S01003067,523,235,288
S01003068,700,335,365
S01003069,470,283,187
S01003070,658,407,251
S01003071,556,242,314
S01003072,836,590,246
S01003073,532,318,214
S01003074,593,238,355
S01003075,572,341,231
S01003076,687,571,116
S01003077,790,587,203
S01003078,580,350,230
S01003079,743,345,398
S01003080,659,390,269
S01003081,754,304,450
S01003082,841,559,282
S01003083,953,715,238
S01003084,711,471,240
S01003085,807,367,440
S01003086,511,213,298
S01003087,535,329,206
S01003088,901,679,222
S01003089,596,267,329
S01003090,617,378,239
S01003091,470,283,187
S01003092,672,421,251
S01003093,809,548,261
S01003094,854,496,358
S01003095,615,208,407
S01003096,575,269,306
S01003097,220,151,69
S01003098,1095,903,192
S01003099,426,304,122
S01003100,667,435,232
S01003101,432,314,118
S01003102,597,258,339
S01003103,617,260,357
S01003104,818,592,226
S01003105,617,349,268
S01003106,599,277,322
S01003107,591,414,177
S01003108,682,544,138
S01003109,747,319,428
S01003110,611,230,381
S01003111,682,494,188
S01003112,805,405,400
S01003113,571,255,316
S01003114,685,346,339
S01003115,864,515,349
S01003116,810,637,173
S01003117,684,495,189
S01003118,401,288,113
S01003119,491,290,201
S01003120,1185,518,667
S01003121,700,507,193
S01003122,611,364,247
S01003123,761,413,348
S01003124,741,571,170
S01003125,758,559,199
S01003126,149,119,30
S01003127,644,365,279
S01003128,703,573,130
S01003129,1019,742,277
S01003130,698,476,222
S01003131,741,541,200
S01003132,651,497,154
S01003133,1186,708,478
S01003134,606,452,154
S01003135,627,427,200
S01003136,840,589,251
S01003137,660,467,193
S01003138,921,719,202
S01003139,940,717,223
S01003140,746,573,173
S01003141,692,533,159
S01003142,798,577,221
S01003143,745,471,274
S01003144,748,493,255
S01003145,541,295,246
S01003146,602,482,120
S01003147,717,435,282
S01003148,553,321,232
S01003149,788,613,175
S01003150,586,475,111
S01003151,680,402,278
S01003152,804,548,256
S01003153,578,248,330
S01003154,849,642,207
S01003155,1044,421,623
S01003156,743,554,189
S01003157,948,679,269
S01003158,472,362,110
S01003159,152,104,48
S01003160,531,358,173
S01003161,519,328,191
S01003162,511,338,173
S01003163,592,314,278
S01003164,652,367,285
S01003165,810,509,301
S01003166,593,479,114
S01003167,743,508,235
S01003168,782,626,156
S01003169,2005,990,1015
S01003170,776,319,457
S01003171,591,238,353
S01003172,622,435,187
S01003173,455,354,101
S01003174,652,438,214
S01003175,689,498,191
S01003176,767,571,196
S01003177,840,479,361
S01003178,690,437,253
S01003179,527,291,236
S01003180,556,258,298
S01003181,698,446,252
S01003182,636,442,194
S01003183,557,385,172
S01003184,676,523,153
S01003185,490,300,190
S01003186,752,386,366
S01003187,856,554,302
S01003188,774,536,238
S01003189,672,480,192
S01003190,620,443,177
S01003191,439,289,150
S01003192,730,614,116
S01003193,1286,591,695
S01003194,615,424,191
S01003195,694,347,347
S01003196,819,376,443
S01003197,694,374,320
S01003198,769,548,221
S01003199,804,414,390
S01003200,635,437,198
S01003201,220,159,61
S01003202,855,641,214
S01003203,708,467,241
S01003204,718,465,253
S01003205,647,510,137
S01003206,708,499,209
S01003207,634,366,268
S01003208,992,765,227
S01003209,490,290,200
S01003210,790,409,381
S01003211,663,346,317
S01003212,558,255,303
S01003213,442,298,144
S01003214,609,377,232
S01003215,692,492,200
S01003216,585,366,219
S01003217,590,452,138
S01003218,562,371,191
S01003219,633,371,262
S01003220,626,375,251
S01003221,693,480,213
S01003222,602,316,286
S01003223,748,616,132
S01003224,577,229,348
S01003225,574,439,135
S01003226,608,450,158
S01003227,1338,909,429
S01003228,1013,692,321
S01003229,733,286,447
S01003230,732,431,301
S01003231,750,486,264
S01003232,769,539,230
S01003233,793,293,500
S01003234,761,391,370
S01003235,693,368,325
S01003236,542,290,252
S01003237,778,522,256
S01003238,590,374,216
S01003239,795,517,278
S01003240,587,356,231
S01003241,671,310,361
S01003242,868,517,351
S01003243,706,420,286
S01003244,822,497,325
S01003245,1001,813,188
S01003246,841,678,163
S01003247,613,475,138
S01003248,993,747,246
S01003249,642,511,131
S01003250,495,295,200
S01003251,694,554,140
S01003252,506,174,332
S01003253,807,666,141
S01003254,418,331,87
S01003255,786,553,233
S01003256,1043,699,344
S01003257,612,287,325
S01003258,657,276,381
S01003259,937,536,401
S01003260,617,264,353
S01003261,852,375,477
S01003262,575,434,141
S01003263,825,617,208
S01003264,548,387,161
S01003265,566,324,242
S01003266,632,410,222
S01003267,849,637,212
S01003268,1465,1131,334
S01003269,768,585,183
S01003270,656,533,123
S01003271,1640,1286,354
S01003272,1383,1077,306
S01003273,606,480,126
S01003274,515,395,120
S01003275,897,638,259
S01003276,600,256,344
S01003277,556,334,222
S01003278,696,389,307
S01003279,286,220,66
S01003280,788,450,338
S01003281,427,281,146
S01003282,617,315,302
S01003283,564,277,287
S01003284,838,582,256
S01003285,367,325,42
S01003286,853,573,280
S01003287,406,257,149
S01003288,592,268,324
S01003289,334,259,75
S01003290,714,499,215
S01003291,658,485,173
S01003292,603,287,316
S01003293,662,535,127
S01003294,662,486,176
S01003295,840,377,463
S01003296,604,479,125
S01003297,471,380,91
S01003298,825,497,328
S01003299,360,281,79
S01003300,731,425,306
S01003301,627,498,129
S01003302,573,455,118
S01003303,2301,1982,319
S01003304,605,389,216
S01003305,596,429,167
S01003306,822,563,259
S01003307,908,626,282
S01003308,695,452,243
S01003309,746,619,127
S01003310,627,435,192
S01003311,594,242,352
S01003312,456,308,148
S01003313,961,727,234
S01003314,555,450,105
S01003315,622,454,168
S01003316,513,404,109
S01003317,506,358,148
S01003318,644,294,350
S01003320,464,318,146
S01003321,603,287,316
S01003322,686,505,181
S01003323,617,308,309
S01003324,395,291,104
S01003325,594,367,227
S01003326,671,476,195
S01003327,498,351,147
S01003328,999,852,147
S01003329,679,403,276
S01003330,749,332,417
S01003331,565,396,169
S01003332,341,219,122
S01003333,799,622,177
S01003334,806,543,263
S01003335,627,529,98
S01003336,809,577,232
S01003337,1097,792,305
S01003338,782,523,259
S01003339,619,381,238
S01003340,840,591,249
S01003341,717,359,358
S01003342,558,439,119
S01003343,535,406,129
S01003344,360,204,156
S01003345,793,552,241
S01003346,738,485,253
S01003347,784,642,142
S01003348,948,721,227
S01003349,1047,750,297
S01003350,659,400,259
S01003351,961,742,219
S01003352,928,627,301
S01003353,633,522,111
S01003354,540,370,170
S01003355,933,714,219
S01003356,721,606,115
S01003357,293,241,52
S01003358,1834,1599,235
S01003359,774,384,390
S01003360,593,348,245
S01003361,607,443,164
S01003362,600,414,186
S01003363,639,419,220
S01003364,524,366,158
S01003365,603,454,149
S01003366,721,628,93
S01003367,973,776,197
S01003368,2262,2097,165
S01003369,550,372,178
S01003370,700,574,126
S01003371,634,522,112
S01003372,628,428,200
S01003373,2123,1841,282
S01003374,343,288,55
S01003375,815,456,359
S01003376,411,315,96
S01003377,628,395,233
S01003378,678,548,130
S01003379,478,403,75
S01003380,1109,842,267
S01003381,647,379,268
S01003382,1447,1051,396
S01003383,790,514,276
S01003384,848,547,301
S01003385,778,629,149
S01003386,610,454,156
S01003387,656,539,117
S01003388,884,680,204
S01003389,848,720,128
S01003390,921,696,225
S01003391,603,494,109
S01003392,744,557,187
S01003393,783,530,253
S01003394,514,400,114
S01003395,575,427,148
S01003396,695,562,133
S01003397,772,594,178
S01003398,647,487,160
S01003399,1827,1694,133
S01003400,664,425,239
S01003401,639,547,92
S01003402,728,586,142
S01003403,1033,838,195
S01003404,487,342,145
S01003405,623,392,231
S01003406,616,479,137
S01003407,736,455,281
S01003408,508,378,130
S01003409,1413,1130,283
S01003410,1378,1167,211
S01003411,635,477,158
S01003412,714,481,233
S01003413,570,357,213
S01003414,357,258,99
S01003415,1163,1035,128
S01003416,811,633,178
S01003417,868,665,203
S01003418,793,615,178
S01003419,718,554,164
S01003420,380,302,78
S01003421,751,518,233
S01003422,674,559,115
S01003423,731,565,166
S01003424,818,704,114
S01003425,736,598,138
S01003426,936,749,187
S01003427,825,573,252
S01003428,654,475,179
S01003429,1455,1315,140
S01003430,730,603,127
S01003431,624,493,131
S01003432,827,706,121
S01003433,1073,921,152
S01003434,684,486,198
S01003435,552,410,142
S01003436,462,257,205
S01003437,754,620,134
S01003438,1354,1214,140
S01003439,1122,937,185
S01003440,384,251,133
S01003441,1081,855,226
S01003442,782,589,193
S01003443,738,518,220
S01003444,614,455,159
S01003445,805,556,249
S01003446,429,362,67
S01003447,2469,2291,178
S01003448,590,404,186
S01003449,773,619,154
S01003450,902,755,147
S01003451,853,701,152
S01003452,1309,1050,259
S01003453,1182,821,361
S01003454,575,450,125
S01003455,618,488,130
S01003456,202,165,37
S01003457,834,608,226
S01003458,827,573,254
S01003459,666,480,186
S01003460,998,824,174
S01003461,639,387,252
S01003462,395,279,116
S01003463,466,289,177
S01003464,892,753,139
S01003465,2344,1834,510
S01003466,713,602,111
S01003467,606,391,215
S01003468,756,639,117
S01003469,925,728,197
S01003470,1064,936,128
S01003471,571,416,155
S01003472,589,362,227
S01003473,896,703,193
S01003474,643,540,103
S01003475,756,612,144
S01003476,886,512,374
S01003477,1002,857,145
S01003478,738,602,136
S01003479,783,661,122
S01003480,707,559,148
S01003481,945,719,226
S01003482,557,448,109
S01003483,435,316,119
S01003484,1076,935,141
S01003485,844,676,168
S01003486,739,559,180
S01003487,997,845,152
S01003488,615,446,169
S01003489,1089,732,357
S01003490,537,399,138
S01003491,73,48,25
S01003492,927,680,247
S01003493,702,569,133
S01003494,756,612,144
S01003495,763,517,246
S01003496,951,778,173
S01003497,889,676,213
S01003498,886,601,285
S01003499,917,721,196
S01003500,491,354,137
S01003501,667,556,111
S01003502,1392,749,643
S01003503,655,522,133
S01003504,857,720,137
S01003506,940,769,171
S01003507,466,357,109
S01003508,731,600,131
S01003509,830,584,246
S01003510,364,287,77
S01003511,949,612,337
S01003512,537,379,158
S01003513,689,615,74
S01003514,844,715,129
S01003515,489,342,147
S01003516,580,285,295
S01003517,692,593,99
S01003518,875,692,183
S01003519,481,396,85
S01003520,669,486,183
S01003521,501,453,48
S01003522,758,576,182
S01003523,552,370,182
S01003524,937,624,313
S01003525,1000,738,262
S01003526,908,659,249
S01003527,704,296,408
S01003528,394,220,174
S01003529,418,221,197
S01003530,754,593,161
S01003531,660,520,140
S01003532,895,465,430
S01003533,231,154,77
S01003534,794,609,185
S01003535,603,456,147
S01003536,921,580,341
S01003537,766,609,157
S01003538,517,376,141
S01003539,836,477,359
S01003540,388,274,114
S01003541,586,384,202
S01003542,691,413,278
S01003543,556,402,154
S01003544,454,296,158
S01003545,689,411,278
S01003546,872,698,174
S01003547,672,498,174
S01003549,628,492,136
S01003550,523,240,283
S01003551,568,396,172
S01003552,979,730,249
S01003553,548,435,113
S01003554,687,513,174
S01003555,630,444,186
S01003556,549,215,334
S01003557,535,440,95
S01003558,930,568,362
S01003559,772,349,423
S01003560,1074,557,517
S01003561,1112,931,181
S01003562,493,397,96
S01003563,416,285,131
S01003564,582,438,144
S01003565,713,519,194
S01003566,690,565,125
S01003567,799,614,185
S01003568,639,377,262
S01003569,578,291,287
S01003570,577,279,298
S01003571,727,561,166
S01003572,877,678,199
S01003573,796,530,266
S01003574,952,710,242
S01003575,698,502,196
S01003576,762,513,249
S01003577,743,433,310
S01003578,180,133,47
S01003579,676,545,131
S01003580,839,668,171
S01003581,2160,1947,213
S01003582,569,490,79
S01003583,462,324,138
S01003584,546,380,166
S01003585,624,550,74
S01003586,802,556,246
S01003587,798,263,535
S01003588,548,300,248
S01003589,1488,1062,426
S01003590,595,459,136
S01003591,1011,417,594
S01003592,1125,874,251
S01003593,528,321,207
S01003594,869,486,383
S01003595,685,552,133
S01003596,742,622,120
S01003597,612,273,339
S01003598,580,361,219
S01003599,811,491,320
S01003600,714,587,127
S01003601,622,507,115
S01003602,548,356,192
S01003603,703,480,223
S01003604,784,677,107
S01003605,539,413,126
S01003606,753,465,288
S01003607,431,253,178
S01003608,467,285,182
S01003609,872,460,412
S01003610,798,651,147
S01003611,705,558,147
S01003612,786,478,308
S01003613,1191,579,612
S01003614,436,249,187
S01003615,610,416,194
S01003616,631,246,385
S01003617,661,549,112
S01003618,665,387,278
S01003619,648,523,125
S01003620,909,530,379
S01003621,824,546,278
S01003622,701,439,262
S01003623,762,337,425
S01003624,1265,856,409
S01003625,302,238,64
S01003626,685,401,284
S01003627,528,416,112
S01003628,634,413,221
S01003629,663,462,201
S01003630,650,427,223
S01003631,1040,586,454
S01003632,783,464,319
S01003633,1091,784,307
S01003634,850,580,270
S01003635,520,423,97
S01003636,776,568,208
S01003637,928,631,297
S01003638,655,436,219
S01003639,654,384,270
S01003640,793,576,217
S01003641,531,252,279
S01003642,734,462,272
S01003643,549,378,171
S01003644,820,592,228
S01003645,474,312,162
S01003646,626,478,148
S01003647,628,397,231
S01003648,714,576,138
S01003649,800,430,370
S01003650,621,473,148
S01003651,616,416,200
S01003652,613,462,151
S01003653,578,395,183
S01003654,922,641,281
S01003655,548,399,149
S01003656,691,505,186
S01003657,695,478,217
S01003658,710,396,314
S01003659,668,471,197
S01003660,739,300,439
S01003661,798,459,339
S01003662,535,360,175
S01003663,503,384,119
S01003664,454,322,132
S01003665,496,400,96
S01003666,506,379,127
S01003667,700,346,354
S01003668,674,445,229
S01003669,736,465,271
S01003670,729,542,187
S01003671,536,339,197
S01003672,570,425,145
S01003673,268,202,66
S01003674,691,449,242
S01003675,780,518,262
S01003676,1053,744,309
S01003677,552,348,204
S01003678,558,341,217
S01003679,816,569,247
S01003680,529,346,183
S01003681,487,300,187
S01003682,876,474,402
S01003683,505,290,215
S01003684,655,404,251
S01003685,436,257,179
S01003686,754,507,247
S01003687,502,428,74
S01003688,745,490,255
S01003689,476,342,134
S01003690,833,637,196
S01003691,841,485,356
S01003692,839,528,311
S01003693,460,305,155
S01003694,794,419,375
S01003695,939,741,198
S01003696,858,556,302
S01003697,784,341,443
S01003698,815,462,353
S01003699,757,389,368
S01003700,806,497,309
S01003701,864,666,198
S01003702,583,444,139
S01003703,877,650,227
S01003704,547,412,135
S01003705,633,492,141
S01003706,526,407,119
S01003707,747,536,211
S01003708,691,561,130
S01003709,692,571,121
S01003710,934,640,294
S01003711,693,570,123
S01003712,728,505,223
S01003713,398,298,100
S01003714,467,293,174
S01003715,612,395,217
S01003716,425,336,89
S01003717,642,486,156
S01003718,552,382,170
S01003719,545,208,337
S01003720,820,406,414
S01003721,675,359,316
S01003722,742,440,302
S01003723,462,178,284
S01003724,608,346,262
S01003725,515,254,261
S01003726,543,305,238
S01003727,568,281,287
S01003728,453,223,230
S01003729,685,398,287
S01003730,457,283,174
S01003731,514,325,189
S01003732,755,403,352
S01003733,669,386,283
S01003734,558,297,261
S01003735,696,325,371
S01003736,662,347,315
S01003737,501,266,235
S01003738,618,247,371
S01003739,433,196,237
S01003740,503,213,290
S01003741,793,348,445
S01003742,584,240,344
S01003743,462,192,270
S01003744,547,220,327
S01003745,649,349,300
S01003746,690,321,369
S01003747,930,430,500
S01003748,518,259,259
S01003749,706,336,370
S01003750,572,241,331
S01003751,962,571,391
S01003752,770,371,399
S01003753,948,446,502
S01003754,703,411,292
S01003755,1272,766,506
S01003756,755,331,424
S01003757,489,226,263
S01003758,774,361,413
S01003759,540,257,283
S01003760,706,294,412
S01003761,759,350,409
S01003762,876,375,501
S01003763,772,411,361
S01003764,692,334,358
S01003765,532,314,218
S01003766,586,294,292
S01003767,710,390,320
S01003768,534,221,313
S01003769,769,363,406
S01003770,678,276,402
S01003771,622,274,348
S01003772,508,208,300
S01003773,576,255,321
S01003774,628,286,342
S01003775,729,308,421
S01003776,570,226,344
S01003777,898,343,555
S01003778,2351,1174,1177
S01003779,420,160,260
S01003780,885,360,525
S01003781,923,425,498
S01003782,514,203,311
S01003783,1030,562,468
S01003784,1265,448,817
S01003785,697,313,384
S01003786,765,307,458
S01003787,521,205,316
S01003788,603,245,358
S01003789,393,144,249
S01003790,452,293,159
S01003791,658,392,266
S01003792,1701,904,797
S01003793,443,291,152
S01003794,616,310,306
S01003795,544,212,332
S01003796,503,364,139
S01003797,779,501,278
S01003798,695,300,395
S01003799,633,272,361
S01003800,533,296,237
S01003801,659,378,281
S01003802,620,274,346
S01003803,602,249,353
S01003804,504,306,198
S01003805,1044,718,326
S01003806,602,342,260
S01003807,737,312,425
S01003808,714,409,305
S01003809,566,323,243
S01003810,794,358,436
S01003811,588,229,359
S01003812,805,520,285
S01003813,731,344,387
S01003814,687,273,414
S01003815,729,473,256
S01003816,810,347,463
S01003817,814,545,269
S01003818,641,396,245
S01003819,1816,810,1006
S01003820,895,620,275
S01003821,638,400,238
S01003822,553,327,226
S01003823,812,471,341
S01003824,727,528,199
S01003825,554,160,394
S01003826,625,356,269
S01003827,692,381,311
S01003828,919,415,504
S01003829,535,321,214
S01003830,691,431,260
S01003831,534,301,233
S01003832,803,459,344
S01003833,509,398,111
S01003834,561,302,259
S01003835,476,268,208
S01003836,464,290,174
S01003837,741,474,267
S01003838,461,249,212
S01003839,520,373,147
S01003840,633,356,277
S01003841,532,228,304
S01003842,614,256,358
S01003843,777,263,514
S01003844,631,297,334
S01003845,952,678,274
S01003846,669,275,394
S01003847,511,283,228
S01003848,577,245,332
S01003849,782,606,176
S01003850,423,210,213
S01003851,680,251,429
S01003852,519,287,232
S01003853,1079,891,188
S01003854,518,329,189
S01003855,736,506,230
S01003856,613,413,200
S01003857,630,256,374
S01003858,426,228,198
S01003859,473,167,306
S01003860,515,394,121
S01003861,655,397,258
S01003862,520,369,151
S01003863,577,194,383
S01003864,794,351,443
S01003865,789,358,431
S01003866,777,283,494
S01003867,1090,551,539
S01003868,600,229,371
S01003869,619,319,300
S01003870,842,386,456
S01003871,684,268,416
S01003872,763,318,445
S01003873,921,414,507
S01003874,722,379,343
S01003875,574,217,357
S01003876,590,216,374
S01003877,593,234,359
S01003878,860,499,361
S01003879,618,210,408
S01003880,710,360,350
S01003881,706,286,420
S01003882,442,279,163
S01003883,447,226,221
S01003884,610,344,266
S01003885,543,267,276
S01003886,415,245,170
S01003887,810,520,290
S01003888,1221,428,793
S01003889,464,258,206
S01003890,564,232,332
S01003891,623,268,355
S01003892,510,259,251
S01003893,546,231,315
S01003894,771,472,299
S01003895,591,274,317
S01003896,604,238,366
S01003897,629,272,357
S01003898,674,286,388
S01003899,669,317,352
S01003900,637,387,250
S01003901,564,283,281
S01003902,838,423,415
S01003903,710,273,437
S01003904,782,528,254
S01003905,946,316,630
S01003906,588,328,260
S01003907,613,411,202
S01003908,633,353,280
S01003909,539,223,316
S01003910,556,299,257
S01003911,531,227,304
S01003912,755,330,425
S01003913,614,267,347
S01003914,833,357,476
S01003915,610,295,315
S01003916,698,269,429
S01003917,752,380,372
S01003918,764,372,392
S01003919,529,314,215
S01003920,571,308,263
S01003921,889,467,422
S01003922,723,448,275
S01003923,531,314,217
S01003924,387,275,112
S01003925,635,339,296
S01003926,437,274,163
S01003927,580,249,331
S01003928,651,355,296
S01003929,458,231,227
S01003930,695,391,304
S01003931,874,439,435
S01003932,779,352,427
S01003933,585,252,333
S01003934,842,412,430
S01003935,660,345,315
S01003936,875,369,506
S01003937,583,340,243
S01003938,491,211,280
S01003939,542,198,344
S01003940,799,428,371
S01003941,504,201,303
S01003942,586,338,248
S01003943,572,322,250
S01003944,542,293,249
S01003945,544,214,330
S01003946,699,312,387
S01003947,526,218,308
S01003948,622,259,363
S01003949,500,236,264
S01003950,494,267,227
S01003951,540,275,265
S01003952,443,200,243
S01003953,520,226,294
S01003954,604,285,319
S01003955,566,332,234
S01003956,599,321,278
S01003957,549,285,264
S01003958,653,332,321
S01003959,659,281,378
S01003960,720,346,374
S01003961,490,252,238
S01003962,582,313,269
S01003963,397,149,248
S01003964,424,156,268
S01003965,497,207,290
S01003966,855,387,468
S01003967,454,232,222
S01003968,749,380,369
S01003969,697,330,367
S01003970,536,250,286
S01003971,590,312,278
S01003972,651,276,375
S01003973,377,176,201
S01003974,745,353,392
S01003975,680,290,390
S01003976,612,350,262
S01003977,371,262,109
S01003978,449,300,149
S01003979,479,252,227
S01003980,526,225,301
S01003981,456,251,205
S01003982,646,320,326
S01003983,580,240,340
S01003984,513,290,223
S01003985,582,378,204
S01003986,464,285,179
S01003987,534,242,292
S01003988,429,230,199
S01003989,733,290,443
S01003990,434,227,207
S01003991,506,239,267
S01003992,821,361,460
S01003993,579,236,343
S01003994,590,264,326
S01003995,1068,436,632
S01003996,530,218,312
S01003997,741,482,259
S01003998,475,263,212
S01003999,705,340,365
S01004000,603,307,296
S01004001,490,275,215
S01004002,817,509,308
S01004003,450,209,241
S01004004,608,346,262
S01004005,497,229,268
S01004006,422,181,241
S01004007,499,310,189
S01004008,570,224,346
S01004009,675,330,345
S01004010,720,285,435
S01004011,1140,432,708
S01004012,620,254,366
S01004013,431,165,266
S01004014,523,223,300
S01004015,712,245,467
S01004016,491,178,313
S01004017,826,359,467
S01004018,637,232,405
S01004019,781,265,516
S01004020,676,300,376
S01004021,872,290,582
S01004022,710,354,356
S01004023,476,234,242
S01004024,846,431,415
S01004025,678,431,247
S01004026,512,300,212
S01004027,649,355,294
S01004028,561,324,237
S01004029,729,420,309
S01004030,516,333,183
S01004031,461,253,208
S01004032,306,198,108
S01004033,721,446,275
S01004034,592,286,306
S01004035,612,336,276
S01004036,521,302,219
S01004037,539,284,255
S01004038,571,325,246
S01004039,295,207,88
S01004040,537,271,266
S01004041,558,335,223
S01004042,486,368,118
S01004043,613,307,306
S01004044,593,402,191
S01004045,505,323,182
S01004046,495,375,120
S01004047,508,338,170
S01004048,874,570,304
S01004049,1053,510,543
S01004050,351,237,114
S01004051,670,471,199
S01004052,446,312,134
S01004053,825,482,343
S01004054,726,387,339
S01004055,457,218,239
S01004056,612,333,279
S01004057,1248,788,460
S01004058,701,459,242
S01004059,444,297,147
S01004060,385,232,153
S01004061,667,450,217
S01004062,736,370,366
S01004063,541,412,129
S01004064,542,287,255
S01004065,778,601,177
S01004066,449,258,191
S01004067,705,381,324
S01004068,582,408,174
S01004069,399,290,109
S01004070,579,418,161
S01004071,755,487,268
S01004072,1048,677,371
S01004073,592,397,195
S01004074,711,475,236
S01004075,399,314,85
S01004076,528,287,241
S01004077,644,327,317
S01004078,682,461,221
S01004079,519,348,171
S01004080,707,507,200
S01004081,518,216,302
S01004082,863,308,555
S01004083,715,516,199
S01004084,824,610,214
S01004085,472,363,109
S01004086,713,543,170
S01004087,357,215,142
S01004088,391,266,125
S01004089,592,366,226
S01004090,257,186,71
S01004091,792,484,308
S01004092,608,454,154
S01004093,497,410,87
S01004094,390,315,75
S01004095,426,269,157
S01004096,576,207,369
S01004097,586,351,235
S01004098,528,213,315
S01004099,670,248,422
S01004100,620,390,230
S01004101,624,403,221
S01004102,632,337,295
S01004103,560,267,293
S01004104,632,275,357
S01004105,664,351,313
S01004106,759,457,302
S01004107,571,231,340
S01004108,677,335,342
S01004109,487,184,303
S01004110,667,405,262
S01004111,696,371,325
S01004112,743,394,349
S01004113,593,317,276
S01004114,582,392,190
S01004115,670,335,335
S01004116,591,277,314
S01004117,657,378,279
S01004118,808,605,203
S01004119,448,298,150
S01004120,643,267,376
S01004121,372,165,207
S01004122,712,266,446
S01004123,693,309,384
S01004124,835,344,491
S01004125,575,252,323
S01004126,627,400,227
S01004127,716,224,492
S01004128,587,183,404
S01004129,627,286,341
S01004130,421,192,229
S01004131,636,412,224
S01004132,440,246,194
S01004133,682,378,304
S01004134,563,176,387
S01004135,525,360,165
S01004136,486,269,217
S01004137,479,175,304
S01004138,568,340,228
S01004139,467,242,225
S01004140,441,217,224
S01004141,553,246,307
S01004142,410,172,238
S01004143,695,333,362
S01004144,1044,471,573
S01004145,507,250,257
S01004146,642,294,348
S01004147,561,277,284
S01004148,832,325,507
S01004149,629,385,244
S01004150,528,257,271
S01004151,720,227,493
S01004152,562,313,249
S01004153,676,390,286
S01004154,539,201,338
S01004155,663,408,255
S01004156,742,459,283
S01004157,473,163,310
S01004158,486,288,198
S01004159,282,156,126
S01004160,541,263,278
S01004161,460,239,221
S01004162,1529,691,838
S01004163,517,282,235
S01004164,709,346,363
S01004165,798,348,450
S01004166,594,299,295
S01004167,563,314,249
S01004168,509,286,223
S01004169,638,402,236
S01004170,576,315,261
S01004171,524,253,271
S01004172,605,385,220
S01004173,482,248,234
S01004174,604,306,298
S01004175,456,246,210
S01004176,508,202,306
S01004177,379,206,173
S01004178,472,261,211
S01004179,419,186,233
S01004180,640,213,427
S01004181,636,291,345
S01004182,706,451,255
S01004183,825,342,483
S01004184,652,381,271
S01004185,556,343,213
S01004186,599,403,196
S01004187,593,286,307
S01004188,586,367,219
S01004189,660,206,454
S01004190,652,360,292
S01004191,601,352,249
S01004192,799,446,353
S01004193,582,287,295
S01004194,612,311,301
S01004195,503,266,237
S01004196,508,343,165
S01004197,552,350,202
S01004198,496,241,255
S01004199,665,307,358
S01004200,608,201,407
S01004201,603,272,331
S01004202,444,166,278
S01004203,790,397,393
S01004204,578,204,374
S01004205,605,330,275
S01004206,553,225,328
S01004207,565,338,227
S01004208,677,322,355
S01004209,514,217,297
S01004210,545,264,281
S01004211,896,370,526
S01004212,1324,516,808
S01004213,508,283,225
S01004214,561,177,384
S01004215,495,191,304
S01004216,691,281,410
S01004217,380,210,170
S01004218,668,332,336
S01004219,416,229,187
S01004220,746,289,457
S01004221,653,305,348
S01004222,510,389,121
S01004223,540,356,184
S01004224,542,293,249
S01004225,663,488,175
S01004226,556,328,228
S01004227,804,410,394
S01004228,680,322,358
S01004229,534,247,287
S01004230,553,293,260
S01004231,594,326,268
S01004232,486,214,272
S01004233,644,296,348
S01004234,789,279,510
S01004235,717,269,448
S01004236,805,389,416
S01004237,581,244,337
S01004238,453,199,254
S01004239,712,329,383
S01004240,651,264,387
S01004241,442,199,243
S01004242,707,285,422
S01004243,555,228,327
S01004244,535,283,252
S01004245,780,364,416
S01004246,510,203,307
S01004247,699,420,279
S01004248,855,468,387
S01004249,755,390,365
S01004250,860,395,465
S01004251,780,398,382
S01004252,523,206,317
S01004253,475,239,236
S01004254,641,253,388
S01004255,2106,1030,1076
S01004256,1072,502,570
S01004257,526,186,340
S01004258,612,224,388
S01004259,590,288,302
S01004260,434,159,275
S01004261,671,377,294
S01004262,652,307,345
S01004263,624,381,243
S01004264,643,327,316
S01004265,746,392,354
S01004266,471,276,195
S01004267,446,145,301
S01004268,496,263,233
S01004269,702,352,350
S01004270,495,333,162
S01004271,556,325,231
S01004272,488,193,295
S01004273,514,205,309
S01004274,756,334,422
S01004275,479,226,253
S01004276,748,423,325
S01004277,615,238,377
S01004278,1027,487,540
S01004279,651,386,265
S01004280,821,393,428
S01004281,592,255,337
S01004282,699,434,265
S01004283,568,304,264
S01004284,751,434,317
S01004285,319,148,171
S01004286,429,155,274
S01004287,546,209,337
S01004288,544,243,301
S01004289,447,243,204
S01004290,801,346,455
S01004291,690,329,361
S01004292,644,269,375
S01004293,789,318,471
S01004294,635,304,331
S01004295,751,454,297
S01004296,724,344,380
S01004297,559,324,235
S01004298,1098,423,675
S01004299,473,349,124
S01004300,503,358,145
S01004301,654,258,396
S01004302,608,169,439
S01004303,482,289,193
S01004304,671,457,214
S01004305,541,314,227
S01004306,498,260,238
S01004307,701,403,298
S01004308,779,420,359
S01004309,713,210,503
S01004310,600,315,285
S01004311,897,542,355
S01004312,589,273,316
S01004313,1038,452,586
S01004314,648,302,346
S01004315,379,149,230
S01004316,327,42,285
S01004317,941,384,557
S01004318,474,300,174
S01004319,744,268,476
S01004320,662,358,304
S01004321,586,345,241
S01004322,838,421,417
S01004323,539,313,226
S01004324,636,333,303
S01004325,888,434,454
S01004326,726,285,441
S01004327,596,256,340
S01004328,509,241,268
S01004329,427,199,228
S01004330,1127,465,662
S01004331,478,237,241
S01004332,510,185,325
S01004333,467,227,240
S01004334,990,500,490
S01004335,421,195,226
S01004336,841,427,414
S01004337,633,350,283
S01004338,597,240,357
S01004339,780,295,485
S01004340,428,236,192
S01004341,435,229,206
S01004342,1117,748,369
S01004343,482,247,235
S01004344,665,366,299
S01004345,932,459,473
S01004346,375,173,202
S01004347,745,326,419
S01004348,565,293,272
S01004349,647,299,348
S01004350,507,233,274
S01004351,439,234,205
S01004352,496,227,269
S01004353,741,369,372
S01004354,394,192,202
S01004355,475,201,274
S01004356,785,442,343
S01004357,650,200,450
S01004358,599,228,371
S01004359,436,229,207
S01004360,525,321,204
S01004361,706,392,314
S01004362,503,310,193
S01004363,825,670,155
S01004364,821,556,265
S01004365,540,319,221
S01004366,509,269,240
S01004367,588,326,262
S01004368,445,318,127
S01004369,554,289,265
S01004370,600,248,352
S01004371,553,338,215
S01004372,789,332,457
S01004373,540,329,211
S01004374,674,444,230
S01004375,486,269,217
S01004376,657,383,274
S01004377,603,395,208
S01004378,790,408,382
S01004379,704,416,288
S01004380,564,373,191
S01004381,639,363,276
S01004382,598,346,252
S01004383,646,331,315
S01004384,555,285,270
S01004385,620,324,296
S01004386,858,352,506
S01004387,767,460,307
S01004388,504,341,163
S01004389,508,248,260
S01004390,644,379,265
S01004391,474,187,287
S01004392,689,394,295
S01004393,737,443,294
S01004394,643,434,209
S01004395,459,279,180
S01004396,614,361,253
S01004397,728,309,419
S01004398,664,351,313
S01004399,376,277,99
S01004400,419,207,212
S01004401,872,331,541
S01004402,729,426,303
S01004403,435,197,238
S01004404,567,256,311
S01004405,622,299,323
S01004406,669,455,214
S01004407,526,341,185
S01004408,1074,381,693
S01004409,408,215,193
S01004410,747,437,310
S01004411,476,295,181
S01004412,914,542,372
S01004413,628,460,168
S01004414,633,495,138
S01004415,569,390,179
S01004416,664,379,285
S01004417,645,475,170
S01004418,729,395,334
S01004419,714,386,328
S01004420,633,285,348
S01004421,757,588,169
S01004422,512,306,206
S01004423,681,392,289
S01004424,572,392,180
S01004425,480,209,271
S01004426,500,215,285
S01004427,628,422,206
S01004428,676,458,218
S01004429,614,401,213
S01004430,403,245,158
S01004431,576,445,131
S01004432,769,428,341
S01004433,745,376,369
S01004434,673,409,264
S01004435,747,383,364
S01004436,595,336,259
S01004437,648,389,259
S01004438,493,297,196
S01004439,510,292,218
S01004440,591,345,246
S01004441,1038,363,675
S01004442,720,449,271
S01004443,514,331,183
S01004444,690,481,209
S01004445,708,438,270
S01004446,633,374,259
S01004447,549,345,204
S01004448,485,205,280
S01004449,789,506,283
S01004450,748,487,261
S01004451,692,465,227
S01004452,561,263,298
S01004453,791,299,492
S01004454,824,470,354
S01004455,721,292,429
S01004456,417,185,232
S01004457,700,404,296
S01004458,632,421,211
S01004459,492,256,236
S01004460,517,161,356
S01004461,487,169,318
S01004462,519,205,314
S01004463,630,290,340
S01004464,650,395,255
S01004465,617,255,362
S01004466,821,363,458
S01004467,695,464,231
S01004468,695,260,435
S01004469,480,286,194
S01004470,549,184,365
S01004471,1462,569,893
S01004472,606,219,387
S01004473,955,300,655
S01004474,810,448,362
S01004475,415,163,252
S01004476,614,319,295
S01004477,876,381,495
S01004478,474,252,222
S01004479,594,243,351
S01004480,767,450,317
S01004481,641,344,297
S01004482,765,511,254
S01004483,540,337,203
S01004484,847,349,498
S01004485,458,180,278
S01004486,791,325,466
S01004487,886,500,386
S01004488,569,306,263
S01004489,741,326,415
S01004490,571,213,358
S01004491,598,417,181
S01004492,738,426,312
S01004493,805,412,393
S01004494,696,417,279
S01004495,576,346,230
S01004496,552,353,199
S01004497,698,467,231
S01004498,583,289,294
S01004499,556,301,255
S01004500,618,219,399
S01004501,595,376,219
S01004502,608,294,314
S01004503,624,353,271
S01004504,553,329,224
S01004505,454,277,177
S01004506,402,208,194
S01004507,591,309,282
S01004508,595,281,314
S01004509,824,321,503
S01004510,744,323,421
S01004511,871,448,423
S01004512,758,289,469
S01004513,466,272,194
S01004514,487,232,255
S01004515,686,513,173
S01004516,363,201,162
S01004517,652,495,157
S01004518,494,225,269
S01004519,737,406,331
S01004520,796,411,385
S01004521,616,240,376
S01004522,791,280,511
S01004523,672,246,426
S01004524,511,183,328
S01004525,826,289,537
S01004526,588,182,406
S01004527,482,270,212
S01004528,646,321,325
S01004529,711,307,404
S01004530,434,182,252
S01004531,867,436,431
S01004532,656,449,207
S01004533,381,297,84
S01004534,509,295,214
S01004535,728,326,402
S01004536,542,319,223
S01004537,666,386,280
S01004538,630,364,266
S01004539,563,305,258
S01004540,942,522,420
S01004541,688,415,273
S01004542,567,219,348
S01004543,677,387,290
S01004544,1483,834,649
S01004545,646,448,198
S01004546,700,458,242
S01004547,708,510,198
S01004548,663,442,221
S01004549,1713,847,866
S01004550,574,444,130
S01004551,1243,577,666
S01004552,657,431,226
S01004553,424,212,212
S01004554,590,344,246
S01004555,552,299,253
S01004556,554,383,171
S01004557,334,161,173
S01004558,797,483,314
S01004559,840,466,374
S01004560,468,320,148
S01004561,770,507,263
S01004562,485,287,198
S01004563,676,286,390
S01004564,506,219,287
S01004565,740,288,452
S01004566,537,271,266
S01004567,431,319,112
S01004568,584,294,290
S01004569,522,390,132
S01004570,530,181,349
S01004571,525,266,259
S01004572,577,325,252
S01004573,505,266,239
S01004574,413,166,247
S01004575,583,367,216
S01004576,459,205,254
S01004577,528,259,269
S01004578,710,229,481
S01004579,520,374,146
S01004580,691,389,302
S01004581,1064,609,455
S01004582,499,253,246
S01004583,690,483,207
S01004584,505,305,200
S01004585,463,283,180
S01004586,861,355,506
S01004587,1005,751,254
S01004588,540,329,211
S01004589,693,337,356
S01004590,631,408,223
S01004591,471,252,219
S01004592,492,264,228
S01004593,763,432,331
S01004594,405,282,123
S01004595,856,384,472
S01004596,613,421,192
S01004597,438,201,237
S01004598,555,305,250
S01004599,723,329,394
S01004600,710,439,271
S01004601,747,425,322
S01004602,751,294,457
S01004603,699,488,211
S01004604,492,295,197
S01004605,754,474,280
S01004606,699,384,315
S01004607,481,277,204
S01004608,1180,541,639
S01004609,437,275,162
S01004610,519,304,215
S01004611,874,476,398
S01004612,877,583,294
S01004613,1266,640,626
S01004614,643,334,309
S01004615,944,501,443
S01004616,652,295,357
S01004617,503,339,164
S01004618,494,358,136
S01004619,415,282,133
S01004620,515,383,132
S01004621,760,375,385
S01004622,703,361,342
S01004623,864,534,330
S01004624,981,606,375
S01004625,605,363,242
S01004626,1465,757,708
S01004627,451,279,172
S01004628,427,305,122
S01004629,718,310,408
S01004630,760,403,357
S01004631,610,374,236
S01004632,732,446,286
S01004633,473,241,232
S01004634,873,393,480
S01004635,609,401,208
S01004636,526,339,187
S01004637,453,227,226
S01004638,435,289,146
S01004639,552,336,216
S01004640,623,374,249
S01004641,521,294,227
S01004642,690,401,289
S01004643,362,232,130
S01004644,585,322,263
S01004645,693,496,197
S01004646,642,359,283
S01004647,1500,953,547
S01004648,840,512,328
S01004649,466,316,150
S01004650,634,374,260
S01004651,731,467,264
S01004652,788,467,321
S01004653,514,307,207
S01004654,843,401,442
S01004655,753,505,248
S01004656,470,341,129
S01004657,599,299,300
S01004658,778,406,372
S01004659,432,216,216
S01004660,622,293,329
S01004661,611,392,219
S01004662,793,499,294
S01004663,424,201,223
S01004664,484,240,244
S01004665,537,359,178
S01004666,610,321,289
S01004667,552,371,181
S01004668,762,376,386
S01004669,753,442,311
S01004670,807,523,284
S01004671,676,376,300
S01004672,508,272,236
S01004673,666,456,210
S01004674,678,349,329
S01004675,660,324,336
S01004676,596,323,273
S01004677,747,474,273
S01004678,783,355,428
S01004679,411,233,178
S01004680,765,576,189
S01004681,621,329,292
S01004682,422,308,114
S01004683,573,250,323
S01004684,1162,578,584
S01004685,419,259,160
S01004686,619,383,236
S01004687,849,444,405
S01004688,559,237,322
S01004689,814,405,409
S01004690,445,250,195
S01004691,607,209,398
S01004692,550,302,248
S01004693,610,239,371
S01004694,488,290,198
S01004695,550,203,347
S01004696,716,470,246
S01004697,678,257,421
S01004698,434,197,237
S01004699,611,397,214
S01004700,614,317,297
S01004701,632,270,362
S01004702,450,220,230
S01004703,699,309,390
S01004704,495,289,206
S01004705,729,366,363
S01004706,1183,491,692
S01004707,735,398,337
S01004708,491,282,209
S01004709,602,268,334
S01004710,644,377,267
S01004711,695,424,271
S01004712,410,244,166
S01004713,559,329,230
S01004714,637,347,290
S01004715,1278,582,696
S01004716,715,366,349
S01004717,743,423,320
S01004718,739,397,342
S01004719,771,403,368
S01004720,677,389,288
S01004721,477,191,286
S01004722,528,305,223
S01004723,553,245,308
S01004724,831,468,363
S01004725,476,259,217
S01004726,457,250,207
S01004727,673,458,215
S01004728,741,319,422
S01004729,494,282,212
S01004730,1070,764,306
S01004731,652,318,334
S01004732,587,309,278
S01004733,606,365,241
S01004734,402,290,112
S01004735,804,393,411
S01004736,618,364,254
S01004737,594,333,261
S01004738,572,434,138
S01004739,563,191,372
S01004740,690,293,397
S01004741,485,273,212
S01004742,1014,534,480
S01004743,701,313,388
S01004744,458,297,161
S01004745,737,567,170
S01004746,646,408,238
S01004747,589,189,400
S01004748,486,316,170
S01004749,842,438,404
S01004750,498,327,171
S01004751,618,461,157
S01004752,613,367,246
S01004753,640,357,283
S01004754,536,265,271
S01004755,567,333,234
S01004756,486,239,247
S01004757,676,443,233
S01004758,733,405,328
S01004759,451,234,217
S01004760,550,323,227
S01004761,442,278,164
S01004762,513,294,219
S01004763,656,285,371
S01004764,592,334,258
S01004765,1048,675,373
S01004766,909,530,379
S01004767,535,292,243
S01004768,643,387,256
S01004769,443,225,218
S01004770,484,347,137
S01004771,700,334,366
S01004772,501,322,179
S01004773,580,375,205
S01004774,783,297,486
S01004775,682,612,70
S01004776,583,273,310
S01004777,532,201,331
S01004778,560,346,214
S01004779,662,375,287
S01004780,506,267,239
S01004781,772,450,322
S01004782,919,505,414
S01004783,800,374,426
S01004784,559,378,181
S01004785,490,278,212
S01004786,429,250,179
S01004787,865,540,325
S01004788,564,229,335
S01004789,827,516,311
S01004790,586,215,371
S01004791,537,341,196
S01004792,513,288,225
S01004793,642,323,319
S01004794,591,349,242
S01004795,719,408,311
S01004796,634,339,295
S01004797,580,302,278
S01004798,718,490,228
S01004799,482,311,171
S01004800,537,306,231
S01004801,585,388,197
S01004802,730,368,362
S01004803,718,479,239
S01004804,736,480,256
S01004805,492,346,146
S01004806,521,280,241
S01004807,426,318,108
S01004808,563,388,175
S01004809,385,228,157
S01004810,451,291,160
S01004811,601,326,275
S01004812,612,435,177
S01004813,707,360,347
S01004814,683,352,331
S01004815,1291,570,721
S01004816,609,375,234
S01004817,526,351,175
S01004818,660,361,299
S01004819,434,275,159
S01004820,834,499,335
S01004821,1402,749,653
S01004822,552,324,228
S01004823,750,407,343
S01004824,659,332,327
S01004825,501,319,182
S01004826,753,509,244
S01004827,498,307,191
S01004828,921,429,492
S01004829,567,340,227
S01004830,586,360,226
S01004831,703,292,411
S01004832,1047,497,550
S01004833,595,338,257
S01004834,661,347,314
S01004835,631,267,364
S01004836,591,255,336
S01004837,734,354,380
S01004838,1387,632,755
S01004839,702,406,296
S01004840,633,328,305
S01004841,663,390,273
S01004842,1069,357,712
S01004843,518,329,189
S01004844,815,432,383
S01004845,663,418,245
S01004846,815,421,394
S01004847,809,325,484
S01004848,584,209,375
S01004849,461,317,144
S01004850,1141,506,635
S01004851,477,304,173
S01004852,551,394,157
S01004853,626,286,340
S01004854,846,397,449
S01004855,493,302,191
S01004856,1202,510,692
S01004857,693,350,343
S01004858,759,347,412
S01004859,701,320,381
S01004860,973,385,588
S01004861,615,243,372
S01004862,529,235,294
S01004863,782,343,439
S01004864,465,173,292
S01004865,586,270,316
S01004866,720,382,338
S01004867,621,219,402
S01004868,562,351,211
S01004869,680,236,444
S01004870,705,332,373
S01004871,578,348,230
S01004872,672,374,298
S01004873,646,316,330
S01004874,891,549,342
S01004875,552,312,240
S01004876,767,445,322
S01004877,586,259,327
S01004878,657,391,266
S01004879,536,324,212
S01004880,562,374,188
S01004881,614,327,287
S01004882,430,248,182
S01004883,1477,647,830
S01004884,424,156,268
S01004885,412,238,174
S01004886,647,437,210
S01004887,332,142,190
S01004888,498,209,289
S01004889,660,378,282
S01004890,560,448,112
S01004891,754,486,268
S01004892,582,217,365
S01004893,633,390,243
S01004894,715,478,237
S01004895,709,407,302
S01004896,711,349,362
S01004897,486,188,298
S01004898,761,468,293
S01004899,619,314,305
S01004900,728,249,479
S01004901,592,453,139
S01004902,615,392,223
S01004903,459,179,280
S01004904,807,536,271
S01004905,783,468,315
S01004906,659,452,207
S01004907,640,225,415
S01004908,498,263,235
S01004909,660,346,314
S01004910,670,313,357
S01004911,648,230,418
S01004912,573,357,216
S01004913,530,292,238
S01004914,493,243,250
S01004915,546,349,197
S01004916,566,331,235
S01004917,447,170,277
S01004918,477,208,269
S01004919,507,316,191
S01004920,729,439,290
S01004921,532,382,150
S01004922,531,191,340
S01004923,692,315,377
S01004924,653,311,342
S01004925,481,240,241
S01004926,719,233,486
S01004927,722,309,413
S01004928,1134,351,783
S01004929,512,180,332
S01004930,515,298,217
S01004931,797,428,369
S01004932,599,408,191
S01004933,690,357,333
S01004934,610,353,257
S01004935,448,178,270
S01004936,784,469,315
S01004937,422,287,135
S01004938,582,334,248
S01004939,453,288,165
S01004940,425,196,229
S01004941,456,256,200
S01004942,757,311,446
S01004943,882,360,522
S01004944,420,174,246
S01004945,611,336,275
S01004946,575,206,369
S01004947,625,275,350
S01004948,469,270,199
S01004949,595,241,354
S01004950,614,288,326
S01004951,631,408,223
S01004952,894,432,462
S01004953,729,445,284
S01004954,553,325,228
S01004955,506,270,236
S01004956,627,285,342
S01004957,592,243,349
S01004958,994,612,382
S01004959,615,448,167
S01004960,462,254,208
S01004961,550,313,237
S01004962,530,178,352
S01004963,521,271,250
S01004964,914,405,509
S01004965,785,325,460
S01004966,851,326,525
S01004967,545,204,341
S01004968,480,227,253
S01004969,754,338,416
S01004970,719,302,417
S01004971,887,393,494
S01004972,706,345,361
S01004973,805,286,519
S01004974,925,294,631
S01004975,661,237,424
S01004976,745,344,401
S01004977,791,453,338
S01004978,788,325,463
S01004979,693,241,452
S01004980,825,349,476
S01004981,812,288,524
S01004982,566,202,364
S01004983,766,351,415
S01004984,632,260,372
S01004985,650,285,365
S01004986,611,233,378
S01004987,398,111,287
S01004988,444,172,272
S01004989,583,259,324
S01004990,482,164,318
S01004991,533,211,322
S01004992,706,352,354
S01004993,597,203,394
S01004994,712,332,380
S01004995,847,457,390
S01004996,571,285,286
S01004997,770,321,449
S01004998,1000,416,584
S01004999,735,374,361
S01005000,469,205,264
S01005001,916,398,518
S01005002,868,338,530
S01005003,866,384,482
S01005004,682,260,422
S01005005,810,382,428
S01005006,559,291,268
S01005007,752,354,398
S01005008,976,471,505
S01005009,783,252,531
S01005010,565,307,258
S01005011,673,348,325
S01005012,772,467,305
S01005013,636,250,386
S01005014,669,405,264
S01005015,516,271,245
S01005016,717,416,301
S01005017,612,219,393
S01005018,468,246,222
S01005019,1121,859,262
S01005020,722,352,370
S01005021,827,280,547
S01005022,570,283,287
S01005023,765,360,405
S01005024,779,380,399
S01005025,572,231,341
S01005026,578,188,390
S01005027,646,270,376
S01005028,729,345,384
S01005029,817,513,304
S01005030,826,348,478
S01005031,611,398,213
S01005032,727,347,380
S01005033,602,222,380
S01005034,662,229,433
S01005035,827,337,490
S01005036,579,251,328
S01005037,1047,822,225
S01005038,698,259,439
S01005039,907,336,571
S01005040,1055,856,199
S01005041,650,557,93
S01005042,678,228,450
S01005043,671,346,325
S01005044,798,499,299
S01005045,838,330,508
S01005046,1051,495,556
S01005047,1399,1118,281
S01005048,505,164,341
S01005049,751,514,237
S01005050,720,512,208
S01005051,710,285,425
S01005052,723,253,470
S01005053,621,444,177
S01005054,459,255,204
S01005055,643,371,272
S01005056,684,498,186
S01005057,581,389,192
S01005058,758,532,226
S01005059,421,234,187
S01005060,578,361,217
S01005061,996,535,461
S01005062,415,138,277
S01005063,389,176,213
S01005064,609,238,371
S01005065,1073,731,342
S01005066,582,406,176
S01005067,529,268,261
S01005068,538,284,254
S01005069,465,300,165
S01005070,941,544,397
S01005071,153,91,62
S01005072,521,329,192
S01005073,521,226,295
S01005074,955,368,587
S01005075,321,229,92
S01005076,620,375,245
S01005077,783,376,407
S01005078,588,359,229
S01005079,508,302,206
S01005080,354,194,160
S01005081,523,293,230
S01005082,542,240,302
S01005083,836,441,395
S01005084,502,304,198
S01005085,457,243,214
S01005086,1281,711,570
S01005087,402,195,207
S01005088,484,199,285
S01005089,669,300,369
S01005090,724,319,405
S01005091,552,203,349
S01005092,571,276,295
S01005093,605,335,270
S01005094,637,222,415
S01005095,1296,480,816
S01005096,573,260,313
S01005097,675,246,429
S01005098,621,296,325
S01005099,678,306,372
S01005100,733,293,440
S01005101,832,464,368
S01005102,750,324,426
S01005103,963,466,497
S01005104,745,407,338
S01005105,745,403,342
S01005106,462,238,224
S01005107,375,151,224
S01005108,522,242,280
S01005109,1166,376,790
S01005110,978,415,563
S01005111,445,190,255
S01005112,725,287,438
S01005113,873,419,454
S01005114,761,461,300
S01005115,804,422,382
S01005116,527,248,279
S01005117,835,329,506
S01005118,704,340,364
S01005119,655,195,460
S01005120,602,245,357
S01005121,780,289,491
S01005122,719,324,395
S01005123,654,239,415
S01005124,594,288,306
S01005125,715,502,213
S01005126,547,231,316
S01005127,539,303,236
S01005128,856,419,437
S01005129,771,346,425
S01005130,530,320,210
S01005131,780,385,395
S01005132,623,304,319
S01005133,342,143,199
S01005134,849,433,416
S01005135,645,300,345
S01005136,715,418,297
S01005137,786,304,482
S01005138,965,488,477
S01005139,618,342,276
S01005140,532,206,326
S01005141,734,306,428
S01005142,503,205,298
S01005143,960,530,430
S01005144,1080,542,538
S01005145,657,298,359
S01005146,640,288,352
S01005147,789,358,431
S01005148,661,289,372
S01005149,492,250,242
S01005150,529,241,288
S01005151,566,286,280
S01005152,1347,616,731
S01005153,690,263,427
S01005154,543,238,305
S01005155,563,236,327
S01005156,537,296,241
S01005157,725,467,258
S01005158,588,274,314
S01005159,754,424,330
S01005160,876,514,362
S01005161,739,406,333
S01005162,750,487,263
S01005163,509,325,184
S01005164,721,381,340
S01005165,608,363,245
S01005166,762,445,317
S01005167,501,350,151
S01005168,555,259,296
S01005169,487,231,256
S01005170,662,287,375
S01005171,737,480,257
S01005172,1069,391,678
S01005173,558,255,303
S01005174,589,418,171
S01005175,834,465,369
S01005176,566,403,163
S01005177,650,506,144
S01005178,801,447,354
S01005179,763,436,327
S01005180,692,266,426
S01005181,700,261,439
S01005182,581,438,143
S01005183,750,467,283
S01005184,630,469,161
S01005185,429,251,178
S01005186,666,379,287
S01005187,866,485,381
S01005188,770,250,520
S01005189,735,479,256
S01005190,763,316,447
S01005191,687,415,272
S01005192,928,454,474
S01005193,683,272,411
S01005194,498,264,234
S01005195,741,268,473
S01005196,564,398,166
S01005197,635,454,181
S01005198,735,309,426
S01005199,671,391,280
S01005200,465,217,248
S01005201,763,473,290
S01005202,706,428,278
S01005203,671,318,353
S01005204,433,174,259
S01005205,897,459,438
S01005206,826,358,468
S01005207,756,489,267
S01005208,461,356,105
S01005209,763,450,313
S01005210,852,625,227
S01005211,571,408,163
S01005212,478,256,222
S01005213,772,376,396
S01005214,766,593,173
S01005215,810,481,329
S01005216,587,403,184
S01005217,783,458,325
S01005218,805,559,246
S01005219,787,458,329
S01005220,575,345,230
S01005221,587,273,314
S01005222,468,287,181
S01005223,615,341,274
S01005224,582,243,339
S01005225,830,401,429
S01005226,429,247,182
S01005227,903,623,280
S01005228,733,273,460
S01005229,984,759,225
S01005230,658,355,303
S01005231,588,327,261
S01005232,982,696,286
S01005233,615,440,175
S01005234,1164,727,437
S01005235,564,343,221
S01005236,938,489,449
S01005237,865,360,505
S01005238,696,355,341
S01005239,997,780,217
S01005240,711,582,129
S01005241,800,292,508
S01005242,971,774,197
S01005243,915,756,159
S01005244,737,276,461
S01005245,592,462,130
S01005246,744,643,101
S01005247,416,326,90
S01005248,562,436,126
S01005249,745,620,125
S01005250,715,623,92
S01005251,635,439,196
S01005252,392,286,106
S01005253,406,226,180
S01005254,788,606,182
S01005255,615,499,116
S01005256,692,303,389
S01005257,785,470,315
S01005258,829,336,493
S01005259,402,282,120
S01005260,544,407,137
S01005261,473,349,124
S01005262,1060,650,410
S01005263,419,338,81
S01005264,546,343,203
S01005265,403,326,77
S01005266,721,448,273
S01005267,817,537,280
S01005268,1135,939,196
S01005269,783,436,347
S01005270,874,375,499
S01005271,441,149,292
S01005272,433,359,74
S01005273,580,280,300
S01005274,622,464,158
S01005275,497,384,113
S01005276,584,390,194
S01005277,527,266,261
S01005278,685,378,307
S01005279,420,158,262
S01005280,622,477,145
S01005281,589,349,240
S01005282,574,409,165
S01005283,639,214,425
S01005284,529,401,128
S01005285,542,254,288
S01005286,635,222,413
S01005287,890,537,353
S01005288,623,366,257
S01005289,802,530,272
S01005290,509,323,186
S01005291,580,255,325
S01005292,601,425,176
S01005293,626,393,233
S01005294,444,126,318
S01005295,485,321,164
S01005296,645,215,430
S01005297,633,278,355
S01005298,843,328,515
S01005299,454,174,280
S01005300,735,303,432
S01005301,674,254,420
S01005302,832,476,356
S01005303,701,372,329
S01005304,569,249,320
S01005305,611,365,246
S01005306,715,282,433
S01005307,753,238,515
S01005308,400,272,128
S01005309,725,391,334
S01005310,849,519,330
S01005311,686,341,345
S01005312,877,491,386
S01005313,727,351,376
S01005314,407,119,288
S01005315,674,463,211
S01005316,714,339,375
S01005317,451,159,292
S01005318,480,244,236
S01005319,523,184,339
S01005320,500,243,257
S01005321,520,298,222
S01005322,1390,721,669
S01005323,648,372,276
S01005324,690,413,277
S01005325,1866,1162,704
S01005326,712,523,189
S01005327,490,327,163
S01005328,626,546,80
S01005329,534,246,288
S01005330,593,341,252
S01005331,584,400,184
S01005332,506,231,275
S01005333,676,252,424
S01005334,871,370,501
S01005335,426,159,267
S01005336,473,215,258
S01005337,718,277,441
S01005338,427,145,282
S01005339,610,291,319
S01005340,438,191,247
S01005341,516,257,259
S01005342,602,311,291
S01005343,732,290,442
S01005344,579,296,283
S01005345,594,238,356
S01005346,662,251,411
S01005347,572,226,346
S01005348,770,427,343
S01005349,682,310,372
S01005350,586,212,374
S01005351,1168,629,539
S01005352,724,397,327
S01005353,830,467,363
S01005354,722,270,452
S01005355,588,318,270
S01005356,567,199,368
S01005357,647,390,257
S01005358,649,323,326
S01005359,707,253,454
S01005360,665,224,441
S01005361,780,264,516
S01005362,668,316,352
S01005363,575,232,343
S01005364,791,281,510
S01005365,746,288,458
S01005366,582,221,361
S01005367,662,424,238
S01005368,570,347,223
S01005369,861,566,295
S01005370,746,371,375
S01005371,818,333,485
S01005372,783,477,306
S01005373,645,384,261
S01005374,779,488,291
S01005375,799,366,433
S01005376,848,416,432
S01005377,699,377,322
S01005378,590,351,239
S01005379,742,370,372
S01005380,518,288,230
S01005381,487,290,197
S01005382,579,376,203
S01005383,494,173,321
S01005384,807,283,524
S01005385,809,304,505
S01005386,555,250,305
S01005387,746,351,395
S01005388,625,288,337
S01005389,670,445,225
S01005390,674,347,327
S01005391,630,301,329
S01005392,694,277,417
S01005393,786,360,426
S01005394,694,259,435
S01005395,808,297,511
S01005396,603,270,333
S01005397,489,216,273
S01005398,811,308,503
S01005399,818,442,376
S01005400,858,469,389
S01005401,734,331,403
S01005402,871,452,419
S01005403,731,392,339
S01005404,827,332,495
S01005405,474,197,277
S01005406,460,214,246
S01005407,1148,419,729
S01005408,483,278,205
S01005409,586,253,333
S01005410,835,352,483
S01005411,823,317,506
S01005412,790,355,435
S01005413,815,577,238
S01005414,835,393,442
S01005415,857,392,465
S01005416,832,525,307
S01005417,949,427,522
S01005418,949,403,546
S01005419,607,275,332
S01005420,660,241,419
S01005421,704,328,376
S01005422,850,490,360
S01005423,799,367,432
S01005424,713,362,351
S01005425,764,496,268
S01005426,623,386,237
S01005427,669,447,222
S01005428,879,487,392
S01005429,649,430,219
S01005430,487,172,315
S01005431,548,314,234
S01005432,617,394,223
S01005433,726,445,281
S01005434,724,536,188
S01005435,904,426,478
S01005436,807,444,363
S01005437,763,383,380
S01005438,638,321,317
S01005439,596,364,232
S01005440,1007,419,588
S01005441,842,467,375
S01005442,1484,537,947
S01005443,981,427,554
S01005444,1071,427,644
S01005445,830,371,459
S01005446,626,335,291
S01005447,740,283,457
S01005448,717,293,424
S01005449,814,325,489
S01005450,1022,487,535
S01005451,785,341,444
S01005452,735,188,547
S01005453,659,322,337
S01005454,815,426,389
S01005455,789,486,303
S01005456,700,351,349
S01005457,780,436,344
S01005458,566,330,236
S01005459,749,283,466
S01005460,691,299,392
S01005461,639,285,354
S01005462,912,339,573
S01005463,487,228,259
S01005464,538,252,286
S01005465,490,233,257
S01005466,899,355,544
S01005467,433,175,258
S01005468,760,313,447
S01005469,748,305,443
S01005470,587,229,358
S01005471,581,188,393
S01005472,1090,409,681
S01005473,816,336,480
S01005474,755,388,367
S01005475,769,278,491
S01005476,749,277,472
S01005477,706,332,374
S01005478,644,325,319
S01005479,488,210,278
S01005480,1098,401,697
S01005481,554,266,288
S01005482,565,242,323
S01005483,752,333,419
S01005484,465,210,255
S01005485,673,349,324
S01005486,725,364,361
S01005487,663,392,271
S01005488,646,333,313
S01005489,801,337,464
S01005490,585,271,314
S01005491,723,292,431
S01005492,755,331,424
S01005493,579,232,347
S01005494,661,303,358
S01005495,620,290,330
S01005496,860,388,472
S01005497,650,245,405
S01005498,826,491,335
S01005499,531,331,200
S01005500,584,302,282
S01005501,813,409,404
S01005502,730,408,322
S01005503,514,295,219
S01005504,533,344,189
S01005505,505,327,178
S01005506,768,480,288
S01005507,487,295,192
S01005508,599,376,223
S01005509,487,239,248
S01005510,554,230,324
S01005511,502,223,279
S01005512,563,275,288
S01005513,639,299,340
S01005514,500,231,269
S01005515,451,182,269
S01005516,456,180,276
S01005517,763,410,353
S01005518,843,438,405
S01005519,540,259,281
S01005520,794,327,467
S01005521,589,272,317
S01005522,544,236,308
S01005523,680,282,398
S01005524,678,287,391
S01005525,539,252,287
S01005526,523,327,196
S01005527,383,241,142
S01005528,466,256,210
S01005529,752,389,363
S01005530,497,305,192
S01005531,475,258,217
S01005532,716,371,345
S01005533,622,296,326
S01005534,514,261,253
S01005535,694,359,335
S01005536,764,299,465
S01005537,629,306,323
S01005538,696,305,391
S01005539,725,341,384
S01005540,595,353,242
S01005541,527,308,219
S01005542,616,314,302
S01005543,645,338,307
S01005544,578,358,220
S01005545,978,376,602
S01005546,616,270,346
S01005547,808,378,430
S01005548,1115,448,667
S01005549,1194,512,682
S01005550,498,124,374
S01005551,757,191,566
S01005552,649,208,441
S01005553,669,208,461
S01005554,578,201,377
S01005555,699,174,525
S01005556,505,233,272
S01005557,566,290,276
S01005558,614,206,408
S01005559,491,278,213
S01005560,480,297,183
S01005561,725,278,447
S01005562,787,286,501
S01005563,653,405,248
S01005564,732,230,502
S01005565,473,170,303
S01005566,430,278,152
S01005567,827,469,358
S01005568,450,240,210
S01005569,584,219,365
S01005570,618,316,302
S01005571,554,228,326
S01005572,676,257,419
S01005573,562,300,262
S01005574,690,356,334
S01005575,571,208,363
S01005576,673,332,341
S01005577,743,359,384
S01005578,770,406,364
S01005579,803,317,486
S01005580,587,287,300
S01005581,629,338,291
S01005582,674,309,365
S01005583,558,232,326
S01005584,470,158,312
S01005585,811,580,231
S01005586,741,470,271
S01005587,883,508,375
S01005588,606,384,222
S01005589,1194,861,333
S01005590,699,553,146
S01005591,781,478,303
S01005592,359,283,76
S01005593,639,382,257
S01005594,860,675,185
S01005595,637,415,222
S01005596,426,259,167
S01005597,869,549,320
S01005598,845,655,190
S01005599,489,318,171
S01005600,602,447,155
S01005601,582,341,241
S01005602,523,341,182
S01005603,589,398,191
S01005604,377,227,150
S01005605,807,443,364
S01005606,529,314,215
S01005607,552,290,262
S01005608,710,306,404
S01005609,694,393,301
S01005610,459,239,220
S01005611,527,375,152
S01005612,614,284,330
S01005613,653,370,283
S01005614,623,314,309
S01005615,815,472,343
S01005616,536,238,298
S01005617,674,395,279
S01005618,529,331,198
S01005619,446,179,267
S01005620,434,215,219
S01005621,515,241,274
S01005622,759,312,447
S01005623,621,331,290
S01005624,737,259,478
S01005625,750,347,403
S01005626,660,370,290
S01005627,539,202,337
S01005628,909,529,380
S01005629,665,242,423
S01005630,460,243,217
S01005631,584,293,291
S01005632,437,245,192
S01005633,651,379,272
S01005634,632,250,382
S01005635,715,345,370
S01005636,704,303,401
S01005637,865,404,461
S01005638,824,395,429
S01005639,568,304,264
S01005640,560,256,304
S01005641,859,404,455
S01005642,709,292,417
S01005643,519,190,329
S01005644,560,170,390
S01005645,703,263,440
S01005646,642,411,231
S01005647,663,297,366
S01005648,797,372,425
S01005649,897,574,323
S01005650,438,257,181
S01005651,641,444,197
S01005652,549,213,336
S01005653,670,352,318
S01005654,626,331,295
S01005655,867,351,516
S01005656,661,440,221
S01005657,446,220,226
S01005658,677,255,422
S01005659,761,248,513
S01005660,489,308,181
S01005661,497,236,261
S01005662,486,170,316
S01005663,533,175,358
S01005664,437,160,277
S01005665,387,160,227
S01005666,1047,520,527
S01005667,627,230,397
S01005668,648,315,333
S01005669,433,203,230
S01005670,631,291,340
S01005671,435,199,236
S01005672,664,403,261
S01005673,542,219,323
S01005674,723,363,360
S01005675,775,471,304
S01005676,683,333,350
S01005677,677,236,441
S01005678,715,261,454
S01005679,944,526,418
S01005680,651,247,404
S01005681,851,416,435
S01005682,646,309,337
S01005683,653,412,241
S01005684,911,469,442
S01005685,734,351,383
S01005686,684,337,347
S01005687,590,214,376
S01005688,764,312,452
S01005689,405,134,271
S01005690,618,268,350
S01005691,568,206,362
S01005692,547,236,311
S01005693,1327,548,779
S01005694,438,258,180
S01005695,431,231,200
S01005696,550,283,267
S01005697,523,315,208
S01005698,497,203,294
S01005699,769,492,277
S01005700,441,199,242
S01005701,596,385,211
S01005702,574,326,248
S01005703,484,161,323
S01005704,555,325,230
S01005705,732,303,429
S01005706,646,220,426
S01005707,490,311,179
S01005708,588,333,255
S01005709,623,331,292
S01005710,399,165,234
S01005711,794,358,436
S01005712,455,257,198
S01005713,512,240,272
S01005714,1005,450,555
S01005715,600,295,305
S01005716,456,140,316
S01005717,412,175,237
S01005718,692,432,260
S01005719,392,138,254
S01005720,595,222,373
S01005721,577,354,223
S01005722,424,144,280
S01005723,625,305,320
S01005724,481,164,317
S01005725,621,283,338
S01005726,878,340,538
S01005727,1031,431,600
S01005728,634,322,312
S01005729,476,271,205
S01005730,584,299,285
S01005731,668,322,346
S01005732,676,409,267
S01005733,583,210,373
S01005734,572,256,316
S01005735,575,254,321
S01005736,665,322,343
S01005737,604,340,264
S01005738,704,408,296
S01005739,790,390,400
S01005740,620,262,358
S01005741,847,369,478
S01005742,789,332,457
S01005743,904,315,589
S01005744,762,385,377
S01005745,964,505,459
S01005746,671,268,403
S01005747,697,312,385
S01005748,543,353,190
S01005749,653,253,400
S01005750,606,281,325
S01005751,624,274,350
S01005752,523,349,174
S01005753,549,283,266
S01005754,884,452,432
S01005755,565,329,236
S01005756,680,375,305
S01005757,441,281,160
S01005758,674,349,325
S01005759,641,397,244
S01005760,529,237,292
S01005761,585,267,318
S01005762,553,317,236
S01005763,1891,799,1092
S01005764,482,295,187
S01005765,748,490,258
S01005766,565,268,297
S01005767,595,268,327
S01005768,707,403,304
S01005769,597,364,233
S01005770,537,348,189
S01005771,618,224,394
S01005772,613,227,386
S01005773,724,267,457
S01005774,561,277,284
S01005775,633,357,276
S01005776,597,237,360
S01005777,436,204,232
S01005778,588,334,254
S01005779,614,259,355
S01005780,1065,386,679
S01005781,815,466,349
S01005782,673,406,267
S01005783,443,200,243
S01005784,563,293,270
S01005785,603,214,389
S01005786,489,227,262
S01005787,593,294,299
S01005788,455,260,195
S01005789,662,316,346
S01005790,397,193,204
S01005791,395,183,212
S01005792,638,353,285
S01005793,435,204,231
S01005794,818,340,478
S01005795,517,253,264
S01005796,879,344,535
S01005797,771,255,516
S01005798,491,273,218
S01005799,570,295,275
S01005800,532,276,256
S01005801,550,297,253
S01005802,708,275,433
S01005803,612,342,270
S01005804,2828,1098,1730
S01005805,464,179,285
S01005806,614,327,287
S01005807,647,395,252
S01005808,559,340,219
S01005809,516,231,285
S01005810,392,201,191
S01005811,427,238,189
S01005812,466,231,235
S01005813,647,327,320
S01005814,597,335,262
S01005815,884,505,379
S01005816,837,386,451
S01005817,416,164,252
S01005818,584,198,386
S01005819,557,298,259
S01005820,527,321,206
S01005821,397,209,188
S01005822,662,351,311
S01005823,502,250,252
S01005824,572,217,355
S01005825,549,297,252
S01005826,728,238,490
S01005827,568,234,334
S01005828,622,393,229
S01005829,633,296,337
S01005830,761,467,294
S01005831,950,398,552
S01005832,595,356,239
S01005833,524,257,267
S01005834,516,303,213
S01005835,595,236,359
S01005836,555,207,348
S01005837,392,162,230
S01005838,565,270,295
S01005839,659,286,373
S01005840,669,364,305
S01005841,530,300,230
S01005842,430,228,202
S01005843,520,209,311
S01005844,578,306,272
S01005845,413,158,255
S01005846,760,542,218
S01005847,659,381,278
S01005848,451,280,171
S01005849,666,327,339
S01005850,653,364,289
S01005851,585,370,215
S01005852,422,218,204
S01005853,851,484,367
S01005854,626,321,305
S01005855,716,488,228
S01005856,632,355,277
S01005857,605,361,244
S01005858,550,267,283
S01005859,593,325,268
S01005860,626,382,244
S01005861,678,230,448
S01005862,628,324,304
S01005863,1303,625,678
S01005864,744,415,329
S01005865,653,339,314
S01005866,675,347,328
S01005867,739,370,369
S01005868,587,228,359
S01005869,566,338,228
S01005870,605,329,276
S01005871,572,298,274
S01005872,641,284,357
S01005873,809,438,371
S01005874,572,417,155
S01005875,634,291,343
S01005876,695,232,463
S01005877,717,352,365
S01005878,489,224,265
S01005879,538,257,281
S01005880,631,428,203
S01005881,624,384,240
S01005882,1174,367,807
S01005883,397,209,188
S01005884,614,269,345
S01005885,506,193,313
S01005886,593,197,396
S01005887,417,264,153
S01005888,506,290,216
S01005889,779,509,270
S01005890,575,220,355
S01005891,495,316,179
S01005892,572,384,188
S01005893,594,333,261
S01005894,619,345,274
S01005895,506,184,322
S01005896,602,212,390
S01005897,631,304,327
S01005898,581,316,265
S01005899,624,420,204
S01005900,516,175,341
S01005901,575,242,333
S01005902,739,316,423
S01005903,798,484,314
S01005904,784,407,377
S01005905,630,283,347
S01005906,684,354,330
S01005907,631,401,230
S01005908,767,501,266
S01005909,423,175,248
S01005910,600,241,359
S01005911,1126,553,573
S01005912,675,370,305
S01005913,648,456,192
S01005914,869,568,301
S01005915,580,335,245
S01005916,568,181,387
S01005917,685,449,236
S01005918,732,405,327
S01005919,418,140,278
S01005920,736,405,331
S01005921,554,260,294
S01005922,783,479,304
S01005923,569,329,240
S01005924,500,173,327
S01005925,579,227,352
S01005926,868,497,371
S01005927,607,250,357
S01005928,615,405,210
S01005929,643,371,272
S01005930,810,422,388
S01005931,629,328,301
S01005932,509,348,161
S01005933,691,275,416
S01005934,603,343,260
S01005935,512,328,184
S01005936,706,376,330
S01005937,467,152,315
S01005938,629,400,229
S01005939,558,374,184
S01005940,695,465,230
S01005941,372,119,253
S01005942,774,532,242
S01005943,683,395,288
S01005944,872,563,309
S01005945,633,361,272
S01005946,745,445,300
S01005947,617,463,154
S01005948,670,373,297
S01005949,490,344,146
S01005950,477,326,151
S01005951,1036,717,319
S01005952,1061,767,294
S01005953,990,504,486
S01005954,386,262,124
S01005955,644,456,188
S01005956,637,392,245
S01005957,868,550,318
S01005958,476,267,209
S01005959,442,315,127
S01005960,460,252,208
S01005961,883,538,345
S01005962,400,233,167
S01005963,499,285,214
S01005964,585,394,191
S01005965,730,470,260
S01005966,1085,637,448
S01005967,784,538,246
S01005968,974,457,517
S01005969,609,302,307
S01005970,654,364,290
S01005971,349,209,140
S01005972,602,377,225
S01005973,698,392,306
S01005974,623,368,255
S01005975,544,314,230
S01005976,666,298,368
S01005977,586,288,298
S01005978,593,270,323
S01005979,731,403,328
S01005980,483,186,297
S01005981,661,286,375
S01005982,549,341,208
S01005983,716,245,471
S01005984,734,319,415
S01005985,624,365,259
S01005986,876,353,523
S01005987,456,258,198
S01005988,462,290,172
S01005989,573,227,346
S01005990,1073,777,296
S01005991,565,295,270
S01005992,468,331,137
S01005993,578,251,327
S01005994,742,432,310
S01005995,529,384,145
S01005996,640,278,362
S01005997,494,303,191
S01005998,518,423,95
S01005999,1081,392,689
S01006000,598,383,215
S01006001,583,297,286
S01006002,451,253,198
S01006003,560,330,230
S01006004,1059,480,579
S01006005,436,240,196
S01006006,651,267,384
S01006007,391,302,89
S01006008,572,382,190
S01006009,407,177,230
S01006010,774,284,490
S01006011,638,411,227
S01006012,639,409,230
S01006013,474,158,316
S01006014,561,345,216
S01006015,631,286,345
S01006016,774,321,453
S01006017,951,458,493
S01006018,671,247,424
S01006019,1000,554,446
S01006020,694,254,440
S01006021,873,396,477
S01006022,486,330,156
S01006023,561,202,359
S01006024,665,410,255
S01006025,771,471,300
S01006026,631,350,281
S01006027,609,292,317
S01006028,531,325,206
S01006029,554,253,301
S01006030,759,302,457
S01006031,1146,620,526
S01006032,786,556,230
S01006033,906,453,453
S01006034,1337,805,532
S01006035,806,380,426
S01006036,1714,722,992
S01006037,699,345,354
S01006038,774,389,385
S01006039,663,321,342
S01006040,653,404,249
S01006041,807,558,249
S01006042,698,344,354
S01006043,456,217,239
S01006044,948,522,426
S01006045,557,278,279
S01006046,577,333,244
S01006047,623,384,239
S01006048,592,243,349
S01006049,670,367,303
S01006050,638,394,244
S01006051,655,353,302
S01006052,695,356,339
S01006053,688,272,416
S01006054,689,376,313
S01006055,539,290,249
S01006056,768,258,510
S01006057,429,323,106
S01006058,645,407,238
S01006059,765,501,264
S01006060,608,415,193
S01006061,442,368,74
S01006062,608,433,175
S01006063,424,341,83
S01006064,621,465,156
S01006065,660,526,134
S01006066,845,557,288
S01006067,790,341,449
S01006068,444,210,234
S01006069,683,206,477
S01006070,544,185,359
S01006071,728,221,507
S01006072,477,196,281
S01006073,364,144,220
S01006074,556,213,343
S01006075,839,474,365
S01006076,799,455,344
S01006077,963,471,492
S01006078,1146,527,619
S01006079,572,310,262
S01006080,794,404,390
S01006081,597,209,388
S01006082,691,403,288
S01006083,853,398,455
S01006084,663,353,310
S01006085,609,300,309
S01006086,755,402,353
S01006087,624,326,298
S01006088,603,272,331
S01006089,615,376,239
S01006090,641,364,277
S01006091,676,258,418
S01006092,473,277,196
S01006093,578,276,302
S01006094,718,421,297
S01006095,735,343,392
S01006096,504,279,225
S01006097,792,480,312
S01006098,586,351,235
S01006099,439,164,275
S01006100,307,202,105
S01006101,561,329,232
S01006102,704,463,241
S01006103,554,303,251
S01006104,595,312,283
S01006105,676,354,322
S01006106,651,322,329
S01006107,527,311,216
S01006108,722,415,307
S01006109,730,342,388
S01006110,598,367,231
S01006111,788,390,398
S01006112,585,287,298
S01006113,746,228,518
S01006114,585,341,244
S01006115,697,336,361
S01006116,695,204,491
S01006117,703,358,345
S01006118,492,214,278
S01006119,953,408,545
S01006120,1038,826,212
S01006121,463,324,139
S01006122,780,317,463
S01006123,661,580,81
S01006124,619,497,122
S01006125,799,536,263
S01006126,818,726,92
S01006127,688,563,125
S01006128,839,749,90
S01006129,607,301,306
S01006130,372,228,144
S01006131,770,277,493
S01006132,653,446,207
S01006133,490,172,318
S01006134,404,216,188
S01006135,437,347,90
S01006136,886,677,209
S01006137,814,610,204
S01006138,530,212,318
S01006139,328,181,147
S01006140,707,362,345
S01006141,1576,973,603
S01006142,546,216,330
S01006143,549,245,304
S01006144,813,315,498
S01006145,882,523,359
S01006146,680,279,401
S01006147,677,405,272
S01006148,650,314,336
S01006149,888,380,508
S01006150,823,379,444
S01006151,1971,1884,87
S01006152,609,157,452
S01006153,475,170,305
S01006154,618,172,446
S01006155,624,291,333
S01006156,493,231,262
S01006157,632,336,296
S01006158,693,231,462
S01006159,687,322,365
S01006160,632,163,469
S01006161,610,221,389
S01006162,520,166,354
S01006163,626,283,343
S01006164,478,198,280
S01006165,578,273,305
S01006166,686,223,463
S01006167,1195,372,823
S01006168,804,378,426
S01006169,587,281,306
S01006170,807,353,454
S01006171,772,434,338
S01006172,390,177,213
S01006173,520,226,294
S01006174,515,245,270
S01006175,649,289,360
S01006176,554,291,263
S01006177,481,347,134
S01006178,688,394,294
S01006179,597,335,262
S01006180,614,426,188
S01006181,580,400,180
S01006182,559,460,99
S01006183,625,458,167
S01006184,627,354,273
S01006185,787,439,348
S01006186,972,633,339
S01006187,604,448,156
S01006188,507,333,174
S01006189,517,374,143
S01006190,669,365,304
S01006191,481,367,114
S01006192,541,402,139
S01006193,774,564,210
S01006194,710,494,216
S01006195,750,557,193
S01006196,728,438,290
S01006197,672,424,248
S01006198,531,457,74
S01006199,539,359,180
S01006200,772,403,369
S01006201,760,459,301
S01006202,529,413,116
S01006203,475,233,242
S01006204,782,456,326
S01006205,573,298,275
S01006206,613,333,280
S01006207,723,445,278
S01006208,608,361,247
S01006209,560,264,296
S01006210,649,346,303
S01006211,437,311,126
S01006212,625,219,406
S01006213,858,467,391
S01006214,692,421,271
S01006215,645,350,295
S01006216,523,232,291
S01006217,783,490,293
S01006218,476,233,243
S01006219,800,474,326
S01006220,659,278,381
S01006221,704,457,247
S01006222,836,523,313
S01006223,604,258,346
S01006224,532,265,267
S01006225,677,460,217
S01006226,577,216,361
S01006227,736,356,380
S01006228,581,189,392
S01006229,666,507,159
S01006230,740,523,217
S01006231,647,464,183
S01006232,834,303,531
S01006233,623,367,256
S01006234,557,343,214
S01006235,611,272,339
S01006236,495,331,164
S01006237,816,463,353
S01006238,819,463,356
S01006239,360,151,209
S01006240,600,445,155
S01006241,891,662,229
S01006242,633,407,226
S01006243,495,221,274
S01006244,652,358,294
S01006245,466,287,179
S01006246,597,357,240
S01006247,706,349,357
S01006248,706,271,435
S01006249,615,431,184
S01006250,576,379,197
S01006251,502,254,248
S01006252,524,232,292
S01006253,463,311,152
S01006254,633,278,355
S01006255,733,350,383
S01006256,519,341,178
S01006257,649,386,263
S01006258,659,449,210
S01006259,522,377,145
S01006260,439,342,97
S01006261,618,407,211
S01006262,657,395,262
S01006263,664,407,257
S01006264,752,305,447
S01006265,650,362,288
S01006266,741,490,251
S01006267,451,287,164
S01006268,542,264,278
S01006269,455,301,154
S01006270,733,423,310
S01006271,524,334,190
S01006272,708,445,263
S01006273,424,254,170
S01006274,451,240,211
S01006275,618,307,311
S01006276,674,385,289
S01006277,578,286,292
S01006278,872,565,307
S01006279,1022,566,456
S01006280,564,378,186
S01006281,620,398,222
S01006282,563,327,236
S01006283,603,350,253
S01006284,622,375,247
S01006285,648,340,308
S01006286,917,513,404
S01006287,510,240,270
S01006288,627,434,193
S01006289,734,411,323
S01006290,709,476,233
S01006291,433,320,113
S01006292,710,287,423
S01006293,727,252,475
S01006294,509,205,304
S01006295,668,292,376
S01006296,763,299,464
S01006297,600,314,286
S01006298,797,344,453
S01006299,617,356,261
S01006300,629,419,210
S01006301,511,335,176
S01006302,741,358,383
S01006303,546,289,257
S01006304,619,351,268
S01006305,585,293,292
S01006306,634,304,330
S01006307,779,440,339
S01006308,499,299,200
S01006309,917,425,492
S01006310,666,315,351
S01006311,607,321,286
S01006312,1074,741,333
S01006313,1035,538,497
S01006314,552,162,390
S01006315,641,396,245
S01006316,705,303,402
S01006317,788,441,347
S01006318,577,316,261
S01006319,757,426,331
S01006320,783,477,306
S01006321,611,175,436
S01006322,565,173,392
S01006323,806,361,445
S01006324,512,147,365
S01006325,558,278,280
S01006326,747,531,216
S01006327,467,277,190
S01006328,499,318,181
S01006329,883,405,478
S01006330,570,334,236
S01006331,597,279,318
S01006332,480,246,234
S01006333,711,436,275
S01006334,654,354,300
S01006335,701,353,348
S01006336,880,261,619
S01006337,1029,359,670
S01006338,686,302,384
S01006339,798,405,393
S01006340,558,278,280
S01006341,569,241,328
S01006342,573,316,257
S01006343,959,566,393
S01006344,564,301,263
S01006345,576,276,300
S01006346,522,248,274
S01006347,501,196,305
S01006348,456,198,258
S01006349,389,223,166
S01006350,543,353,190
S01006351,1009,600,409
S01006352,546,319,227
S01006353,481,192,289
S01006354,741,399,342
S01006355,550,351,199
S01006356,538,256,282
S01006357,581,217,364
S01006358,522,363,159
S01006359,896,397,499
S01006360,542,284,258
S01006361,882,511,371
S01006362,627,309,318
S01006363,556,249,307
S01006364,3080,1493,1587
S01006365,752,317,435
S01006366,582,219,363
S01006367,599,309,290
S01006368,634,262,372
S01006369,1250,567,683
S01006370,782,325,457
S01006371,480,197,283
S01006372,597,349,248
S01006373,694,358,336
S01006374,501,263,238
S01006375,492,289,203
S01006376,794,407,387
S01006377,439,256,183
S01006378,379,145,234
S01006379,575,312,263
S01006380,537,323,214
S01006381,408,222,186
S01006382,542,319,223
S01006383,466,246,220
S01006384,620,267,353
S01006385,798,462,336
S01006386,822,515,307
S01006387,705,360,345
S01006388,892,580,312
S01006389,534,300,234
S01006390,538,323,215
S01006391,797,245,552
S01006392,771,430,341
S01006393,1019,587,432
S01006394,561,304,257
S01006395,923,598,325
S01006396,475,319,156
S01006397,764,315,449
S01006398,717,380,337
S01006399,591,302,289
S01006400,1033,432,601
S01006401,828,525,303
S01006402,515,372,143
S01006403,619,347,272
S01006404,720,458,262
S01006405,851,533,318
S01006406,311,214,97
S01006407,519,245,274
S01006408,815,512,303
S01006409,1124,655,469
S01006410,581,359,222
S01006411,792,455,337
S01006412,528,319,209
S01006413,405,236,169
S01006414,407,189,218
S01006415,668,292,376
S01006416,766,518,248
S01006417,593,287,306
S01006418,505,294,211
S01006419,436,264,172
S01006420,660,415,245
S01006421,636,257,379
S01006422,519,332,187
S01006423,481,252,229
S01006424,471,284,187
S01006425,1042,535,507
S01006426,942,407,535
S01006427,639,367,272
S01006428,605,343,262
S01006429,528,391,137
S01006430,548,177,371
S01006431,386,136,250
S01006432,536,278,258
S01006433,473,274,199
S01006434,623,346,277
S01006435,358,166,192
S01006436,599,336,263
S01006437,715,372,343
S01006438,566,414,152
S01006439,730,473,257
S01006440,671,371,300
S01006441,510,320,190
S01006442,619,320,299
S01006443,382,202,180
S01006444,461,232,229
S01006445,570,300,270
S01006446,721,304,417
S01006447,491,300,191
S01006448,723,306,417
S01006449,396,164,232
S01006450,444,290,154
S01006451,843,498,345
S01006452,487,267,220
S01006453,739,457,282
S01006454,506,183,323
S01006455,443,298,145
S01006456,1418,600,818
S01006457,858,423,435
S01006458,686,265,421
S01006459,617,262,355
S01006460,409,198,211
S01006461,1346,511,835
S01006462,625,270,355
S01006463,538,241,297
S01006464,587,290,297
S01006465,1192,550,642
S01006466,645,256,389
S01006467,704,325,379
S01006468,976,375,601
S01006469,538,245,293
S01006470,723,457,266
S01006471,682,432,250
S01006472,512,294,218
S01006473,601,221,380
S01006474,603,349,254
S01006475,653,353,300
S01006476,671,389,282
S01006477,683,444,239
S01006478,829,460,369
S01006479,646,329,317
S01006480,681,303,378
S01006481,756,440,316
S01006482,588,311,277
S01006483,728,413,315
S01006484,649,369,280
S01006485,534,155,379
S01006486,585,187,398
S01006487,599,358,241
S01006488,523,189,334
S01006489,662,316,346
S01006490,581,157,424
S01006491,619,169,450
S01006492,561,329,232
S01006493,469,289,180
S01006494,543,204,339
S01006495,633,266,367
S01006496,814,540,274
S01006497,467,228,239
S01006498,1006,475,531
S01006499,784,326,458
S01006500,578,267,311
S01006501,668,231,437
S01006502,470,190,280
S01006503,524,207,317
S01006504,611,229,382
S01006505,576,169,407
