dz_2001,total,single,married
S01000001,623,327,296
S01000002,520,176,344
S01000003,604,218,386
S01000004,496,165,331
S01000005,530,282,248
S01000006,529,249,280
S01000007,619,222,397
S01000008,500,255,245
S01000009,566,239,327
S01000010,458,168,290
S01000011,713,253,460
S01000012,655,204,451
S01000013,716,273,443
S01000014,732,301,431
S01000015,508,234,274
S01000016,430,180,250
S01000017,778,317,461
S01000018,487,198,289
S01000019,396,106,290
S01000020,729,406,323
S01000021,692,317,375
S01000022,510,135,375
S01000023,573,150,423
S01000024,360,113,247
S01000025,664,210,454
S01000026,742,378,364
S01000027,668,225,443
S01000028,788,373,415
S01000029,479,94,385
S01000030,398,181,217
S01000031,674,233,441
S01000032,907,413,494
S01000033,617,362,255
S01000034,789,280,509
S01000035,846,474,372
S01000036,606,347,259
S01000037,674,407,267
S01000038,556,242,314
S01000039,752,427,325
S01000040,766,371,395
S01000041,725,328,397
S01000042,646,383,263
S01000043,763,524,239
S01000044,776,478,298
S01000045,491,168,323
S01000046,629,197,432
S01000047,701,458,243
S01000048,774,323,451
S01000049,639,277,362
S01000050,516,224,292
S01000051,662,232,430
S01000052,531,288,243
S01000053,898,527,371
S01000054,650,260,390
S01000055,585,401,184
S01000056,811,271,540
S01000057,511,310,201
S01000058,544,175,369
S01000059,675,321,354
S01000060,417,297,120
S01000061,836,322,514
S01000062,875,585,290
S01000063,814,399,415
S01000064,547,285,262
S01000065,878,615,263
S01000066,727,497,230
S01000067,765,374,391
S01000068,710,363,347
S01000069,568,365,203
S01000070,502,281,221
S01000071,595,433,162
S01000072,714,313,401
S01000073,497,187,310
S01000074,561,381,180
S01000075,517,384,133
S01000076,631,152,479
S01000077,746,346,400
S01000078,746,603,143
S01000079,839,585,254
S01000080,848,606,242
S01000081,760,299,461
S01000082,779,517,262
S01000083,619,347,272
S01000084,610,478,132
S01000085,536,464,72
S01000086,655,446,209
S01000087,714,427,287
S01000088,586,410,176
S01000089,846,262,584
S01000090,692,455,237
S01000091,879,688,191
S01000092,819,689,130
S01000093,353,277,76
S01000094,549,454,95
S01000095,623,407,216
S01000096,620,356,264
S01000097,773,320,453
S01000098,961,812,149
S01000099,639,208,431
S01000100,715,609,106
S01000101,735,383,352
S01000102,687,516,171
S01000103,555,434,121
S01000104,704,254,450
S01000105,729,294,435
S01000106,514,215,299
S01000107,842,720,122
S01000108,546,367,179
S01000109,861,693,168
S01000110,716,320,396
S01000111,636,344,292
S01000112,846,641,205
S01000113,425,207,218
S01000114,723,516,207
S01000115,729,384,345
S01000116,843,721,122
S01000117,837,412,425
S01000118,582,286,296
S01000119,744,616,128
S01000120,504,360,144
S01000121,637,276,361
S01000122,597,371,226
S01000123,520,180,340
S01000124,942,817,125
S01000125,597,426,171
S01000126,815,667,148
S01000127,637,242,395
S01000128,1496,1377,119
S01000129,527,477,50
S01000130,794,624,170
S01000131,574,360,214
S01000132,716,514,202
S01000133,573,269,304
S01000134,584,338,246
S01000135,636,468,168
S01000136,553,293,260
S01000137,700,570,130
S01000138,778,647,131
S01000139,708,320,388
S01000140,824,409,415
S01000141,807,424,383
S01000142,583,371,212
S01000143,491,117,374
S01000144,526,467,59
S01000145,773,440,333
S01000146,880,775,105
S01000147,677,584,93
S01000148,503,306,197
S01000149,973,780,193
S01000150,486,260,226
S01000151,785,438,347
S01000152,1002,678,324
S01000153,479,378,101
S01000154,488,205,283
S01000155,658,349,309
S01000156,828,667,161
S01000157,618,391,227
S01000158,758,379,379
S01000159,739,276,463
S01000160,690,309,381
S01000161,878,619,259
S01000162,763,399,364
S01000163,829,392,437
S01000164,443,283,160
S01000165,741,507,234
S01000166,1090,831,259
S01000167,610,304,306
S01000168,785,371,414
S01000169,663,277,386
S01000170,959,709,250
S01000171,639,223,416
S01000172,396,184,212
S01000173,650,367,283
S01000174,592,160,432
S01000175,476,391,85
S01000176,710,622,88
S01000177,484,287,197
S01000178,606,306,300
S01000179,645,437,208
S01000180,560,271,289
S01000181,481,260,221
S01000182,701,335,366
S01000183,819,667,152
S01000184,700,376,324
S01000185,706,515,191
S01000186,860,415,445
S01000187,530,239,291
S01000188,1054,770,284
S01000189,446,252,194
S01000190,730,366,364
S01000191,968,630,338
S01000192,645,450,195
S01000193,621,300,321
S01000194,571,432,139
S01000195,608,430,178
S01000196,590,359,231
S01000197,487,250,237
S01000198,584,345,239
S01000199,535,398,137
S01000200,714,417,297
S01000201,540,299,241
S01000202,772,497,275
S01000203,338,251,87
S01000204,490,251,239
S01000205,861,676,185
S01000206,542,237,305
S01000207,756,522,234
S01000208,635,433,202
S01000209,623,428,195
S01000210,500,377,123
S01000211,598,404,194
S01000212,590,278,312
S01000213,582,401,181
S01000214,423,185,238
S01000215,623,294,329
S01000216,547,237,310
S01000217,565,374,191
S01000218,629,281,348
S01000219,548,393,155
S01000220,1308,1090,218
S01000221,792,553,239
S01000222,638,287,351
S01000223,450,231,219
S01000224,652,298,354
S01000225,498,223,275
S01000226,547,258,289
S01000227,496,151,345
S01000228,575,365,210
S01000229,698,370,328
S01000230,551,298,253
S01000231,569,229,340
S01000232,553,296,257
S01000233,499,248,251
S01000234,630,219,411
S01000235,724,373,351
S01000236,570,198,372
S01000237,791,248,543
S01000238,418,210,208
S01000239,597,178,419
S01000240,598,236,362
S01000241,558,169,389
S01000242,535,223,312
S01000243,612,187,425
S01000244,898,438,460
S01000245,760,301,459
S01000246,597,222,375
S01000247,641,225,416
S01000248,733,308,425
S01000249,616,226,390
S01000250,611,201,410
S01000251,358,95,263
S01000252,662,297,365
S01000253,569,174,395
S01000254,643,220,423
S01000255,491,238,253
S01000256,798,317,481
S01000257,709,269,440
S01000258,502,184,318
S01000259,446,122,324
S01000260,641,269,372
S01000261,855,299,556
S01000262,803,326,477
S01000263,626,273,353
S01000264,843,380,463
S01000265,653,274,379
S01000266,787,348,439
S01000267,616,291,325
S01000268,601,260,341
S01000269,421,129,292
S01000270,759,292,467
S01000271,690,273,417
S01000272,712,273,439
S01000273,387,159,228
S01000274,480,223,257
S01000275,792,307,485
S01000276,530,149,381
S01000277,533,208,325
S01000278,441,202,239
S01000279,473,192,281
S01000280,474,204,270
S01000281,538,232,306
S01000282,526,224,302
S01000283,657,259,398
S01000284,594,193,401
S01000285,529,177,352
S01000286,751,395,356
S01000287,593,251,342
S01000288,689,227,462
S01000289,718,377,341
S01000290,622,377,245
S01000291,640,219,421
S01000292,763,305,458
S01000293,670,379,291
S01000294,493,152,341
S01000295,505,176,329
S01000296,427,153,274
S01000297,556,208,348
S01000298,388,129,259
S01000299,747,261,486
S01000300,597,216,381
S01000301,489,194,295
S01000302,436,157,279
S01000303,419,191,228
S01000304,590,140,450
S01000305,830,314,516
S01000306,598,184,414
S01000307,693,195,498
S01000308,793,270,523
S01000309,503,179,324
S01000310,674,264,410
S01000311,791,362,429
S01000312,554,269,285
S01000313,585,224,361
S01000314,448,168,280
S01000315,528,200,328
S01000316,653,276,377
S01000317,468,210,258
S01000318,439,133,306
S01000319,505,173,332
S01000320,576,266,310
S01000321,463,150,313
S01000322,784,238,546
S01000323,691,269,422
S01000324,631,175,456
S01000325,500,227,273
S01000326,576,226,350
S01000327,696,206,490
S01000328,445,189,256
S01000329,402,175,227
S01000330,583,186,397
S01000331,505,214,291
S01000332,554,168,386
S01000333,638,213,425
S01000334,656,341,315
S01000335,518,193,325
S01000336,667,262,405
S01000337,546,189,357
S01000338,417,167,250
S01000339,823,253,570
S01000340,770,274,496
S01000341,586,223,363
S01000342,319,159,160
S01000343,479,163,316
S01000344,688,230,458
S01000345,497,184,313
S01000346,552,211,341
S01000347,392,161,231
S01000348,653,264,389
S01000349,482,221,261
S01000350,717,226,491
S01000351,783,300,483
S01000352,628,204,424
S01000353,514,175,339
S01000354,502,214,288
S01000355,538,148,390
S01000356,486,173,313
S01000357,494,153,341
S01000358,814,273,541
S01000359,582,130,452
S01000360,419,179,240
S01000361,468,137,331
S01000362,729,244,485
S01000363,744,228,516
S01000364,706,254,452
S01000365,528,198,330
S01000366,594,199,395
S01000367,630,219,411
S01000368,630,245,385
S01000369,826,314,512
S01000370,634,232,402
S01000371,767,314,453
S01000372,775,339,436
S01000373,449,146,303
S01000374,471,156,315
S01000375,510,258,252
S01000376,717,352,365
S01000377,565,178,387
S01000378,424,158,266
S01000379,436,139,297
S01000380,563,171,392
S01000381,736,257,479
S01000382,578,218,360
S01000383,512,171,341
S01000384,596,245,351
S01000385,447,220,227
S01000386,639,278,361
S01000387,701,271,430
S01000388,600,222,378
S01000389,485,173,312
S01000390,594,277,317
S01000391,480,233,247
S01000392,567,208,359
S01000393,741,271,470
S01000394,520,239,281
S01000395,464,166,298
S01000396,839,406,433
S01000397,847,326,521
S01000398,584,190,394
S01000399,508,266,242
S01000400,587,311,276
S01000401,626,198,428
S01000402,553,222,331
S01000403,676,286,390
S01000404,576,201,375
S01000405,355,125,230
S01000406,494,271,223
S01000407,500,242,258
S01000408,391,122,269
S01000409,475,154,321
S01000410,508,162,346
S01000411,480,180,300
S01000412,618,204,414
S01000413,641,241,400
S01000414,516,149,367
S01000415,471,221,250
S01000416,510,219,291
S01000417,781,297,484
S01000418,568,187,381
S01000419,503,153,350
S01000420,794,338,456
S01000421,456,151,305
S01000422,574,237,337
S01000423,692,213,479
S01000424,544,194,350
S01000425,554,203,351
S01000426,587,179,408
S01000427,597,258,339
S01000428,619,202,417
S01000429,665,239,426
S01000430,449,169,280
S01000431,579,305,274
S01000432,809,271,538
S01000433,380,162,218
S01000434,514,242,272
S01000435,473,166,307
S01000436,499,149,350
S01000437,807,362,445
S01000438,517,131,386
S01000439,559,224,335
S01000440,673,240,433
S01000441,673,253,420
S01000442,625,197,428
S01000443,444,141,303
S01000444,449,162,287
S01000445,762,273,489
S01000446,754,304,450
S01000447,409,134,275
S01000448,481,153,328
S01000449,625,268,357
S01000450,511,204,307
S01000451,607,221,386
S01000452,426,155,271
S01000453,423,148,275
S01000454,399,174,225
S01000455,699,303,396
S01000456,588,199,389
S01000457,751,337,414
S01000458,657,229,428
S01000459,867,433,434
S01000460,593,282,311
S01000461,723,414,309
S01000462,809,400,409
S01000463,651,306,345
S01000464,583,194,389
S01000465,502,164,338
S01000466,621,198,423
S01000467,519,255,264
S01000468,399,125,274
S01000469,505,131,374
S01000470,1005,439,566
S01000471,484,169,315
S01000472,597,234,363
S01000473,571,221,350
S01000474,492,167,325
S01000475,658,292,366
S01000476,464,191,273
S01000477,617,222,395
S01000478,725,325,400
S01000479,770,364,406
S01000480,509,184,325
S01000481,641,235,406
S01000482,723,441,282
S01000483,771,392,379
S01000484,643,341,302
S01000485,862,268,594
S01000486,691,509,182
S01000487,505,248,257
S01000488,596,268,328
S01000489,758,424,334
S01000490,427,168,259
S01000491,435,258,177
S01000492,710,361,349
S01000493,483,212,271
S01000494,415,224,191
S01000495,754,248,506
S01000496,444,124,320
S01000497,526,198,328
S01000498,476,155,321
S01000499,626,229,397
S01000500,513,264,249
S01000501,518,218,300
S01000502,421,175,246
S01000503,432,180,252
S01000504,595,324,271
S01000505,589,221,368
S01000506,514,154,360
S01000507,870,425,445
S01000508,704,269,435
S01000509,876,383,493
S01000510,542,223,319
S01000511,423,169,254
S01000512,687,233,454
S01000513,684,310,374
S01000514,435,138,297
S01000515,383,150,233
S01000516,499,167,332
S01000517,522,218,304
S01000518,707,294,413
S01000519,383,136,247
S01000520,793,307,486
S01000521,719,337,382
S01000522,500,178,322
S01000523,627,305,322
S01000524,501,174,327
S01000525,804,279,525
S01000526,750,278,472
S01000527,474,158,316
S01000528,691,316,375
S01000529,585,210,375
S01000530,380,118,262
S01000531,431,204,227
S01000532,669,305,364
S01000533,628,276,352
S01000534,660,321,339
S01000535,778,316,462
S01000536,412,162,250
S01000537,469,163,306
S01000538,630,274,356
S01000539,885,500,385
S01000540,627,270,357
S01000541,422,201,221
S01000542,514,228,286
S01000543,632,233,399
S01000544,578,240,338
S01000545,561,287,274
S01000546,479,221,258
S01000547,445,183,262
S01000548,833,331,502
S01000549,865,269,596
S01000550,406,82,324
S01000551,701,327,374
S01000552,447,119,328
S01000553,686,230,456
S01000554,555,272,283
S01000555,746,366,380
S01000556,660,305,355
S01000557,733,328,405
S01000558,483,213,270
S01000559,609,307,302
S01000560,819,391,428
S01000561,882,471,411
S01000562,739,368,371
S01000563,546,335,211
S01000564,638,374,264
S01000565,555,241,314
S01000566,608,285,323
S01000567,606,293,313
S01000568,418,152,266
S01000569,623,235,388
S01000570,792,301,491
S01000571,688,409,279
S01000572,640,194,446
S01000573,433,111,322
S01000574,726,257,469
S01000575,511,207,304
S01000576,533,133,400
S01000577,487,192,295
S01000578,562,176,386
S01000579,659,267,392
S01000580,530,171,359
S01000581,566,174,392
S01000582,544,248,296
S01000583,587,224,363
S01000584,638,349,289
S01000585,800,380,420
S01000586,617,236,381
S01000587,573,271,302
S01000588,517,243,274
S01000589,555,247,308
S01000590,644,252,392
S01000591,412,154,258
S01000592,791,295,496
S01000593,473,167,306
S01000594,520,220,300
S01000595,645,235,410
S01000596,757,241,516
S01000597,851,277,574
S01000598,399,149,250
S01000599,635,227,408
S01000600,604,200,404
S01000601,887,378,509
S01000602,568,235,333
S01000603,653,217,436
S01000604,802,254,548
S01000605,705,292,413
S01000606,657,440,217
S01000607,657,227,430
S01000608,842,545,297
S01000609,777,461,316
S01000610,658,428,230
S01000611,493,269,224
S01000612,854,499,355
S01000613,843,404,439
S01000614,594,261,333
S01000615,691,420,271
S01000616,1047,537,510
S01000617,537,187,350
S01000618,711,270,441
S01000619,530,164,366
S01000620,623,389,234
S01000621,874,439,435
S01000622,368,205,163
S01000623,572,270,302
S01000624,501,231,270
S01000625,453,257,196
S01000626,569,318,251
S01000627,746,351,395
S01000628,448,227,221
S01000629,489,201,288
S01000630,610,281,329
S01000631,514,266,248
S01000632,474,179,295
S01000633,475,158,317
S01000634,659,294,365
S01000635,525,189,336
S01000636,392,138,254
S01000637,469,158,311
S01000638,426,125,301
S01000639,499,208,291
S01000640,530,173,357
S01000641,609,195,414
S01000642,648,269,379
S01000643,479,185,294
S01000644,560,207,353
S01000645,746,336,410
S01000646,687,234,453
S01000647,707,307,400
S01000648,690,359,331
S01000649,465,159,306
S01000650,582,235,347
S01000651,654,330,324
S01000652,673,272,401
S01000653,757,424,333
S01000654,747,406,341
S01000655,629,341,288
S01000656,560,320,240
S01000657,637,371,266
S01000658,463,276,187
S01000659,895,365,530
S01000660,837,274,563
S01000661,649,319,330
S01000662,424,131,293
S01000663,567,248,319
S01000664,629,255,374
S01000665,566,228,338
S01000666,396,138,258
S01000667,825,358,467
S01000668,691,391,300
S01000669,641,361,280
S01000670,460,201,259
S01000671,524,227,297
S01000672,494,222,272
S01000673,601,211,390
S01000674,781,333,448
S01000675,570,190,380
S01000676,405,156,249
S01000677,674,318,356
S01000678,761,325,436
S01000679,599,381,218
S01000680,639,347,292
S01000681,673,442,231
S01000682,559,370,189
S01000683,449,211,238
S01000684,615,412,203
S01000685,739,372,367
S01000686,583,319,264
S01000687,642,303,339
S01000688,658,313,345
S01000689,464,181,283
S01000690,632,187,445
S01000691,623,299,324
S01000692,603,363,240
S01000693,703,410,293
S01000694,576,292,284
S01000695,582,237,345
S01000696,620,305,315
S01000697,392,159,233
S01000698,509,227,282
S01000699,524,241,283
S01000700,650,272,378
S01000701,770,263,507
S01000702,434,154,280
S01000703,596,229,367
S01000704,717,329,388
S01000705,924,348,576
S01000706,643,216,427
S01000707,434,161,273
S01000708,452,147,305
S01000709,750,309,441
S01000710,859,342,517
S01000711,475,178,297
S01000712,500,204,296
S01000713,654,259,395
S01000714,648,252,396
S01000715,572,325,247
S01000716,442,318,124
S01000717,653,410,243
S01000718,759,362,397
S01000719,542,210,332
S01000720,715,277,438
S01000721,522,236,286
S01000722,635,358,277
S01000723,422,156,266
S01000724,695,352,343
S01000725,514,207,307
S01000726,592,282,310
S01000727,541,287,254
S01000728,638,265,373
S01000729,444,200,244
S01000730,311,186,125
S01000731,436,319,117
S01000732,461,335,126
S01000733,630,371,259
S01000734,698,258,440
S01000735,380,174,206
S01000736,600,255,345
S01000737,432,238,194
S01000738,491,248,243
S01000739,619,305,314
S01000740,564,230,334
S01000741,675,258,417
S01000742,469,183,286
S01000743,622,253,369
S01000744,590,353,237
S01000745,530,231,299
S01000746,611,331,280
S01000747,479,269,210
S01000748,427,268,159
S01000749,395,260,135
S01000750,592,240,352
S01000751,582,198,384
S01000752,748,437,311
S01000753,515,253,262
S01000754,546,251,295
S01000755,575,275,300
S01000756,908,445,463
S01000757,593,216,377
S01000758,821,293,528
S01000759,685,294,391
S01000760,437,192,245
S01000761,410,141,269
S01000762,535,184,351
S01000763,684,266,418
S01000764,586,209,377
S01000765,440,70,370
S01000766,640,283,357
S01000767,466,317,149
S01000768,726,480,246
S01000769,822,558,264
S01000770,443,254,189
S01000771,792,348,444
S01000772,561,239,322
S01000773,816,336,480
S01000774,378,115,263
S01000775,603,292,311
S01000776,497,136,361
S01000777,322,96,226
S01000778,389,122,267
S01000779,559,261,298
S01000780,704,340,364
S01000781,715,216,499
S01000782,542,140,402
S01000783,417,160,257
S01000784,712,231,481
S01000785,602,249,353
S01000786,668,276,392
S01000787,434,159,275
S01000788,552,222,330
S01000789,549,262,287
S01000790,414,125,289
S01000791,488,229,259
S01000792,546,186,360
S01000793,614,321,293
S01000794,686,367,319
S01000795,626,292,334
S01000796,411,166,245
S01000797,347,162,185
S01000798,427,218,209
S01000799,2725,2392,333
S01000800,861,371,490
S01000801,520,213,307
S01000802,612,243,369
S01000803,728,314,414
S01000804,798,340,458
S01000805,706,290,416
S01000806,698,293,405
S01000807,628,305,323
S01000808,605,269,336
S01000809,466,223,243
S01000810,508,176,332
S01000811,656,233,423
S01000812,556,303,253
S01000813,562,185,377
S01000814,612,361,251
S01000815,420,311,109
S01000816,527,397,130
S01000817,709,354,355
S01000818,601,295,306
S01000819,669,271,398
S01000820,474,171,303
S01000821,725,388,337
S01000822,446,232,214
S01000823,471,269,202
S01000824,436,190,246
S01000825,581,224,357
S01000826,571,271,300
S01000827,567,208,359
S01000828,705,282,423
S01000829,489,185,304
S01000830,590,262,328
S01000831,711,347,364
S01000832,735,333,402
S01000833,413,190,223
S01000834,736,338,398
S01000835,545,291,254
S01000836,607,382,225
S01000837,665,466,199
S01000838,560,224,336
S01000839,745,359,386
S01000840,586,317,269
S01000841,645,375,270
S01000842,692,212,480
S01000843,609,309,300
S01000844,539,290,249
S01000845,473,210,263
S01000846,577,378,199
S01000847,831,438,393
S01000848,605,210,395
S01000849,415,171,244
S01000850,536,320,216
S01000851,550,199,351
S01000852,605,320,285
S01000853,447,231,216
S01000854,690,343,347
S01000855,624,285,339
S01000856,490,230,260
S01000857,461,183,278
S01000858,534,192,342
S01000859,702,266,436
S01000860,691,385,306
S01000861,545,193,352
S01000862,456,131,325
S01000863,382,193,189
S01000864,542,208,334
S01000865,563,316,247
S01000866,730,337,393
S01000867,610,396,214
S01000868,542,275,267
S01000869,393,223,170
S01000870,565,297,268
S01000871,591,220,371
S01000872,538,206,332
S01000873,1153,762,391
S01000874,410,216,194
S01000875,603,305,298
S01000876,570,280,290
S01000877,581,349,232
S01000878,442,147,295
S01000879,690,291,399
S01000880,668,218,450
S01000881,575,238,337
S01000882,788,394,394
S01000883,685,333,352
S01000884,487,258,229
S01000885,423,109,314
S01000886,578,220,358
S01000887,596,218,378
S01000888,589,304,285
S01000889,656,277,379
S01000890,652,338,314
S01000891,741,303,438
S01000892,447,143,304
S01000893,553,176,377
S01000894,442,203,239
S01000895,735,294,441
S01000896,395,112,283
S01000897,554,204,350
S01000898,462,196,266
S01000899,682,322,360
S01000900,526,176,350
S01000901,551,209,342
S01000902,808,310,498
S01000903,791,298,493
S01000904,581,257,324
S01000905,570,225,345
S01000906,481,209,272
S01000907,653,365,288
S01000908,661,344,317
S01000909,749,304,445
S01000910,660,263,397
S01000911,809,297,512
S01000912,612,238,374
S01000913,596,263,333
S01000914,757,260,497
S01000915,799,306,493
S01000916,811,325,486
S01000917,556,236,320
S01000918,506,201,305
S01000919,429,174,255
S01000920,406,163,243
S01000921,601,254,347
S01000922,664,279,385
S01000923,595,213,382
S01000924,637,325,312
S01000925,744,335,409
S01000926,511,274,237
S01000927,797,342,455
S01000928,798,316,482
S01000929,369,227,142
S01000930,431,311,120
S01000931,552,280,272
S01000932,744,370,374
S01000933,733,340,393
S01000934,798,494,304
S01000935,651,339,312
S01000936,767,312,455
S01000937,461,255,206
S01000938,669,320,349
S01000939,633,307,326
S01000940,721,352,369
S01000941,471,214,257
S01000942,768,366,402
S01000943,712,204,508
S01000944,682,307,375
S01000945,621,268,353
S01000946,606,268,338
S01000947,628,233,395
S01000948,573,184,389
S01000949,533,166,367
S01000950,695,281,414
S01000951,583,274,309
S01000952,646,260,386
S01000953,757,204,553
S01000954,701,266,435
S01000955,428,133,295
S01000956,690,355,335
S01000957,424,184,240
S01000958,669,309,360
S01000959,547,201,346
S01000960,478,236,242
S01000961,710,275,435
S01000962,475,260,215
S01000963,572,282,290
S01000964,728,259,469
S01000965,475,288,187
S01000966,872,443,429
S01000967,479,265,214
S01000968,797,282,515
S01000969,738,419,319
S01000970,659,333,326
S01000971,481,246,235
S01000972,766,273,493
S01000973,473,214,259
S01000974,678,198,480
S01000975,496,179,317
S01000976,401,182,219
S01000977,623,265,358
S01000978,612,246,366
S01000979,520,226,294
S01000980,612,248,364
S01000981,530,179,351
S01000982,500,218,282
S01000983,456,187,269
S01000984,529,197,332
S01000985,545,271,274
S01000986,428,215,213
S01000987,512,206,306
S01000988,395,139,256
S01000989,667,238,429
S01000990,534,251,283
S01000991,388,163,225
S01000992,776,341,435
S01000993,739,282,457
S01000994,849,383,466
S01000995,635,191,444
S01000996,883,459,424
S01000997,776,230,546
S01000998,527,307,220
S01000999,558,217,341
S01001000,444,215,229
S01001001,425,157,268
S01001002,515,267,248
S01001003,726,243,483
S01001004,547,180,367
S01001005,685,230,455
S01001006,597,184,413
S01001007,638,327,311
S01001008,621,375,246
S01001009,506,238,268
S01001010,684,446,238
S01001011,507,209,298
S01001012,659,213,446
S01001013,758,435,323
S01001014,669,501,168
S01001015,522,318,204
S01001016,784,330,454
S01001017,558,284,274
S01001018,677,411,266
S01001019,749,481,268
S01001020,424,227,197
S01001021,688,339,349
S01001022,700,421,279
S01001023,805,296,509
S01001024,705,330,375
S01001025,764,306,458
S01001026,670,266,404
S01001027,750,286,464
S01001028,620,321,299
S01001029,548,299,249
S01001030,627,205,422
S01001031,774,341,433
S01001032,579,330,249
S01001033,501,270,231
S01001034,599,401,198
S01001035,389,192,197
S01001036,399,233,166
S01001037,722,374,348
S01001038,534,158,376
S01001039,448,155,293
S01001040,492,190,302
S01001041,440,145,295
S01001042,673,263,410
S01001043,529,190,339
S01001044,816,313,503
S01001045,470,142,328
S01001046,398,183,215
S01001047,605,214,391
S01001048,521,162,359
S01001049,538,247,291
S01001050,772,313,459
S01001051,561,263,298
S01001052,441,215,226
S01001053,652,271,381
S01001054,552,229,323
S01001055,674,328,346
S01001056,635,314,321
S01001057,539,219,320
S01001058,646,326,320
S01001059,447,240,207
S01001060,628,303,325
S01001061,632,291,341
S01001062,407,150,257
S01001063,647,188,459
S01001064,645,297,348
S01001065,637,297,340
S01001066,580,210,370
S01001067,626,233,393
S01001068,737,305,432
S01001069,703,267,436
S01001070,712,314,398
S01001071,536,201,335
S01001072,633,277,356
S01001073,800,322,478
S01001074,419,136,283
S01001075,753,334,419
S01001076,629,248,381
S01001077,667,300,367
S01001078,641,246,395
S01001079,381,128,253
S01001080,449,191,258
S01001081,522,275,247
S01001082,749,366,383
S01001083,637,247,390
S01001084,718,280,438
S01001085,683,281,402
S01001086,588,269,319
S01001087,448,214,234
S01001088,775,379,396
S01001089,768,305,463
S01001090,842,557,285
S01001091,604,485,119
S01001092,865,694,171
S01001093,946,745,201
S01001094,761,304,457
S01001095,1133,1043,90
S01001096,799,666,133
S01001097,539,250,289
S01001098,782,423,359
S01001099,793,691,102
S01001100,890,658,232
S01001101,1090,1052,38
S01001102,227,196,31
S01001103,718,366,352
S01001104,593,484,109
S01001105,742,266,476
S01001106,615,238,377
S01001107,890,640,250
S01001108,607,524,83
S01001109,756,632,124
S01001110,676,538,138
S01001111,822,647,175
S01001112,720,470,250
S01001113,916,734,182
S01001114,774,581,193
S01001115,685,468,217
S01001116,463,228,235
S01001117,483,364,119
S01001118,553,291,262
S01001119,853,577,276
S01001120,548,285,263
S01001121,638,460,178
S01001122,550,448,102
S01001123,815,410,405
S01001124,564,288,276
S01001125,309,185,124
S01001126,935,440,495
S01001127,687,401,286
S01001128,576,177,399
S01001129,773,517,256
S01001130,713,400,313
S01001131,460,303,157
S01001132,597,318,279
S01001133,770,434,336
S01001134,803,337,466
S01001135,330,225,105
S01001136,643,511,132
S01001137,806,647,159
S01001138,822,646,176
S01001139,680,372,308
S01001140,908,587,321
S01001141,334,247,87
S01001142,857,391,466
S01001143,693,264,429
S01001144,528,289,239
S01001145,558,307,251
S01001146,784,269,515
S01001147,552,436,116
S01001148,633,216,417
S01001149,528,309,219
S01001150,568,413,155
S01001151,479,297,182
S01001152,853,522,331
S01001153,667,287,380
S01001154,613,204,409
S01001155,564,195,369
S01001156,622,474,148
S01001157,666,204,462
S01001158,520,273,247
S01001159,699,331,368
S01001160,519,288,231
S01001161,491,214,277
S01001162,733,295,438
S01001163,515,395,120
S01001164,527,319,208
S01001165,649,446,203
S01001166,250,201,49
S01001167,809,283,526
S01001168,578,428,150
S01001169,828,568,260
S01001170,648,455,193
S01001171,495,280,215
S01001172,576,421,155
S01001173,724,418,306
S01001174,499,387,112
S01001175,675,415,260
S01001176,582,271,311
S01001177,605,374,231
S01001178,793,389,404
S01001179,787,237,550
S01001180,636,498,138
S01001181,754,219,535
S01001182,770,445,325
S01001183,761,532,229
S01001184,748,338,410
S01001185,511,148,363
S01001186,647,212,435
S01001187,723,429,294
S01001188,683,479,204
S01001189,876,464,412
S01001190,612,178,434
S01001191,573,371,202
S01001192,873,602,271
S01001193,714,295,419
S01001194,778,271,507
S01001195,855,404,451
S01001196,890,650,240
S01001197,446,242,204
S01001198,561,320,241
S01001199,752,457,295
S01001200,716,467,249
S01001201,529,339,190
S01001202,499,282,217
S01001203,663,403,260
S01001204,688,223,465
S01001205,623,259,364
S01001206,640,388,252
S01001207,655,348,307
S01001208,515,366,149
S01001209,401,154,247
S01001210,690,386,304
S01001211,837,355,482
S01001212,452,295,157
S01001213,805,584,221
S01001214,651,330,321
S01001215,663,264,399
S01001216,744,399,345
S01001217,659,441,218
S01001218,553,174,379
S01001219,421,155,266
S01001220,427,231,196
S01001221,544,247,297
S01001222,651,409,242
S01001223,624,248,376
S01001224,695,420,275
S01001225,813,263,550
S01001226,364,237,127
S01001227,534,193,341
S01001228,702,284,418
S01001229,622,269,353
S01001230,692,422,270
S01001231,608,310,298
S01001232,513,186,327
S01001233,747,462,285
S01001234,321,211,110
S01001235,591,330,261
S01001236,700,381,319
S01001237,470,201,269
S01001238,564,362,202
S01001239,405,275,130
S01001240,669,321,348
S01001241,637,329,308
S01001242,672,308,364
S01001243,164,133,31
S01001244,478,227,251
S01001245,542,368,174
S01001246,801,360,441
S01001247,515,284,231
S01001248,639,238,401
S01001249,564,274,290
S01001250,804,368,436
S01001251,552,344,208
S01001252,521,237,284
S01001253,435,340,95
S01001254,543,294,249
S01001255,660,367,293
S01001256,595,287,308
S01001257,573,319,254
S01001258,332,227,105
S01001259,683,290,393
S01001260,399,302,97
S01001261,684,454,230
S01001262,736,289,447
S01001263,436,190,246
S01001264,436,191,245
S01001265,427,131,296
S01001266,578,248,330
S01001267,827,396,431
S01001268,605,204,401
S01001269,434,209,225
S01001270,598,316,282
S01001271,555,311,244
S01001272,578,295,283
S01001273,601,312,289
S01001274,544,259,285
S01001275,594,331,263
S01001276,400,136,264
S01001277,532,238,294
S01001278,427,167,260
S01001279,535,282,253
S01001280,488,235,253
S01001281,701,345,356
S01001282,636,271,365
S01001283,395,194,201
S01001284,638,299,339
S01001285,513,231,282
S01001286,398,181,217
S01001287,683,331,352
S01001288,743,353,390
S01001289,505,227,278
S01001290,438,172,266
S01001291,304,109,195
S01001292,643,333,310
S01001293,647,304,343
S01001294,593,294,299
S01001295,765,345,420
S01001296,560,284,276
S01001297,620,279,341
S01001298,758,379,379
S01001299,760,322,438
S01001300,770,261,509
S01001301,459,226,233
S01001302,580,201,379
S01001303,500,176,324
S01001304,573,190,383
S01001305,580,291,289
S01001306,545,274,271
S01001307,723,319,404
S01001308,791,388,403
S01001309,572,339,233
S01001310,573,309,264
S01001311,482,188,294
S01001312,593,345,248
S01001313,561,292,269
S01001314,586,211,375
S01001315,764,256,508
S01001316,757,368,389
S01001317,744,312,432
S01001318,451,172,279
S01001319,567,266,301
S01001320,737,342,395
S01001321,449,169,280
S01001322,634,239,395
S01001323,469,193,276
S01001324,652,434,218
S01001325,541,308,233
S01001326,793,396,397
S01001327,604,300,304
S01001328,628,352,276
S01001329,483,261,222
S01001330,802,270,532
S01001331,703,319,384
S01001332,731,344,387
S01001333,711,438,273
S01001334,628,317,311
S01001335,821,454,367
S01001336,748,330,418
S01001337,610,213,397
S01001338,593,323,270
S01001339,534,213,321
S01001340,597,307,290
S01001341,725,440,285
S01001342,732,350,382
S01001343,769,373,396
S01001344,667,237,430
S01001345,532,338,194
S01001346,583,231,352
S01001347,653,238,415
S01001348,595,320,275
S01001349,1129,681,448
S01001350,558,280,278
S01001351,420,222,198
S01001352,741,300,441
S01001353,483,150,333
S01001354,642,333,309
S01001355,620,233,387
S01001356,554,199,355
S01001357,610,385,225
S01001358,706,325,381
S01001359,609,257,352
S01001360,718,317,401
S01001361,446,212,234
S01001362,538,177,361
S01001363,537,365,172
S01001364,725,350,375
S01001365,518,270,248
S01001366,794,238,556
S01001367,628,306,322
S01001368,804,259,545
S01001369,806,373,433
S01001370,608,234,374
S01001371,521,348,173
S01001372,599,190,409
S01001373,532,277,255
S01001374,490,159,331
S01001375,546,174,372
S01001376,665,449,216
S01001377,664,341,323
S01001378,493,213,280
S01001379,808,371,437
S01001380,712,399,313
S01001381,738,283,455
S01001382,578,420,158
S01001383,549,270,279
S01001384,766,355,411
S01001385,672,409,263
S01001386,730,471,259
S01001387,723,294,429
S01001388,714,511,203
S01001389,415,160,255
S01001390,679,256,423
S01001391,607,273,334
S01001392,391,252,139
S01001393,473,193,280
S01001394,384,226,158
S01001395,683,309,374
S01001396,588,304,284
S01001397,603,363,240
S01001398,740,280,460
S01001399,669,406,263
S01001400,688,389,299
S01001401,552,293,259
S01001402,746,231,515
S01001403,727,200,527
S01001404,438,121,317
S01001405,677,215,462
S01001406,495,178,317
S01001407,700,285,415
S01001408,684,354,330
S01001409,707,298,409
S01001410,862,422,440
S01001411,451,147,304
S01001412,760,389,371
S01001413,569,174,395
S01001414,555,282,273
S01001415,658,383,275
S01001416,521,242,279
S01001417,800,297,503
S01001418,798,287,511
S01001419,573,241,332
S01001420,506,193,313
S01001421,669,271,398
S01001422,442,137,305
S01001423,636,300,336
S01001424,880,526,354
S01001425,788,440,348
S01001426,638,307,331
S01001427,675,231,444
S01001428,777,376,401
S01001429,525,321,204
S01001430,804,275,529
S01001431,789,272,517
S01001432,563,218,345
S01001433,733,225,508
S01001434,793,267,526
S01001435,803,302,501
S01001436,790,284,506
S01001437,718,266,452
S01001438,514,174,340
S01001439,627,210,417
S01001440,773,282,491
S01001441,689,244,445
S01001442,601,198,403
S01001443,764,271,493
S01001444,762,332,430
S01001445,580,233,347
S01001446,755,236,519
S01001447,679,228,451
S01001448,601,219,382
S01001449,488,160,328
S01001450,651,209,442
S01001451,574,205,369
S01001452,665,232,433
S01001453,677,223,454
S01001454,777,266,511
S01001455,634,248,386
S01001456,592,252,340
S01001457,760,239,521
S01001458,782,275,507
S01001459,788,266,522
S01001460,532,169,363
S01001461,736,232,504
S01001462,726,289,437
S01001463,403,138,265
S01001464,759,301,458
S01001465,523,182,341
S01001466,625,219,406
S01001467,704,252,452
S01001468,528,160,368
S01001469,680,223,457
S01001470,749,233,516
S01001471,597,199,398
S01001472,723,236,487
S01001473,678,287,391
S01001474,1040,578,462
S01001475,476,165,311
S01001476,793,253,540
S01001477,795,247,548
S01001478,579,175,404
S01001479,527,227,300
S01001480,438,148,290
S01001481,770,267,503
S01001482,561,314,247
S01001483,717,209,508
S01001484,684,220,464
S01001485,549,159,390
S01001486,691,290,401
S01001487,542,278,264
S01001488,755,268,487
S01001489,731,397,334
S01001490,729,428,301
S01001491,683,213,470
S01001492,803,435,368
S01001493,663,212,451
S01001494,735,396,339
S01001495,510,175,335
S01001496,733,272,461
S01001497,633,425,208
S01001498,594,182,412
S01001499,786,325,461
S01001500,544,319,225
S01001501,704,223,481
S01001502,712,214,498
S01001503,687,221,466
S01001504,781,393,388
S01001505,841,272,569
S01001506,510,321,189
S01001507,721,233,488
S01001508,746,235,511
S01001509,727,380,347
S01001510,511,291,220
S01001511,513,167,346
S01001512,581,367,214
S01001513,592,407,185
S01001514,667,272,395
S01001515,595,216,379
S01001516,572,278,294
S01001517,814,480,334
S01001518,775,418,357
S01001519,787,282,505
S01001520,561,245,316
S01001521,864,343,521
S01001522,849,407,442
S01001523,549,174,375
S01001524,782,356,426
S01001525,706,329,377
S01001526,520,235,285
S01001527,656,327,329
S01001528,769,255,514
S01001529,529,253,276
S01001530,674,343,331
S01001531,833,464,369
S01001532,482,177,305
S01001533,712,236,476
S01001534,559,163,396
S01001535,685,283,402
S01001536,635,310,325
S01001537,496,283,213
S01001538,721,246,475
S01001539,661,241,420
S01001540,549,126,423
S01001541,728,289,439
S01001542,564,186,378
S01001543,586,246,340
S01001544,757,362,395
S01001545,601,244,357
S01001546,724,437,287
S01001547,719,433,286
S01001548,549,220,329
S01001549,883,476,407
S01001550,513,191,322
S01001551,652,240,412
S01001552,663,284,379
S01001553,641,252,389
S01001554,778,277,501
S01001555,621,283,338
S01001556,724,305,419
S01001557,795,280,515
S01001558,666,260,406
S01001559,433,206,227
S01001560,506,260,246
S01001561,561,245,316
S01001562,530,221,309
S01001563,479,159,320
S01001564,480,190,290
S01001565,633,324,309
S01001566,515,162,353
S01001567,746,298,448
S01001568,528,205,323
S01001569,403,166,237
S01001570,345,86,259
S01001571,560,293,267
S01001572,459,183,276
S01001573,498,184,314
S01001574,718,351,367
S01001575,623,336,287
S01001576,513,229,284
S01001577,601,232,369
S01001578,574,236,338
S01001579,649,316,333
S01001580,495,198,297
S01001581,590,212,378
S01001582,473,236,237
S01001583,366,164,202
S01001584,619,325,294
S01001585,728,462,266
S01001586,374,112,262
S01001587,683,380,303
S01001588,567,308,259
S01001589,640,314,326
S01001590,562,233,329
S01001591,526,264,262
S01001592,585,337,248
S01001593,668,361,307
S01001594,704,468,236
S01001595,526,308,218
S01001596,634,302,332
S01001597,602,373,229
S01001598,526,167,359
S01001599,787,518,269
S01001600,879,548,331
S01001601,652,247,405
S01001602,392,165,227
S01001603,719,359,360
S01001604,468,273,195
S01001605,496,198,298
S01001606,420,224,196
S01001607,751,315,436
S01001608,708,298,410
S01001609,713,308,405
S01001610,480,259,221
S01001611,616,215,401
S01001612,676,221,455
S01001613,593,283,310
S01001614,561,333,228
S01001615,623,319,304
S01001616,417,96,321
S01001617,562,277,285
S01001618,752,349,403
S01001619,585,265,320
S01001620,717,314,403
S01001621,584,245,339
S01001622,658,354,304
S01001623,617,271,346
S01001624,849,409,440
S01001625,589,303,286
S01001626,601,232,369
S01001627,598,290,308
S01001628,417,220,197
S01001629,484,189,295
S01001630,453,281,172
S01001631,758,359,399
S01001632,441,107,334
S01001633,761,221,540
S01001634,617,180,437
S01001635,590,242,348
S01001636,413,113,300
S01001637,589,192,397
S01001638,740,392,348
S01001639,578,262,316
S01001640,560,136,424
S01001641,508,241,267
S01001642,802,335,467
S01001643,601,231,370
S01001644,602,203,399
S01001645,710,371,339
S01001646,441,168,273
S01001647,541,205,336
S01001648,609,303,306
S01001649,631,303,328
S01001650,601,269,332
S01001651,736,338,398
S01001652,629,182,447
S01001653,517,298,219
S01001654,482,187,295
S01001655,488,183,305
S01001656,815,385,430
S01001657,387,138,249
S01001658,690,262,428
S01001659,534,178,356
S01001660,564,187,377
S01001661,530,209,321
S01001662,610,280,330
S01001663,620,212,408
S01001664,365,93,272
S01001665,629,202,427
S01001666,493,187,306
S01001667,657,271,386
S01001668,574,215,359
S01001669,519,330,189
S01001670,539,192,347
S01001671,423,131,292
S01001672,486,248,238
S01001673,507,203,304
S01001674,594,286,308
S01001675,556,201,355
S01001676,772,273,499
S01001677,664,213,451
S01001678,724,274,450
S01001679,488,123,365
S01001680,514,149,365
S01001681,515,153,362
S01001682,395,142,253
S01001683,599,217,382
S01001684,451,142,309
S01001685,531,254,277
S01001686,729,241,488
S01001687,852,353,499
S01001688,643,300,343
S01001689,595,202,393
S01001690,401,147,254
S01001691,659,186,473
S01001692,464,225,239
S01001693,545,184,361
S01001694,542,261,281
S01001695,604,217,387
S01001696,596,253,343
S01001697,609,237,372
S01001698,415,162,253
S01001699,445,100,345
S01001700,761,215,546
S01001701,732,356,376
S01001702,836,389,447
S01001703,531,171,360
S01001704,761,236,525
S01001705,434,165,269
S01001706,604,182,422
S01001707,564,342,222
S01001708,786,354,432
S01001709,449,196,253
S01001710,543,240,303
S01001711,587,219,368
S01001712,413,159,254
S01001713,703,221,482
S01001714,570,192,378
S01001715,711,220,491
S01001716,624,304,320
S01001717,606,191,415
S01001718,374,127,247
S01001719,596,171,425
S01001720,487,149,338
S01001721,475,173,302
S01001722,600,252,348
S01001723,579,184,395
S01001724,568,335,233
S01001725,555,263,292
S01001726,488,148,340
S01001727,674,229,445
S01001728,509,163,346
S01001729,750,269,481
S01001730,508,157,351
S01001731,519,178,341
S01001732,476,168,308
S01001733,583,281,302
S01001734,435,134,301
S01001735,379,131,248
S01001736,787,215,572
S01001737,467,157,310
S01001738,477,142,335
S01001739,448,175,273
S01001740,600,248,352
S01001741,507,230,277
S01001742,521,307,214
S01001743,710,380,330
S01001744,435,130,305
S01001745,638,229,409
S01001746,829,301,528
S01001747,731,346,385
S01001748,522,150,372
S01001749,655,296,359
S01001750,611,237,374
S01001751,736,358,378
S01001752,782,257,525
S01001753,625,346,279
S01001754,591,174,417
S01001755,707,266,441
S01001756,569,239,330
S01001757,603,268,335
S01001758,613,235,378
S01001759,486,355,131
S01001760,530,240,290
S01001761,575,344,231
S01001762,825,371,454
S01001763,614,186,428
S01001764,380,128,252
S01001765,821,395,426
S01001766,519,201,318
S01001767,483,176,307
S01001768,508,217,291
S01001769,591,243,348
S01001770,410,283,127
S01001771,624,259,365
S01001772,464,238,226
S01001773,745,401,344
S01001774,489,172,317
S01001775,604,241,363
S01001776,504,266,238
S01001777,682,232,450
S01001778,755,448,307
S01001779,472,207,265
S01001780,654,309,345
S01001781,528,180,348
S01001782,748,288,460
S01001783,410,303,107
S01001784,470,228,242
S01001785,528,170,358
S01001786,495,203,292
S01001787,519,170,349
S01001788,694,235,459
S01001789,401,224,177
S01001790,627,243,384
S01001791,588,196,392
S01001792,570,228,342
S01001793,649,258,391
S01001794,733,279,454
S01001795,736,469,267
S01001796,672,145,527
S01001797,574,283,291
S01001798,740,205,535
S01001799,639,371,268
S01001800,725,244,481
S01001801,727,242,485
S01001802,640,327,313
S01001803,807,338,469
S01001804,861,368,493
S01001805,630,255,375
S01001806,541,201,340
S01001807,711,216,495
S01001808,509,243,266
S01001809,552,373,179
S01001810,763,304,459
S01001811,580,168,412
S01001812,421,106,315
S01001813,570,165,405
S01001814,541,137,404
S01001815,708,223,485
S01001816,828,260,568
S01001817,557,288,269
S01001818,645,225,420
S01001819,818,230,588
S01001820,630,347,283
S01001821,353,46,307
S01001822,854,386,468
S01001823,643,414,229
S01001824,645,320,325
S01001825,636,253,383
S01001826,434,318,116
S01001827,710,426,284
S01001828,538,171,367
S01001829,588,305,283
S01001830,707,245,462
S01001831,644,308,336
S01001832,556,286,270
S01001833,761,259,502
S01001834,498,248,250
S01001835,496,181,315
S01001836,603,218,385
S01001837,715,268,447
S01001838,460,214,246
S01001839,764,489,275
S01001840,593,174,419
S01001841,549,264,285
S01001842,626,266,360
S01001843,603,360,243
S01001844,2422,1805,617
S01001845,595,151,444
S01001846,698,222,476
S01001847,689,396,293
S01001848,639,390,249
S01001849,525,186,339
S01001850,607,298,309
S01001851,631,243,388
S01001852,678,215,463
S01001853,649,223,426
S01001854,1072,574,498
S01001855,553,163,390
S01001856,496,275,221
S01001857,657,320,337
S01001858,733,303,430
S01001859,762,404,358
S01001860,769,329,440
S01001861,714,436,278
S01001862,734,212,522
S01001863,753,243,510
S01001864,677,450,227
S01001865,451,330,121
S01001866,576,178,398
S01001867,409,223,186
S01001868,577,216,361
S01001869,713,287,426
S01001870,560,358,202
S01001871,688,384,304
S01001872,683,331,352
S01001873,653,215,438
S01001874,458,338,120
S01001875,710,211,499
S01001876,858,456,402
S01001877,647,439,208
S01001878,800,218,582
S01001879,497,390,107
S01001880,560,388,172
S01001881,553,160,393
S01001882,577,265,312
S01001883,448,161,287
S01001884,828,492,336
S01001885,891,275,616
S01001886,439,337,102
S01001887,627,309,318
S01001888,714,223,491
S01001889,466,239,227
S01001890,737,376,361
S01001891,522,294,228
S01001892,628,460,168
S01001893,787,501,286
S01001894,511,398,113
S01001895,602,346,256
S01001896,629,240,389
S01001897,653,473,180
S01001898,505,332,173
S01001899,651,267,384
S01001900,646,292,354
S01001901,771,363,408
S01001902,725,338,387
S01001903,472,288,184
S01001904,536,295,241
S01001905,717,320,397
S01001906,374,219,155
S01001907,652,340,312
S01001908,744,336,408
S01001909,522,360,162
S01001910,598,288,310
S01001911,577,253,324
S01001912,632,330,302
S01001913,747,265,482
S01001914,483,171,312
S01001915,692,266,426
S01001916,732,535,197
S01001917,557,247,310
S01001918,812,678,134
S01001919,749,335,414
S01001920,606,328,278
S01001921,526,290,236
S01001922,609,222,387
S01001923,279,136,143
S01001924,602,298,304
S01001925,642,234,408
S01001926,503,282,221
S01001927,789,369,420
S01001928,1032,793,239
S01001929,634,266,368
S01001930,702,526,176
S01001931,546,325,221
S01001932,1123,676,447
S01001933,698,280,418
S01001934,687,425,262
S01001935,515,376,139
S01001936,800,426,374
S01001937,762,358,404
S01001938,532,372,160
S01001939,431,345,86
S01001940,618,318,300
S01001941,787,402,385
S01001942,503,356,147
S01001943,485,278,207
S01001944,603,276,327
S01001945,609,300,309
S01001946,577,379,198
S01001947,726,376,350
S01001948,517,346,171
S01001949,546,343,203
S01001950,813,543,270
S01001951,744,467,277
S01001952,624,311,313
S01001953,683,417,266
S01001954,391,193,198
S01001955,643,355,288
S01001956,566,324,242
S01001957,250,166,84
S01001958,767,497,270
S01001959,515,226,289
S01001960,719,401,318
S01001961,824,507,317
S01001962,677,333,344
S01001963,669,453,216
S01001964,635,368,267
S01001965,708,393,315
S01001966,583,411,172
S01001967,531,363,168
S01001968,764,485,279
S01001969,556,331,225
S01001970,528,196,332
S01001971,659,431,228
S01001972,614,344,270
S01001973,560,286,274
S01001974,693,468,225
S01001975,735,449,286
S01001976,675,445,230
S01001977,683,434,249
S01001978,558,368,190
S01001979,569,397,172
S01001980,608,433,175
S01001981,653,468,185
S01001982,226,187,39
S01001983,665,469,196
S01001984,429,360,69
S01001985,603,288,315
S01001986,600,481,119
S01001987,767,642,125
S01001988,642,324,318
S01001989,747,281,466
S01001990,911,666,245
S01001991,594,299,295
S01001992,752,416,336
S01001993,616,326,290
S01001994,752,535,217
S01001995,537,276,261
S01001996,808,648,160
S01001997,658,407,251
S01001998,531,268,263
S01001999,703,625,78
S01002000,616,312,304
S01002001,726,603,123
S01002002,678,594,84
S01002003,652,281,371
S01002004,733,536,197
S01002005,697,443,254
S01002006,696,258,438
S01002007,901,782,119
S01002008,773,572,201
S01002009,743,548,195
S01002010,479,379,100
S01002011,798,280,518
S01002012,707,552,155
S01002013,685,467,218
S01002014,752,602,150
S01002015,705,216,489
S01002016,518,415,103
S01002017,827,517,310
S01002018,704,214,490
S01002019,737,618,119
S01002020,421,387,34
S01002021,832,470,362
S01002022,603,278,325
S01002023,685,520,165
S01002024,655,505,150
S01002025,799,677,122
S01002026,588,199,389
S01002027,990,888,102
S01002028,2627,2507,120
S01002029,712,603,109
S01002030,706,584,122
S01002031,593,451,142
S01002032,643,492,151
S01002033,705,588,117
S01002034,662,570,92
S01002035,611,255,356
S01002036,779,668,111
S01002037,651,566,85
S01002038,523,418,105
S01002039,512,222,290
S01002040,480,394,86
S01002041,840,667,173
S01002042,825,399,426
S01002043,647,274,373
S01002044,501,346,155
S01002045,757,445,312
S01002046,540,490,50
S01002047,707,545,162
S01002048,822,729,93
S01002049,1031,900,131
S01002050,586,212,374
S01002051,687,379,308
S01002052,714,626,88
S01002053,713,608,105
S01002054,564,469,95
S01002055,711,267,444
S01002056,820,388,432
S01002057,722,296,426
S01002058,628,535,93
S01002059,631,514,117
S01002060,702,632,70
S01002061,624,545,79
S01002062,518,283,235
S01002063,948,827,121
S01002064,685,560,125
S01002065,674,539,135
S01002066,648,535,113
S01002067,727,389,338
S01002068,852,736,116
S01002069,491,227,264
S01002070,613,480,133
S01002071,579,509,70
S01002072,915,426,489
S01002073,589,469,120
S01002074,549,172,377
S01002075,806,598,208
S01002076,799,691,108
S01002077,709,240,469
S01002078,739,316,423
S01002079,701,602,99
S01002080,795,270,525
S01002081,618,518,100
S01002082,765,494,271
S01002083,482,265,217
S01002084,498,411,87
S01002085,624,594,30
S01002086,518,450,68
S01002087,871,742,129
S01002088,729,331,398
S01002089,817,300,517
S01002090,907,366,541
S01002091,735,646,89
S01002092,834,373,461
S01002093,704,577,127
S01002094,628,324,304
S01002095,497,257,240
S01002096,632,170,462
S01002097,665,201,464
S01002098,587,262,325
S01002099,768,552,216
S01002100,495,237,258
S01002101,756,595,161
S01002102,525,367,158
S01002103,603,207,396
S01002104,925,732,193
S01002105,780,296,484
S01002106,947,853,94
S01002107,446,186,260
S01002108,912,827,85
S01002109,828,710,118
S01002110,555,237,318
S01002111,868,298,570
S01002112,808,381,427
S01002113,635,181,454
S01002114,562,166,396
S01002115,925,577,348
S01002116,634,317,317
S01002117,601,498,103
S01002118,860,757,103
S01002119,478,280,198
S01002120,593,233,360
S01002121,562,244,318
S01002122,793,271,522
S01002123,1073,490,583
S01002124,621,200,421
S01002125,912,522,390
S01002126,520,152,368
S01002127,580,289,291
S01002128,704,553,151
S01002129,797,642,155
S01002130,502,180,322
S01002131,609,491,118
S01002132,654,318,336
S01002133,1012,661,351
S01002134,503,142,361
S01002135,663,187,476
S01002136,629,384,245
S01002137,722,324,398
S01002138,560,369,191
S01002139,554,221,333
S01002140,727,449,278
S01002141,535,310,225
S01002142,862,315,547
S01002143,653,303,350
S01002144,596,161,435
S01002145,873,467,406
S01002146,817,559,258
S01002147,791,391,400
S01002148,680,210,470
S01002149,836,536,300
S01002150,569,351,218
S01002151,1028,843,185
S01002152,690,356,334
S01002153,458,170,288
S01002154,747,443,304
S01002155,777,545,232
S01002156,717,503,214
S01002157,684,335,349
S01002158,700,420,280
S01002159,664,425,239
S01002160,700,558,142
S01002161,685,593,92
S01002162,793,407,386
S01002163,923,741,182
S01002164,663,321,342
S01002165,744,385,359
S01002166,722,478,244
S01002167,551,262,289
S01002168,934,704,230
S01002169,711,489,222
S01002170,771,435,336
S01002171,523,219,304
S01002172,609,162,447
S01002173,832,504,328
S01002174,828,625,203
S01002175,876,636,240
S01002176,674,262,412
S01002177,715,501,214
S01002178,859,641,218
S01002179,580,191,389
S01002180,469,376,93
S01002181,668,440,228
S01002182,651,493,158
S01002183,765,562,203
S01002184,661,231,430
S01002185,667,487,180
S01002186,678,500,178
S01002187,821,569,252
S01002188,647,292,355
S01002189,669,513,156
S01002190,689,518,171
S01002191,663,400,263
S01002192,697,305,392
S01002193,701,246,455
S01002194,587,297,290
S01002195,856,644,212
S01002196,526,235,291
S01002197,508,371,137
S01002198,773,598,175
S01002199,684,542,142
S01002200,641,234,407
S01002201,818,624,194
S01002202,621,475,146
S01002203,413,306,107
S01002204,617,424,193
S01002205,714,506,208
S01002206,494,371,123
S01002207,690,305,385
S01002208,508,376,132
S01002209,837,689,148
S01002210,547,373,174
S01002211,487,343,144
S01002212,838,568,270
S01002213,598,257,341
S01002214,688,534,154
S01002215,836,415,421
S01002216,715,559,156
S01002217,885,761,124
S01002218,499,372,127
S01002219,565,218,347
S01002220,630,164,466
S01002221,694,571,123
S01002222,668,185,483
S01002223,581,181,400
S01002224,600,171,429
S01002225,642,491,151
S01002226,915,592,323
S01002227,696,435,261
S01002228,818,275,543
S01002229,618,185,433
S01002230,864,569,295
S01002231,866,639,227
S01002232,592,321,271
S01002233,835,665,170
S01002234,728,560,168
S01002235,880,624,256
S01002236,730,376,354
S01002237,889,425,464
S01002238,494,295,199
S01002239,666,444,222
S01002240,639,463,176
S01002241,723,427,296
S01002242,648,241,407
S01002243,638,419,219
S01002244,647,433,214
S01002245,835,530,305
S01002246,768,563,205
S01002247,663,378,285
S01002248,989,512,477
S01002249,684,521,163
S01002250,791,404,387
S01002251,573,159,414
S01002252,519,259,260
S01002253,857,454,403
S01002254,720,595,125
S01002255,943,726,217
S01002256,694,381,313
S01002257,548,261,287
S01002258,663,526,137
S01002259,439,215,224
S01002260,688,198,490
S01002261,855,369,486
S01002262,664,236,428
S01002263,680,205,475
S01002264,694,396,298
S01002265,735,437,298
S01002266,512,381,131
S01002267,773,524,249
S01002268,560,172,388
S01002269,787,485,302
S01002270,790,574,216
S01002271,703,333,370
S01002272,437,225,212
S01002273,692,472,220
S01002274,625,439,186
S01002275,660,479,181
S01002276,641,179,462
S01002277,603,341,262
S01002278,781,511,270
S01002279,713,500,213
S01002280,629,290,339
S01002281,469,334,135
S01002282,258,193,65
S01002283,593,255,338
S01002284,791,394,397
S01002285,671,506,165
S01002286,684,448,236
S01002287,624,326,298
S01002288,652,496,156
S01002289,718,471,247
S01002290,676,489,187
S01002291,666,526,140
S01002292,713,518,195
S01002293,677,303,374
S01002294,538,260,278
S01002295,602,243,359
S01002297,767,343,424
S01002298,557,241,316
S01002299,655,200,455
S01002300,649,256,393
S01002301,661,348,313
S01002302,521,302,219
S01002303,674,351,323
S01002304,719,580,139
S01002305,717,524,193
S01002306,386,251,135
S01002307,606,462,144
S01002308,767,406,361
S01002309,603,396,207
S01002310,751,578,173
S01002311,614,312,302
S01002312,507,326,181
S01002313,565,228,337
S01002314,718,369,349
S01002315,449,184,265
S01002316,585,213,372
S01002317,791,567,224
S01002318,693,489,204
S01002319,916,578,338
S01002320,531,242,289
S01002321,677,512,165
S01002322,578,365,213
S01002323,655,342,313
S01002324,609,362,247
S01002325,513,302,211
S01002326,715,516,199
S01002327,548,249,299
S01002328,621,282,339
S01002329,554,224,330
S01002330,624,280,344
S01002331,578,284,294
S01002332,676,230,446
S01002333,634,210,424
S01002334,645,215,430
S01002335,813,321,492
S01002336,755,267,488
S01002337,746,288,458
S01002338,448,296,152
S01002339,464,238,226
S01002340,438,207,231
S01002341,451,216,235
S01002342,469,225,244
S01002343,599,278,321
S01002344,422,228,194
S01002345,547,263,284
S01002346,751,355,396
S01002347,581,281,300
S01002348,769,351,418
S01002349,805,415,390
S01002350,797,388,409
S01002351,548,268,280
S01002352,718,366,352
S01002353,598,256,342
S01002354,647,263,384
S01002355,713,402,311
S01002356,662,390,272
S01002357,592,305,287
S01002358,427,190,237
S01002359,814,440,374
S01002360,621,385,236
S01002361,501,243,258
S01002362,556,254,302
S01002363,743,349,394
S01002364,572,322,250
S01002365,456,211,245
S01002366,459,211,248
S01002367,661,261,400
S01002368,678,268,410
S01002369,438,205,233
S01002370,579,272,307
S01002371,523,233,290
S01002372,643,303,340
S01002373,541,272,269
S01002374,601,308,293
S01002375,701,348,353
S01002376,664,324,340
S01002377,671,328,343
S01002378,446,170,276
S01002379,722,302,420
S01002380,533,218,315
S01002381,599,258,341
S01002382,491,254,237
S01002383,408,119,289
S01002384,406,189,217
S01002385,638,288,350
S01002386,752,290,462
S01002387,484,215,269
S01002388,575,161,414
S01002389,614,193,421
S01002390,602,225,377
S01002391,735,209,526
S01002392,717,244,473
S01002393,431,156,275
S01002394,544,247,297
S01002395,602,211,391
S01002396,613,236,377
S01002397,935,530,405
S01002398,732,296,436
S01002399,834,420,414
S01002400,693,263,430
S01002401,694,175,519
S01002402,679,387,292
S01002403,570,318,252
S01002404,774,305,469
S01002405,612,241,371
S01002406,605,310,295
S01002407,617,270,347
S01002408,714,333,381
S01002409,627,280,347
S01002410,438,147,291
S01002411,507,219,288
S01002412,774,317,457
S01002413,533,239,294
S01002414,468,273,195
S01002415,595,312,283
S01002416,440,137,303
S01002417,588,239,349
S01002418,760,353,407
S01002419,432,131,301
S01002420,552,281,271
S01002421,678,186,492
S01002422,494,177,317
S01002423,590,241,349
S01002424,740,324,416
S01002425,657,315,342
S01002426,592,386,206
S01002427,695,277,418
S01002428,440,198,242
S01002429,719,426,293
S01002430,484,251,233
S01002431,594,286,308
S01002432,606,229,377
S01002433,462,249,213
S01002434,774,371,403
S01002435,564,281,283
S01002436,657,371,286
S01002437,440,228,212
S01002438,553,262,291
S01002439,687,278,409
S01002440,706,372,334
S01002441,553,216,337
S01002442,417,249,168
S01002443,480,211,269
S01002444,423,272,151
S01002445,594,322,272
S01002446,715,300,415
S01002447,549,277,272
S01002448,408,177,231
S01002449,345,87,258
S01002450,615,394,221
S01002451,868,374,494
S01002452,446,219,227
S01002453,643,204,439
S01002454,644,232,412
S01002455,489,188,301
S01002456,827,485,342
S01002457,639,284,355
S01002458,683,370,313
S01002459,460,320,140
S01002460,660,362,298
S01002461,351,98,253
S01002462,566,351,215
S01002463,761,453,308
S01002464,444,220,224
S01002465,474,170,304
S01002466,811,388,423
S01002467,397,212,185
S01002468,532,333,199
S01002469,529,234,295
S01002470,668,341,327
S01002471,436,202,234
S01002472,459,295,164
S01002473,682,386,296
S01002474,399,273,126
S01002475,434,208,226
S01002476,675,315,360
S01002477,712,328,384
S01002478,714,321,393
S01002479,553,303,250
S01002480,475,233,242
S01002481,803,376,427
S01002482,666,382,284
S01002483,585,402,183
S01002484,671,357,314
S01002485,736,273,463
S01002486,457,273,184
S01002487,372,182,190
S01002488,567,326,241
S01002489,449,267,182
S01002490,538,223,315
S01002491,426,183,243
S01002492,537,186,351
S01002493,771,353,418
S01002494,546,209,337
S01002495,552,296,256
S01002496,550,206,344
S01002497,556,375,181
S01002498,561,174,387
S01002499,746,413,333
S01002500,473,275,198
S01002501,413,175,238
S01002502,688,358,330
S01002503,505,261,244
S01002504,765,327,438
S01002505,632,336,296
S01002506,683,307,376
S01002507,541,311,230
S01002508,687,275,412
S01002509,802,417,385
S01002510,850,340,510
S01002511,416,161,255
S01002512,469,304,165
S01002513,679,362,317
S01002514,499,293,206
S01002515,511,305,206
S01002516,637,285,352
S01002517,494,245,249
S01002518,575,205,370
S01002519,680,481,199
S01002520,411,266,145
S01002521,488,223,265
S01002522,584,212,372
S01002523,599,176,423
S01002524,499,301,198
S01002525,542,347,195
S01002526,459,147,312
S01002527,596,211,385
S01002528,637,237,400
S01002529,672,385,287
S01002530,598,312,286
S01002531,613,309,304
S01002532,624,304,320
S01002533,611,340,271
S01002534,758,372,386
S01002535,406,227,179
S01002536,412,250,162
S01002537,432,225,207
S01002538,771,292,479
S01002539,690,411,279
S01002540,418,266,152
S01002541,760,294,466
S01002542,457,235,222
S01002543,452,305,147
S01002544,612,319,293
S01002545,538,276,262
S01002546,551,257,294
S01002547,479,194,285
S01002548,819,331,488
S01002549,448,116,332
S01002550,421,145,276
S01002551,471,193,278
S01002552,468,215,253
S01002553,671,353,318
S01002554,434,108,326
S01002555,623,281,342
S01002556,588,292,296
S01002557,667,331,336
S01002558,418,206,212
S01002559,553,191,362
S01002560,438,206,232
S01002561,523,276,247
S01002562,538,219,319
S01002563,984,517,467
S01002564,509,170,339
S01002565,701,313,388
S01002566,574,140,434
S01002567,403,107,296
S01002568,626,305,321
S01002569,772,348,424
S01002570,465,172,293
S01002571,482,240,242
S01002572,471,165,306
S01002573,417,183,234
S01002574,660,397,263
S01002575,582,310,272
S01002576,603,242,361
S01002577,713,436,277
S01002578,634,175,459
S01002579,708,337,371
S01002580,605,310,295
S01002581,534,135,399
S01002582,599,293,306
S01002583,508,230,278
S01002584,533,218,315
S01002585,728,348,380
S01002586,451,187,264
S01002587,584,251,333
S01002588,631,228,403
S01002589,649,227,422
S01002590,631,182,449
S01002591,477,231,246
S01002592,676,358,318
S01002593,604,284,320
S01002594,499,144,355
S01002595,507,251,256
S01002596,601,177,424
S01002597,365,163,202
S01002598,724,316,408
S01002599,437,179,258
S01002600,638,177,461
S01002601,530,259,271
S01002602,408,177,231
S01002603,589,336,253
S01002604,801,243,558
S01002605,487,240,247
S01002606,467,223,244
S01002607,698,343,355
S01002608,449,146,303
S01002609,671,333,338
S01002610,738,335,403
S01002611,638,248,390
S01002612,672,241,431
S01002613,748,271,477
S01002614,735,313,422
S01002615,352,141,211
S01002616,484,113,371
S01002617,715,360,355
S01002618,599,376,223
S01002619,620,227,393
S01002620,700,411,289
S01002621,526,165,361
S01002622,666,202,464
S01002623,531,187,344
S01002624,564,169,395
S01002625,693,201,492
S01002626,560,270,290
S01002627,827,269,558
S01002628,585,170,415
S01002629,679,265,414
S01002630,541,276,265
S01002631,611,214,397
S01002632,480,197,283
S01002633,778,332,446
S01002634,637,234,403
S01002635,475,160,315
S01002636,439,183,256
S01002637,649,329,320
S01002638,545,296,249
S01002639,747,253,494
S01002640,606,231,375
S01002641,733,247,486
S01002642,483,256,227
S01002643,453,248,205
S01002644,586,215,371
S01002645,514,233,281
S01002646,566,372,194
S01002647,727,368,359
S01002648,605,212,393
S01002649,564,278,286
S01002650,571,177,394
S01002651,518,252,266
S01002652,557,203,354
S01002653,613,370,243
S01002654,603,312,291
S01002655,543,315,228
S01002656,535,346,189
S01002657,690,313,377
S01002658,850,574,276
S01002659,753,262,491
S01002660,668,347,321
S01002661,713,371,342
S01002662,656,304,352
S01002663,550,198,352
S01002664,739,243,496
S01002665,648,240,408
S01002666,682,322,360
S01002667,515,279,236
S01002668,427,187,240
S01002669,748,449,299
S01002670,499,159,340
S01002671,844,570,274
S01002672,481,276,205
S01002673,446,280,166
S01002674,603,249,354
S01002675,791,239,552
S01002676,702,316,386
S01002677,796,559,237
S01002678,804,284,520
S01002679,808,510,298
S01002680,816,518,298
S01002681,639,270,369
S01002682,448,231,217
S01002683,526,197,329
S01002684,624,342,282
S01002685,739,511,228
S01002686,705,255,450
S01002687,666,286,380
S01002688,568,189,379
S01002689,567,193,374
S01002690,471,115,356
S01002691,884,372,512
S01002692,731,275,456
S01002693,339,110,229
S01002694,562,275,287
S01002695,520,207,313
S01002696,620,290,330
S01002697,748,262,486
S01002698,606,278,328
S01002699,398,173,225
S01002700,663,378,285
S01002701,715,210,505
S01002702,512,334,178
S01002703,704,356,348
S01002704,572,254,318
S01002705,587,300,287
S01002706,637,371,266
S01002707,663,349,314
S01002708,570,277,293
S01002709,526,325,201
S01002710,485,188,297
S01002711,704,336,368
S01002712,648,282,366
S01002713,689,404,285
S01002714,708,399,309
S01002715,762,381,381
S01002716,475,157,318
S01002717,634,273,361
S01002718,672,388,284
S01002719,603,235,368
S01002720,660,193,467
S01002721,654,382,272
S01002722,569,335,234
S01002723,569,287,282
S01002724,721,405,316
S01002725,751,330,421
S01002726,665,332,333
S01002727,771,274,497
S01002728,715,389,326
S01002729,720,245,475
S01002730,656,425,231
S01002731,651,306,345
S01002732,597,429,168
S01002733,559,224,335
S01002734,803,424,379
S01002735,867,551,316
S01002736,598,237,361
S01002737,625,397,228
S01002738,558,241,317
S01002739,657,204,453
S01002740,417,116,301
S01002741,743,415,328
S01002742,700,344,356
S01002743,466,317,149
S01002744,474,149,325
S01002745,466,298,168
S01002746,670,267,403
S01002747,475,258,217
S01002748,512,325,187
S01002749,561,336,225
S01002750,730,384,346
S01002751,748,393,355
S01002752,457,185,272
S01002753,557,144,413
S01002754,494,202,292
S01002755,580,375,205
S01002756,710,477,233
S01002757,476,182,294
S01002758,591,326,265
S01002759,544,314,230
S01002760,425,224,201
S01002761,654,388,266
S01002762,516,303,213
S01002763,700,363,337
S01002764,498,300,198
S01002765,598,401,197
S01002766,737,444,293
S01002767,771,303,468
S01002768,692,302,390
S01002769,629,263,366
S01002770,460,236,224
S01002771,595,348,247
S01002772,860,352,508
S01002773,770,359,411
S01002774,643,368,275
S01002775,581,282,299
S01002776,498,234,264
S01002777,806,396,410
S01002778,615,406,209
S01002779,483,362,121
S01002780,651,363,288
S01002781,793,343,450
S01002782,742,371,371
S01002783,626,303,323
S01002784,416,210,206
S01002785,526,294,232
S01002786,591,168,423
S01002787,597,254,343
S01002788,638,250,388
S01002789,627,178,449
S01002790,672,399,273
S01002791,488,293,195
S01002792,745,305,440
S01002793,666,405,261
S01002794,709,309,400
S01002795,541,165,376
S01002796,479,195,284
S01002797,681,220,461
S01002798,444,213,231
S01002799,519,310,209
S01002800,637,196,441
S01002801,767,357,410
S01002802,520,120,400
S01002803,681,290,391
S01002804,430,232,198
S01002805,705,353,352
S01002806,504,233,271
S01002807,592,297,295
S01002808,653,367,286
S01002809,565,264,301
S01002810,821,430,391
S01002811,802,357,445
S01002812,505,214,291
S01002813,610,328,282
S01002814,602,280,322
S01002815,602,339,263
S01002816,422,187,235
S01002817,455,210,245
S01002818,471,233,238
S01002819,605,351,254
S01002820,667,350,317
S01002821,788,421,367
S01002822,646,312,334
S01002823,636,403,233
S01002824,640,290,350
S01002825,797,451,346
S01002826,453,229,224
S01002827,534,293,241
S01002828,473,252,221
S01002829,689,360,329
S01002830,541,292,249
S01002831,674,310,364
S01002832,616,274,342
S01002833,904,281,623
S01002834,723,335,388
S01002835,608,313,295
S01002836,453,212,241
S01002837,516,323,193
S01002838,490,226,264
S01002839,445,229,216
S01002840,567,257,310
S01002841,529,186,343
S01002842,505,311,194
S01002843,631,356,275
S01002844,525,200,325
S01002845,618,345,273
S01002846,736,295,441
S01002847,750,337,413
S01002848,649,322,327
S01002849,810,340,470
S01002850,743,376,367
S01002851,423,186,237
S01002852,727,364,363
S01002853,317,190,127
S01002854,652,298,354
S01002855,450,240,210
S01002856,619,390,229
S01002857,414,146,268
S01002858,399,132,267
S01002859,626,312,314
S01002860,723,315,408
S01002861,766,371,395
S01002862,481,188,293
S01002863,618,279,339
S01002864,470,227,243
S01002865,708,329,379
S01002866,862,479,383
S01002867,446,150,296
S01002868,597,332,265
S01002869,450,191,259
S01002870,766,331,435
S01002871,487,202,285
S01002872,530,281,249
S01002873,614,282,332
S01002874,690,391,299
S01002875,503,277,226
S01002876,524,287,237
S01002877,611,349,262
S01002878,453,173,280
S01002879,690,269,421
S01002880,428,171,257
S01002881,711,387,324
S01002882,663,407,256
S01002883,919,439,480
S01002884,667,281,386
S01002885,603,238,365
S01002886,528,217,311
S01002887,480,219,261
S01002888,510,215,295
S01002889,664,334,330
S01002890,528,295,233
S01002891,642,303,339
S01002892,539,239,300
S01002893,611,296,315
S01002894,635,259,376
S01002895,526,305,221
S01002896,587,225,362
S01002897,468,294,174
S01002898,842,398,444
S01002899,411,109,302
S01002900,553,297,256
S01002901,659,245,414
S01002902,627,301,326
S01002903,706,403,303
S01002904,524,228,296
S01002905,621,302,319
S01002906,646,329,317
S01002907,487,234,253
S01002908,677,207,470
S01002909,610,258,352
S01002910,580,307,273
S01002911,699,313,386
S01002912,846,263,583
S01002913,693,235,458
S01002914,525,350,175
S01002915,812,418,394
S01002916,645,357,288
S01002917,540,220,320
S01002918,633,269,364
S01002919,638,377,261
S01002920,524,246,278
S01002921,534,238,296
S01002922,443,190,253
S01002923,556,277,279
S01002924,567,226,341
S01002925,834,400,434
S01002926,589,329,260
S01002927,589,304,285
S01002928,447,138,309
S01002929,614,276,338
S01002930,507,191,316
S01002931,595,243,352
S01002932,577,185,392
S01002933,734,342,392
S01002934,716,345,371
S01002935,652,302,350
S01002936,545,178,367
S01002937,504,230,274
S01002938,655,342,313
S01002939,434,143,291
S01002940,442,163,279
S01002941,786,292,494
S01002942,408,161,247
S01002943,434,172,262
S01002944,773,311,462
S01002945,476,175,301
S01002946,511,191,320
S01002947,384,149,235
S01002948,663,252,411
S01002949,397,147,250
S01002950,600,243,357
S01002951,732,273,459
S01002952,509,212,297
S01002953,732,317,415
S01002954,697,291,406
S01002955,819,315,504
S01002956,605,251,354
S01002957,737,239,498
S01002958,462,179,283
S01002959,785,293,492
S01002960,567,222,345
S01002961,634,272,362
S01002962,483,251,232
S01002963,607,302,305
S01002964,670,265,405
S01002965,666,272,394
S01002966,695,377,318
S01002967,671,251,420
S01002968,586,231,355
S01002969,756,239,517
S01002970,458,166,292
S01002971,836,265,571
S01002972,731,425,306
S01002973,743,324,419
S01002974,421,134,287
S01002975,455,309,146
S01002976,706,483,223
S01002977,576,271,305
S01002978,921,353,568
S01002979,573,240,333
S01002980,651,315,336
S01002981,665,232,433
S01002982,582,183,399
S01002983,690,348,342
S01002984,656,257,399
S01002985,503,167,336
S01002986,615,356,259
S01002987,519,290,229
S01002988,593,215,378
S01002989,839,562,277
S01002990,537,401,136
S01002991,681,231,450
S01002992,618,381,237
S01002993,706,390,316
S01002994,1001,811,190
S01002995,734,695,39
S01002996,1006,849,157
S01002997,640,527,113
S01002998,610,261,349
S01002999,870,756,114
S01003000,763,447,316
S01003001,515,229,286
S01003002,635,317,318
S01003003,466,196,270
S01003004,438,184,254
S01003005,448,151,297
S01003006,597,216,381
S01003007,573,187,386
S01003008,707,390,317
S01003009,438,182,256
S01003010,501,166,335
S01003011,346,74,272
S01003012,809,309,500
S01003013,469,161,308
S01003014,505,158,347
S01003015,592,203,389
S01003016,375,149,226
S01003017,534,220,314
S01003018,648,316,332
S01003019,643,332,311
S01003020,495,258,237
S01003021,547,239,308
S01003022,768,294,474
S01003023,637,191,446
S01003024,514,253,261
S01003025,604,235,369
S01003026,526,288,238
S01003027,885,396,489
S01003028,618,405,213
S01003029,603,409,194
S01003030,626,437,189
S01003032,383,271,112
S01003033,395,296,99
S01003034,714,328,386
S01003035,550,374,176
S01003036,631,476,155
S01003037,623,304,319
S01003038,661,231,430
S01003039,661,430,231
S01003040,714,426,288
S01003041,543,197,346
S01003042,435,316,119
S01003043,370,298,72
S01003044,690,514,176
S01003045,605,405,200
S01003046,522,312,210
S01003047,790,525,265
S01003048,395,276,119
S01003049,451,335,116
S01003050,641,218,423
S01003051,707,473,234
S01003052,639,402,237
S01003053,692,360,332
S01003054,733,390,343
S01003055,662,418,244
S01003056,625,478,147
S01003057,531,263,268
S01003058,556,369,187
S01003059,651,248,403
S01003060,480,338,142
S01003061,695,267,428
S01003062,777,455,322
S01003063,604,308,296
S01003064,741,486,255
S01003065,825,568,257
S01003066,753,260,493
S01003067,529,186,343
S01003068,712,314,398
S01003069,492,279,213
S01003070,657,391,266
S01003071,550,221,329
S01003072,785,474,311
S01003073,574,283,291
S01003074,603,224,379
S01003075,549,283,266
S01003076,681,529,152
S01003077,846,562,284
S01003078,583,277,306
S01003079,734,329,405
S01003080,642,329,313
S01003081,686,263,423
S01003082,463,301,162
S01003083,781,496,285
S01003084,751,454,297
S01003085,832,387,445
S01003086,533,227,306
S01003087,488,231,257
S01003088,723,506,217
S01003089,476,193,283
S01003090,638,333,305
S01003091,495,267,228
S01003092,644,373,271
S01003093,827,537,290
S01003094,851,465,386
S01003095,644,224,420
S01003096,589,245,344
S01003097,209,133,76
S01003098,905,727,178
S01003099,474,305,169
S01003100,697,426,271
S01003101,468,288,180
S01003102,614,226,388
S01003103,628,244,384
S01003104,879,551,328
S01003105,593,270,323
S01003106,588,284,304
S01003107,605,412,193
S01003108,661,502,159
S01003109,811,338,473
S01003110,668,268,400
S01003111,703,471,232
S01003112,773,357,416
S01003113,585,237,348
S01003114,735,336,399
S01003115,450,223,227
S01003116,791,594,197
S01003117,714,513,201
S01003118,396,290,106
S01003119,530,274,256
S01003120,812,293,519
S01003121,757,485,272
S01003122,629,331,298
S01003123,713,319,394
S01003124,732,556,176
S01003125,686,458,228
S01003126,148,103,45
S01003127,660,323,337
S01003128,680,503,177
S01003129,980,668,312
S01003130,671,441,230
S01003131,722,504,218
S01003132,513,452,61
S01003133,1042,678,364
S01003134,583,364,219
S01003135,638,373,265
S01003136,689,501,188
S01003137,575,381,194
S01003138,906,667,239
S01003139,893,640,253
S01003140,721,533,188
S01003141,675,488,187
S01003142,626,420,206
S01003143,750,493,257
S01003144,745,421,324
S01003145,636,331,305
S01003146,608,490,118
S01003147,787,421,366
S01003148,606,307,299
S01003149,832,638,194
S01003150,606,418,188
S01003151,637,308,329
S01003152,814,494,320
S01003153,641,284,357
S01003154,763,579,184
S01003155,836,321,515
S01003156,736,531,205
S01003157,879,606,273
S01003158,392,325,67
S01003159,177,109,68
S01003160,537,320,217
S01003161,505,280,225
S01003162,558,344,214
S01003163,552,253,299
S01003164,743,439,304
S01003165,832,534,298
S01003166,599,457,142
S01003167,628,406,222
S01003168,761,542,219
S01003169,849,427,422
S01003170,753,321,432
S01003171,480,200,280
S01003172,584,398,186
S01003173,406,291,115
S01003174,646,432,214
S01003175,677,505,172
S01003176,682,524,158
S01003177,882,471,411
S01003178,512,355,157
S01003179,537,316,221
S01003180,548,211,337
S01003181,719,448,271
S01003182,537,381,156
S01003183,552,385,167
S01003184,623,445,178
S01003185,454,309,145
S01003186,757,391,366
S01003187,762,519,243
S01003188,681,501,180
S01003189,704,493,211
S01003190,630,472,158
S01003191,417,286,131
S01003192,665,537,128
S01003193,468,222,246
S01003194,663,398,265
S01003195,689,311,378
S01003196,769,328,441
S01003197,569,259,310
S01003198,714,484,230
S01003199,674,303,371
S01003200,632,431,201
S01003201,186,109,77
S01003202,269,198,71
S01003203,729,400,329
S01003204,743,450,293
S01003205,614,418,196
S01003206,643,437,206
S01003207,602,352,250
S01003208,656,500,156
S01003209,486,243,243
S01003210,738,368,370
S01003211,661,375,286
S01003212,586,248,338
S01003213,416,224,192
S01003214,670,343,327
S01003215,738,477,261
S01003216,625,356,269
S01003217,567,443,124
S01003218,591,319,272
S01003219,643,366,277
S01003220,594,314,280
S01003221,643,445,198
S01003222,571,287,284
S01003223,751,602,149
S01003224,618,221,397
S01003225,691,433,258
S01003226,579,377,202
S01003227,685,398,287
S01003228,759,494,265
S01003229,823,364,459
S01003230,691,367,324
S01003231,809,474,335
S01003232,645,451,194
S01003233,797,266,531
S01003234,692,324,368
S01003235,665,348,317
S01003236,590,336,254
S01003237,840,470,370
S01003238,601,352,249
S01003239,786,441,345
S01003240,572,299,273
S01003241,700,283,417
S01003242,849,471,378
S01003243,727,395,332
S01003244,843,477,366
S01003245,734,544,190
S01003246,888,664,224
S01003247,539,388,151
S01003248,701,480,221
S01003249,598,411,187
S01003250,489,266,223
S01003251,687,508,179
S01003252,584,209,375
S01003253,655,493,162
S01003254,485,346,139
S01003255,756,500,256
S01003256,667,473,194
S01003257,626,280,346
S01003258,756,297,459
S01003259,860,425,435
S01003260,632,241,391
S01003261,805,282,523
S01003262,597,435,162
S01003263,622,459,163
S01003264,523,314,209
S01003265,622,308,314
S01003266,660,368,292
S01003267,866,579,287
S01003268,704,504,200
S01003269,747,508,239
S01003270,643,463,180
S01003271,731,540,191
S01003272,700,520,180
S01003273,603,442,161
S01003274,477,327,150
S01003275,831,528,303
S01003276,617,223,394
S01003277,570,298,272
S01003278,708,354,354
S01003279,322,256,66
S01003280,782,428,354
S01003281,429,258,171
S01003282,698,311,387
S01003283,605,269,336
S01003284,820,521,299
S01003285,319,246,73
S01003286,920,597,323
S01003287,392,308,84
S01003288,633,233,400
S01003289,243,167,76
S01003290,629,374,255
S01003291,661,445,216
S01003292,614,255,359
S01003293,725,529,196
S01003294,718,451,267
S01003295,849,328,521
S01003296,483,370,113
S01003297,432,326,106
S01003298,846,441,405
S01003299,300,249,51
S01003300,657,316,341
S01003301,591,425,166
S01003302,519,437,82
S01003303,837,697,140
S01003304,634,428,206
S01003305,612,400,212
S01003306,825,503,322
S01003307,913,567,346
S01003308,722,452,270
S01003309,589,461,128
S01003310,666,374,292
S01003311,629,238,391
S01003312,502,317,185
S01003313,785,555,230
S01003314,489,377,112
S01003315,534,386,148
S01003316,558,426,132
S01003317,517,288,229
S01003318,692,291,401
S01003320,519,345,174
S01003321,643,261,382
S01003322,710,568,142
S01003323,506,226,280
S01003324,480,331,149
S01003325,628,295,333
S01003326,680,447,233
S01003327,551,377,174
S01003328,571,487,84
S01003329,680,332,348
S01003330,679,235,444
S01003331,557,375,182
S01003332,347,199,148
S01003333,814,623,191
S01003334,681,442,239
S01003335,528,442,86
S01003336,755,457,298
S01003337,754,500,254
S01003338,750,435,315
S01003339,627,335,292
S01003340,912,554,358
S01003341,549,182,367
S01003342,544,424,120
S01003343,441,342,99
S01003344,408,296,112
S01003345,832,510,322
S01003346,739,427,312
S01003347,644,493,151
S01003348,702,511,191
S01003349,656,457,199
S01003350,525,340,185
S01003351,915,724,191
S01003352,670,442,228
S01003353,540,403,137
S01003354,738,430,308
S01003355,744,514,230
S01003356,752,573,179
S01003357,351,302,49
S01003358,835,740,95
S01003359,710,287,423
S01003360,584,326,258
S01003361,619,417,202
S01003362,668,413,255
S01003363,674,388,286
S01003364,488,360,128
S01003365,566,412,154
S01003366,536,468,68
S01003367,863,704,159
S01003368,959,848,111
S01003369,660,396,264
S01003370,678,509,169
S01003371,652,468,184
S01003372,588,355,233
S01003373,620,517,103
S01003374,362,269,93
S01003375,641,365,276
S01003376,400,297,103
S01003377,644,380,264
S01003378,611,472,139
S01003379,448,332,116
S01003380,666,477,189
S01003381,584,299,285
S01003382,622,457,165
S01003383,820,478,342
S01003384,865,474,391
S01003385,761,560,201
S01003386,614,382,232
S01003387,625,496,129
S01003388,834,613,221
S01003389,785,637,148
S01003390,676,524,152
S01003391,714,539,175
S01003392,684,463,221
S01003393,936,581,355
S01003394,533,372,161
S01003395,645,439,206
S01003396,665,553,112
S01003397,577,455,122
S01003398,671,420,251
S01003399,1508,1354,154
S01003400,612,336,276
S01003401,578,416,162
S01003402,474,363,111
S01003403,672,559,113
S01003404,397,263,134
S01003405,682,387,295
S01003406,621,445,176
S01003407,653,373,280
S01003408,521,395,126
S01003409,741,526,215
S01003410,727,601,126
S01003411,664,427,237
S01003412,724,468,256
S01003413,568,326,242
S01003414,411,263,148
S01003415,1157,1014,143
S01003416,832,623,209
S01003417,714,473,241
S01003418,784,548,236
S01003419,738,502,236
S01003420,355,268,87
S01003421,473,296,177
S01003422,665,498,167
S01003423,533,440,93
S01003424,800,651,149
S01003425,830,678,152
S01003426,898,664,234
S01003427,813,498,315
S01003428,521,445,76
S01003429,893,819,74
S01003430,695,579,116
S01003431,622,433,189
S01003432,860,733,127
S01003433,922,797,125
S01003434,741,490,251
S01003435,472,353,119
S01003436,471,238,233
S01003437,578,495,83
S01003438,843,717,126
S01003439,882,669,213
S01003440,392,225,167
S01003441,850,681,169
S01003442,577,434,143
S01003443,743,565,178
S01003444,517,354,163
S01003445,625,427,198
S01003446,495,418,77
S01003447,1627,1386,241
S01003448,655,407,248
S01003449,800,675,125
S01003450,721,590,131
S01003451,695,533,162
S01003452,956,672,284
S01003453,651,492,159
S01003454,593,416,177
S01003455,476,343,133
S01003456,253,209,44
S01003457,781,609,172
S01003458,697,464,233
S01003459,649,442,207
S01003460,833,688,145
S01003461,652,367,285
S01003462,434,289,145
S01003463,643,466,177
S01003464,842,719,123
S01003465,702,549,153
S01003466,628,479,149
S01003467,670,374,296
S01003468,645,524,121
S01003469,745,545,200
S01003470,748,664,84
S01003471,523,375,148
S01003472,613,441,172
S01003473,850,614,236
S01003474,663,539,124
S01003475,688,547,141
S01003476,549,282,267
S01003477,879,730,149
S01003478,697,546,151
S01003479,737,576,161
S01003480,514,381,133
S01003481,886,683,203
S01003482,543,417,126
S01003483,498,322,176
S01003484,816,646,170
S01003485,890,731,159
S01003486,580,392,188
S01003487,888,743,145
S01003488,597,393,204
S01003489,758,521,237
S01003490,551,393,158
S01003491,110,73,37
S01003492,713,514,199
S01003493,600,434,166
S01003494,707,549,158
S01003495,593,371,222
S01003496,805,609,196
S01003497,864,628,236
S01003498,877,565,312
S01003499,911,698,213
S01003500,469,355,114
S01003501,580,497,83
S01003502,455,314,141
S01003503,612,491,121
S01003504,668,568,100
S01003506,875,686,189
S01003507,482,421,61
S01003508,721,512,209
S01003509,770,527,243
S01003510,302,207,95
S01003511,847,522,325
S01003512,548,340,208
S01003513,656,561,95
S01003514,730,597,133
S01003515,578,384,194
S01003516,574,260,314
S01003517,597,479,118
S01003518,798,600,198
S01003519,475,398,77
S01003520,615,436,179
S01003521,507,439,68
S01003522,700,529,171
S01003523,509,303,206
S01003524,901,541,360
S01003525,881,657,224
S01003526,829,600,229
S01003527,703,303,400
S01003528,422,214,208
S01003529,375,172,203
S01003530,731,547,184
S01003531,665,497,168
S01003532,827,357,470
S01003533,284,249,35
S01003534,795,536,259
S01003535,589,414,175
S01003536,903,538,365
S01003537,712,519,193
S01003538,533,350,183
S01003539,824,448,376
S01003540,432,327,105
S01003541,561,466,95
S01003542,727,451,276
S01003543,452,333,119
S01003544,475,321,154
S01003545,869,616,253
S01003546,693,499,194
S01003547,683,523,160
S01003549,544,359,185
S01003550,557,230,327
S01003551,611,399,212
S01003552,820,609,211
S01003553,544,391,153
S01003554,698,528,170
S01003555,718,522,196
S01003556,532,202,330
S01003557,558,439,119
S01003558,825,490,335
S01003559,681,286,395
S01003560,880,419,461
S01003561,831,670,161
S01003562,489,360,129
S01003563,474,289,185
S01003564,556,378,178
S01003565,695,455,240
S01003566,696,570,126
S01003567,679,508,171
S01003568,650,372,278
S01003569,546,233,313
S01003570,609,253,356
S01003571,693,487,206
S01003572,733,539,194
S01003573,774,456,318
S01003574,818,587,231
S01003575,689,483,206
S01003576,760,524,236
S01003577,608,304,304
S01003578,208,142,66
S01003579,458,350,108
S01003580,731,562,169
S01003581,1675,1496,179
S01003582,491,399,92
S01003583,431,286,145
S01003584,506,368,138
S01003585,499,398,101
S01003586,747,465,282
S01003587,755,234,521
S01003588,546,233,313
S01003589,1096,645,451
S01003590,545,425,120
S01003591,939,466,473
S01003592,640,507,133
S01003593,576,331,245
S01003594,854,437,417
S01003595,556,442,114
S01003596,724,567,157
S01003597,566,248,318
S01003598,610,337,273
S01003599,536,305,231
S01003600,720,474,246
S01003601,605,452,153
S01003602,603,314,289
S01003603,680,462,218
S01003604,718,567,151
S01003605,521,387,134
S01003606,755,415,340
S01003607,447,225,222
S01003608,458,258,200
S01003609,865,422,443
S01003610,572,430,142
S01003611,654,464,190
S01003612,827,536,291
S01003613,643,296,347
S01003614,477,258,219
S01003615,378,275,103
S01003616,529,207,322
S01003617,765,576,189
S01003618,642,326,316
S01003619,702,490,212
S01003620,793,437,356
S01003621,860,498,362
S01003622,668,356,312
S01003623,739,302,437
S01003624,890,615,275
S01003625,335,245,90
S01003626,676,302,374
S01003627,474,346,128
S01003628,612,389,223
S01003629,710,460,250
S01003630,651,386,265
S01003631,644,361,283
S01003632,628,370,258
S01003633,778,506,272
S01003634,927,553,374
S01003635,536,439,97
S01003636,853,522,331
S01003637,651,420,231
S01003638,649,393,256
S01003639,689,376,313
S01003640,812,541,271
S01003641,547,168,379
S01003642,716,401,315
S01003643,477,297,180
S01003644,723,472,251
S01003645,487,267,220
S01003646,531,449,82
S01003647,618,378,240
S01003648,704,514,190
S01003649,871,429,442
S01003650,560,357,203
S01003651,638,389,249
S01003652,505,356,149
S01003653,611,386,225
S01003654,903,652,251
S01003655,660,419,241
S01003656,429,266,163
S01003657,721,461,260
S01003658,723,337,386
S01003659,690,436,254
S01003660,653,255,398
S01003661,670,361,309
S01003662,504,311,193
S01003663,486,354,132
S01003664,463,278,185
S01003665,506,429,77
S01003666,554,386,168
S01003667,726,303,423
S01003668,693,425,268
S01003669,503,279,224
S01003670,703,490,213
S01003671,579,368,211
S01003672,614,435,179
S01003673,231,164,67
S01003674,704,422,282
S01003675,578,316,262
S01003676,372,262,110
S01003677,624,348,276
S01003678,566,271,295
S01003679,819,539,280
S01003680,634,378,256
S01003681,522,299,223
S01003682,878,432,446
S01003683,511,300,211
S01003684,645,383,262
S01003685,448,234,214
S01003686,776,460,316
S01003687,541,420,121
S01003688,777,438,339
S01003689,449,329,120
S01003690,861,589,272
S01003691,863,434,429
S01003692,872,505,367
S01003693,506,313,193
S01003694,716,327,389
S01003695,794,588,206
S01003696,929,569,360
S01003697,792,282,510
S01003698,811,416,395
S01003699,748,312,436
S01003700,890,448,442
S01003701,846,577,269
S01003702,591,405,186
S01003703,825,532,293
S01003704,574,358,216
S01003705,600,420,180
S01003706,526,393,133
S01003707,518,403,115
S01003708,456,386,70
S01003709,742,579,163
S01003710,716,489,227
S01003711,581,457,124
S01003712,595,379,216
S01003713,403,272,131
S01003714,578,367,211
S01003715,621,420,201
S01003716,404,315,89
S01003717,582,446,136
S01003718,368,271,97
S01003719,464,170,294
S01003720,757,351,406
S01003721,617,321,296
S01003722,750,414,336
S01003723,463,199,264
S01003724,651,351,300
S01003725,532,253,279
S01003726,541,253,288
S01003727,533,241,292
S01003728,397,192,205
S01003729,519,285,234
S01003730,441,256,185
S01003731,469,291,178
S01003732,649,306,343
S01003733,653,348,305
S01003734,569,284,285
S01003735,618,246,372
S01003736,646,286,360
S01003737,504,234,270
S01003738,540,191,349
S01003739,435,197,238
S01003740,469,188,281
S01003741,680,293,387
S01003742,427,176,251
S01003743,479,170,309
S01003744,500,215,285
S01003745,568,280,288
S01003746,617,235,382
S01003747,824,353,471
S01003748,504,241,263
S01003749,637,262,375
S01003750,453,172,281
S01003751,803,488,315
S01003752,672,323,349
S01003753,719,284,435
S01003754,690,376,314
S01003755,575,291,284
S01003756,616,261,355
S01003757,478,199,279
S01003758,622,274,348
S01003759,499,190,309
S01003760,583,232,351
S01003761,669,309,360
S01003762,594,204,390
S01003763,756,389,367
S01003764,664,271,393
S01003765,570,286,284
S01003766,497,255,242
S01003767,609,332,277
S01003768,476,209,267
S01003769,541,254,287
S01003770,504,175,329
S01003771,551,234,317
S01003772,480,204,276
S01003773,552,248,304
S01003774,497,194,303
S01003775,630,249,381
S01003776,452,168,284
S01003777,725,268,457
S01003778,400,126,274
S01003779,385,138,247
S01003780,754,290,464
S01003781,522,237,285
S01003782,439,167,272
S01003783,859,449,410
S01003784,465,187,278
S01003785,678,257,421
S01003786,765,267,498
S01003787,503,174,329
S01003788,607,223,384
S01003789,379,111,268
S01003790,452,237,215
S01003791,515,301,214
S01003792,568,290,278
S01003793,424,261,163
S01003794,620,289,331
S01003795,471,163,308
S01003796,486,300,186
S01003797,810,470,340
S01003798,658,240,418
S01003799,646,249,397
S01003800,526,285,241
S01003801,646,318,328
S01003802,635,259,376
S01003803,551,230,321
S01003804,497,300,197
S01003805,808,505,303
S01003806,558,272,286
S01003807,743,270,473
S01003808,537,316,221
S01003809,604,308,296
S01003810,772,322,450
S01003811,563,192,371
S01003812,772,458,314
S01003813,760,280,480
S01003814,679,258,421
S01003815,643,401,242
S01003816,670,247,423
S01003817,724,397,327
S01003818,649,370,279
S01003819,482,142,340
S01003820,877,574,303
S01003821,668,381,287
S01003822,622,371,251
S01003823,765,377,388
S01003824,603,406,197
S01003825,512,90,422
S01003826,600,325,275
S01003827,676,337,339
S01003828,569,222,347
S01003829,527,286,241
S01003830,647,367,280
S01003831,535,251,284
S01003832,715,372,343
S01003833,474,344,130
S01003834,546,280,266
S01003835,440,215,225
S01003836,534,345,189
S01003837,671,381,290
S01003838,424,178,246
S01003839,543,348,195
S01003840,592,288,304
S01003841,475,210,265
S01003842,456,163,293
S01003843,528,193,335
S01003844,622,216,406
S01003845,776,508,268
S01003846,676,282,394
S01003847,473,232,241
S01003848,548,185,363
S01003849,628,491,137
S01003850,435,207,228
S01003851,675,217,458
S01003852,459,198,261
S01003853,682,535,147
S01003854,487,268,219
S01003855,718,483,235
S01003856,533,299,234
S01003857,580,229,351
S01003858,468,235,233
S01003859,431,133,298
S01003860,480,376,104
S01003861,664,360,304
S01003862,401,279,122
S01003863,533,147,386
S01003864,744,267,477
S01003865,609,263,346
S01003866,630,263,367
S01003867,818,391,427
S01003868,516,188,328
S01003869,564,274,290
S01003870,663,274,389
S01003871,632,229,403
S01003872,668,192,476
S01003873,813,344,469
S01003874,735,408,327
S01003875,403,136,267
S01003876,502,196,306
S01003877,444,147,297
S01003878,746,400,346
S01003879,515,164,351
S01003880,731,327,404
S01003881,599,215,384
S01003882,431,255,176
S01003883,418,177,241
S01003884,572,287,285
S01003885,524,236,288
S01003886,440,199,241
S01003887,653,375,278
S01003888,485,173,312
S01003889,478,244,234
S01003890,536,178,358
S01003891,627,255,372
S01003892,467,193,274
S01003893,514,217,297
S01003894,677,383,294
S01003895,521,193,328
S01003896,568,202,366
S01003897,571,211,360
S01003898,666,276,390
S01003899,605,239,366
S01003900,612,346,266
S01003901,499,228,271
S01003902,670,308,362
S01003903,493,184,309
S01003904,610,351,259
S01003905,681,216,465
S01003906,589,309,280
S01003907,600,363,237
S01003908,621,298,323
S01003909,547,174,373
S01003910,506,248,258
S01003911,475,219,256
S01003912,569,265,304
S01003913,553,242,311
S01003914,732,354,378
S01003915,534,238,296
S01003916,622,257,365
S01003917,701,326,375
S01003918,652,307,345
S01003919,461,253,208
S01003920,510,241,269
S01003921,673,339,334
S01003922,603,331,272
S01003923,534,284,250
S01003924,402,269,133
S01003925,561,276,285
S01003926,424,266,158
S01003927,545,215,330
S01003928,655,344,311
S01003929,433,193,240
S01003930,590,269,321
S01003931,671,341,330
S01003932,727,296,431
S01003933,520,228,292
S01003934,706,276,430
S01003935,581,304,277
S01003936,732,308,424
S01003937,625,320,305
S01003938,419,178,241
S01003939,508,183,325
S01003940,652,328,324
S01003941,458,164,294
S01003942,560,281,279
S01003943,547,268,279
S01003944,542,279,263
S01003945,554,207,347
S01003946,672,300,372
S01003947,423,179,244
S01003948,499,192,307
S01003949,500,214,286
S01003950,456,238,218
S01003951,463,192,271
S01003952,430,167,263
S01003953,478,217,261
S01003954,464,194,270
S01003955,508,272,236
S01003956,474,257,217
S01003957,540,284,256
S01003958,610,258,352
S01003959,610,284,326
S01003960,711,314,397
S01003961,476,218,258
S01003962,463,235,228
S01003963,413,165,248
S01003964,380,139,241
S01003965,460,191,269
S01003966,758,322,436
S01003967,422,205,217
S01003968,768,348,420
S01003969,663,347,316
S01003970,488,208,280
S01003971,529,250,279
S01003972,542,241,301
S01003973,419,177,242
S01003974,683,289,394
S01003975,541,211,330
S01003976,571,307,264
S01003977,427,259,168
S01003978,490,297,193
S01003979,462,218,244
S01003980,444,168,276
S01003981,482,246,236
S01003982,569,283,286
S01003983,589,203,386
S01003984,558,276,282
S01003985,611,346,265
S01003986,468,246,222
S01003987,417,180,237
S01003988,430,246,184
S01003989,666,258,408
S01003990,418,200,218
S01003991,483,195,288
S01003992,745,323,422
S01003993,532,216,316
S01003994,528,214,314
S01003995,721,291,430
S01003996,412,146,266
S01003997,709,411,298
S01003998,475,202,273
S01003999,697,279,418
S01004000,646,297,349
S01004001,532,266,266
S01004002,760,413,347
S01004003,444,170,274
S01004004,645,330,315
S01004005,499,208,291
S01004006,443,137,306
S01004007,460,260,200
S01004008,512,196,316
S01004009,539,230,309
S01004010,647,243,404
S01004011,923,364,559
S01004012,591,215,376
S01004013,443,157,286
S01004014,500,197,303
S01004015,731,213,518
S01004016,465,148,317
S01004017,798,325,473
S01004018,598,187,411
S01004019,381,109,272
S01004020,589,244,345
S01004021,563,121,442
S01004022,461,209,252
S01004023,464,164,300
S01004024,758,373,385
S01004025,687,356,331
S01004026,548,270,278
S01004027,644,290,354
S01004028,615,342,273
S01004029,760,393,367
S01004030,623,359,264
S01004031,487,242,245
S01004032,325,214,111
S01004033,691,379,312
S01004034,614,273,341
S01004035,618,324,294
S01004036,569,319,250
S01004037,559,252,307
S01004038,587,306,281
S01004039,298,182,116
S01004040,542,257,285
S01004041,527,298,229
S01004042,524,328,196
S01004043,588,228,360
S01004044,629,423,206
S01004045,493,279,214
S01004046,523,350,173
S01004047,555,293,262
S01004048,752,409,343
S01004049,681,317,364
S01004050,388,259,129
S01004051,476,303,173
S01004052,451,284,167
S01004053,786,408,378
S01004054,791,382,409
S01004055,451,192,259
S01004056,630,338,292
S01004057,725,435,290
S01004058,476,293,183
S01004059,474,269,205
S01004060,413,230,183
S01004061,541,321,220
S01004062,716,295,421
S01004063,607,374,233
S01004064,570,266,304
S01004065,751,500,251
S01004066,457,232,225
S01004067,636,287,349
S01004068,641,366,275
S01004069,487,307,180
S01004070,346,239,107
S01004071,745,401,344
S01004072,961,534,427
S01004073,608,354,254
S01004074,636,370,266
S01004075,401,261,140
S01004076,507,238,269
S01004077,616,250,366
S01004078,629,361,268
S01004079,598,370,228
S01004080,605,369,236
S01004081,503,165,338
S01004082,610,198,412
S01004083,700,461,239
S01004084,706,479,227
S01004085,494,355,139
S01004086,733,525,208
S01004087,398,213,185
S01004088,419,226,193
S01004089,620,322,298
S01004090,313,189,124
S01004091,594,297,297
S01004092,582,364,218
S01004093,503,354,149
S01004094,387,314,73
S01004095,419,212,207
S01004096,556,169,387
S01004097,650,366,284
S01004098,526,193,333
S01004099,623,208,415
S01004100,607,323,284
S01004101,587,336,251
S01004102,621,292,329
S01004103,652,276,376
S01004104,626,200,426
S01004105,633,284,349
S01004106,662,361,301
S01004107,578,224,354
S01004108,660,304,356
S01004109,503,164,339
S01004110,462,235,227
S01004111,722,361,361
S01004112,743,369,374
S01004113,618,264,354
S01004114,578,345,233
S01004115,696,325,371
S01004116,573,258,315
S01004117,616,322,294
S01004118,808,577,231
S01004119,523,318,205
S01004120,616,247,369
S01004121,379,160,219
S01004122,511,182,329
S01004123,411,164,247
S01004124,781,305,476
S01004125,554,213,341
S01004126,575,334,241
S01004127,736,218,518
S01004128,591,168,423
S01004129,668,243,425
S01004130,437,169,268
S01004131,634,369,265
S01004132,444,206,238
S01004133,715,361,354
S01004134,582,163,419
S01004135,534,315,219
S01004136,484,248,236
S01004137,409,127,282
S01004138,548,274,274
S01004139,423,202,221
S01004140,478,207,271
S01004141,575,265,310
S01004142,407,156,251
S01004143,718,309,409
S01004144,650,344,306
S01004145,522,208,314
S01004146,557,208,349
S01004147,613,270,343
S01004148,743,215,528
S01004149,458,216,242
S01004150,451,152,299
S01004151,528,241,287
S01004152,540,269,271
S01004153,614,317,297
S01004154,539,186,353
S01004155,683,362,321
S01004156,640,314,326
S01004157,499,152,347
S01004158,518,286,232
S01004159,323,165,158
S01004160,473,208,265
S01004161,456,222,234
S01004162,533,179,354
S01004163,493,218,275
S01004164,756,350,406
S01004165,748,300,448
S01004166,403,206,197
S01004167,479,235,244
S01004168,541,261,280
S01004169,467,230,237
S01004170,488,227,261
S01004171,497,223,274
S01004172,588,271,317
S01004173,481,209,272
S01004174,593,227,366
S01004175,462,216,246
S01004176,485,166,319
S01004177,377,191,186
S01004178,446,206,240
S01004179,431,167,264
S01004180,610,139,471
S01004181,601,236,365
S01004182,673,373,300
S01004183,724,239,485
S01004184,672,318,354
S01004185,596,299,297
S01004186,559,293,266
S01004187,590,268,322
S01004188,561,308,253
S01004189,437,146,291
S01004190,623,324,299
S01004191,622,312,310
S01004192,684,378,306
S01004193,515,206,309
S01004194,653,317,336
S01004195,486,216,270
S01004196,525,289,236
S01004197,539,307,232
S01004198,617,295,322
S01004199,680,307,373
S01004200,659,222,437
S01004201,629,257,372
S01004202,471,150,321
S01004203,726,347,379
S01004204,634,220,414
S01004205,564,278,286
S01004206,582,254,328
S01004207,586,299,287
S01004208,609,236,373
S01004209,454,182,272
S01004210,611,299,312
S01004211,559,164,395
S01004212,660,217,443
S01004213,532,306,226
S01004214,590,185,405
S01004215,491,191,300
S01004216,690,248,442
S01004217,469,256,213
S01004218,715,283,432
S01004219,462,230,232
S01004220,661,238,423
S01004221,710,311,399
S01004222,427,314,113
S01004223,582,354,228
S01004224,584,270,314
S01004225,709,472,237
S01004226,607,300,307
S01004227,490,176,314
S01004228,616,277,339
S01004229,580,243,337
S01004230,575,261,314
S01004231,628,321,307
S01004232,517,203,314
S01004233,525,214,311
S01004234,735,233,502
S01004235,503,187,316
S01004236,714,291,423
S01004237,549,238,311
S01004238,432,156,276
S01004239,553,266,287
S01004240,519,187,332
S01004241,418,171,247
S01004242,662,228,434
S01004243,463,182,281
S01004244,491,232,259
S01004245,606,243,363
S01004246,441,164,277
S01004247,677,352,325
S01004248,773,379,394
S01004249,710,322,388
S01004250,839,365,474
S01004251,756,352,404
S01004252,427,124,303
S01004253,447,205,242
S01004254,622,249,373
S01004255,541,160,381
S01004256,411,177,234
S01004257,437,135,302
S01004258,567,187,380
S01004259,464,179,285
S01004260,458,145,313
S01004261,675,326,349
S01004262,578,237,341
S01004263,622,324,298
S01004264,598,244,354
S01004265,703,273,430
S01004266,460,241,219
S01004267,427,118,309
S01004268,504,246,258
S01004269,615,271,344
S01004270,471,310,161
S01004271,496,273,223
S01004272,518,175,343
S01004273,606,206,400
S01004274,634,234,400
S01004275,456,213,243
S01004276,605,295,310
S01004277,642,225,417
S01004278,755,303,452
S01004279,674,349,325
S01004280,831,348,483
S01004281,471,201,270
S01004282,726,409,317
S01004283,570,299,271
S01004284,765,405,360
S01004285,582,63,519
S01004286,510,196,314
S01004287,523,174,349
S01004288,569,213,356
S01004289,444,209,235
S01004290,542,199,343
S01004291,676,278,398
S01004292,528,115,413
S01004293,693,257,436
S01004294,661,323,338
S01004295,738,393,345
S01004296,657,241,416
S01004297,547,275,272
S01004298,811,283,528
S01004299,501,352,149
S01004300,490,301,189
S01004301,522,167,355
S01004302,644,167,477
S01004303,445,226,219
S01004304,729,434,295
S01004305,531,273,258
S01004306,490,239,251
S01004307,724,470,254
S01004308,813,361,452
S01004309,681,207,474
S01004310,642,295,347
S01004311,599,302,297
S01004312,610,293,317
S01004313,752,249,503
S01004314,598,254,344
S01004315,414,141,273
S01004316,318,32,286
S01004317,710,245,465
S01004318,508,286,222
S01004319,681,248,433
S01004320,692,288,404
S01004321,573,316,257
S01004322,812,350,462
S01004323,539,258,281
S01004324,678,340,338
S01004325,819,358,461
S01004326,656,241,415
S01004327,548,215,333
S01004328,527,202,325
S01004329,436,165,271
S01004330,798,294,504
S01004331,475,208,267
S01004332,461,167,294
S01004333,403,181,222
S01004334,1383,918,465
S01004335,417,206,211
S01004336,799,356,443
S01004337,596,275,321
S01004338,560,241,319
S01004339,719,244,475
S01004340,431,205,226
S01004341,458,190,268
S01004342,565,193,372
S01004343,405,171,234
S01004344,657,324,333
S01004345,722,324,398
S01004346,433,206,227
S01004347,657,257,400
S01004348,493,224,269
S01004349,643,309,334
S01004350,479,201,278
S01004351,409,208,201
S01004352,494,191,303
S01004353,746,359,387
S01004354,443,119,324
S01004355,440,171,269
S01004356,778,367,411
S01004357,603,179,424
S01004358,644,200,444
S01004359,408,204,204
S01004360,496,244,252
S01004361,501,237,264
S01004362,447,249,198
S01004363,836,573,263
S01004364,660,423,237
S01004365,558,296,262
S01004366,495,223,272
S01004367,639,317,322
S01004368,463,295,168
S01004369,598,254,344
S01004370,601,196,405
S01004371,562,300,262
S01004372,785,336,449
S01004373,447,265,182
S01004374,527,335,192
S01004375,540,290,250
S01004376,701,362,339
S01004377,629,388,241
S01004378,810,364,446
S01004379,732,411,321
S01004380,530,306,224
S01004381,620,309,311
S01004382,599,289,310
S01004383,665,301,364
S01004384,567,267,300
S01004385,649,297,352
S01004386,765,284,481
S01004387,807,420,387
S01004388,587,371,216
S01004389,496,219,277
S01004390,657,345,312
S01004391,483,155,328
S01004392,703,307,396
S01004393,762,378,384
S01004394,644,347,297
S01004395,400,222,178
S01004396,619,307,312
S01004397,699,244,455
S01004398,676,312,364
S01004399,392,253,139
S01004400,437,202,235
S01004401,798,234,564
S01004402,735,358,377
S01004403,389,161,228
S01004404,480,168,312
S01004405,554,255,299
S01004406,625,402,223
S01004407,500,262,238
S01004408,454,185,269
S01004409,548,292,256
S01004410,752,377,375
S01004411,531,291,240
S01004412,809,448,361
S01004413,678,471,207
S01004414,625,421,204
S01004415,504,270,234
S01004416,596,306,290
S01004417,580,365,215
S01004418,744,357,387
S01004419,693,301,392
S01004420,645,260,385
S01004421,613,480,133
S01004422,498,274,224
S01004423,679,372,307
S01004424,543,341,202
S01004425,494,182,312
S01004426,478,208,270
S01004427,617,378,239
S01004428,567,339,228
S01004429,594,336,258
S01004430,400,188,212
S01004431,582,408,174
S01004432,704,342,362
S01004433,771,332,439
S01004434,655,367,288
S01004435,518,263,255
S01004436,610,308,302
S01004437,679,363,316
S01004438,504,277,227
S01004439,507,282,225
S01004440,586,304,282
S01004441,656,191,465
S01004442,735,409,326
S01004443,495,266,229
S01004444,646,374,272
S01004445,607,386,221
S01004446,610,299,311
S01004447,565,307,258
S01004448,501,215,286
S01004449,751,434,317
S01004450,786,484,302
S01004451,653,408,245
S01004452,586,254,332
S01004453,785,260,525
S01004454,730,370,360
S01004455,679,281,398
S01004456,450,163,287
S01004457,697,376,321
S01004458,620,363,257
S01004459,498,244,254
S01004460,536,164,372
S01004461,499,184,315
S01004462,492,161,331
S01004463,636,248,388
S01004464,612,341,271
S01004465,599,212,387
S01004466,782,299,483
S01004467,728,476,252
S01004468,588,216,372
S01004469,467,264,203
S01004470,408,127,281
S01004471,463,179,284
S01004472,624,194,430
S01004473,841,267,574
S01004474,788,402,386
S01004475,408,137,271
S01004476,589,318,271
S01004477,706,283,423
S01004478,496,216,280
S01004479,524,178,346
S01004480,782,413,369
S01004481,438,199,239
S01004482,821,480,341
S01004483,509,239,270
S01004484,808,304,504
S01004485,424,144,280
S01004486,738,300,438
S01004487,822,414,408
S01004488,600,294,306
S01004489,633,229,404
S01004490,583,213,370
S01004491,595,337,258
S01004492,765,373,392
S01004493,844,375,469
S01004494,688,362,326
S01004495,557,316,241
S01004496,518,274,244
S01004497,658,398,260
S01004498,500,257,243
S01004499,559,269,290
S01004500,636,202,434
S01004501,478,251,227
S01004502,601,204,397
S01004503,658,399,259
S01004504,565,304,261
S01004505,447,221,226
S01004506,414,195,219
S01004507,613,275,338
S01004508,537,237,300
S01004509,599,222,377
S01004510,747,290,457
S01004511,770,356,414
S01004512,782,291,491
S01004513,441,244,197
S01004514,433,186,247
S01004515,678,490,188
S01004516,418,215,203
S01004517,610,426,184
S01004518,522,214,308
S01004519,659,329,330
S01004520,712,338,374
S01004521,665,233,432
S01004522,514,181,333
S01004523,592,187,405
S01004524,557,177,380
S01004525,604,192,412
S01004526,621,238,383
S01004527,462,229,233
S01004528,676,302,374
S01004529,624,231,393
S01004530,389,89,300
S01004531,627,294,333
S01004532,473,349,124
S01004533,326,263,63
S01004534,515,239,276
S01004535,607,262,345
S01004536,559,310,249
S01004537,702,363,339
S01004538,638,325,313
S01004539,521,259,262
S01004540,698,406,292
S01004541,649,320,329
S01004542,447,162,285
S01004543,640,304,336
S01004544,807,439,368
S01004545,604,365,239
S01004546,759,414,345
S01004547,712,460,252
S01004548,659,380,279
S01004549,735,389,346
S01004550,601,429,172
S01004551,773,333,440
S01004552,575,360,215
S01004553,421,206,215
S01004554,507,231,276
S01004555,594,299,295
S01004556,549,343,206
S01004557,341,148,193
S01004558,812,441,371
S01004559,910,434,476
S01004560,416,238,178
S01004561,819,518,301
S01004562,435,232,203
S01004563,715,296,419
S01004564,478,196,282
S01004565,538,163,375
S01004566,513,199,314
S01004567,453,284,169
S01004568,560,258,302
S01004569,496,339,157
S01004570,547,168,379
S01004571,544,256,288
S01004572,600,290,310
S01004573,519,215,304
S01004574,410,138,272
S01004575,611,328,283
S01004576,457,137,320
S01004577,489,220,269
S01004578,767,211,556
S01004579,548,349,199
S01004580,722,343,379
S01004581,908,454,454
S01004582,492,215,277
S01004583,679,407,272
S01004584,465,281,184
S01004585,504,260,244
S01004586,903,351,552
S01004587,778,527,251
S01004588,528,232,296
S01004589,644,255,389
S01004590,536,332,204
S01004591,477,223,254
S01004592,492,231,261
S01004593,696,338,358
S01004594,437,259,178
S01004595,775,305,470
S01004596,618,397,221
S01004597,458,204,254
S01004598,558,244,314
S01004599,481,239,242
S01004600,719,428,291
S01004601,700,362,338
S01004602,782,262,520
S01004603,807,481,326
S01004604,482,267,215
S01004605,790,416,374
S01004606,608,308,300
S01004607,532,254,278
S01004608,502,250,252
S01004609,457,252,205
S01004610,570,296,274
S01004611,1063,549,514
S01004612,596,325,271
S01004613,611,263,348
S01004614,663,297,366
S01004615,654,354,300
S01004616,624,235,389
S01004617,498,295,203
S01004618,456,318,138
S01004619,487,334,153
S01004620,609,396,213
S01004621,817,392,425
S01004622,655,287,368
S01004623,794,406,388
S01004624,864,520,344
S01004625,643,357,286
S01004626,487,302,185
S01004627,471,253,218
S01004628,413,263,150
S01004629,745,274,471
S01004630,758,315,443
S01004631,641,340,301
S01004632,727,372,355
S01004633,439,194,245
S01004634,727,259,468
S01004635,612,386,226
S01004636,550,335,215
S01004637,452,217,235
S01004638,474,277,197
S01004639,586,287,299
S01004640,647,339,308
S01004641,518,250,268
S01004642,749,381,368
S01004643,380,202,178
S01004644,610,308,302
S01004645,724,452,272
S01004646,644,339,305
S01004647,1323,804,519
S01004648,757,427,330
S01004649,475,316,159
S01004650,677,358,319
S01004651,729,377,352
S01004652,736,406,330
S01004653,541,268,273
S01004654,686,285,401
S01004655,688,390,298
S01004656,429,263,166
S01004657,622,240,382
S01004658,771,377,394
S01004659,440,201,239
S01004660,524,168,356
S01004661,572,324,248
S01004662,759,405,354
S01004663,440,190,250
S01004664,547,269,278
S01004665,591,333,258
S01004666,630,266,364
S01004667,536,305,231
S01004668,705,308,397
S01004669,672,370,302
S01004670,731,448,283
S01004671,703,300,403
S01004672,529,257,272
S01004673,633,381,252
S01004674,706,306,400
S01004675,646,290,356
S01004676,644,338,306
S01004677,678,344,334
S01004678,708,386,322
S01004679,415,203,212
S01004680,682,452,230
S01004681,572,248,324
S01004682,463,291,172
S01004683,563,217,346
S01004684,636,250,386
S01004685,432,269,163
S01004686,625,354,271
S01004687,674,344,330
S01004688,570,210,360
S01004689,783,365,418
S01004690,422,204,218
S01004691,659,222,437
S01004692,575,315,260
S01004693,665,227,438
S01004694,528,282,246
S01004695,523,136,387
S01004696,645,380,265
S01004697,728,256,472
S01004698,400,122,278
S01004699,577,331,246
S01004700,634,306,328
S01004701,446,129,317
S01004702,475,213,262
S01004703,601,213,388
S01004704,493,286,207
S01004705,726,329,397
S01004706,410,148,262
S01004707,768,389,379
S01004708,588,297,291
S01004709,564,188,376
S01004710,711,389,322
S01004711,622,367,255
S01004712,452,219,233
S01004713,578,291,287
S01004714,598,263,335
S01004715,670,344,326
S01004716,748,344,404
S01004717,585,288,297
S01004718,771,358,413
S01004719,631,313,318
S01004720,545,264,281
S01004721,490,182,308
S01004722,526,280,246
S01004723,463,179,284
S01004724,844,440,404
S01004725,461,232,229
S01004726,449,249,200
S01004727,727,440,287
S01004728,504,226,278
S01004729,510,265,245
S01004730,801,508,293
S01004731,617,301,316
S01004732,470,208,262
S01004733,689,362,327
S01004734,434,276,158
S01004735,761,370,391
S01004736,589,316,273
S01004737,609,303,306
S01004738,568,392,176
S01004739,581,180,401
S01004740,545,179,366
S01004741,491,222,269
S01004742,791,398,393
S01004743,674,243,431
S01004744,466,264,202
S01004745,655,435,220
S01004746,626,339,287
S01004747,616,193,423
S01004748,469,266,203
S01004749,540,336,204
S01004750,517,328,189
S01004751,611,438,173
S01004752,594,296,298
S01004753,537,284,253
S01004754,549,248,301
S01004755,590,305,285
S01004756,511,225,286
S01004757,655,373,282
S01004758,793,385,408
S01004759,435,159,276
S01004760,569,307,262
S01004761,457,212,245
S01004762,521,265,256
S01004763,621,208,413
S01004764,615,321,294
S01004765,792,513,279
S01004766,583,340,243
S01004767,550,269,281
S01004768,734,412,322
S01004769,454,215,239
S01004770,476,300,176
S01004771,692,340,352
S01004772,526,303,223
S01004773,620,335,285
S01004774,789,280,509
S01004775,634,525,109
S01004776,658,304,354
S01004777,462,139,323
S01004778,561,314,247
S01004779,644,324,320
S01004780,408,205,203
S01004781,667,316,351
S01004782,620,346,274
S01004783,804,347,457
S01004784,635,389,246
S01004785,507,261,246
S01004786,412,222,190
S01004787,873,469,404
S01004788,611,186,425
S01004789,851,517,334
S01004790,557,155,402
S01004791,487,243,244
S01004792,579,293,286
S01004793,732,309,423
S01004794,588,321,267
S01004795,736,379,357
S01004796,645,312,333
S01004797,593,281,312
S01004798,718,456,262
S01004799,478,261,217
S01004800,522,269,253
S01004801,586,310,276
S01004802,768,380,388
S01004803,643,351,292
S01004804,762,432,330
S01004805,491,320,171
S01004806,460,235,225
S01004807,405,254,151
S01004808,560,328,232
S01004809,418,211,207
S01004810,472,261,211
S01004811,517,244,273
S01004812,602,396,206
S01004813,742,352,390
S01004814,738,379,359
S01004815,549,271,278
S01004816,605,316,289
S01004817,451,284,167
S01004818,709,360,349
S01004819,572,337,235
S01004820,901,464,437
S01004821,749,310,439
S01004822,567,304,263
S01004823,655,332,323
S01004824,632,242,390
S01004825,491,294,197
S01004826,561,345,216
S01004827,538,305,233
S01004828,753,265,488
S01004829,599,316,283
S01004830,608,354,254
S01004831,705,265,440
S01004832,545,258,287
S01004833,661,350,311
S01004834,658,297,361
S01004835,537,224,313
S01004836,549,191,358
S01004837,659,315,344
S01004838,752,321,431
S01004839,714,341,373
S01004840,546,251,295
S01004841,685,364,321
S01004842,436,160,276
S01004843,513,264,249
S01004844,721,319,402
S01004845,646,333,313
S01004846,579,257,322
S01004847,740,301,439
S01004848,568,210,358
S01004849,517,336,181
S01004850,662,280,382
S01004851,480,265,215
S01004852,554,329,225
S01004853,627,266,361
S01004854,781,372,409
S01004855,493,281,212
S01004856,573,238,335
S01004857,745,342,403
S01004858,755,315,440
S01004859,688,233,455
S01004860,378,141,237
S01004861,685,255,430
S01004862,513,182,331
S01004863,860,349,511
S01004864,492,188,304
S01004865,591,244,347
S01004866,768,360,408
S01004867,674,239,435
S01004868,614,320,294
S01004869,709,234,475
S01004870,754,337,417
S01004871,607,285,322
S01004872,704,322,382
S01004873,654,259,395
S01004874,691,391,300
S01004875,600,293,307
S01004876,825,400,425
S01004877,655,299,356
S01004878,619,315,304
S01004879,545,283,262
S01004880,514,270,244
S01004881,637,316,321
S01004882,427,178,249
S01004883,548,259,289
S01004884,442,135,307
S01004885,455,237,218
S01004886,635,385,250
S01004887,315,118,197
S01004888,464,158,306
S01004889,739,393,346
S01004890,546,375,171
S01004891,734,416,318
S01004892,594,193,401
S01004893,647,325,322
S01004894,660,364,296
S01004895,687,331,356
S01004896,803,397,406
S01004897,462,170,292
S01004898,799,436,363
S01004899,585,252,333
S01004900,566,160,406
S01004901,588,431,157
S01004902,647,329,318
S01004903,489,156,333
S01004904,922,557,365
S01004905,835,452,383
S01004906,670,366,304
S01004907,588,180,408
S01004908,527,238,289
S01004909,746,337,409
S01004910,708,285,423
S01004911,570,192,378
S01004912,610,334,276
S01004913,534,260,274
S01004914,475,171,304
S01004915,489,294,195
S01004916,630,323,307
S01004917,402,112,290
S01004918,462,176,286
S01004919,395,229,166
S01004920,771,404,367
S01004921,555,294,261
S01004922,502,156,346
S01004923,575,220,355
S01004924,722,315,407
S01004925,461,200,261
S01004926,675,155,520
S01004927,753,244,509
S01004928,495,133,362
S01004929,544,178,366
S01004930,514,265,249
S01004931,713,413,300
S01004932,597,387,210
S01004933,658,319,339
S01004934,542,303,239
S01004935,474,153,321
S01004936,806,452,354
S01004937,400,238,162
S01004938,627,304,323
S01004939,466,217,249
S01004940,467,206,261
S01004941,474,264,210
S01004942,829,287,542
S01004943,673,300,373
S01004944,434,181,253
S01004945,530,265,265
S01004946,466,175,291
S01004947,524,197,327
S01004948,450,234,216
S01004949,467,173,294
S01004950,392,137,255
S01004951,555,309,246
S01004952,729,299,430
S01004953,723,366,357
S01004954,573,322,251
S01004955,524,247,277
S01004956,544,245,299
S01004957,515,171,344
S01004958,741,412,329
S01004959,521,343,178
S01004960,464,250,214
S01004961,517,274,243
S01004962,450,141,309
S01004963,429,182,247
S01004964,765,319,446
S01004965,657,273,384
S01004966,640,243,397
S01004967,439,163,276
S01004968,457,192,265
S01004969,716,312,404
S01004970,621,268,353
S01004971,778,340,438
S01004972,583,271,312
S01004973,680,208,472
S01004974,689,213,476
S01004975,599,195,404
S01004976,606,276,330
S01004977,805,407,398
S01004978,750,267,483
S01004979,698,224,474
S01004980,840,274,566
S01004981,761,253,508
S01004982,549,216,333
S01004983,711,288,423
S01004984,619,235,384
S01004985,570,213,357
S01004986,505,171,334
S01004987,391,113,278
S01004988,413,142,271
S01004989,548,259,289
S01004990,412,145,267
S01004991,454,159,295
S01004992,699,300,399
S01004993,551,136,415
S01004994,658,273,385
S01004995,789,371,418
S01004996,544,257,287
S01004997,693,245,448
S01004998,642,223,419
S01004999,662,307,355
S01005000,477,194,283
S01005001,791,309,482
S01005002,669,234,435
S01005003,695,263,432
S01005004,465,206,259
S01005005,770,323,447
S01005006,480,242,238
S01005007,710,302,408
S01005008,942,422,520
S01005009,524,182,342
S01005010,477,230,247
S01005011,450,261,189
S01005012,566,314,252
S01005013,547,262,285
S01005014,656,376,280
S01005015,517,214,303
S01005016,591,287,304
S01005017,607,212,395
S01005018,474,230,244
S01005019,881,632,249
S01005020,737,360,377
S01005021,711,247,464
S01005022,531,232,299
S01005023,498,216,282
S01005024,755,334,421
S01005025,531,214,317
S01005026,477,139,338
S01005027,570,233,337
S01005028,476,188,288
S01005029,775,460,315
S01005030,806,308,498
S01005031,605,380,225
S01005032,732,350,382
S01005033,578,176,402
S01005034,680,215,465
S01005035,740,305,435
S01005036,447,169,278
S01005037,871,691,180
S01005038,740,270,470
S01005039,900,288,612
S01005040,797,597,200
S01005041,529,441,88
S01005042,697,200,497
S01005043,626,297,329
S01005044,786,451,335
S01005045,683,235,448
S01005046,836,401,435
S01005047,869,660,209
S01005048,515,198,317
S01005049,656,451,205
S01005050,714,456,258
S01005051,692,242,450
S01005052,537,190,347
S01005053,621,432,189
S01005054,451,222,229
S01005055,627,319,308
S01005056,657,430,227
S01005057,562,366,196
S01005058,521,274,247
S01005059,436,191,245
S01005060,574,313,261
S01005061,819,421,398
S01005062,419,133,286
S01005063,419,142,277
S01005064,640,227,413
S01005065,706,404,302
S01005066,568,390,178
S01005067,389,136,253
S01005068,557,233,324
S01005069,493,302,191
S01005070,739,400,339
S01005071,190,136,54
S01005072,499,263,236
S01005073,519,204,315
S01005074,624,241,383
S01005075,305,201,104
S01005076,603,334,269
S01005077,517,198,319
S01005078,585,311,274
S01005079,538,306,232
S01005080,351,179,172
S01005081,524,290,234
S01005082,554,224,330
S01005083,807,407,400
S01005084,503,276,227
S01005085,460,190,270
S01005086,547,313,234
S01005087,419,205,214
S01005088,507,172,335
S01005089,689,261,428
S01005090,719,280,439
S01005091,599,190,409
S01005092,558,256,302
S01005093,651,325,326
S01005094,429,171,258
S01005095,835,325,510
S01005096,477,183,294
S01005097,608,212,396
S01005098,519,238,281
S01005099,679,248,431
S01005100,453,164,289
S01005101,683,318,365
S01005102,785,308,477
S01005103,834,360,474
S01005104,731,368,363
S01005105,668,276,392
S01005106,444,196,248
S01005107,363,140,223
S01005108,471,216,255
S01005109,760,259,501
S01005110,840,323,517
S01005111,424,154,270
S01005112,706,268,438
S01005113,853,410,443
S01005114,723,403,320
S01005115,727,343,384
S01005116,529,222,307
S01005117,593,241,352
S01005118,654,310,344
S01005119,587,180,407
S01005120,567,220,347
S01005121,627,224,403
S01005122,623,226,397
S01005123,647,205,442
S01005124,602,251,351
S01005125,654,419,235
S01005126,481,191,290
S01005127,486,279,207
S01005128,698,311,387
S01005129,643,295,348
S01005130,495,284,211
S01005131,689,294,395
S01005132,564,264,300
S01005133,299,98,201
S01005134,783,353,430
S01005135,551,223,328
S01005136,662,369,293
S01005137,733,297,436
S01005138,854,387,467
S01005139,538,242,296
S01005140,536,262,274
S01005141,730,271,459
S01005142,528,211,317
S01005143,841,406,435
S01005144,924,443,481
S01005145,649,245,404
S01005146,553,223,330
S01005147,749,320,429
S01005148,485,224,261
S01005149,474,218,256
S01005150,513,223,290
S01005151,553,243,310
S01005152,599,241,358
S01005153,626,219,407
S01005154,512,190,322
S01005155,590,210,380
S01005156,555,271,284
S01005157,728,388,340
S01005158,615,242,373
S01005159,768,348,420
S01005160,815,412,403
S01005161,704,302,402
S01005162,778,422,356
S01005163,471,242,229
S01005164,742,360,382
S01005165,646,293,353
S01005166,779,374,405
S01005167,519,333,186
S01005168,503,185,318
S01005169,492,185,307
S01005170,650,241,409
S01005171,787,481,306
S01005172,984,526,458
S01005173,514,176,338
S01005174,592,338,254
S01005175,568,218,350
S01005176,557,321,236
S01005177,712,465,247
S01005178,736,329,407
S01005179,772,355,417
S01005180,744,302,442
S01005181,682,191,491
S01005182,613,400,213
S01005183,728,382,346
S01005184,545,367,178
S01005185,447,222,225
S01005186,673,338,335
S01005187,811,376,435
S01005188,824,271,553
S01005189,694,374,320
S01005190,752,274,478
S01005191,659,378,281
S01005192,618,251,367
S01005193,755,314,441
S01005194,506,235,271
S01005195,805,246,559
S01005196,557,373,184
S01005197,691,430,261
S01005198,756,289,467
S01005199,704,349,355
S01005200,517,175,342
S01005201,707,395,312
S01005202,765,378,387
S01005203,651,298,353
S01005204,450,161,289
S01005205,724,356,368
S01005206,754,236,518
S01005207,781,419,362
S01005208,431,325,106
S01005209,693,350,343
S01005210,884,540,344
S01005211,593,359,234
S01005212,511,223,288
S01005213,777,327,450
S01005214,625,461,164
S01005215,756,411,345
S01005216,447,246,201
S01005217,608,275,333
S01005218,777,491,286
S01005219,729,378,351
S01005220,540,259,281
S01005221,673,289,384
S01005222,506,301,205
S01005223,612,292,320
S01005224,555,175,380
S01005225,764,326,438
S01005226,430,220,210
S01005227,700,422,278
S01005228,1098,502,596
S01005229,731,496,235
S01005230,627,286,341
S01005231,600,303,297
S01005232,877,605,272
S01005233,489,317,172
S01005234,860,487,373
S01005235,455,266,189
S01005236,736,309,427
S01005237,790,264,526
S01005238,688,312,376
S01005239,827,550,277
S01005240,702,539,163
S01005241,802,274,528
S01005242,757,511,246
S01005243,674,528,146
S01005244,754,221,533
S01005245,573,420,153
S01005246,787,593,194
S01005247,434,326,108
S01005248,503,362,141
S01005249,654,485,169
S01005250,626,489,137
S01005251,662,404,258
S01005252,415,268,147
S01005253,418,212,206
S01005254,700,489,211
S01005255,500,379,121
S01005256,559,216,343
S01005257,830,442,388
S01005258,839,297,542
S01005259,481,291,190
S01005260,573,342,231
S01005261,372,233,139
S01005262,912,525,387
S01005263,355,268,87
S01005264,627,329,298
S01005265,375,272,103
S01005266,706,341,365
S01005267,702,348,354
S01005268,801,601,200
S01005269,630,321,309
S01005270,878,305,573
S01005271,480,165,315
S01005272,453,335,118
S01005273,643,269,374
S01005274,647,392,255
S01005275,435,304,131
S01005276,503,242,261
S01005277,483,186,297
S01005278,715,362,353
S01005279,426,125,301
S01005280,620,402,218
S01005281,665,326,339
S01005282,593,380,213
S01005283,616,167,449
S01005284,590,424,166
S01005285,532,224,308
S01005286,581,163,418
S01005287,681,355,326
S01005288,691,386,305
S01005289,657,374,283
S01005290,497,290,207
S01005291,557,227,330
S01005292,551,347,204
S01005293,709,378,331
S01005294,479,168,311
S01005295,488,277,211
S01005296,642,195,447
S01005297,574,175,399
S01005298,789,257,532
S01005299,489,159,330
S01005300,728,263,465
S01005301,667,199,468
S01005302,831,410,421
S01005303,628,268,360
S01005304,614,208,406
S01005305,671,327,344
S01005306,713,212,501
S01005307,703,200,503
S01005308,397,267,130
S01005309,803,421,382
S01005310,883,449,434
S01005311,757,330,427
S01005312,496,249,247
S01005313,746,340,406
S01005314,455,145,310
S01005315,457,354,103
S01005316,767,309,458
S01005317,477,154,323
S01005318,497,261,236
S01005319,549,182,367
S01005320,568,274,294
S01005321,543,268,275
S01005322,642,328,314
S01005323,615,310,305
S01005324,622,351,271
S01005325,615,326,289
S01005326,729,498,231
S01005327,490,285,205
S01005328,559,442,117
S01005329,435,184,251
S01005330,613,303,310
S01005331,608,371,237
S01005332,475,177,298
S01005333,669,206,463
S01005334,554,235,319
S01005335,434,118,316
S01005336,484,188,296
S01005337,726,251,475
S01005338,399,108,291
S01005339,620,265,355
S01005340,425,172,253
S01005341,559,258,301
S01005342,633,293,340
S01005343,705,220,485
S01005344,614,305,309
S01005345,547,166,381
S01005346,615,177,438
S01005347,583,223,360
S01005348,701,350,351
S01005349,685,260,425
S01005350,596,190,406
S01005351,801,393,408
S01005352,738,338,400
S01005353,863,404,459
S01005354,758,272,486
S01005355,617,292,325
S01005356,605,197,408
S01005357,613,313,300
S01005358,713,324,389
S01005359,771,254,517
S01005360,724,220,504
S01005361,730,217,513
S01005362,582,277,305
S01005363,527,174,353
S01005364,748,259,489
S01005365,562,238,324
S01005366,602,194,408
S01005367,712,418,294
S01005368,617,360,257
S01005369,857,507,350
S01005370,747,346,401
S01005371,855,293,562
S01005372,708,376,332
S01005373,594,301,293
S01005374,762,396,366
S01005375,818,314,504
S01005376,796,288,508
S01005377,727,346,381
S01005378,565,325,240
S01005379,784,338,446
S01005380,528,261,267
S01005381,504,276,228
S01005382,508,314,194
S01005383,515,149,366
S01005384,678,225,453
S01005385,626,209,417
S01005386,520,229,291
S01005387,774,302,472
S01005388,592,229,363
S01005389,645,383,262
S01005390,632,273,359
S01005391,602,286,316
S01005392,716,271,445
S01005393,694,270,424
S01005394,664,246,418
S01005395,693,247,446
S01005396,529,199,330
S01005397,504,224,280
S01005398,797,277,520
S01005399,828,390,438
S01005400,750,405,345
S01005401,780,334,446
S01005402,771,347,424
S01005403,703,351,352
S01005404,714,301,413
S01005405,443,187,256
S01005406,463,209,254
S01005407,769,266,503
S01005408,453,228,225
S01005409,522,234,288
S01005410,586,205,381
S01005411,749,248,501
S01005412,754,315,439
S01005413,734,466,268
S01005414,795,305,490
S01005415,640,247,393
S01005416,827,470,357
S01005417,600,264,336
S01005418,679,259,420
S01005419,594,247,347
S01005420,690,215,475
S01005421,704,276,428
S01005422,801,411,390
S01005423,731,279,452
S01005424,664,283,381
S01005425,730,469,261
S01005426,574,306,268
S01005427,681,378,303
S01005428,768,383,385
S01005429,641,397,244
S01005430,545,195,350
S01005431,577,305,272
S01005432,647,333,314
S01005433,710,391,319
S01005434,573,386,187
S01005435,668,319,349
S01005436,726,355,371
S01005437,742,356,386
S01005438,651,283,368
S01005439,525,274,251
S01005440,742,282,460
S01005441,730,378,352
S01005442,708,241,467
S01005443,796,363,433
S01005444,730,232,498
S01005445,763,288,475
S01005446,620,292,328
S01005447,646,242,404
S01005448,728,258,470
S01005449,691,272,419
S01005450,771,390,381
S01005451,822,326,496
S01005452,721,168,553
S01005453,724,298,426
S01005454,690,357,333
S01005455,792,464,328
S01005456,667,287,380
S01005457,750,385,365
S01005458,640,345,295
S01005459,659,223,436
S01005460,632,248,384
S01005461,594,252,342
S01005462,795,279,516
S01005463,428,177,251
S01005464,474,209,265
S01005465,456,207,249
S01005466,658,249,409
S01005467,428,173,255
S01005468,726,298,428
S01005469,698,256,442
S01005470,539,195,344
S01005471,570,177,393
S01005472,629,235,394
S01005473,595,232,363
S01005474,740,320,420
S01005475,632,250,382
S01005476,702,273,429
S01005477,704,268,436
S01005478,684,344,340
S01005479,426,169,257
S01005480,657,216,441
S01005481,497,206,291
S01005482,488,196,292
S01005483,585,254,331
S01005484,458,157,301
S01005485,622,272,350
S01005486,696,314,382
S01005487,541,266,275
S01005488,668,264,404
S01005489,743,268,475
S01005490,478,184,294
S01005491,768,316,452
S01005492,736,315,421
S01005493,535,227,308
S01005494,514,220,294
S01005495,503,219,284
S01005496,794,317,477
S01005497,438,144,294
S01005498,717,400,317
S01005499,538,330,208
S01005500,591,237,354
S01005501,623,260,363
S01005502,699,342,357
S01005503,471,230,241
S01005504,525,304,221
S01005505,520,316,204
S01005506,722,428,294
S01005507,428,264,164
S01005508,629,386,243
S01005509,399,158,241
S01005510,463,187,276
S01005511,445,194,251
S01005512,494,229,265
S01005513,542,248,294
S01005514,436,177,259
S01005515,444,178,266
S01005516,408,154,254
S01005517,665,330,335
S01005518,734,351,383
S01005519,527,254,273
S01005520,778,334,444
S01005521,642,284,358
S01005522,526,220,306
S01005523,734,279,455
S01005524,618,278,340
S01005525,592,235,357
S01005526,548,285,263
S01005527,409,222,187
S01005528,428,189,239
S01005529,702,357,345
S01005530,524,305,219
S01005531,478,249,229
S01005532,717,378,339
S01005533,647,282,365
S01005534,559,269,290
S01005535,664,302,362
S01005536,751,268,483
S01005537,600,280,320
S01005538,714,291,423
S01005539,767,322,445
S01005540,637,323,314
S01005541,519,281,238
S01005542,601,281,320
S01005543,638,337,301
S01005544,588,308,280
S01005545,645,245,400
S01005546,543,234,309
S01005547,575,238,337
S01005548,845,349,496
S01005549,764,269,495
S01005550,513,130,383
S01005551,780,185,595
S01005552,706,211,495
S01005553,671,181,490
S01005554,599,168,431
S01005555,586,158,428
S01005556,458,171,287
S01005557,616,287,329
S01005558,629,195,434
S01005559,526,284,242
S01005560,531,313,218
S01005561,678,208,470
S01005562,830,331,499
S01005563,664,343,321
S01005564,666,198,468
S01005565,504,151,353
S01005566,443,244,199
S01005567,866,421,445
S01005568,464,214,250
S01005569,583,180,403
S01005570,646,275,371
S01005571,556,165,391
S01005572,677,259,418
S01005573,584,293,291
S01005574,693,334,359
S01005575,599,195,404
S01005576,661,291,370
S01005577,764,332,432
S01005578,801,368,433
S01005579,656,232,424
S01005580,597,306,291
S01005581,637,308,329
S01005582,688,307,381
S01005583,540,163,377
S01005584,467,130,337
S01005585,685,460,225
S01005586,658,406,252
S01005587,869,434,435
S01005588,618,340,278
S01005589,732,494,238
S01005590,685,497,188
S01005591,766,391,375
S01005592,359,266,93
S01005593,680,337,343
S01005594,726,547,179
S01005595,625,363,262
S01005596,443,256,187
S01005597,812,445,367
S01005598,756,524,232
S01005599,423,217,206
S01005600,525,350,175
S01005601,567,272,295
S01005602,569,321,248
S01005603,420,229,191
S01005604,398,236,162
S01005605,847,412,435
S01005606,524,288,236
S01005607,525,272,253
S01005608,722,287,435
S01005609,636,306,330
S01005610,483,210,273
S01005611,526,349,177
S01005612,593,242,351
S01005613,632,310,322
S01005614,630,292,338
S01005615,819,408,411
S01005616,508,220,288
S01005617,752,415,337
S01005618,515,289,226
S01005619,459,171,288
S01005620,413,194,219
S01005621,536,273,263
S01005622,777,279,498
S01005623,674,304,370
S01005624,724,264,460
S01005625,735,286,449
S01005626,655,329,326
S01005627,597,234,363
S01005628,749,397,352
S01005629,645,229,416
S01005630,475,240,235
S01005631,621,269,352
S01005632,450,257,193
S01005633,601,328,273
S01005634,662,257,405
S01005635,693,279,414
S01005636,743,311,432
S01005637,842,414,428
S01005638,748,348,400
S01005639,575,280,295
S01005640,433,179,254
S01005641,698,296,402
S01005642,568,187,381
S01005643,513,163,350
S01005644,533,167,366
S01005645,684,235,449
S01005646,702,457,245
S01005647,614,284,330
S01005648,734,338,396
S01005649,779,488,291
S01005650,484,252,232
S01005651,668,401,267
S01005652,558,225,333
S01005653,700,330,370
S01005654,631,298,333
S01005655,713,267,446
S01005656,511,292,219
S01005657,490,208,282
S01005658,694,214,480
S01005659,701,218,483
S01005660,524,267,257
S01005661,511,235,276
S01005662,494,153,341
S01005663,545,161,384
S01005664,449,134,315
S01005665,393,115,278
S01005666,743,370,373
S01005667,645,197,448
S01005668,644,270,374
S01005669,503,210,293
S01005670,536,250,286
S01005671,406,158,248
S01005672,657,332,325
S01005673,507,176,331
S01005674,746,299,447
S01005675,737,399,338
S01005676,695,354,341
S01005677,683,225,458
S01005678,674,273,401
S01005679,748,321,427
S01005680,594,244,350
S01005681,760,377,383
S01005682,566,251,315
S01005683,684,391,293
S01005684,767,387,380
S01005685,512,169,343
S01005686,616,344,272
S01005687,435,172,263
S01005688,637,225,412
S01005689,405,138,267
S01005690,616,252,364
S01005691,496,180,316
S01005692,490,181,309
S01005693,715,284,431
S01005694,464,218,246
S01005695,441,208,233
S01005696,527,240,287
S01005697,534,272,262
S01005698,470,185,285
S01005699,717,410,307
S01005700,473,234,239
S01005701,551,355,196
S01005702,559,293,266
S01005703,517,154,363
S01005704,518,277,241
S01005705,509,218,291
S01005706,638,191,447
S01005707,495,302,193
S01005708,608,300,308
S01005709,643,320,323
S01005710,331,108,223
S01005711,716,296,420
S01005712,468,236,232
S01005713,552,210,342
S01005714,646,261,385
S01005715,661,318,343
S01005716,517,150,367
S01005717,444,171,273
S01005718,676,381,295
S01005719,430,142,288
S01005720,550,188,362
S01005721,611,338,273
S01005722,426,141,285
S01005723,562,263,299
S01005724,524,150,374
S01005725,523,204,319
S01005726,705,271,434
S01005727,464,153,311
S01005728,609,269,340
S01005729,501,242,259
S01005730,605,276,329
S01005731,488,248,240
S01005732,677,360,317
S01005733,574,194,380
S01005734,554,194,360
S01005735,613,212,401
S01005736,657,263,394
S01005737,593,285,308
S01005738,646,324,322
S01005739,814,424,390
S01005740,588,236,352
S01005741,783,321,462
S01005742,611,261,350
S01005743,477,130,347
S01005744,706,312,394
S01005745,814,427,387
S01005746,697,251,446
S01005747,727,288,439
S01005748,378,198,180
S01005749,707,231,476
S01005750,651,288,363
S01005751,666,285,381
S01005752,615,337,278
S01005753,567,250,317
S01005754,785,318,467
S01005755,672,350,322
S01005756,673,341,332
S01005757,472,274,198
S01005758,670,295,375
S01005759,660,370,290
S01005760,512,180,332
S01005761,552,236,316
S01005762,643,317,326
S01005763,645,238,407
S01005764,483,245,238
S01005765,682,379,303
S01005766,550,264,286
S01005767,580,247,333
S01005768,716,337,379
S01005769,631,330,301
S01005770,560,345,215
S01005771,647,219,428
S01005772,602,219,383
S01005773,685,238,447
S01005774,564,238,326
S01005775,708,332,376
S01005776,599,239,360
S01005777,496,210,286
S01005778,607,307,300
S01005779,569,193,376
S01005780,507,139,368
S01005781,730,378,352
S01005782,661,329,332
S01005783,428,169,259
S01005784,360,119,241
S01005785,615,180,435
S01005786,527,245,282
S01005787,565,237,328
S01005788,444,206,238
S01005789,691,276,415
S01005790,485,221,264
S01005791,403,161,242
S01005792,612,307,305
S01005793,458,217,241
S01005794,823,295,528
S01005795,571,288,283
S01005796,402,162,240
S01005797,581,174,407
S01005798,524,274,250
S01005799,618,302,316
S01005800,561,256,305
S01005801,534,258,276
S01005802,527,179,348
S01005803,530,271,259
S01005804,510,224,286
S01005805,438,141,297
S01005806,552,276,276
S01005807,684,336,348
S01005808,583,293,290
S01005809,451,218,233
S01005810,417,209,208
S01005811,468,232,236
S01005812,468,188,280
S01005813,692,329,363
S01005814,554,308,246
S01005815,807,388,419
S01005816,620,284,336
S01005817,411,138,273
S01005818,532,143,389
S01005819,557,275,282
S01005820,540,297,243
S01005821,408,189,219
S01005822,691,335,356
S01005823,499,203,296
S01005824,554,176,378
S01005825,623,306,317
S01005826,767,227,540
S01005827,618,236,382
S01005828,612,335,277
S01005829,641,242,399
S01005830,819,434,385
S01005831,784,272,512
S01005832,617,333,284
S01005833,572,229,343
S01005834,530,265,265
S01005835,565,198,367
S01005836,551,185,366
S01005837,390,110,280
S01005838,578,232,346
S01005839,686,256,430
S01005840,670,317,353
S01005841,537,259,278
S01005842,509,243,266
S01005843,452,161,291
S01005844,615,272,343
S01005845,456,159,297
S01005846,757,444,313
S01005847,653,300,353
S01005848,513,285,228
S01005849,675,266,409
S01005850,578,271,307
S01005851,638,332,306
S01005852,468,205,263
S01005853,834,409,425
S01005854,689,312,377
S01005855,801,493,308
S01005856,639,319,320
S01005857,581,307,274
S01005858,632,313,319
S01005859,627,304,323
S01005860,644,317,327
S01005861,439,113,326
S01005862,652,278,374
S01005863,765,320,445
S01005864,772,409,363
S01005865,644,320,324
S01005866,603,231,372
S01005867,768,367,401
S01005868,601,199,402
S01005869,576,316,260
S01005870,663,307,356
S01005871,620,300,320
S01005872,662,258,404
S01005873,848,380,468
S01005874,614,407,207
S01005875,598,266,332
S01005876,725,231,494
S01005877,700,297,403
S01005878,543,253,290
S01005879,584,269,315
S01005880,668,426,242
S01005881,630,313,317
S01005882,489,132,357
S01005883,431,205,226
S01005884,697,271,426
S01005885,536,169,367
S01005886,625,200,425
S01005887,420,213,207
S01005888,501,250,251
S01005889,733,417,316
S01005890,609,215,394
S01005891,520,329,191
S01005892,609,361,248
S01005893,630,292,338
S01005894,529,256,273
S01005895,553,172,381
S01005896,558,187,371
S01005897,649,271,378
S01005898,575,272,303
S01005899,613,375,238
S01005900,555,166,389
S01005901,596,216,380
S01005902,777,336,441
S01005903,795,422,373
S01005904,615,281,334
S01005905,556,212,344
S01005906,727,337,390
S01005907,662,368,294
S01005908,695,406,289
S01005909,435,156,279
S01005910,607,184,423
S01005911,819,353,466
S01005912,680,324,356
S01005913,683,417,266
S01005914,719,421,298
S01005915,619,296,323
S01005916,562,175,387
S01005917,648,392,256
S01005918,748,375,373
S01005919,422,103,319
S01005920,774,361,413
S01005921,507,198,309
S01005922,802,404,398
S01005923,620,295,325
S01005924,463,100,363
S01005925,580,185,395
S01005926,666,358,308
S01005927,729,292,437
S01005928,609,353,256
S01005929,508,252,256
S01005930,532,293,239
S01005931,633,276,357
S01005932,549,319,230
S01005933,565,127,438
S01005934,617,272,345
S01005935,534,290,244
S01005936,747,318,429
S01005937,443,95,348
S01005938,568,317,251
S01005939,574,332,242
S01005940,543,348,195
S01005941,349,84,265
S01005942,743,435,308
S01005943,736,357,379
S01005944,906,536,370
S01005945,685,344,341
S01005946,824,452,372
S01005947,663,415,248
S01005948,546,300,246
S01005949,491,298,193
S01005950,455,291,164
S01005951,710,480,230
S01005952,837,539,298
S01005953,738,340,398
S01005954,405,243,162
S01005955,446,265,181
S01005956,697,368,329
S01005957,768,452,316
S01005958,492,240,252
S01005959,412,277,135
S01005960,463,245,218
S01005961,597,343,254
S01005962,432,226,206
S01005963,445,237,208
S01005964,602,348,254
S01005965,561,344,217
S01005966,694,431,263
S01005967,764,474,290
S01005968,653,285,368
S01005969,625,261,364
S01005970,671,380,291
S01005971,418,236,182
S01005972,659,376,283
S01005973,641,318,323
S01005974,633,365,268
S01005975,608,307,301
S01005976,700,314,386
S01005977,568,257,311
S01005978,609,255,354
S01005979,770,369,401
S01005980,549,190,359
S01005981,411,239,172
S01005982,510,304,206
S01005983,784,250,534
S01005984,551,226,325
S01005985,631,329,302
S01005986,605,213,392
S01005987,485,270,215
S01005988,445,245,200
S01005989,625,246,379
S01005990,732,534,198
S01005991,573,291,282
S01005992,498,325,173
S01005993,636,269,367
S01005994,774,387,387
S01005995,552,369,183
S01005996,587,228,359
S01005997,515,270,245
S01005998,500,371,129
S01005999,700,255,445
S01006000,637,364,273
S01006001,719,413,306
S01006002,453,235,218
S01006003,596,308,288
S01006004,482,187,295
S01006005,488,256,232
S01006006,655,213,442
S01006007,442,289,153
S01006008,621,360,261
S01006009,473,197,276
S01006010,757,263,494
S01006011,659,364,295
S01006012,708,410,298
S01006013,396,106,290
S01006014,581,350,231
S01006015,649,269,380
S01006016,765,296,469
S01006017,567,316,251
S01006018,628,192,436
S01006019,653,353,300
S01006020,697,239,458
S01006021,750,358,392
S01006022,433,250,183
S01006023,594,190,404
S01006024,690,369,321
S01006025,745,432,313
S01006026,679,337,342
S01006027,528,201,327
S01006028,537,312,225
S01006029,579,240,339
S01006030,783,300,483
S01006031,717,380,337
S01006032,782,501,281
S01006033,554,263,291
S01006034,557,356,201
S01006035,834,381,453
S01006036,605,246,359
S01006037,741,370,371
S01006038,623,278,345
S01006039,691,303,388
S01006040,604,363,241
S01006041,773,442,331
S01006042,719,319,400
S01006043,484,198,286
S01006044,807,436,371
S01006045,539,266,273
S01006046,623,309,314
S01006047,646,348,298
S01006048,706,295,411
S01006049,682,340,342
S01006050,683,319,364
S01006051,731,348,383
S01006052,616,285,331
S01006053,736,248,488
S01006054,600,287,313
S01006055,485,227,258
S01006056,786,242,544
S01006057,428,281,147
S01006058,694,396,298
S01006059,732,430,302
S01006060,578,358,220
S01006061,472,375,97
S01006062,603,405,198
S01006063,436,319,117
S01006064,608,445,163
S01006065,654,478,176
S01006066,686,389,297
S01006067,823,345,478
S01006068,382,165,217
S01006069,600,156,444
S01006070,521,146,375
S01006071,714,186,528
S01006072,471,169,302
S01006073,402,136,266
S01006074,536,190,346
S01006075,789,448,341
S01006076,751,372,379
S01006077,629,290,339
S01006078,818,311,507
S01006079,620,276,344
S01006080,690,293,397
S01006081,636,238,398
S01006082,707,345,362
S01006083,693,304,389
S01006084,596,299,297
S01006085,592,235,357
S01006086,573,281,292
S01006087,611,290,321
S01006088,594,187,407
S01006089,601,309,292
S01006090,640,296,344
S01006091,457,149,308
S01006092,520,275,245
S01006093,462,213,249
S01006094,767,362,405
S01006095,719,278,441
S01006096,503,248,255
S01006097,794,421,373
S01006098,607,304,303
S01006099,450,157,293
S01006100,449,331,118
S01006101,537,272,265
S01006102,638,326,312
S01006103,591,275,316
S01006104,624,287,337
S01006105,548,265,283
S01006106,470,257,213
S01006107,526,263,263
S01006108,714,339,375
S01006109,681,312,369
S01006110,591,316,275
S01006111,680,316,364
S01006112,601,269,332
S01006113,754,225,529
S01006114,580,266,314
S01006115,677,284,393
S01006116,751,216,535
S01006117,680,290,390
S01006118,436,174,262
S01006119,837,334,503
S01006120,802,659,143
S01006121,421,256,165
S01006122,629,223,406
S01006123,560,446,114
S01006124,541,411,130
S01006125,463,292,171
S01006126,641,532,109
S01006127,584,395,189
S01006128,754,655,99
S01006129,594,264,330
S01006130,439,263,176
S01006131,717,253,464
S01006132,689,449,240
S01006133,462,148,314
S01006134,421,203,218
S01006135,460,317,143
S01006136,692,476,216
S01006137,554,451,103
S01006138,553,222,331
S01006139,330,172,158
S01006140,734,379,355
S01006141,639,420,219
S01006142,565,249,316
S01006143,429,145,284
S01006144,811,285,526
S01006145,834,436,398
S01006146,677,288,389
S01006147,676,396,280
S01006148,637,311,326
S01006149,811,333,478
S01006150,715,294,421
S01006151,683,660,23
S01006152,603,157,446
S01006153,480,177,303
S01006154,572,151,421
S01006155,678,272,406
S01006156,462,203,259
S01006157,619,328,291
S01006158,685,209,476
S01006159,684,335,349
S01006160,628,175,453
S01006161,600,202,398
S01006162,522,153,369
S01006163,834,398,436
S01006164,517,242,275
S01006165,528,247,281
S01006166,722,247,475
S01006167,667,264,403
S01006168,608,266,342
S01006169,555,246,309
S01006170,815,351,464
S01006171,763,395,368
S01006172,410,158,252
S01006173,527,202,325
S01006174,479,214,265
S01006175,667,262,405
S01006176,473,212,261
S01006177,528,384,144
S01006178,719,377,342
S01006179,636,344,292
S01006180,627,404,223
S01006181,549,355,194
S01006182,503,378,125
S01006183,550,365,185
S01006184,647,331,316
S01006185,809,390,419
S01006186,710,435,275
S01006187,651,460,191
S01006188,551,359,192
S01006189,565,400,165
S01006190,675,349,326
S01006191,442,311,131
S01006192,555,409,146
S01006193,610,437,173
S01006194,727,439,288
S01006195,684,424,260
S01006196,729,403,326
S01006197,711,401,310
S01006198,421,331,90
S01006199,612,389,223
S01006200,765,395,370
S01006201,828,447,381
S01006202,550,411,139
S01006203,503,230,273
S01006204,807,385,422
S01006205,607,254,353
S01006206,632,273,359
S01006207,794,457,337
S01006208,628,313,315
S01006209,582,236,346
S01006210,619,299,320
S01006211,464,274,190
S01006212,620,206,414
S01006213,757,380,377
S01006214,637,333,304
S01006215,688,366,322
S01006216,553,248,305
S01006217,801,428,373
S01006218,474,231,243
S01006219,813,443,370
S01006220,658,249,409
S01006221,734,449,285
S01006222,777,406,371
S01006223,631,256,375
S01006224,522,245,277
S01006225,639,378,261
S01006226,579,209,370
S01006227,607,278,329
S01006228,627,205,422
S01006229,675,451,224
S01006230,628,409,219
S01006231,647,450,197
S01006232,603,198,405
S01006233,545,273,272
S01006234,472,263,209
S01006235,632,250,382
S01006236,538,306,232
S01006237,780,423,357
S01006238,828,403,425
S01006239,383,115,268
S01006240,621,404,217
S01006241,747,523,224
S01006242,631,354,277
S01006243,537,218,319
S01006244,500,272,228
S01006245,506,255,251
S01006246,601,312,289
S01006247,729,306,423
S01006248,695,283,412
S01006249,662,413,249
S01006250,563,336,227
S01006251,552,272,280
S01006252,514,187,327
S01006253,522,325,197
S01006254,558,225,333
S01006255,731,307,424
S01006256,539,303,236
S01006257,682,372,310
S01006258,573,343,230
S01006259,532,325,207
S01006260,524,337,187
S01006261,677,376,301
S01006262,543,302,241
S01006263,719,408,311
S01006264,673,176,497
S01006265,648,332,316
S01006266,519,324,195
S01006267,487,277,210
S01006268,562,272,290
S01006269,474,265,209
S01006270,737,348,389
S01006271,550,284,266
S01006272,666,382,284
S01006273,494,287,207
S01006274,495,230,265
S01006275,584,232,352
S01006276,671,345,326
S01006277,635,285,350
S01006278,658,421,237
S01006279,761,411,350
S01006280,526,276,250
S01006281,616,329,287
S01006282,615,295,320
S01006283,626,329,297
S01006284,648,378,270
S01006285,605,265,340
S01006286,786,473,313
S01006287,524,238,286
S01006288,643,390,253
S01006289,759,371,388
S01006290,715,469,246
S01006291,404,271,133
S01006292,767,287,480
S01006293,785,273,512
S01006294,517,184,333
S01006295,467,193,274
S01006296,765,270,495
S01006297,591,312,279
S01006298,696,291,405
S01006299,644,346,298
S01006300,608,356,252
S01006301,520,297,223
S01006302,738,332,406
S01006303,556,278,278
S01006304,541,311,230
S01006305,562,242,320
S01006306,552,228,324
S01006307,700,345,355
S01006308,535,283,252
S01006309,787,373,414
S01006310,645,273,372
S01006311,634,297,337
S01006312,521,262,259
S01006313,819,368,451
S01006314,503,143,360
S01006315,673,363,310
S01006316,740,288,452
S01006317,664,321,343
S01006318,603,318,285
S01006319,749,365,384
S01006320,708,389,319
S01006321,490,136,354
S01006322,443,82,361
S01006323,651,236,415
S01006324,434,94,340
S01006325,581,247,334
S01006326,740,443,297
S01006327,468,224,244
S01006328,487,292,195
S01006329,782,327,455
S01006330,586,286,300
S01006331,551,218,333
S01006332,534,253,281
S01006333,698,369,329
S01006334,699,340,359
S01006335,663,268,395
S01006336,540,154,386
S01006337,529,162,367
S01006338,681,229,452
S01006339,659,314,345
S01006340,576,242,334
S01006341,620,239,381
S01006342,593,285,308
S01006343,571,302,269
S01006344,589,272,317
S01006345,464,229,235
S01006346,492,204,288
S01006347,462,149,313
S01006348,515,225,290
S01006349,414,197,217
S01006350,571,304,267
S01006351,778,415,363
S01006352,560,307,253
S01006353,463,188,275
S01006354,776,374,402
S01006355,557,326,231
S01006356,525,211,314
S01006357,612,193,419
S01006358,497,305,192
S01006359,719,304,415
S01006360,511,214,297
S01006361,608,290,318
S01006362,601,263,338
S01006363,558,204,354
S01006364,490,216,274
S01006365,757,290,467
S01006366,557,169,388
S01006367,582,247,335
S01006368,580,148,432
S01006369,646,314,332
S01006370,689,281,408
S01006371,432,164,268
S01006372,609,315,294
S01006373,648,302,346
S01006374,535,264,271
S01006375,549,310,239
S01006376,548,265,283
S01006377,467,260,207
S01006378,367,98,269
S01006379,461,198,263
S01006380,486,244,242
S01006381,429,205,224
S01006382,550,245,305
S01006383,452,207,245
S01006384,544,186,358
S01006385,713,403,310
S01006386,727,405,322
S01006387,640,291,349
S01006388,797,460,337
S01006389,561,282,279
S01006390,515,264,251
S01006391,638,138,500
S01006392,655,341,314
S01006393,549,373,176
S01006394,577,301,276
S01006395,705,408,297
S01006396,447,257,190
S01006397,552,200,352
S01006398,744,334,410
S01006399,610,255,355
S01006400,726,333,393
S01006401,610,315,295
S01006402,498,341,157
S01006403,645,338,307
S01006404,648,355,293
S01006405,697,388,309
S01006406,342,217,125
S01006407,539,207,332
S01006408,736,469,267
S01006409,452,169,283
S01006410,599,306,293
S01006411,568,268,300
S01006412,543,283,260
S01006413,454,225,229
S01006414,431,172,259
S01006415,641,238,403
S01006416,522,299,223
S01006417,534,259,275
S01006418,513,243,270
S01006419,452,206,246
S01006420,638,326,312
S01006421,482,201,281
S01006422,529,244,285
S01006423,437,205,232
S01006424,499,228,271
S01006425,544,308,236
S01006426,447,166,281
S01006427,650,311,339
S01006428,653,325,328
S01006429,434,260,174
S01006430,518,152,366
S01006431,416,102,314
S01006432,559,291,268
S01006433,527,262,265
S01006434,657,304,353
S01006435,373,184,189
S01006436,554,247,307
S01006437,729,353,376
S01006438,539,362,177
S01006439,640,377,263
S01006440,666,319,347
S01006441,537,318,219
S01006442,616,296,320
S01006443,416,188,228
S01006444,464,214,250
S01006445,565,267,298
S01006446,709,273,436
S01006447,482,270,212
S01006448,699,281,418
S01006449,412,140,272
S01006450,446,281,165
S01006451,538,285,253
S01006452,471,231,240
S01006453,587,309,278
S01006454,458,144,314
S01006455,457,256,201
S01006456,714,272,442
S01006457,481,238,243
S01006458,693,232,461
S01006459,510,171,339
S01006460,426,175,251
S01006461,584,243,341
S01006462,602,257,345
S01006463,532,231,301
S01006464,616,267,349
S01006465,799,428,371
S01006466,635,226,409
S01006467,767,313,454
S01006468,791,308,483
S01006469,530,193,337
S01006470,678,388,290
S01006471,625,346,279
S01006472,480,262,218
S01006473,606,229,377
S01006474,659,317,342
S01006475,686,360,326
S01006476,548,299,249
S01006477,662,402,260
S01006478,640,352,288
S01006479,614,249,365
S01006480,650,321,329
S01006481,450,214,236
S01006482,607,299,308
S01006483,709,358,351
S01006484,644,349,295
S01006485,500,134,366
S01006486,572,144,428
S01006487,581,331,250
S01006488,500,176,324
S01006489,605,286,319
S01006490,579,147,432
S01006491,659,171,488
S01006492,467,227,240
S01006493,479,263,216
S01006494,487,157,330
S01006495,629,228,401
S01006496,785,472,313
S01006497,431,216,215
S01006498,894,396,498
S01006499,687,229,458
S01006500,598,225,373
S01006501,641,170,471
S01006502,489,201,288
S01006503,526,170,356
S01006504,567,183,384
S01006505,511,95,416
