"output_area","ALL PEOPLE","With a limiting long-term illness","Without a limiting long-term illness"
"60QA000001",58,8,50
"60QA000002",174,16,158
"60QA000003",76,8,68
"60QA000004",66,4,62
"60QA000005",82,0,82
"60QA000006",198,72,126
"60QA000007",73,5,68
"60QA000008",108,13,95
"60QA000009",153,17,136
"60QA000010",65,8,57
"60QA000011",71,4,67
"60QA000012",84,6,78
"60QA000013",212,21,191
"60QA000014",99,9,90
"60QA000015",77,15,62
"60QA000016",130,6,124
"60QA000017",144,40,104
"60QA000018",123,25,98
"60QA000019",62,5,57
"60QA000020",65,5,60
"60QA000021",55,0,55
"60QA000022",54,5,49
"60QA000023",85,17,68
"60QA000024",90,17,73
"60QA000025",72,33,39
"60QA000026",59,22,37
"60QA000027",73,11,62
"60QA000028",119,8,111
"60QA000029",56,7,49
"60QA000030",63,27,36
"60QA000031",71,5,66
"60QA000032",92,8,84
"60QA000033",115,4,111
"60QA000034",170,4,166
"60QA000035",164,8,156
"60QA000036",124,17,107
"60QA000037",62,4,58
"60QA000038",100,21,79
"60QA000039",178,12,166
"60QA000040",129,17,112
"60QA000041",71,8,63
"60QA000042",57,4,53
"60QA000043",121,30,91
"60QA000044",143,12,131
"60QA000045",117,50,67
"60QA000046",101,5,96
"60QA000047",137,13,124
"60QA000048",112,20,92
"60QA000049",114,14,100
"60QA000050",131,8,123
"60QA000051",71,22,49
"60QA000052",98,23,75
"60QA000053",85,6,79
"60QA000054",116,17,99
"60QA000055",164,19,145
"60QA000056",128,19,109
"60QA000057",69,2,67
"60QA000058",95,7,88
"60QA000059",81,13,68
"60QA000060",97,10,87
"60QA000061",82,12,70
"60QA000062",68,12,56
"60QA000063",67,5,62
"60QA000064",99,7,92
"60QA000065",96,5,91
"60QA000066",81,7,74
"60QA000067",71,10,61
"60QA000068",68,6,62
"60QA000069",120,8,112
"60QA000070",60,8,52
"60QA000071",69,7,62
"60QA000072",61,7,54
"60QA000073",87,13,74
"60QA000074",97,14,83
"60QA000075",59,7,52
"60QA000076",160,33,127
"60QA000077",82,18,64
"60QA000078",190,68,122
"60QA000079",66,14,52
"60QA000080",123,21,102
"60QA000081",78,15,63
"60QA000082",211,55,156
"60QA000083",94,18,76
"60QA000084",102,25,77
"60QA000085",131,27,104
"60QA000086",119,26,93
"60QA000087",141,28,113
"60QA000088",155,29,126
"60QA000089",90,15,75
"60QA000090",80,10,70
"60QA000091",88,19,69
"60QA000092",62,5,57
"60QA000093",104,24,80
"60QA000094",71,8,63
"60QA000095",64,9,55
"60QA000096",104,15,89
"60QA000097",90,15,75
"60QA000098",84,11,73
"60QA000099",93,18,75
"60QA000100",63,19,44
"60QA000101",62,12,50
"60QA000102",75,13,62
"60QA000103",76,10,66
"60QA000104",74,10,64
"60QA000105",76,29,47
"60QA000106",70,15,55
"60QA000107",77,20,57
"60QA000108",119,19,100
"60QA000109",62,7,55
"60QA000110",123,31,92
"60QA000111",71,7,64
"60QA000112",54,18,36
"60QA000113",56,13,43
"60QA000114",92,23,69
"60QA000115",73,31,42
"60QA000116",79,39,40
"60QA000117",133,30,103
"60QA000118",108,26,82
"60QA000119",103,22,81
"60QA000120",107,16,91
"60QA000121",129,37,92
"60QA000122",101,27,74
"60QA000123",106,12,94
"60QA000124",128,21,107
"60QA000125",160,32,128
"60QA000126",156,17,139
"60QA000127",133,29,104
"60QA000128",100,21,79
"60QA000129",108,27,81
"60QA000130",89,15,74
"60QA000131",147,21,126
"60QA000132",110,21,89
"60QA000133",101,22,79
"60QA000134",74,13,61
"60QA000135",68,10,58
"60QA000136",78,11,67
"60QA000137",79,9,70
"60QA000138",110,11,99
"60QA000139",106,15,91
"60QA000140",81,18,63
"60QA000141",88,16,72
"60QA000142",54,10,44
"60QA000143",95,30,65
"60QA000144",153,34,119
"60QA000145",121,37,84
"60QA000146",59,36,23
"60QA000147",119,23,96
"60QA000148",145,38,107
"60QA000149",103,12,91
"60QA000150",111,24,87
"60QA000151",168,21,147
"60QA000152",64,9,55
"60QA000153",93,21,72
"60QA000154",149,75,74
"60QA000155",69,24,45
"60QA000156",159,38,121
"60QA000157",107,30,77
"60QA000158",178,46,132
"60QA000159",133,32,101
"60QA000160",96,27,69
"60QA000161",113,22,91
"60QA000162",134,8,126
"60QA000163",101,23,78
"60QA000164",111,24,87
"60QA000165",99,7,92
"60QA000166",143,33,110
"60QA000167",143,29,114
"60QA000168",121,11,110
"60QA000169",112,23,89
"60QA000170",116,22,94
"60QA000171",57,42,15
"60QA000172",96,20,76
"60QA000173",110,21,89
"60QA000174",117,21,96
"60QA000175",163,30,133
"60QA000176",109,28,81
"60QA000177",119,19,100
"60QA000178",69,17,52
"60QA000179",72,19,53
"60QA000180",108,16,92
"60QA000181",108,17,91
"60QA000182",110,23,87
"60QA000183",145,28,117
"60QA000184",122,19,103
"60QA000185",120,15,105
"60QA000186",75,25,50
"60QA000187",123,46,77
"60QA000188",76,20,56
"60QA000189",90,28,62
"60QA000190",113,32,81
"60QA000191",131,23,108
"60QA000192",133,25,108
"60QA000193",89,20,69
"60QA000194",116,30,86
"60QA000195",100,25,75
"60QA000196",107,25,82
"60QA000197",123,24,99
"60QA000198",92,27,65
"60QA000199",112,29,83
"60QA000200",160,44,116
"60QA000201",126,18,108
"60QA000202",76,56,20
"60QA000203",131,23,108
"60QA000204",81,29,52
"60QA000205",90,18,72
"60QA000206",68,19,49
"60QA000207",62,11,51
"60QA000208",179,39,140
"60QA000209",146,37,109
"60QA000210",103,17,86
"60QA000211",139,35,104
"60QA000212",150,31,119
"60QA000213",177,36,141
"60QA000214",151,39,112
"60QA000215",101,28,73
"60QA000216",126,20,106
"60QA000217",117,20,97
"60QA000218",123,9,114
"60QA000219",136,18,118
"60QA000220",94,10,84
"60QA000221",138,21,117
"60QA000222",180,32,148
"60QA000223",315,19,296
"60QA000224",147,47,100
"60QA000225",125,11,114
"60QA000226",135,17,118
"60QA000227",129,17,112
"60QA000228",83,20,63
"60QA000229",91,9,82
"60QA000230",73,10,63
"60QA000231",106,13,93
"60QA000232",165,24,141
"60QA000233",190,20,170
"60QA000234",140,12,128
"60QA000235",104,12,92
"60QA000236",127,21,106
"60QA000237",106,17,89
"60QA000238",78,6,72
"60QA000239",61,4,57
"60QA000240",67,3,64
"60QA000241",56,6,50
"60QA000242",117,11,106
"60QA000243",65,2,63
"60QA000244",75,8,67
"60QA000245",67,6,61
"60QA000246",103,8,95
"60QA000247",68,7,61
"60QA000248",105,12,93
"60QA000249",63,7,56
"60QA000250",71,3,68
"60QA000251",65,10,55
"60QA000252",84,10,74
"60QA000253",92,17,75
"60QA000254",199,64,135
"60QA000255",113,14,99
"60QA000256",114,9,105
"60QA000257",89,6,83
"60QA000258",91,11,80
"60QA000259",96,14,82
"60QA000260",69,8,61
"60QA000261",210,13,197
"60QA000262",98,6,92
"60QA000263",87,13,74
"60QA000264",86,10,76
"60QA000265",145,16,129
"60QA000266",131,20,111
"60QA000267",115,7,108
"60QA000268",178,14,164
"60QA000269",179,22,157
"60QA000270",144,22,122
"60QA000271",121,11,110
"60QA000272",82,18,64
"60QA000273",81,12,69
"60QA000274",149,24,125
"60QA000275",144,25,119
"60QA000276",147,14,133
"60QA000277",127,17,110
"60QA000278",126,10,116
"60QA000279",124,17,107
"60QA000280",133,15,118
"60QA000281",101,12,89
"60QA000282",97,10,87
"60QA000283",126,7,119
"60QA000284",91,11,80
"60QA000285",100,36,64
"60QA000286",145,14,131
"60QA000287",152,14,138
"60QA000288",86,12,74
"60QA000289",56,7,49
"60QA000290",119,12,107
"60QA000291",85,5,80
"60QA000292",109,12,97
"60QA000293",65,8,57
"60QA000294",111,7,104
"60QA000295",82,7,75
"60QA000296",119,12,107
"60QA000297",93,7,86
"60QA000298",65,8,57
"60QA000299",75,5,70
"60QA000300",140,13,127
"60QA000301",55,41,14
"60QA000302",51,6,45
"60QA000303",183,20,163
"60QA000304",65,53,12
"60QA000305",70,3,67
"60QA000306",70,7,63
"60QA000307",84,12,72
"60QA000308",51,7,44
"60QA000309",161,20,141
"60QA000310",128,22,106
"60QA000311",95,4,91
"60QA000312",88,37,51
"60QA000313",113,26,87
"60QA000314",128,35,93
"60QA000315",115,22,93
"60QA000316",117,23,94
"60QA000317",94,26,68
"60QA000318",143,30,113
"60QA000319",156,20,136
"60QA000320",182,43,139
"60QA000321",163,32,131
"60QA000322",102,25,77
"60QA000323",114,37,77
"60QA000324",69,17,52
"60QA000325",109,20,89
"60QA000326",112,25,87
"60QA000327",123,24,99
"60QA000328",186,32,154
"60QA000329",173,32,141
"60QA000330",76,24,52
"60QA000331",129,59,70
"60QA000332",75,23,52
"60QA000333",63,16,47
"60QA000334",146,34,112
"60QA000335",163,42,121
"60QA000336",107,30,77
"60QA000337",126,12,114
"60QA000338",138,31,107
"60QA000339",120,10,110
"60QA000340",116,11,105
"60QA000341",107,16,91
"60QA000342",99,6,93
"60QA000343",106,17,89
"60QA000344",151,23,128
"60QA000345",113,13,100
"60QA000346",86,16,70
"60QA000347",117,25,92
"60QA000348",80,23,57
"60QA000349",89,18,71
"60QA000350",102,17,85
"60QA000351",121,22,99
"60QA000352",108,19,89
"60QA000353",114,19,95
"60QA000354",105,19,86
"60QA000355",100,16,84
"60QA000356",164,23,141
"60QA000357",185,15,170
"60QA000358",166,26,140
"60QA000359",159,23,136
"60QA000360",109,20,89
"60QA000361",84,16,68
"60QA000362",100,8,92
"60QA000363",171,29,142
"60QA000364",155,26,129
"60QA000365",140,32,108
"60QA000366",67,21,46
"60QA000367",77,18,59
"60QA000368",57,13,44
"60QA000369",92,14,78
"60QA000370",158,15,143
"60QA000371",111,12,99
"60QA000372",103,20,83
"60QA000373",101,14,87
"60QA000374",119,18,101
"60QA000375",88,15,73
"60QA000376",152,29,123
"60QA000377",122,18,104
"60QA000378",92,14,78
"60QA000379",165,19,146
"60QA000380",70,9,61
"60QA000381",112,16,96
"60QA000382",101,20,81
"60QA000383",144,34,110
"60QA000384",112,40,72
"60QA000385",159,47,112
"60QA000386",162,35,127
"60QA000387",80,10,70
"60QA000388",95,6,89
"60QA000389",90,10,80
"60QA000390",104,30,74
"60QA000391",139,16,123
"60QA000392",117,53,64
"60QA000393",124,39,85
"60QA000394",68,20,48
"60QA000395",187,63,124
"60QA000396",136,30,106
"60QA000397",143,29,114
"60QA000398",82,15,67
"60QA000399",104,16,88
"60QA000400",194,15,179
"60QA000401",164,24,140
"60QA000402",103,13,90
"60QA000403",133,21,112
"60QA000404",127,19,108
"60QA000405",166,15,151
"60QA000406",124,42,82
"60QA000407",228,63,165
"60QA000408",176,23,153
"60QA000409",182,32,150
"60QA000410",102,18,84
"60QA000411",85,9,76
"60QA000412",101,41,60
"60QA000413",79,20,59
"60QA000414",75,20,55
"60QA000415",70,32,38
"60QA000416",128,31,97
"60QA000417",65,35,30
"60QA000418",93,25,68
"60QA000419",111,13,98
"60QA000420",64,52,12
"60QA000421",98,12,86
"60QA000422",81,18,63
"60QA000423",91,32,59
"60QA000424",114,12,102
"60QA000425",93,16,77
"60QA000426",115,9,106
"60QA000427",160,11,149
"60QA000428",118,25,93
"60QA000429",113,10,103
"60QA000430",112,12,100
"60QA000431",143,4,139
"60QA000432",98,2,96
"60QA000433",209,18,191
"60QA000434",181,12,169
"60QA000435",72,17,55
"60QA000436",104,17,87
"60QA000437",161,9,152
"60QA000438",143,11,132
"60QA000439",148,17,131
"60QA000440",106,24,82
"60QA000441",140,17,123
"60QA000442",160,9,151
"60QA000443",102,9,93
"60QA000444",169,18,151
"60QA000445",132,12,120
"60QA000446",182,87,95
"60QA000447",125,10,115
"60QA000448",163,32,131
"60QA000449",104,18,86
"60QA000450",133,84,49
"60QA000451",65,13,52
"60QA000452",60,16,44
"60QA000453",94,19,75
"60QA000454",139,11,128
"60QA000455",128,16,112
"60QA000456",135,9,126
"60QA000457",153,22,131
"60QA000458",116,8,108
"60QA000459",68,9,59
"60QA000460",97,17,80
"60QA000461",131,26,105
"60QA000462",70,11,59
"60QA000463",94,10,84
"60QA000464",107,23,84
"60QA000465",89,44,45
"60QA000466",51,17,34
"60QA000467",59,28,31
"60QA000468",91,17,74
"60QA000469",68,30,38
"60QA000470",79,38,41
"60QA000471",122,41,81
"60QA000472",78,17,61
"60QA000473",59,6,53
"60QA000474",77,6,71
"60QA000475",96,67,29
"60QA000476",106,30,76
"60QA000477",72,13,59
"60QA000478",105,22,83
"60QA000479",146,19,127
"60QA000480",71,7,64
"60QA000481",178,80,98
"60QA000482",64,4,60
"60QA000483",122,28,94
"60QA000484",115,42,73
"60QA000485",61,9,52
"60QA000486",68,12,56
"60QA000487",90,10,80
"60QA000488",94,7,87
"60QA000489",70,9,61
"60QA000490",62,6,56
"60QA000491",73,5,68
"60QA000492",90,4,86
"60QA000493",67,25,42
"60QA000494",61,9,52
"60QA000495",103,65,38
"60QA000496",83,51,32
"60QA000497",112,34,78
"60QA000498",181,11,170
"60QA000499",129,21,108
"60QA000500",113,5,108
"60QA000501",67,43,24
"60QA000502",63,31,32
"60QA000503",77,51,26
"60QA000504",58,31,27
"60QA000505",65,38,27
"60QA000506",187,28,159
"60QA000507",132,27,105
"60QA000508",82,17,65
"60QA000509",98,23,75
"60QA000510",141,28,113
"60QA000511",129,24,105
"60QA000512",65,44,21
"60QA000513",64,52,12
"60QA000514",64,39,25
"60QA000515",99,26,73
"60QA000516",86,22,64
"60QA000517",113,16,97
"60QA000518",108,24,84
"60QA000519",123,22,101
"60QA000520",124,25,99
"60QA000521",75,16,59
"60QA000522",168,11,157
"60QA000523",329,41,288
"60QA000524",64,23,41
"60QA000525",162,54,108
"60QA000526",126,23,103
"60QA000527",91,20,71
"60QA000528",119,30,89
"60QA000529",126,12,114
"60QA000530",98,18,80
"60QA000531",108,31,77
"60QA000532",72,21,51
"60QA000533",105,68,37
"60QA000534",112,59,53
"60QA000535",107,35,72
"60QA000536",114,37,77
"60QA000537",150,27,123
"60QA000538",119,25,94
"60QA000539",67,18,49
"60QA000540",138,42,96
"60QA000541",91,26,65
"60QA000542",121,33,88
"60QA000543",79,26,53
"60QA000544",78,23,55
"60QA000545",91,25,66
"60QA000546",83,19,64
"60QA000547",87,26,61
"60QA000548",116,6,110
"60QA000549",94,34,60
"60QA000550",67,21,46
"60QA000551",65,49,16
"60QA000552",103,27,76
"60QA000553",150,43,107
"60QA000554",119,27,92
"60QA000555",95,28,67
"60QA000556",98,29,69
"60QA000557",83,39,44
"60QA000558",53,3,50
"60QA000559",106,44,62
"60QA000560",55,14,41
"60QA000561",128,27,101
"60QA000562",80,11,69
"60QA000563",118,28,90
"60QA000564",75,6,69
"60QA000565",137,24,113
"60QA000566",107,21,86
"60QA000567",87,17,70
"60QA000568",104,31,73
"60QA000569",75,21,54
"60QA000570",83,20,63
"60QA000571",157,40,117
"60QA000572",153,36,117
"60QA000573",129,21,108
"60QA000574",169,33,136
"60QA000575",112,54,58
"60QA000576",134,45,89
"60QA000577",128,19,109
"60QA000578",88,16,72
"60QA000579",96,20,76
"60QA000580",70,8,62
"60QA000581",84,14,70
"60QA000582",113,20,93
"60QA000583",113,17,96
"60QA000584",67,8,59
"60QA000585",84,8,76
"60QA000586",66,13,53
"60QA000587",66,15,51
"60QA000588",99,18,81
"60QA000589",73,21,52
"60QA000590",78,26,52
"60QA000591",79,22,57
"60QA000592",118,26,92
"60QA000593",110,20,90
"60QA000594",94,20,74
"60QA000595",108,19,89
"60QA000596",103,26,77
"60QA000597",77,15,62
"60QA000598",136,33,103
"60QA000599",208,43,165
"60QA000600",100,17,83
"60QA000601",68,10,58
"60QA000602",67,8,59
"60QA000603",64,13,51
"60QA000604",58,12,46
"60QA000605",52,7,45
"60QA000606",82,24,58
"60QA000607",78,16,62
"60QA000608",72,23,49
"60QA000609",69,22,47
"60QA000610",58,18,40
"60QA000611",191,44,147
"60QA000612",139,31,108
"60QA000613",118,14,104
"60QA000614",179,80,99
"60QA000615",85,22,63
"60QA000616",93,35,58
"60QA000617",76,17,59
"60QA000618",67,20,47
"60QA000619",157,32,125
"60QA000620",106,16,90
"60QA000621",109,17,92
"60QA000622",82,11,71
"60QA000623",100,24,76
"60QA000624",88,20,68
"60QA000625",63,11,52
"60QA000626",68,36,32
"60QA000627",97,28,69
"60QA000628",109,25,84
"60QA000629",194,25,169
"60QA000630",189,18,171
"60QA000631",58,5,53
"60QA000632",92,15,77
"60QA000633",112,17,95
"60QA000634",180,38,142
"60QA000635",87,22,65
"60QA000636",221,42,179
"60QA000637",160,23,137
"60QA000638",138,26,112
"60QA000639",141,18,123
"60QA000640",89,10,79
"60QA000641",120,15,105
"60QA000642",70,10,60
"60QA000643",57,11,46
"60QA000644",118,14,104
"60QA000645",144,16,128
"60QA000646",148,26,122
"60QA000647",127,40,87
"60QA000648",99,9,90
"60QA000649",98,10,88
"60QA000650",101,27,74
"60QA000651",126,14,112
"60QA000652",456,26,430
"60QA000653",126,12,114
"60QA000654",72,5,67
"60QA000655",89,9,80
"60QA000656",127,7,120
"60QA000657",81,12,69
"60QA000658",123,23,100
"60QA000659",178,9,169
"60QA000660",146,14,132
"60QA000661",107,22,85
"60QA000662",101,23,78
"60QA000663",117,15,102
"60QA000664",71,23,48
"60QA000665",100,8,92
"60QA000666",65,13,52
"60QA000667",102,13,89
"60QA000668",91,25,66
"60QA000669",102,10,92
"60QA000670",79,10,69
"60QA000671",118,52,66
"60QA000672",129,60,69
"60QA000673",75,9,66
"60QA000674",62,18,44
"60QA000675",63,6,57
"60QA000676",55,4,51
"60QA000677",86,9,77
"60QA000678",103,29,74
"60QA000679",130,9,121
"60QA000680",52,4,48
"60QA000681",74,6,68
"60QA000682",64,11,53
"60QA000683",114,11,103
"60QA000684",67,9,58
"60QA000685",57,8,49
"60QA000686",90,17,73
"60QA000687",77,20,57
"60QA000688",165,24,141
"60QA000689",123,44,79
"60QA000690",69,5,64
"60QA000691",74,6,68
"60QA000692",298,15,283
"60QA000693",113,18,95
"60QA000694",90,15,75
"60QA000695",125,10,115
"60QA000696",97,10,87
"60QA000697",64,3,61
"60QA000698",145,23,122
"60QA000699",103,13,90
"60QA000700",112,15,97
"60QA000701",129,17,112
"60QA000702",116,60,56
"60QA000703",67,20,47
"60QA000704",114,9,105
"60QA000705",136,43,93
"60QA000706",133,32,101
"60QA000707",117,18,99
"60QA000708",131,11,120
"60QA000709",160,12,148
"60QA000710",106,17,89
"60QA000711",133,84,49
"60QA000712",101,23,78
"60QA000713",169,21,148
"60QA000714",189,19,170
"60QA000715",182,14,168
"60QA000716",175,9,166
"60QA000717",101,13,88
"60QA000718",93,6,87
"60QA000719",94,10,84
"60QA000720",118,14,104
"60QA000721",103,15,88
"60QA000722",103,17,86
"60QA000723",166,15,151
"60QA000724",80,4,76
"60QA000725",131,5,126
"60QA000726",169,35,134
"60QA000727",95,15,80
"60QA000728",92,18,74
"60QA000729",67,4,63
"60QA000730",87,10,77
"60QA000731",104,16,88
"60QA000732",154,15,139
"60QA000733",152,24,128
"60QA000734",146,17,129
"60QA000735",161,8,153
"60QA000736",102,3,99
"60QA000737",156,13,143
"60QA000738",177,17,160
"60QA000739",104,9,95
"60QA000740",108,4,104
"60QA000741",126,7,119
"60QA000742",103,12,91
"60QA000743",109,7,102
"60QA000744",137,13,124
"60QA000745",116,7,109
"60QA000746",77,8,69
"60QA000747",69,4,65
"60QA000748",97,8,89
"60QA000749",106,15,91
"60QA000750",194,31,163
"60QA000751",87,10,77
"60QA000752",68,4,64
"60QA000753",103,10,93
"60QA000754",113,14,99
"60QA000755",129,14,115
"60QA000756",152,18,134
"60QA000757",86,16,70
"60QA000758",75,11,64
"60QA000759",67,3,64
"60QA000760",50,2,48
"60QA000761",108,7,101
"60QA000762",81,8,73
"60QA000763",90,10,80
"60QA000764",117,19,98
"60QA000765",66,4,62
"60QA000766",80,6,74
"60QA000767",97,17,80
"60QA000768",75,3,72
"60QA000769",136,27,109
"60QA000770",56,23,33
"60QA000771",62,11,51
"60QA000772",84,10,74
"60QA000773",89,10,79
"60QA000774",78,49,29
"60QA000775",83,7,76
"60QA000776",144,30,114
"60QA000777",108,19,89
"60QA000778",81,7,74
"60QA000779",73,8,65
"60QA000780",105,10,95
"60QA000781",257,35,222
"60QA000782",59,24,35
"60QA000783",60,15,45
"60QA000784",143,19,124
"60QA000785",120,18,102
"60QA000786",111,11,100
"60QA000787",107,7,100
"60QA000788",91,6,85
"60QA000789",156,21,135
"60QA000790",119,7,112
"60QA000791",89,34,55
"60QA000792",172,43,129
"60QA000793",74,17,57
"60QA000794",144,31,113
"60QA000795",87,17,70
"60QA000796",118,19,99
"60QA000797",100,17,83
"60QA000798",94,14,80
"60QA000799",115,37,78
"60QA000800",76,22,54
"60QA000801",99,16,83
"60QA000802",113,32,81
"60QA000803",142,29,113
"60QA000804",75,36,39
"60QA000805",102,29,73
"60QA000806",121,25,96
"60QA000807",140,26,114
"60QA000808",90,14,76
"60QA000809",169,37,132
"60QA000810",125,19,106
"60QA000811",133,37,96
"60QA000812",120,22,98
"60QA000813",79,27,52
"60QA000814",170,42,128
"60QA000815",166,37,129
"60QA000816",122,33,89
"60QA000817",124,14,110
"60QA000818",106,28,78
"60QA000819",119,25,94
"60QA000820",134,30,104
"60QA000821",96,19,77
"60QA000822",136,28,108
"60QA000823",100,24,76
"60QA000824",94,28,66
"60QA000825",161,53,108
"60QA000826",160,32,128
"60QA000827",148,36,112
"60QA000828",87,22,65
"60QA000829",89,15,74
"60QA000830",109,21,88
"60QA000831",92,16,76
"60QA000832",127,30,97
"60QA000833",117,23,94
"60QA000834",163,23,140
"60QA000835",83,22,61
"60QA000836",207,29,178
"60QA000837",146,27,119
"60QA000838",146,19,127
"60QA000839",96,17,79
"60QA000840",102,53,49
"60QA000841",118,40,78
"60QA000842",98,66,32
"60QA000843",140,40,100
"60QA000844",165,31,134
"60QA000845",119,32,87
"60QA000846",103,13,90
"60QA000847",118,37,81
"60QA000848",90,12,78
"60QA000849",72,17,55
"60QA000850",114,42,72
"60QA000851",143,19,124
"60QA000852",170,32,138
"60QA000853",144,22,122
"60QA000854",84,22,62
"60QA000855",111,28,83
"60QA000856",74,19,55
"60QA000857",106,9,97
"60QA000858",57,18,39
"60QA000859",133,19,114
"60QA000860",124,42,82
"60QA000861",151,32,119
"60QA000862",174,37,137
"60QA000863",167,26,141
"60QA000864",145,30,115
"60QA000865",113,17,96
"60QA000866",109,24,85
"60QA000867",113,50,63
"60QA000868",154,18,136
"60QA000869",148,20,128
"60QA000870",177,21,156
"60QA000871",121,9,112
"60QA000872",88,20,68
"60QA000873",222,30,192
"60QA000874",122,28,94
"60QA000875",111,37,74
"60QA000876",99,38,61
"60QA000877",87,19,68
"60QA000878",65,31,34
"60QA000879",358,274,84
"60QA000880",111,40,71
"60QA000881",103,11,92
"60QA000882",72,7,65
"60QA000883",86,24,62
"60QA000884",116,35,81
"60QA000885",138,32,106
"60QA000886",127,14,113
"60QA000887",115,11,104
"60QA000888",101,4,97
"60QA000889",161,27,134
"60QA000890",152,18,134
"60QA000891",109,15,94
"60QA000892",127,22,105
"60QA000893",90,23,67
"60QA000894",106,25,81
"60QA000895",66,25,41
"60QA000896",166,38,128
"60QA000897",170,36,134
"60QA000898",167,34,133
"60QA000899",91,18,73
"60QA000900",92,22,70
"60QA000901",111,35,76
"60QA000902",119,41,78
"60QA000903",115,18,97
"60QA000904",84,21,63
"60QA000905",159,23,136
"60QA000906",98,31,67
"60QA000907",88,23,65
"60QA000908",98,19,79
"60QA000909",87,13,74
"60QA000910",101,23,78
"60QA000911",123,19,104
"60QA000912",98,24,74
"60QA000913",126,25,101
"60QA000914",117,16,101
"60QA000915",101,21,80
"60QA000916",103,29,74
"60QA000917",138,33,105
"60QA000918",102,26,76
"60QA000919",88,14,74
"60QA000920",144,26,118
"60QA000921",73,22,51
"60QA000922",79,21,58
"60QA000923",105,25,80
"60QA000924",144,39,105
"60QA000925",117,26,91
"60QA000926",114,12,102
"60QA000927",65,17,48
"60QA000928",99,22,77
"60QA000929",77,47,30
"60QA000930",354,222,132
"60QA000931",95,34,61
"60QA000932",131,16,115
"60QA000933",125,44,81
"60QA000934",114,29,85
"60QA000935",98,26,72
"60QA000936",146,31,115
"60QA000937",70,28,42
"60QA000938",131,31,100
"60QA000939",203,30,173
"60QA000940",62,40,22
"60QA000941",116,9,107
"60QA000942",120,16,104
"60QA000943",112,37,75
"60QA000944",94,15,79
"60QA000945",105,26,79
"60QA000946",71,34,37
"60QA000947",100,28,72
"60QA000948",95,71,24
"60QA000949",168,48,120
"60QA000950",172,34,138
"60QA000951",133,27,106
"60QA000952",102,18,84
"60QA000953",97,22,75
"60QA000954",117,24,93
"60QA000955",162,43,119
"60QA000956",99,25,74
"60QA000957",122,26,96
"60QA000958",110,28,82
"60QA000959",127,28,99
"60QA000960",107,24,83
"60QA000961",108,19,89
"60QA000962",141,37,104
"60QA000963",104,28,76
"60QA000964",98,33,65
"60QA000965",55,44,11
"60QA000966",126,20,106
"60QA000967",88,21,67
"60QA000968",108,22,86
"60QA000969",121,30,91
"60QA000970",87,28,59
"60QA000971",87,19,68
"60QA000972",130,40,90
"60QA000973",122,23,99
"60QA000974",98,19,79
"60QA000975",118,19,99
"60QA000976",157,24,133
"60QA000977",198,18,180
"60QA000978",86,8,78
"60QA000979",61,15,46
"60QA000980",120,17,103
"60QA000981",121,15,106
"60QA000982",111,14,97
"60QA000983",108,9,99
"60QA000984",87,15,72
"60QA000985",100,33,67
"60QA000986",103,28,75
"60QA000987",138,32,106
"60QA000988",66,18,48
"60QA000989",91,43,48
"60QA000990",196,43,153
"60QA000991",90,29,61
"60QA000992",102,17,85
"60QA000993",103,28,75
"60QA000994",142,26,116
"60QA000995",131,36,95
"60QA000996",120,17,103
"60QA000997",134,31,103
"60QA000998",93,25,68
"60QA000999",96,30,66
"60QA001000",121,26,95
"60QA001001",158,32,126
"60QA001002",118,28,90
"60QA001003",142,21,121
"60QA001004",129,21,108
"60QA001005",66,21,45
"60QA001006",155,34,121
"60QA001007",163,38,125
"60QA001008",87,19,68
"60QA001009",153,33,120
"60QA001010",126,12,114
"60QA001011",107,13,94
"60QA001012",108,25,83
"60QA001013",183,34,149
"60QA001014",139,27,112
"60QA001015",143,29,114
"60QA001016",153,20,133
"60QA001017",144,24,120
"60QA001018",142,20,122
"60QA001019",157,25,132
"60QA001020",124,30,94
"60QA001021",131,35,96
"60QA001022",154,36,118
"60QA001023",67,16,51
"60QA001024",78,26,52
"60QA001025",108,24,84
"60QA001026",117,19,98
"60QA001027",166,20,146
"60QA001028",63,42,21
"60QA001029",131,21,110
"60QA001030",181,45,136
"60QA001031",140,32,108
"60QA001032",99,26,73
"60QA001033",107,24,83
"60QA001034",144,29,115
"60QA001035",187,82,105
"60QA001036",162,36,126
"60QA001037",63,47,16
"60QA001038",140,37,103
"60QA001039",128,15,113
"60QA001040",121,18,103
"60QA001041",95,32,63
"60QA001042",122,15,107
"60QA001043",182,41,141
"60QA001044",58,9,49
"60QA001045",65,7,58
"60QA001046",121,13,108
"60QA001047",124,21,103
"60QA001048",146,28,118
"60QA001049",219,38,181
"60QA001050",122,13,109
"60QA001051",144,7,137
"60QA001052",132,17,115
"60QA001053",129,22,107
"60QA001054",176,25,151
"60QA001055",102,11,91
"60QA001056",118,8,110
"60QA001057",169,26,143
"60QA001058",146,9,137
"60QA001059",112,18,94
"60QA001060",117,17,100
"60QA001061",102,17,85
"60QA001062",108,32,76
"60QA001063",179,37,142
"60QA001064",130,16,114
"60QA001065",127,12,115
"60QA001066",113,18,95
"60QA001067",111,26,85
"60QA001068",120,27,93
"60QA001069",61,9,52
"60QA001070",187,13,174
"60QA001071",75,15,60
"60QA001072",65,28,37
"60QA001073",144,13,131
"60QA001074",163,12,151
"60QA001075",115,21,94
"60QA001076",93,16,77
"60QA001077",102,33,69
"60QA001078",186,47,139
"60QA001079",176,21,155
"60QA001080",169,22,147
"60QA001081",122,7,115
"60QA001082",100,22,78
"60QA001083",136,26,110
"60QA001084",95,14,81
"60QA001085",178,21,157
"60QA001086",160,24,136
"60QA001087",156,9,147
"60QA001088",124,13,111
"60QA001089",165,9,156
"60QA001090",87,16,71
"60QA001091",205,16,189
"60QA001092",117,18,99
"60QA001093",151,14,137
"60QA001094",119,15,104
"60QA001095",160,12,148
"60QA001096",157,16,141
"60QA001097",192,20,172
"60QA001098",245,7,238
"60QA001099",172,6,166
"60QA001100",262,21,241
"60QA001101",136,16,120
"60QA001102",116,13,103
"60QA001103",115,54,61
"60QA001104",74,48,26
"60QA001105",142,47,95
"60QA001106",160,27,133
"60QA001107",112,12,100
"60QA001108",163,23,140
"60QA001109",141,21,120
"60QA001110",155,9,146
"60QA001111",172,21,151
"60QA001112",197,13,184
"60QA001113",154,13,141
"60QA001114",149,10,139
"60QA001115",139,3,136
"60QA001116",116,3,113
"60QA001117",133,11,122
"60QA001118",139,7,132
"60QA001119",127,5,122
"60QA001120",91,2,89
"60QA001121",129,29,100
"60QA001122",97,17,80
"60QA001123",99,16,83
"60QA001124",121,24,97
"60QA001125",88,33,55
"60QA001126",97,27,70
"60QA001127",85,19,66
"60QA001128",168,42,126
"60QA001129",91,26,65
"60QA001130",94,28,66
"60QA001131",108,24,84
"60QA001132",121,22,99
"60QA001133",113,18,95
"60QA001134",124,25,99
"60QA001135",198,79,119
"60QA001136",118,24,94
"60QA001137",142,38,104
"60QA001138",120,36,84
"60QA001139",120,28,92
"60QA001140",144,30,114
"60QA001141",93,16,77
"60QA001142",156,11,145
"60QA001143",119,17,102
"60QA001144",99,8,91
"60QA001145",89,3,86
"60QA001146",108,19,89
"60QA001147",109,27,82
"60QA001148",115,16,99
"60QA001149",194,25,169
"60QA001150",132,21,111
"60QA001151",154,20,134
"60QA001152",154,26,128
"60QA001153",64,12,52
"60QA001154",128,36,92
"60QA001155",148,27,121
"60QA001156",125,34,91
"60QA001157",146,26,120
"60QA001158",130,25,105
"60QA001159",138,19,119
"60QA001160",139,18,121
"60QA001161",85,13,72
"60QA001162",87,16,71
"60QA001163",134,39,95
"60QA001164",147,26,121
"60QA001165",71,12,59
"60QA001166",151,39,112
"60QA001167",136,30,106
"60QA001168",110,31,79
"60QA001169",134,28,106
"60QA001170",104,23,81
"60QA001171",136,14,122
"60QA001172",94,18,76
"60QA001173",108,11,97
"60QA001174",121,21,100
"60QA001175",79,16,63
"60QA001176",105,12,93
"60QA001177",69,12,57
"60QA001178",101,13,88
"60QA001179",76,13,63
"60QA001180",127,19,108
"60QA001181",109,13,96
"60QA001182",91,19,72
"60QA001183",96,17,79
"60QA001184",109,20,89
"60QA001185",108,18,90
"60QA001186",95,12,83
"60QA001187",68,7,61
"60QA001188",61,11,50
"60QA001189",70,11,59
"60QA001190",113,18,95
"60QA001191",156,19,137
"60QA001192",104,13,91
"60QA001193",119,10,109
"60QA001194",112,15,97
"60QA001195",117,14,103
"60QA001196",141,9,132
"60QA001197",161,19,142
"60QA001198",147,14,133
"60QA001199",175,39,136
"60QA001200",196,18,178
"60QA001201",249,19,230
"60QA001202",220,14,206
"60QA001203",193,31,162
"60QA001204",175,16,159
"60QA001205",93,11,82
"60QA001206",114,10,104
"60QA001207",106,13,93
"60QA001208",178,30,148
"60QA001209",159,14,145
"60QA001210",102,25,77
"60QA001211",86,13,73
"60QA001212",86,7,79
"60QA001213",134,7,127
"60QA001214",147,11,136
"60QA001215",145,20,125
"60QA001216",160,20,140
"60QA001217",89,14,75
"60QA001218",108,6,102
"60QA001219",189,25,164
"60QA001220",58,18,40
"60QA001221",130,4,126
"60QA001222",60,24,36
"60QA001223",209,19,190
"60QA001224",137,22,115
"60QA001225",148,6,142
"60QA001226",177,11,166
"60QA001227",218,22,196
"60QA001228",152,22,130
"60QA001229",111,15,96
"60QA001230",191,18,173
"60QA001231",168,25,143
"60QA001232",147,13,134
"60QA001233",194,15,179
"60QA001234",199,35,164
"60QA001235",167,17,150
"60QA001236",141,28,113
"60QA001237",108,21,87
"60QA001238",110,16,94
"60QA001239",73,21,52
"60QA001240",115,21,94
"60QA001241",189,18,171
"60QA001242",113,20,93
"60QA001243",97,10,87
"60QA001244",164,33,131
"60QA001245",149,28,121
"60QA001246",127,32,95
"60QA001247",146,36,110
"60QA001248",99,18,81
"60QA001249",146,16,130
"60QA001250",117,9,108
"60QA001251",101,29,72
"60QA001252",101,20,81
"60QA001253",96,11,85
"60QA001254",135,24,111
"60QA001255",153,31,122
"60QA001256",87,6,81
"60QA001257",89,18,71
"60QA001258",93,28,65
"60QA001259",96,21,75
"60QA001260",114,29,85
"60QA001261",131,21,110
"60QA001262",133,25,108
"60QA001263",117,23,94
"60QA001264",140,35,105
"60QA001265",78,20,58
"60QA001266",127,24,103
"60QA001267",113,22,91
"60QA001268",189,23,166
"60QA001269",122,13,109
"60QA001270",154,51,103
"60QA001271",125,15,110
"60QA001272",194,15,179
"60QA001273",169,23,146
"60QA001274",185,10,175
"60QA001275",135,16,119
"60QA001276",147,10,137
"60QA001277",135,13,122
"60QA001278",140,14,126
"60QA001279",112,12,100
"60QA001280",181,11,170
"60QA001281",144,16,128
"60QA001282",70,6,64
"60QA001283",194,15,179
"60QA001284",198,16,182
"60QA001285",175,21,154
"60QA001286",91,11,80
"60QA001287",59,4,55
"60QA001288",104,5,99
"60QA001289",94,7,87
"60QA001290",85,4,81
"60QA001291",65,17,48
"60QA001292",94,9,85
"60QA001293",125,11,114
"60QA001294",51,3,48
"60QA001295",63,5,58
"60QA001296",68,20,48
"60QA001297",60,25,35
"60QA001298",122,16,106
"60QA001299",110,28,82
"60QA001300",118,32,86
"60QA001301",61,6,55
"60QA001302",92,10,82
"60QA001303",126,43,83
"60QA001304",159,28,131
"60QA001305",65,10,55
"60QA001306",56,3,53
"60QA001307",108,13,95
"60QA001308",73,10,63
"60QA001309",71,7,64
"60QA001310",98,24,74
"60QA001311",74,11,63
"60QA001312",59,5,54
"60QA001313",97,29,68
"60QA001314",96,13,83
"60QA001315",173,37,136
"60QA001316",97,21,76
"60QA001317",84,17,67
"60QA001318",113,19,94
"60QA001319",67,6,61
"60QA001320",226,12,214
"60QA001321",58,17,41
"60QA001322",106,7,99
"60QA001323",239,15,224
"60QA001324",156,12,144
"60QA001325",57,2,55
"60QA001326",89,5,84
"60QA001327",101,6,95
"60QA001328",183,58,125
"60QA001329",66,34,32
"60QA001330",73,14,59
"60QA001331",106,16,90
"60QA001332",58,12,46
"60QA001333",55,11,44
"60QA001334",52,12,40
"60QA001335",144,16,128
"60QA001336",122,9,113
"60QA001337",71,20,51
"60QA001338",69,2,67
"60QA001339",51,8,43
"60QA001340",140,12,128
"60QA001341",67,4,63
"60QA001342",141,10,131
"60QA001343",92,13,79
"60QA001344",78,11,67
"60QA001345",95,17,78
"60QA001346",121,40,81
"60QA001347",102,33,69
"60QA001348",57,7,50
"60QA001349",57,1,56
"60QA001350",91,4,87
"60QA001351",61,4,57
"60QA001352",149,24,125
"60QA001353",73,6,67
"60QA001354",102,14,88
"60QA001355",106,21,85
"60QA001356",215,15,200
"60QA001357",108,19,89
"60QA001358",123,29,94
"60QA001359",199,22,177
"60QA001360",88,7,81
"60QA001361",64,10,54
"60QA001362",59,1,58
"60QA001363",67,10,57
"60QA001364",163,45,118
"60QA001365",157,9,148
"60QA001366",112,9,103
"60QA001367",120,14,106
"60QA001368",129,18,111
"60QA001369",72,11,61
"60QA001370",147,13,134
"60QA001371",64,3,61
"60QA001372",71,4,67
"60QA001373",116,18,98
"60QA001374",125,22,103
"60QA001375",192,54,138
"60QA001376",106,14,92
"60QA001377",68,7,61
"60QA001378",57,8,49
"60QA001379",134,20,114
"60QA001380",113,22,91
"60QA001381",134,9,125
"60QA001382",291,65,226
"60QA001383",73,3,70
"60QA001384",117,7,110
"60QA001385",85,5,80
"60QA001386",75,6,69
"60QA001387",245,5,240
"60QA001388",99,8,91
"60QA001389",61,9,52
"60QA001390",107,6,101
"60QA001391",66,10,56
"60QA001392",60,7,53
"60QA001393",106,2,104
"60QA001394",60,22,38
"60QA001395",149,19,130
"60QA001396",84,19,65
"60QA001397",56,6,50
"60QA001398",68,9,59
"60QA001399",125,17,108
"60QA001400",72,17,55
"60QA001401",65,37,28
"60QA001402",124,46,78
"60QA001403",118,7,111
"60QA001404",128,29,99
"60QA001405",103,12,91
"60QA001406",70,19,51
"60QA001407",60,6,54
"60QA001408",67,15,52
"60QA001409",74,16,58
"60QA001410",131,14,117
"60QA001411",51,6,45
"60QA001412",55,10,45
"60QA001413",83,14,69
"60QA001414",54,14,40
"60QA001415",116,31,85
"60QA001416",53,9,44
"60QA001417",112,19,93
"60QA001418",85,16,69
"60QA001419",76,12,64
"60QA001420",145,26,119
"60QA001421",77,16,61
"60QA001422",84,15,69
"60QA001423",109,13,96
"60QA001424",81,11,70
"60QA001425",70,32,38
"60QA001426",83,28,55
"60QA001427",112,36,76
"60QA001428",81,26,55
"60QA001429",90,18,72
"60QA001430",76,19,57
"60QA001431",92,18,74
"60QA001432",90,20,70
"60QA001433",123,28,95
"60QA001434",106,68,38
"60QA001435",73,50,23
"60QA001436",76,22,54
"60QA001437",64,21,43
"60QA001438",93,21,72
"60QA001439",80,13,67
"60QA001440",70,11,59
"60QA001441",90,42,48
"60QA001442",68,33,35
"60QA001443",124,15,109
"60QA001444",84,7,77
"60QA001445",127,29,98
"60QA001446",60,10,50
"60QA001447",70,36,34
"60QA001448",75,34,41
"60QA001449",98,27,71
"60QA001450",93,21,72
"60QA001451",54,9,45
"60QA001452",260,13,247
"60QA001453",99,8,91
"60QA001454",93,11,82
"60QA001455",199,8,191
"60QA001456",129,6,123
"60QA001457",90,9,81
"60QA001458",89,3,86
"60QA001459",76,18,58
"60QA001460",163,23,140
"60QA001461",118,18,100
"60QA001462",108,13,95
"60QA001463",135,5,130
"60QA001464",53,5,48
"60QA001465",164,17,147
"60QA001466",131,33,98
"60QA001467",74,1,73
"60QA001468",69,5,64
"60QA001469",103,40,63
"60QA001470",118,33,85
"60QA001471",85,13,72
"60QA001472",73,6,67
"60QA001473",189,53,136
"60QA001474",92,36,56
"60QA001475",113,36,77
"60QA001476",107,28,79
"60QA001477",605,35,570
"60QA001478",106,11,95
"60QA001479",77,3,74
"60QA001480",89,12,77
"60QA001481",119,19,100
"60QA001482",125,43,82
"60QA001483",84,28,56
"60QA001484",110,32,78
"60QA001485",141,34,107
"60QA001486",89,25,64
"60QA001487",62,17,45
"60QA001488",172,4,168
"60QA001489",111,32,79
"60QA001490",158,36,122
"60QA001491",95,40,55
"60QA001492",61,47,14
"60QA001493",57,4,53
"60QA001494",113,14,99
"60QA001495",96,3,93
"60QA001496",111,6,105
"60QA001497",79,14,65
"60QA001498",143,10,133
"60QA001499",120,20,100
"60QA001500",159,77,82
"60QA001501",86,9,77
"60QA001502",104,8,96
"60QA001503",85,4,81
"60QA001504",95,6,89
"60QA001505",91,3,88
"60QA001506",57,6,51
"60QA001507",162,45,117
"60QA001508",51,1,50
"60QA001509",73,4,69
"60QA001510",109,11,98
"60QA001511",106,18,88
"60QA001512",76,3,73
"60QA001513",57,7,50
"60QA001514",88,5,83
"60QA001515",62,0,62
"60QA001516",109,3,106
"60QA001517",107,19,88
"60QA001518",94,8,86
"60QA001519",93,6,87
"60QA001520",140,39,101
"60QA001521",132,16,116
"60QA001522",130,22,108
"60QA001523",133,15,118
"60QA001524",100,5,95
"60QA001525",104,4,100
"60QA001526",65,4,61
"60QA001527",71,3,68
"60QA001528",87,1,86
"60QA001529",80,31,49
"60QA001530",87,7,80
"60QA001531",87,9,78
"60QA001532",54,4,50
"60QA001533",82,1,81
"60QA001534",65,1,64
"60QA001535",117,11,106
"60QA001536",74,12,62
"60QA001537",73,32,41
"60QA001538",71,21,50
"60QA001539",148,103,45
"60QA001540",295,51,244
"60QA001541",105,20,85
"60QA001542",109,16,93
"60QA001543",142,22,120
"60QA001544",79,14,65
"60QA001545",112,33,79
"60QA001546",84,18,66
"60QA001547",103,25,78
"60QA001548",111,24,87
"60QA001549",104,20,84
"60QA001550",81,36,45
"60QA001551",159,31,128
"60QA001552",60,14,46
"60QA001553",156,34,122
"60QA001554",63,14,49
"60QA001555",113,22,91
"60QA001556",77,22,55
"60QA001557",105,17,88
"60QA001558",119,25,94
"60QA001559",142,13,129
"60QA001560",86,6,80
"60QA001561",54,7,47
"60QA001562",61,3,58
"60QA001563",71,2,69
"60QA001564",111,9,102
"60QA001565",77,11,66
"60QA001566",90,4,86
"60QA001567",57,8,49
"60QA001568",80,4,76
"60QA001569",81,8,73
"60QA001570",131,9,122
"60QA001571",67,3,64
"60QA001572",95,8,87
"60QA001573",133,19,114
"60QA001574",121,4,117
"60QA001575",108,4,104
"60QA001576",104,12,92
"60QA001577",88,4,84
"60QA001578",114,17,97
"60QA001579",86,18,68
"60QA001580",57,9,48
"60QA001581",129,7,122
"60QA001582",53,4,49
"60QA001583",61,3,58
"60QA001584",138,30,108
"60QA001585",182,21,161
"60QA001586",105,49,56
"60QA001587",103,17,86
"60QA001588",161,23,138
"60QA001589",84,20,64
"60QA001590",61,12,49
"60QA001591",93,13,80
"60QA001592",152,52,100
"60QA001593",123,59,64
"60QA001594",128,11,117
"60QA001595",77,16,61
"60QA001596",138,22,116
"60QA001597",130,17,113
"60QA001598",71,12,59
"60QA001599",116,52,64
"60QA001600",172,53,119
"60QA001601",76,11,65
"60QA001602",89,6,83
"60QA001603",52,4,48
"60QA001604",110,5,105
"60QA001605",178,12,166
"60QA001606",134,7,127
"60QA001607",165,38,127
"60QA001608",188,7,181
"60QA001609",203,7,196
"60QA001610",188,40,148
"60QA001611",98,21,77
"60QA001612",107,29,78
"60QA001613",83,7,76
"60QA001614",85,2,83
"60QA001615",97,7,90
"60QA001616",110,8,102
"60QA001617",75,6,69
"60QA001618",129,54,75
"60QA001619",50,2,48
"60QA001620",88,13,75
"60QA001621",86,9,77
"60QA001622",113,9,104
"60QA001623",76,13,63
"60QA001624",74,7,67
"60QA001625",83,6,77
"60QA001626",76,33,43
"60QA001627",148,23,125
"60QA001628",89,16,73
"60QA001629",209,13,196
"60QA001630",169,15,154
"60QA001631",114,23,91
"60QA001632",90,20,70
"60QA001633",83,22,61
"60QA001634",100,15,85
"60QA001635",82,10,72
"60QA001636",905,48,857
"60QA001637",86,13,73
"60QA001638",70,15,55
"60QA001639",84,19,65
"60QA001640",107,18,89
"60QA001641",80,24,56
"60QA001642",105,31,74
"60QA001643",112,9,103
"60QA001644",152,70,82
"60QA001645",80,16,64
"60QA001646",88,10,78
"60QA001647",117,44,73
"60QA001648",112,12,100
"60QA001649",77,4,73
"60QA001650",64,6,58
"60QA001651",157,13,144
"60QA001652",111,17,94
"60QA001653",81,5,76
"60QA001654",114,15,99
"60QA001655",51,19,32
"60QA001656",65,5,60
"60QA001657",65,11,54
"60QA001658",71,5,66
"60QA001659",85,14,71
"60QA001660",80,4,76
"60QA001661",70,9,61
"60QA001662",87,12,75
"60QA001663",124,27,97
"60QA001664",153,18,135
"60QA001665",106,19,87
"60QA001666",53,5,48
"60QA001667",94,18,76
"60QA001668",64,15,49
"60QA001669",90,13,77
"60QA001670",100,7,93
"60QA001671",97,16,81
"60QA001672",67,7,60
"60QA001673",114,6,108
"60QA001674",95,11,84
"60QA001675",100,14,86
"60QA001676",89,11,78
"60QA001677",106,30,76
"60QA001678",85,7,78
"60QA001679",108,5,103
"60QA001680",61,1,60
"60QA001681",80,6,74
"60QA001682",164,14,150
"60QA001683",168,10,158
"60QA001684",88,48,40
"60QA001685",110,12,98
"60QA001686",118,9,109
"60QA001687",168,21,147
"60QA001688",130,4,126
"60QA001689",155,15,140
"60QA001690",120,46,74
"60QA001691",70,7,63
"60QA001692",69,12,57
"60QA001693",133,12,121
"60QA001694",75,14,61
"60QA001695",91,7,84
"60QA001696",155,14,141
"60QA001697",59,29,30
"60QA001698",81,58,23
"60QA001699",119,19,100
"60QA001700",62,26,36
"60QA001701",113,37,76
"60QA001702",94,26,68
"60QA001703",95,35,60
"60QA001704",83,25,58
"60QA001705",88,14,74
"60QA001706",111,14,97
"60QA001707",94,56,38
"60QA001708",135,12,123
"60QA001709",137,17,120
"60QA001710",145,25,120
"60QA001711",73,25,48
"60QA001712",104,29,75
"60QA001713",114,25,89
"60QA001714",82,24,58
"60QA001715",113,30,83
"60QA001716",92,13,79
"60QA001717",80,9,71
"60QA001718",179,31,148
"60QA001719",111,17,94
"60QA001720",212,46,166
"60QA001721",65,22,43
"60QA001722",160,33,127
"60QA001723",65,26,39
"60QA001724",104,4,100
"60QA001725",103,3,100
"60QA001726",166,19,147
"60QA001727",228,94,134
"60QA001728",133,6,127
"60QA001729",60,2,58
"60QA001730",131,10,121
"60QA001731",173,11,162
"60QA001732",196,16,180
"60QA001733",60,14,46
"60QA001734",90,20,70
"60QA001735",65,48,17
"60QA001736",392,25,367
"60QA001737",142,21,121
"60QA001738",95,11,84
"60QA001739",203,13,190
"60QA001740",153,7,146
"60QA001741",180,13,167
"60QA001742",174,8,166
"60QA001743",157,7,150
"60QA001744",263,9,254
"60QA001745",117,14,103
"60QA001746",140,17,123
"60QA001747",74,4,70
"60QA001748",149,7,142
"60QA001749",100,2,98
"60QA001750",133,25,108
"60QA001751",53,12,41
"60QA001752",60,7,53
"60QA001753",97,13,84
"60QA001754",103,11,92
"60QA001755",68,14,54
"60QA001756",165,9,156
"60QA001757",108,4,104
"60QA001758",125,25,100
"60QA001759",56,6,50
"60QA001760",145,10,135
"60QA001761",51,45,6
"60QA001762",100,4,96
"60QA001763",125,5,120
"60QA001764",187,11,176
"60QA001765",112,4,108
"60QA001766",123,3,120
"60QA001767",161,7,154
"60QA001768",129,13,116
"60QA001769",128,8,120
"60QA001770",116,10,106
"60QA001771",127,18,109
"60QA001772",121,16,105
"60QA001773",227,13,214
"60QA001774",140,17,123
"60QA001775",91,18,73
"60QA001776",214,12,202
"60QA001777",56,4,52
"60QA001778",60,8,52
"60QA001779",156,11,145
"60QA001780",163,12,151
"60QA001781",144,6,138
"60QA001782",128,6,122
"60QA001783",198,11,187
"60QA001784",156,10,146
"60QA001785",86,1,85
"60QA001786",148,9,139
"60QA001787",144,19,125
"60QA001788",116,8,108
"60QA001789",58,6,52
"60QA001790",108,4,104
"60QA001791",91,9,82
"60QA001792",81,1,80
"60QA001793",252,14,238
"60QA001794",76,24,52
"60QA001795",108,38,70
"60QA001796",111,29,82
"60QA001797",80,17,63
"60QA001798",95,13,82
"60QA001799",163,31,132
"60QA001800",221,48,173
"60QA001801",163,28,135
"60QA001802",126,20,106
"60QA001803",181,42,139
"60QA001804",120,25,95
"60QA001805",102,14,88
"60QA001806",99,5,94
"60QA001807",148,13,135
"60QA001808",105,2,103
"60QA001809",189,37,152
"60QA001810",77,19,58
"60QA001811",109,22,87
"60QA001812",116,34,82
"60QA001813",88,20,68
"60QA001814",158,12,146
"60QA001815",80,7,73
"60QA001816",79,8,71
"60QA001817",154,20,134
"60QA001818",149,16,133
"60QA001819",61,11,50
"60QA001820",68,4,64
"60QA001821",229,12,217
"60QA001822",106,12,94
"60QA001823",98,10,88
"60QA001824",203,19,184
"60QA001825",156,14,142
"60QA001826",128,5,123
"60QA001827",128,4,124
"60QA001828",129,4,125
"60QA001829",81,6,75
"60QA001830",213,7,206
"60QA001831",111,3,108
"60QA001832",201,14,187
"60QA001833",107,4,103
"60QA001834",79,8,71
"60QA001835",116,14,102
"60QA001836",110,3,107
"60QA001837",120,3,117
"60QA001838",114,7,107
"60QA001839",145,29,116
"60QA001840",238,8,230
"60QA001841",158,62,96
"60QA001842",95,6,89
"60QA001843",105,3,102
"60QA001844",155,8,147
"60QA001845",175,9,166
"60QA001846",146,6,140
"60QA001847",180,4,176
"60QA001848",115,7,108
"60QA001849",173,13,160
"60QA001850",106,5,101
"60QA001851",145,12,133
"60QA001852",172,10,162
"60QA001853",170,12,158
"60QA001854",137,5,132
"60QA001855",76,8,68
"60QA001856",154,6,148
"60QA001857",74,3,71
"60QA001858",121,16,105
"60QA001859",183,33,150
"60QA001860",150,7,143
"60QA001861",83,5,78
"60QB000001",107,16,91
"60QB000002",143,28,115
"60QB000003",147,17,130
"60QB000004",125,27,98
"60QB000005",175,34,141
"60QB000006",121,20,101
"60QB000007",122,20,102
"60QB000008",178,27,151
"60QB000009",218,24,194
"60QB000010",191,22,169
"60QB000011",157,31,126
"60QB000012",204,29,175
"60QB000013",157,40,117
"60QB000014",57,8,49
"60QB000015",63,23,40
"60QB000016",87,13,74
"60QB000017",119,24,95
"60QB000018",98,26,72
"60QB000019",178,35,143
"60QB000020",87,19,68
"60QB000021",94,17,77
"60QB000022",183,43,140
"60QB000023",53,5,48
"60QB000024",165,18,147
"60QB000025",177,35,142
"60QB000026",175,29,146
"60QB000027",189,40,149
"60QB000028",63,9,54
"60QB000029",145,31,114
"60QB000030",154,14,140
"60QB000031",214,33,181
"60QB000032",161,38,123
"60QB000033",63,7,56
"60QB000034",169,22,147
"60QB000035",159,24,135
"60QB000036",135,19,116
"60QB000037",173,29,144
"60QB000038",127,20,107
"60QB000039",183,27,156
"60QB000040",196,22,174
"60QB000041",90,13,77
"60QB000042",183,19,164
"60QB000043",120,16,104
"60QB000044",195,38,157
"60QB000045",93,18,75
"60QB000046",142,23,119
"60QB000047",93,20,73
"60QB000048",156,29,127
"60QB000049",75,5,70
"60QB000050",93,4,89
"60QB000051",93,11,82
"60QB000052",102,12,90
"60QB000053",71,3,68
"60QB000054",170,53,117
"60QB000055",163,30,133
"60QB000056",88,6,82
"60QB000057",232,57,175
"60QB000058",142,23,119
"60QB000059",105,25,80
"60QB000060",116,23,93
"60QB000061",127,13,114
"60QB000062",135,19,116
"60QB000063",213,25,188
"60QB000064",149,49,100
"60QB000065",170,21,149
"60QB000066",130,21,109
"60QB000067",85,22,63
"60QB000068",179,26,153
"60QB000069",151,15,136
"60QB000070",203,32,171
"60QB000071",157,10,147
"60QB000072",130,19,111
"60QB000073",155,21,134
"60QB000074",140,19,121
"60QB000075",179,41,138
"60QB000076",112,7,105
"60QB000077",110,12,98
"60QB000078",74,8,66
"60QB000079",121,15,106
"60QB000080",118,22,96
"60QB000081",175,32,143
"60QB000082",102,19,83
"60QB000083",195,32,163
"60QB000084",61,6,55
"60QB000085",143,17,126
"60QB000086",132,18,114
"60QB000087",103,12,91
"60QB000088",111,20,91
"60QB000089",194,34,160
"60QB000090",122,24,98
"60QB000091",154,21,133
"60QB000092",211,40,171
"60QB000093",58,12,46
"60QB000094",116,14,102
"60QB000095",132,19,113
"60QB000096",133,16,117
"60QB000097",66,5,61
"60QB000098",75,11,64
"60QB000099",176,18,158
"60QB000100",59,6,53
"60QB000101",70,8,62
"60QB000102",105,40,65
"60QB000103",161,19,142
"60QB000104",171,13,158
"60QB000105",119,13,106
"60QB000106",61,14,47
"60QB000107",69,6,63
"60QB000108",67,7,60
"60QB000109",58,11,47
"60QB000110",86,17,69
"60QB000111",169,22,147
"60QB000112",180,16,164
"60QB000113",194,20,174
"60QB000114",227,38,189
"60QB000115",92,13,79
"60QB000116",167,28,139
"60QB000117",77,5,72
"60QB000118",69,10,59
"60QB000119",87,12,75
"60QB000120",127,10,117
"60QB000121",109,12,97
"60QB000122",90,10,80
"60QB000123",60,8,52
"60QB000124",102,15,87
"60QB000125",111,12,99
"60QB000126",142,17,125
"60QB000127",134,19,115
"60QB000128",141,7,134
"60QB000129",99,16,83
"60QB000130",72,12,60
"60QB000131",134,14,120
"60QB000132",219,25,194
"60QB000133",183,19,164
"60QB000134",152,28,124
"60QB000135",151,22,129
"60QB000136",99,4,95
"60QB000137",82,8,74
"60QB000138",100,4,96
"60QB000139",240,112,128
"60QB000140",167,8,159
"60QB000141",117,9,108
"60QB000142",207,24,183
"60QB000143",109,11,98
"60QB000144",190,27,163
"60QB000145",171,13,158
"60QB000146",105,8,97
"60QB000147",52,7,45
"60QB000148",128,8,120
"60QB000149",66,9,57
"60QB000150",120,15,105
"60QB000151",123,12,111
"60QB000152",135,14,121
"60QB000153",144,23,121
"60QB000154",193,23,170
"60QB000155",111,17,94
"60QB000156",133,13,120
"60QB000157",111,19,92
"60QB000158",102,21,81
"60QB000159",167,14,153
"60QB000160",218,34,184
"60QB000161",101,6,95
"60QB000162",122,7,115
"60QB000163",145,17,128
"60QB000164",205,16,189
"60QB000165",152,21,131
"60QB000166",148,21,127
"60QB000167",129,5,124
"60QB000168",164,17,147
"60QB000169",79,16,63
"60QB000170",188,15,173
"60QB000171",102,14,88
"60QB000172",52,5,47
"60QB000173",157,12,145
"60QB000174",69,10,59
"60QB000175",183,18,165
"60QB000176",187,30,157
"60QB000177",149,16,133
"60QB000178",105,17,88
"60QB000179",121,10,111
"60QB000180",132,10,122
"60QB000181",117,16,101
"60QB000182",154,16,138
"60QB000183",63,14,49
"60QB000184",54,3,51
"60QB000185",160,18,142
"60QB000186",125,16,109
"60QB000187",97,14,83
"60QB000188",98,33,65
"60QB000189",108,24,84
"60QB000190",149,27,122
"60QB000191",142,21,121
"60QB000192",124,39,85
"60QB000193",110,21,89
"60QB000194",92,16,76
"60QB000195",192,22,170
"60QB000196",150,16,134
"60QB000197",144,14,130
"60QB000198",113,25,88
"60QB000199",95,13,82
"60QB000200",135,19,116
"60QB000201",108,10,98
"60QB000202",137,21,116
"60QB000203",112,17,95
"60QB000204",108,11,97
"60QB000205",126,12,114
"60QB000206",105,13,92
"60QB000207",165,30,135
"60QB000208",127,22,105
"60QB000209",87,10,77
"60QB000210",145,20,125
"60QB000211",167,27,140
"60QB000212",203,19,184
"60QB000213",166,20,146
"60QB000214",106,16,90
"60QB000215",117,10,107
"60QB000216",123,14,109
"60QB000217",145,12,133
"60QB000218",192,20,172
"60QB000219",90,8,82
"60QB000220",142,16,126
"60QB000221",190,22,168
"60QB000222",191,21,170
"60QB000223",189,12,177
"60QB000224",173,12,161
"60QB000225",127,9,118
"60QB000226",167,13,154
"60QB000227",188,16,172
"60QB000228",113,14,99
"60QB000229",67,13,54
"60QB000230",170,12,158
"60QB000231",119,11,108
"60QB000232",185,24,161
"60QB000233",182,16,166
"60QB000234",155,33,122
"60QB000235",110,11,99
"60QB000236",117,16,101
"60QB000237",156,10,146
"60QB000238",103,14,89
"60QB000239",140,13,127
"60QB000240",73,1,72
"60QB000241",72,10,62
"60QB000242",148,14,134
"60QB000243",178,12,166
"60QB000244",190,16,174
"60QB000245",200,13,187
"60QB000246",114,11,103
"60QB000247",114,11,103
"60QB000248",174,22,152
"60QB000249",133,17,116
"60QB000250",150,10,140
"60QB000251",136,10,126
"60QB000252",137,18,119
"60QB000253",155,18,137
"60QB000254",158,17,141
"60QB000255",78,11,67
"60QB000256",137,19,118
"60QB000257",179,27,152
"60QB000258",60,12,48
"60QB000259",141,21,120
"60QB000260",158,12,146
"60QB000261",131,10,121
"60QB000262",161,17,144
"60QB000263",138,8,130
"60QB000264",80,13,67
"60QB000265",95,5,90
"60QB000266",133,24,109
"60QB000267",76,12,64
"60QB000268",171,23,148
"60QB000269",184,21,163
"60QB000270",137,16,121
"60QB000271",164,22,142
"60QB000272",85,14,71
"60QB000273",111,9,102
"60QB000274",109,12,97
"60QB000275",203,25,178
"60QB000276",81,11,70
"60QB000277",199,18,181
"60QB000278",111,9,102
"60QB000279",263,33,230
"60QB000280",202,16,186
"60QB000281",147,12,135
"60QB000282",126,20,106
"60QB000283",116,14,102
"60QB000284",163,27,136
"60QB000285",118,15,103
"60QB000286",147,25,122
"60QB000287",121,17,104
"60QB000288",131,12,119
"60QB000289",76,13,63
"60QB000290",95,13,82
"60QB000291",117,16,101
"60QB000292",99,16,83
"60QB000293",147,17,130
"60QB000294",83,30,53
"60QB000295",80,5,75
"60QB000296",77,7,70
"60QB000297",229,19,210
"60QB000298",99,9,90
"60QB000299",88,6,82
"60QB000300",157,18,139
"60QB000301",163,30,133
"60QB000302",125,11,114
"60QB000303",138,9,129
"60QB000304",136,15,121
"60QB000305",168,14,154
"60QB000306",95,4,91
"60QB000307",78,12,66
"60QB000308",90,14,76
"60QB000309",157,11,146
"60QB000310",173,19,154
"60QB000311",89,5,84
"60QB000312",151,8,143
"60QB000313",143,15,128
"60QB000314",203,18,185
"60QB000315",197,15,182
"60QB000316",176,24,152
"60QB000317",117,18,99
"60QB000318",163,19,144
"60QB000319",212,11,201
"60QB000320",164,13,151
"60QB000321",174,11,163
"60QB000322",123,38,85
"60QB000323",125,12,113
"60QB000324",115,10,105
"60QB000325",196,15,181
"60QB000326",157,11,146
"60QB000327",203,22,181
"60QB000328",132,14,118
"60QB000329",86,5,81
"60QB000330",85,7,78
"60QB000331",189,14,175
"60QB000332",135,17,118
"60QB000333",173,11,162
"60QB000334",64,5,59
"60QB000335",116,18,98
"60QB000336",117,12,105
"60QB000337",116,5,111
"60QB000338",150,13,137
"60QB000339",132,11,121
"60QB000340",149,13,136
"60QB000341",68,7,61
"60QB000342",141,40,101
"60QB000343",149,14,135
"60QB000344",88,6,82
"60QB000345",94,11,83
"60QB000346",107,11,96
"60QB000347",139,7,132
"60QB000348",116,13,103
"60QB000349",134,41,93
"60QB000350",161,37,124
"60QB000351",143,22,121
"60QB000352",164,13,151
"60QB000353",167,20,147
"60QB000354",114,19,95
"60QB000355",145,14,131
"60QB000356",158,27,131
"60QB000357",53,10,43
"60QB000358",86,9,77
"60QB000359",74,7,67
"60QB000360",124,12,112
"60QB000361",137,11,126
"60QB000362",55,9,46
"60QB000363",196,31,165
"60QB000364",200,28,172
"60QB000365",112,17,95
"60QB000366",127,17,110
"60QB000367",117,13,104
"60QB000368",58,12,46
"60QB000369",116,17,99
"60QB000370",141,16,125
"60QB000371",145,18,127
"60QB000372",190,22,168
"60QB000373",204,52,152
"60QB000374",101,9,92
"60QB000375",93,16,77
"60QB000376",60,10,50
"60QB000377",144,14,130
"60QB000378",132,24,108
"60QB000379",141,22,119
"60QB000380",181,13,168
"60QB000381",155,30,125
"60QB000382",101,11,90
"60QB000383",149,27,122
"60QB000384",116,24,92
"60QB000385",103,20,83
"60QB000386",111,18,93
"60QB000387",135,28,107
"60QB000388",157,35,122
"60QB000389",140,29,111
"60QB000390",119,14,105
"60QB000391",80,8,72
"60QB000392",128,19,109
"60QB000393",100,28,72
"60QB000394",176,23,153
"60QB000395",80,13,67
"60QB000396",147,13,134
"60QB000397",78,14,64
"60QB000398",145,15,130
"60QB000399",143,13,130
"60QB000400",117,19,98
"60QB000401",119,29,90
"60QB000402",134,25,109
"60QB000403",96,15,81
"60QB000404",140,39,101
"60QB000405",71,32,39
"60QB000406",186,27,159
"60QB000407",145,11,134
"60QB000408",162,14,148
"60QB000409",180,13,167
"60QB000410",129,29,100
"60QB000411",85,13,72
"60QB000412",147,26,121
"60QB000413",62,14,48
"60QB000414",171,27,144
"60QB000415",273,15,258
"60QB000416",172,11,161
"60QB000417",177,12,165
"60QB000418",125,29,96
"60QB000419",124,19,105
"60QB000420",113,16,97
"60QB000421",125,23,102
"60QB000422",135,11,124
"60QB000423",155,22,133
"60QB000424",223,13,210
"60QB000425",230,28,202
"60QB000426",197,20,177
"60QB000427",130,15,115
"60QB000428",160,36,124
"60QB000429",118,20,98
"60QB000430",116,13,103
"60QB000431",130,26,104
"60QB000432",154,32,122
"60QB000433",103,19,84
"60QB000434",132,19,113
"60QB000435",98,6,92
"60QB000436",145,17,128
"60QB000437",138,23,115
"60QB000438",105,15,90
"60QB000439",113,20,93
"60QB000440",105,26,79
"60QB000441",154,29,125
"60QB000442",99,24,75
"60QB000443",89,31,58
"60QB000444",74,9,65
"60QB000445",110,56,54
"60QB000446",71,32,39
"60QB000447",69,6,63
"60QB000448",125,26,99
"60QB000449",92,10,82
"60QB000450",76,18,58
"60QB000451",98,17,81
"60QB000452",124,16,108
"60QB000453",99,14,85
"60QB000454",97,13,84
"60QB000455",92,18,74
"60QB000456",89,17,72
"60QB000457",80,13,67
"60QB000458",78,5,73
"60QB000459",248,19,229
"60QB000460",132,18,114
"60QB000461",133,9,124
"60QB000462",196,26,170
"60QB000463",156,7,149
"60QB000464",191,18,173
"60QB000465",141,14,127
"60QB000466",192,27,165
"60QB000467",101,13,88
"60QB000468",138,34,104
"60QB000469",175,37,138
"60QB000470",92,18,74
"60QB000471",113,20,93
"60QB000472",150,31,119
"60QB000473",189,48,141
"60QB000474",187,16,171
"60QB000475",88,16,72
"60QB000476",91,9,82
"60QB000477",127,37,90
"60QB000478",135,23,112
"60QB000479",135,15,120
"60QB000480",113,17,96
"60QB000481",153,12,141
"60QB000482",145,24,121
"60QB000483",119,19,100
"60QB000484",122,11,111
"60QB000485",106,12,94
"60QB000486",77,34,43
"60QB000487",78,6,72
"60QB000488",75,18,57
"60QB000489",83,12,71
"60QB000490",128,11,117
"60QB000491",135,9,126
"60QB000492",125,39,86
"60QB000493",108,17,91
"60QB000494",138,13,125
"60QB000495",130,27,103
"60QB000496",145,33,112
"60QB000497",136,21,115
"60QB000498",170,14,156
"60QB000499",127,8,119
"60QB000500",131,12,119
"60QB000501",97,8,89
"60QB000502",70,10,60
"60QB000503",113,9,104
"60QB000504",148,27,121
"60QB000505",177,16,161
"60QB000506",102,14,88
"60QB000507",126,17,109
"60QB000508",121,9,112
"60QB000509",82,6,76
"60QB000510",153,11,142
"60QB000511",164,5,159
"60QB000512",170,13,157
"60QB000513",93,10,83
"60QB000514",221,30,191
"60QB000515",82,7,75
"60QB000516",57,37,20
"60QB000517",268,28,240
"60QB000518",226,24,202
"60QB000519",148,11,137
"60QB000520",243,23,220
"60QB000521",153,31,122
"60QB000522",116,20,96
"60QB000523",154,19,135
"60QB000524",97,21,76
"60QB000525",136,65,71
"60QB000526",139,15,124
"60QB000527",93,17,76
"60QB000528",105,19,86
"60QB000529",98,31,67
"60QB000530",138,22,116
"60QB000531",56,19,37
"60QB000532",101,14,87
"60QB000533",206,34,172
"60QB000534",103,14,89
"60QB000535",137,22,115
"60QB000536",95,14,81
"60QB000537",174,19,155
"60QB000538",118,9,109
"60QB000539",187,12,175
"60QB000540",148,10,138
"60QB000541",205,20,185
"60QB000542",124,12,112
"60QB000543",249,10,239
"60QB000544",187,17,170
"60QB000545",98,13,85
"60QB000546",166,23,143
"60QB000547",213,14,199
"60QB000548",184,13,171
"60QB000549",164,11,153
"60QB000550",105,7,98
"60QB000551",67,3,64
"60QB000552",193,14,179
"60QB000553",220,8,212
"60QB000554",110,14,96
"60QB000555",130,10,120
"60QB000556",118,5,113
"60QB000557",139,6,133
"60QB000558",180,18,162
"60QB000559",163,8,155
"60QB000560",118,16,102
"60QB000561",152,11,141
"60QB000562",109,6,103
"60QB000563",126,14,112
"60QB000564",132,12,120
"60QB000565",253,14,239
"60QB000566",84,0,84
"60QB000567",97,13,84
"60QB000568",167,11,156
"60QB000569",160,8,152
"60QB000570",100,11,89
"60QB000571",150,12,138
"60QB000572",150,14,136
"60QB000573",56,2,54
"60QB000574",161,16,145
"60QB000575",95,9,86
"60QB000576",137,26,111
"60QB000577",95,12,83
"60QB000578",99,4,95
"60QB000579",207,27,180
"60QB000580",207,19,188
"60QB000581",176,11,165
"60QB000582",220,19,201
"60QB000583",199,26,173
"60QB000584",166,17,149
"60QB000585",136,40,96
"60QB000586",76,3,73
"60QB000587",118,17,101
"60QB000588",133,18,115
"60QB000589",178,15,163
"60QB000590",177,15,162
"60QB000591",145,16,129
"60QB000592",135,16,119
"60QB000593",73,34,39
"60QB000594",127,15,112
"60QB000595",129,22,107
"60QB000596",158,29,129
"60QB000597",198,34,164
"60QB000598",203,77,126
"60QB000599",107,18,89
"60QB000600",213,29,184
"60QB000601",183,33,150
"60QB000602",134,14,120
"60QB000603",118,25,93
"60QB000604",144,21,123
"60QB000605",209,29,180
"60QB000606",129,26,103
"60QB000607",106,11,95
"60QB000608",99,6,93
"60QB000609",196,19,177
"60QB000610",194,17,177
"60QB000611",100,34,66
"60QB000612",178,18,160
"60QB000613",150,4,146
"60QB000614",229,11,218
"60QB000615",132,9,123
"60QB000616",210,55,155
"60QB000617",136,29,107
"60QB000618",145,24,121
"60QB000619",111,27,84
"60QB000620",125,20,105
"60QB000621",110,19,91
"60QB000622",125,18,107
"60QB000623",92,26,66
"60QB000624",67,5,62
"60QB000625",159,35,124
"60QB000626",73,21,52
"60QB000627",102,18,84
"60QB000628",52,17,35
"60QB000629",118,13,105
"60QB000630",84,24,60
"60QB000631",124,19,105
"60QB000632",77,6,71
"60QB000633",160,14,146
"60QB000634",115,41,74
"60QB000635",113,30,83
"60QB000636",196,14,182
"60QB000637",141,56,85
"60QB000638",201,27,174
"60QB000639",196,28,168
"60QB000640",163,40,123
"60QB000641",75,40,35
"60QB000642",128,45,83
"60QB000643",142,24,118
"60QB000644",77,12,65
"60QB000645",142,19,123
"60QB000646",85,13,72
"60QB000647",109,30,79
"60QB000648",124,22,102
"60QB000649",112,4,108
"60QB000650",117,14,103
"60QB000651",170,23,147
"60QB000652",74,9,65
"60QB000653",92,8,84
"60QB000654",73,4,69
"60QB000655",119,16,103
"60QB000656",149,14,135
"60QB000657",163,22,141
"60QB000658",116,17,99
"60QB000659",107,11,96
"60QB000660",155,13,142
"60QB000661",59,10,49
"60QB000662",141,20,121
"60QB000663",208,13,195
"60QB000664",214,17,197
"60QB000665",117,9,108
"60QB000666",202,22,180
"60QB000667",175,25,150
"60QB000668",178,14,164
"60QB000669",195,12,183
"60QB000670",143,18,125
"60QB000671",143,15,128
"60QB000672",113,20,93
"60QB000673",124,26,98
"60QB000674",161,10,151
"60QB000675",158,17,141
"60QB000676",183,28,155
"60QB000677",121,18,103
"60QB000678",164,16,148
"60QB000679",170,27,143
"60QB000680",93,14,79
"60QB000681",122,22,100
"60QB000682",80,20,60
"60QB000683",99,12,87
"60QB000684",106,17,89
"60QB000685",172,55,117
"60QB000686",103,23,80
"60QB000687",98,33,65
"60QB000688",113,32,81
"60QB000689",111,26,85
"60QB000690",149,16,133
"60QB000691",185,14,171
"60QB000692",126,11,115
"60QB000693",116,15,101
"60QB000694",129,7,122
"60QB000695",124,22,102
"60QB000696",156,24,132
"60QB000697",104,14,90
"60QB000698",90,18,72
"60QB000699",145,23,122
"60QB000700",131,23,108
"60QB000701",141,24,117
"60QB000702",148,22,126
"60QB000703",154,21,133
"60QB000704",123,18,105
"60QB000705",179,31,148
"60QB000706",97,12,85
"60QB000707",180,62,118
"60QB000708",129,11,118
"60QB000709",99,16,83
"60QB000710",54,26,28
"60QB000711",182,20,162
"60QB000712",282,40,242
"60QB000713",117,21,96
"60QB000714",102,21,81
"60QB000715",185,13,172
"60QB000716",92,20,72
"60QB000717",161,27,134
"60QB000718",139,17,122
"60QB000719",103,24,79
"60QB000720",152,16,136
"60QB000721",125,9,116
"60QB000722",149,27,122
"60QB000723",166,26,140
"60QB000724",115,19,96
"60QB000725",87,15,72
"60QB000726",92,12,80
"60QB000727",106,28,78
"60QB000728",109,9,100
"60QB000729",139,48,91
"60QB000730",134,18,116
"60QB000731",176,23,153
"60QB000732",84,20,64
"60QB000733",145,38,107
"60QB000734",124,21,103
"60QB000735",61,6,55
"60QB000736",144,30,114
"60QB000737",97,17,80
"60QB000738",117,37,80
"60QB000739",112,26,86
"60QB000740",170,28,142
"60QB000741",128,29,99
"60QB000742",143,19,124
"60QB000743",175,29,146
"60QB000744",153,37,116
"60QB000745",162,20,142
"60QB000746",134,40,94
"60QB000747",124,13,111
"60QB000748",90,23,67
"60QB000749",220,77,143
"60QB000750",157,28,129
"60QB000751",98,20,78
"60QB000752",121,14,107
"60QB000753",156,24,132
"60QB000754",64,17,47
"60QB000755",178,32,146
"60QB000756",93,9,84
"60QB000757",119,27,92
"60QB000758",83,25,58
"60QB000759",58,6,52
"60QB000760",87,16,71
"60QB000761",119,7,112
"60QB000762",117,21,96
"60QB000763",115,18,97
"60QB000764",174,63,111
"60QB000765",149,21,128
"60QB000766",111,32,79
"60QB000767",79,8,71
"60QB000768",145,12,133
"60QB000769",303,23,280
"60QB000770",179,34,145
"60QB000771",107,22,85
"60QB000772",105,26,79
"60QB000773",161,28,133
"60QB000774",129,22,107
"60QB000775",444,141,303
"60QB000776",154,30,124
"60QB000777",181,19,162
"60QB000778",146,21,125
"60QB000779",100,11,89
"60QB000780",88,6,82
"60QB000781",132,12,120
"60QB000782",181,22,159
"60QB000783",93,16,77
"60QB000784",192,24,168
"60QB000785",82,13,69
"60QB000786",151,23,128
"60QB000787",173,23,150
"60QB000788",170,30,140
"60QB000789",115,17,98
"60QB000790",165,26,139
"60QB000791",196,21,175
"60QB000792",78,7,71
"60QB000793",52,6,46
"60QB000794",181,10,171
"60QB000795",103,17,86
"60QB000796",88,27,61
"60QB000797",98,35,63
"60QB000798",88,20,68
"60QB000799",138,42,96
"60QB000800",183,47,136
"60QB000801",99,25,74
"60QB000802",109,22,87
"60QB000803",151,24,127
"60QB000804",83,33,50
"60QB000805",117,39,78
"60QB000806",91,28,63
"60QB000807",72,19,53
"60QB000808",219,20,199
"60QB000809",169,32,137
"60QB000810",83,14,69
"60QB000811",125,22,103
"60QB000812",94,18,76
"60QB000813",62,8,54
"60QB000814",50,12,38
"60QB000815",76,11,65
"60QB000816",124,29,95
"60QB000817",206,78,128
"60QB000818",131,53,78
"60QB000819",96,42,54
"60QB000820",107,31,76
"60QB000821",83,27,56
"60QB000822",89,26,63
"60QB000823",133,23,110
"60QB000824",131,20,111
"60QB000825",119,17,102
"60QB000826",142,8,134
"60QB000827",134,30,104
"60QB000828",157,18,139
"60QB000829",114,44,70
"60QB000830",204,42,162
"60QB000831",139,31,108
"60QB000832",126,34,92
"60QB000833",90,20,70
"60QB000834",94,18,76
"60QB000835",123,25,98
"60QB000836",115,27,88
"60QB000837",103,29,74
"60QB000838",154,28,126
"60QB000839",117,8,109
"60QB000840",139,28,111
"60QB000841",181,21,160
"60QB000842",138,25,113
"60QB000843",117,42,75
"60QB000844",194,58,136
"60QB000845",87,14,73
"60QB000846",114,25,89
"60QB000847",97,26,71
"60QB000848",118,22,96
"60QB000849",66,15,51
"60QB000850",105,25,80
"60QB000851",91,30,61
"60QB000852",87,13,74
"60QB000853",132,24,108
"60QB000854",145,12,133
"60QB000855",64,9,55
"60QB000856",77,21,56
"60QB000857",102,15,87
"60QB000858",100,21,79
"60QB000859",96,19,77
"60QB000860",78,18,60
"60QB000861",96,20,76
"60QB000862",80,25,55
"60QB000863",50,9,41
"60QB000864",88,25,63
"60QB000865",78,33,45
"60QB000866",57,11,46
"60QB000867",79,18,61
"60QB000868",78,21,57
"60QB000869",51,10,41
"60QB000870",55,8,47
"60QB000871",105,3,102
"60QB000872",116,6,110
"60QB000873",178,47,131
"60QB000874",92,9,83
"60QB000875",77,8,69
"60QB000876",172,18,154
"60QB000877",193,17,176
"60QB000878",72,12,60
"60QB000879",163,11,152
"60QB000880",80,2,78
"60QB000881",70,15,55
"60QB000882",106,22,84
"60QB000883",141,21,120
"60QB000884",133,34,99
"60QB000885",139,19,120
"60QB000886",102,10,92
"60QB000887",104,31,73
"60QB000888",68,8,60
"60QB000889",78,19,59
"60QB000890",179,25,154
"60QB000891",55,5,50
"60QB000892",178,25,153
"60QB000893",203,29,174
"60QB000894",119,18,101
"60QB000895",182,18,164
"60QB000896",78,30,48
"60QB000897",107,18,89
"60QB000898",99,17,82
"60QB000899",136,26,110
"60QB000900",125,33,92
"60QB000901",156,27,129
"60QB000902",191,21,170
"60QB000903",153,14,139
"60QB000904",75,20,55
"60QB000905",166,27,139
"60QB000906",136,35,101
"60QB000907",103,17,86
"60QB000908",161,19,142
"60QB000909",138,22,116
"60QB000910",94,15,79
"60QB000911",235,32,203
"60QB000912",197,21,176
"60QB000913",151,27,124
"60QB000914",125,29,96
"60QB000915",94,22,72
"60QB000916",143,25,118
"60QB000917",60,9,51
"60QB000918",120,16,104
"60QB000919",147,18,129
"60QB000920",149,14,135
"60QB000921",135,33,102
"60QB000922",131,18,113
"60QB000923",52,19,33
"60QB000924",137,30,107
"60QB000925",119,21,98
"60QB000926",87,11,76
"60QB000927",148,33,115
"60QB000928",89,31,58
"60QB000929",98,19,79
"60QB000930",198,52,146
"60QB000931",169,20,149
"60QB000932",178,22,156
"60QB000933",93,20,73
"60QB000934",154,31,123
"60QB000935",106,25,81
"60QB000936",146,29,117
"60QB000937",95,22,73
"60QB000938",144,29,115
"60QB000939",121,17,104
"60QB000940",98,23,75
"60QB000941",207,48,159
"60QB000942",193,26,167
"60QB000943",174,36,138
"60QB000944",177,41,136
"60QB000945",135,15,120
"60QB000946",90,28,62
"60QB000947",93,25,68
"60QB000948",94,41,53
"60QB000949",110,21,89
"60QB000950",98,19,79
"60QB000951",249,73,176
"60QB000952",138,20,118
"60QB000953",124,30,94
"60QB000954",91,16,75
"60QB000955",143,38,105
"60QB000956",137,29,108
"60QB000957",182,32,150
"60QB000958",141,28,113
"60QB000959",150,37,113
"60QB000960",109,27,82
"60QB000961",92,28,64
"60QB000962",112,18,94
"60QB000963",107,24,83
"60QB000964",89,23,66
"60QB000965",107,18,89
"60QB000966",99,24,75
"60QB000967",153,25,128
"60QB000968",115,29,86
"60QB000969",85,33,52
"60QB000970",64,39,25
"60QB000971",77,12,65
"60QB000972",118,21,97
"60QB000973",137,28,109
"60QB000974",78,29,49
"60QB000975",108,18,90
"60QB000976",193,32,161
"60QB000977",170,27,143
"60QB000978",114,23,91
"60QB000979",98,16,82
"60QB000980",147,30,117
"60QB000981",115,27,88
"60QB000982",92,18,74
"60QB000983",97,9,88
"60QB000984",152,17,135
"60QB000985",94,23,71
"60QB000986",105,18,87
"60QB000987",174,46,128
"60QB000988",122,25,97
"60QB000989",114,8,106
"60QB000990",110,27,83
"60QB000991",102,18,84
"60QB000992",117,22,95
"60QB000993",106,24,82
"60QB000994",100,27,73
"60QB000995",130,21,109
"60QB000996",104,26,78
"60QB000997",110,30,80
"60QB000998",123,32,91
"60QB000999",179,35,144
"60QB001000",125,26,99
"60QB001001",68,7,61
"60QB001002",107,24,83
"60QB001003",73,16,57
"60QB001004",125,60,65
"60QB001005",198,41,157
"60QB001006",94,21,73
"60QB001007",102,20,82
"60QB001008",81,20,61
"60QB001009",89,19,70
"60QB001010",107,18,89
"60QB001011",115,30,85
"60QB001012",136,20,116
"60QB001013",80,13,67
"60QB001014",110,25,85
"60QB001015",120,27,93
"60QB001016",89,18,71
"60QB001017",115,14,101
"60QB001018",156,51,105
"60QB001019",144,33,111
"60QB001020",104,50,54
"60QB001021",114,16,98
"60QB001022",162,45,117
"60QB001023",123,27,96
"60QB001024",183,28,155
"60QB001025",189,23,166
"60QB001026",163,37,126
"60QB001027",101,17,84
"60QB001028",207,33,174
"60QB001029",110,11,99
"60QB001030",101,11,90
"60QB001031",147,24,123
"60QB001032",83,20,63
"60QB001033",115,10,105
"60QB001034",145,23,122
"60QB001035",200,36,164
"60QB001036",183,35,148
"60QB001037",132,31,101
"60QB001038",75,15,60
"60QB001039",175,36,139
"60QB001040",90,19,71
"60QB001041",117,63,54
"60QB001042",71,15,56
"60QB001043",141,43,98
"60QB001044",172,41,131
"60QB001045",121,22,99
"60QB001046",111,41,70
"60QB001047",124,41,83
"60QB001048",139,18,121
"60QB001049",226,48,178
"60QB001050",87,3,84
"60QB001051",156,42,114
"60QB001052",123,28,95
"60QB001053",55,7,48
"60QB001054",138,33,105
"60QB001055",100,26,74
"60QB001056",119,33,86
"60QB001057",122,33,89
"60QB001058",81,19,62
"60QB001059",133,33,100
"60QB001060",95,32,63
"60QB001061",145,29,116
"60QB001062",159,15,144
"60QB001063",127,27,100
"60QB001064",102,11,91
"60QB001065",55,26,29
"60QB001066",157,18,139
"60QB001067",132,41,91
"60QB001068",60,36,24
"60QB001069",66,26,40
"60QB001070",109,26,83
"60QB001071",135,27,108
"60QB001072",78,24,54
"60QB001073",84,14,70
"60QB001074",162,39,123
"60QB001075",90,43,47
"60QB001076",70,12,58
"60QB001077",150,63,87
"60QB001078",168,23,145
"60QB001079",86,44,42
"60QB001080",141,22,119
"60QB001081",173,31,142
"60QB001082",161,24,137
"60QB001083",130,30,100
"60QB001084",165,32,133
"60QB001085",134,33,101
"60QB001086",56,11,45
"60QB001087",58,9,49
"60QB001088",81,4,77
"60QB001089",187,35,152
"60QB001090",167,19,148
"60QB001091",153,20,133
"60QB001092",110,25,85
"60QB001093",113,19,94
"60QB001094",245,26,219
"60QB001095",185,30,155
"60QB001096",124,23,101
"60QB001097",100,17,83
"60QB001098",100,26,74
"60QB001099",132,27,105
"60QB001100",196,30,166
"60QB001101",132,33,99
"60QB001102",135,33,102
"60QB001103",98,28,70
"60QB001104",145,35,110
"60QB001105",90,10,80
"60QB001106",69,8,61
"60QB001107",62,4,58
"60QB001108",134,29,105
"60QB001109",94,2,92
"60QB001110",76,17,59
"60QB001111",55,12,43
"60QB001112",209,9,200
"60QB001113",136,15,121
"60QB001114",233,58,175
"60QB001115",110,9,101
"60QB001116",143,10,133
"60QB001117",67,22,45
"60QB001118",93,11,82
"60QB001119",64,11,53
"60QB001120",104,9,95
"60QB001121",54,7,47
"60QB001122",74,1,73
"60QB001123",105,7,98
"60QB001124",227,10,217
"60QB001125",147,13,134
"60QB001126",110,12,98
"60QB001127",150,11,139
"60QB001128",58,4,54
"60QB001129",64,6,58
"60QB001130",125,2,123
"60QB001131",133,18,115
"60QB001132",89,7,82
"60QB001133",143,39,104
"60QB001134",60,12,48
"60QB001135",89,7,82
"60QB001136",74,14,60
"60QB001137",164,21,143
"60QB001138",123,19,104
"60QB001139",75,24,51
"60QB001140",142,19,123
"60QB001141",189,13,176
"60QB001142",57,12,45
"60QB001143",139,30,109
"60QB001144",145,19,126
"60QB001145",101,12,89
"60QB001146",117,11,106
"60QB001147",137,10,127
"60QB001148",92,11,81
"60QB001149",87,19,68
"60QB001150",125,14,111
"60QB001151",119,13,106
"60QB001152",121,27,94
"60QB001153",109,36,73
"60QB001154",108,21,87
"60QB001155",88,25,63
"60QB001156",64,3,61
"60QB001157",194,26,168
"60QB001158",92,10,82
"60QB001159",66,9,57
"60QB001160",109,14,95
"60QB001161",119,34,85
"60QB001162",73,11,62
"60QB001163",91,20,71
"60QB001164",82,18,64
"60QB001165",85,24,61
"60QB001166",177,30,147
"60QB001167",195,33,162
"60QB001168",90,11,79
"60QB001169",67,14,53
"60QB001170",81,12,69
"60QB001171",122,13,109
"60QB001172",62,7,55
"60QB001173",97,14,83
"60QB001174",88,19,69
"60QB001175",66,7,59
"60QB001176",67,13,54
"60QB001177",110,78,32
"60QB001178",96,11,85
"60QB001179",122,20,102
"60QB001180",88,12,76
"60QB001181",73,10,63
"60QB001182",65,13,52
"60QB001183",56,5,51
"60QB001184",92,16,76
"60QB001185",141,21,120
"60QB001186",154,21,133
"60QB001187",126,16,110
"60QB001188",51,10,41
"60QB001189",90,19,71
"60QB001190",165,44,121
"60QB001191",55,15,40
"60QB001192",61,7,54
"60QB001193",171,13,158
"60QB001194",117,12,105
"60QB001195",112,17,95
"60QB001196",61,18,43
"60QB001197",69,14,55
"60QB001198",122,2,120
"60QB001199",77,9,68
"60QB001200",124,9,115
"60QB001201",52,17,35
"60QB001202",87,26,61
"60QB001203",85,15,70
"60QB001204",167,43,124
"60QB001205",158,25,133
"60QB001206",85,13,72
"60QB001207",141,20,121
"60QB001208",134,12,122
"60QB001209",124,23,101
"60QB001210",147,19,128
"60QB001211",64,9,55
"60QB001212",141,25,116
"60QB001213",111,45,66
"60QB001214",87,3,84
"60QB001215",132,11,121
"60QB001216",86,18,68
"60QB001217",88,13,75
"60QB001218",106,12,94
"60QB001219",85,11,74
"60QB001220",119,12,107
"60QB001221",85,15,70
"60QB001222",127,8,119
"60QB001223",102,8,94
"60QB001224",152,33,119
"60QB001225",164,28,136
"60QB001226",88,16,72
"60QB001227",130,12,118
"60QB001228",143,11,132
"60QB001229",131,19,112
"60QB001230",125,21,104
"60QB001231",132,14,118
"60QB001232",108,17,91
"60QB001233",112,4,108
"60QB001234",209,23,186
"60QB001235",93,6,87
"60QB001236",154,9,145
"60QB001237",97,9,88
"60QB001238",100,17,83
"60QB001239",165,38,127
"60QB001240",160,34,126
"60QB001241",140,18,122
"60QB001242",98,14,84
"60QB001243",68,11,57
"60QB001244",152,11,141
"60QB001245",85,6,79
"60QB001246",143,14,129
"60QB001247",215,21,194
"60QB001248",195,33,162
"60QB001249",184,18,166
"60QB001250",140,16,124
"60QB001251",173,13,160
"60QB001252",101,9,92
"60QB001253",113,9,104
"60QB001254",51,13,38
"60QB001255",135,2,133
"60QB001256",137,16,121
"60QB001257",123,14,109
"60QB001258",129,18,111
"60QB001259",98,8,90
"60QB001260",105,8,97
"60QB001261",95,10,85
"60QB001262",101,9,92
"60QB001263",106,12,94
"60QB001264",98,14,84
"60QB001265",88,9,79
"60QB001266",72,13,59
"60QB001267",77,8,69
"60QB001268",75,2,73
"60QB001269",195,16,179
"60QB001270",88,11,77
"60QB001271",65,4,61
"60QB001272",110,17,93
"60QB001273",135,16,119
"60QB001274",67,22,45
"60QB001275",200,36,164
"60QB001276",150,22,128
"60QB001277",103,16,87
"60QB001278",113,15,98
"60QB001279",132,5,127
"60QB001280",76,9,67
"60QB001281",133,26,107
"60QB001282",76,7,69
"60QB001283",60,0,60
"60QB001284",150,18,132
"60QB001285",71,22,49
"60QB001286",214,14,200
"60QB001287",106,8,98
"60QB001288",107,17,90
"60QB001289",115,6,109
"60QB001290",74,4,70
"60QB001291",204,68,136
"60QB001292",78,22,56
"60QB001293",79,9,70
"60QB001294",93,11,82
"60QB001295",96,4,92
"60QB001296",98,12,86
"60QB001297",131,18,113
"60QB001298",116,13,103
"60QB001299",85,11,74
"60QB001300",120,15,105
"60QB001301",95,7,88
"60QB001302",98,6,92
"60QB001303",200,23,177
"60QB001304",199,24,175
"60QB001305",96,7,89
"60QB001306",71,5,66
"60QB001307",149,10,139
"60QB001308",89,28,61
"60QB001309",133,34,99
"60QB001310",98,14,84
"60QB001311",184,24,160
"60QB001312",165,9,156
"60QB001313",103,9,94
"60QB001314",77,7,70
"60QB001315",243,44,199
"60QB001316",226,43,183
"60QB001317",74,10,64
"60QB001318",102,6,96
"60QB001319",179,8,171
"60QB001320",150,30,120
"60QB001321",118,16,102
"60QB001322",174,12,162
"60QB001323",101,9,92
"60QB001324",112,14,98
"60QB001325",202,127,75
"60QB001326",93,31,62
"60QB001327",95,21,74
"60QB001328",152,44,108
"60QB001329",104,26,78
"60QB001330",170,31,139
"60QB001331",77,15,62
"60QB001332",153,26,127
"60QB001333",86,13,73
"60QB001334",123,15,108
"60QB001335",104,25,79
"60QB001336",153,31,122
"60QB001337",165,22,143
"60QB001338",130,14,116
"60QB001339",119,11,108
"60QB001340",131,16,115
"60QB001341",116,17,99
"60QB001342",122,7,115
"60QB001343",109,10,99
"60QB001344",83,22,61
"60QB001345",103,20,83
"60QB001346",133,14,119
"60QB001347",144,15,129
"60QB001348",127,21,106
"60QB001349",106,12,94
"60QB001350",136,8,128
"60QB001351",176,15,161
"60QB001352",128,13,115
"60QB001353",106,12,94
"60QB001354",162,9,153
"60QB001355",59,5,54
"60QB001356",136,11,125
"60QB001357",103,23,80
"60QB001358",57,10,47
"60QB001359",112,17,95
"60QB001360",127,14,113
"60QB001361",144,12,132
"60QB001362",93,10,83
"60QB001363",106,15,91
"60QB001364",178,15,163
"60QB001365",74,8,66
"60QB001366",165,13,152
"60QB001367",72,11,61
"60QB001368",128,21,107
"60QB001369",121,14,107
"60QB001370",126,21,105
"60QB001371",96,7,89
"60QB001372",116,11,105
"60QB001373",117,14,103
"60QB001374",167,15,152
"60QB001375",68,8,60
"60QB001376",100,13,87
"60QB001377",157,16,141
"60QB001378",122,10,112
"60QB001379",121,7,114
"60QB001380",113,18,95
"60QB001381",217,18,199
"60QB001382",209,18,191
"60QB001383",56,9,47
"60QB001384",116,13,103
"60QB001385",74,17,57
"60QB001386",87,12,75
"60QB001387",138,10,128
"60QB001388",95,12,83
"60QB001389",109,19,90
"60QB001390",104,11,93
"60QB001391",95,2,93
"60QB001392",125,10,115
"60QB001393",121,18,103
"60QB001394",118,8,110
"60QB001395",99,7,92
"60QB001396",119,13,106
"60QB001397",161,17,144
"60QB001398",134,18,116
"60QB001399",158,22,136
"60QB001400",111,9,102
"60QB001401",182,25,157
"60QB001402",106,16,90
"60QB001403",156,16,140
"60QB001404",64,30,34
"60QB001405",140,87,53
"60QB001406",104,16,88
"60QB001407",269,30,239
"60QB001408",116,21,95
"60QB001409",111,18,93
"60QB001410",183,27,156
"60QB001411",107,16,91
"60QB001412",93,13,80
"60QB001413",200,37,163
"60QB001414",132,13,119
"60QB001415",164,80,84
"60QB001416",90,19,71
"60QB001417",86,20,66
"60QB001418",101,22,79
"60QB001419",126,19,107
"60QB001420",232,13,219
"60QB001421",109,12,97
"60QB001422",142,13,129
"60QB001423",121,13,108
"60QB001424",112,12,100
"60QB001425",88,18,70
"60QB001426",117,16,101
"60QB001427",189,8,181
"60QB001428",210,16,194
"60QB001429",137,51,86
"60QB001430",144,11,133
"60QB001431",89,10,79
"60QB001432",105,16,89
"60QB001433",103,13,90
"60QB001434",161,17,144
"60QB001435",96,11,85
"60QB001436",106,9,97
"60QB001437",173,66,107
"60QB001438",225,15,210
"60QB001439",56,17,39
"60QB001440",93,14,79
"60QB001441",95,1,94
"60QB001442",160,8,152
"60QB001443",118,7,111
"60QB001444",95,18,77
"60QB001445",118,19,99
"60QB001446",61,1,60
"60QB001447",260,22,238
"60QB001448",80,5,75
"60QB001449",167,16,151
"60QB001450",101,3,98
"60QB001451",154,43,111
"60QB001452",61,27,34
"60QB001453",192,41,151
"60QB001454",130,32,98
"60QB001455",113,20,93
"60QB001456",211,20,191
"60QB001457",52,3,49
"60QB001458",104,21,83
"60QB001459",79,17,62
"60QB001460",135,7,128
"60QB001461",218,15,203
"60QB001462",159,12,147
"60QB001463",141,9,132
"60QB001464",220,18,202
"60QB001465",141,10,131
"60QB001466",88,4,84
"60QB001467",147,19,128
"60QB001468",134,16,118
"60QB001469",150,18,132
"60QB001470",114,4,110
"60QB001471",203,39,164
"60QB001472",88,3,85
"60QB001473",206,25,181
"60QB001474",118,21,97
"60QB001475",221,26,195
"60QB001476",112,14,98
"60QB001477",220,26,194
"60QB001478",198,44,154
"60QB001479",99,18,81
"60QB001480",162,9,153
"60QB001481",167,33,134
"60QB001482",71,5,66
"60QB001483",149,43,106
"60QB001484",123,21,102
"60QB001485",186,14,172
"60QB001486",85,5,80
"60QB001487",92,22,70
"60QB001488",134,17,117
"60QB001489",55,13,42
"60QB001490",123,18,105
"60QB001491",104,24,80
"60QB001492",133,22,111
"60QB001493",105,35,70
"60QB001494",219,24,195
"60QB001495",87,18,69
"60QB001496",136,19,117
"60QB001497",191,37,154
"60QB001498",87,5,82
"60QB001499",205,7,198
"60QB001500",173,7,166
"60QB001501",151,12,139
"60QB001502",53,19,34
"60QB001503",122,5,117
"60QB001504",171,37,134
"60QB001505",74,14,60
"60QB001506",102,4,98
"60QB001507",144,12,132
"60QB001508",137,23,114
"60QB001509",87,10,77
"60QB001510",104,11,93
"60QB001511",136,19,117
"60QB001512",114,10,104
"60QB001513",152,14,138
"60QB001514",146,10,136
"60QB001515",97,15,82
"60QB001516",109,11,98
"60QB001517",71,9,62
"60QB001518",124,12,112
"60QB001519",109,18,91
"60QB001520",146,22,124
"60QB001521",132,12,120
"60QB001522",131,10,121
"60QB001523",119,12,107
"60QB001524",107,15,92
"60QB001525",146,20,126
"60QB001526",226,19,207
"60QB001527",127,24,103
"60QB001528",105,14,91
"60QB001529",151,9,142
"60QB001530",80,6,74
"60QB001531",84,6,78
"60QB001532",159,17,142
"60QB001533",137,52,85
"60QB001534",174,55,119
"60QB001535",114,11,103
"60QB001536",135,18,117
"60QB001537",127,25,102
"60QB001538",148,7,141
"60QB001539",135,25,110
"60QB001540",182,7,175
"60QB001541",152,8,144
"60QB001542",58,12,46
"60QB001543",125,13,112
"60QB001544",120,30,90
"60QB001545",103,8,95
"60QB001546",71,11,60
"60QB001547",124,19,105
"60QB001548",128,30,98
"60QB001549",91,18,73
"60QB001550",131,19,112
"60QB001551",199,18,181
"60QB001552",77,6,71
"60QB001553",137,7,130
"60QB001554",172,32,140
"60QB001555",152,11,141
"60QB001556",112,29,83
"60QB001557",159,17,142
"60QB001558",235,8,227
"60QB001559",174,19,155
"60QB001560",173,16,157
"60QB001561",193,13,180
"60QB001562",72,25,47
"60QB001563",71,22,49
"60QB001564",138,13,125
"60QB001565",65,10,55
"60QB001566",91,10,81
"60QB001567",137,2,135
"60QB001568",141,18,123
"60QB001569",212,26,186
"60QB001570",113,6,107
"60QB001571",142,4,138
"60QB001572",125,9,116
"60QB001573",116,21,95
"60QB001574",82,12,70
"60QB001575",164,8,156
"60QB001576",130,22,108
"60QB001577",81,5,76
"60QB001578",145,11,134
"60QB001579",96,20,76
"60QB001580",130,41,89
"60QB001581",114,14,100
"60QB001582",358,49,309
"60QB001583",85,4,81
"60QB001584",145,14,131
"60QB001585",155,17,138
"60QB001586",121,27,94
"60QB001587",152,16,136
"60QB001588",174,15,159
"60QB001589",270,22,248
"60QB001590",99,11,88
"60QB001591",130,11,119
"60QB001592",144,17,127
"60QB001593",111,19,92
"60QB001594",67,15,52
"60QB001595",101,7,94
"60QB001596",141,13,128
"60QB001597",83,17,66
"60QB001598",116,15,101
"60QB001599",205,47,158
"60QB001600",110,8,102
"60QB001601",239,82,157
"60QB001602",89,7,82
"60QB001603",153,7,146
"60QB001604",181,13,168
"60QB001605",145,23,122
"60QB001606",86,31,55
"60QB001607",112,15,97
"60QB001608",117,7,110
"60QB001609",79,25,54
"60QB001610",108,15,93
"60QB001611",103,14,89
"60QB001612",124,14,110
"60QB001613",204,21,183
"60QB001614",251,19,232
"60QB001615",91,19,72
"60QB001616",133,26,107
"60QB001617",83,23,60
"60QB001618",56,11,45
"60QB001619",206,36,170
"60QB001620",152,20,132
"60QB001621",89,7,82
"60QB001622",94,21,73
"60QB001623",56,23,33
"60QB001624",106,22,84
"60QB001625",122,24,98
"60QB001626",330,36,294
"60QB001627",211,29,182
"60QB001628",107,44,63
"60QB001629",233,32,201
"60QB001630",100,18,82
"60QB001631",163,12,151
"60QB001632",124,7,117
"60QB001633",153,56,97
"60QB001634",179,52,127
"60QB001635",88,14,74
"60QB001636",124,34,90
"60QB001637",142,9,133
"60QB001638",102,11,91
"60QB001639",104,28,76
"60QB001640",87,20,67
"60QB001641",58,40,18
"60QB001642",154,30,124
"60QB001643",73,7,66
"60QB001644",149,7,142
"60QB001645",169,12,157
"60QB001646",128,27,101
"60QB001647",81,11,70
"60QB001648",102,15,87
"60QB001649",97,24,73
"60QB001650",126,16,110
"60QB001651",165,36,129
"60QB001652",63,14,49
"60QB001653",82,17,65
"60QB001654",116,19,97
"60QB001655",87,12,75
"60QB001656",88,11,77
"60QB001657",159,16,143
"60QB001658",136,9,127
"60QB001659",50,7,43
"60QB001660",152,31,121
"60QB001661",84,28,56
"60QB001662",51,30,21
"60QB001663",93,25,68
"60QB001664",81,10,71
"60QB001665",116,42,74
"60QB001666",115,22,93
"60QB001667",222,35,187
"60QB001668",54,21,33
"60QB001669",153,32,121
"60QB001670",137,19,118
"60QB001671",73,11,62
"60QB001672",227,61,166
"60QB001673",111,25,86
"60QB001674",141,32,109
"60QB001675",61,16,45
"60QB001676",185,32,153
"60QB001677",120,24,96
"60QB001678",150,31,119
"60QB001679",60,8,52
"60QB001680",92,13,79
"60QB001681",119,32,87
"60QB001682",177,23,154
"60QB001683",160,33,127
"60QB001684",101,11,90
"60QB001685",115,24,91
"60QB001686",125,60,65
"60QB001687",96,23,73
"60QB001688",122,30,92
"60QB001689",93,11,82
"60QB001690",215,48,167
"60QB001691",125,9,116
"60QB001692",237,14,223
"60QB001693",198,66,132
"60QB001694",223,31,192
"60QB001695",152,69,83
"60QB001696",99,31,68
"60QB001697",93,18,75
"60QB001698",108,23,85
"60QB001699",112,29,83
"60QB001700",151,17,134
"60QB001701",93,32,61
"60QB001702",257,33,224
"60QB001703",200,44,156
"60QB001704",83,20,63
"60QB001705",111,17,94
"60QB001706",149,37,112
"60QB001707",79,8,71
"60QB001708",110,15,95
"60QB001709",100,24,76
"60QB001710",208,34,174
"60QB001711",164,22,142
"60QB001712",70,9,61
"60QB001713",290,25,265
"60QB001714",225,22,203
"60QB001715",138,20,118
"60QB001716",502,98,404
"60QB001717",100,29,71
"60QB001718",50,22,28
"60QB001719",171,36,135
"60QB001720",134,13,121
"60QB001721",328,42,286
"60QB001722",67,11,56
"60QB001723",137,9,128
"60QB001724",109,16,93
"60QB001725",291,68,223
"60QB001726",203,2,201
"60QB001727",86,4,82
"60QB001728",96,3,93
"60QB001729",119,16,103
"60QB001730",177,11,166
"60QB001731",76,23,53
"60QB001732",107,17,90
"60QB001733",113,10,103
"60QB001734",134,18,116
"60QB001735",95,8,87
"60QB001736",189,12,177
"60QB001737",130,5,125
"60QB001738",163,15,148
"60QB001739",121,9,112
"60QB001740",126,11,115
"60QB001741",156,16,140
"60QB001742",106,11,95
"60QB001743",181,11,170
"60QB001744",121,9,112
"60QB001745",118,5,113
"60QB001746",124,14,110
"60QB001747",95,12,83
"60QB001748",355,47,308
"60QB001749",81,21,60
"60QB001750",134,19,115
"60QB001751",101,11,90
"60QB001752",140,9,131
"60QB001753",115,12,103
"60QB001754",104,11,93
"60QB001755",104,13,91
"60QB001756",120,18,102
"60QB001757",98,11,87
"60QB001758",115,36,79
"60QC000001",51,7,44
"60QC000002",61,10,51
"60QC000003",201,28,173
"60QC000004",164,13,151
"60QC000005",109,20,89
"60QC000006",187,32,155
"60QC000007",133,15,118
"60QC000008",141,13,128
"60QC000009",95,13,82
"60QC000010",163,23,140
"60QC000011",86,8,78
"60QC000012",82,18,64
"60QC000013",99,17,82
"60QC000014",168,16,152
"60QC000015",132,18,114
"60QC000016",61,10,51
"60QC000017",157,26,131
"60QC000018",189,34,155
"60QC000019",172,32,140
"60QC000020",151,11,140
"60QC000021",99,12,87
"60QC000022",141,24,117
"60QC000023",56,11,45
"60QC000024",114,14,100
"60QC000025",105,16,89
"60QC000026",115,26,89
"60QC000027",149,18,131
"60QC000028",89,14,75
"60QC000029",90,16,74
"60QC000030",111,20,91
"60QC000031",113,17,96
"60QC000032",101,10,91
"60QC000033",151,22,129
"60QC000034",89,12,77
"60QC000035",100,11,89
"60QC000036",120,15,105
"60QC000037",87,11,76
"60QC000038",66,15,51
"60QC000039",103,16,87
"60QC000040",113,20,93
"60QC000041",117,19,98
"60QC000042",107,9,98
"60QC000043",159,17,142
"60QC000044",92,14,78
"60QC000045",113,21,92
"60QC000046",125,22,103
"60QC000047",223,39,184
"60QC000048",88,10,78
"60QC000049",81,12,69
"60QC000050",86,17,69
"60QC000051",102,17,85
"60QC000052",58,7,51
"60QC000053",155,26,129
"60QC000054",160,22,138
"60QC000055",190,29,161
"60QC000056",126,24,102
"60QC000057",71,7,64
"60QC000058",155,35,120
"60QC000059",141,27,114
"60QC000060",151,22,129
"60QC000061",75,22,53
"60QC000062",75,13,62
"60QC000063",76,8,68
"60QC000064",85,7,78
"60QC000065",88,14,74
"60QC000066",105,16,89
"60QC000067",166,20,146
"60QC000068",95,27,68
"60QC000069",86,8,78
"60QC000070",128,14,114
"60QC000071",136,18,118
"60QC000072",132,69,63
"60QC000073",98,7,91
"60QC000074",112,14,98
"60QC000075",106,13,93
"60QC000076",132,11,121
"60QC000077",200,16,184
"60QC000078",134,28,106
"60QC000079",60,6,54
"60QC000080",118,23,95
"60QC000081",87,12,75
"60QC000082",200,23,177
"60QC000083",118,27,91
"60QC000084",114,15,99
"60QC000085",103,20,83
"60QC000086",80,17,63
"60QC000087",149,24,125
"60QC000088",491,31,460
"60QC000089",68,17,51
"60QC000090",139,16,123
"60QC000091",149,27,122
"60QC000092",83,12,71
"60QC000093",114,9,105
"60QC000094",56,7,49
"60QC000095",108,13,95
"60QC000096",210,48,162
"60QC000097",83,16,67
"60QC000098",100,20,80
"60QC000099",172,26,146
"60QC000100",121,25,96
"60QC000101",126,22,104
"60QC000102",73,2,71
"60QC000103",77,10,67
"60QC000104",78,18,60
"60QC000105",133,6,127
"60QC000106",192,20,172
"60QC000107",55,5,50
"60QC000108",107,20,87
"60QC000109",108,11,97
"60QC000110",133,18,115
"60QC000111",105,23,82
"60QC000112",105,15,90
"60QC000113",157,94,63
"60QC000114",90,14,76
"60QC000115",173,28,145
"60QC000116",89,18,71
"60QC000117",65,1,64
"60QC000118",132,39,93
"60QC000119",87,7,80
"60QC000120",126,20,106
"60QC000121",121,13,108
"60QC000122",83,40,43
"60QC000123",117,23,94
"60QC000124",94,23,71
"60QC000125",107,17,90
"60QC000126",113,20,93
"60QC000127",103,19,84
"60QC000128",139,19,120
"60QC000129",187,20,167
"60QC000130",134,28,106
"60QC000131",135,23,112
"60QC000132",77,23,54
"60QC000133",128,15,113
"60QC000134",162,20,142
"60QC000135",165,17,148
"60QC000136",96,17,79
"60QC000137",107,15,92
"60QC000138",128,21,107
"60QC000139",183,20,163
"60QC000140",151,14,137
"60QC000141",111,21,90
"60QC000142",172,20,152
"60QC000143",134,18,116
"60QC000144",119,16,103
"60QC000145",231,131,100
"60QC000146",120,15,105
"60QC000147",64,25,39
"60QC000148",135,15,120
"60QC000149",102,48,54
"60QC000150",101,44,57
"60QC000151",62,34,28
"60QC000152",133,13,120
"60QC000153",120,18,102
"60QC000154",115,17,98
"60QC000155",160,14,146
"60QC000156",113,27,86
"60QC000157",125,29,96
"60QC000158",86,43,43
"60QC000159",91,16,75
"60QC000160",124,17,107
"60QC000161",163,19,144
"60QC000162",105,40,65
"60QC000163",112,12,100
"60QC000164",91,20,71
"60QC000165",163,44,119
"60QC000166",141,34,107
"60QC000167",79,20,59
"60QC000168",88,23,65
"60QC000169",77,16,61
"60QC000170",77,37,40
"60QC000171",132,21,111
"60QC000172",142,22,120
"60QC000173",150,22,128
"60QC000174",75,23,52
"60QC000175",145,22,123
"60QC000176",137,20,117
"60QC000177",141,25,116
"60QC000178",153,18,135
"60QC000179",205,23,182
"60QC000180",134,9,125
"60QC000181",192,21,171
"60QC000182",105,14,91
"60QC000183",181,15,166
"60QC000184",184,22,162
"60QC000185",87,16,71
"60QC000186",119,21,98
"60QC000187",113,21,92
"60QC000188",92,25,67
"60QC000189",106,17,89
"60QC000190",129,19,110
"60QC000191",131,22,109
"60QC000192",107,17,90
"60QC000193",169,18,151
"60QC000194",96,17,79
"60QC000195",160,37,123
"60QC000196",146,26,120
"60QC000197",75,14,61
"60QC000198",138,17,121
"60QC000199",127,18,109
"60QC000200",77,15,62
"60QC000201",141,11,130
"60QC000202",114,7,107
"60QC000203",88,23,65
"60QC000204",90,22,68
"60QC000205",132,19,113
"60QC000206",137,18,119
"60QC000207",97,9,88
"60QC000208",96,16,80
"60QC000209",109,17,92
"60QC000210",98,15,83
"60QC000211",109,21,88
"60QC000212",108,29,79
"60QC000213",86,30,56
"60QC000214",95,21,74
"60QC000215",85,23,62
"60QC000216",99,29,70
"60QC000217",126,27,99
"60QC000218",148,29,119
"60QC000219",117,7,110
"60QC000220",162,33,129
"60QC000221",99,16,83
"60QC000222",122,24,98
"60QC000223",131,31,100
"60QC000224",135,22,113
"60QC000225",99,24,75
"60QC000226",77,12,65
"60QC000227",107,21,86
"60QC000228",98,35,63
"60QC000229",88,16,72
"60QC000230",130,14,116
"60QC000231",122,22,100
"60QC000232",100,29,71
"60QC000233",76,20,56
"60QC000234",76,22,54
"60QC000235",92,31,61
"60QC000236",82,23,59
"60QC000237",110,21,89
"60QC000238",72,12,60
"60QC000239",139,18,121
"60QC000240",141,19,122
"60QC000241",80,13,67
"60QC000242",128,18,110
"60QC000243",122,19,103
"60QC000244",170,21,149
"60QC000245",109,29,80
"60QC000246",99,27,72
"60QC000247",202,79,123
"60QC000248",117,21,96
"60QC000249",101,25,76
"60QC000250",98,14,84
"60QC000251",107,23,84
"60QC000252",97,46,51
"60QC000253",57,13,44
"60QC000254",80,14,66
"60QC000255",62,17,45
"60QC000256",79,26,53
"60QC000257",100,20,80
"60QC000258",83,14,69
"60QC000259",89,10,79
"60QC000260",66,16,50
"60QC000261",70,15,55
"60QC000262",130,20,110
"60QC000263",76,24,52
"60QC000264",119,38,81
"60QC000265",83,13,70
"60QC000266",117,28,89
"60QC000267",112,53,59
"60QC000268",106,23,83
"60QC000269",67,40,27
"60QC000270",75,12,63
"60QC000271",94,27,67
"60QC000272",107,45,62
"60QC000273",94,12,82
"60QC000274",69,15,54
"60QC000275",72,11,61
"60QC000276",76,37,39
"60QC000277",142,20,122
"60QC000278",130,28,102
"60QC000279",108,20,88
"60QC000280",105,30,75
"60QC000281",139,17,122
"60QC000282",76,24,52
"60QC000283",155,36,119
"60QC000284",108,24,84
"60QC000285",123,24,99
"60QC000286",158,30,128
"60QC000287",139,23,116
"60QC000288",97,11,86
"60QC000289",122,27,95
"60QC000290",62,12,50
"60QC000291",80,19,61
"60QC000292",56,15,41
"60QC000293",89,10,79
"60QC000294",121,39,82
"60QC000295",139,53,86
"60QC000296",136,24,112
"60QC000297",100,11,89
"60QC000298",163,15,148
"60QC000299",110,22,88
"60QC000300",119,21,98
"60QC000301",101,15,86
"60QC000302",138,19,119
"60QC000303",126,15,111
"60QC000304",130,17,113
"60QC000305",106,17,89
"60QC000306",96,24,72
"60QC000307",84,31,53
"60QC000308",117,21,96
"60QC000309",94,35,59
"60QC000310",119,28,91
"60QC000311",139,22,117
"60QC000312",96,28,68
"60QC000313",90,25,65
"60QC000314",124,18,106
"60QC000315",104,15,89
"60QC000316",128,31,97
"60QC000317",135,16,119
"60QC000318",108,17,91
"60QC000319",85,18,67
"60QC000320",176,31,145
"60QC000321",111,16,95
"60QC000322",252,34,218
"60QC000323",146,31,115
"60QC000324",129,21,108
"60QC000325",108,17,91
"60QC000326",74,26,48
"60QC000327",142,23,119
"60QC000328",72,36,36
"60QC000329",66,5,61
"60QC000330",151,31,120
"60QC000331",69,20,49
"60QC000332",102,10,92
"60QC000333",120,21,99
"60QC000334",92,21,71
"60QC000335",76,10,66
"60QC000336",54,11,43
"60QC000337",134,26,108
"60QC000338",123,34,89
"60QC000339",86,24,62
"60QC000340",78,22,56
"60QC000341",144,28,116
"60QC000342",85,34,51
"60QC000343",134,27,107
"60QC000344",162,27,135
"60QC000345",111,14,97
"60QC000346",85,17,68
"60QC000347",111,20,91
"60QC000348",83,28,55
"60QC000349",132,31,101
"60QC000350",98,25,73
"60QC000351",142,23,119
"60QC000352",159,39,120
"60QC000353",129,27,102
"60QC000354",73,19,54
"60QC000355",104,26,78
"60QC000356",84,21,63
"60QC000357",119,30,89
"60QC000358",51,9,42
"60QC000359",244,15,229
"60QC000360",172,24,148
"60QC000361",204,29,175
"60QC000362",208,28,180
"60QC000363",98,16,82
"60QC000364",182,28,154
"60QC000365",133,32,101
"60QC000366",160,25,135
"60QC000367",114,14,100
"60QC000368",107,36,71
"60QC000369",189,19,170
"60QC000370",145,25,120
"60QC000371",184,25,159
"60QC000372",161,30,131
"60QC000373",120,21,99
"60QC000374",92,27,65
"60QC000375",133,56,77
"60QC000376",146,33,113
"60QC000377",107,22,85
"60QC000378",145,35,110
"60QC000379",110,21,89
"60QC000380",122,24,98
"60QC000381",81,18,63
"60QC000382",66,10,56
"60QC000383",136,24,112
"60QC000384",165,39,126
"60QC000385",132,25,107
"60QC000386",168,31,137
"60QC000387",113,18,95
"60QC000388",165,31,134
"60QC000389",100,28,72
"60QC000390",116,28,88
"60QC000391",118,25,93
"60QC000392",104,28,76
"60QC000393",51,17,34
"60QC000394",70,23,47
"60QC000395",115,24,91
"60QC000396",127,32,95
"60QC000397",141,25,116
"60QC000398",122,14,108
"60QC000399",107,26,81
"60QC000400",165,22,143
"60QC000401",106,22,84
"60QC000402",111,18,93
"60QC000403",121,20,101
"60QC000404",66,23,43
"60QC000405",164,57,107
"60QC000406",135,28,107
"60QC000407",138,23,115
"60QC000408",126,17,109
"60QC000409",159,24,135
"60QC000410",173,33,140
"60QC000411",176,32,144
"60QC000412",119,10,109
"60QC000413",108,14,94
"60QC000414",125,13,112
"60QC000415",52,11,41
"60QC000416",104,20,84
"60QC000417",134,28,106
"60QC000418",130,19,111
"60QC000419",81,14,67
"60QC000420",132,28,104
"60QC000421",162,28,134
"60QC000422",114,21,93
"60QC000423",165,18,147
"60QC000424",71,7,64
"60QC000425",108,7,101
"60QC000426",81,8,73
"60QC000427",195,25,170
"60QC000428",233,55,178
"60QC000429",176,51,125
"60QC000430",136,35,101
"60QC000431",129,28,101
"60QC000432",111,35,76
"60QC000433",56,10,46
"60QC000434",53,33,20
"60QC000435",65,13,52
"60QC000436",160,34,126
"60QC000437",152,35,117
"60QC000438",170,18,152
"60QC000439",115,24,91
"60QC000440",57,7,50
"60QC000441",142,40,102
"60QC000442",156,26,130
"60QC000443",174,35,139
"60QC000444",129,25,104
"60QC000445",96,19,77
"60QC000446",125,36,89
"60QC000447",123,18,105
"60QC000448",197,30,167
"60QC000449",80,18,62
"60QC000450",109,21,88
"60QC000451",183,32,151
"60QC000452",166,24,142
"60QC000453",84,14,70
"60QC000454",86,10,76
"60QC000455",63,6,57
"60QC000456",61,10,51
"60QC000457",184,39,145
"60QC000458",83,33,50
"60QC000459",79,17,62
"60QC000460",51,6,45
"60QC000461",112,15,97
"60QC000462",105,20,85
"60QC000463",97,7,90
"60QC000464",65,4,61
"60QC000465",103,39,64
"60QC000466",95,39,56
"60QC000467",121,20,101
"60QC000468",126,18,108
"60QC000469",121,14,107
"60QC000470",130,39,91
"60QC000471",116,38,78
"60QC000472",116,20,96
"60QC000473",87,16,71
"60QC000474",100,46,54
"60QC000475",100,22,78
"60QC000476",163,46,117
"60QC000477",187,38,149
"60QC000478",101,27,74
"60QC000479",165,29,136
"60QC000480",111,22,89
"60QC000481",133,22,111
"60QC000482",111,12,99
"60QC000483",132,21,111
"60QC000484",108,25,83
"60QC000485",168,71,97
"60QC000486",77,14,63
"60QC000487",65,18,47
"60QC000488",81,12,69
"60QC000489",83,21,62
"60QC000490",63,21,42
"60QC000491",128,10,118
"60QC000492",64,16,48
"60QC000493",81,17,64
"60QC000494",157,41,116
"60QC000495",150,23,127
"60QC000496",108,5,103
"60QC000497",113,30,83
"60QC000498",81,26,55
"60QC000499",146,43,103
"60QC000500",123,25,98
"60QC000501",105,28,77
"60QC000502",99,17,82
"60QC000503",113,23,90
"60QC000504",124,28,96
"60QC000505",97,20,77
"60QC000506",130,30,100
"60QC000507",104,24,80
"60QC000508",85,25,60
"60QC000509",55,7,48
"60QC000510",117,18,99
"60QC000511",176,60,116
"60QC000512",61,17,44
"60QC000513",122,21,101
"60QC000514",115,18,97
"60QC000515",64,25,39
"60QC000516",94,17,77
"60QC000517",92,14,78
"60QC000518",138,18,120
"60QC000519",97,8,89
"60QC000520",129,21,108
"60QC000521",128,32,96
"60QC000522",104,16,88
"60QC000523",132,19,113
"60QC000524",112,15,97
"60QC000525",129,19,110
"60QC000526",148,24,124
"60QC000527",157,21,136
"60QC000528",77,10,67
"60QC000529",105,13,92
"60QC000530",92,13,79
"60QC000531",102,34,68
"60QC000532",87,19,68
"60QC000533",118,33,85
"60QC000534",85,20,65
"60QC000535",180,25,155
"60QC000536",155,33,122
"60QC000537",129,25,104
"60QC000538",108,25,83
"60QC000539",102,22,80
"60QC000540",157,27,130
"60QC000541",113,25,88
"60QC000542",145,20,125
"60QC000543",96,17,79
"60QC000544",108,20,88
"60QC000545",147,31,116
"60QC000546",77,34,43
"60QC000547",86,10,76
"60QC000548",120,21,99
"60QC000549",95,7,88
"60QC000550",150,17,133
"60QC000551",70,13,57
"60QC000552",103,25,78
"60QC000553",85,7,78
"60QC000554",136,29,107
"60QC000555",75,10,65
"60QC000556",61,8,53
"60QC000557",65,11,54
"60QC000558",100,11,89
"60QC000559",95,20,75
"60QC000560",63,13,50
"60QC000561",66,20,46
"60QC000562",89,17,72
"60QC000563",96,11,85
"60QC000564",99,16,83
"60QC000565",61,35,26
"60QC000566",110,16,94
"60QC000567",118,26,92
"60QC000568",107,27,80
"60QC000569",125,20,105
"60QC000570",81,24,57
"60QC000571",138,36,102
"60QC000572",86,15,71
"60QC000573",71,8,63
"60QC000574",183,39,144
"60QC000575",52,5,47
"60QC000576",102,19,83
"60QC000577",181,45,136
"60QC000578",87,19,68
"60QC000579",98,23,75
"60QC000580",134,26,108
"60QC000581",97,21,76
"60QC000582",100,15,85
"60QC000583",92,14,78
"60QC000584",95,29,66
"60QC000585",101,18,83
"60QC000586",53,5,48
"60QC000587",105,11,94
"60QC000588",57,11,46
"60QC000589",95,15,80
"60QC000590",112,17,95
"60QC000591",137,20,117
"60QC000592",61,25,36
"60QC000593",75,26,49
"60QC000594",65,27,38
"60QC000595",98,26,72
"60QC000596",102,31,71
"60QC000597",91,27,64
"60QC000598",72,16,56
"60QC000599",103,23,80
"60QC000600",147,23,124
"60QC000601",95,18,77
"60QC000602",173,52,121
"60QC000603",186,25,161
"60QC000604",165,29,136
"60QC000605",99,27,72
"60QC000606",136,23,113
"60QC000607",94,38,56
"60QC000608",146,18,128
"60QC000609",102,12,90
"60QC000610",109,10,99
"60QC000611",118,20,98
"60QC000612",118,19,99
"60QC000613",107,16,91
"60QC000614",102,19,83
"60QC000615",135,16,119
"60QC000616",183,31,152
"60QC000617",136,18,118
"60QC000618",173,30,143
"60QC000619",125,16,109
"60QC000620",101,20,81
"60QC000621",139,32,107
"60QC000622",144,25,119
"60QC000623",114,33,81
"60QC000624",160,15,145
"60QC000625",154,39,115
"60QC000626",96,15,81
"60QC000627",202,27,175
"60QC000628",219,30,189
"60QC000629",94,18,76
"60QC000630",136,11,125
"60QC000631",122,15,107
"60QC000632",60,24,36
"60QC000633",63,26,37
"60QC000634",91,23,68
"60QC000635",99,21,78
"60QC000636",120,17,103
"60QC000637",124,31,93
"60QC000638",130,18,112
"60QC000639",97,10,87
"60QC000640",97,18,79
"60QC000641",111,15,96
"60QC000642",129,22,107
"60QC000643",136,28,108
"60QC000644",70,28,42
"60QC000645",122,16,106
"60QC000646",144,33,111
"60QC000647",151,54,97
"60QC000648",139,19,120
"60QC000649",124,22,102
"60QC000650",215,26,189
"60QC000651",57,27,30
"60QC000652",94,22,72
"60QC000653",146,20,126
"60QC000654",191,22,169
"60QC000655",112,20,92
"60QC000656",88,17,71
"60QC000657",132,22,110
"60QC000658",99,15,84
"60QC000659",135,14,121
"60QC000660",100,20,80
"60QC000661",120,35,85
"60QC000662",97,16,81
"60QC000663",127,9,118
"60QC000664",143,25,118
"60QC000665",73,15,58
"60QC000666",59,11,48
"60QC000667",158,36,122
"60QC000668",93,19,74
"60QC000669",61,11,50
"60QC000670",91,24,67
"60QC000671",66,21,45
"60QC000672",140,13,127
"60QC000673",115,28,87
"60QC000674",87,19,68
"60QC000675",132,18,114
"60QC000676",164,32,132
"60QC000677",131,30,101
"60QC000678",134,18,116
"60QC000679",90,18,72
"60QC000680",197,71,126
"60QC000681",76,15,61
"60QC000682",118,19,99
"60QC000683",148,23,125
"60QC000684",146,26,120
"60QC000685",137,35,102
"60QC000686",83,28,55
"60QC000687",111,20,91
"60QC000688",166,49,117
"60QC000689",75,2,73
"60QC000690",98,14,84
"60QC000691",106,12,94
"60QC000692",98,24,74
"60QC000693",91,22,69
"60QC000694",88,19,69
"60QC000695",129,24,105
"60QC000696",106,10,96
"60QC000697",71,12,59
"60QC000698",120,25,95
"60QC000699",137,16,121
"60QC000700",167,22,145
"60QC000701",149,23,126
"60QC000702",153,18,135
"60QC000703",79,13,66
"60QC000704",144,30,114
"60QC000705",117,17,100
"60QC000706",64,7,57
"60QC000707",63,7,56
"60QC000708",116,49,67
"60QC000709",166,26,140
"60QC000710",93,16,77
"60QC000711",115,10,105
"60QC000712",132,19,113
"60QC000713",144,82,62
"60QC000714",125,25,100
"60QC000715",91,30,61
"60QC000716",172,46,126
"60QC000717",111,26,85
"60QC000718",170,15,155
"60QC000719",68,7,61
"60QC000720",109,23,86
"60QC000721",115,21,94
"60QC000722",195,27,168
"60QC000723",155,22,133
"60QC000724",161,32,129
"60QC000725",54,10,44
"60QC000726",115,40,75
"60QC000727",61,4,57
"60QC000728",145,17,128
"60QC000729",110,49,61
"60QC000730",65,10,55
"60QC000731",84,21,63
"60QC000732",95,8,87
"60QC000733",94,18,76
"60QC000734",92,18,74
"60QC000735",82,12,70
"60QC000736",134,18,116
"60QC000737",117,25,92
"60QC000738",124,21,103
"60QC000739",209,29,180
"60QC000740",178,25,153
"60QC000741",99,12,87
"60QC000742",86,31,55
"60QC000743",151,12,139
"60QC000744",54,6,48
"60QC000745",100,24,76
"60QC000746",89,19,70
"60QC000747",133,14,119
"60QC000748",96,20,76
"60QC000749",97,18,79
"60QC000750",59,11,48
"60QC000751",85,13,72
"60QC000752",67,12,55
"60QC000753",97,17,80
"60QC000754",75,13,62
"60QC000755",111,17,94
"60QC000756",101,15,86
"60QC000757",177,25,152
"60QC000758",51,4,47
"60QC000759",82,24,58
"60QC000760",69,10,59
"60QC000761",87,14,73
"60QC000762",63,5,58
"60QC000763",57,11,46
"60QC000764",60,6,54
"60QC000765",107,15,92
"60QC000766",88,26,62
"60QC000767",58,15,43
"60QC000768",130,45,85
"60QC000769",91,10,81
"60QC000770",157,17,140
"60QC000771",82,18,64
"60QC000772",104,21,83
"60QC000773",53,11,42
"60QC000774",104,35,69
"60QC000775",177,26,151
"60QC000776",96,10,86
"60QC000777",51,9,42
"60QC000778",246,25,221
"60QC000779",153,30,123
"60QC000780",77,14,63
"60QC000781",51,9,42
"60QC000782",198,13,185
"60QC000783",73,9,64
"60QC000784",129,9,120
"60QC000785",89,19,70
"60QC000786",72,16,56
"60QC000787",208,28,180
"60QC000788",95,8,87
"60QC000789",104,20,84
"60QC000790",111,14,97
"60QC000791",276,39,237
"60QC000792",119,27,92
"60QC000793",81,11,70
"60QC000794",137,32,105
"60QC000795",68,11,57
"60QC000796",129,9,120
"60QC000797",100,12,88
"60QC000798",91,15,76
"60QC000799",122,15,107
"60QC000800",149,27,122
"60QC000801",144,22,122
"60QC000802",92,15,77
"60QC000803",106,14,92
"60QC000804",130,15,115
"60QC000805",108,22,86
"60QC000806",105,15,90
"60QC000807",143,9,134
"60QC000808",92,13,79
"60QC000809",87,13,74
"60QC000810",138,31,107
"60QC000811",111,16,95
"60QC000812",133,18,115
"60QC000813",192,27,165
"60QC000814",82,14,68
"60QC000815",147,13,134
"60QC000816",76,5,71
"60QC000817",142,12,130
"60QC000818",160,10,150
"60QC000819",133,18,115
"60QC000820",165,7,158
"60QC000821",85,14,71
"60QC000822",112,24,88
"60QC000823",134,21,113
"60QC000824",143,20,123
"60QC000825",101,17,84
"60QC000826",125,6,119
"60QC000827",151,14,137
"60QC000828",80,10,70
"60QC000829",56,1,55
"60QC000830",221,27,194
"60QC000831",78,16,62
"60QC000832",129,24,105
"60QC000833",156,33,123
"60QC000834",146,19,127
"60QC000835",204,18,186
"60QC000836",114,9,105
"60QC000837",64,4,60
"60QC000838",146,8,138
"60QC000839",112,18,94
"60QC000840",73,15,58
"60QC000841",123,45,78
"60QC000842",123,47,76
"60QC000843",68,17,51
"60QC000844",108,19,89
"60QC000845",215,47,168
"60QC000846",119,22,97
"60QC000847",67,13,54
"60QC000848",135,23,112
"60QC000849",59,16,43
"60QC000850",150,79,71
"60QC000851",198,9,189
"60QC000852",127,16,111
"60QC000853",84,17,67
"60QC000854",80,21,59
"60QC000855",84,16,68
"60QC000856",163,20,143
"60QC000857",187,28,159
"60QC000858",96,16,80
"60QC000859",158,26,132
"60QC000860",130,24,106
"60QC000861",77,38,39
"60QC000862",105,13,92
"60QC000863",54,44,10
"60QC000864",169,25,144
"60QC000865",65,10,55
"60QC000866",212,48,164
"60QC000867",140,45,95
"60QC000868",134,15,119
"60QC000869",53,3,50
"60QC000870",177,23,154
"60QC000871",63,13,50
"60QC000872",71,12,59
"60QC000873",60,38,22
"60QC000874",60,12,48
"60QC000875",118,17,101
"60QC000876",107,23,84
"60QC000877",98,25,73
"60QC000878",76,10,66
"60QC000879",102,14,88
"60QC000880",175,25,150
"60QC000881",80,6,74
"60QC000882",75,52,23
"60QC000883",69,20,49
"60QC000884",74,13,61
"60QC000885",101,17,84
"60QC000886",136,16,120
"60QC000887",141,23,118
"60QC000888",159,19,140
"60QC000889",110,12,98
"60QC000890",62,13,49
"60QC000891",187,42,145
"60QC000892",60,29,31
"60QC000893",81,24,57
"60QC000894",88,29,59
"60QC000895",76,9,67
"60QC000896",153,72,81
"60QC000897",70,10,60
"60QC000898",181,24,157
"60QC000899",59,6,53
"60QC000900",134,21,113
"60QC000901",77,31,46
"60QC000902",106,30,76
"60QC000903",57,13,44
"60QC000904",137,17,120
"60QC000905",82,21,61
"60QC000906",54,21,33
"60QC000907",129,25,104
"60QC000908",56,16,40
"60QC000909",174,20,154
"60QC000910",108,20,88
"60QC000911",90,20,70
"60QC000912",181,52,129
"60QC000913",112,20,92
"60QC000914",127,14,113
"60QC000915",82,28,54
"60QC000916",468,67,401
"60QC000917",154,8,146
"60QC000918",111,16,95
"60QC000919",163,6,157
"60QC000920",137,19,118
"60QC000921",289,43,246
"60QC000922",121,17,104
"60QC000923",122,18,104
"60QC000924",158,14,144
"60QC000925",144,16,128
"60QC000926",103,8,95
"60QC000927",129,5,124
"60QC000928",196,6,190
"60QC000929",96,18,78
"60QC000930",118,9,109
"60QC000931",115,24,91
"60QD000001",53,10,43
"60QD000002",167,26,141
"60QD000003",54,15,39
"60QD000004",89,9,80
"60QD000005",134,17,117
"60QD000006",128,35,93
"60QD000007",101,27,74
"60QD000008",67,21,46
"60QD000009",128,21,107
"60QD000010",61,13,48
"60QD000011",51,10,41
"60QD000012",105,21,84
"60QD000013",63,23,40
"60QD000014",144,40,104
"60QD000015",109,26,83
"60QD000016",188,33,155
"60QD000017",73,21,52
"60QD000018",59,9,50
"60QD000019",120,31,89
"60QD000020",74,23,51
"60QD000021",106,34,72
"60QD000022",192,37,155
"60QD000023",139,40,99
"60QD000024",130,30,100
"60QD000025",61,22,39
"60QD000026",135,41,94
"60QD000027",58,6,52
"60QD000028",159,45,114
"60QD000029",103,24,79
"60QD000030",135,41,94
"60QD000031",71,9,62
"60QD000032",96,27,69
"60QD000033",153,23,130
"60QD000034",97,23,74
"60QD000035",160,35,125
"60QD000036",56,17,39
"60QD000037",106,22,84
"60QD000038",141,49,92
"60QD000039",110,20,90
"60QD000040",81,12,69
"60QD000041",128,25,103
"60QD000042",129,27,102
"60QD000043",103,13,90
"60QD000044",55,13,42
"60QD000045",105,18,87
"60QD000046",123,38,85
"60QD000047",149,30,119
"60QD000048",69,17,52
"60QD000049",112,17,95
"60QD000050",132,21,111
"60QD000051",77,25,52
"60QD000052",191,46,145
"60QD000053",112,25,87
"60QD000054",180,37,143
"60QD000055",70,12,58
"60QD000056",77,10,67
"60QD000057",80,15,65
"60QD000058",153,12,141
"60QD000059",160,25,135
"60QD000060",123,21,102
"60QD000061",127,22,105
"60QD000062",238,47,191
"60QD000063",134,21,113
"60QD000064",164,29,135
"60QD000065",108,14,94
"60QD000066",120,23,97
"60QD000067",186,36,150
"60QD000068",179,38,141
"60QD000069",184,22,162
"60QD000070",81,28,53
"60QD000071",122,16,106
"60QD000072",105,17,88
"60QD000073",136,23,113
"60QD000074",93,15,78
"60QD000075",115,25,90
"60QD000076",114,16,98
"60QD000077",144,23,121
"60QD000078",112,20,92
"60QD000079",105,15,90
"60QD000080",98,25,73
"60QD000081",125,20,105
"60QD000082",144,18,126
"60QD000083",167,33,134
"60QD000084",95,24,71
"60QD000085",130,23,107
"60QD000086",99,17,82
"60QD000087",77,14,63
"60QD000088",130,24,106
"60QD000089",72,13,59
"60QD000090",91,15,76
"60QD000091",145,34,111
"60QD000092",103,18,85
"60QD000093",173,30,143
"60QD000094",101,17,84
"60QD000095",123,13,110
"60QD000096",116,21,95
"60QD000097",191,53,138
"60QD000098",167,30,137
"60QD000099",89,21,68
"60QD000100",138,19,119
"60QD000101",110,16,94
"60QD000102",185,33,152
"60QD000103",96,28,68
"60QD000104",92,16,76
"60QD000105",71,9,62
"60QD000106",124,18,106
"60QD000107",69,14,55
"60QD000108",99,15,84
"60QD000109",134,21,113
"60QD000110",125,19,106
"60QD000111",85,24,61
"60QD000112",83,34,49
"60QD000113",144,33,111
"60QD000114",71,14,57
"60QD000115",117,17,100
"60QD000116",78,24,54
"60QD000117",136,28,108
"60QD000118",84,21,63
"60QD000119",90,24,66
"60QD000120",130,14,116
"60QD000121",56,13,43
"60QD000122",66,18,48
"60QD000123",79,15,64
"60QD000124",125,12,113
"60QD000125",68,17,51
"60QD000126",69,10,59
"60QD000127",87,13,74
"60QD000128",66,16,50
"60QD000129",119,18,101
"60QD000130",160,26,134
"60QD000131",52,28,24
"60QD000132",54,19,35
"60QD000133",95,20,75
"60QD000134",81,21,60
"60QD000135",83,15,68
"60QD000136",67,11,56
"60QD000137",91,11,80
"60QD000138",130,11,119
"60QD000139",53,6,47
"60QD000140",129,20,109
"60QD000141",99,14,85
"60QD000142",102,14,88
"60QD000143",103,12,91
"60QD000144",126,18,108
"60QD000145",115,16,99
"60QD000146",85,9,76
"60QD000147",119,30,89
"60QD000148",159,20,139
"60QD000149",76,17,59
"60QD000150",70,5,65
"60QD000151",81,11,70
"60QD000152",154,23,131
"60QD000153",76,12,64
"60QD000154",123,22,101
"60QD000155",157,37,120
"60QD000156",202,45,157
"60QD000157",186,42,144
"60QD000158",86,33,53
"60QD000159",68,17,51
"60QD000160",73,27,46
"60QD000161",124,19,105
"60QD000162",165,37,128
"60QD000163",117,21,96
"60QD000164",106,26,80
"60QD000165",129,29,100
"60QD000166",99,18,81
"60QD000167",91,20,71
"60QD000168",82,16,66
"60QD000169",74,26,48
"60QD000170",123,12,111
"60QD000171",71,15,56
"60QD000172",80,20,60
"60QD000173",74,17,57
"60QD000174",134,25,109
"60QD000175",131,31,100
"60QD000176",147,30,117
"60QD000177",157,39,118
"60QD000178",99,21,78
"60QD000179",109,25,84
"60QD000180",170,25,145
"60QD000181",104,31,73
"60QD000182",85,20,65
"60QD000183",103,24,79
"60QD000184",74,19,55
"60QD000185",127,24,103
"60QD000186",101,15,86
"60QD000187",109,19,90
"60QD000188",93,45,48
"60QD000189",70,21,49
"60QD000190",112,22,90
"60QD000191",52,8,44
"60QD000192",160,34,126
"60QD000193",166,24,142
"60QD000194",121,30,91
"60QD000195",113,26,87
"60QD000196",130,30,100
"60QD000197",132,32,100
"60QD000198",131,27,104
"60QD000199",59,21,38
"60QD000200",174,54,120
"60QD000201",124,26,98
"60QD000202",179,30,149
"60QD000203",108,42,66
"60QD000204",127,48,79
"60QD000205",188,39,149
"60QD000206",192,31,161
"60QD000207",91,28,63
"60QD000208",78,12,66
"60QD000209",130,13,117
"60QD000210",74,18,56
"60QD000211",119,24,95
"60QD000212",125,24,101
"60QD000213",71,51,20
"60QD000214",157,29,128
"60QD000215",78,27,51
"60QD000216",111,32,79
"60QD000217",119,18,101
"60QD000218",103,17,86
"60QD000219",112,9,103
"60QD000220",131,23,108
"60QD000221",103,23,80
"60QD000222",67,16,51
"60QD000223",143,29,114
"60QD000224",90,8,82
"60QD000225",135,42,93
"60QD000226",117,31,86
"60QD000227",126,45,81
"60QD000228",113,36,77
"60QD000229",61,16,45
"60QD000230",130,42,88
"60QD000231",70,26,44
"60QD000232",130,25,105
"60QD000233",124,36,88
"60QD000234",137,39,98
"60QD000235",136,26,110
"60QD000236",80,30,50
"60QD000237",51,19,32
"60QD000238",131,32,99
"60QD000239",125,43,82
"60QD000240",98,24,74
"60QD000241",90,21,69
"60QD000242",65,18,47
"60QD000243",86,24,62
"60QD000244",94,38,56
"60QD000245",98,19,79
"60QD000246",173,25,148
"60QD000247",117,26,91
"60QD000248",122,29,93
"60QD000249",148,23,125
"60QD000250",122,30,92
"60QD000251",94,22,72
"60QD000252",85,8,77
"60QD000253",107,16,91
"60QD000254",141,43,98
"60QD000255",86,29,57
"60QD000256",155,39,116
"60QD000257",118,31,87
"60QD000258",55,20,35
"60QD000259",84,25,59
"60QD000260",80,12,68
"60QD000261",55,13,42
"60QD000262",204,89,115
"60QD000263",103,25,78
"60QD000264",76,18,58
"60QD000265",129,20,109
"60QD000266",107,20,87
"60QD000267",108,27,81
"60QD000268",72,10,62
"60QD000269",101,16,85
"60QD000270",92,21,71
"60QD000271",77,25,52
"60QD000272",58,12,46
"60QD000273",62,21,41
"60QD000274",77,22,55
"60QD000275",62,13,49
"60QD000276",79,7,72
"60QD000277",75,8,67
"60QD000278",120,19,101
"60QD000279",175,28,147
"60QD000280",134,19,115
"60QD000281",131,31,100
"60QD000282",115,24,91
"60QD000283",76,29,47
"60QD000284",106,26,80
"60QD000285",125,42,83
"60QD000286",116,30,86
"60QD000287",116,31,85
"60QD000288",232,70,162
"60QD000289",166,35,131
"60QD000290",103,34,69
"60QD000291",186,50,136
"60QD000292",178,79,99
"60QD000293",86,24,62
"60QD000294",92,22,70
"60QD000295",85,22,63
"60QD000296",176,26,150
"60QD000297",108,28,80
"60QD000298",117,37,80
"60QD000299",99,25,74
"60QD000300",90,21,69
"60QD000301",111,45,66
"60QD000302",79,31,48
"60QD000303",77,32,45
"60QD000304",93,37,56
"60QD000305",124,29,95
"60QD000306",93,27,66
"60QD000307",83,17,66
"60QD000308",87,26,61
"60QD000309",99,20,79
"60QD000310",70,53,17
"60QD000311",108,40,68
"60QD000312",103,35,68
"60QD000313",128,32,96
"60QD000314",109,32,77
"60QD000315",86,29,57
"60QD000316",107,34,73
"60QD000317",80,31,49
"60QD000318",168,41,127
"60QD000319",112,34,78
"60QD000320",92,33,59
"60QD000321",141,27,114
"60QD000322",97,16,81
"60QD000323",111,35,76
"60QD000324",85,14,71
"60QD000325",136,38,98
"60QD000326",163,37,126
"60QD000327",87,33,54
"60QD000328",76,15,61
"60QD000329",123,40,83
"60QD000330",116,30,86
"60QD000331",124,29,95
"60QD000332",109,32,77
"60QD000333",171,26,145
"60QD000334",55,18,37
"60QD000335",129,18,111
"60QD000336",90,16,74
"60QD000337",85,28,57
"60QD000338",85,12,73
"60QD000339",121,12,109
"60QD000340",179,23,156
"60QD000341",98,14,84
"60QD000342",102,19,83
"60QD000343",134,23,111
"60QD000344",122,23,99
"60QD000345",127,33,94
"60QD000346",92,28,64
"60QD000347",114,24,90
"60QD000348",101,16,85
"60QD000349",101,12,89
"60QD000350",147,33,114
"60QD000351",98,19,79
"60QD000352",133,17,116
"60QD000353",86,13,73
"60QD000354",127,22,105
"60QD000355",72,11,61
"60QD000356",149,19,130
"60QD000357",77,15,62
"60QD000358",158,26,132
"60QD000359",159,30,129
"60QD000360",161,10,151
"60QD000361",170,7,163
"60QD000362",114,7,107
"60QD000363",226,24,202
"60QD000364",184,24,160
"60QD000365",134,16,118
"60QD000366",87,7,80
"60QD000367",75,16,59
"60QD000368",114,22,92
"60QD000369",79,23,56
"60QD000370",121,29,92
"60QD000371",119,25,94
"60QD000372",103,20,83
"60QD000373",94,14,80
"60QD000374",133,28,105
"60QD000375",137,35,102
"60QD000376",138,49,89
"60QD000377",58,18,40
"60QD000378",87,22,65
"60QD000379",84,21,63
"60QD000380",83,23,60
"60QD000381",69,12,57
"60QD000382",135,25,110
"60QD000383",140,30,110
"60QD000384",120,19,101
"60QD000385",116,39,77
"60QD000386",122,24,98
"60QD000387",120,26,94
"60QD000388",102,20,82
"60QD000389",145,22,123
"60QD000390",56,8,48
"60QD000391",111,11,100
"60QD000392",184,14,170
"60QD000393",54,4,50
"60QD000394",51,5,46
"60QD000395",93,26,67
"60QD000396",62,18,44
"60QD000397",110,14,96
"60QD000398",88,24,64
"60QD000399",82,8,74
"60QD000400",130,32,98
"60QD000401",125,34,91
"60QD000402",79,13,66
"60QD000403",151,24,127
"60QD000404",73,18,55
"60QD000405",82,20,62
"60QD000406",52,3,49
"60QD000407",112,24,88
"60QD000408",66,27,39
"60QD000409",96,22,74
"60QD000410",83,28,55
"60QD000411",136,28,108
"60QD000412",109,19,90
"60QD000413",131,23,108
"60QD000414",113,30,83
"60QD000415",129,21,108
"60QD000416",130,26,104
"60QD000417",91,40,51
"60QD000418",118,16,102
"60QD000419",122,30,92
"60QD000420",138,28,110
"60QD000421",145,11,134
"60QD000422",115,13,102
"60QD000423",117,37,80
"60QD000424",128,21,107
"60QD000425",105,19,86
"60QD000426",124,12,112
"60QD000427",142,53,89
"60QD000428",69,10,59
"60QD000429",109,23,86
"60QD000430",122,14,108
"60QD000431",99,15,84
"60QD000432",148,7,141
"60QD000433",180,16,164
"60QD000434",169,12,157
"60QD000435",147,11,136
"60QD000436",239,26,213
"60QD000437",181,22,159
"60QD000438",144,16,128
"60QD000439",150,14,136
"60QD000440",201,19,182
"60QD000441",124,4,120
"60QD000442",125,10,115
"60QD000443",186,20,166
"60QD000444",134,17,117
"60QD000445",116,17,99
"60QD000446",117,13,104
"60QD000447",223,26,197
"60QD000448",96,26,70
"60QD000449",77,12,65
"60QD000450",154,21,133
"60QD000451",139,15,124
"60QD000452",182,53,129
"60QD000453",204,44,160
"60QD000454",133,24,109
"60QD000455",59,16,43
"60QD000456",140,29,111
"60QD000457",120,14,106
"60QD000458",158,28,130
"60QD000459",125,19,106
"60QD000460",188,22,166
"60QD000461",157,30,127
"60QD000462",103,26,77
"60QD000463",131,22,109
"60QD000464",117,29,88
"60QD000465",171,30,141
"60QD000466",109,4,105
"60QD000467",128,10,118
"60QD000468",142,22,120
"60QD000469",115,22,93
"60QD000470",133,37,96
"60QD000471",93,18,75
"60QD000472",90,10,80
"60QD000473",67,15,52
"60QD000474",103,40,63
"60QD000475",152,19,133
"60QD000476",141,21,120
"60QD000477",216,28,188
"60QD000478",130,32,98
"60QD000479",141,36,105
"60QD000480",108,20,88
"60QD000481",164,38,126
"60QD000482",91,19,72
"60QD000483",140,20,120
"60QD000484",103,22,81
"60QD000485",52,14,38
"60QD000486",109,14,95
"60QD000487",142,41,101
"60QD000488",95,19,76
"60QD000489",110,32,78
"60QD000490",150,15,135
"60QD000491",150,35,115
"60QD000492",158,114,44
"60QD000493",112,11,101
"60QD000494",112,28,84
"60QD000495",137,27,110
"60QD000496",113,24,89
"60QD000497",173,42,131
"60QD000498",142,19,123
"60QD000499",137,32,105
"60QD000500",115,25,90
"60QD000501",149,12,137
"60QD000502",112,17,95
"60QD000503",143,9,134
"60QD000504",137,13,124
"60QD000505",127,20,107
"60QD000506",202,23,179
"60QD000507",126,32,94
"60QD000508",129,12,117
"60QD000509",86,8,78
"60QD000510",107,27,80
"60QD000511",95,26,69
"60QD000512",68,46,22
"60QD000513",114,33,81
"60QD000514",114,32,82
"60QD000515",105,14,91
"60QD000516",120,45,75
"60QD000517",113,24,89
"60QD000518",55,15,40
"60QD000519",117,24,93
"60QD000520",91,29,62
"60QD000521",95,33,62
"60QD000522",89,12,77
"60QD000523",192,25,167
"60QD000524",127,21,106
"60QD000525",236,18,218
"60QD000526",71,9,62
"60QD000527",62,7,55
"60QD000528",109,14,95
"60QD000529",132,26,106
"60QD000530",124,17,107
"60QD000531",137,22,115
"60QD000532",159,26,133
"60QD000533",153,16,137
"60QD000534",119,41,78
"60QD000535",120,18,102
"60QD000536",109,14,95
"60QD000537",95,19,76
"60QD000538",176,13,163
"60QD000539",102,19,83
"60QD000540",94,13,81
"60QD000541",133,25,108
"60QD000542",85,18,67
"60QD000543",197,32,165
"60QD000544",133,16,117
"60QD000545",192,47,145
"60QD000546",150,27,123
"60QD000547",169,38,131
"60QD000548",136,31,105
"60QD000549",192,35,157
"60QD000550",94,22,72
"60QD000551",150,26,124
"60QD000552",124,16,108
"60QD000553",54,5,49
"60QD000554",81,21,60
"60QD000555",199,31,168
"60QD000556",86,6,80
"60QD000557",67,23,44
"60QD000558",107,31,76
"60QD000559",117,19,98
"60QD000560",136,35,101
"60QD000561",173,40,133
"60QD000562",125,21,104
"60QD000563",141,26,115
"60QD000564",149,26,123
"60QD000565",78,18,60
"60QD000566",142,26,116
"60QD000567",101,16,85
"60QD000568",58,9,49
"60QD000569",167,35,132
"60QD000570",109,15,94
"60QD000571",164,29,135
"60QD000572",166,24,142
"60QD000573",146,42,104
"60QD000574",135,31,104
"60QD000575",140,18,122
"60QD000576",124,21,103
"60QD000577",109,22,87
"60QD000578",122,19,103
"60QD000579",134,29,105
"60QD000580",64,15,49
"60QD000581",113,26,87
"60QD000582",93,14,79
"60QD000583",63,18,45
"60QD000584",122,18,104
"60QD000585",113,16,97
"60QD000586",85,13,72
"60QD000587",90,18,72
"60QD000588",99,18,81
"60QD000589",70,9,61
"60QD000590",2357,56,2301
"60QD000591",115,26,89
"60QD000592",108,14,94
"60QD000593",129,33,96
"60QD000594",162,16,146
"60QD000595",67,15,52
"60QD000596",89,14,75
"60QD000597",53,13,40
"60QD000598",203,26,177
"60QD000599",83,59,24
"60QD000600",129,24,105
"60QD000601",63,15,48
"60QD000602",137,57,80
"60QD000603",79,26,53
"60QD000604",63,15,48
"60QD000605",57,12,45
"60QD000606",110,20,90
"60QD000607",84,15,69
"60QD000608",50,14,36
"60QD000609",65,13,52
"60QD000610",147,50,97
"60QD000611",60,11,49
"60QD000612",106,14,92
"60QD000613",70,15,55
"60QD000614",96,22,74
"60QD000615",60,16,44
"60QD000616",118,23,95
"60QD000617",58,22,36
"60QD000618",96,23,73
"60QD000619",89,24,65
"60QD000620",79,19,60
"60QD000621",108,29,79
"60QD000622",79,21,58
"60QD000623",74,13,61
"60QD000624",74,18,56
"60QD000625",137,17,120
"60QD000626",117,12,105
"60QD000627",53,17,36
"60QD000628",108,17,91
"60QD000629",117,20,97
"60QD000630",146,17,129
"60QD000631",102,6,96
"60QD000632",59,8,51
"60QD000633",56,4,52
"60QD000634",112,18,94
"60QD000635",158,3,155
"60QD000636",129,5,124
"60QD000637",79,4,75
"60QD000638",73,8,65
"60QD000639",128,12,116
"60QD000640",124,18,106
"60QD000641",79,7,72
"60QD000642",136,7,129
"60QD000643",128,44,84
"60QD000644",105,35,70
"60QD000645",67,8,59
"60QD000646",83,14,69
"60QD000647",139,17,122
"60QD000648",58,9,49
"60QD000649",85,12,73
"60QD000650",114,28,86
"60QD000651",75,13,62
"60QD000652",75,14,61
"60QD000653",96,12,84
"60QD000654",136,24,112
"60QD000655",108,10,98
"60QD000656",165,36,129
"60QD000657",145,13,132
"60QD000658",55,7,48
"60QD000659",99,12,87
"60QD000660",102,12,90
"60QD000661",70,7,63
"60QD000662",83,34,49
"60QD000663",96,14,82
"60QD000664",147,23,124
"60QD000665",114,16,98
"60QD000666",74,10,64
"60QD000667",98,17,81
"60QD000668",73,27,46
"60QD000669",157,46,111
"60QD000670",83,12,71
"60QD000671",207,20,187
"60QD000672",132,23,109
"60QD000673",51,16,35
"60QD000674",111,24,87
"60QD000675",89,32,57
"60QD000676",110,21,89
"60QD000677",63,14,49
"60QD000678",101,33,68
"60QD000679",96,45,51
"60QD000680",164,52,112
"60QD000681",85,21,64
"60QD000682",131,21,110
"60QD000683",65,13,52
"60QD000684",105,17,88
"60QD000685",122,16,106
"60QD000686",202,30,172
"60QD000687",108,16,92
"60QD000688",73,21,52
"60QD000689",99,15,84
"60QD000690",99,15,84
"60QD000691",87,12,75
"60QD000692",131,18,113
"60QD000693",121,16,105
"60QD000694",64,11,53
"60QD000695",84,16,68
"60QD000696",186,20,166
"60QD000697",100,21,79
"60QD000698",70,21,49
"60QD000699",73,21,52
"60QD000700",138,27,111
"60QD000701",87,15,72
"60QD000702",129,14,115
"60QD000703",71,11,60
"60QD000704",136,32,104
"60QD000705",305,75,230
"60QD000706",152,21,131
"60QD000707",94,14,80
"60QD000708",115,14,101
"60QD000709",89,16,73
"60QD000710",184,43,141
"60QD000711",52,10,42
"60QD000712",149,35,114
"60QD000713",153,19,134
"60QD000714",96,28,68
"60QD000715",98,24,74
"60QD000716",77,20,57
"60QD000717",113,21,92
"60QD000718",92,18,74
"60QD000719",108,19,89
"60QD000720",74,41,33
"60QD000721",67,6,61
"60QD000722",168,30,138
"60QD000723",124,61,63
"60QD000724",96,18,78
"60QD000725",148,43,105
"60QD000726",53,12,41
"60QD000727",114,34,80
"60QD000728",67,20,47
"60QD000729",93,18,75
"60QD000730",54,16,38
"60QD000731",50,16,34
"60QD000732",98,41,57
"60QD000733",106,34,72
"60QD000734",102,47,55
"60QD000735",106,15,91
"60QD000736",93,33,60
"60QD000737",72,32,40
"60QD000738",67,18,49
"60QD000739",106,12,94
"60QD000740",130,15,115
"60QD000741",79,9,70
"60QD000742",72,28,44
"60QD000743",82,7,75
"60QD000744",116,41,75
"60QD000745",144,26,118
"60QD000746",54,17,37
"60QD000747",109,33,76
"60QD000748",157,18,139
"60QD000749",122,15,107
"60QD000750",85,9,76
"60QD000751",176,59,117
"60QD000752",155,65,90
"60QD000753",62,21,41
"60QD000754",155,36,119
"60QD000755",128,16,112
"60QD000756",100,22,78
"60QD000757",116,30,86
"60QD000758",175,33,142
"60QD000759",149,42,107
"60QD000760",138,13,125
"60QD000761",156,21,135
"60QD000762",188,33,155
"60QD000763",79,13,66
"60QD000764",94,22,72
"60QD000765",66,8,58
"60QD000766",141,23,118
"60QD000767",75,17,58
"60QD000768",124,17,107
"60QD000769",119,14,105
"60QD000770",193,27,166
"60QD000771",94,24,70
"60QD000772",159,12,147
"60QD000773",128,23,105
"60QD000774",180,23,157
"60QD000775",76,13,63
"60QD000776",106,22,84
"60QD000777",138,57,81
"60QD000778",114,12,102
"60QD000779",67,12,55
"60QD000780",92,21,71
"60QD000781",98,26,72
"60QD000782",119,17,102
"60QD000783",63,8,55
"60QD000784",123,15,108
"60QD000785",105,6,99
"60QF000001",148,76,72
"60QF000002",59,14,45
"60QF000003",76,9,67
"60QF000004",160,20,140
"60QF000005",86,8,78
"60QF000006",66,4,62
"60QF000007",147,20,127
"60QF000008",112,13,99
"60QF000009",138,25,113
"60QF000010",145,46,99
"60QF000011",100,12,88
"60QF000012",132,22,110
"60QF000013",80,28,52
"60QF000014",84,36,48
"60QF000015",105,16,89
"60QF000016",104,30,74
"60QF000017",132,31,101
"60QF000018",134,14,120
"60QF000019",119,28,91
"60QF000020",190,43,147
"60QF000021",179,37,142
"60QF000022",134,31,103
"60QF000023",145,26,119
"60QF000024",99,19,80
"60QF000025",116,29,87
"60QF000026",85,13,72
"60QF000027",122,16,106
"60QF000028",127,25,102
"60QF000029",169,64,105
"60QF000030",166,43,123
"60QF000031",184,23,161
"60QF000032",106,26,80
"60QF000033",175,21,154
"60QF000034",143,22,121
"60QF000035",149,36,113
"60QF000036",117,30,87
"60QF000037",101,36,65
"60QF000038",118,26,92
"60QF000039",110,23,87
"60QF000040",164,32,132
"60QF000041",131,37,94
"60QF000042",154,43,111
"60QF000043",131,49,82
"60QF000044",154,44,110
"60QF000045",137,31,106
"60QF000046",105,25,80
"60QF000047",88,23,65
"60QF000048",97,27,70
"60QF000049",119,28,91
"60QF000050",118,21,97
"60QF000051",114,15,99
"60QF000052",139,36,103
"60QF000053",208,57,151
"60QF000054",84,39,45
"60QF000055",128,41,87
"60QF000056",94,27,67
"60QF000057",69,22,47
"60QF000058",74,28,46
"60QF000059",94,31,63
"60QF000060",109,27,82
"60QF000061",84,31,53
"60QF000062",90,26,64
"60QF000063",113,34,79
"60QF000064",112,22,90
"60QF000065",190,34,156
"60QF000066",51,13,38
"60QF000067",131,77,54
"60QF000068",132,19,113
"60QF000069",129,14,115
"60QF000070",89,27,62
"60QF000071",146,32,114
"60QF000072",180,72,108
"60QF000073",113,28,85
"60QF000074",150,34,116
"60QF000075",62,20,42
"60QF000076",131,39,92
"60QF000077",73,31,42
"60QF000078",94,24,70
"60QF000079",170,25,145
"60QF000080",162,43,119
"60QF000081",111,37,74
"60QF000082",138,14,124
"60QF000083",139,37,102
"60QF000084",159,26,133
"60QF000085",147,21,126
"60QF000086",135,22,113
"60QF000087",124,43,81
"60QF000088",112,26,86
"60QF000089",143,37,106
"60QF000090",108,38,70
"60QF000091",167,31,136
"60QF000092",140,44,96
"60QF000093",160,59,101
"60QF000094",118,36,82
"60QF000095",181,19,162
"60QF000096",160,28,132
"60QF000097",146,33,113
"60QF000098",151,41,110
"60QF000099",58,18,40
"60QF000100",149,39,110
"60QF000101",145,32,113
"60QF000102",184,44,140
"60QF000103",165,38,127
"60QF000104",167,40,127
"60QF000105",121,30,91
"60QF000106",114,36,78
"60QF000107",97,22,75
"60QF000108",63,6,57
"60QF000109",128,44,84
"60QF000110",122,29,93
"60QF000111",105,38,67
"60QF000112",169,50,119
"60QF000113",95,24,71
"60QF000114",146,26,120
"60QF000115",88,16,72
"60QF000116",132,47,85
"60QF000117",94,30,64
"60QF000118",103,17,86
"60QF000119",125,12,113
"60QF000120",123,34,89
"60QF000121",146,43,103
"60QF000122",183,49,134
"60QF000123",142,51,91
"60QF000124",127,47,80
"60QF000125",50,10,40
"60QF000126",82,11,71
"60QF000127",79,35,44
"60QF000128",110,31,79
"60QF000129",145,55,90
"60QF000130",156,34,122
"60QF000131",60,13,47
"60QF000132",57,29,28
"60QF000133",137,27,110
"60QF000134",243,41,202
"60QF000135",165,44,121
"60QF000136",172,52,120
"60QF000137",144,27,117
"60QF000138",91,22,69
"60QF000139",144,27,117
"60QF000140",113,26,87
"60QF000141",136,36,100
"60QF000142",139,37,102
"60QF000143",109,35,74
"60QF000144",108,56,52
"60QF000145",105,21,84
"60QF000146",163,32,131
"60QF000147",97,21,76
"60QF000148",175,33,142
"60QF000149",123,30,93
"60QF000150",53,10,43
"60QF000151",170,56,114
"60QF000152",135,41,94
"60QF000153",109,21,88
"60QF000154",237,36,201
"60QF000155",136,34,102
"60QF000156",161,31,130
"60QF000157",123,33,90
"60QF000158",140,35,105
"60QF000159",105,30,75
"60QF000160",106,26,80
"60QF000161",62,25,37
"60QF000162",193,17,176
"60QF000163",156,42,114
"60QF000164",141,25,116
"60QF000165",94,28,66
"60QF000166",93,18,75
"60QF000167",105,32,73
"60QF000168",101,35,66
"60QF000169",184,33,151
"60QF000170",104,28,76
"60QF000171",134,25,109
"60QF000172",136,19,117
"60QF000173",85,13,72
"60QF000174",146,36,110
"60QF000175",107,36,71
"60QF000176",76,21,55
"60QF000177",77,22,55
"60QF000178",89,30,59
"60QF000179",179,38,141
"60QF000180",124,22,102
"60QF000181",72,9,63
"60QF000182",165,26,139
"60QF000183",195,42,153
"60QF000184",119,26,93
"60QF000185",152,28,124
"60QF000186",112,26,86
"60QF000187",69,22,47
"60QF000188",151,31,120
"60QF000189",140,29,111
"60QF000190",191,44,147
"60QF000191",111,22,89
"60QF000192",105,25,80
"60QF000193",152,33,119
"60QF000194",103,24,79
"60QF000195",183,33,150
"60QF000196",116,23,93
"60QF000197",135,39,96
"60QF000198",108,17,91
"60QF000199",100,21,79
"60QF000200",110,40,70
"60QF000201",134,19,115
"60QF000202",127,28,99
"60QF000203",106,11,95
"60QF000204",144,9,135
"60QF000205",133,11,122
"60QF000206",187,19,168
"60QF000207",112,21,91
"60QF000208",182,19,163
"60QF000209",83,38,45
"60QF000210",169,41,128
"60QF000211",120,29,91
"60QF000212",127,10,117
"60QF000213",171,19,152
"60QF000214",161,11,150
"60QF000215",101,19,82
"60QF000216",129,25,104
"60QF000217",145,53,92
"60QF000218",103,27,76
"60QF000219",100,24,76
"60QF000220",116,29,87
"60QF000221",127,17,110
"60QF000222",110,20,90
"60QF000223",104,23,81
"60QF000224",155,33,122
"60QF000225",126,34,92
"60QF000226",87,16,71
"60QF000227",62,18,44
"60QF000228",98,21,77
"60QF000229",175,24,151
"60QF000230",148,33,115
"60QF000231",131,23,108
"60QF000232",82,13,69
"60QF000233",102,23,79
"60QF000234",107,28,79
"60QF000235",158,14,144
"60QF000236",121,27,94
"60QF000237",133,37,96
"60QF000238",56,11,45
"60QF000239",107,19,88
"60QF000240",167,32,135
"60QF000241",127,35,92
"60QF000242",175,21,154
"60QF000243",140,21,119
"60QF000244",142,30,112
"60QF000245",95,28,67
"60QF000246",98,15,83
"60QF000247",124,14,110
"60QF000248",132,26,106
"60QF000249",118,21,97
"60QF000250",109,16,93
"60QF000251",137,38,99
"60QF000252",77,8,69
"60QF000253",130,31,99
"60QF000254",103,10,93
"60QF000255",171,17,154
"60QF000256",144,20,124
"60QF000257",111,8,103
"60QF000258",82,32,50
"60QF000259",85,14,71
"60QF000260",122,11,111
"60QF000261",100,15,85
"60QF000262",214,18,196
"60QF000263",114,17,97
"60QF000264",177,20,157
"60QF000265",195,12,183
"60QF000266",60,13,47
"60QF000267",131,20,111
"60QF000268",152,23,129
"60QF000269",117,14,103
"60QF000270",113,6,107
"60QF000271",103,14,89
"60QF000272",143,37,106
"60QF000273",81,22,59
"60QF000274",109,30,79
"60QF000275",131,24,107
"60QF000276",70,8,62
"60QF000277",63,14,49
"60QF000278",97,17,80
"60QF000279",99,18,81
"60QF000280",130,7,123
"60QF000281",97,12,85
"60QF000282",107,20,87
"60QF000283",148,16,132
"60QF000284",56,8,48
"60QF000285",106,35,71
"60QF000286",63,11,52
"60QF000287",63,18,45
"60QF000288",64,9,55
"60QF000289",104,9,95
"60QF000290",208,14,194
"60QF000291",125,42,83
"60QF000292",55,9,46
"60QF000293",66,10,56
"60QF000294",76,16,60
"60QF000295",141,18,123
"60QF000296",82,5,77
"60QF000297",72,13,59
"60QF000298",144,26,118
"60QF000299",85,19,66
"60QF000300",180,33,147
"60QF000301",123,12,111
"60QF000302",137,20,117
"60QF000303",129,27,102
"60QF000304",642,164,478
"60QF000305",142,21,121
"60QF000306",161,35,126
"60QF000307",90,15,75
"60QF000308",102,7,95
"60QF000309",203,30,173
"60QF000310",53,10,43
"60QF000311",106,18,88
"60QF000312",91,13,78
"60QF000313",82,19,63
"60QF000314",78,25,53
"60QF000315",106,34,72
"60QF000316",136,50,86
"60QF000317",83,19,64
"60QF000318",86,20,66
"60QF000319",157,24,133
"60QF000320",179,49,130
"60QF000321",120,44,76
"60QF000322",52,21,31
"60QF000323",111,24,87
"60QF000324",127,27,100
"60QF000325",208,23,185
"60QF000326",177,55,122
"60QF000327",178,8,170
"60QF000328",127,9,118
"60QF000329",109,16,93
"60QF000330",129,36,93
"60QF000331",80,29,51
"60QF000332",138,21,117
"60QF000333",87,23,64
"60QF000334",148,35,113
"60QF000335",289,40,249
"60QF000336",100,29,71
"60QF000337",80,18,62
"60QF000338",143,52,91
"60QF000339",165,11,154
"60QF000340",110,13,97
"60QF000341",263,23,240
"60QF000342",50,5,45
"60QF000343",167,27,140
"60QF000344",148,11,137
"60QF000345",51,43,8
"60QF000346",151,68,83
"60QF000347",144,56,88
"60QF000348",95,20,75
"60QF000349",158,31,127
"60QF000350",141,50,91
"60QF000351",178,30,148
"60QF000352",59,21,38
"60QF000353",140,24,116
"60QF000354",71,21,50
"60QF000355",144,36,108
"60QF000356",85,6,79
"60QF000357",157,37,120
"60QF000358",102,37,65
"60QF000359",125,31,94
"60QF000360",140,14,126
"60QF000361",99,18,81
"60QF000362",77,15,62
"60QF000363",107,17,90
"60QF000364",70,16,54
"60QF000365",75,20,55
"60QF000366",123,23,100
"60QF000367",121,11,110
"60QF000368",161,61,100
"60QF000369",66,17,49
"60QF000370",50,14,36
"60QF000371",171,23,148
"60QF000372",168,32,136
"60QF000373",74,12,62
"60QF000374",135,10,125
"60QF000375",109,14,95
"60QF000376",245,60,185
"60QF000377",90,16,74
"60QF000378",105,12,93
"60QF000379",115,26,89
"60QF000380",109,14,95
"60QF000381",107,15,92
"60QF000382",163,25,138
"60QF000383",101,20,81
"60QF000384",68,9,59
"60QF000385",139,35,104
"60QF000386",69,12,57
"60QH000001",108,20,88
"60QH000002",51,4,47
"60QH000003",102,34,68
"60QH000004",156,17,139
"60QH000005",182,36,146
"60QH000006",117,18,99
"60QH000007",136,19,117
"60QH000008",136,15,121
"60QH000009",105,14,91
"60QH000010",74,7,67
"60QH000011",107,12,95
"60QH000012",142,14,128
"60QH000013",106,22,84
"60QH000014",115,14,101
"60QH000015",111,15,96
"60QH000016",81,7,74
"60QH000017",60,15,45
"60QH000018",63,15,48
"60QH000019",95,18,77
"60QH000020",68,14,54
"60QH000021",142,21,121
"60QH000022",165,27,138
"60QH000023",103,19,84
"60QH000024",190,34,156
"60QH000025",120,21,99
"60QH000026",115,17,98
"60QH000027",138,33,105
"60QH000028",103,22,81
"60QH000029",173,28,145
"60QH000030",179,29,150
"60QH000031",104,19,85
"60QH000032",163,32,131
"60QH000033",114,18,96
"60QH000034",149,21,128
"60QH000035",179,28,151
"60QH000036",102,18,84
"60QH000037",77,11,66
"60QH000038",92,10,82
"60QH000039",127,27,100
"60QH000040",122,21,101
"60QH000041",135,15,120
"60QH000042",160,34,126
"60QH000043",103,17,86
"60QH000044",121,9,112
"60QH000045",193,39,154
"60QH000046",79,8,71
"60QH000047",199,72,127
"60QH000048",86,16,70
"60QH000049",207,29,178
"60QH000050",139,16,123
"60QH000051",136,26,110
"60QH000052",178,36,142
"60QH000053",167,32,135
"60QH000054",230,52,178
"60QH000055",84,6,78
"60QH000056",117,27,90
"60QH000057",144,27,117
"60QH000058",122,33,89
"60QH000059",102,22,80
"60QH000060",126,20,106
"60QH000061",105,11,94
"60QH000062",123,24,99
"60QH000063",113,26,87
"60QH000064",81,16,65
"60QH000065",127,25,102
"60QH000066",108,23,85
"60QH000067",98,18,80
"60QH000068",87,22,65
"60QH000069",132,28,104
"60QH000070",114,19,95
"60QH000071",100,16,84
"60QH000072",83,13,70
"60QH000073",111,12,99
"60QH000074",109,18,91
"60QH000075",139,20,119
"60QH000076",92,12,80
"60QH000077",71,21,50
"60QH000078",90,14,76
"60QH000079",175,45,130
"60QH000080",189,31,158
"60QH000081",123,25,98
"60QH000082",127,22,105
"60QH000083",94,25,69
"60QH000084",111,20,91
"60QH000085",105,22,83
"60QH000086",132,26,106
"60QH000087",111,21,90
"60QH000088",86,17,69
"60QH000089",108,20,88
"60QH000090",59,5,54
"60QH000091",138,33,105
"60QH000092",169,28,141
"60QH000093",162,26,136
"60QH000094",142,23,119
"60QH000095",167,31,136
"60QH000096",140,22,118
"60QH000097",128,25,103
"60QH000098",174,24,150
"60QH000099",140,26,114
"60QH000100",150,22,128
"60QH000101",195,36,159
"60QH000102",168,35,133
"60QH000103",127,15,112
"60QH000104",120,22,98
"60QH000105",98,26,72
"60QH000106",69,15,54
"60QH000107",127,15,112
"60QH000108",185,30,155
"60QH000109",182,28,154
"60QH000110",130,37,93
"60QH000111",151,21,130
"60QH000112",90,28,62
"60QH000113",82,9,73
"60QH000114",92,30,62
"60QH000115",173,32,141
"60QH000116",157,57,100
"60QH000117",136,30,106
"60QH000118",143,68,75
"60QH000119",135,17,118
"60QH000120",186,29,157
"60QH000121",99,14,85
"60QH000122",146,16,130
"60QH000123",78,17,61
"60QH000124",125,23,102
"60QH000125",175,32,143
"60QH000126",171,21,150
"60QH000127",184,34,150
"60QH000128",154,39,115
"60QH000129",133,29,104
"60QH000130",145,26,119
"60QH000131",133,30,103
"60QH000132",114,19,95
"60QH000133",87,40,47
"60QH000134",129,18,111
"60QH000135",59,12,47
"60QH000136",159,42,117
"60QH000137",171,40,131
"60QH000138",61,11,50
"60QH000139",93,11,82
"60QH000140",82,20,62
"60QH000141",134,12,122
"60QH000142",110,37,73
"60QH000143",95,21,74
"60QH000144",92,21,71
"60QH000145",95,34,61
"60QH000146",97,19,78
"60QH000147",148,15,133
"60QH000148",105,17,88
"60QH000149",129,26,103
"60QH000150",117,16,101
"60QH000151",113,14,99
"60QH000152",89,17,72
"60QH000153",107,24,83
"60QH000154",149,27,122
"60QH000155",99,18,81
"60QH000156",82,7,75
"60QH000157",79,5,74
"60QH000158",143,16,127
"60QH000159",147,31,116
"60QH000160",113,20,93
"60QH000161",103,21,82
"60QH000162",76,15,61
"60QH000163",142,10,132
"60QH000164",178,21,157
"60QH000165",86,11,75
"60QH000166",53,26,27
"60QH000167",137,26,111
"60QH000168",124,26,98
"60QH000169",186,24,162
"60QH000170",140,41,99
"60QH000171",164,32,132
"60QH000172",111,23,88
"60QH000173",99,16,83
"60QH000174",107,15,92
"60QH000175",158,20,138
"60QH000176",177,40,137
"60QH000177",153,17,136
"60QH000178",179,41,138
"60QH000179",56,16,40
"60QH000180",137,30,107
"60QH000181",140,32,108
"60QH000182",126,30,96
"60QH000183",70,12,58
"60QH000184",103,31,72
"60QH000185",57,16,41
"60QH000186",75,10,65
"60QH000187",67,9,58
"60QH000188",91,10,81
"60QH000189",70,10,60
"60QH000190",119,11,108
"60QH000191",133,28,105
"60QH000192",120,21,99
"60QH000193",98,23,75
"60QH000194",106,22,84
"60QH000195",121,18,103
"60QH000196",139,22,117
"60QH000197",109,20,89
"60QH000198",149,22,127
"60QH000199",96,13,83
"60QH000200",126,32,94
"60QH000201",64,12,52
"60QH000202",155,22,133
"60QH000203",92,6,86
"60QH000204",103,10,93
"60QH000205",84,10,74
"60QH000206",163,30,133
"60QH000207",96,19,77
"60QH000208",124,28,96
"60QH000209",108,18,90
"60QH000210",152,23,129
"60QH000211",130,29,101
"60QH000212",84,21,63
"60QH000213",166,28,138
"60QH000214",122,27,95
"60QH000215",102,26,76
"60QH000216",82,9,73
"60QH000217",143,23,120
"60QH000218",153,34,119
"60QH000219",165,41,124
"60QH000220",98,23,75
"60QH000221",69,11,58
"60QH000222",137,26,111
"60QH000223",50,10,40
"60QH000224",72,15,57
"60QH000225",148,42,106
"60QH000226",131,30,101
"60QH000227",106,23,83
"60QH000228",132,17,115
"60QH000229",178,39,139
"60QH000230",181,30,151
"60QH000231",177,18,159
"60QH000232",66,15,51
"60QH000233",75,10,65
"60QH000234",144,27,117
"60QH000235",135,27,108
"60QH000236",101,27,74
"60QH000237",111,28,83
"60QH000238",135,39,96
"60QH000239",113,26,87
"60QH000240",112,21,91
"60QH000241",132,42,90
"60QH000242",101,18,83
"60QH000243",121,23,98
"60QH000244",71,15,56
"60QH000245",136,16,120
"60QH000246",115,25,90
"60QH000247",122,21,101
"60QH000248",83,15,68
"60QH000249",100,29,71
"60QH000250",164,35,129
"60QH000251",161,27,134
"60QH000252",127,22,105
"60QH000253",63,14,49
"60QH000254",119,19,100
"60QH000255",80,7,73
"60QH000256",128,41,87
"60QH000257",103,20,83
"60QH000258",92,24,68
"60QH000259",139,25,114
"60QH000260",68,24,44
"60QH000261",132,31,101
"60QH000262",88,30,58
"60QH000263",149,24,125
"60QH000264",107,27,80
"60QH000265",75,30,45
"60QH000266",62,14,48
"60QH000267",63,12,51
"60QH000268",80,23,57
"60QH000269",98,19,79
"60QH000270",90,21,69
"60QH000271",93,7,86
"60QH000272",129,35,94
"60QH000273",97,23,74
"60QH000274",145,32,113
"60QH000275",129,27,102
"60QH000276",136,24,112
"60QH000277",204,51,153
"60QH000278",79,15,64
"60QH000279",134,18,116
"60QH000280",119,27,92
"60QH000281",143,28,115
"60QH000282",62,10,52
"60QH000283",134,27,107
"60QH000284",108,23,85
"60QH000285",83,18,65
"60QH000286",95,21,74
"60QH000287",91,25,66
"60QH000288",169,30,139
"60QH000289",164,41,123
"60QH000290",92,22,70
"60QH000291",93,18,75
"60QH000292",164,30,134
"60QH000293",120,24,96
"60QH000294",126,17,109
"60QH000295",188,38,150
"60QH000296",113,30,83
"60QH000297",151,44,107
"60QH000298",140,19,121
"60QH000299",165,34,131
"60QH000300",131,38,93
"60QH000301",55,11,44
"60QH000302",173,41,132
"60QH000303",86,22,64
"60QH000304",105,26,79
"60QH000305",130,34,96
"60QH000306",131,32,99
"60QH000307",123,32,91
"60QH000308",79,16,63
"60QH000309",169,37,132
"60QH000310",117,20,97
"60QH000311",115,41,74
"60QH000312",136,17,119
"60QH000313",211,48,163
"60QH000314",147,32,115
"60QH000315",233,46,187
"60QH000316",70,16,54
"60QH000317",144,19,125
"60QH000318",183,34,149
"60QH000319",102,20,82
"60QH000320",148,32,116
"60QH000321",120,39,81
"60QH000322",96,23,73
"60QH000323",113,16,97
"60QH000324",147,29,118
"60QH000325",144,20,124
"60QH000326",95,23,72
"60QH000327",113,39,74
"60QH000328",93,19,74
"60QH000329",121,31,90
"60QH000330",92,22,70
"60QH000331",135,33,102
"60QH000332",94,27,67
"60QH000333",124,42,82
"60QH000334",139,35,104
"60QH000335",68,22,46
"60QH000336",116,31,85
"60QH000337",145,39,106
"60QH000338",109,23,86
"60QH000339",133,24,109
"60QH000340",111,26,85
"60QH000341",87,17,70
"60QH000342",177,31,146
"60QH000343",107,27,80
"60QH000344",128,29,99
"60QH000345",104,18,86
"60QH000346",68,14,54
"60QH000347",85,21,64
"60QH000348",98,18,80
"60QH000349",116,14,102
"60QH000350",77,19,58
"60QH000351",125,49,76
"60QH000352",131,26,105
"60QH000353",80,20,60
"60QH000354",142,28,114
"60QH000355",114,10,104
"60QH000356",93,15,78
"60QH000357",120,26,94
"60QH000358",120,27,93
"60QH000359",87,20,67
"60QH000360",77,21,56
"60QH000361",85,11,74
"60QH000362",141,24,117
"60QH000363",177,54,123
"60QH000364",114,18,96
"60QH000365",106,28,78
"60QH000366",73,15,58
"60QH000367",116,18,98
"60QH000368",156,38,118
"60QH000369",88,15,73
"60QH000370",103,22,81
"60QH000371",84,23,61
"60QH000372",112,19,93
"60QH000373",95,23,72
"60QH000374",107,27,80
"60QH000375",128,28,100
"60QH000376",119,23,96
"60QH000377",148,28,120
"60QH000378",120,26,94
"60QH000379",144,27,117
"60QH000380",144,38,106
"60QH000381",107,25,82
"60QH000382",129,21,108
"60QH000383",107,20,87
"60QH000384",125,29,96
"60QH000385",51,15,36
"60QH000386",117,18,99
"60QH000387",153,32,121
"60QH000388",114,25,89
"60QH000389",136,42,94
"60QH000390",164,24,140
"60QH000391",211,46,165
"60QH000392",161,31,130
"60QH000393",137,25,112
"60QH000394",108,19,89
"60QH000395",101,18,83
"60QH000396",139,33,106
"60QH000397",109,33,76
"60QH000398",111,28,83
"60QH000399",114,50,64
"60QH000400",78,32,46
"60QH000401",83,19,64
"60QH000402",140,28,112
"60QH000403",172,32,140
"60QH000404",109,24,85
"60QH000405",82,10,72
"60QH000406",66,13,53
"60QH000407",70,20,50
"60QH000408",100,17,83
"60QH000409",94,19,75
"60QH000410",70,8,62
"60QH000411",167,27,140
"60QH000412",80,39,41
"60QH000413",148,28,120
"60QH000414",121,20,101
"60QH000415",102,31,71
"60QH000416",172,32,140
"60QH000417",166,36,130
"60QH000418",101,43,58
"60QH000419",108,25,83
"60QH000420",115,39,76
"60QH000421",150,47,103
"60QH000422",135,31,104
"60QH000423",114,40,74
"60QH000424",95,29,66
"60QH000425",140,38,102
"60QH000426",165,27,138
"60QH000427",91,38,53
"60QH000428",75,23,52
"60QH000429",117,18,99
"60QH000430",139,27,112
"60QH000431",162,32,130
"60QH000432",99,32,67
"60QH000433",101,25,76
"60QH000434",109,13,96
"60QH000435",139,42,97
"60QH000436",96,28,68
"60QH000437",118,29,89
"60QH000438",177,37,140
"60QH000439",111,29,82
"60QH000440",116,25,91
"60QH000441",152,32,120
"60QH000442",104,23,81
"60QH000443",142,33,109
"60QH000444",109,19,90
"60QH000445",73,21,52
"60QH000446",104,22,82
"60QH000447",76,28,48
"60QH000448",80,17,63
"60QH000449",81,17,64
"60QH000450",102,23,79
"60QH000451",97,31,66
"60QH000452",118,29,89
"60QH000453",113,16,97
"60QH000454",81,34,47
"60QH000455",88,24,64
"60QH000456",96,17,79
"60QH000457",139,25,114
"60QH000458",121,15,106
"60QH000459",130,37,93
"60QH000460",153,42,111
"60QH000461",158,29,129
"60QH000462",126,39,87
"60QH000463",118,28,90
"60QH000464",149,41,108
"60QH000465",154,29,125
"60QH000466",101,23,78
"60QH000467",168,27,141
"60QH000468",179,25,154
"60QH000469",109,18,91
"60QH000470",135,19,116
"60QH000471",113,38,75
"60QH000472",93,37,56
"60QH000473",135,24,111
"60QH000474",158,32,126
"60QH000475",133,25,108
"60QH000476",126,22,104
"60QH000477",133,17,116
"60QH000478",117,30,87
"60QH000479",96,24,72
"60QH000480",90,24,66
"60QH000481",136,31,105
"60QH000482",67,28,39
"60QH000483",134,23,111
"60QH000484",118,43,75
"60QH000485",118,22,96
"60QH000486",141,29,112
"60QH000487",156,27,129
"60QH000488",112,39,73
"60QH000489",191,66,125
"60QH000490",153,33,120
"60QH000491",127,26,101
"60QH000492",127,23,104
"60QH000493",141,31,110
"60QH000494",132,37,95
"60QH000495",138,26,112
"60QH000496",141,28,113
"60QH000497",152,28,124
"60QH000498",114,30,84
"60QH000499",152,34,118
"60QH000500",66,7,59
"60QH000501",127,38,89
"60QH000502",74,19,55
"60QH000503",190,36,154
"60QH000504",69,26,43
"60QH000505",113,19,94
"60QH000506",129,39,90
"60QH000507",159,32,127
"60QH000508",87,14,73
"60QH000509",117,36,81
"60QH000510",110,20,90
"60QH000511",126,18,108
"60QH000512",107,18,89
"60QH000513",148,41,107
"60QH000514",106,13,93
"60QH000515",103,22,81
"60QH000516",122,22,100
"60QH000517",79,27,52
"60QH000518",125,23,102
"60QH000519",88,23,65
"60QH000520",99,22,77
"60QH000521",128,30,98
"60QH000522",109,31,78
"60QH000523",119,21,98
"60QH000524",96,26,70
"60QH000525",137,33,104
"60QH000526",75,16,59
"60QH000527",112,27,85
"60QH000528",103,35,68
"60QH000529",103,18,85
"60QH000530",73,11,62
"60QH000531",108,34,74
"60QH000532",108,26,82
"60QH000533",95,31,64
"60QH000534",149,30,119
"60QH000535",89,30,59
"60QH000536",72,17,55
"60QH000537",106,35,71
"60QH000538",166,21,145
"60QH000539",134,42,92
"60QH000540",101,18,83
"60QH000541",101,23,78
"60QH000542",160,32,128
"60QH000543",120,15,105
"60QH000544",110,25,85
"60QH000545",60,28,32
"60QH000546",60,24,36
"60QH000547",90,16,74
"60QH000548",86,17,69
"60QH000549",79,14,65
"60QH000550",92,23,69
"60QH000551",93,25,68
"60QH000552",96,24,72
"60QH000553",96,29,67
"60QH000554",90,24,66
"60QH000555",65,30,35
"60QH000556",119,21,98
"60QH000557",83,23,60
"60QH000558",105,25,80
"60QH000559",115,25,90
"60QH000560",135,16,119
"60QH000561",133,28,105
"60QH000562",124,34,90
"60QH000563",105,13,92
"60QH000564",116,22,94
"60QH000565",163,25,138
"60QH000566",157,44,113
"60QH000567",110,36,74
"60QH000568",100,19,81
"60QH000569",88,24,64
"60QH000570",102,26,76
"60QH000571",104,18,86
"60QH000572",97,18,79
"60QH000573",88,18,70
"60QH000574",103,25,78
"60QH000575",108,24,84
"60QH000576",154,53,101
"60QH000577",107,27,80
"60QH000578",116,28,88
"60QH000579",130,18,112
"60QH000580",155,28,127
"60QH000581",112,36,76
"60QH000582",115,26,89
"60QH000583",93,29,64
"60QH000584",137,26,111
"60QH000585",139,25,114
"60QH000586",104,32,72
"60QH000587",145,28,117
"60QH000588",74,9,65
"60QH000589",110,22,88
"60QH000590",143,23,120
"60QH000591",220,27,193
"60QH000592",212,31,181
"60QH000593",155,36,119
"60QH000594",95,17,78
"60QH000595",148,25,123
"60QH000596",68,11,57
"60QH000597",168,31,137
"60QH000598",190,39,151
"60QH000599",156,24,132
"60QH000600",89,62,27
"60QH000601",141,23,118
"60QH000602",149,21,128
"60QH000603",110,20,90
"60QH000604",148,26,122
"60QH000605",118,21,97
"60QH000606",103,10,93
"60QH000607",118,28,90
"60QH000608",71,16,55
"60QH000609",126,22,104
"60QH000610",143,30,113
"60QH000611",133,18,115
"60QH000612",133,32,101
"60QH000613",98,21,77
"60QH000614",116,22,94
"60QH000615",106,26,80
"60QH000616",163,36,127
"60QH000617",122,31,91
"60QH000618",108,49,59
"60QH000619",100,22,78
"60QH000620",104,24,80
"60QH000621",87,25,62
"60QH000622",191,25,166
"60QH000623",202,25,177
"60QH000624",180,31,149
"60QH000625",137,16,121
"60QH000626",133,23,110
"60QH000627",80,19,61
"60QH000628",101,49,52
"60QH000629",106,27,79
"60QH000630",121,13,108
"60QH000631",153,35,118
"60QH000632",152,31,121
"60QH000633",60,11,49
"60QH000634",195,33,162
"60QH000635",79,22,57
"60QH000636",89,20,69
"60QH000637",185,20,165
"60QH000638",133,26,107
"60QH000639",147,25,122
"60QH000640",116,13,103
"60QH000641",89,17,72
"60QH000642",104,26,78
"60QH000643",117,53,64
"60QH000644",117,38,79
"60QH000645",74,25,49
"60QH000646",112,36,76
"60QH000647",104,32,72
"60QH000648",118,18,100
"60QH000649",119,31,88
"60QH000650",103,21,82
"60QH000651",114,35,79
"60QH000652",142,33,109
"60QH000653",73,16,57
"60QH000654",196,30,166
"60QH000655",164,70,94
"60QH000656",160,34,126
"60QH000657",103,30,73
"60QH000658",106,18,88
"60QH000659",113,28,85
"60QH000660",93,15,78
"60QH000661",93,11,82
"60QH000662",132,20,112
"60QH000663",88,23,65
"60QH000664",131,10,121
"60QH000665",83,19,64
"60QH000666",73,11,62
"60QH000667",83,21,62
"60QH000668",152,35,117
"60QH000669",109,22,87
"60QH000670",147,15,132
"60QH000671",149,47,102
"60QH000672",144,39,105
"60QH000673",123,31,92
"60QH000674",151,17,134
"60QH000675",107,2,105
"60QH000676",136,12,124
"60QH000677",123,12,111
"60QH000678",108,11,97
"60QH000679",154,60,94
"60QH000680",76,4,72
"60QH000681",119,22,97
"60QH000682",128,25,103
"60QH000683",98,16,82
"60QH000684",121,24,97
"60QH000685",137,14,123
"60QH000686",140,12,128
"60QH000687",103,9,94
"60QH000688",119,46,73
"60QH000689",105,30,75
"60QH000690",97,18,79
"60QH000691",114,27,87
"60QH000692",131,24,107
"60QH000693",181,17,164
"60QH000694",168,19,149
"60QH000695",115,20,95
"60QH000696",119,21,98
"60QH000697",170,23,147
"60QH000698",129,27,102
"60QH000699",142,18,124
"60QH000700",78,5,73
"60QH000701",149,18,131
"60QH000702",128,7,121
"60QH000703",140,22,118
"60QH000704",138,17,121
"60QH000705",161,18,143
"60QH000706",177,10,167
"60QH000707",119,6,113
"60QH000708",149,22,127
"60QH000709",100,7,93
"60QH000710",179,34,145
"60QH000711",89,13,76
"60QH000712",150,28,122
"60QH000713",177,18,159
"60QH000714",185,20,165
"60QH000715",132,19,113
"60QH000716",97,9,88
"60QH000717",126,14,112
"60QH000718",88,4,84
"60QH000719",134,15,119
"60QH000720",116,17,99
"60QH000721",73,13,60
"60QH000722",99,20,79
"60QH000723",118,21,97
"60QH000724",89,24,65
"60QH000725",153,20,133
"60QH000726",116,30,86
"60QH000727",92,34,58
"60QH000728",135,24,111
"60QH000729",120,19,101
"60QH000730",64,14,50
"60QH000731",126,33,93
"60QH000732",109,22,87
"60QH000733",96,26,70
"60QH000734",87,31,56
"60QH000735",108,31,77
"60QH000736",119,14,105
"60QH000737",123,28,95
"60QH000738",77,8,69
"60QH000739",91,28,63
"60QH000740",75,19,56
"60QH000741",106,21,85
"60QH000742",88,16,72
"60QH000743",106,17,89
"60QH000744",50,11,39
"60QH000745",58,10,48
"60QH000746",92,15,77
"60QH000747",137,22,115
"60QH000748",87,25,62
"60QH000749",70,9,61
"60QH000750",72,13,59
"60QH000751",103,28,75
"60QH000752",138,38,100
"60QH000753",176,26,150
"60QH000754",167,29,138
"60QH000755",158,19,139
"60QH000756",141,22,119
"60QH000757",117,11,106
"60QH000758",77,15,62
"60QH000759",71,11,60
"60QH000760",149,24,125
"60QH000761",159,30,129
"60QH000762",100,22,78
"60QH000763",144,21,123
"60QH000764",185,41,144
"60QH000765",201,33,168
"60QH000766",124,26,98
"60QH000767",158,31,127
"60QH000768",116,29,87
"60QH000769",123,24,99
"60QH000770",79,16,63
"60QH000771",66,28,38
"60QH000772",163,31,132
"60QH000773",171,43,128
"60QH000774",113,30,83
"60QH000775",109,27,82
"60QH000776",103,22,81
"60QH000777",166,30,136
"60QH000778",149,28,121
"60QH000779",190,33,157
"60QH000780",98,19,79
"60QH000781",92,17,75
"60QH000782",131,30,101
"60QH000783",116,19,97
"60QH000784",98,19,79
"60QH000785",68,25,43
"60QH000786",149,27,122
"60QH000787",156,30,126
"60QH000788",132,43,89
"60QH000789",162,34,128
"60QH000790",119,14,105
"60QH000791",114,30,84
"60QH000792",103,15,88
"60QH000793",139,22,117
"60QH000794",123,11,112
"60QH000795",102,16,86
"60QH000796",174,36,138
"60QH000797",105,19,86
"60QH000798",59,20,39
"60QH000799",126,21,105
"60QH000800",83,29,54
"60QH000801",136,23,113
"60QH000802",197,38,159
"60QH000803",93,20,73
"60QH000804",104,22,82
"60QH000805",84,13,71
"60QH000806",92,12,80
"60QH000807",124,25,99
"60QH000808",68,13,55
"60QH000809",121,29,92
"60QH000810",94,22,72
"60QH000811",82,27,55
"60QH000812",99,19,80
"60QH000813",75,28,47
"60QH000814",128,24,104
"60QH000815",94,27,67
"60QH000816",90,17,73
"60QH000817",90,26,64
"60QH000818",98,34,64
"60QH000819",80,27,53
"60QH000820",82,25,57
"60QH000821",155,27,128
"60QH000822",106,23,83
"60QH000823",96,33,63
"60QH000824",144,54,90
"60QH000825",176,31,145
"60QH000826",119,31,88
"60QH000827",152,32,120
"60QH000828",166,37,129
"60QH000829",108,19,89
"60QH000830",114,18,96
"60QH000831",167,33,134
"60QH000832",149,41,108
"60QH000833",138,34,104
"60QH000834",151,29,122
"60QH000835",105,16,89
"60QH000836",162,36,126
"60QH000837",149,27,122
"60QH000838",92,22,70
"60QH000839",135,10,125
"60QH000840",137,24,113
"60QH000841",105,22,83
"60QH000842",135,15,120
"60QH000843",129,29,100
"60QH000844",71,12,59
"60QH000845",113,31,82
"60QH000846",149,25,124
"60QH000847",187,34,153
"60QH000848",175,35,140
"60QH000849",144,21,123
"60QH000850",130,17,113
"60QH000851",106,15,91
"60QH000852",122,22,100
"60QH000853",95,45,50
"60QH000854",109,30,79
"60QH000855",155,44,111
"60QH000856",191,27,164
"60QH000857",179,36,143
"60QH000858",189,41,148
"60QH000859",89,34,55
"60QH000860",113,20,93
"60QH000861",114,32,82
"60QH000862",123,31,92
"60QH000863",128,23,105
"60QH000864",172,38,134
"60QH000865",145,14,131
"60QH000866",150,14,136
"60QH000867",208,24,184
"60QH000868",126,31,95
"60QH000869",129,25,104
"60QH000870",139,23,116
"60QH000871",119,25,94
"60QH000872",168,11,157
"60QH000873",181,20,161
"60QH000874",95,14,81
"60QH000875",75,9,66
"60QH000876",144,57,87
"60QH000877",105,30,75
"60QH000878",123,20,103
"60QH000879",134,24,110
"60QH000880",120,38,82
"60QH000881",81,25,56
"60QH000882",132,35,97
"60QH000883",137,23,114
"60QH000884",130,22,108
"60QH000885",118,26,92
"60QH000886",58,13,45
"60QH000887",80,24,56
"60QH000888",103,30,73
"60QH000889",95,14,81
"60QH000890",170,22,148
"60QH000891",84,17,67
"60QH000892",143,21,122
"60QH000893",188,44,144
"60QH000894",166,21,145
"60QH000895",77,20,57
"60QH000896",174,33,141
"60QH000897",143,29,114
"60QH000898",86,33,53
"60QH000899",130,25,105
"60QH000900",169,30,139
"60QH000901",152,11,141
"60QH000902",90,8,82
"60QH000903",223,31,192
"60QH000904",113,20,93
"60QH000905",125,32,93
"60QH000906",142,32,110
"60QH000907",98,15,83
"60QH000908",109,15,94
"60QH000909",137,34,103
"60QH000910",154,27,127
"60QH000911",173,30,143
"60QH000912",113,18,95
"60QH000913",141,30,111
"60QH000914",102,13,89
"60QH000915",130,21,109
"60QH000916",101,22,79
"60QH000917",62,24,38
"60QH000918",104,11,93
"60QH000919",147,16,131
"60QH000920",151,20,131
"60QH000921",99,11,88
"60QH000922",104,19,85
"60QH000923",109,16,93
"60QH000924",126,15,111
"60QH000925",121,13,108
"60QH000926",186,43,143
"60QH000927",76,26,50
"60QH000928",67,9,58
"60QH000929",173,20,153
"60QH000930",122,14,108
"60QH000931",74,16,58
"60QH000932",54,9,45
"60QH000933",124,42,82
"60QH000934",92,24,68
"60QH000935",111,24,87
"60QH000936",86,24,62
"60QH000937",120,28,92
"60QH000938",133,30,103
"60QH000939",160,57,103
"60QH000940",144,16,128
"60QH000941",55,15,40
"60QH000942",168,38,130
"60QH000943",56,19,37
"60QH000944",186,27,159
"60QH000945",117,30,87
"60QH000946",167,28,139
"60QH000947",143,37,106
"60QH000948",107,21,86
"60QH000949",89,32,57
"60QH000950",106,22,84
"60QH000951",117,28,89
"60QH000952",71,18,53
"60QH000953",117,20,97
"60QH000954",156,34,122
"60QH000955",115,12,103
"60QH000956",117,44,73
"60QH000957",132,31,101
"60QH000958",141,47,94
"60QH000959",84,12,72
"60QH000960",79,30,49
"60QH000961",123,28,95
"60QH000962",101,28,73
"60QH000963",130,25,105
"60QH000964",95,23,72
"60QH000965",134,31,103
"60QH000966",136,30,106
"60QH000967",160,34,126
"60QH000968",160,37,123
"60QH000969",168,30,138
"60QH000970",173,39,134
"60QH000971",123,32,91
"60QH000972",99,24,75
"60QH000973",101,32,69
"60QH000974",104,23,81
"60QH000975",109,19,90
"60QH000976",122,33,89
"60QH000977",103,11,92
"60QH000978",100,48,52
"60QH000979",61,17,44
"60QH000980",56,23,33
"60QH000981",144,37,107
"60QH000982",125,31,94
"60QH000983",51,23,28
"60QH000984",64,38,26
"60QH000985",79,31,48
"60QH000986",68,28,40
"60QH000987",91,32,59
"60QH000988",129,50,79
"60QH000989",84,25,59
"60QH000990",123,31,92
"60QH000991",138,29,109
"60QH000992",93,16,77
"60QH000993",88,17,71
"60QH000994",66,9,57
"60QH000995",68,6,62
"60QH000996",88,10,78
"60QH000997",92,13,79
"60QH000998",113,19,94
"60QH000999",59,10,49
"60QH001000",71,20,51
"60QH001001",116,17,99
"60QH001002",97,18,79
"60QH001003",67,8,59
"60QH001004",114,29,85
"60QH001005",94,12,82
"60QH001006",140,26,114
"60QH001007",126,22,104
"60QH001008",78,11,67
"60QH001009",94,10,84
"60QH001010",60,19,41
"60QH001011",108,27,81
"60QH001012",113,18,95
"60QH001013",81,14,67
"60QH001014",105,14,91
"60QH001015",67,11,56
"60QH001016",114,18,96
"60QH001017",58,10,48
"60QH001018",165,37,128
"60QH001019",78,33,45
"60QH001020",54,14,40
"60QH001021",74,21,53
"60QH001022",94,32,62
"60QH001023",95,15,80
"60QH001024",65,7,58
"60QH001025",127,17,110
"60QH001026",59,9,50
"60QH001027",125,12,113
"60QH001028",96,18,78
"60QH001029",52,10,42
"60QH001030",85,15,70
"60QH001031",140,15,125
"60QH001032",95,13,82
"60QH001033",95,25,70
"60QH001034",59,9,50
"60QH001035",109,21,88
"60QH001036",94,9,85
"60QH001037",90,25,65
"60QH001038",61,9,52
"60QH001039",114,23,91
"60QH001040",143,35,108
"60QH001041",171,33,138
"60QH001042",151,57,94
"60QH001043",129,31,98
"60QH001044",132,25,107
"60QH001045",132,26,106
"60QH001046",103,19,84
"60QH001047",91,26,65
"60QH001048",91,17,74
"60QH001049",107,18,89
"60QH001050",179,32,147
"60QH001051",111,24,87
"60QH001052",148,67,81
"60QH001053",124,34,90
"60QH001054",149,31,118
"60QH001055",128,28,100
"60QH001056",161,17,144
"60QH001057",64,9,55
"60QH001058",82,15,67
"60QH001059",78,16,62
"60QH001060",107,24,83
"60QH001061",135,34,101
"60QH001062",112,22,90
"60QH001063",89,26,63
"60QH001064",106,23,83
"60QH001065",103,28,75
"60QH001066",60,25,35
"60QH001067",72,22,50
"60QH001068",138,21,117
"60QH001069",83,20,63
"60QH001070",58,17,41
"60QH001071",98,33,65
"60QH001072",94,17,77
"60QH001073",118,19,99
"60QH001074",134,23,111
"60QH001075",104,52,52
"60QH001076",127,21,106
"60QH001077",91,14,77
"60QH001078",94,18,76
"60QH001079",115,19,96
"60QH001080",81,16,65
"60QH001081",112,60,52
"60QH001082",109,38,71
"60QH001083",64,11,53
"60QH001084",69,21,48
"60QH001085",90,15,75
"60QH001086",83,14,69
"60QH001087",176,40,136
"60QH001088",57,8,49
"60QH001089",86,17,69
"60QH001090",78,13,65
"60QH001091",118,23,95
"60QH001092",116,48,68
"60QH001093",71,17,54
"60QH001094",165,44,121
"60QH001095",98,9,89
"60QH001096",101,17,84
"60QH001097",116,30,86
"60QH001098",166,25,141
"60QH001099",128,16,112
"60QH001100",57,5,52
"60QH001101",162,20,142
"60QH001102",92,10,82
"60QH001103",106,36,70
"60QH001104",62,21,41
"60QH001105",137,16,121
"60QH001106",111,33,78
"60QH001107",58,7,51
"60QH001108",102,24,78
"60QH001109",77,19,58
"60QH001110",53,7,46
"60QH001111",75,24,51
"60QH001112",58,13,45
"60QH001113",87,13,74
"60QH001114",151,18,133
"60QH001115",74,12,62
"60QH001116",109,11,98
"60QH001117",117,15,102
"60QH001118",98,20,78
"60QH001119",104,17,87
"60QH001120",88,18,70
"60QH001121",107,23,84
"60QH001122",102,15,87
"60QH001123",98,16,82
"60QH001124",115,23,92
"60QH001125",118,16,102
"60QH001126",126,10,116
"60QH001127",177,24,153
"60QH001128",152,22,130
"60QH001129",65,15,50
"60QH001130",170,51,119
"60QH001131",161,46,115
"60QH001132",118,27,91
"60QH001133",115,25,90
"60QH001134",111,23,88
"60QH001135",75,13,62
"60QH001136",76,5,71
"60QH001137",133,23,110
"60QH001138",94,25,69
"60QH001139",127,13,114
"60QH001140",109,20,89
"60QH001141",50,6,44
"60QH001142",214,40,174
"60QH001143",142,40,102
"60QH001144",55,15,40
"60QH001145",112,13,99
"60QH001146",104,16,88
"60QH001147",109,18,91
"60QH001148",82,16,66
"60QH001149",122,31,91
"60QH001150",188,40,148
"60QH001151",88,23,65
"60QH001152",107,22,85
"60QH001153",84,26,58
"60QH001154",82,18,64
"60QH001155",121,41,80
"60QH001156",95,29,66
"60QH001157",128,36,92
"60QH001158",103,21,82
"60QH001159",130,26,104
"60QH001160",97,17,80
"60QH001161",152,26,126
"60QH001162",55,23,32
"60QH001163",60,20,40
"60QH001164",56,23,33
"60QH001165",114,19,95
"60QH001166",122,17,105
"60QH001167",147,39,108
"60QH001168",188,46,142
"60QH001169",70,32,38
"60QH001170",82,8,74
"60QH001171",86,36,50
"60QH001172",95,20,75
"60QH001173",143,49,94
"60QH001174",52,13,39
"60QH001175",91,14,77
"60QH001176",91,35,56
"60QH001177",88,17,71
"60QH001178",141,29,112
"60QH001179",108,34,74
"60QH001180",98,12,86
"60QH001181",135,25,110
"60QH001182",68,23,45
"60QH001183",103,25,78
"60QH001184",100,16,84
"60QH001185",65,7,58
"60QH001186",176,37,139
"60QH001187",65,15,50
"60QH001188",150,21,129
"60QH001189",148,13,135
"60QH001190",97,15,82
"60QH001191",55,38,17
"60QH001192",93,20,73
"60QH001193",88,42,46
"60QH001194",148,43,105
"60QH001195",96,18,78
"60QH001196",62,22,40
"60QH001197",130,20,110
"60QH001198",136,22,114
"60QH001199",118,63,55
"60QH001200",232,86,146
"60QH001201",125,26,99
"60QH001202",198,14,184
"60QH001203",144,7,137
"60QH001204",178,28,150
"60QH001205",149,24,125
"60QH001206",118,19,99
"60QH001207",124,21,103
"60QH001208",98,29,69
"60QH001209",114,15,99
"60QH001210",94,15,79
"60QH001211",138,37,101
"60QH001212",68,22,46
"60QH001213",65,12,53
"60QH001214",127,22,105
"60QH001215",136,31,105
"60QH001216",137,16,121
"60QH001217",115,33,82
"60QH001218",92,13,79
"60QH001219",133,11,122
"60QH001220",75,16,59
"60QH001221",171,58,113
"60QH001222",103,26,77
"60QH001223",112,28,84
"60QH001224",97,5,92
"60QH001225",107,28,79
"60QH001226",137,21,116
"60QH001227",93,13,80
"60QH001228",107,20,87
"60QH001229",132,12,120
"60QH001230",79,19,60
"60QH001231",150,36,114
"60QH001232",82,12,70
"60QH001233",150,28,122
"60QH001234",93,11,82
"60QH001235",104,28,76
"60QH001236",213,10,203
"60QH001237",115,10,105
"60QH001238",124,7,117
"60QH001239",154,29,125
"60QH001240",114,18,96
"60QH001241",70,12,58
"60QH001242",151,10,141
"60QH001243",101,9,92
"60QH001244",131,16,115
"60QH001245",80,20,60
"60QH001246",144,23,121
"60QH001247",119,20,99
"60QH001248",75,14,61
"60QH001249",169,40,129
"60QH001250",99,29,70
"60QH001251",91,18,73
"60QH001252",126,13,113
"60QH001253",72,10,62
"60QH001254",169,93,76
"60QH001255",115,24,91
"60QH001256",69,22,47
"60QJ000001",95,7,88
"60QJ000002",108,30,78
"60QJ000003",209,29,180
"60QJ000004",154,15,139
"60QJ000005",98,30,68
"60QJ000006",161,58,103
"60QJ000007",114,22,92
"60QJ000008",95,60,35
"60QJ000009",113,13,100
"60QJ000010",108,11,97
"60QJ000011",198,61,137
"60QJ000012",87,25,62
"60QJ000013",61,3,58
"60QJ000014",162,18,144
"60QJ000015",84,4,80
"60QJ000016",83,2,81
"60QJ000017",151,49,102
"60QJ000018",153,10,143
"60QJ000019",353,23,330
"60QJ000020",139,6,133
"60QJ000021",105,32,73
"60QJ000022",111,8,103
"60QJ000023",72,22,50
"60QJ000024",131,12,119
"60QJ000025",69,15,54
"60QJ000026",127,19,108
"60QJ000027",110,10,100
"60QJ000028",66,10,56
"60QJ000029",128,9,119
"60QJ000030",93,15,78
"60QJ000031",88,17,71
"60QJ000032",106,28,78
"60QJ000033",156,35,121
"60QJ000034",81,12,69
"60QJ000035",61,11,50
"60QJ000036",85,40,45
"60QJ000037",87,17,70
"60QJ000038",87,12,75
"60QJ000039",56,2,54
"60QJ000040",126,39,87
"60QJ000041",135,35,100
"60QJ000042",110,45,65
"60QJ000043",144,21,123
"60QJ000044",111,11,100
"60QJ000045",120,0,120
"60QJ000046",93,15,78
"60QJ000047",90,5,85
"60QJ000048",141,32,109
"60QJ000049",117,14,103
"60QJ000050",142,14,128
"60QJ000051",206,10,196
"60QJ000052",137,12,125
"60QJ000053",173,21,152
"60QJ000054",178,75,103
"60QJ000055",131,19,112
"60QJ000056",76,7,69
"60QJ000057",163,22,141
"60QJ000058",362,30,332
"60QJ000059",196,17,179
"60QJ000060",131,20,111
"60QJ000061",155,24,131
"60QJ000062",136,14,122
"60QJ000063",58,9,49
"60QJ000064",112,14,98
"60QJ000065",80,31,49
"60QJ000066",111,28,83
"60QJ000067",72,17,55
"60QJ000068",68,24,44
"60QJ000069",54,27,27
"60QJ000070",124,23,101
"60QJ000071",108,23,85
"60QJ000072",105,41,64
"60QJ000073",115,24,91
"60QJ000074",117,10,107
"60QJ000075",143,21,122
"60QJ000076",106,19,87
"60QJ000077",123,26,97
"60QJ000078",99,17,82
"60QJ000079",65,12,53
"60QJ000080",200,15,185
"60QJ000081",116,11,105
"60QJ000082",167,15,152
"60QJ000083",131,15,116
"60QJ000084",161,28,133
"60QJ000085",118,20,98
"60QJ000086",125,12,113
"60QJ000087",190,28,162
"60QJ000088",126,24,102
"60QJ000089",94,10,84
"60QJ000090",55,4,51
"60QJ000091",114,9,105
"60QJ000092",69,28,41
"60QJ000093",138,78,60
"60QJ000094",108,16,92
"60QJ000095",187,26,161
"60QJ000096",56,11,45
"60QJ000097",132,26,106
"60QJ000098",155,32,123
"60QJ000099",54,3,51
"60QJ000100",126,25,101
"60QJ000101",238,62,176
"60QJ000102",158,47,111
"60QJ000103",111,35,76
"60QJ000104",104,36,68
"60QJ000105",120,40,80
"60QJ000106",70,37,33
"60QJ000107",103,31,72
"60QJ000108",97,37,60
"60QJ000109",116,22,94
"60QJ000110",125,24,101
"60QJ000111",113,18,95
"60QJ000112",115,19,96
"60QJ000113",122,28,94
"60QJ000114",132,24,108
"60QJ000115",78,14,64
"60QJ000116",135,15,120
"60QJ000117",130,27,103
"60QJ000118",95,19,76
"60QJ000119",111,18,93
"60QJ000120",154,27,127
"60QJ000121",117,15,102
"60QJ000122",122,17,105
"60QJ000123",102,18,84
"60QJ000124",96,17,79
"60QJ000125",85,42,43
"60QJ000126",111,23,88
"60QJ000127",91,35,56
"60QJ000128",134,30,104
"60QJ000129",168,59,109
"60QJ000130",152,33,119
"60QJ000131",129,29,100
"60QJ000132",118,22,96
"60QJ000133",92,32,60
"60QJ000134",73,18,55
"60QJ000135",124,21,103
"60QJ000136",70,35,35
"60QJ000137",81,48,33
"60QJ000138",89,38,51
"60QJ000139",67,28,39
"60QJ000140",114,36,78
"60QJ000141",110,28,82
"60QJ000142",87,9,78
"60QJ000143",55,9,46
"60QJ000144",128,17,111
"60QJ000145",79,9,70
"60QJ000146",72,8,64
"60QJ000147",123,9,114
"60QJ000148",99,16,83
"60QJ000149",90,7,83
"60QJ000150",127,20,107
"60QJ000151",183,33,150
"60QJ000152",75,16,59
"60QJ000153",181,22,159
"60QJ000154",71,17,54
"60QJ000155",84,42,42
"60QJ000156",104,32,72
"60QJ000157",157,29,128
"60QJ000158",82,27,55
"60QJ000159",88,32,56
"60QJ000160",70,42,28
"60QJ000161",98,32,66
"60QJ000162",136,48,88
"60QJ000163",117,33,84
"60QJ000164",81,15,66
"60QJ000165",73,20,53
"60QJ000166",84,22,62
"60QJ000167",59,32,27
"60QJ000168",116,20,96
"60QJ000169",80,13,67
"60QJ000170",127,30,97
"60QJ000171",138,30,108
"60QJ000172",107,23,84
"60QJ000173",63,27,36
"60QJ000174",85,38,47
"60QJ000175",61,21,40
"60QJ000176",62,21,41
"60QJ000177",117,25,92
"60QJ000178",158,31,127
"60QJ000179",171,31,140
"60QJ000180",152,35,117
"60QJ000181",113,51,62
"60QJ000182",94,24,70
"60QJ000183",109,32,77
"60QJ000184",114,37,77
"60QJ000185",143,36,107
"60QJ000186",169,54,115
"60QJ000187",139,61,78
"60QJ000188",73,37,36
"60QJ000189",56,12,44
"60QJ000190",91,19,72
"60QJ000191",52,13,39
"60QJ000192",53,17,36
"60QJ000193",77,13,64
"60QJ000194",114,23,91
"60QJ000195",130,28,102
"60QJ000196",58,15,43
"60QJ000197",95,27,68
"60QJ000198",96,30,66
"60QJ000199",193,17,176
"60QJ000200",162,7,155
"60QJ000201",132,16,116
"60QJ000202",236,26,210
"60QJ000203",104,10,94
"60QJ000204",176,15,161
"60QJ000205",103,15,88
"60QJ000206",89,6,83
"60QJ000207",53,22,31
"60QJ000208",66,17,49
"60QJ000209",150,24,126
"60QJ000210",151,29,122
"60QJ000211",112,17,95
"60QJ000212",66,14,52
"60QJ000213",100,22,78
"60QJ000214",71,14,57
"60QJ000215",163,29,134
"60QJ000216",137,29,108
"60QJ000217",106,27,79
"60QJ000218",102,28,74
"60QJ000219",59,12,47
"60QJ000220",89,16,73
"60QJ000221",113,28,85
"60QJ000222",93,16,77
"60QJ000223",70,18,52
"60QJ000224",75,17,58
"60QJ000225",66,17,49
"60QJ000226",66,21,45
"60QJ000227",128,34,94
"60QJ000228",165,22,143
"60QJ000229",142,21,121
"60QJ000230",107,10,97
"60QJ000231",94,26,68
"60QJ000232",102,20,82
"60QJ000233",70,45,25
"60QJ000234",129,26,103
"60QJ000235",106,29,77
"60QJ000236",119,45,74
"60QJ000237",149,43,106
"60QJ000238",110,19,91
"60QJ000239",66,24,42
"60QJ000240",85,24,61
"60QJ000241",79,26,53
"60QJ000242",93,20,73
"60QJ000243",131,19,112
"60QJ000244",67,14,53
"60QJ000245",150,33,117
"60QJ000246",105,29,76
"60QJ000247",130,36,94
"60QJ000248",167,23,144
"60QJ000249",163,24,139
"60QJ000250",69,16,53
"60QJ000251",53,10,43
"60QJ000252",144,22,122
"60QJ000253",131,20,111
"60QJ000254",142,23,119
"60QJ000255",105,23,82
"60QJ000256",119,29,90
"60QJ000257",50,11,39
"60QJ000258",129,28,101
"60QJ000259",53,31,22
"60QJ000260",142,29,113
"60QJ000261",119,35,84
"60QJ000262",107,51,56
"60QJ000263",95,38,57
"60QJ000264",54,18,36
"60QJ000265",134,21,113
"60QJ000266",172,46,126
"60QJ000267",152,34,118
"60QJ000268",163,30,133
"60QJ000269",132,49,83
"60QJ000270",149,35,114
"60QJ000271",81,34,47
"60QJ000272",111,38,73
"60QJ000273",137,40,97
"60QJ000274",53,33,20
"60QJ000275",113,24,89
"60QJ000276",106,25,81
"60QJ000277",131,36,95
"60QJ000278",131,23,108
"60QJ000279",155,34,121
"60QJ000280",59,14,45
"60QJ000281",94,32,62
"60QJ000282",64,10,54
"60QJ000283",90,25,65
"60QJ000284",108,30,78
"60QJ000285",118,23,95
"60QJ000286",97,11,86
"60QJ000287",257,52,205
"60QJ000288",203,27,176
"60QJ000289",95,32,63
"60QJ000290",121,29,92
"60QJ000291",86,11,75
"60QJ000292",74,20,54
"60QJ000293",63,27,36
"60QJ000294",114,33,81
"60QJ000295",64,25,39
"60QJ000296",93,53,40
"60QJ000297",79,26,53
"60QJ000298",59,37,22
"60QJ000299",51,28,23
"60QJ000300",79,33,46
"60QJ000301",73,32,41
"60QJ000302",74,24,50
"60QJ000303",112,44,68
"60QJ000304",63,34,29
"60QJ000305",75,30,45
"60QJ000306",134,52,82
"60QJ000307",147,36,111
"60QJ000308",76,40,36
"60QJ000309",124,21,103
"60QJ000310",192,31,161
"60QJ000311",93,13,80
"60QJ000312",149,25,124
"60QJ000313",125,49,76
"60QJ000314",121,45,76
"60QJ000315",139,19,120
"60QJ000316",97,32,65
"60QJ000317",73,11,62
"60QJ000318",92,16,76
"60QJ000319",68,24,44
"60QJ000320",86,25,61
"60QJ000321",101,24,77
"60QJ000322",52,11,41
"60QJ000323",103,38,65
"60QJ000324",72,25,47
"60QJ000325",99,18,81
"60QJ000326",98,23,75
"60QJ000327",71,28,43
"60QJ000328",79,19,60
"60QJ000329",52,21,31
"60QJ000330",141,15,126
"60QJ000331",147,22,125
"60QJ000332",173,23,150
"60QJ000333",81,12,69
"60QJ000334",97,25,72
"60QJ000335",123,37,86
"60QJ000336",105,49,56
"60QJ000337",131,21,110
"60QJ000338",115,45,70
"60QJ000339",181,38,143
"60QJ000340",164,35,129
"60QJ000341",136,26,110
"60QJ000342",114,41,73
"60QJ000343",75,19,56
"60QJ000344",110,21,89
"60QJ000345",129,74,55
"60QJ000346",58,7,51
"60QJ000347",89,24,65
"60QJ000348",170,27,143
"60QJ000349",57,36,21
"60QJ000350",115,12,103
"60QJ000351",63,19,44
"60QJ000352",106,18,88
"60QJ000353",69,20,49
"60QJ000354",65,16,49
"60QJ000355",62,9,53
"60QJ000356",85,22,63
"60QJ000357",130,35,95
"60QJ000358",104,45,59
"60QJ000359",116,21,95
"60QJ000360",62,21,41
"60QJ000361",66,12,54
"60QJ000362",106,43,63
"60QJ000363",109,40,69
"60QJ000364",73,23,50
"60QJ000365",87,35,52
"60QJ000366",101,48,53
"60QJ000367",95,12,83
"60QJ000368",86,38,48
"60QJ000369",105,27,78
"60QJ000370",58,9,49
"60QJ000371",61,6,55
"60QJ000372",70,11,59
"60QJ000373",57,16,41
"60QJ000374",102,40,62
"60QJ000375",107,43,64
"60QJ000376",53,22,31
"60QJ000377",116,37,79
"60QJ000378",122,36,86
"60QJ000379",110,46,64
"60QJ000380",123,11,112
"60QJ000381",63,42,21
"60QJ000382",64,24,40
"60QJ000383",120,26,94
"60QJ000384",71,19,52
"60QJ000385",79,27,52
"60QJ000386",55,32,23
"60QJ000387",62,24,38
"60QJ000388",74,31,43
"60QJ000389",127,35,92
"60QJ000390",120,34,86
"60QJ000391",73,34,39
"60QJ000392",92,34,58
"60QJ000393",109,31,78
"60QJ000394",173,21,152
"60QJ000395",158,27,131
"60QJ000396",62,23,39
"60QJ000397",86,41,45
"60QJ000398",115,44,71
"60QJ000399",105,39,66
"60QJ000400",114,54,60
"60QJ000401",88,46,42
"60QJ000402",94,11,83
"60QJ000403",74,11,63
"60QJ000404",56,15,41
"60QJ000405",77,21,56
"60QJ000406",82,33,49
"60QJ000407",82,32,50
"60QJ000408",62,25,37
"60QJ000409",120,50,70
"60QJ000410",91,23,68
"60QJ000411",118,28,90
"60QJ000412",94,46,48
"60QJ000413",126,14,112
"60QJ000414",90,12,78
"60QJ000415",123,29,94
"60QJ000416",111,12,99
"60QJ000417",80,16,64
"60QJ000418",102,30,72
"60QJ000419",161,38,123
"60QJ000420",191,37,154
"60QJ000421",128,17,111
"60QJ000422",67,14,53
"60QJ000423",72,4,68
"60QJ000424",123,16,107
"60QJ000425",120,21,99
"60QJ000426",115,21,94
"60QJ000427",137,14,123
"60QJ000428",110,24,86
"60QJ000429",99,21,78
"60QJ000430",133,23,110
"60QJ000431",112,17,95
"60QJ000432",122,16,106
"60QJ000433",125,33,92
"60QJ000434",126,18,108
"60QJ000435",89,12,77
"60QJ000436",128,26,102
"60QJ000437",109,40,69
"60QJ000438",98,36,62
"60QJ000439",96,72,24
"60QJ000440",157,54,103
"60QJ000441",115,20,95
"60QJ000442",144,38,106
"60QJ000443",123,29,94
"60QJ000444",159,33,126
"60QJ000445",97,22,75
"60QJ000446",184,20,164
"60QJ000447",121,33,88
"60QJ000448",178,40,138
"60QJ000449",126,24,102
"60QJ000450",86,23,63
"60QJ000451",88,23,65
"60QJ000452",191,32,159
"60QJ000453",119,39,80
"60QJ000454",80,27,53
"60QJ000455",105,22,83
"60QJ000456",117,44,73
"60QJ000457",115,36,79
"60QJ000458",81,29,52
"60QJ000459",154,17,137
"60QJ000460",100,29,71
"60QJ000461",138,33,105
"60QJ000462",167,39,128
"60QJ000463",90,22,68
"60QJ000464",138,29,109
"60QJ000465",102,26,76
"60QJ000466",155,42,113
"60QJ000467",128,24,104
"60QJ000468",167,16,151
"60QJ000469",130,19,111
"60QJ000470",114,18,96
"60QJ000471",54,13,41
"60QJ000472",124,33,91
"60QJ000473",136,28,108
"60QJ000474",149,46,103
"60QJ000475",117,37,80
"60QJ000476",105,33,72
"60QJ000477",93,23,70
"60QJ000478",119,23,96
"60QJ000479",139,50,89
"60QJ000480",111,24,87
"60QJ000481",121,30,91
"60QJ000482",140,24,116
"60QJ000483",109,17,92
"60QJ000484",141,28,113
"60QJ000485",127,15,112
"60QJ000486",109,13,96
"60QJ000487",128,25,103
"60QJ000488",125,5,120
"60QJ000489",115,22,93
"60QJ000490",98,18,80
"60QJ000491",128,31,97
"60QJ000492",120,18,102
"60QJ000493",87,14,73
"60QJ000494",193,27,166
"60QJ000495",182,29,153
"60QJ000496",168,20,148
"60QJ000497",86,9,77
"60QJ000498",135,27,108
"60QJ000499",114,19,95
"60QJ000500",135,58,77
"60QJ000501",157,25,132
"60QJ000502",109,25,84
"60QJ000503",129,24,105
"60QJ000504",174,39,135
"60QJ000505",120,27,93
"60QJ000506",137,21,116
"60QJ000507",107,15,92
"60QJ000508",219,66,153
"60QJ000509",133,20,113
"60QJ000510",124,31,93
"60QJ000511",150,36,114
"60QJ000512",133,26,107
"60QJ000513",196,44,152
"60QJ000514",130,35,95
"60QJ000515",122,31,91
"60QJ000516",114,24,90
"60QJ000517",183,31,152
"60QJ000518",109,23,86
"60QJ000519",142,37,105
"60QJ000520",147,33,114
"60QJ000521",161,25,136
"60QJ000522",172,23,149
"60QJ000523",108,34,74
"60QJ000524",222,38,184
"60QJ000525",228,42,186
"60QJ000526",116,27,89
"60QJ000527",116,19,97
"60QJ000528",109,29,80
"60QJ000529",123,39,84
"60QJ000530",80,26,54
"60QJ000531",75,26,49
"60QJ000532",107,34,73
"60QJ000533",136,28,108
"60QJ000534",134,60,74
"60QJ000535",56,11,45
"60QJ000536",119,55,64
"60QJ000537",134,27,107
"60QJ000538",109,20,89
"60QJ000539",116,15,101
"60QJ000540",89,33,56
"60QJ000541",166,51,115
"60QJ000542",83,11,72
"60QJ000543",98,21,77
"60QJ000544",91,13,78
"60QJ000545",71,16,55
"60QJ000546",90,17,73
"60QJ000547",121,12,109
"60QJ000548",105,21,84
"60QJ000549",105,11,94
"60QJ000550",81,12,69
"60QJ000551",114,16,98
"60QJ000552",65,24,41
"60QJ000553",106,15,91
"60QJ000554",92,15,77
"60QJ000555",117,11,106
"60QJ000556",79,9,70
"60QJ000557",120,42,78
"60QJ000558",95,30,65
"60QJ000559",83,12,71
"60QJ000560",118,42,76
"60QJ000561",80,15,65
"60QJ000562",131,35,96
"60QJ000563",77,36,41
"60QJ000564",164,37,127
"60QJ000565",85,19,66
"60QJ000566",109,16,93
"60QJ000567",59,21,38
"60QJ000568",125,25,100
"60QJ000569",101,11,90
"60QJ000570",148,32,116
"60QJ000571",100,49,51
"60QJ000572",78,30,48
"60QJ000573",98,34,64
"60QJ000574",124,16,108
"60QJ000575",84,8,76
"60QJ000576",101,18,83
"60QJ000577",111,19,92
"60QJ000578",114,20,94
"60QJ000579",180,32,148
"60QJ000580",102,34,68
"60QJ000581",179,24,155
"60QJ000582",170,18,152
"60QJ000583",97,9,88
"60QJ000584",199,26,173
"60QJ000585",124,30,94
"60QJ000586",130,22,108
"60QJ000587",135,23,112
"60QJ000588",131,19,112
"60QJ000589",134,14,120
"60QJ000590",149,24,125
"60QJ000591",100,15,85
"60QJ000592",122,18,104
"60QJ000593",133,24,109
"60QJ000594",142,25,117
"60QJ000595",122,19,103
"60QJ000596",132,29,103
"60QJ000597",116,39,77
"60QJ000598",79,23,56
"60QJ000599",86,37,49
"60QJ000600",84,45,39
"60QJ000601",119,52,67
"60QJ000602",127,38,89
"60QJ000603",79,26,53
"60QJ000604",80,31,49
"60QJ000605",55,21,34
"60QJ000606",103,25,78
"60QJ000607",72,30,42
"60QJ000608",106,35,71
"60QJ000609",101,21,80
"60QJ000610",117,29,88
"60QJ000611",84,22,62
"60QJ000612",81,44,37
"60QJ000613",74,16,58
"60QJ000614",101,21,80
"60QJ000615",148,37,111
"60QJ000616",71,8,63
"60QJ000617",147,20,127
"60QJ000618",133,50,83
"60QJ000619",75,29,46
"60QJ000620",154,28,126
"60QJ000621",132,31,101
"60QJ000622",109,31,78
"60QJ000623",82,19,63
"60QJ000624",102,40,62
"60QJ000625",83,15,68
"60QJ000626",83,25,58
"60QJ000627",148,49,99
"60QJ000628",109,33,76
"60QJ000629",84,47,37
"60QJ000630",112,47,65
"60QJ000631",78,34,44
"60QJ000632",136,25,111
"60QJ000633",82,32,50
"60QJ000634",106,55,51
"60QJ000635",157,41,116
"60QJ000636",90,29,61
"60QJ000637",66,45,21
"60QJ000638",74,35,39
"60QJ000639",57,6,51
"60QJ000640",88,29,59
"60QJ000641",56,18,38
"60QJ000642",154,35,119
"60QJ000643",107,26,81
"60QJ000644",111,24,87
"60QJ000645",132,32,100
"60QJ000646",112,35,77
"60QJ000647",99,31,68
"60QJ000648",225,55,170
"60QJ000649",185,52,133
"60QJ000650",127,39,88
"60QJ000651",167,7,160
"60QJ000652",92,20,72
"60QJ000653",200,28,172
"60QJ000654",158,26,132
"60QJ000655",146,35,111
"60QJ000656",117,28,89
"60QJ000657",94,27,67
"60QJ000658",89,20,69
"60QJ000659",81,21,60
"60QJ000660",105,39,66
"60QJ000661",105,34,71
"60QJ000662",147,38,109
"60QJ000663",107,31,76
"60QJ000664",71,15,56
"60QJ000665",128,20,108
"60QJ000666",161,77,84
"60QJ000667",108,48,60
"60QJ000668",152,33,119
"60QJ000669",102,60,42
"60QJ000670",199,31,168
"60QJ000671",114,20,94
"60QJ000672",114,30,84
"60QJ000673",178,47,131
"60QJ000674",146,38,108
"60QJ000675",96,18,78
"60QJ000676",90,30,60
"60QJ000677",130,29,101
"60QJ000678",162,41,121
"60QJ000679",150,41,109
"60QJ000680",126,30,96
"60QJ000681",86,23,63
"60QJ000682",77,25,52
"60QJ000683",173,35,138
"60QJ000684",93,16,77
"60QJ000685",121,24,97
"60QJ000686",172,43,129
"60QJ000687",78,24,54
"60QJ000688",58,29,29
"60QJ000689",189,41,148
"60QJ000690",162,32,130
"60QJ000691",128,30,98
"60QJ000692",141,46,95
"60QJ000693",73,15,58
"60QJ000694",100,25,75
"60QJ000695",112,32,80
"60QJ000696",92,22,70
"60QJ000697",183,37,146
"60QJ000698",112,56,56
"60QJ000699",152,61,91
"60QJ000700",162,39,123
"60QJ000701",166,39,127
"60QJ000702",118,29,89
"60QJ000703",103,56,47
"60QJ000704",110,29,81
"60QJ000705",124,36,88
"60QJ000706",59,31,28
"60QJ000707",91,21,70
"60QJ000708",122,29,93
"60QJ000709",117,27,90
"60QJ000710",99,26,73
"60QJ000711",124,36,88
"60QJ000712",84,32,52
"60QJ000713",158,36,122
"60QJ000714",80,35,45
"60QJ000715",71,31,40
"60QJ000716",93,39,54
"60QJ000717",70,29,41
"60QJ000718",95,20,75
"60QJ000719",80,33,47
"60QJ000720",139,52,87
"60QJ000721",82,17,65
"60QJ000722",73,21,52
"60QJ000723",69,11,58
"60QJ000724",150,43,107
"60QJ000725",84,32,52
"60QJ000726",121,31,90
"60QJ000727",94,46,48
"60QJ000728",102,27,75
"60QJ000729",63,20,43
"60QJ000730",126,34,92
"60QJ000731",106,24,82
"60QJ000732",156,37,119
"60QJ000733",135,26,109
"60QJ000734",92,25,67
"60QJ000735",105,14,91
"60QJ000736",117,26,91
"60QJ000737",170,30,140
"60QJ000738",122,38,84
"60QJ000739",101,19,82
"60QJ000740",120,21,99
"60QJ000741",131,24,107
"60QJ000742",141,47,94
"60QJ000743",158,38,120
"60QJ000744",70,19,51
"60QJ000745",57,25,32
"60QJ000746",120,33,87
"60QJ000747",179,22,157
"60QJ000748",100,12,88
"60QJ000749",110,35,75
"60QJ000750",174,53,121
"60QJ000751",154,20,134
"60QJ000752",110,25,85
"60QJ000753",107,17,90
"60QJ000754",91,29,62
"60QJ000755",163,21,142
"60QJ000756",87,50,37
"60QJ000757",105,29,76
"60QJ000758",130,26,104
"60QJ000759",91,31,60
"60QJ000760",183,40,143
"60QJ000761",137,46,91
"60QJ000762",181,45,136
"60QJ000763",166,38,128
"60QJ000764",186,47,139
"60QJ000765",198,42,156
"60QJ000766",89,18,71
"60QJ000767",149,31,118
"60QJ000768",100,19,81
"60QJ000769",129,35,94
"60QJ000770",118,12,106
"60QJ000771",118,33,85
"60QJ000772",127,34,93
"60QJ000773",112,26,86
"60QJ000774",96,28,68
"60QJ000775",136,21,115
"60QJ000776",153,34,119
"60QJ000777",163,22,141
"60QJ000778",89,15,74
"60QJ000779",175,19,156
"60QJ000780",96,16,80
"60QJ000781",176,37,139
"60QJ000782",99,28,71
"60QJ000783",114,20,94
"60QJ000784",84,34,50
"60QJ000785",117,36,81
"60QJ000786",135,62,73
"60QJ000787",95,45,50
"60QJ000788",128,47,81
"60QJ000789",178,28,150
"60QJ000790",155,35,120
"60QJ000791",54,17,37
"60QJ000792",119,15,104
"60QJ000793",119,14,105
"60QJ000794",91,52,39
"60QJ000795",131,38,93
"60QJ000796",162,19,143
"60QJ000797",105,3,102
"60QJ000798",135,11,124
"60QJ000799",105,5,100
"60QJ000800",157,10,147
"60QJ000801",177,26,151
"60QJ000802",144,19,125
"60QJ000803",154,21,133
"60QJ000804",85,18,67
"60QJ000805",165,26,139
"60QJ000806",127,22,105
"60QJ000807",124,18,106
"60QJ000808",105,16,89
"60QJ000809",114,12,102
"60QJ000810",210,25,185
"60QJ000811",131,16,115
"60QJ000812",129,21,108
"60QJ000813",195,48,147
"60QJ000814",169,33,136
"60QJ000815",148,27,121
"60QJ000816",181,29,152
"60QJ000817",142,28,114
"60QJ000818",100,56,44
"60QJ000819",194,75,119
"60QJ000820",113,20,93
"60QJ000821",88,38,50
"60QJ000822",122,10,112
"60QJ000823",139,30,109
"60QJ000824",141,34,107
"60QJ000825",68,28,40
"60QJ000826",98,50,48
"60QJ000827",112,17,95
"60QJ000828",69,24,45
"60QJ000829",96,46,50
"60QJ000830",75,20,55
"60QJ000831",120,33,87
"60QJ000832",94,14,80
"60QJ000833",118,23,95
"60QJ000834",92,28,64
"60QJ000835",73,14,59
"60QJ000836",120,60,60
"60QJ000837",57,11,46
"60QJ000838",76,23,53
"60QJ000839",84,20,64
"60QJ000840",72,12,60
"60QJ000841",113,20,93
"60QJ000842",91,13,78
"60QJ000843",119,26,93
"60QJ000844",166,18,148
"60QJ000845",144,10,134
"60QJ000846",161,41,120
"60QJ000847",131,19,112
"60QJ000848",142,18,124
"60QJ000849",133,21,112
"60QJ000850",112,24,88
"60QJ000851",137,17,120
"60QJ000852",172,25,147
"60QJ000853",109,21,88
"60QJ000854",128,14,114
"60QJ000855",136,14,122
"60QJ000856",110,25,85
"60QJ000857",96,18,78
"60QJ000858",52,27,25
"60QJ000859",105,26,79
"60QJ000860",134,31,103
"60QJ000861",76,32,44
"60QJ000862",70,22,48
"60QJ000863",97,13,84
"60QJ000864",169,27,142
"60QJ000865",88,25,63
"60QJ000866",105,7,98
"60QJ000867",87,16,71
"60QJ000868",115,28,87
"60QJ000869",153,18,135
"60QJ000870",103,13,90
"60QJ000871",102,25,77
"60QJ000872",107,19,88
"60QJ000873",93,11,82
"60QJ000874",123,22,101
"60QJ000875",147,43,104
"60QJ000876",72,11,61
"60QJ000877",132,28,104
"60QJ000878",122,26,96
"60QJ000879",103,12,91
"60QJ000880",123,26,97
"60QJ000881",131,17,114
"60QJ000882",128,14,114
"60QJ000883",107,23,84
"60QJ000884",108,19,89
"60QJ000885",179,30,149
"60QJ000886",161,23,138
"60QJ000887",133,23,110
"60QJ000888",68,16,52
"60QJ000889",133,17,116
"60QJ000890",105,10,95
"60QJ000891",57,3,54
"60QJ000892",155,36,119
"60QJ000893",122,20,102
"60QJ000894",71,40,31
"60QJ000895",118,26,92
"60QJ000896",75,30,45
"60QJ000897",62,30,32
"60QJ000898",142,16,126
"60QJ000899",163,19,144
"60QJ000900",119,14,105
"60QJ000901",124,9,115
"60QJ000902",143,27,116
"60QJ000903",229,20,209
"60QJ000904",170,14,156
"60QJ000905",117,19,98
"60QJ000906",133,20,113
"60QJ000907",112,15,97
"60QJ000908",107,12,95
"60QJ000909",123,14,109
"60QJ000910",165,14,151
"60QJ000911",54,7,47
"60QJ000912",132,27,105
"60QJ000913",150,37,113
"60QJ000914",119,13,106
"60QJ000915",107,19,88
"60QJ000916",133,18,115
"60QJ000917",166,19,147
"60QJ000918",155,17,138
"60QJ000919",144,30,114
"60QJ000920",81,25,56
"60QJ000921",148,18,130
"60QJ000922",73,21,52
"60QJ000923",52,22,30
"60QJ000924",107,22,85
"60QJ000925",81,30,51
"60QJ000926",122,18,104
"60QJ000927",92,47,45
"60QJ000928",100,18,82
"60QJ000929",165,36,129
"60QJ000930",135,14,121
"60QJ000931",105,24,81
"60QJ000932",81,23,58
"60QJ000933",77,16,61
"60QJ000934",93,22,71
"60QJ000935",129,38,91
"60QJ000936",83,19,64
"60QJ000937",69,25,44
"60QJ000938",124,39,85
"60QJ000939",106,37,69
"60QJ000940",61,6,55
"60QJ000941",104,12,92
"60QJ000942",96,10,86
"60QJ000943",56,6,50
"60QJ000944",55,21,34
"60QJ000945",117,17,100
"60QJ000946",83,7,76
"60QJ000947",68,14,54
"60QJ000948",106,5,101
"60QJ000949",77,20,57
"60QJ000950",114,20,94
"60QJ000951",65,8,57
"60QJ000952",109,9,100
"60QJ000953",85,12,73
"60QJ000954",98,22,76
"60QJ000955",164,70,94
"60QJ000956",92,43,49
"60QJ000957",162,8,154
"60QJ000958",72,18,54
"60QJ000959",111,23,88
"60QJ000960",87,14,73
"60QJ000961",74,10,64
"60QJ000962",51,8,43
"60QJ000963",81,9,72
"60QJ000964",71,7,64
"60QJ000965",227,16,211
"60QJ000966",84,23,61
"60QJ000967",134,22,112
"60QJ000968",107,28,79
"60QJ000969",90,17,73
"60QJ000970",87,44,43
"60QJ000971",59,5,54
"60QJ000972",56,13,43
"60QJ000973",88,26,62
"60QJ000974",81,6,75
"60QJ000975",94,30,64
"60QJ000976",121,27,94
"60QJ000977",67,28,39
"60QJ000978",54,8,46
"60QJ000979",90,38,52
"60QJ000980",86,20,66
"60QJ000981",76,17,59
"60QJ000982",83,16,67
"60QJ000983",99,16,83
"60QJ000984",63,15,48
"60QJ000985",59,17,42
"60QJ000986",77,16,61
"60QJ000987",122,30,92
"60QJ000988",77,24,53
"60QJ000989",80,9,71
"60QJ000990",53,15,38
"60QJ000991",62,18,44
"60QJ000992",79,15,64
"60QJ000993",102,26,76
"60QJ000994",62,34,28
"60QJ000995",87,7,80
"60QJ000996",210,69,141
"60QJ000997",78,28,50
"60QJ000998",62,37,25
"60QJ000999",93,61,32
"60QJ001000",88,18,70
"60QJ001001",53,15,38
"60QJ001002",76,29,47
"60QJ001003",74,28,46
"60QJ001004",64,28,36
"60QJ001005",309,134,175
"60QJ001006",96,22,74
"60QJ001007",66,13,53
"60QJ001008",101,24,77
"60QJ001009",53,27,26
"60QJ001010",54,9,45
"60QJ001011",99,32,67
"60QJ001012",103,21,82
"60QJ001013",89,12,77
"60QJ001014",59,24,35
"60QJ001015",94,15,79
"60QJ001016",77,19,58
"60QJ001017",139,24,115
"60QJ001018",110,18,92
"60QJ001019",188,26,162
"60QJ001020",56,31,25
"60QJ001021",93,7,86
"60QJ001022",119,11,108
"60QJ001023",60,10,50
"60QJ001024",95,14,81
"60QJ001025",67,8,59
"60QJ001026",99,18,81
"60QJ001027",74,1,73
"60QJ001028",63,24,39
"60QJ001029",73,17,56
"60QJ001030",74,12,62
"60QJ001031",99,10,89
"60QJ001032",127,18,109
"60QJ001033",132,28,104
"60QJ001034",66,21,45
"60QJ001035",54,13,41
"60QJ001036",52,6,46
"60QJ001037",69,27,42
"60QJ001038",194,28,166
"60QJ001039",58,15,43
"60QJ001040",75,16,59
"60QJ001041",114,24,90
"60QJ001042",97,43,54
"60QJ001043",79,34,45
"60QJ001044",69,8,61
"60QJ001045",135,22,113
"60QJ001046",72,14,58
"60QJ001047",66,17,49
"60QJ001048",62,17,45
"60QJ001049",159,22,137
"60QJ001050",84,28,56
"60QJ001051",84,31,53
"60QJ001052",90,35,55
"60QJ001053",114,30,84
"60QJ001054",62,31,31
"60QJ001055",57,30,27
"60QJ001056",112,19,93
"60QJ001057",78,22,56
"60QJ001058",106,25,81
"60QJ001059",93,23,70
"60QJ001060",88,21,67
"60QJ001061",50,16,34
"60QJ001062",118,25,93
"60QJ001063",126,18,108
"60QJ001064",81,12,69
"60QJ001065",131,19,112
"60QJ001066",108,15,93
"60QJ001067",95,9,86
"60QJ001068",273,74,199
"60QJ001069",95,24,71
"60QJ001070",68,3,65
"60QJ001071",108,8,100
"60QJ001072",62,18,44
"60QJ001073",105,34,71
"60QJ001074",156,5,151
"60QJ001075",107,11,96
"60QJ001076",87,11,76
"60QJ001077",104,8,96
"60QJ001078",151,33,118
"60QJ001079",103,6,97
"60QJ001080",80,18,62
"60QJ001081",121,28,93
"60QJ001082",99,26,73
"60QJ001083",153,24,129
"60QJ001084",114,10,104
"60QJ001085",132,34,98
"60QJ001086",117,12,105
"60QJ001087",88,19,69
"60QJ001088",80,11,69
"60QJ001089",352,26,326
"60QJ001090",105,5,100
"60QJ001091",158,9,149
"60QJ001092",366,18,348
"60QJ001093",122,8,114
"60QJ001094",120,7,113
"60QJ001095",140,8,132
"60QJ001096",139,9,130
"60QJ001097",73,14,59
"60QJ001098",79,7,72
"60QJ001099",67,5,62
"60QJ001100",97,31,66
"60QJ001101",122,20,102
"60QJ001102",157,24,133
"60QJ001103",135,17,118
"60QJ001104",112,22,90
"60QJ001105",81,38,43
"60QJ001106",139,17,122
"60QJ001107",96,8,88
"60QJ001108",146,6,140
"60QJ001109",163,6,157
"60QJ001110",141,91,50
"60QJ001111",51,13,38
"60QJ001112",177,39,138
"60QJ001113",111,35,76
"60QJ001114",72,10,62
"60QJ001115",78,39,39
"60QJ001116",73,48,25
"60QJ001117",57,30,27
"60QJ001118",79,34,45
"60QJ001119",55,29,26
"60QJ001120",106,19,87
"60QJ001121",73,19,54
"60QJ001122",126,25,101
"60QJ001123",117,29,88
"60QJ001124",66,34,32
"60QJ001125",83,27,56
"60QJ001126",90,33,57
"60QJ001127",82,19,63
"60QJ001128",148,32,116
"60QJ001129",141,39,102
"60QJ001130",91,7,84
"60QJ001131",84,44,40
"60QJ001132",69,38,31
"60QJ001133",126,42,84
"60QJ001134",142,55,87
"60QJ001135",74,29,45
"60QJ001136",96,25,71
"60QJ001137",71,19,52
"60QJ001138",107,12,95
"60QJ001139",75,18,57
"60QJ001140",89,17,72
"60QJ001141",88,16,72
"60QJ001142",103,13,90
"60QJ001143",111,17,94
"60QJ001144",62,16,46
"60QJ001145",75,21,54
"60QJ001146",102,11,91
"60QJ001147",80,15,65
"60QJ001148",230,31,199
"60QJ001149",122,37,85
"60QJ001150",62,20,42
"60QJ001151",80,16,64
"60QJ001152",79,13,66
"60QJ001153",89,9,80
"60QJ001154",134,30,104
"60QJ001155",148,65,83
"60QJ001156",135,70,65
"60QJ001157",79,24,55
"60QJ001158",92,45,47
"60QJ001159",116,60,56
"60QJ001160",150,29,121
"60QJ001161",60,13,47
"60QJ001162",114,19,95
"60QJ001163",115,13,102
"60QJ001164",107,16,91
"60QJ001165",81,16,65
"60QJ001166",81,8,73
"60QJ001167",165,18,147
"60QJ001168",115,9,106
"60QJ001169",145,16,129
"60QJ001170",132,24,108
"60QJ001171",98,17,81
"60QJ001172",57,10,47
"60QJ001173",100,11,89
"60QJ001174",112,18,94
"60QJ001175",113,42,71
"60QJ001176",85,13,72
"60QJ001177",138,29,109
"60QJ001178",91,15,76
"60QJ001179",101,14,87
"60QJ001180",110,7,103
"60QJ001181",111,16,95
"60QJ001182",116,26,90
"60QJ001183",50,13,37
"60QJ001184",87,34,53
"60QJ001185",116,29,87
"60QJ001186",161,15,146
"60QJ001187",140,9,131
"60QJ001188",132,9,123
"60QJ001189",82,29,53
"60QJ001190",119,39,80
"60QJ001191",116,27,89
"60QJ001192",131,10,121
"60QJ001193",164,8,156
"60QJ001194",76,8,68
"60QJ001195",88,20,68
"60QJ001196",151,36,115
"60QJ001197",92,19,73
"60QJ001198",176,24,152
"60QJ001199",93,9,84
"60QJ001200",125,15,110
"60QJ001201",158,22,136
"60QJ001202",141,11,130
"60QJ001203",171,8,163
"60QJ001204",92,29,63
"60QJ001205",115,38,77
"60QJ001206",55,21,34
"60QJ001207",116,24,92
"60QJ001208",89,21,68
"60QJ001209",135,28,107
"60QJ001210",171,30,141
"60QJ001211",116,17,99
"60QJ001212",188,15,173
"60QJ001213",85,16,69
"60QJ001214",175,7,168
"60QJ001215",153,9,144
"60QJ001216",117,20,97
"60QJ001217",141,18,123
"60QJ001218",146,16,130
"60QJ001219",117,15,102
"60QJ001220",117,19,98
"60QJ001221",165,13,152
"60QJ001222",78,15,63
"60QJ001223",120,42,78
"60QJ001224",120,30,90
"60QJ001225",73,31,42
"60QJ001226",125,42,83
"60QJ001227",106,23,83
"60QJ001228",64,15,49
"60QJ001229",157,44,113
"60QJ001230",87,14,73
"60QJ001231",114,4,110
"60QJ001232",70,10,60
"60QJ001233",104,11,93
"60QJ001234",63,11,52
"60QJ001235",83,37,46
"60QJ001236",163,16,147
"60QJ001237",64,7,57
"60QJ001238",123,12,111
"60QJ001239",113,10,103
"60QJ001240",64,28,36
"60QJ001241",110,37,73
"60QJ001242",273,29,244
"60QJ001243",67,17,50
"60QJ001244",117,8,109
"60QJ001245",166,28,138
"60QJ001246",72,11,61
"60QJ001247",139,20,119
"60QJ001248",62,7,55
"60QJ001249",199,39,160
"60QJ001250",87,17,70
"60QJ001251",136,23,113
"60QJ001252",134,63,71
"60QJ001253",133,14,119
"60QJ001254",113,7,106
"60QJ001255",200,5,195
"60QJ001256",145,9,136
"60QJ001257",99,12,87
"60QJ001258",151,14,137
"60QJ001259",145,7,138
"60QJ001260",108,6,102
"60QJ001261",110,12,98
"60QJ001262",96,17,79
"60QJ001263",344,48,296
"60QJ001264",157,77,80
"60QJ001265",102,33,69
"60QJ001266",349,132,217
"60QJ001267",70,44,26
"60QJ001268",97,16,81
"60QJ001269",125,42,83
"60QJ001270",77,29,48
"60QJ001271",98,36,62
"60QJ001272",124,5,119
"60QJ001273",132,9,123
"60QJ001274",152,21,131
"60QJ001275",130,12,118
"60QJ001276",102,41,61
"60QJ001277",81,42,39
"60QJ001278",136,36,100
"60QJ001279",89,10,79
"60QJ001280",63,13,50
"60QJ001281",114,15,99
"60QJ001282",156,45,111
"60QJ001283",215,5,210
"60QJ001284",92,8,84
"60QJ001285",195,13,182
"60QJ001286",54,5,49
"60QJ001287",498,29,469
"60QK000001",58,7,51
"60QK000002",80,12,68
"60QK000003",131,19,112
"60QK000004",193,70,123
"60QK000005",124,37,87
"60QK000006",153,23,130
"60QK000007",242,30,212
"60QK000008",104,29,75
"60QK000009",83,30,53
"60QK000010",136,47,89
"60QK000011",86,19,67
"60QK000012",71,11,60
"60QK000013",190,69,121
"60QK000014",130,25,105
"60QK000015",227,33,194
"60QK000016",177,34,143
"60QK000017",97,17,80
"60QK000018",56,16,40
"60QK000019",138,29,109
"60QK000020",186,26,160
"60QK000021",112,23,89
"60QK000022",184,29,155
"60QK000023",86,19,67
"60QK000024",114,30,84
"60QK000025",158,30,128
"60QK000026",53,13,40
"60QK000027",165,36,129
"60QK000028",175,91,84
"60QK000029",57,11,46
"60QK000030",173,18,155
"60QK000031",105,17,88
"60QK000032",207,21,186
"60QK000033",138,20,118
"60QK000034",179,26,153
"60QK000035",79,11,68
"60QK000036",159,27,132
"60QK000037",183,34,149
"60QK000038",195,70,125
"60QK000039",99,16,83
"60QK000040",107,10,97
"60QK000041",69,6,63
"60QK000042",56,7,49
"60QK000043",136,15,121
"60QK000044",153,24,129
"60QK000045",113,22,91
"60QK000046",90,14,76
"60QK000047",87,8,79
"60QK000048",102,39,63
"60QK000049",203,49,154
"60QK000050",171,58,113
"60QK000051",54,13,41
"60QK000052",160,38,122
"60QK000053",169,60,109
"60QK000054",98,32,66
"60QK000055",128,56,72
"60QK000056",96,37,59
"60QK000057",85,36,49
"60QK000058",138,50,88
"60QK000059",163,33,130
"60QK000060",162,46,116
"60QK000061",106,54,52
"60QK000062",109,50,59
"60QK000063",150,53,97
"60QK000064",137,58,79
"60QK000065",82,38,44
"60QK000066",117,24,93
"60QK000067",144,33,111
"60QK000068",99,37,62
"60QK000069",105,22,83
"60QK000070",99,31,68
"60QK000071",140,49,91
"60QK000072",144,36,108
"60QK000073",183,34,149
"60QK000074",157,60,97
"60QK000075",145,63,82
"60QK000076",58,26,32
"60QK000077",102,22,80
"60QK000078",61,26,35
"60QK000079",101,30,71
"60QK000080",118,32,86
"60QK000081",145,35,110
"60QK000082",78,15,63
"60QK000083",165,28,137
"60QK000084",140,35,105
"60QK000085",110,19,91
"60QK000086",102,23,79
"60QK000087",136,29,107
"60QK000088",137,38,99
"60QK000089",115,17,98
"60QK000090",128,32,96
"60QK000091",80,33,47
"60QK000092",58,17,41
"60QK000093",104,34,70
"60QK000094",81,33,48
"60QK000095",105,35,70
"60QK000096",74,50,24
"60QK000097",96,24,72
"60QK000098",104,34,70
"60QK000099",97,43,54
"60QK000100",108,43,65
"60QK000101",127,33,94
"60QK000102",105,22,83
"60QK000103",119,28,91
"60QK000104",112,33,79
"60QK000105",155,45,110
"60QK000106",99,35,64
"60QK000107",163,35,128
"60QK000108",155,36,119
"60QK000109",98,21,77
"60QK000110",136,27,109
"60QK000111",139,20,119
"60QK000112",134,25,109
"60QK000113",172,34,138
"60QK000114",111,31,80
"60QK000115",163,56,107
"60QK000116",196,57,139
"60QK000117",141,54,87
"60QK000118",136,41,95
"60QK000119",112,39,73
"60QK000120",147,36,111
"60QK000121",142,25,117
"60QK000122",116,31,85
"60QK000123",129,32,97
"60QK000124",145,49,96
"60QK000125",120,18,102
"60QK000126",155,28,127
"60QK000127",109,22,87
"60QK000128",109,26,83
"60QK000129",86,37,49
"60QK000130",148,48,100
"60QK000131",110,29,81
"60QK000132",146,44,102
"60QK000133",162,38,124
"60QK000134",128,31,97
"60QK000135",56,14,42
"60QK000136",146,39,107
"60QK000137",106,26,80
"60QK000138",156,28,128
"60QK000139",138,27,111
"60QK000140",139,33,106
"60QK000141",192,41,151
"60QK000142",147,30,117
"60QK000143",128,26,102
"60QK000144",118,23,95
"60QK000145",98,17,81
"60QK000146",122,31,91
"60QK000147",158,42,116
"60QK000148",108,24,84
"60QK000149",181,53,128
"60QK000150",162,53,109
"60QK000151",177,41,136
"60QK000152",111,15,96
"60QK000153",77,21,56
"60QK000154",129,32,97
"60QK000155",123,29,94
"60QK000156",107,40,67
"60QK000157",107,28,79
"60QK000158",117,21,96
"60QK000159",121,36,85
"60QK000160",99,35,64
"60QK000161",81,28,53
"60QK000162",86,43,43
"60QK000163",96,34,62
"60QK000164",115,43,72
"60QK000165",117,21,96
"60QK000166",109,54,55
"60QK000167",99,42,57
"60QK000168",126,19,107
"60QK000169",91,14,77
"60QK000170",131,26,105
"60QK000171",115,49,66
"60QK000172",171,20,151
"60QK000173",227,23,204
"60QK000174",98,14,84
"60QK000175",190,34,156
"60QK000176",144,32,112
"60QK000177",171,44,127
"60QK000178",139,26,113
"60QK000179",135,22,113
"60QK000180",147,29,118
"60QK000181",118,23,95
"60QK000182",153,46,107
"60QK000183",137,26,111
"60QK000184",122,22,100
"60QK000185",78,29,49
"60QK000186",58,29,29
"60QK000187",200,55,145
"60QK000188",114,22,92
"60QK000189",156,35,121
"60QK000190",160,42,118
"60QK000191",92,25,67
"60QK000192",104,24,80
"60QK000193",108,42,66
"60QK000194",106,17,89
"60QK000195",98,25,73
"60QK000196",111,28,83
"60QK000197",96,13,83
"60QK000198",108,32,76
"60QK000199",80,20,60
"60QK000200",129,30,99
"60QK000201",135,28,107
"60QK000202",104,21,83
"60QK000203",119,20,99
"60QK000204",114,30,84
"60QK000205",82,19,63
"60QK000206",120,42,78
"60QK000207",135,45,90
"60QK000208",92,20,72
"60QK000209",119,33,86
"60QK000210",98,40,58
"60QK000211",134,38,96
"60QK000212",159,42,117
"60QK000213",142,57,85
"60QK000214",98,43,55
"60QK000215",115,27,88
"60QK000216",169,21,148
"60QK000217",168,46,122
"60QK000218",89,32,57
"60QK000219",187,47,140
"60QK000220",78,18,60
"60QK000221",102,37,65
"60QK000222",126,29,97
"60QK000223",107,22,85
"60QK000224",106,25,81
"60QK000225",74,37,37
"60QK000226",78,39,39
"60QK000227",58,15,43
"60QK000228",61,29,32
"60QK000229",55,24,31
"60QK000230",179,43,136
"60QK000231",96,34,62
"60QK000232",60,27,33
"60QK000233",95,19,76
"60QK000234",114,21,93
"60QK000235",102,50,52
"60QK000236",182,36,146
"60QK000237",157,31,126
"60QK000238",107,23,84
"60QK000239",113,21,92
"60QK000240",118,36,82
"60QK000241",121,39,82
"60QK000242",127,26,101
"60QK000243",111,22,89
"60QK000244",91,22,69
"60QK000245",78,24,54
"60QK000246",111,34,77
"60QK000247",143,45,98
"60QK000248",110,30,80
"60QK000249",103,31,72
"60QK000250",102,34,68
"60QK000251",123,46,77
"60QK000252",86,36,50
"60QK000253",186,41,145
"60QK000254",144,18,126
"60QK000255",83,20,63
"60QK000256",89,11,78
"60QK000257",160,39,121
"60QK000258",151,30,121
"60QK000259",129,24,105
"60QK000260",178,30,148
"60QK000261",152,14,138
"60QK000262",156,37,119
"60QK000263",157,32,125
"60QK000264",111,9,102
"60QK000265",119,26,93
"60QK000266",133,43,90
"60QK000267",102,25,77
"60QK000268",166,40,126
"60QK000269",99,23,76
"60QK000270",134,53,81
"60QK000271",136,43,93
"60QK000272",137,33,104
"60QK000273",117,42,75
"60QK000274",115,33,82
"60QK000275",143,44,99
"60QK000276",110,31,79
"60QK000277",89,33,56
"60QK000278",148,68,80
"60QK000279",130,36,94
"60QK000280",135,43,92
"60QK000281",134,58,76
"60QK000282",247,60,187
"60QK000283",146,13,133
"60QK000284",201,10,191
"60QK000285",116,20,96
"60QK000286",103,19,84
"60QK000287",147,23,124
"60QK000288",132,11,121
"60QK000289",88,15,73
"60QK000290",95,17,78
"60QK000291",108,23,85
"60QK000292",124,11,113
"60QK000293",104,19,85
"60QK000294",125,11,114
"60QK000295",118,30,88
"60QK000296",115,25,90
"60QK000297",110,10,100
"60QK000298",75,6,69
"60QK000299",132,14,118
"60QK000300",125,10,115
"60QK000301",107,23,84
"60QK000302",126,25,101
"60QK000303",138,19,119
"60QK000304",105,13,92
"60QK000305",128,20,108
"60QK000306",68,10,58
"60QK000307",69,8,61
"60QK000308",95,15,80
"60QK000309",69,10,59
"60QK000310",78,29,49
"60QK000311",132,17,115
"60QK000312",167,22,145
"60QK000313",102,32,70
"60QK000314",131,43,88
"60QK000315",96,15,81
"60QK000316",101,22,79
"60QK000317",89,30,59
"60QK000318",117,31,86
"60QK000319",112,25,87
"60QK000320",77,29,48
"60QK000321",125,22,103
"60QK000322",72,10,62
"60QK000323",114,33,81
"60QK000324",126,43,83
"60QK000325",95,11,84
"60QK000326",82,9,73
"60QK000327",57,16,41
"60QK000328",110,38,72
"60QK000329",87,26,61
"60QK000330",128,21,107
"60QK000331",113,15,98
"60QK000332",72,26,46
"60QK000333",107,33,74
"60QK000334",110,30,80
"60QK000335",120,31,89
"60QK000336",64,9,55
"60QK000337",153,43,110
"60QK000338",185,49,136
"60QK000339",127,9,118
"60QK000340",104,31,73
"60QK000341",145,22,123
"60QK000342",111,68,43
"60QK000343",54,24,30
"60QK000344",65,23,42
"60QK000345",159,31,128
"60QK000346",72,35,37
"60QK000347",58,25,33
"60QK000348",85,27,58
"60QK000349",93,37,56
"60QK000350",62,25,37
"60QK000351",86,30,56
"60QK000352",170,28,142
"60QK000353",75,13,62
"60QK000354",76,6,70
"60QK000355",81,7,74
"60QK000356",144,18,126
"60QK000357",121,16,105
"60QK000358",140,23,117
"60QK000359",132,32,100
"60QK000360",111,18,93
"60QK000361",118,19,99
"60QK000362",121,22,99
"60QK000363",161,27,134
"60QK000364",115,23,92
"60QK000365",87,20,67
"60QK000366",136,39,97
"60QK000367",139,23,116
"60QK000368",102,18,84
"60QK000369",161,33,128
"60QK000370",132,31,101
"60QK000371",104,24,80
"60QK000372",110,24,86
"60QK000373",119,26,93
"60QK000374",149,17,132
"60QK000375",102,25,77
"60QK000376",102,28,74
"60QK000377",110,40,70
"60QK000378",119,26,93
"60QK000379",114,31,83
"60QK000380",121,41,80
"60QK000381",105,29,76
"60QK000382",108,26,82
"60QK000383",174,28,146
"60QK000384",152,40,112
"60QK000385",171,36,135
"60QK000386",124,25,99
"60QK000387",136,36,100
"60QK000388",107,29,78
"60QK000389",125,19,106
"60QK000390",114,30,84
"60QK000391",105,24,81
"60QK000392",174,42,132
"60QK000393",120,19,101
"60QK000394",167,25,142
"60QK000395",122,48,74
"60QK000396",149,20,129
"60QK000397",170,31,139
"60QK000398",135,15,120
"60QK000399",128,11,117
"60QK000400",126,31,95
"60QK000401",97,35,62
"60QK000402",199,34,165
"60QK000403",77,17,60
"60QK000404",96,28,68
"60QK000405",82,20,62
"60QK000406",101,23,78
"60QK000407",103,26,77
"60QK000408",97,25,72
"60QK000409",129,18,111
"60QK000410",126,17,109
"60QK000411",128,26,102
"60QK000412",123,27,96
"60QK000413",103,18,85
"60QK000414",98,17,81
"60QK000415",158,31,127
"60QK000416",132,42,90
"60QK000417",94,35,59
"60QK000418",122,24,98
"60QK000419",126,31,95
"60QK000420",94,23,71
"60QK000421",107,25,82
"60QK000422",141,24,117
"60QK000423",126,32,94
"60QK000424",123,22,101
"60QK000425",137,28,109
"60QK000426",109,32,77
"60QK000427",102,23,79
"60QK000428",115,30,85
"60QK000429",63,17,46
"60QK000430",122,33,89
"60QK000431",69,14,55
"60QK000432",146,19,127
"60QK000433",80,28,52
"60QK000434",82,17,65
"60QK000435",164,34,130
"60QK000436",151,11,140
"60QK000437",221,21,200
"60QK000438",174,20,154
"60QK000439",98,24,74
"60QK000440",113,46,67
"60QK000441",126,32,94
"60QK000442",81,22,59
"60QK000443",80,21,59
"60QK000444",116,39,77
"60QK000445",90,24,66
"60QK000446",127,29,98
"60QK000447",87,26,61
"60QK000448",109,37,72
"60QK000449",119,28,91
"60QK000450",81,26,55
"60QK000451",97,35,62
"60QK000452",84,22,62
"60QK000453",111,47,64
"60QK000454",88,37,51
"60QK000455",134,52,82
"60QK000456",87,16,71
"60QK000457",50,24,26
"60QK000458",71,17,54
"60QK000459",64,44,20
"60QK000460",109,20,89
"60QK000461",87,18,69
"60QK000462",64,20,44
"60QK000463",77,7,70
"60QK000464",85,17,68
"60QK000465",68,36,32
"60QK000466",61,29,32
"60QK000467",143,36,107
"60QK000468",158,46,112
"60QK000469",139,33,106
"60QK000470",99,29,70
"60QK000471",82,10,72
"60QK000472",164,30,134
"60QK000473",125,34,91
"60QK000474",124,32,92
"60QK000475",151,21,130
"60QK000476",131,17,114
"60QK000477",149,31,118
"60QK000478",119,24,95
"60QK000479",118,18,100
"60QK000480",155,17,138
"60QK000481",150,12,138
"60QK000482",185,27,158
"60QK000483",166,24,142
"60QK000484",209,25,184
"60QK000485",110,11,99
"60QK000486",94,23,71
"60QK000487",125,22,103
"60QK000488",140,21,119
"60QK000489",98,25,73
"60QK000490",119,25,94
"60QK000491",176,44,132
"60QK000492",115,33,82
"60QK000493",187,32,155
"60QK000494",132,34,98
"60QK000495",120,34,86
"60QK000496",113,30,83
"60QK000497",56,13,43
"60QK000498",109,26,83
"60QK000499",95,25,70
"60QK000500",133,18,115
"60QK000501",131,38,93
"60QK000502",103,24,79
"60QK000503",125,27,98
"60QK000504",106,27,79
"60QK000505",142,21,121
"60QK000506",54,8,46
"60QK000507",90,6,84
"60QK000508",79,28,51
"60QK000509",132,27,105
"60QK000510",94,39,55
"60QK000511",155,14,141
"60QK000512",92,14,78
"60QK000513",137,13,124
"60QK000514",137,18,119
"60QK000515",135,11,124
"60QK000516",138,12,126
"60QK000517",115,6,109
"60QK000518",114,8,106
"60QK000519",60,12,48
"60QK000520",129,30,99
"60QK000521",116,14,102
"60QK000522",109,36,73
"60QK000523",80,24,56
"60QK000524",99,23,76
"60QK000525",92,26,66
"60QK000526",105,26,79
"60QK000527",170,64,106
"60QK000528",110,19,91
"60QK000529",105,22,83
"60QK000530",70,10,60
"60QK000531",52,8,44
"60QK000532",60,17,43
"60QK000533",76,26,50
"60QK000534",101,20,81
"60QK000535",120,33,87
"60QK000536",109,32,77
"60QK000537",94,16,78
"60QK000538",140,20,120
"60QK000539",136,18,118
"60QK000540",85,14,71
"60QK000541",69,19,50
"60QK000542",115,33,82
"60QK000543",145,31,114
"60QK000544",138,29,109
"60QK000545",102,20,82
"60QK000546",160,29,131
"60QK000547",98,29,69
"60QK000548",102,36,66
"60QK000549",99,18,81
"60QK000550",116,20,96
"60QK000551",182,23,159
"60QK000552",116,27,89
"60QK000553",147,30,117
"60QK000554",91,11,80
"60QK000555",107,14,93
"60QK000556",119,27,92
"60QK000557",108,19,89
"60QK000558",110,23,87
"60QK000559",141,26,115
"60QK000560",105,23,82
"60QK000561",199,32,167
"60QK000562",84,10,74
"60QK000563",91,17,74
"60QK000564",86,10,76
"60QK000565",193,16,177
"60QK000566",116,16,100
"60QK000567",172,24,148
"60QK000568",176,26,150
"60QK000569",146,20,126
"60QK000570",145,32,113
"60QK000571",121,32,89
"60QK000572",132,26,106
"60QK000573",119,15,104
"60QK000574",86,13,73
"60QK000575",80,21,59
"60QK000576",223,37,186
"60QK000577",140,34,106
"60QK000578",113,33,80
"60QK000579",127,29,98
"60QK000580",99,14,85
"60QK000581",153,18,135
"60QK000582",126,20,106
"60QK000583",115,18,97
"60QK000584",123,31,92
"60QK000585",172,48,124
"60QK000586",126,26,100
"60QK000587",137,25,112
"60QK000588",179,33,146
"60QK000589",133,42,91
"60QK000590",134,30,104
"60QK000591",98,34,64
"60QK000592",130,13,117
"60QK000593",154,26,128
"60QK000594",111,18,93
"60QK000595",74,34,40
"60QK000596",106,37,69
"60QK000597",113,23,90
"60QK000598",94,26,68
"60QK000599",77,22,55
"60QK000600",126,41,85
"60QK000601",67,28,39
"60QK000602",125,32,93
"60QK000603",106,19,87
"60QK000604",103,29,74
"60QK000605",170,102,68
"60QK000606",163,29,134
"60QK000607",142,31,111
"60QK000608",106,21,85
"60QK000609",122,35,87
"60QK000610",117,22,95
"60QK000611",96,26,70
"60QK000612",86,30,56
"60QK000613",117,25,92
"60QK000614",87,13,74
"60QK000615",187,38,149
"60QK000616",95,28,67
"60QK000617",82,15,67
"60QK000618",176,43,133
"60QK000619",141,29,112
"60QK000620",168,25,143
"60QK000621",103,22,81
"60QK000622",127,30,97
"60QK000623",101,15,86
"60QK000624",132,28,104
"60QK000625",84,31,53
"60QK000626",145,32,113
"60QK000627",130,43,87
"60QK000628",72,19,53
"60QK000629",115,53,62
"60QK000630",114,20,94
"60QK000631",82,8,74
"60QK000632",135,43,92
"60QK000633",75,38,37
"60QK000634",132,26,106
"60QK000635",110,24,86
"60QK000636",134,36,98
"60QK000637",135,19,116
"60QK000638",151,22,129
"60QK000639",116,28,88
"60QK000640",101,25,76
"60QK000641",108,27,81
"60QK000642",230,23,207
"60QK000643",121,8,113
"60QK000644",204,15,189
"60QK000645",108,33,75
"60QK000646",99,9,90
"60QK000647",183,13,170
"60QK000648",100,13,87
"60QK000649",102,16,86
"60QK000650",123,30,93
"60QK000651",93,35,58
"60QK000652",112,29,83
"60QK000653",124,31,93
"60QK000654",63,14,49
"60QK000655",101,29,72
"60QK000656",119,32,87
"60QK000657",107,27,80
"60QK000658",80,25,55
"60QK000659",165,34,131
"60QK000660",200,33,167
"60QK000661",94,23,71
"60QK000662",86,25,61
"60QK000663",127,17,110
"60QK000664",83,18,65
"60QK000665",131,32,99
"60QK000666",73,22,51
"60QK000667",110,45,65
"60QK000668",142,45,97
"60QK000669",101,28,73
"60QK000670",133,22,111
"60QK000671",70,18,52
"60QK000672",184,32,152
"60QK000673",114,26,88
"60QK000674",106,29,77
"60QK000675",101,26,75
"60QK000676",131,12,119
"60QK000677",125,30,95
"60QK000678",192,25,167
"60QK000679",161,28,133
"60QK000680",82,22,60
"60QK000681",93,27,66
"60QK000682",150,36,114
"60QK000683",73,25,48
"60QK000684",110,23,87
"60QK000685",127,21,106
"60QK000686",137,29,108
"60QK000687",115,29,86
"60QK000688",129,43,86
"60QK000689",139,29,110
"60QK000690",151,28,123
"60QK000691",92,24,68
"60QK000692",123,23,100
"60QK000693",69,25,44
"60QK000694",138,34,104
"60QK000695",151,29,122
"60QK000696",116,22,94
"60QK000697",211,15,196
"60QK000698",119,10,109
"60QK000699",77,16,61
"60QK000700",107,22,85
"60QK000701",139,18,121
"60QK000702",95,34,61
"60QK000703",87,12,75
"60QK000704",123,46,77
"60QK000705",93,21,72
"60QK000706",141,53,88
"60QK000707",151,21,130
"60QK000708",179,39,140
"60QK000709",179,31,148
"60QK000710",96,34,62
"60QK000711",149,30,119
"60QK000712",74,16,58
"60QK000713",152,36,116
"60QK000714",91,21,70
"60QK000715",145,28,117
"60QK000716",213,27,186
"60QK000717",71,24,47
"60QK000718",147,21,126
"60QK000719",161,37,124
"60QK000720",114,27,87
"60QK000721",120,24,96
"60QK000722",99,34,65
"60QK000723",124,19,105
"60QK000724",125,22,103
"60QK000725",105,23,82
"60QK000726",91,22,69
"60QK000727",98,13,85
"60QK000728",94,32,62
"60QK000729",95,21,74
"60QK000730",115,48,67
"60QK000731",135,29,106
"60QK000732",180,23,157
"60QK000733",136,12,124
"60QK000734",145,17,128
"60QK000735",126,16,110
"60QK000736",189,41,148
"60QK000737",113,25,88
"60QK000738",168,29,139
"60QK000739",122,34,88
"60QK000740",104,21,83
"60QK000741",121,31,90
"60QK000742",143,37,106
"60QK000743",124,19,105
"60QK000744",111,23,88
"60QK000745",111,30,81
"60QK000746",115,22,93
"60QK000747",117,38,79
"60QK000748",113,37,76
"60QK000749",122,32,90
"60QK000750",86,21,65
"60QK000751",112,33,79
"60QK000752",111,12,99
"60QK000753",157,6,151
"60QK000754",143,13,130
"60QK000755",132,18,114
"60QK000756",72,25,47
"60QK000757",87,15,72
"60QK000758",98,14,84
"60QK000759",76,26,50
"60QK000760",104,24,80
"60QK000761",99,21,78
"60QK000762",89,17,72
"60QK000763",130,5,125
"60QK000764",122,16,106
"60QK000765",90,14,76
"60QK000766",96,15,81
"60QK000767",72,23,49
"60QK000768",97,11,86
"60QK000769",111,16,95
"60QK000770",164,23,141
"60QK000771",111,15,96
"60QK000772",111,19,92
"60QK000773",186,30,156
"60QK000774",147,30,117
"60QK000775",153,18,135
"60QK000776",206,32,174
"60QK000777",122,17,105
"60QK000778",132,16,116
"60QK000779",78,40,38
"60QK000780",123,25,98
"60QK000781",101,24,77
"60QK000782",103,31,72
"60QK000783",87,7,80
"60QK000784",121,30,91
"60QK000785",91,13,78
"60QK000786",110,27,83
"60QK000787",221,28,193
"60QK000788",101,24,77
"60QK000789",173,14,159
"60QK000790",110,15,95
"60QK000791",120,21,99
"60QK000792",73,8,65
"60QK000793",71,14,57
"60QK000794",134,33,101
"60QK000795",156,28,128
"60QK000796",133,20,113
"60QK000797",153,19,134
"60QK000798",150,4,146
"60QK000799",141,17,124
"60QK000800",120,15,105
"60QK000801",140,19,121
"60QK000802",124,10,114
"60QK000803",145,13,132
"60QK000804",161,31,130
"60QK000805",166,21,145
"60QK000806",121,20,101
"60QK000807",131,15,116
"60QK000808",116,51,65
"60QK000809",52,21,31
"60QK000810",147,22,125
"60QK000811",185,102,83
"60QK000812",56,16,40
"60QK000813",122,37,85
"60QK000814",138,32,106
"60QK000815",75,22,53
"60QK000816",102,25,77
"60QK000817",109,22,87
"60QK000818",62,27,35
"60QK000819",129,28,101
"60QK000820",78,32,46
"60QK000821",75,6,69
"60QK000822",89,22,67
"60QK000823",60,13,47
"60QK000824",87,14,73
"60QK000825",64,21,43
"60QK000826",70,31,39
"60QK000827",94,12,82
"60QK000828",129,21,108
"60QK000829",170,43,127
"60QK000830",102,24,78
"60QK000831",82,5,77
"60QK000832",58,4,54
"60QK000833",191,35,156
"60QK000834",84,20,64
"60QK000835",96,13,83
"60QK000836",52,4,48
"60QK000837",89,23,66
"60QK000838",157,45,112
"60QK000839",121,24,97
"60QK000840",105,25,80
"60QK000841",73,7,66
"60QK000842",52,5,47
"60QK000843",57,7,50
"60QK000844",105,14,91
"60QK000845",121,52,69
"60QK000846",80,10,70
"60QK000847",72,22,50
"60QK000848",155,26,129
"60QK000849",80,9,71
"60QK000850",61,5,56
"60QK000851",129,44,85
"60QK000852",59,6,53
"60QK000853",118,15,103
"60QK000854",198,33,165
"60QK000855",88,10,78
"60QK000856",68,12,56
"60QK000857",135,32,103
"60QK000858",108,21,87
"60QK000859",72,9,63
"60QK000860",74,11,63
"60QK000861",98,15,83
"60QK000862",89,30,59
"60QK000863",91,21,70
"60QK000864",57,20,37
"60QK000865",70,9,61
"60QK000866",115,23,92
"60QK000867",155,43,112
"60QK000868",75,18,57
"60QK000869",56,22,34
"60QK000870",89,29,60
"60QK000871",83,31,52
"60QK000872",132,27,105
"60QK000873",53,2,51
"60QK000874",100,17,83
"60QK000875",103,21,82
"60QK000876",98,9,89
"60QK000877",130,45,85
"60QK000878",127,32,95
"60QK000879",81,39,42
"60QK000880",55,17,38
"60QK000881",62,16,46
"60QK000882",93,25,68
"60QK000883",100,22,78
"60QK000884",114,22,92
"60QK000885",151,18,133
"60QK000886",102,9,93
"60QK000887",131,26,105
"60QK000888",96,32,64
"60QK000889",661,208,453
"60QK000890",135,42,93
"60QK000891",121,26,95
"60QK000892",117,13,104
"60QK000893",141,21,120
"60QK000894",127,22,105
"60QK000895",92,23,69
"60QK000896",145,51,94
"60QK000897",243,100,143
"60QK000898",108,25,83
"60QK000899",129,35,94
"60QK000900",78,36,42
"60QK000901",80,41,39
"60QK000902",111,8,103
"60QK000903",112,18,94
"60QK000904",90,27,63
"60QK000905",89,16,73
"60QK000906",86,35,51
"60QK000907",117,42,75
"60QK000908",101,39,62
"60QK000909",70,25,45
"60QK000910",82,48,34
"60QK000911",67,16,51
"60QK000912",139,18,121
"60QK000913",105,14,91
"60QK000914",129,11,118
"60QK000915",78,29,49
"60QK000916",128,37,91
"60QK000917",155,31,124
"60QK000918",136,38,98
"60QK000919",75,19,56
"60QK000920",142,40,102
"60QK000921",159,16,143
"60QK000922",84,13,71
"60QK000923",124,23,101
"60QK000924",155,15,140
"60QK000925",88,6,82
"60QK000926",201,42,159
"60QK000927",119,24,95
"60QK000928",88,21,67
"60QK000929",218,56,162
"60QK000930",106,24,82
"60QK000931",50,17,33
"60QK000932",97,25,72
"60QK000933",78,7,71
"60QK000934",105,30,75
"60QK000935",128,29,99
"60QK000936",149,20,129
"60QK000937",73,39,34
"60QK000938",101,65,36
"60QK000939",80,32,48
"60QK000940",156,13,143
"60QK000941",139,16,123
"60QK000942",126,23,103
"60QK000943",132,22,110
"60QK000944",90,18,72
"60QK000945",112,20,92
"60QK000946",109,24,85
"60QK000947",70,6,64
"60QK000948",141,26,115
"60QK000949",190,70,120
"60QK000950",226,28,198
"60QK000951",172,10,162
"60QK000952",105,3,102
"60QK000953",157,9,148
"60QK000954",128,11,117
"60QK000955",188,4,184
"60QK000956",214,11,203
"60QK000957",197,11,186
"60QK000958",117,13,104
"60QK000959",112,8,104
"60QK000960",199,16,183
"60QK000961",123,6,117
"60QK000962",98,2,96
"60QK000963",150,8,142
"60QK000964",76,2,74
"60QK000965",92,35,57
"60QK000966",114,20,94
"60QK000967",119,19,100
"60QK000968",115,20,95
"60QK000969",60,5,55
"60QK000970",197,19,178
"60QK000971",162,31,131
"60QK000972",107,19,88
"60QK000973",176,43,133
"60QK000974",98,16,82
"60QK000975",135,27,108
"60QK000976",215,28,187
"60QK000977",118,22,96
"60QK000978",126,17,109
"60QK000979",98,19,79
"60QK000980",128,17,111
"60QK000981",167,20,147
"60QK000982",123,42,81
"60QK000983",155,25,130
"60QK000984",74,13,61
"60QK000985",115,16,99
"60QK000986",165,7,158
"60QK000987",190,9,181
"60QK000988",145,9,136
"60QK000989",120,17,103
"60QK000990",75,25,50
"60QK000991",119,27,92
"60QK000992",93,24,69
"60QK000993",142,32,110
"60QK000994",112,26,86
"60QK000995",75,12,63
"60QK000996",62,33,29
"60QK000997",135,12,123
"60QK000998",113,11,102
"60QK000999",128,21,107
"60QK001000",248,11,237
"60QK001001",160,18,142
"60QK001002",170,12,158
"60QK001003",101,2,99
"60QL000001",194,12,182
"60QL000002",142,19,123
"60QL000003",88,10,78
"60QL000004",92,21,71
"60QL000005",101,11,90
"60QL000006",100,16,84
"60QL000007",60,6,54
"60QL000008",188,34,154
"60QL000009",94,21,73
"60QL000010",178,29,149
"60QL000011",144,8,136
"60QL000012",117,22,95
"60QL000013",142,16,126
"60QL000014",110,18,92
"60QL000015",128,17,111
"60QL000016",150,20,130
"60QL000017",99,13,86
"60QL000018",99,29,70
"60QL000019",138,15,123
"60QL000020",130,13,117
"60QL000021",90,15,75
"60QL000022",140,16,124
"60QL000023",119,11,108
"60QL000024",124,16,108
"60QL000025",106,15,91
"60QL000026",128,23,105
"60QL000027",226,23,203
"60QL000028",178,31,147
"60QL000029",164,13,151
"60QL000030",191,19,172
"60QL000031",111,20,91
"60QL000032",66,11,55
"60QL000033",130,26,104
"60QL000034",96,11,85
"60QL000035",103,10,93
"60QL000036",131,19,112
"60QL000037",155,25,130
"60QL000038",103,10,93
"60QL000039",88,11,77
"60QL000040",118,15,103
"60QL000041",164,20,144
"60QL000042",119,16,103
"60QL000043",108,9,99
"60QL000044",164,27,137
"60QL000045",150,34,116
"60QL000046",142,19,123
"60QL000047",107,12,95
"60QL000048",138,13,125
"60QL000049",190,21,169
"60QL000050",105,22,83
"60QL000051",123,18,105
"60QL000052",96,12,84
"60QL000053",122,10,112
"60QL000054",145,11,134
"60QL000055",104,13,91
"60QL000056",135,14,121
"60QL000057",97,23,74
"60QL000058",134,16,118
"60QL000059",130,13,117
"60QL000060",163,16,147
"60QL000061",161,25,136
"60QL000062",111,23,88
"60QL000063",102,17,85
"60QL000064",147,17,130
"60QL000065",158,20,138
"60QL000066",143,11,132
"60QL000067",110,15,95
"60QL000068",120,11,109
"60QL000069",171,10,161
"60QL000070",130,21,109
"60QL000071",113,12,101
"60QL000072",137,8,129
"60QL000073",63,19,44
"60QL000074",134,26,108
"60QL000075",101,9,92
"60QL000076",173,29,144
"60QL000077",138,10,128
"60QL000078",110,10,100
"60QL000079",122,26,96
"60QL000080",115,19,96
"60QL000081",126,19,107
"60QL000082",209,14,195
"60QL000083",159,20,139
"60QL000084",130,20,110
"60QL000085",57,14,43
"60QL000086",64,12,52
"60QL000087",149,13,136
"60QL000088",51,5,46
"60QL000089",80,7,73
"60QL000090",82,18,64
"60QL000091",79,18,61
"60QL000092",95,34,61
"60QL000093",101,48,53
"60QL000094",117,32,85
"60QL000095",174,24,150
"60QL000096",111,15,96
"60QL000097",160,31,129
"60QL000098",148,10,138
"60QL000099",115,14,101
"60QL000100",89,14,75
"60QL000101",168,41,127
"60QL000102",69,20,49
"60QL000103",115,10,105
"60QL000104",70,32,38
"60QL000105",91,41,50
"60QL000106",141,17,124
"60QL000107",153,7,146
"60QL000108",155,18,137
"60QL000109",145,16,129
"60QL000110",182,118,64
"60QL000111",103,7,96
"60QL000112",111,18,93
"60QL000113",123,12,111
"60QL000114",120,20,100
"60QL000115",140,16,124
"60QL000116",189,30,159
"60QL000117",162,17,145
"60QL000118",117,35,82
"60QL000119",163,22,141
"60QL000120",74,11,63
"60QL000121",139,25,114
"60QL000122",95,20,75
"60QL000123",115,9,106
"60QL000124",135,9,126
"60QL000125",113,13,100
"60QL000126",123,9,114
"60QL000127",166,18,148
"60QL000128",120,29,91
"60QL000129",115,15,100
"60QL000130",112,21,91
"60QL000131",108,9,99
"60QL000132",108,11,97
"60QL000133",81,15,66
"60QL000134",118,17,101
"60QL000135",136,31,105
"60QL000136",89,12,77
"60QL000137",104,11,93
"60QL000138",147,32,115
"60QL000139",132,18,114
"60QL000140",126,21,105
"60QL000141",99,8,91
"60QL000142",194,23,171
"60QL000143",157,12,145
"60QL000144",181,16,165
"60QL000145",175,7,168
"60QL000146",222,18,204
"60QL000147",180,11,169
"60QL000148",72,4,68
"60QL000149",91,3,88
"60QL000150",152,7,145
"60QL000151",129,11,118
"60QL000152",129,14,115
"60QL000153",218,22,196
"60QL000154",161,18,143
"60QL000155",152,16,136
"60QL000156",147,10,137
"60QL000157",231,29,202
"60QL000158",154,17,137
"60QL000159",176,14,162
"60QL000160",151,11,140
"60QL000161",92,20,72
"60QL000162",172,16,156
"60QL000163",133,23,110
"60QL000164",95,19,76
"60QL000165",109,22,87
"60QL000166",138,24,114
"60QL000167",101,17,84
"60QL000168",137,17,120
"60QL000169",113,16,97
"60QL000170",106,23,83
"60QL000171",108,14,94
"60QL000172",130,12,118
"60QL000173",106,20,86
"60QL000174",148,18,130
"60QL000175",122,17,105
"60QL000176",164,18,146
"60QL000177",188,23,165
"60QL000178",204,9,195
"60QL000179",145,16,129
"60QL000180",141,8,133
"60QL000181",195,20,175
"60QL000182",189,12,177
"60QL000183",158,38,120
"60QL000184",169,69,100
"60QL000185",58,29,29
"60QL000186",181,28,153
"60QL000187",103,38,65
"60QL000188",97,24,73
"60QL000189",193,18,175
"60QL000190",106,26,80
"60QL000191",76,28,48
"60QL000192",75,27,48
"60QL000193",141,19,122
"60QL000194",135,13,122
"60QL000195",147,12,135
"60QL000196",154,27,127
"60QL000197",126,43,83
"60QL000198",144,18,126
"60QL000199",193,84,109
"60QL000200",92,25,67
"60QL000201",144,21,123
"60QL000202",114,32,82
"60QL000203",108,23,85
"60QL000204",153,26,127
"60QL000205",99,22,77
"60QL000206",130,32,98
"60QL000207",143,38,105
"60QL000208",136,21,115
"60QL000209",107,30,77
"60QL000210",120,35,85
"60QL000211",109,37,72
"60QL000212",82,22,60
"60QL000213",138,52,86
"60QL000214",99,23,76
"60QL000215",155,33,122
"60QL000216",114,15,99
"60QL000217",134,26,108
"60QL000218",192,27,165
"60QL000219",179,21,158
"60QL000220",187,26,161
"60QL000221",152,39,113
"60QL000222",197,16,181
"60QL000223",169,24,145
"60QL000224",131,15,116
"60QL000225",239,27,212
"60QL000226",151,21,130
"60QL000227",173,21,152
"60QL000228",233,19,214
"60QL000229",155,14,141
"60QL000230",170,11,159
"60QL000231",117,17,100
"60QL000232",146,20,126
"60QL000233",126,13,113
"60QL000234",118,10,108
"60QL000235",158,17,141
"60QL000236",127,14,113
"60QL000237",59,6,53
"60QL000238",84,11,73
"60QL000239",140,23,117
"60QL000240",115,15,100
"60QL000241",144,23,121
"60QL000242",147,27,120
"60QL000243",106,14,92
"60QL000244",145,18,127
"60QL000245",123,19,104
"60QL000246",121,19,102
"60QL000247",138,16,122
"60QL000248",114,21,93
"60QL000249",121,18,103
"60QL000250",230,25,205
"60QL000251",148,12,136
"60QL000252",256,19,237
"60QL000253",136,4,132
"60QL000254",130,17,113
"60QL000255",219,27,192
"60QL000256",225,27,198
"60QL000257",157,16,141
"60QL000258",144,16,128
"60QL000259",168,22,146
"60QL000260",143,38,105
"60QL000261",173,20,153
"60QL000262",177,29,148
"60QL000263",211,33,178
"60QL000264",157,25,132
"60QL000265",180,35,145
"60QL000266",113,22,91
"60QL000267",146,17,129
"60QL000268",137,19,118
"60QL000269",129,16,113
"60QL000270",165,28,137
"60QL000271",178,31,147
"60QL000272",183,35,148
"60QL000273",175,24,151
"60QL000274",66,13,53
"60QL000275",134,42,92
"60QL000276",168,29,139
"60QL000277",157,23,134
"60QL000278",122,9,113
"60QL000279",117,22,95
"60QL000280",142,24,118
"60QL000281",131,26,105
"60QL000282",125,15,110
"60QL000283",143,39,104
"60QL000284",91,14,77
"60QL000285",110,19,91
"60QL000286",110,25,85
"60QL000287",173,29,144
"60QL000288",176,52,124
"60QL000289",128,28,100
"60QL000290",137,14,123
"60QL000291",113,32,81
"60QL000292",105,27,78
"60QL000293",109,12,97
"60QL000294",144,26,118
"60QL000295",148,18,130
"60QL000296",245,23,222
"60QL000297",210,29,181
"60QL000298",123,27,96
"60QL000299",144,23,121
"60QL000300",97,20,77
"60QL000301",130,26,104
"60QL000302",96,12,84
"60QL000303",120,22,98
"60QL000304",123,16,107
"60QL000305",64,14,50
"60QL000306",55,6,49
"60QL000307",103,24,79
"60QL000308",133,19,114
"60QL000309",137,14,123
"60QL000310",114,19,95
"60QL000311",146,24,122
"60QL000312",86,16,70
"60QL000313",107,21,86
"60QL000314",136,17,119
"60QL000315",140,37,103
"60QL000316",218,21,197
"60QL000317",136,17,119
"60QL000318",107,17,90
"60QL000319",117,17,100
"60QL000320",141,30,111
"60QL000321",141,10,131
"60QL000322",179,34,145
"60QL000323",204,26,178
"60QL000324",159,12,147
"60QL000325",140,23,117
"60QL000326",172,25,147
"60QL000327",134,15,119
"60QL000328",148,19,129
"60QL000329",109,30,79
"60QL000330",106,15,91
"60QL000331",173,23,150
"60QL000332",86,16,70
"60QL000333",157,20,137
"60QL000334",111,13,98
"60QL000335",103,23,80
"60QL000336",69,34,35
"60QL000337",130,25,105
"60QL000338",140,12,128
"60QL000339",136,33,103
"60QL000340",81,18,63
"60QL000341",85,38,47
"60QL000342",116,50,66
"60QL000343",192,21,171
"60QL000344",97,22,75
"60QL000345",104,14,90
"60QL000346",142,21,121
"60QL000347",87,15,72
"60QL000348",156,19,137
"60QL000349",89,11,78
"60QL000350",86,12,74
"60QL000351",95,37,58
"60QL000352",80,41,39
"60QL000353",174,36,138
"60QL000354",96,15,81
"60QL000355",141,37,104
"60QL000356",109,17,92
"60QL000357",109,19,90
"60QL000358",54,6,48
"60QL000359",91,32,59
"60QL000360",104,19,85
"60QL000361",118,28,90
"60QL000362",160,25,135
"60QL000363",149,26,123
"60QL000364",177,32,145
"60QL000365",135,23,112
"60QL000366",149,25,124
"60QL000367",133,6,127
"60QL000368",171,18,153
"60QL000369",159,25,134
"60QL000370",93,10,83
"60QL000371",129,22,107
"60QL000372",128,19,109
"60QL000373",125,21,104
"60QL000374",122,23,99
"60QL000375",116,16,100
"60QL000376",135,13,122
"60QL000377",100,20,80
"60QL000378",113,25,88
"60QL000379",131,15,116
"60QL000380",82,7,75
"60QL000381",107,11,96
"60QL000382",184,29,155
"60QL000383",97,25,72
"60QL000384",128,21,107
"60QL000385",119,12,107
"60QL000386",156,16,140
"60QL000387",149,21,128
"60QL000388",75,6,69
"60QL000389",169,23,146
"60QL000390",193,19,174
"60QL000391",182,30,152
"60QL000392",198,45,153
"60QL000393",100,34,66
"60QL000394",62,26,36
"60QL000395",134,19,115
"60QL000396",110,12,98
"60QL000397",123,10,113
"60QL000398",160,23,137
"60QL000399",51,3,48
"60QL000400",110,23,87
"60QL000401",103,9,94
"60QL000402",114,12,102
"60QL000403",155,21,134
"60QL000404",127,19,108
"60QL000405",107,26,81
"60QL000406",80,18,62
"60QL000407",106,24,82
"60QL000408",140,14,126
"60QL000409",98,46,52
"60QL000410",140,34,106
"60QL000411",123,20,103
"60QL000412",104,17,87
"60QL000413",110,26,84
"60QL000414",83,13,70
"60QL000415",78,11,67
"60QL000416",72,14,58
"60QL000417",148,29,119
"60QL000418",141,21,120
"60QL000419",128,42,86
"60QL000420",105,44,61
"60QL000421",84,21,63
"60QL000422",162,38,124
"60QL000423",110,18,92
"60QL000424",135,24,111
"60QL000425",169,29,140
"60QL000426",99,22,77
"60QL000427",133,25,108
"60QL000428",165,32,133
"60QL000429",89,39,50
"60QL000430",102,27,75
"60QL000431",167,38,129
"60QL000432",98,23,75
"60QL000433",86,24,62
"60QL000434",127,16,111
"60QL000435",101,28,73
"60QL000436",86,29,57
"60QL000437",154,30,124
"60QL000438",103,21,82
"60QL000439",102,32,70
"60QL000440",138,33,105
"60QL000441",104,40,64
"60QL000442",114,30,84
"60QL000443",156,36,120
"60QL000444",164,29,135
"60QL000445",127,64,63
"60QL000446",106,21,85
"60QL000447",102,20,82
"60QL000448",115,22,93
"60QL000449",161,42,119
"60QL000450",108,32,76
"60QL000451",107,27,80
"60QL000452",127,27,100
"60QL000453",148,32,116
"60QL000454",117,25,92
"60QL000455",136,23,113
"60QL000456",108,21,87
"60QL000457",122,25,97
"60QL000458",179,33,146
"60QL000459",80,25,55
"60QL000460",90,22,68
"60QL000461",186,18,168
"60QL000462",187,18,169
"60QL000463",96,24,72
"60QL000464",137,28,109
"60QL000465",61,17,44
"60QL000466",53,11,42
"60QL000467",81,17,64
"60QL000468",91,19,72
"60QL000469",117,26,91
"60QL000470",83,27,56
"60QL000471",219,51,168
"60QL000472",135,46,89
"60QL000473",173,53,120
"60QL000474",118,49,69
"60QL000475",86,16,70
"60QL000476",131,22,109
"60QL000477",106,29,77
"60QL000478",114,26,88
"60QL000479",100,22,78
"60QL000480",117,37,80
"60QL000481",108,29,79
"60QL000482",135,46,89
"60QL000483",96,32,64
"60QL000484",119,34,85
"60QL000485",53,18,35
"60QL000486",135,10,125
"60QL000487",64,20,44
"60QL000488",72,16,56
"60QL000489",77,21,56
"60QL000490",130,35,95
"60QL000491",96,21,75
"60QL000492",96,40,56
"60QL000493",94,25,69
"60QL000494",91,25,66
"60QL000495",71,14,57
"60QL000496",108,31,77
"60QL000497",87,16,71
"60QL000498",130,14,116
"60QL000499",86,25,61
"60QL000500",157,32,125
"60QL000501",122,22,100
"60QL000502",119,39,80
"60QL000503",178,32,146
"60QL000504",133,29,104
"60QL000505",57,13,44
"60QL000506",133,22,111
"60QL000507",139,14,125
"60QL000508",163,14,149
"60QL000509",171,23,148
"60QL000510",182,35,147
"60QL000511",154,33,121
"60QL000512",181,20,161
"60QL000513",121,25,96
"60QL000514",176,36,140
"60QL000515",114,28,86
"60QL000516",109,20,89
"60QL000517",142,41,101
"60QL000518",157,22,135
"60QL000519",225,16,209
"60QL000520",213,22,191
"60QL000521",132,7,125
"60QL000522",209,29,180
"60QL000523",223,30,193
"60QL000524",157,24,133
"60QL000525",156,14,142
"60QL000526",172,46,126
"60QL000527",153,15,138
"60QL000528",111,31,80
"60QL000529",127,19,108
"60QL000530",96,22,74
"60QL000531",104,18,86
"60QL000532",94,29,65
"60QL000533",117,25,92
"60QL000534",145,30,115
"60QL000535",173,39,134
"60QL000536",216,45,171
"60QL000537",129,20,109
"60QL000538",188,17,171
"60QL000539",148,16,132
"60QL000540",147,12,135
"60QL000541",140,13,127
"60QL000542",140,13,127
"60QL000543",172,19,153
"60QL000544",134,10,124
"60QL000545",172,16,156
"60QL000546",61,15,46
"60QL000547",116,11,105
"60QL000548",126,31,95
"60QL000549",122,33,89
"60QL000550",127,38,89
"60QL000551",115,37,78
"60QL000552",96,27,69
"60QL000553",127,34,93
"60QL000554",121,30,91
"60QL000555",86,31,55
"60QL000556",155,12,143
"60QL000557",74,14,60
"60QL000558",180,32,148
"60QL000559",179,25,154
"60QL000560",147,6,141
"60QL000561",129,10,119
"60QL000562",206,24,182
"60QL000563",187,26,161
"60QL000564",122,13,109
"60QL000565",146,22,124
"60QL000566",117,15,102
"60QL000567",190,35,155
"60QL000568",192,21,171
"60QL000569",156,25,131
"60QL000570",206,20,186
"60QL000571",55,22,33
"60QL000572",188,20,168
"60QL000573",180,21,159
"60QL000574",145,26,119
"60QL000575",139,17,122
"60QL000576",167,17,150
"60QL000577",100,13,87
"60QL000578",161,20,141
"60QL000579",176,16,160
"60QL000580",151,22,129
"60QL000581",146,15,131
"60QL000582",191,10,181
"60QL000583",131,14,117
"60QL000584",183,18,165
"60QL000585",130,7,123
"60QL000586",160,14,146
"60QL000587",127,18,109
"60QL000588",193,25,168
"60QL000589",193,12,181
"60QL000590",72,14,58
"60QL000591",186,9,177
"60QL000592",191,12,179
"60QL000593",164,16,148
"60QL000594",138,16,122
"60QL000595",155,37,118
"60QL000596",80,21,59
"60QL000597",184,14,170
"60QL000598",139,18,121
"60QL000599",99,27,72
"60QL000600",140,15,125
"60QL000601",153,13,140
"60QL000602",142,21,121
"60QL000603",139,22,117
"60QL000604",122,25,97
"60QL000605",110,37,73
"60QL000606",123,26,97
"60QL000607",142,41,101
"60QL000608",75,27,48
"60QL000609",138,46,92
"60QL000610",80,26,54
"60QL000611",76,19,57
"60QL000612",222,16,206
"60QL000613",194,27,167
"60QL000614",183,21,162
"60QL000615",106,14,92
"60QL000616",270,69,201
"60QL000617",151,9,142
"60QL000618",167,16,151
"60QL000619",164,27,137
"60QL000620",93,14,79
"60QL000621",155,12,143
"60QL000622",113,28,85
"60QL000623",119,23,96
"60QL000624",138,25,113
"60QL000625",67,29,38
"60QL000626",129,22,107
"60QL000627",157,35,122
"60QL000628",163,48,115
"60QL000629",111,21,90
"60QL000630",122,16,106
"60QL000631",187,28,159
"60QL000632",177,33,144
"60QL000633",150,41,109
"60QL000634",95,17,78
"60QL000635",174,42,132
"60QL000636",210,14,196
"60QL000637",159,75,84
"60QL000638",94,23,71
"60QL000639",134,14,120
"60QL000640",131,19,112
"60QL000641",90,15,75
"60QL000642",106,29,77
"60QL000643",168,31,137
"60QL000644",171,29,142
"60QL000645",127,47,80
"60QL000646",214,65,149
"60QL000647",193,53,140
"60QL000648",236,16,220
"60QL000649",164,23,141
"60QL000650",138,15,123
"60QL000651",215,16,199
"60QL000652",150,11,139
"60QL000653",107,11,96
"60QL000654",65,6,59
"60QL000655",125,12,113
"60QL000656",87,13,74
"60QL000657",162,8,154
"60QL000658",110,24,86
"60QL000659",155,16,139
"60QL000660",68,23,45
"60QL000661",79,14,65
"60QL000662",98,16,82
"60QL000663",169,21,148
"60QL000664",150,21,129
"60QL000665",132,5,127
"60QL000666",50,41,9
"60QL000667",157,19,138
"60QL000668",86,14,72
"60QL000669",64,26,38
"60QL000670",92,20,72
"60QL000671",107,18,89
"60QL000672",77,7,70
"60QL000673",55,9,46
"60QL000674",103,14,89
"60QL000675",67,9,58
"60QL000676",133,18,115
"60QL000677",110,18,92
"60QL000678",111,22,89
"60QL000679",195,17,178
"60QL000680",67,12,55
"60QL000681",94,20,74
"60QL000682",60,9,51
"60QL000683",117,23,94
"60QL000684",88,14,74
"60QL000685",319,177,142
"60QL000686",83,13,70
"60QL000687",127,11,116
"60QL000688",66,12,54
"60QL000689",126,25,101
"60QL000690",121,20,101
"60QL000691",86,25,61
"60QL000692",177,10,167
"60QL000693",63,20,43
"60QL000694",124,23,101
"60QL000695",64,14,50
"60QL000696",78,6,72
"60QL000697",88,21,67
"60QL000698",118,28,90
"60QL000699",103,21,82
"60QL000700",91,19,72
"60QL000701",110,12,98
"60QL000702",218,31,187
"60QL000703",115,24,91
"60QL000704",162,10,152
"60QL000705",144,46,98
"60QL000706",119,18,101
"60QL000707",104,11,93
"60QL000708",98,5,93
"60QL000709",86,12,74
"60QL000710",118,22,96
"60QL000711",417,101,316
"60QL000712",68,10,58
"60QL000713",103,30,73
"60QL000714",86,27,59
"60QL000715",114,13,101
"60QL000716",82,14,68
"60QL000717",79,25,54
"60QL000718",59,6,53
"60QL000719",53,15,38
"60QL000720",73,15,58
"60QL000721",61,7,54
"60QL000722",138,18,120
"60QL000723",105,18,87
"60QL000724",123,13,110
"60QL000725",202,11,191
"60QL000726",89,9,80
"60QL000727",108,28,80
"60QL000728",79,15,64
"60QL000729",75,13,62
"60QL000730",160,11,149
"60QL000731",234,12,222
"60QL000732",163,88,75
"60QL000733",99,10,89
"60QL000734",111,6,105
"60QL000735",209,30,179
"60QL000736",109,19,90
"60QL000737",75,17,58
"60QL000738",66,12,54
"60QL000739",136,11,125
"60QL000740",145,6,139
"60QL000741",111,7,104
"60QL000742",60,10,50
"60QL000743",178,24,154
"60QL000744",142,30,112
"60QL000745",155,24,131
"60QL000746",157,47,110
"60QL000747",147,8,139
"60QL000748",402,12,390
"60QL000749",177,22,155
"60QL000750",83,14,69
"60QL000751",182,16,166
"60QL000752",88,9,79
"60QL000753",197,12,185
"60QL000754",255,24,231
"60QL000755",165,21,144
"60QL000756",119,8,111
"60QL000757",142,13,129
"60QL000758",84,1,83
"60QL000759",63,15,48
"60QL000760",111,33,78
"60QL000761",78,26,52
"60QL000762",151,19,132
"60QL000763",117,43,74
"60QL000764",85,19,66
"60QL000765",182,25,157
"60QL000766",225,16,209
"60QL000767",143,21,122
"60QL000768",187,14,173
"60QL000769",196,19,177
"60QL000770",107,21,86
"60QL000771",98,16,82
"60QL000772",67,18,49
"60QL000773",126,26,100
"60QL000774",101,16,85
"60QL000775",314,6,308
"60QL000776",219,11,208
"60QL000777",78,4,74
"60QL000778",286,12,274
"60QL000779",233,12,221
"60QL000780",187,9,178
"60QL000781",215,16,199
"60QL000782",67,3,64
"60QL000783",136,39,97
"60QL000784",112,18,94
"60QL000785",76,21,55
"60QL000786",68,9,59
"60QL000787",67,14,53
"60QL000788",106,20,86
"60QL000789",59,3,56
"60QL000790",186,127,59
"60QL000791",105,22,83
"60QL000792",105,29,76
"60QL000793",120,29,91
"60QL000794",78,9,69
"60QL000795",104,32,72
"60QL000796",162,33,129
"60QL000797",173,32,141
"60QL000798",95,26,69
"60QL000799",150,26,124
"60QL000800",66,14,52
"60QL000801",114,20,94
"60QL000802",106,20,86
"60QL000803",189,44,145
"60QL000804",144,17,127
"60QL000805",137,28,109
"60QL000806",108,16,92
"60QL000807",140,30,110
"60QL000808",57,14,43
"60QL000809",106,41,65
"60QL000810",143,23,120
"60QL000811",107,11,96
"60QL000812",125,33,92
"60QL000813",108,6,102
"60QL000814",148,16,132
"60QL000815",112,14,98
"60QL000816",103,9,94
"60QL000817",183,19,164
"60QL000818",118,13,105
"60QL000819",99,17,82
"60QL000820",128,16,112
"60QL000821",53,5,48
"60QL000822",112,10,102
"60QL000823",133,17,116
"60QM000001",143,24,119
"60QM000002",55,7,48
"60QM000003",163,18,145
"60QM000004",78,12,66
"60QM000005",188,28,160
"60QM000006",55,4,51
"60QM000007",72,12,60
"60QM000008",95,9,86
"60QM000009",121,8,113
"60QM000010",180,24,156
"60QM000011",62,8,54
"60QM000012",82,10,72
"60QM000013",110,9,101
"60QM000014",161,70,91
"60QM000015",177,21,156
"60QM000016",138,24,114
"60QM000017",67,3,64
"60QM000018",125,17,108
"60QM000019",165,17,148
"60QM000020",197,30,167
"60QM000021",145,24,121
"60QM000022",93,21,72
"60QM000023",77,17,60
"60QM000024",129,27,102
"60QM000025",122,17,105
"60QM000026",93,11,82
"60QM000027",152,32,120
"60QM000028",93,7,86
"60QM000029",110,17,93
"60QM000030",123,17,106
"60QM000031",180,23,157
"60QM000032",75,12,63
"60QM000033",95,17,78
"60QM000034",159,21,138
"60QM000035",67,9,58
"60QM000036",179,17,162
"60QM000037",181,13,168
"60QM000038",159,11,148
"60QM000039",137,16,121
"60QM000040",120,13,107
"60QM000041",180,23,157
"60QM000042",126,25,101
"60QM000043",133,14,119
"60QM000044",53,4,49
"60QM000045",99,17,82
"60QM000046",53,6,47
"60QM000047",77,16,61
"60QM000048",88,12,76
"60QM000049",158,22,136
"60QM000050",178,14,164
"60QM000051",104,13,91
"60QM000052",111,17,94
"60QM000053",59,12,47
"60QM000054",96,9,87
"60QM000055",179,26,153
"60QM000056",120,33,87
"60QM000057",115,18,97
"60QM000058",62,7,55
"60QM000059",94,12,82
"60QM000060",94,33,61
"60QM000061",128,16,112
"60QM000062",131,19,112
"60QM000063",144,17,127
"60QM000064",163,39,124
"60QM000065",114,32,82
"60QM000066",133,45,88
"60QM000067",130,15,115
"60QM000068",150,44,106
"60QM000069",142,30,112
"60QM000070",105,22,83
"60QM000071",85,22,63
"60QM000072",82,26,56
"60QM000073",116,18,98
"60QM000074",130,33,97
"60QM000075",145,16,129
"60QM000076",95,16,79
"60QM000077",93,29,64
"60QM000078",202,14,188
"60QM000079",121,8,113
"60QM000080",147,21,126
"60QM000081",142,13,129
"60QM000082",133,8,125
"60QM000083",131,13,118
"60QM000084",186,14,172
"60QM000085",136,26,110
"60QM000086",207,12,195
"60QM000087",116,30,86
"60QM000088",77,26,51
"60QM000089",136,16,120
"60QM000090",174,50,124
"60QM000091",142,40,102
"60QM000092",189,22,167
"60QM000093",148,19,129
"60QM000094",182,23,159
"60QM000095",99,18,81
"60QM000096",67,5,62
"60QM000097",91,12,79
"60QM000098",84,5,79
"60QM000099",68,10,58
"60QM000100",111,10,101
"60QM000101",86,17,69
"60QM000102",103,24,79
"60QM000103",122,30,92
"60QM000104",131,28,103
"60QM000105",107,20,87
"60QM000106",77,8,69
"60QM000107",122,26,96
"60QM000108",83,31,52
"60QM000109",66,19,47
"60QM000110",56,8,48
"60QM000111",181,18,163
"60QM000112",105,20,85
"60QM000113",155,16,139
"60QM000114",82,25,57
"60QM000115",113,22,91
"60QM000116",90,15,75
"60QM000117",112,37,75
"60QM000118",95,16,79
"60QM000119",103,12,91
"60QM000120",80,18,62
"60QM000121",89,22,67
"60QM000122",121,35,86
"60QM000123",80,16,64
"60QM000124",93,27,66
"60QM000125",50,31,19
"60QM000126",92,47,45
"60QM000127",149,26,123
"60QM000128",168,62,106
"60QM000129",79,4,75
"60QM000130",116,13,103
"60QM000131",131,28,103
"60QM000132",51,19,32
"60QM000133",88,61,27
"60QM000134",119,38,81
"60QM000135",78,10,68
"60QM000136",123,36,87
"60QM000137",139,34,105
"60QM000138",132,29,103
"60QM000139",88,44,44
"60QM000140",72,22,50
"60QM000141",77,13,64
"60QM000142",165,11,154
"60QM000143",73,24,49
"60QM000144",81,8,73
"60QM000145",134,31,103
"60QM000146",94,27,67
"60QM000147",84,28,56
"60QM000148",86,22,64
"60QM000149",118,25,93
"60QM000150",63,20,43
"60QM000151",66,8,58
"60QM000152",150,31,119
"60QM000153",146,22,124
"60QM000154",135,34,101
"60QM000155",197,39,158
"60QM000156",90,27,63
"60QM000157",117,28,89
"60QM000158",106,12,94
"60QM000159",109,31,78
"60QM000160",87,20,67
"60QM000161",192,31,161
"60QM000162",238,77,161
"60QM000163",127,30,97
"60QM000164",163,25,138
"60QM000165",63,14,49
"60QM000166",149,51,98
"60QM000167",112,26,86
"60QM000168",138,44,94
"60QM000169",156,25,131
"60QM000170",82,12,70
"60QM000171",127,22,105
"60QM000172",110,19,91
"60QM000173",97,35,62
"60QM000174",185,42,143
"60QM000175",244,12,232
"60QM000176",93,20,73
"60QM000177",139,22,117
"60QM000178",101,21,80
"60QM000179",176,38,138
"60QM000180",120,34,86
"60QM000181",123,19,104
"60QM000182",111,13,98
"60QM000183",146,30,116
"60QM000184",104,20,84
"60QM000185",101,21,80
"60QM000186",135,30,105
"60QM000187",164,28,136
"60QM000188",115,28,87
"60QM000189",126,17,109
"60QM000190",104,23,81
"60QM000191",121,30,91
"60QM000192",108,27,81
"60QM000193",156,32,124
"60QM000194",146,39,107
"60QM000195",122,24,98
"60QM000196",97,30,67
"60QM000197",150,30,120
"60QM000198",130,35,95
"60QM000199",116,18,98
"60QM000200",105,20,85
"60QM000201",120,21,99
"60QM000202",124,28,96
"60QM000203",103,22,81
"60QM000204",142,16,126
"60QM000205",137,32,105
"60QM000206",156,43,113
"60QM000207",98,22,76
"60QM000208",103,27,76
"60QM000209",157,8,149
"60QM000210",270,8,262
"60QM000211",131,17,114
"60QM000212",181,35,146
"60QM000213",128,13,115
"60QM000214",177,52,125
"60QM000215",134,45,89
"60QM000216",168,25,143
"60QM000217",162,21,141
"60QM000218",155,32,123
"60QM000219",149,28,121
"60QM000220",183,33,150
"60QM000221",144,29,115
"60QM000222",108,22,86
"60QM000223",168,22,146
"60QM000224",109,23,86
"60QM000225",86,14,72
"60QM000226",195,39,156
"60QM000227",142,29,113
"60QM000228",152,41,111
"60QM000229",96,21,75
"60QM000230",165,43,122
"60QM000231",162,39,123
"60QM000232",128,32,96
"60QM000233",132,44,88
"60QM000234",118,28,90
"60QM000235",104,32,72
"60QM000236",170,42,128
"60QM000237",134,21,113
"60QM000238",90,16,74
"60QM000239",116,21,95
"60QM000240",171,21,150
"60QM000241",143,20,123
"60QM000242",109,16,93
"60QM000243",80,26,54
"60QM000244",120,19,101
"60QM000245",169,29,140
"60QM000246",73,11,62
"60QM000247",62,14,48
"60QM000248",178,20,158
"60QM000249",151,28,123
"60QM000250",192,32,160
"60QM000251",161,39,122
"60QM000252",177,40,137
"60QM000253",158,27,131
"60QM000254",78,31,47
"60QM000255",100,18,82
"60QM000256",132,22,110
"60QM000257",112,21,91
"60QM000258",96,10,86
"60QM000259",116,26,90
"60QM000260",87,11,76
"60QM000261",108,23,85
"60QM000262",105,28,77
"60QM000263",163,39,124
"60QM000264",131,30,101
"60QM000265",77,27,50
"60QM000266",71,19,52
"60QM000267",70,29,41
"60QM000268",92,12,80
"60QM000269",142,28,114
"60QM000270",114,22,92
"60QM000271",83,27,56
"60QM000272",109,35,74
"60QM000273",76,19,57
"60QM000274",135,29,106
"60QM000275",89,21,68
"60QM000276",125,14,111
"60QM000277",148,23,125
"60QM000278",120,43,77
"60QM000279",107,24,83
"60QM000280",83,37,46
"60QM000281",116,34,82
"60QM000282",131,35,96
"60QM000283",154,12,142
"60QM000284",156,10,146
"60QM000285",170,8,162
"60QM000286",124,19,105
"60QM000287",121,6,115
"60QM000288",98,29,69
"60QM000289",130,55,75
"60QM000290",147,28,119
"60QM000291",137,12,125
"60QM000292",118,9,109
"60QM000293",129,12,117
"60QM000294",110,53,57
"60QM000295",127,7,120
"60QM000296",125,27,98
"60QM000297",136,18,118
"60QM000298",102,15,87
"60QM000299",132,29,103
"60QM000300",99,17,82
"60QM000301",102,13,89
"60QM000302",88,18,70
"60QM000303",91,25,66
"60QM000304",102,19,83
"60QM000305",124,37,87
"60QM000306",153,27,126
"60QM000307",78,24,54
"60QM000308",145,33,112
"60QM000309",94,34,60
"60QM000310",120,23,97
"60QM000311",195,46,149
"60QM000312",117,29,88
"60QM000313",160,29,131
"60QM000314",141,31,110
"60QM000315",196,27,169
"60QM000316",169,36,133
"60QM000317",114,26,88
"60QM000318",125,40,85
"60QM000319",111,21,90
"60QM000320",148,26,122
"60QM000321",103,23,80
"60QM000322",108,27,81
"60QM000323",121,29,92
"60QM000324",109,35,74
"60QM000325",124,31,93
"60QM000326",143,34,109
"60QM000327",90,29,61
"60QM000328",80,26,54
"60QM000329",88,23,65
"60QM000330",60,21,39
"60QM000331",75,41,34
"60QM000332",63,45,18
"60QM000333",76,23,53
"60QM000334",120,20,100
"60QM000335",111,29,82
"60QM000336",74,37,37
"60QM000337",109,20,89
"60QM000338",151,36,115
"60QM000339",141,32,109
"60QM000340",107,25,82
"60QM000341",102,23,79
"60QM000342",153,28,125
"60QM000343",82,13,69
"60QM000344",113,22,91
"60QM000345",132,19,113
"60QM000346",101,20,81
"60QM000347",73,23,50
"60QM000348",149,19,130
"60QM000349",121,18,103
"60QM000350",105,29,76
"60QM000351",130,22,108
"60QM000352",119,37,82
"60QM000353",100,29,71
"60QM000354",102,35,67
"60QM000355",86,35,51
"60QM000356",107,38,69
"60QM000357",127,25,102
"60QM000358",138,16,122
"60QM000359",133,6,127
"60QM000360",58,22,36
"60QM000361",71,30,41
"60QM000362",67,6,61
"60QM000363",114,18,96
"60QM000364",116,17,99
"60QM000365",87,13,74
"60QM000366",161,49,112
"60QM000367",115,19,96
"60QM000368",112,20,92
"60QM000369",63,34,29
"60QM000370",135,14,121
"60QM000371",93,20,73
"60QM000372",112,20,92
"60QM000373",98,32,66
"60QM000374",114,24,90
"60QM000375",105,15,90
"60QM000376",106,20,86
"60QM000377",60,38,22
"60QM000378",74,40,34
"60QM000379",87,19,68
"60QM000380",123,20,103
"60QM000381",144,27,117
"60QM000382",101,19,82
"60QM000383",139,26,113
"60QM000384",137,19,118
"60QM000385",223,43,180
"60QM000386",182,27,155
"60QM000387",104,22,82
"60QM000388",143,21,122
"60QM000389",95,25,70
"60QM000390",82,17,65
"60QM000391",158,26,132
"60QM000392",222,30,192
"60QM000393",51,6,45
"60QM000394",204,16,188
"60QM000395",90,19,71
"60QM000396",184,22,162
"60QM000397",108,12,96
"60QM000398",137,24,113
"60QM000399",133,12,121
"60QM000400",140,17,123
"60QM000401",107,7,100
"60QM000402",62,24,38
"60QM000403",65,11,54
"60QM000404",132,12,120
"60QM000405",88,11,77
"60QM000406",59,4,55
"60QM000407",100,41,59
"60QM000408",113,24,89
"60QM000409",115,27,88
"60QM000410",139,42,97
"60QM000411",179,28,151
"60QM000412",184,24,160
"60QM000413",152,24,128
"60QM000414",143,23,120
"60QM000415",112,27,85
"60QM000416",110,39,71
"60QM000417",112,18,94
"60QM000418",183,34,149
"60QM000419",132,29,103
"60QM000420",143,78,65
"60QM000421",167,28,139
"60QM000422",96,33,63
"60QM000423",109,17,92
"60QM000424",89,25,64
"60QM000425",64,19,45
"60QM000426",80,21,59
"60QM000427",53,32,21
"60QM000428",123,26,97
"60QM000429",136,24,112
"60QM000430",64,9,55
"60QM000431",133,21,112
"60QM000432",106,14,92
"60QM000433",160,32,128
"60QM000434",108,35,73
"60QM000435",110,25,85
"60QM000436",152,38,114
"60QM000437",115,51,64
"60QM000438",132,26,106
"60QM000439",159,33,126
"60QM000440",96,15,81
"60QM000441",102,9,93
"60QM000442",103,6,97
"60QM000443",116,12,104
"60QM000444",107,12,95
"60QM000445",212,13,199
"60QM000446",144,19,125
"60QM000447",86,20,66
"60QM000448",98,33,65
"60QM000449",201,23,178
"60QM000450",136,15,121
"60QM000451",93,20,73
"60QM000452",116,18,98
"60QM000453",144,20,124
"60QM000454",110,13,97
"60QM000455",185,16,169
"60QM000456",162,24,138
"60QM000457",129,12,117
"60QM000458",107,16,91
"60QM000459",112,47,65
"60QM000460",128,53,75
"60QM000461",92,30,62
"60QM000462",105,29,76
"60QM000463",168,14,154
"60QM000464",167,15,152
"60QM000465",184,29,155
"60QM000466",158,17,141
"60QM000467",107,21,86
"60QM000468",69,6,63
"60QM000469",103,26,77
"60QM000470",105,24,81
"60QM000471",127,16,111
"60QM000472",127,22,105
"60QM000473",132,34,98
"60QM000474",111,18,93
"60QM000475",123,26,97
"60QM000476",113,22,91
"60QM000477",123,28,95
"60QM000478",153,44,109
"60QM000479",146,36,110
"60QM000480",156,24,132
"60QM000481",178,57,121
"60QM000482",121,30,91
"60QM000483",64,31,33
"60QM000484",113,17,96
"60QM000485",144,18,126
"60QM000486",160,18,142
"60QM000487",145,15,130
"60QM000488",67,9,58
"60QM000489",161,22,139
"60QM000490",109,10,99
"60QM000491",120,20,100
"60QM000492",134,12,122
"60QM000493",151,39,112
"60QM000494",148,37,111
"60QM000495",100,20,80
"60QM000496",138,29,109
"60QM000497",67,15,52
"60QM000498",122,27,95
"60QM000499",113,19,94
"60QM000500",106,14,92
"60QM000501",91,12,79
"60QM000502",100,28,72
"60QM000503",127,23,104
"60QM000504",86,30,56
"60QM000505",88,12,76
"60QM000506",78,12,66
"60QM000507",136,37,99
"60QM000508",110,29,81
"60QM000509",176,30,146
"60QM000510",101,16,85
"60QM000511",151,20,131
"60QM000512",116,18,98
"60QM000513",83,8,75
"60QM000514",137,56,81
"60QM000515",93,26,67
"60QM000516",80,33,47
"60QM000517",168,25,143
"60QM000518",110,20,90
"60QM000519",153,37,116
"60QM000520",85,17,68
"60QM000521",95,37,58
"60QM000522",103,25,78
"60QM000523",131,23,108
"60QM000524",134,12,122
"60QM000525",59,4,55
"60QM000526",78,12,66
"60QM000527",63,10,53
"60QM000528",91,10,81
"60QM000529",96,17,79
"60QM000530",182,73,109
"60QM000531",99,24,75
"60QM000532",129,36,93
"60QM000533",98,25,73
"60QM000534",84,19,65
"60QM000535",87,25,62
"60QM000536",91,18,73
"60QM000537",142,12,130
"60QM000538",84,15,69
"60QM000539",151,31,120
"60QM000540",127,13,114
"60QM000541",115,22,93
"60QM000542",89,38,51
"60QM000543",76,27,49
"60QM000544",184,37,147
"60QM000545",82,26,56
"60QM000546",125,9,116
"60QM000547",104,32,72
"60QM000548",89,41,48
"60QM000549",91,19,72
"60QM000550",106,18,88
"60QM000551",103,13,90
"60QM000552",110,22,88
"60QM000553",87,19,68
"60QM000554",181,28,153
"60QM000555",194,27,167
"60QM000556",141,21,120
"60QM000557",124,18,106
"60QM000558",107,14,93
"60QM000559",154,23,131
"60QM000560",98,25,73
"60QM000561",53,7,46
"60QM000562",79,20,59
"60QM000563",63,14,49
"60QM000564",114,29,85
"60QM000565",123,24,99
"60QM000566",100,18,82
"60QM000567",107,15,92
"60QM000568",170,27,143
"60QM000569",102,14,88
"60QM000570",160,20,140
"60QM000571",89,27,62
"60QM000572",59,10,49
"60QM000573",118,26,92
"60QM000574",88,25,63
"60QM000575",97,19,78
"60QM000576",98,19,79
"60QM000577",116,35,81
"60QM000578",111,17,94
"60QM000579",151,43,108
"60QM000580",133,27,106
"60QM000581",100,4,96
"60QM000582",67,14,53
"60QM000583",98,9,89
"60QM000584",142,21,121
"60QM000585",122,13,109
"60QM000586",114,18,96
"60QM000587",99,14,85
"60QM000588",186,8,178
"60QM000589",67,14,53
"60QM000590",124,12,112
"60QM000591",103,27,76
"60QM000592",125,11,114
"60QM000593",60,13,47
"60QM000594",144,24,120
"60QM000595",96,10,86
"60QM000596",129,7,122
"60QM000597",117,14,103
"60QM000598",60,7,53
"60QM000599",65,19,46
"60QM000600",54,13,41
"60QM000601",118,14,104
"60QM000602",158,24,134
"60QM000603",174,92,82
"60QM000604",105,8,97
"60QM000605",77,22,55
"60QM000606",106,11,95
"60QM000607",122,24,98
"60QM000608",144,71,73
"60QM000609",183,31,152
"60QM000610",128,53,75
"60QM000611",76,11,65
"60QM000612",136,45,91
"60QM000613",112,36,76
"60QM000614",104,41,63
"60QM000615",127,25,102
"60QM000616",68,6,62
"60QM000617",110,25,85
"60QM000618",60,9,51
"60QM000619",64,11,53
"60QM000620",88,11,77
"60QM000621",156,37,119
"60QM000622",86,11,75
"60QM000623",114,15,99
"60QM000624",122,17,105
"60QM000625",243,13,230
"60QM000626",55,19,36
"60QM000627",68,6,62
"60QM000628",107,17,90
"60QM000629",64,15,49
"60QM000630",104,15,89
"60QM000631",90,15,75
"60QM000632",113,23,90
"60QM000633",72,15,57
"60QM000634",86,15,71
"60QM000635",79,10,69
"60QM000636",130,13,117
"60QM000637",184,5,179
"60QM000638",54,7,47
"60QM000639",55,9,46
"60QM000640",94,12,82
"60QM000641",116,11,105
"60QM000642",60,13,47
"60QM000643",87,23,64
"60QM000644",68,11,57
"60QM000645",97,19,78
"60QM000646",99,23,76
"60QM000647",143,44,99
"60QM000648",88,9,79
"60QM000649",82,11,71
"60QM000650",90,20,70
"60QM000651",128,11,117
"60QM000652",94,8,86
"60QM000653",135,21,114
"60QM000654",82,11,71
"60QM000655",79,4,75
"60QM000656",137,19,118
"60QM000657",91,7,84
"60QM000658",134,18,116
"60QM000659",146,41,105
"60QM000660",143,9,134
"60QM000661",111,26,85
"60QM000662",103,17,86
"60QM000663",81,11,70
"60QM000664",120,32,88
"60QM000665",97,42,55
"60QM000666",69,10,59
"60QM000667",90,22,68
"60QM000668",89,15,74
"60QM000669",81,15,66
"60QM000670",92,24,68
"60QM000671",84,26,58
"60QM000672",78,12,66
"60QM000673",113,22,91
"60QM000674",79,9,70
"60QM000675",99,29,70
"60QM000676",104,15,89
"60QM000677",160,6,154
"60QM000678",130,6,124
"60QM000679",260,12,248
"60QM000680",119,7,112
"60QM000681",98,8,90
"60QM000682",107,23,84
"60QM000683",57,15,42
"60QM000684",120,29,91
"60QM000685",74,21,53
"60QM000686",225,47,178
"60QM000687",107,23,84
"60QM000688",133,10,123
"60QM000689",135,28,107
"60QM000690",59,14,45
"60QM000691",181,26,155
"60QM000692",67,14,53
"60QM000693",142,5,137
"60QM000694",205,19,186
"60QM000695",53,30,23
"60QM000696",144,6,138
"60QM000697",157,26,131
"60QM000698",72,18,54
"60QM000699",179,12,167
"60QM000700",118,5,113
"60QM000701",141,31,110
"60QM000702",60,29,31
"60QM000703",86,20,66
"60QM000704",142,32,110
"60QM000705",72,47,25
"60QM000706",97,26,71
"60QM000707",61,18,43
"60QM000708",129,18,111
"60QM000709",168,28,140
"60QM000710",176,12,164
"60QM000711",89,23,66
"60QM000712",146,7,139
"60QM000713",106,17,89
"60QM000714",173,65,108
"60QM000715",85,24,61
"60QM000716",83,10,73
"60QM000717",68,11,57
"60QM000718",146,7,139
"60QM000719",189,12,177
"60QM000720",129,24,105
"60QM000721",112,24,88
"60QM000722",90,31,59
"60QM000723",90,25,65
"60QM000724",97,14,83
"60QM000725",93,14,79
"60QM000726",165,11,154
"60QM000727",107,15,92
"60QM000728",118,7,111
"60QM000729",73,12,61
"60QM000730",104,16,88
"60QM000731",70,13,57
"60QM000732",166,40,126
"60QM000733",90,13,77
"60QM000734",59,10,49
"60QM000735",155,21,134
"60QM000736",106,13,93
"60QM000737",74,10,64
"60QM000738",92,6,86
"60QM000739",118,12,106
"60QM000740",267,56,211
"60QM000741",125,26,99
"60QM000742",115,4,111
"60QM000743",181,63,118
"60QM000744",122,31,91
"60QM000745",78,19,59
"60QM000746",136,26,110
"60QM000747",82,6,76
"60QM000748",177,15,162
"60QM000749",238,14,224
"60QM000750",128,30,98
"60QM000751",154,6,148
"60QM000752",113,21,92
"60QM000753",141,9,132
"60QM000754",147,6,141
"60QM000755",189,14,175
"60QM000756",142,15,127
"60QM000757",111,6,105
"60QM000758",115,8,107
"60QM000759",211,15,196
"60QM000760",112,6,106
"60QN000001",59,8,51
"60QN000002",90,12,78
"60QN000003",107,14,93
"60QN000004",192,43,149
"60QN000005",155,21,134
"60QN000006",83,38,45
"60QN000007",122,11,111
"60QN000008",119,36,83
"60QN000009",119,12,107
"60QN000010",148,36,112
"60QN000011",104,27,77
"60QN000012",61,24,37
"60QN000013",133,43,90
"60QN000014",82,10,72
"60QN000015",57,17,40
"60QN000016",115,15,100
"60QN000017",118,22,96
"60QN000018",152,9,143
"60QN000019",166,19,147
"60QN000020",141,21,120
"60QN000021",154,22,132
"60QN000022",153,30,123
"60QN000023",191,40,151
"60QN000024",184,12,172
"60QN000025",126,20,106
"60QN000026",200,52,148
"60QN000027",72,19,53
"60QN000028",88,17,71
"60QN000029",101,14,87
"60QN000030",109,22,87
"60QN000031",67,18,49
"60QN000032",111,17,94
"60QN000033",149,73,76
"60QN000034",81,35,46
"60QN000035",127,44,83
"60QN000036",111,31,80
"60QN000037",151,43,108
"60QN000038",111,43,68
"60QN000039",161,19,142
"60QN000040",125,40,85
"60QN000041",124,35,89
"60QN000042",113,19,94
"60QN000043",141,33,108
"60QN000044",61,25,36
"60QN000045",67,18,49
"60QN000046",80,33,47
"60QN000047",87,31,56
"60QN000048",199,22,177
"60QN000049",116,23,93
"60QN000050",89,30,59
"60QN000051",96,20,76
"60QN000052",135,32,103
"60QN000053",124,34,90
"60QN000054",80,28,52
"60QN000055",91,27,64
"60QN000056",93,30,63
"60QN000057",126,13,113
"60QN000058",106,6,100
"60QN000059",100,11,89
"60QN000060",61,9,52
"60QN000061",69,20,49
"60QN000062",156,18,138
"60QN000063",189,53,136
"60QN000064",50,15,35
"60QN000065",129,24,105
"60QN000066",134,16,118
"60QN000067",114,23,91
"60QN000068",110,29,81
"60QN000069",176,71,105
"60QN000070",188,31,157
"60QN000071",108,25,83
"60QN000072",61,30,31
"60QN000073",79,24,55
"60QN000074",107,48,59
"60QN000075",61,14,47
"60QN000076",186,44,142
"60QN000077",139,29,110
"60QN000078",134,40,94
"60QN000079",146,37,109
"60QN000080",138,41,97
"60QN000081",113,29,84
"60QN000082",143,31,112
"60QN000083",122,26,96
"60QN000084",169,37,132
"60QN000085",205,46,159
"60QN000086",122,36,86
"60QN000087",83,24,59
"60QN000088",95,29,66
"60QN000089",103,38,65
"60QN000090",75,16,59
"60QN000091",56,11,45
"60QN000092",56,15,41
"60QN000093",101,28,73
"60QN000094",87,26,61
"60QN000095",137,33,104
"60QN000096",144,29,115
"60QN000097",85,29,56
"60QN000098",125,21,104
"60QN000099",135,26,109
"60QN000100",121,33,88
"60QN000101",102,29,73
"60QN000102",127,26,101
"60QN000103",132,29,103
"60QN000104",99,25,74
"60QN000105",142,39,103
"60QN000106",199,46,153
"60QN000107",121,17,104
"60QN000108",103,8,95
"60QN000109",127,14,113
"60QN000110",126,13,113
"60QN000111",199,12,187
"60QN000112",119,14,105
"60QN000113",154,13,141
"60QN000114",175,11,164
"60QN000115",114,7,107
"60QN000116",251,13,238
"60QN000117",154,21,133
"60QN000118",194,22,172
"60QN000119",198,33,165
"60QN000120",129,23,106
"60QN000121",111,39,72
"60QN000122",177,18,159
"60QN000123",123,27,96
"60QN000124",94,33,61
"60QN000125",80,34,46
"60QN000126",147,27,120
"60QN000127",51,34,17
"60QN000128",61,18,43
"60QN000129",146,8,138
"60QN000130",133,26,107
"60QN000131",125,10,115
"60QN000132",136,14,122
"60QN000133",253,63,190
"60QN000134",129,34,95
"60QN000135",88,14,74
"60QN000136",251,32,219
"60QN000137",131,32,99
"60QN000138",107,32,75
"60QN000139",151,23,128
"60QN000140",119,23,96
"60QN000141",65,10,55
"60QN000142",87,29,58
"60QN000143",129,39,90
"60QN000144",129,11,118
"60QN000145",83,33,50
"60QN000146",139,32,107
"60QN000147",125,12,113
"60QN000148",64,21,43
"60QN000149",81,35,46
"60QN000150",163,24,139
"60QN000151",72,30,42
"60QN000152",86,7,79
"60QN000153",64,26,38
"60QN000154",126,15,111
"60QN000155",148,13,135
"60QN000156",121,13,108
"60QN000157",100,15,85
"60QN000158",103,33,70
"60QN000159",56,12,44
"60QN000160",146,16,130
"60QN000161",66,35,31
"60QN000162",71,14,57
"60QN000163",158,15,143
"60QN000164",138,16,122
"60QN000165",108,19,89
"60QN000166",129,12,117
"60QN000167",64,36,28
"60QN000168",131,38,93
"60QN000169",61,13,48
"60QN000170",88,8,80
"60QN000171",78,9,69
"60QN000172",106,27,79
"60QN000173",57,17,40
"60QN000174",107,24,83
"60QN000175",149,19,130
"60QN000176",155,43,112
"60QN000177",177,21,156
"60QN000178",88,7,81
"60QN000179",217,91,126
"60QN000180",167,13,154
"60QN000181",61,3,58
"60QN000182",91,19,72
"60QN000183",291,63,228
"60QN000184",102,29,73
"60QN000185",61,6,55
"60QN000186",349,38,311
"60QN000187",119,18,101
"60QN000188",85,10,75
"60QN000189",121,21,100
"60QN000190",118,11,107
"60QN000191",156,9,147
"60QN000192",80,12,68
"60QN000193",106,75,31
"60QN000194",117,12,105
"60QN000195",159,9,150
"60QN000196",121,26,95
"60QN000197",204,12,192
"60QN000198",139,10,129
"60QN000199",205,21,184
"60QN000200",121,19,102
"60QN000201",151,17,134
"60QN000202",159,31,128
"60QN000203",123,22,101
"60QN000204",106,25,81
"60QN000205",80,36,44
"60QN000206",140,47,93
"60QN000207",80,14,66
"60QN000208",149,24,125
"60QN000209",98,28,70
"60QN000210",120,17,103
"60QN000211",84,15,69
"60QN000212",124,22,102
"60QN000213",131,11,120
"60QN000214",112,16,96
"60QN000215",104,21,83
"60QN000216",135,24,111
"60QN000217",213,27,186
"60QN000218",140,18,122
"60QN000219",139,16,123
"60QN000220",94,7,87
"60QN000221",65,6,59
"60QN000222",160,10,150
"60QN000223",104,11,93
"60QN000224",174,18,156
"60QN000225",148,15,133
"60QN000226",105,13,92
"60QN000227",168,8,160
"60QN000228",143,11,132
"60QN000229",133,16,117
"60QN000230",96,16,80
"60QN000231",95,31,64
"60QN000232",59,18,41
"60QN000233",79,8,71
"60QN000234",95,58,37
"60QN000235",66,17,49
"60QN000236",164,22,142
"60QN000237",135,24,111
"60QN000238",102,17,85
"60QN000239",130,22,108
"60QN000240",103,10,93
"60QN000241",141,10,131
"60QN000242",122,14,108
"60QN000243",114,9,105
"60QN000244",181,25,156
"60QN000245",87,60,27
"60QN000246",104,26,78
"60QN000247",184,21,163
"60QN000248",175,16,159
"60QN000249",123,18,105
"60QN000250",161,11,150
"60QN000251",140,20,120
"60QN000252",237,10,227
"60QN000253",122,32,90
"60QN000254",89,12,77
"60QN000255",84,11,73
"60QN000256",70,9,61
"60QN000257",126,24,102
"60QN000258",176,20,156
"60QN000259",154,24,130
"60QN000260",201,19,182
"60QN000261",191,12,179
"60QN000262",133,13,120
"60QN000263",125,18,107
"60QN000264",103,12,91
"60QN000265",131,12,119
"60QN000266",201,19,182
"60QN000267",212,25,187
"60QN000268",208,20,188
"60QN000269",141,25,116
"60QN000270",110,16,94
"60QN000271",132,16,116
"60QN000272",171,16,155
"60QN000273",87,13,74
"60QN000274",62,5,57
"60QN000275",102,20,82
"60QN000276",131,19,112
"60QN000277",137,13,124
"60QN000278",113,12,101
"60QN000279",158,13,145
"60QN000280",84,8,76
"60QN000281",147,16,131
"60QN000282",125,13,112
"60QN000283",131,14,117
"60QN000284",142,12,130
"60QN000285",226,11,215
"60QN000286",156,15,141
"60QN000287",155,24,131
"60QN000288",142,15,127
"60QN000289",119,15,104
"60QN000290",144,11,133
"60QN000291",149,13,136
"60QN000292",130,13,117
"60QN000293",228,20,208
"60QN000294",182,19,163
"60QN000295",149,20,129
"60QN000296",130,14,116
"60QN000297",151,13,138
"60QN000298",154,20,134
"60QN000299",150,28,122
"60QN000300",114,17,97
"60QN000301",96,19,77
"60QN000302",130,25,105
"60QN000303",96,15,81
"60QN000304",131,18,113
"60QN000305",151,15,136
"60QN000306",106,22,84
"60QN000307",162,29,133
"60QN000308",54,8,46
"60QN000309",192,18,174
"60QN000310",146,23,123
"60QN000311",146,15,131
"60QN000312",107,5,102
"60QN000313",154,11,143
"60QN000314",103,14,89
"60QN000315",98,12,86
"60QN000316",65,7,58
"60QN000317",135,14,121
"60QN000318",97,51,46
"60QN000319",165,33,132
"60QN000320",90,23,67
"60QN000321",117,31,86
"60QN000322",92,18,74
"60QN000323",105,19,86
"60QN000324",112,35,77
"60QN000325",114,19,95
"60QN000326",93,24,69
"60QN000327",85,27,58
"60QN000328",109,18,91
"60QN000329",107,25,82
"60QN000330",76,10,66
"60QN000331",129,17,112
"60QN000332",74,19,55
"60QN000333",141,15,126
"60QN000334",130,20,110
"60QN000335",114,18,96
"60QN000336",121,6,115
"60QN000337",140,16,124
"60QN000338",130,17,113
"60QN000339",118,16,102
"60QN000340",126,16,110
"60QN000341",135,18,117
"60QN000342",120,19,101
"60QN000343",134,26,108
"60QN000344",140,19,121
"60QN000345",135,7,128
"60QN000346",101,10,91
"60QN000347",94,5,89
"60QN000348",102,6,96
"60QN000349",157,19,138
"60QN000350",114,11,103
"60QN000351",107,5,102
"60QN000352",156,14,142
"60QN000353",104,10,94
"60QN000354",133,11,122
"60QN000355",123,9,114
"60QN000356",173,32,141
"60QN000357",175,20,155
"60QN000358",129,6,123
"60QN000359",192,24,168
"60QN000360",127,11,116
"60QN000361",134,22,112
"60QN000362",114,9,105
"60QN000363",163,12,151
"60QN000364",208,20,188
"60QN000365",140,38,102
"60QN000366",196,73,123
"60QN000367",177,30,147
"60QN000368",205,19,186
"60QN000369",159,33,126
"60QN000370",129,8,121
"60QN000371",142,13,129
"60QN000372",225,7,218
"60QN000373",76,35,41
"60QN000374",210,18,192
"60QN000375",93,35,58
"60QN000376",135,28,107
"60QN000377",158,23,135
"60QN000378",176,26,150
"60QN000379",165,33,132
"60QN000380",113,12,101
"60QN000381",102,15,87
"60QN000382",135,14,121
"60QN000383",153,27,126
"60QN000384",135,16,119
"60QN000385",193,27,166
"60QN000386",187,18,169
"60QN000387",188,14,174
"60QN000388",148,11,137
"60QN000389",169,19,150
"60QN000390",208,12,196
"60QN000391",80,25,55
"60QN000392",96,39,57
"60QN000393",112,8,104
"60QN000394",152,18,134
"60QN000395",161,24,137
"60QN000396",126,28,98
"60QN000397",132,13,119
"60QN000398",100,30,70
"60QN000399",166,38,128
"60QN000400",89,7,82
"60QN000401",129,9,120
"60QN000402",150,16,134
"60QN000403",107,9,98
"60QN000404",133,23,110
"60QN000405",145,12,133
"60QN000406",129,10,119
"60QN000407",142,17,125
"60QN000408",120,20,100
"60QN000409",135,18,117
"60QN000410",163,10,153
"60QN000411",167,20,147
"60QN000412",118,23,95
"60QN000413",151,19,132
"60QN000414",121,21,100
"60QN000415",215,8,207
"60QN000416",129,22,107
"60QN000417",94,62,32
"60QN000418",79,52,27
"60QN000419",157,20,137
"60QN000420",128,53,75
"60QN000421",84,21,63
"60QN000422",142,50,92
"60QN000423",109,20,89
"60QN000424",130,11,119
"60QN000425",124,20,104
"60QN000426",96,2,94
"60QN000427",103,6,97
"60QN000428",74,6,68
"60QN000429",63,8,55
"60QN000430",162,18,144
"60QN000431",168,17,151
"60QN000432",74,13,61
"60QN000433",82,12,70
"60QN000434",155,12,143
"60QN000435",70,6,64
"60QN000436",90,11,79
"60QN000437",131,18,113
"60QN000438",162,12,150
"60QN000439",89,19,70
"60QN000440",116,16,100
"60QN000441",201,38,163
"60QN000442",107,38,69
"60QN000443",119,27,92
"60QN000444",92,25,67
"60QN000445",95,10,85
"60QN000446",126,26,100
"60QN000447",180,16,164
"60QN000448",138,32,106
"60QN000449",153,37,116
"60QN000450",131,18,113
"60QN000451",96,17,79
"60QN000452",174,23,151
"60QN000453",116,25,91
"60QN000454",82,29,53
"60QN000455",123,13,110
"60QN000456",120,21,99
"60QN000457",90,26,64
"60QN000458",103,40,63
"60QN000459",111,20,91
"60QN000460",88,32,56
"60QN000461",80,33,47
"60QN000462",139,25,114
"60QN000463",131,5,126
"60QN000464",157,15,142
"60QN000465",148,11,137
"60QN000466",180,7,173
"60QN000467",134,13,121
"60QN000468",125,19,106
"60QN000469",65,12,53
"60QN000470",118,19,99
"60QN000471",104,19,85
"60QN000472",121,15,106
"60QN000473",120,19,101
"60QN000474",113,15,98
"60QN000475",130,11,119
"60QN000476",216,30,186
"60QN000477",157,18,139
"60QN000478",57,11,46
"60QN000479",195,10,185
"60QN000480",190,22,168
"60QN000481",116,25,91
"60QN000482",126,14,112
"60QN000483",134,17,117
"60QN000484",165,17,148
"60QN000485",146,17,129
"60QN000486",124,24,100
"60QN000487",140,10,130
"60QN000488",126,20,106
"60QN000489",133,16,117
"60QN000490",209,24,185
"60QN000491",204,24,180
"60QN000492",150,21,129
"60QN000493",140,19,121
"60QN000494",145,14,131
"60QN000495",146,20,126
"60QN000496",152,9,143
"60QN000497",223,30,193
"60QN000498",159,26,133
"60QN000499",130,10,120
"60QN000500",168,22,146
"60QN000501",148,17,131
"60QN000502",147,22,125
"60QN000503",133,20,113
"60QN000504",116,17,99
"60QN000505",69,13,56
"60QN000506",82,8,74
"60QN000507",65,11,54
"60QN000508",167,19,148
"60QN000509",151,19,132
"60QN000510",109,22,87
"60QN000511",177,19,158
"60QN000512",77,17,60
"60QN000513",69,44,25
"60QN000514",86,19,67
"60QN000515",147,22,125
"60QN000516",147,12,135
"60QN000517",123,21,102
"60QN000518",185,16,169
"60QN000519",146,14,132
"60QN000520",116,11,105
"60QN000521",86,23,63
"60QN000522",67,2,65
"60QN000523",233,21,212
"60QN000524",116,29,87
"60QN000525",105,38,67
"60QN000526",128,38,90
"60QN000527",144,41,103
"60QN000528",117,23,94
"60QN000529",181,40,141
"60QN000530",143,38,105
"60QN000531",117,31,86
"60QN000532",104,22,82
"60QN000533",240,44,196
"60QN000534",61,15,46
"60QN000535",55,15,40
"60QN000536",159,20,139
"60QN000537",154,8,146
"60QN000538",127,14,113
"60QN000539",186,12,174
"60QN000540",78,17,61
"60QN000541",185,27,158
"60QN000542",132,20,112
"60QN000543",144,25,119
"60QN000544",90,17,73
"60QN000545",116,12,104
"60QN000546",123,19,104
"60QN000547",139,24,115
"60QN000548",238,108,130
"60QN000549",162,19,143
"60QN000550",100,25,75
"60QN000551",220,13,207
"60QN000552",201,18,183
"60QN000553",192,14,178
"60QN000554",160,9,151
"60QN000555",171,10,161
"60QN000556",111,5,106
"60QN000557",122,12,110
"60QN000558",114,15,99
"60QN000559",235,15,220
"60QN000560",271,10,261
"60QN000561",222,14,208
"60QN000562",186,17,169
"60QN000563",148,10,138
"60QN000564",228,7,221
"60QN000565",113,7,106
"60QN000566",290,28,262
"60QN000567",164,18,146
"60QN000568",85,4,81
"60QN000569",207,26,181
"60QN000570",197,23,174
"60QN000571",143,10,133
"60QN000572",248,18,230
"60QN000573",211,32,179
"60QN000574",131,16,115
"60QN000575",65,22,43
"60QN000576",157,25,132
"60QN000577",115,24,91
"60QN000578",83,10,73
"60QN000579",141,26,115
"60QN000580",164,20,144
"60QN000581",93,22,71
"60QN000582",89,13,76
"60QN000583",124,10,114
"60QN000584",67,40,27
"60QN000585",122,17,105
"60QN000586",200,29,171
"60QN000587",97,12,85
"60QN000588",57,15,42
"60QN000589",147,14,133
"60QN000590",55,22,33
"60QN000591",253,91,162
"60QN000592",93,6,87
"60QN000593",87,19,68
"60QN000594",58,7,51
"60QN000595",54,12,42
"60QN000596",90,13,77
"60QN000597",97,24,73
"60QN000598",149,11,138
"60QN000599",134,19,115
"60QN000600",82,8,74
"60QN000601",117,13,104
"60QN000602",107,13,94
"60QN000603",102,14,88
"60QN000604",158,16,142
"60QN000605",155,14,141
"60QN000606",103,8,95
"60QN000607",137,15,122
"60QN000608",78,10,68
"60QN000609",162,13,149
"60QN000610",70,8,62
"60QN000611",119,16,103
"60QN000612",66,7,59
"60QN000613",66,9,57
"60QN000614",167,14,153
"60QN000615",124,33,91
"60QN000616",71,17,54
"60QN000617",160,9,151
"60QN000618",146,11,135
"60QN000619",165,13,152
"60QN000620",119,7,112
"60QN000621",56,27,29
"60QN000622",84,13,71
"60QN000623",62,27,35
"60QN000624",159,12,147
"60QN000625",151,23,128
"60QN000626",99,10,89
"60QN000627",62,7,55
"60QN000628",148,17,131
"60QN000629",56,16,40
"60QN000630",111,29,82
"60QN000631",138,10,128
"60QN000632",113,16,97
"60QN000633",75,12,63
"60QN000634",108,19,89
"60QN000635",57,34,23
"60QN000636",70,21,49
"60QN000637",170,12,158
"60QN000638",113,17,96
"60QN000639",125,65,60
"60QN000640",70,9,61
"60QN000641",126,10,116
"60QN000642",177,21,156
"60QN000643",86,14,72
"60QN000644",99,15,84
"60QN000645",148,11,137
"60QN000646",142,9,133
"60QN000647",207,16,191
"60QN000648",130,6,124
"60QN000649",256,25,231
"60QN000650",140,6,134
"60QN000651",124,11,113
"60QN000652",142,44,98
"60QN000653",131,11,120
"60QN000654",98,16,82
"60QN000655",337,7,330
"60QN000656",152,7,145
"60QN000657",167,12,155
"60QN000658",163,14,149
"60QN000659",147,5,142
"60QN000660",129,6,123
"60QN000661",132,8,124
"60QN000662",210,41,169
"60QN000663",122,6,116
"60QN000664",155,32,123
"60QN000665",67,17,50
"60QN000666",210,136,74
"60QN000667",127,12,115
"60QN000668",51,3,48
"60QN000669",196,5,191
"60QN000670",163,10,153
"60QN000671",152,17,135
"60QN000672",142,9,133
"60QN000673",123,4,119
"60QN000674",123,6,117
"60QN000675",119,6,113
"60QN000676",83,7,76
"60QN000677",218,18,200
"60QN000678",174,24,150
"60QN000679",121,24,97
"60QN000680",130,12,118
"60QN000681",134,27,107
"60QN000682",76,15,61
"60QN000683",202,28,174
"60QN000684",190,28,162
"60QN000685",115,30,85
"60QN000686",66,8,58
"60QN000687",98,11,87
"60QN000688",130,17,113
"60QP000001",79,12,67
"60QP000002",157,17,140
"60QP000003",142,21,121
"60QP000004",464,69,395
"60QP000005",112,15,97
"60QP000006",194,24,170
"60QP000007",59,2,57
"60QP000008",92,11,81
"60QP000009",184,16,168
"60QP000010",108,9,99
"60QP000011",86,5,81
"60QP000012",157,6,151
"60QP000013",124,25,99
"60QP000014",112,20,92
"60QP000015",69,13,56
"60QP000016",84,11,73
"60QP000017",76,12,64
"60QP000018",104,14,90
"60QP000019",83,22,61
"60QP000020",158,40,118
"60QP000021",72,5,67
"60QP000022",147,8,139
"60QP000023",133,28,105
"60QP000024",132,23,109
"60QP000025",77,20,57
"60QP000026",278,27,251
"60QP000027",106,15,91
"60QP000028",83,24,59
"60QP000029",141,26,115
"60QP000030",107,2,105
"60QP000031",90,26,64
"60QP000032",59,20,39
"60QP000033",115,22,93
"60QP000034",135,11,124
"60QP000035",122,10,112
"60QP000036",122,9,113
"60QP000037",66,8,58
"60QP000038",70,4,66
"60QP000039",120,17,103
"60QP000040",91,5,86
"60QP000041",111,10,101
"60QP000042",148,13,135
"60QP000043",50,3,47
"60QP000044",134,18,116
"60QP000045",113,13,100
"60QP000046",98,17,81
"60QP000047",86,39,47
"60QP000048",109,9,100
"60QP000049",101,14,87
"60QP000050",92,9,83
"60QP000051",136,13,123
"60QP000052",97,15,82
"60QP000053",120,10,110
"60QP000054",103,16,87
"60QP000055",122,14,108
"60QP000056",98,9,89
"60QP000057",137,25,112
"60QP000058",148,20,128
"60QP000059",179,53,126
"60QP000060",102,10,92
"60QP000061",100,14,86
"60QP000062",93,14,79
"60QP000063",141,13,128
"60QP000064",57,2,55
"60QP000065",106,11,95
"60QP000066",102,8,94
"60QP000067",111,8,103
"60QP000068",94,14,80
"60QP000069",96,6,90
"60QP000070",101,8,93
"60QP000071",104,3,101
"60QP000072",111,10,101
"60QP000073",124,8,116
"60QP000074",76,10,66
"60QP000075",86,10,76
"60QP000076",63,7,56
"60QP000077",84,8,76
"60QP000078",73,7,66
"60QP000079",123,17,106
"60QP000080",82,7,75
"60QP000081",117,6,111
"60QP000082",101,19,82
"60QP000083",100,15,85
"60QP000084",137,25,112
"60QP000085",86,10,76
"60QP000086",175,20,155
"60QP000087",57,3,54
"60QP000088",60,13,47
"60QP000089",94,57,37
"60QP000090",72,5,67
"60QP000091",79,7,72
"60QP000092",118,14,104
"60QP000093",129,34,95
"60QP000094",69,10,59
"60QP000095",82,9,73
"60QP000096",99,11,88
"60QP000097",95,16,79
"60QP000098",93,5,88
"60QP000099",100,13,87
"60QP000100",108,30,78
"60QP000101",100,5,95
"60QP000102",127,13,114
"60QP000103",117,12,105
"60QP000104",72,10,62
"60QP000105",97,38,59
"60QP000106",98,23,75
"60QP000107",70,3,67
"60QP000108",115,8,107
"60QP000109",174,12,162
"60QP000110",92,8,84
"60QP000111",138,12,126
"60QP000112",69,4,65
"60QP000113",76,13,63
"60QP000114",90,5,85
"60QP000115",119,9,110
"60QP000116",121,7,114
"60QP000117",77,9,68
"60QP000118",116,16,100
"60QP000119",86,5,81
"60QP000120",152,7,145
"60QP000121",111,11,100
"60QP000122",127,11,116
"60QP000123",86,8,78
"60QP000124",93,8,85
"60QP000125",155,13,142
"60QP000126",74,4,70
"60QP000127",120,13,107
"60QP000128",78,5,73
"60QP000129",117,25,92
"60QP000130",94,11,83
"60QP000131",92,8,84
"60QP000132",165,12,153
"60QP000133",117,12,105
"60QP000134",126,15,111
"60QP000135",112,10,102
"60QP000136",121,9,112
"60QP000137",140,8,132
"60QP000138",61,4,57
"60QP000139",137,5,132
"60QP000140",105,6,99
"60QP000141",76,19,57
"60QP000142",155,59,96
"60QP000143",94,2,92
"60QP000144",62,7,55
"60QP000145",91,9,82
"60QP000146",80,17,63
"60QP000147",103,4,99
"60QP000148",72,1,71
"60QP000149",70,5,65
"60QP000150",77,4,73
"60QP000151",98,13,85
"60QP000152",148,11,137
"60QP000153",99,5,94
"60QP000154",76,19,57
"60QP000155",73,13,60
"60QP000156",109,12,97
"60QP000157",55,5,50
"60QP000158",54,17,37
"60QP000159",94,12,82
"60QP000160",96,17,79
"60QP000161",68,4,64
"60QP000162",83,8,75
"60QP000163",158,17,141
"60QP000164",69,11,58
"60QP000165",100,13,87
"60QP000166",108,12,96
"60QP000167",186,60,126
"60QP000168",115,12,103
"60QP000169",59,7,52
"60QP000170",159,35,124
"60QP000171",105,30,75
"60QP000172",68,8,60
"60QP000173",58,4,54
"60QP000174",62,13,49
"60QP000175",154,16,138
"60QP000176",60,7,53
"60QP000177",74,19,55
"60QP000178",97,16,81
"60QP000179",85,21,64
"60QP000180",193,11,182
"60QP000181",123,14,109
"60QP000182",101,13,88
"60QP000183",91,15,76
"60QP000184",152,20,132
"60QP000185",168,13,155
"60QP000186",123,11,112
"60QP000187",60,18,42
"60QP000188",89,19,70
"60QP000189",173,32,141
"60QP000190",125,12,113
"60QP000191",70,5,65
"60QP000192",113,13,100
"60QP000193",85,10,75
"60QP000194",73,6,67
"60QP000195",89,4,85
"60QP000196",169,14,155
"60QP000197",70,6,64
"60QP000198",95,11,84
"60QP000199",76,8,68
"60QP000200",147,20,127
"60QP000201",453,20,433
"60QP000202",115,21,94
"60QP000203",132,16,116
"60QP000204",173,14,159
"60QP000205",66,2,64
"60QP000206",69,4,65
"60QP000207",91,2,89
"60QP000208",67,4,63
"60QP000209",78,4,74
"60QP000210",81,9,72
"60QP000211",108,12,96
"60QP000212",78,6,72
"60QP000213",94,13,81
"60QP000214",84,6,78
"60QP000215",109,8,101
"60QP000216",87,7,80
"60QP000217",91,8,83
"60QP000218",124,13,111
"60QP000219",125,13,112
"60QP000220",89,5,84
"60QP000221",123,7,116
"60QP000222",94,31,63
"60QP000223",119,5,114
"60QP000224",82,5,77
"60QP000225",124,16,108
"60QP000226",114,12,102
"60QP000227",91,22,69
"60QP000228",114,11,103
"60QP000229",87,6,81
"60QP000230",123,12,111
"60QP000231",91,7,84
"60QP000232",83,6,77
"60QP000233",132,7,125
"60QP000234",121,13,108
"60QP000235",82,14,68
"60QP000236",101,7,94
"60QP000237",56,9,47
"60QP000238",68,6,62
"60QP000239",92,5,87
"60QP000240",85,4,81
"60QP000241",96,22,74
"60QP000242",84,16,68
"60QP000243",66,4,62
"60QP000244",82,21,61
"60QP000245",68,7,61
"60QP000246",104,50,54
"60QP000247",84,11,73
"60QP000248",149,27,122
"60QP000249",76,38,38
"60QP000250",142,21,121
"60QP000251",111,7,104
"60QP000252",122,12,110
"60QP000253",102,25,77
"60QP000254",103,14,89
"60QP000255",135,10,125
"60QP000256",89,18,71
"60QP000257",121,11,110
"60QP000258",182,43,139
"60QP000259",140,42,98
"60QP000260",184,61,123
"60QP000261",170,50,120
"60QP000262",152,13,139
"60QP000263",132,46,86
"60QP000264",129,21,108
"60QP000265",106,37,69
"60QP000266",124,27,97
"60QP000267",102,24,78
"60QP000268",100,38,62
"60QP000269",106,24,82
"60QP000270",101,21,80
"60QP000271",118,38,80
"60QP000272",136,47,89
"60QP000273",101,33,68
"60QP000274",83,21,62
"60QP000275",139,38,101
"60QP000276",92,24,68
"60QP000277",101,33,68
"60QP000278",114,46,68
"60QP000279",63,29,34
"60QP000280",98,21,77
"60QP000281",97,16,81
"60QP000282",111,25,86
"60QP000283",107,21,86
"60QP000284",156,29,127
"60QP000285",116,36,80
"60QP000286",106,9,97
"60QP000287",104,20,84
"60QP000288",79,13,66
"60QP000289",128,24,104
"60QP000290",90,24,66
"60QP000291",107,28,79
"60QP000292",55,13,42
"60QP000293",110,33,77
"60QP000294",107,18,89
"60QP000295",125,33,92
"60QP000296",159,44,115
"60QP000297",107,32,75
"60QP000298",121,14,107
"60QP000299",123,14,109
"60QP000300",93,12,81
"60QP000301",185,30,155
"60QP000302",92,10,82
"60QP000303",116,14,102
"60QP000304",103,17,86
"60QP000305",129,25,104
"60QP000306",162,17,145
"60QP000307",87,7,80
"60QP000308",95,16,79
"60QP000309",121,18,103
"60QP000310",87,22,65
"60QP000311",99,32,67
"60QP000312",117,13,104
"60QP000313",80,9,71
"60QP000314",158,23,135
"60QP000315",73,10,63
"60QP000316",114,12,102
"60QP000317",84,8,76
"60QP000318",137,11,126
"60QP000319",111,14,97
"60QP000320",109,9,100
"60QP000321",203,99,104
"60QP000322",127,10,117
"60QP000323",86,11,75
"60QP000324",114,15,99
"60QP000325",130,25,105
"60QP000326",107,18,89
"60QP000327",156,22,134
"60QP000328",153,16,137
"60QP000329",127,21,106
"60QP000330",79,5,74
"60QP000331",119,14,105
"60QP000332",120,17,103
"60QP000333",140,24,116
"60QP000334",89,8,81
"60QP000335",122,23,99
"60QP000336",103,20,83
"60QP000337",117,17,100
"60QP000338",99,15,84
"60QP000339",101,19,82
"60QP000340",110,16,94
"60QP000341",154,24,130
"60QP000342",101,15,86
"60QP000343",118,15,103
"60QP000344",121,10,111
"60QP000345",139,12,127
"60QP000346",114,17,97
"60QP000347",150,20,130
"60QP000348",228,42,186
"60QP000349",99,10,89
"60QP000350",120,14,106
"60QP000351",103,7,96
"60QP000352",64,8,56
"60QP000353",70,13,57
"60QP000354",136,10,126
"60QP000355",78,12,66
"60QP000356",151,14,137
"60QP000357",94,7,87
"60QP000358",67,13,54
"60QP000359",87,11,76
"60QP000360",96,11,85
"60QP000361",113,38,75
"60QP000362",106,25,81
"60QP000363",135,39,96
"60QP000364",215,50,165
"60QP000365",87,10,77
"60QP000366",234,39,195
"60QP000367",124,38,86
"60QP000368",94,28,66
"60QP000369",86,27,59
"60QP000370",90,33,57
"60QP000371",70,14,56
"60QP000372",84,15,69
"60QP000373",99,26,73
"60QP000374",99,42,57
"60QP000375",100,49,51
"60QP000376",84,26,58
"60QP000377",67,20,47
"60QP000378",155,47,108
"60QP000379",72,21,51
"60QP000380",81,22,59
"60QP000381",59,24,35
"60QP000382",157,31,126
"60QP000383",107,24,83
"60QP000384",130,24,106
"60QP000385",83,20,63
"60QP000386",172,52,120
"60QP000387",97,30,67
"60QP000388",93,25,68
"60QP000389",88,20,68
"60QP000390",54,11,43
"60QP000391",67,14,53
"60QP000392",94,25,69
"60QP000393",88,18,70
"60QP000394",112,13,99
"60QP000395",94,28,66
"60QP000396",82,23,59
"60QP000397",88,27,61
"60QP000398",137,49,88
"60QP000399",71,10,61
"60QP000400",78,5,73
"60QP000401",131,26,105
"60QP000402",75,13,62
"60QP000403",91,10,81
"60QP000404",79,18,61
"60QP000405",120,17,103
"60QP000406",145,21,124
"60QP000407",83,26,57
"60QP000408",93,24,69
"60QP000409",61,11,50
"60QP000410",137,35,102
"60QP000411",92,28,64
"60QP000412",101,37,64
"60QP000413",95,31,64
"60QP000414",100,10,90
"60QP000415",68,8,60
"60QP000416",105,24,81
"60QP000417",117,18,99
"60QP000418",96,18,78
"60QP000419",93,21,72
"60QP000420",145,17,128
"60QP000421",157,45,112
"60QP000422",128,50,78
"60QP000423",114,11,103
"60QP000424",99,26,73
"60QP000425",54,20,34
"60QP000426",120,25,95
"60QP000427",135,27,108
"60QP000428",81,14,67
"60QP000429",128,27,101
"60QP000430",81,18,63
"60QP000431",174,25,149
"60QP000432",124,21,103
"60QP000433",126,27,99
"60QP000434",106,12,94
"60QP000435",108,26,82
"60QP000436",91,23,68
"60QP000437",65,17,48
"60QP000438",131,11,120
"60QP000439",117,18,99
"60QP000440",138,31,107
"60QP000441",130,16,114
"60QP000442",133,20,113
"60QP000443",52,4,48
"60QP000444",117,14,103
"60QP000445",134,20,114
"60QP000446",128,25,103
"60QP000447",96,21,75
"60QP000448",124,26,98
"60QP000449",118,17,101
"60QP000450",125,17,108
"60QP000451",122,12,110
"60QP000452",153,24,129
"60QP000453",109,9,100
"60QP000454",117,17,100
"60QP000455",155,27,128
"60QP000456",137,9,128
"60QP000457",152,25,127
"60QP000458",94,15,79
"60QP000459",220,35,185
"60QP000460",176,24,152
"60QP000461",85,32,53
"60QP000462",73,28,45
"60QP000463",118,49,69
"60QP000464",125,62,63
"60QP000465",109,43,66
"60QP000466",121,11,110
"60QP000467",90,22,68
"60QP000468",200,22,178
"60QP000469",147,15,132
"60QP000470",158,12,146
"60QP000471",205,16,189
"60QP000472",140,26,114
"60QP000473",170,21,149
"60QP000474",158,3,155
"60QP000475",152,21,131
"60QP000476",69,10,59
"60QP000477",62,2,60
"60QP000478",144,21,123
"60QP000479",95,16,79
"60QP000480",115,11,104
"60QP000481",117,13,104
"60QP000482",118,16,102
"60QP000483",154,19,135
"60QP000484",285,12,273
"60QP000485",93,22,71
"60QP000486",118,16,102
"60QP000487",120,13,107
"60QP000488",133,18,115
"60QP000489",139,19,120
"60QP000490",182,16,166
"60QP000491",183,18,165
"60QP000492",122,11,111
"60QP000493",175,21,154
"60QP000494",143,17,126
"60QP000495",117,17,100
"60QP000496",76,19,57
"60QP000497",107,19,88
"60QP000498",121,14,107
"60QP000499",138,22,116
"60QP000500",165,24,141
"60QP000501",109,21,88
"60QP000502",99,39,60
"60QP000503",77,22,55
"60QP000504",165,34,131
"60QP000505",109,22,87
"60QP000506",138,33,105
"60QP000507",145,41,104
"60QP000508",87,13,74
"60QP000509",105,32,73
"60QP000510",69,15,54
"60QP000511",97,30,67
"60QP000512",117,27,90
"60QP000513",82,24,58
"60QP000514",114,36,78
"60QP000515",105,19,86
"60QP000516",109,19,90
"60QP000517",110,27,83
"60QP000518",109,32,77
"60QP000519",101,40,61
"60QP000520",166,43,123
"60QP000521",135,40,95
"60QP000522",107,40,67
"60QP000523",131,17,114
"60QP000524",107,16,91
"60QP000525",119,13,106
"60QP000526",115,24,91
"60QP000527",116,28,88
"60QP000528",94,29,65
"60QP000529",111,26,85
"60QP000530",97,38,59
"60QP000531",120,40,80
"60QP000532",95,38,57
"60QP000533",102,26,76
"60QP000534",99,17,82
"60QP000535",95,26,69
"60QP000536",98,16,82
"60QP000537",139,34,105
"60QP000538",73,29,44
"60QP000539",163,43,120
"60QP000540",103,34,69
"60QP000541",95,26,69
"60QP000542",101,33,68
"60QP000543",79,26,53
"60QP000544",78,29,49
"60QP000545",115,32,83
"60QP000546",111,17,94
"60QP000547",56,11,45
"60QP000548",68,10,58
"60QP000549",128,35,93
"60QP000550",129,26,103
"60QP000551",67,7,60
"60QP000552",109,19,90
"60QP000553",93,14,79
"60QP000554",123,17,106
"60QP000555",113,16,97
"60QP000556",120,10,110
"60QP000557",60,14,46
"60QP000558",85,7,78
"60QP000559",88,9,79
"60QP000560",76,17,59
"60QP000561",96,17,79
"60QP000562",130,10,120
"60QP000563",160,12,148
"60QP000564",85,8,77
"60QP000565",183,14,169
"60QP000566",127,10,117
"60QP000567",144,24,120
"60QP000568",134,24,110
"60QP000569",151,18,133
"60QP000570",129,19,110
"60QP000571",86,18,68
"60QP000572",68,4,64
"60QP000573",164,17,147
"60QP000574",101,16,85
"60QP000575",206,15,191
"60QP000576",121,26,95
"60QP000577",63,8,55
"60QP000578",95,17,78
"60QP000579",91,12,79
"60QP000580",84,30,54
"60QP000581",123,31,92
"60QP000582",140,26,114
"60QP000583",127,38,89
"60QP000584",84,33,51
"60QP000585",102,28,74
"60QP000586",99,34,65
"60QP000587",67,17,50
"60QP000588",89,20,69
"60QP000589",71,25,46
"60QP000590",59,27,32
"60QP000591",99,32,67
"60QP000592",91,20,71
"60QP000593",78,22,56
"60QP000594",103,21,82
"60QP000595",63,17,46
"60QP000596",64,22,42
"60QP000597",83,26,57
"60QP000598",87,18,69
"60QP000599",131,37,94
"60QP000600",128,44,84
"60QP000601",91,32,59
"60QP000602",99,27,72
"60QP000603",75,26,49
"60QP000604",144,23,121
"60QP000605",59,24,35
"60QP000606",86,25,61
"60QP000607",89,23,66
"60QP000608",108,34,74
"60QP000609",79,26,53
"60QP000610",104,34,70
"60QP000611",77,15,62
"60QP000612",63,32,31
"60QP000613",58,18,40
"60QP000614",107,22,85
"60QP000615",102,23,79
"60QP000616",64,22,42
"60QP000617",99,21,78
"60QP000618",72,12,60
"60QP000619",129,20,109
"60QP000620",96,26,70
"60QP000621",70,24,46
"60QP000622",160,33,127
"60QP000623",155,23,132
"60QP000624",77,22,55
"60QP000625",151,32,119
"60QP000626",136,29,107
"60QP000627",162,22,140
"60QP000628",50,25,25
"60QP000629",137,21,116
"60QP000630",155,25,130
"60QP000631",138,8,130
"60QP000632",121,8,113
"60QP000633",95,21,74
"60QP000634",111,24,87
"60QP000635",117,19,98
"60QP000636",112,17,95
"60QP000637",120,19,101
"60QP000638",106,20,86
"60QP000639",109,11,98
"60QP000640",120,26,94
"60QP000641",94,18,76
"60QP000642",111,19,92
"60QP000643",80,28,52
"60QP000644",163,21,142
"60QP000645",164,11,153
"60QP000646",97,13,84
"60QP000647",108,10,98
"60QP000648",131,32,99
"60QP000649",98,27,71
"60QP000650",93,22,71
"60QP000651",176,29,147
"60QP000652",182,28,154
"60QP000653",154,37,117
"60QP000654",153,33,120
"60QP000655",92,28,64
"60QP000656",102,27,75
"60QP000657",115,35,80
"60QP000658",126,23,103
"60QP000659",166,70,96
"60QP000660",175,20,155
"60QP000661",135,20,115
"60QP000662",58,9,49
"60QP000663",184,8,176
"60QP000664",105,25,80
"60QP000665",97,12,85
"60QP000666",56,6,50
"60QP000667",72,10,62
"60QP000668",160,25,135
"60QP000669",84,13,71
"60QP000670",122,9,113
"60QP000671",98,23,75
"60QP000672",108,17,91
"60QP000673",142,28,114
"60QP000674",123,19,104
"60QP000675",71,13,58
"60QP000676",109,11,98
"60QP000677",62,16,46
"60QP000678",70,10,60
"60QP000679",77,13,64
"60QP000680",171,48,123
"60QP000681",129,12,117
"60QP000682",76,11,65
"60QP000683",119,6,113
"60QP000684",98,20,78
"60QP000685",152,12,140
"60QP000686",104,7,97
"60QP000687",110,8,102
"60QP000688",86,14,72
"60QP000689",163,12,151
"60QP000690",116,12,104
"60QP000691",139,16,123
"60QP000692",55,24,31
"60QP000693",91,18,73
"60QP000694",153,27,126
"60QP000695",132,23,109
"60QP000696",111,21,90
"60QP000697",109,14,95
"60QP000698",112,31,81
"60QP000699",110,7,103
"60QP000700",123,39,84
"60QP000701",154,21,133
"60QP000702",58,11,47
"60QP000703",80,11,69
"60QP000704",133,6,127
"60QP000705",111,8,103
"60QP000706",114,10,104
"60QP000707",130,11,119
"60QP000708",78,11,67
"60QP000709",85,9,76
"60QP000710",108,12,96
"60QP000711",127,15,112
"60QP000712",99,8,91
"60QP000713",93,13,80
"60QP000714",83,20,63
"60QP000715",60,7,53
"60QP000716",100,20,80
"60QP000717",116,15,101
"60QP000718",96,12,84
"60QP000719",128,12,116
"60QP000720",123,13,110
"60QP000721",189,81,108
"60QP000722",110,19,91
"60QP000723",139,20,119
"60QP000724",76,7,69
"60QP000725",93,6,87
"60QP000726",140,31,109
"60QP000727",116,24,92
"60QP000728",184,23,161
"60QP000729",123,19,104
"60QP000730",111,38,73
"60QP000731",129,12,117
"60QP000732",114,11,103
"60QP000733",138,18,120
"60QP000734",113,6,107
"60QP000735",132,26,106
"60QP000736",141,29,112
"60QP000737",98,33,65
"60QP000738",58,9,49
"60QP000739",60,13,47
"60QP000740",103,36,67
"60QP000741",69,22,47
"60QP000742",100,15,85
"60QP000743",87,29,58
"60QP000744",109,25,84
"60QP000745",106,33,73
"60QP000746",114,17,97
"60QP000747",67,5,62
"60QP000748",159,10,149
"60QP000749",114,10,104
"60QP000750",90,11,79
"60QP000751",136,14,122
"60QP000752",153,16,137
"60QP000753",70,19,51
"60QP000754",113,27,86
"60QP000755",159,18,141
"60QP000756",88,9,79
"60QP000757",87,12,75
"60QP000758",76,12,64
"60QP000759",82,8,74
"60QP000760",56,14,42
"60QP000761",75,31,44
"60QP000762",75,9,66
"60QP000763",64,22,42
"60QP000764",121,27,94
"60QP000765",111,29,82
"60QP000766",208,46,162
"60QP000767",92,25,67
"60QP000768",91,11,80
"60QP000769",90,21,69
"60QP000770",66,11,55
"60QP000771",94,23,71
"60QP000772",67,9,58
"60QP000773",160,28,132
"60QP000774",56,12,44
"60QP000775",177,18,159
"60QP000776",201,27,174
"60QP000777",124,15,109
"60QP000778",92,8,84
"60QP000779",55,26,29
"60QP000780",68,9,59
"60QP000781",78,17,61
"60QP000782",80,14,66
"60QP000783",95,17,78
"60QP000784",95,24,71
"60QP000785",177,31,146
"60QP000786",108,40,68
"60QP000787",113,13,100
"60QP000788",102,18,84
"60QP000789",118,14,104
"60QP000790",61,16,45
"60QP000791",124,25,99
"60QP000792",115,24,91
"60QP000793",98,11,87
"60QP000794",74,14,60
"60QP000795",79,11,68
"60QP000796",112,62,50
"60QP000797",87,28,59
"60QP000798",60,38,22
"60QP000799",60,5,55
"60QP000800",129,30,99
"60QP000801",124,21,103
"60QP000802",98,7,91
"60QP000803",120,52,68
"60QP000804",95,39,56
"60QP000805",115,41,74
"60QP000806",73,10,63
"60QP000807",94,37,57
"60QP000808",100,27,73
"60QP000809",141,23,118
"60QP000810",65,10,55
"60QP000811",88,20,68
"60QP000812",89,23,66
"60QP000813",102,9,93
"60QP000814",58,4,54
"60QP000815",77,4,73
"60QP000816",106,25,81
"60QP000817",102,23,79
"60QP000818",97,20,77
"60QP000819",94,46,48
"60QP000820",68,19,49
"60QP000821",76,26,50
"60QP000822",75,25,50
"60QP000823",92,44,48
"60QP000824",123,17,106
"60QP000825",122,22,100
"60QP000826",84,23,61
"60QP000827",118,10,108
"60QP000828",116,23,93
"60QP000829",66,9,57
"60QP000830",139,58,81
"60QP000831",125,23,102
"60QP000832",127,30,97
"60QP000833",84,20,64
"60QP000834",122,15,107
"60QP000835",101,16,85
"60QP000836",103,9,94
"60QP000837",131,15,116
"60QP000838",110,22,88
"60QP000839",113,27,86
"60QP000840",102,11,91
"60QP000841",106,17,89
"60QP000842",135,48,87
"60QP000843",179,20,159
"60QP000844",182,19,163
"60QP000845",85,17,68
"60QP000846",115,43,72
"60QP000847",83,11,72
"60QP000848",61,8,53
"60QP000849",89,19,70
"60QP000850",81,23,58
"60QP000851",58,11,47
"60QP000852",73,14,59
"60QP000853",120,7,113
"60QP000854",107,19,88
"60QP000855",71,26,45
"60QP000856",62,7,55
"60QP000857",99,15,84
"60QP000858",52,7,45
"60QP000859",108,22,86
"60QP000860",78,32,46
"60QP000861",94,11,83
"60QP000862",51,7,44
"60QP000863",61,12,49
"60QP000864",83,23,60
"60QP000865",58,10,48
"60QP000866",115,36,79
"60QP000867",79,12,67
"60QP000868",57,6,51
"60QP000869",98,37,61
"60QP000870",127,32,95
"60QP000871",57,15,42
"60QP000872",113,20,93
"60QP000873",62,10,52
"60QP000874",106,18,88
"60QP000875",117,16,101
"60QP000876",126,24,102
"60QP000877",122,21,101
"60QP000878",65,45,20
"60QP000879",110,23,87
"60QP000880",59,10,49
"60QP000881",121,41,80
"60QP000882",79,38,41
"60QP000883",92,8,84
"60QP000884",96,11,85
"60QP000885",103,13,90
"60QP000886",103,18,85
"60QP000887",107,16,91
"60QP000888",116,17,99
"60QP000889",123,18,105
"60QP000890",138,59,79
"60QP000891",77,11,66
"60QP000892",80,44,36
"60QP000893",140,48,92
"60QP000894",107,31,76
"60QP000895",104,8,96
"60QP000896",68,7,61
"60QP000897",103,17,86
"60QP000898",86,11,75
"60QP000899",80,12,68
"60QP000900",124,16,108
"60QP000901",186,20,166
"60QP000902",102,5,97
"60QP000903",88,5,83
"60QP000904",103,13,90
"60QP000905",128,42,86
"60QP000906",187,27,160
"60QP000907",119,17,102
"60QP000908",106,13,93
"60QP000909",139,10,129
"60QP000910",104,14,90
"60QP000911",122,13,109
"60QP000912",128,16,112
"60QP000913",101,13,88
"60QP000914",110,14,96
"60QP000915",114,11,103
"60QP000916",135,22,113
"60QP000917",53,10,43
"60QP000918",97,6,91
"60QP000919",71,5,66
"60QP000920",68,12,56
"60QP000921",118,8,110
"60QP000922",104,24,80
"60QP000923",122,47,75
"60QP000924",92,19,73
"60QP000925",101,15,86
"60QP000926",60,6,54
"60QP000927",67,12,55
"60QP000928",101,12,89
"60QP000929",80,9,71
"60QP000930",71,6,65
"60QP000931",132,11,121
"60QP000932",132,15,117
"60QP000933",170,30,140
"60QP000934",88,8,80
"60QP000935",74,4,70
"60QP000936",66,9,57
"60QP000937",169,17,152
"60QP000938",153,20,133
"60QP000939",117,10,107
"60QP000940",108,10,98
"60QP000941",92,13,79
"60QP000942",151,15,136
"60QP000943",157,30,127
"60QP000944",176,31,145
"60QP000945",117,19,98
"60QP000946",73,24,49
"60QP000947",76,14,62
"60QP000948",62,9,53
"60QP000949",98,17,81
"60QP000950",92,9,83
"60QP000951",74,19,55
"60QP000952",90,9,81
"60QP000953",135,18,117
"60QP000954",129,24,105
"60QP000955",113,9,104
"60QP000956",112,21,91
"60QP000957",77,11,66
"60QP000958",90,23,67
"60QP000959",151,18,133
"60QP000960",103,13,90
"60QP000961",57,11,46
"60QP000962",70,14,56
"60QP000963",84,10,74
"60QP000964",165,17,148
"60QP000965",98,23,75
"60QP000966",71,26,45
"60QP000967",91,28,63
"60QP000968",113,9,104
"60QP000969",105,27,78
"60QP000970",59,13,46
"60QP000971",86,6,80
"60QP000972",98,7,91
"60QP000973",118,7,111
"60QP000974",81,6,75
"60QP000975",97,11,86
"60QP000976",119,20,99
"60QP000977",65,10,55
"60QP000978",126,18,108
"60QP000979",104,9,95
"60QP000980",69,11,58
"60QP000981",109,24,85
"60QP000982",71,9,62
"60QP000983",76,6,70
"60QP000984",87,12,75
"60QP000985",143,11,132
"60QP000986",103,6,97
"60QP000987",87,9,78
"60QP000988",109,10,99
"60QP000989",87,9,78
"60QP000990",87,6,81
"60QP000991",95,6,89
"60QP000992",80,10,70
"60QP000993",67,9,58
"60QP000994",127,18,109
"60QP000995",61,10,51
"60QP000996",96,8,88
"60QP000997",102,21,81
"60QP000998",96,15,81
"60QP000999",83,13,70
"60QP001000",77,6,71
"60QP001001",61,37,24
"60QP001002",117,34,83
"60QP001003",100,34,66
"60QP001004",87,14,73
"60QP001005",106,13,93
"60QP001006",69,8,61
"60QP001007",91,12,79
"60QP001008",80,7,73
"60QP001009",139,25,114
"60QP001010",125,28,97
"60QP001011",85,17,68
"60QP001012",96,13,83
"60QP001013",63,17,46
"60QP001014",54,4,50
"60QP001015",109,12,97
"60QP001016",78,14,64
"60QP001017",77,10,67
"60QP001018",91,11,80
"60QP001019",91,12,79
"60QP001020",85,13,72
"60QP001021",187,16,171
"60QP001022",94,11,83
"60QP001023",98,46,52
"60QP001024",118,26,92
"60QP001025",53,3,50
"60QP001026",59,3,56
"60QP001027",57,3,54
"60QP001028",86,33,53
"60QP001029",71,15,56
"60QP001030",97,17,80
"60QP001031",55,4,51
"60QP001032",114,25,89
"60QP001033",66,7,59
"60QP001034",104,17,87
"60QP001035",102,8,94
"60QP001036",97,9,88
"60QP001037",59,10,49
"60QP001038",81,15,66
"60QP001039",79,10,69
"60QP001040",60,9,51
"60QP001041",153,13,140
"60QP001042",110,20,90
"60QP001043",60,4,56
"60QP001044",66,11,55
"60QP001045",107,19,88
"60QP001046",71,23,48
"60QP001047",93,6,87
"60QP001048",167,127,40
"60QP001049",61,13,48
"60QP001050",63,17,46
"60QP001051",147,30,117
"60QP001052",64,13,51
"60QP001053",112,14,98
"60QP001054",92,9,83
"60QP001055",58,26,32
"60QP001056",119,31,88
"60QP001057",97,34,63
"60QP001058",83,26,57
"60QP001059",51,31,20
"60QP001060",116,52,64
"60QP001061",80,24,56
"60QP001062",136,49,87
"60QP001063",129,44,85
"60QP001064",133,53,80
"60QP001065",119,35,84
"60QP001066",111,18,93
"60QP001067",123,27,96
"60QP001068",87,15,72
"60QP001069",111,16,95
"60QP001070",64,29,35
"60QP001071",105,19,86
"60QP001072",73,10,63
"60QP001073",104,21,83
"60QP001074",141,40,101
"60QP001075",126,31,95
"60QP001076",115,33,82
"60QP001077",135,35,100
"60QP001078",111,38,73
"60QP001079",89,26,63
"60QP001080",104,46,58
"60QP001081",123,51,72
"60QP001082",191,39,152
"60QP001083",121,51,70
"60QP001084",143,42,101
"60QP001085",103,33,70
"60QP001086",110,33,77
"60QP001087",97,30,67
"60QP001088",95,24,71
"60QP001089",106,25,81
"60QP001090",94,27,67
"60QP001091",124,29,95
"60QP001092",179,32,147
"60QP001093",135,20,115
"60QP001094",114,17,97
"60QP001095",131,15,116
"60QP001096",108,20,88
"60QP001097",116,15,101
"60QP001098",113,23,90
"60QP001099",108,16,92
"60QP001100",99,22,77
"60QP001101",125,24,101
"60QP001102",123,20,103
"60QP001103",126,21,105
"60QP001104",135,31,104
"60QP001105",135,21,114
"60QP001106",129,26,103
"60QP001107",115,20,95
"60QP001108",63,39,24
"60QP001109",123,36,87
"60QP001110",132,25,107
"60QP001111",62,19,43
"60QP001112",74,29,45
"60QP001113",197,51,146
"60QP001114",70,26,44
"60QP001115",69,27,42
"60QP001116",96,46,50
"60QP001117",96,32,64
"60QP001118",73,26,47
"60QP001119",105,39,66
"60QP001120",98,27,71
"60QP001121",83,27,56
"60QP001122",149,39,110
"60QP001123",90,31,59
"60QP001124",148,42,106
"60QP001125",96,24,72
"60QP001126",121,21,100
"60QP001127",77,24,53
"60QP001128",107,23,84
"60QP001129",121,28,93
"60QP001130",112,18,94
"60QP001131",133,26,107
"60QP001132",122,50,72
"60QP001133",112,27,85
"60QP001134",115,28,87
"60QP001135",88,18,70
"60QP001136",67,37,30
"60QP001137",86,27,59
"60QP001138",96,27,69
"60QP001139",90,20,70
"60QP001140",103,16,87
"60QP001141",97,27,70
"60QP001142",92,25,67
"60QP001143",66,12,54
"60QP001144",192,31,161
"60QP001145",129,24,105
"60QP001146",121,17,104
"60QP001147",100,12,88
"60QP001148",123,25,98
"60QP001149",111,11,100
"60QP001150",108,22,86
"60QP001151",115,15,100
"60QP001152",116,17,99
"60QP001153",93,16,77
"60QP001154",126,14,112
"60QP001155",104,16,88
"60QP001156",132,10,122
"60QP001157",126,10,116
"60QP001158",148,17,131
"60QP001159",68,13,55
"60QP001160",132,11,121
"60QP001161",74,9,65
"60QP001162",118,10,108
"60QP001163",87,18,69
"60QP001164",166,20,146
"60QP001165",128,17,111
"60QP001166",187,17,170
"60QP001167",154,19,135
"60QP001168",76,2,74
"60QP001169",86,18,68
"60QP001170",107,15,92
"60QP001171",96,26,70
"60QP001172",80,12,68
"60QP001173",71,15,56
"60QP001174",117,31,86
"60QP001175",112,28,84
"60QP001176",146,36,110
"60QP001177",90,30,60
"60QP001178",83,18,65
"60QP001179",69,9,60
"60QP001180",102,15,87
"60QP001181",93,17,76
"60QP001182",97,20,77
"60QP001183",195,32,163
"60QP001184",133,14,119
"60QP001185",156,24,132
"60QP001186",211,32,179
"60QP001187",177,21,156
"60QP001188",181,12,169
"60QP001189",121,11,110
"60QP001190",127,9,118
"60QP001191",104,15,89
"60QP001192",121,13,108
"60QP001193",137,13,124
"60QP001194",71,25,46
"60QP001195",107,21,86
"60QP001196",173,25,148
"60QP001197",106,12,94
"60QP001198",95,11,84
"60QP001199",143,42,101
"60QP001200",90,33,57
"60QP001201",72,21,51
"60QP001202",83,18,65
"60QP001203",99,14,85
"60QP001204",141,28,113
"60QP001205",140,19,121
"60QP001206",128,40,88
"60QP001207",138,26,112
"60QP001208",115,22,93
"60QP001209",84,27,57
"60QP001210",120,36,84
"60QP001211",110,34,76
"60QP001212",82,28,54
"60QP001213",128,20,108
"60QP001214",90,27,63
"60QP001215",137,30,107
"60QP001216",71,25,46
"60QP001217",100,21,79
"60QP001218",67,28,39
"60QP001219",66,12,54
"60QP001220",101,19,82
"60QP001221",63,14,49
"60QP001222",95,25,70
"60QP001223",90,39,51
"60QP001224",86,6,80
"60QP001225",55,11,44
"60QP001226",90,20,70
"60QP001227",101,20,81
"60QP001228",94,10,84
"60QP001229",56,9,47
"60QP001230",57,5,52
"60QP001231",172,85,87
"60QP001232",128,24,104
"60QP001233",112,11,101
"60QP001234",120,11,109
"60QP001235",131,17,114
"60QP001236",126,9,117
"60QP001237",99,11,88
"60QP001238",170,14,156
"60QP001239",171,12,159
"60QP001240",98,12,86
"60QP001241",133,9,124
"60QP001242",188,17,171
"60QP001243",116,8,108
"60QP001244",77,11,66
"60QP001245",177,15,162
"60QP001246",148,26,122
"60QP001247",141,22,119
"60QP001248",95,7,88
"60QP001249",109,12,97
"60QP001250",139,12,127
"60QP001251",117,23,94
"60QP001252",141,25,116
"60QP001253",133,10,123
"60QP001254",97,18,79
"60QP001255",82,12,70
"60QP001256",89,16,73
"60QP001257",98,6,92
"60QP001258",149,24,125
"60QP001259",101,14,87
"60QP001260",70,32,38
"60QP001261",107,11,96
"60QP001262",77,20,57
"60QP001263",103,35,68
"60QP001264",101,24,77
"60QP001265",106,28,78
"60QP001266",94,20,74
"60QP001267",93,21,72
"60QP001268",65,18,47
"60QP001269",91,28,63
"60QP001270",183,46,137
"60QP001271",86,35,51
"60QP001272",81,37,44
"60QP001273",113,35,78
"60QP001274",80,17,63
"60QP001275",81,10,71
"60QP001276",84,11,73
"60QP001277",109,21,88
"60QP001278",99,36,63
"60QP001279",145,5,140
"60QP001280",191,4,187
"60QP001281",167,9,158
"60QP001282",236,13,223
"60QP001283",158,7,151
"60QP001284",191,9,182
"60QP001285",164,8,156
"60QP001286",180,6,174
"60QP001287",148,11,137
"60QP001288",89,3,86
"60QP001289",191,10,181
"60QP001290",192,13,179
"60QP001291",136,8,128
"60QP001292",130,10,120
"60QP001293",114,8,106
"60QP001294",153,8,145
"60QP001295",161,14,147
"60QP001296",211,16,195
"60QP001297",174,15,159
"60QP001298",130,18,112
"60QP001299",212,17,195
"60QP001300",172,23,149
"60QP001301",227,14,213
"60QP001302",150,4,146
"60QP001303",257,16,241
"60QP001304",150,17,133
"60QP001305",125,7,118
"60QP001306",190,13,177
"60QP001307",113,19,94
"60QP001308",165,25,140
"60QP001309",66,32,34
"60QP001310",162,22,140
"60QP001311",172,9,163
"60QP001312",134,6,128
"60QP001313",82,10,72
"60QP001314",135,13,122
"60QP001315",113,6,107
"60QP001316",122,8,114
"60QP001317",98,3,95
"60QP001318",139,10,129
"60QP001319",72,7,65
"60QP001320",94,10,84
"60QP001321",108,20,88
"60QP001322",126,12,114
"60QP001323",111,8,103
"60QP001324",109,12,97
"60QP001325",123,11,112
"60QP001326",142,20,122
"60QP001327",118,8,110
"60QP001328",130,8,122
"60QP001329",75,5,70
"60QP001330",114,14,100
"60QP001331",163,10,153
"60QP001332",131,18,113
"60QP001333",83,6,77
"60QP001334",148,9,139
"60QP001335",139,36,103
"60QP001336",209,12,197
"60QP001337",80,5,75
"60QP001338",203,14,189
"60QP001339",110,6,104
"60QP001340",75,5,70
"60QP001341",129,6,123
"60QP001342",133,19,114
"60QP001343",119,10,109
"60QP001344",98,10,88
"60QP001345",118,8,110
"60QP001346",68,6,62
"60QP001347",91,7,84
"60QP001348",88,10,78
"60QP001349",113,13,100
"60QP001350",96,9,87
"60QP001351",116,11,105
"60QP001352",140,10,130
"60QP001353",179,98,81
"60QP001354",86,8,78
"60QP001355",59,6,53
"60QP001356",138,12,126
"60QP001357",195,26,169
"60QP001358",204,127,77
"60QP001359",127,86,41
"60QP001360",58,11,47
"60QP001361",70,11,59
"60QP001362",85,40,45
"60QP001363",102,10,92
"60QP001364",90,9,81
"60QP001365",182,3,179
"60QP001366",186,10,176
"60QP001367",78,45,33
"60QP001368",141,17,124
"60QP001369",178,23,155
"60QP001370",134,43,91
"60QP001371",111,21,90
"60QP001372",125,10,115
"60QP001373",81,36,45
"60QP001374",140,12,128
"60QP001375",125,11,114
"60QP001376",133,24,109
"60QP001377",156,27,129
"60QP001378",115,34,81
"60QP001379",94,15,79
"60QP001380",166,44,122
"60QP001381",153,37,116
"60QP001382",134,22,112
"60QP001383",78,8,70
"60QP001384",156,12,144
"60QP001385",147,13,134
"60QP001386",206,27,179
"60QP001387",95,7,88
"60QP001388",131,9,122
"60QP001389",126,22,104
"60QP001390",149,26,123
"60QP001391",131,18,113
"60QP001392",173,12,161
"60QP001393",91,18,73
"60QP001394",119,16,103
"60QP001395",146,13,133
"60QP001396",168,13,155
"60QP001397",121,17,104
"60QP001398",114,23,91
"60QP001399",121,14,107
"60QP001400",79,8,71
"60QP001401",109,6,103
"60QP001402",141,26,115
"60QP001403",115,32,83
"60QP001404",144,11,133
"60QP001405",118,16,102
"60QP001406",97,7,90
"60QP001407",170,30,140
"60QP001408",157,32,125
"60QP001409",126,16,110
"60QP001410",68,17,51
"60QP001411",93,28,65
"60QP001412",100,24,76
"60QP001413",65,25,40
"60QP001414",77,35,42
"60QP001415",109,27,82
"60QP001416",233,21,212
"60QP001417",161,18,143
"60QP001418",95,12,83
"60QP001419",186,8,178
"60QP001420",143,15,128
"60QP001421",156,16,140
"60QP001422",128,2,126
"60QP001423",155,6,149
"60QP001424",118,17,101
"60QP001425",96,7,89
"60QP001426",117,14,103
"60QP001427",85,9,76
"60QP001428",111,5,106
"60QP001429",80,7,73
"60QP001430",84,9,75
"60QP001431",66,4,62
"60QP001432",56,6,50
"60QP001433",115,8,107
"60QP001434",96,13,83
"60QP001435",157,14,143
"60QP001436",116,19,97
"60QP001437",62,22,40
"60QP001438",213,63,150
"60QP001439",143,20,123
"60QP001440",114,22,92
"60QP001441",67,12,55
"60QP001442",131,31,100
"60QP001443",102,16,86
"60QP001444",78,34,44
"60QP001445",137,47,90
"60QP001446",103,34,69
"60QP001447",79,3,76
"60QP001448",128,11,117
"60QP001449",143,8,135
"60QP001450",73,12,61
"60QP001451",76,8,68
"60QP001452",196,11,185
"60QP001453",145,17,128
"60QP001454",196,19,177
"60QP001455",195,14,181
"60QP001456",115,10,105
"60QP001457",100,8,92
"60QP001458",108,9,99
"60QP001459",75,9,66
"60QP001460",134,6,128
"60QP001461",121,10,111
"60QP001462",143,7,136
"60QP001463",93,10,83
"60QP001464",69,6,63
"60QP001465",206,10,196
"60QP001466",203,52,151
"60QP001467",74,44,30
"60QP001468",77,5,72
"60QP001469",175,13,162
"60QP001470",148,9,139
"60QP001471",156,15,141
"60QP001472",92,5,87
"60QP001473",100,8,92
"60QP001474",80,10,70
"60QP001475",71,4,67
"60QP001476",84,5,79
"60QP001477",203,24,179
"60QP001478",142,14,128
"60QP001479",127,17,110
"60QP001480",190,4,186
"60QP001481",123,8,115
"60QP001482",133,14,119
"60QP001483",120,5,115
"60QP001484",129,14,115
"60QP001485",155,22,133
"60QP001486",183,12,171
"60QP001487",141,19,122
"60QP001488",158,16,142
"60QP001489",68,6,62
"60QP001490",79,6,73
"60QP001491",145,17,128
"60QP001492",130,15,115
"60QP001493",131,15,116
"60QP001494",112,19,93
"60QP001495",120,13,107
"60QP001496",64,16,48
"60QP001497",168,22,146
"60QP001498",107,3,104
"60QP001499",188,21,167
"60QP001500",176,19,157
"60QP001501",141,13,128
"60QP001502",133,12,121
"60QP001503",115,21,94
"60QP001504",104,16,88
"60QP001505",140,11,129
"60QP001506",138,7,131
"60QP001507",174,19,155
"60QP001508",127,6,121
"60QP001509",81,8,73
"60QP001510",88,7,81
"60QP001511",123,15,108
"60QP001512",120,18,102
"60QP001513",115,12,103
"60QP001514",144,11,133
"60QP001515",169,69,100
"60QP001516",82,13,69
"60QP001517",88,15,73
"60QP001518",81,8,73
"60QP001519",87,8,79
"60QP001520",73,11,62
"60QP001521",81,9,72
"60QP001522",87,9,78
"60QP001523",63,19,44
"60QP001524",116,7,109
"60QP001525",86,3,83
"60QP001526",147,20,127
"60QP001527",99,13,86
"60QP001528",78,4,74
"60QP001529",85,7,78
"60QP001530",107,37,70
"60QP001531",104,7,97
"60QP001532",117,12,105
"60QP001533",161,43,118
"60QP001534",144,20,124
"60QP001535",85,14,71
"60QP001536",83,39,44
"60QP001537",104,18,86
"60QP001538",114,22,92
"60QP001539",168,23,145
"60QP001540",164,37,127
"60QP001541",93,57,36
"60QP001542",54,11,43
"60QP001543",128,30,98
"60QP001544",163,12,151
"60QP001545",186,14,172
"60QP001546",116,12,104
"60QP001547",119,14,105
"60QP001548",105,14,91
"60QP001549",127,11,116
"60QP001550",165,18,147
"60QP001551",117,15,102
"60QP001552",121,11,110
"60QP001553",107,14,93
"60QP001554",86,14,72
"60QP001555",115,16,99
"60QP001556",105,23,82
"60QP001557",112,13,99
"60QP001558",118,12,106
"60QP001559",100,17,83
"60QP001560",124,22,102
"60QP001561",110,20,90
"60QP001562",102,15,87
"60QP001563",138,10,128
"60QP001564",162,11,151
"60QP001565",121,2,119
"60QP001566",185,7,178
"60QP001567",180,9,171
"60QP001568",154,7,147
"60QP001569",123,3,120
"60QP001570",206,22,184
"60QP001571",161,5,156
"60QP001572",139,10,129
"60QP001573",153,6,147
"60QP001574",132,8,124
"60QP001575",125,17,108
"60QP001576",132,7,125
"60QP001577",143,13,130
"60QP001578",142,22,120
"60QP001579",159,29,130
"60QP001580",164,12,152
"60QP001581",96,19,77
"60QP001582",142,15,127
"60QP001583",102,20,82
"60QP001584",113,10,103
"60QP001585",117,14,103
"60QP001586",136,21,115
"60QP001587",124,20,104
"60QP001588",130,13,117
"60QP001589",112,12,100
"60QP001590",145,10,135
"60QP001591",91,15,76
"60QP001592",112,11,101
"60QP001593",114,12,102
"60QP001594",146,10,136
"60QP001595",120,19,101
"60QP001596",110,13,97
"60QP001597",165,11,154
"60QP001598",119,10,109
"60QP001599",202,17,185
"60QP001600",102,6,96
"60QP001601",177,80,97
"60QP001602",172,18,154
"60QP001603",108,11,97
"60QP001604",68,24,44
"60QP001605",131,18,113
"60QP001606",153,26,127
"60QP001607",157,12,145
"60QP001608",132,24,108
"60QP001609",95,12,83
"60QP001610",187,21,166
"60QP001611",135,10,125
"60QP001612",129,16,113
"60QP001613",77,6,71
"60QP001614",142,14,128
"60QP001615",179,16,163
"60QP001616",142,9,133
"60QP001617",217,24,193
"60QP001618",169,8,161
"60QP001619",145,7,138
"60QP001620",110,10,100
"60QP001621",110,15,95
"60QP001622",115,13,102
"60QP001623",129,16,113
"60QP001624",129,22,107
"60QP001625",103,21,82
"60QP001626",99,15,84
"60QP001627",87,21,66
"60QP001628",103,14,89
"60QP001629",136,12,124
"60QP001630",169,10,159
"60QP001631",107,15,92
"60QP001632",114,13,101
"60QP001633",113,18,95
"60QP001634",84,9,75
"60QP001635",87,7,80
"60QP001636",56,11,45
"60QP001637",90,26,64
"60QP001638",98,9,89
"60QP001639",80,6,74
"60QP001640",94,12,82
"60QP001641",138,13,125
"60QP001642",73,6,67
"60QP001643",170,17,153
"60QP001644",177,13,164
"60QP001645",131,17,114
"60QP001646",83,13,70
"60QP001647",96,17,79
"60QP001648",172,14,158
"60QP001649",108,9,99
"60QP001650",161,17,144
"60QP001651",113,11,102
"60QP001652",104,10,94
"60QP001653",99,10,89
"60QP001654",135,15,120
"60QP001655",61,9,52
"60QP001656",104,14,90
"60QP001657",53,7,46
"60QP001658",70,2,68
"60QP001659",142,16,126
"60QP001660",80,4,76
"60QP001661",78,7,71
"60QP001662",60,7,53
"60QP001663",63,6,57
"60QP001664",59,10,49
"60QP001665",56,3,53
"60QP001666",76,11,65
"60QP001667",106,11,95
"60QP001668",77,10,67
"60QP001669",85,10,75
"60QP001670",95,25,70
"60QP001671",102,5,97
"60QP001672",97,10,87
"60QP001673",107,16,91
"60QP001674",149,11,138
"60QP001675",86,7,79
"60QP001676",125,5,120
"60QP001677",116,9,107
"60QP001678",202,17,185
"60QP001679",79,4,75
"60QP001680",108,9,99
"60QP001681",90,16,74
"60QP001682",57,10,47
"60QP001683",53,10,43
"60QP001684",69,11,58
"60QP001685",74,7,67
"60QP001686",58,7,51
"60QP001687",118,6,112
"60QP001688",91,9,82
"60QP001689",99,8,91
"60QP001690",116,8,108
"60QP001691",132,10,122
"60QP001692",71,10,61
"60QP001693",125,15,110
"60QP001694",111,17,94
"60QP001695",104,9,95
"60QP001696",92,6,86
"60QP001697",167,9,158
"60QP001698",144,27,117
"60QP001699",171,8,163
"60QP001700",111,28,83
"60QP001701",112,8,104
"60QP001702",129,4,125
"60QP001703",117,5,112
"60QP001704",128,14,114
"60QP001705",84,7,77
"60QP001706",60,8,52
"60QP001707",94,9,85
"60QP001708",110,16,94
"60QP001709",73,20,53
"60QP001710",56,19,37
"60QP001711",67,17,50
"60QP001712",119,19,100
"60QP001713",81,15,66
"60QP001714",93,7,86
"60QP001715",100,11,89
"60QP001716",119,22,97
"60QP001717",77,13,64
"60QP001718",92,13,79
"60QP001719",80,32,48
"60QP001720",124,18,106
"60QP001721",94,20,74
"60QP001722",62,16,46
"60QP001723",137,26,111
"60QP001724",71,9,62
"60QP001725",64,6,58
"60QP001726",62,5,57
"60QP001727",65,7,58
"60QP001728",76,8,68
"60QP001729",56,6,50
"60QP001730",111,8,103
"60QP001731",76,23,53
"60QP001732",57,3,54
"60QP001733",64,19,45
"60QP001734",55,6,49
"60QP001735",62,4,58
"60QP001736",116,12,104
"60QP001737",90,17,73
"60QP001738",58,5,53
"60QP001739",76,11,65
"60QP001740",59,14,45
"60QP001741",92,14,78
"60QP001742",74,12,62
"60QP001743",73,8,65
"60QP001744",77,4,73
"60QP001745",105,8,97
"60QP001746",92,12,80
"60QP001747",52,6,46
"60QP001748",104,10,94
"60QP001749",98,8,90
"60QP001750",115,8,107
"60QP001751",67,3,64
"60QP001752",52,8,44
"60QP001753",58,9,49
"60QP001754",94,11,83
"60QP001755",132,11,121
"60QP001756",89,6,83
"60QP001757",119,16,103
"60QP001758",114,11,103
"60QP001759",128,25,103
"60QP001760",67,14,53
"60QP001761",120,25,95
"60QP001762",131,15,116
"60QP001763",124,34,90
"60QP001764",104,10,94
"60QP001765",126,11,115
"60QP001766",100,18,82
"60QP001767",79,17,62
"60QP001768",123,12,111
"60QP001769",56,21,35
"60QP001770",88,14,74
"60QP001771",151,22,129
"60QP001772",79,3,76
"60QP001773",74,14,60
"60QP001774",89,23,66
"60QP001775",127,12,115
"60QP001776",130,19,111
"60QP001777",111,13,98
"60QP001778",66,6,60
"60QP001779",115,38,77
"60QP001780",117,20,97
"60QP001781",134,27,107
"60QP001782",92,27,65
"60QP001783",133,65,68
"60QP001784",146,29,117
"60QP001785",138,29,109
"60QP001786",103,35,68
"60QP001787",100,23,77
"60QP001788",107,22,85
"60QP001789",149,45,104
"60QP001790",116,20,96
"60QP001791",153,36,117
"60QP001792",84,32,52
"60QP001793",106,32,74
"60QP001794",173,20,153
"60QP001795",109,32,77
"60QP001796",98,24,74
"60QP001797",86,20,66
"60QP001798",96,28,68
"60QP001799",128,27,101
"60QP001800",131,44,87
"60QP001801",145,34,111
"60QP001802",166,30,136
"60QP001803",127,37,90
"60QP001804",119,28,91
"60QP001805",135,32,103
"60QP001806",144,21,123
"60QP001807",142,29,113
"60QP001808",131,24,107
"60QP001809",100,22,78
"60QP001810",87,27,60
"60QP001811",77,18,59
"60QP001812",84,20,64
"60QP001813",140,32,108
"60QP001814",119,25,94
"60QP001815",96,56,40
"60QP001816",80,23,57
"60QP001817",106,36,70
"60QP001818",81,26,55
"60QP001819",96,19,77
"60QP001820",94,30,64
"60QP001821",100,32,68
"60QP001822",140,39,101
"60QP001823",84,22,62
"60QP001824",120,51,69
"60QP001825",72,23,49
"60QP001826",92,21,71
"60QP001827",448,129,319
"60QP001828",116,24,92
"60QP001829",98,33,65
"60QP001830",116,26,90
"60QP001831",71,23,48
"60QP001832",85,16,69
"60QP001833",82,24,58
"60QP001834",118,43,75
"60QP001835",108,49,59
"60QP001836",68,22,46
"60QP001837",116,35,81
"60QP001838",83,15,68
"60QP001839",83,30,53
"60QP001840",87,37,50
"60QP001841",110,49,61
"60QP001842",66,26,40
"60QP001843",73,25,48
"60QP001844",110,27,83
"60QP001845",85,26,59
"60QP001846",105,40,65
"60QP001847",156,43,113
"60QP001848",119,27,92
"60QP001849",158,32,126
"60QP001850",115,26,89
"60QP001851",157,25,132
"60QP001852",96,21,75
"60QP001853",132,30,102
"60QP001854",169,34,135
"60QP001855",139,37,102
"60QP001856",73,26,47
"60QP001857",124,29,95
"60QP001858",61,16,45
"60QP001859",90,29,61
"60QP001860",106,17,89
"60QP001861",80,22,58
"60QP001862",91,29,62
"60QP001863",98,42,56
"60QP001864",65,34,31
"60QP001865",149,29,120
"60QP001866",86,17,69
"60QP001867",208,45,163
"60QP001868",131,16,115
"60QP001869",74,12,62
"60QP001870",104,14,90
"60QP001871",105,30,75
"60QP001872",104,14,90
"60QP001873",118,8,110
"60QP001874",136,17,119
"60QP001875",135,24,111
"60QP001876",137,36,101
"60QP001877",152,30,122
"60QP001878",150,23,127
"60QP001879",142,28,114
"60QP001880",133,15,118
"60QP001881",120,16,104
"60QP001882",106,13,93
"60QP001883",121,14,107
"60QP001884",120,20,100
"60QP001885",143,20,123
"60QP001886",97,13,84
"60QP001887",113,26,87
"60QP001888",117,16,101
"60QP001889",106,20,86
"60QP001890",107,13,94
"60QP001891",131,20,111
"60QP001892",83,18,65
"60QP001893",180,38,142
"60QP001894",159,29,130
"60QP001895",174,19,155
"60QP001896",71,26,45
"60QP001897",140,16,124
"60QP001898",79,29,50
"60QP001899",88,19,69
"60QP001900",100,12,88
"60QP001901",98,16,82
"60QP001902",114,10,104
"60QP001903",106,9,97
"60QP001904",76,21,55
"60QP001905",126,23,103
"60QP001906",83,9,74
"60QP001907",72,4,68
"60QP001908",72,17,55
"60QP001909",113,47,66
"60QP001910",122,13,109
"60QP001911",95,17,78
"60QP001912",88,31,57
"60QP001913",72,24,48
"60QP001914",81,30,51
"60QP001915",148,25,123
"60QP001916",108,25,83
"60QP001917",97,38,59
"60QP001918",101,22,79
"60QP001919",156,22,134
"60QP001920",153,19,134
"60QP001921",144,25,119
"60QP001922",80,25,55
"60QP001923",87,8,79
"60QP001924",132,19,113
"60QP001925",135,12,123
"60QP001926",96,13,83
"60QP001927",79,11,68
"60QP001928",85,12,73
"60QP001929",130,5,125
"60QP001930",77,13,64
"60QP001931",78,19,59
"60QP001932",96,15,81
"60QP001933",158,12,146
"60QP001934",103,10,93
"60QP001935",124,13,111
"60QP001936",96,13,83
"60QP001937",116,6,110
"60QP001938",98,20,78
"60QP001939",91,6,85
"60QP001940",83,5,78
"60QP001941",85,6,79
"60QP001942",110,10,100
"60QP001943",82,11,71
"60QP001944",133,10,123
"60QP001945",139,18,121
"60QP001946",162,68,94
"60QP001947",104,8,96
"60QP001948",132,14,118
"60QP001949",139,11,128
"60QP001950",124,14,110
"60QP001951",107,11,96
"60QP001952",193,17,176
"60QP001953",161,19,142
"60QP001954",165,31,134
"60QP001955",195,16,179
"60QP001956",162,13,149
"60QP001957",149,13,136
"60QP001958",98,13,85
"60QP001959",128,23,105
"60QP001960",207,110,97
"60QP001961",122,15,107
"60QP001962",102,16,86
"60QP001963",87,37,50
"60QP001964",129,12,117
"60QP001965",145,13,132
"60QP001966",108,12,96
"60QP001967",225,11,214
"60QP001968",213,44,169
"60QP001969",91,23,68
"60QP001970",102,12,90
"60QP001971",94,16,78
"60QP001972",104,9,95
"60QP001973",227,119,108
"60QP001974",115,8,107
"60QP001975",168,16,152
"60QP001976",154,10,144
"60QP001977",68,6,62
"60QP001978",148,15,133
"60QP001979",113,10,103
"60QP001980",106,10,96
"60QP001981",103,16,87
"60QP001982",89,3,86
"60QP001983",151,25,126
"60QP001984",199,31,168
"60QP001985",155,23,132
"60QP001986",94,16,78
"60QP001987",76,9,67
"60QP001988",132,21,111
"60QP001989",113,8,105
"60QP001990",89,17,72
"60QP001991",137,17,120
"60QP001992",170,22,148
"60QP001993",122,15,107
"60QP001994",98,13,85
"60QP001995",143,36,107
"60QP001996",98,25,73
"60QP001997",102,17,85
"60QP001998",112,22,90
"60QP001999",128,11,117
"60QP002000",100,22,78
"60QP002001",185,31,154
"60QP002002",96,8,88
"60QP002003",111,20,91
"60QP002004",75,18,57
"60QP002005",100,12,88
"60QP002006",70,23,47
"60QP002007",125,17,108
"60QP002008",98,21,77
"60QP002009",96,16,80
"60QP002010",140,9,131
"60QP002011",134,20,114
"60QP002012",95,19,76
"60QP002013",122,27,95
"60QP002014",95,14,81
"60QP002015",133,28,105
"60QP002016",68,30,38
"60QP002017",58,18,40
"60QP002018",73,8,65
"60QP002019",169,35,134
"60QP002020",147,18,129
"60QP002021",112,16,96
"60QP002022",127,27,100
"60QP002023",127,34,93
"60QP002024",76,19,57
"60QP002025",157,22,135
"60QP002026",168,16,152
"60QP002027",109,17,92
"60QP002028",203,19,184
"60QP002029",135,15,120
"60QP002030",121,13,108
"60QP002031",124,13,111
"60QP002032",126,16,110
"60QP002033",149,58,91
"60QP002034",63,48,15
"60QP002035",149,18,131
"60QP002036",117,18,99
"60QP002037",135,14,121
"60QP002038",93,10,83
"60QP002039",159,17,142
"60QP002040",144,17,127
"60QP002041",139,17,122
"60QP002042",140,14,126
"60QP002043",107,13,94
"60QP002044",121,17,104
"60QP002045",109,18,91
"60QP002046",138,19,119
"60QP002047",108,29,79
"60QP002048",116,13,103
"60QP002049",116,17,99
"60QP002050",119,17,102
"60QP002051",122,17,105
"60QP002052",74,12,62
"60QP002053",92,14,78
"60QP002054",76,14,62
"60QP002055",99,17,82
"60QP002056",125,17,108
"60QP002057",111,23,88
"60QP002058",93,17,76
"60QP002059",113,14,99
"60QP002060",89,10,79
"60QP002061",131,13,118
"60QP002062",136,27,109
"60QP002063",116,12,104
"60QP002064",107,14,93
"60QP002065",161,14,147
"60QP002066",114,15,99
"60QP002067",118,19,99
"60QP002068",179,27,152
"60QP002069",119,18,101
"60QP002070",136,17,119
"60QP002071",125,14,111
"60QP002072",111,13,98
"60QP002073",94,21,73
"60QP002074",128,9,119
"60QP002075",107,15,92
"60QP002076",170,21,149
"60QP002077",205,19,186
"60QP002078",111,15,96
"60QP002079",122,15,107
"60QP002080",122,18,104
"60QP002081",108,13,95
"60QP002082",166,19,147
"60QP002083",101,11,90
"60QP002084",212,20,192
"60QP002085",183,17,166
"60QP002086",148,42,106
"60QP002087",132,25,107
"60QP002088",131,11,120
"60QP002089",105,6,99
"60QP002090",231,36,195
"60QP002091",127,27,100
"60QP002092",113,14,99
"60QP002093",159,15,144
"60QP002094",225,30,195
"60QP002095",174,22,152
"60QP002096",86,21,65
"60QP002097",91,50,41
"60QP002098",113,23,90
"60QP002099",128,49,79
"60QP002100",177,24,153
"60QP002101",123,14,109
"60QP002102",111,30,81
"60QP002103",86,12,74
"60QP002104",101,23,78
"60QP002105",106,22,84
"60QP002106",129,12,117
"60QP002107",110,19,91
"60QP002108",96,21,75
"60QP002109",121,14,107
"60QP002110",105,14,91
"60QP002111",109,15,94
"60QP002112",113,13,100
"60QP002113",71,14,57
"60QP002114",100,18,82
"60QP002115",115,23,92
"60QP002116",129,16,113
"60QP002117",124,13,111
"60QP002118",134,9,125
"60QP002119",128,25,103
"60QP002120",96,14,82
"60QP002121",120,19,101
"60QP002122",135,15,120
"60QP002123",108,15,93
"60QP002124",170,28,142
"60QP002125",147,6,141
"60QP002126",137,14,123
"60QP002127",388,23,365
"60QP002128",144,26,118
"60QP002129",133,12,121
"60QP002130",128,21,107
"60QP002131",98,7,91
"60QP002132",69,8,61
"60QP002133",71,8,63
"60QP002134",92,15,77
"60QP002135",75,6,69
"60QP002136",138,14,124
"60QP002137",163,13,150
"60QP002138",99,8,91
"60QP002139",94,8,86
"60QP002140",151,11,140
"60QP002141",147,12,135
"60QP002142",76,7,69
"60QP002143",92,8,84
"60QP002144",117,15,102
"60QP002145",100,19,81
"60QP002146",81,7,74
"60QP002147",121,6,115
"60QP002148",89,5,84
"60QP002149",102,7,95
"60QP002150",75,12,63
"60QP002151",134,11,123
"60QP002152",144,14,130
"60QP002153",119,11,108
"60QP002154",71,14,57
"60QP002155",64,3,61
"60QP002156",127,20,107
"60QP002157",147,15,132
"60QP002158",116,34,82
"60QP002159",113,39,74
"60QP002160",117,27,90
"60QP002161",96,20,76
"60QP002162",134,27,107
"60QP002163",114,11,103
"60QP002164",136,42,94
"60QP002165",153,29,124
"60QP002166",124,26,98
"60QP002167",172,57,115
"60QP002168",102,28,74
"60QP002169",149,25,124
"60QP002170",138,28,110
"60QP002171",196,33,163
"60QP002172",130,29,101
"60QP002173",110,19,91
"60QP002174",113,31,82
"60QP002175",90,18,72
"60QP002176",110,30,80
"60QP002177",85,21,64
"60QP002178",54,10,44
"60QP002179",50,10,40
"60QP002180",87,58,29
"60QP002181",97,26,71
"60QP002182",92,19,73
"60QP002183",59,16,43
"60QP002184",78,23,55
"60QP002185",118,30,88
"60QP002186",125,29,96
"60QP002187",140,43,97
"60QP002188",77,17,60
"60QP002189",79,34,45
"60QP002190",70,22,48
"60QP002191",155,17,138
"60QP002192",103,17,86
"60QP002193",85,24,61
"60QP002194",109,13,96
"60QP002195",124,13,111
"60QP002196",123,19,104
"60QP002197",117,12,105
"60QP002198",123,14,109
"60QP002199",108,19,89
"60QP002200",126,13,113
"60QP002201",113,20,93
"60QP002202",95,12,83
"60QP002203",77,12,65
"60QP002204",143,16,127
"60QP002205",177,25,152
"60QP002206",115,37,78
"60QP002207",98,29,69
"60QP002208",86,27,59
"60QP002209",123,16,107
"60QP002210",82,30,52
"60QP002211",104,38,66
"60QP002212",137,20,117
"60QP002213",100,15,85
"60QP002214",133,18,115
"60QP002215",131,10,121
"60QP002216",204,19,185
"60QP002217",127,10,117
"60QP002218",157,27,130
"60QP002219",113,14,99
"60QP002220",106,16,90
"60QP002221",197,40,157
"60QP002222",141,12,129
"60QP002223",90,11,79
"60QP002224",99,11,88
"60QP002225",139,17,122
"60QP002226",140,18,122
"60QP002227",468,36,432
"60QP002228",108,29,79
"60QP002229",143,11,132
"60QP002230",97,44,53
"60QP002231",149,25,124
"60QP002232",121,6,115
"60QP002233",133,16,117
"60QP002234",104,17,87
"60QP002235",91,16,75
"60QP002236",134,14,120
"60QP002237",144,13,131
"60QP002238",143,10,133
"60QP002239",169,20,149
"60QP002240",106,10,96
"60QP002241",149,33,116
"60QP002242",89,10,79
"60QP002243",124,17,107
"60QP002244",98,11,87
"60QP002245",103,16,87
"60QP002246",146,11,135
"60QP002247",55,6,49
"60QP002248",96,8,88
"60QP002249",98,8,90
"60QP002250",103,14,89
"60QP002251",121,7,114
"60QP002252",97,13,84
"60QP002253",102,12,90
"60QP002254",134,50,84
"60QP002255",124,16,108
"60QP002256",139,13,126
"60QP002257",107,6,101
"60QP002258",108,15,93
"60QP002259",132,21,111
"60QP002260",135,15,120
"60QP002261",93,19,74
"60QP002262",146,28,118
"60QP002263",145,17,128
"60QP002264",138,19,119
"60QP002265",130,14,116
"60QP002266",140,22,118
"60QP002267",156,11,145
"60QP002268",138,14,124
"60QP002269",137,21,116
"60QP002270",112,5,107
"60QP002271",105,15,90
"60QP002272",96,16,80
"60QP002273",146,4,142
"60QP002274",52,7,45
"60QP002275",120,10,110
"60QP002276",89,15,74
"60QP002277",136,9,127
"60QP002278",92,19,73
"60QP002279",126,16,110
"60QP002280",98,14,84
"60QP002281",111,23,88
"60QP002282",102,13,89
"60QP002283",118,26,92
"60QP002284",154,41,113
"60QP002285",96,14,82
"60QP002286",87,11,76
"60QP002287",125,29,96
"60QP002288",76,12,64
"60QP002289",112,33,79
"60QP002290",120,35,85
"60QP002291",120,41,79
"60QP002292",94,20,74
"60QP002293",72,21,51
"60QP002294",93,27,66
"60QP002295",105,35,70
"60QP002296",99,32,67
"60QP002297",88,24,64
"60QP002298",113,31,82
"60QP002299",58,6,52
"60QP002300",141,32,109
"60QP002301",88,16,72
"60QP002302",168,21,147
"60QP002303",149,36,113
"60QP002304",102,26,76
"60QP002305",89,14,75
"60QP002306",66,11,55
"60QP002307",55,1,54
"60QP002308",150,24,126
"60QP002309",110,15,95
"60QP002310",83,2,81
"60QP002311",118,23,95
"60QP002312",79,29,50
"60QP002313",96,37,59
"60QP002314",181,33,148
"60QP002315",93,15,78
"60QP002316",271,61,210
"60QP002317",134,14,120
"60QP002318",121,23,98
"60QP002319",128,37,91
"60QP002320",116,28,88
"60QP002321",141,39,102
"60QP002322",91,23,68
"60QP002323",63,18,45
"60QP002324",117,22,95
"60QP002325",109,17,92
"60QP002326",69,17,52
"60QP002327",94,23,71
"60QP002328",160,34,126
"60QP002329",99,37,62
"60QP002330",143,26,117
"60QP002331",108,23,85
"60QP002332",137,29,108
"60QP002333",118,39,79
"60QP002334",109,14,95
"60QP002335",128,25,103
"60QP002336",108,28,80
"60QP002337",59,11,48
"60QP002338",88,22,66
"60QP002339",62,19,43
"60QP002340",116,34,82
"60QP002341",110,30,80
"60QP002342",206,27,179
"60QP002343",162,21,141
"60QP002344",137,24,113
"60QP002345",117,25,92
"60QP002346",197,51,146
"60QP002347",100,28,72
"60QP002348",150,32,118
"60QP002349",135,26,109
"60QP002350",114,15,99
"60QP002351",55,40,15
"60QP002352",84,23,61
"60QP002353",111,18,93
"60QP002354",98,18,80
"60QP002355",123,20,103
"60QP002356",117,13,104
"60QP002357",111,8,103
"60QP002358",114,15,99
"60QP002359",116,20,96
"60QP002360",65,16,49
"60QP002361",75,20,55
"60QP002362",132,24,108
"60QP002363",50,18,32
"60QP002364",120,26,94
"60QP002365",126,25,101
"60QP002366",121,22,99
"60QP002367",66,30,36
"60QP002368",92,36,56
"60QP002369",74,31,43
"60QP002370",129,26,103
"60QP002371",114,12,102
"60QP002372",89,14,75
"60QP002373",107,15,92
"60QP002374",192,21,171
"60QP002375",187,14,173
"60QP002376",117,16,101
"60QP002377",137,12,125
"60QP002378",129,16,113
"60QP002379",127,16,111
"60QP002380",129,14,115
"60QP002381",141,11,130
"60QP002382",139,16,123
"60QP002383",125,16,109
"60QP002384",127,13,114
"60QP002385",138,22,116
"60QP002386",128,17,111
"60QP002387",132,14,118
"60QP002388",215,17,198
"60QP002389",104,6,98
"60QP002390",88,12,76
"60QP002391",51,15,36
"60QP002392",133,34,99
"60QP002393",117,8,109
"60QP002394",96,15,81
"60QP002395",129,48,81
"60QP002396",88,13,75
"60QP002397",98,19,79
"60QP002398",143,24,119
"60QP002399",97,19,78
"60QP002400",77,14,63
"60QP002401",96,23,73
"60QP002402",162,22,140
"60QP002403",106,28,78
"60QP002404",98,23,75
"60QP002405",98,12,86
"60QP002406",116,16,100
"60QP002407",131,14,117
"60QP002408",132,11,121
"60QP002409",112,17,95
"60QP002410",147,23,124
"60QP002411",89,19,70
"60QP002412",55,19,36
"60QP002413",97,31,66
"60QP002414",124,15,109
"60QP002415",101,22,79
"60QP002416",111,21,90
"60QP002417",117,31,86
"60QP002418",88,29,59
"60QP002419",142,8,134
"60QP002420",129,10,119
"60QP002421",112,15,97
"60QP002422",90,6,84
"60QP002423",91,9,82
"60QP002424",153,37,116
"60QP002425",97,22,75
"60QP002426",109,23,86
"60QP002427",163,37,126
"60QP002428",158,33,125
"60QP002429",113,25,88
"60QP002430",105,25,80
"60QP002431",140,18,122
"60QP002432",103,18,85
"60QP002433",132,21,111
"60QP002434",123,29,94
"60QP002435",110,17,93
"60QP002436",144,21,123
"60QP002437",116,19,97
"60QP002438",125,21,104
"60QP002439",176,37,139
"60QP002440",1705,80,1625
"60QP002441",124,20,104
"60QP002442",82,21,61
"60QP002443",173,15,158
"60QP002444",167,14,153
"60QP002445",112,11,101
"60QP002446",168,23,145
"60QP002447",108,23,85
"60QP002448",142,17,125
"60QP002449",100,9,91
"60QP002450",121,21,100
"60QP002451",142,15,127
"60QP002452",109,18,91
"60QP002453",133,12,121
"60QP002454",102,13,89
"60QP002455",82,17,65
"60QP002456",155,23,132
"60QP002457",188,24,164
"60QP002458",112,31,81
"60QP002459",72,29,43
"60QP002460",86,11,75
"60QP002461",165,20,145
"60QP002462",154,35,119
"60QP002463",132,40,92
"60QP002464",122,19,103
"60QP002465",97,12,85
"60QP002466",171,17,154
"60QP002467",125,3,122
"60QP002468",159,11,148
"60QP002469",114,9,105
"60QP002470",99,14,85
"60QP002471",100,18,82
"60QP002472",116,17,99
"60QP002473",209,30,179
"60QP002474",202,12,190
"60QP002475",159,9,150
"60QP002476",157,19,138
"60QP002477",106,18,88
"60QP002478",110,19,91
"60QP002479",109,18,91
"60QP002480",187,38,149
"60QP002481",126,31,95
"60QP002482",131,12,119
"60QP002483",181,6,175
"60QP002484",218,8,210
"60QP002485",136,21,115
"60QP002486",109,12,97
"60QP002487",89,29,60
"60QP002488",223,13,210
"60QP002489",119,4,115
"60QP002490",122,11,111
"60QP002491",114,6,108
"60QP002492",52,13,39
"60QP002493",136,26,110
"60QP002494",185,23,162
"60QP002495",115,20,95
"60QP002496",175,60,115
"60QP002497",139,20,119
"60QP002498",111,20,91
"60QP002499",199,34,165
"60QP002500",177,18,159
"60QP002501",118,20,98
"60QP002502",124,27,97
"60QP002503",97,17,80
"60QP002504",95,23,72
"60QP002505",84,13,71
"60QP002506",95,22,73
"60QP002507",145,18,127
"60QP002508",106,9,97
"60QP002509",104,18,86
"60QP002510",61,7,54
"60QP002511",207,22,185
"60QP002512",164,34,130
"60QP002513",152,16,136
"60QP002514",116,16,100
"60QP002515",168,11,157
"60QP002516",114,28,86
"60QP002517",69,8,61
"60QP002518",137,22,115
"60QP002519",84,18,66
"60QP002520",107,21,86
"60QP002521",118,27,91
"60QP002522",75,11,64
"60QP002523",82,11,71
"60QP002524",77,18,59
"60QP002525",99,22,77
"60QP002526",106,18,88
"60QP002527",74,7,67
"60QP002528",103,34,69
"60QP002529",123,40,83
"60QP002530",97,10,87
"60QP002531",73,10,63
"60QP002532",104,19,85
"60QP002533",75,17,58
"60QP002534",151,46,105
"60QP002535",100,15,85
"60QP002536",99,23,76
"60QP002537",183,17,166
"60QP002538",122,13,109
"60QP002539",97,18,79
"60QP002540",117,14,103
"60QP002541",60,6,54
"60QP002542",96,8,88
"60QP002543",165,18,147
"60QP002544",156,36,120
"60QP002545",111,11,100
"60QP002546",93,40,53
"60QP002547",175,19,156
"60QP002548",169,25,144
"60QP002549",153,19,134
"60QP002550",192,93,99
"60QP002551",164,22,142
"60QP002552",160,26,134
"60QP002553",129,12,117
"60QP002554",130,16,114
"60QP002555",104,29,75
"60QP002556",103,7,96
"60QP002557",156,20,136
"60QP002558",113,11,102
"60QP002559",106,29,77
"60QP002560",131,52,79
"60QP002561",97,24,73
"60QP002562",101,13,88
"60QP002563",94,25,69
"60QP002564",169,26,143
"60QP002565",130,37,93
"60QP002566",99,17,82
"60QP002567",94,9,85
"60QP002568",96,17,79
"60QP002569",94,20,74
"60QP002570",73,20,53
"60QP002571",152,33,119
"60QP002572",180,32,148
"60QP002573",159,21,138
"60QP002574",105,20,85
"60QP002575",116,27,89
"60QP002576",121,15,106
"60QP002577",173,19,154
"60QP002578",92,44,48
"60QP002579",81,32,49
"60QP002580",121,40,81
"60QP002581",128,28,100
"60QP002582",130,36,94
"60QP002583",101,21,80
"60QP002584",82,10,72
"60QP002585",99,18,81
"60QP002586",124,17,107
"60QP002587",98,20,78
"60QP002588",94,10,84
"60QP002589",99,30,69
"60QP002590",104,55,49
"60QP002591",126,12,114
"60QP002592",170,61,109
"60QP002593",66,45,21
"60QP002594",144,48,96
"60QP002595",125,37,88
"60QP002596",158,64,94
"60QP002597",83,23,60
"60QP002598",83,19,64
"60QP002599",112,22,90
"60QP002600",108,16,92
"60QP002601",150,24,126
"60QP002602",153,13,140
"60QP002603",142,29,113
"60QP002604",90,22,68
"60QP002605",105,28,77
"60QP002606",117,19,98
"60QP002607",128,28,100
"60QP002608",121,24,97
"60QP002609",98,14,84
"60QP002610",96,25,71
"60QP002611",117,19,98
"60QP002612",78,32,46
"60QP002613",86,25,61
"60QP002614",92,25,67
"60QP002615",97,23,74
"60QP002616",157,38,119
"60QP002617",86,17,69
"60QP002618",119,24,95
"60QP002619",51,16,35
"60QP002620",101,25,76
"60QP002621",150,36,114
"60QP002622",147,37,110
"60QP002623",145,49,96
"60QP002624",159,43,116
"60QP002625",54,37,17
"60QP002626",151,40,111
"60QP002627",109,28,81
"60QP002628",121,44,77
"60QP002629",95,35,60
"60QP002630",110,32,78
"60QP002631",121,49,72
"60QP002632",97,32,65
"60QP002633",53,13,40
"60QP002634",96,21,75
"60QP002635",116,20,96
"60QP002636",115,26,89
"60QP002637",102,34,68
"60QP002638",183,45,138
"60QP002639",122,91,31
"60QP002640",99,52,47
"60QP002641",88,50,38
"60QP002642",84,25,59
"60QP002643",68,30,38
"60QP002644",69,31,38
"60QP002645",134,39,95
"60QP002646",152,30,122
"60QP002647",212,49,163
"60QP002648",115,26,89
"60QP002649",94,33,61
"60QP002650",161,40,121
"60QP002651",109,42,67
"60QP002652",108,41,67
"60QP002653",88,42,46
"60QP002654",84,26,58
"60QP002655",178,25,153
"60QP002656",108,36,72
"60QP002657",128,28,100
"60QP002658",113,31,82
"60QP002659",79,28,51
"60QP002660",95,33,62
"60QP002661",142,54,88
"60QP002662",176,52,124
"60QP002663",104,22,82
"60QP002664",97,37,60
"60QP002665",84,30,54
"60QP002666",146,41,105
"60QP002667",69,26,43
"60QP002668",134,30,104
"60QP002669",116,30,86
"60QP002670",121,31,90
"60QP002671",111,31,80
"60QP002672",115,39,76
"60QP002673",111,18,93
"60QP002674",170,16,154
"60QP002675",194,13,181
"60QP002676",79,10,69
"60QP002677",94,8,86
"60QP002678",149,17,132
"60QP002679",162,28,134
"60QP002680",127,12,115
"60QP002681",119,22,97
"60QP002682",155,14,141
"60QP002683",238,55,183
"60QP002684",164,10,154
"60QP002685",94,4,90
"60QP002686",102,11,91
"60QP002687",147,30,117
"60QP002688",147,17,130
"60QP002689",146,33,113
"60QP002690",122,43,79
"60QP002691",79,47,32
"60QP002692",105,41,64
"60QP002693",58,30,28
"60QP002694",84,34,50
"60QP002695",72,18,54
"60QP002696",52,22,30
"60QP002697",61,32,29
"60QP002698",139,43,96
"60QP002699",117,16,101
"60QP002700",106,22,84
"60QP002701",97,13,84
"60QP002702",110,34,76
"60QP002703",155,30,125
"60QP002704",104,48,56
"60QP002705",123,31,92
"60QP002706",115,16,99
"60QP002707",92,13,79
"60QP002708",119,10,109
"60QP002709",135,7,128
"60QP002710",109,15,94
"60QP002711",2083,99,1984
"60QP002712",125,25,100
"60QP002713",105,15,90
"60QP002714",147,15,132
"60QP002715",75,6,69
"60QP002716",110,11,99
"60QP002717",100,10,90
"60QP002718",106,11,95
"60QP002719",114,20,94
"60QP002720",106,28,78
"60QP002721",85,11,74
"60QP002722",87,18,69
"60QP002723",162,14,148
"60QP002724",64,7,57
"60QP002725",86,8,78
"60QP002726",145,15,130
"60QP002727",154,17,137
"60QP002728",122,11,111
"60QP002729",101,10,91
"60QP002730",80,9,71
"60QP002731",56,13,43
"60QP002732",183,43,140
"60QP002733",148,42,106
"60QP002734",172,100,72
"60QP002735",115,28,87
"60QP002736",111,30,81
"60QP002737",126,31,95
"60QP002738",120,30,90
"60QP002739",97,20,77
"60QP002740",88,24,64
"60QP002741",131,35,96
"60QP002742",77,16,61
"60QP002743",133,30,103
"60QP002744",126,34,92
"60QP002745",91,26,65
"60QP002746",95,48,47
"60QP002747",148,27,121
"60QP002748",83,31,52
"60QP002749",138,19,119
"60QP002750",68,25,43
"60QP002751",84,18,66
"60QP002752",182,15,167
"60QP002753",90,22,68
"60QP002754",91,28,63
"60QP002755",115,31,84
"60QP002756",124,12,112
"60QP002757",149,19,130
"60QP002758",145,15,130
"60QP002759",99,8,91
"60QP002760",140,11,129
"60QP002761",125,15,110
"60QP002762",97,7,90
"60QP002763",128,22,106
"60QP002764",121,20,101
"60QP002765",82,13,69
"60QP002766",144,10,134
"60QP002767",202,87,115
"60QP002768",104,18,86
"60QP002769",106,12,94
"60QP002770",91,15,76
"60QP002771",97,4,93
"60QP002772",115,44,71
"60QP002773",107,14,93
"60QP002774",124,16,108
"60QP002775",114,42,72
"60QP002776",134,29,105
"60QP002777",87,32,55
"60QP002778",110,30,80
"60QP002779",118,39,79
"60QP002780",78,24,54
"60QP002781",140,38,102
"60QP002782",101,22,79
"60QP002783",112,30,82
"60QP002784",189,48,141
"60QP002785",153,47,106
"60QP002786",86,17,69
"60QP002787",102,28,74
"60QP002788",103,19,84
"60QP002789",132,31,101
"60QP002790",62,20,42
"60QP002791",116,44,72
"60QP002792",129,44,85
"60QP002793",121,43,78
"60QP002794",85,12,73
"60QP002795",127,12,115
"60QP002796",173,20,153
"60QP002797",80,40,40
"60QP002798",188,29,159
"60QP002799",147,38,109
"60QP002800",149,29,120
"60QP002801",111,18,93
"60QP002802",106,15,91
"60QP002803",100,25,75
"60QP002804",207,106,101
"60QP002805",124,33,91
"60QP002806",151,30,121
"60QP002807",105,20,85
"60QP002808",141,31,110
"60QP002809",148,32,116
"60QP002810",106,18,88
"60QP002811",80,25,55
"60QP002812",125,47,78
"60QP002813",67,10,57
"60QP002814",146,41,105
"60QP002815",169,19,150
"60QP002816",107,12,95
"60QP002817",113,37,76
"60QP002818",136,50,86
"60QP002819",157,41,116
"60QP002820",133,26,107
"60QP002821",80,17,63
"60QP002822",181,56,125
"60QP002823",105,31,74
"60QP002824",129,24,105
"60QP002825",129,20,109
"60QP002826",148,38,110
"60QP002827",134,33,101
"60QP002828",122,53,69
"60QP002829",128,23,105
"60QP002830",109,25,84
"60QP002831",91,34,57
"60QP002832",98,35,63
"60QP002833",66,20,46
"60QP002834",95,27,68
"60QP002835",78,29,49
"60QP002836",97,28,69
"60QP002837",80,18,62
"60QP002838",87,13,74
"60QP002839",108,39,69
"60QP002840",112,36,76
"60QP002841",72,48,24
"60QP002842",100,27,73
"60QP002843",180,52,128
"60QP002844",126,26,100
"60QP002845",121,13,108
"60QP002846",152,24,128
"60QP002847",113,9,104
"60QP002848",116,6,110
"60QP002849",146,20,126
"60QP002850",115,10,105
"60QP002851",110,26,84
"60QP002852",153,26,127
"60QP002853",186,39,147
"60QP002854",69,20,49
"60QP002855",171,32,139
"60QP002856",180,32,148
"60QP002857",143,45,98
"60QP002858",59,13,46
"60QP002859",110,23,87
"60QP002860",110,19,91
"60QP002861",81,24,57
"60QP002862",172,48,124
"60QP002863",95,31,64
"60QP002864",116,30,86
"60QP002865",109,34,75
"60QP002866",97,37,60
"60QP002867",61,33,28
"60QP002868",92,25,67
"60QP002869",111,40,71
"60QP002870",67,40,27
"60QP002871",159,17,142
"60QP002872",98,14,84
"60QP002873",136,21,115
"60QP002874",128,32,96
"60QP002875",98,23,75
"60QP002876",220,30,190
"60QP002877",75,27,48
"60QP002878",75,31,44
"60QP002879",96,25,71
"60QP002880",91,39,52
"60QP002881",105,18,87
"60QP002882",135,33,102
"60QP002883",152,31,121
"60QP002884",97,31,66
"60QP002885",113,19,94
"60QP002886",110,22,88
"60QP002887",129,43,86
"60QP002888",124,35,89
"60QP002889",144,24,120
"60QP002890",142,37,105
"60QP002891",120,38,82
"60QP002892",110,36,74
"60QP002893",132,36,96
"60QP002894",133,38,95
"60QP002895",96,26,70
"60QP002896",142,58,84
"60QP002897",143,34,109
"60QP002898",132,7,125
"60QP002899",134,11,123
"60QP002900",97,9,88
"60QP002901",94,15,79
"60QP002902",100,28,72
"60QP002903",167,25,142
"60QP002904",158,15,143
"60QP002905",177,34,143
"60QP002906",104,18,86
"60QP002907",86,15,71
"60QP002908",159,28,131
"60QP002909",165,32,133
"60QP002910",161,26,135
"60QP002911",161,39,122
"60QP002912",135,19,116
"60QP002913",101,29,72
"60QP002914",215,27,188
"60QP002915",157,24,133
"60QP002916",142,25,117
"60QP002917",128,17,111
"60QP002918",75,23,52
"60QP002919",125,27,98
"60QP002920",162,29,133
"60QP002921",82,23,59
"60QP002922",106,20,86
"60QP002923",189,17,172
"60QP002924",181,23,158
"60QP002925",101,9,92
"60QP002926",127,8,119
"60QP002927",114,19,95
"60QP002928",173,28,145
"60QP002929",138,27,111
"60QP002930",91,19,72
"60QP002931",112,8,104
"60QP002932",167,28,139
"60QP002933",163,29,134
"60QP002934",147,30,117
"60QP002935",131,20,111
"60QP002936",126,10,116
"60QP002937",172,16,156
"60QP002938",213,14,199
"60QP002939",152,14,138
"60QP002940",148,8,140
"60QP002941",177,7,170
"60QP002942",254,16,238
"60QP002943",189,20,169
"60QP002944",164,13,151
"60QP002945",115,12,103
"60QP002946",192,9,183
"60QP002947",79,3,76
"60QP002948",129,10,119
"60QP002949",159,16,143
"60QP002950",178,19,159
"60QP002951",163,14,149
"60QP002952",160,22,138
"60QP002953",150,7,143
"60QP002954",124,20,104
"60QP002955",135,27,108
"60QP002956",123,21,102
"60QP002957",153,14,139
"60QP002958",126,29,97
"60QP002959",182,27,155
"60QP002960",157,33,124
"60QP002961",213,17,196
"60QP002962",128,13,115
"60QP002963",158,52,106
"60QP002964",141,25,116
"60QP002965",186,20,166
"60QP002966",121,12,109
"60QP002967",181,25,156
"60QP002968",152,13,139
"60QP002969",125,45,80
"60QP002970",121,28,93
"60QP002971",137,22,115
"60QP002972",165,16,149
"60QP002973",123,3,120
"60QP002974",116,19,97
"60QP002975",51,10,41
"60QP002976",112,8,104
"60QP002977",105,26,79
"60QP002978",104,11,93
"60QP002979",83,9,74
"60QP002980",69,16,53
"60QP002981",87,3,84
"60QP002982",91,24,67
"60QP002983",91,26,65
"60QP002984",85,17,68
"60QP002985",105,7,98
"60QP002986",89,20,69
"60QP002987",93,17,76
"60QP002988",127,22,105
"60QP002989",138,25,113
"60QP002990",64,12,52
"60QP002991",52,17,35
"60QP002992",93,8,85
"60QP002993",53,6,47
"60QP002994",145,21,124
"60QP002995",70,9,61
"60QP002996",101,12,89
"60QP002997",86,4,82
"60QP002998",122,21,101
"60QP002999",94,10,84
"60QP003000",52,5,47
"60QP003001",81,27,54
"60QP003002",104,16,88
"60QP003003",71,3,68
"60QP003004",142,9,133
"60QP003005",96,12,84
"60QP003006",95,7,88
"60QP003007",91,9,82
"60QP003008",70,12,58
"60QP003009",65,8,57
"60QP003010",88,11,77
"60QP003011",118,7,111
"60QP003012",82,22,60
"60QP003013",94,6,88
"60QP003014",60,15,45
"60QP003015",81,28,53
"60QP003016",88,6,82
"60QP003017",111,8,103
"60QP003018",56,9,47
"60QP003019",78,14,64
"60QP003020",61,21,40
"60QP003021",65,4,61
"60QP003022",78,16,62
"60QP003023",134,8,126
"60QP003024",148,13,135
"60QP003025",110,9,101
"60QP003026",57,15,42
"60QP003027",102,8,94
"60QP003028",90,9,81
"60QP003029",80,16,64
"60QP003030",50,8,42
"60QP003031",50,3,47
"60QP003032",70,17,53
"60QP003033",60,5,55
"60QP003034",127,20,107
"60QP003035",85,15,70
"60QP003036",56,10,46
"60QP003037",112,11,101
"60QP003038",77,15,62
"60QP003039",79,40,39
"60QP003040",113,70,43
"60QP003041",83,8,75
"60QP003042",109,12,97
"60QP003043",115,16,99
"60QP003044",53,6,47
"60QP003045",93,8,85
"60QP003046",109,9,100
"60QP003047",68,7,61
"60QP003048",61,3,58
"60QP003049",82,21,61
"60QP003050",114,12,102
"60QP003051",51,10,41
"60QP003052",50,4,46
"60QP003053",68,41,27
"60QP003054",81,10,71
"60QP003055",77,6,71
"60QP003056",58,7,51
"60QP003057",88,19,69
"60QP003058",70,8,62
"60QP003059",86,12,74
"60QP003060",147,16,131
"60QP003061",54,4,50
"60QP003062",76,9,67
"60QP003063",78,7,71
"60QP003064",57,8,49
"60QP003065",175,37,138
"60QP003066",60,18,42
"60QP003067",90,22,68
"60QP003068",64,3,61
"60QP003069",68,21,47
"60QP003070",76,9,67
"60QP003071",130,11,119
"60QP003072",69,18,51
"60QP003073",113,16,97
"60QP003074",94,9,85
"60QP003075",107,12,95
"60QP003076",110,17,93
"60QP003077",63,14,49
"60QP003078",69,5,64
"60QP003079",96,13,83
"60QP003080",70,2,68
"60QP003081",83,13,70
"60QP003082",127,37,90
"60QP003083",56,7,49
"60QP003084",117,21,96
"60QP003085",56,19,37
"60QP003086",63,6,57
"60QP003087",115,13,102
"60QP003088",77,7,70
"60QP003089",118,16,102
"60QP003090",193,29,164
"60QP003091",63,6,57
"60QP003092",77,20,57
"60QP003093",148,40,108
"60QP003094",90,18,72
"60QP003095",98,42,56
"60QP003096",75,17,58
"60QP003097",59,26,33
"60QP003098",96,34,62
"60QP003099",140,39,101
"60QP003100",103,11,92
"60QP003101",82,31,51
"60QP003102",89,28,61
"60QP003103",58,22,36
"60QP003104",118,37,81
"60QP003105",86,7,79
"60QP003106",80,12,68
"60QP003107",124,34,90
"60QP003108",65,13,52
"60QP003109",74,13,61
"60QP003110",96,15,81
"60QP003111",126,27,99
"60QP003112",70,5,65
"60QP003113",156,111,45
"60QP003114",51,13,38
"60QP003115",51,8,43
"60QP003116",82,13,69
"60QP003117",127,25,102
"60QP003118",109,27,82
"60QP003119",99,28,71
"60QP003120",109,26,83
"60QP003121",92,10,82
"60QP003122",124,10,114
"60QP003123",73,24,49
"60QP003124",60,9,51
"60QP003125",96,7,89
"60QP003126",86,35,51
"60QP003127",53,21,32
"60QP003128",53,7,46
"60QP003129",114,11,103
"60QP003130",94,23,71
"60QP003131",100,8,92
"60QP003132",122,18,104
"60QP003133",111,11,100
"60QP003134",80,37,43
"60QP003135",106,30,76
"60QP003136",76,5,71
"60QP003137",66,6,60
"60QP003138",93,39,54
"60QP003139",77,16,61
"60QP003140",55,18,37
"60QP003141",65,10,55
"60QP003142",73,15,58
"60QP003143",216,22,194
"60QP003144",112,9,103
"60QP003145",61,22,39
"60QP003146",112,18,94
"60QP003147",93,31,62
"60QP003148",127,20,107
"60QP003149",79,25,54
"60QP003150",91,18,73
"60QP003151",74,31,43
"60QP003152",178,46,132
"60QP003153",63,13,50
"60QP003154",83,15,68
"60QP003155",120,19,101
"60QP003156",107,16,91
"60QP003157",57,7,50
"60QP003158",51,7,44
"60QP003159",118,9,109
"60QP003160",123,13,110
"60QP003161",65,10,55
"60QP003162",120,25,95
"60QP003163",90,17,73
"60QP003164",96,29,67
"60QP003165",62,22,40
"60QP003166",96,22,74
"60QP003167",92,19,73
"60QP003168",107,6,101
"60QP003169",120,11,109
"60QP003170",70,7,63
"60QP003171",56,5,51
"60QP003172",111,10,101
"60QP003173",86,8,78
"60QP003174",109,19,90
"60QP003175",143,27,116
"60QP003176",165,48,117
"60QP003177",100,11,89
"60QP003178",92,12,80
"60QP003179",69,9,60
"60QP003180",57,16,41
"60QP003181",69,11,58
"60QP003182",60,10,50
"60QP003183",68,11,57
"60QP003184",79,4,75
"60QP003185",51,8,43
"60QP003186",150,30,120
"60QP003187",76,11,65
"60QP003188",61,15,46
"60QP003189",53,22,31
"60QP003190",96,12,84
"60QP003191",105,29,76
"60QP003192",129,16,113
"60QP003193",70,5,65
"60QP003194",145,11,134
"60QP003195",161,48,113
"60QP003196",74,16,58
"60QP003197",75,20,55
"60QP003198",56,19,37
"60QP003199",113,29,84
"60QP003200",68,7,61
"60QP003201",69,6,63
"60QP003202",96,19,77
"60QP003203",80,9,71
"60QP003204",157,10,147
"60QP003205",80,9,71
"60QP003206",65,8,57
"60QP003207",75,19,56
"60QP003208",61,8,53
"60QP003209",100,42,58
"60QP003210",67,13,54
"60QP003211",61,9,52
"60QP003212",97,12,85
"60QP003213",84,11,73
"60QP003214",64,14,50
"60QP003215",65,11,54
"60QP003216",69,5,64
"60QP003217",107,5,102
"60QP003218",78,7,71
"60QP003219",87,9,78
"60QP003220",85,11,74
"60QP003221",57,5,52
"60QP003222",60,4,56
"60QP003223",67,5,62
"60QP003224",91,11,80
"60QP003225",53,7,46
"60QP003226",129,63,66
"60QP003227",61,10,51
"60QP003228",88,10,78
"60QP003229",76,15,61
"60QP003230",105,31,74
"60QP003231",75,20,55
"60QP003232",64,24,40
"60QP003233",87,32,55
"60QP003234",61,20,41
"60QP003235",91,29,62
"60QP003236",109,10,99
"60QP003237",51,7,44
"60QP003238",57,7,50
"60QP003239",95,13,82
"60QP003240",51,8,43
"60QP003241",57,10,47
"60QP003242",52,3,49
"60QP003243",92,14,78
"60QP003244",71,4,67
"60QP003245",97,5,92
"60QP003246",114,3,111
"60QP003247",93,1,92
"60QP003248",55,12,43
"60QP003249",113,19,94
"60QP003250",89,7,82
"60QP003251",79,48,31
"60QP003252",66,7,59
"60QP003253",89,15,74
"60QP003254",128,17,111
"60QP003255",62,5,57
"60QP003256",74,10,64
"60QP003257",62,8,54
"60QP003258",57,10,47
"60QP003259",55,25,30
"60QP003260",79,7,72
"60QP003261",84,11,73
"60QP003262",59,11,48
"60QP003263",66,3,63
"60QP003264",57,15,42
"60QP003265",88,15,73
"60QP003266",65,11,54
"60QP003267",63,9,54
"60QP003268",91,12,79
"60QP003269",53,6,47
"60QP003270",83,14,69
"60QP003271",55,19,36
"60QP003272",82,10,72
"60QP003273",82,8,74
"60QP003274",56,13,43
"60QP003275",76,19,57
"60QP003276",78,25,53
"60QP003277",65,16,49
"60QP003278",74,10,64
"60QP003279",67,11,56
"60QP003280",60,33,27
"60QP003281",109,11,98
"60QP003282",52,31,21
"60QP003283",105,24,81
"60QP003284",89,12,77
"60QP003285",116,7,109
"60QP003286",135,7,128
"60QP003287",127,15,112
"60QP003288",74,9,65
"60QP003289",96,8,88
"60QP003290",63,26,37
"60QP003291",113,24,89
"60QP003292",54,26,28
"60QP003293",130,44,86
"60QP003294",96,30,66
"60QP003295",66,7,59
"60QP003296",115,32,83
"60QP003297",67,13,54
"60QP003298",136,16,120
"60QP003299",82,9,73
"60QP003300",95,30,65
"60QP003301",150,28,122
"60QP003302",155,10,145
"60QP003303",160,15,145
"60QP003304",98,17,81
"60QP003305",74,8,66
"60QP003306",56,16,40
"60QP003307",89,20,69
"60QP003308",116,2,114
"60QP003309",87,4,83
"60QP003310",75,7,68
"60QP003311",162,14,148
"60QP003312",117,14,103
"60QP003313",156,9,147
"60QP003314",53,18,35
"60QP003315",152,31,121
"60QP003316",84,11,73
"60QP003317",61,6,55
"60QP003318",68,22,46
"60QP003319",82,21,61
"60QP003320",96,12,84
"60QP003321",152,28,124
"60QP003322",105,6,99
"60QP003323",120,11,109
"60QP003324",137,18,119
"60QP003325",99,11,88
"60QP003326",140,19,121
"60QP003327",82,3,79
"60QP003328",268,11,257
"60QP003329",91,17,74
"60QP003330",110,14,96
"60QP003331",208,8,200
"60QP003332",65,15,50
"60QP003333",121,63,58
"60QP003334",123,5,118
"60QP003335",104,22,82
"60QP003336",53,9,44
"60QP003337",155,11,144
"60QP003338",111,9,102
"60QP003339",112,6,106
"60QP003340",126,18,108
"60QP003341",97,9,88
"60QP003342",71,6,65
"60QP003343",99,7,92
"60QP003344",89,2,87
"60QP003345",73,5,68
"60QP003346",70,4,66
"60QP003347",51,3,48
"60QP003348",85,5,80
"60QP003349",151,15,136
"60QP003350",55,28,27
"60QP003351",110,15,95
"60QP003352",91,8,83
"60QP003353",71,5,66
"60QP003354",91,11,80
"60QP003355",96,20,76
"60QP003356",75,23,52
"60QP003357",133,38,95
"60QP003358",123,6,117
"60QP003359",89,15,74
"60QP003360",97,16,81
"60QP003361",71,7,64
"60QP003362",80,9,71
"60QP003363",108,10,98
"60QP003364",187,10,177
"60QP003365",102,8,94
"60QP003366",138,29,109
"60QP003367",130,46,84
"60QP003368",98,6,92
"60QP003369",146,14,132
"60QP003370",75,6,69
"60QP003371",66,10,56
"60QP003372",123,13,110
"60QP003373",141,10,131
"60QP003374",290,28,262
"60QP003375",93,20,73
"60QP003376",91,8,83
"60QP003377",106,2,104
"60QP003378",186,38,148
"60QP003379",152,9,143
"60QP003380",61,7,54
"60QP003381",124,25,99
"60QP003382",100,20,80
"60QP003383",63,7,56
"60QP003384",121,5,116
"60QP003385",77,16,61
"60QP003386",192,13,179
"60QP003387",219,7,212
"60QP003388",76,5,71
"60QP003389",77,15,62
"60QP003390",103,12,91
"60QP003391",64,11,53
"60QP003392",147,66,81
"60QP003393",56,7,49
"60QP003394",73,9,64
"60QP003395",70,6,64
"60QP003396",65,6,59
"60QP003397",114,44,70
"60QP003398",75,13,62
"60QP003399",91,15,76
"60QP003400",92,9,83
"60QP003401",89,5,84
"60QP003402",87,9,78
"60QP003403",87,7,80
"60QP003404",76,7,69
"60QP003405",124,16,108
"60QP003406",53,11,42
"60QP003407",91,7,84
"60QP003408",147,15,132
"60QP003409",76,8,68
"60QP003410",148,18,130
"60QP003411",97,9,88
"60QP003412",105,9,96
"60QP003413",125,9,116
"60QP003414",52,4,48
"60QP003415",102,43,59
"60QP003416",58,13,45
"60QP003417",87,15,72
"60QP003418",137,19,118
"60QP003419",124,22,102
"60QP003420",154,20,134
"60QP003421",149,36,113
"60QP003422",55,23,32
"60QP003423",118,9,109
"60QP003424",125,19,106
"60QP003425",139,17,122
"60QP003426",149,18,131
"60QP003427",101,17,84
"60QP003428",145,21,124
"60QP003429",106,15,91
"60QP003430",82,35,47
"60QP003431",121,31,90
"60QP003432",107,23,84
"60QP003433",56,35,21
"60QP003434",73,26,47
"60QP003435",100,12,88
"60QP003436",131,48,83
"60QP003437",51,41,10
"60QP003438",106,27,79
"60QP003439",74,23,51
"60QP003440",84,32,52
"60QP003441",56,44,12
"60QP003442",75,26,49
"60QP003443",161,50,111
"60QP003444",75,22,53
"60QP003445",105,29,76
"60QP003446",142,42,100
"60QP003447",184,34,150
"60QP003448",84,12,72
"60QP003449",59,9,50
"60QP003450",115,46,69
"60QP003451",71,8,63
"60QP003452",100,26,74
"60QP003453",98,33,65
"60QP003454",98,16,82
"60QP003455",109,22,87
"60QP003456",100,8,92
"60QP003457",56,9,47
"60QP003458",179,56,123
"60QP003459",63,6,57
"60QP003460",74,8,66
"60QP003461",65,18,47
"60QP003462",91,9,82
"60QP003463",128,10,118
"60QP003464",98,10,88
"60QP003465",60,11,49
"60QP003466",118,13,105
"60QP003467",103,18,85
"60QP003468",66,3,63
"60QP003469",50,3,47
"60QP003470",76,4,72
"60QP003471",148,24,124
"60QP003472",116,36,80
"60QP003473",122,36,86
"60QP003474",101,31,70
"60QP003475",155,55,100
"60QP003476",76,17,59
"60QP003477",134,11,123
"60QP003478",63,7,56
"60QP003479",79,4,75
"60QP003480",115,18,97
"60QP003481",83,5,78
"60QP003482",125,40,85
"60QP003483",70,9,61
"60QP003484",60,19,41
"60QP003485",90,4,86
"60QP003486",87,7,80
"60QP003487",217,58,159
"60QP003488",82,3,79
"60QP003489",124,12,112
"60QP003490",129,6,123
"60QP003491",89,17,72
"60QP003492",86,3,83
"60QP003493",100,41,59
"60QP003494",83,6,77
"60QP003495",89,38,51
"60QP003496",117,24,93
"60QP003497",72,11,61
"60QP003498",69,8,61
"60QP003499",162,17,145
"60QP003500",186,23,163
"60QP003501",116,19,97
"60QP003502",74,15,59
"60QP003503",53,17,36
"60QP003504",130,9,121
"60QP003505",70,22,48
"60QP003506",80,9,71
"60QP003507",142,17,125
"60QP003508",152,20,132
"60QP003509",132,6,126
"60QP003510",110,16,94
"60QP003511",72,6,66
"60QP003512",101,9,92
"60QP003513",70,4,66
"60QP003514",90,9,81
"60QP003515",113,10,103
"60QP003516",66,11,55
"60QP003517",119,4,115
"60QP003518",147,6,141
"60QP003519",58,4,54
"60QP003520",100,5,95
"60QP003521",57,11,46
"60QP003522",201,14,187
"60QP003523",108,16,92
"60QP003524",121,18,103
"60QP003525",71,13,58
"60QP003526",171,14,157
"60QP003527",132,11,121
"60QP003528",80,18,62
"60QP003529",60,5,55
"60QP003530",79,14,65
"60QP003531",69,5,64
"60QP003532",70,7,63
"60QP003533",59,4,55
"60QP003534",141,14,127
"60QP003535",70,13,57
"60QP003536",77,27,50
"60QP003537",109,21,88
"60QP003538",86,12,74
"60QP003539",60,5,55
"60QP003540",67,6,61
"60QP003541",165,36,129
"60QP003542",109,5,104
"60QP003543",68,7,61
"60QP003544",85,13,72
"60QP003545",120,18,102
"60QP003546",156,46,110
"60QP003547",96,27,69
"60QP003548",61,10,51
"60QP003549",142,32,110
"60QP003550",50,0,50
"60QP003551",148,48,100
"60QP003552",134,32,102
"60QP003553",59,18,41
"60QP003554",89,27,62
"60QP003555",129,43,86
"60QP003556",118,27,91
"60QP003557",52,20,32
"60QP003558",72,5,67
"60QP003559",89,13,76
"60QP003560",61,8,53
"60QP003561",79,22,57
"60QP003562",122,38,84
"60QP003563",62,21,41
"60QP003564",122,4,118
"60QP003565",61,19,42
"60QP003566",165,21,144
"60QP003567",219,43,176
"60QP003568",162,33,129
"60QP003569",54,12,42
"60QP003570",138,43,95
"60QP003571",139,31,108
"60QP003572",124,19,105
"60QP003573",71,11,60
"60QP003574",150,19,131
"60QP003575",124,43,81
"60QP003576",94,16,78
"60QP003577",104,10,94
"60QP003578",83,29,54
"60QP003579",73,16,57
"60QP003580",165,72,93
"60QP003581",72,8,64
"60QP003582",196,63,133
"60QP003583",103,12,91
"60QP003584",93,3,90
"60QP003585",117,10,107
"60QP003586",62,8,54
"60QP003587",202,7,195
"60QP003588",77,6,71
"60QP003589",122,9,113
"60QP003590",213,12,201
"60QP003591",156,8,148
"60QP003592",111,4,107
"60QP003593",61,11,50
"60QP003594",102,12,90
"60QP003595",65,13,52
"60QP003596",68,20,48
"60QP003597",158,53,105
"60QP003598",100,35,65
"60QP003599",97,23,74
"60QP003600",180,12,168
"60QP003601",110,16,94
"60QP003602",135,33,102
"60QP003603",53,20,33
"60QP003604",159,29,130
"60QP003605",114,14,100
"60QP003606",139,33,106
"60QP003607",55,4,51
"60QP003608",81,11,70
"60QP003609",84,4,80
"60QP003610",112,13,99
"60QP003611",151,9,142
"60QP003612",139,11,128
"60QP003613",91,8,83
"60QP003614",97,3,94
"60QP003615",154,8,146
"60QP003616",105,19,86
"60QP003617",97,6,91
"60QP003618",82,5,77
"60QP003619",119,16,103
"60QP003620",76,9,67
"60QP003621",102,6,96
"60QP003622",139,8,131
"60QP003623",133,14,119
"60QP003624",70,11,59
"60QP003625",84,46,38
"60QP003626",69,4,65
"60QP003627",177,57,120
"60QP003628",64,22,42
"60QP003629",67,5,62
"60QP003630",167,21,146
"60QP003631",86,12,74
"60QP003632",63,22,41
"60QP003633",105,13,92
"60QP003634",107,36,71
"60QP003635",54,24,30
"60QP003636",78,12,66
"60QP003637",61,12,49
"60QP003638",109,11,98
"60QP003639",119,17,102
"60QP003640",73,16,57
"60QP003641",122,10,112
"60QP003642",63,7,56
"60QP003643",170,11,159
"60QP003644",79,4,75
"60QP003645",163,9,154
"60QP003646",138,12,126
"60QP003647",123,8,115
"60QP003648",147,57,90
"60QP003649",67,16,51
"60QP003650",149,19,130
"60QP003651",79,5,74
"60QP003652",86,10,76
"60QP003653",81,11,70
"60QP003654",123,18,105
"60QP003655",536,335,201
"60QP003656",133,8,125
"60QP003657",61,11,50
"60QP003658",164,4,160
"60QP003659",123,3,120
"60QP003660",155,18,137
"60QP003661",95,14,81
"60QP003662",130,12,118
"60QP003663",137,12,125
"60QP003664",88,7,81
"60QP003665",129,15,114
"60QP003666",112,4,108
"60QP003667",78,12,66
"60QP003668",228,11,217
"60QP003669",190,9,181
"60QP003670",79,8,71
"60QP003671",103,2,101
"60QP003672",84,3,81
"60QP003673",183,14,169
"60QP003674",91,4,87
"60QP003675",77,3,74
"60QP003676",93,4,89
"60QP003677",93,6,87
"60QP003678",64,5,59
"60QP003679",70,6,64
"60QP003680",197,13,184
"60QP003681",114,2,112
"60QP003682",129,8,121
"60QP003683",102,15,87
"60QP003684",73,6,67
"60QP003685",129,8,121
"60QP003686",172,46,126
"60QP003687",65,14,51
"60QP003688",88,8,80
"60QP003689",51,37,14
"60QP003690",88,5,83
"60QP003691",140,27,113
"60QP003692",84,19,65
"60QP003693",87,9,78
"60QP003694",111,25,86
"60QP003695",122,30,92
"60QP003696",97,16,81
"60QP003697",68,7,61
"60QP003698",59,23,36
"60QP003699",85,6,79
"60QP003700",59,6,53
"60QP003701",104,22,82
"60QP003702",80,11,69
"60QP003703",114,6,108
"60QP003704",113,4,109
"60QP003705",60,12,48
"60QP003706",141,24,117
"60QP003707",77,5,72
"60QP003708",138,5,133
"60QP003709",102,6,96
"60QP003710",99,33,66
"60QP003711",155,20,135
"60QP003712",81,30,51
"60QP003713",71,11,60
"60QP003714",92,17,75
"60QP003715",148,76,72
"60QP003716",159,63,96
"60QP003717",55,26,29
"60QP003718",104,31,73
"60QP003719",98,17,81
"60QP003720",86,19,67
"60QP003721",59,34,25
"60QP003722",93,22,71
"60QP003723",105,17,88
"60QP003724",65,17,48
"60QP003725",64,11,53
"60QP003726",107,22,85
"60QP003727",134,14,120
"60QP003728",91,11,80
"60QP003729",106,9,97
"60QP003730",97,16,81
"60QP003731",95,7,88
"60QP003732",119,16,103
"60QP003733",76,29,47
"60QP003734",101,42,59
"60QP003735",67,6,61
"60QP003736",107,13,94
"60QP003737",68,6,62
"60QP003738",113,10,103
"60QP003739",119,8,111
"60QP003740",114,22,92
"60QP003741",88,4,84
"60QP003742",112,12,100
"60QP003743",73,0,73
"60QP003744",62,11,51
"60QP003745",104,10,94
"60QP003746",70,6,64
"60QP003747",132,18,114
"60QP003748",111,12,99
"60QP003749",69,16,53
"60QP003750",190,117,73
"60QP003751",106,10,96
"60QP003752",129,14,115
"60QP003753",95,16,79
"60QP003754",121,18,103
"60QP003755",93,12,81
"60QP003756",115,14,101
"60QP003757",127,12,115
"60QP003758",98,9,89
"60QP003759",58,5,53
"60QP003760",146,29,117
"60QP003761",59,8,51
"60QP003762",135,10,125
"60QP003763",57,4,53
"60QP003764",100,11,89
"60QP003765",90,1,89
"60QP003766",187,3,184
"60QP003767",124,7,117
"60QP003768",84,9,75
"60QP003769",128,6,122
"60QP003770",123,13,110
"60QP003771",171,10,161
"60QP003772",86,10,76
"60QP003773",179,7,172
"60QP003774",52,18,34
"60QP003775",109,16,93
"60QP003776",167,8,159
"60QP003777",81,30,51
"60QP003778",100,25,75
"60QP003779",69,22,47
"60QP003780",93,35,58
"60QP003781",81,11,70
"60QP003782",157,20,137
"60QP003783",128,75,53
"60QP003784",219,14,205
"60QP003785",477,21,456
"60QP003786",151,9,142
"60QP003787",229,13,216
"60QP003788",69,7,62
"60QP003789",135,11,124
"60QP003790",95,8,87
"60QP003791",73,34,39
"60QP003792",134,24,110
"60QP003793",117,22,95
"60QP003794",117,33,84
"60QP003795",119,30,89
"60QP003796",158,10,148
"60QP003797",93,7,86
"60QP003798",206,26,180
"60QP003799",175,27,148
"60QP003800",174,36,138
"60QP003801",154,24,130
"60QP003802",86,17,69
"60QP003803",88,22,66
"60QP003804",266,17,249
"60QP003805",70,7,63
"60QP003806",76,8,68
"60QP003807",165,40,125
"60QP003808",140,21,119
"60QP003809",122,14,108
"60QP003810",123,13,110
"60QP003811",114,8,106
"60QP003812",171,51,120
"60QP003813",198,2,196
"60QP003814",75,26,49
"60QP003815",127,21,106
"60QP003816",143,18,125
"60QP003817",136,30,106
"60QP003818",110,16,94
"60QP003819",83,18,65
"60QP003820",100,14,86
"60QP003821",176,16,160
"60QP003822",149,11,138
"60QP003823",137,7,130
"60QP003824",188,5,183
"60QP003825",81,4,77
"60QP003826",109,33,76
"60QP003827",102,21,81
"60QP003828",111,25,86
"60QP003829",109,17,92
"60QP003830",89,11,78
"60QP003831",84,12,72
"60QP003832",107,9,98
"60QP003833",96,29,67
"60QP003834",66,36,30
"60QP003835",110,14,96
"60QP003836",148,19,129
"60QP003837",107,28,79
"60QP003838",140,15,125
"60QP003839",152,5,147
"60QP003840",87,12,75
"60QP003841",129,46,83
"60QP003842",66,46,20
"60QP003843",136,23,113
"60QP003844",139,29,110
"60QP003845",152,31,121
"60QP003846",96,21,75
"60QP003847",134,32,102
"60QP003848",80,15,65
"60QP003849",143,25,118
"60QP003850",88,17,71
"60QP003851",108,21,87
"60QP003852",168,44,124
"60QP003853",126,30,96
"60QP003854",174,55,119
"60QP003855",92,11,81
"60QP003856",54,9,45
"60QP003857",153,23,130
"60QP003858",88,29,59
"60QP003859",55,13,42
"60QP003860",77,30,47
"60QP003861",151,42,109
"60QP003862",111,28,83
"60QP003863",140,21,119
"60QP003864",150,18,132
"60QP003865",87,11,76
"60QP003866",105,17,88
"60QP003867",181,68,113
"60QP003868",160,62,98
"60QP003869",78,8,70
"60QP003870",51,4,47
"60QP003871",86,4,82
"60QP003872",110,21,89
"60QP003873",85,34,51
"60QP003874",116,6,110
"60QP003875",97,11,86
"60QP003876",188,9,179
"60QP003877",125,13,112
"60QP003878",137,7,130
"60QP003879",211,9,202
"60QP003880",177,67,110
"60QP003881",155,4,151
"60QP003882",134,14,120
"60QP003883",106,38,68
"60QP003884",73,18,55
"60QP003885",110,19,91
"60QP003886",53,9,44
"60QP003887",112,14,98
"60QP003888",197,33,164
"60QP003889",127,13,114
"60QP003890",138,13,125
"60QP003891",121,11,110
"60QP003892",168,10,158
"60QP003893",149,17,132
"60QP003894",97,16,81
"60QP003895",101,42,59
"60QP003896",122,29,93
"60QP003897",94,27,67
"60QP003898",131,8,123
"60QP003899",140,16,124
"60QP003900",191,15,176
"60QP003901",127,11,116
"60QP003902",156,19,137
"60QP003903",88,8,80
"60QP003904",145,11,134
"60QP003905",143,11,132
"60QP003906",81,31,50
"60QP003907",82,9,73
"60QP003908",115,6,109
"60QP003909",51,3,48
"60QP003910",182,27,155
"60QP003911",59,5,54
"60QP003912",139,8,131
"60QP003913",147,14,133
"60QP003914",124,24,100
"60QP003915",184,20,164
"60QP003916",101,23,78
"60QP003917",129,30,99
"60QP003918",91,30,61
"60QP003919",65,17,48
"60QP003920",113,27,86
"60QP003921",91,27,64
"60QP003922",147,30,117
"60QP003923",78,4,74
"60QP003924",150,12,138
"60QP003925",94,20,74
"60QP003926",81,10,71
"60QP003927",127,17,110
"60QP003928",121,44,77
"60QP003929",136,6,130
"60QP003930",171,15,156
"60QP003931",92,11,81
"60QP003932",176,5,171
"60QP003933",199,22,177
"60QP003934",114,9,105
"60QP003935",149,22,127
"60QP003936",105,15,90
"60QP003937",165,10,155
"60QP003938",139,5,134
"60QP003939",82,15,67
"60QP003940",85,8,77
"60QP003941",138,22,116
"60QP003942",108,17,91
"60QP003943",93,14,79
"60QP003944",96,4,92
"60QP003945",101,25,76
"60QP003946",96,17,79
"60QP003947",91,26,65
"60QP003948",154,23,131
"60QP003949",69,8,61
"60QP003950",119,10,109
"60QP003951",124,4,120
"60QP003952",132,13,119
"60QP003953",93,23,70
"60QP003954",138,12,126
"60QP003955",93,2,91
"60QP003956",106,28,78
"60QP003957",302,13,289
"60QP003958",113,42,71
"60QP003959",59,28,31
"60QP003960",53,25,28
"60QP003961",99,52,47
"60QP003962",150,35,115
"60QP003963",127,23,104
"60QP003964",70,16,54
"60QP003965",87,8,79
"60QP003966",97,20,77
"60QP003967",80,10,70
"60QP003968",95,10,85
"60QP003969",188,16,172
"60QP003970",97,9,88
"60QP003971",143,15,128
"60QP003972",90,8,82
"60QP003973",100,41,59
"60QP003974",116,29,87
"60QP003975",141,15,126
"60RJ000001",172,34,138
"60RJ000002",136,15,121
"60RJ000003",97,37,60
"60RJ000004",119,27,92
"60RJ000005",102,15,87
"60RJ000006",147,32,115
"60RJ000007",145,27,118
"60RJ000008",133,27,106
"60RJ000009",93,19,74
"60RJ000010",112,10,102
"60RJ000011",129,22,107
"60RJ000012",93,14,79
"60RJ000013",62,12,50
"60RJ000014",111,9,102
"60RJ000015",129,17,112
"60RJ000016",101,12,89
"60RJ000017",71,14,57
"60RJ000018",74,13,61
"60RJ000019",54,15,39
"60RJ000020",106,18,88
"60RJ000021",148,19,129
"60RJ000022",112,14,98
"60RJ000023",98,17,81
"60RJ000024",103,16,87
"60RJ000025",168,28,140
"60RJ000026",137,23,114
"60RJ000027",143,16,127
"60RJ000028",75,11,64
"60RJ000029",82,12,70
"60RJ000030",79,17,62
"60RJ000031",106,22,84
"60RJ000032",56,7,49
"60RJ000033",90,27,63
"60RJ000034",79,16,63
"60RJ000035",116,28,88
"60RJ000036",125,20,105
"60RJ000037",98,16,82
"60RJ000038",80,18,62
"60RJ000039",73,13,60
"60RJ000040",57,10,47
"60RJ000041",62,14,48
"60RJ000042",80,15,65
"60RJ000043",96,16,80
"60RJ000044",198,36,162
"60RJ000045",103,41,62
"60RJ000046",107,29,78
"60RJ000047",114,22,92
"60RJ000048",93,25,68
"60RJ000049",55,6,49
"60RJ000050",68,24,44
"60RJ000051",82,23,59
"60RJ000052",123,27,96
"60RJ000053",135,23,112
"60RJ000054",146,25,121
"60RJ000055",105,20,85
"60RJ000056",115,21,94
"60RJ000057",136,25,111
"60RJ000058",151,32,119
"60RJ000059",160,43,117
"60RJ000060",182,35,147
"60RJ000061",66,16,50
"60RJ000062",62,11,51
"60RJ000063",86,27,59
"60RJ000064",131,27,104
"60RJ000065",74,19,55
"60RJ000066",128,24,104
"60RJ000067",105,25,80
"60RJ000068",78,20,58
"60RJ000069",111,28,83
"60RJ000070",87,18,69
"60RJ000071",61,19,42
"60RJ000072",120,24,96
"60RJ000073",73,14,59
"60RJ000074",121,17,104
"60RJ000075",108,22,86
"60RJ000076",123,24,99
"60RJ000077",90,25,65
"60RJ000078",69,16,53
"60RJ000079",109,25,84
"60RJ000080",88,17,71
"60RJ000081",131,32,99
"60RJ000082",115,24,91
"60RJ000083",99,17,82
"60RJ000084",117,34,83
"60RJ000085",162,25,137
"60RJ000086",110,19,91
"60RJ000087",116,27,89
"60RJ000088",122,17,105
"60RJ000089",128,22,106
"60RJ000090",163,22,141
"60RJ000091",124,20,104
"60RJ000092",178,25,153
"60RJ000093",162,26,136
"60RJ000094",101,23,78
"60RJ000095",195,29,166
"60RJ000096",92,17,75
"60RJ000097",89,9,80
"60RJ000098",156,23,133
"60RJ000099",117,20,97
"60RJ000100",55,11,44
"60RJ000101",174,25,149
"60RJ000102",164,30,134
"60RJ000103",96,17,79
"60RJ000104",142,21,121
"60RJ000105",118,14,104
"60RJ000106",81,20,61
"60RJ000107",98,21,77
"60RJ000108",136,40,96
"60RJ000109",102,17,85
"60RJ000110",85,11,74
"60RJ000111",127,26,101
"60RJ000112",140,41,99
"60RJ000113",139,16,123
"60RJ000114",173,53,120
"60RJ000115",112,19,93
"60RJ000116",90,28,62
"60RJ000117",118,15,103
"60RJ000118",107,26,81
"60RJ000119",130,24,106
"60RJ000120",72,5,67
"60RJ000121",67,9,58
"60RJ000122",95,38,57
"60RJ000123",74,17,57
"60RJ000124",108,47,61
"60RJ000125",109,30,79
"60RJ000126",91,17,74
"60RJ000127",71,21,50
"60RJ000128",130,80,50
"60RJ000129",60,12,48
"60RJ000130",88,10,78
"60RJ000131",144,33,111
"60RJ000132",166,37,129
"60RJ000133",110,19,91
"60RJ000134",181,35,146
"60RJ000135",92,13,79
"60RJ000136",128,26,102
"60RJ000137",202,71,131
"60RJ000138",166,45,121
"60RJ000139",187,38,149
"60RJ000140",150,38,112
"60RJ000141",81,21,60
"60RJ000142",57,15,42
"60RJ000143",94,13,81
"60RJ000144",68,15,53
"60RJ000145",116,27,89
"60RJ000146",170,59,111
"60RJ000147",134,41,93
"60RJ000148",118,34,84
"60RJ000149",65,18,47
"60RJ000150",168,31,137
"60RJ000151",117,18,99
"60RJ000152",137,23,114
"60RJ000153",101,15,86
"60RJ000154",176,51,125
"60RJ000155",146,31,115
"60RJ000156",137,15,122
"60RJ000157",201,24,177
"60RJ000158",176,31,145
"60RJ000159",180,35,145
"60RJ000160",199,33,166
"60RJ000161",220,30,190
"60RJ000162",109,24,85
"60RJ000163",70,22,48
"60RJ000164",196,46,150
"60RJ000165",152,26,126
"60RJ000166",110,25,85
"60RJ000167",86,17,69
"60RJ000168",126,36,90
"60RJ000169",121,21,100
"60RJ000170",146,33,113
"60RJ000171",96,28,68
"60RJ000172",88,23,65
"60RJ000173",83,17,66
"60RJ000174",78,20,58
"60RJ000175",80,22,58
"60RJ000176",89,14,75
"60RJ000177",79,17,62
"60RJ000178",118,33,85
"60RJ000179",87,22,65
"60RJ000180",157,22,135
"60RJ000181",120,18,102
"60RJ000182",77,21,56
"60RJ000183",120,24,96
"60RJ000184",58,13,45
"60RJ000185",71,8,63
"60RJ000186",146,34,112
"60RJ000187",91,43,48
"60RJ000188",94,21,73
"60RJ000189",111,14,97
"60RJ000190",106,25,81
"60RJ000191",85,18,67
"60RJ000192",57,12,45
"60RJ000193",125,23,102
"60RJ000194",160,36,124
"60RJ000195",71,10,61
"60RJ000196",125,31,94
"60RJ000197",205,26,179
"60RJ000198",72,13,59
"60RJ000199",140,18,122
"60RJ000200",66,14,52
"60RJ000201",125,42,83
"60RJ000202",75,15,60
"60RJ000203",152,38,114
"60RJ000204",54,12,42
"60RJ000205",68,10,58
"60RJ000206",171,28,143
"60RJ000207",217,53,164
"60RJ000208",117,18,99
"60RJ000209",125,17,108
"60RJ000210",163,30,133
"60RJ000211",62,15,47
"60RJ000212",95,18,77
"60RJ000213",138,31,107
"60RJ000214",261,53,208
"60RJ000215",214,43,171
"60RJ000216",203,36,167
"60RJ000217",95,20,75
"60RJ000218",108,21,87
"60RJ000219",185,29,156
"60RJ000220",121,10,111
"60RJ000221",104,20,84
"60RJ000222",106,32,74
"60RJ000223",62,18,44
"60RJ000224",196,43,153
"60RJ000225",131,32,99
"60RJ000226",83,14,69
"60RJ000227",85,10,75
"60RJ000228",92,31,61
"60RJ000229",95,16,79
"60QQ000001",146,21,125
"60QQ000002",103,15,88
"60QQ000003",99,21,78
"60QQ000004",158,20,138
"60QQ000005",71,8,63
"60QQ000006",112,52,60
"60QQ000007",175,13,162
"60QQ000008",71,6,65
"60QQ000009",53,13,40
"60QQ000010",175,39,136
"60QQ000011",70,11,59
"60QQ000012",153,32,121
"60QQ000013",160,9,151
"60QQ000014",107,15,92
"60QQ000015",80,7,73
"60QQ000016",129,53,76
"60QQ000017",153,31,122
"60QQ000018",142,20,122
"60QQ000019",146,17,129
"60QQ000020",137,15,122
"60QQ000021",85,16,69
"60QQ000022",146,42,104
"60QQ000023",211,16,195
"60QQ000024",197,39,158
"60QQ000025",180,46,134
"60QQ000026",75,15,60
"60QQ000027",101,14,87
"60QQ000028",126,37,89
"60QQ000029",135,18,117
"60QQ000030",125,27,98
"60QQ000031",77,25,52
"60QQ000032",60,9,51
"60QQ000033",156,34,122
"60QQ000034",142,47,95
"60QQ000035",82,28,54
"60QQ000036",141,41,100
"60QQ000037",111,20,91
"60QQ000038",142,44,98
"60QQ000039",96,30,66
"60QQ000040",134,25,109
"60QQ000041",125,35,90
"60QQ000042",94,22,72
"60QQ000043",147,33,114
"60QQ000044",197,33,164
"60QQ000045",105,22,83
"60QQ000046",97,24,73
"60QQ000047",156,25,131
"60QQ000048",204,43,161
"60QQ000049",177,41,136
"60QQ000050",156,32,124
"60QQ000051",103,14,89
"60QQ000052",65,23,42
"60QQ000053",94,17,77
"60QQ000054",95,11,84
"60QQ000055",119,18,101
"60QQ000056",136,19,117
"60QQ000057",113,24,89
"60QQ000058",65,5,60
"60QQ000059",145,15,130
"60QQ000060",189,29,160
"60QQ000061",150,30,120
"60QQ000062",134,33,101
"60QQ000063",194,48,146
"60QQ000064",93,23,70
"60QQ000065",198,19,179
"60QQ000066",142,27,115
"60QQ000067",101,19,82
"60QQ000068",149,32,117
"60QQ000069",100,36,64
"60QQ000070",92,27,65
"60QQ000071",130,33,97
"60QQ000072",122,23,99
"60QQ000073",104,25,79
"60QQ000074",65,13,52
"60QQ000075",197,24,173
"60QQ000076",100,29,71
"60QQ000077",129,28,101
"60QQ000078",52,13,39
"60QQ000079",123,16,107
"60QQ000080",67,9,58
"60QQ000081",79,17,62
"60QQ000082",112,17,95
"60QQ000083",73,8,65
"60QQ000084",98,18,80
"60QQ000085",55,36,19
"60QQ000086",50,35,15
"60QQ000087",96,55,41
"60QQ000088",114,61,53
"60QQ000089",56,25,31
"60QQ000090",61,28,33
"60QQ000091",90,55,35
"60QQ000092",102,58,44
"60QQ000093",100,54,46
"60QQ000094",71,21,50
"60QQ000095",50,11,39
"60QQ000096",135,36,99
"60QQ000097",52,19,33
"60QQ000098",104,26,78
"60QQ000099",140,39,101
"60QQ000100",145,29,116
"60QQ000101",86,20,66
"60QQ000102",121,7,114
"60QQ000103",146,22,124
"60QQ000104",108,22,86
"60QQ000105",160,32,128
"60QQ000106",170,59,111
"60QQ000107",160,26,134
"60QQ000108",156,40,116
"60QQ000109",207,49,158
"60QQ000110",211,55,156
"60QQ000111",125,35,90
"60QQ000112",113,31,82
"60QQ000113",111,34,77
"60QQ000114",129,30,99
"60QQ000115",178,48,130
"60QQ000116",155,38,117
"60QQ000117",116,26,90
"60QQ000118",100,13,87
"60QQ000119",186,52,134
"60QQ000120",124,21,103
"60QQ000121",152,55,97
"60QQ000122",122,38,84
"60QQ000123",80,33,47
"60QQ000124",94,29,65
"60QQ000125",73,21,52
"60QQ000126",70,20,50
"60QQ000127",203,101,102
"60QQ000128",138,44,94
"60QQ000129",108,28,80
"60QQ000130",108,33,75
"60QQ000131",146,51,95
"60QQ000132",132,46,86
"60QQ000133",95,42,53
"60QQ000134",127,39,88
"60QQ000135",133,42,91
"60QQ000136",129,23,106
"60QQ000137",95,27,68
"60QQ000138",68,10,58
"60QQ000139",89,20,69
"60QQ000140",54,33,21
"60QQ000141",165,54,111
"60QQ000142",93,5,88
"60QQ000143",59,17,42
"60QQ000144",53,31,22
"60QQ000145",126,23,103
"60QQ000146",160,38,122
"60QQ000147",136,40,96
"60QQ000148",57,14,43
"60QQ000149",64,11,53
"60QQ000150",81,26,55
"60QQ000151",111,19,92
"60QQ000152",171,46,125
"60QQ000153",153,41,112
"60QQ000154",131,32,99
"60QQ000155",122,25,97
"60QQ000156",91,22,69
"60QQ000157",124,14,110
"60QQ000158",98,24,74
"60QQ000159",101,24,77
"60QQ000160",81,29,52
"60QQ000161",98,21,77
"60QQ000162",95,20,75
"60QQ000163",100,24,76
"60QQ000164",98,23,75
"60QQ000165",123,11,112
"60QQ000166",155,23,132
"60QQ000167",106,19,87
"60QQ000168",140,20,120
"60QQ000169",110,25,85
"60QQ000170",137,24,113
"60QQ000171",110,17,93
"60QQ000172",180,47,133
"60QQ000173",63,5,58
"60QQ000174",206,61,145
"60QQ000175",209,85,124
"60QQ000176",137,21,116
"60QQ000177",175,27,148
"60QQ000178",93,11,82
"60QQ000179",113,20,93
"60QQ000180",79,7,72
"60QQ000181",144,18,126
"60QQ000182",71,20,51
"60QQ000183",120,12,108
"60QQ000184",176,30,146
"60QQ000185",103,19,84
"60QQ000186",120,16,104
"60QQ000187",116,24,92
"60QQ000188",119,17,102
"60QQ000189",159,15,144
"60QQ000190",201,26,175
"60QQ000191",91,11,80
"60QQ000192",92,25,67
"60QQ000193",85,27,58
"60QQ000194",86,26,60
"60QQ000195",81,32,49
"60QQ000196",101,22,79
"60QQ000197",134,21,113
"60QQ000198",117,13,104
"60QQ000199",123,18,105
"60QQ000200",97,17,80
"60QQ000201",158,41,117
"60QQ000202",79,23,56
"60QQ000203",138,34,104
"60QQ000204",160,36,124
"60QQ000205",96,20,76
"60QQ000206",110,27,83
"60QQ000207",91,23,68
"60QQ000208",90,29,61
"60QQ000209",86,23,63
"60QQ000210",104,21,83
"60QQ000211",113,32,81
"60QQ000212",121,25,96
"60QQ000213",122,31,91
"60QQ000214",81,19,62
"60QQ000215",78,26,52
"60QQ000216",112,33,79
"60QQ000217",107,31,76
"60QQ000218",179,47,132
"60QQ000219",154,32,122
"60QQ000220",80,64,16
"60QQ000221",93,30,63
"60QQ000222",91,33,58
"60QQ000223",120,45,75
"60QQ000224",80,19,61
"60QQ000225",73,28,45
"60QQ000226",66,15,51
"60QQ000227",99,20,79
"60QQ000228",72,23,49
"60QQ000229",67,25,42
"60QQ000230",110,39,71
"60QQ000231",73,24,49
"60QQ000232",104,26,78
"60QQ000233",101,10,91
"60QQ000234",123,48,75
"60QQ000235",80,7,73
"60QQ000236",140,18,122
"60QQ000237",138,15,123
"60QQ000238",124,12,112
"60QQ000239",112,22,90
"60QQ000240",158,21,137
"60QQ000241",111,31,80
"60QQ000242",74,20,54
"60QQ000243",124,34,90
"60QQ000244",83,25,58
"60QQ000245",80,4,76
"60QQ000246",131,24,107
"60QQ000247",84,28,56
"60QQ000248",96,18,78
"60QQ000249",63,14,49
"60QQ000250",126,15,111
"60QQ000251",203,49,154
"60QQ000252",115,24,91
"60QQ000253",121,23,98
"60QQ000254",108,19,89
"60QQ000255",206,28,178
"60QQ000256",172,34,138
"60QQ000257",199,39,160
"60QQ000258",103,30,73
"60QQ000259",105,34,71
"60QQ000260",120,32,88
"60QQ000261",134,41,93
"60QQ000262",111,33,78
"60QQ000263",55,13,42
"60QQ000264",94,38,56
"60QQ000265",190,59,131
"60QQ000266",103,44,59
"60QQ000267",142,9,133
"60QQ000268",173,38,135
"60QQ000269",132,31,101
"60QQ000270",106,27,79
"60QQ000271",86,23,63
"60QQ000272",120,39,81
"60QQ000273",149,23,126
"60QQ000274",89,31,58
"60QQ000275",82,31,51
"60QQ000276",113,37,76
"60QQ000277",176,42,134
"60QQ000278",103,29,74
"60QQ000279",95,36,59
"60QQ000280",119,21,98
"60QQ000281",121,31,90
"60QQ000282",107,31,76
"60QQ000283",99,22,77
"60QQ000284",140,38,102
"60QQ000285",162,43,119
"60QQ000286",86,19,67
"60QQ000287",113,22,91
"60QQ000288",125,40,85
"60QQ000289",93,27,66
"60QQ000290",87,33,54
"60QQ000291",72,32,40
"60QQ000292",56,16,40
"60QQ000293",100,37,63
"60QQ000294",79,25,54
"60QQ000295",97,24,73
"60QQ000296",89,24,65
"60QQ000297",104,33,71
"60QQ000298",93,29,64
"60QQ000299",116,43,73
"60QQ000300",133,30,103
"60QQ000301",101,40,61
"60QQ000302",161,51,110
"60QQ000303",105,37,68
"60QQ000304",112,21,91
"60QQ000305",97,22,75
"60QQ000306",143,54,89
"60QQ000307",115,29,86
"60QQ000308",95,15,80
"60QQ000309",129,35,94
"60QQ000310",92,18,74
"60QQ000311",122,27,95
"60QQ000312",111,34,77
"60QQ000313",97,23,74
"60QQ000314",120,45,75
"60QQ000315",54,6,48
"60QQ000316",114,22,92
"60QQ000317",123,24,99
"60QQ000318",118,43,75
"60QQ000319",110,35,75
"60QQ000320",88,25,63
"60QQ000321",110,28,82
"60QQ000322",104,32,72
"60QQ000323",70,22,48
"60QQ000324",52,15,37
"60QQ000325",116,26,90
"60QQ000326",85,28,57
"60QQ000327",116,31,85
"60QQ000328",142,29,113
"60QQ000329",133,29,104
"60QQ000330",100,26,74
"60QQ000331",116,29,87
"60QQ000332",108,24,84
"60QQ000333",95,19,76
"60QQ000334",167,45,122
"60QQ000335",165,46,119
"60QQ000336",143,40,103
"60QQ000337",115,23,92
"60QQ000338",107,51,56
"60QQ000339",133,19,114
"60QQ000340",107,25,82
"60QQ000341",81,16,65
"60QQ000342",159,22,137
"60QQ000343",82,33,49
"60QQ000344",92,17,75
"60QQ000345",103,27,76
"60QQ000346",175,19,156
"60QQ000347",122,11,111
"60QQ000348",83,9,74
"60QQ000349",96,16,80
"60QQ000350",96,21,75
"60QQ000351",138,16,122
"60QQ000352",68,21,47
"60QQ000353",147,30,117
"60QQ000354",117,26,91
"60QQ000355",105,25,80
"60QQ000356",196,32,164
"60QQ000357",89,17,72
"60QQ000358",132,24,108
"60QQ000359",150,37,113
"60QQ000360",66,17,49
"60QQ000361",92,27,65
"60QQ000362",114,16,98
"60QQ000363",95,19,76
"60QQ000364",94,16,78
"60QQ000365",77,17,60
"60QQ000366",85,13,72
"60QQ000367",144,31,113
"60QQ000368",113,22,91
"60QQ000369",116,35,81
"60QQ000370",89,17,72
"60QQ000371",129,32,97
"60QQ000372",157,29,128
"60QQ000373",87,28,59
"60QQ000374",150,18,132
"60QQ000375",160,32,128
"60QQ000376",140,27,113
"60QQ000377",123,31,92
"60QQ000378",61,25,36
"60QQ000379",86,34,52
"60QQ000380",62,17,45
"60QQ000381",158,32,126
"60QQ000382",85,17,68
"60QQ000383",81,20,61
"60QQ000384",82,23,59
"60QQ000385",65,17,48
"60QQ000386",60,16,44
"60QQ000387",82,21,61
"60QQ000388",106,26,80
"60QQ000389",101,27,74
"60QQ000390",99,22,77
"60QQ000391",91,23,68
"60QQ000392",118,26,92
"60QQ000393",117,27,90
"60QQ000394",107,26,81
"60QQ000395",145,28,117
"60QQ000396",119,20,99
"60QQ000397",194,35,159
"60QQ000398",115,16,99
"60QQ000399",101,17,84
"60QQ000400",122,19,103
"60QQ000401",128,18,110
"60QQ000402",152,31,121
"60QQ000403",156,17,139
"60QQ000404",179,34,145
"60QQ000405",127,26,101
"60QQ000406",176,38,138
"60QQ000407",103,16,87
"60QQ000408",116,23,93
"60QQ000409",50,17,33
"60QQ000410",160,29,131
"60QQ000411",95,26,69
"60QQ000412",97,21,76
"60QQ000413",62,23,39
"60QQ000414",86,21,65
"60QQ000415",117,42,75
"60QQ000416",103,21,82
"60QQ000417",97,34,63
"60QQ000418",138,29,109
"60QQ000419",114,28,86
"60QQ000420",105,23,82
"60QQ000421",95,33,62
"60QQ000422",138,14,124
"60QQ000423",90,21,69
"60QQ000424",78,24,54
"60QQ000425",80,29,51
"60QQ000426",124,18,106
"60QQ000427",93,19,74
"60QQ000428",139,35,104
"60QQ000429",113,25,88
"60QQ000430",185,38,147
"60QQ000431",129,36,93
"60QQ000432",144,51,93
"60QQ000433",64,16,48
"60QQ000434",89,19,70
"60QQ000435",135,20,115
"60QQ000436",138,31,107
"60QQ000437",95,21,74
"60QQ000438",62,7,55
"60QQ000439",63,12,51
"60QQ000440",105,32,73
"60QQ000441",82,27,55
"60QQ000442",121,32,89
"60QQ000443",137,28,109
"60QQ000444",115,43,72
"60QQ000445",103,29,74
"60QQ000446",96,26,70
"60QQ000447",62,6,56
"60QQ000448",87,35,52
"60QQ000449",170,35,135
"60QQ000450",197,30,167
"60QQ000451",127,35,92
"60QQ000452",93,28,65
"60QQ000453",108,20,88
"60QQ000454",135,25,110
"60QQ000455",187,27,160
"60QQ000456",105,17,88
"60QQ000457",319,26,293
"60QQ000458",126,2,124
"60QQ000459",103,8,95
"60QQ000460",103,20,83
"60QQ000461",139,28,111
"60QQ000462",111,24,87
"60QQ000463",188,46,142
"60QQ000464",173,35,138
"60QQ000465",135,42,93
"60QQ000466",162,29,133
"60QQ000467",92,34,58
"60QQ000468",128,19,109
"60QQ000469",94,20,74
"60QQ000470",115,17,98
"60QQ000471",133,22,111
"60QQ000472",121,30,91
"60QQ000473",199,15,184
"60QQ000474",231,11,220
"60QQ000475",129,46,83
"60QQ000476",181,24,157
"60QQ000477",115,17,98
"60QQ000478",137,48,89
"60QQ000479",112,16,96
"60QQ000480",113,25,88
"60QQ000481",106,23,83
"60QQ000482",104,11,93
"60QQ000483",112,12,100
"60QQ000484",88,7,81
"60QQ000485",122,20,102
"60QQ000486",166,69,97
"60QQ000487",152,11,141
"60QQ000488",140,21,119
"60QQ000489",226,32,194
"60QQ000490",136,12,124
"60QQ000491",134,15,119
"60QQ000492",114,6,108
"60QQ000493",128,12,116
"60QQ000494",184,17,167
"60QQ000495",175,22,153
"60QQ000496",164,15,149
"60QQ000497",56,2,54
"60QQ000498",108,35,73
"60QQ000499",129,9,120
"60QQ000500",128,24,104
"60QQ000501",88,9,79
"60QQ000502",127,8,119
"60QQ000503",163,21,142
"60QQ000504",83,21,62
"60QQ000505",119,13,106
"60QQ000506",138,14,124
"60QQ000507",118,35,83
"60QQ000508",116,25,91
"60QQ000509",132,18,114
"60QQ000510",124,33,91
"60QQ000511",124,20,104
"60QQ000512",144,20,124
"60QQ000513",150,44,106
"60QQ000514",171,57,114
"60QQ000515",65,26,39
"60QQ000516",52,12,40
"60QQ000517",116,32,84
"60QQ000518",116,30,86
"60QQ000519",129,42,87
"60QQ000520",105,11,94
"60QQ000521",71,11,60
"60QQ000522",75,6,69
"60QQ000523",109,6,103
"60QQ000524",225,20,205
"60QQ000525",211,34,177
"60QQ000526",138,35,103
"60QQ000527",163,26,137
"60QQ000528",114,46,68
"60QQ000529",102,19,83
"60QQ000530",137,21,116
"60QQ000531",74,11,63
"60QQ000532",153,23,130
"60QQ000533",168,15,153
"60QQ000534",78,8,70
"60QQ000535",172,25,147
"60QQ000536",120,16,104
"60QQ000537",112,33,79
"60QQ000538",153,61,92
"60QQ000539",112,21,91
"60QQ000540",110,37,73
"60QQ000541",110,26,84
"60QQ000542",196,43,153
"60QQ000543",200,55,145
"60QQ000544",159,29,130
"60QQ000545",136,13,123
"60QQ000546",127,26,101
"60QQ000547",162,28,134
"60QQ000548",158,36,122
"60QQ000549",178,47,131
"60QQ000550",177,32,145
"60QQ000551",124,36,88
"60QQ000552",186,32,154
"60QQ000553",110,26,84
"60QQ000554",155,24,131
"60QQ000555",116,25,91
"60QQ000556",193,19,174
"60QQ000557",93,37,56
"60QQ000558",136,25,111
"60QQ000559",130,24,106
"60QQ000560",82,32,50
"60QQ000561",131,37,94
"60QQ000562",121,10,111
"60QQ000563",116,37,79
"60QQ000564",145,41,104
"60QQ000565",85,26,59
"60QQ000566",120,23,97
"60QQ000567",111,27,84
"60QQ000568",86,25,61
"60QQ000569",137,58,79
"60QQ000570",136,28,108
"60QQ000571",144,22,122
"60QQ000572",106,19,87
"60QQ000573",151,24,127
"60QQ000574",149,30,119
"60QQ000575",168,23,145
"60QQ000576",105,13,92
"60QQ000577",144,32,112
"60QQ000578",140,46,94
"60QQ000579",127,23,104
"60QQ000580",170,22,148
"60QQ000581",135,39,96
"60QQ000582",117,36,81
"60QQ000583",89,11,78
"60QQ000584",143,30,113
"60QQ000585",167,36,131
"60QQ000586",137,28,109
"60QQ000587",143,31,112
"60QQ000588",113,19,94
"60QQ000589",124,23,101
"60QQ000590",86,6,80
"60QQ000591",132,26,106
"60QQ000592",136,27,109
"60QQ000593",104,28,76
"60QQ000594",145,19,126
"60QQ000595",118,26,92
"60QQ000596",76,30,46
"60QQ000597",52,7,45
"60QQ000598",59,21,38
"60QQ000599",187,34,153
"60QQ000600",127,37,90
"60QQ000601",68,9,59
"60QQ000602",89,8,81
"60QQ000603",141,10,131
"60QQ000604",232,22,210
"60QQ000605",107,21,86
"60QQ000606",140,13,127
"60QQ000607",132,11,121
"60QQ000608",153,12,141
"60QQ000609",98,21,77
"60QQ000610",101,11,90
"60QQ000611",118,11,107
"60QQ000612",127,23,104
"60QQ000613",151,37,114
"60QQ000614",191,51,140
"60QQ000615",100,28,72
"60QQ000616",120,28,92
"60QQ000617",139,30,109
"60QQ000618",140,58,82
"60QQ000619",104,21,83
"60QQ000620",109,35,74
"60QQ000621",149,23,126
"60QQ000622",144,21,123
"60QQ000623",200,38,162
"60QQ000624",77,17,60
"60QQ000625",206,36,170
"60QQ000626",201,27,174
"60QQ000627",138,17,121
"60QQ000628",125,27,98
"60QQ000629",178,25,153
"60QQ000630",150,25,125
"60QQ000631",175,32,143
"60QQ000632",74,18,56
"60QQ000633",115,6,109
"60QQ000634",134,27,107
"60QQ000635",104,16,88
"60QQ000636",108,39,69
"60QQ000637",190,14,176
"60QQ000638",144,19,125
"60QQ000639",114,14,100
"60QQ000640",114,23,91
"60QQ000641",143,84,59
"60QQ000642",90,36,54
"60QQ000643",80,23,57
"60QQ000644",174,30,144
"60QQ000645",154,51,103
"60QQ000646",201,47,154
"60QQ000647",171,18,153
"60QQ000648",146,30,116
"60QQ000649",147,30,117
"60QQ000650",117,28,89
"60QQ000651",67,36,31
"60QQ000652",92,28,64
"60QQ000653",62,8,54
"60QQ000654",78,30,48
"60QQ000655",96,29,67
"60QQ000656",103,30,73
"60QQ000657",166,41,125
"60QQ000658",163,24,139
"60QQ000659",128,28,100
"60QQ000660",122,25,97
"60QQ000661",57,25,32
"60QQ000662",195,43,152
"60QQ000663",165,54,111
"60QQ000664",162,26,136
"60QQ000665",155,39,116
"60QQ000666",177,41,136
"60QQ000667",132,24,108
"60QQ000668",160,32,128
"60QQ000669",107,40,67
"60QQ000670",147,24,123
"60QQ000671",97,18,79
"60QQ000672",169,9,160
"60QQ000673",125,27,98
"60QQ000674",62,5,57
"60QQ000675",167,16,151
"60QQ000676",200,13,187
"60QQ000677",198,15,183
"60QQ000678",130,29,101
"60QQ000679",152,13,139
"60QQ000680",131,10,121
"60QQ000681",137,26,111
"60QQ000682",110,19,91
"60QQ000683",146,30,116
"60QQ000684",114,22,92
"60QQ000685",92,16,76
"60QQ000686",220,29,191
"60QQ000687",119,16,103
"60QQ000688",87,23,64
"60QQ000689",129,10,119
"60QQ000690",96,36,60
"60QQ000691",113,24,89
"60QQ000692",214,40,174
"60QQ000693",168,54,114
"60QQ000694",120,30,90
"60QQ000695",163,27,136
"60QQ000696",159,19,140
"60QQ000697",128,20,108
"60QQ000698",130,21,109
"60QQ000699",98,15,83
"60QQ000700",137,27,110
"60QQ000701",113,25,88
"60QQ000702",104,26,78
"60QQ000703",194,44,150
"60QQ000704",163,34,129
"60QQ000705",103,12,91
"60QQ000706",227,54,173
"60QQ000707",222,38,184
"60QQ000708",155,30,125
"60QQ000709",116,29,87
"60QQ000710",148,37,111
"60QQ000711",122,28,94
"60QQ000712",115,27,88
"60QQ000713",101,33,68
"60QQ000714",184,46,138
"60QQ000715",101,29,72
"60QQ000716",104,26,78
"60QQ000717",54,21,33
"60QQ000718",98,18,80
"60QQ000719",108,25,83
"60QQ000720",50,13,37
"60QQ000721",83,17,66
"60QQ000722",181,39,142
"60QQ000723",120,24,96
"60QQ000724",181,23,158
"60QQ000725",140,32,108
"60QQ000726",129,33,96
"60QQ000727",108,27,81
"60QQ000728",131,34,97
"60QQ000729",150,27,123
"60QQ000730",96,19,77
"60QQ000731",105,25,80
"60QQ000732",67,24,43
"60QQ000733",82,34,48
"60QQ000734",148,11,137
"60QQ000735",152,17,135
"60QQ000736",149,41,108
"60QQ000737",94,16,78
"60QQ000738",58,4,54
"60QQ000739",104,22,82
"60QQ000740",177,22,155
"60QQ000741",199,35,164
"60QQ000742",219,27,192
"60QQ000743",163,29,134
"60QQ000744",190,24,166
"60QQ000745",96,21,75
"60QQ000746",118,24,94
"60QQ000747",118,18,100
"60QQ000748",129,40,89
"60QQ000749",118,25,93
"60QQ000750",194,46,148
"60QQ000751",177,33,144
"60QQ000752",134,41,93
"60QQ000753",164,42,122
"60QQ000754",104,24,80
"60QQ000755",163,14,149
"60QQ000756",174,16,158
"60QQ000757",182,19,163
"60QQ000758",100,21,79
"60QQ000759",222,33,189
"60QQ000760",115,23,92
"60QQ000761",135,20,115
"60QQ000762",190,23,167
"60QQ000763",142,29,113
"60QQ000764",138,30,108
"60QQ000765",145,42,103
"60QQ000766",100,31,69
"60QQ000767",132,34,98
"60QQ000768",104,37,67
"60QQ000769",130,32,98
"60QQ000770",95,19,76
"60QQ000771",63,10,53
"60QQ000772",91,16,75
"60QQ000773",89,19,70
"60QQ000774",125,19,106
"60QQ000775",129,16,113
"60QQ000776",93,22,71
"60QQ000777",78,20,58
"60QQ000778",70,46,24
"60QQ000779",119,19,100
"60QQ000780",70,16,54
"60QQ000781",81,17,64
"60QQ000782",158,35,123
"60QQ000783",153,21,132
"60QQ000784",112,36,76
"60QQ000785",144,42,102
"60QQ000786",142,41,101
"60QQ000787",94,23,71
"60QQ000788",162,32,130
"60QQ000789",95,23,72
"60QQ000790",182,17,165
"60QQ000791",118,18,100
"60QQ000792",146,67,79
"60QQ000793",63,12,51
"60QQ000794",106,14,92
"60QQ000795",68,10,58
"60QQ000796",75,34,41
"60QQ000797",125,25,100
"60QQ000798",109,22,87
"60QQ000799",83,27,56
"60QQ000800",158,37,121
"60QQ000801",122,42,80
"60QQ000802",72,30,42
"60QQ000803",151,31,120
"60QQ000804",138,25,113
"60QQ000805",153,13,140
"60QQ000806",120,10,110
"60QQ000807",114,16,98
"60QQ000808",146,20,126
"60QQ000809",145,34,111
"60QQ000810",147,17,130
"60QQ000811",100,21,79
"60QQ000812",138,16,122
"60QQ000813",139,18,121
"60QQ000814",104,39,65
"60QQ000815",95,36,59
"60QQ000816",109,36,73
"60QQ000817",65,32,33
"60QQ000818",111,20,91
"60QQ000819",113,35,78
"60QQ000820",98,21,77
"60QQ000821",160,36,124
"60QQ000822",188,27,161
"60QQ000823",158,28,130
"60QQ000824",182,27,155
"60QQ000825",187,34,153
"60QQ000826",163,27,136
"60QQ000827",112,39,73
"60QQ000828",108,37,71
"60QQ000829",103,32,71
"60QQ000830",113,26,87
"60QQ000831",82,24,58
"60QQ000832",109,31,78
"60QQ000833",125,32,93
"60QQ000834",103,12,91
"60QQ000835",122,38,84
"60QQ000836",118,33,85
"60QQ000837",84,17,67
"60QQ000838",167,32,135
"60QQ000839",97,36,61
"60QQ000840",128,37,91
"60QQ000841",142,36,106
"60QQ000842",109,24,85
"60QQ000843",69,9,60
"60QQ000844",163,57,106
"60QQ000845",50,11,39
"60QQ000846",79,25,54
"60QQ000847",105,30,75
"60QQ000848",62,26,36
"60QQ000849",90,32,58
"60QQ000850",146,33,113
"60QQ000851",164,52,112
"60QQ000852",204,70,134
"60QQ000853",111,20,91
"60QQ000854",137,35,102
"60QQ000855",129,19,110
"60QQ000856",57,5,52
"60QQ000857",109,29,80
"60QQ000858",71,28,43
"60QQ000859",150,53,97
"60QQ000860",128,43,85
"60QQ000861",109,8,101
"60QQ000862",134,82,52
"60QQ000863",85,20,65
"60QQ000864",100,17,83
"60QQ000865",126,26,100
"60QQ000866",122,17,105
"60QQ000867",117,25,92
"60QQ000868",82,25,57
"60QQ000869",55,14,41
"60QQ000870",105,26,79
"60QQ000871",64,10,54
"60QQ000872",99,14,85
"60QQ000873",65,21,44
"60QQ000874",77,22,55
"60QQ000875",177,27,150
"60QQ000876",102,33,69
"60QQ000877",88,22,66
"60QQ000878",116,19,97
"60QQ000879",52,7,45
"60QQ000880",50,7,43
"60QQ000881",181,45,136
"60QQ000882",119,23,96
"60QQ000883",268,11,257
"60QQ000884",63,8,55
"60QQ000885",69,13,56
"60QQ000886",109,2,107
"60QQ000887",119,21,98
"60QQ000888",130,23,107
"60QQ000889",96,24,72
"60QQ000890",111,6,105
"60QQ000891",191,42,149
"60QQ000892",131,24,107
"60QQ000893",95,28,67
"60QQ000894",76,13,63
"60QQ000895",124,30,94
"60QQ000896",148,29,119
"60QQ000897",81,1,80
"60QQ000898",67,23,44
"60QQ000899",142,134,8
"60QQ000900",53,15,38
"60QQ000901",68,17,51
"60QQ000902",57,5,52
"60QQ000903",82,35,47
"60QQ000904",69,11,58
"60QQ000905",70,32,38
"60QQ000906",144,39,105
"60QQ000907",99,28,71
"60QQ000908",118,23,95
"60QQ000909",107,19,88
"60QQ000910",123,27,96
"60QQ000911",61,11,50
"60QQ000912",127,19,108
"60QQ000913",73,11,62
"60QQ000914",75,6,69
"60QQ000915",75,11,64
"60QQ000916",55,4,51
"60QQ000917",87,9,78
"60QQ000918",63,11,52
"60QQ000919",67,18,49
"60QQ000920",91,6,85
"60QQ000921",87,23,64
"60QQ000922",90,6,84
"60QQ000923",162,38,124
"60QQ000924",58,14,44
"60QQ000925",89,4,85
"60QQ000926",109,17,92
"60QQ000927",191,12,179
"60QQ000928",50,17,33
"60QQ000929",84,13,71
"60QQ000930",62,11,51
"60QQ000931",112,30,82
"60QQ000932",107,15,92
"60QQ000933",163,20,143
"60QQ000934",129,24,105
"60QQ000935",162,14,148
"60QQ000936",92,30,62
"60QQ000937",108,18,90
"60QQ000938",162,42,120
"60QQ000939",106,26,80
"60QQ000940",141,46,95
"60QQ000941",77,15,62
"60QQ000942",63,15,48
"60QQ000943",112,25,87
"60QQ000944",64,7,57
"60QQ000945",53,7,46
"60QQ000946",204,102,102
"60QQ000947",93,12,81
"60QQ000948",130,27,103
"60QQ000949",77,19,58
"60QQ000950",81,14,67
"60QQ000951",81,17,64
"60QQ000952",186,32,154
"60QQ000953",133,33,100
"60QQ000954",62,13,49
"60QQ000955",56,12,44
"60QQ000956",117,19,98
"60QQ000957",71,17,54
"60QQ000958",159,19,140
"60QQ000959",146,23,123
"60QQ000960",64,40,24
"60QQ000961",53,31,22
"60QQ000962",69,33,36
"60QQ000963",55,29,26
"60QQ000964",59,39,20
"60QQ000965",60,40,20
"60QQ000966",54,37,17
"60QQ000967",52,38,14
"60QQ000968",68,19,49
"60QQ000969",135,36,99
"60QQ000970",112,29,83
"60QQ000971",62,49,13
"60QQ000972",88,5,83
"60QQ000973",68,18,50
"60QQ000974",100,23,77
"60QQ000975",77,14,63
"60QQ000976",90,13,77
"60QQ000977",133,22,111
"60QQ000978",142,33,109
"60QQ000979",84,15,69
"60QQ000980",181,42,139
"60QQ000981",58,22,36
"60QQ000982",97,14,83
"60QQ000983",130,16,114
"60QQ000984",158,37,121
"60QQ000985",87,13,74
"60QQ000986",86,15,71
"60QQ000987",82,11,71
"60QQ000988",88,28,60
"60QQ000989",80,22,58
"60QQ000990",150,35,115
"60QQ000991",84,13,71
"60QQ000992",93,20,73
"60QQ000993",66,24,42
"60QQ000994",126,28,98
"60QQ000995",68,18,50
"60QQ000996",108,13,95
"60QQ000997",111,23,88
"60QQ000998",128,14,114
"60QQ000999",114,26,88
"60QQ001000",102,28,74
"60QQ001001",92,17,75
"60QQ001002",104,20,84
"60QQ001003",96,17,79
"60QQ001004",493,55,438
"60QQ001005",127,12,115
"60QQ001006",196,18,178
"60QQ001007",82,14,68
"60QQ001008",86,25,61
"60QQ001009",114,8,106
"60QQ001010",84,14,70
"60QQ001011",119,16,103
"60QQ001012",169,11,158
"60QQ001013",83,16,67
"60QQ001014",127,18,109
"60QQ001015",116,22,94
"60QQ001016",85,4,81
"60QQ001017",177,13,164
"60QQ001018",134,14,120
"60QQ001019",134,5,129
"60QQ001020",70,22,48
"60QQ001021",174,47,127
"60QQ001022",107,6,101
"60QQ001023",126,48,78
"60QQ001024",56,39,17
"60QQ001025",90,13,77
"60QQ001026",126,15,111
"60QQ001027",241,67,174
"60QQ001028",70,15,55
"60QQ001029",177,37,140
"60QQ001030",128,38,90
"60QQ001031",87,23,64
"60QQ001032",124,29,95
"60QQ001033",60,9,51
"60QQ001034",119,33,86
"60QQ001035",123,39,84
"60QQ001036",150,45,105
"60QQ001037",154,38,116
"60QQ001038",96,7,89
"60QQ001039",100,45,55
"60QQ001040",52,26,26
"60QQ001041",62,16,46
"60QQ001042",113,18,95
"60QQ001043",59,17,42
"60QQ001044",147,13,134
"60QQ001045",165,11,154
"60QQ001046",204,9,195
"60QQ001047",125,15,110
"60QQ001048",103,35,68
"60QQ001049",97,6,91
"60QQ001050",142,7,135
"60QQ001051",145,5,140
"60QQ001052",136,6,130
"60QQ001053",133,13,120
"60QQ001054",133,17,116
"60QQ001055",92,7,85
"60QQ001056",90,6,84
"60QQ001057",215,15,200
"60QQ001058",154,9,145
"60QQ001059",97,6,91
"60QQ001060",53,3,50
"60QQ001061",179,51,128
"60QQ001062",85,15,70
"60QQ001063",60,10,50
"60QQ001064",115,68,47
"60QQ001065",140,57,83
"60QQ001066",59,23,36
"60QQ001067",89,24,65
"60QQ001068",85,8,77
"60QQ001069",134,17,117
"60QQ001070",55,28,27
"60QQ001071",68,31,37
"60QQ001072",110,31,79
"60QQ001073",107,25,82
"60QQ001074",101,32,69
"60QQ001075",70,21,49
"60QQ001076",108,18,90
"60QQ001077",78,20,58
"60QQ001078",104,27,77
"60QQ001079",89,11,78
"60QQ001080",163,61,102
"60QQ001081",98,22,76
"60QQ001082",57,11,46
"60QQ001083",124,16,108
"60QQ001084",109,13,96
"60QQ001085",118,10,108
"60QQ001086",133,10,123
"60QQ001087",120,14,106
"60QQ001088",78,17,61
"60QQ001089",78,13,65
"60QQ001090",106,18,88
"60QQ001091",101,9,92
"60QQ001092",94,7,87
"60QQ001093",129,37,92
"60QQ001094",177,15,162
"60QQ001095",118,20,98
"60QQ001096",94,17,77
"60QQ001097",179,44,135
"60QQ001098",164,19,145
"60QQ001099",86,5,81
"60QQ001100",148,32,116
"60QQ001101",78,17,61
"60QQ001102",87,20,67
"60QQ001103",130,23,107
"60QQ001104",391,39,352
"60QQ001105",127,8,119
"60QQ001106",124,6,118
"60QQ001107",148,8,140
"60QQ001108",133,54,79
"60QQ001109",52,20,32
"60QQ001110",96,15,81
"60QQ001111",127,3,124
"60QQ001112",146,23,123
"60QQ001113",83,12,71
"60QQ001114",61,22,39
"60QQ001115",213,16,197
"60QQ001116",145,28,117
"60QQ001117",75,5,70
"60QQ001118",155,27,128
"60QQ001119",82,4,78
"60QQ001120",119,4,115
"60QQ001121",130,9,121
"60QQ001122",101,9,92
"60QQ001123",194,42,152
"60QQ001124",117,13,104
"60QQ001125",121,10,111
"60QQ001126",109,14,95
"60QQ001127",191,25,166
"60QQ001128",124,19,105
"60QQ001129",118,14,104
"60QQ001130",108,62,46
"60QQ001131",145,44,101
"60QQ001132",94,18,76
"60QQ001133",143,6,137
"60QQ001134",186,14,172
"60QQ001135",103,24,79
"60QQ001136",105,21,84
"60QQ001137",120,6,114
"60QQ001138",105,34,71
"60QQ001139",154,9,145
"60QQ001140",145,8,137
"60QQ001141",61,3,58
"60QQ001142",108,21,87
"60QQ001143",156,17,139
"60QQ001144",154,8,146
"60QQ001145",83,10,73
"60QQ001146",144,13,131
"60QQ001147",111,14,97
"60QQ001148",199,24,175
"60QQ001149",137,33,104
"60QQ001150",102,32,70
"60QQ001151",81,10,71
"60QQ001152",106,25,81
"60QQ001153",63,15,48
"60QQ001154",147,23,124
"60QQ001155",110,12,98
"60QQ001156",217,32,185
"60QQ001157",70,10,60
"60QQ001158",94,15,79
"60QQ001159",143,17,126
"60QQ001160",121,11,110
"60QQ001161",216,22,194
"60QQ001162",54,13,41
"60QQ001163",153,52,101
"60QQ001164",180,48,132
"60QQ001165",89,13,76
"60QQ001166",112,15,97
"60QQ001167",126,20,106
"60QQ001168",97,11,86
"60QQ001169",180,24,156
"60QQ001170",91,8,83
"60QQ001171",172,14,158
"60QQ001172",72,7,65
"60QQ001173",115,26,89
"60QQ001174",139,44,95
"60QQ001175",68,10,58
"60QQ001176",82,23,59
"60QQ001177",89,29,60
"60QQ001178",75,12,63
"60QQ001179",120,32,88
"60QQ001180",134,5,129
"60QQ001181",117,21,96
"60QQ001182",138,44,94
"60QQ001183",103,32,71
"60QQ001184",78,24,54
"60QQ001185",132,22,110
"60QQ001186",114,34,80
"60QQ001187",78,13,65
"60QQ001188",156,6,150
"60QQ001189",168,7,161
"60QQ001190",153,7,146
"60QQ001191",180,9,171
"60QQ001192",107,14,93
"60QQ001193",67,26,41
"60QQ001194",124,37,87
"60QQ001195",425,307,118
"60QQ001196",119,19,100
"60QQ001197",142,10,132
"60QQ001198",100,7,93
"60QQ001199",127,9,118
"60QQ001200",151,18,133
"60QQ001201",291,62,229
"60QQ001202",140,6,134
"60QQ001203",95,12,83
"60QQ001204",148,4,144
"60QQ001205",152,17,135
"60QQ001206",207,8,199
"60QQ001207",88,5,83
"60QQ001208",128,58,70
"60QQ001209",104,26,78
"60QQ001210",149,26,123
"60QR000001",67,8,59
"60QR000002",211,27,184
"60QR000003",166,30,136
"60QR000004",107,19,88
"60QR000005",140,23,117
"60QR000006",129,31,98
"60QR000007",60,20,40
"60QR000008",120,23,97
"60QR000009",84,11,73
"60QR000010",160,42,118
"60QR000011",112,21,91
"60QR000012",103,7,96
"60QR000013",97,13,84
"60QR000014",80,9,71
"60QR000015",160,31,129
"60QR000016",126,19,107
"60QR000017",189,96,93
"60QR000018",150,21,129
"60QR000019",136,16,120
"60QR000020",89,11,78
"60QR000021",140,27,113
"60QR000022",180,50,130
"60QR000023",128,22,106
"60QR000024",56,5,51
"60QR000025",86,49,37
"60QR000026",183,8,175
"60QR000027",186,71,115
"60QR000028",126,25,101
"60QR000029",192,26,166
"60QR000030",125,22,103
"60QR000031",115,27,88
"60QR000032",147,26,121
"60QR000033",126,28,98
"60QR000034",86,40,46
"60QR000035",75,17,58
"60QR000036",131,22,109
"60QR000037",114,23,91
"60QR000038",175,19,156
"60QR000039",66,8,58
"60QR000040",176,31,145
"60QR000041",107,11,96
"60QR000042",128,18,110
"60QR000043",140,15,125
"60QR000044",110,47,63
"60QR000045",138,13,125
"60QR000046",65,11,54
"60QR000047",113,17,96
"60QR000048",139,25,114
"60QR000049",60,9,51
"60QR000050",63,9,54
"60QR000051",55,9,46
"60QR000052",153,24,129
"60QR000053",198,29,169
"60QR000054",152,22,130
"60QR000055",75,11,64
"60QR000056",71,9,62
"60QR000057",84,7,77
"60QR000058",148,25,123
"60QR000059",127,42,85
"60QR000060",158,38,120
"60QR000061",130,27,103
"60QR000062",119,21,98
"60QR000063",152,24,128
"60QR000064",82,17,65
"60QR000065",92,17,75
"60QR000066",103,25,78
"60QR000067",171,31,140
"60QR000068",131,21,110
"60QR000069",108,21,87
"60QR000070",113,20,93
"60QR000071",113,22,91
"60QR000072",101,7,94
"60QR000073",60,6,54
"60QR000074",72,14,58
"60QR000075",86,12,74
"60QR000076",82,16,66
"60QR000077",100,14,86
"60QR000078",96,20,76
"60QR000079",98,27,71
"60QR000080",151,23,128
"60QR000081",115,12,103
"60QR000082",85,7,78
"60QR000083",116,17,99
"60QR000084",146,18,128
"60QR000085",172,13,159
"60QR000086",128,15,113
"60QR000087",61,7,54
"60QR000088",88,16,72
"60QR000089",94,18,76
"60QR000090",169,23,146
"60QR000091",127,15,112
"60QR000092",113,15,98
"60QR000093",120,23,97
"60QR000094",65,11,54
"60QR000095",112,10,102
"60QR000096",124,16,108
"60QR000097",95,16,79
"60QR000098",103,12,91
"60QR000099",70,8,62
"60QR000100",150,32,118
"60QR000101",77,19,58
"60QR000102",128,41,87
"60QR000103",77,11,66
"60QR000104",130,13,117
"60QR000105",176,32,144
"60QR000106",79,10,69
"60QR000107",120,21,99
"60QR000108",96,13,83
"60QR000109",100,11,89
"60QR000110",88,7,81
"60QR000111",156,15,141
"60QR000112",100,14,86
"60QR000113",150,21,129
"60QR000114",119,20,99
"60QR000115",160,21,139
"60QR000116",133,12,121
"60QR000117",164,28,136
"60QR000118",134,11,123
"60QR000119",139,23,116
"60QR000120",162,21,141
"60QR000121",132,29,103
"60QR000122",351,20,331
"60QR000123",144,41,103
"60QR000124",77,7,70
"60QR000125",141,10,131
"60QR000126",136,25,111
"60QR000127",176,67,109
"60QR000128",116,10,106
"60QR000129",137,21,116
"60QR000130",164,24,140
"60QR000131",178,21,157
"60QR000132",155,43,112
"60QR000133",143,20,123
"60QR000134",163,7,156
"60QR000135",93,22,71
"60QR000136",147,9,138
"60QR000137",100,18,82
"60QR000138",158,29,129
"60QR000139",183,21,162
"60QR000140",136,28,108
"60QR000141",148,32,116
"60QR000142",187,24,163
"60QR000143",121,19,102
"60QR000144",182,28,154
"60QR000145",134,25,109
"60QR000146",115,9,106
"60QR000147",119,17,102
"60QR000148",100,15,85
"60QR000149",77,18,59
"60QR000150",167,22,145
"60QR000151",156,30,126
"60QR000152",126,17,109
"60QR000153",123,9,114
"60QR000154",106,12,94
"60QR000155",165,31,134
"60QR000156",149,16,133
"60QR000157",151,11,140
"60QR000158",119,11,108
"60QR000159",50,10,40
"60QR000160",120,26,94
"60QR000161",76,20,56
"60QR000162",126,21,105
"60QR000163",84,16,68
"60QR000164",200,21,179
"60QR000165",189,23,166
"60QR000166",77,5,72
"60QR000167",96,7,89
"60QR000168",180,44,136
"60QR000169",63,7,56
"60QR000170",131,16,115
"60QR000171",149,21,128
"60QR000172",199,20,179
"60QR000173",171,16,155
"60QR000174",189,16,173
"60QR000175",150,15,135
"60QR000176",232,28,204
"60QR000177",221,32,189
"60QR000178",183,33,150
"60QR000179",161,29,132
"60QR000180",111,29,82
"60QR000181",176,36,140
"60QR000182",94,36,58
"60QR000183",105,22,83
"60QR000184",90,23,67
"60QR000185",59,30,29
"60QR000186",151,31,120
"60QR000187",95,17,78
"60QR000188",146,60,86
"60QR000189",126,50,76
"60QR000190",87,26,61
"60QR000191",79,18,61
"60QR000192",112,28,84
"60QR000193",162,24,138
"60QR000194",134,25,109
"60QR000195",142,21,121
"60QR000196",112,27,85
"60QR000197",101,15,86
"60QR000198",56,8,48
"60QR000199",121,22,99
"60QR000200",162,26,136
"60QR000201",107,21,86
"60QR000202",122,30,92
"60QR000203",118,12,106
"60QR000204",110,31,79
"60QR000205",131,33,98
"60QR000206",104,24,80
"60QR000207",91,21,70
"60QR000208",120,28,92
"60QR000209",113,17,96
"60QR000210",70,10,60
"60QR000211",136,29,107
"60QR000212",133,28,105
"60QR000213",121,21,100
"60QR000214",112,16,96
"60QR000215",100,30,70
"60QR000216",89,20,69
"60QR000217",138,39,99
"60QR000218",183,37,146
"60QR000219",169,33,136
"60QR000220",149,40,109
"60QR000221",162,36,126
"60QR000222",132,15,117
"60QR000223",111,30,81
"60QR000224",113,16,97
"60QR000225",92,18,74
"60QR000226",110,22,88
"60QR000227",86,18,68
"60QR000228",161,26,135
"60QR000229",73,10,63
"60QR000230",83,22,61
"60QR000231",177,49,128
"60QR000232",148,38,110
"60QR000233",89,29,60
"60QR000234",144,23,121
"60QR000235",153,37,116
"60QR000236",117,33,84
"60QR000237",102,12,90
"60QR000238",158,27,131
"60QR000239",149,26,123
"60QR000240",90,12,78
"60QR000241",128,35,93
"60QR000242",117,20,97
"60QR000243",133,22,111
"60QR000244",135,15,120
"60QR000245",76,11,65
"60QR000246",172,40,132
"60QR000247",131,36,95
"60QR000248",178,21,157
"60QR000249",143,32,111
"60QR000250",91,24,67
"60QR000251",53,12,41
"60QR000252",123,35,88
"60QR000253",91,22,69
"60QR000254",119,31,88
"60QR000255",64,39,25
"60QR000256",153,20,133
"60QR000257",98,15,83
"60QR000258",100,10,90
"60QR000259",125,43,82
"60QR000260",151,43,108
"60QR000261",90,9,81
"60QR000262",100,17,83
"60QR000263",109,49,60
"60QR000264",83,31,52
"60QR000265",214,28,186
"60QR000266",167,14,153
"60QR000267",89,18,71
"60QR000268",99,15,84
"60QR000269",125,11,114
"60QR000270",90,17,73
"60QR000271",133,33,100
"60QR000272",136,23,113
"60QR000273",93,16,77
"60QR000274",110,25,85
"60QR000275",194,52,142
"60QR000276",124,23,101
"60QR000277",67,7,60
"60QR000278",101,27,74
"60QR000279",99,39,60
"60QR000280",155,31,124
"60QR000281",124,17,107
"60QR000282",121,16,105
"60QR000283",111,23,88
"60QR000284",158,25,133
"60QR000285",159,24,135
"60QR000286",136,27,109
"60QR000287",115,9,106
"60QR000288",90,26,64
"60QR000289",120,18,102
"60QR000290",115,11,104
"60QR000291",118,20,98
"60QR000292",106,16,90
"60QR000293",94,21,73
"60QR000294",110,17,93
"60QR000295",141,24,117
"60QR000296",121,22,99
"60QR000297",120,27,93
"60QR000298",53,9,44
"60QR000299",88,25,63
"60QR000300",156,27,129
"60QR000301",140,38,102
"60QR000302",113,24,89
"60QR000303",128,18,110
"60QR000304",144,41,103
"60QR000305",135,18,117
"60QR000306",137,34,103
"60QR000307",90,33,57
"60QR000308",143,41,102
"60QR000309",154,27,127
"60QR000310",90,31,59
"60QR000311",88,32,56
"60QR000312",95,19,76
"60QR000313",128,43,85
"60QR000314",120,42,78
"60QR000315",107,25,82
"60QR000316",177,57,120
"60QR000317",76,18,58
"60QR000318",137,35,102
"60QR000319",107,19,88
"60QR000320",113,32,81
"60QR000321",112,25,87
"60QR000322",149,17,132
"60QR000323",70,17,53
"60QR000324",107,8,99
"60QR000325",108,26,82
"60QR000326",103,19,84
"60QR000327",112,17,95
"60QR000328",174,26,148
"60QR000329",175,27,148
"60QR000330",142,20,122
"60QR000331",125,19,106
"60QR000332",170,46,124
"60QR000333",104,31,73
"60QR000334",170,38,132
"60QR000335",146,9,137
"60QR000336",204,26,178
"60QR000337",153,39,114
"60QR000338",54,18,36
"60QR000339",84,23,61
"60QR000340",121,30,91
"60QR000341",76,11,65
"60QR000342",99,27,72
"60QR000343",103,19,84
"60QR000344",137,46,91
"60QR000345",158,38,120
"60QR000346",109,25,84
"60QR000347",110,30,80
"60QR000348",183,36,147
"60QR000349",95,30,65
"60QR000350",103,12,91
"60QR000351",108,10,98
"60QR000352",53,6,47
"60QR000353",66,13,53
"60QR000354",85,14,71
"60QR000355",83,13,70
"60QR000356",189,22,167
"60QR000357",130,13,117
"60QR000358",128,8,120
"60QR000359",103,21,82
"60QR000360",106,30,76
"60QR000361",54,12,42
"60QR000362",90,23,67
"60QR000363",172,25,147
"60QR000364",107,23,84
"60QR000365",111,25,86
"60QR000366",127,32,95
"60QR000367",98,21,77
"60QR000368",94,27,67
"60QR000369",117,33,84
"60QR000370",117,30,87
"60QR000371",129,23,106
"60QR000372",175,44,131
"60QR000373",61,40,21
"60QR000374",177,32,145
"60QR000375",90,12,78
"60QR000376",142,16,126
"60QR000377",113,13,100
"60QR000378",113,17,96
"60QR000379",112,13,99
"60QR000380",104,13,91
"60QR000381",90,18,72
"60QR000382",154,34,120
"60QR000383",103,20,83
"60QR000384",93,29,64
"60QR000385",153,44,109
"60QR000386",146,36,110
"60QR000387",88,21,67
"60QR000388",162,49,113
"60QR000389",90,19,71
"60QR000390",98,22,76
"60QR000391",155,18,137
"60QR000392",216,27,189
"60QR000393",173,18,155
"60QR000394",186,29,157
"60QR000395",129,32,97
"60QR000396",132,25,107
"60QR000397",145,29,116
"60QR000398",115,25,90
"60QR000399",111,31,80
"60QR000400",102,23,79
"60QR000401",133,26,107
"60QR000402",91,17,74
"60QR000403",75,20,55
"60QR000404",157,40,117
"60QR000405",51,13,38
"60QR000406",113,25,88
"60QR000407",60,26,34
"60QR000408",92,20,72
"60QR000409",119,27,92
"60QR000410",146,31,115
"60QR000411",82,16,66
"60QR000412",115,13,102
"60QR000413",88,20,68
"60QR000414",155,33,122
"60QR000415",94,23,71
"60QR000416",78,11,67
"60QR000417",82,25,57
"60QR000418",86,28,58
"60QR000419",126,35,91
"60QR000420",51,17,34
"60QR000421",157,20,137
"60QR000422",74,18,56
"60QR000423",176,36,140
"60QR000424",64,14,50
"60QR000425",135,25,110
"60QR000426",56,12,44
"60QR000427",96,18,78
"60QR000428",111,26,85
"60QR000429",118,28,90
"60QR000430",91,29,62
"60QR000431",73,24,49
"60QR000432",112,27,85
"60QR000433",79,13,66
"60QR000434",105,31,74
"60QR000435",190,30,160
"60QR000436",104,10,94
"60QR000437",152,18,134
"60QR000438",67,15,52
"60QR000439",134,22,112
"60QR000440",120,10,110
"60QR000441",115,23,92
"60QR000442",149,23,126
"60QR000443",191,20,171
"60QR000444",174,17,157
"60QR000445",185,30,155
"60QR000446",122,11,111
"60QR000447",132,9,123
"60QR000448",137,15,122
"60QR000449",142,18,124
"60QR000450",187,24,163
"60QR000451",103,12,91
"60QR000452",146,16,130
"60QR000453",106,23,83
"60QR000454",154,12,142
"60QR000455",169,29,140
"60QR000456",133,24,109
"60QR000457",182,18,164
"60QR000458",114,17,97
"60QR000459",127,19,108
"60QR000460",129,11,118
"60QR000461",67,4,63
"60QR000462",75,11,64
"60QR000463",98,10,88
"60QR000464",150,15,135
"60QR000465",193,21,172
"60QR000466",103,11,92
"60QR000467",83,13,70
"60QR000468",66,20,46
"60QR000469",97,9,88
"60QR000470",115,38,77
"60QR000471",108,15,93
"60QR000472",107,14,93
"60QR000473",122,37,85
"60QR000474",110,7,103
"60QR000475",135,22,113
"60QR000476",185,24,161
"60QR000477",174,15,159
"60QR000478",199,14,185
"60QR000479",141,16,125
"60QR000480",93,14,79
"60QR000481",217,15,202
"60QR000482",208,21,187
"60QR000483",179,9,170
"60QR000484",180,31,149
"60QR000485",132,25,107
"60QR000486",113,15,98
"60QR000487",142,32,110
"60QR000488",136,28,108
"60QR000489",154,16,138
"60QR000490",149,18,131
"60QR000491",170,20,150
"60QR000492",188,36,152
"60QR000493",122,19,103
"60QR000494",100,25,75
"60QR000495",81,9,72
"60QR000496",78,25,53
"60QR000497",119,41,78
"60QR000498",108,11,97
"60QR000499",58,10,48
"60QR000500",164,17,147
"60QR000501",152,11,141
"60QR000502",145,11,134
"60QR000503",143,48,95
"60QR000504",110,28,82
"60QR000505",70,7,63
"60QR000506",134,14,120
"60QR000507",152,44,108
"60QR000508",120,22,98
"60QR000509",97,9,88
"60QR000510",53,10,43
"60QR000511",102,6,96
"60QR000512",83,16,67
"60QR000513",83,10,73
"60QR000514",132,23,109
"60QR000515",103,31,72
"60QR000516",136,41,95
"60QR000517",60,15,45
"60QR000518",82,34,48
"60QR000519",101,30,71
"60QR000520",91,25,66
"60QR000521",84,42,42
"60QR000522",52,5,47
"60QR000523",101,24,77
"60QR000524",185,35,150
"60QR000525",171,26,145
"60QR000526",253,17,236
"60QR000527",149,14,135
"60QR000528",227,23,204
"60QR000529",112,13,99
"60QR000530",81,23,58
"60QR000531",149,28,121
"60QR000532",63,14,49
"60QR000533",161,39,122
"60QR000534",141,29,112
"60QR000535",184,80,104
"60QR000536",114,26,88
"60QR000537",68,10,58
"60QR000538",129,18,111
"60QR000539",101,25,76
"60QR000540",99,21,78
"60QR000541",82,7,75
"60QR000542",71,9,62
"60QR000543",98,11,87
"60QR000544",58,9,49
"60QR000545",134,15,119
"60QR000546",99,17,82
"60QR000547",152,31,121
"60QR000548",124,14,110
"60QR000549",78,13,65
"60QR000550",106,32,74
"60QR000551",143,43,100
"60QR000552",149,49,100
"60QR000553",139,11,128
"60QR000554",89,6,83
"60QR000555",132,20,112
"60QR000556",119,33,86
"60QR000557",69,26,43
"60QR000558",133,29,104
"60QR000559",130,27,103
"60QR000560",154,29,125
"60QR000561",190,42,148
"60QR000562",132,36,96
"60QR000563",138,29,109
"60QR000564",66,24,42
"60QR000565",65,24,41
"60QR000566",139,23,116
"60QR000567",144,25,119
"60QR000568",72,9,63
"60QR000569",93,26,67
"60QR000570",68,26,42
"60QR000571",88,41,47
"60QR000572",108,16,92
"60QR000573",152,45,107
"60QR000574",159,14,145
"60QR000575",126,14,112
"60QR000576",117,17,100
"60QR000577",172,48,124
"60QR000578",141,10,131
"60QR000579",131,13,118
"60QR000580",130,10,120
"60QR000581",118,6,112
"60QR000582",234,32,202
"60QR000583",114,9,105
"60QR000584",146,24,122
"60QR000585",196,27,169
"60QR000586",105,24,81
"60QR000587",107,18,89
"60QR000588",105,23,82
"60QR000589",141,20,121
"60QR000590",97,17,80
"60QR000591",100,15,85
"60QR000592",157,16,141
"60QR000593",123,16,107
"60QR000594",216,26,190
"60QR000595",183,26,157
"60QR000596",75,22,53
"60QR000597",110,23,87
"60QR000598",71,21,50
"60QR000599",95,32,63
"60QR000600",101,23,78
"60QR000601",106,35,71
"60QR000602",84,22,62
"60QR000603",121,35,86
"60QR000604",133,40,93
"60QR000605",135,26,109
"60QR000606",146,25,121
"60QR000607",153,35,118
"60QR000608",140,25,115
"60QR000609",100,10,90
"60QR000610",163,24,139
"60QR000611",170,26,144
"60QR000612",81,18,63
"60QR000613",132,37,95
"60QR000614",100,19,81
"60QR000615",143,19,124
"60QR000616",134,29,105
"60QR000617",142,24,118
"60QR000618",136,14,122
"60QR000619",181,41,140
"60QR000620",138,23,115
"60QR000621",158,39,119
"60QR000622",119,31,88
"60QR000623",95,52,43
"60QR000624",133,24,109
"60QR000625",95,25,70
"60QR000626",105,21,84
"60QR000627",144,19,125
"60QR000628",118,21,97
"60QR000629",89,28,61
"60QR000630",90,18,72
"60QR000631",129,30,99
"60QR000632",152,47,105
"60QR000633",108,19,89
"60QR000634",112,15,97
"60QR000635",127,43,84
"60QR000636",140,39,101
"60QR000637",91,46,45
"60QR000638",89,9,80
"60QR000639",108,15,93
"60QR000640",118,32,86
"60QR000641",79,14,65
"60QR000642",101,16,85
"60QR000643",106,22,84
"60QR000644",136,25,111
"60QR000645",92,19,73
"60QR000646",111,28,83
"60QR000647",160,35,125
"60QR000648",117,13,104
"60QR000649",102,9,93
"60QR000650",146,33,113
"60QR000651",86,8,78
"60QR000652",126,20,106
"60QR000653",114,14,100
"60QR000654",129,12,117
"60QR000655",115,11,104
"60QR000656",106,12,94
"60QR000657",180,24,156
"60QR000658",167,9,158
"60QR000659",147,18,129
"60QR000660",131,26,105
"60QR000661",101,16,85
"60QR000662",117,19,98
"60QR000663",53,12,41
"60QR000664",74,17,57
"60QR000665",127,21,106
"60QR000666",88,31,57
"60QR000667",152,26,126
"60QR000668",115,18,97
"60QR000669",105,13,92
"60QR000670",89,23,66
"60QR000671",98,15,83
"60QR000672",123,18,105
"60QR000673",99,19,80
"60QR000674",105,55,50
"60QR000675",123,17,106
"60QR000676",108,18,90
"60QR000677",123,25,98
"60QR000678",128,19,109
"60QR000679",165,29,136
"60QR000680",170,27,143
"60QR000681",143,38,105
"60QR000682",93,28,65
"60QR000683",140,29,111
"60QR000684",88,20,68
"60QR000685",149,42,107
"60QR000686",124,33,91
"60QR000687",170,38,132
"60QR000688",78,18,60
"60QR000689",182,21,161
"60QR000690",88,21,67
"60QR000691",237,10,227
"60QR000692",151,34,117
"60QR000693",201,37,164
"60QR000694",94,18,76
"60QR000695",219,25,194
"60QR000696",223,25,198
"60QR000697",122,16,106
"60QR000698",135,18,117
"60QR000699",118,9,109
"60QR000700",99,14,85
"60QR000701",105,44,61
"60QR000702",157,53,104
"60QR000703",228,62,166
"60QR000704",107,30,77
"60QR000705",168,41,127
"60QR000706",166,49,117
"60QR000707",93,27,66
"60QR000708",83,27,56
"60QR000709",194,34,160
"60QR000710",159,44,115
"60QR000711",173,23,150
"60QR000712",119,27,92
"60QR000713",119,22,97
"60QR000714",92,19,73
"60QR000715",197,21,176
"60QR000716",175,17,158
"60QR000717",154,23,131
"60QR000718",151,20,131
"60QR000719",147,33,114
"60QR000720",170,43,127
"60QR000721",105,21,84
"60QR000722",191,24,167
"60QR000723",83,14,69
"60QR000724",88,15,73
"60QR000725",120,37,83
"60QR000726",118,28,90
"60QR000727",92,16,76
"60QR000728",159,41,118
"60QR000729",91,19,72
"60QR000730",171,62,109
"60QR000731",103,28,75
"60QR000732",97,25,72
"60QR000733",116,30,86
"60QR000734",83,23,60
"60QR000735",88,25,63
"60QR000736",116,21,95
"60QR000737",147,47,100
"60QR000738",69,16,53
"60QR000739",75,22,53
"60QR000740",118,35,83
"60QR000741",106,40,66
"60QR000742",130,50,80
"60QR000743",136,43,93
"60QR000744",88,35,53
"60QR000745",98,25,73
"60QR000746",152,46,106
"60QR000747",172,42,130
"60QR000748",153,49,104
"60QR000749",93,31,62
"60QR000750",132,17,115
"60QR000751",103,33,70
"60QR000752",104,36,68
"60QR000753",108,22,86
"60QR000754",100,46,54
"60QR000755",116,31,85
"60QR000756",97,27,70
"60QR000757",161,62,99
"60QR000758",110,26,84
"60QR000759",150,36,114
"60QR000760",93,26,67
"60QR000761",133,32,101
"60QR000762",75,22,53
"60QR000763",113,28,85
"60QR000764",201,50,151
"60QR000765",150,48,102
"60QR000766",102,28,74
"60QR000767",96,29,67
"60QR000768",81,38,43
"60QR000769",146,23,123
"60QR000770",160,29,131
"60QR000771",170,55,115
"60QR000772",164,38,126
"60QR000773",121,20,101
"60QR000774",100,39,61
"60QR000775",178,41,137
"60QR000776",157,50,107
"60QR000777",108,24,84
"60QR000778",117,32,85
"60QR000779",99,16,83
"60QR000780",88,25,63
"60QR000781",71,27,44
"60QR000782",150,36,114
"60QR000783",95,23,72
"60QR000784",125,27,98
"60QR000785",107,39,68
"60QR000786",132,50,82
"60QR000787",123,35,88
"60QR000788",131,36,95
"60QR000789",112,45,67
"60QR000790",79,25,54
"60QR000791",78,30,48
"60QR000792",63,26,37
"60QR000793",93,14,79
"60QR000794",119,28,91
"60QR000795",102,16,86
"60QR000796",98,23,75
"60QR000797",96,33,63
"60QR000798",63,26,37
"60QR000799",79,19,60
"60QR000800",126,25,101
"60QR000801",94,53,41
"60QR000802",122,30,92
"60QR000803",167,38,129
"60QR000804",105,24,81
"60QR000805",185,42,143
"60QR000806",185,37,148
"60QR000807",205,51,154
"60QR000808",137,36,101
"60QR000809",208,43,165
"60QR000810",198,41,157
"60QR000811",213,50,163
"60QR000812",98,24,74
"60QR000813",54,9,45
"60QR000814",118,29,89
"60QR000815",99,23,76
"60QR000816",94,24,70
"60QR000817",141,36,105
"60QR000818",159,32,127
"60QR000819",86,37,49
"60QR000820",111,17,94
"60QR000821",119,42,77
"60QR000822",144,61,83
"60QR000823",103,21,82
"60QR000824",77,34,43
"60QR000825",132,27,105
"60QR000826",121,25,96
"60QR000827",97,28,69
"60QR000828",119,10,109
"60QR000829",165,26,139
"60QR000830",176,42,134
"60QR000831",73,17,56
"60QR000832",107,20,87
"60QR000833",118,43,75
"60QR000834",79,20,59
"60QR000835",119,31,88
"60QR000836",120,20,100
"60QR000837",111,31,80
"60QR000838",104,23,81
"60QR000839",118,24,94
"60QR000840",111,25,86
"60QR000841",115,36,79
"60QR000842",139,35,104
"60QR000843",129,24,105
"60QR000844",120,9,111
"60QR000845",90,17,73
"60QR000846",63,14,49
"60QR000847",113,37,76
"60QR000848",147,21,126
"60QR000849",127,17,110
"60QR000850",84,21,63
"60QR000851",111,15,96
"60QR000852",146,30,116
"60QR000853",108,41,67
"60QR000854",108,33,75
"60QR000855",88,30,58
"60QR000856",89,27,62
"60QR000857",99,22,77
"60QR000858",102,27,75
"60QR000859",121,45,76
"60QR000860",86,13,73
"60QR000861",85,8,77
"60QR000862",97,22,75
"60QR000863",106,39,67
"60QR000864",91,18,73
"60QR000865",61,17,44
"60QR000866",131,16,115
"60QR000867",70,35,35
"60QR000868",64,24,40
"60QR000869",70,17,53
"60QR000870",76,28,48
"60QR000871",82,18,64
"60QR000872",103,27,76
"60QR000873",96,11,85
"60QR000874",82,15,67
"60QR000875",103,29,74
"60QR000876",60,15,45
"60QR000877",171,27,144
"60QR000878",61,38,23
"60QR000879",55,25,30
"60QR000880",60,28,32
"60QR000881",155,20,135
"60QR000882",92,20,72
"60QR000883",147,33,114
"60QR000884",144,16,128
"60QR000885",167,17,150
"60QR000886",75,29,46
"60QR000887",75,26,49
"60QR000888",117,17,100
"60QR000889",133,17,116
"60QR000890",131,26,105
"60QR000891",90,9,81
"60QR000892",111,17,94
"60QR000893",111,11,100
"60QR000894",80,12,68
"60QR000895",136,16,120
"60QR000896",200,72,128
"60QR000897",88,28,60
"60QR000898",78,12,66
"60QR000899",70,13,57
"60QR000900",143,28,115
"60QR000901",72,18,54
"60QR000902",69,11,58
"60QR000903",122,20,102
"60QR000904",78,25,53
"60QR000905",59,5,54
"60QR000906",80,25,55
"60QR000907",153,16,137
"60QR000908",82,13,69
"60QR000909",97,13,84
"60QR000910",56,27,29
"60QR000911",54,24,30
"60QR000912",90,30,60
"60QR000913",170,25,145
"60QR000914",216,42,174
"60QR000915",142,45,97
"60QR000916",181,35,146
"60QR000917",139,56,83
"60QR000918",198,34,164
"60QR000919",89,32,57
"60QR000920",134,37,97
"60QR000921",114,34,80
"60QR000922",92,33,59
"60QR000923",57,25,32
"60QR000924",70,25,45
"60QR000925",77,31,46
"60QR000926",122,40,82
"60QR000927",113,13,100
"60QR000928",109,23,86
"60QR000929",90,10,80
"60QR000930",68,19,49
"60QR000931",93,17,76
"60QR000932",122,21,101
"60QR000933",110,24,86
"60QR000934",105,15,90
"60QR000935",86,13,73
"60QR000936",70,17,53
"60QR000937",78,21,57
"60QR000938",119,18,101
"60QR000939",110,26,84
"60QR000940",100,28,72
"60QR000941",116,22,94
"60QR000942",121,23,98
"60QR000943",76,20,56
"60QR000944",64,19,45
"60QR000945",128,42,86
"60QR000946",188,40,148
"60QR000947",128,23,105
"60QR000948",113,21,92
"60QR000949",94,25,69
"60QR000950",77,21,56
"60QR000951",135,29,106
"60QR000952",133,23,110
"60QR000953",60,23,37
"60QR000954",73,26,47
"60QR000955",91,30,61
"60QR000956",217,52,165
"60QR000957",130,42,88
"60QR000958",177,25,152
"60QR000959",104,33,71
"60QR000960",109,19,90
"60QR000961",137,37,100
"60QR000962",146,39,107
"60QR000963",80,26,54
"60QR000964",112,26,86
"60QR000965",118,29,89
"60QR000966",90,38,52
"60QR000967",105,39,66
"60QR000968",88,24,64
"60QR000969",59,13,46
"60QR000970",132,25,107
"60QR000971",103,30,73
"60QR000972",72,30,42
"60QR000973",108,40,68
"60QR000974",127,26,101
"60QR000975",76,18,58
"60QR000976",66,10,56
"60QR000977",95,25,70
"60QR000978",82,38,44
"60QR000979",92,24,68
"60QR000980",104,34,70
"60QR000981",83,23,60
"60QR000982",98,28,70
"60QR000983",94,39,55
"60QR000984",117,21,96
"60QR000985",93,45,48
"60QR000986",95,27,68
"60QR000987",129,25,104
"60QR000988",59,25,34
"60QR000989",112,8,104
"60QR000990",118,23,95
"60QR000991",165,20,145
"60QR000992",169,24,145
"60QR000993",99,30,69
"60QR000994",150,12,138
"60QR000995",82,17,65
"60QR000996",86,15,71
"60QR000997",73,21,52
"60QR000998",99,46,53
"60QR000999",72,28,44
"60QR001000",162,37,125
"60QR001001",144,35,109
"60QR001002",161,53,108
"60QR001003",143,45,98
"60QR001004",122,27,95
"60QR001005",116,28,88
"60QR001006",104,23,81
"60QR001007",109,28,81
"60QR001008",99,12,87
"60QR001009",92,9,83
"60QR001010",122,19,103
"60QR001011",91,13,78
"60QR001012",153,26,127
"60QR001013",91,13,78
"60QR001014",155,20,135
"60QR001015",131,23,108
"60QR001016",129,35,94
"60QR001017",81,37,44
"60QR001018",94,26,68
"60QR001019",69,7,62
"60QR001020",68,5,63
"60QR001021",74,19,55
"60QR001022",83,15,68
"60QR001023",119,30,89
"60QR001024",134,36,98
"60QR001025",93,18,75
"60QR001026",103,34,69
"60QR001027",163,32,131
"60QR001028",81,20,61
"60QR001029",86,24,62
"60QR001030",110,32,78
"60QR001031",115,25,90
"60QR001032",151,34,117
"60QR001033",102,22,80
"60QR001034",86,18,68
"60QR001035",81,19,62
"60QR001036",142,32,110
"60QR001037",80,21,59
"60QR001038",136,23,113
"60QR001039",93,17,76
"60QR001040",78,23,55
"60QR001041",81,26,55
"60QR001042",93,27,66
"60QR001043",99,21,78
"60QR001044",122,23,99
"60QR001045",52,14,38
"60QR001046",110,33,77
"60QR001047",128,28,100
"60QR001048",100,40,60
"60QR001049",157,51,106
"60QR001050",181,46,135
"60QR001051",135,36,99
"60QR001052",112,36,76
"60QR001053",183,41,142
"60QR001054",142,16,126
"60QR001055",185,44,141
"60QR001056",145,22,123
"60QR001057",121,8,113
"60QR001058",153,13,140
"60QR001059",101,17,84
"60QR001060",95,14,81
"60QR001061",159,13,146
"60QR001062",87,17,70
"60QR001063",117,21,96
"60QR001064",178,22,156
"60QR001065",110,11,99
"60QR001066",62,12,50
"60QR001067",109,29,80
"60QR001068",95,23,72
"60QR001069",77,19,58
"60QR001070",209,41,168
"60QR001071",201,41,160
"60QR001072",121,26,95
"60QR001073",127,21,106
"60QR001074",184,42,142
"60QR001075",119,24,95
"60QR001076",114,20,94
"60QR001077",100,26,74
"60QR001078",117,20,97
"60QR001079",87,25,62
"60QR001080",98,34,64
"60QR001081",99,30,69
"60QR001082",126,30,96
"60QR001083",220,35,185
"60QR001084",126,33,93
"60QR001085",149,29,120
"60QR001086",112,20,92
"60QR001087",150,27,123
"60QR001088",140,27,113
"60QR001089",139,41,98
"60QR001090",153,48,105
"60QR001091",135,30,105
"60QR001092",103,24,79
"60QR001093",98,22,76
"60QR001094",137,39,98
"60QR001095",98,29,69
"60QR001096",91,22,69
"60QR001097",167,28,139
"60QR001098",186,38,148
"60QR001099",139,17,122
"60QR001100",139,24,115
"60QR001101",98,16,82
"60QR001102",115,13,102
"60QR001103",151,17,134
"60QR001104",140,17,123
"60QR001105",122,16,106
"60QR001106",187,15,172
"60QR001107",176,15,161
"60QR001108",149,17,132
"60QR001109",134,13,121
"60QR001110",114,16,98
"60QR001111",139,7,132
"60QR001112",178,17,161
"60QR001113",111,16,95
"60QR001114",159,12,147
"60QR001115",124,24,100
"60QR001116",120,16,104
"60QR001117",151,18,133
"60QR001118",113,18,95
"60QR001119",106,11,95
"60QR001120",136,6,130
"60QR001121",110,17,93
"60QR001122",114,13,101
"60QR001123",173,7,166
"60QR001124",172,13,159
"60QR001125",121,9,112
"60QR001126",107,26,81
"60QR001127",120,19,101
"60QR001128",135,11,124
"60QR001129",193,25,168
"60QR001130",175,33,142
"60QR001131",144,34,110
"60QR001132",108,31,77
"60QR001133",81,25,56
"60QR001134",82,16,66
"60QR001135",109,42,67
"60QR001136",87,24,63
"60QR001137",165,65,100
"60QR001138",114,25,89
"60QR001139",165,30,135
"60QR001140",117,22,95
"60QR001141",143,34,109
"60QR001142",179,41,138
"60QR001143",173,35,138
"60QR001144",123,29,94
"60QR001145",148,19,129
"60QR001146",151,29,122
"60QR001147",109,12,97
"60QR001148",133,16,117
"60QR001149",99,22,77
"60QR001150",98,14,84
"60QR001151",135,20,115
"60QR001152",81,20,61
"60QR001153",151,22,129
"60QR001154",110,19,91
"60QR001155",96,20,76
"60QR001156",92,17,75
"60QR001157",159,31,128
"60QR001158",153,25,128
"60QR001159",168,35,133
"60QR001160",125,20,105
"60QR001161",100,13,87
"60QR001162",134,33,101
"60QR001163",108,32,76
"60QR001164",103,32,71
"60QR001165",94,25,69
"60QR001166",94,25,69
"60QR001167",143,27,116
"60QR001168",110,27,83
"60QR001169",125,28,97
"60QR001170",88,28,60
"60QR001171",100,29,71
"60QR001172",106,21,85
"60QR001173",199,42,157
"60QR001174",151,20,131
"60QR001175",127,23,104
"60QR001176",127,63,64
"60QR001177",58,30,28
"60QR001178",138,19,119
"60QR001179",153,19,134
"60QR001180",120,19,101
"60QR001181",290,48,242
"60QR001182",93,23,70
"60QR001183",194,43,151
"60QR001184",152,19,133
"60QR001185",126,32,94
"60QR001186",74,36,38
"60QR001187",180,42,138
"60QR001188",110,25,85
"60QR001189",91,15,76
"60QR001190",55,10,45
"60QR001191",156,30,126
"60QR001192",173,39,134
"60QR001193",187,50,137
"60QR001194",124,22,102
"60QR001195",92,20,72
"60QR001196",99,20,79
"60QR001197",91,20,71
"60QR001198",132,33,99
"60QR001199",104,26,78
"60QR001200",135,39,96
"60QR001201",90,38,52
"60QR001202",103,23,80
"60QR001203",140,18,122
"60QR001204",125,48,77
"60QR001205",90,29,61
"60QR001206",93,28,65
"60QR001207",172,33,139
"60QR001208",116,25,91
"60QR001209",78,31,47
"60QR001210",137,46,91
"60QR001211",169,38,131
"60QR001212",177,44,133
"60QR001213",153,19,134
"60QR001214",122,33,89
"60QR001215",95,30,65
"60QR001216",89,20,69
"60QR001217",105,27,78
"60QR001218",165,34,131
"60QR001219",109,32,77
"60QR001220",103,19,84
"60QR001221",127,45,82
"60QR001222",92,28,64
"60QR001223",177,40,137
"60QR001224",135,31,104
"60QR001225",126,37,89
"60QR001226",167,57,110
"60QR001227",164,40,124
"60QR001228",97,40,57
"60QR001229",128,42,86
"60QR001230",144,30,114
"60QR001231",100,32,68
"60QR001232",153,46,107
"60QR001233",157,52,105
"60QR001234",154,47,107
"60QR001235",118,45,73
"60QR001236",122,57,65
"60QR001237",91,34,57
"60QR001238",92,36,56
"60QR001239",146,57,89
"60QR001240",163,50,113
"60QR001241",85,23,62
"60QR001242",128,25,103
"60QR001243",123,23,100
"60QR001244",96,32,64
"60QR001245",84,24,60
"60QR001246",128,18,110
"60QR001247",175,52,123
"60QR001248",156,39,117
"60QR001249",77,24,53
"60QR001250",149,52,97
"60QR001251",132,46,86
"60QR001252",135,51,84
"60QR001253",83,35,48
"60QR001254",148,44,104
"60QR001255",97,33,64
"60QR001256",98,37,61
"60QR001257",147,41,106
"60QR001258",144,45,99
"60QR001259",114,36,78
"60QR001260",138,28,110
"60QR001261",108,45,63
"60QR001262",114,28,86
"60QR001263",61,18,43
"60QR001264",67,29,38
"60QR001265",153,47,106
"60QR001266",190,47,143
"60QR001267",106,28,78
"60QR001268",127,43,84
"60QR001269",102,46,56
"60QR001270",76,33,43
"60QR001271",184,41,143
"60QR001272",122,41,81
"60QR001273",167,43,124
"60QR001274",130,36,94
"60QR001275",139,27,112
"60QR001276",153,42,111
"60QR001277",95,26,69
"60QR001278",84,18,66
"60QR001279",162,40,122
"60QR001280",148,44,104
"60QR001281",174,44,130
"60QR001282",96,40,56
"60QR001283",189,42,147
"60QR001284",187,62,125
"60QR001285",199,34,165
"60QR001286",154,30,124
"60QR001287",106,23,83
"60QR001288",80,41,39
"60QR001289",98,32,66
"60QR001290",147,29,118
"60QR001291",98,24,74
"60QR001292",119,39,80
"60QR001293",116,33,83
"60QR001294",103,25,78
"60QR001295",91,23,68
"60QR001296",59,16,43
"60QR001297",88,23,65
"60QR001298",120,23,97
"60QR001299",106,30,76
"60QR001300",87,18,69
"60QR001301",104,17,87
"60QR001302",170,45,125
"60QR001303",77,27,50
"60QR001304",97,20,77
"60QR001305",110,27,83
"60QR001306",112,24,88
"60QR001307",102,41,61
"60QR001308",109,18,91
"60QR001309",76,18,58
"60QR001310",93,22,71
"60QR001311",107,31,76
"60QR001312",109,27,82
"60QR001313",106,19,87
"60QR001314",142,19,123
"60QR001315",158,30,128
"60QR001316",92,25,67
"60QR001317",120,19,101
"60QR001318",157,39,118
"60QR001319",97,26,71
"60QR001320",103,18,85
"60QR001321",134,36,98
"60QR001322",80,27,53
"60QR001323",144,42,102
"60QR001324",128,24,104
"60QR001325",129,42,87
"60QR001326",160,44,116
"60QR001327",152,29,123
"60QR001328",91,29,62
"60QR001329",136,37,99
"60QR001330",153,24,129
"60QR001331",91,23,68
"60QR001332",75,16,59
"60QR001333",126,41,85
"60QR001334",124,31,93
"60QR001335",128,47,81
"60QR001336",102,26,76
"60QR001337",142,27,115
"60QR001338",77,8,69
"60QR001339",185,39,146
"60QR001340",125,40,85
"60QR001341",161,50,111
"60QR001342",181,38,143
"60QR001343",92,35,57
"60QR001344",79,34,45
"60QR001345",149,40,109
"60QR001346",89,19,70
"60QR001347",107,28,79
"60QR001348",120,43,77
"60QR001349",97,22,75
"60QR001350",102,37,65
"60QR001351",106,30,76
"60QR001352",148,28,120
"60QR001353",104,25,79
"60QR001354",83,31,52
"60QR001355",113,44,69
"60QR001356",110,24,86
"60QR001357",148,69,79
"60QR001358",111,18,93
"60QR001359",97,34,63
"60QR001360",115,25,90
"60QR001361",142,44,98
"60QR001362",88,44,44
"60QR001363",94,28,66
"60QR001364",113,34,79
"60QR001365",99,30,69
"60QR001366",105,34,71
"60QR001367",127,42,85
"60QR001368",188,29,159
"60QR001369",113,35,78
"60QR001370",126,41,85
"60QR001371",120,32,88
"60QR001372",113,24,89
"60QR001373",160,33,127
"60QR001374",94,21,73
"60QR001375",164,40,124
"60QR001376",120,26,94
"60QR001377",111,21,90
"60QR001378",178,49,129
"60QR001379",195,39,156
"60QR001380",138,35,103
"60QR001381",136,43,93
"60QR001382",149,54,95
"60QR001383",56,12,44
"60QR001384",75,18,57
"60QR001385",172,58,114
"60QR001386",172,51,121
"60QR001387",180,49,131
"60QR001388",146,43,103
"60QR001389",97,32,65
"60QR001390",139,25,114
"60QR001391",142,42,100
"60QR001392",93,26,67
"60QR001393",115,31,84
"60QR001394",99,36,63
"60QR001395",167,44,123
"60QR001396",81,48,33
"60QR001397",159,36,123
"60QR001398",135,43,92
"60QR001399",99,19,80
"60QR001400",153,29,124
"60QR001401",99,35,64
"60QR001402",87,38,49
"60QR001403",124,21,103
"60QR001404",78,26,52
"60QR001405",92,17,75
"60QR001406",152,37,115
"60QR001407",93,41,52
"60QR001408",82,29,53
"60QR001409",92,26,66
"60QR001410",169,50,119
"60QR001411",140,27,113
"60QR001412",124,32,92
"60QR001413",145,33,112
"60QR001414",102,28,74
"60QR001415",115,17,98
"60QR001416",104,14,90
"60QR001417",114,40,74
"60QR001418",83,29,54
"60QR001419",99,13,86
"60QR001420",86,14,72
"60QR001421",87,28,59
"60QR001422",75,11,64
"60QR001423",144,28,116
"60QR001424",106,23,83
"60QR001425",127,36,91
"60QR001426",72,17,55
"60QR001427",76,15,61
"60QR001428",114,28,86
"60QR001429",77,28,49
"60QR001430",107,43,64
"60QR001431",74,10,64
"60QR001432",84,24,60
"60QR001433",105,19,86
"60QR001434",182,57,125
"60QR001435",103,46,57
"60QR001436",74,17,57
"60QR001437",147,101,46
"60QR001438",120,38,82
"60QR001439",114,31,83
"60QR001440",161,56,105
"60QR001441",113,36,77
"60QR001442",92,16,76
"60QR001443",181,42,139
"60QR001444",143,40,103
"60QR001445",131,30,101
"60QR001446",148,38,110
"60QR001447",91,25,66
"60QR001448",185,36,149
"60QR001449",103,18,85
"60QR001450",183,53,130
"60QR001451",138,39,99
"60QR001452",85,32,53
"60QR001453",117,45,72
"60QR001454",103,26,77
"60QR001455",96,15,81
"60QR001456",61,21,40
"60QR001457",125,32,93
"60QR001458",68,29,39
"60QR001459",95,29,66
"60QR001460",115,46,69
"60QR001461",100,25,75
"60QR001462",98,27,71
"60QR001463",86,18,68
"60QR001464",108,37,71
"60QR001465",110,27,83
"60QR001466",107,37,70
"60QR001467",70,20,50
"60QR001468",84,25,59
"60QR001469",94,29,65
"60QR001470",108,37,71
"60QR001471",122,36,86
"60QR001472",82,14,68
"60QR001473",74,14,60
"60QR001474",85,26,59
"60QR001475",63,11,52
"60QR001476",95,18,77
"60QR001477",142,17,125
"60QR001478",125,19,106
"60QR001479",158,22,136
"60QR001480",140,31,109
"60QR001481",146,45,101
"60QR001482",53,35,18
"60QR001483",101,35,66
"60QR001484",70,12,58
"60QR001485",129,25,104
"60QR001486",80,25,55
"60QR001487",104,19,85
"60QR001488",115,31,84
"60QR001489",125,23,102
"60QR001490",172,32,140
"60QR001491",100,30,70
"60QR001492",105,19,86
"60QR001493",96,22,74
"60QR001494",99,32,67
"60QR001495",130,24,106
"60QR001496",135,35,100
"60QR001497",159,43,116
"60QR001498",88,30,58
"60QR001499",187,38,149
"60QR001500",162,29,133
"60QR001501",174,17,157
"60QR001502",95,19,76
"60QR001503",106,20,86
"60QR001504",111,17,94
"60QR001505",157,27,130
"60QR001506",127,23,104
"60QR001507",169,35,134
"60QR001508",174,29,145
"60QR001509",170,34,136
"60QR001510",138,29,109
"60QR001511",69,17,52
"60QR001512",173,39,134
"60QR001513",140,29,111
"60QR001514",128,26,102
"60QR001515",116,25,91
"60QR001516",155,22,133
"60QR001517",81,38,43
"60QR001518",139,24,115
"60QR001519",105,29,76
"60QR001520",127,22,105
"60QR001521",101,19,82
"60QR001522",94,36,58
"60QR001523",140,31,109
"60QR001524",113,44,69
"60QR001525",120,21,99
"60QR001526",111,26,85
"60QR001527",126,18,108
"60QR001528",121,28,93
"60QR001529",113,29,84
"60QR001530",156,24,132
"60QR001531",113,23,90
"60QR001532",129,42,87
"60QR001533",173,29,144
"60QR001534",161,20,141
"60QR001535",135,25,110
"60QR001536",105,27,78
"60QR001537",166,33,133
"60QR001538",161,23,138
"60QR001539",140,25,115
"60QR001540",118,16,102
"60QR001541",88,17,71
"60QR001542",117,12,105
"60QR001543",127,25,102
"60QR001544",143,15,128
"60QR001545",85,21,64
"60QR001546",176,21,155
"60QR001547",95,18,77
"60QR001548",143,16,127
"60QR001549",88,20,68
"60QR001550",98,17,81
"60QR001551",141,35,106
"60QR001552",122,16,106
"60QR001553",113,25,88
"60QR001554",105,19,86
"60QR001555",186,38,148
"60QR001556",95,21,74
"60QR001557",109,21,88
"60QR001558",111,19,92
"60QR001559",79,16,63
"60QR001560",123,21,102
"60QR001561",100,24,76
"60QR001562",147,21,126
"60QR001563",115,22,93
"60QR001564",99,15,84
"60QR001565",82,14,68
"60QR001566",119,15,104
"60QR001567",87,14,73
"60QR001568",101,16,85
"60QR001569",109,13,96
"60QR001570",143,37,106
"60QR001571",121,22,99
"60QR001572",133,36,97
"60QR001573",157,39,118
"60QR001574",127,28,99
"60QR001575",83,25,58
"60QR001576",113,29,84
"60QR001577",98,19,79
"60QR001578",137,28,109
"60QR001579",91,22,69
"60QR001580",96,15,81
"60QR001581",179,36,143
"60QR001582",155,36,119
"60QR001583",110,31,79
"60QR001584",133,23,110
"60QR001585",126,21,105
"60QR001586",110,21,89
"60QR001587",153,26,127
"60QR001588",110,31,79
"60QR001589",145,20,125
"60QR001590",133,23,110
"60QR001591",109,24,85
"60QR001592",129,21,108
"60QR001593",95,26,69
"60QR001594",121,35,86
"60QR001595",87,20,67
"60QR001596",163,12,151
"60QR001597",79,8,71
"60QR001598",112,13,99
"60QR001599",112,17,95
"60QR001600",94,24,70
"60QR001601",171,60,111
"60QR001602",109,17,92
"60QR001603",123,10,113
"60QR001604",101,13,88
"60QR001605",121,10,111
"60QR001606",88,19,69
"60QR001607",170,27,143
"60QR001608",171,23,148
"60QR001609",114,9,105
"60QR001610",191,38,153
"60QR001611",201,31,170
"60QR001612",83,18,65
"60QR001613",180,24,156
"60QR001614",115,18,97
"60QR001615",263,71,192
"60QR001616",126,19,107
"60QR001617",117,21,96
"60QR001618",98,15,83
"60QR001619",136,21,115
"60QR001620",149,29,120
"60QR001621",177,22,155
"60QR001622",123,30,93
"60QR001623",136,24,112
"60QR001624",50,38,12
"60QR001625",119,17,102
"60QR001626",68,12,56
"60QR001627",137,29,108
"60QR001628",94,18,76
"60QR001629",114,22,92
"60QR001630",102,12,90
"60QR001631",127,16,111
"60QR001632",157,23,134
"60QR001633",99,28,71
"60QR001634",120,17,103
"60QR001635",110,16,94
"60QR001636",116,21,95
"60QR001637",132,29,103
"60QR001638",54,12,42
"60QR001639",137,24,113
"60QR001640",129,30,99
"60QR001641",120,18,102
"60QR001642",159,30,129
"60QR001643",114,26,88
"60QR001644",108,20,88
"60QR001645",141,19,122
"60QR001646",97,22,75
"60QR001647",167,22,145
"60QR001648",153,32,121
"60QR001649",110,29,81
"60QR001650",136,22,114
"60QR001651",113,21,92
"60QR001652",107,32,75
"60QR001653",97,18,79
"60QR001654",140,32,108
"60QR001655",94,11,83
"60QR001656",144,29,115
"60QR001657",156,40,116
"60QR001658",163,34,129
"60QR001659",138,36,102
"60QR001660",155,43,112
"60QR001661",126,27,99
"60QR001662",132,31,101
"60QR001663",166,48,118
"60QR001664",106,21,85
"60QR001665",100,23,77
"60QR001666",97,25,72
"60QR001667",115,24,91
"60QR001668",100,34,66
"60QR001669",85,19,66
"60QR001670",86,26,60
"60QR001671",123,36,87
"60QR001672",99,19,80
"60QR001673",97,24,73
"60QR001674",101,27,74
"60QR001675",80,35,45
"60QR001676",96,24,72
"60QR001677",91,28,63
"60QR001678",85,25,60
"60QR001679",96,27,69
"60QR001680",109,43,66
"60QR001681",113,30,83
"60QR001682",123,30,93
"60QR001683",121,23,98
"60QR001684",130,30,100
"60QR001685",124,36,88
"60QR001686",129,38,91
"60QR001687",127,36,91
"60QR001688",229,131,98
"60QR001689",137,30,107
"60QR001690",179,23,156
"60QR001691",80,12,68
"60QR001692",68,25,43
"60QR001693",110,25,85
"60QR001694",126,22,104
"60QR001695",95,21,74
"60QR001696",150,31,119
"60QR001697",182,37,145
"60QR001698",115,16,99
"60QR001699",108,24,84
"60QR001700",153,27,126
"60QR001701",104,16,88
"60QR001702",106,22,84
"60QR001703",108,23,85
"60QR001704",108,20,88
"60QR001705",76,27,49
"60QR001706",96,15,81
"60QR001707",135,23,112
"60QR001708",182,52,130
"60QR001709",136,23,113
"60QR001710",152,23,129
"60QR001711",116,29,87
"60QR001712",154,17,137
"60QR001713",179,33,146
"60QR001714",143,26,117
"60QR001715",186,48,138
"60QR001716",148,27,121
"60QR001717",93,11,82
"60QR001718",156,31,125
"60QR001719",134,35,99
"60QR001720",106,15,91
"60QR001721",114,24,90
"60QR001722",195,33,162
"60QR001723",167,28,139
"60QR001724",198,35,163
"60QR001725",163,23,140
"60QR001726",139,17,122
"60QR001727",127,32,95
"60QR001728",137,25,112
"60QR001729",88,30,58
"60QR001730",137,23,114
"60QR001731",126,19,107
"60QR001732",62,44,18
"60QR001733",106,25,81
"60QR001734",131,29,102
"60QR001735",96,17,79
"60QR001736",90,17,73
"60QR001737",104,18,86
"60QR001738",126,21,105
"60QR001739",118,25,93
"60QR001740",148,11,137
"60QR001741",164,37,127
"60QR001742",108,22,86
"60QR001743",150,28,122
"60QR001744",123,25,98
"60QR001745",99,12,87
"60QR001746",146,23,123
"60QR001747",106,25,81
"60QR001748",121,23,98
"60QR001749",173,49,124
"60QR001750",83,22,61
"60QR001751",120,29,91
"60QR001752",114,24,90
"60QR001753",139,31,108
"60QR001754",95,44,51
"60QR001755",104,24,80
"60QR001756",83,21,62
"60QR001757",152,41,111
"60QR001758",137,24,113
"60QR001759",146,29,117
"60QR001760",100,19,81
"60QR001761",86,24,62
"60QR001762",112,21,91
"60QR001763",132,18,114
"60QR001764",101,14,87
"60QR001765",92,12,80
"60QR001766",108,33,75
"60QR001767",125,21,104
"60QR001768",114,28,86
"60QR001769",79,24,55
"60QR001770",73,21,52
"60QR001771",82,14,68
"60QR001772",89,25,64
"60QR001773",69,19,50
"60QR001774",122,19,103
"60QR001775",165,27,138
"60QR001776",125,25,100
"60QR001777",119,32,87
"60QR001778",151,27,124
"60QR001779",138,33,105
"60QR001780",94,33,61
"60QR001781",101,30,71
"60QR001782",86,12,74
"60QR001783",65,34,31
"60QR001784",66,14,52
"60QR001785",90,14,76
"60QR001786",101,23,78
"60QR001787",104,18,86
"60QR001788",90,30,60
"60QR001789",129,42,87
"60QR001790",185,34,151
"60QR001791",156,30,126
"60QR001792",106,19,87
"60QR001793",138,29,109
"60QR001794",96,44,52
"60QR001795",100,33,67
"60QR001796",89,24,65
"60QR001797",133,49,84
"60QR001798",125,52,73
"60QR001799",87,40,47
"60QR001800",183,59,124
"60QR001801",74,11,63
"60QR001802",67,23,44
"60QR001803",105,33,72
"60QR001804",56,12,44
"60QR001805",86,21,65
"60QR001806",79,15,64
"60QR001807",90,18,72
"60QR001808",141,23,118
"60QR001809",77,15,62
"60QR001810",181,35,146
"60QR001811",220,38,182
"60QR001812",169,38,131
"60QR001813",72,13,59
"60QR001814",168,35,133
"60QR001815",125,31,94
"60QR001816",136,14,122
"60QR001817",155,19,136
"60QR001818",114,11,103
"60QR001819",137,32,105
"60QR001820",76,25,51
"60QR001821",134,25,109
"60QR001822",97,15,82
"60QR001823",174,26,148
"60QR001824",79,19,60
"60QR001825",129,21,108
"60QR001826",94,26,68
"60QR001827",110,18,92
"60QR001828",132,18,114
"60QR001829",109,17,92
"60QR001830",93,17,76
"60QR001831",67,11,56
"60QR001832",53,18,35
"60QR001833",130,19,111
"60QR001834",105,31,74
"60QR001835",102,26,76
"60QR001836",58,17,41
"60QR001837",122,22,100
"60QR001838",122,19,103
"60QR001839",90,28,62
"60QR001840",81,13,68
"60QR001841",83,14,69
"60QR001842",78,15,63
"60QR001843",93,19,74
"60QR001844",57,9,48
"60QR001845",96,9,87
"60QR001846",108,22,86
"60QR001847",91,17,74
"60QR001848",101,20,81
"60QR001849",88,18,70
"60QR001850",86,14,72
"60QR001851",105,29,76
"60QR001852",170,35,135
"60QR001853",163,29,134
"60QR001854",65,11,54
"60QR001855",115,33,82
"60QR001856",73,17,56
"60QR001857",90,13,77
"60QR001858",124,28,96
"60QR001859",137,32,105
"60QR001860",137,52,85
"60QR001861",92,17,75
"60QR001862",111,18,93
"60QR001863",134,33,101
"60QR001864",135,23,112
"60QR001865",96,21,75
"60QR001866",123,25,98
"60QR001867",170,21,149
"60QR001868",121,12,109
"60QR001869",70,14,56
"60QR001870",159,23,136
"60QR001871",115,24,91
"60QR001872",88,18,70
"60QR001873",91,14,77
"60QR001874",102,16,86
"60QR001875",60,8,52
"60QR001876",80,14,66
"60QR001877",125,39,86
"60QR001878",88,18,70
"60QR001879",67,21,46
"60QR001880",134,40,94
"60QR001881",141,20,121
"60QR001882",84,28,56
"60QR001883",61,9,52
"60QR001884",152,37,115
"60QR001885",94,10,84
"60QR001886",94,10,84
"60QR001887",147,25,122
"60QR001888",111,21,90
"60QR001889",128,23,105
"60QR001890",93,10,83
"60QR001891",66,8,58
"60QR001892",189,24,165
"60QR001893",145,28,117
"60QR001894",120,24,96
"60QR001895",129,12,117
"60QR001896",84,15,69
"60QR001897",51,6,45
"60QR001898",156,23,133
"60QR001899",128,33,95
"60QR001900",141,18,123
"60QR001901",169,28,141
"60QR001902",166,36,130
"60QR001903",126,18,108
"60QR001904",142,28,114
"60QR001905",79,13,66
"60QR001906",103,33,70
"60QR001907",103,18,85
"60QR001908",144,26,118
"60QR001909",106,32,74
"60QR001910",116,18,98
"60QR001911",135,28,107
"60QR001912",116,22,94
"60QR001913",79,11,68
"60QR001914",138,31,107
"60QR001915",98,19,79
"60QR001916",156,40,116
"60QR001917",75,15,60
"60QR001918",113,25,88
"60QR001919",99,17,82
"60QR001920",95,30,65
"60QR001921",103,28,75
"60QR001922",177,33,144
"60QR001923",112,27,85
"60QR001924",186,36,150
"60QR001925",102,14,88
"60QR001926",154,25,129
"60QR001927",136,12,124
"60QR001928",156,17,139
"60QR001929",146,31,115
"60QR001930",136,21,115
"60QR001931",119,30,89
"60QR001932",122,22,100
"60QR001933",121,20,101
"60QR001934",148,30,118
"60QR001935",131,30,101
"60QR001936",93,12,81
"60QR001937",175,28,147
"60QR001938",98,28,70
"60QR001939",124,49,75
"60QR001940",130,36,94
"60QR001941",142,37,105
"60QR001942",195,35,160
"60QR001943",158,12,146
"60QR001944",142,30,112
"60QR001945",134,22,112
"60QR001946",172,27,145
"60QR001947",158,20,138
"60QR001948",110,40,70
"60QR001949",169,27,142
"60QR001950",62,17,45
"60QR001951",106,27,79
"60QR001952",81,28,53
"60QR001953",108,22,86
"60QR001954",205,31,174
"60QR001955",62,26,36
"60QR001956",82,14,68
"60QR001957",130,39,91
"60QR001958",94,27,67
"60QR001959",72,32,40
"60QR001960",125,14,111
"60QR001961",58,14,44
"60QR001962",58,6,52
"60QR001963",156,57,99
"60QR001964",136,26,110
"60QR001965",73,23,50
"60QR001966",134,19,115
"60QR001967",73,41,32
"60QR001968",151,9,142
"60QR001969",78,21,57
"60QR001970",151,44,107
"60QR001971",135,26,109
"60QR001972",112,31,81
"60QR001973",184,28,156
"60QR001974",129,33,96
"60QR001975",150,32,118
"60QR001976",162,17,145
"60QR001977",70,14,56
"60QR001978",126,19,107
"60QR001979",136,15,121
"60QR001980",105,16,89
"60QR001981",103,28,75
"60QR001982",110,14,96
"60QR001983",121,8,113
"60QR001984",103,30,73
"60QR001985",133,21,112
"60QR001986",132,17,115
"60QR001987",119,20,99
"60QR001988",119,7,112
"60QR001989",194,19,175
"60QR001990",99,16,83
"60QR001991",135,21,114
"60QR001992",138,20,118
"60QR001993",137,40,97
"60QR001994",144,28,116
"60QR001995",155,32,123
"60QR001996",137,32,105
"60QR001997",92,18,74
"60QR001998",129,14,115
"60QR001999",170,19,151
"60QR002000",177,28,149
"60QR002001",113,12,101
"60QR002002",116,13,103
"60QR002003",97,11,86
"60QR002004",138,16,122
"60QR002005",109,17,92
"60QR002006",166,22,144
"60QR002007",103,18,85
"60QR002008",92,17,75
"60QR002009",98,15,83
"60QR002010",86,19,67
"60QR002011",66,13,53
"60QR002012",113,16,97
"60QR002013",126,29,97
"60QR002014",120,11,109
"60QR002015",97,26,71
"60QR002016",138,14,124
"60QR002017",112,16,96
"60QR002018",102,10,92
"60QR002019",131,17,114
"60QR002020",110,11,99
"60QR002021",86,10,76
"60QR002022",178,37,141
"60QR002023",155,34,121
"60QR002024",131,35,96
"60QR002025",98,20,78
"60QR002026",120,29,91
"60QR002027",84,16,68
"60QR002028",84,22,62
"60QR002029",93,18,75
"60QR002030",75,17,58
"60QR002031",52,12,40
"60QR002032",102,32,70
"60QR002033",91,28,63
"60QR002034",119,32,87
"60QR002035",75,16,59
"60QR002036",100,23,77
"60QR002037",116,27,89
"60QR002038",177,28,149
"60QR002039",113,21,92
"60QR002040",121,19,102
"60QR002041",107,14,93
"60QR002042",142,27,115
"60QR002043",125,30,95
"60QR002044",137,26,111
"60QR002045",102,27,75
"60QR002046",130,21,109
"60QR002047",106,26,80
"60QR002048",151,26,125
"60QR002049",122,33,89
"60QR002050",115,24,91
"60QR002051",99,15,84
"60QR002052",55,14,41
"60QR002053",116,17,99
"60QR002054",112,36,76
"60QR002055",112,18,94
"60QR002056",192,50,142
"60QR002057",77,9,68
"60QR002058",89,13,76
"60QR002059",160,25,135
"60QR002060",114,17,97
"60QR002061",106,46,60
"60QR002062",118,9,109
"60QR002063",137,12,125
"60QR002064",344,38,306
"60QR002065",164,13,151
"60QR002066",189,17,172
"60QR002067",129,32,97
"60QR002068",134,20,114
"60QR002069",163,22,141
"60QR002070",500,20,480
"60QR002071",161,14,147
"60QR002072",145,27,118
"60QR002073",80,35,45
"60QR002074",118,12,106
"60QR002075",81,18,63
"60QR002076",287,22,265
"60QR002077",98,18,80
"60QR002078",308,20,288
"60QR002079",66,16,50
"60QR002080",73,17,56
"60QR002081",162,22,140
"60QR002082",57,16,41
"60QR002083",264,34,230
"60QR002084",108,15,93
"60QR002085",102,27,75
"60QR002086",384,34,350
"60QR002087",114,26,88
"60QR002088",184,27,157
"60QR002089",123,20,103
"60QR002090",117,13,104
"60QR002091",139,12,127
"60QR002092",134,15,119
"60QR002093",114,21,93
"60QR002094",136,19,117
"60QR002095",91,15,76
"60QR002096",148,32,116
"60QR002097",123,28,95
"60QR002098",148,30,118
"60QR002099",176,35,141
"60QR002100",173,40,133
"60QR002101",138,25,113
"60QR002102",80,11,69
"60QR002103",106,15,91
"60QR002104",110,17,93
"60QR002105",102,12,90
"60QR002106",137,26,111
"60QR002107",111,4,107
"60QR002108",118,4,114
"60QR002109",84,1,83
"60QR002110",88,26,62
"60QR002111",134,16,118
"60QR002112",133,32,101
"60QR002113",140,36,104
"60QR002114",155,8,147
"60QR002115",190,6,184
"60QR002116",435,45,390
"60QR002117",128,2,126
"60QR002118",54,2,52
"60QR002119",100,25,75
"60QR002120",160,30,130
"60QR002121",153,5,148
"60QR002122",152,7,145
"60QR002123",160,25,135
"60QR002124",125,19,106
"60QR002125",89,17,72
"60QR002126",148,11,137
"60QR002127",124,18,106
"60QR002128",120,23,97
"60QR002129",166,19,147
"60QR002130",161,27,134
"60QR002131",190,38,152
"60QR002132",96,12,84
"60QR002133",120,14,106
"60QR002134",154,27,127
"60QR002135",129,11,118
"60QR002136",148,15,133
"60QR002137",115,22,93
"60QR002138",173,18,155
"60QR002139",166,30,136
"60QR002140",87,20,67
"60QR002141",114,12,102
"60QR002142",110,13,97
"60QR002143",100,23,77
"60QR002144",93,12,81
"60QR002145",107,17,90
"60QR002146",110,13,97
"60QR002147",113,25,88
"60QR002148",114,12,102
"60QR002149",112,7,105
"60QR002150",152,29,123
"60QR002151",82,16,66
"60QR002152",126,19,107
"60QR002153",91,8,83
"60QR002154",94,27,67
"60QR002155",139,32,107
"60QR002156",87,16,71
"60QR002157",144,34,110
"60QR002158",93,16,77
"60QR002159",95,18,77
"60QR002160",89,23,66
"60QR002161",64,33,31
"60QR002162",133,21,112
"60QR002163",168,21,147
"60QR002164",83,17,66
"60QR002165",95,24,71
"60QR002166",139,19,120
"60QR002167",130,29,101
"60QR002168",118,25,93
"60QR002169",119,26,93
"60QR002170",94,25,69
"60QR002171",97,22,75
"60QR002172",104,17,87
"60QR002173",129,27,102
"60QR002174",100,19,81
"60QR002175",77,21,56
"60QR002176",186,26,160
"60QR002177",176,50,126
"60QR002178",62,15,47
"60QR002179",97,17,80
"60QR002180",91,14,77
"60QR002181",109,26,83
"60QR002182",99,30,69
"60QR002183",103,18,85
"60QR002184",107,11,96
"60QR002185",69,13,56
"60QR002186",91,26,65
"60QR002187",94,1,93
"60QR002188",124,18,106
"60QR002189",122,26,96
"60QR002190",95,20,75
"60QR002191",75,24,51
"60QR002192",50,18,32
"60QR002193",65,7,58
"60QR002194",82,15,67
"60QR002195",113,26,87
"60QR002196",103,26,77
"60QR002197",67,10,57
"60QR002198",92,16,76
"60QR002199",144,45,99
"60QR002200",107,14,93
"60QR002201",86,8,78
"60QR002202",64,7,57
"60QR002203",112,12,100
"60QR002204",82,24,58
"60QR002205",63,30,33
"60QR002206",73,18,55
"60QR002207",89,20,69
"60QR002208",116,28,88
"60QR002209",110,28,82
"60QR002210",94,33,61
"60QR002211",59,14,45
"60QR002212",143,22,121
"60QR002213",57,14,43
"60QR002214",107,19,88
"60QR002215",75,49,26
"60QR002216",56,10,46
"60QR002217",120,23,97
"60QR002218",110,21,89
"60QR002219",148,28,120
"60QR002220",89,20,69
"60QR002221",96,61,35
"60QR002222",50,18,32
"60QR002223",139,35,104
"60QR002224",111,38,73
"60QR002225",78,26,52
"60QR002226",174,50,124
"60QR002227",63,13,50
"60QR002228",122,16,106
"60QR002229",163,24,139
"60QR002230",81,23,58
"60QR002231",104,18,86
"60QR002232",94,23,71
"60QR002233",110,42,68
"60QR002234",106,47,59
"60QR002235",142,28,114
"60QR002236",177,33,144
"60QR002237",117,17,100
"60QR002238",150,18,132
"60QR002239",91,16,75
"60QR002240",148,23,125
"60QR002241",127,3,124
"60QR002242",141,27,114
"60QR002243",79,8,71
"60QR002244",113,20,93
"60QR002245",98,21,77
"60QR002246",50,15,35
"60QR002247",84,20,64
"60QR002248",53,15,38
"60QR002249",158,48,110
"60QR002250",111,28,83
"60QR002251",60,11,49
"60QR002252",88,25,63
"60QR002253",96,14,82
"60QR002254",71,12,59
"60QR002255",154,35,119
"60QR002256",98,36,62
"60QR002257",92,27,65
"60QR002258",86,25,61
"60QR002259",68,10,58
"60QR002260",56,22,34
"60QR002261",76,5,71
"60QR002262",71,5,66
"60QR002263",85,36,49
"60QR002264",103,25,78
"60QR002265",66,30,36
"60QR002266",66,10,56
"60QR002267",160,21,139
"60QR002268",96,37,59
"60QR002269",69,32,37
"60QR002270",92,20,72
"60QR002271",115,36,79
"60QR002272",84,19,65
"60QR002273",61,14,47
"60QR002274",71,17,54
"60QR002275",140,57,83
"60QR002276",73,21,52
"60QR002277",70,35,35
"60QR002278",118,19,99
"60QR002279",118,20,98
"60QR002280",117,24,93
"60QR002281",69,11,58
"60QR002282",132,19,113
"60QR002283",81,11,70
"60QR002284",100,66,34
"60QR002285",75,8,67
"60QR002286",73,15,58
"60QR002287",113,32,81
"60QR002288",77,14,63
"60QR002289",90,11,79
"60QR002290",179,24,155
"60QR002291",81,4,77
"60QR002292",184,12,172
"60QR002293",79,13,66
"60QR002294",118,39,79
"60QR002295",185,11,174
"60QR002296",79,9,70
"60QR002297",54,10,44
"60QR002298",103,19,84
"60QR002299",72,10,62
"60QR002300",172,24,148
"60QR002301",111,9,102
"60QR002302",94,4,90
"60QR002303",117,17,100
"60QR002304",117,34,83
"60QR002305",102,27,75
"60QR002306",103,23,80
"60QR002307",81,12,69
"60QR002308",94,19,75
"60QR002309",140,20,120
"60QR002310",87,14,73
"60QR002311",55,5,50
"60QR002312",93,23,70
"60QR002313",129,35,94
"60QR002314",53,32,21
"60QR002315",145,22,123
"60QR002316",154,36,118
"60QR002317",63,12,51
"60QR002318",57,15,42
"60QR002319",56,18,38
"60QR002320",86,20,66
"60QR002321",119,23,96
"60QR002322",57,12,45
"60QR002323",123,32,91
"60QR002324",99,21,78
"60QR002325",103,15,88
"60QR002326",79,14,65
"60QR002327",143,8,135
"60QR002328",56,8,48
"60QR002329",92,17,75
"60QR002330",167,32,135
"60QR002331",108,23,85
"60QR002332",76,15,61
"60QR002333",71,16,55
"60QR002334",189,30,159
"60QR002335",64,12,52
"60QR002336",73,15,58
"60QR002337",89,21,68
"60QR002338",87,23,64
"60QR002339",125,27,98
"60QR002340",138,15,123
"60QR002341",66,5,61
"60QR002342",125,28,97
"60QR002343",85,13,72
"60QR002344",144,26,118
"60QR002345",104,26,78
"60QR002346",101,20,81
"60QR002347",81,19,62
"60QR002348",82,27,55
"60QR002349",100,14,86
"60QR002350",129,16,113
"60QR002351",197,26,171
"60QR002352",562,37,525
"60QR002353",88,9,79
"60QR002354",67,20,47
"60QR002355",51,4,47
"60QR002356",92,15,77
"60QR002357",183,5,178
"60QR002358",65,19,46
"60QR002359",171,14,157
"60QR002360",129,15,114
"60QR002361",60,40,20
"60QR002362",105,58,47
"60QR002363",110,6,104
"60QR002364",64,6,58
"60QR002365",53,7,46
"60QR002366",83,12,71
"60QR002367",57,14,43
"60QR002368",73,9,64
"60QR002369",128,28,100
"60QR002370",180,43,137
"60QR002371",91,29,62
"60QR002372",71,7,64
"60QR002373",59,9,50
"60QR002374",57,18,39
"60QR002375",87,18,69
"60QR002376",100,17,83
"60QR002377",53,12,41
"60QR002378",125,20,105
"60QR002379",52,16,36
"60QR002380",343,222,121
"60QR002381",190,25,165
"60QR002382",111,17,94
"60QR002383",154,39,115
"60QR002384",121,26,95
"60QR002385",144,14,130
"60QR002386",163,11,152
"60QR002387",100,13,87
"60QR002388",91,21,70
"60QR002389",152,22,130
"60QR002390",87,12,75
"60QR002391",154,107,47
"60QR002392",102,6,96
"60QR002393",57,9,48
"60QR002394",165,33,132
"60QR002395",100,22,78
"60QR002396",99,15,84
"60QR002397",111,36,75
"60QR002398",91,25,66
"60QR002399",164,12,152
"60QR002400",122,18,104
"60QR002401",71,14,57
"60QR002402",53,10,43
"60QR002403",170,14,156
"60QR002404",95,5,90
"60QR002405",102,16,86
"60QR002406",89,0,89
"60QR002407",55,8,47
"60QR002408",55,6,49
"60QR002409",175,46,129
"60QR002410",79,3,76
"60QR002411",61,7,54
"60QR002412",111,16,95
"60QR002413",131,10,121
"60QR002414",51,5,46
"60QR002415",84,27,57
"60QR002416",76,28,48
"60QR002417",139,18,121
"60QR002418",162,16,146
"60QR002419",108,23,85
"60QR002420",140,48,92
"60QR002421",71,4,67
"60QR002422",97,9,88
"60QR002423",59,10,49
"60QR002424",120,19,101
"60QR002425",171,45,126
"60QR002426",98,21,77
"60QR002427",61,12,49
"60QR002428",91,12,79
"60QR002429",123,15,108
"60QR002430",108,11,97
"60QR002431",88,11,77
"60QR002432",139,16,123
"60QR002433",116,24,92
"60QR002434",117,19,98
"60QR002435",80,14,66
"60QR002436",93,8,85
"60QR002437",164,21,143
"60QR002438",83,15,68
"60QR002439",119,24,95
"60QR002440",145,10,135
"60QR002441",78,9,69
"60QR002442",135,16,119
"60QR002443",55,5,50
"60QR002444",101,16,85
"60QR002445",87,22,65
"60QR002446",126,23,103
"60QR002447",83,13,70
"60QR002448",134,28,106
"60QR002449",72,16,56
"60QR002450",54,13,41
"60QR002451",119,28,91
"60QR002452",107,17,90
"60QR002453",72,11,61
"60QR002454",87,15,72
"60QR002455",87,18,69
"60QR002456",116,15,101
"60QR002457",53,24,29
"60QR002458",63,18,45
"60QR002459",123,10,113
"60QR002460",126,22,104
"60QR002461",62,25,37
"60QR002462",81,33,48
"60QR002463",79,24,55
"60QR002464",54,34,20
"60QR002465",61,31,30
"60QR002466",54,28,26
"60QR002467",52,28,24
"60QR002468",74,18,56
"60QR002469",153,21,132
"60QR002470",66,10,56
"60QR002471",74,7,67
"60QR002472",59,18,41
"60QR002473",149,28,121
"60QR002474",91,19,72
"60QR002475",128,38,90
"60QR002476",72,6,66
"60QR002477",146,16,130
"60QR002478",93,16,77
"60QR002479",92,23,69
"60QR002480",137,28,109
"60QR002481",90,11,79
"60QR002482",136,17,119
"60QR002483",52,13,39
"60QR002484",98,31,67
"60QR002485",96,19,77
"60QR002486",147,35,112
"60QR002487",81,19,62
"60QR002488",76,21,55
"60QR002489",131,29,102
"60QR002490",71,21,50
"60QR002491",144,41,103
"60QR002492",59,22,37
"60QR002493",100,32,68
"60QR002494",84,25,59
"60QR002495",170,40,130
"60QR002496",66,12,54
"60QR002497",141,36,105
"60QR002498",94,18,76
"60QR002499",85,17,68
"60QR002500",110,21,89
"60QR002501",95,5,90
"60QR002502",71,15,56
"60QR002503",110,24,86
"60QR002504",88,18,70
"60QR002505",128,18,110
"60QR002506",51,19,32
"60QR002507",168,17,151
"60QR002508",132,23,109
"60QR002509",79,22,57
"60QR002510",84,19,65
"60QR002511",112,16,96
"60QR002512",66,19,47
"60QR002513",108,21,87
"60QR002514",84,10,74
"60QR002515",248,18,230
"60QR002516",114,12,102
"60QR002517",162,8,154
"60QR002518",128,4,124
"60QR002519",126,3,123
"60QR002520",164,11,153
"60QR002521",233,14,219
"60QR002522",206,19,187
"60QR002523",76,3,73
"60QR002524",148,23,125
"60QR002525",146,21,125
"60QR002526",130,23,107
"60QR002527",123,18,105
"60QR002528",95,10,85
"60QR002529",125,19,106
"60QR002530",115,16,99
"60QR002531",93,21,72
"60QR002532",106,23,83
"60QR002533",232,39,193
"60QR002534",137,30,107
"60QR002535",76,26,50
"60QR002536",118,12,106
"60QR002537",102,25,77
"60QR002538",206,24,182
"60QR002539",72,9,63
"60QR002540",161,25,136
"60QR002541",109,16,93
"60QR002542",74,15,59
"60QR002543",129,17,112
"60QR002544",114,13,101
"60QR002545",99,12,87
"60QR002546",544,32,512
"60QR002547",168,6,162
"60QR002548",243,8,235
"60QR002549",105,10,95
"60QR002550",104,19,85
"60QR002551",144,15,129
"60QR002552",155,17,138
"60QR002553",217,6,211
"60QR002554",198,20,178
"60QR002555",93,9,84
"60QR002556",263,21,242
"60QR002557",76,14,62
"60QR002558",237,12,225
"60QR002559",187,14,173
"60QR002560",74,8,66
"60QR002561",99,15,84
"60QR002562",110,18,92
"60QR002563",103,12,91
"60QR002564",59,9,50
"60QR002565",171,22,149
"60QR002566",150,6,144
"60QR002567",153,12,141
"60QR002568",191,18,173
"60QR002569",123,19,104
"60QR002570",172,59,113
"60QR002571",91,16,75
"60QR002572",95,25,70
"60QR002573",143,22,121
"60QR002574",54,14,40
"60QR002575",157,16,141
"60QR002576",89,9,80
"60QR002577",87,42,45
"60QR002578",52,16,36
"60QR002579",110,14,96
"60QR002580",100,19,81
"60QR002581",118,7,111
"60QR002582",97,17,80
"60QR002583",232,65,167
"60QR002584",162,25,137
"60QR002585",124,37,87
"60QR002586",73,33,40
"60QR002587",65,10,55
"60QR002588",88,52,36
"60QR002589",124,12,112
"60QR002590",71,13,58
"60QR002591",133,22,111
"60QR002592",92,14,78
"60QR002593",155,23,132
"60QR002594",107,20,87
"60QR002595",113,28,85
"60QR002596",72,16,56
"60QR002597",156,58,98
"60QR002598",156,51,105
"60QR002599",92,8,84
"60QR002600",148,11,137
"60QR002601",137,14,123
"60QR002602",89,9,80
"60QR002603",130,9,121
"60QR002604",59,8,51
"60QR002605",80,8,72
"60QR002606",152,15,137
"60QR002607",185,30,155
"60QR002608",150,14,136
"60QR002609",101,4,97
"60QR002610",78,9,69
"60QR002611",75,5,70
"60QR002612",135,11,124
"60QR002613",98,4,94
"60QR002614",132,39,93
"60QR002615",60,5,55
"60QR002616",78,20,58
"60QR002617",83,15,68
"60QR002618",113,17,96
"60QR002619",108,44,64
"60QR002620",61,3,58
"60QR002621",204,36,168
"60QR002622",122,12,110
"60QR002623",97,17,80
"60QR002624",98,11,87
"60QR002625",110,68,42
"60QR002626",134,43,91
"60QR002627",56,14,42
"60QR002628",69,15,54
"60QR002629",119,13,106
"60QR002630",192,78,114
"60QR002631",179,56,123
"60QR002632",149,11,138
"60QR002633",138,18,120
"60QR002634",178,14,164
"60QR002635",125,5,120
"60QR002636",84,24,60
"60QR002637",107,10,97
"60QR002638",139,65,74
"60QR002639",100,14,86
"60QR002640",71,16,55
"60QR002641",137,23,114
"60QR002642",125,13,112
"60QR002643",61,15,46
"60QR002644",167,33,134
"60QR002645",161,27,134
"60QR002646",129,26,103
"60QR002647",117,12,105
"60QR002648",122,4,118
"60QR002649",130,5,125
"60QR002650",181,14,167
"60QR002651",156,25,131
"60QR002652",123,14,109
"60QR002653",114,27,87
"60QR002654",89,7,82
"60QR002655",60,28,32
"60QR002656",68,24,44
"60QR002657",144,26,118
"60QR002658",100,16,84
"60QR002659",101,15,86
"60QR002660",138,26,112
"60QR002661",175,35,140
"60QR002662",89,14,75
"60QR002663",168,41,127
"60QR002664",67,23,44
"60QR002665",112,24,88
"60QR002666",80,23,57
"60QR002667",59,18,41
"60QR002668",157,50,107
"60QR002669",98,28,70
"60QR002670",75,17,58
"60QR002671",157,85,72
"60QR002672",147,15,132
"60QR002673",167,9,158
"60QR002674",181,41,140
"60QR002675",88,11,77
"60QR002676",150,57,93
"60QR002677",95,21,74
"60QR002678",149,21,128
"60QR002679",203,15,188
"60QR002680",76,7,69
"60QR002681",125,47,78
"60QR002682",75,16,59
"60QR002683",130,18,112
"60QR002684",129,43,86
"60QR002685",59,6,53
"60QR002686",148,24,124
"60QR002687",184,13,171
"60QR002688",128,14,114
"60QR002689",119,16,103
"60QR002690",104,17,87
"60QR002691",73,22,51
"60QR002692",68,14,54
"60QR002693",112,67,45
"60QR002694",140,100,40
"60QR002695",74,20,54
"60QR002696",60,19,41
"60QR002697",111,18,93
"60QR002698",166,32,134
"60QR002699",85,23,62
"60QR002700",68,14,54
"60QR002701",153,30,123
"60QR002702",179,53,126
"60QR002703",131,65,66
"60QR002704",144,46,98
"60QR002705",87,28,59
"60QR002706",116,34,82
"60QR002707",202,53,149
"60QR002708",157,6,151
"60QR002709",129,4,125
"60QR002710",102,9,93
"60QR002711",277,27,250
"60QR002712",131,14,117
"60QR002713",203,22,181
"60QR002714",249,15,234
"60QR002715",70,12,58
"60QR002716",91,10,81
"60QR002717",185,39,146
"60QR002718",68,17,51
"60QR002719",250,35,215
"60QR002720",95,2,93
"60QR002721",57,19,38
"60QR002722",133,28,105
"60QR002723",128,43,85
"60QR002724",95,13,82
"60QR002725",122,32,90
"60QR002726",134,65,69
"60QR002727",155,39,116
"60QR002728",67,22,45
"60QR002729",110,19,91
"60QR002730",97,36,61
"60QR002731",104,30,74
"60QR002732",159,54,105
"60QR002733",109,26,83
"60QR002734",130,26,104
"60QR002735",119,18,101
"60QR002736",140,38,102
"60QR002737",149,15,134
"60QR002738",168,45,123
"60QR002739",102,20,82
"60QR002740",110,11,99
"60QR002741",113,22,91
"60QR002742",70,16,54
"60QR002743",73,14,59
"60QR002744",161,32,129
"60QR002745",123,17,106
"60QR002746",88,20,68
"60QR002747",141,36,105
"60QR002748",90,22,68
"60QR002749",183,63,120
"60QR002750",88,27,61
"60QR002751",100,23,77
"60QR002752",162,36,126
"60QR002753",104,19,85
"60QR002754",151,51,100
"60QR002755",166,64,102
"60QR002756",69,19,50
"60QR002757",73,25,48
"60QR002758",165,30,135
"60QR002759",122,27,95
"60QR002760",92,30,62
"60QR002761",102,21,81
"60QR002762",130,31,99
"60QR002763",84,4,80
"60QR002764",144,36,108
"60QR002765",82,19,63
"60QR002766",112,11,101
"60QR002767",118,32,86
"60QR002768",191,33,158
"60QR002769",178,18,160
"60QR002770",66,12,54
"60QR002771",173,27,146
"60QR002772",84,10,74
"60QR002773",131,6,125
"60QR002774",247,13,234
"60QR002775",130,10,120
"60QR002776",178,12,166
"60QR002777",121,16,105
"60QR002778",94,8,86
"60QR002779",74,10,64
"60QR002780",176,18,158
"60QR002781",131,35,96
"60QR002782",143,17,126
"60QR002783",158,86,72
"60QR002784",80,20,60
"60QR002785",170,40,130
"60QR002786",149,35,114
"60QR002787",133,9,124
"60QR002788",145,14,131
"60QR002789",143,10,133
"60QR002790",63,14,49
"60QR002791",120,22,98
"60QR002792",105,29,76
"60QR002793",109,12,97
"60QR002794",63,20,43
"60QR002795",111,21,90
"60QR002796",120,10,110
"60QR002797",116,27,89
"60QR002798",94,16,78
"60QR002799",99,19,80
"60QR002800",171,26,145
"60QR002801",92,17,75
"60QR002802",145,37,108
"60QR002803",81,30,51
"60QR002804",120,26,94
"60QR002805",198,30,168
"60QR002806",107,8,99
"60QR002807",114,13,101
"60QR002808",124,26,98
"60QR002809",186,36,150
"60QR002810",114,18,96
"60QR002811",115,15,100
"60QR002812",210,37,173
"60QR002813",77,22,55
"60QR002814",178,34,144
"60QR002815",98,13,85
"60QR002816",83,29,54
"60QR002817",157,53,104
"60QR002818",97,14,83
"60QR002819",166,26,140
"60QR002820",130,23,107
"60QR002821",77,15,62
"60QR002822",140,16,124
"60QR002823",84,9,75
"60QR002824",122,31,91
"60QR002825",93,25,68
"60QR002826",112,21,91
"60QR002827",146,27,119
"60QR002828",139,33,106
"60QR002829",110,14,96
"60QR002830",81,13,68
"60QR002831",110,14,96
"60QR002832",113,21,92
"60QR002833",208,26,182
"60QR002834",92,8,84
"60QR002835",108,27,81
"60QR002836",110,17,93
"60QR002837",79,16,63
"60QR002838",108,26,82
"60QR002839",64,17,47
"60QR002840",145,23,122
"60QR002841",65,14,51
"60QR002842",65,9,56
"60QR002843",178,33,145
"60QR002844",112,7,105
"60QR002845",151,26,125
"60QR002846",120,15,105
"60QR002847",87,8,79
"60QR002848",58,26,32
"60QR002849",63,11,52
"60QR002850",138,21,117
"60QR002851",230,70,160
"60QR002852",104,8,96
"60QR002853",89,9,80
"60QR002854",86,13,73
"60QR002855",101,15,86
"60QR002856",114,13,101
"60QR002857",76,11,65
"60QR002858",114,28,86
"60QR002859",110,2,108
"60QR002860",87,14,73
"60QR002861",130,29,101
"60QR002862",66,12,54
"60QR002863",161,87,74
"60QR002864",87,13,74
"60QR002865",106,20,86
"60QR002866",99,9,90
"60QR002867",93,8,85
"60QR002868",92,21,71
"60QR002869",143,17,126
"60QR002870",54,4,50
"60QR002871",113,6,107
"60QR002872",161,9,152
"60QR002873",110,11,99
"60QR002874",97,4,93
"60QR002875",104,23,81
"60QR002876",95,12,83
"60QR002877",77,14,63
"60QR002878",83,17,66
"60QR002879",172,20,152
"60QR002880",181,30,151
"60QR002881",100,14,86
"60QR002882",111,10,101
"60QR002883",65,10,55
"60QR002884",68,17,51
"60QR002885",90,14,76
"60QR002886",136,36,100
"60QR002887",142,30,112
"60QR002888",51,7,44
"60QR002889",122,22,100
"60QR002890",74,18,56
"60QR002891",96,18,78
"60QR002892",114,25,89
"60QR002893",81,19,62
"60QR002894",126,14,112
"60QR002895",187,23,164
"60QR002896",124,36,88
"60QR002897",93,12,81
"60QR002898",84,19,65
"60QR002899",133,18,115
"60QR002900",82,6,76
"60QR002901",141,35,106
"60QR002902",173,37,136
"60QR002903",136,33,103
"60QR002904",173,38,135
"60QR002905",111,27,84
"60QR002906",85,16,69
"60QR002907",142,39,103
"60QR002908",106,11,95
"60QR002909",150,8,142
"60QR002910",83,4,79
"60QR002911",215,10,205
"60QR002912",159,10,149
"60QR002913",72,1,71
"60QR002914",165,9,156
"60QR002915",123,3,120
"60QR002916",130,8,122
"60QR002917",179,10,169
"60QR002918",176,13,163
"60QR002919",148,4,144
"60QR002920",160,10,150
"60QR002921",103,4,99
"60QR002922",104,6,98
"60QR002923",96,9,87
"60QR002924",124,19,105
"60QS000001",109,36,73
"60QS000002",53,17,36
"60QS000003",130,27,103
"60QS000004",93,30,63
"60QS000005",70,7,63
"60QS000006",121,2,119
"60QS000007",74,4,70
"60QS000008",88,3,85
"60QS000009",119,6,113
"60QS000010",76,3,73
"60QS000011",101,47,54
"60QS000012",94,31,63
"60QS000013",104,41,63
"60QS000014",90,5,85
"60QS000015",171,54,117
"60QS000016",257,14,243
"60QS000017",64,27,37
"60QS000018",80,6,74
"60QS000019",89,8,81
"60QS000020",128,16,112
"60QS000021",137,44,93
"60QS000022",103,27,76
"60QS000023",79,12,67
"60QS000024",175,29,146
"60QS000025",96,16,80
"60QS000026",98,24,74
"60QS000027",112,6,106
"60QS000028",72,10,62
"60QS000029",116,9,107
"60QS000030",58,42,16
"60QS000031",131,30,101
"60QS000032",153,14,139
"60QS000033",213,45,168
"60QS000034",86,20,66
"60QS000035",102,8,94
"60QS000036",150,18,132
"60QS000037",160,33,127
"60QS000038",86,32,54
"60QS000039",152,35,117
"60QS000040",124,10,114
"60QS000041",126,11,115
"60QS000042",119,15,104
"60QS000043",106,14,92
"60QS000044",105,11,94
"60QS000045",153,16,137
"60QS000046",127,26,101
"60QS000047",147,12,135
"60QS000048",173,26,147
"60QS000049",87,18,69
"60QS000050",113,6,107
"60QS000051",83,29,54
"60QS000052",117,29,88
"60QS000053",102,20,82
"60QS000054",90,9,81
"60QS000055",66,13,53
"60QS000056",70,19,51
"60QS000057",109,12,97
"60QS000058",81,2,79
"60QS000059",76,23,53
"60QS000060",83,9,74
"60QS000061",107,15,92
"60QS000062",98,22,76
"60QS000063",122,23,99
"60QS000064",100,20,80
"60QS000065",76,20,56
"60QS000066",101,22,79
"60QS000067",51,14,37
"60QS000068",69,16,53
"60QS000069",71,23,48
"60QS000070",165,35,130
"60QS000071",144,6,138
"60QS000072",60,5,55
"60QS000073",315,32,283
"60QS000074",125,13,112
"60QS000075",117,19,98
"60QS000076",97,13,84
"60QS000077",106,31,75
"60QS000078",118,39,79
"60QS000079",81,35,46
"60QS000080",148,49,99
"60QS000081",123,28,95
"60QS000082",66,6,60
"60QS000083",98,5,93
"60QS000084",107,30,77
"60QS000085",157,39,118
"60QS000086",141,71,70
"60QS000087",261,123,138
"60QS000088",57,44,13
"60QS000089",152,56,96
"60QS000090",142,55,87
"60QS000091",154,12,142
"60QS000092",62,3,59
"60QS000093",87,21,66
"60QS000094",69,13,56
"60QS000095",149,27,122
"60QS000096",109,13,96
"60QS000097",132,18,114
"60QS000098",99,5,94
"60QS000099",89,5,84
"60QS000100",135,21,114
"60QS000101",102,6,96
"60QS000102",113,14,99
"60QS000103",178,19,159
"60QS000104",200,23,177
"60QS000105",86,12,74
"60QS000106",136,11,125
"60QS000107",130,16,114
"60QS000108",131,10,121
"60QS000109",145,12,133
"60QS000110",145,11,134
"60QS000111",112,11,101
"60QS000112",138,6,132
"60QS000113",116,34,82
"60QS000114",101,28,73
"60QS000115",104,63,41
"60QS000116",85,6,79
"60QS000117",133,41,92
"60QS000118",86,30,56
"60QS000119",74,25,49
"60QS000120",109,67,42
"60QS000121",84,3,81
"60QS000122",75,3,72
"60QS000123",104,52,52
"60QS000124",52,33,19
"60QS000125",79,47,32
"60QS000126",77,36,41
"60QS000127",63,33,30
"60QS000128",113,66,47
"60QS000129",74,36,38
"60QS000130",123,39,84
"60QS000131",195,49,146
"60QS000132",659,62,597
"60QS000133",143,39,104
"60QS000134",99,30,69
"60QS000135",117,45,72
"60QS000136",80,41,39
"60QS000137",89,41,48
"60QS000138",72,36,36
"60QS000139",132,106,26
"60QS000140",62,38,24
"60QS000141",82,59,23
"60QS000142",94,66,28
"60QS000143",129,82,47
"60QS000144",112,52,60
"60QS000145",113,63,50
"60QS000146",123,47,76
"60QS000147",88,31,57
"60QS000148",61,26,35
"60QS000149",69,31,38
"60QS000150",88,23,65
"60QS000151",94,36,58
"60QS000152",101,39,62
"60QS000153",137,57,80
"60QS000154",70,31,39
"60QS000155",76,37,39
"60QS000156",75,41,34
"60QS000157",82,35,47
"60QS000158",127,59,68
"60QS000159",119,52,67
"60QS000160",60,23,37
"60QS000161",152,57,95
"60QS000162",155,56,99
"60QS000163",115,37,78
"60QS000164",117,42,75
"60QS000165",96,46,50
"60QS000166",110,47,63
"60QS000167",101,42,59
"60QS000168",127,53,74
"60QS000169",84,36,48
"60QS000170",61,12,49
"60QS000171",106,34,72
"60QS000172",162,8,154
"60QS000173",111,13,98
"60QS000174",65,5,60
"60QS000175",58,7,51
"60QS000176",68,5,63
"60QS000177",134,14,120
"60QS000178",134,29,105
"60QS000179",128,27,101
"60QS000180",56,15,41
"60QS000181",100,22,78
"60QS000182",60,21,39
"60QS000183",129,24,105
"60QS000184",101,17,84
"60QS000185",64,16,48
"60QS000186",90,20,70
"60QS000187",99,25,74
"60QS000188",128,43,85
"60QS000189",120,28,92
"60QS000190",77,12,65
"60QS000191",94,8,86
"60QS000192",84,5,79
"60QS000193",56,2,54
"60QS000194",117,6,111
"60QS000195",76,5,71
"60QS000196",72,4,68
"60QS000197",104,15,89
"60QS000198",106,16,90
"60QS000199",131,14,117
"60QS000200",94,12,82
"60QS000201",138,26,112
"60QS000202",78,16,62
"60QS000203",78,19,59
"60QS000204",98,40,58
"60QS000205",65,8,57
"60QS000206",73,19,54
"60QS000207",81,16,65
"60QS000208",93,9,84
"60QS000209",99,13,86
"60QS000210",104,30,74
"60QS000211",83,19,64
"60QS000212",75,18,57
"60QS000213",105,33,72
"60QS000214",67,19,48
"60QS000215",118,11,107
"60QS000216",114,20,94
"60QS000217",88,9,79
"60QS000218",83,8,75
"60QS000219",68,11,57
"60QS000220",103,5,98
"60QS000221",85,20,65
"60QS000222",77,10,67
"60QS000223",59,13,46
"60QS000224",136,42,94
"60QS000225",125,22,103
"60QS000226",52,18,34
"60QS000227",119,54,65
"60QS000228",56,15,41
"60QS000229",84,26,58
"60QS000230",81,15,66
"60QS000231",119,22,97
"60QS000232",116,41,75
"60QS000233",92,11,81
"60QS000234",59,10,49
"60QS000235",140,16,124
"60QS000236",109,13,96
"60QS000237",113,9,104
"60QS000238",96,14,82
"60QS000239",94,23,71
"60QS000240",85,14,71
"60QS000241",91,11,80
"60QS000242",85,11,74
"60QS000243",53,4,49
"60QS000244",82,24,58
"60QS000245",76,14,62
"60QS000246",64,8,56
"60QS000247",92,11,81
"60QS000248",83,9,74
"60QS000249",62,3,59
"60QS000250",69,9,60
"60QS000251",61,8,53
"60QS000252",85,12,73
"60QS000253",71,4,67
"60QS000254",91,62,29
"60QS000255",94,3,91
"60QS000256",94,10,84
"60QS000257",155,38,117
"60QS000258",140,21,119
"60QS000259",64,35,29
"60QS000260",90,49,41
"60QS000261",176,37,139
"60QS000262",116,15,101
"60QS000263",63,6,57
"60QS000264",83,39,44
"60QS000265",77,20,57
"60QS000266",107,15,92
"60QS000267",70,27,43
"60QS000268",104,27,77
"60QS000269",65,10,55
"60QS000270",85,6,79
"60QS000271",104,33,71
"60QS000272",80,8,72
"60QS000273",78,21,57
"60QS000274",118,24,94
"60QS000275",168,24,144
"60QS000276",158,62,96
"60QS000277",71,12,59
"60QS000278",157,32,125
"60QS000279",131,22,109
"60QS000280",152,23,129
"60QS000281",108,10,98
"60QS000282",113,12,101
"60QS000283",82,5,77
"60QS000284",171,16,155
"60QS000285",60,4,56
"60QS000286",59,9,50
"60QS000287",84,11,73
"60QS000288",149,31,118
"60QS000289",102,12,90
"60QS000290",126,17,109
"60QS000291",102,16,86
"60QS000292",132,14,118
"60QS000293",107,18,89
"60QS000294",183,30,153
"60QS000295",169,26,143
"60QS000296",114,12,102
"60QS000297",126,19,107
"60QS000298",123,34,89
"60QS000299",70,4,66
"60QS000300",137,15,122
"60QS000301",51,2,49
"60QS000302",135,30,105
"60QS000303",151,17,134
"60QS000304",165,24,141
"60QS000305",134,15,119
"60QS000306",92,17,75
"60QS000307",119,9,110
"60QS000308",135,14,121
"60QS000309",64,14,50
"60QS000310",78,6,72
"60QS000311",116,8,108
"60QS000312",86,10,76
"60QS000313",93,5,88
"60QS000314",151,12,139
"60QS000315",123,12,111
"60QS000316",125,11,114
"60QS000317",135,10,125
"60QS000318",154,16,138
"60QS000319",114,10,104
"60QS000320",147,23,124
"60QS000321",101,10,91
"60QS000322",112,11,101
"60QS000323",100,9,91
"60QS000324",124,17,107
"60QS000325",89,7,82
"60QS000326",100,7,93
"60QS000327",75,13,62
"60QS000328",121,14,107
"60QS000329",79,4,75
"60QS000330",149,16,133
"60QS000331",109,11,98
"60QS000332",102,18,84
"60QS000333",143,10,133
"60QS000334",114,25,89
"60QS000335",170,10,160
"60QS000336",110,6,104
"60QS000337",92,5,87
"60QS000338",59,6,53
"60QS000339",114,25,89
"60QS000340",90,6,84
"60QS000341",82,6,76
"60QS000342",97,14,83
"60QS000343",127,24,103
"60QS000344",129,9,120
"60QS000345",134,9,125
"60QS000346",146,13,133
"60QS000347",123,8,115
"60QS000348",143,14,129
"60QS000349",106,13,93
"60QS000350",119,11,108
"60QS000351",58,2,56
"60QS000352",104,6,98
"60QS000353",140,10,130
"60QS000354",106,10,96
"60QS000355",79,7,72
"60QS000356",54,2,52
"60QS000357",89,11,78
"60QS000358",128,31,97
"60QS000359",55,6,49
"60QS000360",67,9,58
"60QS000361",71,11,60
"60QS000362",117,13,104
"60QS000363",115,6,109
"60QS000364",150,8,142
"60QS000365",114,42,72
"60QS000366",86,8,78
"60QS000367",118,8,110
"60QS000368",76,11,65
"60QS000369",100,10,90
"60QS000370",84,12,72
"60QS000371",110,19,91
"60QS000372",101,43,58
"60QS000373",83,10,73
"60QS000374",51,3,48
"60QS000375",82,4,78
"60QS000376",117,10,107
"60QS000377",100,10,90
"60QS000378",135,8,127
"60QS000379",94,10,84
"60QS000380",104,10,94
"60QS000381",89,11,78
"60QS000382",176,16,160
"60QS000383",146,16,130
"60QS000384",130,45,85
"60QS000385",140,16,124
"60QS000386",118,8,110
"60QS000387",156,21,135
"60QS000388",113,6,107
"60QS000389",72,8,64
"60QS000390",86,4,82
"60QS000391",120,8,112
"60QS000392",79,2,77
"60QS000393",114,10,104
"60QS000394",110,5,105
"60QS000395",78,12,66
"60QS000396",63,3,60
"60QS000397",79,6,73
"60QS000398",72,8,64
"60QS000399",53,6,47
"60QS000400",53,4,49
"60QS000401",131,10,121
"60QS000402",84,5,79
"60QS000403",79,6,73
"60QS000404",126,18,108
"60QS000405",113,28,85
"60QS000406",117,25,92
"60QS000407",140,48,92
"60QS000408",93,21,72
"60QS000409",116,9,107
"60QS000410",152,22,130
"60QS000411",120,15,105
"60QS000412",56,6,50
"60QS000413",109,9,100
"60QS000414",135,23,112
"60QS000415",91,20,71
"60QS000416",131,10,121
"60QS000417",102,21,81
"60QS000418",123,25,98
"60QS000419",137,17,120
"60QS000420",166,33,133
"60QS000421",143,39,104
"60QS000422",88,20,68
"60QS000423",99,35,64
"60QS000424",126,25,101
"60QS000425",139,25,114
"60QS000426",110,23,87
"60QS000427",105,16,89
"60QS000428",111,11,100
"60QS000429",108,3,105
"60QS000430",108,9,99
"60QS000431",91,14,77
"60QS000432",126,15,111
"60QS000433",153,14,139
"60QS000434",80,27,53
"60QS000435",357,27,330
"60QS000436",75,14,61
"60QS000437",128,4,124
"60QS000438",109,9,100
"60QS000439",96,10,86
"60QS000440",73,10,63
"60QS000441",147,7,140
"60QS000442",126,18,108
"60QS000443",108,43,65
"60QS000444",246,16,230
"60QS000445",170,18,152
"60QS000446",71,8,63
"60QS000447",84,25,59
"60QS000448",67,10,57
"60QS000449",169,57,112
"60QS000450",65,33,32
"60QS000451",149,11,138
"60QS000452",151,68,83
"60QS000453",103,27,76
"60QS000454",66,11,55
"60QS000455",191,164,27
"60QS000456",125,15,110
"60QS000457",97,20,77
"60QS000458",115,27,88
"60QS000459",116,19,97
"60QS000460",115,21,94
"60QS000461",104,34,70
"60QS000462",151,23,128
"60QS000463",110,15,95
"60QS000464",130,18,112
"60QS000465",146,22,124
"60QS000466",105,19,86
"60QS000467",110,20,90
"60QS000468",73,25,48
"60QS000469",103,13,90
"60QS000470",127,17,110
"60QS000471",101,14,87
"60QS000472",125,14,111
"60QS000473",111,13,98
"60QS000474",171,15,156
"60QS000475",90,17,73
"60QS000476",145,7,138
"60QS000477",167,12,155
"60QS000478",130,11,119
"60QS000479",146,16,130
"60QS000480",217,26,191
"60QS000481",100,39,61
"60QS000482",107,22,85
"60QS000483",90,22,68
"60QS000484",84,32,52
"60QS000485",92,28,64
"60QS000486",78,17,61
"60QS000487",78,22,56
"60QS000488",142,31,111
"60QS000489",106,44,62
"60QS000490",61,20,41
"60QS000491",87,24,63
"60QS000492",223,41,182
"60QS000493",118,31,87
"60QS000494",94,16,78
"60QS000495",85,11,74
"60QS000496",132,28,104
"60QS000497",98,33,65
"60QS000498",131,27,104
"60QS000499",51,12,39
"60QS000500",122,23,99
"60QS000501",69,15,54
"60QS000502",119,8,111
"60QS000503",105,8,97
"60QS000504",109,10,99
"60QS000505",64,9,55
"60QS000506",59,8,51
"60QS000507",79,11,68
"60QS000508",113,10,103
"60QS000509",158,17,141
"60QS000510",92,14,78
"60QS000511",126,21,105
"60QS000512",51,12,39
"60QS000513",136,30,106
"60QS000514",81,32,49
"60QS000515",67,27,40
"60QS000516",93,24,69
"60QS000517",115,35,80
"60QS000518",137,23,114
"60QS000519",89,33,56
"60QS000520",121,33,88
"60QS000521",98,25,73
"60QS000522",62,18,44
"60QS000523",73,27,46
"60QS000524",98,34,64
"60QS000525",94,36,58
"60QS000526",185,50,135
"60QS000527",191,39,152
"60QS000528",74,25,49
"60QS000529",55,16,39
"60QS000530",194,56,138
"60QS000531",101,36,65
"60QS000532",120,39,81
"60QS000533",91,36,55
"60QS000534",92,30,62
"60QS000535",139,27,112
"60QS000536",84,25,59
"60QS000537",125,42,83
"60QS000538",95,32,63
"60QS000539",83,30,53
"60QS000540",100,36,64
"60QS000541",100,37,63
"60QS000542",147,57,90
"60QS000543",97,37,60
"60QS000544",96,54,42
"60QS000545",83,31,52
"60QS000546",107,32,75
"60QS000547",84,31,53
"60QS000548",89,29,60
"60QS000549",77,18,59
"60QS000550",156,53,103
"60QS000551",149,46,103
"60QS000552",128,50,78
"60QS000553",91,47,44
"60QS000554",88,29,59
"60QS000555",54,20,34
"60QS000556",72,24,48
"60QS000557",83,27,56
"60QS000558",77,30,47
"60QS000559",210,123,87
"60QS000560",94,35,59
"60QS000561",102,41,61
"60QS000562",105,36,69
"60QS000563",86,39,47
"60QS000564",118,42,76
"60QS000565",88,46,42
"60QS000566",117,39,78
"60QS000567",118,46,72
"60QS000568",106,30,76
"60QS000569",104,30,74
"60QS000570",122,36,86
"60QS000571",105,27,78
"60QS000572",109,33,76
"60QS000573",100,41,59
"60QS000574",138,34,104
"60QS000575",103,31,72
"60QS000576",60,31,29
"60QS000577",164,42,122
"60QS000578",122,80,42
"60QS000579",90,29,61
"60QS000580",86,36,50
"60QS000581",81,25,56
"60QS000582",104,37,67
"60QS000583",109,28,81
"60QS000584",83,42,41
"60QS000585",122,42,80
"60QS000586",83,30,53
"60QS000587",148,39,109
"60QS000588",57,18,39
"60QS000589",85,32,53
"60QS000590",112,28,84
"60QS000591",114,35,79
"60QS000592",72,24,48
"60QS000593",127,59,68
"60QS000594",118,52,66
"60QS000595",129,41,88
"60QS000596",72,19,53
"60QS000597",76,27,49
"60QS000598",140,54,86
"60QS000599",153,42,111
"60QS000600",104,30,74
"60QS000601",80,33,47
"60QS000602",93,37,56
"60QS000603",112,29,83
"60QS000604",107,43,64
"60QS000605",103,45,58
"60QS000606",134,31,103
"60QS000607",89,28,61
"60QS000608",79,15,64
"60QS000609",118,40,78
"60QS000610",105,29,76
"60QS000611",136,35,101
"60QS000612",131,59,72
"60QS000613",76,24,52
"60QS000614",69,24,45
"60QS000615",72,27,45
"60QS000616",129,33,96
"60QS000617",74,27,47
"60QS000618",85,25,60
"60QS000619",121,30,91
"60QS000620",98,24,74
"60QS000621",109,40,69
"60QS000622",129,22,107
"60QS000623",137,63,74
"60QS000624",97,35,62
"60QS000625",165,58,107
"60QS000626",130,34,96
"60QS000627",135,39,96
"60QS000628",92,39,53
"60QS000629",128,50,78
"60QS000630",102,30,72
"60QS000631",92,34,58
"60QS000632",79,24,55
"60QS000633",170,46,124
"60QS000634",160,72,88
"60QS000635",150,50,100
"60QS000636",87,41,46
"60QS000637",81,33,48
"60QS000638",142,48,94
"60QS000639",120,54,66
"60QS000640",160,52,108
"60QS000641",154,50,104
"60QS000642",151,65,86
"60QS000643",93,41,52
"60QS000644",103,28,75
"60QS000645",118,38,80
"60QS000646",160,35,125
"60QS000647",116,36,80
"60QS000648",90,25,65
"60QS000649",104,36,68
"60QS000650",133,35,98
"60QS000651",93,38,55
"60QS000652",105,29,76
"60QS000653",199,62,137
"60QS000654",166,56,110
"60QS000655",186,48,138
"60QS000656",325,206,119
"60QS000657",119,46,73
"60QS000658",91,23,68
"60QS000659",90,34,56
"60QS000660",60,14,46
"60QS000661",93,18,75
"60QS000662",168,54,114
"60QS000663",93,44,49
"60QS000664",91,37,54
"60QS000665",94,36,58
"60QS000666",99,36,63
"60QS000667",100,31,69
"60QS000668",101,30,71
"60QS000669",110,36,74
"60QS000670",80,39,41
"60QS000671",97,33,64
"60QS000672",79,37,42
"60QS000673",56,17,39
"60QS000674",50,17,33
"60QS000675",112,62,50
"60QS000676",132,49,83
"60QS000677",138,45,93
"60QS000678",123,37,86
"60QS000679",115,39,76
"60QS000680",103,23,80
"60QS000681",120,53,67
"60QS000682",128,48,80
"60QS000683",133,51,82
"60QS000684",100,9,91
"60QS000685",114,10,104
"60QS000686",134,42,92
"60QS000687",95,18,77
"60QS000688",127,42,85
"60QS000689",86,32,54
"60QS000690",126,33,93
"60QS000691",180,28,152
"60QS000692",96,22,74
"60QS000693",107,27,80
"60QS000694",165,49,116
"60QS000695",111,34,77
"60QS000696",176,44,132
"60QS000697",92,24,68
"60QS000698",130,27,103
"60QS000699",121,31,90
"60QS000700",100,38,62
"60QS000701",89,35,54
"60QS000702",75,34,41
"60QS000703",86,33,53
"60QS000704",119,57,62
"60QS000705",167,59,108
"60QS000706",70,33,37
"60QS000707",70,28,42
"60QS000708",167,17,150
"60QS000709",93,20,73
"60QS000710",223,28,195
"60QS000711",135,16,119
"60QS000712",159,16,143
"60QS000713",113,16,97
"60QS000714",115,7,108
"60QS000715",132,10,122
"60QS000716",151,14,137
"60QS000717",143,12,131
"60QS000718",115,20,95
"60QS000719",117,15,102
"60QS000720",141,40,101
"60QS000721",181,20,161
"60QS000722",168,24,144
"60QS000723",191,21,170
"60QS000724",111,9,102
"60QS000725",94,26,68
"60QS000726",116,18,98
"60QS000727",155,8,147
"60QS000728",126,14,112
"60QS000729",148,33,115
"60QS000730",162,18,144
"60QS000731",128,19,109
"60QS000732",147,23,124
"60QS000733",170,15,155
"60QS000734",86,6,80
"60QS000735",99,21,78
"60QS000736",80,28,52
"60QS000737",91,33,58
"60QS000738",84,13,71
"60QS000739",88,12,76
"60QS000740",107,23,84
"60QS000741",56,39,17
"60QS000742",98,21,77
"60QS000743",93,13,80
"60QS000744",155,31,124
"60QS000745",114,35,79
"60QS000746",69,33,36
"60QS000747",65,29,36
"60QS000748",70,24,46
"60QS000749",115,33,82
"60QS000750",124,34,90
"60QS000751",113,16,97
"60QS000752",93,9,84
"60QS000753",133,24,109
"60QS000754",71,23,48
"60QS000755",60,26,34
"60QS000756",66,21,45
"60QS000757",94,20,74
"60QS000758",160,51,109
"60QS000759",140,42,98
"60QS000760",111,30,81
"60QS000761",123,23,100
"60QS000762",71,30,41
"60QS000763",93,26,67
"60QS000764",105,24,81
"60QS000765",102,34,68
"60QS000766",126,26,100
"60QS000767",124,30,94
"60QS000768",53,12,41
"60QS000769",90,12,78
"60QS000770",213,50,163
"60QS000771",92,9,83
"60QS000772",65,3,62
"60QS000773",82,9,73
"60QS000774",82,15,67
"60QS000775",124,26,98
"60QS000776",132,27,105
"60QS000777",133,43,90
"60QS000778",63,18,45
"60QS000779",190,48,142
"60QS000780",152,52,100
"60QS000781",99,25,74
"60QS000782",131,57,74
"60QS000783",151,46,105
"60QS000784",136,38,98
"60QS000785",119,31,88
"60QS000786",104,35,69
"60QS000787",154,25,129
"60QS000788",134,22,112
"60QS000789",131,22,109
"60QS000790",134,18,116
"60QS000791",66,24,42
"60QS000792",138,35,103
"60QS000793",94,40,54
"60QS000794",127,49,78
"60QS000795",118,53,65
"60QS000796",107,58,49
"60QS000797",101,48,53
"60QS000798",80,39,41
"60QS000799",71,25,46
"60QS000800",114,45,69
"60QS000801",105,33,72
"60QS000802",105,31,74
"60QS000803",123,23,100
"60QS000804",126,33,93
"60QS000805",104,26,78
"60QS000806",114,15,99
"60QS000807",141,44,97
"60QS000808",78,25,53
"60QS000809",89,32,57
"60QS000810",97,21,76
"60QS000811",154,51,103
"60QS000812",92,27,65
"60QS000813",89,24,65
"60QS000814",118,35,83
"60QS000815",165,117,48
"60QS000816",93,34,59
"60QS000817",70,14,56
"60QS000818",92,26,66
"60QS000819",112,30,82
"60QS000820",119,49,70
"60QS000821",142,34,108
"60QS000822",189,41,148
"60QS000823",195,40,155
"60QS000824",189,34,155
"60QS000825",156,54,102
"60QS000826",91,34,57
"60QS000827",113,29,84
"60QS000828",97,31,66
"60QS000829",115,65,50
"60QS000830",93,63,30
"60QS000831",114,60,54
"60QS000832",159,42,117
"60QS000833",162,52,110
"60QS000834",220,62,158
"60QS000835",75,38,37
"60QS000836",112,33,79
"60QS000837",152,41,111
"60QS000838",146,42,104
"60QS000839",178,37,141
"60QS000840",182,42,140
"60QS000841",63,18,45
"60QS000842",166,42,124
"60QS000843",113,41,72
"60QS000844",158,44,114
"60QS000845",100,29,71
"60QS000846",157,39,118
"60QS000847",188,41,147
"60QS000848",118,43,75
"60QS000849",151,39,112
"60QS000850",130,26,104
"60QS000851",159,45,114
"60QS000852",82,33,49
"60QS000853",106,49,57
"60QS000854",104,29,75
"60QS000855",101,30,71
"60QS000856",195,42,153
"60QS000857",72,20,52
"60QS000858",97,25,72
"60QS000859",62,24,38
"60QS000860",182,40,142
"60QS000861",76,16,60
"60QS000862",209,49,160
"60QS000863",131,32,99
"60QS000864",62,51,11
"60QS000865",64,19,45
"60QS000866",103,22,81
"60QS000867",115,25,90
"60QS000868",139,29,110
"60QS000869",126,32,94
"60QS000870",74,19,55
"60QS000871",128,37,91
"60QS000872",166,30,136
"60QS000873",61,16,45
"60QS000874",101,27,74
"60QS000875",76,49,27
"60QS000876",58,9,49
"60QS000877",111,13,98
"60QS000878",128,14,114
"60QS000879",84,9,75
"60QS000880",168,20,148
"60QS000881",80,4,76
"60QS000882",82,10,72
"60QS000883",134,12,122
"60QS000884",141,19,122
"60QS000885",52,13,39
"60QS000886",109,6,103
"60QS000887",72,12,60
"60QS000888",75,19,56
"60QS000889",104,13,91
"60QS000890",76,19,57
"60QS000891",56,18,38
"60QS000892",76,24,52
"60QS000893",83,18,65
"60QS000894",60,16,44
"60QS000895",104,45,59
"60QS000896",68,31,37
"60QS000897",108,9,99
"60QS000898",75,8,67
"60QS000899",65,29,36
"60QS000900",94,34,60
"60QS000901",94,29,65
"60QS000902",125,13,112
"60QS000903",85,7,78
"60QS000904",74,9,65
"60QS000905",91,5,86
"60QS000906",128,15,113
"60QS000907",176,25,151
"60QS000908",210,17,193
"60QS000909",133,9,124
"60QS000910",107,15,92
"60QS000911",100,7,93
"60QS000912",109,7,102
"60QS000913",118,12,106
"60QS000914",90,28,62
"60QS000915",156,23,133
"60QS000916",106,5,101
"60QS000917",120,5,115
"60QS000918",99,10,89
"60QS000919",54,12,42
"60QS000920",126,60,66
"60QS000921",91,42,49
"60QS000922",121,23,98
"60QS000923",107,48,59
"60QS000924",128,30,98
"60QS000925",72,7,65
"60QS000926",101,6,95
"60QS000927",74,26,48
"60QS000928",123,36,87
"60QS000929",91,33,58
"60QS000930",85,39,46
"60QS000931",142,44,98
"60QS000932",87,42,45
"60QS000933",75,50,25
"60QS000934",103,24,79
"60QS000935",137,43,94
"60QS000936",225,116,109
"60QS000937",84,17,67
"60QS000938",66,13,53
"60QS000939",77,35,42
"60QS000940",63,26,37
"60QS000941",1038,50,988
"60QS000942",65,20,45
"60QS000943",102,28,74
"60QS000944",67,17,50
"60QS000945",115,35,80
"60QS000946",134,15,119
"60QS000947",116,11,105
"60QS000948",230,9,221
"60QS000949",97,6,91
"60QS000950",55,11,44
"60QS000951",113,6,107
"60QS000952",56,3,53
"60QS000953",143,14,129
"60QS000954",123,3,120
"60QS000955",121,22,99
"60QS000956",67,7,60
"60QS000957",125,26,99
"60QS000958",83,49,34
"60QS000959",139,36,103
"60QS000960",121,19,102
"60QS000961",68,26,42
"60QS000962",106,41,65
"60QS000963",81,35,46
"60QS000964",64,12,52
"60QS000965",82,16,66
"60QS000966",62,20,42
"60QS000967",94,16,78
"60QS000968",119,11,108
"60QS000969",109,18,91
"60QS000970",82,54,28
"60QS000971",95,42,53
"60QS000972",97,48,49
"60QS000973",118,44,74
"60QS000974",131,46,85
"60QS000975",92,27,65
"60QS000976",62,26,36
"60QS000977",94,44,50
"60QS000978",101,30,71
"60QS000979",86,36,50
"60QS000980",115,31,84
"60QS000981",98,41,57
"60QS000982",55,17,38
"60QS000983",132,41,91
"60QS000984",92,33,59
"60QS000985",108,41,67
"60QS000986",71,20,51
"60QS000987",93,44,49
"60QS000988",127,29,98
"60QS000989",98,37,61
"60QS000990",186,59,127
"60QS000991",91,42,49
"60QS000992",60,18,42
"60QS000993",84,37,47
"60QS000994",109,12,97
"60QS000995",75,12,63
"60QS000996",78,28,50
"60QS000997",66,17,49
"60QS000998",81,28,53
"60QS000999",91,33,58
"60QS001000",56,27,29
"60QS001001",100,65,35
"60QS001002",87,22,65
"60QS001003",152,24,128
"60QS001004",59,21,38
"60QS001005",132,44,88
"60QS001006",93,31,62
"60QS001007",94,32,62
"60QS001008",96,35,61
"60QS001009",137,43,94
"60QS001010",132,41,91
"60QS001011",119,43,76
"60QS001012",98,43,55
"60QS001013",219,173,46
"60QS001014",77,18,59
"60QS001015",61,20,41
"60QS001016",126,27,99
"60QS001017",87,20,67
"60QS001018",82,19,63
"60QS001019",116,26,90
"60QS001020",168,41,127
"60QS001021",179,36,143
"60QS001022",265,164,101
"60QS001023",95,20,75
"60QS001024",120,64,56
"60QS001025",143,6,137
"60QS001026",156,8,148
"60QS001027",54,3,51
"60QS001028",91,19,72
"60QS001029",138,23,115
"60QS001030",91,21,70
"60QS001031",137,33,104
"60QS001032",138,31,107
"60QS001033",105,26,79
"60QS001034",123,15,108
"60QS001035",136,11,125
"60QS001036",118,16,102
"60QS001037",65,11,54
"60QS001038",50,15,35
"60QS001039",108,23,85
"60QS001040",89,28,61
"60QS001041",51,15,36
"60QS001042",80,13,67
"60QS001043",136,39,97
"60QS001044",108,44,64
"60QS001045",80,21,59
"60QS001046",142,52,90
"60QS001047",111,37,74
"60QS001048",96,30,66
"60QS001049",72,40,32
"60QS001050",85,18,67
"60QS001051",90,37,53
"60QS001052",139,57,82
"60QS001053",225,72,153
"60QS001054",185,50,135
"60QS001055",99,26,73
"60QS001056",123,49,74
"60QS001057",90,36,54
"60QS001058",122,39,83
"60QS001059",69,12,57
"60QS001060",98,33,65
"60QS001061",105,42,63
"60QS001062",83,41,42
"60QS001063",93,34,59
"60QS001064",119,37,82
"60QS001065",143,42,101
"60QS001066",94,34,60
"60QS001067",131,40,91
"60QS001068",94,8,86
"60QS001069",144,46,98
"60QS001070",86,20,66
"60QS001071",93,43,50
"60QS001072",163,47,116
"60QS001073",105,49,56
"60QS001074",161,51,110
"60QS001075",66,19,47
"60QS001076",75,33,42
"60QS001077",122,32,90
"60QS001078",90,24,66
"60QS001079",114,36,78
"60QS001080",93,22,71
"60QS001081",96,27,69
"60QS001082",108,24,84
"60QS001083",90,22,68
"60QS001084",81,36,45
"60QS001085",150,31,119
"60QS001086",113,36,77
"60QS001087",86,23,63
"60QS001088",78,24,54
"60QS001089",124,14,110
"60QS001090",108,27,81
"60QS001091",117,28,89
"60QS001092",78,20,58
"60QS001093",123,36,87
"60QS001094",123,14,109
"60QS001095",86,43,43
"60QS001096",140,15,125
"60QS001097",115,33,82
"60QS001098",168,38,130
"60QS001099",116,45,71
"60QS001100",88,50,38
"60QS001101",86,30,56
"60QS001102",97,42,55
"60QS001103",155,42,113
"60QS001104",120,40,80
"60QS001105",74,19,55
"60QS001106",126,34,92
"60QS001107",132,65,67
"60QS001108",179,40,139
"60QS001109",78,27,51
"60QS001110",109,37,72
"60QS001111",74,32,42
"60QS001112",198,13,185
"60QS001113",91,53,38
"60QS001114",63,28,35
"60QS001115",67,41,26
"60QS001116",94,49,45
"60QS001117",129,39,90
"60QS001118",152,31,121
"60QS001119",177,32,145
"60QS001120",102,20,82
"60QS001121",139,35,104
"60QS001122",150,30,120
"60QS001123",127,47,80
"60QS001124",52,14,38
"60QS001125",122,48,74
"60QS001126",163,44,119
"60QS001127",150,65,85
"60QS001128",111,19,92
"60QS001129",115,68,47
"60QS001130",101,41,60
"60QS001131",90,26,64
"60QS001132",148,37,111
"60QS001133",82,23,59
"60QS001134",126,29,97
"60QS001135",111,30,81
"60QS001136",88,42,46
"60QS001137",58,27,31
"60QS001138",153,34,119
"60QS001139",186,55,131
"60QS001140",91,25,66
"60QS001141",99,24,75
"60QS001142",198,90,108
"60QS001143",131,52,79
"60QS001144",106,42,64
"60QS001145",124,41,83
"60QS001146",98,5,93
"60QS001147",153,57,96
"60QS001148",111,35,76
"60QS001149",105,38,67
"60QS001150",124,27,97
"60QS001151",195,63,132
"60QS001152",197,58,139
"60QS001153",104,47,57
"60QS001154",99,37,62
"60QS001155",125,37,88
"60QS001156",114,44,70
"60QS001157",156,67,89
"60QS001158",226,112,114
"60QS001159",265,106,159
"60QS001160",139,37,102
"60QS001161",70,40,30
"60QS001162",126,45,81
"60QS001163",142,37,105
"60QS001164",124,50,74
"60QS001165",193,56,137
"60QS001166",143,48,95
"60QS001167",122,37,85
"60QS001168",109,26,83
"60QS001169",106,30,76
"60QS001170",84,36,48
"60QS001171",126,49,77
"60QS001172",170,55,115
"60QS001173",118,30,88
"60QS001174",112,34,78
"60QS001175",81,24,57
"60QS001176",172,51,121
"60QS001177",202,50,152
"60QS001178",164,45,119
"60QS001179",159,36,123
"60QS001180",114,21,93
"60QS001181",98,15,83
"60QS001182",122,19,103
"60QS001183",74,8,66
"60QS001184",92,30,62
"60QS001185",71,18,53
"60QS001186",129,54,75
"60QS001187",79,15,64
"60QS001188",83,18,65
"60QS001189",92,47,45
"60QS001190",130,47,83
"60QS001191",80,35,45
"60QS001192",112,32,80
"60QS001193",100,52,48
"60QS001194",124,36,88
"60QS001195",88,30,58
"60QS001196",129,48,81
"60QS001197",122,37,85
"60QS001198",177,51,126
"60QS001199",123,49,74
"60QS001200",172,57,115
"60QS001201",117,48,69
"60QS001202",102,39,63
"60QS001203",102,34,68
"60QS001204",119,52,67
"60QS001205",76,35,41
"60QS001206",90,26,64
"60QS001207",94,28,66
"60QS001208",119,48,71
"60QS001209",117,30,87
"60QS001210",82,33,49
"60QS001211",132,30,102
"60QS001212",85,25,60
"60QS001213",127,24,103
"60QS001214",109,41,68
"60QS001215",86,19,67
"60QS001216",70,18,52
"60QS001217",108,39,69
"60QS001218",137,34,103
"60QS001219",105,35,70
"60QS001220",104,44,60
"60QS001221",70,20,50
"60QS001222",64,24,40
"60QS001223",99,41,58
"60QS001224",80,36,44
"60QS001225",104,52,52
"60QS001226",69,22,47
"60QS001227",83,21,62
"60QS001228",114,42,72
"60QS001229",110,30,80
"60QS001230",106,43,63
"60QS001231",84,25,59
"60QS001232",119,40,79
"60QS001233",113,52,61
"60QS001234",112,42,70
"60QS001235",83,35,48
"60QS001236",121,43,78
"60QS001237",104,40,64
"60QS001238",71,33,38
"60QS001239",128,43,85
"60QS001240",165,57,108
"60QS001241",142,46,96
"60QS001242",83,40,43
"60QS001243",71,15,56
"60QS001244",88,34,54
"60QS001245",180,46,134
"60QS001246",153,37,116
"60QS001247",87,18,69
"60QS001248",166,48,118
"60QS001249",102,43,59
"60QS001250",105,55,50
"60QS001251",154,39,115
"60QS001252",57,29,28
"60QS001253",81,20,61
"60QS001254",78,25,53
"60QS001255",109,36,73
"60QS001256",94,38,56
"60QS001257",98,38,60
"60QS001258",92,40,52
"60QS001259",102,38,64
"60QS001260",98,42,56
"60QS001261",71,22,49
"60QS001262",110,23,87
"60QS001263",82,36,46
"60QS001264",77,38,39
"60QS001265",78,32,46
"60QS001266",115,57,58
"60QS001267",74,41,33
"60QS001268",79,33,46
"60QS001269",89,47,42
"60QS001270",96,38,58
"60QS001271",66,33,33
"60QS001272",127,64,63
"60QS001273",75,52,23
"60QS001274",86,42,44
"60QS001275",161,72,89
"60QS001276",89,46,43
"60QS001277",100,42,58
"60QS001278",117,51,66
"60QS001279",111,34,77
"60QS001280",166,40,126
"60QS001281",140,62,78
"60QS001282",140,70,70
"60QS001283",125,67,58
"60QS001284",98,39,59
"60QS001285",136,50,86
"60QS001286",97,30,67
"60QS001287",172,71,101
"60QS001288",67,30,37
"60QS001289",51,33,18
"60QS001290",78,25,53
"60QS001291",150,52,98
"60QS001292",184,55,129
"60QS001293",113,74,39
"60QS001294",82,26,56
"60QS001295",64,60,4
"60QS001296",164,61,103
"60QS001297",77,27,50
"60QS001298",114,37,77
"60QS001299",182,72,110
"60QS001300",183,57,126
"60QS001301",184,55,129
"60QS001302",142,56,86
"60QS001303",176,63,113
"60QS001304",87,26,61
"60QS001305",149,43,106
"60QS001306",111,26,85
"60QS001307",78,35,43
"60QS001308",67,25,42
"60QS001309",151,50,101
"60QS001310",162,54,108
"60QS001311",148,89,59
"60QS001312",113,38,75
"60QS001313",132,40,92
"60QS001314",181,71,110
"60QS001315",155,72,83
"60QS001316",160,69,91
"60QS001317",172,57,115
"60QS001318",168,26,142
"60QS001319",141,52,89
"60QS001320",120,51,69
"60QS001321",131,56,75
"60QS001322",149,60,89
"60QS001323",153,60,93
"60QS001324",124,44,80
"60QS001325",71,29,42
"60QS001326",85,32,53
"60QS001327",105,41,64
"60QS001328",150,42,108
"60QS001329",89,35,54
"60QS001330",131,35,96
"60QS001331",220,49,171
"60QS001332",213,54,159
"60QS001333",134,44,90
"60QS001334",198,63,135
"60QS001335",153,42,111
"60QS001336",86,24,62
"60QS001337",73,20,53
"60QS001338",114,47,67
"60QS001339",83,30,53
"60QS001340",84,22,62
"60QS001341",119,36,83
"60QS001342",77,15,62
"60QS001343",110,27,83
"60QS001344",97,27,70
"60QS001345",80,15,65
"60QS001346",116,41,75
"60QS001347",106,34,72
"60QS001348",89,28,61
"60QS001349",113,38,75
"60QS001350",106,47,59
"60QS001351",174,27,147
"60QS001352",147,13,134
"60QS001353",123,21,102
"60QS001354",108,36,72
"60QS001355",91,19,72
"60QS001356",110,36,74
"60QS001357",90,31,59
"60QS001358",121,39,82
"60QS001359",72,29,43
"60QS001360",102,37,65
"60QS001361",97,37,60
"60QS001362",150,48,102
"60QS001363",86,35,51
"60QS001364",132,35,97
"60QS001365",129,46,83
"60QS001366",113,32,81
"60QS001367",79,33,46
"60QS001368",221,60,161
"60QS001369",117,18,99
"60QS001370",111,16,95
"60QS001371",114,13,101
"60QS001372",115,13,102
"60QS001373",197,17,180
"60QS001374",114,14,100
"60QS001375",107,11,96
"60QS001376",200,23,177
"60QS001377",102,14,88
"60QS001378",145,19,126
"60QS001379",112,15,97
"60QS001380",87,20,67
"60QS001381",106,31,75
"60QS001382",182,76,106
"60QS001383",97,47,50
"60QS001384",125,56,69
"60QS001385",61,14,47
"60QS001386",55,24,31
"60QS001387",62,23,39
"60QS001388",96,37,59
"60QS001389",62,17,45
"60QS001390",132,40,92
"60QS001391",74,24,50
"60QS001392",96,23,73
"60QS001393",110,26,84
"60QS001394",121,48,73
"60QS001395",61,28,33
"60QS001396",67,25,42
"60QS001397",75,30,45
"60QS001398",110,35,75
"60QS001399",66,22,44
"60QS001400",151,40,111
"60QS001401",100,29,71
"60QS001402",141,30,111
"60QS001403",58,16,42
"60QS001404",122,40,82
"60QS001405",124,36,88
"60QS001406",124,23,101
"60QS001407",114,48,66
"60QS001408",71,54,17
"60QS001409",83,20,63
"60QS001410",76,22,54
"60QS001411",77,23,54
"60QS001412",145,48,97
"60QS001413",128,50,78
"60QS001414",118,29,89
"60QS001415",100,22,78
"60QS001416",72,10,62
"60QS001417",71,27,44
"60QS001418",118,41,77
"60QS001419",81,22,59
"60QS001420",99,18,81
"60QS001421",87,13,74
"60QS001422",53,12,41
"60QS001423",156,35,121
"60QS001424",105,26,79
"60QS001425",103,17,86
"60QS001426",74,21,53
"60QS001427",84,27,57
"60QS001428",136,39,97
"60QS001429",105,24,81
"60QS001430",118,16,102
"60QS001431",82,26,56
"60QS001432",98,14,84
"60QS001433",88,11,77
"60QS001434",86,12,74
"60QS001435",110,16,94
"60QS001436",102,18,84
"60QS001437",97,15,82
"60QS001438",100,14,86
"60QS001439",93,11,82
"60QS001440",176,32,144
"60QS001441",101,12,89
"60QS001442",65,8,57
"60QS001443",117,42,75
"60QS001444",104,39,65
"60QS001445",157,28,129
"60QS001446",93,31,62
"60QS001447",98,18,80
"60QS001448",79,14,65
"60QS001449",86,14,72
"60QS001450",86,14,72
"60QS001451",110,26,84
"60QS001452",111,32,79
"60QS001453",124,38,86
"60QS001454",134,32,102
"60QS001455",115,36,79
"60QS001456",125,28,97
"60QS001457",136,36,100
"60QS001458",196,53,143
"60QS001459",76,25,51
"60QS001460",138,42,96
"60QS001461",76,16,60
"60QS001462",103,30,73
"60QS001463",105,19,86
"60QS001464",76,25,51
"60QS001465",57,13,44
"60QS001466",102,26,76
"60QS001467",103,17,86
"60QS001468",104,17,87
"60QS001469",95,18,77
"60QS001470",129,38,91
"60QS001471",119,40,79
"60QS001472",133,32,101
"60QS001473",71,24,47
"60QS001474",129,30,99
"60QS001475",118,26,92
"60QS001476",104,29,75
"60QS001477",68,13,55
"60QS001478",165,48,117
"60QS001479",105,36,69
"60QS001480",148,36,112
"60QS001481",123,37,86
"60QS001482",74,17,57
"60QS001483",99,49,50
"60QS001484",114,65,49
"60QS001485",110,12,98
"60QS001486",92,38,54
"60QS001487",108,50,58
"60QS001488",61,28,33
"60QS001489",116,45,71
"60QS001490",73,31,42
"60QS001491",75,16,59
"60QS001492",105,29,76
"60QS001493",99,28,71
"60QS001494",122,56,66
"60QS001495",107,48,59
"60QS001496",87,40,47
"60QS001497",94,36,58
"60QS001498",123,31,92
"60QS001499",118,38,80
"60QS001500",158,60,98
"60QS001501",147,49,98
"60QS001502",140,53,87
"60QS001503",124,31,93
"60QS001504",122,37,85
"60QS001505",111,58,53
"60QS001506",132,51,81
"60QS001507",69,45,24
"60QS001508",92,23,69
"60QS001509",165,48,117
"60QS001510",101,30,71
"60QS001511",97,36,61
"60QS001512",91,37,54
"60QS001513",117,38,79
"60QS001514",70,37,33
"60QS001515",103,34,69
"60QS001516",62,36,26
"60QS001517",53,22,31
"60QS001518",52,17,35
"60QS001519",52,25,27
"60QS001520",102,35,67
"60QS001521",80,23,57
"60QS001522",76,29,47
"60QS001523",134,43,91
"60QS001524",150,48,102
"60QS001525",75,27,48
"60QS001526",75,28,47
"60QS001527",115,31,84
"60QS001528",70,20,50
"60QS001529",130,29,101
"60QS001530",70,34,36
"60QS001531",97,32,65
"60QS001532",150,48,102
"60QS001533",185,53,132
"60QS001534",108,32,76
"60QS001535",110,68,42
"60QS001536",111,35,76
"60QS001537",77,20,57
"60QS001538",99,43,56
"60QS001539",82,23,59
"60QS001540",62,20,42
"60QS001541",214,144,70
"60QS001542",159,24,135
"60QS001543",87,11,76
"60QS001544",121,15,106
"60QS001545",90,35,55
"60QS001546",118,15,103
"60QS001547",122,49,73
"60QS001548",132,39,93
"60QS001549",91,36,55
"60QS001550",155,89,66
"60QS001551",121,53,68
"60QS001552",74,37,37
"60QS001553",76,32,44
"60QS001554",72,31,41
"60QS001555",72,37,35
"60QS001556",82,45,37
"60QS001557",95,53,42
"60QS001558",101,49,52
"60QS001559",157,67,90
"60QS001560",134,56,78
"60QS001561",130,53,77
"60QS001562",140,72,68
"60QS001563",134,75,59
"60QS001564",144,67,77
"60QS001565",107,54,53
"60QS001566",125,38,87
"60QS001567",87,39,48
"60QS001568",90,38,52
"60QS001569",80,43,37
"60QS001570",115,42,73
"60QS001571",67,35,32
"60QS001572",135,58,77
"60QS001573",156,46,110
"60QS001574",81,27,54
"60QS001575",100,32,68
"60QS001576",147,54,93
"60QS001577",79,45,34
"60QS001578",58,17,41
"60QS001579",203,64,139
"60QS001580",161,58,103
"60QS001581",104,34,70
"60QS001582",96,40,56
"60QS001583",159,61,98
"60QS001584",97,39,58
"60QS001585",103,39,64
"60QS001586",140,59,81
"60QS001587",115,42,73
"60QS001588",90,31,59
"60QS001589",123,48,75
"60QS001590",165,49,116
"60QS001591",163,51,112
"60QS001592",165,87,78
"60QS001593",52,23,29
"60QS001594",101,31,70
"60QS001595",112,55,57
"60QS001596",101,46,55
"60QS001597",109,41,68
"60QS001598",96,51,45
"60QS001599",83,30,53
"60QS001600",94,35,59
"60QS001601",88,37,51
"60QS001602",97,32,65
"60QS001603",92,44,48
"60QS001604",78,37,41
"60QS001605",108,51,57
"60QS001606",96,49,47
"60QS001607",150,47,103
"60QS001608",70,29,41
"60QS001609",123,51,72
"60QS001610",102,25,77
"60QS001611",83,40,43
"60QS001612",52,23,29
"60QS001613",144,71,73
"60QS001614",74,27,47
"60QS001615",58,13,45
"60QS001616",63,3,60
"60QS001617",127,30,97
"60QS001618",116,32,84
"60QS001619",146,45,101
"60QS001620",78,19,59
"60QS001621",89,19,70
"60QS001622",110,38,72
"60QS001623",57,11,46
"60QS001624",137,20,117
"60QS001625",78,15,63
"60QS001626",96,24,72
"60QS001627",53,7,46
"60QS001628",95,18,77
"60QS001629",65,21,44
"60QS001630",131,48,83
"60QS001631",139,35,104
"60QS001632",116,38,78
"60QS001633",164,50,114
"60QS001634",153,40,113
"60QS001635",163,38,125
"60QS001636",85,32,53
"60QS001637",134,37,97
"60QS001638",84,24,60
"60QS001639",97,20,77
"60QS001640",86,25,61
"60QS001641",113,30,83
"60QS001642",83,36,47
"60QS001643",126,26,100
"60QS001644",83,21,62
"60QS001645",197,25,172
"60QS001646",52,24,28
"60QS001647",136,14,122
"60QS001648",144,48,96
"60QS001649",134,51,83
"60QS001650",129,41,88
"60QS001651",101,50,51
"60QS001652",75,35,40
"60QS001653",131,27,104
"60QS001654",124,29,95
"60QS001655",189,25,164
"60QS001656",174,60,114
"60QS001657",161,52,109
"60QS001658",121,31,90
"60QS001659",75,26,49
"60QS001660",115,23,92
"60QS001661",74,9,65
"60QS001662",76,14,62
"60QS001663",80,16,64
"60QS001664",132,34,98
"60QS001665",121,49,72
"60QS001666",126,55,71
"60QS001667",102,24,78
"60QS001668",109,34,75
"60QS001669",75,28,47
"60QS001670",82,26,56
"60QS001671",108,35,73
"60QS001672",104,33,71
"60QS001673",128,35,93
"60QS001674",79,24,55
"60QS001675",63,42,21
"60QS001676",50,5,45
"60QS001677",159,88,71
"60QS001678",99,20,79
"60QS001679",133,30,103
"60QS001680",235,31,204
"60QS001681",203,27,176
"60QS001682",129,45,84
"60QS001683",184,21,163
"60QS001684",215,17,198
"60QS001685",216,30,186
"60QS001686",138,48,90
"60QS001687",131,45,86
"60QS001688",131,45,86
"60QS001689",126,26,100
"60QS001690",178,57,121
"60QS001691",115,39,76
"60QS001692",192,64,128
"60QS001693",118,47,71
"60QS001694",132,10,122
"60QS001695",148,27,121
"60QS001696",166,62,104
"60QS001697",117,52,65
"60QS001698",123,40,83
"60QS001699",135,31,104
"60QS001700",124,42,82
"60QS001701",130,35,95
"60QS001702",80,32,48
"60QS001703",114,24,90
"60QS001704",84,33,51
"60QS001705",69,38,31
"60QS001706",194,52,142
"60QS001707",93,32,61
"60QS001708",74,37,37
"60QS001709",101,36,65
"60QS001710",119,27,92
"60QS001711",133,33,100
"60QS001712",117,37,80
"60QS001713",87,35,52
"60QS001714",68,43,25
"60QS001715",86,35,51
"60QS001716",95,39,56
"60QS001717",124,55,69
"60QS001718",126,48,78
"60QS001719",88,37,51
"60QS001720",79,38,41
"60QS001721",116,44,72
"60QS001722",66,24,42
"60QS001723",128,45,83
"60QS001724",91,44,47
"60QS001725",90,25,65
"60QS001726",65,11,54
"60QS001727",78,39,39
"60QS001728",181,47,134
"60QS001729",156,48,108
"60QS001730",67,11,56
"60QS001731",90,21,69
"60QS001732",75,53,22
"60QS001733",126,15,111
"60QS001734",88,13,75
"60QS001735",74,8,66
"60QS001736",137,104,33
"60QS001737",131,29,102
"60QS001738",165,35,130
"60QS001739",145,20,125
"60QS001740",180,19,161
"60QS001741",124,28,96
"60QS001742",140,26,114
"60QS001743",105,25,80
"60QS001744",104,32,72
"60QS001745",202,46,156
"60QS001746",144,25,119
"60QS001747",124,16,108
"60QS001748",95,23,72
"60QS001749",209,52,157
"60QS001750",155,26,129
"60QS001751",186,16,170
"60QS001752",120,18,102
"60QS001753",93,4,89
"60QS001754",111,24,87
"60QS001755",156,27,129
"60QS001756",152,59,93
"60QS001757",59,33,26
"60QS001758",135,67,68
"60QS001759",116,43,73
"60QS001760",111,43,68
"60QS001761",103,44,59
"60QS001762",99,41,58
"60QS001763",147,51,96
"60QS001764",114,48,66
"60QS001765",90,40,50
"60QS001766",180,73,107
"60QS001767",85,33,52
"60QS001768",93,35,58
"60QS001769",138,28,110
"60QS001770",117,26,91
"60QS001771",120,32,88
"60QS001772",104,39,65
"60QS001773",155,36,119
"60QS001774",125,40,85
"60QS001775",81,38,43
"60QS001776",114,41,73
"60QS001777",94,37,57
"60QS001778",83,43,40
"60QS001779",191,37,154
"60QS001780",146,49,97
"60QS001781",171,34,137
"60QS001782",131,16,115
"60QS001783",200,26,174
"60QS001784",77,14,63
"60QS001785",134,25,109
"60QS001786",182,28,154
"60QS001787",131,22,109
"60QS001788",137,30,107
"60QS001789",165,26,139
"60QS001790",134,20,114
"60QS001791",137,44,93
"60QS001792",139,46,93
"60QS001793",132,48,84
"60QS001794",164,53,111
"60QS001795",151,22,129
"60QS001796",153,32,121
"60QS001797",150,38,112
"60QS001798",140,35,105
"60QS001799",93,39,54
"60QS001800",166,45,121
"60QS001801",113,38,75
"60QS001802",71,34,37
"60QS001803",161,48,113
"60QS001804",86,33,53
"60QS001805",117,32,85
"60QS001806",149,41,108
"60QS001807",63,27,36
"60QS001808",54,18,36
"60QS001809",105,43,62
"60QS001810",92,36,56
"60QS001811",135,18,117
"60QS001812",172,18,154
"60QS001813",148,18,130
"60QS001814",101,53,48
"60QS001815",171,30,141
"60QS001816",121,12,109
"60QS001817",203,19,184
"60QS001818",166,11,155
"60QS001819",142,25,117
"60QS001820",84,31,53
"60QS001821",163,105,58
"60QS001822",97,27,70
"60QS001823",87,28,59
"60QS001824",78,32,46
"60QS001825",78,32,46
"60QS001826",75,47,28
"60QS001827",58,26,32
"60QS001828",118,58,60
"60QS001829",117,51,66
"60QS001830",94,44,50
"60QS001831",87,43,44
"60QS001832",118,54,64
"60QS001833",129,64,65
"60QS001834",125,63,62
"60QS001835",135,57,78
"60QS001836",111,48,63
"60QS001837",165,37,128
"60QS001838",78,27,51
"60QS001839",120,46,74
"60QS001840",215,61,154
"60QS001841",98,44,54
"60QS001842",106,50,56
"60QS001843",124,36,88
"60QS001844",61,53,8
"60QS001845",595,208,387
"60QS001846",82,39,43
"60QS001847",140,40,100
"60QS001848",82,25,57
"60QS001849",81,22,59
"60QS001850",163,22,141
"60QS001851",142,24,118
"60QS001852",121,47,74
"60QS001853",155,23,132
"60QS001854",117,27,90
"60QS001855",115,24,91
"60QS001856",78,36,42
"60QS001857",145,63,82
"60QS001858",122,58,64
"60QS001859",67,30,37
"60QS001860",97,43,54
"60QS001861",79,34,45
"60QS001862",88,22,66
"60QS001863",86,37,49
"60QS001864",106,42,64
"60QS001865",92,41,51
"60QS001866",78,29,49
"60QS001867",104,39,65
"60QS001868",77,51,26
"60QS001869",112,48,64
"60QS001870",93,26,67
"60QS001871",155,48,107
"60QS001872",140,45,95
"60QS001873",103,39,64
"60QS001874",76,33,43
"60QS001875",153,62,91
"60QS001876",60,33,27
"60QS001877",73,48,25
"60QS001878",129,38,91
"60QS001879",103,29,74
"60QS001880",92,21,71
"60QS001881",128,48,80
"60QS001882",197,66,131
"60QS001883",67,26,41
"60QS001884",215,42,173
"60QS001885",117,17,100
"60QS001886",184,51,133
"60QS001887",143,33,110
"60QS001888",72,23,49
"60QS001889",106,28,78
"60QS001890",175,43,132
"60QS001891",137,31,106
"60QS001892",116,53,63
"60QS001893",166,31,135
"60QS001894",164,34,130
"60QS001895",73,32,41
"60QS001896",138,18,120
"60QS001897",101,30,71
"60QS001898",137,43,94
"60QS001899",90,27,63
"60QS001900",152,40,112
"60QS001901",51,9,42
"60QS001902",111,50,61
"60QS001903",119,35,84
"60QS001904",52,5,47
"60QS001905",50,13,37
"60QS001906",152,49,103
"60QS001907",60,9,51
"60QS001908",94,13,81
"60QS001909",134,14,120
"60QS001910",68,10,58
"60QS001911",145,15,130
"60QS001912",61,11,50
"60QS001913",126,22,104
"60QS001914",114,35,79
"60QS001915",81,21,60
"60QS001916",162,62,100
"60QS001917",152,54,98
"60QS001918",62,25,37
"60QS001919",126,25,101
"60QS001920",127,32,95
"60QS001921",86,37,49
"60QS001922",168,36,132
"60QS001923",150,52,98
"60QS001924",168,42,126
"60QS001925",142,38,104
"60QS001926",95,45,50
"60QS001927",111,25,86
"60QS001928",86,18,68
"60QS001929",157,61,96
"60QS001930",97,18,79
"60QS001931",147,49,98
"60QS001932",113,39,74
"60QS001933",89,37,52
"60QS001934",115,34,81
"60QS001935",98,22,76
"60QS001936",178,40,138
"60QS001937",104,20,84
"60QS001938",107,23,84
"60QS001939",174,34,140
"60QS001940",78,15,63
"60QS001941",112,32,80
"60QS001942",213,86,127
"60QS001943",51,27,24
"60QS001944",163,50,113
"60QS001945",129,46,83
"60QS001946",108,32,76
"60QS001947",118,25,93
"60QS001948",73,19,54
"60QS001949",160,26,134
"60QS001950",158,15,143
"60QS001951",67,31,36
"60QS001952",105,30,75
"60QS001953",181,59,122
"60QS001954",119,39,80
"60QS001955",182,59,123
"60QS001956",173,57,116
"60QS001957",147,44,103
"60QS001958",147,43,104
"60QS001959",83,20,63
"60QS001960",83,56,27
"60QS001961",88,30,58
"60QS001962",119,37,82
"60QS001963",117,29,88
"60QS001964",119,45,74
"60QS001965",122,36,86
"60QS001966",84,53,31
"60QS001967",112,47,65
"60QS001968",142,53,89
"60QS001969",78,42,36
"60QS001970",91,29,62
"60QS001971",127,16,111
"60QS001972",129,53,76
"60QS001973",93,10,83
"60QS001974",144,36,108
"60QS001975",182,43,139
"60QS001976",71,11,60
"60QS001977",93,32,61
"60QS001978",96,33,63
"60QS001979",127,29,98
"60QS001980",106,20,86
"60QS001981",81,31,50
"60QS001982",70,12,58
"60QS001983",159,42,117
"60QS001984",125,44,81
"60QS001985",60,14,46
"60QS001986",169,48,121
"60QS001987",131,44,87
"60QS001988",142,63,79
"60QS001989",115,27,88
"60QS001990",51,11,40
"60QS001991",92,14,78
"60QS001992",123,34,89
"60QS001993",212,40,172
"60QS001994",99,33,66
"60QS001995",85,29,56
"60QS001996",84,31,53
"60QS001997",136,35,101
"60QS001998",146,51,95
"60QS001999",122,48,74
"60QS002000",90,27,63
"60QS002001",97,40,57
"60QS002002",127,33,94
"60QS002003",129,76,53
"60QS002004",103,38,65
"60QS002005",119,25,94
"60QS002006",105,33,72
"60QS002007",150,18,132
"60QS002008",122,15,107
"60QS002009",150,67,83
"60QS002010",134,29,105
"60QS002011",81,23,58
"60QS002012",115,27,88
"60QS002013",148,50,98
"60QS002014",129,24,105
"60QS002015",137,50,87
"60QS002016",90,35,55
"60QS002017",155,50,105
"60QS002018",124,33,91
"60QS002019",110,42,68
"60QS002020",137,70,67
"60QS002021",220,123,97
"60QS002022",169,28,141
"60QS002023",143,28,115
"60QS002024",117,34,83
"60QS002025",173,31,142
"60QS002026",119,33,86
"60QS002027",172,47,125
"60QS002028",58,17,41
"60QS002029",139,40,99
"60QS002030",163,38,125
"60QS002031",147,44,103
"60QS002032",108,27,81
"60QS002033",140,40,100
"60QS002034",102,41,61
"60QS002035",95,32,63
"60QS002036",101,32,69
"60QS002037",97,56,41
"60QS002038",128,44,84
"60QS002039",84,33,51
"60QS002040",84,43,41
"60QS002041",134,31,103
"60QS002042",63,20,43
"60QS002043",117,32,85
"60QS002044",134,27,107
"60QS002045",73,28,45
"60QS002046",78,33,45
"60QS002047",159,64,95
"60QS002048",146,40,106
"60QS002049",93,50,43
"60QS002050",66,9,57
"60QS002051",57,14,43
"60QS002052",57,13,44
"60QS002053",108,47,61
"60QS002054",77,40,37
"60QS002055",80,9,71
"60QS002056",64,13,51
"60QS002057",112,17,95
"60QS002058",61,22,39
"60QS002059",120,48,72
"60QS002060",97,35,62
"60QS002061",55,25,30
"60QS002062",125,60,65
"60QS002063",78,32,46
"60QS002064",104,43,61
"60QS002065",144,37,107
"60QS002066",80,48,32
"60QS002067",103,45,58
"60QS002068",116,54,62
"60QS002069",85,44,41
"60QS002070",93,49,44
"60QS002071",72,29,43
"60QS002072",97,40,57
"60QS002073",144,28,116
"60QS002074",119,55,64
"60QS002075",94,60,34
"60QS002076",88,34,54
"60QS002077",112,71,41
"60QS002078",112,27,85
"60QS002079",116,39,77
"60QS002080",151,64,87
"60QS002081",175,75,100
"60QS002082",64,31,33
"60QS002083",106,49,57
"60QS002084",128,43,85
"60QS002085",163,69,94
"60QS002086",97,42,55
"60QS002087",108,52,56
"60QS002088",158,53,105
"60QS002089",123,37,86
"60QS002090",116,21,95
"60QS002091",85,29,56
"60QS002092",110,19,91
"60QS002093",104,21,83
"60QS002094",87,7,80
"60QS002095",55,14,41
"60QS002096",128,17,111
"60QS002097",96,22,74
"60QS002098",128,14,114
"60QS002099",93,16,77
"60QS002100",71,18,53
"60QS002101",77,12,65
"60QS002102",76,9,67
"60QS002103",92,8,84
"60QS002104",63,9,54
"60QS002105",73,9,64
"60QS002106",127,55,72
"60QS002107",128,21,107
"60QS002108",72,13,59
"60QS002109",130,14,116
"60QS002110",100,16,84
"60QS002111",125,14,111
"60QS002112",162,22,140
"60QS002113",133,12,121
"60QS002114",63,9,54
"60QS002115",80,11,69
"60QS002116",78,7,71
"60QS002117",159,46,113
"60QS002118",188,31,157
"60QS002119",166,31,135
"60QS002120",176,18,158
"60QS002121",142,8,134
"60QS002122",125,22,103
"60QS002123",130,19,111
"60QS002124",98,24,74
"60QS002125",70,11,59
"60QS002126",114,17,97
"60QS002127",127,21,106
"60QS002128",227,33,194
"60QS002129",173,25,148
"60QS002130",194,27,167
"60QS002131",134,17,117
"60QS002132",230,44,186
"60QS002133",228,34,194
"60QS002134",139,26,113
"60QS002135",181,21,160
"60QS002136",122,13,109
"60QS002137",130,20,110
"60QS002138",90,14,76
"60QS002139",352,100,252
"60QS002140",311,60,251
"60QS002141",147,25,122
"60QS002142",135,28,107
"60QS002143",91,11,80
"60QS002144",73,10,63
"60QS002145",126,36,90
"60QS002146",83,41,42
"60QS002147",72,26,46
"60QS002148",89,20,69
"60QS002149",73,9,64
"60QS002150",78,20,58
"60QS002151",70,4,66
"60QS002152",92,10,82
"60QS002153",108,15,93
"60QS002154",118,16,102
"60QS002155",154,21,133
"60QS002156",70,2,68
"60QS002157",71,7,64
"60QS002158",93,12,81
"60QS002159",97,11,86
"60QS002160",75,8,67
"60QS002161",185,22,163
"60QS002162",217,107,110
"60QS002163",99,9,90
"60QS002164",94,4,90
"60QS002165",107,8,99
"60QS002166",115,8,107
"60QS002167",94,22,72
"60QS002168",114,27,87
"60QS002169",84,18,66
"60QS002170",99,22,77
"60QS002171",96,22,74
"60QS002172",64,15,49
"60QS002173",130,15,115
"60QS002174",79,14,65
"60QS002175",68,5,63
"60QS002176",87,6,81
"60QS002177",78,7,71
"60QS002178",86,11,75
"60QS002179",85,18,67
"60QS002180",121,11,110
"60QS002181",91,22,69
"60QS002182",125,29,96
"60QS002183",73,7,66
"60QS002184",87,14,73
"60QS002185",83,5,78
"60QS002186",83,6,77
"60QS002187",111,13,98
"60QS002188",116,19,97
"60QS002189",98,13,85
"60QS002190",101,6,95
"60QS002191",101,23,78
"60QS002192",68,11,57
"60QS002193",203,16,187
"60QS002194",83,13,70
"60QS002195",186,24,162
"60QS002196",106,16,90
"60QS002197",106,12,94
"60QS002198",62,12,50
"60QS002199",124,21,103
"60QS002200",107,44,63
"60QS002201",113,20,93
"60QS002202",73,6,67
"60QS002203",82,20,62
"60QS002204",107,26,81
"60QS002205",98,16,82
"60QS002206",72,24,48
"60QS002207",127,41,86
"60QS002208",115,41,74
"60QS002209",99,15,84
"60QS002210",60,6,54
"60QS002211",67,23,44
"60QS002212",117,60,57
"60QS002213",136,42,94
"60QS002214",136,19,117
"60QS002215",52,13,39
"60QS002216",50,13,37
"60QS002217",109,16,93
"60QS002218",110,23,87
"60QS002219",128,12,116
"60QS002220",241,54,187
"60QS002221",185,24,161
"60QS002222",158,21,137
"60QS002223",75,15,60
"60QS002224",101,36,65
"60QS002225",137,36,101
"60QS002226",73,29,44
"60QS002227",159,15,144
"60QS002228",193,28,165
"60QS002229",157,27,130
"60QS002230",161,38,123
"60QS002231",159,41,118
"60QS002232",150,33,117
"60QS002233",69,9,60
"60QS002234",155,22,133
"60QS002235",144,28,116
"60QS002236",116,17,99
"60QS002237",107,13,94
"60QS002238",113,9,104
"60QS002239",126,16,110
"60QS002240",118,16,102
"60QS002241",113,16,97
"60QS002242",126,20,106
"60QS002243",112,16,96
"60QS002244",190,40,150
"60QS002245",125,33,92
"60QS002246",111,22,89
"60QS002247",147,12,135
"60QS002248",222,80,142
"60QS002249",145,51,94
"60QS002250",236,21,215
"60QS002251",136,8,128
"60QS002252",163,12,151
"60QS002253",115,18,97
"60QS002254",206,24,182
"60QS002255",173,14,159
"60QS002256",125,5,120
"60QS002257",99,14,85
"60QS002258",139,14,125
"60QS002259",77,31,46
"60QS002260",84,27,57
"60QS002261",62,28,34
"60QS002262",59,25,34
"60QS002263",147,19,128
"60QS002264",124,25,99
"60QS002265",115,20,95
"60QS002266",139,44,95
"60QS002267",92,33,59
"60QS002268",137,19,118
"60QS002269",163,23,140
"60QS002270",64,8,56
"60QS002271",122,37,85
"60QS002272",104,12,92
"60QS002273",164,26,138
"60QS002274",79,16,63
"60QS002275",178,28,150
"60QS002276",256,46,210
"60QS002277",138,20,118
"60QS002278",148,60,88
"60QS002279",119,12,107
"60QS002280",137,15,122
"60QS002281",63,33,30
"60QS002282",54,25,29
"60QS002283",59,32,27
"60QS002284",82,37,45
"60QS002285",111,38,73
"60QS002286",161,48,113
"60QS002287",127,35,92
"60QS002288",149,48,101
"60QS002289",86,26,60
"60QS002290",90,20,70
"60QS002291",88,19,69
"60QS002292",141,20,121
"60QS002293",97,18,79
"60QS002294",171,35,136
"60QS002295",164,22,142
"60QS002296",129,31,98
"60QS002297",182,34,148
"60QS002298",110,17,93
"60QS002299",56,9,47
"60QS002300",54,15,39
"60QS002301",97,26,71
"60QS002302",132,16,116
"60QS002303",59,16,43
"60QS002304",61,10,51
"60QS002305",110,45,65
"60QS002306",94,51,43
"60QS002307",112,34,78
"60QS002308",130,46,84
"60QS002309",84,23,61
"60QS002310",55,12,43
"60QS002311",74,19,55
"60QS002312",74,19,55
"60QS002313",87,22,65
"60QS002314",70,14,56
"60QS002315",71,21,50
"60QS002316",141,38,103
"60QS002317",153,31,122
"60QS002318",73,13,60
"60QS002319",129,32,97
"60QS002320",132,15,117
"60QS002321",122,19,103
"60QS002322",68,22,46
"60QS002323",148,54,94
"60QS002324",99,38,61
"60QS002325",100,59,41
"60QS002326",76,30,46
"60QS002327",187,43,144
"60QS002328",130,30,100
"60QS002329",142,44,98
"60QS002330",88,23,65
"60QS002331",68,30,38
"60QS002332",147,42,105
"60QS002333",83,22,61
"60QS002334",68,21,47
"60QS002335",96,24,72
"60QS002336",112,37,75
"60QS002337",101,35,66
"60QS002338",116,44,72
"60QS002339",73,32,41
"60QS002340",118,21,97
"60QS002341",195,39,156
"60QS002342",116,38,78
"60QS002343",122,21,101
"60QS002344",101,35,66
"60QS002345",76,32,44
"60QS002346",126,57,69
"60QS002347",129,55,74
"60QS002348",67,23,44
"60QS002349",69,22,47
"60QS002350",101,20,81
"60QS002351",92,9,83
"60QS002352",163,27,136
"60QS002353",179,41,138
"60QS002354",197,59,138
"60QS002355",119,35,84
"60QS002356",146,25,121
"60QS002357",138,30,108
"60QS002358",195,21,174
"60QS002359",234,41,193
"60QS002360",113,33,80
"60QS002361",111,20,91
"60QS002362",87,21,66
"60QS002363",109,34,75
"60QS002364",107,36,71
"60QS002365",127,35,92
"60QS002366",88,32,56
"60QS002367",62,16,46
"60QS002368",112,27,85
"60QS002369",111,20,91
"60QS002370",89,24,65
"60QS002371",95,18,77
"60QS002372",152,27,125
"60QS002373",102,21,81
"60QS002374",108,21,87
"60QS002375",90,15,75
"60QS002376",91,20,71
"60QS002377",147,28,119
"60QS002378",161,36,125
"60QS002379",115,18,97
"60QS002380",116,22,94
"60QS002381",143,20,123
"60QS002382",162,38,124
"60QS002383",104,19,85
"60QS002384",144,27,117
"60QS002385",100,23,77
"60QS002386",86,19,67
"60QS002387",105,17,88
"60QS002388",72,13,59
"60QS002389",111,17,94
"60QS002390",145,24,121
"60QS002391",115,19,96
"60QS002392",127,36,91
"60QS002393",113,26,87
"60QS002394",96,16,80
"60QS002395",59,16,43
"60QS002396",96,5,91
"60QS002397",130,17,113
"60QS002398",70,18,52
"60QS002399",63,14,49
"60QS002400",83,19,64
"60QS002401",101,17,84
"60QS002402",79,18,61
"60QS002403",93,16,77
"60QS002404",69,22,47
"60QS002405",103,22,81
"60QS002406",165,19,146
"60QS002407",99,15,84
"60QS002408",99,6,93
"60QS002409",123,14,109
"60QS002410",96,16,80
"60QS002411",88,8,80
"60QS002412",141,17,124
"60QS002413",110,19,91
"60QS002414",159,19,140
"60QS002415",62,10,52
"60QS002416",66,12,54
"60QS002417",64,7,57
"60QS002418",121,34,87
"60QS002419",118,14,104
"60QS002420",77,14,63
"60QS002421",90,35,55
"60QS002422",83,9,74
"60QS002423",107,5,102
"60QS002424",71,15,56
"60QS002425",100,15,85
"60QS002426",71,14,57
"60QS002427",69,4,65
"60QS002428",102,11,91
"60QS002429",95,12,83
"60QS002430",105,21,84
"60QS002431",153,25,128
"60QS002432",126,11,115
"60QS002433",72,13,59
"60QS002434",83,29,54
"60QS002435",99,31,68
"60QS002436",60,21,39
"60QS002437",80,21,59
"60QS002438",101,17,84
"60QS002439",57,11,46
"60QS002440",87,5,82
"60QS002441",120,18,102
"60QS002442",79,10,69
"60QS002443",91,10,81
"60QS002444",51,33,18
"60QS002445",193,33,160
"60QS002446",151,14,137
"60QS002447",95,11,84
"60QS002448",95,13,82
"60QS002449",192,31,161
"60QS002450",85,17,68
"60QS002451",95,9,86
"60QS002452",68,12,56
"60QS002453",57,7,50
"60QS002454",63,8,55
"60QS002455",83,10,73
"60QS002456",109,11,98
"60QS002457",124,22,102
"60QS002458",135,17,118
"60QS002459",130,11,119
"60QS002460",153,12,141
"60QS002461",163,22,141
"60QS002462",73,14,59
"60QS002463",127,26,101
"60QS002464",61,9,52
"60QS002465",82,22,60
"60QS002466",136,35,101
"60QS002467",110,23,87
"60QS002468",73,8,65
"60QS002469",72,22,50
"60QS002470",111,13,98
"60QS002471",65,15,50
"60QS002472",93,50,43
"60QS002473",70,45,25
"60QS002474",60,10,50
"60QS002475",111,37,74
"60QS002476",80,28,52
"60QS002477",137,41,96
"60QS002478",125,39,86
"60QS002479",87,16,71
"60QS002480",124,29,95
"60QS002481",159,68,91
"60QS002482",158,48,110
"60QS002483",171,58,113
"60QS002484",149,30,119
"60QS002485",70,34,36
"60QS002486",123,27,96
"60QS002487",161,55,106
"60QS002488",95,37,58
"60QS002489",140,47,93
"60QS002490",104,31,73
"60QS002491",141,48,93
"60QS002492",151,46,105
"60QS002493",134,45,89
"60QS002494",110,37,73
"60QS002495",122,38,84
"60QS002496",101,48,53
"60QS002497",91,29,62
"60QS002498",96,26,70
"60QS002499",142,43,99
"60QS002500",126,36,90
"60QS002501",131,35,96
"60QS002502",124,51,73
"60QS002503",69,39,30
"60QS002504",64,39,25
"60QS002505",60,38,22
"60QS002506",93,35,58
"60QS002507",89,35,54
"60QS002508",139,35,104
"60QS002509",99,13,86
"60QS002510",121,36,85
"60QS002511",96,30,66
"60QS002512",115,11,104
"60QS002513",83,17,66
"60QS002514",223,30,193
"60QS002515",167,50,117
"60QS002516",181,45,136
"60QS002517",185,51,134
"60QS002518",124,42,82
"60QS002519",155,36,119
"60QS002520",161,48,113
"60QS002521",183,61,122
"60QS002522",134,44,90
"60QS002523",182,44,138
"60QS002524",86,31,55
"60QS002525",101,47,54
"60QS002526",126,43,83
"60QS002527",107,26,81
"60QS002528",114,41,73
"60QS002529",117,76,41
"60QS002530",105,30,75
"60QS002531",90,46,44
"60QS002532",79,24,55
"60QS002533",89,21,68
"60QS002534",125,48,77
"60QS002535",101,43,58
"60QS002536",102,38,64
"60QS002537",56,10,46
"60QS002538",121,24,97
"60QS002539",68,38,30
"60QS002540",139,40,99
"60QS002541",86,35,51
"60QS002542",64,15,49
"60QS002543",85,52,33
"60QS002544",104,23,81
"60QS002545",156,16,140
"60QS002546",176,48,128
"60QS002547",55,9,46
"60QS002548",61,9,52
"60QS002549",89,21,68
"60QS002550",117,39,78
"60QS002551",86,30,56
"60QS002552",91,19,72
"60QS002553",203,42,161
"60QS002554",151,36,115
"60QS002555",133,36,97
"60QS002556",58,17,41
"60QS002557",87,19,68
"60QS002558",102,30,72
"60QS002559",135,38,97
"60QS002560",82,43,39
"60QS002561",154,45,109
"60QS002562",112,23,89
"60QS002563",83,22,61
"60QS002564",152,41,111
"60QS002565",153,13,140
"60QS002566",197,20,177
"60QS002567",100,6,94
"60QS002568",134,29,105
"60QS002569",122,18,104
"60QS002570",100,33,67
"60QS002571",113,36,77
"60QS002572",93,31,62
"60QS002573",178,43,135
"60QS002574",100,19,81
"60QS002575",181,19,162
"60QS002576",119,21,98
"60QS002577",94,21,73
"60QS002578",170,19,151
"60QS002579",109,13,96
"60QS002580",187,19,168
"60QS002581",143,13,130
"60QS002582",136,11,125
"60QS002583",108,17,91
"60QS002584",149,18,131
"60QS002585",143,20,123
"60QS002586",136,9,127
"60QS002587",161,33,128
"60QS002588",117,18,99
"60QS002589",128,8,120
"60QS002590",154,11,143
"60QS002591",100,26,74
"60QS002592",155,49,106
"60QS002593",114,31,83
"60QS002594",118,46,72
"60QS002595",72,29,43
"60QS002596",145,47,98
"60QS002597",82,27,55
"60QS002598",75,27,48
"60QS002599",101,29,72
"60QS002600",119,34,85
"60QS002601",83,18,65
"60QS002602",141,35,106
"60QS002603",117,38,79
"60QS002604",88,31,57
"60QS002605",160,20,140
"60QS002606",161,18,143
"60QS002607",168,15,153
"60QS002608",183,15,168
"60QS002609",128,14,114
"60QS002610",138,6,132
"60QS002611",137,17,120
"60QS002612",128,19,109
"60QS002613",150,20,130
"60QS002614",145,22,123
"60QS002615",189,39,150
"60QS002616",202,29,173
"60QS002617",131,22,109
"60QS002618",188,17,171
"60QS002619",83,12,71
"60QS002620",140,9,131
"60QS002621",92,11,81
"60QS002622",108,39,69
"60QS002623",86,16,70
"60QS002624",146,21,125
"60QS002625",100,17,83
"60QS002626",106,16,90
"60QS002627",67,11,56
"60QS002628",101,10,91
"60QS002629",119,28,91
"60QS002630",218,34,184
"60QS002631",163,22,141
"60QS002632",144,17,127
"60QS002633",148,13,135
"60QS002634",190,20,170
"60QS002635",124,24,100
"60QS002636",123,21,102
"60QS002637",62,8,54
"60QS002638",164,24,140
"60QS002639",216,28,188
"60QS002640",126,59,67
"60QS002641",124,20,104
"60QS002642",138,25,113
"60QS002643",163,21,142
"60QS002644",80,11,69
"60QS002645",127,22,105
"60QS002646",86,20,66
"60QS002647",61,7,54
"60QS002648",60,10,50
"60QS002649",128,22,106
"60QS002650",101,17,84
"60QS002651",76,11,65
"60QS002652",88,13,75
"60QS002653",54,3,51
"60QS002654",106,31,75
"60QS002655",91,19,72
"60QS002656",117,33,84
"60QS002657",60,9,51
"60QS002658",57,11,46
"60QS002659",102,22,80
"60QS002660",80,34,46
"60QS002661",81,36,45
"60QS002662",64,16,48
"60QS002663",91,20,71
"60QS002664",57,8,49
"60QS002665",67,15,52
"60QS002666",79,18,61
"60QS002667",134,43,91
"60QS002668",139,38,101
"60QS002669",89,18,71
"60QS002670",127,21,106
"60QS002671",174,15,159
"60QS002672",190,21,169
"60QS002673",141,25,116
"60QS002674",179,34,145
"60QS002675",223,25,198
"60QS002676",201,32,169
"60QS002677",154,24,130
"60QS002678",156,29,127
"60QS002679",128,17,111
"60QS002680",101,21,80
"60QS002681",117,19,98
"60QS002682",122,16,106
"60QS002683",103,24,79
"60QS002684",151,26,125
"60QS002685",134,14,120
"60QS002686",141,17,124
"60QS002687",63,13,50
"60QS002688",95,13,82
"60QS002689",124,18,106
"60QS002690",137,18,119
"60QS002691",219,33,186
"60QS002692",182,33,149
"60QS002693",137,21,116
"60QS002694",109,11,98
"60QS002695",152,25,127
"60QS002696",156,12,144
"60QS002697",108,9,99
"60QS002698",112,13,99
"60QS002699",166,22,144
"60QS002700",115,13,102
"60QS002701",108,20,88
"60QS002702",151,16,135
"60QS002703",122,14,108
"60QS002704",110,24,86
"60QS002705",189,22,167
"60QS002706",106,12,94
"60QS002707",86,12,74
"60QS002708",170,21,149
"60QS002709",113,19,94
"60QS002710",119,47,72
"60QS002711",114,22,92
"60QS002712",145,14,131
"60QS002713",56,27,29
"60QS002714",170,9,161
"60QS002715",130,19,111
"60QS002716",114,15,99
"60QS002717",186,34,152
"60QS002718",116,20,96
"60QS002719",129,24,105
"60QS002720",82,8,74
"60QS002721",230,26,204
"60QS002722",203,24,179
"60QS002723",128,27,101
"60QS002724",177,29,148
"60QS002725",150,25,125
"60QS002726",83,14,69
"60QS002727",114,18,96
"60QS002728",148,25,123
"60QS002729",101,16,85
"60QS002730",128,36,92
"60QS002731",136,19,117
"60QS002732",112,12,100
"60QS002733",174,35,139
"60QS002734",138,23,115
"60QS002735",155,23,132
"60QS002736",110,25,85
"60QS002737",73,6,67
"60QS002738",64,10,54
"60QS002739",130,23,107
"60QS002740",153,25,128
"60QS002741",114,19,95
"60QS002742",61,12,49
"60QS002743",119,23,96
"60QS002744",177,23,154
"60QS002745",144,22,122
"60QS002746",91,16,75
"60QS002747",114,23,91
"60QS002748",167,24,143
"60QS002749",111,10,101
"60QS002750",111,22,89
"60QS002751",158,24,134
"60QS002752",103,14,89
"60QS002753",129,15,114
"60QS002754",124,16,108
"60QS002755",99,17,82
"60QS002756",130,16,114
"60QS002757",101,15,86
"60QS002758",151,19,132
"60QS002759",93,10,83
"60QS002760",98,14,84
"60QS002761",89,19,70
"60QS002762",132,18,114
"60QS002763",77,20,57
"60QS002764",120,39,81
"60QS002765",190,26,164
"60QS002766",112,16,96
"60QS002767",127,20,107
"60QS002768",100,8,92
"60QS002769",116,23,93
"60QS002770",130,17,113
"60QS002771",93,15,78
"60QS002772",141,19,122
"60QS002773",90,18,72
"60QS002774",152,21,131
"60QS002775",106,5,101
"60QS002776",140,19,121
"60QS002777",123,8,115
"60QS002778",97,9,88
"60QS002779",163,16,147
"60QS002780",107,10,97
"60QS002781",140,19,121
"60QS002782",179,23,156
"60QS002783",149,24,125
"60QS002784",156,21,135
"60QS002785",175,21,154
"60QS002786",115,15,100
"60QS002787",105,22,83
"60QS002788",120,15,105
"60QS002789",152,35,117
"60QS002790",91,36,55
"60QS002791",119,30,89
"60QS002792",133,45,88
"60QS002793",139,40,99
"60QS002794",166,57,109
"60QS002795",101,46,55
"60QS002796",172,54,118
"60QS002797",150,41,109
"60QS002798",151,47,104
"60QS002799",112,47,65
"60QS002800",57,32,25
"60QS002801",136,51,85
"60QS002802",125,31,94
"60QS002803",83,29,54
"60QS002804",109,54,55
"60QS002805",109,25,84
"60QS002806",86,37,49
"60QS002807",116,52,64
"60QS002808",112,57,55
"60QS002809",94,37,57
"60QS002810",55,17,38
"60QS002811",84,24,60
"60QS002812",186,56,130
"60QS002813",98,32,66
"60QS002814",66,16,50
"60QS002815",62,19,43
"60QS002816",145,76,69
"60QS002817",115,50,65
"60QS002818",146,40,106
"60QS002819",150,33,117
"60QS002820",103,31,72
"60QS002821",172,19,153
"60QS002822",52,18,34
"60QS002823",109,44,65
"60QS002824",130,61,69
"60QS002825",111,57,54
"60QS002826",166,52,114
"60QS002827",129,51,78
"60QS002828",140,49,91
"60QS002829",95,30,65
"60QS002830",107,31,76
"60QS002831",132,37,95
"60QS002832",96,30,66
"60QS002833",195,60,135
"60QS002834",71,28,43
"60QS002835",91,47,44
"60QS002836",90,40,50
"60QS002837",85,40,45
"60QS002838",128,45,83
"60QS002839",88,34,54
"60QS002840",128,46,82
"60QS002841",52,18,34
"60QS002842",60,23,37
"60QS002843",63,10,53
"60QS002844",104,18,86
"60QS002845",139,41,98
"60QS002846",94,23,71
"60QS002847",159,46,113
"60QS002848",153,26,127
"60QS002849",159,30,129
"60QS002850",108,36,72
"60QS002851",101,18,83
"60QS002852",112,24,88
"60QS002853",99,44,55
"60QS002854",123,31,92
"60QS002855",137,31,106
"60QS002856",82,28,54
"60QS002857",171,42,129
"60QS002858",50,19,31
"60QS002859",169,14,155
"60QS002860",164,25,139
"60QS002861",127,39,88
"60QS002862",83,28,55
"60QS002863",99,36,63
"60QS002864",161,12,149
"60QS002865",120,17,103
"60QS002866",115,14,101
"60QS002867",100,35,65
"60QS002868",133,38,95
"60QS002869",90,26,64
"60QS002870",104,15,89
"60QS002871",90,14,76
"60QS002872",141,50,91
"60QS002873",110,28,82
"60QS002874",94,22,72
"60QS002875",58,13,45
"60QS002876",90,33,57
"60QS002877",79,17,62
"60QS002878",77,19,58
"60QS002879",157,41,116
"60QS002880",107,23,84
"60QS002881",130,34,96
"60QS002882",119,26,93
"60QS002883",126,42,84
"60QS002884",102,20,82
"60QS002885",80,24,56
"60QS002886",97,16,81
"60QS002887",94,19,75
"60QS002888",67,13,54
"60QS002889",102,25,77
"60QS002890",104,36,68
"60QS002891",74,21,53
"60QS002892",61,19,42
"60QS002893",111,36,75
"60QS002894",106,47,59
"60QS002895",115,46,69
"60QS002896",118,54,64
"60QS002897",185,59,126
"60QS002898",87,31,56
"60QS002899",120,42,78
"60QS002900",84,33,51
"60QS002901",92,25,67
"60QS002902",79,30,49
"60QS002903",83,37,46
"60QS002904",93,29,64
"60QS002905",102,46,56
"60QS002906",111,33,78
"60QS002907",91,25,66
"60QS002908",114,32,82
"60QS002909",105,25,80
"60QS002910",102,27,75
"60QS002911",123,39,84
"60QS002912",131,40,91
"60QS002913",56,14,42
"60QS002914",86,30,56
"60QS002915",98,28,70
"60QS002916",111,18,93
"60QS002917",76,15,61
"60QS002918",105,41,64
"60QS002919",112,21,91
"60QS002920",103,10,93
"60QS002921",54,10,44
"60QS002922",151,28,123
"60QS002923",86,18,68
"60QS002924",101,24,77
"60QS002925",71,6,65
"60QS002926",84,14,70
"60QS002927",78,11,67
"60QS002928",104,16,88
"60QS002929",169,15,154
"60QS002930",72,9,63
"60QS002931",212,32,180
"60QS002932",221,29,192
"60QS002933",81,14,67
"60QS002934",65,7,58
"60QS002935",169,35,134
"60QS002936",161,73,88
"60QS002937",88,35,53
"60QS002938",93,38,55
"60QS002939",187,25,162
"60QS002940",120,38,82
"60QS002941",87,18,69
"60QS002942",58,10,48
"60QS002943",94,19,75
"60QS002944",87,15,72
"60QS002945",76,13,63
"60QS002946",80,11,69
"60QS002947",129,28,101
"60QS002948",59,20,39
"60QS002949",163,43,120
"60QS002950",133,24,109
"60QS002951",81,12,69
"60QS002952",147,31,116
"60QS002953",96,56,40
"60QS002954",173,43,130
"60QS002955",232,35,197
"60QS002956",133,34,99
"60QS002957",76,18,58
"60QS002958",94,28,66
"60QS002959",79,11,68
"60QS002960",90,10,80
"60QS002961",71,38,33
"60QS002962",99,21,78
"60QS002963",150,38,112
"60QS002964",59,24,35
"60QS002965",163,31,132
"60QS002966",115,16,99
"60QS002967",75,13,62
"60QS002968",106,50,56
"60QS002969",84,33,51
"60QS002970",152,51,101
"60QS002971",100,35,65
"60QS002972",135,39,96
"60QS002973",154,29,125
"60QS002974",128,35,93
"60QS002975",162,35,127
"60QS002976",144,39,105
"60QS002977",110,28,82
"60QS002978",83,29,54
"60QS002979",129,70,59
"60QS002980",135,41,94
"60QS002981",91,44,47
"60QS002982",100,35,65
"60QS002983",81,26,55
"60QS002984",127,56,71
"60QS002985",109,50,59
"60QS002986",101,27,74
"60QS002987",72,29,43
"60QS002988",157,63,94
"60QS002989",117,54,63
"60QS002990",71,39,32
"60QS002991",51,26,25
"60QS002992",77,25,52
"60QS002993",84,30,54
"60QS002994",84,49,35
"60QS002995",190,50,140
"60QS002996",137,40,97
"60QS002997",93,41,52
"60QS002998",127,48,79
"60QS002999",112,38,74
"60QS003000",102,34,68
"60QS003001",99,28,71
"60QS003002",174,89,85
"60QS003003",70,24,46
"60QS003004",108,33,75
"60QS003005",124,47,77
"60QS003006",115,28,87
"60QS003007",98,13,85
"60QS003008",131,33,98
"60QS003009",104,15,89
"60QS003010",107,35,72
"60QS003011",86,32,54
"60QS003012",135,39,96
"60QS003013",91,24,67
"60QS003014",106,45,61
"60QS003015",176,51,125
"60QS003016",103,19,84
"60QS003017",106,41,65
"60QS003018",126,32,94
"60QS003019",114,27,87
"60QS003020",69,17,52
"60QS003021",97,28,69
"60QS003022",77,17,60
"60QS003023",104,26,78
"60QS003024",111,37,74
"60QS003025",148,32,116
"60QS003026",111,30,81
"60QS003027",80,17,63
"60QS003028",122,33,89
"60QS003029",80,28,52
"60QS003030",122,36,86
"60QS003031",131,38,93
"60QS003032",101,32,69
"60QS003033",118,27,91
"60QS003034",103,38,65
"60QS003035",140,45,95
"60QS003036",118,35,83
"60QS003037",84,38,46
"60QS003038",107,46,61
"60QS003039",139,53,86
"60QS003040",104,44,60
"60QS003041",159,54,105
"60QS003042",140,48,92
"60QS003043",101,35,66
"60QS003044",129,67,62
"60QS003045",90,34,56
"60QS003046",130,39,91
"60QS003047",73,44,29
"60QS003048",73,39,34
"60QS003049",110,59,51
"60QS003050",109,36,73
"60QS003051",245,64,181
"60QS003052",164,13,151
"60QS003053",133,50,83
"60QS003054",99,25,74
"60QS003055",99,40,59
"60QS003056",99,24,75
"60QS003057",118,35,83
"60QS003058",94,22,72
"60QS003059",100,34,66
"60QS003060",57,21,36
"60QS003061",72,15,57
"60QS003062",87,16,71
"60QS003063",119,33,86
"60QS003064",50,11,39
"60QS003065",98,30,68
"60QS003066",52,10,42
"60QS003067",97,26,71
"60QS003068",99,18,81
"60QS003069",58,10,48
"60QS003070",58,18,40
"60QS003071",64,13,51
"60QS003072",130,33,97
"60QS003073",66,17,49
"60QS003074",67,21,46
"60QS003075",73,36,37
"60QS003076",107,59,48
"60QS003077",57,8,49
"60QS003078",61,14,47
"60QS003079",116,26,90
"60QS003080",145,36,109
"60QS003081",124,27,97
"60QS003082",130,34,96
"60QS003083",112,34,78
"60QS003084",96,38,58
"60QS003085",94,36,58
"60QS003086",151,57,94
"60QS003087",124,42,82
"60QS003088",128,24,104
"60QS003089",104,36,68
"60QS003090",179,57,122
"60QS003091",162,54,108
"60QS003092",105,40,65
"60QS003093",98,30,68
"60QS003094",133,44,89
"60QS003095",120,34,86
"60QS003096",96,40,56
"60QS003097",124,30,94
"60QS003098",152,41,111
"60QS003099",116,32,84
"60QS003100",150,32,118
"60QS003101",77,22,55
"60QS003102",115,38,77
"60QS003103",123,45,78
"60QS003104",102,26,76
"60QS003105",114,23,91
"60QS003106",77,30,47
"60QS003107",113,45,68
"60QS003108",90,32,58
"60QS003109",123,39,84
"60QS003110",92,32,60
"60QS003111",126,34,92
"60QS003112",87,29,58
"60QS003113",86,33,53
"60QS003114",90,52,38
"60QS003115",92,41,51
"60QS003116",70,29,41
"60QS003117",129,54,75
"60QS003118",100,52,48
"60QS003119",131,58,73
"60QS003120",116,39,77
"60QS003121",99,28,71
"60QS003122",80,27,53
"60QS003123",106,34,72
"60QS003124",85,39,46
"60QS003125",66,33,33
"60QS003126",91,40,51
"60QS003127",91,45,46
"60QS003128",113,41,72
"60QS003129",121,60,61
"60QS003130",92,38,54
"60QS003131",117,39,78
"60QS003132",115,41,74
"60QS003133",120,32,88
"60QS003134",73,36,37
"60QS003135",93,18,75
"60QS003136",111,48,63
"60QS003137",130,27,103
"60QS003138",67,16,51
"60QS003139",67,24,43
"60QS003140",106,18,88
"60QS003141",84,43,41
"60QS003142",91,44,47
"60QS003143",211,66,145
"60QS003144",200,69,131
"60QS003145",191,64,127
"60QS003146",235,66,169
"60QS003147",90,25,65
"60QS003148",143,24,119
"60QS003149",133,34,99
"60QS003150",80,47,33
"60QS003151",66,39,27
"60QS003152",56,30,26
"60QS003153",75,42,33
"60QS003154",59,9,50
"60QS003155",94,51,43
"60QS003156",221,57,164
"60QS003157",118,26,92
"60QS003158",102,15,87
"60QS003159",104,9,95
"60QS003160",168,24,144
"60QS003161",116,15,101
"60QS003162",110,17,93
"60QS003163",120,19,101
"60QS003164",79,18,61
"60QS003165",115,12,103
"60QS003166",123,17,106
"60QS003167",133,21,112
"60QS003168",214,35,179
"60QS003169",108,35,73
"60QS003170",73,37,36
"60QS003171",67,44,23
"60QS003172",57,33,24
"60QS003173",130,18,112
"60QS003174",115,12,103
"60QS003175",133,43,90
"60QS003176",88,24,64
"60QS003177",121,35,86
"60QS003178",81,32,49
"60QS003179",136,46,90
"60QS003180",107,43,64
"60QS003181",87,29,58
"60QS003182",146,36,110
"60QS003183",109,26,83
"60QS003184",155,25,130
"60QS003185",99,14,85
"60QS003186",192,22,170
"60QS003187",179,24,155
"60QS003188",92,21,71
"60QS003189",131,25,106
"60QS003190",103,22,81
"60QS003191",94,58,36
"60QS003192",146,22,124
"60QS003193",114,18,96
"60QS003194",127,16,111
"60QS003195",118,33,85
"60QS003196",137,30,107
"60QS003197",103,25,78
"60QS003198",165,29,136
"60QS003199",129,28,101
"60QS003200",122,42,80
"60QS003201",155,34,121
"60QS003202",100,18,82
"60QS003203",105,27,78
"60QS003204",152,39,113
"60QS003205",93,29,64
"60QS003206",91,16,75
"60QS003207",89,39,50
"60QS003208",91,37,54
"60QS003209",98,39,59
"60QS003210",126,41,85
"60QS003211",137,69,68
"60QS003212",91,32,59
"60QS003213",118,34,84
"60QS003214",97,37,60
"60QS003215",93,32,61
"60QS003216",76,20,56
"60QS003217",120,23,97
"60QS003218",69,21,48
"60QS003219",72,28,44
"60QS003220",195,36,159
"60QS003221",174,48,126
"60QS003222",124,38,86
"60QS003223",157,41,116
"60QS003224",94,59,35
"60QS003225",112,15,97
"60QS003226",57,12,45
"60QS003227",195,31,164
"60QS003228",189,37,152
"60QS003229",135,34,101
"60QS003230",124,22,102
"60QS003231",99,17,82
"60QS003232",125,50,75
"60QS003233",70,32,38
"60QS003234",120,35,85
"60QS003235",185,35,150
"60QS003236",111,27,84
"60QS003237",113,37,76
"60QS003238",160,35,125
"60QS003239",156,52,104
"60QS003240",59,32,27
"60QS003241",134,24,110
"60QS003242",153,27,126
"60QS003243",118,45,73
"60QS003244",145,42,103
"60QS003245",182,15,167
"60QS003246",167,22,145
"60QS003247",94,21,73
"60QS003248",143,24,119
"60QS003249",169,23,146
"60QS003250",95,26,69
"60QS003251",139,13,126
"60QS003252",107,17,90
"60QS003253",119,32,87
"60QS003254",88,26,62
"60QS003255",99,15,84
"60QS003256",166,23,143
"60QS003257",69,23,46
"60QS003258",71,28,43
"60QS003259",172,114,58
"60QS003260",53,31,22
"60QS003261",61,19,42
"60QS003262",71,21,50
"60QS003263",72,22,50
"60QS003264",92,27,65
"60QS003265",65,22,43
"60QS003266",107,26,81
"60QS003267",61,25,36
"60QS003268",234,58,176
"60QS003269",205,31,174
"60QS003270",150,24,126
"60QS003271",127,21,106
"60QS003272",92,34,58
"60QS003273",139,15,124
"60QS003274",107,26,81
"60QS003275",124,11,113
"60QS003276",83,23,60
"60QS003277",72,28,44
"60QS003278",174,25,149
"60QS003279",101,33,68
"60QS003280",117,40,77
"60QS003281",126,42,84
"60QS003282",161,56,105
"60QS003283",152,55,97
"60QS003284",136,45,91
"60QS003285",125,37,88
"60QS003286",107,37,70
"60QS003287",133,48,85
"60QS003288",156,33,123
"60QS003289",147,46,101
"60QS003290",119,26,93
"60QS003291",206,94,112
"60QS003292",144,35,109
"60QS003293",108,45,63
"60QS003294",103,42,61
"60QS003295",119,33,86
"60QS003296",160,24,136
"60QS003297",112,34,78
"60QS003298",199,35,164
"60QS003299",135,50,85
"60QS003300",144,45,99
"60QS003301",93,29,64
"60QS003302",133,33,100
"60QS003303",124,47,77
"60QS003304",117,40,77
"60QS003305",113,26,87
"60QS003306",55,14,41
"60QS003307",110,50,60
"60QS003308",78,21,57
"60QS003309",178,36,142
"60QS003310",146,46,100
"60QS003311",137,36,101
"60QS003312",149,54,95
"60QS003313",168,39,129
"60QS003314",94,37,57
"60QS003315",111,26,85
"60QS003316",53,11,42
"60QS003317",184,34,150
"60QS003318",128,41,87
"60QS003319",123,45,78
"60QS003320",91,18,73
"60QS003321",127,35,92
"60QS003322",161,50,111
"60QS003323",129,56,73
"60QS003324",89,38,51
"60QS003325",161,29,132
"60QS003326",156,58,98
"60QS003327",219,71,148
"60QS003328",194,58,136
"60QS003329",157,43,114
"60QS003330",106,11,95
"60QS003331",102,18,84
"60QS003332",138,45,93
"60QS003333",189,42,147
"60QS003334",134,43,91
"60QS003335",168,34,134
"60QS003336",156,43,113
"60QS003337",146,30,116
"60QS003338",160,34,126
"60QS003339",53,19,34
"60QS003340",176,54,122
"60QS003341",216,54,162
"60QS003342",145,49,96
"60QS003343",139,38,101
"60QS003344",118,50,68
"60QS003345",221,43,178
"60QS003346",171,41,130
"60QS003347",132,39,93
"60QS003348",143,44,99
"60QS003349",120,29,91
"60QS003350",114,41,73
"60QS003351",112,26,86
"60QS003352",85,40,45
"60QS003353",165,53,112
"60QS003354",164,45,119
"60QS003355",140,47,93
"60QS003356",124,46,78
"60QS003357",127,37,90
"60QS003358",80,26,54
"60QS003359",94,29,65
"60QS003360",114,40,74
"60QS003361",127,47,80
"60QS003362",128,44,84
"60QS003363",131,36,95
"60QS003364",115,51,64
"60QS003365",102,26,76
"60QS003366",132,44,88
"60QS003367",86,33,53
"60QS003368",118,52,66
"60QS003369",69,36,33
"60QS003370",95,47,48
"60QS003371",151,60,91
"60QS003372",117,35,82
"60QS003373",65,23,42
"60QS003374",96,31,65
"60QS003375",71,26,45
"60QS003376",111,41,70
"60QS003377",74,12,62
"60QS003378",84,25,59
"60QS003379",102,23,79
"60QS003380",174,27,147
"60QS003381",87,15,72
"60QS003382",69,16,53
"60QS003383",82,20,62
"60QS003384",120,41,79
"60QS003385",83,17,66
"60QS003386",111,38,73
"60QS003387",143,31,112
"60QS003388",231,53,178
"60QS003389",197,74,123
"60QS003390",130,37,93
"60QS003391",209,65,144
"60QS003392",166,57,109
"60QS003393",152,36,116
"60QS003394",185,62,123
"60QS003395",95,46,49
"60QS003396",108,26,82
"60QS003397",91,39,52
"60QS003398",143,53,90
"60QS003399",215,67,148
"60QS003400",116,48,68
"60QS003401",106,47,59
"60QS003402",104,29,75
"60QS003403",126,41,85
"60QS003404",75,26,49
"60QS003405",69,14,55
"60QS003406",110,18,92
"60QS003407",128,19,109
"60QS003408",63,10,53
"60QS003409",68,25,43
"60QS003410",87,27,60
"60QS003411",113,21,92
"60QS003412",193,33,160
"60QS003413",118,47,71
"60QS003414",183,35,148
"60QS003415",164,43,121
"60QS003416",144,42,102
"60QS003417",142,54,88
"60QS003418",170,43,127
"60QS003419",121,14,107
"60QS003420",179,18,161
"60QS003421",156,29,127
"60QS003422",133,19,114
"60QS003423",119,10,109
"60QS003424",134,12,122
"60QS003425",222,44,178
"60QS003426",135,27,108
"60QS003427",174,24,150
"60QS003428",183,14,169
"60QS003429",209,41,168
"60QS003430",187,35,152
"60QS003431",181,46,135
"60QS003432",172,65,107
"60QS003433",124,58,66
"60QS003434",168,18,150
"60QS003435",132,18,114
"60QS003436",105,19,86
"60QS003437",111,20,91
"60QS003438",126,27,99
"60QS003439",106,28,78
"60QS003440",109,15,94
"60QS003441",62,21,41
"60QS003442",69,25,44
"60QS003443",68,10,58
"60QS003444",162,18,144
"60QS003445",179,17,162
"60QS003446",172,20,152
"60QS003447",121,19,102
"60QS003448",88,19,69
"60QS003449",150,30,120
"60QS003450",131,14,117
"60QS003451",116,40,76
"60QS003452",136,12,124
"60QS003453",124,21,103
"60QS003454",137,27,110
"60QS003455",118,26,92
"60QS003456",137,14,123
"60QS003457",164,26,138
"60QS003458",133,20,113
"60QS003459",148,24,124
"60QS003460",129,18,111
"60QS003461",110,19,91
"60QS003462",117,18,99
"60QS003463",137,20,117
"60QS003464",112,12,100
"60QS003465",97,16,81
"60QS003466",143,22,121
"60QS003467",186,30,156
"60QS003468",172,25,147
"60QS003469",108,27,81
"60QS003470",169,30,139
"60QS003471",126,15,111
"60QS003472",148,21,127
"60QS003473",129,25,104
"60QS003474",190,41,149
"60QS003475",107,15,92
"60QS003476",144,29,115
"60QS003477",148,26,122
"60QS003478",130,29,101
"60QS003479",175,27,148
"60QS003480",118,24,94
"60QS003481",113,19,94
"60QS003482",109,43,66
"60QS003483",108,31,77
"60QS003484",138,22,116
"60QS003485",80,9,71
"60QS003486",145,56,89
"60QS003487",129,17,112
"60QS003488",122,19,103
"60QS003489",146,48,98
"60QS003490",172,47,125
"60QS003491",169,56,113
"60QS003492",113,28,85
"60QS003493",203,28,175
"60QS003494",261,40,221
"60QS003495",120,35,85
"60QS003496",136,6,130
"60QS003497",182,26,156
"60QS003498",147,23,124
"60QS003499",151,23,128
"60QS003500",129,26,103
"60QS003501",129,27,102
"60QS003502",234,35,199
"60QS003503",106,25,81
"60QS003504",154,65,89
"60QS003505",157,43,114
"60QS003506",95,32,63
"60QS003507",102,27,75
"60QS003508",89,35,54
"60QS003509",128,46,82
"60QS003510",92,43,49
"60QS003511",113,43,70
"60QS003512",106,37,69
"60QS003513",148,51,97
"60QS003514",96,40,56
"60QS003515",159,38,121
"60QS003516",139,31,108
"60QS003517",144,23,121
"60QS003518",156,60,96
"60QS003519",87,28,59
"60QS003520",95,36,59
"60QS003521",123,42,81
"60QS003522",124,36,88
"60QS003523",90,19,71
"60QS003524",122,39,83
"60QS003525",120,42,78
"60QS003526",90,35,55
"60QS003527",100,31,69
"60QS003528",131,46,85
"60QS003529",137,50,87
"60QS003530",130,42,88
"60QS003531",86,39,47
"60QS003532",96,33,63
"60QS003533",100,42,58
"60QS003534",153,63,90
"60QS003535",81,39,42
"60QS003536",183,35,148
"60QS003537",94,26,68
"60QS003538",120,24,96
"60QS003539",247,31,216
"60QS003540",92,41,51
"60QS003541",155,76,79
"60QS003542",83,43,40
"60QS003543",219,38,181
"60QS003544",193,27,166
"60QS003545",106,41,65
"60QS003546",73,32,41
"60QS003547",68,25,43
"60QS003548",75,28,47
"60QS003549",137,47,90
"60QS003550",123,21,102
"60QS003551",129,13,116
"60QS003552",113,20,93
"60QS003553",204,24,180
"60QS003554",152,18,134
"60QS003555",124,15,109
"60QS003556",143,25,118
"60QS003557",118,23,95
"60QS003558",165,23,142
"60QS003559",87,28,59
"60QS003560",120,13,107
"60QS003561",86,40,46
"60QS003562",114,34,80
"60QS003563",149,36,113
"60QS003564",56,31,25
"60QS003565",206,10,196
"60QS003566",63,7,56
"60QS003567",183,14,169
"60QS003568",77,9,68
"60QS003569",61,13,48
"60QS003570",51,10,41
"60QS003571",88,21,67
"60QS003572",62,16,46
"60QS003573",52,27,25
"60QS003574",116,20,96
"60QS003575",109,21,88
"60QS003576",124,42,82
"60QS003577",126,22,104
"60QS003578",67,24,43
"60QS003579",85,10,75
"60QS003580",108,75,33
"60QS003581",120,26,94
"60QS003582",94,31,63
"60QS003583",140,33,107
"60QS003584",70,38,32
"60QS003585",136,23,113
"60QS003586",113,25,88
"60QS003587",115,39,76
"60QS003588",59,14,45
"60QS003589",92,26,66
"60QS003590",102,24,78
"60QS003591",79,23,56
"60QS003592",57,17,40
"60QS003593",101,26,75
"60QS003594",66,17,49
"60QS003595",74,53,21
"60QS003596",201,47,154
"60QS003597",56,25,31
"60QS003598",114,27,87
"60QS003599",181,46,135
"60QS003600",97,28,69
"60QS003601",99,29,70
"60QS003602",129,37,92
"60QS003603",166,51,115
"60QS003604",96,32,64
"60QS003605",223,44,179
"60QS003606",69,13,56
"60QS003607",145,44,101
"60QS003608",77,15,62
"60QS003609",59,3,56
"60QS003610",92,4,88
"60QS003611",61,24,37
"60QS003612",107,27,80
"60QS003613",71,22,49
"60QS003614",61,24,37
"60QS003615",61,10,51
"60QS003616",70,4,66
"60QS003617",60,7,53
"60QS003618",54,30,24
"60QS003619",205,47,158
"60QS003620",66,15,51
"60QS003621",82,29,53
"60QS003622",78,22,56
"60QS003623",136,17,119
"60QS003624",152,38,114
"60QS003625",75,30,45
"60QS003626",120,5,115
"60QS003627",126,60,66
"60QS003628",63,22,41
"60QS003629",136,38,98
"60QS003630",154,27,127
"60QS003631",79,8,71
"60QS003632",58,17,41
"60QS003633",119,85,34
"60QS003634",155,14,141
"60QS003635",69,15,54
"60QS003636",114,25,89
"60QS003637",128,26,102
"60QS003638",77,25,52
"60QS003639",50,20,30
"60QS003640",73,27,46
"60QS003641",56,15,41
"60QS003642",101,30,71
"60QS003643",80,25,55
"60QS003644",99,37,62
"60QS003645",102,32,70
"60QS003646",78,34,44
"60QS003647",113,34,79
"60QS003648",83,23,60
"60QS003649",113,31,82
"60QS003650",58,13,45
"60QS003651",62,19,43
"60QS003652",58,15,43
"60QS003653",51,25,26
"60QS003654",79,16,63
"60QS003655",143,89,54
"60QS003656",141,54,87
"60QS003657",59,19,40
"60QS003658",56,17,39
"60QS003659",98,20,78
"60QS003660",80,19,61
"60QS003661",53,20,33
"60QS003662",130,45,85
"60QS003663",66,9,57
"60QS003664",118,32,86
"60QS003665",98,53,45
"60QS003666",87,35,52
"60QS003667",85,21,64
"60QS003668",93,18,75
"60QS003669",105,35,70
"60QS003670",102,32,70
"60QS003671",76,15,61
"60QS003672",143,17,126
"60QS003673",165,35,130
"60QS003674",123,8,115
"60QS003675",76,7,69
"60QS003676",129,41,88
"60QS003677",76,20,56
"60QS003678",184,125,59
"60QS003679",111,21,90
"60QS003680",71,10,61
"60QS003681",53,25,28
"60QS003682",88,37,51
"60QS003683",159,6,153
"60QS003684",113,38,75
"60QS003685",86,30,56
"60QS003686",76,25,51
"60QS003687",53,23,30
"60QS003688",62,13,49
"60QS003689",85,44,41
"60QS003690",90,37,53
"60QS003691",103,14,89
"60QS003692",171,70,101
"60QS003693",112,58,54
"60QS003694",73,45,28
"60QS003695",80,33,47
"60QS003696",119,26,93
"60QS003697",157,11,146
"60QS003698",77,61,16
"60QS003699",138,38,100
"60QS003700",63,30,33
"60QS003701",64,28,36
"60QS003702",59,33,26
"60QS003703",99,50,49
"60QS003704",66,6,60
"60QS003705",111,50,61
"60QS003706",140,53,87
"60QS003707",61,26,35
"60QS003708",51,27,24
"60QS003709",70,28,42
"60QS003710",215,105,110
"60QS003711",93,8,85
"60QS003712",83,30,53
"60QS003713",80,17,63
"60QS003714",94,23,71
"60QS003715",110,23,87
"60QS003716",990,57,933
"60QS003717",118,38,80
"60QS003718",101,47,54
"60QS003719",68,28,40
"60QS003720",140,21,119
"60QS003721",52,21,31
"60QS003722",108,51,57
"60QS003723",105,32,73
"60QS003724",93,29,64
"60QS003725",94,24,70
"60QS003726",71,35,36
"60QS003727",73,18,55
"60QS003728",67,4,63
"60QS003729",87,42,45
"60QS003730",96,26,70
"60QS003731",121,34,87
"60QS003732",99,50,49
"60QS003733",85,25,60
"60QS003734",102,26,76
"60QS003735",154,42,112
"60QS003736",114,40,74
"60QS003737",82,43,39
"60QS003738",90,8,82
"60QS003739",134,34,100
"60QS003740",107,20,87
"60QS003741",135,30,105
"60QS003742",71,23,48
"60QS003743",109,43,66
"60QS003744",110,56,54
"60QS003745",90,37,53
"60QS003746",80,20,60
"60QS003747",116,38,78
"60QS003748",84,20,64
"60QS003749",101,63,38
"60QS003750",70,22,48
"60QS003751",131,8,123
"60QS003752",61,21,40
"60QS003753",86,43,43
"60QS003754",125,34,91
"60QS003755",113,32,81
"60QS003756",56,15,41
"60QS003757",90,22,68
"60QS003758",68,29,39
"60QS003759",107,20,87
"60QS003760",133,43,90
"60QS003761",115,47,68
"60QS003762",128,45,83
"60QS003763",89,14,75
"60QS003764",55,13,42
"60QS003765",57,11,46
"60QS003766",85,24,61
"60QS003767",76,20,56
"60QS003768",138,35,103
"60QS003769",100,37,63
"60QS003770",59,8,51
"60QS003771",50,6,44
"60QS003772",98,47,51
"60QS003773",118,59,59
"60QS003774",80,26,54
"60QS003775",82,29,53
"60QS003776",101,45,56
"60QS003777",108,29,79
"60QS003778",211,93,118
"60QS003779",87,21,66
"60QS003780",101,53,48
"60QS003781",150,50,100
"60QS003782",95,37,58
"60QS003783",68,24,44
"60QS003784",122,29,93
"60QS003785",90,45,45
"60QS003786",68,21,47
"60QS003787",109,42,67
"60QS003788",250,68,182
"60QS003789",68,8,60
"60QS003790",69,4,65
"60QS003791",59,5,54
"60QS003792",59,5,54
"60QS003793",95,9,86
"60QS003794",56,9,47
"60QS003795",52,4,48
"60QS003796",120,50,70
"60QS003797",58,3,55
"60QS003798",70,9,61
"60QS003799",57,32,25
"60QS003800",84,24,60
"60QS003801",64,26,38
"60QS003802",60,25,35
"60QS003803",72,23,49
"60QS003804",128,12,116
"60QS003805",214,50,164
"60QS003806",101,34,67
"60QS003807",56,31,25
"60QS003808",56,19,37
"60QS003809",52,13,39
"60QS003810",97,28,69
"60QS003811",89,35,54
"60QS003812",149,44,105
"60QS003813",101,41,60
"60QS003814",135,30,105
"60QS003815",53,13,40
"60QS003816",92,40,52
"60QS003817",85,11,74
"60QS003818",66,11,55
"60QS003819",96,15,81
"60QS003820",101,10,91
"60QS003821",71,47,24
"60QS003822",118,39,79
"60QS003823",99,23,76
"60QS003824",58,7,51
"60QS003825",91,23,68
"60QS003826",154,53,101
"60QS003827",52,2,50
"60QS003828",64,13,51
"60QS003829",63,5,58
"60QS003830",58,12,46
"60QS003831",91,21,70
"60QS003832",142,29,113
"60QS003833",59,9,50
"60QS003834",64,47,17
"60QS003835",118,41,77
"60QS003836",117,35,82
"60QS003837",93,38,55
"60QS003838",55,6,49
"60QS003839",65,28,37
"60QS003840",119,43,76
"60QS003841",54,18,36
"60QS003842",77,21,56
"60QS003843",103,35,68
"60QS003844",51,32,19
"60QS003845",70,5,65
"60QS003846",109,33,76
"60QS003847",117,35,82
"60QS003848",71,22,49
"60QS003849",65,23,42
"60QS003850",105,27,78
"60QS003851",134,46,88
"60QS003852",50,24,26
"60QS003853",65,16,49
"60QS003854",149,36,113
"60QS003855",100,28,72
"60QS003856",103,27,76
"60QS003857",63,8,55
"60QS003858",98,25,73
"60QS003859",113,29,84
"60QS003860",195,19,176
"60QS003861",65,3,62
"60QS003862",73,12,61
"60QS003863",64,11,53
"60QS003864",71,21,50
"60QS003865",86,77,9
"60QS003866",102,12,90
"60QS003867",123,27,96
"60QS003868",148,42,106
"60QS003869",58,10,48
"60QS003870",127,40,87
"60QS003871",118,16,102
"60QS003872",97,24,73
"60QS003873",127,69,58
"60QS003874",99,38,61
"60QS003875",60,14,46
"60QS003876",68,25,43
"60QS003877",120,38,82
"60QS003878",77,33,44
"60QS003879",56,12,44
"60QS003880",58,18,40
"60QS003881",116,34,82
"60QS003882",88,20,68
"60QS003883",55,4,51
"60QS003884",98,28,70
"60QS003885",100,37,63
"60QS003886",51,16,35
"60QS003887",64,30,34
"60QS003888",92,23,69
"60QS003889",59,16,43
"60QS003890",135,47,88
"60QS003891",55,2,53
"60QS003892",105,12,93
"60QS003893",69,37,32
"60QS003894",52,6,46
"60QS003895",79,7,72
"60QS003896",105,33,72
"60QS003897",95,36,59
"60QS003898",91,10,81
"60QS003899",62,22,40
"60QS003900",106,52,54
"60QS003901",70,25,45
"60QS003902",107,34,73
"60QS003903",73,24,49
"60QS003904",112,29,83
"60QS003905",62,22,40
"60QS003906",132,32,100
"60QS003907",125,47,78
"60QS003908",84,18,66
"60QS003909",166,47,119
"60QS003910",58,14,44
"60QS003911",56,6,50
"60QS003912",108,4,104
"60QS003913",145,12,133
"60QS003914",237,129,108
"60QS003915",142,15,127
"60QS003916",129,13,116
"60QS003917",103,19,84
"60QS003918",122,43,79
"60QS003919",121,42,79
"60QS003920",130,62,68
"60QS003921",107,34,73
"60QS003922",100,23,77
"60QS003923",110,16,94
"60QS003924",116,7,109
"60QS003925",240,151,89
"60QS003926",177,13,164
"60QS003927",133,22,111
"60QS003928",116,30,86
"60QS003929",72,4,68
"60QS003930",168,20,148
"60QS003931",130,12,118
"60QS003932",136,15,121
"60QS003933",82,17,65
"60QS003934",174,22,152
"60QS003935",134,10,124
"60QS003936",72,9,63
"60QS003937",73,35,38
"60QS003938",103,14,89
"60QS003939",73,14,59
"60QS003940",164,30,134
"60QS003941",119,37,82
"60QS003942",75,28,47
"60QS003943",62,5,57
"60QS003944",99,8,91
"60QS003945",57,37,20
"60QS003946",274,8,266
"60QS003947",102,10,92
"60QS003948",51,13,38
"60QS003949",75,6,69
"60QS003950",66,10,56
"60QS003951",51,5,46
"60QS003952",63,2,61
"60QS003953",80,20,60
"60QS003954",62,11,51
"60QS003955",96,15,81
"60QS003956",58,21,37
"60QS003957",63,20,43
"60QS003958",59,11,48
"60QS003959",114,15,99
"60QS003960",85,13,72
"60QS003961",168,11,157
"60QS003962",94,5,89
"60QS003963",118,31,87
"60QS003964",104,5,99
"60QS003965",72,17,55
"60QS003966",167,6,161
"60QS003967",79,7,72
"60QS003968",98,18,80
"60QS003969",152,41,111
"60QS003970",97,9,88
"60QS003971",96,2,94
"60QS003972",105,42,63
"60QS003973",112,44,68
"60QS003974",99,34,65
"60QS003975",74,39,35
"60QS003976",117,43,74
"60QS003977",97,35,62
"60QS003978",97,48,49
"60QS003979",102,41,61
"60QS003980",98,42,56
"60QS003981",96,34,62
"60QS003982",98,42,56
"60QS003983",106,50,56
"60QS003984",98,12,86
"60QS003985",76,14,62
"60QS003986",87,15,72
"60QS003987",55,9,46
"60QS003988",82,36,46
"60QS003989",72,31,41
"60QS003990",52,3,49
"60QS003991",86,9,77
"60QS003992",80,10,70
"60QS003993",75,11,64
"60QS003994",75,31,44
"60QS003995",66,18,48
"60QS003996",72,28,44
"60QS003997",86,35,51
"60QS003998",62,34,28
"60QS003999",62,24,38
"60QS004000",85,46,39
"60QS004001",86,37,49
"60QS004002",55,18,37
"60QS004003",95,19,76
"60QS004004",59,10,49
"60QS004005",173,9,164
"60QS004006",94,26,68
"60QS004007",134,37,97
"60QS004008",92,32,60
"60QS004009",115,38,77
"60QS004010",93,35,58
"60QS004011",72,19,53
"60QS004012",105,42,63
"60QS004013",96,39,57
"60QS004014",73,26,47
"60QS004015",90,28,62
"60QS004016",92,46,46
"60QS004017",106,22,84
"60QS004018",89,9,80
"60QS004019",73,8,65
"60QS004020",101,29,72
"60QS004021",87,25,62
"60QS004022",103,34,69
"60QS004023",88,29,59
"60QS004024",129,30,99
"60QS004025",84,15,69
"60QS004026",124,24,100
"60QS004027",97,40,57
"60QS004028",108,29,79
"60QS004029",94,28,66
"60QS004030",119,40,79
"60QS004031",99,22,77
"60QS004032",109,33,76
"60QS004033",89,36,53
"60QS004034",89,27,62
"60QS004035",56,16,40
"60QS004036",83,16,67
"60QS004037",150,22,128
"60QS004038",94,32,62
"60QS004039",55,23,32
"60QS004040",107,26,81
"60QS004041",105,35,70
"60QS004042",95,31,64
"60QS004043",107,43,64
"60QS004044",109,29,80
"60QS004045",77,21,56
"60QS004046",96,36,60
"60QS004047",89,29,60
"60QS004048",69,35,34
"60QS004049",66,30,36
"60QS004050",67,35,32
"60QS004051",65,26,39
"60QS004052",77,39,38
"60QS004053",83,29,54
"60QS004054",73,32,41
"60QS004055",68,27,41
"60QS004056",96,8,88
"60QS004057",64,3,61
"60QS004058",66,22,44
"60QS004059",71,14,57
"60QS004060",87,26,61
"60QS004061",88,31,57
"60QS004062",79,28,51
"60QS004063",99,34,65
"60QS004064",79,17,62
"60QS004065",83,21,62
"60QS004066",62,14,48
"60QS004067",51,17,34
"60QS004068",107,32,75
"60QS004069",84,34,50
"60QS004070",90,46,44
"60QS004071",58,26,32
"60QS004072",68,32,36
"60QS004073",147,54,93
"60QS004074",92,16,76
"60QS004075",61,23,38
"60QS004076",76,30,46
"60QS004077",97,31,66
"60QS004078",90,18,72
"60QS004079",73,22,51
"60QS004080",62,26,36
"60QS004081",82,18,64
"60QS004082",94,21,73
"60QS004083",94,32,62
"60QS004084",75,32,43
"60QS004085",67,32,35
"60QS004086",120,18,102
"60QS004087",82,12,70
"60QS004088",107,25,82
"60QS004089",130,16,114
"60QS004090",108,39,69
"60QS004091",75,36,39
"60QS004092",63,36,27
"60QS004093",67,32,35
"60QS004094",87,31,56
"60QS004095",102,45,57
"60QS004096",106,37,69
"60QS004097",62,27,35
"60QS004098",77,41,36
"60QS004099",78,44,34
"60QS004100",73,49,24
"60QS004101",73,46,27
"60QS004102",83,42,41
"60QS004103",93,47,46
"60QS004104",94,13,81
"60QS004105",145,23,122
"60QS004106",113,20,93
"60QS004107",152,18,134
"60QS004108",74,27,47
"60QS004109",101,31,70
"60QS004110",180,45,135
"60QS004111",57,28,29
"60QS004112",95,26,69
"60QS004113",92,35,57
"60QS004114",128,30,98
"60QS004115",86,16,70
"60QS004116",62,26,36
"60QS004117",122,36,86
"60QS004118",63,32,31
"60QS004119",62,26,36
"60QS004120",87,17,70
"60QS004121",75,17,58
"60QS004122",105,38,67
"60QS004123",82,30,52
"60QS004124",68,26,42
"60QS004125",56,31,25
"60QS004126",57,7,50
"60QS004127",100,8,92
"60QS004128",102,15,87
"60QS004129",59,7,52
"60QS004130",88,9,79
"60QS004131",99,9,90
"60QS004132",84,34,50
"60QS004133",63,16,47
"60QS004134",83,48,35
"60QS004135",71,54,17
"60QS004136",103,32,71
"60QS004137",95,28,67
"60QS004138",89,29,60
"60QS004139",69,25,44
"60QS004140",79,27,52
"60QS004141",97,34,63
"60QS004142",106,9,97
"60QS004143",92,18,74
"60QS004144",110,46,64
"60QS004145",83,19,64
"60QS004146",71,18,53
"60QS004147",69,23,46
"60QS004148",66,14,52
"60QS004149",82,18,64
"60QS004150",97,36,61
"60QS004151",109,25,84
"60QS004152",98,28,70
"60QS004153",77,32,45
"60QS004154",69,16,53
"60QS004155",81,26,55
"60QS004156",107,47,60
"60QS004157",82,45,37
"60QS004158",84,16,68
"60QS004159",58,13,45
"60QS004160",66,19,47
"60QS004161",116,29,87
"60QS004162",75,51,24
"60QS004163",72,41,31
"60QS004164",85,37,48
"60QS004165",87,34,53
"60QS004166",88,30,58
"60QS004167",84,28,56
"60QS004168",74,27,47
"60QS004169",57,26,31
"60QS004170",81,48,33
"60QS004171",75,30,45
"60QS004172",96,42,54
"60QS004173",55,23,32
"60QS004174",142,16,126
"60QS004175",115,8,107
"60QS004176",132,8,124
"60QS004177",130,10,120
"60QS004178",68,34,34
"60QS004179",60,39,21
"60QS004180",98,28,70
"60QS004181",91,19,72
"60QS004182",66,33,33
"60QS004183",69,22,47
"60QS004184",79,34,45
"60QS004185",72,25,47
"60QS004186",118,2,116
"60QS004187",66,3,63
"60QS004188",95,7,88
"60QS004189",80,6,74
"60QS004190",154,69,85
"60QS004191",57,14,43
"60QS004192",118,53,65
"60QS004193",106,58,48
"60QS004194",106,9,97
"60QS004195",87,7,80
"60QS004196",77,7,70
"60QS004197",79,30,49
"60QS004198",77,2,75
"60QS004199",98,8,90
"60QS004200",83,6,77
"60QS004201",147,85,62
"60QS004202",65,4,61
"60QS004203",77,6,71
"60QS004204",80,11,69
"60QS004205",100,5,95
"60QS004206",69,9,60
"60QS004207",75,7,68
"60QS004208",126,7,119
"60QS004209",166,41,125
"60QS004210",91,8,83
"60QS004211",137,25,112
"60QS004212",115,20,95
"60QS004213",164,36,128
"60QS004214",95,48,47
"60QS004215",118,33,85
"60QS004216",82,2,80
"60QS004217",89,7,82
"60QS004218",161,8,153
"60QS004219",91,26,65
"60QS004220",81,17,64
"60QS004221",122,16,106
"60QS004222",120,13,107
"60QS004223",75,13,62
"60QS004224",104,21,83
"60QS004225",82,15,67
"60QS004226",128,11,117
"60QS004227",183,6,177
"60QS004228",254,7,247
"60QS004229",103,6,97
"60QS004230",141,19,122
"60QS004231",108,29,79
"60QS004232",59,39,20
"60QS004233",62,32,30
"60QS004234",156,7,149
"60QS004235",83,9,74
"60QS004236",70,7,63
"60QS004237",68,5,63
"60QS004238",68,11,57
"60QS004239",148,11,137
"60QS004240",93,29,64
"60QS004241",84,29,55
"60QS004242",209,13,196
"60QS004243",921,185,736
"60QS004244",96,31,65
"60QS004245",111,41,70
"60QS004246",134,43,91
"60QS004247",119,51,68
"60QS004248",106,43,63
"60QS004249",101,38,63
"60QS004250",104,49,55
"60QS004251",121,61,60
"60QS004252",95,46,49
"60QS004253",102,60,42
"60QS004254",99,47,52
"60QS004255",126,10,116
"60QS004256",121,5,116
"60QS004257",120,22,98
"60QS004258",73,2,71
"60QS004259",118,40,78
"60QS004260",69,4,65
"60QS004261",90,11,79
"60QS004262",157,67,90
"60QS004263",85,41,44
"60QS004264",104,34,70
"60QS004265",144,9,135
"60QS004266",80,39,41
"60QS004267",101,5,96
"60QS004268",101,7,94
"60QS004269",65,10,55
"60QS004270",80,30,50
"60QS004271",92,30,62
"60QS004272",126,70,56
"60QS004273",60,24,36
"60QS004274",66,27,39
"60QS004275",72,30,42
"60QS004276",68,21,47
"60QS004277",142,59,83
"60QS004278",117,46,71
"60QS004279",100,39,61
"60QS004280",90,45,45
"60QS004281",142,53,89
"60QS004282",124,34,90
"60QS004283",119,22,97
"60QS004284",78,39,39
"60QS004285",58,34,24
"60QS004286",133,46,87
"60QS004287",125,31,94
"60QS004288",110,47,63
"60QS004289",77,37,40
"60QS004290",89,16,73
"60QS004291",81,38,43
"60QS004292",53,3,50
"60QS004293",166,26,140
"60QS004294",162,25,137
"60QS004295",66,18,48
"60QS004296",91,27,64
"60QS004297",96,20,76
"60QS004298",74,11,63
"60QS004299",122,36,86
"60QS004300",101,31,70
"60QS004301",126,32,94
"60QS004302",121,22,99
"60QS004303",87,25,62
"60QS004304",76,7,69
"60QS004305",110,24,86
"60QS004306",135,23,112
"60QS004307",145,13,132
"60QS004308",158,29,129
"60QS004309",121,25,96
"60QS004310",82,35,47
"60QS004311",83,27,56
"60QS004312",116,14,102
"60QS004313",85,34,51
"60QS004314",66,27,39
"60QS004315",117,19,98
"60QS004316",64,17,47
"60QS004317",78,18,60
"60QS004318",125,43,82
"60QS004319",120,9,111
"60QS004320",101,11,90
"60QS004321",106,18,88
"60QS004322",182,8,174
"60QS004323",54,8,46
"60QS004324",117,13,104
"60QS004325",127,14,113
"60QS004326",101,7,94
"60QS004327",159,15,144
"60QS004328",128,7,121
"60QS004329",80,4,76
"60QS004330",138,47,91
"60QS004331",79,1,78
"60QS004332",65,6,59
"60QS004333",97,5,92
"60QS004334",51,5,46
"60QS004335",129,9,120
"60QS004336",70,18,52
"60QS004337",81,3,78
"60QS004338",146,15,131
"60QS004339",129,34,95
"60QS004340",115,13,102
"60QS004341",72,6,66
"60QS004342",97,6,91
"60QS004343",69,11,58
"60QS004344",138,16,122
"60QS004345",102,9,93
"60QS004346",74,12,62
"60QS004347",107,11,96
"60QS004348",102,5,97
"60QS004349",57,2,55
"60QS004350",118,8,110
"60QS004351",164,43,121
"60QS004352",52,8,44
"60QS004353",95,16,79
"60QS004354",152,5,147
"60QS004355",325,29,296
"60QS004356",176,22,154
"60QS004357",120,12,108
"60QS004358",99,58,41
"60QS004359",96,42,54
"60QS004360",163,27,136
"60QS004361",180,53,127
"60QS004362",54,2,52
"60QS004363",80,17,63
"60QS004364",75,9,66
"60QS004365",115,8,107
"60QS004366",139,55,84
"60QS004367",135,9,126
"60QS004368",125,8,117
"60QS004369",64,12,52
"60QS004370",97,71,26
"60QS004371",54,47,7
"60QS004372",121,54,67
"60QS004373",77,26,51
"60QS004374",77,35,42
"60QS004375",100,34,66
"60QS004376",54,17,37
"60QS004377",114,42,72
"60QS004378",109,39,70
"60QS004379",154,47,107
"60QS004380",97,35,62
"60QS004381",50,11,39
"60QS004382",74,31,43
"60QS004383",171,51,120
"60QS004384",67,12,55
"60QS004385",130,53,77
"60QS004386",72,15,57
"60QS004387",134,42,92
"60QS004388",72,26,46
"60QS004389",85,32,53
"60QS004390",70,30,40
"60QS004391",63,22,41
"60QS004392",54,25,29
"60QS004393",157,48,109
"60QS004394",71,22,49
"60QS004395",88,37,51
"60QS004396",73,31,42
"60QS004397",63,17,46
"60QS004398",80,22,58
"60QS004399",105,28,77
"60QS004400",77,32,45
"60QS004401",119,42,77
"60QS004402",83,35,48
"60QS004403",104,26,78
"60QS004404",114,17,97
"60QS004405",92,39,53
"60QS004406",110,43,67
"60QS004407",173,18,155
"60QS004408",162,37,125
"60QS004409",65,28,37
"60QS004410",90,36,54
"60QS004411",81,42,39
"60QS004412",78,38,40
"60QS004413",115,46,69
"60QS004414",378,41,337
"60QS004415",215,17,198
"60QS004416",74,37,37
"60QS004417",52,7,45
"60QS004418",124,44,80
"60QS004419",115,37,78
"60QS004420",81,19,62
"60QS004421",171,41,130
"60QS004422",58,19,39
"60QS004423",110,29,81
"60QS004424",162,35,127
"60QS004425",87,28,59
"60QS004426",112,40,72
"60QS004427",92,30,62
"60QS004428",88,27,61
"60QS004429",118,22,96
"60QS004430",63,20,43
"60QS004431",83,21,62
"60QS004432",104,12,92
"60QS004433",53,15,38
"60QS004434",144,50,94
"60QS004435",139,41,98
"60QS004436",104,39,65
"60QS004437",75,20,55
"60QS004438",97,19,78
"60QS004439",113,22,91
"60QS004440",104,36,68
"60QS004441",95,10,85
"60QS004442",73,13,60
"60QS004443",81,26,55
"60QS004444",98,24,74
"60QS004445",83,26,57
"60QS004446",90,24,66
"60QS004447",104,23,81
"60QS004448",126,27,99
"60QS004449",71,21,50
"60QS004450",88,3,85
"60QS004451",120,17,103
"60QS004452",91,24,67
"60QS004453",108,13,95
"60QS004454",53,13,40
"60QS004455",64,5,59
"60QS004456",223,69,154
"60QS004457",72,9,63
"60QS004458",134,42,92
"60QS004459",64,27,37
"60QS004460",171,28,143
"60QS004461",150,15,135
"60QS004462",152,67,85
"60QS004463",155,43,112
"60QS004464",69,23,46
"60QS004465",122,23,99
"60QS004466",80,15,65
"60QS004467",69,23,46
"60QS004468",128,41,87
"60QS004469",79,45,34
"60QS004470",69,32,37
"60QS004471",97,30,67
"60QS004472",110,32,78
"60QS004473",77,37,40
"60QS004474",100,28,72
"60QS004475",142,16,126
"60QS004476",95,26,69
"60QS004477",74,28,46
"60QS004478",141,34,107
"60QS004479",110,19,91
"60QS004480",162,40,122
"60QS004481",116,34,82
"60QS004482",149,23,126
"60QS004483",141,55,86
"60QS004484",55,34,21
"60QS004485",93,32,61
"60QS004486",110,46,64
"60QS004487",158,131,27
"60QS004488",77,11,66
"60QS004489",84,8,76
"60QS004490",132,53,79
"60QS004491",97,8,89
"60QS004492",106,9,97
"60QS004493",101,18,83
"60QS004494",91,10,81
"60QS004495",142,26,116
"60QS004496",229,15,214
"60QS004497",142,11,131
"60QS004498",57,3,54
"60QS004499",100,3,97
"60QS004500",103,28,75
"60QS004501",78,19,59
"60QS004502",104,29,75
"60QS004503",160,73,87
"60QS004504",83,47,36
"60QS004505",134,57,77
"60QS004506",158,15,143
"60QS004507",84,13,71
"60QS004508",50,8,42
"60QS004509",50,11,39
"60QS004510",127,45,82
"60QS004511",53,38,15
"60QS004512",99,40,59
"60QS004513",140,56,84
"60QS004514",91,31,60
"60QS004515",59,25,34
"60QS004516",98,45,53
"60QS004517",76,26,50
"60QS004518",150,62,88
"60QS004519",86,24,62
"60QS004520",100,24,76
"60QS004521",59,12,47
"60QS004522",153,29,124
"60QS004523",230,46,184
"60QS004524",208,59,149
"60QS004525",89,13,76
"60QS004526",154,46,108
"60QS004527",102,36,66
"60QS004528",81,36,45
"60QS004529",116,13,103
"60QS004530",184,31,153
"60QS004531",78,19,59
"60QS004532",100,25,75
"60QS004533",91,24,67
"60QS004534",117,33,84
"60QS004535",99,18,81
"60QS004536",102,32,70
"60QS004537",120,44,76
"60QS004538",99,19,80
"60QS004539",86,32,54
"60QS004540",125,43,82
"60QS004541",84,14,70
"60QS004542",107,25,82
"60QS004543",82,19,63
"60QS004544",88,20,68
"60QS004545",140,32,108
"60QS004546",87,15,72
"60QS004547",60,37,23
"60QS004548",138,13,125
"60QS004549",193,28,165
"60QS004550",57,25,32
"60QS004551",122,30,92
"60QS004552",147,20,127
"60QS004553",86,30,56
"60QS004554",163,48,115
"60QS004555",73,25,48
"60QS004556",182,23,159
"60QS004557",136,32,104
"60QS004558",75,44,31
"60QS004559",75,31,44
"60QS004560",86,37,49
"60QS004561",80,32,48
"60QS004562",76,35,41
"60QS004563",91,33,58
"60QS004564",80,28,52
"60QS004565",112,41,71
"60QS004566",111,29,82
"60QS004567",133,42,91
"60QS004568",62,25,37
"60QS004569",76,27,49
"60QS004570",70,19,51
"60QS004571",67,26,41
"60QS004572",103,33,70
"60QS004573",82,20,62
"60QS004574",83,14,69
"60QS004575",140,15,125
"60QS004576",68,30,38
"60QS004577",115,31,84
"60QS004578",71,20,51
"60QS004579",71,21,50
"60QS004580",59,20,39
"60QS004581",92,34,58
"60QS004582",115,40,75
"60QS004583",75,30,45
"60QS004584",63,27,36
"60QS004585",114,12,102
"60QS004586",91,19,72
"60QS004587",144,59,85
"60QS004588",87,29,58
"60QS004589",125,29,96
"60QS004590",117,8,109
"60QS004591",183,10,173
"60QS004592",113,5,108
"60QS004593",148,9,139
"60QS004594",57,3,54
"60QS004595",140,14,126
"60QS004596",145,35,110
"60QS004597",182,40,142
"60QS004598",144,37,107
"60QS004599",73,38,35
"60QS004600",144,9,135
"60QS004601",79,15,64
"60QS004602",89,26,63
"60QS004603",153,11,142
"60QS004604",89,10,79
"60QS004605",99,11,88
"60QS004606",98,6,92
"60QS004607",174,9,165
"60QS004608",118,7,111
"60QS004609",112,20,92
"60QS004610",119,33,86
"60QS004611",70,19,51
"60QS004612",144,15,129
"60QS004613",150,32,118
"60QS004614",85,24,61
"60QS004615",78,25,53
"60QS004616",149,53,96
"60QS004617",178,33,145
"60QS004618",79,28,51
"60QS004619",103,29,74
"60QS004620",118,37,81
"60QS004621",58,28,30
"60QS004622",75,32,43
"60QS004623",145,51,94
"60QS004624",51,13,38
"60QS004625",98,25,73
"60QS004626",98,31,67
"60QS004627",159,71,88
"60QS004628",76,42,34
"60QS004629",73,31,42
"60QS004630",128,45,83
"60QS004631",78,35,43
"60QS004632",73,33,40
"60QS004633",61,33,28
"60QS004634",204,51,153
"60QS004635",139,49,90
"60QS004636",56,27,29
"60QS004637",91,25,66
"60QS004638",72,20,52
"60QS004639",70,26,44
"60QS004640",128,34,94
"60QS004641",104,38,66
"60QS004642",117,21,96
"60QS004643",104,33,71
"60QS004644",65,22,43
"60QS004645",117,61,56
"60QS004646",111,46,65
"60QS004647",66,24,42
"60QS004648",92,25,67
"60QS004649",188,61,127
"60QS004650",56,19,37
"60QS004651",87,36,51
"60QS004652",67,27,40
"60QS004653",70,28,42
"60QS004654",180,50,130
"60QS004655",160,35,125
"60QS004656",119,36,83
"60QS004657",118,28,90
"60QS004658",78,18,60
"60QS004659",96,5,91
"60QS004660",201,25,176
"60QS004661",56,13,43
"60QS004662",92,13,79
"60QS004663",92,16,76
"60QS004664",50,10,40
"60QS004665",74,14,60
"60QS004666",97,16,81
"60QS004667",169,72,97
"60QS004668",90,41,49
"60QS004669",66,26,40
"60QS004670",66,23,43
"60QS004671",127,41,86
"60QS004672",66,22,44
"60QS004673",102,35,67
"60QS004674",125,38,87
"60QS004675",105,37,68
"60QS004676",158,48,110
"60QS004677",78,20,58
"60QS004678",106,28,78
"60QS004679",78,19,59
"60QS004680",151,49,102
"60QS004681",109,50,59
"60QS004682",103,35,68
"60QS004683",100,34,66
"60QS004684",136,52,84
"60QS004685",87,40,47
"60QS004686",66,52,14
"60QS004687",86,32,54
"60QS004688",69,28,41
"60QS004689",51,27,24
"60QS004690",99,48,51
"60QS004691",104,11,93
"60QS004692",80,20,60
"60QS004693",116,33,83
"60QS004694",86,29,57
"60QS004695",94,22,72
"60QS004696",79,36,43
"60QS004697",59,35,24
"60QS004698",84,42,42
"60QS004699",98,12,86
"60QS004700",122,7,115
"60QS004701",181,58,123
"60QS004702",69,30,39
"60QS004703",76,23,53
"60QS004704",84,39,45
"60QS004705",68,18,50
"60QS004706",61,20,41
"60QS004707",164,47,117
"60QS004708",144,35,109
"60QS004709",116,18,98
"60QS004710",123,21,102
"60QS004711",107,14,93
"60QS004712",188,12,176
"60QS004713",133,24,109
"60QS004714",103,33,70
"60QS004715",124,18,106
"60QS004716",108,37,71
"60QS004717",65,12,53
"60QS004718",83,23,60
"60QS004719",67,37,30
"60QS004720",85,31,54
"60QS004721",60,14,46
"60QS004722",62,14,48
"60QS004723",104,52,52
"60QS004724",89,49,40
"60QS004725",132,17,115
"60QS004726",92,29,63
"60QS004727",65,22,43
"60QS004728",59,10,49
"60QS004729",149,55,94
"60QS004730",62,28,34
"60QS004731",90,37,53
"60QS004732",110,14,96
"60QS004733",188,23,165
"60QS004734",163,82,81
"60QS004735",182,30,152
"60QS004736",140,20,120
"60QS004737",73,25,48
"60QS004738",137,27,110
"60QS004739",117,53,64
"60QS004740",96,25,71
"60QS004741",134,17,117
"60QS004742",119,17,102
"60QS004743",51,23,28
"60QS004744",62,27,35
"60QS004745",80,27,53
"60QS004746",146,50,96
"60QS004747",80,6,74
"60QS004748",106,46,60
"60QS004749",78,34,44
"60QS004750",55,22,33
"60QS004751",68,37,31
"60QS004752",90,38,52
"60QS004753",166,8,158
"60QS004754",132,21,111
"60QS004755",145,12,133
"60QS004756",121,12,109
"60QS004757",81,7,74
"60QS004758",146,52,94
"60QS004759",106,63,43
"60QS004760",147,31,116
"60QS004761",116,26,90
"60QS004762",67,28,39
"60QS004763",113,37,76
"60QS004764",119,9,110
"60QS004765",161,11,150
"60QS004766",120,28,92
"60QS004767",82,17,65
"60QS004768",106,30,76
"60QS004769",134,12,122
"60QS004770",125,15,110
"60QS004771",115,14,101
"60QS004772",144,67,77
"60QS004773",103,19,84
"60QS004774",86,14,72
"60QS004775",211,22,189
"60QS004776",153,17,136
"60QS004777",150,51,99
"60QS004778",90,27,63
"60QS004779",151,30,121
"60QS004780",59,1,58
"60QS004781",106,30,76
"60QS004782",106,24,82
"60QS004783",99,10,89
"60QS004784",255,107,148
"60QS004785",133,20,113
"60QS004786",97,23,74
"60QS004787",109,59,50
"60QS004788",183,44,139
"60QS004789",109,42,67
"60QS004790",132,56,76
"60QS004791",206,65,141
"60QS004792",110,45,65
"60QS004793",104,41,63
"60QS004794",112,40,72
"60QS004795",63,27,36
"60QS004796",135,21,114
"60QS004797",75,39,36
"60QS004798",63,38,25
"60QS004799",108,36,72
"60QS004800",65,26,39
"60QS004801",144,61,83
"60QS004802",92,34,58
"60QS004803",87,38,49
"60QS004804",51,29,22
"60QS004805",115,26,89
"60QS004806",93,8,85
"60QS004807",160,91,69
"60QS004808",148,18,130
"60QS004809",90,11,79
"60QS004810",99,7,92
"60QS004811",114,19,95
"60QS004812",97,28,69
"60QS004813",164,23,141
"60QS004814",111,19,92
"60QS004815",137,46,91
"60QS004816",81,18,63
"60QS004817",122,20,102
"60QS004818",149,30,119
"60QS004819",89,10,79
"60QS004820",140,10,130
"60QS004821",82,12,70
"60QS004822",50,8,42
"60QS004823",71,9,62
"60QS004824",51,9,42
"60QS004825",57,18,39
"60QS004826",90,18,72
"60QS004827",139,42,97
"60QS004828",98,13,85
"60QS004829",82,16,66
"60QS004830",221,66,155
"60QS004831",141,63,78
"60QS004832",123,24,99
"60QS004833",85,10,75
"60QS004834",132,44,88
"60QS004835",60,18,42
"60QS004836",80,18,62
"60QS004837",95,44,51
"60QS004838",53,7,46
"60QS004839",91,25,66
"60QS004840",83,19,64
"60QS004841",129,12,117
"60QS004842",57,9,48
"60QS004843",105,19,86
"60QS004844",180,58,122
"60QS004845",169,31,138
"60QS004846",129,13,116
"60QS004847",52,5,47
"60QS004848",102,12,90
"60QS004849",109,8,101
"60QS004850",102,18,84
"60QS004851",55,25,30
"60QS004852",96,35,61
"60QS004853",120,52,68
"60QS004854",143,38,105
"60QS004855",80,17,63
"60QS004856",109,28,81
"60QS004857",79,20,59
"60QS004858",131,64,67
"60QS004859",138,25,113
"60QS004860",83,37,46
"60QS004861",116,49,67
"60QS004862",60,22,38
"60QS004863",58,27,31
"60QS004864",98,29,69
"60QS004865",68,29,39
"60QS004866",74,22,52
"60QS004867",117,43,74
"60QS004868",117,24,93
"60QS004869",75,29,46
"60QS004870",66,31,35
"60QS004871",95,35,60
"60QS004872",54,21,33
"60QS004873",101,43,58
"60QS004874",85,17,68
"60QS004875",102,39,63
"60QS004876",72,48,24
"60QS004877",63,31,32
"60QS004878",92,36,56
"60QS004879",79,26,53
"60QS004880",147,33,114
"60QS004881",90,36,54
"60QS004882",149,21,128
"60QS004883",170,23,147
"60QS004884",62,13,49
"60QS004885",125,31,94
"60QS004886",113,57,56
"60QS004887",80,13,67
"60QS004888",111,17,94
"60QS004889",111,9,102
"60QS004890",133,20,113
"60QS004891",52,30,22
"60QS004892",145,17,128
"60QS004893",62,40,22
"60QS004894",237,33,204
"60QS004895",57,18,39
"60QS004896",80,21,59
"60QS004897",104,23,81
"60QS004898",75,17,58
"60QS004899",70,11,59
"60QS004900",124,36,88
"60QS004901",72,21,51
"60QS004902",145,20,125
"60QS004903",127,35,92
"60QS004904",144,29,115
"60QS004905",200,22,178
"60QS004906",94,8,86
"60QS004907",114,12,102
"60QS004908",95,9,86
"60QS004909",75,7,68
"60QS004910",137,14,123
"60QS004911",208,23,185
"60QS004912",80,11,69
"60QS004913",72,9,63
"60QS004914",139,13,126
"60QS004915",140,24,116
"60QS004916",73,9,64
"60QS004917",109,28,81
"60QS004918",96,19,77
"60QS004919",141,51,90
"60QS004920",79,30,49
"60QS004921",151,36,115
"60QS004922",74,26,48
"60QS004923",122,16,106
"60QS004924",108,69,39
"60QS004925",75,37,38
"60QS004926",118,60,58
"60QS004927",98,31,67
"60QS004928",130,41,89
"60QS004929",64,24,40
"60QS004930",107,25,82
"60QS004931",57,18,39
"60QS004932",98,29,69
"60QS004933",55,19,36
"60QS004934",126,29,97
"60QS004935",67,23,44
"60QS004936",151,16,135
"60QS004937",144,42,102
"60QS004938",103,30,73
"60QS004939",88,39,49
"60QS004940",90,15,75
"60QS004941",86,26,60
"60QS004942",137,39,98
"60QS004943",82,22,60
"60QS004944",174,40,134
"60QS004945",90,18,72
"60QS004946",72,25,47
"60QS004947",159,7,152
"60QS004948",97,3,94
"60QS004949",233,78,155
"60QS004950",59,5,54
"60QS004951",131,15,116
"60QS004952",86,9,77
"60QS004953",191,43,148
"60QS004954",114,34,80
"60QS004955",86,46,40
"60QS004956",137,17,120
"60QS004957",153,10,143
"60QS004958",213,14,199
"60QS004959",135,14,121
"60QS004960",204,17,187
"60QS004961",94,13,81
"60QS004962",127,39,88
"60QS004963",74,22,52
"60QS004964",96,24,72
"60QS004965",82,13,69
"60QS004966",67,21,46
"60QS004967",139,35,104
"60QS004968",53,17,36
"60QS004969",138,41,97
"60QS004970",61,12,49
"60QS004971",59,22,37
"60QS004972",132,50,82
"60QS004973",122,16,106
"60QS004974",100,24,76
"60QS004975",134,17,117
"60QS004976",100,18,82
"60QS004977",94,45,49
"60QS004978",142,63,79
"60QS004979",128,31,97
"60QS004980",57,34,23
"60QS004981",111,20,91
"60QS004982",119,40,79
"60QS004983",70,33,37
"60QS004984",162,53,109
"60QS004985",84,51,33
"60QS004986",60,19,41
"60QS004987",187,46,141
"60QS004988",127,57,70
"60QS004989",98,29,69
"60QS004990",52,20,32
"60QS004991",90,40,50
"60QS004992",98,36,62
"60QS004993",67,10,57
"60QS004994",112,34,78
"60QS004995",93,18,75
"60QS004996",77,5,72
"60QS004997",116,45,71
"60QS004998",61,22,39
"60QS004999",108,48,60
"60QS005000",103,15,88
"60QS005001",60,20,40
"60QS005002",71,18,53
"60QS005003",85,49,36
"60QS005004",98,7,91
"60QS005005",142,20,122
"60QS005006",93,31,62
"60QS005007",71,23,48
"60QS005008",78,32,46
"60QS005009",99,23,76
"60QS005010",93,26,67
"60QS005011",164,13,151
"60QS005012",71,14,57
"60QS005013",126,25,101
"60QS005014",99,11,88
"60QS005015",120,23,97
"60QS005016",69,30,39
"60QS005017",62,28,34
"60QS005018",73,29,44
"60QS005019",56,26,30
"60QS005020",157,23,134
"60QS005021",78,16,62
"60QS005022",123,39,84
"60QS005023",83,32,51
"60QS005024",103,9,94
"60QS005025",149,9,140
"60QS005026",172,54,118
"60QS005027",93,18,75
"60QS005028",97,29,68
"60QS005029",108,30,78
"60QS005030",150,69,81
"60QS005031",113,42,71
"60QS005032",76,17,59
"60QS005033",128,41,87
"60QS005034",136,37,99
"60QS005035",185,32,153
"60QS005036",68,12,56
"60QS005037",135,13,122
"60QS005038",150,32,118
"60QS005039",98,38,60
"60QS005040",102,44,58
"60QS005041",134,8,126
"60QS005042",102,45,57
"60QS005043",140,17,123
"60QS005044",170,20,150
"60QS005045",121,55,66
"60QS005046",84,56,28
"60QS005047",158,17,141
"60QS005048",158,15,143
"60QS005049",151,8,143
"60QS005050",118,7,111
"60QS005051",170,9,161
"60QS005052",192,7,185
"60QS005053",158,18,140
"60QS005054",127,9,118
"60QS005055",140,13,127
"60QS005056",283,23,260
"60QS005057",147,17,130
"60QS005058",202,20,182
"60QS005059",150,11,139
"60QS005060",123,11,112
"60QS005061",151,13,138
"60QS005062",127,12,115
"60QS005063",129,43,86
"60QS005064",142,27,115
"60QS005065",83,17,66
"60QS005066",69,25,44
"60QS005067",167,17,150
"60QS005068",178,12,166
"60QS005069",202,18,184
"60QS005070",98,20,78
"60QS005071",143,13,130
"60QS005072",90,4,86
"60QS005073",131,17,114
"60QS005074",109,17,92
"60QS005075",81,28,53
"60QS005076",83,42,41
"60QS005077",69,22,47
"60QS005078",153,50,103
"60QS005079",127,8,119
"60QS005080",171,18,153
"60QS005081",64,4,60
"60QS005082",187,61,126
"60QS005083",124,42,82
"60QS005084",122,47,75
"60QS005085",252,74,178
"60QS005086",80,22,58
"60QS005087",62,43,19
"60QS005088",63,39,24
"60QS005089",187,51,136
"60QS005090",189,12,177
"60QS005091",127,17,110
"60QS005092",120,22,98
"60QS005093",127,14,113
"60QS005094",63,9,54
"60QS005095",117,21,96
"60QS005096",73,9,64
"60QS005097",74,6,68
"60QS005098",83,12,71
"60QS005099",174,51,123
"60QS005100",202,29,173
"60QS005101",129,16,113
"60QS005102",92,7,85
"60QS005103",97,3,94
"60QS005104",183,14,169
"60QS005105",112,15,97
"60QS005106",73,8,65
"60QS005107",82,6,76
"60QS005108",180,19,161
"60QS005109",186,13,173
"60QS005110",277,89,188
"60QS005111",134,10,124
"60QS005112",97,5,92
"60QS005113",139,8,131
"60QS005114",172,11,161
"60QS005115",157,11,146
"60QS005116",161,18,143
"60QS005117",153,7,146
"60QS005118",92,8,84
"60QS005119",103,50,53
"60QS005120",102,21,81
"60QS005121",135,46,89
"60QS005122",61,27,34
"60QS005123",92,34,58
"60QS005124",74,27,47
"60QS005125",87,22,65
"60QS005126",122,20,102
"60QS005127",91,6,85
"60QS005128",192,34,158
"60QS005129",140,26,114
"60QS005130",120,7,113
"60QS005131",72,5,67
"60QS005132",98,42,56
"60QS005133",55,27,28
"60QS005134",79,49,30
"60QS005135",100,42,58
"60QS005136",62,31,31
"60QS005137",52,27,25
"60QS005138",118,19,99
"60QS005139",129,16,113
"60QS005140",135,4,131
"60QS005141",57,5,52
"60QS005142",92,3,89
"60QS005143",126,15,111
"60QS005144",97,23,74
"60QS005145",197,131,66
"60QS005146",51,4,47
"60QS005147",83,10,73
"60QS005148",92,34,58
"60QS005149",210,21,189
"60QS005150",292,30,262
"60QS005151",176,19,157
"60QS005152",145,22,123
"60QS005153",102,34,68
"60QS005154",97,10,87
"60QS005155",151,15,136
"60QS005156",238,21,217
"60QS005157",166,17,149
"60QS005158",350,49,301
"60QS005159",93,2,91
"60QS005160",137,50,87
"60QS005161",67,18,49
"60QS005162",61,9,52
"60QS005163",82,8,74
"60QT000001",114,17,97
"60QT000002",173,34,139
"60QT000003",97,11,86
"60QT000004",71,14,57
"60QT000005",58,7,51
"60QT000006",98,9,89
"60QT000007",181,18,163
"60QT000008",134,17,117
"60QT000009",183,17,166
"60QT000010",154,12,142
"60QT000011",106,11,95
"60QT000012",73,22,51
"60QT000013",131,21,110
"60QT000014",62,6,56
"60QT000015",152,20,132
"60QT000016",78,14,64
"60QT000017",156,30,126
"60QT000018",123,26,97
"60QT000019",181,49,132
"60QT000020",114,17,97
"60QT000021",102,21,81
"60QT000022",181,21,160
"60QT000023",85,13,72
"60QT000024",112,18,94
"60QT000025",125,21,104
"60QT000026",103,24,79
"60QT000027",77,12,65
"60QT000028",150,25,125
"60QT000029",154,32,122
"60QT000030",127,18,109
"60QT000031",172,32,140
"60QT000032",170,25,145
"60QT000033",144,26,118
"60QT000034",134,20,114
"60QT000035",129,35,94
"60QT000036",165,31,134
"60QT000037",133,33,100
"60QT000038",91,15,76
"60QT000039",98,17,81
"60QT000040",133,33,100
"60QT000041",91,25,66
"60QT000042",132,24,108
"60QT000043",104,23,81
"60QT000044",117,23,94
"60QT000045",102,27,75
"60QT000046",86,14,72
"60QT000047",130,22,108
"60QT000048",108,14,94
"60QT000049",80,24,56
"60QT000050",106,28,78
"60QT000051",117,22,95
"60QT000052",84,24,60
"60QT000053",148,43,105
"60QT000054",156,30,126
"60QT000055",84,16,68
"60QT000056",174,54,120
"60QT000057",154,24,130
"60QT000058",102,28,74
"60QT000059",103,22,81
"60QT000060",73,11,62
"60QT000061",101,27,74
"60QT000062",146,17,129
"60QT000063",101,12,89
"60QT000064",148,16,132
"60QT000065",131,11,120
"60QT000066",94,20,74
"60QT000067",109,12,97
"60QT000068",100,12,88
"60QT000069",144,25,119
"60QT000070",172,15,157
"60QT000071",79,15,64
"60QT000072",76,28,48
"60QT000073",95,16,79
"60QT000074",139,21,118
"60QT000075",165,22,143
"60QT000076",134,26,108
"60QT000077",120,14,106
"60QT000078",117,29,88
"60QT000079",60,15,45
"60QT000080",85,21,64
"60QT000081",87,17,70
"60QT000082",143,28,115
"60QT000083",86,8,78
"60QT000084",84,13,71
"60QT000085",124,10,114
"60QT000086",168,23,145
"60QT000087",109,11,98
"60QT000088",94,12,82
"60QT000089",308,114,194
"60QT000090",120,12,108
"60QT000091",121,9,112
"60QT000092",68,5,63
"60QT000093",69,11,58
"60QT000094",115,16,99
"60QT000095",114,8,106
"60QT000096",117,19,98
"60QT000097",172,16,156
"60QT000098",73,13,60
"60QT000099",136,9,127
"60QT000100",67,7,60
"60QT000101",124,29,95
"60QT000102",117,22,95
"60QT000103",111,16,95
"60QT000104",168,26,142
"60QT000105",140,26,114
"60QT000106",326,23,303
"60QT000107",102,29,73
"60QT000108",87,17,70
"60QT000109",75,10,65
"60QT000110",154,29,125
"60QT000111",138,24,114
"60QT000112",151,21,130
"60QT000113",114,11,103
"60QT000114",57,7,50
"60QT000115",179,29,150
"60QT000116",127,17,110
"60QT000117",205,63,142
"60QT000118",139,31,108
"60QT000119",80,14,66
"60QT000120",96,13,83
"60QT000121",145,27,118
"60QT000122",158,25,133
"60QT000123",89,12,77
"60QT000124",106,10,96
"60QT000125",151,24,127
"60QT000126",80,16,64
"60QT000127",103,18,85
"60QT000128",175,19,156
"60QT000129",107,20,87
"60QT000130",128,19,109
"60QT000131",175,29,146
"60QT000132",77,9,68
"60QT000133",96,19,77
"60QT000134",114,23,91
"60QT000135",183,20,163
"60QT000136",141,16,125
"60QT000137",60,16,44
"60QT000138",152,36,116
"60QT000139",134,28,106
"60QT000140",112,14,98
"60QT000141",134,28,106
"60QT000142",190,24,166
"60QT000143",72,8,64
"60QT000144",171,23,148
"60QT000145",58,5,53
"60QT000146",193,25,168
"60QT000147",172,32,140
"60QT000148",139,20,119
"60QT000149",56,10,46
"60QT000150",96,18,78
"60QT000151",168,28,140
"60QT000152",140,30,110
"60QT000153",71,15,56
"60QT000154",107,14,93
"60QT000155",99,14,85
"60QT000156",167,27,140
"60QT000157",141,17,124
"60QT000158",149,23,126
"60QT000159",142,20,122
"60QT000160",77,13,64
"60QT000161",78,17,61
"60QT000162",84,12,72
"60QT000163",117,17,100
"60QT000164",59,13,46
"60QT000165",138,22,116
"60QT000166",173,25,148
"60QT000167",105,19,86
"60QT000168",155,26,129
"60QT000169",154,20,134
"60QT000170",104,17,87
"60QT000171",70,14,56
"60QT000172",186,20,166
"60QT000173",64,7,57
"60QT000174",169,32,137
"60QT000175",167,28,139
"60QT000176",104,12,92
"60QT000177",155,14,141
"60QT000178",134,20,114
"60QT000179",65,9,56
"60QT000180",123,12,111
"60QT000181",161,23,138
"60QT000182",73,14,59
"60QT000183",147,20,127
"60QT000184",167,21,146
"60QT000185",124,52,72
"60QT000186",179,38,141
"60QT000187",75,10,65
"60QT000188",78,11,67
"60QT000189",167,24,143
"60QT000190",133,44,89
"60QT000191",58,8,50
"60QT000192",105,12,93
"60QT000193",128,13,115
"60QT000194",89,12,77
"60QT000195",99,10,89
"60QT000196",124,14,110
"60QT000197",186,21,165
"60QT000198",201,29,172
"60QT000199",135,19,116
"60QT000200",133,33,100
"60QT000201",84,8,76
"60QT000202",89,14,75
"60QT000203",166,20,146
"60QT000204",136,27,109
"60QT000205",58,6,52
"60QT000206",97,24,73
"60QT000207",70,16,54
"60QT000208",158,26,132
"60QT000209",156,12,144
"60QT000210",119,15,104
"60QT000211",183,43,140
"60QT000212",103,23,80
"60QT000213",60,17,43
"60QT000214",120,21,99
"60QT000215",191,16,175
"60QT000216",125,18,107
"60QT000217",137,9,128
"60QT000218",68,13,55
"60QT000219",188,33,155
"60QT000220",126,16,110
"60QT000221",152,18,134
"60QT000222",129,25,104
"60QT000223",79,6,73
"60QT000224",78,15,63
"60QT000225",191,30,161
"60QT000226",150,29,121
"60QT000227",154,35,119
"60QT000228",188,34,154
"60QT000229",101,22,79
"60QT000230",101,27,74
"60QT000231",83,13,70
"60QT000232",153,23,130
"60QT000233",147,25,122
"60QT000234",69,22,47
"60QT000235",120,20,100
"60QT000236",109,19,90
"60QT000237",135,19,116
"60QT000238",113,17,96
"60QT000239",122,26,96
"60QT000240",92,18,74
"60QT000241",152,21,131
"60QT000242",111,16,95
"60QT000243",148,34,114
"60QT000244",100,22,78
"60QT000245",138,28,110
"60QT000246",105,21,84
"60QT000247",113,38,75
"60QT000248",131,19,112
"60QT000249",133,23,110
"60QT000250",61,16,45
"60QT000251",97,16,81
"60QT000252",101,26,75
"60QT000253",88,19,69
"60QT000254",155,34,121
"60QT000255",127,25,102
"60QT000256",149,27,122
"60QT000257",106,24,82
"60QT000258",78,18,60
"60QT000259",166,37,129
"60QT000260",112,19,93
"60QT000261",77,18,59
"60QT000262",84,16,68
"60QT000263",88,16,72
"60QT000264",97,17,80
"60QT000265",124,20,104
"60QT000266",136,31,105
"60QT000267",99,12,87
"60QT000268",159,21,138
"60QT000269",137,24,113
"60QT000270",127,19,108
"60QT000271",109,20,89
"60QT000272",115,28,87
"60QT000273",119,22,97
"60QT000274",125,34,91
"60QT000275",126,26,100
"60QT000276",69,16,53
"60QT000277",101,13,88
"60QT000278",114,26,88
"60QT000279",88,12,76
"60QT000280",137,19,118
"60QT000281",127,23,104
"60QT000282",114,19,95
"60QT000283",78,10,68
"60QT000284",102,13,89
"60QT000285",142,24,118
"60QT000286",62,12,50
"60QT000287",116,17,99
"60QT000288",97,18,79
"60QT000289",125,18,107
"60QT000290",83,51,32
"60QT000291",150,123,27
"60QT000292",68,59,9
"60QT000293",143,39,104
"60QT000294",102,21,81
"60QT000295",122,19,103
"60QT000296",102,10,92
"60QT000297",186,27,159
"60QT000298",100,16,84
"60QT000299",164,29,135
"60QT000300",183,26,157
"60QT000301",128,23,105
"60QT000302",129,26,103
"60QT000303",139,19,120
"60QT000304",125,15,110
"60QT000305",167,23,144
"60QT000306",104,9,95
"60QT000307",185,27,158
"60QT000308",139,37,102
"60QT000309",185,30,155
"60QT000310",90,21,69
"60QT000311",92,27,65
"60QT000312",124,20,104
"60QT000313",78,19,59
"60QT000314",125,21,104
"60QT000315",151,27,124
"60QT000316",193,34,159
"60QT000317",141,19,122
"60QT000318",79,18,61
"60QT000319",65,17,48
"60QT000320",103,37,66
"60QT000321",114,32,82
"60QT000322",164,28,136
"60QT000323",140,26,114
"60QT000324",117,21,96
"60QT000325",163,37,126
"60QT000326",175,43,132
"60QT000327",130,25,105
"60QT000328",93,17,76
"60QT000329",160,32,128
"60QT000330",148,25,123
"60QT000331",148,27,121
"60QT000332",90,12,78
"60QT000333",192,31,161
"60QT000334",121,25,96
"60QT000335",137,34,103
"60QT000336",124,26,98
"60QT000337",73,24,49
"60QT000338",58,10,48
"60QT000339",114,22,92
"60QT000340",96,22,74
"60QT000341",123,26,97
"60QT000342",147,30,117
"60QT000343",109,21,88
"60QT000344",71,22,49
"60QT000345",99,18,81
"60QT000346",99,18,81
"60QT000347",89,24,65
"60QT000348",69,19,50
"60QT000349",113,20,93
"60QT000350",87,17,70
"60QT000351",127,22,105
"60QT000352",79,22,57
"60QT000353",52,15,37
"60QT000354",83,17,66
"60QT000355",139,28,111
"60QT000356",160,22,138
"60QT000357",196,27,169
"60QT000358",91,13,78
"60QT000359",97,25,72
"60QT000360",152,26,126
"60QT000361",153,48,105
"60QT000362",162,28,134
"60QT000363",135,29,106
"60QT000364",116,30,86
"60QT000365",104,14,90
"60QT000366",71,22,49
"60QT000367",131,37,94
"60QT000368",76,30,46
"60QT000369",123,36,87
"60QT000370",125,37,88
"60QT000371",125,22,103
"60QT000372",81,26,55
"60QT000373",127,39,88
"60QT000374",59,14,45
"60QT000375",76,17,59
"60QT000376",143,22,121
"60QT000377",119,18,101
"60QT000378",84,11,73
"60QT000379",164,30,134
"60QT000380",56,8,48
"60QT000381",115,16,99
"60QT000382",119,13,106
"60QT000383",111,28,83
"60QT000384",97,30,67
"60QT000385",147,36,111
"60QT000386",105,26,79
"60QT000387",133,23,110
"60QT000388",159,22,137
"60QT000389",97,37,60
"60QT000390",98,22,76
"60QT000391",77,19,58
"60QT000392",101,24,77
"60QT000393",121,31,90
"60QT000394",88,36,52
"60QT000395",66,15,51
"60QT000396",75,13,62
"60QT000397",99,13,86
"60QT000398",135,29,106
"60QT000399",123,27,96
"60QT000400",114,13,101
"60QT000401",85,15,70
"60QT000402",124,15,109
"60QT000403",123,22,101
"60QT000404",106,5,101
"60QT000405",204,37,167
"60QT000406",176,14,162
"60QT000407",115,13,102
"60QT000408",127,22,105
"60QT000409",137,9,128
"60QT000410",126,17,109
"60QT000411",130,28,102
"60QT000412",82,12,70
"60QT000413",121,16,105
"60QT000414",96,23,73
"60QT000415",118,32,86
"60QT000416",213,35,178
"60QT000417",138,19,119
"60QT000418",93,25,68
"60QT000419",103,19,84
"60QT000420",99,23,76
"60QT000421",126,37,89
"60QT000422",136,34,102
"60QT000423",50,14,36
"60QT000424",100,19,81
"60QT000425",127,31,96
"60QT000426",89,12,77
"60QT000427",198,40,158
"60QT000428",140,28,112
"60QT000429",73,27,46
"60QT000430",123,19,104
"60QT000431",143,22,121
"60QT000432",95,12,83
"60QT000433",82,14,68
"60QT000434",92,13,79
"60QT000435",139,12,127
"60QT000436",65,8,57
"60QT000437",137,26,111
"60QT000438",134,25,109
"60QT000439",102,15,87
"60QT000440",138,37,101
"60QT000441",177,34,143
"60QT000442",115,19,96
"60QT000443",139,35,104
"60QT000444",127,24,103
"60QT000445",127,30,97
"60QT000446",93,18,75
"60QT000447",150,25,125
"60QT000448",149,25,124
"60QT000449",134,26,108
"60QT000450",105,18,87
"60QT000451",96,13,83
"60QT000452",125,23,102
"60QT000453",144,16,128
"60QT000454",109,23,86
"60QT000455",94,29,65
"60QT000456",132,39,93
"60QT000457",91,15,76
"60QT000458",176,28,148
"60QT000459",184,26,158
"60QT000460",137,21,116
"60QT000461",190,40,150
"60QT000462",114,66,48
"60QT000463",98,18,80
"60QT000464",162,26,136
"60QT000465",113,11,102
"60QT000466",105,14,91
"60QT000467",77,14,63
"60QT000468",169,27,142
"60QT000469",171,17,154
"60QT000470",138,50,88
"60QT000471",162,19,143
"60QT000472",149,18,131
"60QT000473",148,21,127
"60QT000474",219,56,163
"60QT000475",128,13,115
"60QT000476",125,25,100
"60QT000477",140,20,120
"60QT000478",115,32,83
"60QT000479",174,22,152
"60QT000480",134,31,103
"60QT000481",169,52,117
"60QT000482",108,20,88
"60QT000483",119,26,93
"60QT000484",167,37,130
"60QT000485",110,21,89
"60QT000486",112,13,99
"60QT000487",96,6,90
"60QT000488",93,16,77
"60QT000489",85,23,62
"60QT000490",109,16,93
"60QT000491",82,11,71
"60QT000492",72,9,63
"60QT000493",119,31,88
"60QT000494",122,16,106
"60QT000495",120,26,94
"60QT000496",94,19,75
"60QT000497",104,15,89
"60QT000498",134,26,108
"60QT000499",140,18,122
"60QT000500",118,20,98
"60QT000501",146,34,112
"60QT000502",182,26,156
"60QT000503",125,17,108
"60QT000504",141,12,129
"60QT000505",70,20,50
"60QT000506",111,18,93
"60QT000507",169,29,140
"60QT000508",92,18,74
"60QT000509",89,16,73
"60QT000510",179,67,112
"60QT000511",66,12,54
"60QT000512",126,24,102
"60QT000513",121,28,93
"60QT000514",82,26,56
"60QT000515",142,20,122
"60QT000516",56,12,44
"60QT000517",92,28,64
"60QT000518",89,13,76
"60QT000519",71,16,55
"60QT000520",112,19,93
"60QT000521",156,24,132
"60QT000522",71,10,61
"60QT000523",135,14,121
"60QT000524",157,33,124
"60QT000525",115,17,98
"60QT000526",64,38,26
"60QT000527",196,24,172
"60QT000528",100,25,75
"60QT000529",80,26,54
"60QT000530",124,38,86
"60QT000531",162,24,138
"60QT000532",121,25,96
"60QT000533",88,16,72
"60QT000534",97,42,55
"60QT000535",88,36,52
"60QT000536",101,24,77
"60QT000537",193,69,124
"60QT000538",92,15,77
"60QT000539",112,32,80
"60QT000540",171,38,133
"60QT000541",84,10,74
"60QT000542",207,44,163
"60QT000543",77,7,70
"60QT000544",104,18,86
"60QT000545",196,30,166
"60QT000546",173,24,149
"60QT000547",96,10,86
"60QT000548",60,7,53
"60QT000549",83,12,71
"60QT000550",85,5,80
"60QT000551",73,22,51
"60QT000552",128,16,112
"60QT000553",105,17,88
"60QT000554",90,12,78
"60QT000555",103,27,76
"60QT000556",139,18,121
"60QT000557",66,23,43
"60QT000558",128,32,96
"60QT000559",123,20,103
"60QT000560",122,23,99
"60QT000561",154,35,119
"60QT000562",158,43,115
"60QT000563",134,29,105
"60QT000564",85,21,64
"60QT000565",185,29,156
"60QT000566",118,18,100
"60QT000567",201,18,183
"60QT000568",112,4,108
"60QT000569",113,0,113
"60QT000570",150,12,138
"60QT000571",79,2,77
"60QT000572",157,23,134
"60QT000573",116,17,99
"60QT000574",101,12,89
"60QT000575",282,25,257
"60QT000576",113,14,99
"60QT000577",107,20,87
"60QT000578",130,12,118
"60QT000579",140,12,128
"60QT000580",120,23,97
"60QT000581",119,7,112
"60QT000582",173,30,143
"60QT000583",163,27,136
"60QT000584",191,14,177
"60QT000585",103,11,92
"60QT000586",70,11,59
"60QT000587",120,9,111
"60QT000588",114,6,108
"60QT000589",153,10,143
"60QT000590",77,13,64
"60QT000591",131,21,110
"60QT000592",144,14,130
"60QT000593",198,13,185
"60QT000594",138,7,131
"60QT000595",158,34,124
"60QT000596",174,24,150
"60QT000597",126,13,113
"60QT000598",112,14,98
"60QT000599",148,14,134
"60QT000600",89,15,74
"60QT000601",131,14,117
"60QT000602",54,8,46
"60QT000603",167,22,145
"60QT000604",95,17,78
"60QT000605",118,24,94
"60QT000606",67,18,49
"60QT000607",53,9,44
"60QT000608",93,16,77
"60QT000609",119,9,110
"60QT000610",129,19,110
"60QT000611",121,22,99
"60QT000612",113,22,91
"60QT000613",120,30,90
"60QT000614",91,17,74
"60QT000615",100,25,75
"60QT000616",119,15,104
"60QT000617",111,17,94
"60QT000618",100,19,81
"60QT000619",117,14,103
"60QT000620",111,19,92
"60QT000621",178,14,164
"60QT000622",162,14,148
"60QT000623",154,28,126
"60QT000624",118,22,96
"60QT000625",79,12,67
"60QT000626",105,7,98
"60QT000627",189,37,152
"60QT000628",81,17,64
"60QT000629",60,8,52
"60QT000630",103,46,57
"60QT000631",121,17,104
"60QT000632",102,20,82
"60QT000633",107,18,89
"60QT000634",70,25,45
"60QT000635",93,12,81
"60QT000636",87,34,53
"60QT000637",169,21,148
"60QT000638",165,35,130
"60QT000639",152,30,122
"60QT000640",147,28,119
"60QT000641",93,19,74
"60QT000642",89,28,61
"60QT000643",118,27,91
"60QT000644",92,12,80
"60QT000645",139,27,112
"60QT000646",90,11,79
"60QT000647",104,17,87
"60QT000648",96,28,68
"60QT000649",197,27,170
"60QT000650",53,13,40
"60QT000651",94,31,63
"60QT000652",131,16,115
"60QT000653",125,16,109
"60QT000654",166,39,127
"60QT000655",111,14,97
"60QT000656",106,6,100
"60QT000657",108,13,95
"60QT000658",116,20,96
"60QT000659",83,9,74
"60QT000660",76,18,58
"60QT000661",80,18,62
"60QT000662",81,13,68
"60QT000663",95,30,65
"60QT000664",65,13,52
"60QT000665",108,11,97
"60QT000666",150,62,88
"60QT000667",125,28,97
"60QT000668",189,38,151
"60QT000669",203,40,163
"60QT000670",129,43,86
"60QT000671",108,15,93
"60QT000672",99,17,82
"60QT000673",139,17,122
"60QT000674",179,30,149
"60QT000675",103,22,81
"60QT000676",135,29,106
"60QT000677",115,39,76
"60QT000678",88,34,54
"60QT000679",116,32,84
"60QT000680",160,22,138
"60QT000681",94,21,73
"60QT000682",196,41,155
"60QT000683",121,31,90
"60QT000684",112,32,80
"60QT000685",98,46,52
"60QT000686",121,21,100
"60QT000687",95,30,65
"60QT000688",115,33,82
"60QT000689",91,18,73
"60QT000690",99,22,77
"60QT000691",103,25,78
"60QT000692",101,23,78
"60QT000693",89,23,66
"60QT000694",148,31,117
"60QT000695",155,29,126
"60QT000696",81,27,54
"60QT000697",73,24,49
"60QT000698",193,43,150
"60QT000699",121,44,77
"60QT000700",153,45,108
"60QT000701",69,25,44
"60QT000702",114,26,88
"60QT000703",98,14,84
"60QT000704",118,40,78
"60QT000705",109,15,94
"60QT000706",131,16,115
"60QT000707",119,25,94
"60QT000708",58,9,49
"60QT000709",114,13,101
"60QT000710",59,6,53
"60QT000711",142,33,109
"60QT000712",112,23,89
"60QT000713",69,17,52
"60QT000714",88,24,64
"60QT000715",78,25,53
"60QT000716",105,37,68
"60QT000717",121,32,89
"60QT000718",92,19,73
"60QT000719",153,18,135
"60QT000720",191,62,129
"60QT000721",77,14,63
"60QT000722",134,51,83
"60QT000723",219,35,184
"60QT000724",149,41,108
"60QT000725",149,38,111
"60QT000726",155,14,141
"60QT000727",77,5,72
"60QT000728",117,30,87
"60QT000729",145,26,119
"60QT000730",166,10,156
"60QT000731",154,17,137
"60QT000732",171,18,153
"60QT000733",185,49,136
"60QT000734",180,25,155
"60QT000735",149,22,127
"60QT000736",150,23,127
"60QT000737",55,6,49
"60QT000738",87,27,60
"60QT000739",152,17,135
"60QT000740",170,19,151
"60QT000741",64,7,57
"60QT000742",137,38,99
"60QT000743",77,8,69
"60QT000744",220,28,192
"60QT000745",132,13,119
"60QT000746",120,29,91
"60QT000747",127,26,101
"60QT000748",132,15,117
"60QT000749",165,39,126
"60QT000750",126,29,97
"60QT000751",120,36,84
"60QT000752",92,22,70
"60QT000753",69,28,41
"60QT000754",136,46,90
"60QT000755",60,15,45
"60QT000756",64,20,44
"60QT000757",99,26,73
"60QT000758",76,19,57
"60QT000759",134,39,95
"60QT000760",119,26,93
"60QT000761",83,12,71
"60QT000762",78,8,70
"60QT000763",128,15,113
"60QT000764",96,25,71
"60QT000765",124,36,88
"60QT000766",101,45,56
"60QT000767",104,27,77
"60QT000768",101,29,72
"60QT000769",52,34,18
"60QT000770",83,22,61
"60QT000771",92,19,73
"60QT000772",120,32,88
"60QT000773",66,27,39
"60QT000774",163,45,118
"60QT000775",74,11,63
"60QT000776",144,13,131
"60QT000777",122,14,108
"60QT000778",126,20,106
"60QT000779",52,8,44
"60QT000780",82,17,65
"60QT000781",97,20,77
"60QT000782",135,19,116
"60QT000783",166,32,134
"60QT000784",92,19,73
"60QT000785",116,29,87
"60QT000786",90,22,68
"60QT000787",167,20,147
"60QT000788",111,14,97
"60QT000789",206,21,185
"60QT000790",182,26,156
"60QT000791",95,16,79
"60QT000792",113,13,100
"60QT000793",130,9,121
"60QT000794",182,38,144
"60QT000795",76,8,68
"60QT000796",132,17,115
"60QT000797",120,29,91
"60QT000798",58,17,41
"60QT000799",142,18,124
"60QT000800",126,31,95
"60QT000801",78,17,61
"60QT000802",73,14,59
"60QT000803",135,43,92
"60QT000804",68,14,54
"60QT000805",94,17,77
"60QT000806",113,12,101
"60QT000807",120,19,101
"60QT000808",108,18,90
"60QT000809",117,23,94
"60QT000810",59,6,53
"60QT000811",150,38,112
"60QT000812",174,34,140
"60QT000813",63,11,52
"60QT000814",91,13,78
"60QT000815",162,22,140
"60QT000816",61,12,49
"60QT000817",147,20,127
"60QT000818",137,18,119
"60QT000819",155,21,134
"60QT000820",148,31,117
"60QT000821",107,16,91
"60QT000822",144,22,122
"60QT000823",126,17,109
"60QT000824",114,11,103
"60QT000825",83,11,72
"60QT000826",248,32,216
"60QT000827",72,8,64
"60QT000828",89,13,76
"60QT000829",72,7,65
"60QT000830",134,14,120
"60QT000831",64,5,59
"60QT000832",120,9,111
"60QT000833",181,20,161
"60QT000834",133,13,120
"60QT000835",108,21,87
"60QT000836",194,23,171
"60QT000837",183,30,153
"60QT000838",196,28,168
"60QT000839",160,16,144
"60QT000840",140,27,113
"60QT000841",139,30,109
"60QT000842",200,28,172
"60QT000843",182,34,148
"60QT000844",120,32,88
"60QT000845",150,29,121
"60QT000846",150,28,122
"60QT000847",155,34,121
"60QT000848",167,46,121
"60QT000849",134,19,115
"60QT000850",175,41,134
"60QT000851",150,24,126
"60QT000852",191,23,168
"60QT000853",56,19,37
"60QT000854",116,9,107
"60QT000855",136,26,110
"60QT000856",156,32,124
"60QT000857",96,14,82
"60QT000858",224,34,190
"60QT000859",127,33,94
"60QT000860",146,25,121
"60QT000861",196,36,160
"60QT000862",82,31,51
"60QT000863",149,35,114
"60QT000864",150,38,112
"60QT000865",150,32,118
"60QT000866",108,18,90
"60QT000867",173,24,149
"60QT000868",176,29,147
"60QT000869",109,24,85
"60QT000870",109,16,93
"60QT000871",66,27,39
"60QT000872",111,17,94
"60QT000873",174,25,149
"60QT000874",112,17,95
"60QT000875",147,22,125
"60QT000876",161,36,125
"60QT000877",134,14,120
"60QT000878",113,17,96
"60QT000879",106,11,95
"60QT000880",114,12,102
"60QT000881",119,20,99
"60QT000882",130,20,110
"60QT000883",202,21,181
"60QT000884",115,20,95
"60QT000885",132,28,104
"60QT000886",90,20,70
"60QT000887",99,25,74
"60QT000888",177,25,152
"60QT000889",155,35,120
"60QT000890",148,34,114
"60QT000891",167,32,135
"60QT000892",246,29,217
"60QT000893",126,23,103
"60QT000894",93,26,67
"60QT000895",115,19,96
"60QT000896",122,24,98
"60QT000897",117,21,96
"60QT000898",107,19,88
"60QT000899",142,22,120
"60QT000900",109,19,90
"60QT000901",155,25,130
"60QT000902",178,34,144
"60QT000903",162,29,133
"60QT000904",119,15,104
"60QT000905",149,19,130
"60QT000906",119,16,103
"60QT000907",137,17,120
"60QT000908",109,29,80
"60QT000909",64,13,51
"60QT000910",171,43,128
"60QT000911",104,19,85
"60QT000912",178,53,125
"60QT000913",87,31,56
"60QT000914",77,10,67
"60QT000915",104,25,79
"60QT000916",108,36,72
"60QT000917",118,31,87
"60QT000918",105,14,91
"60QT000919",128,21,107
"60QT000920",96,28,68
"60QT000921",111,19,92
"60QT000922",89,14,75
"60QT000923",115,20,95
"60QT000924",101,28,73
"60QT000925",107,20,87
"60QT000926",96,19,77
"60QT000927",75,21,54
"60QT000928",116,21,95
"60QT000929",146,25,121
"60QT000930",140,29,111
"60QT000931",88,31,57
"60QT000932",103,18,85
"60QT000933",129,22,107
"60QT000934",97,11,86
"60QT000935",55,4,51
"60QT000936",174,31,143
"60QT000937",93,14,79
"60QT000938",133,24,109
"60QT000939",209,20,189
"60QT000940",103,25,78
"60QT000941",153,38,115
"60QT000942",106,19,87
"60QT000943",144,24,120
"60QT000944",109,26,83
"60QT000945",89,29,60
"60QT000946",147,37,110
"60QT000947",100,48,52
"60QT000948",69,10,59
"60QT000949",157,22,135
"60QT000950",134,24,110
"60QT000951",154,20,134
"60QT000952",118,13,105
"60QT000953",93,22,71
"60QT000954",170,29,141
"60QT000955",174,33,141
"60QT000956",124,21,103
"60QT000957",149,20,129
"60QT000958",94,25,69
"60QT000959",180,38,142
"60QT000960",141,39,102
"60QT000961",127,28,99
"60QT000962",185,31,154
"60QT000963",137,29,108
"60QT000964",153,31,122
"60QT000965",145,29,116
"60QT000966",126,20,106
"60QT000967",152,62,90
"60QT000968",86,9,77
"60QT000969",99,21,78
"60QT000970",101,13,88
"60QT000971",127,26,101
"60QT000972",59,20,39
"60QT000973",126,23,103
"60QT000974",100,27,73
"60QT000975",135,19,116
"60QT000976",118,20,98
"60QT000977",140,19,121
"60QT000978",55,11,44
"60QT000979",139,30,109
"60QT000980",116,29,87
"60QT000981",94,21,73
"60QT000982",126,22,104
"60QT000983",77,34,43
"60QT000984",131,23,108
"60QT000985",96,24,72
"60QT000986",166,30,136
"60QT000987",160,21,139
"60QT000988",241,38,203
"60QT000989",221,19,202
"60QT000990",102,24,78
"60QT000991",118,14,104
"60QT000992",221,28,193
"60QT000993",205,26,179
"60QT000994",121,24,97
"60QT000995",197,21,176
"60QT000996",118,27,91
"60QT000997",137,36,101
"60QT000998",98,25,73
"60QT000999",146,39,107
"60QT001000",111,23,88
"60QT001001",162,47,115
"60QT001002",120,32,88
"60QT001003",112,26,86
"60QT001004",141,27,114
"60QT001005",203,37,166
"60QT001006",152,33,119
"60QT001007",146,36,110
"60QT001008",118,27,91
"60QT001009",134,44,90
"60QT001010",53,19,34
"60QT001011",151,27,124
"60QT001012",197,20,177
"60QT001013",125,31,94
"60QT001014",97,21,76
"60QT001015",98,29,69
"60QT001016",97,15,82
"60QT001017",109,41,68
"60QT001018",142,33,109
"60QT001019",138,30,108
"60QT001020",130,38,92
"60QT001021",156,24,132
"60QT001022",89,19,70
"60QT001023",121,17,104
"60QT001024",59,23,36
"60QT001025",88,24,64
"60QT001026",114,16,98
"60QT001027",113,35,78
"60QT001028",80,27,53
"60QT001029",167,36,131
"60QT001030",111,22,89
"60QT001031",133,27,106
"60QT001032",110,25,85
"60QT001033",102,17,85
"60QT001034",136,30,106
"60QT001035",126,25,101
"60QT001036",179,66,113
"60QT001037",99,33,66
"60QT001038",83,12,71
"60QT001039",134,28,106
"60QT001040",186,31,155
"60QT001041",115,34,81
"60QT001042",225,33,192
"60QT001043",123,38,85
"60QT001044",186,27,159
"60QT001045",109,24,85
"60QT001046",105,28,77
"60QT001047",84,17,67
"60QT001048",105,33,72
"60QT001049",98,21,77
"60QT001050",134,30,104
"60QT001051",105,16,89
"60QT001052",123,13,110
"60QT001053",157,25,132
"60QT001054",130,19,111
"60QT001055",87,17,70
"60QT001056",61,10,51
"60QT001057",120,24,96
"60QT001058",149,32,117
"60QT001059",74,22,52
"60QT001060",120,23,97
"60QT001061",138,40,98
"60QT001062",123,33,90
"60QT001063",117,24,93
"60QT001064",127,19,108
"60QT001065",159,35,124
"60QT001066",99,39,60
"60QT001067",164,43,121
"60QT001068",89,15,74
"60QT001069",143,31,112
"60QT001070",91,17,74
"60QT001071",104,26,78
"60QT001072",119,32,87
"60QT001073",125,17,108
"60QT001074",82,10,72
"60QT001075",131,34,97
"60QT001076",110,24,86
"60QT001077",156,24,132
"60QT001078",102,23,79
"60QT001079",118,20,98
"60QT001080",108,18,90
"60QT001081",118,11,107
"60QT001082",99,21,78
"60QT001083",131,18,113
"60QT001084",166,46,120
"60QT001085",119,15,104
"60QT001086",56,9,47
"60QT001087",96,23,73
"60QT001088",62,7,55
"60QT001089",135,20,115
"60QT001090",131,36,95
"60QT001091",51,7,44
"60QT001092",128,26,102
"60QT001093",76,15,61
"60QT001094",149,64,85
"60QT001095",78,25,53
"60QT001096",157,17,140
"60QT001097",147,20,127
"60QT001098",69,12,57
"60QT001099",191,44,147
"60QT001100",115,21,94
"60QT001101",139,26,113
"60QT001102",75,14,61
"60QT001103",69,11,58
"60QT001104",93,14,79
"60QT001105",143,33,110
"60QT001106",109,27,82
"60QT001107",135,26,109
"60QT001108",55,15,40
"60QT001109",176,38,138
"60QT001110",115,17,98
"60QT001111",110,15,95
"60QT001112",80,22,58
"60QT001113",82,26,56
"60QT001114",108,27,81
"60QT001115",89,25,64
"60QT001116",95,18,77
"60QT001117",136,26,110
"60QT001118",81,17,64
"60QT001119",155,74,81
"60QT001120",100,17,83
"60QT001121",105,19,86
"60QT001122",89,17,72
"60QT001123",141,37,104
"60QT001124",101,18,83
"60QT001125",143,26,117
"60QT001126",198,20,178
"60QT001127",142,36,106
"60QT001128",151,32,119
"60QT001129",154,27,127
"60QT001130",107,37,70
"60QT001131",113,17,96
"60QT001132",144,14,130
"60QT001133",156,28,128
"60QT001134",175,40,135
"60QT001135",206,18,188
"60QT001136",73,10,63
"60QT001137",125,17,108
"60QT001138",90,17,73
"60QT001139",93,14,79
"60QT001140",82,8,74
"60QT001141",120,20,100
"60QT001142",117,20,97
"60QT001143",98,11,87
"60QT001144",128,52,76
"60QT001145",124,31,93
"60QT001146",148,19,129
"60QT001147",164,24,140
"60QT001148",158,38,120
"60QT001149",184,33,151
"60QT001150",139,31,108
"60QT001151",130,44,86
"60QT001152",142,31,111
"60QT001153",126,23,103
"60QT001154",120,36,84
"60QT001155",146,28,118
"60QT001156",125,24,101
"60QT001157",127,32,95
"60QT001158",127,25,102
"60QT001159",99,15,84
"60QT001160",105,14,91
"60QT001161",132,13,119
"60QT001162",66,13,53
"60QT001163",145,14,131
"60QT001164",129,16,113
"60QT001165",134,11,123
"60QT001166",138,21,117
"60QT001167",133,15,118
"60QT001168",116,21,95
"60QT001169",99,17,82
"60QT001170",113,14,99
"60QT001171",118,21,97
"60QT001172",123,17,106
"60QT001173",131,21,110
"60QT001174",89,14,75
"60QT001175",146,17,129
"60QT001176",106,18,88
"60QT001177",88,28,60
"60QT001178",112,22,90
"60QT001179",131,16,115
"60QT001180",181,22,159
"60QT001181",133,24,109
"60QT001182",62,7,55
"60QT001183",109,20,89
"60QT001184",62,9,53
"60QT001185",109,15,94
"60QT001186",109,25,84
"60QT001187",95,17,78
"60QT001188",139,26,113
"60QT001189",71,17,54
"60QT001190",122,16,106
"60QT001191",157,35,122
"60QT001192",128,60,68
"60QT001193",72,5,67
"60QT001194",209,24,185
"60QT001195",119,25,94
"60QT001196",113,13,100
"60QT001197",115,17,98
"60QT001198",95,13,82
"60QT001199",65,5,60
"60QT001200",111,16,95
"60QT001201",100,11,89
"60QT001202",96,15,81
"60QT001203",99,18,81
"60QT001204",85,16,69
"60QT001205",100,21,79
"60QT001206",114,17,97
"60QT001207",121,11,110
"60QT001208",102,14,88
"60QT001209",105,23,82
"60QT001210",110,18,92
"60QT001211",202,37,165
"60QT001212",109,27,82
"60QT001213",68,18,50
"60QT001214",70,24,46
"60QT001215",89,20,69
"60QT001216",93,33,60
"60QT001217",136,42,94
"60QT001218",59,20,39
"60QT001219",98,18,80
"60QT001220",153,29,124
"60QT001221",90,17,73
"60QT001222",84,8,76
"60QT001223",143,27,116
"60QT001224",177,10,167
"60QT001225",104,16,88
"60QT001226",73,12,61
"60QT001227",90,22,68
"60QT001228",67,12,55
"60QT001229",62,35,27
"60QT001230",110,31,79
"60QT001231",102,7,95
"60QT001232",103,14,89
"60QT001233",60,9,51
"60QT001234",110,13,97
"60QT001235",96,15,81
"60QT001236",123,18,105
"60QT001237",57,9,48
"60QT001238",154,71,83
"60QT001239",53,10,43
"60QT001240",157,18,139
"60QT001241",80,5,75
"60QT001242",57,8,49
"60QT001243",153,14,139
"60QT001244",124,21,103
"60QT001245",59,13,46
"60QT001246",92,12,80
"60QT001247",152,12,140
"60QT001248",145,17,128
"60QT001249",89,11,78
"60QT001250",53,8,45
"60QT001251",114,39,75
"60QT001252",128,17,111
"60QT001253",75,8,67
"60QT001254",116,13,103
"60QT001255",116,15,101
"60QT001256",134,18,116
"60QT001257",90,9,81
"60QT001258",74,4,70
"60QT001259",66,7,59
"60QT001260",97,12,85
"60QT001261",59,9,50
"60QT001262",78,14,64
"60QT001263",106,13,93
"60QT001264",146,16,130
"60QT001265",104,19,85
"60QT001266",86,8,78
"60QT001267",105,4,101
"60QT001268",139,22,117
"60QT001269",58,10,48
"60QT001270",87,15,72
"60QT001271",153,19,134
"60QT001272",162,25,137
"60QT001273",96,14,82
"60QT001274",98,29,69
"60QT001275",101,9,92
"60QT001276",133,32,101
"60QT001277",87,17,70
"60QT001278",81,40,41
"60QT001279",119,22,97
"60QT001280",52,3,49
"60QT001281",95,34,61
"60QT001282",96,24,72
"60QT001283",97,22,75
"60QT001284",65,20,45
"60QT001285",50,7,43
"60QT001286",53,9,44
"60QT001287",136,28,108
"60QT001288",76,6,70
"60QT001289",138,32,106
"60QT001290",108,22,86
"60QT001291",82,17,65
"60QT001292",157,22,135
"60QT001293",143,16,127
"60QT001294",133,11,122
"60QT001295",98,32,66
"60QT001296",138,22,116
"60QT001297",139,39,100
"60QT001298",71,14,57
"60QT001299",114,37,77
"60QT001300",140,25,115
"60QT001301",115,28,87
"60QT001302",102,13,89
"60QT001303",82,22,60
"60QT001304",77,14,63
"60QT001305",89,18,71
"60QT001306",127,14,113
"60QT001307",86,14,72
"60QT001308",81,10,71
"60QT001309",59,3,56
"60QT001310",83,28,55
"60QT001311",151,18,133
"60QT001312",107,15,92
"60QT001313",111,12,99
"60QT001314",91,25,66
"60QT001315",70,19,51
"60QT001316",119,21,98
"60QT001317",91,10,81
"60QT001318",64,8,56
"60QT001319",72,15,57
"60QT001320",88,7,81
"60QT001321",105,22,83
"60QT001322",109,17,92
"60QT001323",198,34,164
"60QT001324",133,25,108
"60QT001325",126,26,100
"60QT001326",131,13,118
"60QT001327",84,15,69
"60QT001328",80,12,68
"60QT001329",88,8,80
"60QT001330",62,6,56
"60QT001331",65,16,49
"60QT001332",87,17,70
"60QT001333",72,13,59
"60QT001334",80,6,74
"60QT001335",144,17,127
"60QT001336",116,15,101
"60QT001337",58,19,39
"60QT001338",115,39,76
"60QT001339",73,15,58
"60QT001340",95,10,85
"60QT001341",134,29,105
"60QT001342",74,9,65
"60QT001343",62,9,53
"60QT001344",125,28,97
"60QT001345",176,18,158
"60QT001346",122,12,110
"60QT001347",121,24,97
"60QT001348",79,12,67
"60QT001349",165,22,143
"60QT001350",125,23,102
"60QT001351",116,31,85
"60QT001352",52,12,40
"60QT001353",61,10,51
"60QT001354",101,24,77
"60QT001355",111,19,92
"60QT001356",79,9,70
"60QT001357",86,14,72
"60QT001358",71,16,55
"60QT001359",119,21,98
"60QT001360",78,25,53
"60QT001361",109,31,78
"60QT001362",97,27,70
"60QT001363",83,20,63
"60QT001364",115,27,88
"60QT001365",51,16,35
"60QT001366",87,15,72
"60QT001367",78,8,70
"60QT001368",56,10,46
"60QT001369",160,48,112
"60QT001370",73,15,58
"60QT001371",122,16,106
"60QT001372",110,15,95
"60QT001373",105,17,88
"60QT001374",81,13,68
"60QT001375",64,9,55
"60QT001376",59,21,38
"60QT001377",112,19,93
"60QT001378",73,17,56
"60QT001379",181,32,149
"60QT001380",62,7,55
"60QT001381",163,17,146
"60QT001382",197,19,178
"60QT001383",56,14,42
"60QT001384",106,18,88
"60QT001385",97,12,85
"60QT001386",71,19,52
"60QT001387",53,6,47
"60QT001388",86,27,59
"60QT001389",103,24,79
"60QT001390",77,5,72
"60QT001391",89,14,75
"60QT001392",68,17,51
"60QT001393",145,17,128
"60QT001394",90,16,74
"60QT001395",150,25,125
"60QT001396",53,8,45
"60QT001397",102,19,83
"60QT001398",73,20,53
"60QT001399",127,12,115
"60QT001400",101,10,91
"60QT001401",83,15,68
"60QT001402",128,28,100
"60QT001403",203,32,171
"60QT001404",97,12,85
"60QT001405",141,25,116
"60QT001406",68,29,39
"60QT001407",111,13,98
"60QT001408",85,23,62
"60QT001409",147,10,137
"60QT001410",108,13,95
"60QT001411",108,15,93
"60QT001412",108,14,94
"60QT001413",143,13,130
"60QT001414",62,16,46
"60QT001415",160,33,127
"60QT001416",118,17,101
"60QT001417",71,8,63
"60QT001418",143,34,109
"60QT001419",60,4,56
"60QT001420",261,53,208
"60QT001421",107,17,90
"60QT001422",133,24,109
"60QT001423",102,17,85
"60QT001424",95,18,77
"60QT001425",119,16,103
"60QT001426",81,16,65
"60QT001427",179,34,145
"60QT001428",69,5,64
"60QT001429",126,28,98
"60QT001430",99,14,85
"60QT001431",135,25,110
"60QT001432",104,26,78
"60QT001433",88,14,74
"60QT001434",151,26,125
"60QT001435",158,24,134
"60QT001436",136,20,116
"60QT001437",213,30,183
"60QT001438",173,7,166
"60QT001439",188,28,160
"60QT001440",101,12,89
"60QT001441",84,11,73
"60QT001442",115,17,98
"60QT001443",73,16,57
"60QT001444",122,21,101
"60QT001445",119,17,102
"60QT001446",82,28,54
"60QT001447",113,20,93
"60QT001448",145,21,124
"60QT001449",91,9,82
"60QT001450",129,26,103
"60QT001451",82,8,74
"60QT001452",77,16,61
"60QT001453",182,29,153
"60QT001454",67,17,50
"60QT001455",102,15,87
"60QT001456",102,27,75
"60QT001457",115,18,97
"60QT001458",153,31,122
"60QT001459",72,8,64
"60QT001460",137,18,119
"60QT001461",58,7,51
"60QT001462",97,13,84
"60QT001463",135,22,113
"60QT001464",219,49,170
"60QT001465",136,20,116
"60QT001466",89,22,67
"60QT001467",122,22,100
"60QT001468",91,9,82
"60QT001469",261,36,225
"60QT001470",166,32,134
"60QT001471",118,17,101
"60QT001472",167,23,144
"60QT001473",168,25,143
"60QT001474",114,19,95
"60QT001475",107,15,92
"60QT001476",74,5,69
"60QT001477",200,21,179
"60QT001478",110,15,95
"60QT001479",216,26,190
"60QT001480",180,30,150
"60QT001481",102,20,82
"60QT001482",129,19,110
"60QT001483",141,15,126
"60QT001484",77,10,67
"60QT001485",231,44,187
"60QT001486",116,18,98
"60QT001487",130,26,104
"60QT001488",112,11,101
"60QT001489",72,23,49
"60QT001490",218,24,194
"60QT001491",85,12,73
"60QT001492",182,12,170
"60QT001493",156,12,144
"60QT001494",128,16,112
"60QT001495",186,39,147
"60QT001496",125,20,105
"60QT001497",146,23,123
"60QT001498",101,41,60
"60QT001499",107,14,93
"60QT001500",112,17,95
"60QT001501",116,27,89
"60QT001502",102,21,81
"60QT001503",101,22,79
"60QT001504",95,3,92
"60QT001505",99,19,80
"60QT001506",120,16,104
"60QT001507",202,42,160
"60QT001508",120,18,102
"60QT001509",141,19,122
"60QT001510",127,27,100
"60QT001511",145,17,128
"60QT001512",98,15,83
"60QT001513",126,31,95
"60QT001514",108,24,84
"60QT001515",80,44,36
"60QT001516",129,22,107
"60QT001517",85,18,67
"60QT001518",119,32,87
"60QT001519",112,23,89
"60QT001520",95,13,82
"60QT001521",107,16,91
"60QT001522",100,26,74
"60QT001523",87,15,72
"60QT001524",85,18,67
"60QT001525",93,20,73
"60QT001526",116,17,99
"60QT001527",102,22,80
"60QT001528",104,8,96
"60QT001529",125,31,94
"60QT001530",107,18,89
"60QT001531",135,21,114
"60QT001532",86,14,72
"60QT001533",105,23,82
"60QT001534",128,26,102
"60QT001535",73,6,67
"60QT001536",164,45,119
"60QT001537",67,9,58
"60QT001538",109,23,86
"60QT001539",98,20,78
"60QT001540",85,27,58
"60QT001541",51,44,7
"60QT001542",245,48,197
"60QT001543",69,7,62
"60QT001544",199,21,178
"60QT001545",109,18,91
"60QT001546",93,10,83
"60QT001547",100,14,86
"60QT001548",81,6,75
"60QT001549",204,50,154
"60QT001550",252,31,221
"60QT001551",86,16,70
"60QT001552",115,20,95
"60QT001553",134,16,118
"60QT001554",67,15,52
"60QT001555",126,23,103
"60QT001556",103,18,85
"60QT001557",69,7,62
"60QT001558",105,19,86
"60QT001559",144,27,117
"60QT001560",114,27,87
"60QT001561",103,9,94
"60QT001562",126,26,100
"60QT001563",81,19,62
"60QT001564",76,7,69
"60QT001565",66,14,52
"60QT001566",167,14,153
"60QT001567",77,4,73
"60QT001568",68,3,65
"60QT001569",88,19,69
"60QT001570",132,16,116
"60QT001571",83,7,76
"60QT001572",160,15,145
"60QT001573",173,18,155
"60QT001574",146,9,137
"60QT001575",74,5,69
"60QT001576",137,10,127
"60QT001577",206,16,190
"60QT001578",80,13,67
"60QT001579",122,33,89
"60QT001580",202,53,149
"60QT001581",73,18,55
"60QT001582",102,21,81
"60QT001583",136,18,118
"60QT001584",158,15,143
"60QT001585",174,56,118
"60QT001586",53,4,49
"60QT001587",115,12,103
"60QT001588",119,21,98
"60QT001589",97,10,87
"60QT001590",114,4,110
"60QT001591",99,15,84
"60QT001592",120,37,83
"60QT001593",111,14,97
"60QT001594",102,14,88
"60QT001595",71,6,65
"60QT001596",176,42,134
"60QT001597",199,40,159
"60QT001598",99,34,65
"60QT001599",117,25,92
"60QT001600",131,48,83
"60QT001601",69,11,58
"60QT001602",106,28,78
"60QT001603",61,10,51
"60QT001604",115,20,95
"60QT001605",64,16,48
"60QT001606",101,18,83
"60QT001607",72,17,55
"60QT001608",113,28,85
"60QT001609",120,25,95
"60QT001610",80,18,62
"60QT001611",185,34,151
"60QT001612",81,9,72
"60QT001613",170,22,148
"60QT001614",153,32,121
"60QT001615",102,46,56
"60QT001616",86,15,71
"60QT001617",89,17,72
"60QT001618",106,22,84
"60QT001619",88,27,61
"60QT001620",69,22,47
"60QT001621",97,4,93
"60QT001622",155,15,140
"60QT001623",159,26,133
"60QT001624",140,16,124
"60QT001625",61,7,54
"60QT001626",90,22,68
"60QT001627",137,23,114
"60QT001628",86,6,80
"60QT001629",174,26,148
"60QT001630",79,11,68
"60QT001631",108,30,78
"60QT001632",131,26,105
"60QT001633",140,49,91
"60QT001634",63,18,45
"60QT001635",57,19,38
"60QT001636",179,23,156
"60QT001637",54,6,48
"60QT001638",123,12,111
"60QT001639",130,15,115
"60QT001640",139,18,121
"60QT001641",98,12,86
"60QT001642",89,11,78
"60QT001643",84,8,76
"60QT001644",101,9,92
"60QT001645",147,13,134
"60QT001646",224,30,194
"60QT001647",155,25,130
"60QT001648",137,21,116
"60QT001649",107,20,87
"60QT001650",86,3,83
"60QT001651",171,59,112
"60QT001652",109,3,106
"60QT001653",104,28,76
"60QT001654",134,21,113
"60QT001655",178,40,138
"60QT001656",128,21,107
"60QT001657",93,15,78
"60QT001658",121,22,99
"60QT001659",87,23,64
"60QT001660",133,18,115
"60QT001661",54,8,46
"60QT001662",100,34,66
"60QT001663",110,20,90
"60QT001664",176,39,137
"60QT001665",134,22,112
"60QT001666",86,4,82
"60QT001667",166,31,135
"60QT001668",105,23,82
"60QT001669",84,24,60
"60QT001670",130,24,106
"60QT001671",59,3,56
"60QT001672",101,35,66
"60QT001673",56,2,54
"60QT001674",149,54,95
"60QT001675",64,15,49
"60QT001676",156,12,144
"60QT001677",125,18,107
"60QT001678",79,13,66
"60QT001679",216,38,178
"60QT001680",118,17,101
"60QT001681",108,9,99
"60QT001682",141,37,104
"60QT001683",63,11,52
"60QT001684",129,21,108
"60QT001685",74,19,55
"60QT001686",65,21,44
"60QT001687",104,24,80
"60QT001688",136,48,88
"60QT001689",167,28,139
"60QT001690",87,22,65
"60QT001691",108,11,97
"60QT001692",142,32,110
"60QT001693",82,15,67
"60QT001694",151,34,117
"60QT001695",81,14,67
"60QT001696",191,40,151
"60QT001697",131,43,88
"60QT001698",165,26,139
"60QT001699",171,28,143
"60QT001700",71,10,61
"60QT001701",99,20,79
"60QT001702",100,11,89
"60QT001703",205,58,147
"60QT001704",112,18,94
"60QT001705",76,11,65
"60QT001706",144,37,107
"60QT001707",56,8,48
"60QT001708",62,10,52
"60QT001709",208,42,166
"60QT001710",132,18,114
"60QT001711",76,16,60
"60QT001712",88,25,63
"60QT001713",82,17,65
"60QT001714",109,22,87
"60QT001715",99,6,93
"60QT001716",167,54,113
"60QT001717",245,33,212
"60QT001718",203,32,171
"60QT001719",107,16,91
"60QT001720",136,45,91
"60QT001721",118,21,97
"60QT001722",281,61,220
"60QT001723",161,26,135
"60QT001724",409,57,352
"60QT001725",285,150,135
"60QT001726",81,21,60
"60QT001727",131,13,118
"60QT001728",106,8,98
"60QT001729",89,3,86
"60QT001730",128,14,114
"60QT001731",182,13,169
"60QT001732",79,17,62
"60QT001733",63,9,54
"60QT001734",101,9,92
"60QT001735",164,16,148
"60QT001736",106,22,84
"60QT001737",63,15,48
"60QT001738",115,20,95
"60QT001739",120,15,105
"60QT001740",107,17,90
"60QT001741",135,23,112
"60QT001742",97,15,82
"60QT001743",132,28,104
"60QT001744",95,12,83
"60QT001745",99,13,86
"60QT001746",71,15,56
"60QT001747",113,15,98
"60QT001748",100,12,88
"60QT001749",174,15,159
"60QT001750",105,8,97
"60QT001751",140,10,130
"60QU000001",66,9,57
"60QU000002",136,57,79
"60QU000003",353,167,186
"60QU000004",139,32,107
"60QU000005",67,6,61
"60QU000006",109,8,101
"60QU000007",170,35,135
"60QU000008",162,28,134
"60QU000009",199,28,171
"60QU000010",133,24,109
"60QU000011",154,18,136
"60QU000012",194,26,168
"60QU000013",148,26,122
"60QU000014",146,14,132
"60QU000015",115,20,95
"60QU000016",137,9,128
"60QU000017",155,16,139
"60QU000018",157,10,147
"60QU000019",151,30,121
"60QU000020",69,16,53
"60QU000021",72,35,37
"60QU000022",223,23,200
"60QU000023",160,20,140
"60QU000024",114,30,84
"60QU000025",153,49,104
"60QU000026",127,29,98
"60QU000027",85,16,69
"60QU000028",194,10,184
"60QU000029",84,36,48
"60QU000030",123,8,115
"60QU000031",74,10,64
"60QU000032",85,7,78
"60QU000033",129,16,113
"60QU000034",124,11,113
"60QU000035",52,4,48
"60QU000036",118,21,97
"60QU000037",111,18,93
"60QU000038",182,5,177
"60QU000039",129,5,124
"60QU000040",162,35,127
"60QU000041",185,13,172
"60QU000042",148,11,137
"60QU000043",66,11,55
"60QU000044",167,22,145
"60QU000045",150,17,133
"60QU000046",66,13,53
"60QU000047",145,13,132
"60QU000048",119,32,87
"60QU000049",109,34,75
"60QU000050",186,24,162
"60QU000051",173,23,150
"60QU000052",110,9,101
"60QU000053",176,24,152
"60QU000054",116,9,107
"60QU000055",183,45,138
"60QU000056",180,28,152
"60QU000057",129,35,94
"60QU000058",108,16,92
"60QU000059",140,35,105
"60QU000060",138,27,111
"60QU000061",97,17,80
"60QU000062",133,21,112
"60QU000063",117,19,98
"60QU000064",111,30,81
"60QU000065",101,18,83
"60QU000066",96,31,65
"60QU000067",101,18,83
"60QU000068",113,36,77
"60QU000069",99,23,76
"60QU000070",113,25,88
"60QU000071",92,21,71
"60QU000072",127,18,109
"60QU000073",79,10,69
"60QU000074",80,11,69
"60QU000075",125,21,104
"60QU000076",104,36,68
"60QU000077",60,13,47
"60QU000078",119,17,102
"60QU000079",84,23,61
"60QU000080",78,36,42
"60QU000081",85,21,64
"60QU000082",134,21,113
"60QU000083",135,31,104
"60QU000084",130,8,122
"60QU000085",127,22,105
"60QU000086",109,24,85
"60QU000087",131,28,103
"60QU000088",94,33,61
"60QU000089",136,35,101
"60QU000090",101,39,62
"60QU000091",111,29,82
"60QU000092",117,19,98
"60QU000093",101,15,86
"60QU000094",104,18,86
"60QU000095",62,26,36
"60QU000096",71,22,49
"60QU000097",165,14,151
"60QU000098",111,26,85
"60QU000099",134,14,120
"60QU000100",67,32,35
"60QU000101",108,66,42
"60QU000102",83,7,76
"60QU000103",77,12,65
"60QU000104",120,19,101
"60QU000105",139,22,117
"60QU000106",174,46,128
"60QU000107",168,32,136
"60QU000108",205,21,184
"60QU000109",101,13,88
"60QU000110",131,7,124
"60QU000111",121,15,106
"60QU000112",156,38,118
"60QU000113",154,12,142
"60QU000114",108,6,102
"60QU000115",116,22,94
"60QU000116",85,8,77
"60QU000117",84,2,82
"60QU000118",71,17,54
"60QU000119",219,32,187
"60QU000120",136,28,108
"60QU000121",75,26,49
"60QU000122",105,29,76
"60QU000123",102,13,89
"60QU000124",117,42,75
"60QU000125",118,81,37
"60QU000126",99,51,48
"60QU000127",138,54,84
"60QU000128",105,58,47
"60QU000129",103,44,59
"60QU000130",74,22,52
"60QU000131",83,35,48
"60QU000132",50,27,23
"60QU000133",92,35,57
"60QU000134",139,34,105
"60QU000135",104,33,71
"60QU000136",108,33,75
"60QU000137",111,23,88
"60QU000138",163,38,125
"60QU000139",178,45,133
"60QU000140",125,42,83
"60QU000141",132,24,108
"60QU000142",110,25,85
"60QU000143",98,33,65
"60QU000144",120,24,96
"60QU000145",110,18,92
"60QU000146",96,45,51
"60QU000147",129,20,109
"60QU000148",141,33,108
"60QU000149",84,33,51
"60QU000150",70,49,21
"60QU000151",113,41,72
"60QU000152",76,18,58
"60QU000153",123,46,77
"60QU000154",113,31,82
"60QU000155",74,30,44
"60QU000156",92,25,67
"60QU000157",87,30,57
"60QU000158",137,48,89
"60QU000159",159,17,142
"60QU000160",136,23,113
"60QU000161",160,27,133
"60QU000162",127,39,88
"60QU000163",88,19,69
"60QU000164",58,6,52
"60QU000165",52,9,43
"60QU000166",114,32,82
"60QU000167",76,19,57
"60QU000168",103,41,62
"60QU000169",81,25,56
"60QU000170",95,22,73
"60QU000171",100,26,74
"60QU000172",77,20,57
"60QU000173",159,38,121
"60QU000174",159,30,129
"60QU000175",114,25,89
"60QU000176",79,22,57
"60QU000177",179,21,158
"60QU000178",105,29,76
"60QU000179",105,13,92
"60QU000180",88,11,77
"60QU000181",127,30,97
"60QU000182",142,36,106
"60QU000183",97,27,70
"60QU000184",87,5,82
"60QU000185",164,12,152
"60QU000186",106,33,73
"60QU000187",51,20,31
"60QU000188",96,23,73
"60QU000189",84,26,58
"60QU000190",74,21,53
"60QU000191",123,19,104
"60QU000192",126,22,104
"60QU000193",111,35,76
"60QU000194",68,10,58
"60QU000195",64,10,54
"60QU000196",129,18,111
"60QU000197",71,14,57
"60QU000198",85,15,70
"60QU000199",86,25,61
"60QU000200",134,23,111
"60QU000201",115,35,80
"60QU000202",129,40,89
"60QU000203",98,24,74
"60QU000204",159,52,107
"60QU000205",115,39,76
"60QU000206",110,58,52
"60QU000207",113,55,58
"60QU000208",62,28,34
"60QU000209",76,21,55
"60QU000210",149,35,114
"60QU000211",81,35,46
"60QU000212",69,20,49
"60QU000213",67,5,62
"60QU000214",54,20,34
"60QU000215",138,25,113
"60QU000216",132,38,94
"60QU000217",156,31,125
"60QU000218",100,33,67
"60QU000219",107,20,87
"60QU000220",132,24,108
"60QU000221",66,22,44
"60QU000222",50,22,28
"60QU000223",97,33,64
"60QU000224",101,23,78
"60QU000225",107,53,54
"60QU000226",73,32,41
"60QU000227",68,33,35
"60QU000228",60,21,39
"60QU000229",52,29,23
"60QU000230",174,45,129
"60QU000231",72,38,34
"60QU000232",67,21,46
"60QU000233",66,22,44
"60QU000234",101,41,60
"60QU000235",117,55,62
"60QU000236",115,31,84
"60QU000237",148,37,111
"60QU000238",72,31,41
"60QU000239",68,48,20
"60QU000240",106,22,84
"60QU000241",133,18,115
"60QU000242",90,33,57
"60QU000243",151,51,100
"60QU000244",108,37,71
"60QU000245",79,42,37
"60QU000246",88,25,63
"60QU000247",119,21,98
"60QU000248",103,32,71
"60QU000249",136,25,111
"60QU000250",123,24,99
"60QU000251",112,29,83
"60QU000252",91,31,60
"60QU000253",81,17,64
"60QU000254",85,24,61
"60QU000255",61,22,39
"60QU000256",141,32,109
"60QU000257",53,19,34
"60QU000258",103,27,76
"60QU000259",128,47,81
"60QU000260",159,25,134
"60QU000261",57,16,41
"60QU000262",80,23,57
"60QU000263",174,29,145
"60QU000264",122,33,89
"60QU000265",56,9,47
"60QU000266",51,23,28
"60QU000267",171,57,114
"60QU000268",134,33,101
"60QU000269",151,41,110
"60QU000270",138,36,102
"60QU000271",78,8,70
"60QU000272",89,22,67
"60QU000273",69,22,47
"60QU000274",117,52,65
"60QU000275",191,44,147
"60QU000276",168,32,136
"60QU000277",96,19,77
"60QU000278",151,27,124
"60QU000279",102,28,74
"60QU000280",161,47,114
"60QU000281",174,42,132
"60QU000282",104,16,88
"60QU000283",99,17,82
"60QU000284",96,19,77
"60QU000285",122,23,99
"60QU000286",71,10,61
"60QU000287",140,31,109
"60QU000288",146,26,120
"60QU000289",134,60,74
"60QU000290",145,16,129
"60QU000291",113,20,93
"60QU000292",126,35,91
"60QU000293",172,72,100
"60QU000294",84,14,70
"60QU000295",90,11,79
"60QU000296",159,24,135
"60QU000297",166,28,138
"60QU000298",109,17,92
"60QU000299",62,14,48
"60QU000300",146,18,128
"60QU000301",88,13,75
"60QU000302",118,24,94
"60QU000303",64,12,52
"60QU000304",59,13,46
"60QU000305",73,6,67
"60QU000306",101,9,92
"60QU000307",113,12,101
"60QU000308",99,4,95
"60QU000309",135,19,116
"60QU000310",168,24,144
"60QU000311",88,14,74
"60QU000312",135,21,114
"60QU000313",162,15,147
"60QU000314",115,11,104
"60QU000315",109,23,86
"60QU000316",167,25,142
"60QU000317",141,14,127
"60QU000318",126,14,112
"60QU000319",126,24,102
"60QU000320",121,21,100
"60QU000321",160,46,114
"60QU000322",88,50,38
"60QU000323",103,22,81
"60QU000324",166,22,144
"60QU000325",209,99,110
"60QU000326",80,35,45
"60QU000327",109,23,86
"60QU000328",145,22,123
"60QU000329",164,27,137
"60QU000330",96,14,82
"60QU000331",102,20,82
"60QU000332",149,35,114
"60QU000333",165,22,143
"60QU000334",132,20,112
"60QU000335",133,13,120
"60QU000336",139,27,112
"60QU000337",80,7,73
"60QU000338",147,18,129
"60QU000339",103,21,82
"60QU000340",115,18,97
"60QU000341",105,8,97
"60QU000342",165,18,147
"60QU000343",128,22,106
"60QU000344",50,16,34
"60QU000345",105,30,75
"60QU000346",87,15,72
"60QU000347",99,11,88
"60QU000348",89,5,84
"60QU000349",71,23,48
"60QU000350",93,26,67
"60QU000351",113,29,84
"60QU000352",77,12,65
"60QU000353",109,20,89
"60QU000354",126,57,69
"60QU000355",89,30,59
"60QU000356",137,16,121
"60QU000357",85,15,70
"60QU000358",96,27,69
"60QU000359",124,20,104
"60QU000360",109,9,100
"60QU000361",65,15,50
"60QU000362",135,53,82
"60QU000363",216,50,166
"60QU000364",94,18,76
"60QU000365",102,27,75
"60QU000366",127,50,77
"60QU000367",128,30,98
"60QU000368",88,19,69
"60QU000369",86,27,59
"60QU000370",72,25,47
"60QU000371",82,24,58
"60QU000372",141,53,88
"60QU000373",122,38,84
"60QU000374",141,33,108
"60QU000375",67,9,58
"60QU000376",87,15,72
"60QU000377",76,13,63
"60QU000378",76,17,59
"60QU000379",181,7,174
"60QU000380",124,33,91
"60QU000381",152,29,123
"60QU000382",117,27,90
"60QU000383",110,25,85
"60QU000384",169,47,122
"60QU000385",152,27,125
"60QU000386",130,30,100
"60QU000387",118,26,92
"60QU000388",125,34,91
"60QU000389",172,47,125
"60QU000390",158,25,133
"60QU000391",118,32,86
"60QU000392",125,25,100
"60QU000393",101,28,73
"60QU000394",178,43,135
"60QU000395",179,35,144
"60QU000396",155,42,113
"60QU000397",103,17,86
"60QU000398",154,37,117
"60QU000399",152,20,132
"60QU000400",124,22,102
"60QU000401",168,31,137
"60QU000402",128,32,96
"60QU000403",115,30,85
"60QU000404",152,29,123
"60QU000405",117,28,89
"60QU000406",91,21,70
"60QU000407",132,39,93
"60QU000408",102,20,82
"60QU000409",129,32,97
"60QU000410",135,35,100
"60QU000411",142,33,109
"60QU000412",133,33,100
"60QU000413",128,31,97
"60QU000414",149,35,114
"60QU000415",156,33,123
"60QU000416",122,22,100
"60QU000417",190,28,162
"60QU000418",111,22,89
"60QU000419",147,44,103
"60QU000420",91,32,59
"60QU000421",110,21,89
"60QU000422",73,18,55
"60QU000423",205,72,133
"60QU000424",119,33,86
"60QU000425",141,25,116
"60QU000426",170,31,139
"60QU000427",102,23,79
"60QU000428",157,33,124
"60QU000429",129,32,97
"60QU000430",138,37,101
"60QU000431",191,12,179
"60QU000432",192,17,175
"60QU000433",197,14,183
"60QU000434",143,51,92
"60QU000435",138,17,121
"60QU000436",83,12,71
"60QU000437",106,35,71
"60QU000438",105,32,73
"60QU000439",151,9,142
"60QU000440",148,26,122
"60QU000441",168,24,144
"60QU000442",167,61,106
"60QU000443",112,27,85
"60QU000444",137,27,110
"60QU000445",141,18,123
"60QU000446",78,50,28
"60QU000447",50,34,16
"60QU000448",78,27,51
"60QU000449",94,50,44
"60QU000450",79,43,36
"60QU000451",73,52,21
"60QU000452",100,27,73
"60QU000453",81,19,62
"60QU000454",115,21,94
"60QU000455",110,27,83
"60QU000456",171,35,136
"60QU000457",137,30,107
"60QU000458",165,52,113
"60QU000459",158,35,123
"60QU000460",126,28,98
"60QU000461",128,59,69
"60QU000462",152,18,134
"60QU000463",149,19,130
"60QU000464",157,19,138
"60QU000465",189,32,157
"60QU000466",141,18,123
"60QU000467",125,15,110
"60QU000468",156,29,127
"60QU000469",116,28,88
"60QU000470",178,29,149
"60QU000471",64,15,49
"60QU000472",155,16,139
"60QU000473",113,32,81
"60QU000474",149,24,125
"60QU000475",52,6,46
"60QU000476",188,50,138
"60QU000477",150,22,128
"60QU000478",100,23,77
"60QU000479",104,18,86
"60QU000480",105,33,72
"60QU000481",114,34,80
"60QU000482",118,27,91
"60QU000483",113,38,75
"60QU000484",145,54,91
"60QU000485",99,20,79
"60QU000486",92,29,63
"60QU000487",76,22,54
"60QU000488",58,17,41
"60QU000489",67,19,48
"60QU000490",120,30,90
"60QU000491",91,23,68
"60QU000492",191,45,146
"60QU000493",200,31,169
"60QU000494",111,26,85
"60QU000495",105,38,67
"60QU000496",129,32,97
"60QU000497",90,38,52
"60QU000498",100,26,74
"60QU000499",107,35,72
"60QU000500",114,24,90
"60QU000501",119,39,80
"60QU000502",120,33,87
"60QU000503",96,21,75
"60QU000504",120,28,92
"60QU000505",126,39,87
"60QU000506",98,23,75
"60QU000507",125,32,93
"60QU000508",123,31,92
"60QU000509",126,35,91
"60QU000510",92,35,57
"60QU000511",93,27,66
"60QU000512",107,28,79
"60QU000513",151,35,116
"60QU000514",133,31,102
"60QU000515",156,35,121
"60QU000516",147,25,122
"60QU000517",99,22,77
"60QU000518",72,20,52
"60QU000519",135,33,102
"60QU000520",115,21,94
"60QU000521",123,39,84
"60QU000522",122,33,89
"60QU000523",133,39,94
"60QU000524",151,35,116
"60QU000525",97,19,78
"60QU000526",110,28,82
"60QU000527",123,24,99
"60QU000528",172,33,139
"60QU000529",106,25,81
"60QU000530",152,40,112
"60QU000531",177,40,137
"60QU000532",124,34,90
"60QU000533",134,32,102
"60QU000534",133,17,116
"60QU000535",119,28,91
"60QU000536",93,28,65
"60QU000537",145,30,115
"60QU000538",72,38,34
"60QU000539",66,27,39
"60QU000540",86,31,55
"60QU000541",59,21,38
"60QU000542",54,22,32
"60QU000543",58,11,47
"60QU000544",144,6,138
"60QU000545",113,15,98
"60QU000546",74,44,30
"60QU000547",141,31,110
"60QU000548",86,18,68
"60QU000549",71,8,63
"60QU000550",63,21,42
"60QU000551",76,41,35
"60QU000552",54,28,26
"60QU000553",109,23,86
"60QU000554",72,26,46
"60QU000555",66,7,59
"60QU000556",153,24,129
"60QU000557",86,12,74
"60QU000558",101,25,76
"60QU000559",62,13,49
"60QU000560",83,13,70
"60QU000561",66,26,40
"60QU000562",117,35,82
"60QU000563",109,28,81
"60QU000564",142,12,130
"60QU000565",113,15,98
"60QU000566",56,9,47
"60QU000567",73,10,63
"60QU000568",96,30,66
"60QU000569",66,33,33
"60QU000570",89,20,69
"60QU000571",132,40,92
"60QU000572",110,49,61
"60QU000573",60,36,24
"60QU000574",97,31,66
"60QU000575",92,32,60
"60QU000576",72,14,58
"60QU000577",94,31,63
"60QU000578",123,34,89
"60QU000579",115,21,94
"60QU000580",66,22,44
"60QU000581",98,5,93
"60QU000582",85,4,81
"60QU000583",148,33,115
"60QU000584",67,10,57
"60QU000585",54,7,47
"60QU000586",136,21,115
"60QU000587",57,16,41
"60QU000588",124,31,93
"60QU000589",57,11,46
"60QU000590",57,16,41
"60QU000591",111,10,101
"60QU000592",104,18,86
"60QU000593",74,13,61
"60QU000594",63,15,48
"60QU000595",175,17,158
"60QU000596",106,10,96
"60QU000597",64,33,31
"60QU000598",84,23,61
"60QU000599",119,17,102
"60QU000600",78,42,36
"60QU000601",122,28,94
"60QU000602",102,13,89
"60QU000603",87,20,67
"60QU000604",112,10,102
"60QU000605",114,39,75
"60QU000606",101,4,97
"60QU000607",66,17,49
"60QU000608",61,7,54
"60QU000609",73,13,60
"60QU000610",193,45,148
"60QU000611",130,30,100
"60QU000612",67,8,59
"60QU000613",125,13,112
"60QU000614",71,4,67
"60QU000615",78,38,40
"60QU000616",62,39,23
"60QU000617",78,32,46
"60QU000618",64,23,41
"60QU000619",71,28,43
"60QU000620",69,23,46
"60QU000621",93,14,79
"60QU000622",125,21,104
"60QU000623",74,12,62
"60QU000624",141,30,111
"60QU000625",182,21,161
"60QU000626",83,7,76
"60QU000627",98,16,82
"60QU000628",120,42,78
"60QU000629",51,4,47
"60QU000630",290,109,181
"60QU000631",165,31,134
"60QU000632",74,3,71
"60QU000633",166,10,156
"60QU000634",163,10,153
"60QU000635",125,8,117
"60QU000636",175,15,160
"60QU000637",99,11,88
"60QU000638",167,16,151
"60QU000639",127,11,116
"60QU000640",134,11,123
"60QU000641",72,22,50
"60QU000642",117,35,82
"60QU000643",74,19,55
"60QU000644",80,16,64
"60QU000645",82,26,56
"60QU000646",200,32,168
"60QU000647",197,17,180
"60QU000648",141,29,112
"60QU000649",95,19,76
"60QU000650",100,20,80
"60QU000651",98,23,75
"60QU000652",122,54,68
"60QU000653",184,43,141
"60QU000654",69,18,51
"60QU000655",95,28,67
"60QU000656",76,22,54
"60QU000657",147,86,61
"60QU000658",118,70,48
"60QU000659",135,60,75
"60QU000660",59,25,34
"60QU000661",72,26,46
"60QU000662",145,17,128
"60QU000663",62,5,57
"60QU000664",122,17,105
"60QU000665",147,13,134
"60QU000666",260,57,203
"60QU000667",112,16,96
"60QU000668",223,17,206
"60QU000669",179,8,171
"60QU000670",223,68,155
"60QU000671",80,51,29
"60QU000672",79,19,60
"60QU000673",53,24,29
"60QU000674",71,13,58
"60QU000675",100,16,84
"60QU000676",175,36,139
"60QU000677",214,42,172
"60QU000678",170,40,130
"60QU000679",139,18,121
"60QU000680",69,6,63
"60QU000681",122,13,109
"60QU000682",90,20,70
"60QU000683",139,34,105
"60QU000684",123,60,63
"60QU000685",145,18,127
"60QU000686",191,15,176
"60QU000687",164,10,154
"60QU000688",87,27,60
"60QU000689",152,11,141
"60QU000690",173,16,157
"60QU000691",170,23,147
"60QU000692",102,24,78
"60QU000693",125,28,97
"60QU000694",91,24,67
"60QU000695",123,37,86
"60QU000696",87,11,76
"60QU000697",94,44,50
"60QU000698",145,41,104
"60QU000699",153,42,111
"60QU000700",75,10,65
"60QU000701",97,14,83
"60QU000702",135,31,104
"60QU000703",157,51,106
"60QU000704",101,21,80
"60QU000705",81,17,64
"60QU000706",134,27,107
"60QU000707",143,37,106
"60QU000708",102,21,81
"60QU000709",147,57,90
"60QU000710",73,20,53
"60QU000711",55,12,43
"60QU000712",145,39,106
"60QU000713",79,32,47
"60QU000714",99,20,79
"60QU000715",177,64,113
"60QU000716",167,30,137
"60QU000717",87,2,85
"60QU000718",220,11,209
"60QU000719",253,21,232
"60QU000720",165,8,157
"60QU000721",179,8,171
"60QW000001",130,7,123
"60QW000002",206,39,167
"60QW000003",63,11,52
"60QW000004",52,12,40
"60QW000005",153,34,119
"60QW000006",122,14,108
"60QW000007",146,14,132
"60QW000008",141,27,114
"60QW000009",65,9,56
"60QW000010",107,31,76
"60QW000011",94,10,84
"60QW000012",143,28,115
"60QW000013",68,11,57
"60QW000014",99,19,80
"60QW000015",119,15,104
"60QW000016",60,17,43
"60QW000017",77,5,72
"60QW000018",86,9,77
"60QW000019",82,12,70
"60QW000020",142,16,126
"60QW000021",168,19,149
"60QW000022",70,17,53
"60QW000023",88,26,62
"60QW000024",132,10,122
"60QW000025",80,10,70
"60QW000026",70,32,38
"60QW000027",97,9,88
"60QW000028",156,9,147
"60QW000029",189,16,173
"60QW000030",189,21,168
"60QW000031",157,31,126
"60QW000032",178,37,141
"60QW000033",74,24,50
"60QW000034",82,34,48
"60QW000035",119,23,96
"60QW000036",95,27,68
"60QW000037",114,26,88
"60QW000038",134,37,97
"60QW000039",151,18,133
"60QW000040",181,24,157
"60QW000041",86,18,68
"60QW000042",182,24,158
"60QW000043",112,16,96
"60QW000044",87,9,78
"60QW000045",109,17,92
"60QW000046",171,22,149
"60QW000047",202,38,164
"60QW000048",178,39,139
"60QW000049",151,33,118
"60QW000050",139,31,108
"60QW000051",99,20,79
"60QW000052",119,22,97
"60QW000053",202,32,170
"60QW000054",138,16,122
"60QW000055",165,37,128
"60QW000056",217,26,191
"60QW000057",75,16,59
"60QW000058",112,38,74
"60QW000059",120,23,97
"60QW000060",114,27,87
"60QW000061",106,24,82
"60QW000062",84,14,70
"60QW000063",151,16,135
"60QW000064",126,15,111
"60QW000065",106,21,85
"60QW000066",132,12,120
"60QW000067",114,12,102
"60QW000068",158,13,145
"60QW000069",178,22,156
"60QW000070",146,13,133
"60QW000071",129,12,117
"60QW000072",137,6,131
"60QW000073",137,16,121
"60QW000074",149,13,136
"60QW000075",88,6,82
"60QW000076",55,3,52
"60QW000077",143,10,133
"60QW000078",113,11,102
"60QW000079",90,10,80
"60QW000080",135,28,107
"60QW000081",89,20,69
"60QW000082",93,11,82
"60QW000083",113,17,96
"60QW000084",108,26,82
"60QW000085",159,63,96
"60QW000086",98,25,73
"60QW000087",121,20,101
"60QW000088",115,19,96
"60QW000089",126,23,103
"60QW000090",166,17,149
"60QW000091",114,16,98
"60QW000092",167,34,133
"60QW000093",112,20,92
"60QW000094",112,21,91
"60QW000095",199,19,180
"60QW000096",155,10,145
"60QW000097",155,22,133
"60QW000098",126,28,98
"60QW000099",152,28,124
"60QW000100",183,33,150
"60QW000101",121,20,101
"60QW000102",128,24,104
"60QW000103",130,18,112
"60QW000104",80,21,59
"60QW000105",131,21,110
"60QW000106",168,30,138
"60QW000107",102,13,89
"60QW000108",103,17,86
"60QW000109",168,14,154
"60QW000110",122,7,115
"60QW000111",149,20,129
"60QW000112",118,13,105
"60QW000113",226,24,202
"60QW000114",193,20,173
"60QW000115",126,41,85
"60QW000116",107,25,82
"60QW000117",99,28,71
"60QW000118",98,24,74
"60QW000119",110,23,87
"60QW000120",133,26,107
"60QW000121",78,22,56
"60QW000122",97,22,75
"60QW000123",142,19,123
"60QW000124",102,29,73
"60QW000125",138,22,116
"60QW000126",112,34,78
"60QW000127",150,22,128
"60QW000128",101,22,79
"60QW000129",118,28,90
"60QW000130",201,39,162
"60QW000131",182,40,142
"60QW000132",74,19,55
"60QW000133",166,41,125
"60QW000134",151,42,109
"60QW000135",128,23,105
"60QW000136",84,5,79
"60QW000137",131,37,94
"60QW000138",69,10,59
"60QW000139",52,18,34
"60QW000140",87,20,67
"60QW000141",123,17,106
"60QW000142",153,24,129
"60QW000143",164,32,132
"60QW000144",137,18,119
"60QW000145",159,41,118
"60QW000146",131,35,96
"60QW000147",135,38,97
"60QW000148",142,28,114
"60QW000149",138,35,103
"60QW000150",101,25,76
"60QW000151",120,28,92
"60QW000152",138,24,114
"60QW000153",88,19,69
"60QW000154",107,13,94
"60QW000155",155,17,138
"60QW000156",148,9,139
"60QW000157",118,9,109
"60QW000158",161,13,148
"60QW000159",145,7,138
"60QW000160",120,11,109
"60QW000161",140,22,118
"60QW000162",111,21,90
"60QW000163",140,29,111
"60QW000164",100,25,75
"60QW000165",90,29,61
"60QW000166",145,13,132
"60QW000167",131,12,119
"60QW000168",145,13,132
"60QW000169",90,32,58
"60QW000170",154,13,141
"60QW000171",90,33,57
"60QW000172",125,19,106
"60QW000173",139,14,125
"60QW000174",94,15,79
"60QW000175",80,6,74
"60QW000176",105,12,93
"60QW000177",141,17,124
"60QW000178",74,31,43
"60QW000179",174,32,142
"60QW000180",56,10,46
"60QW000181",53,8,45
"60QW000182",147,9,138
"60QW000183",81,3,78
"60QW000184",160,14,146
"60QW000185",210,19,191
"60QW000186",94,29,65
"60QW000187",125,22,103
"60QW000188",195,41,154
"60QW000189",97,24,73
"60QW000190",161,23,138
"60QW000191",153,26,127
"60QW000192",172,42,130
"60QW000193",174,36,138
"60QW000194",166,34,132
"60QW000195",123,30,93
"60QW000196",146,34,112
"60QW000197",106,26,80
"60QW000198",105,33,72
"60QW000199",100,20,80
"60QW000200",102,24,78
"60QW000201",59,10,49
"60QW000202",62,6,56
"60QW000203",104,31,73
"60QW000204",149,38,111
"60QW000205",153,38,115
"60QW000206",101,25,76
"60QW000207",116,26,90
"60QW000208",61,14,47
"60QW000209",117,19,98
"60QW000210",101,23,78
"60QW000211",101,22,79
"60QW000212",74,22,52
"60QW000213",164,31,133
"60QW000214",128,35,93
"60QW000215",147,22,125
"60QW000216",121,19,102
"60QW000217",117,20,97
"60QW000218",68,23,45
"60QW000219",98,14,84
"60QW000220",108,24,84
"60QW000221",126,24,102
"60QW000222",161,23,138
"60QW000223",205,69,136
"60QW000224",103,22,81
"60QW000225",114,26,88
"60QW000226",97,17,80
"60QW000227",138,29,109
"60QW000228",138,22,116
"60QW000229",111,25,86
"60QW000230",180,36,144
"60QW000231",94,25,69
"60QW000232",166,85,81
"60QW000233",121,34,87
"60QW000234",116,43,73
"60QW000235",116,27,89
"60QW000236",130,21,109
"60QW000237",87,23,64
"60QW000238",50,32,18
"60QW000239",85,7,78
"60QW000240",78,19,59
"60QW000241",104,13,91
"60QW000242",99,19,80
"60QW000243",111,33,78
"60QW000244",131,29,102
"60QW000245",164,24,140
"60QW000246",145,27,118
"60QW000247",88,16,72
"60QW000248",145,29,116
"60QW000249",124,24,100
"60QW000250",202,19,183
"60QW000251",184,12,172
"60QW000252",142,16,126
"60QW000253",159,14,145
"60QW000254",119,16,103
"60QW000255",183,53,130
"60QW000256",160,41,119
"60QW000257",109,27,82
"60QW000258",92,29,63
"60QW000259",109,27,82
"60QW000260",120,26,94
"60QW000261",123,12,111
"60QW000262",97,18,79
"60QW000263",133,27,106
"60QW000264",225,29,196
"60QW000265",144,18,126
"60QW000266",136,22,114
"60QW000267",132,11,121
"60QW000268",142,1,141
"60QW000269",65,12,53
"60QW000270",152,23,129
"60QW000271",82,16,66
"60QW000272",115,36,79
"60QW000273",78,42,36
"60QW000274",72,26,46
"60QW000275",76,17,59
"60QW000276",54,18,36
"60QW000277",151,24,127
"60QW000278",123,31,92
"60QW000279",149,41,108
"60QW000280",107,34,73
"60QW000281",88,31,57
"60QW000282",124,31,93
"60QW000283",100,26,74
"60QW000284",120,23,97
"60QW000285",111,33,78
"60QW000286",114,21,93
"60QW000287",84,22,62
"60QW000288",123,24,99
"60QW000289",190,87,103
"60QW000290",129,25,104
"60QW000291",96,22,74
"60QW000292",125,42,83
"60QW000293",94,21,73
"60QW000294",169,40,129
"60QW000295",145,19,126
"60QW000296",128,32,96
"60QW000297",113,30,83
"60QW000298",110,22,88
"60QW000299",112,27,85
"60QW000300",90,21,69
"60QW000301",143,43,100
"60QW000302",99,27,72
"60QW000303",126,30,96
"60QW000304",106,33,73
"60QW000305",102,35,67
"60QW000306",101,27,74
"60QW000307",107,20,87
"60QW000308",132,22,110
"60QW000309",150,33,117
"60QW000310",125,24,101
"60QW000311",130,22,108
"60QW000312",132,24,108
"60QW000313",174,35,139
"60QW000314",139,39,100
"60QW000315",64,17,47
"60QW000316",143,27,116
"60QW000317",177,40,137
"60QW000318",145,23,122
"60QW000319",136,17,119
"60QW000320",168,16,152
"60QW000321",99,11,88
"60QW000322",212,7,205
"60QW000323",107,12,95
"60QW000324",100,9,91
"60QW000325",153,13,140
"60QW000326",120,24,96
"60QW000327",122,17,105
"60QW000328",120,25,95
"60QW000329",140,13,127
"60QW000330",118,13,105
"60QW000331",117,48,69
"60QW000332",105,14,91
"60QW000333",113,19,94
"60QW000334",141,29,112
"60QW000335",106,13,93
"60QW000336",97,11,86
"60QW000337",111,21,90
"60QW000338",93,6,87
"60QW000339",151,33,118
"60QW000340",116,7,109
"60QW000341",161,9,152
"60QW000342",148,13,135
"60QW000343",114,40,74
"60QW000344",172,21,151
"60QW000345",173,34,139
"60QW000346",134,27,107
"60QW000347",208,30,178
"60QW000348",127,28,99
"60QW000349",107,25,82
"60QW000350",107,24,83
"60QW000351",78,34,44
"60QW000352",60,36,24
"60QW000353",103,17,86
"60QW000354",92,20,72
"60QW000355",168,40,128
"60QW000356",111,29,82
"60QW000357",125,37,88
"60QW000358",95,30,65
"60QW000359",112,17,95
"60QW000360",120,25,95
"60QW000361",109,36,73
"60QW000362",147,34,113
"60QW000363",140,41,99
"60QW000364",121,20,101
"60QW000365",108,36,72
"60QW000366",107,30,77
"60QW000367",200,41,159
"60QW000368",141,35,106
"60QW000369",135,22,113
"60QW000370",59,19,40
"60QW000371",114,31,83
"60QW000372",142,44,98
"60QW000373",121,19,102
"60QW000374",63,47,16
"60QW000375",124,37,87
"60QW000376",110,37,73
"60QW000377",133,31,102
"60QW000378",101,38,63
"60QW000379",124,37,87
"60QW000380",148,10,138
"60QW000381",104,39,65
"60QW000382",89,13,76
"60QW000383",114,17,97
"60QW000384",114,14,100
"60QW000385",114,20,94
"60QW000386",137,29,108
"60QW000387",115,23,92
"60QW000388",105,17,88
"60QW000389",116,21,95
"60QW000390",126,30,96
"60QW000391",116,28,88
"60QW000392",100,29,71
"60QW000393",147,22,125
"60QW000394",113,25,88
"60QW000395",96,26,70
"60QW000396",124,33,91
"60QW000397",142,21,121
"60QW000398",115,23,92
"60QW000399",104,20,84
"60QW000400",138,35,103
"60QW000401",123,38,85
"60QW000402",119,26,93
"60QW000403",129,27,102
"60QW000404",122,17,105
"60QW000405",134,23,111
"60QW000406",172,24,148
"60QW000407",205,32,173
"60QW000408",167,29,138
"60QW000409",169,32,137
"60QW000410",131,27,104
"60QW000411",156,21,135
"60QW000412",149,32,117
"60QW000413",122,21,101
"60QW000414",83,14,69
"60QW000415",187,31,156
"60QW000416",89,32,57
"60QW000417",119,27,92
"60QW000418",118,34,84
"60QW000419",127,28,99
"60QW000420",99,25,74
"60QW000421",164,58,106
"60QW000422",179,47,132
"60QW000423",124,24,100
"60QW000424",176,39,137
"60QW000425",166,44,122
"60QW000426",138,24,114
"60QW000427",128,16,112
"60QW000428",107,17,90
"60QW000429",103,21,82
"60QW000430",115,23,92
"60QW000431",165,45,120
"60QW000432",86,30,56
"60QW000433",50,18,32
"60QW000434",65,21,44
"60QW000435",126,37,89
"60QW000436",147,29,118
"60QW000437",128,33,95
"60QW000438",118,40,78
"60QW000439",190,45,145
"60QW000440",104,26,78
"60QW000441",159,44,115
"60QW000442",152,28,124
"60QW000443",100,38,62
"60QW000444",128,28,100
"60QW000445",159,33,126
"60QW000446",99,18,81
"60QW000447",175,27,148
"60QW000448",148,16,132
"60QW000449",125,16,109
"60QW000450",102,17,85
"60QW000451",125,15,110
"60QW000452",121,16,105
"60QW000453",214,115,99
"60QW000454",159,34,125
"60QW000455",111,36,75
"60QW000456",82,24,58
"60QW000457",72,23,49
"60QW000458",218,39,179
"60QW000459",95,33,62
"60QW000460",86,21,65
"60QW000461",65,13,52
"60QW000462",93,12,81
"60QW000463",80,13,67
"60QW000464",114,16,98
"60QW000465",177,37,140
"60QW000466",115,15,100
"60QW000467",115,21,94
"60QW000468",86,15,71
"60QW000469",125,25,100
"60QW000470",83,21,62
"60QW000471",77,23,54
"60QW000472",119,20,99
"60QW000473",99,25,74
"60QW000474",138,42,96
"60QW000475",115,26,89
"60QW000476",173,28,145
"60QW000477",170,43,127
"60QW000478",102,24,78
"60QW000479",122,30,92
"60QW000480",118,23,95
"60QW000481",165,41,124
"60QW000482",134,33,101
"60QW000483",95,28,67
"60QW000484",112,24,88
"60QW000485",91,25,66
"60QW000486",75,20,55
"60QW000487",100,20,80
"60QW000488",132,31,101
"60QW000489",120,5,115
"60QW000490",157,14,143
"60QW000491",127,9,118
"60QW000492",192,66,126
"60QW000493",111,17,94
"60QW000494",139,15,124
"60QW000495",112,13,99
"60QW000496",100,27,73
"60QW000497",90,16,74
"60QW000498",95,3,92
"60QW000499",114,13,101
"60QW000500",77,12,65
"60QW000501",93,9,84
"60QW000502",75,24,51
"60QW000503",92,4,88
"60QW000504",71,12,59
"60QW000505",139,9,130
"60QW000506",69,13,56
"60QW000507",92,22,70
"60QW000508",222,69,153
"60QW000509",130,33,97
"60QW000510",108,36,72
"60QW000511",79,22,57
"60QW000512",108,6,102
"60QW000513",75,8,67
"60QW000514",62,14,48
"60QW000515",59,20,39
"60QW000516",113,33,80
"60QW000517",137,14,123
"60QW000518",141,25,116
"60QW000519",130,26,104
"60QW000520",99,15,84
"60QW000521",88,24,64
"60QW000522",104,17,87
"60QW000523",79,21,58
"60QW000524",133,11,122
"60QW000525",65,13,52
"60QW000526",98,29,69
"60QW000527",70,19,51
"60QW000528",142,52,90
"60QW000529",69,10,59
"60QW000530",90,3,87
"60QW000531",70,26,44
"60QW000532",56,6,50
"60QW000533",72,3,69
"60QW000534",181,13,168
"60QW000535",151,28,123
"60QW000536",86,27,59
"60QW000537",123,34,89
"60QW000538",84,30,54
"60QW000539",64,16,48
"60QW000540",190,50,140
"60QW000541",139,23,116
"60QW000542",83,14,69
"60QW000543",79,11,68
"60QW000544",54,18,36
"60QW000545",107,28,79
"60QW000546",105,20,85
"60QW000547",100,10,90
"60QW000548",128,32,96
"60QW000549",136,7,129
"60QW000550",111,14,97
"60QW000551",109,11,98
"60QW000552",319,161,158
"60QW000553",60,6,54
"60QW000554",155,11,144
"60QW000555",84,46,38
"60QW000556",181,21,160
"60QW000557",104,6,98
"60QW000558",74,14,60
"60QW000559",160,26,134
"60QW000560",136,33,103
"60QW000561",106,19,87
"60QW000562",157,17,140
"60QW000563",100,10,90
"60QW000564",124,16,108
"60QW000565",128,15,113
"60QW000566",121,16,105
"60QW000567",134,23,111
"60QW000568",101,20,81
"60QW000569",177,11,166
"60QW000570",144,10,134
"60QW000571",202,32,170
"60QW000572",83,16,67
"60QW000573",129,23,106
"60QW000574",140,13,127
"60QW000575",94,9,85
"60QW000576",98,5,93
"60QW000577",153,22,131
"60QW000578",68,5,63
"60QW000579",203,17,186
"60QW000580",122,17,105
"60QW000581",64,10,54
"60QW000582",103,6,97
"60QW000583",134,5,129
"60QW000584",93,22,71
"60QW000585",73,17,56
"60QW000586",64,24,40
"60QW000587",88,30,58
"60QW000588",132,35,97
"60QW000589",94,16,78
"60QW000590",169,47,122
"60QW000591",56,22,34
"60QW000592",141,32,109
"60QW000593",141,19,122
"60QW000594",138,16,122
"60QW000595",86,24,62
"60QW000596",81,33,48
"60QW000597",90,20,70
"60QW000598",104,22,82
"60QW000599",80,14,66
"60QW000600",140,13,127
"60QW000601",169,14,155
"60QW000602",127,25,102
"60QW000603",83,23,60
"60QW000604",144,28,116
"60QW000605",118,13,105
"60QW000606",123,10,113
"60QW000607",161,10,151
"60QW000608",160,5,155
"60QW000609",144,8,136
"60QW000610",170,5,165
"60QW000611",235,8,227
"60QW000612",94,12,82
"60QW000613",69,5,64
"60QW000614",97,24,73
"60QW000615",50,13,37
"60QW000616",56,29,27
"60QW000617",78,32,46
"60QW000618",60,26,34
"60QW000619",131,30,101
"60QW000620",157,45,112
"60QW000621",89,20,69
"60QW000622",112,27,85
"60QW000623",91,9,82
"60QW000624",92,18,74
"60QW000625",145,18,127
"60QW000626",91,14,77
"60QW000627",132,25,107
"60QW000628",154,35,119
"60QW000629",64,15,49
"60QW000630",94,14,80
"60QW000631",157,10,147
"60QW000632",111,9,102
"60QW000633",181,28,153
"60QW000634",180,9,171
"60QW000635",98,20,78
"60QW000636",118,44,74
"60QW000637",86,13,73
"60QW000638",132,34,98
"60QW000639",70,5,65
"60QW000640",102,15,87
"60QW000641",158,18,140
"60QW000642",89,15,74
"60QW000643",119,21,98
"60QW000644",96,18,78
"60QW000645",104,15,89
"60QW000646",92,8,84
"60QW000647",161,10,151
"60QW000648",160,4,156
"60QW000649",72,9,63
"60QW000650",93,18,75
"60QW000651",190,35,155
"60QW000652",115,29,86
"60QW000653",82,16,66
"60QW000654",90,19,71
"60QW000655",126,23,103
"60QW000656",135,11,124
"60QW000657",158,9,149
"60QW000658",213,29,184
"60QW000659",79,10,69
"60QW000660",211,66,145
"60QW000661",78,27,51
"60QW000662",53,14,39
"60QW000663",115,15,100
"60QW000664",130,21,109
"60QX000001",180,29,151
"60QX000002",131,23,108
"60QX000003",130,23,107
"60QX000004",53,6,47
"60QX000005",108,20,88
"60QX000006",134,15,119
"60QX000007",127,30,97
"60QX000008",183,15,168
"60QX000009",125,21,104
"60QX000010",130,30,100
"60QX000011",62,12,50
"60QX000012",111,18,93
"60QX000013",98,13,85
"60QX000014",155,25,130
"60QX000015",113,14,99
"60QX000016",166,32,134
"60QX000017",96,18,78
"60QX000018",87,11,76
"60QX000019",107,19,88
"60QX000020",148,21,127
"60QX000021",118,21,97
"60QX000022",154,20,134
"60QX000023",109,12,97
"60QX000024",175,27,148
"60QX000025",168,32,136
"60QX000026",105,15,90
"60QX000027",124,31,93
"60QX000028",88,17,71
"60QX000029",103,16,87
"60QX000030",108,12,96
"60QX000031",93,9,84
"60QX000032",141,33,108
"60QX000033",161,21,140
"60QX000034",88,10,78
"60QX000035",171,18,153
"60QX000036",164,27,137
"60QX000037",108,16,92
"60QX000038",132,13,119
"60QX000039",394,26,368
"60QX000040",119,12,107
"60QX000041",162,29,133
"60QX000042",185,29,156
"60QX000043",98,11,87
"60QX000044",100,9,91
"60QX000045",164,34,130
"60QX000046",107,13,94
"60QX000047",105,9,96
"60QX000048",122,22,100
"60QX000049",76,16,60
"60QX000050",160,23,137
"60QX000051",56,6,50
"60QX000052",196,21,175
"60QX000053",154,41,113
"60QX000054",171,12,159
"60QX000055",128,8,120
"60QX000056",153,16,137
"60QX000057",126,25,101
"60QX000058",133,24,109
"60QX000059",92,12,80
"60QX000060",664,37,627
"60QX000061",67,9,58
"60QX000062",74,11,63
"60QX000063",132,20,112
"60QX000064",89,18,71
"60QX000065",126,26,100
"60QX000066",102,19,83
"60QX000067",117,20,97
"60QX000068",170,19,151
"60QX000069",147,25,122
"60QX000070",114,18,96
"60QX000071",122,15,107
"60QX000072",129,23,106
"60QX000073",85,15,70
"60QX000074",53,1,52
"60QX000075",99,18,81
"60QX000076",93,12,81
"60QX000077",101,17,84
"60QX000078",98,18,80
"60QX000079",94,19,75
"60QX000080",84,10,74
"60QX000081",66,5,61
"60QX000082",106,8,98
"60QX000083",119,15,104
"60QX000084",81,18,63
"60QX000085",141,16,125
"60QX000086",92,21,71
"60QX000087",89,15,74
"60QX000088",131,20,111
"60QX000089",71,7,64
"60QX000090",117,12,105
"60QX000091",119,17,102
"60QX000092",62,6,56
"60QX000093",64,11,53
"60QX000094",207,71,136
"60QX000095",473,12,461
"60QX000096",145,17,128
"60QX000097",99,17,82
"60QX000098",174,21,153
"60QX000099",59,7,52
"60QX000100",58,8,50
"60QX000101",199,21,178
"60QX000102",212,20,192
"60QX000103",159,21,138
"60QX000104",151,23,128
"60QX000105",162,30,132
"60QX000106",114,12,102
"60QX000107",113,18,95
"60QX000108",132,25,107
"60QX000109",122,35,87
"60QX000110",157,30,127
"60QX000111",169,31,138
"60QX000112",132,34,98
"60QX000113",149,25,124
"60QX000114",104,25,79
"60QX000115",131,20,111
"60QX000116",85,17,68
"60QX000117",57,14,43
"60QX000118",109,17,92
"60QX000119",150,18,132
"60QX000120",86,14,72
"60QX000121",107,20,87
"60QX000122",53,5,48
"60QX000123",154,37,117
"60QX000124",118,26,92
"60QX000125",100,17,83
"60QX000126",109,26,83
"60QX000127",123,19,104
"60QX000128",107,15,92
"60QX000129",144,41,103
"60QX000130",130,29,101
"60QX000131",124,20,104
"60QX000132",150,40,110
"60QX000133",156,29,127
"60QX000134",129,12,117
"60QX000135",146,30,116
"60QX000136",81,19,62
"60QX000137",186,26,160
"60QX000138",177,73,104
"60QX000139",165,49,116
"60QX000140",134,26,108
"60QX000141",90,10,80
"60QX000142",87,20,67
"60QX000143",112,12,100
"60QX000144",140,43,97
"60QX000145",129,20,109
"60QX000146",115,24,91
"60QX000147",126,25,101
"60QX000148",140,20,120
"60QX000149",171,23,148
"60QX000150",119,23,96
"60QX000151",66,6,60
"60QX000152",51,9,42
"60QX000153",130,16,114
"60QX000154",93,29,64
"60QX000155",169,27,142
"60QX000156",170,27,143
"60QX000157",141,15,126
"60QX000158",145,18,127
"60QX000159",125,13,112
"60QX000160",99,6,93
"60QX000161",167,21,146
"60QX000162",206,37,169
"60QX000163",100,19,81
"60QX000164",84,28,56
"60QX000165",110,12,98
"60QX000166",172,31,141
"60QX000167",131,5,126
"60QX000168",84,18,66
"60QX000169",111,27,84
"60QX000170",73,11,62
"60QX000171",102,29,73
"60QX000172",96,17,79
"60QX000173",84,17,67
"60QX000174",77,26,51
"60QX000175",85,30,55
"60QX000176",117,18,99
"60QX000177",109,20,89
"60QX000178",80,13,67
"60QX000179",78,12,66
"60QX000180",77,30,47
"60QX000181",75,14,61
"60QX000182",90,41,49
"60QX000183",76,25,51
"60QX000184",146,32,114
"60QX000185",116,25,91
"60QX000186",88,33,55
"60QX000187",52,14,38
"60QX000188",134,9,125
"60QX000189",125,11,114
"60QX000190",155,31,124
"60QX000191",197,32,165
"60QX000192",178,15,163
"60QX000193",57,9,48
"60QX000194",146,12,134
"60QX000195",205,19,186
"60QX000196",114,18,96
"60QX000197",151,44,107
"60QX000198",140,20,120
"60QX000199",134,15,119
"60QX000200",99,16,83
"60QX000201",136,21,115
"60QX000202",142,31,111
"60QX000203",96,18,78
"60QX000204",114,31,83
"60QX000205",139,22,117
"60QX000206",91,29,62
"60QX000207",121,10,111
"60QX000208",180,20,160
"60QX000209",160,29,131
"60QX000210",146,34,112
"60QX000211",187,32,155
"60QX000212",107,27,80
"60QX000213",126,27,99
"60QX000214",119,19,100
"60QX000215",173,26,147
"60QX000216",95,13,82
"60QX000217",63,10,53
"60QX000218",142,8,134
"60QX000219",147,8,139
"60QX000220",66,3,63
"60QX000221",81,2,79
"60QX000222",158,13,145
"60QX000223",146,12,134
"60QX000224",116,5,111
"60QX000225",230,10,220
"60QX000226",194,6,188
"60QX000227",124,22,102
"60QX000228",115,14,101
"60QX000229",169,22,147
"60QX000230",126,34,92
"60QX000231",172,24,148
"60QX000232",66,35,31
"60QX000233",74,19,55
"60QX000234",123,20,103
"60QX000235",136,29,107
"60QX000236",131,42,89
"60QX000237",79,22,57
"60QX000238",73,6,67
"60QX000239",92,14,78
"60QX000240",109,31,78
"60QX000241",53,6,47
"60QX000242",112,16,96
"60QX000243",129,19,110
"60QX000244",161,23,138
"60QX000245",139,11,128
"60QX000246",158,33,125
"60QX000247",188,98,90
"60QX000248",130,19,111
"60QX000249",85,29,56
"60QX000250",98,29,69
"60QX000251",62,23,39
"60QX000252",59,32,27
"60QX000253",99,27,72
"60QX000254",97,20,77
"60QX000255",59,20,39
"60QX000256",105,13,92
"60QX000257",97,23,74
"60QX000258",76,15,61
"60QX000259",67,10,57
"60QX000260",96,5,91
"60QX000261",83,15,68
"60QX000262",129,11,118
"60QX000263",111,24,87
"60QX000264",109,17,92
"60QX000265",95,15,80
"60QX000266",93,17,76
"60QX000267",238,123,115
"60QX000268",158,9,149
"60QX000269",117,16,101
"60QX000270",111,15,96
"60QX000271",133,9,124
"60QX000272",152,31,121
"60QX000273",87,8,79
"60QX000274",109,37,72
"60QX000275",95,39,56
"60QX000276",165,27,138
"60QX000277",176,26,150
"60QX000278",161,21,140
"60QX000279",158,35,123
"60QX000280",112,17,95
"60QX000281",149,26,123
"60QX000282",111,16,95
"60QX000283",153,30,123
"60QX000284",141,70,71
"60QX000285",78,16,62
"60QX000286",106,13,93
"60QX000287",127,23,104
"60QX000288",106,23,83
"60QX000289",104,23,81
"60QX000290",103,26,77
"60QX000291",145,15,130
"60QX000292",105,17,88
"60QX000293",143,26,117
"60QX000294",80,28,52
"60QX000295",133,12,121
"60QX000296",115,26,89
"60QX000297",127,19,108
"60QX000298",189,19,170
"60QX000299",159,24,135
"60QX000300",118,19,99
"60QX000301",93,13,80
"60QX000302",107,18,89
"60QX000303",196,21,175
"60QX000304",119,22,97
"60QX000305",157,19,138
"60QX000306",113,15,98
"60QX000307",152,18,134
"60QX000308",127,23,104
"60QX000309",103,19,84
"60QX000310",124,37,87
"60QX000311",137,35,102
"60QX000312",176,28,148
"60QX000313",132,22,110
"60QX000314",119,33,86
"60QX000315",82,18,64
"60QX000316",77,18,59
"60QX000317",90,22,68
"60QX000318",94,33,61
"60QX000319",139,18,121
"60QX000320",92,16,76
"60QX000321",138,12,126
"60QX000322",112,13,99
"60QX000323",95,14,81
"60QX000324",114,26,88
"60QX000325",152,31,121
"60QX000326",111,20,91
"60QX000327",150,21,129
"60QX000328",174,34,140
"60QX000329",57,13,44
"60QX000330",103,15,88
"60QX000331",159,19,140
"60QX000332",124,22,102
"60QX000333",159,21,138
"60QX000334",72,13,59
"60QX000335",182,19,163
"60QX000336",122,11,111
"60QX000337",153,21,132
"60QX000338",210,18,192
"60QX000339",165,22,143
"60QX000340",193,28,165
"60QX000341",59,4,55
"60QX000342",129,24,105
"60QX000343",104,15,89
"60QX000344",143,21,122
"60QX000345",126,28,98
"60QX000346",121,42,79
"60QX000347",175,37,138
"60QX000348",162,16,146
"60QX000349",191,22,169
"60QX000350",146,26,120
"60QX000351",104,24,80
"60QX000352",62,16,46
"60QX000353",124,14,110
"60QX000354",104,24,80
"60QX000355",72,9,63
"60QX000356",180,19,161
"60QX000357",92,27,65
"60QX000358",136,37,99
"60QX000359",107,20,87
"60QX000360",137,22,115
"60QX000361",88,19,69
"60QX000362",104,27,77
"60QX000363",107,20,87
"60QX000364",182,26,156
"60QX000365",131,23,108
"60QX000366",161,29,132
"60QX000367",117,31,86
"60QX000368",159,29,130
"60QX000369",168,26,142
"60QX000370",95,16,79
"60QX000371",105,24,81
"60QX000372",90,28,62
"60QX000373",153,30,123
"60QX000374",137,22,115
"60QX000375",130,20,110
"60QX000376",71,15,56
"60QX000377",146,21,125
"60QX000378",106,20,86
"60QX000379",103,16,87
"60QX000380",83,17,66
"60QX000381",110,14,96
"60QX000382",100,15,85
"60QX000383",95,24,71
"60QX000384",65,11,54
"60QX000385",68,15,53
"60QX000386",168,42,126
"60QX000387",150,19,131
"60QX000388",90,20,70
"60QX000389",121,11,110
"60QX000390",71,12,59
"60QX000391",172,26,146
"60QX000392",159,19,140
"60QX000393",160,32,128
"60QX000394",142,19,123
"60QX000395",175,35,140
"60QX000396",149,23,126
"60QX000397",62,9,53
"60QX000398",63,12,51
"60QX000399",118,22,96
"60QX000400",119,16,103
"60QX000401",134,25,109
"60QX000402",89,34,55
"60QX000403",106,18,88
"60QX000404",195,31,164
"60QX000405",91,29,62
"60QX000406",113,15,98
"60QX000407",101,18,83
"60QX000408",96,10,86
"60QX000409",126,24,102
"60QX000410",101,6,95
"60QX000411",131,17,114
"60QX000412",131,17,114
"60QX000413",119,30,89
"60QX000414",86,22,64
"60QX000415",127,19,108
"60QX000416",119,33,86
"60QX000417",103,23,80
"60QX000418",103,25,78
"60QX000419",140,26,114
"60QX000420",125,33,92
"60QX000421",109,19,90
"60QX000422",153,23,130
"60QX000423",105,20,85
"60QX000424",134,24,110
"60QX000425",94,27,67
"60QX000426",127,37,90
"60QX000427",84,13,71
"60QX000428",93,16,77
"60QX000429",137,25,112
"60QX000430",101,21,80
"60QX000431",141,29,112
"60QX000432",125,26,99
"60QX000433",207,40,167
"60QX000434",201,23,178
"60QX000435",156,35,121
"60QX000436",137,30,107
"60QX000437",206,43,163
"60QX000438",135,31,104
"60QX000439",99,20,79
"60QX000440",109,22,87
"60QX000441",126,22,104
"60QX000442",96,26,70
"60QX000443",99,9,90
"60QX000444",107,24,83
"60QX000445",108,19,89
"60QX000446",121,24,97
"60QX000447",96,16,80
"60QX000448",140,21,119
"60QX000449",141,28,113
"60QX000450",140,26,114
"60QX000451",118,22,96
"60QX000452",164,24,140
"60QX000453",152,34,118
"60QX000454",153,25,128
"60QX000455",149,23,126
"60QX000456",153,18,135
"60QX000457",97,24,73
"60QX000458",97,13,84
"60QX000459",174,16,158
"60QX000460",165,14,151
"60QX000461",126,28,98
"60QX000462",125,32,93
"60QX000463",154,8,146
"60QX000464",142,14,128
"60QX000465",103,8,95
"60QX000466",68,9,59
"60QX000467",124,35,89
"60QX000468",124,23,101
"60QX000469",90,17,73
"60QX000470",118,18,100
"60QX000471",91,24,67
"60QX000472",102,18,84
"60QX000473",83,12,71
"60QX000474",170,18,152
"60QX000475",127,19,108
"60QX000476",95,20,75
"60QX000477",119,19,100
"60QX000478",195,22,173
"60QX000479",63,7,56
"60QX000480",146,19,127
"60QX000481",90,12,78
"60QX000482",124,27,97
"60QX000483",96,29,67
"60QX000484",86,19,67
"60QX000485",114,17,97
"60QX000486",104,12,92
"60QX000487",124,28,96
"60QX000488",113,40,73
"60QX000489",106,19,87
"60QX000490",105,19,86
"60QX000491",68,9,59
"60QX000492",145,17,128
"60QX000493",144,31,113
"60QX000494",62,11,51
"60QX000495",144,34,110
"60QX000496",116,20,96
"60QX000497",93,21,72
"60QX000498",163,27,136
"60QX000499",108,15,93
"60QX000500",127,13,114
"60QX000501",225,24,201
"60QX000502",161,27,134
"60QX000503",139,17,122
"60QX000504",159,17,142
"60QX000505",82,11,71
"60QX000506",129,18,111
"60QX000507",99,15,84
"60QX000508",70,21,49
"60QX000509",118,14,104
"60QX000510",90,18,72
"60QX000511",111,25,86
"60QX000512",108,14,94
"60QX000513",90,11,79
"60QX000514",98,8,90
"60QX000515",79,6,73
"60QX000516",113,20,93
"60QX000517",110,19,91
"60QX000518",56,12,44
"60QX000519",75,11,64
"60QX000520",118,10,108
"60QX000521",58,8,50
"60QX000522",109,17,92
"60QX000523",109,14,95
"60QX000524",53,11,42
"60QX000525",130,18,112
"60QX000526",132,25,107
"60QX000527",92,22,70
"60QX000528",65,14,51
"60QX000529",92,11,81
"60QX000530",99,21,78
"60QX000531",145,21,124
"60QX000532",92,10,82
"60QX000533",63,8,55
"60QX000534",52,5,47
"60QX000535",98,8,90
"60QX000536",109,8,101
"60QX000537",105,14,91
"60QX000538",72,9,63
"60QX000539",138,17,121
"60QX000540",103,26,77
"60QX000541",56,2,54
"60QX000542",83,8,75
"60QX000543",115,16,99
"60QX000544",86,11,75
"60QX000545",110,20,90
"60QX000546",106,20,86
"60QX000547",113,22,91
"60QX000548",94,24,70
"60QX000549",85,7,78
"60QX000550",74,8,66
"60QX000551",107,16,91
"60QX000552",112,22,90
"60QX000553",93,18,75
"60QX000554",149,62,87
"60QX000555",100,26,74
"60QX000556",93,17,76
"60QX000557",132,20,112
"60QX000558",69,8,61
"60QX000559",85,16,69
"60QX000560",102,18,84
"60QX000561",128,40,88
"60QX000562",109,23,86
"60QX000563",54,8,46
"60QX000564",99,17,82
"60QX000565",65,4,61
"60QX000566",121,32,89
"60QX000567",82,9,73
"60QX000568",57,6,51
"60QX000569",53,13,40
"60QX000570",56,10,46
"60QX000571",62,11,51
"60QX000572",165,38,127
"60QX000573",92,20,72
"60QX000574",117,42,75
"60QX000575",99,16,83
"60QX000576",115,14,101
"60QX000577",77,16,61
"60QX000578",182,18,164
"60QX000579",76,13,63
"60QX000580",113,18,95
"60QX000581",108,16,92
"60QX000582",86,7,79
"60QX000583",145,13,132
"60QX000584",144,28,116
"60QX000585",59,10,49
"60QX000586",75,11,64
"60QX000587",150,29,121
"60QX000588",125,3,122
"60QX000589",230,11,219
"60QX000590",92,12,80
"60QX000591",106,17,89
"60QX000592",121,19,102
"60QX000593",116,19,97
"60QX000594",69,9,60
"60QX000595",151,24,127
"60QX000596",134,18,116
"60QX000597",153,8,145
"60QX000598",123,24,99
"60QX000599",110,18,92
"60QX000600",144,26,118
"60QX000601",59,9,50
"60QX000602",109,13,96
"60QX000603",62,23,39
"60QX000604",107,17,90
"60QX000605",110,18,92
"60QX000606",73,12,61
"60QX000607",122,18,104
"60QX000608",96,11,85
"60QX000609",118,25,93
"60QX000610",151,17,134
"60QX000611",65,8,57
"60QX000612",127,25,102
"60QX000613",150,28,122
"60QX000614",97,16,81
"60QX000615",139,5,134
"60QX000616",102,16,86
"60QX000617",103,15,88
"60QX000618",80,27,53
"60QX000619",110,18,92
"60QX000620",121,12,109
"60QX000621",95,13,82
"60QX000622",169,17,152
"60QX000623",116,11,105
"60QX000624",140,17,123
"60QX000625",170,62,108
"60QX000626",125,23,102
"60QX000627",132,11,121
"60QX000628",123,18,105
"60QX000629",88,30,58
"60QX000630",95,33,62
"60QX000631",147,27,120
"60QX000632",90,10,80
"60QX000633",106,23,83
"60QX000634",208,36,172
"60QX000635",121,6,115
"60QX000636",97,8,89
"60QX000637",128,5,123
"60QX000638",77,9,68
"60QX000639",96,15,81
"60QX000640",115,35,80
"60QX000641",106,28,78
"60QX000642",93,21,72
"60QX000643",96,17,79
"60QX000644",52,16,36
"60QX000645",67,17,50
"60QX000646",73,31,42
"60QX000647",81,16,65
"60QX000648",134,19,115
"60QX000649",75,14,61
"60QX000650",97,8,89
"60QX000651",124,4,120
"60QX000652",114,10,104
"60QX000653",178,20,158
"60QX000654",237,6,231
"60QX000655",111,11,100
"60QX000656",187,13,174
"60QX000657",214,12,202
"60QX000658",63,6,57
"60QX000659",134,2,132
"60QX000660",135,39,96
"60QX000661",106,9,97
"60QX000662",106,11,95
"60QX000663",158,11,147
"60QX000664",78,14,64
"60QX000665",157,27,130
"60QX000666",90,18,72
"60QX000667",139,28,111
"60QX000668",64,6,58
"60QX000669",68,11,57
"60QX000670",122,22,100
"60QX000671",186,13,173
"60QX000672",107,2,105
"60QX000673",70,12,58
"60QX000674",136,39,97
"60QX000675",168,26,142
"60QX000676",78,7,71
"60QX000677",146,6,140
"60QX000678",120,10,110
"60QX000679",121,24,97
"60QX000680",164,15,149
"60QX000681",163,29,134
"60QX000682",114,30,84
"60QX000683",70,12,58
"60QX000684",118,15,103
"60QX000685",140,18,122
"60QX000686",130,22,108
"60QX000687",129,43,86
"60QX000688",72,27,45
"60QX000689",88,31,57
"60QX000690",73,11,62
"60QX000691",152,30,122
"60QX000692",134,29,105
"60QX000693",103,16,87
"60QX000694",121,14,107
"60QX000695",117,18,99
"60QX000696",77,8,69
"60QX000697",113,23,90
"60QX000698",138,13,125
"60QX000699",121,22,99
"60QX000700",150,42,108
"60QX000701",113,16,97
"60QX000702",85,10,75
"60QX000703",154,28,126
"60QX000704",149,13,136
"60QX000705",199,30,169
"60QX000706",391,62,329
"60QX000707",112,29,83
"60QX000708",205,27,178
"60QX000709",68,2,66
"60QX000710",176,21,155
"60QX000711",222,20,202
"60QX000712",88,15,73
"60QX000713",92,28,64
"60QX000714",103,17,86
"60QX000715",110,11,99
"60QX000716",195,5,190
"60QX000717",144,15,129
"60QX000718",90,5,85
"60QY000001",103,20,83
"60QY000002",104,63,41
"60QY000003",66,6,60
"60QY000004",156,22,134
"60QY000005",172,29,143
"60QY000006",184,25,159
"60QY000007",54,4,50
"60QY000008",68,6,62
"60QY000009",174,24,150
"60QY000010",91,18,73
"60QY000011",205,28,177
"60QY000012",61,3,58
"60QY000013",157,21,136
"60QY000014",210,32,178
"60QY000015",169,27,142
"60QY000016",65,9,56
"60QY000017",76,10,66
"60QY000018",195,28,167
"60QY000019",55,8,47
"60QY000020",163,22,141
"60QY000021",149,32,117
"60QY000022",130,22,108
"60QY000023",136,23,113
"60QY000024",57,11,46
"60QY000025",163,48,115
"60QY000026",135,24,111
"60QY000027",145,35,110
"60QY000028",126,39,87
"60QY000029",86,23,63
"60QY000030",158,22,136
"60QY000031",92,13,79
"60QY000032",57,9,48
"60QY000033",56,9,47
"60QY000034",182,33,149
"60QY000035",80,17,63
"60QY000036",62,9,53
"60QY000037",54,9,45
"60QY000038",177,38,139
"60QY000039",156,29,127
"60QY000040",147,34,113
"60QY000041",122,24,98
"60QY000042",187,20,167
"60QY000043",149,22,127
"60QY000044",150,34,116
"60QY000045",130,30,100
"60QY000046",151,49,102
"60QY000047",141,36,105
"60QY000048",51,16,35
"60QY000049",131,27,104
"60QY000050",96,21,75
"60QY000051",110,36,74
"60QY000052",130,28,102
"60QY000053",93,22,71
"60QY000054",170,43,127
"60QY000055",86,41,45
"60QY000056",196,26,170
"60QY000057",153,25,128
"60QY000058",170,52,118
"60QY000059",99,28,71
"60QY000060",150,22,128
"60QY000061",210,25,185
"60QY000062",162,29,133
"60QY000063",199,33,166
"60QY000064",152,15,137
"60QY000065",205,30,175
"60QY000066",134,32,102
"60QY000067",137,33,104
"60QY000068",165,18,147
"60QY000069",113,7,106
"60QY000070",175,42,133
"60QY000071",122,28,94
"60QY000072",116,10,106
"60QY000073",173,27,146
"60QY000074",112,20,92
"60QY000075",111,12,99
"60QY000076",165,30,135
"60QY000077",184,39,145
"60QY000078",194,41,153
"60QY000079",160,24,136
"60QY000080",174,33,141
"60QY000081",141,20,121
"60QY000082",147,20,127
"60QY000083",104,18,86
"60QY000084",146,21,125
"60QY000085",103,23,80
"60QY000086",132,17,115
"60QY000087",66,11,55
"60QY000088",82,6,76
"60QY000089",193,28,165
"60QY000090",192,19,173
"60QY000091",195,36,159
"60QY000092",105,25,80
"60QY000093",124,20,104
"60QY000094",131,25,106
"60QY000095",200,26,174
"60QY000096",200,34,166
"60QY000097",201,26,175
"60QY000098",170,42,128
"60QY000099",160,34,126
"60QY000100",143,18,125
"60QY000101",124,42,82
"60QY000102",134,18,116
"60QY000103",256,11,245
"60QY000104",167,9,158
"60QY000105",99,40,59
"60QY000106",198,14,184
"60QY000107",107,20,87
"60QY000108",188,31,157
"60QY000109",155,10,145
"60QY000110",93,30,63
"60QY000111",167,38,129
"60QY000112",182,36,146
"60QY000113",142,19,123
"60QY000114",137,26,111
"60QY000115",92,17,75
"60QY000116",132,20,112
"60QY000117",113,21,92
"60QY000118",167,35,132
"60QY000119",76,9,67
"60QY000120",51,6,45
"60QY000121",134,36,98
"60QY000122",141,12,129
"60QY000123",128,26,102
"60QY000124",85,17,68
"60QY000125",153,15,138
"60QY000126",223,18,205
"60QY000127",122,36,86
"60QY000128",103,13,90
"60QY000129",103,27,76
"60QY000130",135,38,97
"60QY000131",96,20,76
"60QY000132",135,31,104
"60QY000133",135,34,101
"60QY000134",68,10,58
"60QY000135",156,32,124
"60QY000136",97,24,73
"60QY000137",117,16,101
"60QY000138",80,25,55
"60QY000139",88,16,72
"60QY000140",172,20,152
"60QY000141",120,37,83
"60QY000142",85,29,56
"60QY000143",166,27,139
"60QY000144",196,108,88
"60QY000145",180,54,126
"60QY000146",87,19,68
"60QY000147",51,14,37
"60QY000148",85,34,51
"60QY000149",109,33,76
"60QY000150",113,49,64
"60QY000151",102,32,70
"60QY000152",72,30,42
"60QY000153",83,29,54
"60QY000154",75,31,44
"60QY000155",91,33,58
"60QY000156",79,30,49
"60QY000157",110,14,96
"60QY000158",139,22,117
"60QY000159",121,29,92
"60QY000160",162,46,116
"60QY000161",134,18,116
"60QY000162",95,18,77
"60QY000163",141,35,106
"60QY000164",107,22,85
"60QY000165",125,31,94
"60QY000166",73,16,57
"60QY000167",106,17,89
"60QY000168",104,16,88
"60QY000169",123,22,101
"60QY000170",81,19,62
"60QY000171",109,22,87
"60QY000172",105,27,78
"60QY000173",104,21,83
"60QY000174",90,19,71
"60QY000175",113,32,81
"60QY000176",93,22,71
"60QY000177",111,29,82
"60QY000178",105,26,79
"60QY000179",68,17,51
"60QY000180",60,12,48
"60QY000181",93,26,67
"60QY000182",118,35,83
"60QY000183",120,25,95
"60QY000184",101,26,75
"60QY000185",91,24,67
"60QY000186",82,22,60
"60QY000187",87,20,67
"60QY000188",117,22,95
"60QY000189",125,25,100
"60QY000190",90,18,72
"60QY000191",106,31,75
"60QY000192",85,29,56
"60QY000193",109,32,77
"60QY000194",106,27,79
"60QY000195",102,22,80
"60QY000196",97,30,67
"60QY000197",79,23,56
"60QY000198",141,27,114
"60QY000199",95,27,68
"60QY000200",72,17,55
"60QY000201",95,26,69
"60QY000202",153,40,113
"60QY000203",125,28,97
"60QY000204",126,25,101
"60QY000205",112,18,94
"60QY000206",183,41,142
"60QY000207",185,32,153
"60QY000208",108,20,88
"60QY000209",117,20,97
"60QY000210",204,29,175
"60QY000211",134,27,107
"60QY000212",176,38,138
"60QY000213",130,24,106
"60QY000214",190,22,168
"60QY000215",157,26,131
"60QY000216",91,23,68
"60QY000217",118,53,65
"60QY000218",89,32,57
"60QY000219",76,24,52
"60QY000220",146,25,121
"60QY000221",76,31,45
"60QY000222",92,32,60
"60QY000223",95,21,74
"60QY000224",94,26,68
"60QY000225",92,14,78
"60QY000226",149,18,131
"60QY000227",111,16,95
"60QY000228",114,18,96
"60QY000229",140,9,131
"60QY000230",98,20,78
"60QY000231",200,9,191
"60QY000232",125,34,91
"60QY000233",91,43,48
"60QY000234",94,11,83
"60QY000235",133,17,116
"60QY000236",69,20,49
"60QY000237",106,29,77
"60QY000238",146,45,101
"60QY000239",60,31,29
"60QY000240",51,28,23
"60QY000241",66,22,44
"60QY000242",109,57,52
"60QY000243",185,56,129
"60QY000244",118,21,97
"60QY000245",67,17,50
"60QY000246",160,24,136
"60QY000247",112,24,88
"60QY000248",186,59,127
"60QY000249",148,38,110
"60QY000250",110,24,86
"60QY000251",109,29,80
"60QY000252",89,24,65
"60QY000253",74,11,63
"60QY000254",146,49,97
"60QY000255",94,28,66
"60QY000256",65,21,44
"60QY000257",123,17,106
"60QY000258",113,15,98
"60QY000259",97,29,68
"60QY000260",133,35,98
"60QY000261",71,34,37
"60QY000262",137,39,98
"60QY000263",97,25,72
"60QY000264",98,33,65
"60QY000265",90,22,68
"60QY000266",138,33,105
"60QY000267",120,33,87
"60QY000268",126,30,96
"60QY000269",129,18,111
"60QY000270",108,36,72
"60QY000271",138,21,117
"60QY000272",232,42,190
"60QY000273",81,25,56
"60QY000274",138,22,116
"60QY000275",122,41,81
"60QY000276",124,24,100
"60QY000277",141,33,108
"60QY000278",108,31,77
"60QY000279",119,20,99
"60QY000280",119,25,94
"60QY000281",93,19,74
"60QY000282",126,33,93
"60QY000283",72,35,37
"60QY000284",91,21,70
"60QY000285",150,41,109
"60QY000286",158,50,108
"60QY000287",130,41,89
"60QY000288",137,46,91
"60QY000289",100,31,69
"60QY000290",185,22,163
"60QY000291",198,21,177
"60QY000292",126,27,99
"60QY000293",162,18,144
"60QY000294",175,42,133
"60QY000295",111,29,82
"60QY000296",116,22,94
"60QY000297",135,23,112
"60QY000298",112,26,86
"60QY000299",129,30,99
"60QY000300",117,30,87
"60QY000301",97,12,85
"60QY000302",108,32,76
"60QY000303",111,29,82
"60QY000304",148,57,91
"60QY000305",193,44,149
"60QY000306",94,25,69
"60QY000307",122,22,100
"60QY000308",95,28,67
"60QY000309",148,27,121
"60QY000310",101,17,84
"60QY000311",98,19,79
"60QY000312",180,24,156
"60QY000313",131,28,103
"60QY000314",170,42,128
"60QY000315",168,35,133
"60QY000316",114,39,75
"60QY000317",125,29,96
"60QY000318",111,32,79
"60QY000319",127,26,101
"60QY000320",113,29,84
"60QY000321",150,22,128
"60QY000322",175,9,166
"60QY000323",116,11,105
"60QY000324",150,6,144
"60QY000325",62,20,42
"60QY000326",126,41,85
"60QY000327",127,33,94
"60QY000328",106,25,81
"60QY000329",104,52,52
"60QY000330",81,12,69
"60QY000331",82,27,55
"60QY000332",152,29,123
"60QY000333",108,39,69
"60QY000334",142,11,131
"60QY000335",88,26,62
"60QY000336",112,25,87
"60QY000337",139,30,109
"60QY000338",93,29,64
"60QY000339",170,44,126
"60QY000340",121,30,91
"60QY000341",134,29,105
"60QY000342",65,37,28
"60QY000343",161,30,131
"60QY000344",100,28,72
"60QY000345",104,22,82
"60QY000346",144,21,123
"60QY000347",120,31,89
"60QY000348",75,34,41
"60QY000349",161,39,122
"60QY000350",148,32,116
"60QY000351",160,34,126
"60QY000352",107,27,80
"60QY000353",76,38,38
"60QY000354",66,47,19
"60QY000355",93,25,68
"60QY000356",133,15,118
"60QY000357",78,12,66
"60QY000358",139,18,121
"60QY000359",128,32,96
"60QY000360",119,23,96
"60QY000361",221,41,180
"60QY000362",91,25,66
"60QY000363",112,17,95
"60QY000364",144,43,101
"60QY000365",108,17,91
"60QY000366",121,15,106
"60QY000367",100,30,70
"60QY000368",116,19,97
"60QY000369",80,36,44
"60QY000370",107,42,65
"60QY000371",52,25,27
"60QY000372",71,43,28
"60QY000373",107,41,66
"60QY000374",73,24,49
"60QY000375",87,32,55
"60QY000376",100,43,57
"60QY000377",54,12,42
"60QY000378",118,35,83
"60QY000379",110,58,52
"60QY000380",148,41,107
"60QY000381",88,46,42
"60QY000382",56,12,44
"60QY000383",95,36,59
"60QY000384",110,22,88
"60QY000385",92,29,63
"60QY000386",67,41,26
"60QY000387",62,17,45
"60QY000388",126,38,88
"60QY000389",80,23,57
"60QY000390",92,21,71
"60QY000391",75,32,43
"60QY000392",58,14,44
"60QY000393",118,44,74
"60QY000394",120,33,87
"60QY000395",104,25,79
"60QY000396",69,20,49
"60QY000397",98,28,70
"60QY000398",125,31,94
"60QY000399",113,32,81
"60QY000400",154,49,105
"60QY000401",125,35,90
"60QY000402",138,20,118
"60QY000403",95,18,77
"60QY000404",116,25,91
"60QY000405",96,27,69
"60QY000406",99,24,75
"60QY000407",118,26,92
"60QY000408",160,53,107
"60QY000409",90,26,64
"60QY000410",165,38,127
"60QY000411",144,29,115
"60QY000412",150,34,116
"60QY000413",118,21,97
"60QY000414",168,50,118
"60QY000415",145,35,110
"60QY000416",108,30,78
"60QY000417",159,44,115
"60QY000418",147,40,107
"60QY000419",229,50,179
"60QY000420",180,51,129
"60QY000421",100,17,83
"60QY000422",161,38,123
"60QY000423",162,31,131
"60QY000424",135,25,110
"60QY000425",125,17,108
"60QY000426",99,19,80
"60QY000427",240,153,87
"60QY000428",105,23,82
"60QY000429",110,21,89
"60QY000430",108,18,90
"60QY000431",125,34,91
"60QY000432",109,30,79
"60QY000433",132,41,91
"60QY000434",177,49,128
"60QY000435",112,38,74
"60QY000436",176,52,124
"60QY000437",102,26,76
"60QY000438",92,21,71
"60QY000439",130,24,106
"60QY000440",157,35,122
"60QY000441",93,31,62
"60QY000442",97,28,69
"60QY000443",64,21,43
"60QY000444",111,32,79
"60QY000445",154,41,113
"60QY000446",174,52,122
"60QY000447",110,47,63
"60QY000448",129,49,80
"60QY000449",96,22,74
"60QY000450",74,24,50
"60QY000451",114,26,88
"60QY000452",109,18,91
"60QY000453",121,12,109
"60QY000454",115,19,96
"60QY000455",87,37,50
"60QY000456",67,19,48
"60QY000457",100,35,65
"60QY000458",81,27,54
"60QY000459",85,27,58
"60QY000460",80,34,46
"60QY000461",207,34,173
"60QY000462",99,24,75
"60QY000463",201,50,151
"60QY000464",134,27,107
"60QY000465",164,19,145
"60QY000466",151,23,128
"60QY000467",126,35,91
"60QY000468",136,29,107
"60QY000469",144,32,112
"60QY000470",73,22,51
"60QY000471",94,34,60
"60QY000472",123,28,95
"60QY000473",86,29,57
"60QY000474",115,35,80
"60QY000475",96,33,63
"60QY000476",92,21,71
"60QY000477",89,32,57
"60QY000478",97,23,74
"60QY000479",163,24,139
"60QY000480",203,38,165
"60QY000481",169,37,132
"60QY000482",126,21,105
"60QY000483",137,33,104
"60QY000484",144,39,105
"60QY000485",137,34,103
"60QY000486",145,32,113
"60QY000487",121,36,85
"60QY000488",132,29,103
"60QY000489",120,27,93
"60QY000490",102,21,81
"60QY000491",164,30,134
"60QY000492",146,38,108
"60QY000493",131,28,103
"60QY000494",174,39,135
"60QY000495",62,14,48
"60QY000496",109,38,71
"60QY000497",143,28,115
"60QY000498",155,28,127
"60QY000499",152,33,119
"60QY000500",90,34,56
"60QY000501",147,19,128
"60QY000502",146,18,128
"60QY000503",168,16,152
"60QY000504",121,18,103
"60QY000505",114,11,103
"60QY000506",139,13,126
"60QY000507",122,16,106
"60QY000508",131,17,114
"60QY000509",124,32,92
"60QY000510",186,17,169
"60QY000511",117,17,100
"60QY000512",72,14,58
"60QY000513",190,13,177
"60QY000514",95,15,80
"60QY000515",181,25,156
"60QY000516",62,16,46
"60QY000517",70,13,57
"60QY000518",100,26,74
"60QY000519",110,41,69
"60QY000520",169,36,133
"60QY000521",151,40,111
"60QY000522",201,33,168
"60QY000523",77,16,61
"60QY000524",85,16,69
"60QY000525",63,10,53
"60QY000526",97,66,31
"60QY000527",114,47,67
"60QY000528",60,21,39
"60QY000529",107,22,85
"60QY000530",100,28,72
"60QY000531",101,31,70
"60QY000532",98,36,62
"60QY000533",138,29,109
"60QY000534",117,29,88
"60QY000535",77,23,54
"60QY000536",110,35,75
"60QY000537",112,35,77
"60QY000538",155,36,119
"60QY000539",92,32,60
"60QY000540",52,25,27
"60QY000541",163,46,117
"60QY000542",140,40,100
"60QY000543",117,47,70
"60QY000544",63,17,46
"60QY000545",124,26,98
"60QY000546",96,31,65
"60QY000547",65,29,36
"60QY000548",104,32,72
"60QY000549",93,15,78
"60QY000550",116,28,88
"60QY000551",142,18,124
"60QY000552",120,38,82
"60QY000553",87,27,60
"60QY000554",153,32,121
"60QY000555",97,25,72
"60QY000556",125,27,98
"60QY000557",137,41,96
"60QY000558",121,24,97
"60QY000559",109,29,80
"60QY000560",118,34,84
"60QY000561",115,32,83
"60QY000562",81,19,62
"60QY000563",147,25,122
"60QY000564",150,37,113
"60QY000565",123,36,87
"60QY000566",197,47,150
"60QY000567",109,13,96
"60QY000568",105,35,70
"60QY000569",85,22,63
"60QY000570",93,20,73
"60QY000571",104,33,71
"60QY000572",110,33,77
"60QY000573",124,32,92
"60QY000574",129,32,97
"60QY000575",147,27,120
"60QY000576",130,24,106
"60QY000577",116,30,86
"60QY000578",105,24,81
"60QY000579",134,26,108
"60QY000580",122,24,98
"60QY000581",148,18,130
"60QY000582",117,24,93
"60QY000583",76,25,51
"60QY000584",157,21,136
"60QY000585",142,29,113
"60QY000586",133,29,104
"60QY000587",162,21,141
"60QY000588",174,19,155
"60QY000589",110,15,95
"60QY000590",135,39,96
"60QY000591",93,42,51
"60QY000592",81,25,56
"60QY000593",185,33,152
"60QY000594",162,27,135
"60QY000595",144,17,127
"60QY000596",85,8,77
"60QY000597",119,23,96
"60QY000598",152,24,128
"60QY000599",79,12,67
"60QY000600",119,22,97
"60QY000601",63,13,50
"60QY000602",135,19,116
"60QY000603",94,13,81
"60QY000604",160,28,132
"60QY000605",81,14,67
"60QY000606",142,30,112
"60QY000607",98,27,71
"60QY000608",140,15,125
"60QY000609",70,15,55
"60QY000610",126,20,106
"60QY000611",93,19,74
"60QY000612",187,23,164
"60QY000613",75,18,57
"60QY000614",142,13,129
"60QY000615",103,18,85
"60QY000616",84,36,48
"60QY000617",108,14,94
"60QY000618",85,24,61
"60QY000619",104,17,87
"60QY000620",105,20,85
"60QY000621",91,22,69
"60QY000622",119,24,95
"60QY000623",85,33,52
"60QY000624",114,32,82
"60QY000625",166,31,135
"60QY000626",112,25,87
"60QY000627",104,26,78
"60QY000628",107,20,87
"60QY000629",92,24,68
"60QY000630",104,28,76
"60QY000631",135,48,87
"60QY000632",109,38,71
"60QY000633",108,20,88
"60QY000634",64,31,33
"60QY000635",90,11,79
"60QY000636",107,17,90
"60QY000637",151,38,113
"60QY000638",90,19,71
"60QY000639",190,41,149
"60QY000640",146,26,120
"60QY000641",148,41,107
"60QY000642",152,28,124
"60QY000643",231,41,190
"60QY000644",155,24,131
"60QY000645",146,29,117
"60QY000646",174,34,140
"60QY000647",98,24,74
"60QY000648",150,20,130
"60QY000649",113,35,78
"60QY000650",86,19,67
"60QY000651",159,26,133
"60QY000652",121,18,103
"60QY000653",133,11,122
"60QY000654",117,34,83
"60QY000655",96,20,76
"60QY000656",128,35,93
"60QY000657",72,34,38
"60QY000658",91,17,74
"60QY000659",98,20,78
"60QY000660",87,23,64
"60QY000661",106,24,82
"60QY000662",130,19,111
"60QY000663",101,15,86
"60QY000664",118,23,95
"60QY000665",80,24,56
"60QY000666",100,25,75
"60QY000667",150,35,115
"60QY000668",159,23,136
"60QY000669",58,34,24
"60QY000670",105,56,49
"60QY000671",103,24,79
"60QY000672",109,24,85
"60QY000673",86,25,61
"60QY000674",108,18,90
"60QY000675",89,12,77
"60QY000676",87,16,71
"60QY000677",80,19,61
"60QY000678",108,30,78
"60QY000679",138,25,113
"60QY000680",119,29,90
"60QY000681",172,36,136
"60QY000682",140,27,113
"60QY000683",124,28,96
"60QY000684",122,39,83
"60QY000685",61,23,38
"60QY000686",107,28,79
"60QY000687",112,73,39
"60QY000688",177,26,151
"60QY000689",96,22,74
"60QY000690",110,31,79
"60QY000691",123,22,101
"60QY000692",84,6,78
"60QY000693",152,34,118
"60QY000694",105,18,87
"60QY000695",96,25,71
"60QY000696",126,36,90
"60QY000697",151,39,112
"60QY000698",102,36,66
"60QY000699",119,36,83
"60QY000700",94,28,66
"60QY000701",152,40,112
"60QY000702",146,24,122
"60QY000703",109,24,85
"60QY000704",101,16,85
"60QY000705",128,28,100
"60QY000706",200,26,174
"60QY000707",232,28,204
"60QY000708",180,12,168
"60QY000709",106,30,76
"60QY000710",164,14,150
"60QY000711",125,16,109
"60QY000712",110,4,106
"60QY000713",104,12,92
"60QY000714",135,12,123
"60QY000715",85,30,55
"60QY000716",103,22,81
"60QY000717",110,20,90
"60QY000718",85,19,66
"60QY000719",124,28,96
"60QY000720",138,26,112
"60QY000721",102,22,80
"60QY000722",126,36,90
"60QY000723",67,25,42
"60QY000724",81,10,71
"60QY000725",142,23,119
"60QY000726",84,17,67
"60QY000727",61,12,49
"60QY000728",181,45,136
"60QY000729",164,36,128
"60QY000730",127,43,84
"60QY000731",159,38,121
"60QY000732",89,40,49
"60QY000733",118,27,91
"60QY000734",94,13,81
"60QY000735",141,26,115
"60QY000736",178,31,147
"60QY000737",164,34,130
"60QY000738",130,19,111
"60QY000739",195,38,157
"60QY000740",151,39,112
"60QY000741",152,27,125
"60QY000742",173,29,144
"60QY000743",170,42,128
"60QY000744",94,15,79
"60QY000745",162,22,140
"60QY000746",93,12,81
"60QY000747",77,19,58
"60QY000748",98,40,58
"60QY000749",104,22,82
"60QY000750",55,30,25
"60QY000751",71,23,48
"60QY000752",107,39,68
"60QY000753",144,57,87
"60QY000754",105,35,70
"60QY000755",94,28,66
"60QY000756",118,25,93
"60QY000757",113,29,84
"60QY000758",117,26,91
"60QY000759",118,26,92
"60QY000760",78,14,64
"60QY000761",157,15,142
"60QY000762",71,7,64
"60QY000763",139,13,126
"60QY000764",157,32,125
"60QY000765",126,37,89
"60QY000766",191,39,152
"60QY000767",79,26,53
"60QY000768",85,14,71
"60QY000769",107,23,84
"60QY000770",82,18,64
"60QY000771",163,46,117
"60QY000772",133,19,114
"60QY000773",186,97,89
"60QY000774",85,25,60
"60QY000775",75,22,53
"60QY000776",106,19,87
"60QY000777",164,19,145
"60QY000778",100,71,29
"60QY000779",111,42,69
"60QY000780",57,28,29
"60QY000781",67,15,52
"60QY000782",79,18,61
"60QY000783",55,20,35
"60QY000784",79,16,63
"60QY000785",103,27,76
"60QY000786",98,19,79
"60QY000787",80,20,60
"60QY000788",154,31,123
"60QY000789",115,24,91
"60QY000790",50,31,19
"60QY000791",63,16,47
"60QY000792",71,13,58
"60QY000793",114,32,82
"60QY000794",200,33,167
"60QY000795",182,27,155
"60QY000796",112,13,99
"60QY000797",120,20,100
"60QY000798",122,25,97
"60QY000799",128,32,96
"60QY000800",127,27,100
"60QY000801",128,21,107
"60QY000802",143,21,122
"60QY000803",106,27,79
"60QY000804",83,29,54
"60QY000805",165,14,151
"60QY000806",128,19,109
"60QY000807",145,13,132
"60QY000808",114,20,94
"60QY000809",104,20,84
"60QY000810",109,22,87
"60QY000811",161,27,134
"60QY000812",66,12,54
"60QY000813",180,18,162
"60QY000814",90,28,62
"60QY000815",83,22,61
"60QY000816",64,17,47
"60QY000817",115,33,82
"60QY000818",89,18,71
"60QY000819",64,14,50
"60QY000820",113,30,83
"60QY000821",87,16,71
"60QY000822",94,15,79
"60QY000823",128,40,88
"60QY000824",77,30,47
"60QY000825",101,38,63
"60QY000826",55,24,31
"60QY000827",110,41,69
"60QY000828",115,19,96
"60QY000829",116,17,99
"60QY000830",128,29,99
"60QY000831",81,34,47
"60QY000832",98,21,77
"60QY000833",118,15,103
"60QY000834",209,36,173
"60QY000835",143,28,115
"60QY000836",192,32,160
"60QY000837",162,29,133
"60QY000838",191,26,165
"60QY000839",198,39,159
"60QY000840",170,41,129
"60QY000841",162,22,140
"60QY000842",94,24,70
"60QY000843",113,19,94
"60QY000844",116,21,95
"60QY000845",171,25,146
"60QY000846",115,17,98
"60QY000847",171,22,149
"60QY000848",118,23,95
"60QY000849",96,15,81
"60QY000850",116,14,102
"60QY000851",88,15,73
"60QY000852",149,52,97
"60QY000853",73,17,56
"60QY000854",99,19,80
"60QY000855",89,14,75
"60QY000856",158,43,115
"60QY000857",104,23,81
"60QY000858",108,32,76
"60QY000859",106,11,95
"60QY000860",217,27,190
"60QY000861",66,4,62
"60QY000862",106,26,80
"60QY000863",157,18,139
"60QY000864",145,20,125
"60QY000865",59,12,47
"60QY000866",104,18,86
"60QY000867",163,17,146
"60QY000868",123,32,91
"60QY000869",86,12,74
"60QY000870",74,28,46
"60QY000871",93,23,70
"60QY000872",91,15,76
"60QY000873",117,18,99
"60QY000874",69,9,60
"60QY000875",131,35,96
"60QY000876",88,7,81
"60QY000877",99,22,77
"60QY000878",84,19,65
"60QY000879",97,17,80
"60QY000880",77,10,67
"60QY000881",105,5,100
"60QY000882",52,17,35
"60QY000883",50,16,34
"60QY000884",86,12,74
"60QY000885",152,8,144
"60QY000886",83,11,72
"60QY000887",97,14,83
"60QY000888",50,5,45
"60QY000889",121,22,99
"60QY000890",111,15,96
"60QY000891",73,21,52
"60QY000892",68,31,37
"60QY000893",73,14,59
"60QY000894",209,21,188
"60QY000895",63,11,52
"60QY000896",62,13,49
"60QY000897",121,18,103
"60QY000898",75,12,63
"60QY000899",215,27,188
"60QY000900",80,20,60
"60QY000901",115,26,89
"60QY000902",147,23,124
"60QY000903",75,6,69
"60QY000904",109,17,92
"60QY000905",62,8,54
"60QY000906",71,13,58
"60QY000907",113,23,90
"60QY000908",124,39,85
"60QY000909",93,24,69
"60QY000910",195,6,189
"60QY000911",97,10,87
"60QY000912",81,22,59
"60QY000913",70,9,61
"60QY000914",117,84,33
"60QY000915",232,29,203
"60QY000916",126,27,99
"60QY000917",87,14,73
"60QY000918",96,17,79
"60QY000919",95,25,70
"60QY000920",63,11,52
"60QY000921",112,13,99
"60QY000922",111,16,95
"60QY000923",94,39,55
"60QY000924",92,20,72
"60QY000925",128,17,111
"60QY000926",50,6,44
"60QY000927",69,23,46
"60QY000928",90,27,63
"60QY000929",107,29,78
"60QY000930",103,21,82
"60QY000931",66,14,52
"60QY000932",59,18,41
"60QY000933",63,18,45
"60QY000934",92,42,50
"60QY000935",96,26,70
"60QY000936",72,4,68
"60QY000937",119,12,107
"60QY000938",90,10,80
"60QY000939",114,17,97
"60QY000940",68,9,59
"60QY000941",90,22,68
"60QY000942",169,29,140
"60QY000943",166,102,64
"60QY000944",137,25,112
"60QY000945",88,38,50
"60QY000946",55,15,40
"60QY000947",172,31,141
"60QY000948",144,21,123
"60QY000949",152,20,132
"60QY000950",154,22,132
"60QY000951",54,10,44
"60QY000952",122,12,110
"60QY000953",50,15,35
"60QY000954",112,20,92
"60QY000955",132,20,112
"60QY000956",63,13,50
"60QY000957",109,34,75
"60QY000958",170,30,140
"60QY000959",81,13,68
"60QY000960",82,10,72
"60QY000961",187,33,154
"60QY000962",82,7,75
"60QY000963",150,11,139
"60QY000964",66,4,62
"60QY000965",149,9,140
"60QY000966",118,32,86
"60QY000967",65,16,49
"60QY000968",87,18,69
"60QY000969",141,33,108
"60QY000970",104,26,78
"60QY000971",82,14,68
"60QY000972",199,35,164
"60QY000973",84,4,80
"60QY000974",160,18,142
"60QY000975",129,23,106
"60QY000976",150,12,138
"60QY000977",176,9,167
"60QY000978",138,18,120
"60QY000979",196,43,153
"60QY000980",104,28,76
"60QY000981",84,30,54
"60QY000982",126,21,105
"60QY000983",64,37,27
"60QY000984",90,23,67
"60QY000985",181,39,142
"60QY000986",81,6,75
"60QY000987",185,14,171
"60QY000988",160,9,151
"60QY000989",187,9,178
"60QY000990",91,19,72
"60QY000991",123,27,96
"60QY000992",82,10,72
"60QY000993",121,13,108
"60QY000994",104,32,72
"60QY000995",74,9,65
"60QY000996",188,44,144
"60QY000997",235,18,217
"60QY000998",123,7,116
"60QY000999",187,7,180
"60QY001000",57,10,47
"60QY001001",158,51,107
"60QY001002",130,20,110
"60QY001003",101,13,88
"60QY001004",143,32,111
"60QY001005",54,13,41
"60QY001006",123,46,77
"60QY001007",115,24,91
"60QY001008",73,21,52
"60QY001009",72,17,55
"60QY001010",90,35,55
"60QY001011",137,27,110
"60QY001012",141,45,96
"60QY001013",66,8,58
"60QY001014",98,13,85
"60QY001015",101,21,80
"60QY001016",55,18,37
"60QY001017",158,31,127
"60QY001018",171,38,133
"60QY001019",69,23,46
"60QY001020",118,24,94
"60QY001021",169,13,156
"60QY001022",188,21,167
"60QY001023",75,14,61
"60QY001024",122,20,102
"60QY001025",138,10,128
"60QY001026",124,16,108
"60QY001027",119,12,107
"60QY001028",224,49,175
"60QY001029",69,34,35
"60QY001030",145,55,90
"60QY001031",92,18,74
"60QY001032",124,46,78
"60QY001033",53,29,24
"60QY001034",91,22,69
"60QY001035",68,14,54
"60QY001036",65,28,37
"60QY001037",82,19,63
"60QY001038",62,22,40
"60QY001039",81,18,63
"60QY001040",95,13,82
"60QY001041",144,60,84
"60QY001042",115,18,97
"60QY001043",76,10,66
"60QY001044",69,12,57
"60QY001045",102,22,80
"60QY001046",153,28,125
"60QY001047",172,11,161
"60QY001048",102,20,82
"60QY001049",99,20,79
"60QY001050",117,23,94
"60QY001051",89,17,72
"60QY001052",130,28,102
"60QY001053",182,68,114
"60QY001054",198,50,148
"60QY001055",220,40,180
"60QY001056",118,59,59
"60QY001057",61,25,36
"60QY001058",154,37,117
"60QY001059",129,31,98
"60QY001060",75,14,61
"60QY001061",158,27,131
"60QY001062",66,13,53
"60QY001063",152,20,132
"60QY001064",87,9,78
"60QY001065",121,16,105
"60QY001066",80,9,71
"60QY001067",156,62,94
"60QY001068",99,12,87
"60QY001069",119,10,109
"60QY001070",128,37,91
"60QY001071",115,24,91
"60QY001072",140,34,106
"60QY001073",61,17,44
"60QY001074",109,37,72
"60QY001075",126,30,96
"60QY001076",240,37,203
"60QY001077",122,13,109
"60QY001078",106,22,84
"60QY001079",142,10,132
"60QY001080",135,21,114
"60QY001081",100,35,65
"60QY001082",85,18,67
"60QY001083",148,17,131
"60QY001084",69,25,44
"60QY001085",210,16,194
"60QY001086",173,12,161
"60QY001087",102,23,79
"60QY001088",86,31,55
"60QY001089",64,17,47
"60QY001090",96,35,61
"60QY001091",54,23,31
"60QY001092",96,28,68
"60QY001093",98,32,66
"60QY001094",105,16,89
"60QY001095",83,13,70
"60QY001096",136,61,75
"60QY001097",98,30,68
"60QY001098",75,15,60
"60QY001099",177,74,103
"60QY001100",155,25,130
"60QY001101",131,41,90
"60QY001102",57,3,54
"60QY001103",110,29,81
"60QY001104",51,16,35
"60QY001105",99,34,65
"60QY001106",138,33,105
"60QY001107",248,45,203
"60QY001108",180,66,114
"60QY001109",149,21,128
"60QY001110",181,6,175
"60QY001111",209,30,179
"60QY001112",87,44,43
"60QY001113",103,18,85
"60QY001114",159,13,146
"60QY001115",198,42,156
"60QY001116",139,10,129
"60QY001117",208,11,197
"60QY001118",123,34,89
"60QY001119",183,36,147
"60QY001120",136,44,92
"60QY001121",175,13,162
"60QY001122",200,13,187
"60QY001123",147,7,140
"60QY001124",214,22,192
"60QY001125",183,11,172
"60QY001126",136,28,108
"60QY001127",102,33,69
"60QY001128",219,17,202
"60QY001129",164,12,152
"60QY001130",171,17,154
"60QY001131",147,8,139
"60QY001132",66,9,57
"60QZ000001",53,17,36
"60QZ000002",90,39,51
"60QZ000003",88,28,60
"60QZ000004",72,31,41
"60QZ000005",133,31,102
"60QZ000006",117,29,88
"60QZ000007",137,26,111
"60QZ000008",200,32,168
"60QZ000009",154,37,117
"60QZ000010",229,29,200
"60QZ000011",158,23,135
"60QZ000012",137,25,112
"60QZ000013",191,34,157
"60QZ000014",58,31,27
"60QZ000015",155,26,129
"60QZ000016",135,30,105
"60QZ000017",138,42,96
"60QZ000018",163,41,122
"60QZ000019",136,42,94
"60QZ000020",136,21,115
"60QZ000021",132,23,109
"60QZ000022",125,16,109
"60QZ000023",123,11,112
"60QZ000024",102,18,84
"60QZ000025",139,29,110
"60QZ000026",85,23,62
"60QZ000027",169,53,116
"60QZ000028",91,18,73
"60QZ000029",169,19,150
"60QZ000030",129,16,113
"60QZ000031",147,20,127
"60QZ000032",146,27,119
"60QZ000033",158,38,120
"60QZ000034",167,36,131
"60QZ000035",183,50,133
"60QZ000036",93,34,59
"60QZ000037",129,39,90
"60QZ000038",146,43,103
"60QZ000039",123,32,91
"60QZ000040",107,31,76
"60QZ000041",137,24,113
"60QZ000042",99,24,75
"60QZ000043",111,32,79
"60QZ000044",96,29,67
"60QZ000045",71,30,41
"60QZ000046",204,45,159
"60QZ000047",137,31,106
"60QZ000048",116,30,86
"60QZ000049",136,45,91
"60QZ000050",54,10,44
"60QZ000051",158,26,132
"60QZ000052",200,18,182
"60QZ000053",96,11,85
"60QZ000054",69,15,54
"60QZ000055",71,26,45
"60QZ000056",172,35,137
"60QZ000057",105,44,61
"60QZ000058",76,7,69
"60QZ000059",88,32,56
"60QZ000060",119,14,105
"60QZ000061",81,22,59
"60QZ000062",126,20,106
"60QZ000063",156,64,92
"60QZ000064",118,18,100
"60QZ000065",141,33,108
"60QZ000066",134,20,114
"60QZ000067",195,37,158
"60QZ000068",192,17,175
"60QZ000069",99,22,77
"60QZ000070",90,19,71
"60QZ000071",161,23,138
"60QZ000072",127,10,117
"60QZ000073",131,29,102
"60QZ000074",127,53,74
"60QZ000075",104,42,62
"60QZ000076",118,32,86
"60QZ000077",107,36,71
"60QZ000078",123,27,96
"60QZ000079",85,26,59
"60QZ000080",98,31,67
"60QZ000081",107,42,65
"60QZ000082",124,37,87
"60QZ000083",84,32,52
"60QZ000084",117,29,88
"60QZ000085",131,40,91
"60QZ000086",116,39,77
"60QZ000087",57,21,36
"60QZ000088",147,28,119
"60QZ000089",124,33,91
"60QZ000090",164,40,124
"60QZ000091",113,33,80
"60QZ000092",137,32,105
"60QZ000093",146,31,115
"60QZ000094",178,28,150
"60QZ000095",56,12,44
"60QZ000096",130,21,109
"60QZ000097",196,27,169
"60QZ000098",127,25,102
"60QZ000099",103,25,78
"60QZ000100",59,9,50
"60QZ000101",115,24,91
"60QZ000102",144,8,136
"60QZ000103",71,10,61
"60QZ000104",97,19,78
"60QZ000105",122,15,107
"60QZ000106",100,17,83
"60QZ000107",110,32,78
"60QZ000108",106,14,92
"60QZ000109",141,5,136
"60QZ000110",221,14,207
"60QZ000111",131,12,119
"60QZ000112",153,15,138
"60QZ000113",56,21,35
"60QZ000114",94,33,61
"60QZ000115",118,17,101
"60QZ000116",93,32,61
"60QZ000117",117,19,98
"60QZ000118",114,26,88
"60QZ000119",120,34,86
"60QZ000120",73,24,49
"60QZ000121",110,43,67
"60QZ000122",177,18,159
"60QZ000123",103,20,83
"60QZ000124",74,4,70
"60QZ000125",217,15,202
"60QZ000126",120,9,111
"60QZ000127",158,12,146
"60QZ000128",136,21,115
"60QZ000129",94,48,46
"60QZ000130",99,30,69
"60QZ000131",137,34,103
"60QZ000132",81,17,64
"60QZ000133",88,16,72
"60QZ000134",177,16,161
"60QZ000135",149,12,137
"60QZ000136",148,13,135
"60QZ000137",77,8,69
"60QZ000138",146,43,103
"60QZ000139",160,51,109
"60QZ000140",127,39,88
"60QZ000141",143,40,103
"60QZ000142",64,10,54
"60QZ000143",142,18,124
"60QZ000144",87,13,74
"60QZ000145",77,12,65
"60QZ000146",93,33,60
"60QZ000147",105,23,82
"60QZ000148",128,32,96
"60QZ000149",70,15,55
"60QZ000150",81,2,79
"60QZ000151",157,40,117
"60QZ000152",142,25,117
"60QZ000153",133,21,112
"60QZ000154",91,17,74
"60QZ000155",91,18,73
"60QZ000156",117,24,93
"60QZ000157",88,23,65
"60QZ000158",157,76,81
"60QZ000159",87,17,70
"60QZ000160",138,22,116
"60QZ000161",168,41,127
"60QZ000162",52,11,41
"60QZ000163",268,116,152
"60QZ000164",204,35,169
"60QZ000165",206,43,163
"60QZ000166",159,34,125
"60QZ000167",135,33,102
"60QZ000168",75,22,53
"60QZ000169",98,25,73
"60QZ000170",94,16,78
"60QZ000171",94,24,70
"60QZ000172",79,20,59
"60QZ000173",108,51,57
"60QZ000174",66,20,46
"60QZ000175",91,31,60
"60QZ000176",109,41,68
"60QZ000177",99,43,56
"60QZ000178",112,37,75
"60QZ000179",189,55,134
"60QZ000180",118,37,81
"60QZ000181",143,24,119
"60QZ000182",92,49,43
"60QZ000183",139,38,101
"60QZ000184",176,33,143
"60QZ000185",97,23,74
"60QZ000186",111,47,64
"60QZ000187",208,22,186
"60QZ000188",172,52,120
"60QZ000189",77,18,59
"60QZ000190",63,37,26
"60QZ000191",108,21,87
"60QZ000192",109,34,75
"60QZ000193",139,30,109
"60QZ000194",148,85,63
"60QZ000195",109,38,71
"60QZ000196",181,48,133
"60QZ000197",162,47,115
"60QZ000198",116,17,99
"60QZ000199",187,28,159
"60QZ000200",108,25,83
"60QZ000201",155,37,118
"60QZ000202",158,40,118
"60QZ000203",114,36,78
"60QZ000204",127,35,92
"60QZ000205",216,66,150
"60QZ000206",163,44,119
"60QZ000207",130,31,99
"60QZ000208",207,77,130
"60QZ000209",59,16,43
"60QZ000210",166,35,131
"60QZ000211",197,37,160
"60QZ000212",159,36,123
"60QZ000213",115,29,86
"60QZ000214",134,38,96
"60QZ000215",164,49,115
"60QZ000216",129,35,94
"60QZ000217",187,51,136
"60QZ000218",135,34,101
"60QZ000219",171,37,134
"60QZ000220",144,29,115
"60QZ000221",103,21,82
"60QZ000222",99,31,68
"60QZ000223",72,31,41
"60QZ000224",107,30,77
"60QZ000225",83,33,50
"60QZ000226",120,24,96
"60QZ000227",73,34,39
"60QZ000228",80,25,55
"60QZ000229",86,26,60
"60QZ000230",154,24,130
"60QZ000231",102,24,78
"60QZ000232",117,25,92
"60QZ000233",121,29,92
"60QZ000234",194,58,136
"60QZ000235",149,44,105
"60QZ000236",189,53,136
"60QZ000237",194,77,117
"60QZ000238",111,23,88
"60QZ000239",74,37,37
"60QZ000240",254,117,137
"60QZ000241",121,40,81
"60QZ000242",104,29,75
"60QZ000243",107,29,78
"60QZ000244",125,28,97
"60QZ000245",96,28,68
"60QZ000246",75,34,41
"60QZ000247",107,29,78
"60QZ000248",141,40,101
"60QZ000249",98,28,70
"60QZ000250",98,19,79
"60QZ000251",158,45,113
"60QZ000252",169,61,108
"60QZ000253",172,33,139
"60QZ000254",88,11,77
"60QZ000255",120,10,110
"60QZ000256",211,40,171
"60QZ000257",140,30,110
"60QZ000258",162,32,130
"60QZ000259",155,57,98
"60QZ000260",112,25,87
"60QZ000261",133,26,107
"60QZ000262",154,26,128
"60QZ000263",119,38,81
"60QZ000264",90,26,64
"60QZ000265",172,42,130
"60QZ000266",160,33,127
"60QZ000267",125,33,92
"60QZ000268",137,37,100
"60QZ000269",112,23,89
"60QZ000270",195,58,137
"60QZ000271",169,41,128
"60QZ000272",184,48,136
"60QZ000273",101,37,64
"60QZ000274",173,38,135
"60QZ000275",140,30,110
"60QZ000276",174,36,138
"60QZ000277",163,35,128
"60QZ000278",168,7,161
"60QZ000279",170,40,130
"60QZ000280",159,48,111
"60QZ000281",146,31,115
"60QZ000282",147,29,118
"60QZ000283",228,22,206
"60QZ000284",210,22,188
"60QZ000285",161,21,140
"60QZ000286",132,19,113
"60QZ000287",95,17,78
"60QZ000288",146,35,111
"60QZ000289",100,26,74
"60QZ000290",147,39,108
"60QZ000291",96,27,69
"60QZ000292",179,46,133
"60QZ000293",156,45,111
"60QZ000294",125,35,90
"60QZ000295",134,32,102
"60QZ000296",126,41,85
"60QZ000297",110,35,75
"60QZ000298",137,32,105
"60QZ000299",125,32,93
"60QZ000300",155,40,115
"60QZ000301",119,32,87
"60QZ000302",123,24,99
"60QZ000303",122,20,102
"60QZ000304",107,34,73
"60QZ000305",87,30,57
"60QZ000306",98,32,66
"60QZ000307",83,42,41
"60QZ000308",131,32,99
"60QZ000309",89,42,47
"60QZ000310",93,28,65
"60QZ000311",137,26,111
"60QZ000312",174,24,150
"60QZ000313",111,5,106
"60QZ000314",123,21,102
"60QZ000315",174,20,154
"60QZ000316",119,14,105
"60QZ000317",188,18,170
"60QZ000318",146,27,119
"60QZ000319",111,24,87
"60QZ000320",113,24,89
"60QZ000321",117,39,78
"60QZ000322",110,38,72
"60QZ000323",92,26,66
"60QZ000324",160,37,123
"60QZ000325",182,34,148
"60QZ000326",75,66,9
"60QZ000327",124,28,96
"60QZ000328",172,33,139
"60QZ000329",113,24,89
"60QZ000330",141,27,114
"60QZ000331",110,16,94
"60QZ000332",119,25,94
"60QZ000333",96,21,75
"60QZ000334",165,39,126
"60QZ000335",103,29,74
"60QZ000336",134,23,111
"60QZ000337",109,45,64
"60QZ000338",98,20,78
"60QZ000339",112,30,82
"60QZ000340",152,16,136
"60QZ000341",195,18,177
"60QZ000342",120,9,111
"60QZ000343",169,37,132
"60QZ000344",149,41,108
"60QZ000345",138,32,106
"60QZ000346",158,37,121
"60QZ000347",92,40,52
"60QZ000348",121,28,93
"60QZ000349",62,18,44
"60QZ000350",65,15,50
"60QZ000351",79,28,51
"60QZ000352",117,55,62
"60QZ000353",124,19,105
"60QZ000354",192,53,139
"60QZ000355",93,24,69
"60QZ000356",174,45,129
"60QZ000357",98,33,65
"60QZ000358",91,27,64
"60QZ000359",74,25,49
"60QZ000360",131,27,104
"60QZ000361",78,16,62
"60QZ000362",98,31,67
"60QZ000363",107,37,70
"60QZ000364",214,46,168
"60QZ000365",139,37,102
"60QZ000366",105,35,70
"60QZ000367",158,26,132
"60QZ000368",167,36,131
"60QZ000369",146,46,100
"60QZ000370",138,33,105
"60QZ000371",147,41,106
"60QZ000372",110,34,76
"60QZ000373",112,23,89
"60QZ000374",149,36,113
"60QZ000375",123,35,88
"60QZ000376",145,34,111
"60QZ000377",114,26,88
"60QZ000378",115,33,82
"60QZ000379",92,20,72
"60QZ000380",122,30,92
"60QZ000381",121,41,80
"60QZ000382",122,33,89
"60QZ000383",102,34,68
"60QZ000384",174,53,121
"60QZ000385",130,24,106
"60QZ000386",74,16,58
"60QZ000387",122,24,98
"60QZ000388",80,24,56
"60QZ000389",79,23,56
"60QZ000390",120,27,93
"60QZ000391",163,31,132
"60QZ000392",103,36,67
"60QZ000393",163,51,112
"60QZ000394",113,34,79
"60QZ000395",95,26,69
"60QZ000396",99,24,75
"60QZ000397",109,35,74
"60QZ000398",210,58,152
"60QZ000399",223,30,193
"60QZ000400",252,39,213
"60QZ000401",227,41,186
"60QZ000402",127,22,105
"60QZ000403",210,42,168
"60QZ000404",170,54,116
"60QZ000405",70,26,44
"60QZ000406",127,23,104
"60QZ000407",114,25,89
"60QZ000408",162,54,108
"60QZ000409",117,28,89
"60QZ000410",115,23,92
"60QZ000411",161,36,125
"60QZ000412",148,42,106
"60QZ000413",92,34,58
"60QZ000414",59,16,43
"60QZ000415",76,32,44
"60QZ000416",92,10,82
"60QZ000417",111,42,69
"60QZ000418",61,6,55
"60QZ000419",88,28,60
"60QZ000420",165,38,127
"60QZ000421",103,33,70
"60QZ000422",86,36,50
"60QZ000423",230,41,189
"60QZ000424",160,50,110
"60QZ000425",135,31,104
"60QZ000426",82,33,49
"60QZ000427",146,41,105
"60QZ000428",107,42,65
"60QZ000429",150,23,127
"60QZ000430",56,37,19
"60QZ000431",78,10,68
"60QZ000432",98,14,84
"60QZ000433",183,20,163
"60QZ000434",157,39,118
"60QZ000435",210,20,190
"60QZ000436",143,48,95
"60QZ000437",173,35,138
"60QZ000438",75,11,64
"60QZ000439",79,22,57
"60QZ000440",152,42,110
"60QZ000441",173,33,140
"60QZ000442",156,32,124
"60QZ000443",158,21,137
"60QZ000444",59,24,35
"60QZ000445",106,25,81
"60QZ000446",73,25,48
"60QZ000447",181,37,144
"60QZ000448",156,30,126
"60QZ000449",163,33,130
"60QZ000450",135,37,98
"60QZ000451",166,42,124
"60QZ000452",166,37,129
"60QZ000453",138,45,93
"60QZ000454",100,25,75
"60QZ000455",94,43,51
"60QZ000456",153,33,120
"60QZ000457",113,34,79
"60QZ000458",81,24,57
"60QZ000459",136,51,85
"60QZ000460",85,29,56
"60QZ000461",106,30,76
"60QZ000462",178,53,125
"60QZ000463",158,45,113
"60QZ000464",183,54,129
"60QZ000465",110,33,77
"60QZ000466",124,25,99
"60QZ000467",85,23,62
"60QZ000468",183,46,137
"60QZ000469",103,34,69
"60QZ000470",184,17,167
"60QZ000471",175,34,141
"60QZ000472",176,46,130
"60QZ000473",94,23,71
"60QZ000474",130,38,92
"60QZ000475",95,25,70
"60QZ000476",142,40,102
"60QZ000477",101,35,66
"60QZ000478",107,33,74
"60QZ000479",170,43,127
"60QZ000480",81,30,51
"60QZ000481",186,59,127
"60QZ000482",129,47,82
"60QZ000483",123,39,84
"60QZ000484",136,32,104
"60QZ000485",86,33,53
"60QZ000486",160,25,135
"60QZ000487",95,22,73
"60QZ000488",146,14,132
"60QZ000489",104,30,74
"60QZ000490",177,57,120
"60QZ000491",116,35,81
"60QZ000492",123,32,91
"60QZ000493",145,37,108
"60QZ000494",110,41,69
"60QZ000495",161,55,106
"60QZ000496",117,26,91
"60QZ000497",89,20,69
"60QZ000498",99,49,50
"60QZ000499",136,23,113
"60QZ000500",108,37,71
"60QZ000501",149,37,112
"60QZ000502",98,15,83
"60QZ000503",97,26,71
"60QZ000504",122,35,87
"60QZ000505",97,45,52
"60QZ000506",128,30,98
"60QZ000507",107,34,73
"60QZ000508",149,50,99
"60QZ000509",104,36,68
"60QZ000510",111,33,78
"60QZ000511",139,44,95
"60QZ000512",189,17,172
"60QZ000513",157,25,132
"60QZ000514",119,8,111
"60QZ000515",200,63,137
"60QZ000516",131,27,104
"60QZ000517",93,23,70
"60QZ000518",154,52,102
"60QZ000519",94,36,58
"60QZ000520",137,42,95
"60QZ000521",98,35,63
"60QZ000522",97,29,68
"60QZ000523",138,41,97
"60QZ000524",74,22,52
"60QZ000525",129,37,92
"60QZ000526",127,28,99
"60QZ000527",173,38,135
"60QZ000528",96,37,59
"60QZ000529",113,45,68
"60QZ000530",117,33,84
"60QZ000531",135,26,109
"60QZ000532",153,35,118
"60QZ000533",131,9,122
"60QZ000534",114,27,87
"60QZ000535",103,22,81
"60QZ000536",116,15,101
"60QZ000537",175,30,145
"60QZ000538",156,47,109
"60QZ000539",178,45,133
"60QZ000540",162,49,113
"60QZ000541",115,21,94
"60QZ000542",113,28,85
"60QZ000543",206,41,165
"60QZ000544",172,45,127
"60QZ000545",74,26,48
"60QZ000546",129,37,92
"60QZ000547",122,37,85
"60QZ000548",167,52,115
"60QZ000549",159,36,123
"60QZ000550",167,20,147
"60QZ000551",140,32,108
"60QZ000552",124,24,100
"60QZ000553",137,18,119
"60QZ000554",142,9,133
"60QZ000555",111,20,91
"60QZ000556",166,20,146
"60QZ000557",172,16,156
"60QZ000558",135,28,107
"60QZ000559",117,16,101
"60QZ000560",160,34,126
"60QZ000561",198,87,111
"60QZ000562",181,51,130
"60QZ000563",117,16,101
"60QZ000564",137,18,119
"60QZ000565",114,20,94
"60QZ000566",73,8,65
"60QZ000567",90,28,62
"60QZ000568",61,17,44
"60QZ000569",65,20,45
"60QZ000570",117,30,87
"60QZ000571",101,30,71
"60QZ000572",111,31,80
"60QZ000573",167,54,113
"60QZ000574",190,77,113
"60QZ000575",80,31,49
"60QZ000576",106,35,71
"60QZ000577",92,15,77
"60QZ000578",115,43,72
"60QZ000579",79,37,42
"60QZ000580",91,33,58
"60QZ000581",88,67,21
"60QZ000582",139,14,125
"60QZ000583",109,25,84
"60QZ000584",92,30,62
"60QZ000585",179,15,164
"60QZ000586",154,29,125
"60QZ000587",142,35,107
"60QZ000588",141,6,135
"60QZ000589",168,46,122
"60QZ000590",163,46,117
"60QZ000591",136,33,103
"60QZ000592",147,36,111
"60QZ000593",139,45,94
"60QZ000594",145,46,99
"60QZ000595",57,9,48
"60QZ000596",151,71,80
"60QZ000597",222,61,161
"60QZ000598",138,32,106
"60QZ000599",130,33,97
"60QZ000600",198,53,145
"60QZ000601",181,46,135
"60QZ000602",185,53,132
"60QZ000603",141,45,96
"60QZ000604",100,34,66
"60QZ000605",127,37,90
"60QZ000606",121,30,91
"60QZ000607",116,30,86
"60QZ000608",96,29,67
"60QZ000609",119,32,87
"60QZ000610",179,56,123
"60QZ000611",164,47,117
"60QZ000612",113,34,79
"60QZ000613",164,33,131
"60QZ000614",133,30,103
"60QZ000615",189,53,136
"60QZ000616",190,56,134
"60QZ000617",184,37,147
"60QZ000618",145,49,96
"60QZ000619",188,62,126
"60QZ000620",134,34,100
"60QZ000621",79,17,62
"60QZ000622",165,50,115
"60QZ000623",109,24,85
"60QZ000624",124,22,102
"60QZ000625",94,30,64
"60QZ000626",165,37,128
"60QZ000627",87,30,57
"60QZ000628",124,45,79
"60QZ000629",110,33,77
"60QZ000630",65,30,35
"60QZ000631",120,22,98
"60QZ000632",231,65,166
"60QZ000633",106,40,66
"60QZ000634",177,38,139
"60QZ000635",102,19,83
"60QZ000636",115,34,81
"60QZ000637",182,30,152
"60QZ000638",132,27,105
"60QZ000639",117,25,92
"60QZ000640",87,13,74
"60QZ000641",153,42,111
"60QZ000642",109,24,85
"60QZ000643",157,28,129
"60QZ000644",134,23,111
"60QZ000645",93,26,67
"60QZ000646",106,40,66
"60QZ000647",88,33,55
"60QZ000648",110,26,84
"60QZ000649",136,36,100
"60QZ000650",114,39,75
"60QZ000651",95,30,65
"60QZ000652",120,46,74
"60QZ000653",76,29,47
"60QZ000654",98,34,64
"60QZ000655",114,28,86
"60QZ000656",75,10,65
"60QZ000657",70,4,66
"60QZ000658",191,49,142
"60QZ000659",183,41,142
"60QZ000660",88,10,78
"60QZ000661",119,25,94
"60QZ000662",158,37,121
"60QZ000663",54,16,38
"60QZ000664",124,44,80
"60QZ000665",202,40,162
"60QZ000666",102,7,95
"60QZ000667",186,53,133
"60QZ000668",110,39,71
"60QZ000669",191,47,144
"60QZ000670",100,24,76
"60QZ000671",103,28,75
"60QZ000672",110,43,67
"60QZ000673",125,18,107
"60QZ000674",121,19,102
"60QZ000675",121,16,105
"60QZ000676",165,12,153
"60QZ000677",162,26,136
"60QZ000678",135,21,114
"60QZ000679",218,37,181
"60QZ000680",80,19,61
"60QZ000681",157,36,121
"60QZ000682",150,65,85
"60QZ000683",164,55,109
"60QZ000684",202,60,142
"60QZ000685",138,39,99
"60QZ000686",129,53,76
"60QZ000687",144,36,108
"60QZ000688",104,30,74
"60QZ000689",65,22,43
"60QZ000690",96,32,64
"60QZ000691",171,36,135
"60QZ000692",183,36,147
"60QZ000693",160,61,99
"60QZ000694",161,42,119
"60QZ000695",102,31,71
"60QZ000696",111,25,86
"60QZ000697",88,23,65
"60QZ000698",166,46,120
"60QZ000699",146,44,102
"60QZ000700",111,23,88
"60QZ000701",62,37,25
"60QZ000702",77,32,45
"60QZ000703",63,29,34
"60QZ000704",87,32,55
"60QZ000705",58,39,19
"60QZ000706",105,11,94
"60QZ000707",104,25,79
"60QZ000708",159,46,113
"60QZ000709",122,30,92
"60QZ000710",120,35,85
"60QZ000711",79,37,42
"60QZ000712",105,44,61
"60QZ000713",118,41,77
"60QZ000714",148,48,100
"60QZ000715",159,48,111
"60QZ000716",79,23,56
"60QZ000717",113,37,76
"60QZ000718",122,33,89
"60QZ000719",61,28,33
"60QZ000720",54,11,43
"60QZ000721",52,39,13
"60QZ000722",133,31,102
"60QZ000723",68,32,36
"60QZ000724",150,16,134
"60QZ000725",143,35,108
"60QZ000726",177,32,145
"60QZ000727",205,46,159
"60QZ000728",106,25,81
"60QZ000729",173,55,118
"60QZ000730",118,44,74
"60QZ000731",111,31,80
"60QZ000732",161,45,116
"60QZ000733",158,50,108
"60QZ000734",158,40,118
"60QZ000735",120,26,94
"60QZ000736",164,48,116
"60QZ000737",116,37,79
"60QZ000738",158,46,112
"60QZ000739",145,45,100
"60QZ000740",172,39,133
"60QZ000741",104,19,85
"60QZ000742",115,27,88
"60QZ000743",103,43,60
"60QZ000744",215,68,147
"60QZ000745",131,31,100
"60QZ000746",97,10,87
"60QZ000747",119,28,91
"60QZ000748",107,37,70
"60QZ000749",142,41,101
"60QZ000750",191,44,147
"60QZ000751",154,45,109
"60QZ000752",129,29,100
"60QZ000753",123,30,93
"60QZ000754",118,31,87
"60QZ000755",123,35,88
"60QZ000756",92,38,54
"60QZ000757",113,37,76
"60QZ000758",118,30,88
"60QZ000759",182,33,149
"60QZ000760",146,34,112
"60QZ000761",77,39,38
"60QZ000762",167,41,126
"60QZ000763",129,41,88
"60QZ000764",126,21,105
"60QZ000765",68,18,50
"60QZ000766",100,23,77
"60QZ000767",176,50,126
"60QZ000768",144,44,100
"60QZ000769",96,18,78
"60QZ000770",124,33,91
"60QZ000771",114,46,68
"60QZ000772",167,36,131
"60QZ000773",143,29,114
"60QZ000774",189,62,127
"60QZ000775",132,43,89
"60QZ000776",205,66,139
"60QZ000777",114,28,86
"60QZ000778",215,68,147
"60QZ000779",124,30,94
"60QZ000780",151,29,122
"60QZ000781",55,20,35
"60QZ000782",60,25,35
"60QZ000783",138,44,94
"60QZ000784",59,22,37
"60QZ000785",60,28,32
"60QZ000786",145,6,139
"60QZ000787",140,29,111
"60QZ000788",128,12,116
"60QZ000789",136,29,107
"60QZ000790",157,41,116
"60QZ000791",96,32,64
"60QZ000792",156,12,144
"60QZ000793",252,24,228
"60QZ000794",129,34,95
"60QZ000795",115,24,91
"60QZ000796",84,21,63
"60QZ000797",94,23,71
"60QZ000798",129,43,86
"60QZ000799",88,36,52
"60QZ000800",113,37,76
"60QZ000801",123,31,92
"60QZ000802",95,18,77
"60QZ000803",118,39,79
"60QZ000804",148,46,102
"60QZ000805",131,22,109
"60QZ000806",154,30,124
"60QZ000807",133,21,112
"60QZ000808",161,26,135
"60QZ000809",103,23,80
"60QZ000810",138,32,106
"60QZ000811",103,25,78
"60QZ000812",168,36,132
"60QZ000813",116,19,97
"60QZ000814",129,27,102
"60QZ000815",115,37,78
"60QZ000816",166,38,128
"60QZ000817",146,24,122
"60QZ000818",108,44,64
"60QZ000819",96,17,79
"60QZ000820",79,24,55
"60QZ000821",93,49,44
"60QZ000822",170,38,132
"60QZ000823",139,56,83
"60QZ000824",165,49,116
"60QZ000825",107,50,57
"60QZ000826",146,71,75
"60QZ000827",102,29,73
"60QZ000828",122,23,99
"60QZ000829",77,18,59
"60QZ000830",112,29,83
"60QZ000831",98,36,62
"60QZ000832",96,25,71
"60QZ000833",79,27,52
"60QZ000834",97,37,60
"60QZ000835",126,27,99
"60QZ000836",123,32,91
"60QZ000837",124,29,95
"60QZ000838",107,33,74
"60QZ000839",77,16,61
"60QZ000840",114,20,94
"60QZ000841",106,27,79
"60QZ000842",97,30,67
"60QZ000843",120,28,92
"60QZ000844",111,35,76
"60QZ000845",116,20,96
"60QZ000846",120,33,87
"60QZ000847",190,69,121
"60QZ000848",175,43,132
"60QZ000849",109,20,89
"60QZ000850",70,15,55
"60QZ000851",52,14,38
"60QZ000852",119,31,88
"60QZ000853",113,25,88
"60QZ000854",58,24,34
"60QZ000855",148,42,106
"60QZ000856",167,22,145
"60QZ000857",160,61,99
"60QZ000858",126,30,96
"60QZ000859",144,35,109
"60QZ000860",147,28,119
"60QZ000861",119,27,92
"60QZ000862",177,28,149
"60QZ000863",62,26,36
"60QZ000864",65,23,42
"60QZ000865",76,33,43
"60QZ000866",117,28,89
"60QZ000867",141,66,75
"60QZ000868",147,43,104
"60QZ000869",151,37,114
"60QZ000870",147,16,131
"60QZ000871",75,13,62
"60QZ000872",131,31,100
"60QZ000873",68,25,43
"60QZ000874",172,32,140
"60QZ000875",78,32,46
"60QZ000876",79,27,52
"60QZ000877",69,23,46
"60QZ000878",89,27,62
"60QZ000879",80,21,59
"60QZ000880",120,26,94
"60QZ000881",134,24,110
"60QZ000882",78,23,55
"60QZ000883",110,36,74
"60QZ000884",137,44,93
"60QZ000885",122,34,88
"60QZ000886",61,17,44
"60QZ000887",111,33,78
"60QZ000888",157,8,149
"60QZ000889",115,29,86
"60QZ000890",134,32,102
"60QZ000891",129,29,100
"60QZ000892",118,26,92
"60QZ000893",129,15,114
"60QZ000894",118,11,107
"60QZ000895",135,16,119
"60QZ000896",148,31,117
"60QZ000897",106,13,93
"60QZ000898",191,22,169
"60QZ000899",123,9,114
"60QZ000900",120,17,103
"60QZ000901",115,20,95
"60QZ000902",109,17,92
"60QZ000903",107,20,87
"60QZ000904",138,29,109
"60QZ000905",158,45,113
"60QZ000906",99,16,83
"60QZ000907",167,27,140
"60QZ000908",101,13,88
"60QZ000909",158,15,143
"60QZ000910",113,14,99
"60QZ000911",110,19,91
"60QZ000912",118,18,100
"60QZ000913",123,15,108
"60QZ000914",98,25,73
"60QZ000915",125,22,103
"60QZ000916",79,11,68
"60QZ000917",51,11,40
"60QZ000918",108,29,79
"60QZ000919",89,20,69
"60QZ000920",187,51,136
"60QZ000921",107,45,62
"60QZ000922",88,10,78
"60QZ000923",138,38,100
"60QZ000924",99,35,64
"60QZ000925",124,32,92
"60QZ000926",187,35,152
"60QZ000927",126,35,91
"60QZ000928",188,45,143
"60QZ000929",188,59,129
"60QZ000930",127,37,90
"60QZ000931",125,38,87
"60QZ000932",135,32,103
"60QZ000933",195,47,148
"60QZ000934",150,25,125
"60QZ000935",131,29,102
"60QZ000936",111,32,79
"60QZ000937",107,21,86
"60QZ000938",155,50,105
"60QZ000939",148,43,105
"60QZ000940",114,41,73
"60QZ000941",130,64,66
"60QZ000942",106,22,84
"60QZ000943",178,51,127
"60QZ000944",153,27,126
"60QZ000945",109,33,76
"60QZ000946",139,26,113
"60QZ000947",97,35,62
"60QZ000948",98,26,72
"60QZ000949",136,22,114
"60QZ000950",199,52,147
"60QZ000951",158,39,119
"60QZ000952",115,40,75
"60QZ000953",119,36,83
"60QZ000954",102,36,66
"60QZ000955",88,16,72
"60QZ000956",126,30,96
"60QZ000957",91,42,49
"60QZ000958",174,35,139
"60QZ000959",75,23,52
"60QZ000960",86,33,53
"60QZ000961",163,41,122
"60QZ000962",95,25,70
"60QZ000963",130,14,116
"60QZ000964",81,18,63
"60QZ000965",120,28,92
"60QZ000966",117,38,79
"60QZ000967",105,27,78
"60QZ000968",79,38,41
"60QZ000969",75,30,45
"60QZ000970",59,31,28
"60QZ000971",160,18,142
"60QZ000972",131,24,107
"60QZ000973",75,26,49
"60QZ000974",162,38,124
"60QZ000975",138,15,123
"60QZ000976",203,13,190
"60QZ000977",138,10,128
"60QZ000978",102,32,70
"60QZ000979",106,26,80
"60QZ000980",147,23,124
"60QZ000981",135,29,106
"60QZ000982",120,40,80
"60QZ000983",260,50,210
"60QZ000984",181,43,138
"60QZ000985",182,50,132
"60QZ000986",155,37,118
"60QZ000987",208,35,173
"60QZ000988",179,27,152
"60QZ000989",91,31,60
"60QZ000990",168,58,110
"60QZ000991",123,38,85
"60QZ000992",98,37,61
"60QZ000993",195,50,145
"60QZ000994",99,16,83
"60QZ000995",115,31,84
"60QZ000996",101,28,73
"60QZ000997",118,42,76
"60QZ000998",127,32,95
"60QZ000999",157,31,126
"60QZ001000",142,43,99
"60QZ001001",81,12,69
"60QZ001002",164,31,133
"60QZ001003",149,29,120
"60QZ001004",157,29,128
"60QZ001005",172,19,153
"60QZ001006",186,42,144
"60QZ001007",142,5,137
"60QZ001008",186,9,177
"60QZ001009",84,9,75
"60QZ001010",88,20,68
"60QZ001011",118,31,87
"60QZ001012",88,22,66
"60QZ001013",124,37,87
"60QZ001014",126,27,99
"60QZ001015",158,39,119
"60QZ001016",131,23,108
"60QZ001017",146,38,108
"60QZ001018",111,21,90
"60QZ001019",206,55,151
"60QZ001020",166,37,129
"60QZ001021",122,31,91
"60QZ001022",146,35,111
"60QZ001023",139,27,112
"60QZ001024",156,43,113
"60QZ001025",91,31,60
"60QZ001026",102,24,78
"60QZ001027",116,37,79
"60QZ001028",125,31,94
"60QZ001029",63,29,34
"60QZ001030",178,41,137
"60QZ001031",192,27,165
"60QZ001032",181,48,133
"60QZ001033",168,42,126
"60QZ001034",103,30,73
"60QZ001035",116,21,95
"60QZ001036",98,12,86
"60QZ001037",140,35,105
"60QZ001038",194,48,146
"60QZ001039",146,39,107
"60QZ001040",173,47,126
"60QZ001041",174,14,160
"60QZ001042",130,13,117
"60QZ001043",191,41,150
"60QZ001044",109,35,74
"60QZ001045",117,38,79
"60QZ001046",84,27,57
"60QZ001047",137,61,76
"60QZ001048",132,48,84
"60QZ001049",147,26,121
"60QZ001050",92,24,68
"60QZ001051",106,35,71
"60QZ001052",111,25,86
"60QZ001053",122,43,79
"60QZ001054",118,34,84
"60QZ001055",125,40,85
"60QZ001056",91,21,70
"60QZ001057",96,15,81
"60QZ001058",50,16,34
"60QZ001059",68,22,46
"60QZ001060",95,39,56
"60QZ001061",206,34,172
"60QZ001062",87,23,64
"60QZ001063",90,40,50
"60QZ001064",136,43,93
"60QZ001065",148,37,111
"60QZ001066",134,35,99
"60QZ001067",138,34,104
"60QZ001068",139,41,98
"60QZ001069",131,40,91
"60QZ001070",175,51,124
"60QZ001071",85,16,69
"60QZ001072",122,35,87
"60QZ001073",160,35,125
"60QZ001074",109,31,78
"60QZ001075",97,26,71
"60QZ001076",120,29,91
"60QZ001077",98,32,66
"60QZ001078",102,38,64
"60QZ001079",182,51,131
"60QZ001080",110,47,63
"60QZ001081",107,34,73
"60QZ001082",100,27,73
"60QZ001083",171,49,122
"60QZ001084",141,33,108
"60QZ001085",77,21,56
"60QZ001086",111,40,71
"60QZ001087",91,18,73
"60QZ001088",113,29,84
"60QZ001089",154,52,102
"60QZ001090",131,36,95
"60QZ001091",129,35,94
"60QZ001092",129,36,93
"60QZ001093",135,35,100
"60QZ001094",139,29,110
"60QZ001095",117,43,74
"60QZ001096",113,36,77
"60QZ001097",97,38,59
"60QZ001098",134,45,89
"60QZ001099",120,26,94
"60QZ001100",116,39,77
"60QZ001101",110,29,81
"60QZ001102",108,37,71
"60QZ001103",126,36,90
"60QZ001104",135,32,103
"60QZ001105",125,24,101
"60QZ001106",112,24,88
"60QZ001107",118,34,84
"60QZ001108",133,28,105
"60QZ001109",118,29,89
"60QZ001110",112,26,86
"60QZ001111",79,25,54
"60QZ001112",118,25,93
"60QZ001113",122,30,92
"60QZ001114",124,21,103
"60QZ001115",203,53,150
"60QZ001116",163,56,107
"60QZ001117",127,22,105
"60QZ001118",129,34,95
"60QZ001119",135,28,107
"60QZ001120",91,29,62
"60QZ001121",159,43,116
"60QZ001122",208,25,183
"60QZ001123",190,19,171
"60QZ001124",125,14,111
"60QZ001125",128,33,95
"60QZ001126",192,21,171
"60QZ001127",147,28,119
"60QZ001128",135,12,123
"60QZ001129",113,23,90
"60QZ001130",158,18,140
"60QZ001131",133,11,122
"60QZ001132",100,15,85
"60QZ001133",114,39,75
"60QZ001134",102,17,85
"60QZ001135",127,37,90
"60QZ001136",123,38,85
"60QZ001137",157,45,112
"60QZ001138",96,24,72
"60QZ001139",134,39,95
"60QZ001140",102,33,69
"60QZ001141",117,15,102
"60QZ001142",231,22,209
"60QZ001143",62,20,42
"60QZ001144",97,10,87
"60QZ001145",166,20,146
"60QZ001146",148,15,133
"60QZ001147",180,11,169
"60QZ001148",137,15,122
"60QZ001149",124,15,109
"60QZ001150",119,16,103
"60QZ001151",137,56,81
"60QZ001152",134,39,95
"60QZ001153",107,25,82
"60QZ001154",142,33,109
"60QZ001155",172,51,121
"60QZ001156",77,30,47
"60QZ001157",75,33,42
"60QZ001158",125,31,94
"60QZ001159",70,24,46
"60QZ001160",78,27,51
"60QZ001161",117,42,75
"60QZ001162",94,32,62
"60QZ001163",129,12,117
"60QZ001164",156,9,147
"60QZ001165",173,15,158
"60QZ001166",67,5,62
"60QZ001167",103,32,71
"60QZ001168",123,66,57
"60QZ001169",56,9,47
"60QZ001170",127,49,78
"60QZ001171",81,28,53
"60QZ001172",104,31,73
"60QZ001173",73,39,34
"60QZ001174",69,25,44
"60QZ001175",74,28,46
"60QZ001176",146,39,107
"60QZ001177",72,39,33
"60QZ001178",111,22,89
"60QZ001179",81,30,51
"60QZ001180",128,34,94
"60QZ001181",170,43,127
"60QZ001182",148,39,109
"60QZ001183",109,38,71
"60QZ001184",119,41,78
"60QZ001185",99,25,74
"60QZ001186",122,31,91
"60QZ001187",146,27,119
"60QZ001188",88,17,71
"60QZ001189",218,46,172
"60QZ001190",174,33,141
"60QZ001191",64,31,33
"60QZ001192",124,32,92
"60QZ001193",90,40,50
"60QZ001194",84,17,67
"60QZ001195",120,37,83
"60QZ001196",154,48,106
"60QZ001197",126,29,97
"60QZ001198",160,44,116
"60QZ001199",103,27,76
"60QZ001200",113,14,99
"60QZ001201",107,37,70
"60QZ001202",140,35,105
"60QZ001203",92,29,63
"60QZ001204",107,33,74
"60QZ001205",118,36,82
"60QZ001206",92,28,64
"60QZ001207",156,45,111
"60QZ001208",114,42,72
"60QZ001209",142,22,120
"60QZ001210",140,25,115
"60QZ001211",111,16,95
"60QZ001212",116,11,105
"60QZ001213",106,27,79
"60QZ001214",100,31,69
"60QZ001215",162,45,117
"60QZ001216",94,26,68
"60QZ001217",105,25,80
"60QZ001218",93,36,57
"60QZ001219",102,36,66
"60QZ001220",154,51,103
"60QZ001221",105,26,79
"60QZ001222",90,20,70
"60QZ001223",113,30,83
"60QZ001224",109,26,83
"60QZ001225",140,39,101
"60QZ001226",105,30,75
"60QZ001227",96,23,73
"60QZ001228",106,30,76
"60QZ001229",148,57,91
"60QZ001230",143,30,113
"60QZ001231",165,42,123
"60QZ001232",92,31,61
"60QZ001233",82,34,48
"60QZ001234",124,45,79
"60QZ001235",73,27,46
"60QZ001236",189,48,141
"60QZ001237",92,38,54
"60QZ001238",67,26,41
"60QZ001239",99,25,74
"60QZ001240",94,39,55
"60QZ001241",91,26,65
"60QZ001242",58,18,40
"60QZ001243",98,23,75
"60QZ001244",126,40,86
"60QZ001245",204,56,148
"60QZ001246",232,59,173
"60QZ001247",85,15,70
"60QZ001248",104,25,79
"60QZ001249",112,36,76
"60QZ001250",151,41,110
"60QZ001251",148,62,86
"60QZ001252",128,32,96
"60QZ001253",131,38,93
"60QZ001254",166,47,119
"60QZ001255",148,27,121
"60QZ001256",160,51,109
"60QZ001257",111,19,92
"60QZ001258",117,18,99
"60QZ001259",131,21,110
"60QZ001260",130,27,103
"60QZ001261",125,42,83
"60QZ001262",66,26,40
"60QZ001263",97,32,65
"60QZ001264",139,34,105
"60QZ001265",114,48,66
"60QZ001266",164,50,114
"60QZ001267",182,33,149
"60QZ001268",142,42,100
"60QZ001269",113,25,88
"60QZ001270",90,29,61
"60QZ001271",149,12,137
"60QZ001272",110,22,88
"60QZ001273",177,22,155
"60QZ001274",194,19,175
"60QZ001275",88,25,63
"60QZ001276",159,13,146
"60QZ001277",117,29,88
"60QZ001278",86,17,69
"60QZ001279",98,36,62
"60QZ001280",205,32,173
"60QZ001281",153,42,111
"60QZ001282",133,35,98
"60QZ001283",119,46,73
"60QZ001284",113,30,83
"60QZ001285",200,33,167
"60QZ001286",154,55,99
"60QZ001287",138,27,111
"60QZ001288",133,31,102
"60QZ001289",169,25,144
"60QZ001290",132,26,106
"60QZ001291",61,11,50
"60QZ001292",106,33,73
"60QZ001293",102,28,74
"60QZ001294",187,34,153
"60QZ001295",145,30,115
"60QZ001296",129,17,112
"60QZ001297",132,23,109
"60QZ001298",111,21,90
"60QZ001299",170,29,141
"60QZ001300",116,40,76
"60QZ001301",116,34,82
"60QZ001302",80,30,50
"60QZ001303",131,15,116
"60QZ001304",112,43,69
"60QZ001305",106,41,65
"60QZ001306",123,36,87
"60QZ001307",100,25,75
"60QZ001308",115,33,82
"60QZ001309",76,24,52
"60QZ001310",143,51,92
"60QZ001311",192,86,106
"60QZ001312",160,27,133
"60QZ001313",144,37,107
"60QZ001314",113,48,65
"60QZ001315",107,33,74
"60QZ001316",136,50,86
"60QZ001317",180,44,136
"60QZ001318",110,27,83
"60QZ001319",84,31,53
"60QZ001320",61,12,49
"60QZ001321",150,55,95
"60QZ001322",100,39,61
"60QZ001323",106,32,74
"60QZ001324",133,49,84
"60QZ001325",106,29,77
"60QZ001326",184,37,147
"60QZ001327",164,31,133
"60QZ001328",121,39,82
"60QZ001329",163,34,129
"60QZ001330",146,40,106
"60QZ001331",174,48,126
"60QZ001332",177,45,132
"60QZ001333",167,39,128
"60QZ001334",112,33,79
"60QZ001335",113,31,82
"60QZ001336",101,30,71
"60QZ001337",58,26,32
"60QZ001338",221,188,33
"60QZ001339",142,43,99
"60QZ001340",168,47,121
"60QZ001341",129,25,104
"60QZ001342",170,44,126
"60QZ001343",129,29,100
"60QZ001344",127,29,98
"60QZ001345",315,127,188
"60QZ001346",92,18,74
"60QZ001347",117,14,103
"60QZ001348",144,36,108
"60QZ001349",145,37,108
"60QZ001350",118,24,94
"60QZ001351",92,31,61
"60QZ001352",120,33,87
"60QZ001353",125,29,96
"60QZ001354",141,23,118
"60QZ001355",136,30,106
"60QZ001356",107,24,83
"60QZ001357",92,42,50
"60QZ001358",101,21,80
"60QZ001359",152,52,100
"60QZ001360",57,16,41
"60QZ001361",144,51,93
"60QZ001362",90,47,43
"60QZ001363",124,30,94
"60QZ001364",153,51,102
"60QZ001365",137,45,92
"60QZ001366",189,48,141
"60QZ001367",176,34,142
"60QZ001368",196,40,156
"60QZ001369",167,45,122
"60QZ001370",128,24,104
"60QZ001371",159,40,119
"60QZ001372",136,30,106
"60QZ001373",197,50,147
"60QZ001374",159,33,126
"60QZ001375",118,43,75
"60QZ001376",95,41,54
"60QZ001377",121,31,90
"60QZ001378",147,49,98
"60QZ001379",129,37,92
"60QZ001380",88,24,64
"60QZ001381",197,34,163
"60QZ001382",99,33,66
"60QZ001383",112,24,88
"60QZ001384",119,22,97
"60QZ001385",126,44,82
"60QZ001386",114,22,92
"60QZ001387",64,11,53
"60QZ001388",166,22,144
"60QZ001389",120,43,77
"60QZ001390",191,70,121
"60QZ001391",53,19,34
"60QZ001392",70,31,39
"60QZ001393",81,18,63
"60QZ001394",165,48,117
"60QZ001395",97,30,67
"60QZ001396",135,20,115
"60QZ001397",145,43,102
"60QZ001398",160,44,116
"60QZ001399",91,28,63
"60QZ001400",128,40,88
"60QZ001401",69,33,36
"60QZ001402",86,29,57
"60QZ001403",107,32,75
"60QZ001404",118,39,79
"60QZ001405",128,29,99
"60QZ001406",98,20,78
"60QZ001407",197,43,154
"60QZ001408",157,28,129
"60QZ001409",86,10,76
"60QZ001410",113,28,85
"60QZ001411",153,50,103
"60QZ001412",138,52,86
"60QZ001413",180,41,139
"60QZ001414",222,53,169
"60QZ001415",167,48,119
"60QZ001416",102,26,76
"60QZ001417",129,55,74
"60QZ001418",85,34,51
"60QZ001419",85,12,73
"60QZ001420",74,20,54
"60QZ001421",199,20,179
"60QZ001422",114,39,75
"60QZ001423",107,36,71
"60QZ001424",129,36,93
"60QZ001425",161,44,117
"60QZ001426",117,30,87
"60QZ001427",80,18,62
"60QZ001428",135,37,98
"60QZ001429",111,41,70
"60QZ001430",97,30,67
"60QZ001431",137,37,100
"60QZ001432",87,30,57
"60QZ001433",158,41,117
"60QZ001434",102,34,68
"60QZ001435",123,32,91
"60QZ001436",152,47,105
"60QZ001437",193,40,153
"60QZ001438",129,51,78
"60QZ001439",184,48,136
"60QZ001440",179,48,131
"60QZ001441",80,23,57
"60QZ001442",120,35,85
"60QZ001443",119,48,71
"60QZ001444",136,40,96
"60QZ001445",176,39,137
"60QZ001446",140,41,99
"60QZ001447",154,53,101
"60QZ001448",164,45,119
"60QZ001449",177,38,139
"60QZ001450",177,68,109
"60QZ001451",163,49,114
"60QZ001452",106,30,76
"60QZ001453",207,40,167
"60QZ001454",108,33,75
"60QZ001455",159,46,113
"60QZ001456",120,29,91
"60QZ001457",194,39,155
"60QZ001458",166,37,129
"60QZ001459",202,35,167
"60QZ001460",132,21,111
"60QZ001461",123,19,104
"60QZ001462",160,35,125
"60QZ001463",123,19,104
"60QZ001464",188,34,154
"60QZ001465",136,41,95
"60QZ001466",144,43,101
"60QZ001467",166,52,114
"60QZ001468",150,36,114
"60QZ001469",119,19,100
"60QZ001470",205,35,170
"60QZ001471",117,31,86
"60QZ001472",99,32,67
"60QZ001473",178,38,140
"60QZ001474",159,41,118
"60QZ001475",218,51,167
"60QZ001476",195,53,142
"60QZ001477",124,48,76
"60QZ001478",173,48,125
"60QZ001479",122,55,67
"60QZ001480",132,46,86
"60QZ001481",114,13,101
"60QZ001482",111,38,73
"60QZ001483",120,36,84
"60QZ001484",128,34,94
"60QZ001485",179,42,137
"60QZ001486",133,31,102
"60QZ001487",135,30,105
"60QZ001488",164,30,134
"60QZ001489",138,29,109
"60QZ001490",123,19,104
"60QZ001491",120,31,89
"60QZ001492",77,19,58
"60QZ001493",172,33,139
"60QZ001494",103,20,83
"60QZ001495",134,30,104
"60QZ001496",99,23,76
"60QZ001497",111,29,82
"60QZ001498",111,19,92
"60QZ001499",130,35,95
"60QZ001500",110,27,83
"60QZ001501",135,45,90
"60QZ001502",119,32,87
"60QZ001503",116,16,100
"60QZ001504",96,30,66
"60QZ001505",149,44,105
"60QZ001506",58,24,34
"60QZ001507",89,19,70
"60QZ001508",88,29,59
"60QZ001509",140,36,104
"60QZ001510",115,33,82
"60QZ001511",87,25,62
"60QZ001512",150,36,114
"60QZ001513",101,18,83
"60QZ001514",96,26,70
"60QZ001515",121,23,98
"60QZ001516",72,32,40
"60QZ001517",65,26,39
"60QZ001518",92,19,73
"60QZ001519",69,25,44
"60QZ001520",74,22,52
"60QZ001521",109,54,55
"60QZ001522",214,77,137
"60QZ001523",60,24,36
"60QZ001524",113,29,84
"60QZ001525",123,22,101
"60QZ001526",150,31,119
"60QZ001527",102,11,91
"60QZ001528",143,38,105
"60QZ001529",161,16,145
"60QZ001530",186,50,136
"60QZ001531",179,33,146
"60QZ001532",139,32,107
"60QZ001533",138,40,98
"60QZ001534",106,31,75
"60QZ001535",113,25,88
"60QZ001536",112,36,76
"60QZ001537",227,29,198
"60QZ001538",169,28,141
"60QZ001539",57,17,40
"60QZ001540",108,22,86
"60QZ001541",151,17,134
"60QZ001542",113,12,101
"60QZ001543",87,9,78
"60QZ001544",142,33,109
"60QZ001545",91,14,77
"60QZ001546",176,30,146
"60QZ001547",190,30,160
"60QZ001548",182,35,147
"60QZ001549",136,25,111
"60QZ001550",100,26,74
"60QZ001551",102,18,84
"60QZ001552",133,36,97
"60QZ001553",97,29,68
"60QZ001554",96,22,74
"60QZ001555",134,38,96
"60QZ001556",136,37,99
"60QZ001557",109,24,85
"60QZ001558",128,31,97
"60QZ001559",59,11,48
"60QZ001560",135,23,112
"60QZ001561",69,16,53
"60QZ001562",75,10,65
"60QZ001563",156,14,142
"60QZ001564",138,11,127
"60QZ001565",78,23,55
"60QZ001566",134,20,114
"60QZ001567",139,23,116
"60QZ001568",96,13,83
"60QZ001569",98,20,78
"60QZ001570",133,26,107
"60QZ001571",107,19,88
"60QZ001572",89,22,67
"60QZ001573",152,41,111
"60QZ001574",181,33,148
"60QZ001575",123,39,84
"60QZ001576",187,25,162
"60QZ001577",154,34,120
"60QZ001578",158,19,139
"60QZ001579",107,27,80
"60QZ001580",107,21,86
"60QZ001581",109,15,94
"60QZ001582",107,22,85
"60QZ001583",98,14,84
"60QZ001584",129,34,95
"60QZ001585",125,28,97
"60QZ001586",175,36,139
"60QZ001587",99,20,79
"60QZ001588",101,24,77
"60QZ001589",167,73,94
"60QZ001590",150,20,130
"60QZ001591",126,32,94
"60QZ001592",171,35,136
"60QZ001593",199,45,154
"60QZ001594",88,25,63
"60QZ001595",99,22,77
"60QZ001596",86,24,62
"60QZ001597",98,20,78
"60QZ001598",80,18,62
"60QZ001599",132,22,110
"60QZ001600",103,12,91
"60QZ001601",178,34,144
"60QZ001602",96,18,78
"60QZ001603",209,34,175
"60QZ001604",205,43,162
"60QZ001605",146,18,128
"60QZ001606",139,25,114
"60QZ001607",145,30,115
"60QZ001608",113,17,96
"60QZ001609",81,15,66
"60QZ001610",106,19,87
"60QZ001611",174,30,144
"60QZ001612",170,51,119
"60QZ001613",105,20,85
"60QZ001614",75,48,27
"60QZ001615",217,44,173
"60QZ001616",159,45,114
"60QZ001617",236,37,199
"60QZ001618",198,49,149
"60QZ001619",199,26,173
"60QZ001620",112,31,81
"60QZ001621",135,29,106
"60QZ001622",160,34,126
"60QZ001623",140,34,106
"60QZ001624",239,44,195
"60QZ001625",149,37,112
"60QZ001626",171,31,140
"60QZ001627",101,22,79
"60QZ001628",115,30,85
"60QZ001629",133,29,104
"60QZ001630",149,20,129
"60QZ001631",137,8,129
"60QZ001632",190,19,171
"60QZ001633",170,19,151
"60QZ001634",166,15,151
"60QZ001635",195,39,156
"60QZ001636",166,40,126
"60QZ001637",202,25,177
"60QZ001638",193,24,169
"60QZ001639",145,24,121
"60QZ001640",167,40,127
"60QZ001641",166,37,129
"60QZ001642",163,36,127
"60QZ001643",156,30,126
"60QZ001644",177,43,134
"60QZ001645",81,11,70
"60QZ001646",147,33,114
"60QZ001647",63,10,53
"60QZ001648",113,21,92
"60QZ001649",134,23,111
"60QZ001650",123,34,89
"60QZ001651",171,33,138
"60QZ001652",141,30,111
"60QZ001653",136,24,112
"60QZ001654",92,28,64
"60QZ001655",143,8,135
"60QZ001656",242,28,214
"60QZ001657",108,9,99
"60QZ001658",150,15,135
"60QZ001659",156,25,131
"60QZ001660",166,21,145
"60QZ001661",143,21,122
"60QZ001662",100,10,90
"60QZ001663",144,23,121
"60QZ001664",120,18,102
"60QZ001665",157,41,116
"60QZ001666",150,25,125
"60QZ001667",120,25,95
"60QZ001668",127,16,111
"60QZ001669",86,31,55
"60QZ001670",225,88,137
"60QZ001671",187,58,129
"60QZ001672",120,41,79
"60QZ001673",123,37,86
"60QZ001674",96,31,65
"60QZ001675",164,17,147
"60QZ001676",164,59,105
"60QZ001677",141,58,83
"60QZ001678",137,20,117
"60QZ001679",130,26,104
"60QZ001680",58,9,49
"60QZ001681",77,15,62
"60QZ001682",189,35,154
"60QZ001683",143,14,129
"60QZ001684",152,12,140
"60QZ001685",114,18,96
"60QZ001686",203,20,183
"60QZ001687",146,18,128
"60QZ001688",142,16,126
"60QZ001689",152,22,130
"60QZ001690",135,32,103
"60QZ001691",89,7,82
"60QZ001692",92,18,74
"60QZ001693",148,33,115
"60QZ001694",183,19,164
"60QZ001695",127,48,79
"60QZ001696",216,29,187
"60QZ001697",164,30,134
"60QZ001698",167,22,145
"60QZ001699",172,28,144
"60QZ001700",135,26,109
"60QZ001701",137,25,112
"60QZ001702",164,28,136
"60QZ001703",159,29,130
"60QZ001704",149,21,128
"60QZ001705",120,15,105
"60QZ001706",99,14,85
"60QZ001707",92,21,71
"60QZ001708",144,9,135
"60QZ001709",269,88,181
"60QZ001710",132,24,108
"60QZ001711",140,34,106
"60QZ001712",104,21,83
"60QZ001713",128,33,95
"60QZ001714",163,29,134
"60QZ001715",110,34,76
"60QZ001716",111,24,87
"60QZ001717",94,17,77
"60QZ001718",154,22,132
"60QZ001719",103,26,77
"60QZ001720",109,37,72
"60QZ001721",174,34,140
"60QZ001722",144,34,110
"60QZ001723",170,52,118
"60QZ001724",161,31,130
"60QZ001725",111,34,77
"60QZ001726",197,42,155
"60QZ001727",197,53,144
"60QZ001728",129,30,99
"60QZ001729",195,37,158
"60QZ001730",204,45,159
"60QZ001731",121,25,96
"60QZ001732",130,22,108
"60QZ001733",127,27,100
"60QZ001734",156,32,124
"60QZ001735",241,26,215
"60QZ001736",118,31,87
"60QZ001737",106,22,84
"60QZ001738",193,22,171
"60QZ001739",228,24,204
"60QZ001740",127,31,96
"60QZ001741",118,11,107
"60QZ001742",140,9,131
"60QZ001743",194,23,171
"60QZ001744",210,26,184
"60QZ001745",148,10,138
"60QZ001746",143,33,110
"60QZ001747",129,19,110
"60QZ001748",89,24,65
"60QZ001749",127,12,115
"60QZ001750",130,29,101
"60QZ001751",195,15,180
"60QZ001752",142,22,120
"60QZ001753",159,11,148
"60QZ001754",160,46,114
"60QZ001755",135,38,97
"60QZ001756",125,39,86
"60QZ001757",128,49,79
"60QZ001758",189,17,172
"60QZ001759",129,19,110
"60QZ001760",105,22,83
"60QZ001761",79,18,61
"60QZ001762",164,53,111
"60QZ001763",125,39,86
"60QZ001764",143,30,113
"60QZ001765",231,41,190
"60QZ001766",133,18,115
"60QZ001767",140,23,117
"60QZ001768",109,14,95
"60QZ001769",124,32,92
"60QZ001770",189,40,149
"60QZ001771",172,37,135
"60QZ001772",211,27,184
"60QZ001773",196,29,167
"60QZ001774",106,29,77
"60QZ001775",179,33,146
"60QZ001776",169,36,133
"60QZ001777",83,20,63
"60QZ001778",174,47,127
"60QZ001779",117,15,102
"60QZ001780",123,18,105
"60QZ001781",155,13,142
"60QZ001782",88,46,42
"60QZ001783",135,46,89
"60QZ001784",111,36,75
"60QZ001785",97,33,64
"60QZ001786",91,21,70
"60QZ001787",121,31,90
"60QZ001788",79,15,64
"60QZ001789",123,27,96
"60QZ001790",104,25,79
"60QZ001791",114,24,90
"60QZ001792",113,32,81
"60QZ001793",132,24,108
"60QZ001794",76,53,23
"60QZ001795",97,36,61
"60QZ001796",59,31,28
"60QZ001797",77,29,48
"60QZ001798",89,40,49
"60QZ001799",109,42,67
"60QZ001800",93,23,70
"60QZ001801",97,35,62
"60QZ001802",72,18,54
"60QZ001803",112,18,94
"60QZ001804",140,29,111
"60QZ001805",125,28,97
"60QZ001806",123,27,96
"60QZ001807",144,38,106
"60QZ001808",133,31,102
"60QZ001809",190,40,150
"60QZ001810",138,31,107
"60QZ001811",154,24,130
"60QZ001812",96,34,62
"60QZ001813",151,22,129
"60QZ001814",138,27,111
"60QZ001815",102,24,78
"60QZ001816",103,27,76
"60QZ001817",101,57,44
"60QZ001818",154,47,107
"60QZ001819",56,25,31
"60QZ001820",71,26,45
"60QZ001821",172,19,153
"60QZ001822",81,25,56
"60QZ001823",122,24,98
"60QZ001824",88,37,51
"60QZ001825",91,25,66
"60QZ001826",194,14,180
"60QZ001827",186,41,145
"60QZ001828",87,6,81
"60QZ001829",56,40,16
"60QZ001830",54,19,35
"60QZ001831",67,6,61
"60QZ001832",72,6,66
"60QZ001833",72,38,34
"60QZ001834",90,8,82
"60QZ001835",199,37,162
"60QZ001836",117,39,78
"60QZ001837",193,16,177
"60QZ001838",50,5,45
"60QZ001839",102,7,95
"60QZ001840",86,11,75
"60QZ001841",72,16,56
"60QZ001842",123,29,94
"60QZ001843",104,28,76
"60QZ001844",111,29,82
"60QZ001845",59,18,41
"60QZ001846",81,22,59
"60QZ001847",51,7,44
"60QZ001848",99,31,68
"60QZ001849",79,25,54
"60QZ001850",63,9,54
"60QZ001851",126,25,101
"60QZ001852",103,22,81
"60QZ001853",649,132,517
"60QZ001854",138,28,110
"60QZ001855",96,22,74
"60QZ001856",69,28,41
"60QZ001857",148,26,122
"60QZ001858",68,15,53
"60QZ001859",122,50,72
"60QZ001860",138,22,116
"60QZ001861",128,25,103
"60QZ001862",88,11,77
"60QZ001863",115,14,101
"60QZ001864",109,12,97
"60QZ001865",105,35,70
"60QZ001866",77,27,50
"60QZ001867",174,78,96
"60QZ001868",115,15,100
"60QZ001869",84,17,67
"60QZ001870",164,30,134
"60QZ001871",94,12,82
"60QZ001872",212,14,198
"60QZ001873",84,27,57
"60QZ001874",80,30,50
"60QZ001875",59,11,48
"60QZ001876",113,34,79
"60QZ001877",162,40,122
"60QZ001878",99,38,61
"60QZ001879",100,27,73
"60QZ001880",97,11,86
"60QZ001881",197,8,189
"60QZ001882",118,24,94
"60QZ001883",108,34,74
"60QZ001884",88,28,60
"60QZ001885",65,34,31
"60QZ001886",90,7,83
"60QZ001887",144,27,117
"60QZ001888",74,10,64
"60QZ001889",85,39,46
"60QZ001890",93,29,64
"60QZ001891",76,17,59
"60QZ001892",122,29,93
"60QZ001893",65,21,44
"60QZ001894",134,25,109
"60QZ001895",104,10,94
"60QZ001896",205,38,167
"60QZ001897",154,15,139
"60QZ001898",119,22,97
"60QZ001899",82,22,60
"60QZ001900",68,7,61
"60QZ001901",93,25,68
"60QZ001902",153,28,125
"60QZ001903",114,25,89
"60QZ001904",82,25,57
"60QZ001905",80,19,61
"60QZ001906",109,13,96
"60QZ001907",87,12,75
"60QZ001908",76,6,70
"60QZ001909",61,8,53
"60QZ001910",56,13,43
"60QZ001911",111,28,83
"60QZ001912",131,17,114
"60QZ001913",88,6,82
"60QZ001914",65,16,49
"60QZ001915",111,21,90
"60QZ001916",91,16,75
"60QZ001917",122,15,107
"60QZ001918",139,30,109
"60QZ001919",103,19,84
"60QZ001920",87,22,65
"60QZ001921",76,20,56
"60QZ001922",195,49,146
"60QZ001923",95,12,83
"60QZ001924",87,29,58
"60QZ001925",69,6,63
"60QZ001926",121,37,84
"60QZ001927",75,18,57
"60QZ001928",77,14,63
"60QZ001929",100,16,84
"60QZ001930",140,42,98
"60QZ001931",93,17,76
"60QZ001932",127,16,111
"60QZ001933",112,28,84
"60QZ001934",88,31,57
"60QZ001935",117,22,95
"60QZ001936",72,39,33
"60QZ001937",98,24,74
"60QZ001938",90,14,76
"60QZ001939",87,11,76
"60QZ001940",116,29,87
"60QZ001941",68,11,57
"60QZ001942",132,38,94
"60QZ001943",141,12,129
"60QZ001944",72,7,65
"60QZ001945",101,14,87
"60QZ001946",56,19,37
"60QZ001947",60,12,48
"60QZ001948",68,26,42
"60QZ001949",73,9,64
"60QZ001950",62,7,55
"60QZ001951",121,27,94
"60QZ001952",180,24,156
"60QZ001953",81,30,51
"60QZ001954",128,27,101
"60QZ001955",116,18,98
"60QZ001956",55,10,45
"60QZ001957",257,35,222
"60QZ001958",81,17,64
"60QZ001959",115,22,93
"60QZ001960",93,19,74
"60QZ001961",160,21,139
"60QZ001962",94,27,67
"60QZ001963",116,49,67
"60QZ001964",130,12,118
"60QZ001965",181,16,165
"60QZ001966",91,11,80
"60QZ001967",122,39,83
"60QZ001968",180,33,147
"60QZ001969",107,50,57
"60QZ001970",120,28,92
"60QZ001971",93,21,72
"60QZ001972",88,20,68
"60QZ001973",82,11,71
"60QZ001974",126,40,86
"60QZ001975",72,24,48
"60QZ001976",71,18,53
"60QZ001977",100,30,70
"60QZ001978",83,6,77
"60QZ001979",75,20,55
"60QZ001980",100,22,78
"60QZ001981",105,37,68
"60QZ001982",60,11,49
"60QZ001983",62,10,52
"60QZ001984",172,45,127
"60QZ001985",106,14,92
"60QZ001986",179,25,154
"60QZ001987",100,23,77
"60QZ001988",68,11,57
"60QZ001989",79,24,55
"60QZ001990",136,21,115
"60QZ001991",83,50,33
"60QZ001992",77,27,50
"60QZ001993",66,8,58
"60QZ001994",155,19,136
"60QZ001995",109,14,95
"60QZ001996",133,23,110
"60QZ001997",110,14,96
"60QZ001998",168,30,138
"60QZ001999",121,10,111
"60QZ002000",143,14,129
"60QZ002001",83,37,46
"60QZ002002",58,23,35
"60QZ002003",71,27,44
"60QZ002004",56,20,36
"60QZ002005",106,36,70
"60QZ002006",74,14,60
"60QZ002007",103,33,70
"60QZ002008",103,38,65
"60QZ002009",86,24,62
"60QZ002010",137,25,112
"60QZ002011",67,33,34
"60QZ002012",68,24,44
"60QZ002013",73,36,37
"60QZ002014",86,33,53
"60QZ002015",98,28,70
"60QZ002016",87,16,71
"60QZ002017",72,37,35
"60QZ002018",82,28,54
"60QZ002019",89,31,58
"60QZ002020",64,21,43
"60QZ002021",82,31,51
"60QZ002022",68,30,38
"60QZ002023",88,33,55
"60QZ002024",63,19,44
"60QZ002025",82,17,65
"60QZ002026",75,15,60
"60QZ002027",65,17,48
"60QZ002028",79,34,45
"60QZ002029",81,34,47
"60QZ002030",70,24,46
"60QZ002031",84,34,50
"60QZ002032",66,20,46
"60QZ002033",83,35,48
"60QZ002034",68,17,51
"60QZ002035",87,24,63
"60QZ002036",74,23,51
"60QZ002037",162,51,111
"60QZ002038",95,31,64
"60QZ002039",71,23,48
"60QZ002040",137,20,117
"60QZ002041",63,27,36
"60QZ002042",134,34,100
"60QZ002043",152,36,116
"60QZ002044",55,20,35
"60QZ002045",99,32,67
"60QZ002046",73,24,49
"60QZ002047",70,8,62
"60QZ002048",145,25,120
"60QZ002049",84,29,55
"60QZ002050",125,44,81
"60QZ002051",122,18,104
"60QZ002052",140,12,128
"60QZ002053",121,34,87
"60QZ002054",78,21,57
"60QZ002055",83,9,74
"60QZ002056",64,14,50
"60QZ002057",62,22,40
"60QZ002058",101,23,78
"60QZ002059",89,8,81
"60QZ002060",58,5,53
"60QZ002061",59,16,43
"60QZ002062",129,26,103
"60QZ002063",178,15,163
"60QZ002064",96,6,90
"60QZ002065",148,29,119
"60QZ002066",98,14,84
"60QZ002067",153,36,117
"60QZ002068",61,17,44
"60QZ002069",93,17,76
"60QZ002070",100,25,75
"60QZ002071",76,7,69
"60QZ002072",226,11,215
"60QZ002073",190,41,149
"60QZ002074",58,15,43
"60QZ002075",135,21,114
"60QZ002076",80,17,63
"60QZ002077",127,25,102
"60QZ002078",154,35,119
"60QZ002079",122,27,95
"60QZ002080",92,27,65
"60QZ002081",174,14,160
"60QZ002082",161,9,152
"60QZ002083",222,13,209
"60QZ002084",84,29,55
"60QZ002085",107,27,80
"60QZ002086",152,12,140
"60QZ002087",244,28,216
"60QZ002088",487,42,445
"60QZ002089",115,9,106
"60QZ002090",161,13,148
"60QZ002091",133,22,111
"60QZ002092",95,16,79
"60QZ002093",165,14,151
"60QZ002094",170,21,149
"60QZ002095",137,46,91
"60QZ002096",135,34,101
"60QZ002097",118,55,63
"60QZ002098",122,24,98
"60QZ002099",120,40,80
"60QZ002100",106,36,70
"60QZ002101",79,51,28
"60QZ002102",108,25,83
"60QZ002103",90,35,55
"60QZ002104",141,17,124
"60QZ002105",88,16,72
"60QZ002106",83,7,76
"60QZ002107",123,54,69
"60QZ002108",129,39,90
"60QZ002109",116,27,89
"60QZ002110",131,28,103
"60QZ002111",93,33,60
"60QZ002112",208,17,191
"60QZ002113",256,21,235
"60QZ002114",73,4,69
"60QZ002115",126,12,114
"60QZ002116",136,27,109
"60QZ002117",98,21,77
"60QZ002118",146,16,130
"60QZ002119",67,12,55
"60QZ002120",190,25,165
"60QZ002121",198,50,148
"60QZ002122",207,11,196
"60QZ002123",127,6,121
"60QZ002124",170,12,158
"60QZ002125",175,17,158
"60QZ002126",78,1,77
"60QZ002127",163,19,144
"60QZ002128",135,38,97
"60QZ002129",112,35,77
"60QZ002130",196,28,168
"60QZ002131",146,16,130
"60QZ002132",103,17,86
"60QZ002133",75,14,61
"60QZ002134",96,34,62
"60QZ002135",158,49,109
"60QZ002136",50,31,19
"60QZ002137",113,32,81
"60QZ002138",132,29,103
"60QZ002139",141,37,104
"60QZ002140",101,22,79
"60QZ002141",74,23,51
"60QZ002142",73,26,47
"60QZ002143",76,20,56
"60QZ002144",74,26,48
"60QZ002145",161,33,128
"60QZ002146",187,17,170
"60QZ002147",75,31,44
"60QZ002148",72,35,37
"60QZ002149",81,35,46
"60QZ002150",121,14,107
"60QZ002151",104,7,97
"60QZ002152",162,26,136
"60QZ002153",157,20,137
"60QZ002154",75,33,42
"60QZ002155",89,25,64
"60QZ002156",151,19,132
"60QZ002157",173,21,152
"60QZ002158",90,22,68
"60QZ002159",114,46,68
"60QZ002160",78,30,48
"60QZ002161",76,30,46
"60QZ002162",96,31,65
"60QZ002163",115,20,95
"60QZ002164",120,11,109
"60QZ002165",101,28,73
"60QZ002166",124,25,99
"60QZ002167",136,30,106
"60QZ002168",92,23,69
"60QZ002169",162,45,117
"60QZ002170",52,11,41
"60QZ002171",75,11,64
"60QZ002172",94,14,80
"60QZ002173",120,29,91
"60QZ002174",70,18,52
"60QZ002175",139,37,102
"60QZ002176",84,24,60
"60QZ002177",82,23,59
"60QZ002178",182,50,132
"60QZ002179",90,28,62
"60QZ002180",82,30,52
"60QZ002181",141,9,132
"60QZ002182",93,9,84
"60QZ002183",115,24,91
"60QZ002184",131,16,115
"60QZ002185",73,14,59
"60QZ002186",110,33,77
"60QZ002187",139,19,120
"60QZ002188",83,13,70
"60QZ002189",94,33,61
"60QZ002190",108,34,74
"60QZ002191",95,29,66
"60QZ002192",106,27,79
"60QZ002193",88,21,67
"60QZ002194",177,19,158
"60QZ002195",91,8,83
"60QZ002196",130,10,120
"60QZ002197",146,14,132
"60QZ002198",117,8,109
"60QZ002199",180,17,163
"60QZ002200",273,31,242
"60QZ002201",111,10,101
"60QZ002202",132,33,99
"60QZ002203",185,52,133
"60QZ002204",147,15,132
"60QZ002205",66,29,37
"60QZ002206",65,36,29
"60QZ002207",114,32,82
"60QZ002208",97,11,86
"60QZ002209",118,23,95
"60QZ002210",60,6,54
"60QZ002211",192,21,171
"60QZ002212",108,2,106
"60QZ002213",99,69,30
"60QZ002214",81,30,51
"60QZ002215",138,41,97
"60QZ002216",207,58,149
"60QZ002217",89,22,67
"60QZ002218",152,43,109
"60QZ002219",148,46,102
"60QZ002220",137,32,105
"60QZ002221",77,16,61
"60QZ002222",106,17,89
"60QZ002223",132,39,93
"60QZ002224",107,31,76
"60QZ002225",164,21,143
"60QZ002226",98,5,93
"60QZ002227",153,7,146
"60QZ002228",72,5,67
"60QZ002229",292,41,251
"60QZ002230",68,17,51
"60QZ002231",93,43,50
"60QZ002232",55,20,35
"60QZ002233",65,21,44
"60QZ002234",93,28,65
"60QZ002235",87,18,69
"60QZ002236",91,31,60
"60QZ002237",96,17,79
"60QZ002238",66,23,43
"60QZ002239",95,13,82
"60QZ002240",89,38,51
"60QZ002241",101,11,90
"60QZ002242",78,41,37
"60QZ002243",62,35,27
"60QZ002244",132,8,124
"60QZ002245",236,19,217
"60QZ002246",147,13,134
"60QZ002247",152,8,144
"60QZ002248",269,23,246
"60QZ002249",67,5,62
"60QZ002250",126,12,114
"60QZ002251",69,18,51
"60QZ002252",142,13,129
"60QZ002253",101,10,91
"60QZ002254",67,10,57
"60QZ002255",112,40,72
"60QZ002256",139,6,133
"60QZ002257",155,12,143
"60QZ002258",156,20,136
"60QZ002259",87,26,61
"60QZ002260",207,43,164
"60QZ002261",216,10,206
"60QZ002262",94,17,77
"60QZ002263",79,15,64
"60QZ002264",112,22,90
"60QZ002265",97,15,82
"60QZ002266",152,82,70
"60QZ002267",175,83,92
"60QZ002268",71,23,48
"60QZ002269",122,20,102
"60QZ002270",158,55,103
"60QZ002271",79,6,73
"60QZ002272",88,26,62
"60QZ002273",101,18,83
"60QZ002274",96,12,84
"60QZ002275",170,33,137
"60QZ002276",67,5,62
"60QZ002277",89,19,70
"60QZ002278",144,25,119
"60QZ002279",133,2,131
"60QZ002280",145,12,133
"60QZ002281",134,3,131
"60QZ002282",126,17,109
"60QZ002283",130,23,107
"60QZ002284",100,35,65
"60QZ002285",65,21,44
"60QZ002286",95,29,66
"60QZ002287",83,17,66
"60QZ002288",152,35,117
"60QZ002289",93,32,61
"60QZ002290",145,6,139
"60QZ002291",140,13,127
"60QZ002292",175,19,156
"60QZ002293",115,41,74
"60QZ002294",72,9,63
"60QZ002295",156,8,148
"60QZ002296",102,9,93
"60QZ002297",94,10,84
"60QZ002298",225,26,199
"60QZ002299",164,15,149
"60QZ002300",133,48,85
"60QZ002301",70,19,51
"60QZ002302",126,39,87
"60QZ002303",133,15,118
"60QZ002304",138,9,129
"60QZ002305",136,17,119
"60QZ002306",117,29,88
"60QZ002307",82,29,53
"60QZ002308",153,46,107
"60QZ002309",60,22,38
"60QZ002310",103,8,95
"60QZ002311",78,7,71
"60QZ002312",175,54,121
"60QZ002313",140,12,128
"60QZ002314",106,16,90
"60QZ002315",124,14,110
"60QZ002316",130,11,119
"60QZ002317",112,33,79
"60QZ002318",95,21,74
"60QZ002319",89,18,71
"60QZ002320",142,35,107
"60QZ002321",163,22,141
"60QZ002322",84,31,53
"60QZ002323",67,15,52
"60QZ002324",159,18,141
"60QZ002325",146,17,129
"60QZ002326",190,52,138
"60QZ002327",125,10,115
"60QZ002328",86,28,58
"60QZ002329",149,14,135
"60QZ002330",91,21,70
"60QZ002331",99,22,77
"60QZ002332",209,113,96
"60QZ002333",90,8,82
"60QZ002334",76,34,42
"60QZ002335",126,22,104
"60QZ002336",202,10,192
"60QZ002337",117,52,65
"60QZ002338",99,31,68
"60QZ002339",107,31,76
"60QZ002340",156,56,100
"60QZ002341",144,48,96
"60QZ002342",115,20,95
"60QZ002343",63,17,46
"60QZ002344",142,33,109
"60QZ002345",158,27,131
"60QZ002346",69,2,67
"60QZ002347",69,20,49
"60QZ002348",107,45,62
"60QZ002349",115,20,95
"60QZ002350",77,28,49
"60QZ002351",207,26,181
"60QZ002352",71,9,62
"60QZ002353",139,30,109
"60QZ002354",131,13,118
"60QZ002355",159,12,147
"60QZ002356",139,44,95
"60QZ002357",103,29,74
"60QZ002358",73,25,48
"60QZ002359",133,51,82
"60QZ002360",181,34,147
"60QZ002361",119,24,95
"60QZ002362",95,23,72
"60QZ002363",98,21,77
"60QZ002364",150,41,109
"60QZ002365",176,35,141
"60QZ002366",57,16,41
"60QZ002367",88,15,73
"60QZ002368",123,29,94
"60QZ002369",92,24,68
"60QZ002370",208,22,186
"60QZ002371",141,18,123
"60QZ002372",73,26,47
"60QZ002373",138,35,103
"60QZ002374",121,26,95
"60QZ002375",84,13,71
"60QZ002376",130,32,98
"60QZ002377",51,23,28
"60QZ002378",113,34,79
"60QZ002379",206,26,180
"60QZ002380",176,36,140
"60QZ002381",65,27,38
"60QZ002382",127,35,92
"60QZ002383",92,25,67
"60QZ002384",164,21,143
"60QZ002385",96,10,86
"60QZ002386",77,61,16
"60QZ002387",171,64,107
"60QZ002388",136,31,105
"60QZ002389",105,25,80
"60QZ002390",94,18,76
"60QZ002391",131,25,106
"60QZ002392",85,14,71
"60QZ002393",105,28,77
"60QZ002394",89,21,68
"60QZ002395",142,27,115
"60QZ002396",132,46,86
"60QZ002397",73,26,47
"60QZ002398",63,23,40
"60QZ002399",106,30,76
"60QZ002400",85,20,65
"60QZ002401",109,12,97
"60QZ002402",65,15,50
"60QZ002403",112,44,68
"60QZ002404",106,36,70
"60QZ002405",81,16,65
"60QZ002406",183,27,156
"60QZ002407",113,33,80
"60QZ002408",176,32,144
"60QZ002409",100,13,87
"60QZ002410",80,18,62
"60QZ002411",133,40,93
"60QZ002412",115,8,107
"60QZ002413",291,23,268
"60QZ002414",176,53,123
"60QZ002415",138,10,128
"60QZ002416",58,3,55
"60QZ002417",142,28,114
"60QZ002418",136,4,132
"60QZ002419",79,46,33
"60QZ002420",242,24,218
"60QZ002421",109,9,100
"60QZ002422",108,7,101
"60QZ002423",199,6,193
"60QZ002424",168,13,155
"60QZ002425",112,11,101
"60QZ002426",417,70,347
"60QZ002427",76,5,71
"60QZ002428",191,11,180
"60QZ002429",108,8,100
"60QZ002430",207,17,190
"60QZ002431",122,6,116
"60QZ002432",152,6,146
"60QZ002433",127,10,117
"60QZ002434",219,10,209
"60QZ002435",172,6,166
"60QZ002436",172,13,159
"60QZ002437",77,2,75
"60QZ002438",176,12,164
"60QZ002439",136,12,124
"60QZ002440",177,23,154
"60QZ002441",115,25,90
"60QZ002442",127,4,123
"60QZ002443",151,3,148
"60QZ002444",252,39,213
"60QZ002445",135,18,117
"60QZ002446",104,6,98
"60QZ002447",100,34,66
"60QZ002448",90,16,74
"60QZ002449",90,27,63
"60QZ002450",120,34,86
"60QZ002451",108,35,73
"60QZ002452",100,16,84
"60QZ002453",136,39,97
"60QZ002454",75,14,61
"60QZ002455",175,61,114
"60QZ002456",123,42,81
"60QZ002457",175,49,126
"60QZ002458",66,15,51
"60QZ002459",85,10,75
"60QZ002460",557,102,455
"60QZ002461",188,10,178
"60QZ002462",119,5,114
"60QZ002463",150,12,138
"60QZ002464",119,50,69
"60QZ002465",67,29,38
"60QZ002466",99,41,58
"60QZ002467",149,15,134
"60QZ002468",62,3,59
"60QZ002469",236,43,193
"60QZ002470",122,9,113
"60QZ002471",199,12,187
"60QZ002472",183,16,167
"60QZ002473",140,7,133
"60QZ002474",131,11,120
"60QZ002475",163,6,157
"60QZ002476",122,13,109
"60QZ002477",158,16,142
"60QZ002478",117,8,109
"60QZ002479",123,14,109
"60QZ002480",74,4,70
"60QZ002481",173,19,154
"60QZ002482",118,20,98
"60QZ002483",105,30,75
"60QZ002484",80,29,51
"60QZ002485",166,70,96
"60QZ002486",159,10,149
"60QZ002487",210,14,196
"60QZ002488",70,6,64
"60QZ002489",200,22,178
"60QZ002490",152,13,139
"60QZ002491",189,15,174
"60QZ002492",203,11,192
"60QZ002493",164,15,149
"60QZ002494",258,14,244
"60QZ002495",81,10,71
"60QZ002496",206,7,199
"60QZ002497",98,12,86
"60QZ002498",207,8,199
"60QZ002499",151,10,141
"60QZ002500",213,8,205
"60QZ002501",78,31,47
"60QZ002502",191,39,152
"60QZ002503",82,3,79
"60QZ002504",124,2,122
"60QZ002505",110,0,110
"60QZ002506",149,30,119
"60QZ002507",62,2,60
"60QZ002508",139,7,132
"60QZ002509",154,13,141
"60QZ002510",118,29,89
"60QZ002511",104,6,98
"60QZ002512",140,17,123
"60QZ002513",144,9,135
"60QZ002514",143,7,136
"60QZ002515",75,13,62
"60QZ002516",91,8,83
"60QZ002517",245,154,91
"60QZ002518",83,25,58
"60QZ002519",190,73,117
"60QZ002520",154,14,140
"60QZ002521",185,9,176
"60QZ002522",134,7,127
"60QZ002523",154,8,146
"60QZ002524",151,9,142
"60QZ002525",133,8,125
"60QZ002526",118,12,106
"60QZ002527",120,15,105
"60QZ002528",162,20,142
"60QZ002529",215,19,196
"60QZ002530",114,6,108
"60QZ002531",134,15,119
"60QZ002532",67,13,54
"60QZ002533",152,14,138
"60QZ002534",129,39,90
"60QZ002535",64,17,47
"60RA000001",82,4,78
"60RA000002",146,15,131
"60RA000003",106,11,95
"60RA000004",89,7,82
"60RA000005",143,21,122
"60RA000006",207,31,176
"60RA000007",165,19,146
"60RA000008",135,14,121
"60RA000009",65,12,53
"60RA000010",88,22,66
"60RA000011",84,12,72
"60RA000012",81,15,66
"60RA000013",116,21,95
"60RA000014",151,18,133
"60RA000015",126,16,110
"60RA000016",110,13,97
"60RA000017",206,24,182
"60RA000018",183,21,162
"60RA000019",158,25,133
"60RA000020",135,33,102
"60RA000021",87,14,73
"60RA000022",99,18,81
"60RA000023",157,40,117
"60RA000024",70,13,57
"60RA000025",123,33,90
"60RA000026",137,35,102
"60RA000027",202,34,168
"60RA000028",146,37,109
"60RA000029",130,22,108
"60RA000030",116,22,94
"60RA000031",169,28,141
"60RA000032",188,36,152
"60RA000033",169,21,148
"60RA000034",121,15,106
"60RA000035",173,24,149
"60RA000036",192,22,170
"60RA000037",155,28,127
"60RA000038",159,25,134
"60RA000039",114,22,92
"60RA000040",116,22,94
"60RA000041",172,28,144
"60RA000042",97,24,73
"60RA000043",133,18,115
"60RA000044",79,13,66
"60RA000045",51,14,37
"60RA000046",115,14,101
"60RA000047",75,13,62
"60RA000048",134,23,111
"60RA000049",114,14,100
"60RA000050",61,10,51
"60RA000051",57,3,54
"60RA000052",111,18,93
"60RA000053",107,12,95
"60RA000054",82,12,70
"60RA000055",100,13,87
"60RA000056",77,14,63
"60RA000057",90,16,74
"60RA000058",97,14,83
"60RA000059",95,17,78
"60RA000060",109,18,91
"60RA000061",92,23,69
"60RA000062",135,14,121
"60RA000063",168,32,136
"60RA000064",141,27,114
"60RA000065",136,26,110
"60RA000066",92,18,74
"60RA000067",124,24,100
"60RA000068",55,13,42
"60RA000069",156,23,133
"60RA000070",65,16,49
"60RA000071",121,19,102
"60RA000072",89,25,64
"60RA000073",109,21,88
"60RA000074",126,50,76
"60RA000075",65,19,46
"60RA000076",147,28,119
"60RA000077",101,8,93
"60RA000078",104,25,79
"60RA000079",64,14,50
"60RA000080",104,19,85
"60RA000081",95,13,82
"60RA000082",161,25,136
"60RA000083",98,20,78
"60RA000084",124,28,96
"60RA000085",147,24,123
"60RA000086",119,20,99
"60RA000087",56,12,44
"60RA000088",120,13,107
"60RA000089",61,9,52
"60RA000090",174,13,161
"60RA000091",149,63,86
"60RA000092",150,19,131
"60RA000093",102,17,85
"60RA000094",50,15,35
"60RA000095",111,13,98
"60RA000096",81,9,72
"60RA000097",58,7,51
"60RA000098",67,24,43
"60RA000099",87,18,69
"60RA000100",102,27,75
"60RA000101",155,53,102
"60RA000102",58,23,35
"60RA000103",102,21,81
"60RA000104",86,8,78
"60RA000105",129,22,107
"60RA000106",114,16,98
"60RA000107",144,27,117
"60RA000108",75,15,60
"60RA000109",112,27,85
"60RA000110",140,14,126
"60RA000111",107,19,88
"60RA000112",139,18,121
"60RA000113",161,19,142
"60RA000114",126,17,109
"60RA000115",127,25,102
"60RA000116",120,26,94
"60RA000117",125,30,95
"60RA000118",140,28,112
"60RA000119",88,14,74
"60RA000120",114,22,92
"60RA000121",88,26,62
"60RA000122",72,10,62
"60RA000123",75,10,65
"60RA000124",95,26,69
"60RA000125",70,7,63
"60RA000126",69,14,55
"60RA000127",200,46,154
"60RA000128",51,15,36
"60RA000129",60,14,46
"60RA000130",53,13,40
"60RA000131",53,10,43
"60RA000132",78,8,70
"60RA000133",108,16,92
"60RA000134",167,22,145
"60RA000135",102,17,85
"60RA000136",105,18,87
"60RA000137",95,16,79
"60RA000138",79,15,64
"60RA000139",124,17,107
"60RA000140",144,25,119
"60RA000141",123,28,95
"60RA000142",115,12,103
"60RA000143",142,11,131
"60RA000144",99,10,89
"60RA000145",106,11,95
"60RA000146",114,14,100
"60RA000147",113,24,89
"60RA000148",121,19,102
"60RA000149",117,16,101
"60RA000150",186,41,145
"60RA000151",69,16,53
"60RA000152",126,19,107
"60RA000153",221,38,183
"60RA000154",113,18,95
"60RA000155",92,4,88
"60RA000156",141,30,111
"60RA000157",62,30,32
"60RA000158",150,34,116
"60RA000159",61,14,47
"60RA000160",130,21,109
"60RA000161",134,19,115
"60RA000162",71,15,56
"60RA000163",141,19,122
"60RA000164",135,17,118
"60RA000165",61,12,49
"60RA000166",208,34,174
"60RA000167",85,18,67
"60RA000168",98,16,82
"60RB000001",112,18,94
"60RB000002",128,18,110
"60RB000003",153,19,134
"60RB000004",129,19,110
"60RB000005",117,22,95
"60RB000006",140,15,125
"60RB000007",116,12,104
"60RB000008",154,21,133
"60RB000009",150,21,129
"60RB000010",84,7,77
"60RB000011",140,21,119
"60RB000012",114,22,92
"60RB000013",119,17,102
"60RB000014",141,13,128
"60RB000015",142,11,131
"60RB000016",132,26,106
"60RB000017",171,21,150
"60RB000018",196,22,174
"60RB000019",112,12,100
"60RB000020",97,10,87
"60RB000021",186,24,162
"60RB000022",111,39,72
"60RB000023",76,5,71
"60RB000024",154,24,130
"60RB000025",84,7,77
"60RB000026",88,21,67
"60RB000027",52,12,40
"60RB000028",508,30,478
"60RB000029",85,8,77
"60RB000030",73,8,65
"60RB000031",110,11,99
"60RB000032",117,10,107
"60RB000033",79,14,65
"60RB000034",172,15,157
"60RB000035",202,16,186
"60RB000036",75,6,69
"60RB000037",102,23,79
"60RB000038",55,5,50
"60RB000039",107,12,95
"60RB000040",150,28,122
"60RB000041",123,23,100
"60RB000042",123,16,107
"60RB000043",55,1,54
"60RB000044",142,24,118
"60RB000045",107,10,97
"60RB000046",74,10,64
"60RB000047",93,18,75
"60RB000048",87,13,74
"60RB000049",130,17,113
"60RB000050",120,36,84
"60RB000051",72,11,61
"60RB000052",185,19,166
"60RB000053",121,17,104
"60RB000054",143,18,125
"60RB000055",146,17,129
"60RB000056",152,31,121
"60RB000057",54,10,44
"60RB000058",117,18,99
"60RB000059",70,4,66
"60RB000060",74,7,67
"60RB000061",181,24,157
"60RB000062",171,33,138
"60RB000063",183,25,158
"60RB000064",77,12,65
"60RB000065",100,18,82
"60RB000066",55,5,50
"60RB000067",122,15,107
"60RB000068",72,10,62
"60RB000069",91,18,73
"60RB000070",93,20,73
"60RB000071",168,20,148
"60RB000072",152,14,138
"60RB000073",109,6,103
"60RB000074",65,5,60
"60RB000075",58,5,53
"60RB000076",148,19,129
"60RB000077",148,17,131
"60RB000078",89,17,72
"60RB000079",208,22,186
"60RB000080",163,19,144
"60RB000081",206,46,160
"60RB000082",67,12,55
"60RB000083",137,15,122
"60RB000084",210,12,198
"60RB000085",77,11,66
"60RB000086",160,19,141
"60RB000087",54,9,45
"60RB000088",117,10,107
"60RB000089",124,19,105
"60RB000090",159,17,142
"60RB000091",56,3,53
"60RB000092",162,19,143
"60RB000093",105,15,90
"60RB000094",64,7,57
"60RB000095",147,11,136
"60RB000096",140,24,116
"60RB000097",160,25,135
"60RB000098",173,18,155
"60RB000099",68,10,58
"60RB000100",87,4,83
"60RB000101",88,7,81
"60RB000102",151,23,128
"60RB000103",171,25,146
"60RB000104",151,37,114
"60RB000105",115,9,106
"60RB000106",74,15,59
"60RB000107",81,13,68
"60RB000108",106,17,89
"60RB000109",60,8,52
"60RB000110",94,14,80
"60RB000111",63,6,57
"60RB000112",196,46,150
"60RB000113",124,22,102
"60RB000114",117,17,100
"60RB000115",102,17,85
"60RB000116",158,26,132
"60RB000117",113,18,95
"60RB000118",182,29,153
"60RB000119",125,10,115
"60RB000120",144,21,123
"60RB000121",55,14,41
"60RB000122",124,20,104
"60RB000123",59,14,45
"60RB000124",180,73,107
"60RB000125",103,12,91
"60RB000126",120,5,115
"60RB000127",85,18,67
"60RB000128",91,11,80
"60RB000129",58,4,54
"60RB000130",121,13,108
"60RB000131",122,20,102
"60RB000132",176,25,151
"60RB000133",176,36,140
"60RB000134",143,19,124
"60RB000135",142,20,122
"60RB000136",156,16,140
"60RB000137",119,38,81
"60RB000138",115,17,98
"60RB000139",108,19,89
"60RB000140",82,8,74
"60RB000141",132,16,116
"60RB000142",118,18,100
"60RB000143",143,15,128
"60RB000144",197,21,176
"60RB000145",80,9,71
"60RB000146",99,22,77
"60RB000147",146,8,138
"60RB000148",90,18,72
"60RB000149",100,20,80
"60RB000150",106,14,92
"60RB000151",112,14,98
"60RB000152",90,9,81
"60RB000153",127,8,119
"60RB000154",81,16,65
"60RB000155",60,5,55
"60RB000156",82,24,58
"60RB000157",77,11,66
"60RB000158",174,20,154
"60RB000159",62,14,48
"60RB000160",90,6,84
"60RB000161",133,20,113
"60RB000162",125,14,111
"60RB000163",107,19,88
"60RB000164",92,17,75
"60RB000165",118,30,88
"60RB000166",138,25,113
"60RB000167",68,10,58
"60RB000168",124,22,102
"60RB000169",106,16,90
"60RB000170",109,17,92
"60RB000171",82,12,70
"60RB000172",106,15,91
"60RB000173",134,14,120
"60RB000174",295,32,263
"60RB000175",67,7,60
"60RB000176",138,19,119
"60RB000177",75,10,65
"60RB000178",97,21,76
"60RB000179",99,20,79
"60RB000180",103,11,92
"60RB000181",100,26,74
"60RB000182",76,12,64
"60RB000183",68,7,61
"60RB000184",81,11,70
"60RB000185",134,20,114
"60RB000186",118,21,97
"60RB000187",122,48,74
"60RB000188",100,18,82
"60RB000189",118,18,100
"60RB000190",100,29,71
"60RB000191",90,18,72
"60RB000192",117,15,102
"60RB000193",107,16,91
"60RB000194",67,29,38
"60RB000195",123,30,93
"60RB000196",139,20,119
"60RB000197",139,31,108
"60RB000198",141,23,118
"60RB000199",186,16,170
"60RB000200",161,14,147
"60RB000201",79,1,78
"60RB000202",115,17,98
"60RB000203",140,24,116
"60RB000204",162,18,144
"60RB000205",135,20,115
"60RB000206",131,24,107
"60RB000207",139,18,121
"60RB000208",141,18,123
"60RB000209",59,9,50
"60RB000210",82,5,77
"60RB000211",140,9,131
"60RB000212",120,18,102
"60RB000213",107,26,81
"60RB000214",158,32,126
"60RB000215",128,20,108
"60RB000216",98,21,77
"60RB000217",201,50,151
"60RB000218",131,16,115
"60RB000219",103,11,92
"60RB000220",137,16,121
"60RB000221",128,33,95
"60RB000222",107,26,81
"60RB000223",81,8,73
"60RB000224",193,30,163
"60RB000225",122,13,109
"60RB000226",106,3,103
"60RB000227",176,31,145
"60RB000228",107,11,96
"60RB000229",80,24,56
"60RB000230",60,11,49
"60RB000231",67,9,58
"60RB000232",159,23,136
"60RB000233",55,10,45
"60RB000234",81,19,62
"60RB000235",183,27,156
"60RB000236",89,12,77
"60RB000237",149,35,114
"60RB000238",145,64,81
"60RB000239",72,40,32
"60RB000240",97,13,84
"60RB000241",134,53,81
"60RB000242",138,16,122
"60RB000243",112,19,93
"60RB000244",142,16,126
"60RB000245",81,11,70
"60RB000246",122,17,105
"60RB000247",106,13,93
"60RB000248",65,10,55
"60RB000249",106,7,99
"60RB000250",158,14,144
"60RB000251",130,25,105
"60RB000252",173,20,153
"60RB000253",140,26,114
"60RB000254",108,25,83
"60RB000255",153,25,128
"60RB000256",119,18,101
"60RB000257",136,21,115
"60RB000258",124,19,105
"60RB000259",151,30,121
"60RB000260",103,15,88
"60RB000261",170,24,146
"60RB000262",137,37,100
"60RB000263",114,26,88
"60RB000264",158,27,131
"60RB000265",131,26,105
"60RB000266",134,23,111
"60RB000267",134,31,103
"60RB000268",153,23,130
"60RB000269",147,20,127
"60RB000270",89,11,78
"60RB000271",96,10,86
"60RB000272",125,46,79
"60RB000273",224,16,208
"60RB000274",143,32,111
"60RB000275",133,26,107
"60RB000276",119,17,102
"60RB000277",132,17,115
"60RB000278",104,33,71
"60RB000279",148,29,119
"60RB000280",103,38,65
"60RB000281",70,23,47
"60RB000282",162,46,116
"60RB000283",103,21,82
"60RB000284",106,18,88
"60RB000285",98,26,72
"60RB000286",111,19,92
"60RB000287",88,16,72
"60RB000288",120,21,99
"60RB000289",94,16,78
"60RB000290",150,18,132
"60RB000291",111,14,97
"60RB000292",85,12,73
"60RB000293",120,15,105
"60RB000294",102,11,91
"60RB000295",106,17,89
"60RB000296",118,16,102
"60RB000297",108,35,73
"60RB000298",102,24,78
"60RB000299",111,23,88
"60RB000300",146,31,115
"60RB000301",85,13,72
"60RB000302",112,20,92
"60RB000303",73,9,64
"60RB000304",131,16,115
"60RB000305",123,31,92
"60RB000306",96,19,77
"60RB000307",157,20,137
"60RB000308",156,23,133
"60RB000309",84,14,70
"60RB000310",97,27,70
"60RB000311",102,15,87
"60RB000312",129,24,105
"60RB000313",252,42,210
"60RB000314",88,26,62
"60RB000315",138,55,83
"60RB000316",214,25,189
"60RB000317",166,31,135
"60RB000318",215,28,187
"60RB000319",140,26,114
"60RB000320",129,15,114
"60RB000321",104,9,95
"60RB000322",172,31,141
"60RB000323",128,21,107
"60RB000324",150,16,134
"60RB000325",122,10,112
"60RB000326",104,9,95
"60RB000327",50,6,44
"60RB000328",58,8,50
"60RB000329",96,22,74
"60RB000330",173,61,112
"60RB000331",108,18,90
"60RB000332",125,33,92
"60RB000333",143,23,120
"60RB000334",103,26,77
"60RB000335",120,16,104
"60RB000336",105,9,96
"60RB000337",167,24,143
"60RB000338",91,12,79
"60RB000339",111,22,89
"60RB000340",146,19,127
"60RB000341",113,16,97
"60RB000342",60,11,49
"60RB000343",120,12,108
"60RB000344",150,27,123
"60RB000345",108,15,93
"60RB000346",94,16,78
"60RB000347",119,16,103
"60RB000348",90,16,74
"60RB000349",106,18,88
"60RB000350",125,42,83
"60RB000351",69,6,63
"60RB000352",241,44,197
"60RB000353",120,12,108
"60RB000354",102,17,85
"60RB000355",101,13,88
"60RB000356",92,23,69
"60RB000357",94,30,64
"60RB000358",131,16,115
"60RB000359",191,23,168
"60RB000360",98,7,91
"60RB000361",101,27,74
"60RB000362",118,26,92
"60RB000363",109,22,87
"60RB000364",97,22,75
"60RB000365",80,18,62
"60RB000366",160,30,130
"60RB000367",176,25,151
"60RB000368",132,21,111
"60RB000369",62,19,43
"60RB000370",77,16,61
"60RB000371",109,28,81
"60RB000372",75,18,57
"60RB000373",126,17,109
"60RB000374",89,19,70
"60RB000375",126,33,93
"60RB000376",130,25,105
"60RB000377",136,24,112
"60RB000378",97,6,91
"60RB000379",57,16,41
"60RB000380",120,27,93
"60RB000381",122,28,94
"60RB000382",54,1,53
"60RB000383",65,11,54
"60RB000384",104,19,85
"60RB000385",139,25,114
"60RB000386",70,23,47
"60RB000387",92,27,65
"60RB000388",119,31,88
"60RB000389",139,24,115
"60RB000390",153,35,118
"60RB000391",103,25,78
"60RB000392",90,19,71
"60RB000393",124,27,97
"60RB000394",134,36,98
"60RB000395",101,14,87
"60RB000396",62,20,42
"60RB000397",103,18,85
"60RB000398",140,24,116
"60RB000399",108,34,74
"60RB000400",119,13,106
"60RB000401",103,19,84
"60RB000402",168,31,137
"60RB000403",121,18,103
"60RB000404",164,35,129
"60RB000405",138,23,115
"60RB000406",147,31,116
"60RB000407",119,16,103
"60RB000408",88,25,63
"60RB000409",133,34,99
"60RB000410",119,27,92
"60RB000411",81,15,66
"60RB000412",107,18,89
"60RB000413",132,32,100
"60RB000414",141,37,104
"60RB000415",179,31,148
"60RB000416",131,18,113
"60RB000417",129,18,111
"60RB000418",128,22,106
"60RB000419",120,20,100
"60RB000420",147,21,126
"60RB000421",213,43,170
"60RB000422",182,38,144
"60RB000423",140,38,102
"60RB000424",143,19,124
"60RB000425",115,26,89
"60RB000426",201,42,159
"60RB000427",143,24,119
"60RB000428",127,16,111
"60RB000429",93,16,77
"60RB000430",83,19,64
"60RB000431",138,22,116
"60RB000432",99,22,77
"60RB000433",125,22,103
"60RB000434",110,27,83
"60RB000435",107,16,91
"60RB000436",140,42,98
"60RB000437",117,29,88
"60RB000438",110,23,87
"60RB000439",205,38,167
"60RB000440",163,39,124
"60RB000441",116,33,83
"60RB000442",164,27,137
"60RB000443",121,16,105
"60RB000444",180,35,145
"60RB000445",128,32,96
"60RB000446",118,27,91
"60RB000447",86,18,68
"60RB000448",98,21,77
"60RB000449",158,18,140
"60RB000450",89,26,63
"60RB000451",120,19,101
"60RB000452",99,28,71
"60RB000453",117,24,93
"60RB000454",88,18,70
"60RB000455",52,23,29
"60RB000456",134,23,111
"60RB000457",191,24,167
"60RB000458",99,18,81
"60RB000459",159,30,129
"60RB000460",146,42,104
"60RB000461",148,22,126
"60RB000462",84,20,64
"60RB000463",90,16,74
"60RB000464",122,18,104
"60RB000465",110,14,96
"60RB000466",108,27,81
"60RB000467",124,31,93
"60RB000468",71,11,60
"60RB000469",115,22,93
"60RB000470",57,11,46
"60RB000471",81,28,53
"60RB000472",90,17,73
"60RB000473",82,24,58
"60RB000474",84,11,73
"60RB000475",56,12,44
"60RB000476",102,17,85
"60RB000477",96,13,83
"60RB000478",53,6,47
"60RB000479",85,12,73
"60RB000480",79,11,68
"60RB000481",114,24,90
"60RB000482",87,28,59
"60RB000483",94,20,74
"60RB000484",141,35,106
"60RB000485",194,65,129
"60RB000486",155,28,127
"60RB000487",133,19,114
"60RB000488",60,9,51
"60RB000489",66,11,55
"60RB000490",102,22,80
"60RB000491",77,9,68
"60RB000492",97,29,68
"60RB000493",116,31,85
"60RB000494",87,24,63
"60RB000495",82,10,72
"60RB000496",95,28,67
"60RB000497",90,15,75
"60RB000498",179,52,127
"60RB000499",97,9,88
"60RB000500",99,31,68
"60RB000501",142,25,117
"60RB000502",172,35,137
"60RB000503",120,26,94
"60RB000504",154,20,134
"60RB000505",119,16,103
"60RB000506",128,23,105
"60RB000507",180,30,150
"60RB000508",128,18,110
"60RB000509",84,51,33
"60RB000510",85,34,51
"60RB000511",129,23,106
"60RB000512",124,19,105
"60RB000513",122,14,108
"60RB000514",164,44,120
"60RB000515",153,20,133
"60RB000516",248,102,146
"60RB000517",114,14,100
"60RB000518",100,30,70
"60RB000519",112,45,67
"60RB000520",177,19,158
"60RB000521",151,25,126
"60RB000522",122,14,108
"60RB000523",98,16,82
"60RB000524",101,15,86
"60RB000525",86,15,71
"60RB000526",148,30,118
"60RB000527",105,11,94
"60RB000528",60,13,47
"60RB000529",73,29,44
"60RB000530",73,7,66
"60RB000531",76,33,43
"60RB000532",117,53,64
"60RB000533",69,11,58
"60RB000534",68,19,49
"60RB000535",123,50,73
"60RB000536",102,9,93
"60RB000537",130,20,110
"60RB000538",91,14,77
"60RB000539",70,17,53
"60RB000540",99,18,81
"60RB000541",111,22,89
"60RB000542",109,21,88
"60RB000543",164,24,140
"60RB000544",109,27,82
"60RB000545",113,20,93
"60RB000546",90,22,68
"60RB000547",113,21,92
"60RB000548",155,26,129
"60RB000549",96,25,71
"60RB000550",128,21,107
"60RB000551",150,21,129
"60RB000552",108,12,96
"60RB000553",108,18,90
"60RB000554",118,18,100
"60RB000555",174,17,157
"60RB000556",204,27,177
"60RB000557",74,30,44
"60RB000558",177,66,111
"60RB000559",93,14,79
"60RB000560",127,30,97
"60RB000561",93,13,80
"60RB000562",109,10,99
"60RB000563",83,10,73
"60RB000564",87,11,76
"60RB000565",92,12,80
"60RB000566",83,9,74
"60RB000567",119,18,101
"60RB000568",105,11,94
"60RB000569",131,39,92
"60RB000570",112,23,89
"60RB000571",109,23,86
"60RB000572",101,28,73
"60RB000573",90,8,82
"60RB000574",95,20,75
"60RB000575",112,20,92
"60RB000576",92,20,72
"60RB000577",141,14,127
"60RB000578",129,21,108
"60RB000579",108,14,94
"60RB000580",94,17,77
"60RB000581",101,13,88
"60RB000582",97,8,89
"60RB000583",83,15,68
"60RB000584",146,38,108
"60RB000585",88,19,69
"60RB000586",137,23,114
"60RB000587",82,12,70
"60RB000588",89,12,77
"60RB000589",99,22,77
"60RB000590",125,34,91
"60RB000591",110,35,75
"60RB000592",133,21,112
"60RB000593",132,39,93
"60RB000594",171,30,141
"60RB000595",108,30,78
"60RB000596",100,30,70
"60RB000597",126,26,100
"60RB000598",115,11,104
"60RB000599",123,25,98
"60RB000600",50,7,43
"60RB000601",72,24,48
"60RB000602",100,26,74
"60RB000603",190,28,162
"60RB000604",97,9,88
"60RB000605",153,20,133
"60RB000606",102,14,88
"60RB000607",76,26,50
"60RB000608",173,27,146
"60RB000609",115,31,84
"60RB000610",124,27,97
"60RB000611",100,22,78
"60RB000612",116,17,99
"60RB000613",190,49,141
"60RB000614",207,23,184
"60RB000615",154,58,96
"60RB000616",158,33,125
"60RB000617",92,17,75
"60RB000618",78,15,63
"60RB000619",182,38,144
"60RB000620",116,27,89
"60RB000621",103,19,84
"60RB000622",127,22,105
"60RB000623",82,13,69
"60RB000624",182,32,150
"60RB000625",138,20,118
"60RB000626",81,23,58
"60RB000627",109,26,83
"60RB000628",107,24,83
"60RB000629",107,18,89
"60RB000630",104,21,83
"60RB000631",162,32,130
"60RB000632",115,26,89
"60RB000633",128,55,73
"60RB000634",104,21,83
"60RB000635",91,12,79
"60RB000636",96,19,77
"60RB000637",98,17,81
"60RB000638",144,19,125
"60RB000639",148,35,113
"60RB000640",79,13,66
"60RB000641",127,15,112
"60RB000642",122,21,101
"60RB000643",84,15,69
"60RB000644",86,18,68
"60RB000645",124,16,108
"60RB000646",112,23,89
"60RB000647",156,22,134
"60RB000648",141,24,117
"60RB000649",128,25,103
"60RB000650",88,12,76
"60RB000651",51,8,43
"60RB000652",82,20,62
"60RB000653",160,16,144
"60RB000654",104,25,79
"60RB000655",101,24,77
"60RB000656",96,31,65
"60RB000657",125,21,104
"60RB000658",70,12,58
"60RB000659",116,27,89
"60RB000660",186,19,167
"60RB000661",146,12,134
"60RB000662",128,15,113
"60RB000663",184,29,155
"60RB000664",91,18,73
"60RB000665",85,24,61
"60RB000666",87,23,64
"60RB000667",101,8,93
"60RB000668",144,22,122
"60RB000669",106,19,87
"60RB000670",108,23,85
"60RB000671",111,12,99
"60RB000672",105,16,89
"60RB000673",70,19,51
"60RB000674",147,16,131
"60RB000675",65,12,53
"60RB000676",118,29,89
"60RB000677",125,41,84
"60RB000678",79,30,49
"60RB000679",100,29,71
"60RB000680",202,25,177
"60RB000681",80,30,50
"60RB000682",79,7,72
"60RB000683",138,22,116
"60RB000684",161,21,140
"60RB000685",129,23,106
"60RB000686",111,18,93
"60RB000687",110,17,93
"60RB000688",120,14,106
"60RB000689",133,27,106
"60RB000690",106,31,75
"60RB000691",96,10,86
"60RB000692",79,12,67
"60RB000693",141,30,111
"60RB000694",134,22,112
"60RB000695",115,21,94
"60RB000696",107,20,87
"60RB000697",118,13,105
"60RB000698",112,16,96
"60RB000699",104,12,92
"60RB000700",99,18,81
"60RB000701",91,10,81
"60RB000702",68,12,56
"60RB000703",111,15,96
"60RB000704",94,18,76
"60RB000705",70,9,61
"60RB000706",88,19,69
"60RB000707",91,19,72
"60RB000708",134,22,112
"60RB000709",77,14,63
"60RB000710",102,12,90
"60RB000711",128,12,116
"60RB000712",173,37,136
"60RB000713",103,25,78
"60RB000714",130,28,102
"60RB000715",115,18,97
"60RB000716",98,28,70
"60RB000717",119,15,104
"60RB000718",99,19,80
"60RB000719",106,10,96
"60RB000720",113,24,89
"60RB000721",79,10,69
"60RB000722",78,12,66
"60RB000723",116,16,100
"60RB000724",141,25,116
"60RB000725",95,13,82
"60RB000726",114,34,80
"60RB000727",104,22,82
"60RB000728",130,29,101
"60RB000729",118,30,88
"60RB000730",138,50,88
"60RB000731",142,34,108
"60RB000732",209,89,120
"60RB000733",100,24,76
"60RB000734",102,20,82
"60RB000735",121,38,83
"60RB000736",160,35,125
"60RB000737",82,16,66
"60RB000738",121,19,102
"60RB000739",106,12,94
"60RB000740",76,11,65
"60RB000741",84,9,75
"60RB000742",128,12,116
"60RB000743",120,30,90
"60RB000744",153,30,123
"60RB000745",158,18,140
"60RB000746",68,7,61
"60RB000747",131,20,111
"60RB000748",155,38,117
"60RB000749",93,25,68
"60RB000750",110,20,90
"60RB000751",92,31,61
"60RB000752",98,32,66
"60RB000753",76,24,52
"60RB000754",115,31,84
"60RB000755",59,9,50
"60RB000756",87,17,70
"60RB000757",98,20,78
"60RB000758",91,12,79
"60RB000759",88,18,70
"60RB000760",104,21,83
"60RB000761",106,15,91
"60RB000762",93,22,71
"60RB000763",127,21,106
"60RB000764",166,43,123
"60RB000765",114,17,97
"60RB000766",138,38,100
"60RB000767",142,27,115
"60RB000768",92,22,70
"60RB000769",69,31,38
"60RB000770",108,19,89
"60RB000771",72,39,33
"60RB000772",142,33,109
"60RB000773",151,22,129
"60RB000774",92,13,79
"60RB000775",155,26,129
"60RB000776",212,21,191
"60RB000777",168,31,137
"60RB000778",95,13,82
"60RB000779",114,31,83
"60RB000780",114,28,86
"60RB000781",117,21,96
"60RB000782",101,27,74
"60RB000783",164,33,131
"60RB000784",149,39,110
"60RB000785",156,33,123
"60RB000786",162,19,143
"60RB000787",89,10,79
"60RB000788",122,22,100
"60RB000789",142,36,106
"60RB000790",118,34,84
"60RB000791",126,17,109
"60RB000792",91,14,77
"60RB000793",129,36,93
"60RB000794",131,25,106
"60RB000795",76,12,64
"60RB000796",53,15,38
"60RB000797",168,31,137
"60RB000798",158,35,123
"60RB000799",96,17,79
"60RB000800",108,14,94
"60RB000801",117,18,99
"60RB000802",67,22,45
"60RB000803",108,34,74
"60RB000804",118,17,101
"60RB000805",114,20,94
"60RB000806",135,37,98
"60RB000807",148,9,139
"60RB000808",132,18,114
"60RB000809",118,22,96
"60RB000810",133,20,113
"60RB000811",129,40,89
"60RB000812",167,24,143
"60RB000813",109,26,83
"60RB000814",148,20,128
"60RB000815",73,13,60
"60RB000816",122,12,110
"60RB000817",101,20,81
"60RB000818",91,16,75
"60RB000819",120,16,104
"60RB000820",85,16,69
"60RB000821",57,5,52
"60RB000822",88,14,74
"60RB000823",65,15,50
"60RB000824",99,26,73
"60RB000825",157,18,139
"60RB000826",93,14,79
"60RB000827",108,22,86
"60RB000828",56,9,47
"60RB000829",71,17,54
"60RB000830",104,21,83
"60RB000831",68,13,55
"60RB000832",55,11,44
"60RB000833",81,13,68
"60RB000834",109,18,91
"60RB000835",91,26,65
"60RB000836",61,7,54
"60RB000837",118,21,97
"60RB000838",66,16,50
"60RB000839",103,14,89
"60RB000840",97,29,68
"60RB000841",66,22,44
"60RB000842",163,34,129
"60RB000843",115,17,98
"60RB000844",102,9,93
"60RB000845",81,17,64
"60RB000846",51,3,48
"60RB000847",110,9,101
"60RB000848",132,19,113
"60RB000849",528,28,500
"60RB000850",197,24,173
"60RB000851",82,11,71
"60RB000852",130,8,122
"60RB000853",80,6,74
"60RB000854",96,14,82
"60RB000855",54,3,51
"60RB000856",57,3,54
"60RB000857",112,16,96
"60RB000858",113,13,100
"60RB000859",68,11,57
"60RB000860",73,8,65
"60RB000861",106,8,98
"60RB000862",112,26,86
"60RB000863",119,14,105
"60RB000864",112,14,98
"60RB000865",89,21,68
"60RB000866",96,14,82
"60RB000867",185,23,162
"60RB000868",105,15,90
"60RB000869",138,21,117
"60RB000870",113,23,90
"60RB000871",77,7,70
"60RB000872",131,19,112
"60RB000873",52,12,40
"60RB000874",51,5,46
"60RB000875",65,8,57
"60RB000876",122,17,105
"60RB000877",134,31,103
"60RB000878",128,27,101
"60RB000879",74,15,59
"60RB000880",80,11,69
"60RB000881",107,11,96
"60RB000882",62,11,51
"60RB000883",66,15,51
"60RB000884",61,11,50
"60RB000885",102,16,86
"60RB000886",93,19,74
"60RB000887",82,7,75
"60RB000888",111,22,89
"60RB000889",57,8,49
"60RB000890",62,11,51
"60RB000891",86,11,75
"60RB000892",115,51,64
"60RB000893",68,6,62
"60RB000894",72,11,61
"60RB000895",51,7,44
"60RB000896",71,10,61
"60RB000897",63,15,48
"60RB000898",191,20,171
"60RB000899",83,6,77
"60RB000900",54,12,42
"60RB000901",151,47,104
"60RB000902",106,28,78
"60RB000903",68,14,54
"60RB000904",100,10,90
"60RB000905",103,15,88
"60RB000906",52,8,44
"60RB000907",70,15,55
"60RB000908",87,11,76
"60RB000909",91,8,83
"60RB000910",112,14,98
"60RB000911",78,13,65
"60RB000912",157,22,135
"60RB000913",142,7,135
"60RB000914",90,10,80
"60RB000915",112,24,88
"60RB000916",59,10,49
"60RB000917",90,19,71
"60RB000918",107,11,96
"60RB000919",74,24,50
"60RB000920",124,64,60
"60RB000921",89,10,79
"60RB000922",86,12,74
"60RB000923",57,9,48
"60RB000924",138,27,111
"60RB000925",100,31,69
"60RB000926",107,10,97
"60RB000927",67,9,58
"60RB000928",113,16,97
"60RB000929",121,29,92
"60RB000930",89,5,84
"60RB000931",81,16,65
"60RB000932",107,24,83
"60RB000933",136,25,111
"60RB000934",97,6,91
"60RB000935",157,55,102
"60RB000936",114,15,99
"60RB000937",152,17,135
"60RB000938",58,8,50
"60RB000939",136,38,98
"60RB000940",79,14,65
"60RB000941",113,22,91
"60RB000942",87,13,74
"60RB000943",84,24,60
"60RB000944",78,16,62
"60RB000945",99,23,76
"60RB000946",87,16,71
"60RB000947",123,18,105
"60RB000948",71,11,60
"60RB000949",106,7,99
"60RB000950",121,13,108
"60RB000951",119,1,118
"60RB000952",250,49,201
"60RB000953",181,18,163
"60RB000954",68,12,56
"60RB000955",135,12,123
"60RB000956",176,22,154
"60RB000957",170,17,153
"60RB000958",161,16,145
"60RB000959",144,18,126
"60RB000960",140,24,116
"60RB000961",131,15,116
"60RB000962",153,20,133
"60RB000963",143,17,126
"60RB000964",218,81,137
"60RB000965",170,15,155
"60RB000966",134,18,116
"60RB000967",103,5,98
"60RB000968",122,13,109
"60RB000969",180,23,157
"60RB000970",97,12,85
"60RB000971",99,12,87
"60RB000972",92,16,76
"60RB000973",121,14,107
"60RB000974",154,24,130
"60RB000975",118,20,98
"60RB000976",130,27,103
"60RB000977",68,13,55
"60RB000978",316,77,239
"60RB000979",107,17,90
"60RB000980",114,6,108
"60RB000981",181,18,163
"60RB000982",62,12,50
"60RB000983",99,18,81
"60RB000984",100,20,80
"60RB000985",103,15,88
"60RB000986",120,20,100
"60RB000987",138,15,123
"60RB000988",105,20,85
"60RB000989",200,45,155
"60RB000990",105,21,84
"60RB000991",105,18,87
"60RB000992",104,10,94
"60RB000993",93,18,75
"60RB000994",127,12,115
"60RB000995",89,12,77
"60RB000996",144,14,130
"60RB000997",93,23,70
"60RB000998",66,3,63
"60RB000999",121,13,108
"60RB001000",108,15,93
"60RB001001",108,18,90
"60RB001002",113,20,93
"60RB001003",96,14,82
"60RB001004",113,13,100
"60RB001005",97,19,78
"60RB001006",99,11,88
"60RB001007",87,11,76
"60RB001008",171,42,129
"60RB001009",162,22,140
"60RB001010",112,21,91
"60RB001011",77,9,68
"60RB001012",123,10,113
"60RB001013",153,29,124
"60RB001014",126,24,102
"60RB001015",97,24,73
"60RB001016",83,10,73
"60RB001017",159,25,134
"60RB001018",63,38,25
"60RB001019",196,35,161
"60RB001020",52,25,27
"60RB001021",116,38,78
"60RB001022",93,16,77
"60RB001023",109,24,85
"60RB001024",122,18,104
"60RB001025",77,13,64
"60RB001026",111,19,92
"60RB001027",74,30,44
"60RB001028",68,17,51
"60RB001029",50,22,28
"60RB001030",73,4,69
"60RB001031",144,13,131
"60RB001032",146,10,136
"60RB001033",221,90,131
"60RB001034",194,10,184
"60RB001035",112,17,95
"60RB001036",124,5,119
"60RB001037",131,9,122
"60RB001038",154,3,151
"60RB001039",101,2,99
"60RB001040",138,10,128
"60RB001041",76,15,61
"60RB001042",167,17,150
"60RB001043",156,17,139
"60RB001044",190,16,174
"60RB001045",63,15,48
"60RB001046",115,16,99
"60RB001047",164,31,133
"60RB001048",217,2,215
"60RB001049",169,11,158
"60RB001050",134,13,121
"60RB001051",118,5,113
"60RB001052",55,1,54
"60RB001053",95,13,82
"60RB001054",118,26,92
"60RB001055",101,11,90
"60RB001056",103,16,87
"60RB001057",135,22,113
"60RB001058",99,32,67
"60RB001059",68,10,58
"60RB001060",162,38,124
"60RB001061",144,20,124
"60RB001062",184,32,152
"60RB001063",108,37,71
"60RB001064",72,32,40
"60RB001065",53,24,29
"60RB001066",149,23,126
"60RB001067",97,39,58
"60RB001068",80,35,45
"60RB001069",54,4,50
"60RB001070",60,4,56
"60RB001071",89,15,74
"60RB001072",98,39,59
"60RB001073",97,11,86
"60RB001074",130,12,118
"60RB001075",129,13,116
"60RB001076",105,6,99
"60RB001077",80,34,46
"60RB001078",95,16,79
"60RB001079",114,61,53
"60RB001080",86,15,71
"60RB001081",51,26,25
"60RB001082",162,73,89
"60RB001083",121,13,108
"60RB001084",62,18,44
"60RB001085",105,23,82
"60RB001086",60,22,38
"60RB001087",116,16,100
"60RB001088",352,85,267
"60RB001089",55,14,41
"60RB001090",122,54,68
"60RB001091",138,38,100
"60RB001092",71,11,60
"60RB001093",88,41,47
"60RB001094",82,10,72
"60RB001095",95,16,79
"60RB001096",95,12,83
"60RB001097",62,6,56
"60RB001098",128,34,94
"60RB001099",88,17,71
"60RB001100",68,19,49
"60RB001101",61,10,51
"60RB001102",97,27,70
"60RB001103",73,18,55
"60RB001104",56,28,28
"60RB001105",123,14,109
"60RB001106",66,7,59
"60RB001107",80,5,75
"60RB001108",111,12,99
"60RB001109",208,57,151
"60RB001110",63,8,55
"60RB001111",155,24,131
"60RB001112",124,18,106
"60RB001113",84,3,81
"60RB001114",167,34,133
"60RB001115",77,19,58
"60RB001116",113,18,95
"60RB001117",94,24,70
"60RB001118",139,18,121
"60RB001119",78,4,74
"60RB001120",56,8,48
"60RB001121",132,25,107
"60RB001122",218,49,169
"60RB001123",66,13,53
"60RB001124",162,21,141
"60RB001125",148,46,102
"60RB001126",221,56,165
"60RB001127",114,23,91
"60RB001128",103,19,84
"60RB001129",128,21,107
"60RB001130",93,32,61
"60RB001131",61,12,49
"60RB001132",117,18,99
"60RB001133",112,22,90
"60RB001134",102,21,81
"60RB001135",81,25,56
"60RB001136",163,40,123
"60RB001137",85,11,74
"60RB001138",125,18,107
"60RB001139",95,36,59
"60RB001140",68,34,34
"60RB001141",67,10,57
"60RB001142",97,16,81
"60RB001143",154,26,128
"60RB001144",72,23,49
"60RB001145",141,30,111
"60RB001146",92,24,68
"60RB001147",153,32,121
"60RB001148",101,17,84
"60RB001149",51,19,32
"60RB001150",119,19,100
"60RB001151",310,35,275
"60RB001152",167,53,114
"60RB001153",169,19,150
"60RB001154",93,13,80
"60RB001155",124,13,111
"60RB001156",412,27,385
"60RB001157",115,27,88
"60RB001158",58,18,40
"60RB001159",94,13,81
"60RB001160",106,13,93
"60RB001161",64,24,40
"60RB001162",106,31,75
"60RB001163",102,13,89
"60RB001164",126,17,109
"60RC000001",438,312,126
"60RC000002",69,13,56
"60RC000003",182,18,164
"60RC000004",69,6,63
"60RC000005",159,45,114
"60RC000006",167,19,148
"60RC000007",70,7,63
"60RC000008",58,12,46
"60RC000009",81,12,69
"60RC000010",73,13,60
"60RC000011",165,31,134
"60RC000012",170,26,144
"60RC000013",110,26,84
"60RC000014",118,18,100
"60RC000015",98,35,63
"60RC000016",62,2,60
"60RC000017",145,21,124
"60RC000018",94,14,80
"60RC000019",97,40,57
"60RC000020",133,24,109
"60RC000021",92,22,70
"60RC000022",105,25,80
"60RC000023",141,38,103
"60RC000024",133,44,89
"60RC000025",157,35,122
"60RC000026",156,34,122
"60RC000027",117,42,75
"60RC000028",106,24,82
"60RC000029",95,18,77
"60RC000030",106,33,73
"60RC000031",116,28,88
"60RC000032",153,34,119
"60RC000033",62,36,26
"60RC000034",87,22,65
"60RC000035",112,34,78
"60RC000036",139,44,95
"60RC000037",71,23,48
"60RC000038",83,44,39
"60RC000039",110,46,64
"60RC000040",85,18,67
"60RC000041",105,23,82
"60RC000042",123,32,91
"60RC000043",149,36,113
"60RC000044",114,32,82
"60RC000045",233,52,181
"60RC000046",141,26,115
"60RC000047",137,47,90
"60RC000048",51,16,35
"60RC000049",97,25,72
"60RC000050",72,29,43
"60RC000051",66,23,43
"60RC000052",80,27,53
"60RC000053",150,45,105
"60RC000054",140,58,82
"60RC000055",86,14,72
"60RC000056",100,29,71
"60RC000057",78,48,30
"60RC000058",87,31,56
"60RC000059",121,49,72
"60RC000060",112,42,70
"60RC000061",54,17,37
"60RC000062",78,18,60
"60RC000063",116,25,91
"60RC000064",88,20,68
"60RC000065",88,21,67
"60RC000066",135,26,109
"60RC000067",120,40,80
"60RC000068",102,37,65
"60RC000069",86,20,66
"60RC000070",102,22,80
"60RC000071",212,13,199
"60RC000072",152,45,107
"60RC000073",97,14,83
"60RC000074",142,22,120
"60RC000075",127,37,90
"60RC000076",85,25,60
"60RC000077",113,37,76
"60RC000078",130,41,89
"60RC000079",70,35,35
"60RC000080",106,36,70
"60RC000081",99,67,32
"60RC000082",123,30,93
"60RC000083",106,38,68
"60RC000084",170,44,126
"60RC000085",104,52,52
"60RC000086",104,28,76
"60RC000087",114,43,71
"60RC000088",62,17,45
"60RC000089",78,27,51
"60RC000090",117,42,75
"60RC000091",102,25,77
"60RC000092",125,26,99
"60RC000093",95,28,67
"60RC000094",118,21,97
"60RC000095",53,16,37
"60RC000096",68,24,44
"60RC000097",78,13,65
"60RC000098",51,12,39
"60RC000099",99,24,75
"60RC000100",131,31,100
"60RC000101",81,15,66
"60RC000102",95,22,73
"60RC000103",126,39,87
"60RC000104",131,19,112
"60RC000105",103,19,84
"60RC000106",110,22,88
"60RC000107",119,35,84
"60RC000108",156,32,124
"60RC000109",84,7,77
"60RC000110",81,27,54
"60RC000111",114,45,69
"60RC000112",78,8,70
"60RC000113",81,27,54
"60RC000114",100,15,85
"60RC000115",149,37,112
"60RC000116",99,15,84
"60RC000117",112,26,86
"60RC000118",116,17,99
"60RC000119",166,53,113
"60RC000120",124,36,88
"60RC000121",147,35,112
"60RC000122",56,19,37
"60RC000123",143,35,108
"60RC000124",167,31,136
"60RC000125",195,37,158
"60RC000126",166,40,126
"60RC000127",176,35,141
"60RC000128",87,14,73
"60RC000129",134,32,102
"60RC000130",116,15,101
"60RC000131",128,22,106
"60RC000132",61,21,40
"60RC000133",87,19,68
"60RC000134",52,10,42
"60RC000135",168,37,131
"60RC000136",78,22,56
"60RC000137",106,30,76
"60RC000138",171,51,120
"60RC000139",178,46,132
"60RC000140",93,37,56
"60RC000141",98,28,70
"60RC000142",158,41,117
"60RC000143",152,31,121
"60RC000144",98,19,79
"60RC000145",98,37,61
"60RC000146",92,30,62
"60RC000147",106,41,65
"60RC000148",95,20,75
"60RC000149",85,34,51
"60RC000150",92,23,69
"60RC000151",83,22,61
"60RC000152",117,34,83
"60RC000153",143,33,110
"60RC000154",117,23,94
"60RC000155",195,45,150
"60RC000156",130,37,93
"60RC000157",136,18,118
"60RC000158",161,41,120
"60RC000159",57,13,44
"60RC000160",218,21,197
"60RC000161",154,23,131
"60RC000162",148,25,123
"60RC000163",133,56,77
"60RC000164",119,14,105
"60RC000165",163,22,141
"60RC000166",159,34,125
"60RC000167",141,24,117
"60RC000168",129,23,106
"60RC000169",155,19,136
"60RC000170",115,14,101
"60RC000171",118,27,91
"60RC000172",95,9,86
"60RC000173",111,22,89
"60RC000174",112,29,83
"60RC000175",95,17,78
"60RC000176",156,29,127
"60RC000177",179,20,159
"60RC000178",118,27,91
"60RC000179",125,25,100
"60RC000180",107,24,83
"60RC000181",194,37,157
"60RC000182",136,38,98
"60RC000183",197,25,172
"60RC000184",81,37,44
"60RC000185",133,29,104
"60RC000186",169,43,126
"60RC000187",138,23,115
"60RC000188",146,28,118
"60RC000189",95,19,76
"60RC000190",112,25,87
"60RC000191",93,38,55
"60RC000192",166,32,134
"60RC000193",124,36,88
"60RC000194",185,39,146
"60RC000195",154,21,133
"60RC000196",163,20,143
"60RC000197",154,22,132
"60RC000198",173,38,135
"60RC000199",173,40,133
"60RC000200",172,21,151
"60RC000201",203,31,172
"60RC000202",148,34,114
"60RC000203",179,42,137
"60RC000204",68,16,52
"60RC000205",141,21,120
"60RC000206",209,50,159
"60RC000207",130,26,104
"60RC000208",156,27,129
"60RC000209",110,26,84
"60RC000210",100,13,87
"60RC000211",119,42,77
"60RC000212",104,30,74
"60RC000213",126,21,105
"60RC000214",115,39,76
"60RC000215",134,35,99
"60RC000216",101,47,54
"60RC000217",90,38,52
"60RC000218",83,35,48
"60RC000219",102,31,71
"60RC000220",158,64,94
"60RC000221",143,45,98
"60RC000222",128,39,89
"60RC000223",124,43,81
"60RC000224",113,26,87
"60RC000225",115,38,77
"60RC000226",171,60,111
"60RC000227",146,31,115
"60RC000228",191,41,150
"60RC000229",167,33,134
"60RC000230",117,31,86
"60RC000231",104,16,88
"60RC000232",51,5,46
"60RC000233",101,15,86
"60RC000234",80,21,59
"60RC000235",66,11,55
"60RC000236",112,19,93
"60RC000237",126,17,109
"60RC000238",112,28,84
"60RC000239",104,32,72
"60RC000240",108,7,101
"60RC000241",87,28,59
"60RC000242",70,14,56
"60RC000243",77,25,52
"60RC000244",126,38,88
"60RC000245",118,28,90
"60RC000246",109,34,75
"60RC000247",133,11,122
"60RC000248",88,17,71
"60RC000249",80,14,66
"60RC000250",85,15,70
"60RC000251",76,10,66
"60RC000252",135,30,105
"60RC000253",91,14,77
"60RC000254",119,25,94
"60RC000255",97,21,76
"60RC000256",96,18,78
"60RC000257",63,18,45
"60RC000258",67,16,51
"60RC000259",55,40,15
"60RC000260",127,16,111
"60RC000261",108,33,75
"60RC000262",84,19,65
"60RC000263",100,13,87
"60RC000264",138,23,115
"60RC000265",97,19,78
"60RC000266",100,20,80
"60RC000267",73,15,58
"60RC000268",98,33,65
"60RC000269",85,28,57
"60RC000270",96,11,85
"60RC000271",70,17,53
"60RC000272",143,20,123
"60RC000273",157,58,99
"60RC000274",67,31,36
"60RC000275",56,36,20
"60RC000276",87,30,57
"60RC000277",114,30,84
"60RC000278",108,44,64
"60RC000279",56,13,43
"60RC000280",89,37,52
"60RC000281",79,39,40
"60RC000282",99,24,75
"60RC000283",64,15,49
"60RC000284",102,28,74
"60RC000285",55,32,23
"60RC000286",113,9,104
"60RC000287",108,14,94
"60RC000288",76,20,56
"60RC000289",64,12,52
"60RC000290",137,45,92
"60RC000291",66,10,56
"60RC000292",156,31,125
"60RC000293",71,12,59
"60RC000294",106,50,56
"60RC000295",86,41,45
"60RC000296",156,54,102
"60RC000297",74,29,45
"60RC000298",87,32,55
"60RC000299",102,35,67
"60RC000300",148,13,135
"60RC000301",52,4,48
"60RC000302",81,9,72
"60RC000303",60,5,55
"60RC000304",93,18,75
"60RC000305",78,10,68
"60RC000306",54,10,44
"60RC000307",121,30,91
"60RC000308",60,19,41
"60RC000309",124,30,94
"60RC000310",138,11,127
"60RC000311",207,41,166
"60RC000312",61,17,44
"60RC000313",97,25,72
"60RC000314",106,25,81
"60RC000315",56,21,35
"60RC000316",101,35,66
"60RC000317",58,25,33
"60RC000318",72,9,63
"60RC000319",92,43,49
"60RC000320",73,17,56
"60RC000321",107,14,93
"60RC000322",125,28,97
"60RC000323",165,63,102
"60RC000324",96,31,65
"60RC000325",94,19,75
"60RC000326",128,11,117
"60RC000327",69,35,34
"60RC000328",114,11,103
"60RC000329",123,16,107
"60RC000330",102,26,76
"60RC000331",85,31,54
"60RC000332",84,36,48
"60RC000333",85,24,61
"60RC000334",103,29,74
"60RC000335",85,31,54
"60RC000336",148,54,94
"60RC000337",110,36,74
"60RC000338",97,12,85
"60RC000339",79,21,58
"60RC000340",51,10,41
"60RC000341",136,13,123
"60RC000342",158,31,127
"60RC000343",147,9,138
"60RC000344",103,18,85
"60RC000345",108,18,90
"60RC000346",166,17,149
"60RC000347",118,18,100
"60RC000348",146,18,128
"60RC000349",127,20,107
"60RC000350",62,10,52
"60RC000351",96,11,85
"60RC000352",132,18,114
"60RC000353",120,26,94
"60RC000354",96,14,82
"60RC000355",122,13,109
"60RC000356",134,16,118
"60RC000357",111,12,99
"60RC000358",119,16,103
"60RC000359",207,24,183
"60RC000360",128,21,107
"60RC000361",171,24,147
"60RC000362",180,29,151
"60RC000363",126,29,97
"60RC000364",124,19,105
"60RC000365",113,19,94
"60RC000366",152,25,127
"60RC000367",171,27,144
"60RC000368",80,46,34
"60RC000369",113,15,98
"60RC000370",103,7,96
"60RC000371",143,23,120
"60RC000372",101,18,83
"60RC000373",113,26,87
"60RC000374",202,23,179
"60RC000375",166,23,143
"60RC000376",134,26,108
"60RC000377",101,21,80
"60RC000378",124,13,111
"60RC000379",114,18,96
"60RC000380",105,22,83
"60RC000381",110,23,87
"60RC000382",151,33,118
"60RC000383",119,50,69
"60RC000384",87,7,80
"60RC000385",162,13,149
"60RC000386",91,16,75
"60RC000387",119,20,99
"60RC000388",111,18,93
"60RC000389",123,6,117
"60RC000390",119,24,95
"60RC000391",145,87,58
"60RC000392",95,29,66
"60RC000393",212,106,106
"60RC000394",64,57,7
"60RC000395",107,51,56
"60RC000396",108,52,56
"60RC000397",65,33,32
"60RC000398",76,35,41
"60RC000399",81,31,50
"60RC000400",134,26,108
"60RC000401",148,15,133
"60RC000402",179,17,162
"60RC000403",56,11,45
"60RC000404",50,4,46
"60RC000405",92,19,73
"60RC000406",103,17,86
"60RC000407",78,18,60
"60RC000408",115,56,59
"60RC000409",67,37,30
"60RC000410",113,58,55
"60RC000411",100,44,56
"60RC000412",124,57,67
"60RC000413",89,37,52
"60RC000414",78,43,35
"60RC000415",70,33,37
"60RC000416",81,34,47
"60RC000417",69,34,35
"60RC000418",248,54,194
"60RC000419",112,28,84
"60RC000420",131,28,103
"60RC000421",107,42,65
"60RC000422",232,38,194
"60RC000423",175,45,130
"60RC000424",74,30,44
"60RC000425",154,24,130
"60RC000426",89,23,66
"60RC000427",104,42,62
"60RC000428",175,39,136
"60RC000429",99,27,72
"60RC000430",109,22,87
"60RC000431",53,20,33
"60RC000432",88,13,75
"60RC000433",131,36,95
"60RC000434",124,24,100
"60RC000435",172,28,144
"60RC000436",146,23,123
"60RC000437",93,16,77
"60RC000438",52,18,34
"60RC000439",121,43,78
"60RC000440",167,35,132
"60RC000441",93,24,69
"60RC000442",97,17,80
"60RC000443",72,16,56
"60RC000444",172,70,102
"60RC000445",63,17,46
"60RC000446",101,22,79
"60RC000447",157,47,110
"60RC000448",159,34,125
"60RC000449",197,45,152
"60RC000450",98,18,80
"60RC000451",137,11,126
"60RC000452",135,10,125
"60RC000453",212,26,186
"60RC000454",211,19,192
"60RC000455",126,14,112
"60RC000456",115,16,99
"60RC000457",118,23,95
"60RC000458",102,45,57
"60RC000459",127,47,80
"60RC000460",108,23,85
"60RC000461",118,29,89
"60RC000462",114,30,84
"60RC000463",101,20,81
"60RC000464",108,31,77
"60RC000465",129,42,87
"60RC000466",80,25,55
"60RC000467",98,34,64
"60RC000468",103,26,77
"60RC000469",78,20,58
"60RC000470",99,30,69
"60RC000471",118,31,87
"60RC000472",161,39,122
"60RC000473",112,22,90
"60RC000474",109,23,86
"60RC000475",134,72,62
"60RC000476",142,28,114
"60RC000477",153,17,136
"60RC000478",95,26,69
"60RC000479",123,22,101
"60RC000480",163,48,115
"60RC000481",154,47,107
"60RC000482",132,34,98
"60RC000483",72,31,41
"60RC000484",114,35,79
"60RC000485",145,39,106
"60RC000486",134,31,103
"60RC000487",106,30,76
"60RC000488",101,20,81
"60RC000489",103,34,69
"60RC000490",107,24,83
"60RC000491",110,25,85
"60RC000492",125,27,98
"60RC000493",109,30,79
"60RC000494",113,20,93
"60RC000495",98,23,75
"60RC000496",109,29,80
"60RC000497",221,145,76
"60RC000498",104,21,83
"60RC000499",164,49,115
"60RC000500",156,40,116
"60RC000501",161,25,136
"60RC000502",88,8,80
"60RC000503",61,15,46
"60RC000504",92,30,62
"60RC000505",102,20,82
"60RC000506",120,33,87
"60RC000507",133,32,101
"60RC000508",132,35,97
"60RC000509",98,24,74
"60RC000510",110,27,83
"60RC000511",111,34,77
"60RC000512",114,23,91
"60RC000513",111,22,89
"60RC000514",113,24,89
"60RC000515",173,29,144
"60RC000516",129,27,102
"60RC000517",208,30,178
"60RC000518",175,19,156
"60RC000519",108,19,89
"60RC000520",68,20,48
"60RC000521",82,22,60
"60RC000522",95,8,87
"60RC000523",144,12,132
"60RC000524",134,12,122
"60RC000525",136,20,116
"60RC000526",86,22,64
"60RC000527",125,23,102
"60RC000528",134,21,113
"60RC000529",92,8,84
"60RC000530",145,16,129
"60RC000531",132,9,123
"60RC000532",117,16,101
"60RC000533",147,37,110
"60RC000534",74,17,57
"60RC000535",96,37,59
"60RC000536",79,34,45
"60RC000537",70,2,68
"60RC000538",141,53,88
"60RC000539",131,22,109
"60RC000540",166,47,119
"60RC000541",134,31,103
"60RC000542",85,12,73
"60RC000543",114,17,97
"60RC000544",85,5,80
"60RC000545",72,11,61
"60RC000546",79,12,67
"60RC000547",120,25,95
"60RC000548",138,34,104
"60RC000549",105,52,53
"60RC000550",135,16,119
"60RC000551",157,18,139
"60RC000552",126,24,102
"60RC000553",74,4,70
"60RC000554",96,14,82
"60RC000555",118,12,106
"60RC000556",125,6,119
"60RC000557",118,6,112
"60RC000558",156,16,140
"60RC000559",105,13,92
"60RC000560",136,17,119
"60RC000561",138,10,128
"60RC000562",116,9,107
"60RC000563",170,20,150
"60RC000564",128,21,107
"60RC000565",129,19,110
"60RC000566",201,50,151
"60RC000567",150,15,135
"60RC000568",101,10,91
"60RC000569",103,14,89
"60RC000570",139,13,126
"60RC000571",134,10,124
"60RC000572",161,35,126
"60RC000573",99,35,64
"60RC000574",92,19,73
"60RC000575",161,28,133
"60RC000576",123,12,111
"60RC000577",120,10,110
"60RC000578",125,25,100
"60RC000579",96,18,78
"60RC000580",93,27,66
"60RC000581",146,35,111
"60RC000582",127,19,108
"60RC000583",108,26,82
"60RC000584",107,29,78
"60RC000585",86,19,67
"60RC000586",143,25,118
"60RC000587",88,22,66
"60RC000588",115,20,95
"60RC000589",86,28,58
"60RC000590",78,22,56
"60RC000591",124,32,92
"60RC000592",110,21,89
"60RC000593",130,30,100
"60RC000594",108,27,81
"60RC000595",75,23,52
"60RC000596",141,59,82
"60RC000597",166,46,120
"60RC000598",104,31,73
"60RC000599",81,21,60
"60RC000600",113,33,80
"60RC000601",75,18,57
"60RC000602",96,24,72
"60RC000603",96,24,72
"60RC000604",106,34,72
"60RC000605",132,33,99
"60RC000606",89,29,60
"60RC000607",64,25,39
"60RC000608",71,26,45
"60RC000609",101,26,75
"60RC000610",107,27,80
"60RC000611",141,38,103
"60RC000612",127,35,92
"60RC000613",79,22,57
"60RC000614",194,44,150
"60RC000615",220,48,172
"60RC000616",95,35,60
"60RC000617",139,36,103
"60RC000618",75,21,54
"60RC000619",119,20,99
"60RC000620",97,23,74
"60RC000621",66,3,63
"60RC000622",66,24,42
"60RC000623",113,32,81
"60RC000624",149,33,116
"60RC000625",83,15,68
"60RC000626",91,23,68
"60RC000627",78,11,67
"60RC000628",78,30,48
"60RC000629",53,15,38
"60RC000630",87,19,68
"60RC000631",73,17,56
"60RC000632",73,11,62
"60RC000633",90,22,68
"60RC000634",59,10,49
"60RC000635",76,30,46
"60RC000636",71,15,56
"60RC000637",56,10,46
"60RC000638",96,13,83
"60RC000639",119,15,104
"60RC000640",66,11,55
"60RC000641",147,22,125
"60RC000642",132,11,121
"60RC000643",88,31,57
"60RC000644",113,25,88
"60RC000645",80,25,55
"60RC000646",123,28,95
"60RC000647",83,27,56
"60RC000648",131,21,110
"60RC000649",57,27,30
"60RC000650",91,23,68
"60RC000651",92,24,68
"60RC000652",80,12,68
"60RC000653",102,59,43
"60RC000654",93,30,63
"60RC000655",68,15,53
"60RC000656",99,36,63
"60RC000657",128,48,80
"60RC000658",100,36,64
"60RC000659",119,37,82
"60RC000660",86,51,35
"60RC000661",80,35,45
"60RC000662",124,26,98
"60RC000663",68,30,38
"60RC000664",96,22,74
"60RC000665",86,21,65
"60RC000666",129,30,99
"60RC000667",98,18,80
"60RC000668",91,19,72
"60RC000669",137,40,97
"60RC000670",101,27,74
"60RC000671",80,30,50
"60RC000672",99,30,69
"60RC000673",87,27,60
"60RC000674",96,20,76
"60RC000675",113,23,90
"60RC000676",88,29,59
"60RC000677",91,18,73
"60RC000678",90,40,50
"60RC000679",156,23,133
"60RC000680",146,48,98
"60RC000681",96,28,68
"60RC000682",126,38,88
"60RC000683",123,31,92
"60RC000684",97,38,59
"60RC000685",89,22,67
"60RC000686",107,36,71
"60RC000687",75,26,49
"60RC000688",153,31,122
"60RC000689",94,30,64
"60RC000690",162,36,126
"60RC000691",112,36,76
"60RC000692",126,23,103
"60RC000693",138,46,92
"60RC000694",201,51,150
"60RC000695",110,41,69
"60RC000696",98,28,70
"60RC000697",110,11,99
"60RC000698",97,18,79
"60RC000699",97,11,86
"60RC000700",148,17,131
"60RC000701",95,11,84
"60RC000702",126,22,104
"60RC000703",149,20,129
"60RC000704",112,18,94
"60RC000705",139,26,113
"60RC000706",123,14,109
"60RC000707",190,39,151
"60RC000708",110,26,84
"60RC000709",124,33,91
"60RC000710",130,33,97
"60RC000711",108,17,91
"60RC000712",149,41,108
"60RC000713",81,21,60
"60RC000714",99,40,59
"60RC000715",52,20,32
"60RC000716",141,38,103
"60RC000717",103,29,74
"60RC000718",94,23,71
"60RC000719",122,37,85
"60RC000720",60,29,31
"60RC000721",61,30,31
"60RC000722",114,30,84
"60RC000723",89,17,72
"60RC000724",131,46,85
"60RC000725",60,20,40
"60RC000726",159,23,136
"60RC000727",138,40,98
"60RC000728",82,27,55
"60RC000729",76,27,49
"60RC000730",88,44,44
"60RC000731",109,39,70
"60RC000732",99,31,68
"60RC000733",116,27,89
"60RC000734",91,17,74
"60RC000735",72,14,58
"60RC000736",91,12,79
"60RC000737",129,32,97
"60RC000738",70,22,48
"60RC000739",159,31,128
"60RC000740",113,33,80
"60RC000741",87,23,64
"60RC000742",113,23,90
"60RC000743",106,25,81
"60RC000744",103,25,78
"60RC000745",131,13,118
"60RC000746",137,14,123
"60RC000747",95,35,60
"60RC000748",77,5,72
"60RC000749",99,22,77
"60RC000750",123,29,94
"60RC000751",96,24,72
"60RC000752",99,32,67
"60RC000753",91,34,57
"60RC000754",178,26,152
"60RC000755",85,21,64
"60RC000756",114,12,102
"60RC000757",115,23,92
"60RC000758",110,24,86
"60RC000759",126,33,93
"60RC000760",97,21,76
"60RC000761",114,32,82
"60RC000762",115,26,89
"60RC000763",113,33,80
"60RC000764",123,32,91
"60RC000765",107,40,67
"60RC000766",139,48,91
"60RC000767",141,33,108
"60RC000768",183,27,156
"60RC000769",155,31,124
"60RC000770",104,28,76
"60RC000771",122,25,97
"60RC000772",102,22,80
"60RC000773",152,37,115
"60RC000774",175,29,146
"60RC000775",106,29,77
"60RC000776",80,22,58
"60RC000777",54,7,47
"60RC000778",147,18,129
"60RC000779",71,19,52
"60RC000780",79,9,70
"60RC000781",187,34,153
"60RC000782",63,19,44
"60RC000783",86,15,71
"60RC000784",104,28,76
"60RC000785",95,19,76
"60RC000786",72,25,47
"60RC000787",119,45,74
"60RC000788",104,37,67
"60RC000789",74,11,63
"60RC000790",63,19,44
"60RC000791",126,15,111
"60RC000792",136,22,114
"60RC000793",147,32,115
"60RC000794",126,28,98
"60RC000795",180,30,150
"60RC000796",170,34,136
"60RC000797",116,31,85
"60RC000798",85,25,60
"60RC000799",92,27,65
"60RC000800",129,29,100
"60RC000801",83,30,53
"60RC000802",97,26,71
"60RC000803",132,24,108
"60RC000804",141,73,68
"60RC000805",117,41,76
"60RC000806",134,16,118
"60RC000807",133,18,115
"60RC000808",142,12,130
"60RC000809",244,19,225
"60RC000810",135,9,126
"60RC000811",143,26,117
"60RC000812",108,10,98
"60RC000813",114,14,100
"60RC000814",181,30,151
"60RC000815",183,22,161
"60RC000816",189,17,172
"60RC000817",198,19,179
"60RC000818",175,21,154
"60RC000819",186,27,159
"60RC000820",218,29,189
"60RC000821",159,13,146
"60RC000822",62,11,51
"60RC000823",165,22,143
"60RC000824",109,11,98
"60RC000825",115,23,92
"60RC000826",87,22,65
"60RC000827",147,28,119
"60RC000828",111,26,85
"60RC000829",103,19,84
"60RC000830",172,27,145
"60RC000831",168,34,134
"60RC000832",129,14,115
"60RC000833",114,21,93
"60RC000834",133,36,97
"60RC000835",100,29,71
"60RC000836",139,12,127
"60RC000837",131,17,114
"60RC000838",160,26,134
"60RC000839",134,9,125
"60RC000840",157,13,144
"60RC000841",151,27,124
"60RC000842",135,16,119
"60RC000843",149,18,131
"60RC000844",131,15,116
"60RC000845",159,12,147
"60RC000846",209,23,186
"60RC000847",165,19,146
"60RC000848",89,10,79
"60RC000849",99,11,88
"60RC000850",123,10,113
"60RC000851",96,23,73
"60RC000852",80,26,54
"60RC000853",125,25,100
"60RC000854",133,20,113
"60RC000855",136,44,92
"60RC000856",157,27,130
"60RC000857",111,34,77
"60RC000858",92,22,70
"60RC000859",146,36,110
"60RC000860",123,28,95
"60RC000861",93,26,67
"60RC000862",145,25,120
"60RC000863",89,21,68
"60RC000864",134,13,121
"60RC000865",113,13,100
"60RC000866",154,22,132
"60RC000867",214,16,198
"60RC000868",183,22,161
"60RC000869",110,7,103
"60RC000870",157,12,145
"60RC000871",201,25,176
"60RC000872",169,8,161
"60RC000873",133,7,126
"60RC000874",113,20,93
"60RC000875",159,9,150
"60RC000876",127,9,118
"60RC000877",159,18,141
"60RC000878",134,18,116
"60RC000879",128,8,120
"60RC000880",141,15,126
"60RC000881",177,15,162
"60RC000882",104,14,90
"60RC000883",192,19,173
"60RC000884",191,17,174
"60RC000885",140,22,118
"60RC000886",162,15,147
"60RC000887",174,15,159
"60RC000888",133,19,114
"60RC000889",127,16,111
"60RC000890",108,17,91
"60RC000891",84,25,59
"60RC000892",111,13,98
"60RC000893",153,22,131
"60RC000894",146,55,91
"60RC000895",143,27,116
"60RC000896",85,18,67
"60RC000897",216,18,198
"60RC000898",163,10,153
"60RC000899",135,8,127
"60RC000900",177,23,154
"60RC000901",155,12,143
"60RC000902",117,13,104
"60RC000903",136,14,122
"60RC000904",182,39,143
"60RC000905",114,22,92
"60RC000906",107,15,92
"60RC000907",137,23,114
"60RC000908",109,28,81
"60RC000909",101,24,77
"60RC000910",135,31,104
"60RC000911",155,32,123
"60RC000912",87,33,54
"60RC000913",206,34,172
"60RC000914",159,41,118
"60RC000915",141,39,102
"60RC000916",136,40,96
"60RC000917",163,13,150
"60RC000918",155,17,138
"60RC000919",166,14,152
"60RC000920",156,12,144
"60RC000921",167,10,157
"60RC000922",180,53,127
"60RC000923",127,38,89
"60RC000924",97,42,55
"60RC000925",92,23,69
"60RC000926",94,19,75
"60RC000927",135,34,101
"60RC000928",208,46,162
"60RC000929",129,41,88
"60RC000930",195,41,154
"60RC000931",110,29,81
"60RC000932",142,38,104
"60RC000933",142,55,87
"60RC000934",181,52,129
"60RC000935",169,40,129
"60RC000936",118,35,83
"60RC000937",189,57,132
"60RC000938",135,31,104
"60RC000939",100,26,74
"60RC000940",165,29,136
"60RC000941",174,45,129
"60RC000942",149,27,122
"60RC000943",151,14,137
"60RC000944",140,23,117
"60RC000945",123,18,105
"60RC000946",119,27,92
"60RC000947",86,17,69
"60RC000948",115,25,90
"60RC000949",138,9,129
"60RC000950",161,42,119
"60RC000951",188,17,171
"60RC000952",202,13,189
"60RC000953",77,7,70
"60RC000954",109,16,93
"60RC000955",113,6,107
"60RC000956",109,17,92
"60RC000957",143,31,112
"60RC000958",124,20,104
"60RC000959",146,44,102
"60RC000960",153,24,129
"60RC000961",68,16,52
"60RC000962",123,9,114
"60RC000963",174,38,136
"60RC000964",105,21,84
"60RC000965",143,19,124
"60RC000966",72,16,56
"60RC000967",147,57,90
"60RC000968",87,25,62
"60RC000969",120,13,107
"60RC000970",98,29,69
"60RC000971",171,31,140
"60RC000972",127,30,97
"60RC000973",96,37,59
"60RC000974",115,14,101
"60RC000975",107,24,83
"60RC000976",126,18,108
"60RC000977",171,24,147
"60RC000978",210,12,198
"60RC000979",217,22,195
"60RC000980",162,20,142
"60RC000981",237,17,220
"60RC000982",168,14,154
"60RC000983",165,18,147
"60RC000984",134,24,110
"60RC000985",190,26,164
"60RC000986",166,22,144
"60RC000987",132,20,112
"60RC000988",101,15,86
"60RC000989",104,14,90
"60RC000990",85,33,52
"60RC000991",125,19,106
"60RC000992",159,18,141
"60RC000993",100,27,73
"60RC000994",108,25,83
"60RC000995",124,47,77
"60RC000996",168,18,150
"60RC000997",172,26,146
"60RC000998",97,11,86
"60RC000999",121,17,104
"60RC001000",216,9,207
"60RC001001",168,19,149
"60RC001002",144,22,122
"60RC001003",210,11,199
"60RC001004",158,10,148
"60RC001005",144,17,127
"60RC001006",187,17,170
"60RC001007",185,20,165
"60RC001008",128,14,114
"60RC001009",117,22,95
"60RC001010",125,23,102
"60RC001011",135,27,108
"60RC001012",51,15,36
"60RC001013",150,16,134
"60RC001014",72,21,51
"60RC001015",101,17,84
"60RC001016",75,15,60
"60RC001017",95,27,68
"60RC001018",72,18,54
"60RC001019",101,22,79
"60RC001020",109,19,90
"60RC001021",107,28,79
"60RC001022",62,6,56
"60RC001023",120,19,101
"60RC001024",67,19,48
"60RC001025",86,7,79
"60RC001026",167,32,135
"60RC001027",137,11,126
"60RC001028",67,3,64
"60RC001029",125,8,117
"60RC001030",104,25,79
"60RC001031",59,13,46
"60RC001032",79,5,74
"60RC001033",158,18,140
"60RC001034",104,27,77
"60RC001035",51,16,35
"60RC001036",112,10,102
"60RC001037",100,12,88
"60RC001038",62,4,58
"60RC001039",126,8,118
"60RC001040",135,40,95
"60RC001041",220,26,194
"60RC001042",135,36,99
"60RC001043",107,29,78
"60RC001044",114,9,105
"60RC001045",66,5,61
"60RC001046",99,11,88
"60RC001047",89,18,71
"60RC001048",101,16,85
"60RC001049",133,39,94
"60RC001050",100,11,89
"60RC001051",96,28,68
"60RC001052",132,38,94
"60RC001053",148,24,124
"60RC001054",85,43,42
"60RC001055",102,42,60
"60RC001056",121,40,81
"60RC001057",99,24,75
"60RC001058",104,19,85
"60RC001059",84,11,73
"60RC001060",77,27,50
"60RC001061",58,17,41
"60RC001062",98,29,69
"60RC001063",78,22,56
"60RC001064",367,254,113
"60RC001065",81,23,58
"60RC001066",118,14,104
"60RC001067",83,2,81
"60RC001068",152,22,130
"60RC001069",76,8,68
"60RC001070",105,45,60
"60RC001071",125,42,83
"60RC001072",85,12,73
"60RC001073",80,16,64
"60RC001074",63,23,40
"60RC001075",97,32,65
"60RC001076",127,48,79
"60RC001077",73,31,42
"60RC001078",52,12,40
"60RC001079",96,30,66
"60RC001080",54,25,29
"60RC001081",59,5,54
"60RC001082",154,28,126
"60RC001083",61,10,51
"60RC001084",77,11,66
"60RC001085",153,15,138
"60RC001086",105,15,90
"60RC001087",51,17,34
"60RC001088",104,13,91
"60RC001089",240,34,206
"60RC001090",104,12,92
"60RC001091",118,58,60
"60RC001092",293,213,80
"60RC001093",54,28,26
"60RC001094",51,16,35
"60RC001095",186,31,155
"60RC001096",158,32,126
"60RC001097",50,5,45
"60RC001098",92,20,72
"60RC001099",97,19,78
"60RC001100",75,17,58
"60RC001101",90,14,76
"60RC001102",111,21,90
"60RC001103",99,27,72
"60RC001104",172,19,153
"60RC001105",109,26,83
"60RC001106",107,21,86
"60RC001107",98,16,82
"60RC001108",68,17,51
"60RC001109",96,20,76
"60RC001110",87,12,75
"60RC001111",67,33,34
"60RC001112",135,12,123
"60RC001113",110,11,99
"60RC001114",155,13,142
"60RC001115",144,13,131
"60RC001116",80,9,71
"60RC001117",82,15,67
"60RC001118",52,14,38
"60RC001119",94,11,83
"60RC001120",50,2,48
"60RC001121",80,13,67
"60RC001122",74,33,41
"60RC001123",111,30,81
"60RC001124",109,22,87
"60RC001125",72,34,38
"60RC001126",133,25,108
"60RC001127",62,25,37
"60RC001128",87,29,58
"60RC001129",130,42,88
"60RC001130",95,30,65
"60RC001131",82,23,59
"60RC001132",54,17,37
"60RC001133",141,23,118
"60RC001134",80,25,55
"60RC001135",120,37,83
"60RC001136",98,19,79
"60RC001137",57,11,46
"60RC001138",131,39,92
"60RC001139",143,23,120
"60RC001140",96,23,73
"60RC001141",58,28,30
"60RC001142",62,23,39
"60RC001143",68,27,41
"60RC001144",63,25,38
"60RC001145",67,22,45
"60RC001146",83,44,39
"60RC001147",66,41,25
"60RC001148",51,27,24
"60RC001149",66,44,22
"60RC001150",59,30,29
"60RC001151",98,4,94
"60RC001152",144,8,136
"60RC001153",78,24,54
"60RC001154",51,23,28
"60RC001155",85,33,52
"60RC001156",67,19,48
"60RC001157",78,43,35
"60RC001158",77,27,50
"60RC001159",93,7,86
"60RC001160",135,6,129
"60RC001161",50,33,17
"60RC001162",61,27,34
"60RC001163",69,24,45
"60RC001164",50,16,34
"60RC001165",113,28,85
"60RC001166",58,16,42
"60RC001167",117,24,93
"60RC001168",111,17,94
"60RC001169",150,17,133
"60RC001170",82,15,67
"60RC001171",53,20,33
"60RC001172",56,30,26
"60RC001173",177,16,161
"60RC001174",121,39,82
"60RC001175",133,20,113
"60RC001176",109,39,70
"60RC001177",133,23,110
"60RC001178",143,4,139
"60RC001179",106,13,93
"60RC001180",169,17,152
"60RC001181",131,22,109
"60RC001182",88,14,74
"60RC001183",89,10,79
"60RC001184",121,27,94
"60RC001185",176,18,158
"60RC001186",122,9,113
"60RC001187",71,20,51
"60RC001188",253,23,230
"60RC001189",132,4,128
"60RC001190",112,21,91
"60RC001191",134,50,84
"60RC001192",111,6,105
"60RC001193",104,12,92
"60RC001194",123,22,101
"60RC001195",80,10,70
"60RC001196",113,17,96
"60RC001197",93,31,62
"60RC001198",116,32,84
"60RC001199",91,13,78
"60RC001200",118,24,94
"60RC001201",126,10,116
"60RC001202",119,19,100
"60RC001203",191,21,170
"60RC001204",86,3,83
"60RC001205",153,21,132
"60RC001206",72,18,54
"60RC001207",162,12,150
"60RC001208",136,6,130
"60RC001209",120,13,107
"60RC001210",110,17,93
"60RC001211",130,12,118
"60RC001212",153,23,130
"60RC001213",77,9,68
"60RC001214",144,13,131
"60RC001215",107,16,91
"60RC001216",111,7,104
"60RC001217",50,24,26
"60RC001218",89,23,66
"60RC001219",80,15,65
"60RC001220",117,24,93
"60RC001221",67,19,48
"60RC001222",98,15,83
"60RC001223",50,42,8
"60RC001224",188,12,176
"60RC001225",180,9,171
"60RC001226",135,41,94
"60RC001227",81,17,64
"60RC001228",126,35,91
"60RC001229",181,49,132
"60RC001230",65,5,60
"60RC001231",61,12,49
"60RC001232",142,33,109
"60RC001233",118,20,98
"60RC001234",83,17,66
"60RC001235",118,13,105
"60RC001236",132,9,123
"60RC001237",74,22,52
"60RC001238",105,42,63
"60RC001239",56,21,35
"60RC001240",153,31,122
"60RC001241",64,30,34
"60RC001242",98,34,64
"60RC001243",148,27,121
"60RC001244",53,8,45
"60RC001245",60,21,39
"60RC001246",94,28,66
"60RC001247",80,5,75
"60RC001248",107,18,89
"60RC001249",70,20,50
"60RC001250",63,10,53
"60RC001251",105,37,68
"60RC001252",70,40,30
"60RC001253",129,28,101
"60RC001254",56,8,48
"60RC001255",86,5,81
"60RC001256",56,13,43
"60RC001257",78,18,60
"60RC001258",159,36,123
"60RC001259",56,15,41
"60RC001260",127,24,103
"60RC001261",90,8,82
"60RC001262",69,18,51
"60RC001263",75,32,43
"60RC001264",142,30,112
"60RC001265",97,15,82
"60RC001266",99,16,83
"60RC001267",66,13,53
"60RC001268",130,17,113
"60RC001269",96,7,89
"60RC001270",123,39,84
"60RC001271",144,14,130
"60RC001272",63,6,57
"60RC001273",86,6,80
"60RC001274",78,12,66
"60RC001275",63,19,44
"60RC001276",80,5,75
"60RC001277",106,46,60
"60RC001278",129,10,119
"60RC001279",103,42,61
"60RC001280",82,51,31
"60RC001281",135,16,119
"60RC001282",81,18,63
"60RC001283",191,15,176
"60RC001284",218,24,194
"60RC001285",171,32,139
"60RC001286",218,9,209
"60RC001287",110,18,92
"60RC001288",57,9,48
"60RC001289",101,32,69
"60RC001290",117,7,110
"60RC001291",91,29,62
"60RC001292",75,7,68
"60RC001293",81,18,63
"60RC001294",58,28,30
"60RC001295",72,38,34
"60RC001296",123,10,113
"60RC001297",56,12,44
"60RC001298",100,7,93
"60RC001299",161,14,147
"60RC001300",72,13,59
"60RC001301",126,14,112
"60RC001302",225,40,185
"60RC001303",116,27,89
"60RC001304",118,27,91
"60RC001305",185,18,167
"60RC001306",67,4,63
"60RC001307",145,6,139
"60RC001308",173,17,156
"60RC001309",190,16,174
"60RC001310",187,9,178
"60RC001311",92,8,84
"60RC001312",258,16,242
"60RC001313",88,44,44
"60RC001314",175,36,139
"60RC001315",180,13,167
"60RC001316",136,6,130
"60RC001317",118,15,103
"60RC001318",155,26,129
"60RC001319",134,11,123
"60RC001320",78,6,72
"60RC001321",71,2,69
"60RC001322",166,39,127
"60RC001323",213,10,203
"60RC001324",155,18,137
"60RC001325",100,10,90
"60RC001326",195,14,181
"60RC001327",116,8,108
"60RC001328",180,27,153
"60RC001329",167,17,150
"60RC001330",138,5,133
"60RC001331",123,5,118
"60RC001332",190,25,165
"60RC001333",94,8,86
"60RC001334",68,15,53
"60RC001335",89,27,62
"60RC001336",76,17,59
"60RC001337",94,33,61
"60RC001338",67,15,52
"60RC001339",138,22,116
"60RC001340",159,13,146
"60RC001341",124,11,113
"60RC001342",152,19,133
"60RC001343",96,17,79
"60RC001344",133,31,102
"60RC001345",61,14,47
"60RC001346",182,39,143
"60RC001347",132,32,100
"60RC001348",90,19,71
"60RC001349",135,26,109
"60RC001350",94,19,75
"60RC001351",122,27,95
"60RC001352",149,23,126
"60RC001353",184,20,164
"60RC001354",63,11,52
"60RC001355",97,12,85
"60RC001356",138,59,79
"60RC001357",107,29,78
"60RC001358",83,13,70
"60RC001359",119,9,110
"60RC001360",120,18,102
"60RC001361",149,14,135
"60RC001362",127,29,98
"60RC001363",74,30,44
"60RC001364",181,65,116
"60RC001365",147,5,142
"60RC001366",70,9,61
"60RC001367",101,18,83
"60RC001368",109,20,89
"60RC001369",108,19,89
"60RC001370",107,26,81
"60RC001371",125,32,93
"60RC001372",75,18,57
"60RC001373",132,29,103
"60RC001374",52,12,40
"60RC001375",59,17,42
"60RC001376",70,27,43
"60RC001377",104,31,73
"60RC001378",78,24,54
"60RC001379",115,7,108
"60RC001380",118,2,116
"60RC001381",95,21,74
"60RC001382",156,13,143
"60RC001383",101,6,95
"60RC001384",90,14,76
"60RC001385",107,29,78
"60RC001386",85,33,52
"60RC001387",97,33,64
"60RC001388",96,28,68
"60RC001389",81,13,68
"60RC001390",159,11,148
"60RC001391",197,11,186
"60RC001392",115,21,94
"60RC001393",72,6,66
"60RC001394",54,11,43
"60RC001395",151,31,120
"60RC001396",118,20,98
"60RC001397",71,27,44
"60RC001398",261,17,244
"60RC001399",105,10,95
"60RC001400",159,10,149
"60RC001401",67,21,46
"60RC001402",78,3,75
"60RC001403",251,30,221
"60RC001404",113,10,103
"60RC001405",86,32,54
"60RC001406",76,20,56
"60RC001407",89,12,77
"60RC001408",160,22,138
"60RC001409",138,24,114
"60RC001410",118,45,73
"60RC001411",65,24,41
"60RC001412",99,25,74
"60RC001413",56,11,45
"60RC001414",129,35,94
"60RC001415",79,22,57
"60RC001416",164,12,152
"60RC001417",70,6,64
"60RC001418",112,21,91
"60RC001419",226,16,210
"60RC001420",175,13,162
"60RC001421",205,13,192
"60RC001422",75,2,73
"60RC001423",65,7,58
"60RC001424",111,15,96
"60RC001425",105,5,100
"60RC001426",149,8,141
"60RC001427",53,14,39
"60RC001428",129,42,87
"60RC001429",89,19,70
"60RC001430",133,21,112
"60RC001431",91,14,77
"60RC001432",309,18,291
"60RC001433",144,11,133
"60RC001434",114,7,107
"60RC001435",184,19,165
"60RC001436",104,4,100
"60RC001437",314,37,277
"60RC001438",162,4,158
"60RC001439",107,6,101
"60RC001440",151,19,132
"60RC001441",107,7,100
"60RC001442",175,18,157
"60RC001443",67,4,63
"60RC001444",163,15,148
"60RC001445",66,17,49
"60RC001446",115,6,109
"60RC001447",103,18,85
"60RC001448",350,100,250
"60RC001449",142,28,114
"60RC001450",168,6,162
"60RC001451",128,1,127
"60RC001452",203,24,179
"60RC001453",96,6,90
"60RC001454",100,30,70
"60RC001455",169,6,163
"60RC001456",96,17,79
"60RC001457",158,11,147
"60RC001458",217,11,206
"60RC001459",103,7,96
"60RC001460",184,28,156
"60RC001461",89,14,75
"60RC001462",130,22,108
"60RC001463",110,11,99
"60RC001464",184,16,168
"60RC001465",92,8,84
"60RC001466",181,10,171
"60RC001467",85,8,77
"60RC001468",184,14,170
"60RC001469",88,13,75
"60RC001470",105,30,75
"60RC001471",132,17,115
"60RC001472",119,15,104
"60RC001473",90,20,70
"60QE000001",158,20,138
"60QE000002",91,20,71
"60QE000003",151,20,131
"60QE000004",178,26,152
"60QE000005",88,20,68
"60QE000006",108,16,92
"60QE000007",130,20,110
"60QE000008",78,13,65
"60QE000009",112,39,73
"60QE000010",149,16,133
"60QE000011",93,20,73
"60QE000012",75,12,63
"60QE000013",86,16,70
"60QE000014",112,11,101
"60QE000015",56,5,51
"60QE000016",111,15,96
"60QE000017",134,29,105
"60QE000018",161,20,141
"60QE000019",161,21,140
"60QE000020",55,9,46
"60QE000021",60,4,56
"60QE000022",125,18,107
"60QE000023",111,12,99
"60QE000024",117,25,92
"60QE000025",121,27,94
"60QE000026",87,12,75
"60QE000027",129,20,109
"60QE000028",88,16,72
"60QE000029",134,28,106
"60QE000030",92,14,78
"60QE000031",88,14,74
"60QE000032",162,29,133
"60QE000033",131,20,111
"60QE000034",141,26,115
"60QE000035",99,11,88
"60QE000036",114,29,85
"60QE000037",135,19,116
"60QE000038",97,22,75
"60QE000039",160,28,132
"60QE000040",156,57,99
"60QE000041",57,11,46
"60QE000042",122,23,99
"60QE000043",173,33,140
"60QE000044",107,30,77
"60QE000045",149,17,132
"60QE000046",122,29,93
"60QE000047",120,14,106
"60QE000048",96,16,80
"60QE000049",111,27,84
"60QE000050",165,28,137
"60QE000051",150,27,123
"60QE000052",143,48,95
"60QE000053",148,18,130
"60QE000054",177,42,135
"60QE000055",102,29,73
"60QE000056",111,21,90
"60QE000057",64,7,57
"60QE000058",162,22,140
"60QE000059",123,23,100
"60QE000060",148,30,118
"60QE000061",154,10,144
"60QE000062",200,23,177
"60QE000063",150,10,140
"60QE000064",57,6,51
"60QE000065",70,4,66
"60QE000066",195,21,174
"60QE000067",99,12,87
"60QE000068",94,9,85
"60QE000069",86,12,74
"60QE000070",152,21,131
"60QE000071",133,24,109
"60QE000072",143,15,128
"60QE000073",145,25,120
"60QE000074",105,15,90
"60QE000075",119,11,108
"60QE000076",147,29,118
"60QE000077",144,13,131
"60QE000078",128,15,113
"60QE000079",105,13,92
"60QE000080",162,14,148
"60QE000081",98,3,95
"60QE000082",54,9,45
"60QE000083",151,33,118
"60QE000084",180,20,160
"60QE000085",185,27,158
"60QE000086",112,18,94
"60QE000087",217,59,158
"60QE000088",121,23,98
"60QE000089",147,13,134
"60QE000090",126,12,114
"60QE000091",170,49,121
"60QE000092",83,10,73
"60QE000093",128,23,105
"60QE000094",104,26,78
"60QE000095",136,23,113
"60QE000096",55,6,49
"60QE000097",115,17,98
"60QE000098",136,15,121
"60QE000099",130,15,115
"60QE000100",113,19,94
"60QE000101",105,22,83
"60QE000102",89,12,77
"60QE000103",110,17,93
"60QE000104",99,12,87
"60QE000105",106,20,86
"60QE000106",168,18,150
"60QE000107",126,7,119
"60QE000108",150,19,131
"60QE000109",120,14,106
"60QE000110",156,16,140
"60QE000111",144,19,125
"60QE000112",188,22,166
"60QE000113",154,22,132
"60QE000114",149,14,135
"60QE000115",92,12,80
"60QE000116",124,16,108
"60QE000117",157,44,113
"60QE000118",105,18,87
"60QE000119",156,21,135
"60QE000120",106,12,94
"60QE000121",138,18,120
"60QE000122",133,17,116
"60QE000123",120,23,97
"60QE000124",168,24,144
"60QE000125",73,15,58
"60QE000126",139,18,121
"60QE000127",81,10,71
"60QE000128",72,12,60
"60QE000129",168,34,134
"60QE000130",86,10,76
"60QE000131",74,3,71
"60QE000132",87,12,75
"60QE000133",51,7,44
"60QE000134",103,13,90
"60QE000135",123,21,102
"60QE000136",103,17,86
"60QE000137",86,12,74
"60QE000138",51,8,43
"60QE000139",170,16,154
"60QE000140",119,19,100
"60QE000141",114,24,90
"60QE000142",117,20,97
"60QE000143",136,13,123
"60QE000144",90,9,81
"60QE000145",111,17,94
"60QE000146",194,65,129
"60QE000147",181,38,143
"60QE000148",102,22,80
"60QE000149",84,19,65
"60QE000150",51,1,50
"60QE000151",114,14,100
"60QE000152",53,9,44
"60QE000153",138,13,125
"60QE000154",162,20,142
"60QE000155",103,9,94
"60QE000156",90,14,76
"60QE000157",98,8,90
"60QE000158",63,13,50
"60QE000159",124,15,109
"60QE000160",122,18,104
"60QE000161",65,7,58
"60QE000162",83,9,74
"60QE000163",63,15,48
"60QE000164",58,9,49
"60QE000165",102,12,90
"60QE000166",92,17,75
"60QE000167",97,18,79
"60QE000168",94,14,80
"60QE000169",91,5,86
"60QE000170",140,13,127
"60QE000171",60,12,48
"60QE000172",110,8,102
"60QE000173",100,11,89
"60QE000174",80,16,64
"60QE000175",123,13,110
"60QE000176",85,18,67
"60QE000177",68,8,60
"60QE000178",120,18,102
"60QE000179",237,18,219
"60QE000180",109,13,96
"60QE000181",166,21,145
"60QE000182",130,8,122
"60QE000183",196,21,175
"60QE000184",182,10,172
"60QE000185",228,20,208
"60QE000186",83,4,79
"60QE000187",167,68,99
"60QE000188",127,14,113
"60QE000189",129,13,116
"60QE000190",128,9,119
"60QE000191",68,5,63
"60QE000192",133,21,112
"60QE000193",190,31,159
"60QE000194",87,26,61
"60QE000195",91,17,74
"60QE000196",79,20,59
"60QE000197",105,17,88
"60QE000198",74,22,52
"60QE000199",105,25,80
"60QE000200",94,23,71
"60QE000201",137,28,109
"60QE000202",140,20,120
"60QE000203",65,5,60
"60QE000204",141,13,128
"60QE000205",73,35,38
"60QE000206",55,9,46
"60QE000207",64,14,50
"60QE000208",58,9,49
"60QE000209",129,12,117
"60QE000210",96,29,67
"60QE000211",50,11,39
"60QE000212",129,22,107
"60QE000213",57,10,47
"60QE000214",56,5,51
"60QE000215",101,11,90
"60QE000216",163,20,143
"60QE000217",171,38,133
"60QE000218",80,11,69
"60QE000219",159,21,138
"60QE000220",117,25,92
"60QE000221",88,16,72
"60QE000222",169,35,134
"60QE000223",164,24,140
"60QE000224",157,34,123
"60QE000225",94,14,80
"60QE000226",104,18,86
"60QE000227",163,23,140
"60QE000228",128,26,102
"60QE000229",125,33,92
"60QE000230",106,15,91
"60QE000231",79,18,61
"60QE000232",78,22,56
"60QE000233",116,20,96
"60QE000234",57,18,39
"60QE000235",88,20,68
"60QE000236",121,22,99
"60QE000237",105,21,84
"60QE000238",111,28,83
"60QE000239",134,24,110
"60QE000240",99,13,86
"60QE000241",152,38,114
"60QE000242",94,21,73
"60QE000243",131,21,110
"60QE000244",152,34,118
"60QE000245",94,13,81
"60QE000246",104,21,83
"60QE000247",114,30,84
"60QE000248",118,19,99
"60QE000249",133,30,103
"60QE000250",143,27,116
"60QE000251",185,37,148
"60QE000252",151,24,127
"60QE000253",122,19,103
"60QE000254",135,32,103
"60QE000255",78,10,68
"60QE000256",61,22,39
"60QE000257",73,7,66
"60QE000258",172,23,149
"60QE000259",95,12,83
"60QE000260",182,23,159
"60QE000261",87,12,75
"60QE000262",76,8,68
"60QE000263",116,18,98
"60QE000264",56,9,47
"60QE000265",73,11,62
"60QE000266",116,19,97
"60QE000267",103,13,90
"60QE000268",86,19,67
"60QE000269",117,21,96
"60QE000270",86,21,65
"60QE000271",99,19,80
"60QE000272",61,9,52
"60QE000273",141,36,105
"60QE000274",80,15,65
"60QE000275",98,11,87
"60QE000276",106,22,84
"60QE000277",132,22,110
"60QE000278",108,21,87
"60QE000279",81,15,66
"60QE000280",104,16,88
"60QE000281",127,23,104
"60QE000282",99,23,76
"60QE000283",177,25,152
"60QE000284",114,9,105
"60QE000285",60,6,54
"60QE000286",106,12,94
"60QE000287",107,11,96
"60QE000288",186,27,159
"60QE000289",94,8,86
"60QE000290",166,32,134
"60QE000291",115,21,94
"60QE000292",169,49,120
"60QE000293",200,89,111
"60QE000294",163,34,129
"60QE000295",107,22,85
"60QE000296",63,8,55
"60QE000297",83,10,73
"60QE000298",73,8,65
"60QE000299",128,14,114
"60QE000300",76,7,69
"60QE000301",75,27,48
"60QE000302",95,30,65
"60QE000303",71,22,49
"60QE000304",105,38,67
"60QE000305",74,23,51
"60QE000306",79,16,63
"60QE000307",63,15,48
"60QE000308",90,11,79
"60QE000309",100,41,59
"60QE000310",92,25,67
"60QE000311",89,35,54
"60QE000312",85,16,69
"60QE000313",122,26,96
"60QE000314",84,16,68
"60QE000315",132,21,111
"60QE000316",107,27,80
"60QE000317",70,37,33
"60QE000318",87,23,64
"60QE000319",67,15,52
"60QE000320",114,20,94
"60QE000321",154,32,122
"60QE000322",86,20,66
"60QE000323",112,18,94
"60QE000324",151,25,126
"60QE000325",98,19,79
"60QE000326",215,25,190
"60QE000327",134,18,116
"60QE000328",133,25,108
"60QE000329",115,13,102
"60QE000330",51,10,41
"60QE000331",55,5,50
"60QE000332",99,19,80
"60QE000333",142,37,105
"60QE000334",122,26,96
"60QE000335",128,25,103
"60QE000336",153,18,135
"60QE000337",83,13,70
"60QE000338",154,22,132
"60QE000339",200,25,175
"60QE000340",132,18,114
"60QE000341",138,20,118
"60QE000342",171,25,146
"60QE000343",140,15,125
"60QE000344",81,16,65
"60QE000345",65,8,57
"60QE000346",77,25,52
"60QE000347",78,22,56
"60QE000348",94,22,72
"60QE000349",112,23,89
"60QE000350",114,19,95
"60QE000351",159,12,147
"60QE000352",215,16,199
"60QE000353",154,20,134
"60QE000354",96,9,87
"60QE000355",141,31,110
"60QE000356",95,11,84
"60QE000357",88,46,42
"60QE000358",92,10,82
"60QE000359",115,33,82
"60QE000360",129,21,108
"60QE000361",76,28,48
"60QE000362",108,22,86
"60QE000363",93,23,70
"60QE000364",83,9,74
"60QE000365",127,23,104
"60QE000366",93,9,84
"60QE000367",121,20,101
"60QE000368",116,28,88
"60QE000369",121,41,80
"60QE000370",109,10,99
"60QE000371",112,18,94
"60QE000372",144,19,125
"60QE000373",147,15,132
"60QE000374",115,9,106
"60QE000375",144,19,125
"60QE000376",81,9,72
"60QE000377",92,13,79
"60QE000378",71,12,59
"60QE000379",166,25,141
"60QE000380",79,6,73
"60QE000381",124,7,117
"60QE000382",91,11,80
"60QE000383",123,8,115
"60QE000384",72,9,63
"60QE000385",51,12,39
"60QE000386",70,9,61
"60QE000387",72,16,56
"60QE000388",148,21,127
"60QE000389",81,18,63
"60QE000390",187,64,123
"60QE000391",95,22,73
"60QE000392",111,15,96
"60QE000393",124,24,100
"60QE000394",93,25,68
"60QE000395",69,18,51
"60QE000396",133,27,106
"60QE000397",114,20,94
"60QE000398",118,29,89
"60QE000399",157,26,131
"60QE000400",175,30,145
"60QE000401",114,12,102
"60QE000402",126,24,102
"60QE000403",166,31,135
"60QE000404",85,16,69
"60QE000405",86,19,67
"60QE000406",104,12,92
"60QE000407",93,23,70
"60QE000408",124,12,112
"60QE000409",129,17,112
"60QE000410",106,17,89
"60QE000411",77,12,65
"60QE000412",106,12,94
"60QE000413",100,8,92
"60QE000414",137,10,127
"60QE000415",121,13,108
"60QE000416",59,6,53
"60QE000417",117,35,82
"60QE000418",125,14,111
"60QE000419",105,23,82
"60QE000420",81,17,64
"60QE000421",79,17,62
"60QE000422",69,8,61
"60QE000423",102,19,83
"60QE000424",68,23,45
"60QE000425",146,26,120
"60QE000426",104,17,87
"60QE000427",98,13,85
"60QE000428",113,18,95
"60QE000429",129,17,112
"60QE000430",183,25,158
"60QE000431",118,24,94
"60QE000432",120,23,97
"60QE000433",113,27,86
"60QE000434",129,28,101
"60QE000435",79,15,64
"60QE000436",136,31,105
"60QE000437",152,20,132
"60QE000438",140,19,121
"60QE000439",108,25,83
"60QE000440",82,6,76
"60QE000441",102,11,91
"60QE000442",69,13,56
"60QE000443",106,20,86
"60QE000444",114,14,100
"60QE000445",91,6,85
"60QE000446",103,30,73
"60QE000447",131,33,98
"60QE000448",88,9,79
"60QE000449",63,14,49
"60QE000450",105,8,97
"60QE000451",93,14,79
"60QE000452",68,11,57
"60QE000453",88,17,71
"60QE000454",50,3,47
"60QE000455",122,41,81
"60QE000456",130,46,84
"60QE000457",143,11,132
"60QE000458",149,21,128
"60QE000459",144,24,120
"60QE000460",129,17,112
"60QE000461",79,19,60
"60QE000462",129,15,114
"60QE000463",136,18,118
"60QE000464",107,25,82
"60QE000465",106,13,93
"60QE000466",97,10,87
"60QE000467",120,19,101
"60QE000468",140,23,117
"60QE000469",146,25,121
"60QE000470",117,10,107
"60QE000471",149,17,132
"60QE000472",123,20,103
"60QE000473",112,13,99
"60QE000474",83,11,72
"60QE000475",103,12,91
"60QE000476",125,14,111
"60QE000477",66,18,48
"60QE000478",114,15,99
"60QE000479",122,23,99
"60QE000480",117,19,98
"60QE000481",115,26,89
"60QE000482",100,35,65
"60QE000483",70,18,52
"60QE000484",131,26,105
"60QE000485",138,38,100
"60QE000486",136,37,99
"60QE000487",80,20,60
"60QE000488",103,19,84
"60QE000489",152,35,117
"60QE000490",127,31,96
"60QE000491",139,15,124
"60QE000492",213,29,184
"60QE000493",139,24,115
"60QE000494",167,23,144
"60QE000495",157,19,138
"60QE000496",76,15,61
"60QE000497",119,41,78
"60QE000498",153,52,101
"60QE000499",79,27,52
"60QE000500",99,10,89
"60QE000501",109,25,84
"60QE000502",87,40,47
"60QE000503",151,50,101
"60QE000504",116,31,85
"60QE000505",106,22,84
"60QE000506",77,16,61
"60QE000507",161,35,126
"60QE000508",124,4,120
"60QE000509",72,12,60
"60QE000510",227,23,204
"60QE000511",76,25,51
"60QE000512",79,10,69
"60QE000513",92,27,65
"60QE000514",153,19,134
"60QE000515",137,32,105
"60QE000516",100,22,78
"60QE000517",99,23,76
"60QE000518",157,26,131
"60QE000519",126,16,110
"60QE000520",119,21,98
"60QE000521",114,20,94
"60QE000522",130,15,115
"60QE000523",149,23,126
"60QE000524",103,23,80
"60QE000525",113,20,93
"60QE000526",85,17,68
"60QE000527",102,21,81
"60QE000528",91,22,69
"60QE000529",97,13,84
"60QE000530",130,13,117
"60QE000531",156,17,139
"60QE000532",148,11,137
"60QE000533",150,23,127
"60QE000534",100,18,82
"60QE000535",128,5,123
"60QE000536",129,26,103
"60QE000537",121,27,94
"60QE000538",105,21,84
"60QE000539",188,26,162
"60QE000540",181,14,167
"60QE000541",164,16,148
"60QE000542",65,31,34
"60QE000543",104,21,83
"60QE000544",130,27,103
"60QE000545",101,22,79
"60QE000546",133,65,68
"60QE000547",183,47,136
"60QE000548",173,29,144
"60QE000549",128,20,108
"60QE000550",90,16,74
"60QE000551",97,47,50
"60QE000552",145,17,128
"60QE000553",101,26,75
"60QE000554",137,21,116
"60QE000555",170,22,148
"60QE000556",148,27,121
"60QE000557",142,27,115
"60QE000558",193,30,163
"60QE000559",139,27,112
"60QE000560",105,13,92
"60QE000561",110,13,97
"60QE000562",124,22,102
"60QE000563",120,20,100
"60QE000564",138,23,115
"60QE000565",105,34,71
"60QE000566",138,20,118
"60QE000567",146,27,119
"60QE000568",120,26,94
"60QE000569",109,19,90
"60QE000570",114,9,105
"60QE000571",147,21,126
"60QE000572",108,36,72
"60QE000573",149,7,142
"60QE000574",125,23,102
"60QE000575",129,24,105
"60QE000576",174,44,130
"60QE000577",132,26,106
"60QE000578",82,22,60
"60QE000579",97,15,82
"60QE000580",103,8,95
"60QE000581",53,9,44
"60QE000582",73,11,62
"60QE000583",94,30,64
"60QE000584",154,49,105
"60QE000585",172,13,159
"60QE000586",73,11,62
"60QE000587",146,17,129
"60QE000588",176,25,151
"60QE000589",159,18,141
"60QE000590",56,14,42
"60QE000591",88,26,62
"60QE000592",99,11,88
"60QE000593",57,7,50
"60QE000594",57,16,41
"60QE000595",70,15,55
"60QE000596",150,14,136
"60QE000597",184,33,151
"60QE000598",170,30,140
"60QE000599",85,5,80
"60QE000600",137,15,122
"60QE000601",84,12,72
"60QE000602",160,27,133
"60QE000603",130,29,101
"60QE000604",81,16,65
"60QE000605",154,10,144
"60QE000606",170,34,136
"60QE000607",168,24,144
"60QE000608",73,17,56
"60QE000609",85,15,70
"60QE000610",106,13,93
"60QE000611",89,13,76
"60QE000612",157,27,130
"60QE000613",56,5,51
"60QE000614",100,18,82
"60QE000615",123,8,115
"60QE000616",109,11,98
"60QE000617",150,50,100
"60QE000618",120,20,100
"60QE000619",105,17,88
"60QE000620",143,41,102
"60QE000621",149,35,114
"60QE000622",128,24,104
"60QE000623",130,20,110
"60QE000624",95,19,76
"60QE000625",107,26,81
"60QE000626",148,23,125
"60QE000627",158,21,137
"60QE000628",170,29,141
"60QE000629",154,23,131
"60QE000630",160,22,138
"60QE000631",57,23,34
"60QE000632",99,21,78
"60QE000633",87,11,76
"60QE000634",93,24,69
"60QE000635",217,32,185
"60QE000636",215,23,192
"60QE000637",151,41,110
"60QE000638",129,31,98
"60QE000639",74,10,64
"60QE000640",131,18,113
"60QE000641",92,19,73
"60QE000642",67,26,41
"60QE000643",113,26,87
"60QE000644",109,18,91
"60QE000645",110,23,87
"60QE000646",140,14,126
"60QE000647",164,35,129
"60QE000648",156,28,128
"60QE000649",96,21,75
"60QE000650",89,32,57
"60QE000651",113,18,95
"60QE000652",110,15,95
"60QE000653",140,19,121
"60QE000654",142,9,133
"60QE000655",153,32,121
"60QE000656",115,18,97
"60QE000657",122,15,107
"60QE000658",96,16,80
"60QE000659",152,52,100
"60QE000660",155,24,131
"60QE000661",153,16,137
"60QE000662",140,13,127
"60QE000663",142,21,121
"60QE000664",139,35,104
"60QE000665",63,24,39
"60QE000666",157,29,128
"60QE000667",55,31,24
"60QE000668",106,29,77
"60QE000669",84,17,67
"60QE000670",108,20,88
"60QE000671",157,23,134
"60QE000672",101,30,71
"60QE000673",98,15,83
"60QE000674",108,34,74
"60QE000675",135,25,110
"60QE000676",64,6,58
"60QE000677",65,18,47
"60QE000678",114,19,95
"60QE000679",164,16,148
"60QE000680",102,14,88
"60QE000681",131,21,110
"60QE000682",173,26,147
"60QE000683",187,28,159
"60QE000684",122,25,97
"60QE000685",112,16,96
"60QE000686",129,18,111
"60QE000687",110,27,83
"60QE000688",89,20,69
"60QE000689",119,16,103
"60QE000690",85,10,75
"60QE000691",132,27,105
"60QE000692",122,38,84
"60QE000693",162,29,133
"60QE000694",141,18,123
"60QE000695",78,17,61
"60QE000696",54,23,31
"60QE000697",138,34,104
"60QE000698",152,28,124
"60QE000699",205,44,161
"60QE000700",199,27,172
"60QE000701",178,24,154
"60QE000702",172,21,151
"60QE000703",169,33,136
"60QE000704",140,20,120
"60QE000705",127,26,101
"60QE000706",123,23,100
"60QE000707",94,27,67
"60QE000708",111,24,87
"60QE000709",114,14,100
"60QE000710",130,55,75
"60QE000711",104,6,98
"60QE000712",115,27,88
"60QE000713",128,25,103
"60QE000714",78,21,57
"60QE000715",147,20,127
"60QE000716",101,14,87
"60QE000717",157,25,132
"60QE000718",70,17,53
"60QE000719",99,14,85
"60QE000720",84,21,63
"60QE000721",125,42,83
"60QE000722",91,16,75
"60QE000723",88,14,74
"60QE000724",148,11,137
"60QE000725",88,14,74
"60QE000726",127,9,118
"60QE000727",72,1,71
"60QE000728",84,20,64
"60QE000729",93,12,81
"60QE000730",122,27,95
"60QE000731",123,22,101
"60QE000732",78,23,55
"60QE000733",137,22,115
"60QE000734",113,35,78
"60QE000735",112,15,97
"60QE000736",135,16,119
"60QE000737",82,8,74
"60QE000738",105,7,98
"60QE000739",83,10,73
"60QE000740",168,58,110
"60QE000741",114,17,97
"60QE000742",95,9,86
"60QE000743",92,10,82
"60QE000744",126,13,113
"60QE000745",98,13,85
"60QE000746",146,19,127
"60QE000747",91,15,76
"60QE000748",85,6,79
"60QE000749",113,28,85
"60QE000750",106,6,100
"60QE000751",105,23,82
"60QE000752",85,8,77
"60QE000753",78,8,70
"60QE000754",92,50,42
"60QE000755",71,11,60
"60QE000756",132,19,113
"60QE000757",55,9,46
"60QE000758",54,6,48
"60QE000759",55,12,43
"60QE000760",92,13,79
"60QE000761",102,23,79
"60QE000762",52,7,45
"60QE000763",94,8,86
"60QE000764",121,37,84
"60QE000765",66,16,50
"60QE000766",84,3,81
"60QE000767",98,15,83
"60QE000768",174,16,158
"60QE000769",98,11,87
"60QE000770",84,12,72
"60QE000771",53,17,36
"60QE000772",94,17,77
"60QE000773",75,10,65
"60QE000774",173,16,157
"60QE000775",97,9,88
"60QE000776",59,14,45
"60QE000777",65,0,65
"60QE000778",83,19,64
"60QE000779",119,12,107
"60QE000780",132,16,116
"60QE000781",93,27,66
"60QE000782",81,18,63
"60QE000783",53,19,34
"60QE000784",63,21,42
"60QE000785",124,77,47
"60QE000786",121,6,115
"60QE000787",120,8,112
"60QE000788",113,20,93
"60QE000789",110,21,89
"60QE000790",158,21,137
"60QE000791",72,15,57
"60QE000792",85,7,78
"60QE000793",51,4,47
"60QE000794",105,11,94
"60QE000795",152,26,126
"60QE000796",106,20,86
"60QE000797",203,26,177
"60QE000798",96,14,82
"60QE000799",105,18,87
"60QE000800",71,27,44
"60QE000801",69,20,49
"60QE000802",157,9,148
"60QE000803",113,24,89
"60QE000804",71,31,40
"60QE000805",76,12,64
"60QE000806",74,17,57
"60QE000807",90,29,61
"60QE000808",58,14,44
"60QE000809",108,37,71
"60QE000810",80,17,63
"60QE000811",102,7,95
"60QE000812",59,9,50
"60QE000813",90,26,64
"60QE000814",127,24,103
"60QE000815",97,11,86
"60QE000816",188,24,164
"60QE000817",130,6,124
"60QE000818",86,19,67
"60QE000819",53,15,38
"60QE000820",109,17,92
"60QE000821",122,8,114
"60QE000822",120,22,98
"60QE000823",93,10,83
"60QE000824",139,32,107
"60QE000825",72,11,61
"60QE000826",226,43,183
"60QE000827",94,20,74
"60QE000828",118,22,96
"60QE000829",141,21,120
"60QE000830",138,14,124
"60QE000831",91,13,78
"60QE000832",104,18,86
"60QE000833",117,35,82
"60QE000834",105,20,85
"60QE000835",124,16,108
"60QE000836",122,16,106
"60QE000837",86,10,76
"60QE000838",140,44,96
"60QE000839",158,18,140
"60QE000840",53,7,46
"60QE000841",153,13,140
"60QE000842",143,14,129
"60QE000843",115,13,102
"60QE000844",162,38,124
"60QE000845",69,7,62
"60QE000846",164,26,138
"60QE000847",83,13,70
"60QE000848",110,10,100
"60QE000849",88,25,63
"60QE000850",64,12,52
"60QE000851",108,20,88
"60QE000852",104,9,95
"60QE000853",116,10,106
"60QE000854",89,14,75
"60QE000855",61,10,51
"60QE000856",128,28,100
"60QE000857",120,15,105
"60QE000858",103,19,84
"60QE000859",114,20,94
"60QE000860",82,18,64
"60QE000861",72,31,41
"60QE000862",69,7,62
"60QE000863",64,7,57
"60QE000864",72,9,63
"60QE000865",102,14,88
"60QE000866",106,24,82
"60QE000867",109,18,91
"60QE000868",56,38,18
"60QE000869",170,41,129
"60QE000870",72,21,51
"60QE000871",81,8,73
"60QE000872",61,18,43
"60QE000873",76,31,45
"60QE000874",103,13,90
"60QE000875",106,14,92
"60QE000876",57,9,48
"60QE000877",77,28,49
"60QE000878",66,16,50
"60QE000879",96,26,70
"60QE000880",138,24,114
"60QE000881",223,26,197
"60QE000882",77,12,65
"60QE000883",93,11,82
"60QE000884",52,24,28
"60QE000885",88,15,73
"60QE000886",85,16,69
"60QE000887",115,10,105
"60QE000888",81,16,65
"60QE000889",110,29,81
"60QE000890",112,7,105
"60QE000891",136,13,123
"60QE000892",164,23,141
"60QE000893",192,15,177
"60QE000894",93,17,76
"60QE000895",147,39,108
"60QE000896",130,22,108
"60QE000897",83,20,63
"60QE000898",67,4,63
"60QE000899",56,37,19
"60QE000900",85,12,73
"60QE000901",146,47,99
"60QE000902",180,39,141
"60QE000903",244,23,221
"60QE000904",85,2,83
"60QE000905",143,9,134
"60QE000906",136,41,95
"60QE000907",59,13,46
"60QE000908",137,20,117
"60QE000909",62,18,44
"60QE000910",68,21,47
"60QE000911",104,31,73
"60QE000912",255,51,204
"60QE000913",103,21,82
"60QE000914",54,36,18
"60QE000915",71,5,66
"60QE000916",243,18,225
"60QE000917",88,22,66
"60QE000918",105,13,92
"60QE000919",119,21,98
"60QE000920",98,13,85
"60QE000921",71,9,62
"60QE000922",150,19,131
"60QE000923",85,45,40
"60QE000924",77,22,55
"60QE000925",167,8,159
"60QE000926",115,16,99
"60QE000927",82,21,61
"60QE000928",73,14,59
"60QE000929",76,10,66
"60QE000930",60,15,45
"60QE000931",210,19,191
"60QE000932",170,15,155
"60RD000001",164,13,151
"60RD000002",57,13,44
"60RD000003",69,5,64
"60RD000004",178,28,150
"60RD000005",146,22,124
"60RD000006",166,27,139
"60RD000007",169,31,138
"60RD000008",154,35,119
"60RD000009",84,17,67
"60RD000010",188,39,149
"60RD000011",91,16,75
"60RD000012",70,14,56
"60RD000013",216,26,190
"60RD000014",134,21,113
"60RD000015",103,10,93
"60RD000016",235,29,206
"60RD000017",101,12,89
"60RD000018",66,12,54
"60RD000019",114,22,92
"60RD000020",183,37,146
"60RD000021",163,16,147
"60RD000022",150,21,129
"60RD000023",277,27,250
"60RD000024",136,12,124
"60RD000025",197,20,177
"60RD000026",91,16,75
"60RD000027",159,24,135
"60RD000028",188,29,159
"60RD000029",190,31,159
"60RD000030",86,17,69
"60RD000031",151,26,125
"60RD000032",153,25,128
"60RD000033",131,21,110
"60RD000034",59,6,53
"60RD000035",128,12,116
"60RD000036",182,30,152
"60RD000037",104,12,92
"60RD000038",160,21,139
"60RD000039",173,35,138
"60RD000040",110,16,94
"60RD000041",69,14,55
"60RD000042",147,22,125
"60RD000043",182,32,150
"60RD000044",77,11,66
"60RD000045",203,29,174
"60RD000046",82,17,65
"60RD000047",105,14,91
"60RD000048",70,12,58
"60RD000049",57,9,48
"60RD000050",159,22,137
"60RD000051",209,13,196
"60RD000052",225,24,201
"60RD000053",206,27,179
"60RD000054",127,28,99
"60RD000055",155,53,102
"60RD000056",200,31,169
"60RD000057",122,24,98
"60RD000058",169,43,126
"60RD000059",86,23,63
"60RD000060",82,23,59
"60RD000061",148,20,128
"60RD000062",84,26,58
"60RD000063",88,12,76
"60RD000064",82,11,71
"60RD000065",63,6,57
"60RD000066",65,10,55
"60RD000067",117,14,103
"60RD000068",127,24,103
"60RD000069",113,25,88
"60RD000070",114,20,94
"60RD000071",99,22,77
"60RD000072",101,29,72
"60RD000073",107,17,90
"60RD000074",90,30,60
"60RD000075",92,8,84
"60RD000076",91,15,76
"60RD000077",70,10,60
"60RD000078",141,9,132
"60RD000079",143,25,118
"60RD000080",75,6,69
"60RD000081",223,21,202
"60RD000082",144,12,132
"60RD000083",107,14,93
"60RD000084",122,22,100
"60RD000085",141,17,124
"60RD000086",161,52,109
"60RD000087",92,25,67
"60RD000088",167,23,144
"60RD000089",145,20,125
"60RD000090",145,22,123
"60RD000091",109,12,97
"60RD000092",89,13,76
"60RD000093",99,28,71
"60RD000094",84,13,71
"60RD000095",82,11,71
"60RD000096",102,24,78
"60RD000097",103,9,94
"60RD000098",63,6,57
"60RD000099",82,17,65
"60RD000100",93,13,80
"60RD000101",64,11,53
"60RD000102",97,17,80
"60RD000103",52,5,47
"60RD000104",64,19,45
"60RD000105",70,7,63
"60RD000106",78,14,64
"60RD000107",77,21,56
"60RD000108",208,70,138
"60RD000109",115,29,86
"60RD000110",70,19,51
"60RD000111",71,15,56
"60RD000112",80,16,64
"60RD000113",123,18,105
"60RD000114",92,22,70
"60RD000115",133,26,107
"60RD000116",132,22,110
"60RD000117",97,21,76
"60RD000118",100,19,81
"60RD000119",133,16,117
"60RD000120",183,17,166
"60RD000121",93,18,75
"60RD000122",207,41,166
"60RD000123",102,13,89
"60RD000124",71,12,59
"60RD000125",95,13,82
"60RD000126",66,15,51
"60RD000127",53,20,33
"60RD000128",80,20,60
"60RD000129",148,7,141
"60RD000130",99,21,78
"60RD000131",91,17,74
"60RD000132",75,4,71
"60RD000133",133,11,122
"60RD000134",147,26,121
"60RD000135",135,18,117
"60RD000136",55,5,50
"60RD000137",50,6,44
"60RD000138",76,16,60
"60RD000139",77,9,68
"60RD000140",137,27,110
"60RD000141",92,5,87
"60RD000142",210,18,192
"60RD000143",125,8,117
"60RD000144",99,5,94
"60RD000145",151,12,139
"60RD000146",168,29,139
"60RD000147",92,10,82
"60RD000148",209,20,189
"60RD000149",188,38,150
"60RD000150",234,45,189
"60RD000151",80,10,70
"60RD000152",143,13,130
"60RD000153",101,13,88
"60RD000154",117,2,115
"60RD000155",132,17,115
"60RD000156",131,18,113
"60RD000157",239,34,205
"60RD000158",86,9,77
"60RD000159",214,20,194
"60RD000160",113,18,95
"60RD000161",116,14,102
"60RD000162",96,11,85
"60RD000163",139,31,108
"60RD000164",51,5,46
"60RD000165",133,29,104
"60RD000166",91,17,74
"60RD000167",108,7,101
"60RD000168",57,8,49
"60RD000169",180,32,148
"60RD000170",105,11,94
"60RD000171",72,21,51
"60RD000172",115,40,75
"60RD000173",111,12,99
"60RD000174",126,19,107
"60RD000175",112,22,90
"60RD000176",121,17,104
"60RD000177",87,12,75
"60RD000178",81,9,72
"60RD000179",105,5,100
"60RD000180",258,41,217
"60RE000001",192,118,74
"60RE000002",175,27,148
"60RE000003",179,26,153
"60RE000004",145,22,123
"60RE000005",84,11,73
"60RE000006",117,24,93
"60RE000007",96,14,82
"60RE000008",109,14,95
"60RE000009",117,16,101
"60RE000010",178,79,99
"60RE000011",252,151,101
"60RE000012",130,31,99
"60RE000013",173,23,150
"60RE000014",135,32,103
"60RE000015",118,26,92
"60RE000016",50,5,45
"60RE000017",76,13,63
"60RE000018",106,9,97
"60RE000019",69,9,60
"60RE000020",128,17,111
"60RE000021",137,33,104
"60RE000022",132,7,125
"60RE000023",117,17,100
"60RE000024",106,51,55
"60RE000025",79,8,71
"60RE000026",87,14,73
"60RE000027",85,19,66
"60RE000028",130,30,100
"60RE000029",152,25,127
"60RE000030",106,20,86
"60RE000031",190,36,154
"60RE000032",82,10,72
"60RE000033",110,19,91
"60RE000034",143,21,122
"60RE000035",71,15,56
"60RE000036",153,29,124
"60RE000037",122,26,96
"60RE000038",104,29,75
"60RE000039",112,16,96
"60RE000040",73,14,59
"60RE000041",98,29,69
"60RE000042",94,30,64
"60RE000043",141,18,123
"60RE000044",134,33,101
"60RE000045",94,28,66
"60RE000046",52,10,42
"60RE000047",82,28,54
"60RE000048",110,22,88
"60RE000049",86,33,53
"60RE000050",105,18,87
"60RE000051",110,21,89
"60RE000052",85,16,69
"60RE000053",152,32,120
"60RE000054",118,23,95
"60RE000055",119,23,96
"60RE000056",83,24,59
"60RE000057",135,27,108
"60RE000058",149,27,122
"60RE000059",127,29,98
"60RE000060",111,31,80
"60RE000061",111,24,87
"60RE000062",153,36,117
"60RE000063",81,24,57
"60RE000064",113,24,89
"60RE000065",163,70,93
"60RE000066",109,14,95
"60RE000067",97,22,75
"60RE000068",65,28,37
"60RE000069",106,30,76
"60RE000070",99,42,57
"60RE000071",161,42,119
"60RE000072",171,32,139
"60RE000073",105,29,76
"60RE000074",157,26,131
"60RE000075",88,23,65
"60RE000076",82,14,68
"60RE000077",51,12,39
"60RE000078",117,19,98
"60RE000079",129,35,94
"60RE000080",130,26,104
"60RE000081",95,33,62
"60RE000082",85,26,59
"60RE000083",57,22,35
"60RE000084",81,11,70
"60RE000085",132,33,99
"60RE000086",159,24,135
"60RE000087",116,30,86
"60RE000088",131,33,98
"60RE000089",108,15,93
"60RE000090",217,34,183
"60RE000091",175,18,157
"60RE000092",183,34,149
"60RE000093",153,41,112
"60RE000094",99,24,75
"60RE000095",77,13,64
"60RE000096",92,22,70
"60RE000097",112,30,82
"60RE000098",95,18,77
"60RE000099",166,22,144
"60RE000100",160,33,127
"60RE000101",167,46,121
"60RE000102",149,27,122
"60RE000103",98,32,66
"60RE000104",94,20,74
"60RE000105",129,34,95
"60RE000106",97,28,69
"60RE000107",80,21,59
"60RE000108",99,28,71
"60RE000109",58,22,36
"60RE000110",166,55,111
"60RE000111",121,31,90
"60RE000112",206,49,157
"60RE000113",80,23,57
"60RE000114",195,39,156
"60RE000115",105,25,80
"60RE000116",177,33,144
"60RE000117",92,17,75
"60RE000118",154,34,120
"60RE000119",139,33,106
"60RE000120",109,23,86
"60RE000121",109,25,84
"60RE000122",76,14,62
"60RE000123",114,24,90
"60RE000124",120,26,94
"60RE000125",86,23,63
"60RE000126",55,11,44
"60RE000127",167,38,129
"60RE000128",60,27,33
"60RE000129",177,35,142
"60RE000130",126,31,95
"60RE000131",111,27,84
"60RE000132",109,23,86
"60RE000133",99,14,85
"60RE000134",72,27,45
"60RE000135",92,20,72
"60RE000136",55,7,48
"60RE000137",166,28,138
"60RE000138",170,28,142
"60RE000139",114,29,85
"60RE000140",122,16,106
"60RE000141",181,32,149
"60RE000142",195,28,167
"60RE000143",166,20,146
"60RE000144",68,18,50
"60RE000145",157,62,95
"60RE000146",166,21,145
"60RE000147",116,9,107
"60RE000148",152,50,102
"60RE000149",122,23,99
"60RE000150",68,18,50
"60RE000151",71,14,57
"60RE000152",84,8,76
"60RE000153",115,19,96
"60RE000154",109,13,96
"60RE000155",54,20,34
"60RE000156",68,18,50
"60RE000157",142,62,80
"60RE000158",67,27,40
"60RE000159",79,9,70
"60RE000160",65,14,51
"60RE000161",91,13,78
"60RE000162",200,41,159
"60RE000163",163,15,148
"60RE000164",114,25,89
"60RE000165",96,15,81
"60RE000166",88,18,70
"60RE000167",170,82,88
"60RE000168",144,32,112
"60RE000169",131,53,78
"60RE000170",172,19,153
"60RE000171",100,54,46
"60RE000172",111,21,90
"60RE000173",125,29,96
"60RE000174",122,14,108
"60RE000175",160,57,103
"60RE000176",90,11,79
"60RE000177",83,29,54
"60RE000178",72,8,64
"60RE000179",96,19,77
"60RE000180",171,49,122
"60RE000181",100,11,89
"60RE000182",143,26,117
"60RE000183",120,28,92
"60RE000184",159,23,136
"60RE000185",87,19,68
"60RE000186",204,50,154
"60RE000187",97,25,72
"60RE000188",83,19,64
"60RE000189",140,29,111
"60RE000190",81,19,62
"60RE000191",138,37,101
"60RE000192",102,27,75
"60RE000193",109,24,85
"60RE000194",146,34,112
"60RE000195",112,21,91
"60RE000196",90,22,68
"60RE000197",94,18,76
"60RE000198",93,11,82
"60RE000199",208,28,180
"60RE000200",185,29,156
"60RE000201",204,32,172
"60RE000202",174,16,158
"60RE000203",157,33,124
"60RE000204",123,19,104
"60RE000205",123,21,102
"60RE000206",127,27,100
"60RE000207",136,36,100
"60RE000208",195,29,166
"60RE000209",169,25,144
"60RE000210",151,24,127
"60RE000211",126,34,92
"60RE000212",155,41,114
"60RE000213",112,43,69
"60RE000214",132,36,96
"60RE000215",73,19,54
"60RE000216",111,25,86
"60RE000217",107,20,87
"60RE000218",86,24,62
"60RE000219",102,33,69
"60RE000220",131,4,127
"60RE000221",102,23,79
"60RE000222",65,19,46
"60RE000223",80,22,58
"60RE000224",152,37,115
"60RE000225",88,28,60
"60RE000226",94,24,70
"60RE000227",159,35,124
"60RE000228",153,34,119
"60RE000229",196,18,178
"60RE000230",161,18,143
"60RE000231",177,17,160
"60RE000232",213,24,189
"60RE000233",164,24,140
"60RE000234",160,20,140
"60RE000235",131,13,118
"60RE000236",119,19,100
"60RE000237",93,23,70
"60RE000238",118,33,85
"60RE000239",131,26,105
"60RE000240",98,26,72
"60RE000241",148,32,116
"60RE000242",80,28,52
"60RE000243",102,22,80
"60RE000244",141,33,108
"60RE000245",145,38,107
"60RE000246",104,22,82
"60RE000247",115,22,93
"60RE000248",113,34,79
"60RE000249",91,27,64
"60RE000250",100,18,82
"60RE000251",136,35,101
"60RE000252",110,29,81
"60RE000253",116,36,80
"60RE000254",88,25,63
"60RE000255",130,28,102
"60RE000256",91,25,66
"60RE000257",115,24,91
"60RE000258",80,21,59
"60RE000259",137,29,108
"60RE000260",99,29,70
"60RE000261",101,21,80
"60RE000262",57,8,49
"60RE000263",89,12,77
"60RE000264",144,33,111
"60RE000265",129,26,103
"60RE000266",95,15,80
"60RE000267",145,22,123
"60RE000268",162,28,134
"60RE000269",113,18,95
"60RE000270",124,17,107
"60RE000271",139,9,130
"60RE000272",172,20,152
"60RE000273",154,32,122
"60RE000274",164,12,152
"60RE000275",120,24,96
"60RE000276",151,19,132
"60RE000277",147,17,130
"60RE000278",156,17,139
"60RE000279",124,14,110
"60RE000280",125,11,114
"60RE000281",128,18,110
"60RE000282",115,27,88
"60RE000283",131,23,108
"60RE000284",95,16,79
"60RE000285",117,14,103
"60RE000286",131,25,106
"60RE000287",143,25,118
"60RE000288",100,11,89
"60RE000289",97,17,80
"60RE000290",118,29,89
"60RE000291",111,33,78
"60RE000292",123,18,105
"60RE000293",97,12,85
"60RE000294",155,24,131
"60RE000295",103,18,85
"60RE000296",134,27,107
"60RE000297",123,16,107
"60RE000298",166,50,116
"60RE000299",101,13,88
"60RE000300",85,14,71
"60RE000301",91,16,75
"60RE000302",107,32,75
"60RE000303",214,50,164
"60RE000304",89,25,64
"60RE000305",123,19,104
"60RE000306",93,14,79
"60RE000307",173,22,151
"60RE000308",111,25,86
"60RE000309",142,80,62
"60RE000310",107,22,85
"60RE000311",92,21,71
"60RE000312",105,28,77
"60RE000313",120,64,56
"60RE000314",78,20,58
"60RE000315",76,17,59
"60RE000316",105,37,68
"60RE000317",128,32,96
"60RE000318",97,27,70
"60RE000319",83,17,66
"60RE000320",104,29,75
"60RE000321",98,35,63
"60RE000322",93,20,73
"60RE000323",61,33,28
"60RE000324",113,21,92
"60RE000325",98,26,72
"60RE000326",71,17,54
"60RE000327",135,27,108
"60RE000328",110,32,78
"60RE000329",97,20,77
"60RE000330",82,5,77
"60RE000331",73,16,57
"60RE000332",88,21,67
"60RE000333",116,16,100
"60RE000334",153,35,118
"60RE000335",142,40,102
"60RE000336",123,24,99
"60RE000337",93,16,77
"60RE000338",97,15,82
"60RE000339",94,31,63
"60RE000340",85,25,60
"60RE000341",132,45,87
"60RE000342",91,24,67
"60RE000343",122,35,87
"60RE000344",93,21,72
"60RE000345",137,42,95
"60RE000346",58,9,49
"60RE000347",119,34,85
"60RE000348",65,17,48
"60RE000349",95,29,66
"60RE000350",135,32,103
"60RE000351",165,47,118
"60RE000352",170,40,130
"60RE000353",141,51,90
"60RE000354",90,22,68
"60RE000355",93,31,62
"60RE000356",107,12,95
"60RE000357",132,21,111
"60RE000358",134,37,97
"60RE000359",68,17,51
"60RE000360",80,15,65
"60RE000361",125,18,107
"60RE000362",63,11,52
"60RE000363",92,14,78
"60RE000364",166,36,130
"60RE000365",171,53,118
"60RE000366",133,41,92
"60RE000367",206,42,164
"60RE000368",153,37,116
"60RE000369",126,28,98
"60RE000370",127,30,97
"60RE000371",101,33,68
"60RE000372",216,13,203
"60RE000373",164,31,133
"60RE000374",56,22,34
"60RE000375",172,31,141
"60RE000376",179,39,140
"60RE000377",98,18,80
"60RE000378",122,13,109
"60RE000379",131,23,108
"60RE000380",91,23,68
"60RE000381",102,20,82
"60RE000382",70,16,54
"60RE000383",76,35,41
"60RE000384",83,29,54
"60RE000385",112,35,77
"60RE000386",77,17,60
"60RE000387",98,20,78
"60RE000388",100,26,74
"60RE000389",63,20,43
"60RE000390",73,22,51
"60RE000391",63,29,34
"60RE000392",59,12,47
"60RE000393",88,25,63
"60RE000394",111,41,70
"60RE000395",139,24,115
"60RE000396",120,20,100
"60RE000397",192,17,175
"60RE000398",140,21,119
"60RE000399",88,18,70
"60RE000400",84,59,25
"60RE000401",91,59,32
"60RE000402",105,41,64
"60RE000403",91,32,59
"60RE000404",61,23,38
"60RE000405",119,42,77
"60RE000406",118,31,87
"60RE000407",104,27,77
"60RE000408",129,19,110
"60RE000409",70,16,54
"60RE000410",216,31,185
"60RE000411",116,40,76
"60RE000412",62,25,37
"60RE000413",101,25,76
"60RE000414",98,29,69
"60RE000415",106,28,78
"60RE000416",106,25,81
"60RE000417",102,14,88
"60RE000418",176,46,130
"60RE000419",132,31,101
"60RE000420",190,35,155
"60RE000421",147,42,105
"60RE000422",145,32,113
"60RE000423",153,37,116
"60RE000424",101,26,75
"60RE000425",182,30,152
"60RE000426",100,30,70
"60RE000427",174,55,119
"60RE000428",179,39,140
"60RE000429",130,39,91
"60RE000430",144,40,104
"60RE000431",106,50,56
"60RE000432",129,39,90
"60RE000433",98,21,77
"60RE000434",102,32,70
"60RE000435",109,38,71
"60RE000436",78,23,55
"60RE000437",100,23,77
"60RE000438",97,26,71
"60RE000439",108,31,77
"60RE000440",57,10,47
"60RE000441",137,35,102
"60RE000442",148,33,115
"60RE000443",101,28,73
"60RE000444",113,39,74
"60RE000445",177,37,140
"60RE000446",125,23,102
"60RE000447",86,18,68
"60RE000448",110,30,80
"60RE000449",91,28,63
"60RE000450",112,18,94
"60RE000451",119,24,95
"60RE000452",72,7,65
"60RE000453",170,34,136
"60RE000454",114,22,92
"60RE000455",116,17,99
"60RE000456",166,20,146
"60RE000457",73,8,65
"60RE000458",61,6,55
"60RE000459",153,15,138
"60RE000460",136,14,122
"60RE000461",192,73,119
"60RE000462",94,13,81
"60RE000463",116,35,81
"60RE000464",121,22,99
"60RE000465",121,30,91
"60RE000466",87,22,65
"60RE000467",119,27,92
"60RE000468",92,17,75
"60RE000469",143,38,105
"60RE000470",115,28,87
"60RE000471",80,27,53
"60RE000472",115,33,82
"60RE000473",92,28,64
"60RE000474",104,8,96
"60RE000475",159,21,138
"60RE000476",135,16,119
"60RE000477",90,10,80
"60RE000478",90,17,73
"60RE000479",138,21,117
"60RE000480",157,29,128
"60RE000481",75,13,62
"60RE000482",162,20,142
"60RE000483",179,38,141
"60RE000484",122,25,97
"60RE000485",112,21,91
"60RE000486",125,40,85
"60RE000487",83,34,49
"60RE000488",133,31,102
"60RE000489",126,33,93
"60RE000490",118,25,93
"60RE000491",112,29,83
"60RE000492",140,26,114
"60RE000493",134,18,116
"60RE000494",92,34,58
"60RE000495",124,23,101
"60RE000496",112,31,81
"60RE000497",119,33,86
"60RE000498",173,45,128
"60RE000499",144,21,123
"60RE000500",119,32,87
"60RE000501",168,65,103
"60RE000502",82,33,49
"60RE000503",137,21,116
"60RE000504",97,12,85
"60RE000505",131,40,91
"60RE000506",101,11,90
"60RE000507",155,16,139
"60RE000508",118,11,107
"60RE000509",183,23,160
"60RE000510",174,27,147
"60RE000511",115,14,101
"60RE000512",115,25,90
"60RE000513",92,23,69
"60RE000514",85,18,67
"60RE000515",113,31,82
"60RE000516",125,32,93
"60RE000517",111,18,93
"60RE000518",196,74,122
"60RE000519",138,21,117
"60RE000520",128,37,91
"60RE000521",99,26,73
"60RE000522",120,29,91
"60RE000523",111,32,79
"60RE000524",95,21,74
"60RE000525",198,17,181
"60RE000526",220,22,198
"60RE000527",86,17,69
"60RE000528",54,3,51
"60RE000529",152,27,125
"60RE000530",104,16,88
"60RE000531",107,9,98
"60RE000532",66,13,53
"60RE000533",77,20,57
"60RE000534",155,50,105
"60RE000535",133,40,93
"60RE000536",83,29,54
"60RE000537",104,27,77
"60RE000538",92,17,75
"60RE000539",130,32,98
"60RE000540",81,13,68
"60RE000541",111,14,97
"60RE000542",142,24,118
"60RE000543",115,16,99
"60RE000544",107,21,86
"60RE000545",100,22,78
"60RE000546",105,23,82
"60RE000547",187,14,173
"60RE000548",217,14,203
"60RE000549",97,10,87
"60RE000550",177,36,141
"60RE000551",77,19,58
"60RE000552",135,40,95
"60RE000553",117,31,86
"60RE000554",217,21,196
"60RE000555",50,15,35
"60RE000556",190,44,146
"60RE000557",148,39,109
"60RE000558",179,44,135
"60RE000559",175,36,139
"60RE000560",153,28,125
"60RE000561",117,31,86
"60RE000562",116,24,92
"60RE000563",171,37,134
"60RE000564",127,40,87
"60RE000565",112,37,75
"60RE000566",144,34,110
"60RE000567",80,20,60
"60RE000568",165,26,139
"60RE000569",100,21,79
"60RE000570",72,34,38
"60RE000571",88,24,64
"60RE000572",132,26,106
"60RE000573",98,20,78
"60RE000574",170,37,133
"60RE000575",136,33,103
"60RE000576",150,29,121
"60RE000577",124,41,83
"60RE000578",99,26,73
"60RE000579",136,21,115
"60RE000580",130,29,101
"60RE000581",122,30,92
"60RE000582",91,16,75
"60RE000583",79,28,51
"60RE000584",110,22,88
"60RE000585",105,35,70
"60RE000586",116,30,86
"60RE000587",133,17,116
"60RE000588",153,45,108
"60RE000589",178,31,147
"60RE000590",169,18,151
"60RE000591",166,29,137
"60RE000592",149,14,135
"60RE000593",95,32,63
"60RE000594",103,17,86
"60RE000595",125,20,105
"60RE000596",111,20,91
"60RE000597",125,46,79
"60RE000598",86,15,71
"60RE000599",127,12,115
"60RE000600",132,31,101
"60RE000601",137,45,92
"60RE000602",123,31,92
"60RE000603",137,36,101
"60RE000604",95,34,61
"60RE000605",63,10,53
"60RE000606",64,19,45
"60RE000607",102,26,76
"60RE000608",55,15,40
"60RE000609",74,25,49
"60RE000610",60,15,45
"60RE000611",75,20,55
"60RE000612",95,18,77
"60RE000613",90,45,45
"60RE000614",117,26,91
"60RE000615",146,24,122
"60RE000616",79,40,39
"60RE000617",76,10,66
"60RE000618",184,31,153
"60RE000619",103,12,91
"60RE000620",145,24,121
"60RE000621",76,40,36
"60RE000622",106,16,90
"60RE000623",143,39,104
"60RE000624",114,22,92
"60RE000625",139,33,106
"60RE000626",114,23,91
"60RE000627",147,35,112
"60RE000628",141,34,107
"60RE000629",71,23,48
"60RE000630",151,27,124
"60RE000631",164,27,137
"60RE000632",68,12,56
"60RE000633",137,39,98
"60RE000634",131,35,96
"60RE000635",154,38,116
"60RE000636",154,25,129
"60RE000637",114,31,83
"60RE000638",87,22,65
"60RE000639",179,34,145
"60RE000640",144,20,124
"60RE000641",100,18,82
"60RE000642",125,17,108
"60RE000643",204,23,181
"60RE000644",96,14,82
"60RE000645",115,16,99
"60RE000646",173,15,158
"60RE000647",148,11,137
"60RE000648",155,13,142
"60RE000649",137,14,123
"60RE000650",160,19,141
"60RE000651",140,16,124
"60RE000652",125,4,121
"60RE000653",145,13,132
"60RE000654",120,11,109
"60RE000655",162,23,139
"60RE000656",129,20,109
"60RE000657",133,34,99
"60RE000658",117,19,98
"60RE000659",69,6,63
"60RE000660",80,29,51
"60RE000661",129,36,93
"60RE000662",150,40,110
"60RE000663",141,21,120
"60RE000664",135,29,106
"60RE000665",158,18,140
"60RE000666",141,10,131
"60RE000667",156,15,141
"60RE000668",180,16,164
"60RE000669",88,15,73
"60RE000670",108,30,78
"60RE000671",132,31,101
"60RE000672",118,13,105
"60RE000673",159,37,122
"60RE000674",171,25,146
"60RE000675",158,30,128
"60RE000676",112,18,94
"60RE000677",113,19,94
"60RE000678",79,4,75
"60RE000679",154,38,116
"60RE000680",160,36,124
"60RE000681",115,39,76
"60RE000682",78,22,56
"60RE000683",189,36,153
"60RE000684",152,43,109
"60RE000685",184,27,157
"60RE000686",140,17,123
"60RE000687",96,19,77
"60RE000688",136,41,95
"60RE000689",61,3,58
"60RE000690",150,28,122
"60RE000691",67,24,43
"60RE000692",167,62,105
"60RE000693",171,23,148
"60RE000694",88,17,71
"60RE000695",54,10,44
"60RE000696",161,33,128
"60RE000697",143,64,79
"60RE000698",114,38,76
"60RE000699",128,27,101
"60RE000700",82,25,57
"60RE000701",84,9,75
"60RE000702",72,11,61
"60RE000703",204,138,66
"60RE000704",98,16,82
"60RE000705",96,22,74
"60RE000706",62,8,54
"60RE000707",135,24,111
"60RE000708",123,31,92
"60RE000709",81,6,75
"60RE000710",65,11,54
"60RE000711",76,10,66
"60RE000712",145,18,127
"60RE000713",101,16,85
"60RE000714",68,15,53
"60RE000715",96,13,83
"60RE000716",102,18,84
"60RE000717",78,21,57
"60RE000718",156,7,149
"60RE000719",74,15,59
"60RE000720",81,11,70
"60RE000721",79,29,50
"60RE000722",144,49,95
"60RE000723",95,18,77
"60RE000724",76,15,61
"60RE000725",67,35,32
"60RE000726",147,40,107
"60RE000727",50,8,42
"60RE000728",81,27,54
"60RE000729",63,9,54
"60RE000730",69,10,59
"60RE000731",120,11,109
"60RE000732",101,11,90
"60RE000733",55,16,39
"60RE000734",61,15,46
"60RE000735",113,22,91
"60RE000736",98,22,76
"60RE000737",97,8,89
"60RE000738",73,22,51
"60RE000739",90,23,67
"60RE000740",134,34,100
"60RE000741",59,13,46
"60RE000742",94,40,54
"60RE000743",120,35,85
"60RE000744",92,18,74
"60RE000745",93,14,79
"60RE000746",76,8,68
"60RE000747",61,8,53
"60RE000748",101,20,81
"60RE000749",109,22,87
"60RE000750",122,9,113
"60RE000751",85,19,66
"60RE000752",66,20,46
"60RE000753",118,30,88
"60RE000754",68,5,63
"60RE000755",158,44,114
"60RE000756",126,18,108
"60RE000757",125,23,102
"60RE000758",197,27,170
"60RE000759",96,9,87
"60RE000760",64,9,55
"60RE000761",62,6,56
"60RE000762",172,26,146
"60RE000763",112,22,90
"60RE000764",109,20,89
"60RE000765",130,38,92
"60RE000766",77,10,67
"60RE000767",107,27,80
"60RE000768",71,10,61
"60RE000769",87,31,56
"60RE000770",74,19,55
"60RE000771",153,11,142
"60RE000772",71,8,63
"60RE000773",60,19,41
"60RE000774",129,36,93
"60RE000775",88,15,73
"60RE000776",101,11,90
"60RE000777",79,15,64
"60RE000778",178,27,151
"60RE000779",106,13,93
"60RE000780",117,22,95
"60RE000781",125,7,118
"60RE000782",116,10,106
"60RE000783",202,19,183
"60RE000784",113,16,97
"60RE000785",136,19,117
"60RE000786",123,12,111
"60RE000787",133,25,108
"60RE000788",79,20,59
"60RE000789",67,15,52
"60RE000790",123,20,103
"60RE000791",213,46,167
"60RE000792",103,15,88
"60RE000793",100,27,73
"60RE000794",143,28,115
"60RE000795",63,14,49
"60RE000796",94,22,72
"60RE000797",81,21,60
"60RE000798",127,43,84
"60RE000799",63,20,43
"60RE000800",114,10,104
"60RE000801",113,33,80
"60RE000802",93,16,77
"60RE000803",280,40,240
"60RE000804",123,34,89
"60RE000805",75,15,60
"60RE000806",84,5,79
"60RE000807",113,19,94
"60RE000808",67,16,51
"60RE000809",151,27,124
"60RE000810",62,15,47
"60RE000811",76,17,59
"60RE000812",214,30,184
"60RE000813",92,30,62
"60RE000814",51,19,32
"60RE000815",96,30,66
"60RE000816",79,11,68
"60RE000817",100,21,79
"60RE000818",231,20,211
"60RE000819",69,16,53
"60RE000820",138,8,130
"60RE000821",126,22,104
"60RE000822",179,14,165
"60RE000823",116,25,91
"60RE000824",143,21,122
"60RE000825",136,31,105
"60RE000826",78,21,57
"60RE000827",73,34,39
"60RE000828",130,37,93
"60RE000829",74,32,42
"60RE000830",118,14,104
"60RE000831",62,37,25
"60RE000832",171,14,157
"60RE000833",152,30,122
"60RE000834",110,17,93
"60RE000835",198,36,162
"60RE000836",91,9,82
"60RE000837",122,7,115
"60RE000838",151,18,133
"60RE000839",97,14,83
"60RE000840",128,19,109
"60RE000841",75,24,51
"60RE000842",81,16,65
"60RE000843",110,21,89
"60RE000844",195,58,137
"60RE000845",85,20,65
"60RE000846",109,27,82
"60RE000847",90,28,62
"60RE000848",106,31,75
"60RE000849",196,31,165
"60RE000850",98,17,81
"60RE000851",132,26,106
"60RE000852",134,65,69
"60RE000853",77,22,55
"60RE000854",125,30,95
"60RE000855",63,18,45
"60RE000856",58,17,41
"60RE000857",72,40,32
"60RE000858",189,37,152
"60RE000859",110,8,102
"60RE000860",155,17,138
"60RE000861",134,13,121
"60RE000862",98,22,76
"60RE000863",81,23,58
"60RE000864",73,26,47
"60RE000865",93,59,34
"60RE000866",100,15,85
"60RE000867",57,36,21
"60RE000868",116,60,56
"60RE000869",128,46,82
"60RE000870",153,15,138
"60RE000871",97,12,85
"60RE000872",147,19,128
"60RE000873",52,17,35
"60RE000874",287,53,234
"60RE000875",119,27,92
"60RE000876",63,5,58
"60RE000877",101,18,83
"60RE000878",58,15,43
"60RE000879",53,29,24
"60RE000880",128,20,108
"60RE000881",171,14,157
"60RE000882",82,35,47
"60RE000883",144,23,121
"60RE000884",145,8,137
"60RE000885",93,6,87
"60RE000886",118,31,87
"60RE000887",89,15,74
"60RE000888",143,15,128
"60RE000889",128,15,113
"60RE000890",117,24,93
"60RE000891",158,35,123
"60RE000892",87,18,69
"60RE000893",144,38,106
"60RE000894",117,19,98
"60RE000895",95,21,74
"60RE000896",50,20,30
"60RE000897",127,19,108
"60RE000898",124,16,108
"60RE000899",115,23,92
"60RE000900",91,13,78
"60RE000901",75,11,64
"60RE000902",173,15,158
"60RE000903",138,24,114
"60RE000904",55,30,25
"60RE000905",80,33,47
"60RE000906",168,19,149
"60RE000907",72,16,56
"60RE000908",159,9,150
"60RE000909",147,34,113
"60RE000910",179,23,156
"60RE000911",91,18,73
"60RE000912",151,26,125
"60RE000913",116,21,95
"60RE000914",108,10,98
"60RE000915",115,10,105
"60RE000916",120,13,107
"60RE000917",90,7,83
"60RE000918",194,21,173
"60RE000919",98,11,87
"60RE000920",85,30,55
"60RE000921",98,32,66
"60RE000922",80,13,67
"60RE000923",106,13,93
"60RE000924",139,23,116
"60RE000925",127,30,97
"60RE000926",104,25,79
"60RE000927",99,23,76
"60RE000928",120,22,98
"60RE000929",51,34,17
"60RE000930",143,30,113
"60RE000931",174,36,138
"60RE000932",67,36,31
"60RE000933",61,22,39
"60RE000934",83,6,77
"60RE000935",74,14,60
"60RE000936",174,11,163
"60RE000937",138,4,134
"60RE000938",123,10,113
"60RE000939",144,6,138
"60RE000940",123,8,115
"60RE000941",67,17,50
"60RE000942",113,26,87
"60RE000943",72,11,61
"60RE000944",209,10,199
"60RE000945",178,20,158
"60RE000946",109,9,100
"60RE000947",80,11,69
"60RE000948",107,13,94
"60RE000949",165,23,142
"60RE000950",137,14,123
"60RF000001",183,31,152
"60RF000002",150,45,105
"60RF000003",134,55,79
"60RF000004",64,32,32
"60RF000005",108,32,76
"60RF000006",69,40,29
"60RF000007",160,57,103
"60RF000008",96,30,66
"60RF000009",74,27,47
"60RF000010",61,34,27
"60RF000011",132,56,76
"60RF000012",131,43,88
"60RF000013",138,21,117
"60RF000014",95,24,71
"60RF000015",105,72,33
"60RF000016",96,72,24
"60RF000017",104,60,44
"60RF000018",79,24,55
"60RF000019",156,32,124
"60RF000020",72,20,52
"60RF000021",164,15,149
"60RF000022",201,29,172
"60RF000023",132,53,79
"60RF000024",92,33,59
"60RF000025",124,38,86
"60RF000026",161,38,123
"60RF000027",107,23,84
"60RF000028",69,27,42
"60RF000029",103,24,79
"60RF000030",85,35,50
"60RF000031",112,27,85
"60RF000032",119,39,80
"60RF000033",125,43,82
"60RF000034",75,29,46
"60RF000035",77,18,59
"60RF000036",163,23,140
"60RF000037",133,32,101
"60RF000038",138,11,127
"60RF000039",93,15,78
"60RF000040",117,40,77
"60RF000041",156,34,122
"60RF000042",168,42,126
"60RF000043",115,44,71
"60RF000044",102,33,69
"60RF000045",114,27,87
"60RF000046",56,24,32
"60RF000047",78,34,44
"60RF000048",60,17,43
"60RF000049",122,68,54
"60RF000050",72,28,44
"60RF000051",104,47,57
"60RF000052",69,21,48
"60RF000053",159,29,130
"60RF000054",122,49,73
"60RF000055",106,21,85
"60RF000056",179,29,150
"60RF000057",115,43,72
"60RF000058",160,36,124
"60RF000059",106,29,77
"60RF000060",84,20,64
"60RF000061",95,16,79
"60RF000062",177,38,139
"60RF000063",121,21,100
"60RF000064",100,14,86
"60RF000065",126,37,89
"60RF000066",107,28,79
"60RF000067",149,28,121
"60RF000068",148,15,133
"60RF000069",179,15,164
"60RF000070",100,19,81
"60RF000071",183,22,161
"60RF000072",131,8,123
"60RF000073",199,11,188
"60RF000074",232,13,219
"60RF000075",96,13,83
"60RF000076",154,28,126
"60RF000077",125,8,117
"60RF000078",143,21,122
"60RF000079",135,16,119
"60RF000080",125,36,89
"60RF000081",158,15,143
"60RF000082",108,10,98
"60RF000083",140,13,127
"60RF000084",162,15,147
"60RF000085",150,19,131
"60RF000086",115,5,110
"60RF000087",175,17,158
"60RF000088",144,14,130
"60RF000089",147,19,128
"60RF000090",133,18,115
"60RF000091",93,20,73
"60RF000092",140,16,124
"60RF000093",125,23,102
"60RF000094",155,19,136
"60RF000095",134,25,109
"60RF000096",63,6,57
"60RF000097",156,113,43
"60RF000098",98,40,58
"60RF000099",94,18,76
"60RF000100",120,44,76
"60RF000101",163,34,129
"60RF000102",101,33,68
"60RF000103",158,37,121
"60RF000104",188,97,91
"60RF000105",135,26,109
"60RF000106",99,25,74
"60RF000107",191,35,156
"60RF000108",145,46,99
"60RF000109",154,36,118
"60RF000110",139,51,88
"60RF000111",152,38,114
"60RF000112",160,48,112
"60RF000113",146,41,105
"60RF000114",121,47,74
"60RF000115",173,47,126
"60RF000116",171,27,144
"60RF000117",106,22,84
"60RF000118",115,43,72
"60RF000119",132,45,87
"60RF000120",148,46,102
"60RF000121",132,44,88
"60RF000122",107,64,43
"60RF000123",135,32,103
"60RF000124",175,58,117
"60RF000125",186,35,151
"60RF000126",121,37,84
"60RF000127",103,35,68
"60RF000128",111,19,92
"60RF000129",83,37,46
"60RF000130",133,60,73
"60RF000131",96,35,61
"60RF000132",155,46,109
"60RF000133",158,39,119
"60RF000134",130,42,88
"60RF000135",134,53,81
"60RF000136",125,45,80
"60RF000137",101,20,81
"60RF000138",77,29,48
"60RF000139",90,39,51
"60RF000140",99,17,82
"60RF000141",93,20,73
"60RF000142",60,14,46
"60RF000143",126,29,97
"60RF000144",112,27,85
"60RF000145",104,30,74
"60RF000146",96,15,81
"60RF000147",96,51,45
"60RF000148",124,24,100
"60RF000149",109,19,90
"60RF000150",102,25,77
"60RF000151",97,19,78
"60RF000152",142,15,127
"60RF000153",103,22,81
"60RF000154",170,23,147
"60RF000155",101,26,75
"60RF000156",166,18,148
"60RF000157",200,20,180
"60RF000158",86,32,54
"60RF000159",172,26,146
"60RF000160",157,52,105
"60RF000161",131,48,83
"60RF000162",179,32,147
"60RF000163",132,27,105
"60RF000164",117,20,97
"60RF000165",101,9,92
"60RF000166",110,18,92
"60RF000167",147,31,116
"60RF000168",182,24,158
"60RF000169",104,23,81
"60RF000170",159,25,134
"60RF000171",107,26,81
"60RF000172",104,9,95
"60RF000173",54,11,43
"60RF000174",195,30,165
"60RF000175",82,30,52
"60RF000176",108,50,58
"60RF000177",97,32,65
"60RF000178",175,41,134
"60RF000179",116,17,99
"60RF000180",186,55,131
"60RF000181",111,48,63
"60RF000182",104,33,71
"60RF000183",71,36,35
"60RF000184",65,23,42
"60RF000185",73,40,33
"60RF000186",89,44,45
"60RF000187",63,26,37
"60RF000188",92,42,50
"60RF000189",59,14,45
"60RF000190",84,17,67
"60RF000191",58,12,46
"60RF000192",67,24,43
"60RF000193",89,36,53
"60RF000194",75,35,40
"60RF000195",63,31,32
"60RF000196",55,4,51
"60RF000197",83,28,55
"60RF000198",103,32,71
"60RF000199",101,19,82
"60RF000200",63,9,54
"60RF000201",109,23,86
"60RF000202",126,23,103
"60RF000203",108,18,90
"60RF000204",72,20,52
"60RF000205",99,20,79
"60RF000206",193,22,171
"60RF000207",138,33,105
"60RF000208",138,13,125
"60RF000209",163,31,132
"60RF000210",90,29,61
"60RF000211",148,24,124
"60RF000212",179,56,123
"60RF000213",118,26,92
"60RF000214",145,24,121
"60RF000215",148,25,123
"60RF000216",92,5,87
"60RF000217",103,23,80
"60RF000218",157,43,114
"60RF000219",137,25,112
"60RF000220",129,50,79
"60RF000221",158,40,118
"60RF000222",144,47,97
"60RF000223",117,39,78
"60RF000224",107,35,72
"60RF000225",108,30,78
"60RF000226",95,25,70
"60RF000227",146,25,121
"60RF000228",117,30,87
"60RF000229",116,19,97
"60RF000230",141,39,102
"60RF000231",115,21,94
"60RF000232",124,30,94
"60RF000233",129,16,113
"60RF000234",121,20,101
"60RF000235",130,18,112
"60RF000236",92,7,85
"60RF000237",104,16,88
"60RF000238",118,20,98
"60RF000239",127,23,104
"60RF000240",101,15,86
"60RF000241",103,13,90
"60RF000242",110,29,81
"60RF000243",91,35,56
"60RF000244",103,24,79
"60RF000245",167,16,151
"60RF000246",90,14,76
"60RF000247",194,19,175
"60RF000248",91,16,75
"60RF000249",93,11,82
"60RF000250",70,17,53
"60RF000251",115,18,97
"60RF000252",105,13,92
"60RF000253",111,17,94
"60RF000254",79,37,42
"60RF000255",66,38,28
"60RF000256",55,24,31
"60RF000257",97,37,60
"60RF000258",99,53,46
"60RF000259",95,58,37
"60RF000260",79,46,33
"60RF000261",99,66,33
"60RF000262",97,25,72
"60RF000263",119,34,85
"60RF000264",103,39,64
"60RF000265",142,62,80
"60RF000266",166,46,120
"60RF000267",142,55,87
"60RF000268",114,42,72
"60RF000269",108,31,77
"60RF000270",209,59,150
"60RF000271",142,57,85
"60RF000272",164,55,109
"60RF000273",129,44,85
"60RF000274",188,57,131
"60RF000275",92,22,70
"60RF000276",81,13,68
"60RF000277",92,27,65
"60RF000278",60,20,40
"60RF000279",121,24,97
"60RF000280",118,41,77
"60RF000281",173,40,133
"60RF000282",180,32,148
"60RF000283",90,20,70
"60RF000284",110,28,82
"60RF000285",127,38,89
"60RF000286",146,50,96
"60RF000287",103,29,74
"60RF000288",77,40,37
"60RF000289",78,24,54
"60RF000290",122,29,93
"60RF000291",112,24,88
"60RF000292",148,52,96
"60RF000293",122,23,99
"60RF000294",123,35,88
"60RF000295",121,17,104
"60RF000296",67,8,59
"60RF000297",124,15,109
"60RF000298",182,29,153
"60RF000299",123,23,100
"60RF000300",149,20,129
"60RF000301",101,10,91
"60RF000302",97,28,69
"60RF000303",143,22,121
"60RF000304",91,11,80
"60RF000305",110,14,96
"60RF000306",150,31,119
"60RF000307",121,18,103
"60RF000308",92,37,55
"60RF000309",173,48,125
"60RF000310",142,35,107
"60RF000311",201,35,166
"60RF000312",144,27,117
"60RF000313",152,26,126
"60RF000314",138,38,100
"60RF000315",149,38,111
"60RF000316",59,17,42
"60RF000317",118,30,88
"60RF000318",62,11,51
"60RF000319",117,24,93
"60RF000320",97,32,65
"60RF000321",87,32,55
"60RF000322",117,21,96
"60RF000323",124,38,86
"60RF000324",108,35,73
"60RF000325",103,31,72
"60RF000326",95,42,53
"60RF000327",91,33,58
"60RF000328",137,19,118
"60RF000329",73,37,36
"60RF000330",133,32,101
"60RF000331",121,64,57
"60RF000332",119,28,91
"60RF000333",60,25,35
"60RF000334",98,27,71
"60RF000335",106,23,83
"60RF000336",77,28,49
"60RF000337",97,37,60
"60RF000338",115,31,84
"60RF000339",114,31,83
"60RF000340",93,26,67
"60RF000341",85,23,62
"60RF000342",72,22,50
"60RF000343",81,17,64
"60RF000344",86,27,59
"60RF000345",124,12,112
"60RF000346",113,33,80
"60RF000347",140,19,121
"60RF000348",117,11,106
"60RF000349",91,17,74
"60RF000350",110,22,88
"60RF000351",59,19,40
"60RF000352",52,17,35
"60RF000353",110,31,79
"60RF000354",83,14,69
"60RF000355",135,15,120
"60RF000356",64,8,56
"60RF000357",54,2,52
"60RF000358",60,9,51
"60RF000359",70,10,60
"60RF000360",106,19,87
"60RF000361",130,16,114
"60RF000362",117,20,97
"60RF000363",156,26,130
"60RF000364",80,12,68
"60RF000365",81,41,40
"60RF000366",68,14,54
"60RF000367",83,17,66
"60RF000368",69,20,49
"60RF000369",99,35,64
"60RF000370",353,231,122
"60RF000371",229,19,210
"60RF000372",91,14,77
"60RF000373",67,21,46
"60RF000374",121,36,85
"60RF000375",96,32,64
"60RF000376",75,28,47
"60RF000377",101,15,86
"60RF000378",90,28,62
"60RF000379",96,3,93
"60RF000380",101,31,70
"60RF000381",122,28,94
"60RF000382",65,11,54
"60RF000383",109,27,82
"60RF000384",111,19,92
"60RF000385",171,40,131
"60RF000386",66,12,54
"60RF000387",70,30,40
"60RF000388",57,34,23
"60RF000389",122,39,83
"60RF000390",66,13,53
"60RF000391",109,38,71
"60RF000392",127,24,103
"60RF000393",376,46,330
"60RF000394",137,29,108
"60RF000395",79,16,63
"60RF000396",145,33,112
"60RF000397",240,32,208
"60RF000398",101,18,83
"60RF000399",100,19,81
"60RF000400",148,13,135
"60RF000401",178,19,159
"60RF000402",98,6,92
"60RF000403",123,7,116
"60RF000404",90,19,71
"60RF000405",131,21,110
"60RF000406",133,17,116
"60RF000407",96,35,61
"60RF000408",97,41,56
"60RF000409",113,43,70
"60RF000410",75,31,44
"60RF000411",126,62,64
"60RF000412",69,28,41
"60RF000413",117,25,92
"60RF000414",128,42,86
"60RF000415",134,31,103
"60RF000416",168,26,142
"60RF000417",85,19,66
"60RF000418",144,16,128
"60RF000419",78,13,65
"60RF000420",110,20,90
"60RF000421",92,9,83
"60RF000422",159,19,140
"60RF000423",131,10,121
"60RF000424",102,46,56
"60RF000425",50,18,32
"60RF000426",129,26,103
"60RF000427",81,33,48
"60RF000428",74,14,60
"60RF000429",101,5,96
"60RF000430",98,22,76
"60RF000431",68,17,51
"60RF000432",80,17,63
"60RF000433",83,24,59
"60RF000434",100,35,65
"60RF000435",107,34,73
"60RF000436",78,34,44
"60RF000437",54,31,23
"60RF000438",92,28,64
"60RF000439",83,17,66
"60RF000440",97,28,69
"60RF000441",94,30,64
"60RF000442",122,7,115
"60RF000443",152,14,138
"60RF000444",128,40,88
"60RF000445",173,76,97
"60RF000446",61,40,21
"60RF000447",103,20,83
"60RF000448",56,37,19
"60RF000449",69,10,59
"60RF000450",104,33,71
"60RF000451",159,19,140
"60RF000452",104,9,95
"60RF000453",110,5,105
"60RF000454",136,18,118
"60RF000455",171,6,165
"60RF000456",166,15,151
"60RF000457",138,13,125
"60RF000458",196,13,183
"60RF000459",117,13,104
"60RF000460",127,22,105
"60RF000461",98,7,91
"60RF000462",160,9,151
"60RF000463",107,9,98
"60RF000464",132,9,123
"60RF000465",180,13,167
"60RF000466",100,12,88
"60RF000467",176,11,165
"60RF000468",163,12,151
"60RF000469",78,14,64
"60RF000470",93,8,85
"60RF000471",148,18,130
"60RF000472",139,18,121
"60RF000473",155,16,139
"60RF000474",157,19,138
"60RF000475",219,33,186
"60RF000476",81,13,68
"60RF000477",134,25,109
"60RF000478",66,6,60
"60RF000479",162,9,153
"60RF000480",62,9,53
"60RF000481",210,26,184
"60RF000482",98,10,88
"60RF000483",216,35,181
"60RF000484",145,23,122
"60RF000485",98,15,83
"60RF000486",92,11,81
"60RF000487",82,12,70
"60RF000488",116,39,77
"60RF000489",157,22,135
"60RF000490",62,5,57
"60RF000491",130,12,118
"60RF000492",77,13,64
"60RF000493",120,16,104
"60RF000494",136,28,108
"60RF000495",113,20,93
"60RF000496",114,26,88
"60RF000497",100,18,82
"60RF000498",63,11,52
"60RF000499",161,24,137
"60RF000500",127,55,72
"60RF000501",96,36,60
"60RF000502",99,16,83
"60RF000503",61,8,53
"60RF000504",109,18,91
"60RF000505",136,16,120
"60RF000506",122,16,106
"60RF000507",123,22,101
"60RF000508",120,46,74
"60RF000509",53,12,41
"60RF000510",147,22,125
"60RF000511",140,19,121
"60RF000512",352,219,133
"60RF000513",199,70,129
"60RF000514",181,33,148
"60RF000515",109,16,93
"60RF000516",144,18,126
"60RF000517",73,9,64
"60RF000518",196,32,164
"60RF000519",112,22,90
"60RF000520",212,34,178
"60RF000521",71,12,59
"60RF000522",132,42,90
"60RF000523",109,14,95
"60RF000524",156,38,118
"60RF000525",78,9,69
"60RF000526",147,29,118
"60RF000527",162,23,139
"60RF000528",181,30,151
"60RF000529",123,48,75
"60RF000530",84,21,63
"60RF000531",114,30,84
"60RF000532",70,21,49
"60RF000533",206,27,179
"60RF000534",136,20,116
"60RF000535",107,18,89
"60RF000536",116,23,93
"60RF000537",59,11,48
"60RF000538",159,36,123
"60RF000539",91,23,68
"60RF000540",83,24,59
"60RF000541",80,18,62
"60RF000542",188,23,165
"60RF000543",143,16,127
"60RF000544",188,27,161
"60RF000545",180,25,155
"60RF000546",63,9,54
"60RF000547",108,19,89
"60RF000548",123,16,107
"60RF000549",138,26,112
"60RF000550",136,23,113
"60RF000551",121,26,95
"60RF000552",152,19,133
"60RF000553",163,38,125
"60RF000554",180,32,148
"60RF000555",112,33,79
"60RF000556",95,25,70
"60RF000557",138,15,123
"60RF000558",90,24,66
"60RF000559",89,14,75
"60RF000560",91,24,67
"60RF000561",130,37,93
"60RF000562",108,30,78
"60RF000563",127,22,105
"60RF000564",184,44,140
"60RF000565",170,35,135
"60RF000566",119,43,76
"60RF000567",144,19,125
"60RF000568",145,54,91
"60RF000569",114,39,75
"60RF000570",98,24,74
"60RF000571",124,33,91
"60RF000572",119,44,75
"60RF000573",77,24,53
"60RF000574",114,29,85
"60RF000575",108,28,80
"60RF000576",84,32,52
"60RF000577",159,19,140
"60RF000578",104,15,89
"60RF000579",112,16,96
"60RF000580",139,17,122
"60RF000581",139,27,112
"60RF000582",122,29,93
"60RF000583",119,23,96
"60RF000584",101,26,75
"60RF000585",207,58,149
"60RF000586",302,169,133
"60RF000587",112,31,81
"60RF000588",96,17,79
"60RF000589",95,31,64
"60RF000590",143,37,106
"60RF000591",204,39,165
"60RF000592",151,40,111
"60RF000593",105,23,82
"60RF000594",192,41,151
"60RF000595",147,33,114
"60RF000596",136,29,107
"60RF000597",110,29,81
"60RF000598",125,26,99
"60RF000599",156,19,137
"60RF000600",87,12,75
"60RF000601",113,23,90
"60RF000602",135,36,99
"60RF000603",107,30,77
"60RF000604",142,34,108
"60RF000605",95,23,72
"60RF000606",198,52,146
"60RF000607",162,32,130
"60RF000608",134,38,96
"60RF000609",138,29,109
"60RF000610",99,26,73
"60RF000611",221,36,185
"60RF000612",132,28,104
"60RF000613",117,40,77
"60RF000614",133,14,119
"60RF000615",107,20,87
"60RF000616",121,24,97
"60RF000617",185,28,157
"60RF000618",122,15,107
"60RF000619",123,19,104
"60RF000620",144,38,106
"60RF000621",105,14,91
"60RF000622",109,16,93
"60RF000623",101,12,89
"60RF000624",85,25,60
"60RF000625",81,16,65
"60RF000626",111,15,96
"60RF000627",122,30,92
"60RF000628",139,40,99
"60RF000629",77,21,56
"60RF000630",132,29,103
"60RF000631",133,27,106
"60RF000632",167,55,112
"60RF000633",150,43,107
"60RF000634",156,19,137
"60RF000635",91,21,70
"60RF000636",156,25,131
"60RF000637",207,33,174
"60RF000638",111,7,104
"60RF000639",139,19,120
"60RF000640",118,22,96
"60RF000641",101,26,75
"60RF000642",85,23,62
"60RF000643",59,10,49
"60RF000644",138,40,98
"60RF000645",67,32,35
"60RF000646",95,21,74
"60RF000647",157,69,88
"60RF000648",91,21,70
"60RF000649",101,35,66
"60RF000650",79,25,54
"60RF000651",100,26,74
"60RF000652",157,37,120
"60RF000653",108,29,79
"60RF000654",73,17,56
"60RF000655",96,37,59
"60RF000656",91,17,74
"60RF000657",82,24,58
"60RF000658",167,22,145
"60RF000659",139,22,117
"60RF000660",209,25,184
"60RF000661",59,11,48
"60RF000662",93,17,76
"60RF000663",106,27,79
"60RF000664",102,35,67
"60RF000665",82,31,51
"60RF000666",132,24,108
"60RF000667",125,35,90
"60RF000668",121,11,110
"60RF000669",167,31,136
"60RF000670",163,24,139
"60RF000671",139,20,119
"60RF000672",175,44,131
"60RF000673",254,98,156
"60RF000674",100,18,82
"60RF000675",113,24,89
"60RF000676",88,23,65
"60RF000677",109,28,81
"60RF000678",145,25,120
"60RF000679",109,22,87
"60RF000680",158,14,144
"60RF000681",119,18,101
"60RF000682",118,15,103
"60RF000683",193,21,172
"60RF000684",111,26,85
"60RF000685",124,19,105
"60RF000686",94,10,84
"60RF000687",185,31,154
"60RF000688",147,24,123
"60RF000689",73,14,59
"60RF000690",84,17,67
"60RF000691",150,17,133
"60RF000692",108,50,58
"60RF000693",50,7,43
"60RF000694",159,22,137
"60RF000695",157,26,131
"60RF000696",152,24,128
"60RF000697",142,20,122
"60RF000698",107,10,97
"60RF000699",156,21,135
"60RF000700",158,30,128
"60RF000701",156,12,144
"60RF000702",117,23,94
"60RF000703",125,27,98
"60RF000704",112,17,95
"60RF000705",69,31,38
"60RF000706",151,33,118
"60RF000707",145,25,120
"60RF000708",75,21,54
"60RF000709",150,34,116
"60RF000710",150,21,129
"60RF000711",97,23,74
"60RF000712",161,17,144
"60RF000713",123,8,115
"60RF000714",161,22,139
"60RF000715",157,19,138
"60RF000716",63,3,60
"60RF000717",138,33,105
"60RF000718",140,25,115
"60RF000719",149,23,126
"60RF000720",75,27,48
"60RF000721",55,6,49
"60RF000722",168,32,136
"60RF000723",148,35,113
"60RF000724",172,37,135
"60RF000725",117,33,84
"60RF000726",128,33,95
"60RF000727",169,20,149
"60RF000728",123,13,110
"60RF000729",223,17,206
"60RF000730",158,20,138
"60RF000731",126,33,93
"60RF000732",119,37,82
"60RF000733",198,45,153
"60RF000734",166,37,129
"60RF000735",121,31,90
"60RF000736",145,25,120
"60RF000737",143,35,108
"60RF000738",198,32,166
"60RF000739",143,41,102
"60RF000740",104,31,73
"60RF000741",108,32,76
"60RF000742",106,34,72
"60RF000743",125,28,97
"60RF000744",119,25,94
"60RF000745",81,33,48
"60RF000746",176,38,138
"60RF000747",98,32,66
"60RF000748",122,32,90
"60RF000749",135,19,116
"60RF000750",156,19,137
"60RF000751",148,26,122
"60RF000752",114,30,84
"60RF000753",142,32,110
"60RF000754",125,33,92
"60RF000755",125,22,103
"60RF000756",116,10,106
"60RF000757",118,28,90
"60RF000758",151,23,128
"60RF000759",108,12,96
"60RF000760",153,23,130
"60RF000761",161,36,125
"60RF000762",117,32,85
"60RF000763",130,24,106
"60RF000764",122,36,86
"60RF000765",87,16,71
"60RF000766",64,18,46
"60RF000767",111,29,82
"60RF000768",93,14,79
"60RF000769",93,28,65
"60RF000770",101,6,95
"60RF000771",176,52,124
"60RF000772",153,31,122
"60RF000773",164,34,130
"60RF000774",226,44,182
"60RF000775",157,25,132
"60RF000776",237,26,211
"60RF000777",166,48,118
"60RF000778",199,37,162
"60RF000779",116,16,100
"60RF000780",126,41,85
"60RF000781",159,52,107
"60RF000782",69,16,53
"60RF000783",100,26,74
"60RF000784",100,27,73
"60RF000785",100,30,70
"60RF000786",103,27,76
"60RF000787",150,57,93
"60RF000788",101,39,62
"60RF000789",154,49,105
"60RF000790",115,26,89
"60RF000791",100,29,71
"60RF000792",161,39,122
"60RF000793",105,31,74
"60RF000794",83,30,53
"60RF000795",127,48,79
"60RF000796",78,36,42
"60RF000797",192,50,142
"60RF000798",151,62,89
"60RF000799",62,36,26
"60RF000800",171,43,128
"60RF000801",207,45,162
"60RF000802",130,50,80
"60RF000803",189,37,152
"60RF000804",113,27,86
"60RF000805",101,27,74
"60RF000806",178,56,122
"60RF000807",175,41,134
"60RF000808",158,45,113
"60RF000809",174,39,135
"60RF000810",65,11,54
"60RF000811",62,30,32
"60RF000812",93,13,80
"60RF000813",176,45,131
"60RF000814",117,33,84
"60RF000815",142,28,114
"60RF000816",119,18,101
"60RF000817",118,34,84
"60RF000818",102,24,78
"60RF000819",145,30,115
"60RF000820",155,40,115
"60RF000821",164,45,119
"60RF000822",120,46,74
"60RF000823",155,62,93
"60RF000824",112,42,70
"60RF000825",83,34,49
"60RF000826",89,33,56
"60RF000827",100,33,67
"60RF000828",89,10,79
"60RF000829",113,35,78
"60RF000830",115,37,78
"60RF000831",110,38,72
"60RF000832",172,87,85
"60RF000833",111,33,78
"60RF000834",70,29,41
"60RF000835",122,30,92
"60RF000836",128,47,81
"60RF000837",91,36,55
"60RF000838",127,33,94
"60RF000839",117,27,90
"60RF000840",70,11,59
"60RF000841",58,6,52
"60RF000842",107,21,86
"60RF000843",157,26,131
"60RF000844",97,36,61
"60RF000845",90,18,72
"60RF000846",99,34,65
"60RF000847",58,14,44
"60RF000848",118,29,89
"60RF000849",129,40,89
"60RF000850",90,29,61
"60RF000851",108,34,74
"60RF000852",109,31,78
"60RF000853",106,35,71
"60RF000854",111,32,79
"60RF000855",138,33,105
"60RF000856",138,43,95
"60RF000857",91,24,67
"60RF000858",142,32,110
"60RF000859",138,28,110
"60RF000860",132,16,116
"60RF000861",118,13,105
"60RF000862",144,16,128
"60RF000863",88,14,74
"60RF000864",58,10,48
"60RF000865",111,18,93
"60RF000866",184,39,145
"60RF000867",87,12,75
"60RF000868",75,11,64
"60RF000869",157,27,130
"60RF000870",139,32,107
"60RF000871",122,23,99
"60RF000872",111,21,90
"60RF000873",114,28,86
"60RF000874",139,27,112
"60RF000875",152,38,114
"60RF000876",57,29,28
"60RF000877",85,10,75
"60RF000878",97,35,62
"60RF000879",105,37,68
"60RF000880",91,41,50
"60RF000881",110,24,86
"60RF000882",156,47,109
"60RF000883",136,30,106
"60RF000884",103,20,83
"60RF000885",142,28,114
"60RF000886",135,24,111
"60RF000887",130,26,104
"60RF000888",112,22,90
"60RF000889",168,44,124
"60RF000890",177,31,146
"60RF000891",61,7,54
"60RF000892",249,79,170
"60RF000893",131,23,108
"60RF000894",88,21,67
"60RF000895",153,15,138
"60RF000896",124,31,93
"60RF000897",114,27,87
"60RF000898",133,29,104
"60RF000899",82,37,45
"60RF000900",112,34,78
"60RF000901",96,24,72
"60RF000902",138,26,112
"60RF000903",104,37,67
"60RF000904",110,28,82
"60RF000905",142,42,100
"60RF000906",163,17,146
"60RF000907",145,32,113
"60RF000908",128,19,109
"60RF000909",128,30,98
"60RF000910",124,11,113
"60RF000911",118,18,100
"60RF000912",131,29,102
"60RF000913",184,36,148
"60RF000914",127,51,76
"60RF000915",127,18,109
"60RF000916",134,67,67
"60RF000917",71,29,42
"60RF000918",108,37,71
"60RF000919",93,23,70
"60RF000920",93,16,77
"60RF000921",115,25,90
"60RF000922",73,23,50
"60RF000923",135,38,97
"60RF000924",126,37,89
"60RF000925",86,28,58
"60RF000926",102,33,69
"60RF000927",148,36,112
"60RF000928",143,32,111
"60RF000929",165,23,142
"60RF000930",122,12,110
"60RF000931",110,38,72
"60RF000932",98,14,84
"60RF000933",67,11,56
"60RF000934",146,18,128
"60RF000935",114,14,100
"60RF000936",135,34,101
"60RF000937",88,17,71
"60RF000938",161,30,131
"60RF000939",166,31,135
"60RF000940",170,53,117
"60RF000941",143,16,127
"60RF000942",92,27,65
"60RF000943",189,17,172
"60RF000944",133,23,110
"60RF000945",167,33,134
"60RF000946",132,22,110
"60RF000947",54,7,47
"60RF000948",129,32,97
"60RF000949",215,17,198
"60RF000950",87,22,65
"60RF000951",231,23,208
"60RF000952",139,48,91
"60RF000953",135,51,84
"60RF000954",179,34,145
"60RF000955",123,23,100
"60RF000956",96,27,69
"60RF000957",161,31,130
"60RF000958",124,30,94
"60RF000959",77,37,40
"60RF000960",122,47,75
"60RF000961",137,70,67
"60RF000962",97,33,64
"60RF000963",51,6,45
"60RF000964",199,18,181
"60RF000965",151,18,133
"60RF000966",189,13,176
"60RF000967",115,9,106
"60RF000968",129,17,112
"60RF000969",78,11,67
"60RF000970",51,21,30
"60RF000971",99,23,76
"60RF000972",83,17,66
"60RF000973",61,19,42
"60RF000974",67,21,46
"60RF000975",104,21,83
"60RF000976",105,33,72
"60RF000977",135,31,104
"60RF000978",105,20,85
"60RF000979",80,22,58
"60RF000980",140,30,110
"60RF000981",104,19,85
"60RF000982",100,24,76
"60RF000983",107,36,71
"60RF000984",107,38,69
"60RF000985",112,25,87
"60RF000986",114,19,95
"60RF000987",92,23,69
"60RF000988",69,23,46
"60RF000989",132,26,106
"60RF000990",118,23,95
"60RF000991",157,33,124
"60RF000992",127,17,110
"60RF000993",101,17,84
"60RF000994",158,28,130
"60RF000995",165,30,135
"60RF000996",126,31,95
"60RF000997",142,33,109
"60RF000998",128,40,88
"60RF000999",121,19,102
"60RF001000",176,41,135
"60RF001001",124,11,113
"60RF001002",121,20,101
"60RF001003",138,22,116
"60RF001004",101,20,81
"60RF001005",80,8,72
"60RF001006",96,20,76
"60RF001007",225,16,209
"60RF001008",85,22,63
"60RF001009",71,9,62
"60RF001010",159,17,142
"60RF001011",135,15,120
"60RF001012",65,13,52
"60RF001013",149,19,130
"60RF001014",97,15,82
"60RF001015",124,20,104
"60RF001016",173,23,150
"60RF001017",135,18,117
"60RF001018",115,24,91
"60RF001019",91,34,57
"60RF001020",156,33,123
"60RF001021",137,29,108
"60RF001022",168,19,149
"60RF001023",156,20,136
"60RF001024",74,15,59
"60RF001025",66,13,53
"60RF001026",195,28,167
"60RF001027",182,19,163
"60RF001028",190,33,157
"60RF001029",143,17,126
"60RF001030",119,19,100
"60RF001031",94,17,77
"60RF001032",169,29,140
"60RF001033",55,20,35
"60RF001034",85,7,78
"60RF001035",156,32,124
"60RF001036",65,7,58
"60RF001037",95,16,79
"60RF001038",139,21,118
"60RF001039",71,18,53
"60RF001040",129,27,102
"60RF001041",171,50,121
"60RF001042",83,12,71
"60RF001043",125,45,80
"60RF001044",182,20,162
"60RF001045",171,25,146
"60RF001046",200,19,181
"60RF001047",145,20,125
"60RF001048",122,23,99
"60RF001049",117,21,96
"60RF001050",138,17,121
"60RF001051",149,46,103
"60RF001052",125,41,84
"60RF001053",121,19,102
"60RF001054",108,18,90
"60RF001055",107,10,97
"60RF001056",158,33,125
"60RF001057",147,23,124
"60RF001058",84,22,62
"60RF001059",95,21,74
"60RF001060",97,25,72
"60RF001061",109,26,83
"60RF001062",144,31,113
"60RF001063",118,39,79
"60RF001064",117,27,90
"60RF001065",145,28,117
"60RF001066",105,32,73
"60RF001067",115,32,83
"60RF001068",149,24,125
"60RF001069",93,21,72
"60RF001070",81,16,65
"60RF001071",89,26,63
"60RF001072",121,24,97
"60RF001073",104,28,76
"60RF001074",138,46,92
"60RF001075",114,37,77
"60RF001076",89,17,72
"60RF001077",101,19,82
"60RF001078",100,17,83
"60RF001079",176,54,122
"60RF001080",131,33,98
"60RF001081",104,42,62
"60RF001082",130,31,99
"60RF001083",152,38,114
"60RF001084",153,26,127
"60RF001085",125,25,100
"60RF001086",160,10,150
"60RF001087",65,1,64
"60RF001088",178,40,138
"60RF001089",70,5,65
"60RF001090",107,17,90
"60RF001091",65,7,58
"60RF001092",61,35,26
"60RF001093",112,27,85
"60RF001094",101,7,94
"60RF001095",102,18,84
"60RF001096",89,23,66
"60RF001097",108,19,89
"60RF001098",125,34,91
"60RF001099",116,49,67
"60RF001100",81,22,59
"60RF001101",59,19,40
"60RF001102",58,11,47
"60RF001103",73,26,47
"60RF001104",98,23,75
"60RF001105",158,37,121
"60RF001106",168,77,91
"60RF001107",114,42,72
"60RF001108",161,35,126
"60RF001109",104,36,68
"60RF001110",169,24,145
"60RF001111",89,19,70
"60RF001112",82,13,69
"60RF001113",165,35,130
"60RF001114",158,29,129
"60RF001115",164,36,128
"60RF001116",110,27,83
"60RF001117",206,27,179
"60RF001118",199,22,177
"60RF001119",61,25,36
"60RF001120",109,30,79
"60RF001121",119,33,86
"60RF001122",178,17,161
"60RF001123",187,32,155
"60RF001124",149,39,110
"60RF001125",118,18,100
"60RF001126",114,17,97
"60RF001127",203,28,175
"60RF001128",103,16,87
"60RF001129",210,27,183
"60RF001130",132,31,101
"60RF001131",71,9,62
"60RF001132",68,19,49
"60RF001133",181,23,158
"60RF001134",117,24,93
"60RF001135",108,20,88
"60RF001136",77,16,61
"60RF001137",145,28,117
"60RF001138",93,19,74
"60RF001139",161,22,139
"60RF001140",129,32,97
"60RF001141",67,24,43
"60RF001142",110,33,77
"60RF001143",80,30,50
"60RF001144",87,44,43
"60RF001145",65,24,41
"60RF001146",110,16,94
"60RF001147",126,23,103
"60RF001148",113,14,99
"60RF001149",134,36,98
"60RF001150",114,7,107
"60RF001151",121,24,97
"60RF001152",201,29,172
"60RF001153",143,41,102
"60RF001154",127,31,96
"60RF001155",101,26,75
"60RF001156",70,25,45
"60RF001157",81,22,59
"60RF001158",107,17,90
"60RF001159",96,14,82
"60RF001160",137,32,105
"60RF001161",103,21,82
"60RF001162",91,17,74
"60RF001163",146,36,110
"60RF001164",95,31,64
"60RF001165",102,28,74
"60RF001166",125,26,99
"60RF001167",125,38,87
"60RF001168",154,35,119
"60RF001169",94,22,72
"60RF001170",113,6,107
"60RF001171",146,17,129
"60RF001172",85,6,79
"60RF001173",141,7,134
"60RF001174",103,8,95
"60RF001175",85,6,79
"60RF001176",267,22,245
"60RF001177",174,15,159
"60RF001178",179,16,163
"60RF001179",78,17,61
"60RF001180",69,13,56
"60RF001181",155,14,141
"60RF001182",59,16,43
"60RF001183",101,13,88
"60RF001184",109,18,91
"60RF001185",75,46,29
"60RF001186",169,30,139
"60RF001187",149,15,134
"60RF001188",245,41,204
"60RF001189",170,35,135
"60RF001190",217,34,183
"60RF001191",205,49,156
"60RF001192",148,16,132
"60RF001193",153,19,134
"60RF001194",167,18,149
"60RF001195",93,6,87
"60RF001196",101,32,69
"60RF001197",155,14,141
"60RF001198",210,24,186
"60RF001199",159,17,142
"60RF001200",130,15,115
"60RF001201",80,9,71
"60RF001202",101,6,95
"60RF001203",178,40,138
"60RF001204",190,12,178
"60RF001205",170,29,141
"60RF001206",185,33,152
"60RF001207",125,21,104
"60RF001208",136,28,108
"60RF001209",210,28,182
"60RF001210",142,26,116
"60RF001211",176,31,145
"60RF001212",163,24,139
"60RF001213",85,28,57
"60RF001214",173,31,142
"60RF001215",195,28,167
"60RF001216",167,26,141
"60RF001217",133,13,120
"60RF001218",114,19,95
"60RF001219",105,15,90
"60RF001220",100,23,77
"60RF001221",172,31,141
"60RF001222",96,40,56
"60RF001223",170,26,144
"60RF001224",137,25,112
"60RF001225",149,29,120
"60RF001226",117,23,94
"60RF001227",100,24,76
"60RF001228",120,23,97
"60RF001229",77,17,60
"60RF001230",81,19,62
"60RF001231",103,20,83
"60RF001232",144,26,118
"60RF001233",139,27,112
"60RF001234",145,25,120
"60RF001235",85,20,65
"60RF001236",128,56,72
"60RF001237",100,16,84
"60RF001238",96,21,75
"60RF001239",74,14,60
"60RF001240",132,29,103
"60RF001241",99,27,72
"60RF001242",105,24,81
"60RF001243",79,17,62
"60RF001244",87,22,65
"60RF001245",88,28,60
"60RF001246",104,24,80
"60RF001247",114,28,86
"60RF001248",111,27,84
"60RF001249",144,28,116
"60RF001250",104,24,80
"60RF001251",112,33,79
"60RF001252",139,33,106
"60RF001253",56,13,43
"60RF001254",87,23,64
"60RF001255",77,24,53
"60RF001256",105,26,79
"60RF001257",94,26,68
"60RF001258",220,50,170
"60RF001259",173,33,140
"60RF001260",108,18,90
"60RF001261",125,18,107
"60RF001262",153,61,92
"60RF001263",120,21,99
"60RF001264",115,30,85
"60RF001265",99,20,79
"60RF001266",143,24,119
"60RF001267",64,9,55
"60RF001268",70,16,54
"60RF001269",174,25,149
"60RF001270",233,55,178
"60RF001271",168,40,128
"60RF001272",184,30,154
"60RF001273",120,18,102
"60RF001274",117,36,81
"60RF001275",149,25,124
"60RF001276",100,7,93
"60RF001277",178,13,165
"60RF001278",185,24,161
"60RF001279",118,10,108
"60RF001280",223,23,200
"60RF001281",105,16,89
"60RF001282",166,17,149
"60RF001283",124,15,109
"60RF001284",165,14,151
"60RF001285",192,11,181
"60RF001286",123,4,119
"60RF001287",102,15,87
"60RF001288",197,20,177
"60RF001289",207,19,188
"60RF001290",99,16,83
"60RF001291",96,13,83
"60RF001292",149,3,146
"60RF001293",123,6,117
"60RF001294",167,12,155
"60RF001295",158,13,145
"60RF001296",77,9,68
"60RF001297",187,13,174
"60RF001298",162,27,135
"60RF001299",147,27,120
"60RF001300",133,22,111
"60RF001301",147,27,120
"60RF001302",200,24,176
"60RF001303",89,12,77
"60RF001304",100,21,79
"60RF001305",181,32,149
"60RF001306",72,30,42
"60RF001307",160,41,119
"60RF001308",92,16,76
"60RF001309",190,36,154
"60RF001310",177,22,155
"60RF001311",114,23,91
"60RF001312",177,31,146
"60RF001313",171,31,140
"60RF001314",165,42,123
"60RF001315",219,46,173
"60RF001316",171,43,128
"60RF001317",144,32,112
"60RF001318",174,30,144
"60RF001319",98,13,85
"60RF001320",63,15,48
"60RF001321",141,31,110
"60RF001322",237,44,193
"60RF001323",178,25,153
"60RF001324",149,22,127
"60RF001325",114,17,97
"60RF001326",96,11,85
"60RF001327",123,21,102
"60RF001328",137,21,116
"60RF001329",94,15,79
"60RF001330",165,23,142
"60RF001331",158,22,136
"60RF001332",97,13,84
"60RF001333",84,15,69
"60RF001334",112,13,99
"60RF001335",142,20,122
"60RF001336",97,13,84
"60RF001337",128,30,98
"60RF001338",100,15,85
"60RF001339",87,18,69
"60RF001340",130,29,101
"60RF001341",79,20,59
"60RF001342",101,24,77
"60RF001343",122,35,87
"60RF001344",107,16,91
"60RF001345",140,17,123
"60RF001346",103,30,73
"60RF001347",119,36,83
"60RF001348",131,39,92
"60RF001349",101,25,76
"60RF001350",120,24,96
"60RF001351",106,24,82
"60RF001352",126,20,106
"60RF001353",114,22,92
"60RF001354",113,17,96
"60RF001355",144,43,101
"60RF001356",110,15,95
"60RF001357",84,30,54
"60RF001358",72,30,42
"60RF001359",71,16,55
"60RF001360",111,22,89
"60RF001361",122,17,105
"60RF001362",79,14,65
"60RF001363",157,32,125
"60RF001364",124,31,93
"60RF001365",164,68,96
"60RF001366",113,27,86
"60RF001367",97,26,71
"60RF001368",119,28,91
"60RF001369",118,30,88
"60RF001370",101,21,80
"60RF001371",55,22,33
"60RF001372",118,20,98
"60RF001373",76,27,49
"60RF001374",62,21,41
"60RF001375",100,23,77
"60RF001376",117,23,94
"60RF001377",127,23,104
"60RF001378",111,14,97
"60RF001379",144,23,121
"60RF001380",60,29,31
"60RF001381",84,23,61
"60RF001382",71,25,46
"60RF001383",83,32,51
"60RF001384",138,35,103
"60RF001385",96,42,54
"60RF001386",122,29,93
"60RF001387",94,15,79
"60RF001388",142,18,124
"60RF001389",122,16,106
"60RF001390",100,21,79
"60RF001391",145,39,106
"60RF001392",153,10,143
"60RF001393",130,17,113
"60RF001394",153,15,138
"60RF001395",111,17,94
"60RF001396",133,18,115
"60RF001397",156,25,131
"60RF001398",146,29,117
"60RF001399",208,39,169
"60RF001400",201,41,160
"60RF001401",199,29,170
"60RF001402",135,15,120
"60RF001403",174,23,151
"60RF001404",155,23,132
"60RF001405",161,16,145
"60RF001406",92,26,66
"60RF001407",100,14,86
"60RF001408",134,19,115
"60RF001409",236,17,219
"60RF001410",98,12,86
"60RF001411",132,31,101
"60RF001412",95,26,69
"60RF001413",133,25,108
"60RF001414",158,33,125
"60RF001415",151,41,110
"60RF001416",151,38,113
"60RF001417",125,36,89
"60RF001418",107,24,83
"60RF001419",87,30,57
"60RF001420",203,22,181
"60RF001421",146,18,128
"60RF001422",141,11,130
"60RF001423",127,25,102
"60RF001424",85,15,70
"60RF001425",78,23,55
"60RF001426",125,24,101
"60RF001427",125,31,94
"60RF001428",135,34,101
"60RF001429",93,23,70
"60RF001430",181,49,132
"60RF001431",120,21,99
"60RF001432",163,31,132
"60RF001433",96,38,58
"60RF001434",90,12,78
"60RF001435",124,40,84
"60RF001436",143,40,103
"60RF001437",111,31,80
"60RF001438",119,29,90
"60RF001439",143,41,102
"60RF001440",124,25,99
"60RF001441",126,28,98
"60RF001442",89,27,62
"60RF001443",170,18,152
"60RF001444",82,9,73
"60RF001445",55,11,44
"60RF001446",169,22,147
"60RF001447",222,31,191
"60RF001448",207,20,187
"60RF001449",170,22,148
"60RF001450",114,16,98
"60RF001451",147,23,124
"60RF001452",143,18,125
"60RF001453",143,18,125
"60RF001454",127,25,102
"60RF001455",139,15,124
"60RF001456",98,43,55
"60RF001457",78,19,59
"60RF001458",185,50,135
"60RF001459",121,30,91
"60RF001460",147,38,109
"60RF001461",151,37,114
"60RF001462",117,32,85
"60RF001463",127,35,92
"60RF001464",103,36,67
"60RF001465",99,27,72
"60RF001466",129,43,86
"60RF001467",122,47,75
"60RF001468",72,23,49
"60RF001469",194,47,147
"60RF001470",194,31,163
"60RF001471",123,41,82
"60RF001472",130,31,99
"60RF001473",132,37,95
"60RF001474",141,37,104
"60RF001475",142,35,107
"60RF001476",61,32,29
"60RF001477",98,34,64
"60RF001478",105,37,68
"60RF001479",133,41,92
"60RF001480",87,45,42
"60RF001481",140,42,98
"60RF001482",153,22,131
"60RF001483",150,36,114
"60RF001484",100,23,77
"60RF001485",150,35,115
"60RF001486",106,27,79
"60RF001487",61,23,38
"60RF001488",124,50,74
"60RF001489",70,19,51
"60RF001490",152,44,108
"60RF001491",147,47,100
"60RF001492",173,39,134
"60RF001493",208,30,178
"60RF001494",88,20,68
"60RF001495",129,47,82
"60RF001496",121,33,88
"60RF001497",106,28,78
"60RF001498",54,12,42
"60RF001499",130,65,65
"60RF001500",116,22,94
"60RF001501",167,38,129
"60RF001502",133,37,96
"60RF001503",92,35,57
"60RF001504",103,35,68
"60RF001505",57,9,48
"60RF001506",89,42,47
"60RF001507",140,17,123
"60RF001508",84,54,30
"60RF001509",116,36,80
"60RF001510",125,31,94
"60RF001511",88,20,68
"60RF001512",144,32,112
"60RF001513",122,25,97
"60RF001514",135,42,93
"60RF001515",169,46,123
"60RF001516",115,28,87
"60RF001517",131,31,100
"60RF001518",99,28,71
"60RF001519",92,31,61
"60RF001520",96,28,68
"60RF001521",94,26,68
"60RF001522",103,17,86
"60RF001523",119,42,77
"60RF001524",107,31,76
"60RF001525",109,20,89
"60RF001526",106,33,73
"60RF001527",103,34,69
"60RF001528",109,33,76
"60RF001529",121,34,87
"60RF001530",130,43,87
"60RF001531",92,35,57
"60RF001532",130,18,112
"60RF001533",73,19,54
"60RF001534",109,29,80
"60RF001535",101,28,73
"60RF001536",69,34,35
"60RF001537",115,33,82
"60RF001538",92,37,55
"60RF001539",116,41,75
"60RF001540",55,14,41
"60RF001541",131,49,82
"60RF001542",56,23,33
"60RF001543",101,40,61
"60RF001544",143,52,91
"60RF001545",114,45,69
"60RF001546",87,28,59
"60RF001547",64,22,42
"60RF001548",74,29,45
"60RF001549",139,48,91
"60RF001550",150,54,96
"60RF001551",171,55,116
"60RF001552",162,34,128
"60RF001553",98,23,75
"60RF001554",78,15,63
"60RF001555",123,32,91
"60RF001556",158,40,118
"60RF001557",99,50,49
"60RF001558",120,11,109
"60RF001559",103,35,68
"60RF001560",197,40,157
"60RF001561",99,26,73
"60RF001562",82,27,55
"60RF001563",184,30,154
"60RF001564",111,39,72
"60RF001565",79,33,46
"60RF001566",59,12,47
"60RF001567",118,36,82
"60RF001568",105,27,78
"60RF001569",97,36,61
"60RF001570",121,22,99
"60RF001571",139,21,118
"60RF001572",123,17,106
"60RF001573",135,31,104
"60RF001574",138,49,89
"60RF001575",92,22,70
"60RF001576",61,33,28
"60RF001577",89,32,57
"60RF001578",90,29,61
"60RF001579",117,21,96
"60RF001580",98,37,61
"60RF001581",189,57,132
"60RF001582",108,29,79
"60RF001583",152,42,110
"60RF001584",164,36,128
"60RF001585",204,19,185
"60RF001586",103,39,64
"60RF001587",149,48,101
"60RF001588",91,26,65
"60RF001589",150,43,107
"60RF001590",197,62,135
"60RF001591",133,31,102
"60RF001592",127,30,97
"60RF001593",123,32,91
"60RF001594",126,37,89
"60RF001595",106,33,73
"60RF001596",142,34,108
"60RF001597",98,18,80
"60RF001598",170,10,160
"60RF001599",127,15,112
"60RF001600",280,30,250
"60RF001601",190,12,178
"60RF001602",163,15,148
"60RF001603",135,17,118
"60RF001604",92,47,45
"60RF001605",122,36,86
"60RF001606",104,32,72
"60RF001607",203,39,164
"60RF001608",184,32,152
"60RF001609",151,20,131
"60RF001610",223,27,196
"60RF001611",142,11,131
"60RF001612",64,3,61
"60RF001613",182,22,160
"60RF001614",143,21,122
"60RF001615",116,17,99
"60RF001616",132,29,103
"60RF001617",143,21,122
"60RF001618",130,30,100
"60RF001619",109,64,45
"60RF001620",80,21,59
"60RF001621",104,50,54
"60RF001622",128,36,92
"60RF001623",123,25,98
"60RF001624",66,10,56
"60RF001625",149,18,131
"60RF001626",131,24,107
"60RF001627",117,24,93
"60RF001628",139,22,117
"60RF001629",97,41,56
"60RF001630",74,15,59
"60RF001631",148,30,118
"60RF001632",198,35,163
"60RF001633",189,59,130
"60RF001634",89,32,57
"60RF001635",215,26,189
"60RF001636",189,60,129
"60RF001637",197,20,177
"60RF001638",161,23,138
"60RF001639",188,37,151
"60RF001640",96,23,73
"60RF001641",118,39,79
"60RF001642",77,30,47
"60RF001643",128,29,99
"60RF001644",100,15,85
"60RF001645",88,28,60
"60RF001646",77,22,55
"60RF001647",112,34,78
"60RF001648",175,32,143
"60RF001649",208,35,173
"60RF001650",144,23,121
"60RF001651",116,28,88
"60RF001652",152,34,118
"60RF001653",103,23,80
"60RF001654",175,52,123
"60RF001655",116,23,93
"60RF001656",100,33,67
"60RF001657",137,39,98
"60RF001658",121,46,75
"60RF001659",203,39,164
"60RF001660",124,35,89
"60RF001661",113,29,84
"60RF001662",134,28,106
"60RF001663",111,31,80
"60RF001664",107,40,67
"60RF001665",136,32,104
"60RF001666",148,39,109
"60RF001667",83,1,82
"60RF001668",161,27,134
"60RF001669",102,34,68
"60RF001670",211,45,166
"60RF001671",169,59,110
"60RF001672",183,35,148
"60RF001673",126,41,85
"60RF001674",61,25,36
"60RF001675",58,16,42
"60RF001676",59,17,42
"60RF001677",110,31,79
"60RF001678",96,23,73
"60RF001679",163,26,137
"60RF001680",140,41,99
"60RF001681",169,65,104
"60RF001682",111,26,85
"60RF001683",123,33,90
"60RF001684",180,39,141
"60RF001685",81,25,56
"60RF001686",64,16,48
"60RF001687",84,20,64
"60RF001688",98,26,72
"60RF001689",98,28,70
"60RF001690",93,16,77
"60RF001691",123,18,105
"60RF001692",94,28,66
"60RF001693",123,18,105
"60RF001694",191,27,164
"60RF001695",107,33,74
"60RF001696",137,43,94
"60RF001697",180,47,133
"60RF001698",184,12,172
"60RF001699",198,50,148
"60RF001700",102,27,75
"60RF001701",232,51,181
"60RF001702",180,39,141
"60RF001703",116,21,95
"60RF001704",124,27,97
"60RF001705",125,31,94
"60RF001706",145,32,113
"60RF001707",97,16,81
"60RF001708",194,32,162
"60RF001709",137,21,116
"60RF001710",220,21,199
"60RF001711",185,27,158
"60RF001712",90,8,82
"60RF001713",182,16,166
"60RF001714",188,14,174
"60RF001715",97,8,89
"60RF001716",100,10,90
"60RF001717",137,13,124
"60RF001718",112,17,95
"60RF001719",217,24,193
"60RF001720",139,23,116
"60RF001721",160,13,147
"60RF001722",194,9,185
"60RF001723",126,16,110
"60RF001724",146,33,113
"60RF001725",121,9,112
"60RF001726",130,31,99
"60RF001727",100,12,88
"60RF001728",79,27,52
"60RF001729",175,35,140
"60RF001730",198,42,156
"60RF001731",96,26,70
"60RF001732",123,29,94
"60RF001733",134,36,98
"60RF001734",144,36,108
"60RF001735",195,38,157
"60RF001736",91,26,65
"60RF001737",124,30,94
"60RF001738",75,18,57
"60RF001739",123,44,79
"60RF001740",115,37,78
"60RF001741",94,30,64
"60RF001742",180,55,125
"60RF001743",84,23,61
"60RF001744",176,51,125
"60RF001745",111,30,81
"60RF001746",109,26,83
"60RF001747",106,19,87
"60RF001748",165,27,138
"60RF001749",119,35,84
"60RF001750",107,23,84
"60RF001751",78,23,55
"60RF001752",178,44,134
"60RF001753",163,40,123
"60RF001754",172,58,114
"60RF001755",111,26,85
"60RF001756",148,38,110
"60RF001757",111,39,72
"60RF001758",171,38,133
"60RF001759",187,36,151
"60RF001760",115,23,92
"60RF001761",126,12,114
"60RF001762",122,21,101
"60RF001763",130,27,103
"60RF001764",116,14,102
"60RF001765",106,14,92
"60RF001766",100,38,62
"60RF001767",188,30,158
"60RF001768",83,33,50
"60RF001769",191,31,160
"60RF001770",85,26,59
"60RF001771",131,25,106
"60RF001772",126,62,64
"60RF001773",151,49,102
"60RF001774",146,25,121
"60RF001775",66,37,29
"60RF001776",94,27,67
"60RF001777",126,36,90
"60RF001778",100,27,73
"60RF001779",90,46,44
"60RF001780",281,161,120
"60RF001781",100,23,77
"60RF001782",124,32,92
"60RF001783",170,11,159
"60RF001784",104,30,74
"60RF001785",112,34,78
"60RF001786",147,46,101
"60RF001787",155,71,84
"60RF001788",124,32,92
"60RF001789",114,48,66
"60RF001790",104,42,62
"60RF001791",151,47,104
"60RF001792",166,41,125
"60RF001793",166,41,125
"60RF001794",127,46,81
"60RF001795",113,31,82
"60RF001796",87,22,65
"60RF001797",100,34,66
"60RF001798",58,28,30
"60RF001799",86,27,59
"60RF001800",135,10,125
"60RF001801",119,17,102
"60RF001802",124,10,114
"60RF001803",123,17,106
"60RF001804",119,7,112
"60RF001805",107,41,66
"60RF001806",127,21,106
"60RF001807",88,19,69
"60RF001808",53,12,41
"60RF001809",100,26,74
"60RF001810",108,17,91
"60RF001811",64,34,30
"60RF001812",107,33,74
"60RF001813",88,32,56
"60RF001814",145,34,111
"60RF001815",87,31,56
"60RF001816",166,46,120
"60RF001817",110,33,77
"60RF001818",110,28,82
"60RF001819",124,37,87
"60RF001820",106,36,70
"60RF001821",109,40,69
"60RF001822",139,41,98
"60RF001823",106,26,80
"60RF001824",115,39,76
"60RF001825",95,35,60
"60RF001826",101,36,65
"60RF001827",103,24,79
"60RF001828",170,43,127
"60RF001829",131,25,106
"60RF001830",86,33,53
"60RF001831",163,41,122
"60RF001832",112,29,83
"60RF001833",89,30,59
"60RF001834",130,33,97
"60RF001835",95,39,56
"60RF001836",85,29,56
"60RF001837",99,21,78
"60RF001838",151,25,126
"60RF001839",105,30,75
"60RF001840",138,31,107
"60RF001841",128,38,90
"60RF001842",175,45,130
"60RF001843",128,33,95
"60RF001844",87,32,55
"60RF001845",118,41,77
"60RF001846",103,35,68
"60RF001847",114,33,81
"60RF001848",85,40,45
"60RF001849",94,39,55
"60RF001850",159,39,120
"60RF001851",155,36,119
"60RF001852",157,43,114
"60RF001853",106,42,64
"60RF001854",79,24,55
"60RF001855",161,12,149
"60RF001856",71,17,54
"60RF001857",132,16,116
"60RF001858",122,19,103
"60RF001859",60,10,50
"60RF001860",132,23,109
"60RF001861",111,24,87
"60RF001862",131,43,88
"60RF001863",146,4,142
"60RF001864",65,25,40
"60RF001865",140,17,123
"60RF001866",138,11,127
"60RF001867",171,8,163
"60RF001868",117,11,106
"60RF001869",136,19,117
"60RF001870",98,30,68
"60RF001871",175,6,169
"60RF001872",167,22,145
"60RF001873",175,11,164
"60RF001874",141,13,128
"60RF001875",179,21,158
"60RF001876",148,16,132
"60RF001877",111,20,91
"60RF001878",123,11,112
"60RF001879",92,25,67
"60RF001880",79,26,53
"60RF001881",104,23,81
"60RF001882",85,6,79
"60RF001883",91,29,62
"60RF001884",90,24,66
"60RF001885",120,39,81
"60RF001886",191,51,140
"60RF001887",146,25,121
"60RF001888",100,25,75
"60RF001889",198,47,151
"60RF001890",141,17,124
"60RF001891",107,32,75
"60RF001892",139,32,107
"60RF001893",86,32,54
"60RF001894",80,20,60
"60RF001895",118,25,93
"60RF001896",139,28,111
"60RF001897",155,24,131
"60RF001898",147,28,119
"60RF001899",133,35,98
"60RF001900",105,42,63
"60RF001901",138,38,100
"60RF001902",104,29,75
"60RF001903",163,15,148
"60RF001904",84,19,65
"60RF001905",93,18,75
"60RF001906",206,94,112
"60RF001907",80,9,71
"60RF001908",166,23,143
"60RF001909",97,7,90
"60RF001910",88,3,85
"60RF001911",106,23,83
"60RF001912",107,29,78
"60RF001913",133,41,92
"60RF001914",94,25,69
"60RF001915",131,21,110
"60RF001916",137,15,122
"60RF001917",126,15,111
"60RF001918",114,20,94
"60RF001919",125,25,100
"60RF001920",194,20,174
"60RF001921",150,27,123
"60RF001922",167,24,143
"60RF001923",147,25,122
"60RF001924",128,8,120
"60RF001925",136,19,117
"60RF001926",106,17,89
"60RF001927",92,21,71
"60RF001928",112,8,104
"60RF001929",106,11,95
"60RF001930",83,16,67
"60RF001931",151,8,143
"60RF001932",123,12,111
"60RF001933",63,7,56
"60RF001934",72,11,61
"60RF001935",148,24,124
"60RF001936",74,9,65
"60RF001937",75,6,69
"60RF001938",105,20,85
"60RF001939",127,23,104
"60RF001940",117,14,103
"60RF001941",66,19,47
"60RF001942",93,12,81
"60RF001943",161,86,75
"60RF001944",75,11,64
"60RF001945",99,26,73
"60RF001946",57,8,49
"60RF001947",58,25,33
"60RF001948",114,22,92
"60RF001949",193,19,174
"60RF001950",127,23,104
"60RF001951",196,49,147
"60RF001952",52,17,35
"60RF001953",111,47,64
"60RF001954",67,12,55
"60RF001955",235,15,220
"60RF001956",58,7,51
"60RF001957",69,8,61
"60RF001958",57,19,38
"60RF001959",110,23,87
"60RF001960",170,26,144
"60RF001961",82,10,72
"60RF001962",51,27,24
"60RF001963",85,19,66
"60RF001964",163,92,71
"60RF001965",56,7,49
"60RF001966",118,30,88
"60RF001967",184,35,149
"60RF001968",132,34,98
"60RF001969",129,10,119
"60RF001970",88,5,83
"60RF001971",137,16,121
"60RF001972",76,14,62
"60RF001973",125,27,98
"60RF001974",110,22,88
"60RF001975",138,7,131
"60RF001976",80,4,76
"60RF001977",73,11,62
"60RF001978",136,4,132
"60RF001979",75,10,65
"60RF001980",103,22,81
"60RF001981",105,19,86
"60RF001982",97,17,80
"60RF001983",78,23,55
"60RF001984",88,17,71
"60RF001985",76,8,68
"60RF001986",97,6,91
"60RF001987",103,21,82
"60RF001988",105,14,91
"60RF001989",121,26,95
"60RF001990",66,26,40
"60RF001991",79,20,59
"60RF001992",73,19,54
"60RF001993",87,15,72
"60RF001994",66,19,47
"60RF001995",137,23,114
"60RF001996",127,23,104
"60RF001997",97,32,65
"60RF001998",121,23,98
"60RF001999",73,22,51
"60RF002000",136,35,101
"60RF002001",146,17,129
"60RF002002",182,26,156
"60RF002003",248,16,232
"60RF002004",114,17,97
"60RF002005",118,22,96
"60RF002006",138,31,107
"60RF002007",175,20,155
"60RF002008",104,8,96
"60RF002009",129,16,113
"60RF002010",132,22,110
"60RF002011",101,17,84
"60RF002012",121,34,87
"60RF002013",149,24,125
"60RF002014",152,36,116
"60RF002015",87,32,55
"60RF002016",71,15,56
"60RF002017",95,14,81
"60RF002018",126,28,98
"60RF002019",92,19,73
"60RF002020",52,10,42
"60RF002021",139,32,107
"60RF002022",63,10,53
"60RF002023",155,20,135
"60RF002024",107,5,102
"60RF002025",71,13,58
"60RF002026",143,22,121
"60RF002027",89,16,73
"60RF002028",91,25,66
"60RF002029",81,15,66
"60RF002030",60,5,55
"60RF002031",123,21,102
"60RF002032",83,15,68
"60RF002033",139,24,115
"60RF002034",97,37,60
"60RF002035",73,15,58
"60RF002036",91,11,80
"60RF002037",96,17,79
"60RF002038",175,69,106
"60RF002039",59,21,38
"60RF002040",184,26,158
"60RF002041",70,48,22
"60RF002042",113,63,50
"60RF002043",131,9,122
"60RF002044",123,19,104
"60RF002045",58,23,35
"60RF002046",119,26,93
"60RF002047",122,21,101
"60RF002048",104,23,81
"60RF002049",63,19,44
"60RF002050",63,30,33
"60RF002051",99,21,78
"60RF002052",72,10,62
"60RF002053",109,28,81
"60RF002054",102,23,79
"60RF002055",132,30,102
"60RF002056",150,29,121
"60RF002057",71,5,66
"60RF002058",268,42,226
"60RF002059",164,19,145
"60RF002060",68,10,58
"60RF002061",78,16,62
"60RF002062",130,13,117
"60RF002063",92,7,85
"60RF002064",95,23,72
"60RF002065",107,23,84
"60RF002066",71,5,66
"60RF002067",156,24,132
"60RF002068",98,16,82
"60RF002069",108,22,86
"60RF002070",53,11,42
"60RF002071",123,35,88
"60RF002072",50,15,35
"60RF002073",57,14,43
"60RF002074",86,40,46
"60RF002075",127,36,91
"60RF002076",83,26,57
"60RF002077",83,18,65
"60RF002078",120,31,89
"60RF002079",83,16,67
"60RF002080",206,49,157
"60RF002081",90,25,65
"60RF002082",63,17,46
"60RF002083",73,28,45
"60RF002084",65,17,48
"60RF002085",129,23,106
"60RF002086",68,9,59
"60RF002087",88,15,73
"60RF002088",103,21,82
"60RF002089",89,15,74
"60RF002090",106,15,91
"60RF002091",84,21,63
"60RF002092",107,29,78
"60RF002093",119,15,104
"60RF002094",70,12,58
"60RF002095",63,20,43
"60RF002096",58,17,41
"60RF002097",83,22,61
"60RF002098",51,12,39
"60RF002099",107,25,82
"60RF002100",103,9,94
"60RF002101",62,9,53
"60RF002102",114,11,103
"60RF002103",80,15,65
"60RF002104",118,22,96
"60RF002105",98,21,77
"60RF002106",100,13,87
"60RF002107",59,23,36
"60RF002108",50,27,23
"60RF002109",67,16,51
"60RF002110",132,46,86
"60RF002111",109,14,95
"60RF002112",179,30,149
"60RF002113",68,7,61
"60RF002114",120,43,77
"60RF002115",121,31,90
"60RF002116",79,30,49
"60RF002117",201,15,186
"60RF002118",58,18,40
"60RF002119",127,36,91
"60RF002120",89,25,64
"60RF002121",94,45,49
"60RF002122",64,15,49
"60RF002123",62,5,57
"60RF002124",169,88,81
"60RF002125",133,18,115
"60RF002126",123,13,110
"60RF002127",138,15,123
"60RF002128",108,23,85
"60RF002129",140,28,112
"60RF002130",196,43,153
"60RF002131",133,20,113
"60RF002132",136,18,118
"60RF002133",123,24,99
"60RF002134",102,17,85
"60RF002135",132,19,113
"60RF002136",156,24,132
"60RF002137",98,17,81
"60RF002138",227,105,122
"60RF002139",115,19,96
"60RF002140",181,31,150
"60RF002141",99,24,75
"60RF002142",126,20,106
"60RF002143",93,17,76
"60RF002144",99,18,81
"60RF002145",110,19,91
"60RF002146",122,21,101
"60RF002147",112,24,88
"60RF002148",110,18,92
"60RF002149",179,39,140
"60RF002150",144,18,126
"60RF002151",179,26,153
"60RF002152",262,46,216
"60RF002153",89,27,62
"60RF002154",138,14,124
"60RF002155",94,22,72
"60RF002156",67,10,57
"60RF002157",118,31,87
"60RF002158",68,54,14
"60RF002159",88,16,72
"60RF002160",61,15,46
"60RF002161",126,29,97
"60RF002162",68,42,26
"60RF002163",134,52,82
"60RF002164",96,14,82
"60RF002165",169,88,81
"60RF002166",152,55,97
"60RF002167",192,58,134
"60RF002168",92,30,62
"60RF002169",231,25,206
"60RF002170",150,17,133
"60RF002171",91,7,84
"60RF002172",153,49,104
"60RF002173",86,39,47
"60RF002174",78,35,43
"60RF002175",107,41,66
"60RF002176",86,20,66
"60RF002177",184,17,167
"60RF002178",189,19,170
"60RF002179",136,30,106
"60RF002180",109,5,104
"60RF002181",115,26,89
"60RF002182",50,19,31
"60RF002183",166,10,156
"60RF002184",135,20,115
"60RF002185",141,11,130
"60RF002186",203,9,194
"60RF002187",195,22,173
"60RF002188",159,2,157
"60RF002189",134,9,125
"60RF002190",150,31,119
"60RF002191",84,30,54
"60RF002192",151,43,108
"60RF002193",85,45,40
"60RF002194",51,4,47
"60RF002195",182,39,143
"60RF002196",104,14,90
"60RF002197",96,18,78
"60RF002198",150,13,137
"60RF002199",100,8,92
"60RF002200",96,27,69
"60RF002201",140,39,101
"60RF002202",70,20,50
"60RF002203",284,52,232
"60RF002204",140,41,99
"60RF002205",77,24,53
"60RF002206",197,39,158
"60RF002207",77,27,50
"60RF002208",86,25,61
"60RF002209",159,21,138
"60RF002210",112,48,64
"60RF002211",62,42,20
"60RF002212",122,15,107
"60RF002213",59,20,39
"60RF002214",108,17,91
"60RF002215",90,27,63
"60RF002216",101,29,72
"60RF002217",114,34,80
"60RF002218",54,16,38
"60RF002219",91,25,66
"60RF002220",99,19,80
"60RF002221",278,20,258
"60RF002222",202,16,186
"60RF002223",146,11,135
"60RF002224",102,3,99
"60RF002225",71,4,67
"60RF002226",160,21,139
"60RF002227",70,12,58
"60RF002228",104,21,83
"60RF002229",117,15,102
"60RF002230",163,21,142
"60RF002231",164,21,143
"60RF002232",95,23,72
"60RF002233",120,33,87
"60RF002234",156,19,137
"60RF002235",160,4,156
"60RF002236",216,69,147
"60RF002237",157,17,140
"60RF002238",182,14,168
"60RF002239",162,20,142
"60RF002240",159,16,143
"60RF002241",168,18,150
"60RF002242",252,50,202
"60RF002243",74,6,68
"60RF002244",109,19,90
"60RF002245",87,19,68
"60RF002246",65,20,45
"60RF002247",65,17,48
"60RF002248",121,19,102
"60RF002249",129,8,121
"60RF002250",164,13,151
"60RF002251",123,19,104
"60RF002252",97,9,88
"60RF002253",66,24,42
"60RF002254",91,35,56
"60RF002255",83,25,58
"60RF002256",86,16,70
"60RF002257",147,19,128
"60RF002258",112,23,89
"60RF002259",100,11,89
"60RF002260",164,37,127
"60RF002261",52,14,38
"60RF002262",189,46,143
"60RF002263",212,24,188
"60RF002264",73,20,53
"60RF002265",121,15,106
"60RF002266",118,46,72
"60RF002267",62,23,39
"60RF002268",92,21,71
"60RF002269",150,46,104
"60RF002270",103,28,75
"60RF002271",190,51,139
"60RF002272",66,42,24
"60RF002273",105,27,78
"60RF002274",283,74,209
"60RF002275",176,23,153
"60RF002276",164,19,145
"60RF002277",61,9,52
"60RF002278",193,9,184
"60RF002279",180,11,169
"60RF002280",197,11,186
"60RF002281",172,6,166
"60RF002282",140,5,135
"60RF002283",101,9,92
"60RF002284",149,15,134
"60RF002285",148,15,133
"60RF002286",219,15,204
"60RF002287",71,13,58
"60RF002288",158,6,152
"60RF002289",87,5,82
"60RF002290",145,8,137
"60RF002291",201,9,192
"60RF002292",133,18,115
"60RF002293",122,23,99
"60RF002294",231,26,205
"60RF002295",117,25,92
"60RF002296",83,21,62
"60RF002297",122,30,92
"60RF002298",75,27,48
"60RF002299",249,62,187
"60RF002300",169,8,161
"60RF002301",151,6,145
"60RF002302",158,9,149
"60RF002303",120,9,111
"60RF002304",165,15,150
"60RF002305",153,8,145
"60RF002306",139,9,130
"60RF002307",173,13,160
"60RF002308",165,16,149
"60RF002309",171,16,155
"60RF002310",144,18,126
"60RF002311",304,70,234
"60RF002312",160,18,142
"60RF002313",111,13,98
"60RF002314",133,21,112
"60RF002315",130,20,110
"60RF002316",180,26,154
"60RF002317",130,28,102
"60RF002318",65,13,52
"60RF002319",146,11,135
"60RF002320",185,6,179
"60RF002321",157,10,147
"60RF002322",124,17,107
"60RF002323",73,0,73
"60RF002324",176,53,123
"60RF002325",90,23,67
"60RF002326",112,33,79
"60RF002327",91,10,81
"60RF002328",175,35,140
"60RF002329",59,11,48
"60RF002330",322,35,287
"60RF002331",142,30,112
"60RF002332",113,18,95
"60RF002333",281,76,205
"60RF002334",77,4,73
"60RF002335",124,32,92
"60RF002336",141,24,117
"60RF002337",90,67,23
"60RF002338",50,21,29
"60RF002339",118,45,73
"60RF002340",89,18,71
"60RF002341",173,19,154
"60RF002342",90,6,84
"60RF002343",92,29,63
"60RF002344",134,51,83
"60RF002345",108,20,88
"60RF002346",133,25,108
"60RF002347",91,14,77
"60RF002348",176,20,156
"60RF002349",129,33,96
"60RF002350",131,14,117
"60RF002351",77,20,57
"60RF002352",68,10,58
"60RF002353",122,48,74
"60RF002354",154,47,107
"60RF002355",74,22,52
"60RF002356",87,16,71
"60RF002357",96,28,68
"60RF002358",189,29,160
"60RF002359",202,21,181
"60RF002360",107,4,103
"60RF002361",91,23,68
"60RF002362",50,4,46
"60RF002363",67,23,44
"60RF002364",150,40,110
"60RF002365",57,9,48
"60RF002366",195,15,180
"60RF002367",99,29,70
"60RF002368",62,11,51
"60RF002369",155,53,102
"60RF002370",235,56,179
"60RF002371",108,24,84
"60RF002372",201,49,152
"60RF002373",145,37,108
"60RF002374",105,19,86
"60RF002375",144,12,132
"60RF002376",124,9,115
"60RF002377",116,29,87
"60RF002378",150,7,143
"60RF002379",83,6,77
"60RF002380",207,68,139
"60RF002381",115,33,82
"60RF002382",84,9,75
"60RF002383",156,26,130
"60RF002384",133,29,104
"60RF002385",70,17,53
"60RF002386",94,25,69
"60RF002387",95,27,68
"60RF002388",124,60,64
"60RF002389",133,51,82
"60RF002390",51,4,47
"60RF002391",123,76,47
"60RF002392",128,33,95
"60RF002393",119,12,107
"60RF002394",148,35,113
"60RF002395",189,15,174
"60RF002396",59,15,44
"60RF002397",125,39,86
"60RF002398",145,63,82
"60RF002399",73,25,48
"60RF002400",98,13,85
"60RF002401",61,7,54
"60RF002402",99,35,64
"60RF002403",89,24,65
"60RF002404",98,11,87
"60RF002405",395,179,216
"60RF002406",112,7,105
"60RF002407",103,23,80
"60RF002408",72,18,54
"60RF002409",55,34,21
"60RF002410",73,15,58
"60RF002411",171,22,149
"60RF002412",83,33,50
"60RF002413",254,63,191
"60RF002414",251,47,204
"60RF002415",143,42,101
"60RF002416",61,4,57
"60RF002417",202,57,145
"60RF002418",161,9,152
"60RF002419",146,4,142
"60RF002420",206,9,197
"60RF002421",151,25,126
"60RF002422",137,21,116
"60RF002423",133,6,127
"60RF002424",166,10,156
"60RF002425",186,19,167
"60RF002426",71,10,61
"60RF002427",122,15,107
"60RF002428",94,11,83
"60RF002429",177,93,84
"60RF002430",187,10,177
"60RF002431",237,15,222
"60RF002432",195,11,184
"60RF002433",177,11,166
"60RF002434",152,1,151
"60RF002435",146,5,141
"60RF002436",129,22,107
"60RF002437",120,24,96
"60RF002438",147,18,129
"60RF002439",205,11,194
"60RF002440",188,21,167
"60RF002441",68,18,50
"60RF002442",178,8,170
"60RF002443",113,8,105
"60RF002444",74,38,36
"60RG000001",121,24,97
"60RG000002",81,11,70
"60RG000003",87,22,65
"60RG000004",59,10,49
"60RG000005",92,8,84
"60RG000006",109,16,93
"60RG000007",170,29,141
"60RG000008",104,15,89
"60RG000009",94,20,74
"60RG000010",79,16,63
"60RG000011",201,22,179
"60RG000012",134,20,114
"60RG000013",117,18,99
"60RG000014",115,17,98
"60RG000015",76,25,51
"60RG000016",91,9,82
"60RG000017",191,27,164
"60RG000018",112,34,78
"60RG000019",129,16,113
"60RG000020",116,21,95
"60RG000021",92,16,76
"60RG000022",89,19,70
"60RG000023",147,21,126
"60RG000024",122,16,106
"60RG000025",151,10,141
"60RG000026",134,20,114
"60RG000027",202,51,151
"60RG000028",73,12,61
"60RG000029",112,17,95
"60RG000030",160,23,137
"60RG000031",137,28,109
"60RG000032",95,25,70
"60RG000033",153,26,127
"60RG000034",151,32,119
"60RG000035",106,25,81
"60RG000036",89,20,69
"60RG000037",86,16,70
"60RG000038",81,11,70
"60RG000039",83,8,75
"60RG000040",143,17,126
"60RG000041",83,7,76
"60RG000042",123,14,109
"60RG000043",134,22,112
"60RG000044",89,14,75
"60RG000045",149,24,125
"60RG000046",173,22,151
"60RG000047",124,8,116
"60RG000048",146,13,133
"60RG000049",56,9,47
"60RG000050",109,8,101
"60RG000051",93,12,81
"60RG000052",207,26,181
"60RG000053",125,22,103
"60RG000054",153,22,131
"60RG000055",136,30,106
"60RG000056",64,2,62
"60RG000057",87,20,67
"60RG000058",157,27,130
"60RG000059",207,20,187
"60RG000060",103,14,89
"60RG000061",183,23,160
"60RG000062",131,18,113
"60RG000063",136,25,111
"60RG000064",85,28,57
"60RG000065",250,71,179
"60RG000066",138,19,119
"60RG000067",214,19,195
"60RG000068",142,20,122
"60RG000069",155,16,139
"60RG000070",126,23,103
"60RG000071",202,17,185
"60RG000072",132,16,116
"60RG000073",130,10,120
"60RG000074",133,21,112
"60RG000075",167,46,121
"60RG000076",148,37,111
"60RG000077",65,21,44
"60RG000078",148,43,105
"60RG000079",135,24,111
"60RG000080",161,63,98
"60RG000081",120,28,92
"60RG000082",140,35,105
"60RG000083",168,73,95
"60RG000084",101,29,72
"60RG000085",127,33,94
"60RG000086",98,24,74
"60RG000087",69,18,51
"60RG000088",55,17,38
"60RG000089",109,18,91
"60RG000090",177,38,139
"60RG000091",135,25,110
"60RG000092",106,20,86
"60RG000093",119,37,82
"60RG000094",104,17,87
"60RG000095",114,17,97
"60RG000096",108,23,85
"60RG000097",146,21,125
"60RG000098",113,27,86
"60RG000099",163,14,149
"60RG000100",157,42,115
"60RG000101",171,35,136
"60RG000102",140,24,116
"60RG000103",121,32,89
"60RG000104",189,43,146
"60RG000105",149,31,118
"60RG000106",106,40,66
"60RG000107",129,34,95
"60RG000108",126,28,98
"60RG000109",133,28,105
"60RG000110",155,34,121
"60RG000111",114,34,80
"60RG000112",172,43,129
"60RG000113",159,20,139
"60RG000114",144,9,135
"60RG000115",89,14,75
"60RG000116",120,17,103
"60RG000117",90,25,65
"60RG000118",130,35,95
"60RG000119",99,27,72
"60RG000120",161,33,128
"60RG000121",206,28,178
"60RG000122",114,34,80
"60RG000123",107,31,76
"60RG000124",125,35,90
"60RG000125",228,89,139
"60RG000126",134,37,97
"60RG000127",211,16,195
"60RG000128",89,9,80
"60RG000129",63,25,38
"60RG000130",144,25,119
"60RG000131",111,21,90
"60RG000132",117,35,82
"60RG000133",131,34,97
"60RG000134",94,23,71
"60RG000135",124,29,95
"60RG000136",139,29,110
"60RG000137",96,27,69
"60RG000138",86,19,67
"60RG000139",174,47,127
"60RG000140",141,28,113
"60RG000141",203,15,188
"60RG000142",68,21,47
"60RG000143",99,21,78
"60RG000144",119,26,93
"60RG000145",122,28,94
"60RG000146",155,37,118
"60RG000147",144,28,116
"60RG000148",119,26,93
"60RG000149",114,33,81
"60RG000150",146,29,117
"60RG000151",238,36,202
"60RG000152",150,41,109
"60RG000153",72,12,60
"60RG000154",175,11,164
"60RG000155",178,27,151
"60RG000156",174,34,140
"60RG000157",140,19,121
"60RG000158",132,20,112
"60RG000159",121,20,101
"60RG000160",116,21,95
"60RG000161",127,19,108
"60RG000162",126,17,109
"60RG000163",52,34,18
"60RG000164",78,28,50
"60RG000165",80,18,62
"60RG000166",79,16,63
"60RG000167",53,19,34
"60RG000168",90,24,66
"60RG000169",79,20,59
"60RG000170",111,27,84
"60RG000171",102,25,77
"60RG000172",82,13,69
"60RG000173",142,17,125
"60RG000174",143,31,112
"60RG000175",134,15,119
"60RG000176",131,9,122
"60RG000177",124,18,106
"60RG000178",91,12,79
"60RG000179",134,11,123
"60RG000180",175,17,158
"60RG000181",170,25,145
"60RG000182",112,11,101
"60RG000183",122,33,89
"60RG000184",113,21,92
"60RG000185",201,29,172
"60RG000186",155,10,145
"60RG000187",119,14,105
"60RG000188",122,16,106
"60RG000189",121,16,105
"60RG000190",110,12,98
"60RG000191",90,29,61
"60RG000192",88,16,72
"60RG000193",123,14,109
"60RG000194",84,32,52
"60RG000195",172,42,130
"60RG000196",131,35,96
"60RG000197",111,27,84
"60RG000198",89,25,64
"60RG000199",154,27,127
"60RG000200",103,27,76
"60RG000201",90,38,52
"60RG000202",105,38,67
"60RG000203",104,13,91
"60RG000204",75,17,58
"60RG000205",105,16,89
"60RG000206",88,19,69
"60RG000207",105,13,92
"60RG000208",150,22,128
"60RG000209",51,4,47
"60RG000210",86,7,79
"60RG000211",105,9,96
"60RG000212",53,11,42
"60RG000213",164,21,143
"60RG000214",112,67,45
"60RG000215",104,29,75
"60RG000216",97,23,74
"60RG000217",101,35,66
"60RG000218",146,27,119
"60RG000219",96,23,73
"60RG000220",167,36,131
"60RG000221",117,18,99
"60RG000222",127,34,93
"60RG000223",113,38,75
"60RG000224",105,30,75
"60RG000225",67,11,56
"60RG000226",127,34,93
"60RG000227",134,31,103
"60RG000228",125,21,104
"60RG000229",99,28,71
"60RG000230",117,23,94
"60RG000231",124,21,103
"60RG000232",97,33,64
"60RG000233",58,19,39
"60RG000234",64,17,47
"60RG000235",111,39,72
"60RG000236",69,20,49
"60RG000237",116,25,91
"60RG000238",99,32,67
"60RG000239",69,10,59
"60RG000240",110,28,82
"60RG000241",53,15,38
"60RG000242",213,44,169
"60RG000243",173,36,137
"60RG000244",116,30,86
"60RG000245",85,25,60
"60RG000246",82,21,61
"60RG000247",92,23,69
"60RG000248",81,30,51
"60RG000249",123,22,101
"60RG000250",96,11,85
"60RG000251",128,21,107
"60RG000252",143,18,125
"60RG000253",107,20,87
"60RG000254",101,23,78
"60RG000255",105,12,93
"60RG000256",81,10,71
"60RG000257",88,12,76
"60RG000258",148,16,132
"60RG000259",115,9,106
"60RG000260",220,11,209
"60RG000261",238,19,219
"60RG000262",186,19,167
"60RG000263",119,17,102
"60RG000264",108,29,79
"60RG000265",87,22,65
"60RG000266",68,15,53
"60RG000267",57,25,32
"60RG000268",136,43,93
"60RG000269",63,18,45
"60RG000270",178,66,112
"60RG000271",138,34,104
"60RG000272",102,20,82
"60RG000273",107,27,80
"60RG000274",110,31,79
"60RG000275",98,30,68
"60RG000276",145,45,100
"60RG000277",78,39,39
"60RG000278",109,28,81
"60RG000279",76,11,65
"60RG000280",88,51,37
"60RG000281",166,34,132
"60RG000282",91,24,67
"60RG000283",127,42,85
"60RG000284",89,35,54
"60RG000285",143,30,113
"60RG000286",92,35,57
"60RG000287",101,31,70
"60RG000288",95,23,72
"60RG000289",107,31,76
"60RG000290",144,42,102
"60RG000291",180,34,146
"60RG000292",101,6,95
"60RG000293",150,10,140
"60RG000294",102,21,81
"60RG000295",75,21,54
"60RG000296",83,23,60
"60RG000297",140,27,113
"60RG000298",90,42,48
"60RG000299",99,15,84
"60RG000300",155,37,118
"60RG000301",178,17,161
"60RG000302",89,5,84
"60RG000303",144,10,134
"60RG000304",138,30,108
"60RG000305",96,12,84
"60RG000306",110,18,92
"60RG000307",80,10,70
"60RG000308",157,16,141
"60RG000309",230,64,166
"60RG000310",142,40,102
"60RG000311",129,29,100
"60RG000312",161,54,107
"60RG000313",130,35,95
"60RG000314",113,48,65
"60RG000315",147,33,114
"60RG000316",82,29,53
"60RG000317",196,54,142
"60RG000318",152,26,126
"60RG000319",160,45,115
"60RG000320",133,35,98
"60RG000321",86,39,47
"60RG000322",97,36,61
"60RG000323",91,50,41
"60RG000324",107,36,71
"60RG000325",86,39,47
"60RG000326",157,27,130
"60RG000327",106,12,94
"60RG000328",130,12,118
"60RG000329",109,8,101
"60RG000330",107,29,78
"60RG000331",144,23,121
"60RG000332",128,28,100
"60RG000333",122,32,90
"60RG000334",221,22,199
"60RG000335",179,32,147
"60RG000336",153,20,133
"60RG000337",124,27,97
"60RG000338",97,22,75
"60RG000339",138,19,119
"60RG000340",111,9,102
"60RG000341",59,29,30
"60RG000342",87,10,77
"60RG000343",92,23,69
"60RG000344",102,13,89
"60RG000345",122,24,98
"60RG000346",89,19,70
"60RG000347",122,17,105
"60RG000348",76,41,35
"60RG000349",98,21,77
"60RG000350",108,13,95
"60RG000351",85,21,64
"60RG000352",60,5,55
"60RG000353",138,16,122
"60RG000354",150,18,132
"60RG000355",57,10,47
"60RG000356",86,19,67
"60RG000357",110,5,105
"60RG000358",93,14,79
"60RG000359",98,6,92
"60RG000360",135,14,121
"60RG000361",66,13,53
"60RG000362",62,10,52
"60RG000363",128,37,91
"60RG000364",114,31,83
"60RG000365",81,11,70
"60RG000366",121,28,93
"60RG000367",117,23,94
"60RG000368",181,42,139
"60RG000369",90,22,68
"60RG000370",154,54,100
"60RG000371",139,39,100
"60RG000372",127,32,95
"60RG000373",134,27,107
"60RG000374",104,14,90
"60RG000375",146,26,120
"60RG000376",128,10,118
"60RG000377",182,26,156
"60RG000378",159,31,128
"60RG000379",161,24,137
"60RG000380",120,20,100
"60RG000381",66,9,57
"60RG000382",140,19,121
"60RG000383",129,20,109
"60RG000384",99,20,79
"60RG000385",108,39,69
"60RG000386",80,34,46
"60RG000387",159,22,137
"60RG000388",128,9,119
"60RG000389",190,37,153
"60RG000390",187,30,157
"60RG000391",111,27,84
"60RG000392",128,29,99
"60RG000393",194,35,159
"60RG000394",182,46,136
"60RG000395",85,24,61
"60RG000396",99,27,72
"60RG000397",104,33,71
"60RG000398",169,46,123
"60RG000399",173,32,141
"60RG000400",128,26,102
"60RG000401",145,40,105
"60RG000402",116,29,87
"60RG000403",122,32,90
"60RG000404",124,34,90
"60RG000405",125,30,95
"60RG000406",121,27,94
"60RG000407",156,36,120
"60RG000408",146,27,119
"60RG000409",165,26,139
"60RG000410",192,23,169
"60RG000411",88,21,67
"60RG000412",132,9,123
"60RG000413",150,8,142
"60RG000414",154,14,140
"60RG000415",115,17,98
"60RG000416",135,24,111
"60RG000417",70,6,64
"60RG000418",101,29,72
"60RG000419",89,23,66
"60RG000420",193,28,165
"60RG000421",198,22,176
"60RG000422",175,20,155
"60RG000423",137,19,118
"60RG000424",158,10,148
"60RG000425",115,15,100
"60RG000426",124,21,103
"60RG000427",115,12,103
"60RG000428",179,56,123
"60RG000429",138,10,128
"60RG000430",141,41,100
"60RG000431",82,18,64
"60RG000432",69,14,55
"60RG000433",114,15,99
"60RG000434",91,18,73
"60RG000435",72,6,66
"60RG000436",56,16,40
"60RG000437",96,17,79
"60RG000438",127,27,100
"60RG000439",86,27,59
"60RG000440",143,18,125
"60RG000441",100,11,89
"60RG000442",153,29,124
"60RG000443",237,17,220
"60RG000444",124,10,114
"60RG000445",155,30,125
"60RG000446",120,26,94
"60RG000447",245,8,237
"60RG000448",191,29,162
"60RG000449",158,36,122
"60RG000450",187,81,106
"60RG000451",77,15,62
"60RG000452",162,20,142
"60RG000453",99,22,77
"60RG000454",141,10,131
"60RG000455",115,27,88
"60RG000456",154,11,143
"60RG000457",166,14,152
"60RG000458",137,18,119
"60RG000459",151,11,140
"60RG000460",116,26,90
"60RG000461",410,29,381
"60RG000462",126,18,108
"60RG000463",190,26,164
"60RG000464",158,36,122
"60RG000465",108,17,91
"60RG000466",160,16,144
"60RG000467",115,16,99
"60RG000468",125,19,106
"60RG000469",174,26,148
"60RG000470",92,20,72
"60RG000471",148,30,118
"60RG000472",153,26,127
"60RG000473",155,26,129
"60RG000474",156,16,140
"60RG000475",91,13,78
"60RG000476",135,16,119
"60RG000477",152,21,131
"60RG000478",196,52,144
"60RG000479",156,12,144
"60RG000480",99,31,68
"60RG000481",55,11,44
"60RG000482",141,20,121
"60RG000483",204,69,135
"60RG000484",117,34,83
"60RG000485",111,24,87
"60RG000486",182,20,162
"60RG000487",175,27,148
"60RG000488",87,25,62
"60RG000489",121,17,104
"60RG000490",76,16,60
"60RG000491",67,4,63
"60RG000492",82,13,69
"60RG000493",100,20,80
"60RG000494",109,14,95
"60RG000495",104,11,93
"60RG000496",130,12,118
"60RG000497",110,18,92
"60RG000498",82,11,71
"60RG000499",138,27,111
"60RG000500",175,68,107
"60RG000501",116,23,93
"60RG000502",117,22,95
"60RG000503",57,10,47
"60RG000504",82,7,75
"60RG000505",66,10,56
"60RG000506",115,11,104
"60RG000507",227,29,198
"60RG000508",141,35,106
"60RG000509",86,10,76
"60RG000510",72,12,60
"60RG000511",90,19,71
"60RG000512",69,7,62
"60RG000513",124,21,103
"60RG000514",150,29,121
"60RG000515",204,22,182
"60RG000516",71,19,52
"60RG000517",85,8,77
"60RG000518",105,10,95
"60RG000519",111,23,88
"60RG000520",75,23,52
"60RG000521",112,32,80
"60RG000522",135,16,119
"60RG000523",152,22,130
"60RG000524",203,28,175
"60RG000525",110,29,81
"60RG000526",129,11,118
"60RG000527",122,32,90
"60RG000528",63,14,49
"60RG000529",143,12,131
"60RG000530",57,6,51
"60RG000531",126,12,114
"60RG000532",209,81,128
"60RG000533",69,8,61
"60RG000534",161,112,49
"60RG000535",124,20,104
"60RG000536",104,26,78
"60RG000537",66,22,44
"60RG000538",71,16,55
"60RG000539",107,23,84
"60RG000540",160,20,140
"60RG000541",53,4,49
"60RG000542",56,13,43
"60RG000543",70,17,53
"60RG000544",70,14,56
"60RG000545",137,14,123
"60RG000546",55,6,49
"60RG000547",96,22,74
"60RG000548",279,12,267
"60RG000549",78,16,62
"60RG000550",105,21,84
"60RG000551",104,20,84
"60RG000552",142,23,119
"60RG000553",76,5,71
"60RG000554",146,29,117
"60RG000555",51,5,46
"60RG000556",99,13,86
"60RG000557",111,16,95
"60RG000558",150,30,120
"60RG000559",69,18,51
"60RG000560",145,37,108
"60RG000561",76,8,68
"60RG000562",140,21,119
"60RG000563",63,0,63
"60RG000564",114,14,100
"60RG000565",82,35,47
"60RG000566",100,24,76
"60RG000567",256,53,203
"60RG000568",195,32,163
"60RG000569",76,12,64
"60RG000570",157,25,132
"60RG000571",73,17,56
"60RG000572",126,19,107
"60RG000573",146,19,127
"60RG000574",121,22,99
"60RG000575",76,16,60
"60RG000576",203,13,190
"60RG000577",116,13,103
"60RG000578",147,24,123
"60RG000579",144,16,128
"60RG000580",137,25,112
"60RG000581",113,20,93
"60RG000582",85,13,72
"60RG000583",138,19,119
"60RG000584",105,13,92
"60RG000585",125,16,109
"60RG000586",121,21,100
"60RG000587",99,7,92
"60RG000588",85,18,67
"60RG000589",68,8,60
"60RG000590",189,29,160
"60RG000591",89,8,81
"60RG000592",78,33,45
"60RG000593",57,14,43
"60RG000594",181,27,154
"60RG000595",123,30,93
"60RG000596",170,16,154
"60RG000597",69,16,53
"60RG000598",283,17,266
"60RG000599",191,26,165
"60RG000600",74,23,51
"60RG000601",185,25,160
"60RG000602",81,11,70
"60RG000603",138,9,129
"60RG000604",212,8,204
"60RG000605",126,14,112
"60RG000606",74,8,66
"60RG000607",78,8,70
"60RG000608",109,10,99
"60RG000609",95,2,93
"60RG000610",107,33,74
"60RG000611",118,27,91
"60RG000612",69,14,55
"60RG000613",156,38,118
"60RG000614",101,13,88
"60RG000615",157,10,147
"60RG000616",126,35,91
"60RG000617",80,27,53
"60RG000618",66,7,59
"60RG000619",123,10,113
"60RG000620",143,15,128
"60RG000621",153,14,139
"60RG000622",99,10,89
"60RG000623",148,10,138
"60RG000624",147,15,132
"60RG000625",152,22,130
"60RG000626",128,13,115
"60RG000627",111,16,95
"60RG000628",153,44,109
"60RG000629",110,17,93
"60RG000630",118,8,110
"60RG000631",173,15,158
"60RG000632",60,1,59
"60RG000633",87,15,72
"60RG000634",54,3,51
"60RG000635",125,74,51
"60RG000636",122,26,96
"60RG000637",80,13,67
"60RG000638",91,9,82
"60RG000639",114,34,80
"60RG000640",79,10,69
"60RG000641",98,35,63
"60RG000642",159,69,90
"60RG000643",86,9,77
"60RG000644",89,33,56
"60RG000645",73,8,65
"60RG000646",89,5,84
"60RG000647",296,18,278
"60RG000648",112,24,88
"60RG000649",102,13,89
"60RG000650",87,27,60
"60RG000651",190,22,168
"60RG000652",240,43,197
"60RG000653",67,4,63
"60RG000654",189,39,150
"60RG000655",170,25,145
"60RG000656",159,18,141
"60RG000657",159,16,143
"60RG000658",128,28,100
"60RG000659",73,10,63
"60RG000660",89,43,46
"60RG000661",96,14,82
"60RG000662",103,14,89
"60RG000663",68,8,60
"60RG000664",73,26,47
"60RG000665",227,20,207
"60RG000666",73,2,71
"60RG000667",98,10,88
"60RG000668",180,15,165
"60RG000669",122,25,97
"60RG000670",82,8,74
"60RG000671",86,5,81
"60RG000672",96,16,80
"60RG000673",70,26,44
"60RG000674",134,28,106
"60RG000675",85,14,71
"60RG000676",93,15,78
"60RG000677",119,27,92
"60RG000678",134,36,98
"60RG000679",54,13,41
"60RG000680",150,27,123
"60RG000681",156,28,128
"60RG000682",131,37,94
"60RG000683",85,16,69
"60RG000684",97,24,73
"60RG000685",104,12,92
"60RG000686",106,14,92
"60RG000687",127,13,114
"60RG000688",183,4,179
"60RG000689",65,8,57
"60RG000690",73,9,64
"60RG000691",128,13,115
"60RG000692",407,17,390
"60RG000693",477,20,457
"60RG000694",576,24,552
"60QG000001",51,4,47
"60QG000002",191,54,137
"60QG000003",82,12,70
"60QG000004",160,21,139
"60QG000005",90,25,65
"60QG000006",129,18,111
"60QG000007",133,28,105
"60QG000008",77,20,57
"60QG000009",101,15,86
"60QG000010",108,26,82
"60QG000011",115,19,96
"60QG000012",137,18,119
"60QG000013",116,61,55
"60QG000014",144,43,101
"60QG000015",109,26,83
"60QG000016",50,12,38
"60QG000017",95,24,71
"60QG000018",130,40,90
"60QG000019",100,23,77
"60QG000020",145,28,117
"60QG000021",53,14,39
"60QG000022",100,20,80
"60QG000023",88,27,61
"60QG000024",120,39,81
"60QG000025",106,25,81
"60QG000026",104,39,65
"60QG000027",86,28,58
"60QG000028",70,21,49
"60QG000029",52,19,33
"60QG000030",95,36,59
"60QG000031",137,27,110
"60QG000032",105,30,75
"60QG000033",173,39,134
"60QG000034",174,52,122
"60QG000035",152,42,110
"60QG000036",190,53,137
"60QG000037",67,16,51
"60QG000038",161,16,145
"60QG000039",160,13,147
"60QG000040",131,20,111
"60QG000041",156,15,141
"60QG000042",154,18,136
"60QG000043",108,11,97
"60QG000044",116,19,97
"60QG000045",134,27,107
"60QG000046",118,21,97
"60QG000047",120,20,100
"60QG000048",106,20,86
"60QG000049",113,11,102
"60QG000050",170,22,148
"60QG000051",99,15,84
"60QG000052",133,41,92
"60QG000053",233,24,209
"60QG000054",96,31,65
"60QG000055",75,29,46
"60QG000056",112,50,62
"60QG000057",104,41,63
"60QG000058",188,21,167
"60QG000059",125,59,66
"60QG000060",77,11,66
"60QG000061",60,44,16
"60QG000062",79,14,65
"60QG000063",115,17,98
"60QG000064",128,13,115
"60QG000065",104,17,87
"60QG000066",153,27,126
"60QG000067",148,17,131
"60QG000068",109,52,57
"60QG000069",53,18,35
"60QG000070",102,45,57
"60QG000071",80,37,43
"60QG000072",156,45,111
"60QG000073",66,19,47
"60QG000074",136,10,126
"60QG000075",93,28,65
"60QG000076",151,24,127
"60QG000077",92,4,88
"60QG000078",75,26,49
"60QG000079",92,22,70
"60QG000080",105,40,65
"60QG000081",76,25,51
"60QG000082",50,16,34
"60QG000083",69,18,51
"60QG000084",66,27,39
"60QG000085",203,52,151
"60QG000086",149,50,99
"60QG000087",159,57,102
"60QG000088",198,38,160
"60QG000089",146,40,106
"60QG000090",158,51,107
"60QG000091",95,28,67
"60QG000092",77,18,59
"60QG000093",93,27,66
"60QG000094",93,33,60
"60QG000095",106,23,83
"60QG000096",74,29,45
"60QG000097",97,35,62
"60QG000098",86,8,78
"60QG000099",134,33,101
"60QG000100",187,16,171
"60QG000101",104,20,84
"60QG000102",258,16,242
"60QG000103",95,7,88
"60QG000104",113,17,96
"60QG000105",126,42,84
"60QG000106",144,26,118
"60QG000107",168,31,137
"60QG000108",73,11,62
"60QG000109",176,21,155
"60QG000110",142,18,124
"60QG000111",175,25,150
"60QG000112",114,22,92
"60QG000113",113,13,100
"60QG000114",150,19,131
"60QG000115",115,18,97
"60QG000116",88,12,76
"60QG000117",128,13,115
"60QG000118",114,28,86
"60QG000119",126,19,107
"60QG000120",183,40,143
"60QG000121",180,36,144
"60QG000122",170,29,141
"60QG000123",162,25,137
"60QG000124",200,33,167
"60QG000125",194,32,162
"60QG000126",125,16,109
"60QG000127",97,15,82
"60QG000128",83,14,69
"60QG000129",155,32,123
"60QG000130",126,31,95
"60QG000131",168,40,128
"60QG000132",155,24,131
"60QG000133",96,21,75
"60QG000134",81,21,60
"60QG000135",105,36,69
"60QG000136",108,38,70
"60QG000137",152,18,134
"60QG000138",146,26,120
"60QG000139",167,29,138
"60QG000140",129,26,103
"60QG000141",139,20,119
"60QG000142",94,16,78
"60QG000143",146,16,130
"60QG000144",78,40,38
"60QG000145",125,23,102
"60QG000146",140,32,108
"60QG000147",134,30,104
"60QG000148",126,34,92
"60QG000149",95,28,67
"60QG000150",119,29,90
"60QG000151",107,29,78
"60QG000152",198,51,147
"60QG000153",164,51,113
"60QG000154",133,16,117
"60QG000155",194,39,155
"60QG000156",104,12,92
"60QG000157",145,24,121
"60QG000158",76,12,64
"60QG000159",148,24,124
"60QG000160",82,13,69
"60QG000161",66,22,44
"60QG000162",68,5,63
"60QG000163",82,15,67
"60QG000164",104,13,91
"60QG000165",56,43,13
"60QG000166",120,39,81
"60QG000167",63,25,38
"60QG000168",142,33,109
"60QG000169",99,11,88
"60QG000170",125,5,120
"60QG000171",117,35,82
"60QG000172",90,44,46
"60QG000173",120,17,103
"60QG000174",83,18,65
"60QG000175",138,23,115
"60QG000176",95,17,78
"60QG000177",172,18,154
"60QG000178",139,21,118
"60QG000179",64,28,36
"60QG000180",152,17,135
"60QG000181",116,30,86
"60QG000182",142,19,123
"60QG000183",89,28,61
"60QG000184",108,10,98
"60QG000185",143,11,132
"60QG000186",127,47,80
"60QG000187",111,39,72
"60QG000188",104,26,78
"60QG000189",130,38,92
"60QG000190",95,31,64
"60QG000191",133,46,87
"60QG000192",87,28,59
"60QG000193",101,41,60
"60QG000194",95,31,64
"60QG000195",145,38,107
"60QG000196",117,23,94
"60QG000197",67,8,59
"60QG000198",167,30,137
"60QG000199",91,47,44
"60QG000200",153,28,125
"60QG000201",112,13,99
"60QG000202",108,23,85
"60QG000203",129,28,101
"60QG000204",105,18,87
"60QG000205",156,51,105
"60QG000206",132,21,111
"60QG000207",124,79,45
"60QG000208",136,25,111
"60QG000209",149,42,107
"60QG000210",116,26,90
"60QG000211",88,8,80
"60QG000212",154,8,146
"60QG000213",130,10,120
"60QG000214",73,15,58
"60QG000215",111,16,95
"60QG000216",82,41,41
"60QG000217",111,22,89
"60QG000218",204,20,184
"60QG000219",209,10,199
"60QG000220",170,22,148
"60QG000221",138,21,117
"60QG000222",125,8,117
"60QG000223",111,24,87
"60QG000224",60,2,58
"60QG000225",56,19,37
"60QG000226",119,19,100
"60QG000227",78,18,60
"60QG000228",211,50,161
"60QG000229",126,21,105
"60QG000230",149,52,97
"60QG000231",160,27,133
"60QG000232",98,22,76
"60QG000233",104,26,78
"60QG000234",95,19,76
"60QG000235",114,25,89
"60QG000236",120,31,89
"60QG000237",74,23,51
"60QG000238",53,17,36
"60QG000239",148,38,110
"60QG000240",100,21,79
"60QG000241",143,31,112
"60QG000242",161,29,132
"60QG000243",235,33,202
"60QG000244",134,29,105
"60QG000245",128,33,95
"60QG000246",110,31,79
"60QG000247",168,43,125
"60QG000248",112,30,82
"60QG000249",127,22,105
"60QG000250",84,23,61
"60QG000251",136,29,107
"60QG000252",88,19,69
"60QG000253",79,12,67
"60QG000254",236,21,215
"60QG000255",85,52,33
"60QG000256",111,10,101
"60QG000257",88,26,62
"60QG000258",86,37,49
"60QG000259",82,53,29
"60QG000260",217,67,150
"60QG000261",138,25,113
"60QG000262",102,38,64
"60QG000263",176,43,133
"60QG000264",90,17,73
"60QG000265",84,25,59
"60QG000266",139,34,105
"60QG000267",123,34,89
"60QG000268",95,39,56
"60QG000269",78,19,59
"60QG000270",69,15,54
"60QG000271",87,24,63
"60QG000272",147,32,115
"60QG000273",123,48,75
"60QG000274",152,33,119
"60QG000275",104,23,81
"60QG000276",106,29,77
"60QG000277",150,37,113
"60QG000278",88,16,72
"60QG000279",208,49,159
"60QG000280",158,29,129
"60QG000281",76,15,61
"60QG000282",175,51,124
"60QG000283",112,37,75
"60QG000284",126,33,93
"60QG000285",140,36,104
"60QG000286",127,41,86
"60QG000287",164,46,118
"60QG000288",117,27,90
"60QG000289",72,23,49
"60QG000290",92,16,76
"60QG000291",127,4,123
"60QG000292",100,14,86
"60QG000293",124,9,115
"60QG000294",134,41,93
"60QG000295",96,24,72
"60QG000296",119,11,108
"60QG000297",50,19,31
"60QG000298",71,7,64
"60QG000299",69,15,54
"60QG000300",122,17,105
"60QG000301",103,30,73
"60QG000302",88,1,87
"60QG000303",84,12,72
"60QG000304",101,15,86
"60QG000305",116,10,106
"60QG000306",86,12,74
"60QG000307",97,23,74
"60QG000308",100,12,88
"60QG000309",91,15,76
"60QG000310",96,28,68
"60QG000311",104,16,88
"60QG000312",65,8,57
"60QG000313",142,40,102
"60QG000314",88,12,76
"60QG000315",84,14,70
"60QG000316",121,24,97
"60QG000317",94,26,68
"60QG000318",60,7,53
"60QG000319",58,22,36
"60QG000320",63,12,51
"60QG000321",102,12,90
"60QG000322",81,32,49
"60QG000323",108,15,93
"60QG000324",108,18,90
"60QG000325",94,51,43
"60QG000326",65,22,43
"60QG000327",115,8,107
"60QG000328",90,23,67
"60QG000329",173,22,151
"60QG000330",88,22,66
"60QG000331",64,7,57
"60QG000332",73,6,67
"60QG000333",64,8,56
"60QG000334",79,27,52
"60QG000335",111,28,83
"60QG000336",135,12,123
"60QG000337",94,15,79
"60QG000338",103,30,73
"60QG000339",83,23,60
"60QG000340",73,24,49
"60QG000341",120,16,104
"60QG000342",95,14,81
"60QG000343",63,13,50
"60QG000344",142,13,129
"60QG000345",116,25,91
"60QG000346",88,26,62
"60QG000347",117,21,96
"60QG000348",225,35,190
"60QG000349",95,35,60
"60QG000350",116,38,78
"60QG000351",79,25,54
"60QG000352",119,39,80
"60QG000353",85,31,54
"60QG000354",99,40,59
"60QG000355",92,23,69
"60QG000356",75,5,70
"60QG000357",216,31,185
"60QG000358",315,29,286
"60QG000359",140,22,118
"60QG000360",91,15,76
"60QG000361",87,15,72
"60QG000362",214,35,179
"60QG000363",98,11,87
"60QG000364",92,9,83
"60QG000365",232,26,206
"60QG000366",72,11,61
"60QG000367",239,54,185
"60QG000368",91,9,82
"60QG000369",132,18,114
"60QG000370",98,27,71
"60QG000371",82,4,78
"60QG000372",157,24,133
"60QG000373",115,17,98
"60QG000374",145,19,126
"60QG000375",220,73,147
"60QG000376",195,60,135
"60QG000377",148,28,120
"60QG000378",117,25,92
"60QG000379",153,15,138
"60QG000380",112,21,91
"60QG000381",109,15,94
"60QG000382",110,26,84
"60QG000383",186,16,170
"60QG000384",123,12,111
"60QG000385",117,21,96
"60QG000386",98,24,74
"60QG000387",58,28,30
"60QG000388",67,33,34
"60QG000389",163,57,106
"60QG000390",146,33,113
"60QG000391",93,26,67
"60QG000392",138,19,119
"60QG000393",123,21,102
"60QG000394",107,21,86
"60QG000395",137,38,99
"60QG000396",166,29,137
"60QG000397",136,16,120
"60QG000398",169,88,81
"60QG000399",84,8,76
"60QG000400",104,4,100
"60QG000401",216,16,200
"60QG000402",157,13,144
"60QG000403",168,79,89
"60QG000404",85,17,68
"60QG000405",130,32,98
"60QG000406",98,42,56
"60QG000407",98,45,53
"60QG000408",95,22,73
"60QG000409",114,15,99
"60QG000410",131,24,107
"60QG000411",91,23,68
"60QG000412",159,29,130
"60QG000413",95,20,75
"60QG000414",83,9,74
"60QG000415",82,40,42
"60QG000416",102,17,85
"60QG000417",80,34,46
"60QG000418",87,32,55
"60QG000419",136,45,91
"60QG000420",106,25,81
"60QG000421",90,22,68
"60QG000422",200,35,165
"60QG000423",69,28,41
"60QG000424",93,15,78
"60QG000425",95,30,65
"60QG000426",176,29,147
"60QG000427",138,28,110
"60QG000428",71,27,44
"60QG000429",62,16,46
"60QG000430",63,14,49
"60QG000431",119,30,89
"60QG000432",71,13,58
"60QG000433",160,27,133
"60QG000434",111,25,86
"60QG000435",81,28,53
"60QG000436",145,44,101
"60QG000437",190,48,142
"60QG000438",147,29,118
"60QG000439",171,44,127
"60QG000440",162,44,118
"60QG000441",76,27,49
"60QG000442",65,14,51
"60QG000443",166,40,126
"60QG000444",121,25,96
"60QG000445",136,50,86
"60QG000446",179,41,138
"60QG000447",128,32,96
"60QG000448",114,32,82
"60QG000449",94,48,46
"60QG000450",192,45,147
"60QG000451",171,48,123
"60QG000452",189,47,142
"60QG000453",179,46,133
"60QG000454",109,30,79
"60QG000455",137,38,99
"60QG000456",119,28,91
"60QG000457",119,31,88
"60QG000458",136,39,97
"60QG000459",116,29,87
"60QG000460",67,24,43
"60QG000461",160,42,118
"60QG000462",125,27,98
"60QG000463",140,37,103
"60QG000464",126,25,101
"60QG000465",98,9,89
"60QG000466",110,28,82
"60QG000467",50,18,32
"60QG000468",112,32,80
"60QG000469",161,35,126
"60QG000470",106,19,87
"60QG000471",107,25,82
"60QG000472",75,22,53
"60QG000473",85,16,69
"60QG000474",122,34,88
"60QG000475",94,16,78
"60QG000476",129,30,99
"60QG000477",135,26,109
"60QG000478",64,38,26
"60QG000479",64,31,33
"60QG000480",61,31,30
"60QG000481",57,27,30
"60QG000482",107,29,78
"60QG000483",124,26,98
"60QG000484",129,28,101
"60QG000485",60,26,34
"60QG000486",134,36,98
"60QG000487",140,43,97
"60QG000488",118,37,81
"60QG000489",163,26,137
"60QG000490",109,30,79
"60QG000491",71,35,36
"60QG000492",201,29,172
"60QG000493",79,42,37
"60QG000494",84,42,42
"60QG000495",85,39,46
"60QG000496",174,55,119
"60QG000497",98,56,42
"60QG000498",86,37,49
"60QG000499",89,56,33
"60QG000500",75,37,38
"60QG000501",63,33,30
"60QG000502",92,29,63
"60QG000503",110,24,86
"60QG000504",81,25,56
"60QG000505",180,63,117
"60QG000506",61,19,42
"60QG000507",67,16,51
"60QG000508",159,29,130
"60QG000509",72,10,62
"60QG000510",141,19,122
"60QG000511",156,21,135
"60QG000512",97,29,68
"60QG000513",106,25,81
"60QG000514",157,47,110
"60QG000515",123,35,88
"60QG000516",135,37,98
"60QG000517",192,45,147
"60QG000518",160,45,115
"60QG000519",135,20,115
"60QG000520",102,30,72
"60QG000521",109,26,83
"60QG000522",127,17,110
"60QG000523",84,35,49
"60QG000524",90,23,67
"60QG000525",82,26,56
"60QG000526",123,38,85
"60QG000527",132,45,87
"60QG000528",107,28,79
"60QG000529",102,27,75
"60QG000530",95,29,66
"60QG000531",93,33,60
"60QG000532",114,39,75
"60QG000533",181,48,133
"60QG000534",170,52,118
"60QG000535",132,47,85
"60QG000536",119,38,81
"60QG000537",91,29,62
"60QG000538",105,22,83
"60QG000539",189,42,147
"60QG000540",162,41,121
"60QG000541",151,58,93
"60QG000542",158,54,104
"60QG000543",118,49,69
"60QG000544",94,34,60
"60QG000545",115,32,83
"60QG000546",109,34,75
"60QG000547",102,35,67
"60QG000548",134,24,110
"60QG000549",61,29,32
"60QG000550",51,21,30
"60QG000551",102,23,79
"60QG000552",89,46,43
"60QG000553",197,46,151
"60QG000554",88,31,57
"60QG000555",170,34,136
"60QG000556",124,30,94
"60QG000557",171,35,136
"60QG000558",80,42,38
"60QG000559",123,31,92
"60QG000560",166,31,135
"60QG000561",103,33,70
"60QG000562",115,54,61
"60QG000563",120,15,105
"60QG000564",125,30,95
"60QG000565",108,15,93
"60QG000566",65,13,52
"60QG000567",78,18,60
"60QG000568",116,28,88
"60QG000569",71,30,41
"60QG000570",96,38,58
"60QG000571",103,25,78
"60QG000572",57,25,32
"60QG000573",151,59,92
"60QG000574",121,44,77
"60QG000575",238,163,75
"60QG000576",76,35,41
"60QG000577",135,37,98
"60QG000578",105,14,91
"60QG000579",158,55,103
"60QG000580",184,27,157
"60QG000581",65,15,50
"60QG000582",124,25,99
"60QG000583",104,26,78
"60QG000584",97,14,83
"60QG000585",111,27,84
"60QG000586",149,21,128
"60QG000587",53,13,40
"60QG000588",156,39,117
"60QG000589",107,30,77
"60QG000590",202,9,193
"60QG000591",140,45,95
"60QG000592",141,40,101
"60QG000593",74,24,50
"60QG000594",66,23,43
"60QG000595",91,40,51
"60QG000596",100,45,55
"60QG000597",137,51,86
"60QG000598",115,11,104
"60QG000599",123,21,102
"60QG000600",151,13,138
"60QG000601",136,29,107
"60QG000602",125,27,98
"60QG000603",249,38,211
"60QG000604",103,26,77
"60QG000605",169,30,139
"60QG000606",135,22,113
"60QG000607",99,30,69
"60QG000608",129,12,117
"60QG000609",185,15,170
"60QG000610",169,18,151
"60QG000611",156,14,142
"60QG000612",127,10,117
"60QG000613",156,7,149
"60QG000614",68,10,58
"60QG000615",96,9,87
"60QG000616",138,14,124
"60QG000617",125,16,109
"60QG000618",113,15,98
"60QG000619",108,10,98
"60QG000620",72,14,58
"60QG000621",69,9,60
"60QG000622",197,22,175
"60QG000623",130,12,118
"60QG000624",126,15,111
"60QG000625",100,26,74
"60QG000626",104,17,87
"60QG000627",89,8,81
"60QG000628",100,12,88
"60QG000629",196,45,151
"60QG000630",142,24,118
"60QG000631",130,26,104
"60QG000632",161,44,117
"60QG000633",117,40,77
"60QG000634",64,11,53
"60QG000635",88,30,58
"60QG000636",88,17,71
"60QG000637",150,23,127
"60QG000638",177,31,146
"60QG000639",149,19,130
"60QG000640",114,21,93
"60QG000641",194,22,172
"60QG000642",154,26,128
"60QG000643",168,27,141
"60QG000644",150,39,111
"60QG000645",99,30,69
"60QG000646",155,33,122
"60QG000647",88,23,65
"60QG000648",98,23,75
"60QG000649",136,51,85
"60QG000650",120,35,85
"60QG000651",166,39,127
"60QG000652",56,20,36
"60QG000653",79,22,57
"60QG000654",85,11,74
"60QG000655",75,23,52
"60QG000656",127,20,107
"60QG000657",109,26,83
"60QG000658",90,25,65
"60QG000659",108,27,81
"60QG000660",55,10,45
"60QG000661",172,42,130
"60QG000662",95,37,58
"60QG000663",112,27,85
"60QG000664",61,20,41
"60QG000665",130,42,88
"60QG000666",136,33,103
"60QG000667",133,16,117
"60QG000668",156,29,127
"60QG000669",79,19,60
"60QG000670",81,27,54
"60QG000671",103,48,55
"60QG000672",76,12,64
"60QG000673",130,45,85
"60QG000674",177,33,144
"60QG000675",126,17,109
"60QG000676",125,10,115
"60QG000677",120,31,89
"60QG000678",95,14,81
"60QG000679",110,31,79
"60QG000680",66,15,51
"60QG000681",85,20,65
"60QG000682",83,20,63
"60QG000683",72,10,62
"60QG000684",57,13,44
"60QG000685",72,17,55
"60QG000686",113,26,87
"60QG000687",57,17,40
"60QG000688",89,19,70
"60QG000689",66,9,57
"60QG000690",61,12,49
"60QG000691",109,14,95
"60QG000692",138,15,123
"60QG000693",100,10,90
"60QG000694",101,25,76
"60QG000695",70,18,52
"60QG000696",89,17,72
"60QG000697",114,40,74
"60QG000698",128,31,97
"60QG000699",71,29,42
"60QG000700",149,28,121
"60QG000701",77,6,71
"60QG000702",123,22,101
"60QG000703",92,21,71
"60QG000704",124,27,97
"60QG000705",58,12,46
"60QG000706",114,39,75
"60QG000707",97,29,68
"60QG000708",65,23,42
"60QG000709",61,26,35
"60QG000710",54,30,24
"60QG000711",62,31,31
"60QG000712",62,32,30
"60QG000713",56,31,25
"60QG000714",52,29,23
"60QG000715",58,25,33
"60QG000716",67,8,59
"60QG000717",81,14,67
"60QG000718",122,11,111
"60QG000719",78,3,75
"60QG000720",246,21,225
"60QG000721",125,2,123
"60QG000722",124,6,118
"60QG000723",111,16,95
"60QG000724",145,10,135
"60QG000725",108,5,103
"60QG000726",115,10,105
"60QG000727",184,11,173
"60QG000728",80,5,75
"60QG000729",76,16,60
"60QG000730",59,33,26
"60QG000731",63,24,39
"60QG000732",104,40,64
"60QG000733",187,21,166
"60QG000734",90,35,55
"60QG000735",68,30,38
"60QG000736",100,25,75
"60QG000737",91,23,68
"60QG000738",76,17,59
"60QG000739",165,47,118
"60QG000740",154,44,110
"60QG000741",94,33,61
"60QG000742",171,44,127
"60QG000743",75,9,66
"60QG000744",138,39,99
"60QG000745",79,13,66
"60QG000746",200,40,160
"60QG000747",134,28,106
"60QG000748",151,20,131
"60QG000749",222,29,193
"60QG000750",75,23,52
"60QG000751",130,35,95
"60QG000752",83,23,60
"60QG000753",128,24,104
"60QG000754",97,11,86
"60QG000755",141,37,104
"60QG000756",92,32,60
"60QG000757",65,12,53
"60QG000758",82,23,59
"60QG000759",89,27,62
"60QG000760",84,23,61
"60QG000761",97,39,58
"60QG000762",160,9,151
"60QG000763",56,5,51
"60QG000764",167,12,155
"60QG000765",73,28,45
"60QG000766",85,22,63
"60QG000767",77,23,54
"60QG000768",81,11,70
"60QG000769",76,27,49
"60QG000770",60,30,30
"60QG000771",100,9,91
"60QG000772",147,13,134
"60QG000773",175,25,150
"60QG000774",80,7,73
"60QG000775",69,31,38
"60QG000776",105,34,71
"60QG000777",123,41,82
"60QG000778",90,17,73
"60QG000779",99,31,68
"60QG000780",91,16,75
"60QG000781",68,15,53
"60QG000782",163,32,131
"60QG000783",99,23,76
"60QG000784",97,14,83
"60QG000785",102,9,93
"60QG000786",75,42,33
"60QG000787",208,19,189
"60QG000788",155,13,142
"60QG000789",142,5,137
"60QG000790",89,14,75
"60QG000791",101,11,90
"60QG000792",126,26,100
"60QG000793",99,21,78
"60QG000794",170,15,155
"60QG000795",68,20,48
"60QG000796",166,25,141
"60QG000797",117,9,108
"60QG000798",76,11,65
"60QG000799",128,23,105
"60QG000800",80,12,68
"60QG000801",142,15,127
"60RH000001",164,48,116
"60RH000002",72,9,63
"60RH000003",112,8,104
"60RH000004",182,65,117
"60RH000005",52,15,37
"60RH000006",184,43,141
"60RH000007",141,27,114
"60RH000008",202,18,184
"60RH000009",63,4,59
"60RH000010",98,7,91
"60RH000011",84,5,79
"60RH000012",68,9,59
"60RH000013",79,8,71
"60RH000014",81,12,69
"60RH000015",146,30,116
"60RH000016",65,5,60
"60RH000017",91,9,82
"60RH000018",76,18,58
"60RH000019",73,8,65
"60RH000020",64,10,54
"60RH000021",67,10,57
"60RH000022",89,16,73
"60RH000023",79,12,67
"60RH000024",53,16,37
"60RH000025",146,24,122
"60RH000026",205,49,156
"60RH000027",66,9,57
"60RH000028",66,12,54
"60RH000029",180,15,165
"60RH000030",94,7,87
"60RH000031",227,22,205
"60RH000032",73,19,54
"60RH000033",62,5,57
"60RH000034",97,12,85
"60RH000035",129,30,99
"60RH000036",181,31,150
"60RH000037",129,37,92
"60RH000038",145,43,102
"60RH000039",138,21,117
"60RH000040",129,18,111
"60RH000041",129,33,96
"60RH000042",153,34,119
"60RH000043",106,29,77
"60RH000044",140,27,113
"60RH000045",121,25,96
"60RH000046",160,48,112
"60RH000047",121,25,96
"60RH000048",85,35,50
"60RH000049",83,39,44
"60RH000050",106,19,87
"60RH000051",119,22,97
"60RH000052",123,21,102
"60RH000053",111,32,79
"60RH000054",116,33,83
"60RH000055",112,28,84
"60RH000056",98,6,92
"60RH000057",163,53,110
"60RH000058",128,43,85
"60RH000059",136,45,91
"60RH000060",115,28,87
"60RH000061",159,79,80
"60RH000062",84,28,56
"60RH000063",120,30,90
"60RH000064",118,24,94
"60RH000065",157,40,117
"60RH000066",111,33,78
"60RH000067",148,29,119
"60RH000068",126,45,81
"60RH000069",151,37,114
"60RH000070",162,37,125
"60RH000071",143,41,102
"60RH000072",148,32,116
"60RH000073",138,28,110
"60RH000074",183,44,139
"60RH000075",192,32,160
"60RH000076",69,11,58
"60RH000077",175,40,135
"60RH000078",148,32,116
"60RH000079",155,43,112
"60RH000080",180,34,146
"60RH000081",91,20,71
"60RH000082",123,33,90
"60RH000083",127,38,89
"60RH000084",104,25,79
"60RH000085",91,27,64
"60RH000086",191,42,149
"60RH000087",120,10,110
"60RH000088",177,56,121
"60RH000089",162,28,134
"60RH000090",127,32,95
"60RH000091",139,62,77
"60RH000092",143,27,116
"60RH000093",140,40,100
"60RH000094",131,31,100
"60RH000095",84,17,67
"60RH000096",142,15,127
"60RH000097",156,12,144
"60RH000098",50,21,29
"60RH000099",171,17,154
"60RH000100",136,25,111
"60RH000101",127,16,111
"60RH000102",82,30,52
"60RH000103",107,19,88
"60RH000104",143,20,123
"60RH000105",145,25,120
"60RH000106",185,29,156
"60RH000107",161,18,143
"60RH000108",184,23,161
"60RH000109",111,19,92
"60RH000110",99,31,68
"60RH000111",187,29,158
"60RH000112",147,27,120
"60RH000113",134,50,84
"60RH000114",117,35,82
"60RH000115",118,26,92
"60RH000116",96,37,59
"60RH000117",114,53,61
"60RH000118",101,35,66
"60RH000119",112,28,84
"60RH000120",122,40,82
"60RH000121",163,36,127
"60RH000122",134,17,117
"60RH000123",101,17,84
"60RH000124",136,22,114
"60RH000125",79,17,62
"60RH000126",161,14,147
"60RH000127",169,13,156
"60RH000128",127,19,108
"60RH000129",175,24,151
"60RH000130",164,11,153
"60RH000131",210,11,199
"60RH000132",113,22,91
"60RH000133",108,28,80
"60RH000134",85,25,60
"60RH000135",118,29,89
"60RH000136",94,26,68
"60RH000137",94,25,69
"60RH000138",90,23,67
"60RH000139",77,18,59
"60RH000140",87,21,66
"60RH000141",128,32,96
"60RH000142",140,35,105
"60RH000143",140,32,108
"60RH000144",147,44,103
"60RH000145",138,28,110
"60RH000146",95,23,72
"60RH000147",93,12,81
"60RH000148",162,50,112
"60RH000149",138,35,103
"60RH000150",105,30,75
"60RH000151",113,20,93
"60RH000152",123,25,98
"60RH000153",122,36,86
"60RH000154",116,35,81
"60RH000155",123,25,98
"60RH000156",65,27,38
"60RH000157",83,14,69
"60RH000158",103,45,58
"60RH000159",131,55,76
"60RH000160",197,39,158
"60RH000161",122,43,79
"60RH000162",128,45,83
"60RH000163",184,26,158
"60RH000164",153,52,101
"60RH000165",116,21,95
"60RH000166",96,12,84
"60RH000167",136,25,111
"60RH000168",87,30,57
"60RH000169",102,27,75
"60RH000170",97,25,72
"60RH000171",106,26,80
"60RH000172",128,34,94
"60RH000173",138,44,94
"60RH000174",104,24,80
"60RH000175",154,23,131
"60RH000176",135,19,116
"60RH000177",93,14,79
"60RH000178",139,48,91
"60RH000179",121,25,96
"60RH000180",114,25,89
"60RH000181",119,23,96
"60RH000182",172,60,112
"60RH000183",167,42,125
"60RH000184",178,35,143
"60RH000185",167,37,130
"60RH000186",117,30,87
"60RH000187",90,18,72
"60RH000188",148,35,113
"60RH000189",110,36,74
"60RH000190",120,31,89
"60RH000191",95,10,85
"60RH000192",125,30,95
"60RH000193",108,26,82
"60RH000194",194,53,141
"60RH000195",168,50,118
"60RH000196",119,25,94
"60RH000197",117,23,94
"60RH000198",119,23,96
"60RH000199",109,22,87
"60RH000200",141,16,125
"60RH000201",210,16,194
"60RH000202",114,11,103
"60RH000203",136,8,128
"60RH000204",98,7,91
"60RH000205",117,10,107
"60RH000206",141,14,127
"60RH000207",126,13,113
"60RH000208",116,5,111
"60RH000209",129,15,114
"60RH000210",128,12,116
"60RH000211",80,4,76
"60RH000212",105,6,99
"60RH000213",155,24,131
"60RH000214",124,10,114
"60RH000215",170,15,155
"60RH000216",124,4,120
"60RH000217",217,15,202
"60RH000218",140,13,127
"60RH000219",63,7,56
"60RH000220",172,34,138
"60RH000221",151,20,131
"60RH000222",125,27,98
"60RH000223",105,30,75
"60RH000224",119,30,89
"60RH000225",163,42,121
"60RH000226",75,27,48
"60RH000227",124,19,105
"60RH000228",151,37,114
"60RH000229",77,12,65
"60RH000230",143,48,95
"60RH000231",81,10,71
"60RH000232",142,36,106
"60RH000233",166,39,127
"60RH000234",83,15,68
"60RH000235",147,37,110
"60RH000236",91,17,74
"60RH000237",111,34,77
"60RH000238",51,11,40
"60RH000239",95,25,70
"60RH000240",150,30,120
"60RH000241",138,31,107
"60RH000242",131,29,102
"60RH000243",83,13,70
"60RH000244",152,27,125
"60RH000245",191,36,155
"60RH000246",110,28,82
"60RH000247",120,24,96
"60RH000248",187,43,144
"60RH000249",95,12,83
"60RH000250",59,5,54
"60RH000251",76,27,49
"60RH000252",143,38,105
"60RH000253",168,32,136
"60RH000254",212,46,166
"60RH000255",141,39,102
"60RH000256",180,46,134
"60RH000257",100,31,69
"60RH000258",165,44,121
"60RH000259",57,13,44
"60RH000260",139,30,109
"60RH000261",100,13,87
"60RH000262",154,18,136
"60RH000263",72,11,61
"60RH000264",98,7,91
"60RH000265",177,43,134
"60RH000266",148,37,111
"60RH000267",107,26,81
"60RH000268",134,14,120
"60RH000269",81,10,71
"60RH000270",95,25,70
"60RH000271",117,17,100
"60RH000272",79,7,72
"60RH000273",162,23,139
"60RH000274",60,3,57
"60RH000275",141,10,131
"60RH000276",191,89,102
"60RH000277",168,27,141
"60RH000278",111,22,89
"60RH000279",111,10,101
"60RH000280",127,38,89
"60RH000281",123,12,111
"60RH000282",160,28,132
"60RH000283",175,24,151
"60RH000284",195,30,165
"60RH000285",116,35,81
"60RH000286",93,31,62
"60RH000287",223,43,180
"60RH000288",174,36,138
"60RH000289",131,31,100
"60RH000290",149,26,123
"60RH000291",201,47,154
"60RH000292",115,31,84
"60RH000293",182,31,151
"60RH000294",174,39,135
"60RH000295",222,30,192
"60RH000296",161,30,131
"60RH000297",188,54,134
"60RH000298",138,33,105
"60RH000299",167,29,138
"60RH000300",166,43,123
"60RH000301",111,29,82
"60RH000302",153,30,123
"60RH000303",137,21,116
"60RH000304",120,24,96
"60RH000305",151,20,131
"60RH000306",100,7,93
"60RH000307",102,8,94
"60RH000308",145,26,119
"60RH000309",125,21,104
"60RH000310",208,28,180
"60RH000311",158,32,126
"60RH000312",161,23,138
"60RH000313",69,23,46
"60RH000314",144,24,120
"60RH000315",130,23,107
"60RH000316",100,28,72
"60RH000317",172,31,141
"60RH000318",129,33,96
"60RH000319",147,33,114
"60RH000320",192,38,154
"60RH000321",176,41,135
"60RH000322",149,26,123
"60RH000323",139,31,108
"60RH000324",116,30,86
"60RH000325",163,28,135
"60RH000326",160,28,132
"60RH000327",130,23,107
"60RH000328",106,15,91
"60RH000329",200,27,173
"60RH000330",182,37,145
"60RH000331",179,36,143
"60RH000332",118,41,77
"60RH000333",187,35,152
"60RH000334",130,37,93
"60RH000335",138,31,107
"60RH000336",183,35,148
"60RH000337",95,13,82
"60RH000338",171,32,139
"60RH000339",96,21,75
"60RH000340",114,25,89
"60RH000341",100,25,75
"60RH000342",137,34,103
"60RH000343",153,18,135
"60RH000344",112,18,94
"60RH000345",169,25,144
"60RH000346",153,24,129
"60RH000347",110,26,84
"60RH000348",131,13,118
"60RH000349",138,22,116
"60RH000350",112,21,91
"60RH000351",219,54,165
"60RH000352",143,12,131
"60RH000353",142,29,113
"60RH000354",167,34,133
"60RH000355",181,39,142
"60RH000356",141,28,113
"60RH000357",204,42,162
"60RH000358",163,19,144
"60RH000359",106,36,70
"60RH000360",129,23,106
"60RH000361",127,26,101
"60RH000362",101,21,80
"60RH000363",139,22,117
"60RH000364",214,32,182
"60RH000365",112,18,94
"60RH000366",154,25,129
"60RH000367",95,11,84
"60RH000368",133,19,114
"60RH000369",68,28,40
"60RH000370",185,31,154
"60RH000371",104,42,62
"60RH000372",206,46,160
"60RH000373",178,26,152
"60RH000374",156,16,140
"60RH000375",150,28,122
"60RH000376",203,64,139
"60RH000377",185,46,139
"60RH000378",106,36,70
"60RH000379",105,39,66
"60RH000380",114,23,91
"60RH000381",133,36,97
"60RH000382",92,12,80
"60RH000383",114,34,80
"60RH000384",99,21,78
"60RH000385",177,31,146
"60RH000386",143,22,121
"60RH000387",93,15,78
"60RH000388",104,13,91
"60RH000389",219,20,199
"60RH000390",183,30,153
"60RH000391",92,23,69
"60RH000392",138,11,127
"60RH000393",99,17,82
"60RH000394",143,17,126
"60RH000395",80,3,77
"60RH000396",111,18,93
"60RH000397",129,19,110
"60RH000398",127,10,117
"60RH000399",178,17,161
"60RH000400",131,32,99
"60RH000401",138,26,112
"60RH000402",214,19,195
"60RH000403",195,44,151
"60RH000404",200,27,173
"60RH000405",156,36,120
"60RH000406",167,25,142
"60RH000407",237,56,181
"60RH000408",149,36,113
"60RH000409",163,35,128
"60RH000410",186,26,160
"60RH000411",184,32,152
"60RH000412",208,30,178
"60RH000413",218,35,183
"60RH000414",135,23,112
"60RH000415",138,21,117
"60RH000416",178,18,160
"60RH000417",158,25,133
"60RH000418",209,39,170
"60RH000419",105,16,89
"60RH000420",157,23,134
"60RH000421",154,31,123
"60RH000422",151,36,115
"60RH000423",220,29,191
"60RH000424",165,33,132
"60RH000425",150,12,138
"60RH000426",184,30,154
"60RH000427",128,25,103
"60RH000428",188,39,149
"60RH000429",166,29,137
"60RH000430",136,28,108
"60RH000431",119,15,104
"60RH000432",147,31,116
"60RH000433",100,12,88
"60RH000434",153,34,119
"60RH000435",174,27,147
"60RH000436",146,30,116
"60RH000437",171,30,141
"60RH000438",179,41,138
"60RH000439",112,29,83
"60RH000440",179,15,164
"60RH000441",135,10,125
"60RH000442",159,24,135
"60RH000443",182,21,161
"60RH000444",91,6,85
"60RH000445",148,10,138
"60RH000446",145,17,128
"60RH000447",87,11,76
"60RH000448",184,24,160
"60RH000449",153,10,143
"60RH000450",150,7,143
"60RH000451",182,21,161
"60RH000452",125,34,91
"60RH000453",63,9,54
"60RH000454",74,8,66
"60RH000455",172,29,143
"60RH000456",105,31,74
"60RH000457",106,9,97
"60RH000458",76,8,68
"60RH000459",187,16,171
"60RH000460",158,11,147
"60RH000461",90,6,84
"60RH000462",136,30,106
"60RH000463",142,25,117
"60RH000464",140,24,116
"60RH000465",152,34,118
"60RH000466",163,12,151
"60RH000467",93,29,64
"60RH000468",172,40,132
"60RH000469",133,27,106
"60RH000470",196,44,152
"60RH000471",139,26,113
"60RH000472",81,30,51
"60RH000473",127,39,88
"60RH000474",103,22,81
"60RH000475",75,22,53
"60RH000476",117,25,92
"60RH000477",85,13,72
"60RH000478",157,21,136
"60RH000479",185,29,156
"60RH000480",88,23,65
"60RH000481",202,16,186
"60RH000482",111,9,102
"60RH000483",113,16,97
"60RH000484",128,9,119
"60RH000485",178,20,158
"60RH000486",122,9,113
"60RH000487",212,13,199
"60RH000488",203,20,183
"60RH000489",105,15,90
"60RH000490",159,38,121
"60RH000491",139,38,101
"60RH000492",101,29,72
"60RH000493",62,11,51
"60RH000494",118,34,84
"60RH000495",100,25,75
"60RH000496",132,66,66
"60RH000497",169,46,123
"60RH000498",131,47,84
"60RH000499",117,39,78
"60RH000500",108,22,86
"60RH000501",91,35,56
"60RH000502",142,37,105
"60RH000503",56,17,39
"60RH000504",151,17,134
"60RH000505",144,38,106
"60RH000506",86,25,61
"60RH000507",110,17,93
"60RH000508",102,33,69
"60RH000509",135,33,102
"60RH000510",87,19,68
"60RH000511",87,20,67
"60RH000512",76,20,56
"60RH000513",80,26,54
"60RH000514",79,25,54
"60RH000515",93,17,76
"60RH000516",139,35,104
"60RH000517",62,11,51
"60RH000518",186,28,158
"60RH000519",184,26,158
"60RH000520",133,35,98
"60RH000521",150,33,117
"60RH000522",91,21,70
"60RH000523",80,28,52
"60RH000524",130,29,101
"60RH000525",151,22,129
"60RH000526",57,15,42
"60RH000527",140,27,113
"60RH000528",142,33,109
"60RH000529",118,27,91
"60RH000530",157,53,104
"60RH000531",162,45,117
"60RH000532",154,44,110
"60RH000533",134,30,104
"60RH000534",153,31,122
"60RH000535",77,33,44
"60RH000536",79,18,61
"60RH000537",153,31,122
"60RH000538",150,36,114
"60RH000539",144,27,117
"60RH000540",89,30,59
"60RH000541",91,25,66
"60RH000542",129,42,87
"60RH000543",145,45,100
"60RH000544",90,27,63
"60RH000545",78,22,56
"60RH000546",113,47,66
"60RH000547",135,32,103
"60RH000548",122,25,97
"60RH000549",118,68,50
"60RH000550",122,32,90
"60RH000551",92,15,77
"60RH000552",170,40,130
"60RH000553",151,31,120
"60RH000554",103,23,80
"60RH000555",116,43,73
"60RH000556",133,40,93
"60RH000557",163,35,128
"60RH000558",60,19,41
"60RH000559",81,16,65
"60RH000560",111,24,87
"60RH000561",186,45,141
"60RH000562",66,24,42
"60RH000563",153,37,116
"60RH000564",107,28,79
"60RH000565",151,31,120
"60RH000566",115,33,82
"60RH000567",129,38,91
"60RH000568",108,42,66
"60RH000569",82,42,40
"60RH000570",126,44,82
"60RH000571",139,39,100
"60RH000572",117,25,92
"60RH000573",93,23,70
"60RH000574",113,35,78
"60RH000575",132,37,95
"60RH000576",90,26,64
"60RH000577",104,16,88
"60RH000578",82,23,59
"60RH000579",109,35,74
"60RH000580",79,23,56
"60RH000581",138,34,104
"60RH000582",165,40,125
"60RH000583",106,19,87
"60RH000584",99,18,81
"60RH000585",122,33,89
"60RH000586",96,14,82
"60RH000587",94,20,74
"60RH000588",118,19,99
"60RH000589",102,18,84
"60RH000590",73,6,67
"60RH000591",67,20,47
"60RH000592",94,8,86
"60RH000593",98,11,87
"60RH000594",125,19,106
"60RH000595",132,21,111
"60RH000596",144,12,132
"60RH000597",126,25,101
"60RH000598",133,35,98
"60RH000599",52,10,42
"60RH000600",73,42,31
"60RH000601",110,32,78
"60RH000602",73,7,66
"60RH000603",73,12,61
"60RH000604",96,18,78
"60RH000605",89,12,77
"60RH000606",78,22,56
"60RH000607",108,26,82
"60RH000608",131,29,102
"60RH000609",87,27,60
"60RH000610",69,14,55
"60RH000611",90,24,66
"60RH000612",101,13,88
"60RH000613",117,10,107
"60RH000614",146,25,121
"60RH000615",170,16,154
"60RH000616",113,21,92
"60RH000617",121,23,98
"60RH000618",125,19,106
"60RH000619",115,21,94
"60RH000620",115,20,95
"60RH000621",91,10,81
"60RH000622",127,29,98
"60RH000623",170,43,127
"60RH000624",134,26,108
"60RH000625",102,26,76
"60RH000626",130,18,112
"60RH000627",124,38,86
"60RH000628",75,17,58
"60RH000629",119,21,98
"60RH000630",97,24,73
"60RH000631",103,27,76
"60RH000632",180,45,135
"60RH000633",156,36,120
"60RH000634",131,29,102
"60RH000635",132,23,109
"60RH000636",103,23,80
"60RH000637",137,19,118
"60RH000638",105,13,92
"60RH000639",84,18,66
"60RH000640",96,17,79
"60RH000641",218,52,166
"60RH000642",138,25,113
"60RH000643",144,34,110
"60RH000644",121,25,96
"60RH000645",68,8,60
"60RH000646",157,36,121
"60RH000647",144,41,103
"60RH000648",190,37,153
"60RH000649",201,35,166
"60RH000650",61,16,45
"60RH000651",65,24,41
"60RH000652",109,16,93
"60RH000653",98,8,90
"60RH000654",76,18,58
"60RH000655",141,33,108
"60RH000656",122,19,103
"60RH000657",145,24,121
"60RH000658",135,26,109
"60RH000659",131,14,117
"60RH000660",153,22,131
"60RH000661",101,22,79
"60RH000662",124,37,87
"60RH000663",121,49,72
"60RH000664",139,28,111
"60RH000665",225,51,174
"60RH000666",155,39,116
"60RH000667",149,41,108
"60RH000668",138,44,94
"60RH000669",168,44,124
"60RH000670",133,49,84
"60RH000671",54,40,14
"60RH000672",94,39,55
"60RH000673",73,30,43
"60RH000674",120,29,91
"60RH000675",94,26,68
"60RH000676",134,27,107
"60RH000677",127,37,90
"60RH000678",111,29,82
"60RH000679",224,46,178
"60RH000680",132,21,111
"60RH000681",134,28,106
"60RH000682",155,30,125
"60RH000683",189,27,162
"60RH000684",162,27,135
"60RH000685",175,16,159
"60RH000686",102,4,98
"60RH000687",79,14,65
"60RH000688",51,12,39
"60RH000689",97,14,83
"60RH000690",120,18,102
"60RH000691",196,28,168
"60RH000692",104,36,68
"60RH000693",209,13,196
"60RH000694",92,23,69
"60RH000695",190,34,156
"60RH000696",182,22,160
"60RH000697",166,24,142
"60RH000698",155,24,131
"60RH000699",105,13,92
"60RH000700",151,15,136
"60RH000701",176,36,140
"60RH000702",103,29,74
"60RH000703",57,7,50
"60RH000704",125,38,87
"60RH000705",202,76,126
"60RH000706",73,48,25
"60RH000707",118,19,99
"60RH000708",84,32,52
"60RH000709",105,18,87
"60RH000710",77,12,65
"60RH000711",95,35,60
"60RH000712",97,39,58
"60RH000713",129,14,115
"60RH000714",180,33,147
"60RH000715",77,24,53
"60RH000716",223,32,191
"60RH000717",133,16,117
"60RH000718",62,8,54
"60RH000719",125,26,99
"60RH000720",146,28,118
"60RH000721",198,23,175
"60RH000722",87,20,67
"60RH000723",86,19,67
"60RH000724",173,16,157
"60RH000725",73,27,46
"60RH000726",133,45,88
"60RH000727",93,26,67
"60RH000728",84,16,68
"60RH000729",84,21,63
"60RH000730",100,15,85
"60RH000731",179,61,118
"60RH000732",133,25,108
"60RH000733",161,46,115
"60RH000734",126,32,94
"60RH000735",57,15,42
"60RH000736",53,7,46
"60RH000737",129,31,98
"60RH000738",106,12,94
"60RH000739",129,27,102
"60RH000740",101,56,45
"60RH000741",97,21,76
"60RH000742",136,14,122
"60RH000743",90,17,73
"60RH000744",108,15,93
"60RH000745",126,23,103
"60RH000746",61,11,50
"60RH000747",131,14,117
"60RH000748",137,37,100
"60RH000749",199,49,150
"60RH000750",173,37,136
"60RH000751",216,39,177
"60RH000752",202,36,166
"60RH000753",87,22,65
"60RH000754",110,29,81
"60RH000755",114,29,85
"60RH000756",99,22,77
"60RH000757",179,40,139
"60RH000758",76,23,53
"60RH000759",92,18,74
"60RH000760",96,12,84
"60RH000761",94,20,74
"60RH000762",146,39,107
"60RH000763",81,17,64
"60RH000764",52,14,38
"60RH000765",109,22,87
"60RH000766",68,13,55
"60RH000767",106,23,83
"60RH000768",112,25,87
"60RH000769",128,25,103
"60RH000770",198,39,159
"60RH000771",137,24,113
"60RH000772",106,11,95
"60RH000773",135,28,107
"60RH000774",94,24,70
"60RH000775",130,13,117
"60RH000776",172,15,157
"60RH000777",102,13,89
"60RH000778",143,18,125
"60RH000779",82,20,62
"60RH000780",107,25,82
"60RH000781",149,27,122
"60RH000782",129,20,109
"60RH000783",97,38,59
"60RH000784",117,31,86
"60RH000785",115,20,95
"60RH000786",90,22,68
"60RH000787",157,25,132
"60RH000788",171,13,158
"60RH000789",172,9,163
"60RH000790",175,3,172
"60RH000791",117,10,107
"60RH000792",126,10,116
"60RH000793",149,7,142
"60RH000794",121,24,97
"60RH000795",123,22,101
"60RH000796",115,17,98
"60RH000797",213,38,175
"60RH000798",102,33,69
"60RH000799",110,17,93
"60RH000800",114,21,93
"60RH000801",135,23,112
"60RH000802",133,16,117
"60RH000803",107,23,84
"60RH000804",94,26,68
"60RH000805",139,39,100
"60RH000806",129,14,115
"60RH000807",80,6,74
"60RH000808",136,8,128
"60RH000809",131,49,82
"60RH000810",173,20,153
"60RH000811",137,17,120
"60RH000812",159,18,141
"60RH000813",147,5,142
"60RH000814",149,10,139
"60RH000815",114,16,98
"60RH000816",249,15,234
"60RH000817",194,18,176
"60RH000818",118,14,104
"60RH000819",188,12,176
"60RH000820",155,13,142
"60RH000821",95,8,87
"60RH000822",305,8,297
"60RH000823",128,11,117
"60RH000824",130,12,118
"60RH000825",104,11,93
"60RH000826",139,23,116
"60RH000827",148,24,124
"60RH000828",83,18,65
"60RH000829",175,29,146
"60RH000830",158,26,132
"60RH000831",98,18,80
"60RH000832",82,19,63
"60RH000833",129,26,103
"60RH000834",124,22,102
"60RH000835",122,20,102
"60RH000836",127,31,96
"60RH000837",92,32,60
"60RH000838",115,13,102
"60RH000839",121,48,73
"60RH000840",103,37,66
"60RH000841",78,11,67
"60RH000842",126,28,98
"60RH000843",99,22,77
"60RH000844",94,7,87
"60RH000845",121,18,103
"60RH000846",122,10,112
"60RH000847",121,17,104
"60RH000848",138,11,127
"60RH000849",148,13,135
"60RH000850",116,9,107
"60RH000851",160,12,148
"60RH000852",115,12,103
"60RH000853",162,14,148
"60RH000854",207,12,195
"60RH000855",205,14,191
"60RH000856",212,14,198
"60RH000857",140,6,134
"60RH000858",139,11,128
"60RH000859",81,10,71
"60RH000860",275,11,264
"60RH000861",175,7,168
"60RH000862",211,22,189
"60RH000863",110,24,86
"60RH000864",110,18,92
"60RH000865",105,25,80
"60RH000866",82,25,57
"60RH000867",120,21,99
"60RH000868",110,21,89
"60RH000869",128,25,103
"60RH000870",135,19,116
"60RH000871",109,26,83
"60RH000872",127,14,113
"60RH000873",107,32,75
"60RH000874",120,25,95
"60RH000875",56,14,42
"60RH000876",77,9,68
"60RH000877",84,6,78
"60RH000878",76,10,66
"60RH000879",100,23,77
"60RH000880",65,22,43
"60RH000881",92,18,74
"60RH000882",181,69,112
"60RH000883",54,13,41
"60RH000884",113,20,93
"60RH000885",138,5,133
"60RH000886",254,16,238
"60RH000887",113,22,91
"60RH000888",146,13,133
"60RH000889",109,6,103
"60RH000890",65,7,58
"60RH000891",76,2,74
"60RH000892",105,14,91
"60RH000893",186,20,166
"60RH000894",190,17,173
"60RH000895",89,25,64
"60RH000896",99,8,91
"60RH000897",97,11,86
"60RH000898",54,16,38
"60RH000899",64,11,53
"60RH000900",169,22,147
"60RH000901",122,29,93
"60RH000902",110,15,95
"60RH000903",162,20,142
"60RH000904",119,34,85
"60RH000905",104,30,74
"60RH000906",63,5,58
"60RH000907",97,6,91
"60RH000908",118,16,102
"60RH000909",152,15,137
"60RH000910",148,22,126
"60RH000911",92,19,73
"60RH000912",78,20,58
"60RH000913",96,10,86
"60RH000914",192,67,125
"60RH000915",59,10,49
"60RH000916",83,42,41
"60RH000917",67,8,59
"60RH000918",54,16,38
"60RH000919",84,20,64
"60RH000920",170,18,152
"60RH000921",55,21,34
"60RH000922",102,23,79
"60RH000923",74,28,46
"60RH000924",75,12,63
"60RH000925",123,30,93
"60RH000926",141,9,132
"60RH000927",116,28,88
"60RH000928",113,14,99
"60RH000929",104,9,95
"60RH000930",144,39,105
"60RH000931",181,16,165
"60RH000932",108,11,97
"60RH000933",94,15,79
"60RH000934",99,13,86
"60RH000935",160,20,140
"60RH000936",210,15,195
"60RH000937",51,7,44
"60RH000938",107,10,97
"60RH000939",132,30,102
"60RH000940",94,15,79
"60RH000941",137,12,125
"60RH000942",167,48,119
"60RH000943",57,14,43
"60RH000944",63,9,54
"60RH000945",102,25,77
"60RH000946",62,9,53
"60RH000947",56,14,42
"60RH000948",125,20,105
"60RH000949",115,20,95
"60RH000950",129,26,103
"60RH000951",55,5,50
"60RH000952",129,11,118
"60RH000953",117,25,92
"60RH000954",115,6,109
"60RH000955",144,16,128
"60RH000956",80,24,56
"60RH000957",146,24,122
"60RH000958",109,26,83
"60RH000959",120,20,100
"60RH000960",69,17,52
"60RH000961",144,54,90
"60RH000962",98,26,72
"60RH000963",111,22,89
"60RH000964",127,2,125
"60RH000965",166,4,162
"60RH000966",145,30,115
"60RH000967",73,12,61
"60RH000968",60,11,49
"60RH000969",139,29,110
"60RH000970",77,13,64
"60RH000971",144,18,126
"60RH000972",77,14,63
"60RH000973",146,25,121
"60RH000974",162,19,143
"60RH000975",50,6,44
"60RH000976",61,18,43
"60RH000977",133,31,102
"60RH000978",124,22,102
"60RH000979",74,10,64
"60RH000980",122,32,90
"60RH000981",93,22,71
"60RH000982",137,14,123
"60RH000983",137,61,76
"60RH000984",100,32,68
"60RH000985",70,20,50
"60RH000986",116,31,85
"60RH000987",90,12,78
"60RH000988",59,8,51
"60RH000989",180,19,161
"60RH000990",99,24,75
"60RH000991",110,16,94
"60RH000992",62,23,39
"60RH000993",82,28,54
"60RH000994",140,23,117
"60RH000995",109,10,99
"60RH000996",95,21,74
"60RH000997",126,23,103
"60RH000998",135,16,119
"60RH000999",118,13,105
"60RH001000",191,9,182
"60RH001001",83,3,80
"60RH001002",139,3,136
"60RH001003",208,25,183
"60RH001004",181,7,174
"60RH001005",218,9,209
"60RH001006",194,15,179
"60RH001007",169,10,159
"60RH001008",156,18,138
"60RH001009",178,11,167
"60RH001010",223,32,191
"60RH001011",54,10,44
"60RH001012",134,13,121
"60RH001013",123,18,105
"60RH001014",202,13,189
"60RH001015",73,4,69
"60RH001016",111,19,92
"60RH001017",103,10,93
"60RH001018",144,17,127
"60RH001019",72,18,54
"60RH001020",77,17,60
"60RH001021",116,35,81
"60RH001022",69,24,45
"60RH001023",90,23,67
"60RH001024",106,11,95
"60RH001025",88,21,67
"60RH001026",120,29,91
"60RH001027",126,31,95
"60RH001028",96,12,84
"60RH001029",166,34,132
"60RH001030",108,19,89
"60RH001031",89,19,70
"60RH001032",84,15,69
"60RH001033",177,21,156
"60RH001034",164,40,124
"60RH001035",116,21,95
"60RH001036",172,20,152
"60RH001037",77,19,58
"60RH001038",181,17,164
"60RH001039",184,5,179
"60RH001040",74,6,68
"60RH001041",184,18,166
"60RH001042",109,10,99
"60RH001043",59,1,58
"60RH001044",81,16,65
"60RH001045",107,24,83
"60RH001046",65,19,46
"60RH001047",163,27,136
"60RH001048",158,25,133
"60RH001049",85,26,59
"60RH001050",193,42,151
"60RH001051",94,19,75
"60RH001052",95,25,70
"60RH001053",90,13,77
"60RH001054",155,16,139
"60RH001055",130,28,102
"60RH001056",119,29,90
"60RH001057",97,8,89
"60RH001058",237,13,224
"60RH001059",214,15,199
"60RH001060",163,11,152
"60RH001061",107,5,102
"60RH001062",125,5,120
"60RH001063",103,8,95
"60RH001064",142,22,120
"60RH001065",68,4,64
"60RH001066",147,8,139
"60RH001067",231,17,214
"60RH001068",208,12,196
"60RH001069",184,11,173
"60RH001070",156,10,146
"60RH001071",184,18,166
"60RH001072",80,7,73
"60RH001073",144,34,110
"60RH001074",117,28,89
"60RH001075",240,139,101
"60RH001076",90,20,70
"60RH001077",91,26,65
"60RH001078",152,25,127
"60RH001079",91,15,76
"60RH001080",174,37,137
"60RH001081",231,14,217
"60RH001082",189,16,173
"60RH001083",71,17,54
"60RH001084",139,22,117
"60RH001085",108,20,88
"60RH001086",90,12,78
"60RH001087",159,2,157
"60RH001088",120,23,97
"60RH001089",182,16,166
"60RH001090",89,9,80
"60RH001091",220,56,164
"60RH001092",105,17,88
"60RH001093",197,12,185
"60RH001094",152,7,145
"60RH001095",229,15,214
"60RH001096",242,16,226
"60RH001097",163,20,143
"60RH001098",129,3,126
"60RH001099",217,21,196
"60RH001100",164,5,159
"60RH001101",92,4,88
"60RH001102",195,9,186
"60RH001103",137,15,122
"60RH001104",150,11,139
"60RH001105",121,13,108
"60RH001106",128,13,115
"60RH001107",77,7,70
"60RH001108",172,10,162
"60RH001109",169,57,112
"60RH001110",160,24,136
"60RH001111",103,5,98
"60RH001112",154,35,119
"60RH001113",99,48,51
"60RH001114",67,17,50
"60RH001115",129,43,86
"60RH001116",102,29,73
"60RH001117",90,26,64
"60RH001118",159,22,137
"60RH001119",202,16,186
"60RH001120",150,23,127
"60RH001121",85,19,66
"60RH001122",173,34,139
"60RH001123",164,7,157
"60RH001124",146,30,116
"60RH001125",79,15,64
"60RH001126",67,14,53
"60RH001127",139,23,116
"60RH001128",81,33,48
"60RH001129",74,27,47
"60RH001130",129,14,115
"60RH001131",60,22,38
"60RH001132",145,10,135
"60RH001133",143,8,135
"60RH001134",125,20,105
"60RH001135",93,10,83
"60RH001136",154,12,142
"60RH001137",80,21,59
"60RH001138",110,28,82
"60RH001139",95,19,76
"60RH001140",133,19,114
"60RH001141",51,36,15
"60RH001142",68,17,51
"60RH001143",145,15,130
"60RH001144",297,70,227
"60RH001145",80,28,52
"60RH001146",95,39,56
"60RH001147",89,16,73
"60RH001148",107,14,93
"60RH001149",99,20,79
"60RH001150",151,19,132
"60RH001151",127,6,121
"60RH001152",184,18,166
"60RH001153",107,16,91
"60RH001154",97,18,79
"60RH001155",126,9,117
"60RH001156",122,16,106
"60RH001157",198,13,185
"60RH001158",52,7,45
"60RH001159",142,28,114
"60RH001160",61,5,56
"60RH001161",178,24,154
"60RH001162",104,32,72
"60RH001163",127,37,90
"60RH001164",86,12,74
"60RH001165",134,20,114
"60RH001166",119,10,109
"60RH001167",134,4,130
"60RH001168",82,7,75
"60RH001169",143,13,130
"60RH001170",144,12,132
"60RH001171",143,9,134
"60RH001172",78,22,56
"60RH001173",100,28,72
"60RH001174",231,31,200
"60RH001175",71,17,54
"60RH001176",153,54,99
"60RH001177",138,47,91
"60RH001178",96,18,78
"60RH001179",141,7,134
"60RH001180",172,23,149
"60RH001181",89,10,79
"60RH001182",105,4,101
"60RH001183",121,17,104
"60RH001184",142,7,135
"60RH001185",176,8,168
"60RH001186",186,8,178
"60RH001187",71,2,69
"60RH001188",107,11,96
"60RH001189",115,17,98
"60RH001190",120,26,94
"60RH001191",93,23,70
"60RH001192",97,17,80
"60RH001193",133,26,107
"60RH001194",106,24,82
"60RH001195",101,13,88
"60RH001196",98,8,90
"60RH001197",139,15,124
"60RH001198",121,8,113
"60RH001199",202,9,193
"60RH001200",202,7,195
"60RH001201",258,86,172
"60RH001202",71,10,61
"60RH001203",162,10,152
"60RH001204",75,14,61
"60RH001205",143,53,90
"60RH001206",109,9,100
"60RH001207",112,25,87
"60RH001208",183,64,119
"60RH001209",171,5,166
"60RH001210",114,7,107
"60RH001211",209,50,159
"60RH001212",81,18,63
"60RH001213",201,28,173
"60RH001214",188,44,144
"60RH001215",116,10,106
"60RH001216",151,11,140
"60RH001217",172,12,160
"60RH001218",190,35,155
"60RH001219",110,7,103
"60RH001220",82,4,78
"60RH001221",135,8,127
"60RH001222",130,18,112
"60RH001223",146,7,139
"60RH001224",119,7,112
"60RH001225",161,13,148
"60RH001226",141,8,133
"60RH001227",160,16,144
"60RH001228",81,4,77
"60RH001229",79,8,71
"60RH001230",110,16,94
"60RH001231",108,5,103
"60RH001232",165,18,147
"60RH001233",76,14,62
"60RH001234",77,5,72
"60RH001235",195,15,180
"60RH001236",196,37,159
"60RH001237",227,12,215
"60RH001238",72,17,55
