dz_2001,total,house,nonhouse
S01000001,852,463,389
S01000002,678,658,20
S01000003,788,655,133
S01000004,612,520,92
S01000005,643,255,388
S01000006,577,434,143
S01000007,749,712,37
S01000008,580,428,152
S01000009,681,654,27
S01000010,514,461,53
S01000011,940,926,14
S01000012,1528,1479,49
S01000013,836,683,153
S01000014,881,810,71
S01000015,669,587,82
S01000016,467,442,25
S01000017,848,789,59
S01000018,520,479,41
S01000019,568,518,50
S01000020,711,534,177
S01000021,861,776,85
S01000022,627,596,31
S01000023,762,732,30
S01000024,496,485,11
S01000025,807,783,24
S01000026,820,417,403
S01000027,798,734,64
S01000028,919,636,283
S01000029,729,718,11
S01000030,449,296,153
S01000031,941,665,276
S01000032,1063,858,205
S01000033,802,278,524
S01000034,1237,1161,76
S01000035,981,697,284
S01000036,674,586,88
S01000037,705,278,427
S01000038,675,560,115
S01000039,902,493,409
S01000040,932,516,416
S01000041,818,519,299
S01000042,748,453,295
S01000043,892,294,598
S01000044,955,369,586
S01000045,569,553,16
S01000046,754,711,43
S01000047,805,128,677
S01000048,960,749,211
S01000049,713,610,103
S01000050,703,578,125
S01000051,797,772,25
S01000052,627,323,304
S01000053,1058,523,535
S01000054,801,704,97
S01000055,724,237,487
S01000056,1014,966,48
S01000057,699,450,249
S01000058,694,577,117
S01000059,957,690,267
S01000060,634,274,360
S01000061,1000,789,211
S01000062,1038,377,661
S01000063,910,664,246
S01000064,623,286,337
S01000065,1002,473,529
S01000066,806,214,592
S01000067,1065,667,398
S01000068,851,498,353
S01000069,718,111,607
S01000070,658,237,421
S01000071,812,64,748
S01000072,907,702,205
S01000073,626,604,22
S01000074,870,92,778
S01000075,539,123,416
S01000076,721,715,6
S01000077,909,596,313
S01000078,1097,70,1027
S01000079,1422,339,1083
S01000080,1013,252,761
S01000081,889,658,231
S01000082,904,268,636
S01000083,772,453,319
S01000084,843,79,764
S01000085,513,40,473
S01000086,678,248,430
S01000087,1020,636,384
S01000088,916,135,781
S01000089,909,895,14
S01000090,769,254,515
S01000091,1032,147,885
S01000092,906,45,861
S01000093,705,114,591
S01000094,712,35,677
S01000095,712,181,531
S01000096,690,383,307
S01000097,977,628,349
S01000098,1168,122,1046
S01000099,811,712,99
S01000100,797,72,725
S01000101,886,465,421
S01000102,795,48,747
S01000103,628,89,539
S01000104,901,753,148
S01000105,870,699,171
S01000106,724,528,196
S01000107,1268,51,1217
S01000108,706,179,527
S01000109,1017,85,932
S01000110,826,733,93
S01000111,783,391,392
S01000112,980,96,884
S01000113,607,360,247
S01000114,763,263,500
S01000115,838,492,346
S01000116,923,86,837
S01000117,985,662,323
S01000118,692,415,277
S01000119,835,59,776
S01000120,566,197,369
S01000121,703,536,167
S01000122,701,396,305
S01000123,669,653,16
S01000124,850,47,803
S01000125,648,50,598
S01000126,945,62,883
S01000127,766,587,179
S01000128,1078,26,1052
S01000129,550,26,524
S01000130,1557,84,1473
S01000131,622,254,368
S01000132,748,178,570
S01000133,878,680,198
S01000134,728,399,329
S01000135,687,20,667
S01000136,675,443,232
S01000137,954,130,824
S01000138,830,56,774
S01000139,790,724,66
S01000140,853,809,44
S01000141,824,460,364
S01000142,685,410,275
S01000143,618,610,8
S01000144,730,41,689
S01000145,815,575,240
S01000146,1537,67,1470
S01000147,1000,92,908
S01000148,605,253,352
S01000149,1180,92,1088
S01000150,619,472,147
S01000151,865,223,642
S01000152,1188,357,831
S01000153,963,34,929
S01000154,524,516,8
S01000155,739,600,139
S01000156,1019,84,935
S01000157,691,112,579
S01000158,926,482,444
S01000159,910,859,51
S01000160,761,728,33
S01000161,915,294,621
S01000162,830,412,418
S01000163,1049,870,179
S01000164,530,10,520
S01000165,904,83,821
S01000166,1146,369,777
S01000167,682,507,175
S01000168,974,847,127
S01000169,712,570,142
S01000170,1125,415,710
S01000171,1079,1050,29
S01000172,471,250,221
S01000173,849,399,450
S01000174,900,887,13
S01000175,536,50,486
S01000176,582,4,578
S01000177,559,184,375
S01000178,774,672,102
S01000179,877,42,835
S01000180,645,625,20
S01000181,606,531,75
S01000182,916,894,22
S01000183,1127,131,996
S01000184,737,415,322
S01000185,878,27,851
S01000186,948,499,449
S01000187,627,585,42
S01000188,730,167,563
S01000189,623,438,185
S01000190,835,764,71
S01000191,1223,472,751
S01000192,752,154,598
S01000193,717,613,104
S01000194,872,176,696
S01000195,723,215,508
S01000196,1005,467,538
S01000197,587,543,44
S01000198,831,284,547
S01000199,853,88,765
S01000200,833,47,786
S01000201,622,47,575
S01000202,1001,204,797
S01000203,712,65,647
S01000204,577,408,169
S01000205,830,233,597
S01000206,704,628,76
S01000207,928,36,892
S01000208,956,360,596
S01000209,1391,358,1033
S01000210,684,124,560
S01000211,747,250,497
S01000212,754,445,309
S01000213,740,62,678
S01000214,460,438,22
S01000215,1035,952,83
S01000216,654,507,147
S01000217,810,286,524
S01000218,666,644,22
S01000219,851,144,707
S01000220,692,160,532
S01000221,734,178,556
S01000222,737,662,75
S01000223,607,361,246
S01000224,806,770,36
S01000225,576,533,43
S01000226,599,447,152
S01000227,1253,958,295
S01000228,827,226,601
S01000229,822,429,393
S01000230,618,359,259
S01000231,694,596,98
S01000232,615,474,141
S01000233,496,276,220
S01000234,697,600,97
S01000235,737,659,78
S01000236,672,568,104
S01000237,816,781,35
S01000238,493,407,86
S01000239,691,652,39
S01000240,634,586,48
S01000241,599,590,9
S01000242,744,584,160
S01000243,649,639,10
S01000244,1139,669,470
S01000245,959,935,24
S01000246,689,681,8
S01000247,655,646,9
S01000248,741,629,112
S01000249,650,641,9
S01000250,770,760,10
S01000251,465,458,7
S01000252,790,713,77
S01000253,651,637,14
S01000254,832,739,93
S01000255,586,480,106
S01000256,805,732,73
S01000257,906,722,184
S01000258,608,576,32
S01000259,611,557,54
S01000260,865,848,17
S01000261,892,791,101
S01000262,913,786,127
S01000263,746,653,93
S01000264,909,638,271
S01000265,712,527,185
S01000266,1240,984,256
S01000267,641,504,137
S01000268,813,795,18
S01000269,626,616,10
S01000270,1031,1018,13
S01000271,877,804,73
S01000272,1122,1025,97
S01000273,620,613,7
S01000274,678,556,122
S01000275,1435,1321,114
S01000276,782,769,13
S01000277,703,617,86
S01000278,577,396,181
S01000279,875,861,14
S01000280,761,719,42
S01000281,675,603,72
S01000282,735,715,20
S01000283,1090,1062,28
S01000284,1264,1248,16
S01000285,719,716,3
S01000286,914,512,402
S01000287,676,567,109
S01000288,807,799,8
S01000289,884,722,162
S01000290,813,500,313
S01000291,884,859,25
S01000292,1003,798,205
S01000293,841,397,444
S01000294,648,630,18
S01000295,538,536,2
S01000296,952,791,161
S01000297,729,700,29
S01000298,1131,1098,33
S01000299,972,914,58
S01000300,759,746,13
S01000301,506,467,39
S01000302,625,619,6
S01000303,566,561,5
S01000304,829,828,1
S01000305,1040,1020,20
S01000306,790,776,14
S01000307,922,910,12
S01000308,1217,1187,30
S01000309,1188,1162,26
S01000310,942,890,52
S01000311,902,608,294
S01000312,512,446,66
S01000313,681,637,44
S01000314,551,514,37
S01000315,659,629,30
S01000316,889,815,74
S01000317,542,487,55
S01000318,549,545,4
S01000319,659,658,1
S01000320,671,546,125
S01000321,595,588,7
S01000322,992,904,88
S01000323,879,856,23
S01000324,835,823,12
S01000325,1291,1277,14
S01000326,805,762,43
S01000327,809,800,9
S01000328,534,534,0
S01000329,836,826,10
S01000330,1317,1279,38
S01000331,560,554,6
S01000332,733,649,84
S01000333,938,921,17
S01000334,875,829,46
S01000335,792,786,6
S01000336,1380,1204,176
S01000337,836,821,15
S01000338,490,468,22
S01000339,1194,1152,42
S01000340,1058,1025,33
S01000341,960,942,18
S01000342,474,466,8
S01000343,566,561,5
S01000344,992,970,22
S01000345,626,596,30
S01000346,643,573,70
S01000347,1544,1527,17
S01000348,730,618,112
S01000349,537,425,112
S01000350,1082,1047,35
S01000351,939,848,91
S01000352,699,650,49
S01000353,508,470,38
S01000354,1576,1405,171
S01000355,615,605,10
S01000356,642,638,4
S01000357,580,579,1
S01000358,889,869,20
S01000359,836,833,3
S01000360,529,506,23
S01000361,678,659,19
S01000362,971,888,83
S01000363,1178,1155,23
S01000364,928,914,14
S01000365,2070,2006,64
S01000366,2123,2092,31
S01000367,845,781,64
S01000368,1286,1147,139
S01000369,938,933,5
S01000370,1511,1489,22
S01000371,916,886,30
S01000372,913,812,101
S01000373,665,606,59
S01000374,647,645,2
S01000375,612,610,2
S01000376,826,811,15
S01000377,852,786,66
S01000378,543,540,3
S01000379,655,653,2
S01000380,957,937,20
S01000381,1604,1562,42
S01000382,733,725,8
S01000383,1166,1095,71
S01000384,704,672,32
S01000385,622,515,107
S01000386,1260,1006,254
S01000387,871,835,36
S01000388,1053,1025,28
S01000389,861,849,12
S01000390,778,612,166
S01000391,694,465,229
S01000392,800,707,93
S01000393,878,750,128
S01000394,693,559,134
S01000395,800,783,17
S01000396,843,665,178
S01000397,934,790,144
S01000398,2408,2357,51
S01000399,594,299,295
S01000400,803,473,330
S01000401,904,895,9
S01000402,751,676,75
S01000403,768,571,197
S01000404,708,639,69
S01000405,522,521,1
S01000406,534,275,259
S01000407,595,491,104
S01000408,609,602,7
S01000409,579,563,16
S01000410,743,731,12
S01000411,702,696,6
S01000412,798,770,28
S01000413,865,837,28
S01000414,694,668,26
S01000415,927,878,49
S01000416,910,875,35
S01000417,1006,943,63
S01000418,718,704,14
S01000419,1517,1504,13
S01000420,1311,1213,98
S01000421,786,775,11
S01000422,906,869,37
S01000423,1026,1018,8
S01000424,743,737,6
S01000425,842,824,18
S01000426,826,813,13
S01000427,741,432,309
S01000428,663,609,54
S01000429,871,776,95
S01000430,488,403,85
S01000431,680,437,243
S01000432,876,848,28
S01000433,510,391,119
S01000434,602,591,11
S01000435,514,491,23
S01000436,629,611,18
S01000437,889,767,122
S01000438,590,590,0
S01000439,823,816,7
S01000440,1091,1075,16
S01000441,898,853,45
S01000442,843,834,9
S01000443,608,607,1
S01000444,2528,2450,78
S01000445,1201,1160,41
S01000446,951,936,15
S01000447,782,759,23
S01000448,859,850,9
S01000449,708,679,29
S01000450,553,481,72
S01000451,855,846,9
S01000452,559,559,0
S01000453,560,553,7
S01000454,443,406,37
S01000455,846,828,18
S01000456,1129,1081,48
S01000457,781,629,152
S01000458,930,916,14
S01000459,1011,787,224
S01000460,707,699,8
S01000461,857,588,269
S01000462,991,885,106
S01000463,731,721,10
S01000464,848,843,5
S01000465,665,654,11
S01000466,880,868,12
S01000467,614,574,40
S01000468,535,525,10
S01000469,641,636,5
S01000470,913,905,8
S01000471,837,802,35
S01000472,759,741,18
S01000473,661,545,116
S01000474,625,615,10
S01000475,727,660,67
S01000476,627,614,13
S01000477,674,668,6
S01000478,790,537,253
S01000479,843,649,194
S01000480,670,654,16
S01000481,2120,2074,46
S01000482,868,409,459
S01000483,978,611,367
S01000484,770,353,417
S01000485,952,895,57
S01000486,1118,380,738
S01000487,559,395,164
S01000488,624,555,69
S01000489,904,484,420
S01000490,540,494,46
S01000491,535,123,412
S01000492,951,664,287
S01000493,641,613,28
S01000494,551,380,171
S01000495,893,866,27
S01000496,529,520,9
S01000497,768,704,64
S01000498,520,508,12
S01000499,1020,994,26
S01000500,604,602,2
S01000501,576,537,39
S01000502,614,604,10
S01000503,494,492,2
S01000504,768,535,233
S01000505,722,702,20
S01000506,996,987,9
S01000507,986,812,174
S01000508,879,863,16
S01000509,1001,946,55
S01000510,665,621,44
S01000511,573,568,5
S01000512,990,928,62
S01000513,881,840,41
S01000514,941,931,10
S01000515,551,543,8
S01000516,883,858,25
S01000517,737,718,19
S01000518,957,913,44
S01000519,515,507,8
S01000520,1129,1103,26
S01000521,945,910,35
S01000522,665,657,8
S01000523,800,778,22
S01000524,697,692,5
S01000525,1014,983,31
S01000526,964,958,6
S01000527,685,674,11
S01000528,904,886,18
S01000529,799,775,24
S01000530,486,479,7
S01000531,574,570,4
S01000532,775,600,175
S01000533,713,710,3
S01000534,760,740,20
S01000535,1020,958,62
S01000536,494,486,8
S01000537,1056,1034,22
S01000538,740,659,81
S01000539,966,707,259
S01000540,713,629,84
S01000541,592,468,124
S01000542,647,589,58
S01000543,832,827,5
S01000544,667,639,28
S01000545,755,614,141
S01000546,860,811,49
S01000547,543,524,19
S01000548,1085,1034,51
S01000549,1168,1148,20
S01000550,471,468,3
S01000551,860,798,62
S01000552,540,522,18
S01000553,888,869,19
S01000554,679,663,16
S01000555,854,800,54
S01000556,812,806,6
S01000557,913,894,19
S01000558,496,328,168
S01000559,644,543,101
S01000560,1078,938,140
S01000561,1012,577,435
S01000562,847,687,160
S01000563,1122,530,592
S01000564,919,562,357
S01000565,796,731,65
S01000566,867,771,96
S01000567,824,756,68
S01000568,525,503,22
S01000569,759,692,67
S01000570,892,840,52
S01000571,776,358,418
S01000572,711,665,46
S01000573,538,532,6
S01000574,700,567,133
S01000575,640,550,90
S01000576,542,532,10
S01000577,543,472,71
S01000578,633,623,10
S01000579,859,833,26
S01000580,956,932,24
S01000581,700,671,29
S01000582,648,611,37
S01000583,939,904,35
S01000584,840,570,270
S01000585,1224,831,393
S01000586,722,711,11
S01000587,658,610,48
S01000588,558,480,78
S01000589,707,652,55
S01000590,788,664,124
S01000591,775,727,48
S01000592,865,798,67
S01000593,1428,1403,25
S01000594,1250,1243,7
S01000595,758,681,77
S01000596,795,784,11
S01000597,965,961,4
S01000598,1348,1275,73
S01000599,1145,1042,103
S01000600,776,769,7
S01000601,1232,1168,64
S01000602,743,692,51
S01000603,1022,1015,7
S01000604,914,893,21
S01000605,739,650,89
S01000606,820,257,563
S01000607,750,665,85
S01000608,1195,468,727
S01000609,1047,592,455
S01000610,804,229,575
S01000611,631,390,241
S01000612,1039,498,541
S01000613,1024,640,384
S01000614,678,599,79
S01000615,768,397,371
S01000616,1389,1234,155
S01000617,665,643,22
S01000618,815,780,35
S01000619,708,568,140
S01000620,1169,526,643
S01000621,1078,718,360
S01000622,768,549,219
S01000623,769,727,42
S01000624,616,498,118
S01000625,641,337,304
S01000626,804,353,451
S01000627,849,737,112
S01000628,580,511,69
S01000629,851,822,29
S01000630,738,570,168
S01000631,612,397,215
S01000632,539,524,15
S01000633,523,495,28
S01000634,735,567,168
S01000635,643,623,20
S01000636,521,511,10
S01000637,648,611,37
S01000638,560,526,34
S01000639,641,613,28
S01000640,717,707,10
S01000641,814,777,37
S01000642,908,861,47
S01000643,673,644,29
S01000644,711,703,8
S01000645,956,923,33
S01000646,782,711,71
S01000647,777,674,103
S01000648,884,740,144
S01000649,594,579,15
S01000650,712,611,101
S01000651,870,577,293
S01000652,744,648,96
S01000653,978,732,246
S01000654,921,555,366
S01000655,792,384,408
S01000656,799,412,387
S01000657,793,440,353
S01000658,606,243,363
S01000659,1321,1138,183
S01000660,970,901,69
S01000661,822,519,303
S01000662,734,720,14
S01000663,798,694,104
S01000664,851,805,46
S01000665,669,626,43
S01000666,528,518,10
S01000667,957,820,137
S01000668,864,428,436
S01000669,826,528,298
S01000670,668,490,178
S01000671,551,486,65
S01000672,713,570,143
S01000673,721,707,14
S01000674,1064,927,137
S01000675,714,707,7
S01000676,457,452,5
S01000677,877,571,306
S01000678,898,731,167
S01000679,779,282,497
S01000680,967,494,473
S01000681,990,278,712
S01000682,702,241,461
S01000683,546,366,180
S01000684,726,237,489
S01000685,873,556,317
S01000686,770,372,398
S01000687,827,734,93
S01000688,694,549,145
S01000689,648,636,12
S01000690,992,903,89
S01000691,808,681,127
S01000692,742,400,342
S01000693,1015,581,434
S01000694,701,593,108
S01000695,788,569,219
S01000696,774,341,433
S01000697,954,887,67
S01000698,619,449,170
S01000699,613,530,83
S01000700,806,782,24
S01000701,969,907,62
S01000702,514,444,70
S01000703,739,624,115
S01000704,885,852,33
S01000705,1131,1069,62
S01000706,859,852,7
S01000707,618,605,13
S01000708,558,542,16
S01000709,992,919,73
S01000710,1106,1076,30
S01000711,505,484,21
S01000712,610,450,160
S01000713,752,727,25
S01000714,986,963,23
S01000715,654,309,345
S01000716,500,106,394
S01000717,915,449,466
S01000718,810,561,249
S01000719,616,447,169
S01000720,766,734,32
S01000721,702,686,16
S01000722,846,757,89
S01000723,457,434,23
S01000724,763,685,78
S01000725,586,559,27
S01000726,755,737,18
S01000727,600,416,184
S01000728,649,576,73
S01000729,491,327,164
S01000730,457,272,185
S01000731,595,229,366
S01000732,533,120,413
S01000733,663,154,509
S01000734,797,534,263
S01000735,438,134,304
S01000736,730,304,426
S01000737,470,211,259
S01000738,448,285,163
S01000739,730,455,275
S01000740,650,504,146
S01000741,786,476,310
S01000742,642,583,59
S01000743,814,619,195
S01000744,738,333,405
S01000745,716,461,255
S01000746,786,490,296
S01000747,556,302,254
S01000748,465,283,182
S01000749,541,482,59
S01000750,679,548,131
S01000751,722,635,87
S01000752,977,659,318
S01000753,596,361,235
S01000754,729,411,318
S01000755,701,674,27
S01000756,983,632,351
S01000757,719,598,121
S01000758,1268,1114,154
S01000759,985,797,188
S01000760,531,416,115
S01000761,605,502,103
S01000762,610,602,8
S01000763,743,731,12
S01000764,676,523,153
S01000765,825,804,21
S01000766,699,417,282
S01000767,642,189,453
S01000768,783,110,673
S01000769,785,83,702
S01000770,703,426,277
S01000771,937,523,414
S01000772,640,352,288
S01000773,826,609,217
S01000774,831,812,19
S01000775,653,468,185
S01000776,572,563,9
S01000777,325,314,11
S01000778,450,343,107
S01000779,793,623,170
S01000780,844,726,118
S01000781,806,691,115
S01000782,680,669,11
S01000783,464,363,101
S01000784,778,713,65
S01000785,714,624,90
S01000786,749,556,193
S01000787,488,448,40
S01000788,650,519,131
S01000789,725,500,225
S01000790,470,415,55
S01000791,607,532,75
S01000792,664,583,81
S01000793,639,572,67
S01000794,861,580,281
S01000795,937,845,92
S01000796,426,402,24
S01000797,449,438,11
S01000798,484,441,43
S01000799,680,588,92
S01000800,916,845,71
S01000801,635,623,12
S01000802,770,718,52
S01000803,965,893,72
S01000804,843,752,91
S01000805,793,740,53
S01000806,808,781,27
S01000807,734,606,128
S01000808,713,673,40
S01000809,562,501,61
S01000810,731,659,72
S01000811,792,708,84
S01000812,1300,921,379
S01000813,771,677,94
S01000814,786,300,486
S01000815,520,150,370
S01000816,544,82,462
S01000817,865,354,511
S01000818,880,482,398
S01000819,825,789,36
S01000820,534,509,25
S01000821,785,411,374
S01000822,532,356,176
S01000823,464,266,198
S01000824,756,712,44
S01000825,723,689,34
S01000826,625,595,30
S01000827,736,716,20
S01000828,868,797,71
S01000829,684,661,23
S01000830,833,797,36
S01000831,841,815,26
S01000832,939,742,197
S01000833,1158,1112,46
S01000834,980,723,257
S01000835,774,686,88
S01000836,785,649,136
S01000837,984,355,629
S01000838,623,576,47
S01000839,1355,958,397
S01000840,686,597,89
S01000841,988,890,98
S01000842,867,835,32
S01000843,901,556,345
S01000844,774,496,278
S01000845,540,416,124
S01000846,680,305,375
S01000847,974,560,414
S01000848,651,618,33
S01000849,479,456,23
S01000850,699,300,399
S01000851,714,642,72
S01000852,717,569,148
S01000853,554,518,36
S01000854,846,744,102
S01000855,669,505,164
S01000856,512,508,4
S01000857,507,431,76
S01000858,910,728,182
S01000859,1129,1057,72
S01000860,853,306,547
S01000861,643,630,13
S01000862,523,510,13
S01000863,542,442,100
S01000864,1172,1129,43
S01000865,1033,801,232
S01000866,853,745,108
S01000867,895,577,318
S01000868,703,663,40
S01000869,595,586,9
S01000870,865,449,416
S01000871,782,704,78
S01000872,798,773,25
S01000873,2440,2299,141
S01000874,496,273,223
S01000875,1427,1200,227
S01000876,668,475,193
S01000877,674,263,411
S01000878,554,548,6
S01000879,936,806,130
S01000880,787,774,13
S01000881,642,496,146
S01000882,887,565,322
S01000883,813,485,328
S01000884,550,404,146
S01000885,478,475,3
S01000886,645,549,96
S01000887,723,617,106
S01000888,658,396,262
S01000889,686,453,233
S01000890,746,495,251
S01000891,856,803,53
S01000892,541,531,10
S01000893,625,614,11
S01000894,493,419,74
S01000895,916,757,159
S01000896,485,479,6
S01000897,678,640,38
S01000898,526,502,24
S01000899,829,799,30
S01000900,626,621,5
S01000901,603,570,33
S01000902,943,907,36
S01000903,997,920,77
S01000904,696,658,38
S01000905,690,661,29
S01000906,504,495,9
S01000907,734,479,255
S01000908,735,550,185
S01000909,897,826,71
S01000910,842,819,23
S01000911,1031,956,75
S01000912,653,610,43
S01000913,611,560,51
S01000914,695,688,7
S01000915,900,806,94
S01000916,1044,921,123
S01000917,677,664,13
S01000918,550,504,46
S01000919,631,559,72
S01000920,597,579,18
S01000921,661,639,22
S01000922,920,893,27
S01000923,862,842,20
S01000924,861,777,84
S01000925,1005,873,132
S01000926,953,818,135
S01000927,883,843,40
S01000928,978,933,45
S01000929,481,207,274
S01000930,540,296,244
S01000931,654,610,44
S01000932,992,839,153
S01000933,1032,865,167
S01000934,893,550,343
S01000935,767,626,141
S01000936,856,791,65
S01000937,548,380,168
S01000938,783,762,21
S01000939,738,630,108
S01000940,848,812,36
S01000941,478,342,136
S01000942,975,759,216
S01000943,830,822,8
S01000944,819,641,178
S01000945,737,608,129
S01000946,775,654,121
S01000947,685,636,49
S01000948,844,830,14
S01000949,610,595,15
S01000950,772,753,19
S01000951,858,738,120
S01000952,866,742,124
S01000953,874,866,8
S01000954,1102,1063,39
S01000955,627,622,5
S01000956,851,708,143
S01000957,540,526,14
S01000958,797,770,27
S01000959,697,657,40
S01000960,527,443,84
S01000961,841,821,20
S01000962,652,499,153
S01000963,843,735,108
S01000964,984,974,10
S01000965,642,504,138
S01000966,1041,998,43
S01000967,578,469,109
S01000968,977,961,16
S01000969,908,728,180
S01000970,788,733,55
S01000971,729,671,58
S01000972,916,903,13
S01000973,660,647,13
S01000974,1219,1204,15
S01000975,646,639,7
S01000976,505,498,7
S01000977,900,871,29
S01000978,820,799,21
S01000979,703,688,15
S01000980,672,639,33
S01000981,681,676,5
S01000982,711,701,10
S01000983,533,524,9
S01000984,620,602,18
S01000985,714,669,45
S01000986,588,530,58
S01000987,627,601,26
S01000988,565,564,1
S01000989,809,791,18
S01000990,808,787,21
S01000991,428,421,7
S01000992,1047,958,89
S01000993,799,799,0
S01000994,1050,978,72
S01000995,778,770,8
S01000996,1037,773,264
S01000997,891,881,10
S01000998,694,376,318
S01000999,650,628,22
S01001000,574,414,160
S01001001,549,536,13
S01001002,631,560,71
S01001003,828,816,12
S01001004,661,633,28
S01001005,844,791,53
S01001006,702,696,6
S01001007,917,480,437
S01001008,751,439,312
S01001009,614,522,92
S01001010,917,325,592
S01001011,585,584,1
S01001012,731,716,15
S01001013,699,537,162
S01001014,842,279,563
S01001015,456,233,223
S01001016,821,800,21
S01001017,858,677,181
S01001018,798,352,446
S01001019,1048,288,760
S01001020,548,461,87
S01001021,1012,741,271
S01001022,794,542,252
S01001023,998,974,24
S01001024,1777,1617,160
S01001025,1260,1126,134
S01001026,886,865,21
S01001027,906,875,31
S01001028,774,561,213
S01001029,754,455,299
S01001030,715,700,15
S01001031,957,944,13
S01001032,692,458,234
S01001033,695,474,221
S01001034,718,358,360
S01001035,509,355,154
S01001036,663,521,142
S01001037,854,675,179
S01001038,772,758,14
S01001039,539,520,19
S01001040,696,682,14
S01001041,680,668,12
S01001042,991,975,16
S01001043,664,660,4
S01001044,915,877,38
S01001045,656,655,1
S01001046,847,837,10
S01001047,818,808,10
S01001048,579,547,32
S01001049,629,614,15
S01001050,949,938,11
S01001051,638,601,37
S01001052,519,479,40
S01001053,763,706,57
S01001054,711,683,28
S01001055,819,697,122
S01001056,711,611,100
S01001057,602,586,16
S01001058,768,556,212
S01001059,660,639,21
S01001060,706,658,48
S01001061,729,690,39
S01001062,588,584,4
S01001063,884,843,41
S01001064,717,513,204
S01001065,756,589,167
S01001066,772,746,26
S01001067,780,774,6
S01001068,856,841,15
S01001069,856,837,19
S01001070,889,872,17
S01001071,690,679,11
S01001072,896,886,10
S01001073,1122,1039,83
S01001074,490,467,23
S01001075,896,887,9
S01001076,851,841,10
S01001077,913,845,68
S01001078,955,926,29
S01001079,552,536,16
S01001080,722,640,82
S01001081,580,516,64
S01001082,925,766,159
S01001083,807,706,101
S01001084,934,889,45
S01001085,833,738,95
S01001086,748,692,56
S01001087,476,465,11
S01001088,1009,874,135
S01001089,883,782,101
S01001090,869,389,480
S01001091,579,149,430
S01001092,1015,285,730
S01001093,835,251,584
S01001094,882,670,212
S01001095,662,132,530
S01001096,939,222,717
S01001097,665,503,162
S01001098,638,500,138
S01001099,1453,347,1106
S01001100,963,114,849
S01001101,1316,36,1280
S01001102,351,9,342
S01001103,701,531,170
S01001104,800,168,632
S01001105,781,737,44
S01001106,906,807,99
S01001107,948,134,814
S01001108,1665,218,1447
S01001109,1220,264,956
S01001110,808,176,632
S01001111,1056,276,780
S01001112,761,241,520
S01001113,961,197,764
S01001114,907,52,855
S01001115,742,97,645
S01001116,528,370,158
S01001117,539,158,381
S01001118,522,365,157
S01001119,951,250,701
S01001120,649,302,347
S01001121,644,195,449
S01001122,644,94,550
S01001123,971,619,352
S01001124,624,340,284
S01001125,363,145,218
S01001126,845,733,112
S01001127,762,287,475
S01001128,644,618,26
S01001129,935,335,600
S01001130,762,252,510
S01001131,472,185,287
S01001132,695,389,306
S01001133,1062,407,655
S01001134,849,614,235
S01001135,342,89,253
S01001136,1007,267,740
S01001137,967,201,766
S01001138,1406,285,1121
S01001139,753,414,339
S01001140,924,179,745
S01001141,516,196,320
S01001142,899,622,277
S01001143,737,577,160
S01001144,711,322,389
S01001145,579,171,408
S01001146,778,751,27
S01001147,694,66,628
S01001148,708,595,113
S01001149,637,319,318
S01001150,770,265,505
S01001151,578,125,453
S01001152,928,252,676
S01001153,730,584,146
S01001154,738,645,93
S01001155,588,472,116
S01001156,772,81,691
S01001157,756,727,29
S01001158,591,312,279
S01001159,689,432,257
S01001160,545,200,345
S01001161,541,378,163
S01001162,821,667,154
S01001163,723,167,556
S01001164,629,154,475
S01001165,786,209,577
S01001166,274,83,191
S01001167,794,722,72
S01001168,764,33,731
S01001169,1075,419,656
S01001170,819,293,526
S01001171,583,317,266
S01001172,583,126,457
S01001173,934,425,509
S01001174,643,92,551
S01001175,903,482,421
S01001176,843,725,118
S01001177,883,267,616
S01001178,792,316,476
S01001179,914,901,13
S01001180,689,53,636
S01001181,840,818,22
S01001182,895,457,438
S01001183,840,108,732
S01001184,853,652,201
S01001185,532,509,23
S01001186,709,690,19
S01001187,917,516,401
S01001188,773,39,734
S01001189,964,578,386
S01001190,683,655,28
S01001191,667,308,359
S01001192,952,61,891
S01001193,827,745,82
S01001194,884,822,62
S01001195,939,719,220
S01001196,960,70,890
S01001197,535,362,173
S01001198,744,595,149
S01001199,884,722,162
S01001200,1087,736,351
S01001201,667,225,442
S01001202,629,464,165
S01001203,766,348,418
S01001204,734,721,13
S01001205,723,450,273
S01001206,730,187,543
S01001207,754,729,25
S01001208,573,365,208
S01001209,547,536,11
S01001210,877,590,287
S01001211,1013,644,369
S01001212,590,229,361
S01001213,833,547,286
S01001214,705,179,526
S01001215,727,609,118
S01001216,889,598,291
S01001217,1147,1018,129
S01001218,812,694,118
S01001219,740,702,38
S01001220,505,372,133
S01001221,1366,1236,130
S01001222,1019,857,162
S01001223,701,643,58
S01001224,913,791,122
S01001225,919,893,26
S01001226,486,242,244
S01001227,707,663,44
S01001228,734,649,85
S01001229,696,558,138
S01001230,782,557,225
S01001231,634,479,155
S01001232,2362,2318,44
S01001233,959,352,607
S01001234,492,420,72
S01001235,848,809,39
S01001236,883,774,109
S01001237,552,369,183
S01001238,522,282,240
S01001239,603,280,323
S01001240,763,738,25
S01001241,606,268,338
S01001242,899,837,62
S01001243,1165,1049,116
S01001244,838,611,227
S01001245,850,835,15
S01001246,954,830,124
S01001247,565,494,71
S01001248,795,754,41
S01001249,676,573,103
S01001250,879,862,17
S01001251,548,304,244
S01001252,567,411,156
S01001253,708,383,325
S01001254,674,661,13
S01001255,871,861,10
S01001256,701,642,59
S01001257,799,702,97
S01001258,624,576,48
S01001259,803,758,45
S01001260,895,404,491
S01001261,895,364,531
S01001262,856,851,5
S01001263,449,445,4
S01001264,1931,1833,98
S01001265,586,584,2
S01001266,753,661,92
S01001267,938,704,234
S01001268,669,654,15
S01001269,505,482,23
S01001270,669,617,52
S01001271,705,473,232
S01001272,639,444,195
S01001273,723,369,354
S01001274,764,745,19
S01001275,598,462,136
S01001276,607,597,10
S01001277,773,698,75
S01001278,382,332,50
S01001279,687,675,12
S01001280,536,498,38
S01001281,724,437,287
S01001282,752,555,197
S01001283,526,515,11
S01001284,1009,952,57
S01001285,656,519,137
S01001286,468,459,9
S01001287,793,767,26
S01001288,920,832,88
S01001289,705,597,108
S01001290,646,567,79
S01001291,401,385,16
S01001292,803,479,324
S01001293,757,598,159
S01001294,628,560,68
S01001295,810,598,212
S01001296,616,260,356
S01001297,835,764,71
S01001298,808,579,229
S01001299,811,678,133
S01001300,1484,1343,141
S01001301,549,547,2
S01001302,788,731,57
S01001303,615,591,24
S01001304,1318,1286,32
S01001305,737,542,195
S01001306,711,688,23
S01001307,1143,1063,80
S01001308,922,874,48
S01001309,644,462,182
S01001310,742,551,191
S01001311,639,610,29
S01001312,730,425,305
S01001313,867,637,230
S01001314,738,597,141
S01001315,1019,976,43
S01001316,883,855,28
S01001317,916,840,76
S01001318,542,437,105
S01001319,645,489,156
S01001320,867,462,405
S01001321,578,561,17
S01001322,787,740,47
S01001323,597,503,94
S01001324,1003,604,399
S01001325,738,667,71
S01001326,869,752,117
S01001327,791,629,162
S01001328,878,750,128
S01001329,576,361,215
S01001330,816,806,10
S01001331,840,640,200
S01001332,874,700,174
S01001333,784,274,510
S01001334,833,810,23
S01001335,927,649,278
S01001336,828,769,59
S01001337,760,669,91
S01001338,728,481,247
S01001339,755,625,130
S01001340,745,731,14
S01001341,809,363,446
S01001342,928,747,181
S01001343,938,692,246
S01001344,751,595,156
S01001345,617,318,299
S01001346,709,549,160
S01001347,728,705,23
S01001348,655,533,122
S01001349,792,768,24
S01001350,660,445,215
S01001351,449,270,179
S01001352,761,690,71
S01001353,1419,1383,36
S01001354,780,538,242
S01001355,756,634,122
S01001356,634,455,179
S01001357,703,257,446
S01001358,915,720,195
S01001359,695,562,133
S01001360,1168,967,201
S01001361,645,442,203
S01001362,547,535,12
S01001363,559,97,462
S01001364,850,558,292
S01001365,607,515,92
S01001366,879,841,38
S01001367,701,513,188
S01001368,1173,1131,42
S01001369,933,729,204
S01001370,829,591,238
S01001371,605,254,351
S01001372,685,663,22
S01001373,602,449,153
S01001374,514,503,11
S01001375,631,621,10
S01001376,760,209,551
S01001377,777,548,229
S01001378,622,412,210
S01001379,1026,781,245
S01001380,781,238,543
S01001381,825,739,86
S01001382,657,153,504
S01001383,563,356,207
S01001384,923,678,245
S01001385,776,240,536
S01001386,858,562,296
S01001387,909,889,20
S01001388,1430,1119,311
S01001389,484,475,9
S01001390,759,728,31
S01001391,722,705,17
S01001392,786,637,149
S01001393,506,415,91
S01001394,430,215,215
S01001395,928,884,44
S01001396,718,611,107
S01001397,781,689,92
S01001398,780,760,20
S01001399,858,711,147
S01001400,868,812,56
S01001401,656,601,55
S01001402,818,809,9
S01001403,1249,1247,2
S01001404,657,645,12
S01001405,1167,1147,20
S01001406,2581,2540,41
S01001407,788,688,100
S01001408,881,669,212
S01001409,890,873,17
S01001410,998,943,55
S01001411,617,607,10
S01001412,896,749,147
S01001413,890,814,76
S01001414,642,330,312
S01001415,803,328,475
S01001416,720,652,68
S01001417,923,856,67
S01001418,831,730,101
S01001419,779,754,25
S01001420,1185,1142,43
S01001421,1124,990,134
S01001422,722,699,23
S01001423,790,591,199
S01001424,1072,789,283
S01001425,1694,1408,286
S01001426,749,680,69
S01001427,881,869,12
S01001428,864,588,276
S01001429,610,205,405
S01001430,946,804,142
S01001431,940,934,6
S01001432,655,634,21
S01001433,816,811,5
S01001434,869,809,60
S01001435,1018,1009,9
S01001436,972,964,8
S01001437,891,789,102
S01001438,613,609,4
S01001439,750,746,4
S01001440,878,873,5
S01001441,790,741,49
S01001442,685,679,6
S01001443,932,910,22
S01001444,913,856,57
S01001445,702,677,25
S01001446,908,899,9
S01001447,1240,803,437
S01001448,744,640,104
S01001449,599,552,47
S01001450,809,777,32
S01001451,699,672,27
S01001452,820,800,20
S01001453,835,815,20
S01001454,914,898,16
S01001455,771,656,115
S01001456,624,402,222
S01001457,904,819,85
S01001458,917,832,85
S01001459,905,891,14
S01001460,653,646,7
S01001461,856,854,2
S01001462,831,687,144
S01001463,516,431,85
S01001464,881,760,121
S01001465,691,574,117
S01001466,727,718,9
S01001467,812,808,4
S01001468,667,664,3
S01001469,860,742,118
S01001470,937,918,19
S01001471,752,602,150
S01001472,800,786,14
S01001473,769,521,248
S01001474,882,854,28
S01001475,610,525,85
S01001476,993,984,9
S01001477,933,914,19
S01001478,662,638,24
S01001479,635,447,188
S01001480,489,483,6
S01001481,874,824,50
S01001482,701,409,292
S01001483,1049,1041,8
S01001484,829,815,14
S01001485,614,580,34
S01001486,755,636,119
S01001487,665,569,96
S01001488,872,867,5
S01001489,704,621,83
S01001490,955,494,461
S01001491,884,877,7
S01001492,899,674,225
S01001493,880,839,41
S01001494,891,622,269
S01001495,618,556,62
S01001496,936,808,128
S01001497,766,367,399
S01001498,678,662,16
S01001499,1091,983,108
S01001500,583,348,235
S01001501,858,824,34
S01001502,840,829,11
S01001503,802,792,10
S01001504,875,567,308
S01001505,1025,957,68
S01001506,602,245,357
S01001507,895,813,82
S01001508,903,893,10
S01001509,814,708,106
S01001510,630,334,296
S01001511,575,569,6
S01001512,852,676,176
S01001513,900,343,557
S01001514,747,652,95
S01001515,697,683,14
S01001516,704,582,122
S01001517,847,383,464
S01001518,1014,809,205
S01001519,959,769,190
S01001520,707,573,134
S01001521,977,730,247
S01001522,1057,908,149
S01001523,790,738,52
S01001524,941,700,241
S01001525,788,770,18
S01001526,627,578,49
S01001527,898,709,189
S01001528,973,927,46
S01001529,707,408,299
S01001530,761,665,96
S01001531,1105,771,334
S01001532,597,446,151
S01001533,962,898,64
S01001534,669,662,7
S01001535,853,780,73
S01001536,808,602,206
S01001537,499,329,170
S01001538,814,807,7
S01001539,795,717,78
S01001540,810,807,3
S01001541,828,750,78
S01001542,670,627,43
S01001543,746,657,89
S01001544,919,782,137
S01001545,715,679,36
S01001546,987,612,375
S01001547,942,744,198
S01001548,1035,993,42
S01001549,993,822,171
S01001550,789,786,3
S01001551,936,886,50
S01001552,864,772,92
S01001553,883,850,33
S01001554,992,956,36
S01001555,758,556,202
S01001556,845,701,144
S01001557,933,915,18
S01001558,829,802,27
S01001559,387,376,11
S01001560,650,337,313
S01001561,1322,1236,86
S01001562,2633,2360,273
S01001563,575,529,46
S01001564,557,543,14
S01001565,733,318,415
S01001566,664,654,10
S01001567,907,885,22
S01001568,727,458,269
S01001569,811,776,35
S01001570,512,498,14
S01001571,724,462,262
S01001572,532,480,52
S01001573,658,632,26
S01001574,877,705,172
S01001575,750,373,377
S01001576,597,518,79
S01001577,714,675,39
S01001578,756,691,65
S01001579,816,612,204
S01001580,565,378,187
S01001581,640,585,55
S01001582,711,638,73
S01001583,478,422,56
S01001584,776,286,490
S01001585,920,196,724
S01001586,473,452,21
S01001587,755,598,157
S01001588,796,555,241
S01001589,819,683,136
S01001590,642,316,326
S01001591,641,429,212
S01001592,796,415,381
S01001593,773,425,348
S01001594,798,179,619
S01001595,718,164,554
S01001596,790,546,244
S01001597,628,163,465
S01001598,678,595,83
S01001599,924,193,731
S01001600,1012,154,858
S01001601,1190,1131,59
S01001602,639,476,163
S01001603,933,647,286
S01001604,644,579,65
S01001605,760,747,13
S01001606,617,288,329
S01001607,2601,2134,467
S01001608,809,701,108
S01001609,901,886,15
S01001610,777,606,171
S01001611,1024,904,120
S01001612,825,755,70
S01001613,776,743,33
S01001614,642,355,287
S01001615,780,596,184
S01001616,754,739,15
S01001617,628,551,77
S01001618,939,780,159
S01001619,693,626,67
S01001620,875,737,138
S01001621,680,668,12
S01001622,838,520,318
S01001623,755,667,88
S01001624,973,850,123
S01001625,797,530,267
S01001626,725,684,41
S01001627,1394,1097,297
S01001628,618,592,26
S01001629,567,462,105
S01001630,556,194,362
S01001631,1415,1127,288
S01001632,583,578,5
S01001633,885,864,21
S01001634,1029,1006,23
S01001635,735,650,85
S01001636,515,509,6
S01001637,693,559,134
S01001638,887,582,305
S01001639,704,561,143
S01001640,648,639,9
S01001641,1566,1539,27
S01001642,900,881,19
S01001643,733,604,129
S01001644,1768,1614,154
S01001645,936,535,401
S01001646,612,603,9
S01001647,645,496,149
S01001648,724,645,79
S01001649,754,433,321
S01001650,737,606,131
S01001651,899,559,340
S01001652,774,724,50
S01001653,617,295,322
S01001654,936,918,18
S01001655,574,524,50
S01001656,1311,1067,244
S01001657,502,493,9
S01001658,1002,875,127
S01001659,706,625,81
S01001660,678,623,55
S01001661,808,782,26
S01001662,729,587,142
S01001663,841,736,105
S01001664,557,506,51
S01001665,808,616,192
S01001666,558,336,222
S01001667,785,489,296
S01001668,827,500,327
S01001669,664,225,439
S01001670,639,579,60
S01001671,516,506,10
S01001672,583,488,95
S01001673,662,620,42
S01001674,697,597,100
S01001675,706,588,118
S01001676,1223,1088,135
S01001677,844,797,47
S01001678,832,791,41
S01001679,890,742,148
S01001680,589,526,63
S01001681,674,667,7
S01001682,601,554,47
S01001683,734,524,210
S01001684,516,514,2
S01001685,763,551,212
S01001686,893,817,76
S01001687,980,632,348
S01001688,956,858,98
S01001689,674,625,49
S01001690,906,789,117
S01001691,848,819,29
S01001692,662,509,153
S01001693,876,854,22
S01001694,657,469,188
S01001695,761,615,146
S01001696,739,716,23
S01001697,853,758,95
S01001698,529,484,45
S01001699,700,696,4
S01001700,1023,1002,21
S01001701,897,730,167
S01001702,943,753,190
S01001703,822,773,49
S01001704,916,855,61
S01001705,629,620,9
S01001706,789,786,3
S01001707,727,442,285
S01001708,884,727,157
S01001709,602,531,71
S01001710,692,480,212
S01001711,790,783,7
S01001712,458,451,7
S01001713,871,857,14
S01001714,705,632,73
S01001715,883,873,10
S01001716,846,565,281
S01001717,808,805,3
S01001718,550,431,119
S01001719,795,792,3
S01001720,699,677,22
S01001721,731,525,206
S01001722,746,649,97
S01001723,872,692,180
S01001724,813,414,399
S01001725,779,605,174
S01001726,649,646,3
S01001727,1015,856,159
S01001728,649,649,0
S01001729,968,956,12
S01001730,650,642,8
S01001731,674,657,17
S01001732,571,534,37
S01001733,858,813,45
S01001734,530,524,6
S01001735,480,459,21
S01001736,1092,904,188
S01001737,609,588,21
S01001738,610,605,5
S01001739,637,630,7
S01001740,745,648,97
S01001741,651,554,97
S01001742,764,646,118
S01001743,990,666,324
S01001744,546,544,2
S01001745,795,786,9
S01001746,886,820,66
S01001747,857,776,81
S01001748,619,611,8
S01001749,739,369,370
S01001750,633,514,119
S01001751,963,611,352
S01001752,935,924,11
S01001753,799,543,256
S01001754,771,725,46
S01001755,1062,953,109
S01001756,621,441,180
S01001757,757,568,189
S01001758,785,559,226
S01001759,684,130,554
S01001760,797,567,230
S01001761,706,268,438
S01001762,966,677,289
S01001763,832,827,5
S01001764,531,508,23
S01001765,949,637,312
S01001766,651,567,84
S01001767,587,534,53
S01001768,604,503,101
S01001769,626,428,198
S01001770,566,190,376
S01001771,841,631,210
S01001772,522,358,164
S01001773,941,550,391
S01001774,667,633,34
S01001775,836,627,209
S01001776,624,311,313
S01001777,906,817,89
S01001778,834,436,398
S01001779,536,388,148
S01001780,832,625,207
S01001781,690,647,43
S01001782,968,843,125
S01001783,598,414,184
S01001784,589,513,76
S01001785,611,578,33
S01001786,589,530,59
S01001787,566,554,12
S01001788,791,758,33
S01001789,738,502,236
S01001790,692,475,217
S01001791,726,626,100
S01001792,684,600,84
S01001793,878,631,247
S01001794,948,874,74
S01001795,437,372,65
S01001796,835,815,20
S01001797,676,534,142
S01001798,806,789,17
S01001799,1090,876,214
S01001800,942,924,18
S01001801,1008,961,47
S01001802,835,709,126
S01001803,1010,970,40
S01001804,948,806,142
S01001805,699,681,18
S01001806,666,581,85
S01001807,841,820,21
S01001808,523,494,29
S01001809,1027,367,660
S01001810,876,775,101
S01001811,673,658,15
S01001812,898,822,76
S01001813,709,682,27
S01001814,723,673,50
S01001815,842,764,78
S01001816,1112,1035,77
S01001817,699,552,147
S01001818,752,707,45
S01001819,997,909,88
S01001820,778,449,329
S01001821,541,492,49
S01001822,969,687,282
S01001823,914,612,302
S01001824,739,622,117
S01001825,798,686,112
S01001826,675,420,255
S01001827,805,319,486
S01001828,750,712,38
S01001829,708,431,277
S01001830,942,911,31
S01001831,724,458,266
S01001832,715,609,106
S01001833,1145,901,244
S01001834,587,479,108
S01001835,623,515,108
S01001836,836,650,186
S01001837,896,726,170
S01001838,674,608,66
S01001839,912,509,403
S01001840,701,645,56
S01001841,720,113,607
S01001842,727,645,82
S01001843,724,75,649
S01001844,955,937,18
S01001845,780,754,26
S01001846,886,850,36
S01001847,928,699,229
S01001848,748,215,533
S01001849,582,518,64
S01001850,726,98,628
S01001851,819,738,81
S01001852,766,752,14
S01001853,724,706,18
S01001854,1026,661,365
S01001855,801,646,155
S01001856,840,403,437
S01001857,672,540,132
S01001858,792,650,142
S01001859,1064,901,163
S01001860,781,749,32
S01001861,798,185,613
S01001862,801,762,39
S01001863,807,765,42
S01001864,1350,399,951
S01001865,699,135,564
S01001866,675,563,112
S01001867,744,667,77
S01001868,639,564,75
S01001869,820,574,246
S01001870,961,611,350
S01001871,1696,659,1037
S01001872,817,670,147
S01001873,741,659,82
S01001874,1137,133,1004
S01001875,902,859,43
S01001876,1020,644,376
S01001877,951,617,334
S01001878,1076,914,162
S01001879,640,40,600
S01001880,741,75,666
S01001881,755,645,110
S01001882,793,750,43
S01001883,532,355,177
S01001884,894,512,382
S01001885,1174,1092,82
S01001886,564,184,380
S01001887,830,717,113
S01001888,879,748,131
S01001889,542,465,77
S01001890,994,537,457
S01001891,713,364,349
S01001892,973,46,927
S01001893,1000,31,969
S01001894,805,130,675
S01001895,857,418,439
S01001896,809,559,250
S01001897,914,144,770
S01001898,616,44,572
S01001899,785,161,624
S01001900,754,435,319
S01001901,877,574,303
S01001902,919,475,444
S01001903,598,353,245
S01001904,598,203,395
S01001905,905,481,424
S01001906,700,480,220
S01001907,811,636,175
S01001908,754,542,212
S01001909,670,75,595
S01001910,744,163,581
S01001911,747,501,246
S01001912,742,171,571
S01001913,1015,706,309
S01001914,566,480,86
S01001915,904,729,175
S01001916,860,102,758
S01001917,695,443,252
S01001918,901,32,869
S01001919,850,128,722
S01001920,760,440,320
S01001921,607,376,231
S01001922,804,701,103
S01001923,577,434,143
S01001924,775,345,430
S01001925,776,521,255
S01001926,615,213,402
S01001927,900,436,464
S01001928,711,83,628
S01001929,994,405,589
S01001930,786,119,667
S01001931,728,374,354
S01001932,983,780,203
S01001933,847,574,273
S01001934,1523,217,1306
S01001935,859,350,509
S01001936,1149,446,703
S01001937,867,446,421
S01001938,581,105,476
S01001939,556,47,509
S01001940,807,408,399
S01001941,961,404,557
S01001942,571,52,519
S01001943,714,427,287
S01001944,683,307,376
S01001945,706,197,509
S01001946,858,135,723
S01001947,928,355,573
S01001948,862,455,407
S01001949,700,350,350
S01001950,893,110,783
S01001951,842,330,512
S01001952,763,350,413
S01001953,861,204,657
S01001954,440,229,211
S01001955,1137,266,871
S01001956,763,643,120
S01001957,494,202,292
S01001958,852,120,732
S01001959,562,536,26
S01001960,896,351,545
S01001961,1107,330,777
S01001962,905,591,314
S01001963,914,51,863
S01001964,737,484,253
S01001965,755,95,660
S01001966,1545,455,1090
S01001967,650,48,602
S01001968,788,157,631
S01001969,620,206,414
S01001970,628,381,247
S01001971,779,162,617
S01001972,711,284,427
S01001973,679,384,295
S01001974,824,173,651
S01001975,848,272,576
S01001976,812,145,667
S01001977,803,75,728
S01001978,1395,867,528
S01001979,679,145,534
S01001980,833,105,728
S01001981,863,257,606
S01001982,396,213,183
S01001983,702,149,553
S01001984,944,47,897
S01001985,764,170,594
S01001986,635,15,620
S01001987,829,55,774
S01001988,801,226,575
S01001989,880,762,118
S01001990,869,101,768
S01001991,834,174,660
S01001992,797,309,488
S01001993,727,169,558
S01001994,755,189,566
S01001995,653,463,190
S01001996,825,12,813
S01001997,793,134,659
S01001998,743,126,617
S01001999,739,27,712
S01002000,768,510,258
S01002001,786,45,741
S01002002,733,16,717
S01002003,850,693,157
S01002004,812,122,690
S01002005,773,51,722
S01002006,888,797,91
S01002007,956,15,941
S01002008,932,169,763
S01002009,831,176,655
S01002010,520,6,514
S01002011,1057,884,173
S01002012,825,80,745
S01002013,798,256,542
S01002014,846,92,754
S01002015,822,789,33
S01002016,589,63,526
S01002017,1038,710,328
S01002018,802,768,34
S01002019,815,18,797
S01002020,280,5,275
S01002021,1002,244,758
S01002022,984,919,65
S01002023,776,69,707
S01002024,702,166,536
S01002025,841,8,833
S01002026,663,563,100
S01002027,1135,25,1110
S01002028,752,134,618
S01002029,770,19,751
S01002030,731,14,717
S01002031,688,49,639
S01002032,769,58,711
S01002033,764,55,709
S01002034,779,30,749
S01002035,730,360,370
S01002036,891,17,874
S01002037,677,60,617
S01002038,517,8,509
S01002039,694,451,243
S01002040,610,13,597
S01002041,866,137,729
S01002042,958,508,450
S01002043,719,325,394
S01002044,635,124,511
S01002045,941,502,439
S01002046,567,16,551
S01002047,798,127,671
S01002048,757,22,735
S01002049,1121,24,1097
S01002050,734,656,78
S01002051,763,539,224
S01002052,875,25,850
S01002053,770,16,754
S01002054,557,49,508
S01002055,866,747,119
S01002056,907,388,519
S01002057,896,648,248
S01002058,761,16,745
S01002059,684,56,628
S01002060,751,12,739
S01002061,705,30,675
S01002062,554,227,327
S01002063,941,84,857
S01002064,1130,45,1085
S01002065,725,29,696
S01002066,1064,27,1037
S01002067,885,416,469
S01002068,937,13,924
S01002069,595,395,200
S01002070,658,53,605
S01002071,686,37,649
S01002072,1135,701,434
S01002073,644,7,637
S01002074,670,633,37
S01002075,917,107,810
S01002076,829,30,799
S01002077,783,676,107
S01002078,1068,795,273
S01002079,825,36,789
S01002080,996,867,129
S01002081,664,146,518
S01002082,848,266,582
S01002083,545,292,253
S01002084,796,41,755
S01002085,512,4,508
S01002086,597,14,583
S01002087,1053,32,1021
S01002088,934,676,258
S01002089,1014,771,243
S01002090,1057,906,151
S01002091,825,23,802
S01002092,907,672,235
S01002093,754,19,735
S01002094,713,291,422
S01002095,520,328,192
S01002096,1441,1223,218
S01002097,754,724,30
S01002098,720,533,187
S01002099,851,134,717
S01002100,564,323,241
S01002101,1048,51,997
S01002102,620,57,563
S01002103,616,545,71
S01002104,992,81,911
S01002105,879,723,156
S01002106,784,13,771
S01002107,507,448,59
S01002108,721,19,702
S01002109,936,64,872
S01002110,688,378,310
S01002111,1045,1008,37
S01002112,1095,635,460
S01002113,742,720,22
S01002114,697,606,91
S01002115,1031,89,942
S01002116,887,289,598
S01002117,705,26,679
S01002118,877,22,855
S01002119,594,186,408
S01002120,715,608,107
S01002121,651,291,360
S01002122,869,584,285
S01002123,997,953,44
S01002124,953,663,290
S01002125,1034,472,562
S01002126,601,519,82
S01002127,728,391,337
S01002128,726,74,652
S01002129,777,86,691
S01002130,553,523,30
S01002131,731,18,713
S01002132,802,352,450
S01002133,998,105,893
S01002134,590,575,15
S01002135,868,812,56
S01002136,757,237,520
S01002137,859,702,157
S01002138,722,401,321
S01002139,675,506,169
S01002140,803,96,707
S01002141,723,239,484
S01002142,1088,848,240
S01002143,731,459,272
S01002144,706,576,130
S01002145,992,170,822
S01002146,1000,181,819
S01002147,903,569,334
S01002148,888,840,48
S01002149,1018,390,628
S01002150,703,253,450
S01002151,1455,128,1327
S01002152,804,326,478
S01002153,501,359,142
S01002154,822,273,549
S01002155,946,71,875
S01002156,727,45,682
S01002157,760,248,512
S01002158,800,85,715
S01002159,708,171,537
S01002160,883,15,868
S01002161,690,94,596
S01002162,1010,771,239
S01002163,1050,25,1025
S01002164,804,713,91
S01002165,878,786,92
S01002166,818,119,699
S01002167,622,353,269
S01002168,1021,84,937
S01002169,850,31,819
S01002170,839,542,297
S01002171,603,442,161
S01002172,703,616,87
S01002173,971,383,588
S01002174,882,72,810
S01002175,990,183,807
S01002176,765,612,153
S01002177,798,67,731
S01002178,877,162,715
S01002179,667,596,71
S01002180,573,66,507
S01002181,793,197,596
S01002182,765,83,682
S01002183,860,102,758
S01002184,763,722,41
S01002185,941,128,813
S01002186,733,25,708
S01002187,908,60,848
S01002188,766,541,225
S01002189,663,23,640
S01002190,829,74,755
S01002191,787,32,755
S01002192,876,779,97
S01002193,899,792,107
S01002194,816,737,79
S01002195,1103,65,1038
S01002196,637,532,105
S01002197,627,73,554
S01002198,792,86,706
S01002199,807,154,653
S01002200,1096,953,143
S01002201,1056,92,964
S01002202,851,73,778
S01002203,471,5,466
S01002204,708,57,651
S01002205,733,153,580
S01002206,1019,42,977
S01002207,807,632,175
S01002208,680,40,640
S01002209,936,15,921
S01002210,552,192,360
S01002211,638,63,575
S01002212,1126,71,1055
S01002213,824,763,61
S01002214,764,146,618
S01002215,1050,722,328
S01002216,1700,35,1665
S01002217,1158,19,1139
S01002218,562,27,535
S01002219,689,550,139
S01002220,782,758,24
S01002221,958,15,943
S01002222,870,834,36
S01002223,716,668,48
S01002224,912,665,247
S01002225,881,47,834
S01002226,1073,368,705
S01002227,823,191,632
S01002228,983,889,94
S01002229,720,605,115
S01002230,1024,294,730
S01002231,721,134,587
S01002232,846,450,396
S01002233,952,108,844
S01002234,783,22,761
S01002235,1009,246,763
S01002236,948,551,397
S01002237,1298,654,644
S01002238,564,102,462
S01002239,941,218,723
S01002240,955,287,668
S01002241,1012,286,726
S01002242,797,596,201
S01002243,841,282,559
S01002244,926,23,903
S01002245,2145,303,1842
S01002246,947,36,911
S01002247,843,292,551
S01002248,1078,461,617
S01002249,960,51,909
S01002250,925,555,370
S01002251,880,838,42
S01002252,697,241,456
S01002253,962,516,446
S01002254,908,34,874
S01002255,1690,92,1598
S01002256,1134,405,729
S01002257,714,395,319
S01002258,888,68,820
S01002259,542,300,242
S01002260,870,717,153
S01002261,1013,613,400
S01002262,807,625,182
S01002263,833,642,191
S01002264,850,316,534
S01002265,1661,630,1031
S01002266,749,50,699
S01002267,1073,122,951
S01002268,750,657,93
S01002269,985,210,775
S01002270,1704,246,1458
S01002271,813,319,494
S01002272,775,295,480
S01002273,774,132,642
S01002274,1287,160,1127
S01002275,1478,824,654
S01002276,826,734,92
S01002277,929,149,780
S01002278,1104,103,1001
S01002279,1505,452,1053
S01002280,792,518,274
S01002281,647,219,428
S01002282,266,80,186
S01002283,715,422,293
S01002284,2021,464,1557
S01002285,998,17,981
S01002286,705,101,604
S01002287,689,271,418
S01002288,1302,54,1248
S01002289,1223,275,948
S01002290,969,13,956
S01002291,762,44,718
S01002292,1113,150,963
S01002293,797,177,620
S01002294,626,374,252
S01002295,727,533,194
S01002297,868,486,382
S01002298,712,453,259
S01002299,781,647,134
S01002300,774,524,250
S01002301,2097,856,1241
S01002302,982,734,248
S01002303,785,166,619
S01002304,1693,42,1651
S01002305,799,67,732
S01002306,471,130,341
S01002307,1086,16,1070
S01002308,961,281,680
S01002309,749,88,661
S01002310,991,87,904
S01002311,881,688,193
S01002312,681,53,628
S01002313,726,507,219
S01002314,882,492,390
S01002315,569,376,193
S01002316,698,528,170
S01002317,3680,212,3468
S01002318,897,188,709
S01002319,1085,138,947
S01002320,610,215,395
S01002321,1128,47,1081
S01002322,650,115,535
S01002323,767,267,500
S01002324,755,61,694
S01002325,1684,409,1275
S01002326,1019,191,828
S01002327,807,718,89
S01002328,730,635,95
S01002329,680,628,52
S01002330,766,593,173
S01002331,701,620,81
S01002332,869,850,19
S01002333,752,716,36
S01002334,960,806,154
S01002335,916,578,338
S01002336,1021,869,152
S01002337,893,829,64
S01002338,476,89,387
S01002339,609,594,15
S01002340,637,628,9
S01002341,528,524,4
S01002342,604,549,55
S01002343,743,735,8
S01002344,517,505,12
S01002345,807,805,2
S01002346,873,860,13
S01002347,731,711,20
S01002348,908,906,2
S01002349,959,917,42
S01002350,918,911,7
S01002351,768,759,9
S01002352,892,884,8
S01002353,837,837,0
S01002354,868,866,2
S01002355,808,613,195
S01002356,846,508,338
S01002357,600,523,77
S01002358,494,484,10
S01002359,801,677,124
S01002360,620,490,130
S01002361,630,608,22
S01002362,802,801,1
S01002363,1081,1069,12
S01002364,656,593,63
S01002365,616,612,4
S01002366,893,890,3
S01002367,1074,1064,10
S01002368,927,925,2
S01002369,617,606,11
S01002370,733,728,5
S01002371,709,707,2
S01002372,761,736,25
S01002373,656,652,4
S01002374,795,790,5
S01002375,888,842,46
S01002376,890,785,105
S01002377,858,709,149
S01002378,512,479,33
S01002379,1164,1070,94
S01002380,810,712,98
S01002381,895,854,41
S01002382,633,511,122
S01002383,525,520,5
S01002384,520,410,110
S01002385,776,605,171
S01002386,1002,962,40
S01002387,726,705,21
S01002388,737,724,13
S01002389,693,682,11
S01002390,1121,1025,96
S01002391,1448,1426,22
S01002392,1870,1826,44
S01002393,1027,994,33
S01002394,791,713,78
S01002395,730,611,119
S01002396,693,610,83
S01002397,1252,1122,130
S01002398,760,688,72
S01002399,984,738,246
S01002400,807,670,137
S01002401,1141,1107,34
S01002402,817,658,159
S01002403,743,586,157
S01002404,972,955,17
S01002405,702,544,158
S01002406,836,643,193
S01002407,683,651,32
S01002408,829,702,127
S01002409,597,494,103
S01002410,498,464,34
S01002411,2675,2550,125
S01002412,918,682,236
S01002413,628,494,134
S01002414,623,394,229
S01002415,721,693,28
S01002416,569,513,56
S01002417,631,535,96
S01002418,886,756,130
S01002419,554,542,12
S01002420,585,527,58
S01002421,809,780,29
S01002422,548,484,64
S01002423,890,461,429
S01002424,838,792,46
S01002425,916,704,212
S01002426,667,101,566
S01002427,821,645,176
S01002428,536,511,25
S01002429,747,32,715
S01002430,652,421,231
S01002431,859,634,225
S01002432,1450,1327,123
S01002433,558,387,171
S01002434,926,567,359
S01002435,664,479,185
S01002436,746,367,379
S01002437,799,469,330
S01002438,677,615,62
S01002439,726,593,133
S01002440,866,414,452
S01002441,634,584,50
S01002442,472,143,329
S01002443,630,512,118
S01002444,511,255,256
S01002445,904,413,491
S01002446,899,586,313
S01002447,694,587,107
S01002448,548,479,69
S01002449,645,631,14
S01002450,709,203,506
S01002451,1003,970,33
S01002452,538,356,182
S01002453,688,652,36
S01002454,725,615,110
S01002455,553,544,9
S01002456,969,757,212
S01002457,750,741,9
S01002458,931,484,447
S01002459,501,157,344
S01002460,839,484,355
S01002461,478,476,2
S01002462,700,321,379
S01002463,895,563,332
S01002464,574,410,164
S01002465,712,669,43
S01002466,1010,969,41
S01002467,465,272,193
S01002468,618,291,327
S01002469,638,620,18
S01002470,819,760,59
S01002471,556,462,94
S01002472,581,199,382
S01002473,921,482,439
S01002474,406,111,295
S01002475,550,237,313
S01002476,861,695,166
S01002477,803,726,77
S01002478,895,822,73
S01002479,720,451,269
S01002480,536,408,128
S01002481,934,888,46
S01002482,1021,468,553
S01002483,672,232,440
S01002484,810,407,403
S01002485,830,768,62
S01002486,604,380,224
S01002487,481,256,225
S01002488,647,179,468
S01002489,600,166,434
S01002490,567,539,28
S01002491,476,433,43
S01002492,942,906,36
S01002493,920,644,276
S01002494,627,520,107
S01002495,627,278,349
S01002496,1243,903,340
S01002497,780,306,474
S01002498,631,621,10
S01002499,909,157,752
S01002500,567,129,438
S01002501,478,349,129
S01002502,822,426,396
S01002503,640,328,312
S01002504,1369,1270,99
S01002505,738,451,287
S01002506,810,773,37
S01002507,589,215,374
S01002508,847,626,221
S01002509,1121,794,327
S01002510,958,496,462
S01002511,483,261,222
S01002512,633,207,426
S01002513,1598,1305,293
S01002514,532,171,361
S01002515,602,287,315
S01002516,763,538,225
S01002517,583,491,92
S01002518,1069,1020,49
S01002519,806,194,612
S01002520,579,312,267
S01002521,579,310,269
S01002522,733,714,19
S01002523,682,678,4
S01002524,558,180,378
S01002525,686,298,388
S01002526,509,491,18
S01002527,822,668,154
S01002528,807,721,86
S01002529,1147,669,478
S01002530,647,539,108
S01002531,811,382,429
S01002532,693,625,68
S01002533,819,719,100
S01002534,935,881,54
S01002535,881,767,114
S01002536,626,475,151
S01002537,554,465,89
S01002538,852,778,74
S01002539,745,485,260
S01002540,554,137,417
S01002541,1842,1614,228
S01002542,684,495,189
S01002543,532,198,334
S01002544,857,645,212
S01002545,786,552,234
S01002546,796,701,95
S01002547,786,722,64
S01002548,1047,855,192
S01002549,570,540,30
S01002550,464,419,45
S01002551,551,485,66
S01002552,583,569,14
S01002553,755,545,210
S01002554,632,631,1
S01002555,740,638,102
S01002556,752,698,54
S01002557,775,607,168
S01002558,530,436,94
S01002559,612,495,117
S01002560,619,574,45
S01002561,775,601,174
S01002562,607,575,32
S01002563,1012,951,61
S01002564,560,558,2
S01002565,848,790,58
S01002566,670,666,4
S01002567,2452,2217,235
S01002568,775,613,162
S01002569,1414,1226,188
S01002570,663,634,29
S01002571,659,526,133
S01002572,560,486,74
S01002573,512,367,145
S01002574,811,491,320
S01002575,971,781,190
S01002576,703,635,68
S01002577,989,311,678
S01002578,736,700,36
S01002579,891,582,309
S01002580,767,597,170
S01002581,777,721,56
S01002582,690,589,101
S01002583,994,860,134
S01002584,1535,1346,189
S01002585,818,557,261
S01002586,509,501,8
S01002587,688,659,29
S01002588,705,691,14
S01002589,754,663,91
S01002590,677,668,9
S01002591,577,478,99
S01002592,846,692,154
S01002593,797,721,76
S01002594,695,695,0
S01002595,656,412,244
S01002596,681,674,7
S01002597,521,513,8
S01002598,975,777,198
S01002599,526,513,13
S01002600,1038,1026,12
S01002601,628,532,96
S01002602,519,513,6
S01002603,708,501,207
S01002604,944,924,20
S01002605,598,566,32
S01002606,581,572,9
S01002607,833,661,172
S01002608,539,534,5
S01002609,758,603,155
S01002610,828,612,216
S01002611,860,806,54
S01002612,829,773,56
S01002613,847,709,138
S01002614,878,675,203
S01002615,444,423,21
S01002616,592,576,16
S01002617,931,670,261
S01002618,854,207,647
S01002619,768,729,39
S01002620,865,442,423
S01002621,593,584,9
S01002622,8698,7847,851
S01002623,1613,1535,78
S01002624,691,684,7
S01002625,866,837,29
S01002626,753,725,28
S01002627,979,963,16
S01002628,822,799,23
S01002629,835,718,117
S01002630,661,367,294
S01002631,737,660,77
S01002632,574,558,16
S01002633,942,923,19
S01002634,770,659,111
S01002635,569,435,134
S01002636,609,506,103
S01002637,742,680,62
S01002638,743,434,309
S01002639,891,741,150
S01002640,697,503,194
S01002641,906,773,133
S01002642,616,500,116
S01002643,542,342,200
S01002644,667,545,122
S01002645,630,589,41
S01002646,650,246,404
S01002647,898,815,83
S01002648,1140,962,178
S01002649,596,528,68
S01002650,646,637,9
S01002651,583,575,8
S01002652,650,516,134
S01002653,738,407,331
S01002654,748,305,443
S01002655,853,712,141
S01002656,725,534,191
S01002657,791,573,218
S01002658,1239,467,772
S01002659,871,813,58
S01002660,772,710,62
S01002661,790,603,187
S01002662,1415,1308,107
S01002663,749,603,146
S01002664,847,826,21
S01002665,792,729,63
S01002666,1304,1117,187
S01002667,636,465,171
S01002668,471,369,102
S01002669,972,497,475
S01002670,619,615,4
S01002671,979,371,608
S01002672,655,284,371
S01002673,510,214,296
S01002674,791,563,228
S01002675,903,849,54
S01002676,717,574,143
S01002677,921,264,657
S01002678,867,856,11
S01002679,971,439,532
S01002680,1094,416,678
S01002681,704,649,55
S01002682,546,246,300
S01002683,578,567,11
S01002684,736,389,347
S01002685,845,142,703
S01002686,1677,1411,266
S01002687,1229,962,267
S01002688,611,582,29
S01002689,826,721,105
S01002690,579,529,50
S01002691,1385,1305,80
S01002692,828,774,54
S01002693,506,478,28
S01002694,704,694,10
S01002695,587,539,48
S01002696,702,532,170
S01002697,889,858,31
S01002698,704,601,103
S01002699,511,394,117
S01002700,892,705,187
S01002701,885,871,14
S01002702,595,338,257
S01002703,1287,943,344
S01002704,622,455,167
S01002705,664,514,150
S01002706,900,500,400
S01002707,877,753,124
S01002708,1002,725,277
S01002709,902,232,670
S01002710,798,702,96
S01002711,875,830,45
S01002712,665,572,93
S01002713,659,113,546
S01002714,932,413,519
S01002715,848,679,169
S01002716,527,520,7
S01002717,822,478,344
S01002718,853,333,520
S01002719,740,703,37
S01002720,681,652,29
S01002721,775,446,329
S01002722,777,301,476
S01002723,677,611,66
S01002724,739,292,447
S01002725,868,809,59
S01002726,701,340,361
S01002727,947,874,73
S01002728,911,571,340
S01002729,871,823,48
S01002730,832,262,570
S01002731,786,455,331
S01002732,584,184,400
S01002733,650,450,200
S01002734,1078,747,331
S01002735,1170,245,925
S01002736,682,665,17
S01002737,724,274,450
S01002738,705,692,13
S01002739,773,750,23
S01002740,528,526,2
S01002741,895,395,500
S01002742,789,515,274
S01002743,668,302,366
S01002744,575,548,27
S01002745,596,350,246
S01002746,796,699,97
S01002747,532,190,342
S01002748,639,165,474
S01002749,695,499,196
S01002750,929,539,390
S01002751,1006,726,280
S01002752,528,468,60
S01002753,643,638,5
S01002754,535,428,107
S01002755,817,499,318
S01002756,708,270,438
S01002757,565,460,105
S01002758,654,560,94
S01002759,1013,855,158
S01002760,486,361,125
S01002761,783,249,534
S01002762,588,350,238
S01002763,823,688,135
S01002764,581,221,360
S01002765,856,236,620
S01002766,815,274,541
S01002767,955,877,78
S01002768,785,712,73
S01002769,729,709,20
S01002770,539,220,319
S01002771,735,505,230
S01002772,903,747,156
S01002773,865,789,76
S01002774,778,577,201
S01002775,741,596,145
S01002776,1020,908,112
S01002777,981,670,311
S01002778,727,343,384
S01002779,629,112,517
S01002780,876,604,272
S01002781,839,828,11
S01002782,779,503,276
S01002783,1527,1175,352
S01002784,548,207,341
S01002785,722,366,356
S01002786,846,811,35
S01002787,673,575,98
S01002788,837,756,81
S01002789,700,698,2
S01002790,776,319,457
S01002791,632,429,203
S01002792,1975,1708,267
S01002793,694,393,301
S01002794,929,822,107
S01002795,597,597,0
S01002796,551,454,97
S01002797,771,756,15
S01002798,574,480,94
S01002799,608,261,347
S01002800,706,695,11
S01002801,923,880,43
S01002802,575,573,2
S01002803,810,671,139
S01002804,551,469,82
S01002805,872,703,169
S01002806,2496,2324,172
S01002807,638,543,95
S01002808,836,758,78
S01002809,672,498,174
S01002810,912,734,178
S01002811,933,800,133
S01002812,616,518,98
S01002813,737,639,98
S01002814,876,534,342
S01002815,704,578,126
S01002816,588,573,15
S01002817,543,516,27
S01002818,616,465,151
S01002819,774,730,44
S01002820,824,788,36
S01002821,1164,670,494
S01002822,809,740,69
S01002823,729,236,493
S01002824,804,625,179
S01002825,768,556,212
S01002826,495,323,172
S01002827,642,464,178
S01002828,856,691,165
S01002829,797,438,359
S01002830,609,373,236
S01002831,1114,977,137
S01002832,771,746,25
S01002833,985,961,24
S01002834,792,703,89
S01002835,682,424,258
S01002836,523,520,3
S01002837,572,311,261
S01002838,531,495,36
S01002839,586,338,248
S01002840,647,615,32
S01002841,1161,1068,93
S01002842,558,166,392
S01002843,778,283,495
S01002844,562,543,19
S01002845,810,447,363
S01002846,1059,906,153
S01002847,890,859,31
S01002848,812,775,37
S01002849,969,960,9
S01002850,842,646,196
S01002851,426,347,79
S01002852,1006,787,219
S01002853,456,124,332
S01002854,825,615,210
S01002855,601,496,105
S01002856,717,164,553
S01002857,537,486,51
S01002858,678,654,24
S01002859,811,686,125
S01002860,1070,1045,25
S01002861,882,821,61
S01002862,588,553,35
S01002863,737,711,26
S01002864,643,379,264
S01002865,954,921,33
S01002866,1030,771,259
S01002867,515,504,11
S01002868,743,618,125
S01002869,559,541,18
S01002870,862,815,47
S01002871,626,458,168
S01002872,573,440,133
S01002873,736,735,1
S01002874,767,611,156
S01002875,536,479,57
S01002876,686,470,216
S01002877,748,606,142
S01002878,533,524,9
S01002879,812,800,12
S01002880,506,444,62
S01002881,910,430,480
S01002882,770,371,399
S01002883,977,894,83
S01002884,793,679,114
S01002885,1268,1139,129
S01002886,815,734,81
S01002887,592,487,105
S01002888,468,426,42
S01002889,857,791,66
S01002890,673,646,27
S01002891,715,710,5
S01002892,649,414,235
S01002893,1126,994,132
S01002894,755,647,108
S01002895,562,212,350
S01002896,681,638,43
S01002897,586,241,345
S01002898,982,710,272
S01002899,528,505,23
S01002900,675,654,21
S01002901,788,709,79
S01002902,732,521,211
S01002903,852,457,395
S01002904,705,566,139
S01002905,735,522,213
S01002906,807,720,87
S01002907,606,387,219
S01002908,755,726,29
S01002909,763,650,113
S01002910,1037,795,242
S01002911,846,837,9
S01002912,1349,1312,37
S01002913,730,676,54
S01002914,634,513,121
S01002915,888,841,47
S01002916,728,549,179
S01002917,584,518,66
S01002918,696,542,154
S01002919,875,848,27
S01002920,569,446,123
S01002921,647,539,108
S01002922,480,393,87
S01002923,625,488,137
S01002924,649,569,80
S01002925,1402,1372,30
S01002926,765,738,27
S01002927,765,676,89
S01002928,530,504,26
S01002929,738,710,28
S01002930,560,535,25
S01002931,912,892,20
S01002932,680,664,16
S01002933,794,676,118
S01002934,837,759,78
S01002935,919,697,222
S01002936,770,763,7
S01002937,477,390,87
S01002938,760,485,275
S01002939,535,522,13
S01002940,573,510,63
S01002941,913,847,66
S01002942,430,388,42
S01002943,674,557,117
S01002944,1160,1048,112
S01002945,562,551,11
S01002946,1031,986,45
S01002947,607,570,37
S01002948,777,676,101
S01002949,534,521,13
S01002950,771,698,73
S01002951,915,762,153
S01002952,578,539,39
S01002953,887,721,166
S01002954,833,715,118
S01002955,1125,988,137
S01002956,758,577,181
S01002957,882,834,48
S01002958,564,549,15
S01002959,945,920,25
S01002960,623,581,42
S01002961,779,603,176
S01002962,608,590,18
S01002963,807,756,51
S01002964,638,597,41
S01002965,889,805,84
S01002966,558,537,21
S01002967,875,816,59
S01002968,1375,1157,218
S01002969,962,920,42
S01002970,624,536,88
S01002971,1243,1139,104
S01002972,1123,729,394
S01002973,765,665,100
S01002974,1085,1022,63
S01002975,605,322,283
S01002976,904,339,565
S01002977,701,555,146
S01002978,1034,961,73
S01002979,723,684,39
S01002980,745,643,102
S01002981,727,704,23
S01002982,620,607,13
S01002983,797,733,64
S01002984,726,707,19
S01002985,585,572,13
S01002986,731,501,230
S01002987,701,375,326
S01002988,702,689,13
S01002989,959,270,689
S01002990,680,404,276
S01002991,741,696,45
S01002992,798,506,292
S01002993,693,656,37
S01002994,831,335,496
S01002995,580,124,456
S01002996,710,230,480
S01002997,638,219,419
S01002998,817,646,171
S01002999,557,221,336
S01003000,667,549,118
S01003001,591,518,73
S01003002,875,590,285
S01003003,592,568,24
S01003004,420,211,209
S01003005,557,545,12
S01003006,1078,1068,10
S01003007,782,731,51
S01003008,583,567,16
S01003009,541,460,81
S01003010,698,686,12
S01003011,761,751,10
S01003012,946,910,36
S01003013,634,593,41
S01003014,665,611,54
S01003015,740,667,73
S01003016,457,363,94
S01003017,694,371,323
S01003018,804,518,286
S01003019,778,444,334
S01003020,679,466,213
S01003021,660,473,187
S01003022,954,821,133
S01003023,703,643,60
S01003024,656,356,300
S01003025,857,766,91
S01003026,814,495,319
S01003027,979,778,201
S01003028,800,341,459
S01003029,1093,612,481
S01003030,1340,757,583
S01003032,481,151,330
S01003033,490,59,431
S01003034,910,735,175
S01003035,1019,573,446
S01003036,926,215,711
S01003037,2167,1949,218
S01003038,888,863,25
S01003039,893,202,691
S01003040,880,279,601
S01003041,711,701,10
S01003042,611,223,388
S01003043,579,118,461
S01003044,1261,601,660
S01003045,921,116,805
S01003046,750,418,332
S01003047,946,74,872
S01003048,497,85,412
S01003049,552,104,448
S01003050,718,655,63
S01003051,1073,806,267
S01003052,695,277,418
S01003053,970,815,155
S01003054,803,224,579
S01003055,841,59,782
S01003056,927,45,882
S01003057,673,31,642
S01003058,1144,629,515
S01003059,902,672,230
S01003060,1030,586,444
S01003061,776,726,50
S01003062,827,705,122
S01003063,800,58,742
S01003064,837,80,757
S01003065,991,258,733
S01003066,802,710,92
S01003067,608,560,48
S01003068,801,509,292
S01003069,567,258,309
S01003070,799,310,489
S01003071,657,500,157
S01003072,1022,159,863
S01003073,725,47,678
S01003074,727,673,54
S01003075,744,66,678
S01003076,901,37,864
S01003077,963,90,873
S01003078,674,481,193
S01003079,925,669,256
S01003080,826,73,753
S01003081,1033,961,72
S01003082,1164,999,165
S01003083,1223,756,467
S01003084,822,570,252
S01003085,975,737,238
S01003086,632,524,108
S01003087,653,35,618
S01003088,1128,461,667
S01003089,733,593,140
S01003090,750,177,573
S01003091,575,31,544
S01003092,815,415,400
S01003093,968,374,594
S01003094,948,578,370
S01003095,769,695,74
S01003096,702,579,123
S01003097,277,150,127
S01003098,1173,28,1145
S01003099,548,302,246
S01003100,821,224,597
S01003101,524,372,152
S01003102,733,460,273
S01003103,730,683,47
S01003104,938,73,865
S01003105,798,244,554
S01003106,733,555,178
S01003107,749,486,263
S01003108,748,26,722
S01003109,915,731,184
S01003110,760,633,127
S01003111,797,260,537
S01003112,959,629,330
S01003113,712,448,264
S01003114,843,483,360
S01003115,1065,420,645
S01003116,874,26,848
S01003117,776,23,753
S01003118,531,61,470
S01003119,616,48,568
S01003120,1498,1415,83
S01003121,867,268,599
S01003122,723,437,286
S01003123,885,660,225
S01003124,829,14,815
S01003125,850,53,797
S01003126,157,6,151
S01003127,779,95,684
S01003128,730,17,713
S01003129,1130,229,901
S01003130,781,238,543
S01003131,864,104,760
S01003132,768,12,756
S01003133,1296,278,1018
S01003134,748,77,671
S01003135,742,337,405
S01003136,939,104,835
S01003137,773,41,732
S01003138,1014,155,859
S01003139,1016,82,934
S01003140,925,298,627
S01003141,751,91,660
S01003142,945,217,728
S01003143,854,119,735
S01003144,896,469,427
S01003145,624,601,23
S01003146,658,19,639
S01003147,832,408,424
S01003148,686,636,50
S01003149,855,83,772
S01003150,725,13,712
S01003151,793,576,217
S01003152,908,231,677
S01003153,709,611,98
S01003154,957,53,904
S01003155,1358,1319,39
S01003156,834,124,710
S01003157,1099,23,1076
S01003158,618,75,543
S01003159,188,117,71
S01003160,661,315,346
S01003161,629,400,229
S01003162,614,322,292
S01003163,709,319,390
S01003164,813,282,531
S01003165,940,272,668
S01003166,627,14,613
S01003167,956,690,266
S01003168,831,24,807
S01003169,2391,1981,410
S01003170,985,879,106
S01003171,719,544,175
S01003172,749,19,730
S01003173,532,6,526
S01003174,805,55,750
S01003175,823,25,798
S01003176,821,14,807
S01003177,945,534,411
S01003178,896,674,222
S01003179,719,36,683
S01003180,665,637,28
S01003181,894,598,296
S01003182,801,340,461
S01003183,667,23,644
S01003184,834,457,377
S01003185,611,45,566
S01003186,861,159,702
S01003187,1027,222,805
S01003188,976,38,938
S01003189,837,45,792
S01003190,717,198,519
S01003191,535,13,522
S01003192,779,9,770
S01003193,1687,1325,362
S01003194,725,231,494
S01003195,711,631,80
S01003196,978,603,375
S01003197,793,513,280
S01003198,959,268,691
S01003199,940,701,239
S01003200,733,12,721
S01003201,243,126,117
S01003202,1040,259,781
S01003203,876,415,461
S01003204,945,586,359
S01003205,747,213,534
S01003206,781,23,758
S01003207,815,40,775
S01003208,1249,382,867
S01003209,572,469,103
S01003210,873,303,570
S01003211,870,45,825
S01003212,692,611,81
S01003213,544,229,315
S01003214,716,602,114
S01003215,904,427,477
S01003216,690,494,196
S01003217,707,165,542
S01003218,685,53,632
S01003219,746,507,239
S01003220,813,68,745
S01003221,889,51,838
S01003222,824,68,756
S01003223,814,38,776
S01003224,651,617,34
S01003225,668,22,646
S01003226,753,410,343
S01003227,1617,46,1571
S01003228,1260,483,777
S01003229,892,480,412
S01003230,907,723,184
S01003231,878,684,194
S01003232,905,38,867
S01003233,923,822,101
S01003234,876,376,500
S01003235,796,493,303
S01003236,705,41,664
S01003237,915,692,223
S01003238,710,58,652
S01003239,1008,66,942
S01003240,705,198,507
S01003241,780,611,169
S01003242,1044,563,481
S01003243,865,411,454
S01003244,958,513,445
S01003245,1195,42,1153
S01003246,941,216,725
S01003247,781,497,284
S01003248,1100,294,806
S01003249,718,120,598
S01003250,599,488,111
S01003251,828,136,692
S01003252,573,568,5
S01003253,979,145,834
S01003254,550,109,441
S01003255,828,130,698
S01003256,1436,77,1359
S01003257,788,540,248
S01003258,760,737,23
S01003259,1123,849,274
S01003260,701,630,71
S01003261,926,836,90
S01003262,700,126,574
S01003263,1028,438,590
S01003264,635,270,365
S01003265,619,337,282
S01003266,739,391,348
S01003267,967,82,885
S01003268,1719,265,1454
S01003269,901,259,642
S01003270,770,75,695
S01003271,1820,258,1562
S01003272,1594,159,1435
S01003273,699,101,598
S01003274,583,74,509
S01003275,1024,268,756
S01003276,727,719,8
S01003277,614,286,328
S01003278,840,496,344
S01003279,404,313,91
S01003280,913,437,476
S01003281,502,186,316
S01003282,755,468,287
S01003283,687,659,28
S01003284,935,236,699
S01003285,269,2,267
S01003286,984,269,715
S01003287,613,31,582
S01003288,699,690,9
S01003289,407,61,346
S01003290,848,317,531
S01003291,767,220,547
S01003292,731,673,58
S01003293,807,63,744
S01003294,734,48,686
S01003295,908,834,74
S01003296,807,112,695
S01003297,534,50,484
S01003298,1003,258,745
S01003299,451,164,287
S01003300,869,502,367
S01003301,765,209,556
S01003302,686,26,660
S01003303,2006,43,1963
S01003304,724,32,692
S01003305,753,309,444
S01003306,924,265,659
S01003307,1048,417,631
S01003308,854,497,357
S01003309,953,115,838
S01003310,744,235,509
S01003311,696,683,13
S01003312,582,249,333
S01003313,948,392,556
S01003314,627,68,559
S01003315,644,106,538
S01003316,594,99,495
S01003317,646,29,617
S01003318,719,676,43
S01003320,530,16,514
S01003321,692,644,48
S01003322,790,32,758
S01003323,752,692,60
S01003324,448,79,369
S01003325,779,55,724
S01003326,855,260,595
S01003327,599,19,580
S01003328,1016,29,987
S01003329,809,619,190
S01003330,939,908,31
S01003331,642,250,392
S01003332,416,97,319
S01003333,919,226,693
S01003334,1006,613,393
S01003335,649,39,610
S01003336,969,376,593
S01003337,1283,439,844
S01003338,882,370,512
S01003339,770,176,594
S01003340,995,370,625
S01003341,949,901,48
S01003342,718,43,675
S01003343,733,260,473
S01003344,479,433,46
S01003345,967,89,878
S01003346,866,494,372
S01003347,952,317,635
S01003348,994,196,798
S01003349,1367,580,787
S01003350,893,561,332
S01003351,1007,68,939
S01003352,1168,714,454
S01003353,735,7,728
S01003354,604,143,461
S01003355,1054,91,963
S01003356,859,9,850
S01003357,369,49,320
S01003358,1622,31,1591
S01003359,974,941,33
S01003360,730,603,127
S01003361,713,357,356
S01003362,680,358,322
S01003363,768,491,277
S01003364,662,211,451
S01003365,655,147,508
S01003366,651,9,642
S01003367,1213,358,855
S01003368,1501,53,1448
S01003369,625,165,460
S01003370,771,15,756
S01003371,668,13,655
S01003372,749,571,178
S01003373,2204,87,2117
S01003374,492,46,446
S01003375,951,666,285
S01003376,526,90,436
S01003377,723,532,191
S01003378,841,148,693
S01003379,678,371,307
S01003380,1279,164,1115
S01003381,728,610,118
S01003382,1603,28,1575
S01003383,913,362,551
S01003384,965,460,505
S01003385,834,15,819
S01003386,652,292,360
S01003387,793,88,705
S01003388,1038,254,784
S01003389,1019,21,998
S01003390,1218,700,518
S01003391,716,9,707
S01003392,826,21,805
S01003393,832,314,518
S01003394,559,130,429
S01003395,644,12,632
S01003396,759,48,711
S01003397,1045,540,505
S01003398,793,125,668
S01003399,1012,19,993
S01003400,700,328,372
S01003401,769,29,740
S01003402,949,523,426
S01003403,1144,45,1099
S01003404,569,433,136
S01003405,733,561,172
S01003406,691,5,686
S01003407,851,265,586
S01003408,650,47,603
S01003409,1422,141,1281
S01003410,1397,51,1346
S01003411,757,172,585
S01003412,862,457,405
S01003413,741,439,302
S01003414,442,207,235
S01003415,766,27,739
S01003416,844,24,820
S01003417,940,16,924
S01003418,920,186,734
S01003419,959,156,803
S01003420,425,255,170
S01003421,923,475,448
S01003422,790,44,746
S01003423,779,14,765
S01003424,974,43,931
S01003425,838,29,809
S01003426,980,40,940
S01003427,908,282,626
S01003428,843,95,748
S01003429,736,19,717
S01003430,782,19,763
S01003431,696,33,663
S01003432,874,25,849
S01003433,1129,33,1096
S01003434,805,259,546
S01003435,731,383,348
S01003436,525,293,232
S01003437,810,48,762
S01003438,1002,17,985
S01003439,1100,13,1087
S01003440,480,175,305
S01003441,1326,91,1235
S01003442,1013,196,817
S01003443,970,106,864
S01003444,777,202,575
S01003445,1074,339,735
S01003446,446,11,435
S01003447,905,11,894
S01003448,705,319,386
S01003449,728,27,701
S01003450,976,19,957
S01003451,916,70,846
S01003452,583,422,161
S01003453,1263,132,1131
S01003454,664,30,634
S01003455,795,420,375
S01003456,255,77,178
S01003457,1005,28,977
S01003458,1016,356,660
S01003459,842,305,537
S01003460,1054,73,981
S01003461,764,700,64
S01003462,551,76,475
S01003463,692,24,668
S01003464,974,39,935
S01003465,2510,66,2444
S01003466,771,37,734
S01003467,714,609,105
S01003468,839,27,812
S01003469,1008,144,864
S01003470,1139,14,1125
S01003471,776,298,478
S01003472,816,32,784
S01003473,969,89,880
S01003474,690,22,668
S01003475,800,61,739
S01003476,1136,903,233
S01003477,1076,25,1051
S01003478,814,3,811
S01003479,844,12,832
S01003480,834,173,661
S01003481,1033,16,1017
S01003482,658,22,636
S01003483,533,307,226
S01003484,997,59,938
S01003485,890,20,870
S01003486,1033,697,336
S01003487,1003,42,961
S01003488,642,38,604
S01003489,1397,793,604
S01003490,625,49,576
S01003491,85,12,73
S01003492,1060,49,1011
S01003493,831,67,764
S01003494,778,57,721
S01003495,936,253,683
S01003496,984,162,822
S01003497,958,27,931
S01003498,1004,120,884
S01003499,1006,12,994
S01003500,676,35,641
S01003501,708,45,663
S01003502,1848,1411,437
S01003503,700,9,691
S01003504,858,48,810
S01003506,1024,95,929
S01003507,516,4,512
S01003508,807,43,764
S01003509,950,105,845
S01003510,407,18,389
S01003511,1101,239,862
S01003512,641,267,374
S01003513,730,35,695
S01003514,897,27,870
S01003515,631,286,345
S01003516,667,489,178
S01003517,752,84,668
S01003518,1032,62,970
S01003519,542,48,494
S01003520,717,58,659
S01003521,531,32,499
S01003522,822,64,758
S01003523,657,396,261
S01003524,1056,238,818
S01003525,1052,164,888
S01003526,992,172,820
S01003527,882,664,218
S01003528,516,463,53
S01003529,547,463,84
S01003530,821,25,796
S01003531,778,116,662
S01003532,1085,826,259
S01003533,340,19,321
S01003534,903,64,839
S01003535,708,211,497
S01003536,1031,101,930
S01003537,797,151,646
S01003538,624,290,334
S01003539,993,457,536
S01003540,419,41,378
S01003541,935,103,832
S01003542,783,145,638
S01003543,706,173,533
S01003544,529,30,499
S01003545,789,128,661
S01003546,936,285,651
S01003547,767,103,664
S01003549,800,111,689
S01003550,647,626,21
S01003551,658,181,477
S01003552,1036,72,964
S01003553,636,36,600
S01003554,761,26,735
S01003555,725,119,606
S01003556,700,616,84
S01003557,783,117,666
S01003558,990,56,934
S01003559,967,781,186
S01003560,1264,664,600
S01003561,955,252,703
S01003562,623,21,602
S01003563,530,149,381
S01003564,714,201,513
S01003565,858,93,765
S01003566,725,64,661
S01003567,989,339,650
S01003568,676,233,443
S01003569,717,591,126
S01003570,730,494,236
S01003571,880,67,813
S01003572,1030,164,866
S01003573,924,141,783
S01003574,1028,75,953
S01003575,854,23,831
S01003576,759,208,551
S01003577,947,785,162
S01003578,217,186,31
S01003579,857,446,411
S01003580,1018,88,930
S01003581,1216,191,1025
S01003582,671,130,541
S01003583,566,181,385
S01003584,803,35,768
S01003585,670,10,660
S01003586,1053,346,707
S01003587,1104,1022,82
S01003588,635,456,179
S01003589,1021,401,620
S01003590,741,68,673
S01003591,1301,1096,205
S01003592,1423,447,976
S01003593,634,348,286
S01003594,976,497,479
S01003595,918,390,528
S01003596,783,46,737
S01003597,714,372,342
S01003598,690,558,132
S01003599,969,541,428
S01003600,842,42,800
S01003601,817,110,707
S01003602,628,518,110
S01003603,829,342,487
S01003604,695,16,679
S01003605,664,168,496
S01003606,885,457,428
S01003607,531,414,117
S01003608,557,207,350
S01003609,1066,632,434
S01003610,973,89,884
S01003611,842,181,661
S01003612,837,178,659
S01003613,1421,1289,132
S01003614,547,252,295
S01003615,854,385,469
S01003616,869,831,38
S01003617,828,22,806
S01003618,796,581,215
S01003619,816,9,807
S01003620,1025,538,487
S01003621,939,241,698
S01003622,813,357,456
S01003623,915,862,53
S01003624,1438,823,615
S01003625,350,108,242
S01003626,739,663,76
S01003627,621,98,523
S01003628,690,335,355
S01003629,759,382,377
S01003630,771,264,507
S01003631,1265,659,606
S01003632,949,423,526
S01003633,1267,376,891
S01003634,949,256,693
S01003635,559,32,527
S01003636,923,167,756
S01003637,1015,332,683
S01003638,758,222,536
S01003639,779,131,648
S01003640,962,254,708
S01003641,736,716,20
S01003642,789,381,408
S01003643,682,358,324
S01003644,880,302,578
S01003645,539,295,244
S01003646,899,36,863
S01003647,724,377,347
S01003648,820,59,761
S01003649,967,892,75
S01003650,742,169,573
S01003651,732,302,430
S01003652,733,278,455
S01003653,708,517,191
S01003654,943,527,416
S01003655,660,149,511
S01003656,878,353,525
S01003657,793,554,239
S01003658,859,555,304
S01003659,756,289,467
S01003660,976,943,33
S01003661,947,701,246
S01003662,642,278,364
S01003663,585,165,420
S01003664,506,65,441
S01003665,645,17,628
S01003666,663,375,288
S01003667,838,785,53
S01003668,718,453,265
S01003669,927,807,120
S01003670,950,225,725
S01003671,666,286,380
S01003672,751,318,433
S01003673,316,73,243
S01003674,783,314,469
S01003675,879,488,391
S01003676,1191,322,869
S01003677,692,398,294
S01003678,685,615,70
S01003679,1028,470,558
S01003680,623,583,40
S01003681,565,234,331
S01003682,981,664,317
S01003683,616,428,188
S01003684,794,584,210
S01003685,550,526,24
S01003686,948,449,499
S01003687,657,127,530
S01003688,883,314,569
S01003689,667,117,550
S01003690,942,111,831
S01003691,1028,672,356
S01003692,1022,285,737
S01003693,550,318,232
S01003694,986,876,110
S01003695,919,97,822
S01003696,1036,517,519
S01003697,930,868,62
S01003698,1010,968,42
S01003699,938,827,111
S01003700,980,158,822
S01003701,991,263,728
S01003702,822,93,729
S01003703,932,204,728
S01003704,655,65,590
S01003705,906,172,734
S01003706,749,171,578
S01003707,1078,654,424
S01003708,964,333,631
S01003709,804,218,586
S01003710,1179,692,487
S01003711,944,425,519
S01003712,928,526,402
S01003713,481,192,289
S01003714,628,329,299
S01003715,803,599,204
S01003716,575,418,157
S01003717,839,438,401
S01003718,749,563,186
S01003719,624,616,8
S01003720,962,926,36
S01003721,787,704,83
S01003722,889,718,171
S01003723,504,473,31
S01003724,750,536,214
S01003725,557,426,131
S01003726,656,275,381
S01003727,748,713,35
S01003728,558,539,19
S01003729,858,532,326
S01003730,644,541,103
S01003731,581,309,272
S01003732,945,849,96
S01003733,870,825,45
S01003734,709,695,14
S01003735,777,735,42
S01003736,799,784,15
S01003737,611,579,32
S01003738,757,728,29
S01003739,531,516,15
S01003740,611,565,46
S01003741,922,894,28
S01003742,698,693,5
S01003743,545,539,6
S01003744,645,629,16
S01003745,794,691,103
S01003746,828,807,21
S01003747,1067,989,78
S01003748,561,454,107
S01003749,882,800,82
S01003750,699,675,24
S01003751,1005,912,93
S01003752,846,826,20
S01003753,1082,1010,72
S01003754,840,741,99
S01003755,1517,1218,299
S01003756,880,862,18
S01003757,602,593,9
S01003758,952,889,63
S01003759,626,595,31
S01003760,819,795,24
S01003761,951,909,42
S01003762,1088,1069,19
S01003763,880,788,92
S01003764,864,859,5
S01003765,648,577,71
S01003766,727,617,110
S01003767,733,541,192
S01003768,627,610,17
S01003769,941,907,34
S01003770,819,801,18
S01003771,754,737,17
S01003772,600,589,11
S01003773,683,630,53
S01003774,723,692,31
S01003775,909,882,27
S01003776,695,669,26
S01003777,1114,1106,8
S01003778,3225,2782,443
S01003779,499,488,11
S01003780,983,965,18
S01003781,1129,974,155
S01003782,621,618,3
S01003783,1170,1007,163
S01003784,1655,1541,114
S01003785,809,718,91
S01003786,891,869,22
S01003787,591,559,32
S01003788,676,624,52
S01003789,494,483,11
S01003790,570,450,120
S01003791,824,628,196
S01003792,2280,1800,480
S01003793,542,501,41
S01003794,639,503,136
S01003795,648,629,19
S01003796,673,335,338
S01003797,925,770,155
S01003798,846,796,50
S01003799,756,748,8
S01003800,621,604,17
S01003801,816,723,93
S01003802,781,772,9
S01003803,732,640,92
S01003804,620,479,141
S01003805,1139,439,700
S01003806,698,608,90
S01003807,904,901,3
S01003808,900,820,80
S01003809,665,617,48
S01003810,818,746,72
S01003811,687,641,46
S01003812,956,652,304
S01003813,856,836,20
S01003814,761,719,42
S01003815,778,517,261
S01003816,986,882,104
S01003817,1035,872,163
S01003818,803,614,189
S01003819,2446,2281,165
S01003820,904,629,275
S01003821,763,711,52
S01003822,546,493,53
S01003823,914,631,283
S01003824,792,409,383
S01003825,867,832,35
S01003826,719,600,119
S01003827,808,659,149
S01003828,1100,999,101
S01003829,665,634,31
S01003830,901,866,35
S01003831,584,508,76
S01003832,904,586,318
S01003833,519,197,322
S01003834,651,506,145
S01003835,534,404,130
S01003836,513,256,257
S01003837,785,591,194
S01003838,576,572,4
S01003839,648,357,291
S01003840,616,543,73
S01003841,609,591,18
S01003842,758,739,19
S01003843,953,915,38
S01003844,736,724,12
S01003845,1121,594,527
S01003846,754,728,26
S01003847,606,567,39
S01003848,669,629,40
S01003849,1015,410,605
S01003850,522,421,101
S01003851,822,820,2
S01003852,556,428,128
S01003853,1233,315,918
S01003854,568,461,107
S01003855,978,564,414
S01003856,765,622,143
S01003857,783,766,17
S01003858,534,514,20
S01003859,609,600,9
S01003860,665,329,336
S01003861,776,567,209
S01003862,741,570,171
S01003863,686,679,7
S01003864,921,893,28
S01003865,977,967,10
S01003866,963,937,26
S01003867,1329,1267,62
S01003868,691,680,11
S01003869,692,677,15
S01003870,1046,962,84
S01003871,756,739,17
S01003872,899,846,53
S01003873,1072,1066,6
S01003874,712,682,30
S01003875,677,628,49
S01003876,723,722,1
S01003877,676,662,14
S01003878,1089,1044,45
S01003879,778,758,20
S01003880,867,845,22
S01003881,887,857,30
S01003882,500,427,73
S01003883,535,510,25
S01003884,766,741,25
S01003885,654,635,19
S01003886,519,510,9
S01003887,926,824,102
S01003888,1626,1589,37
S01003889,546,533,13
S01003890,663,620,43
S01003891,731,716,15
S01003892,641,624,17
S01003893,630,600,30
S01003894,924,617,307
S01003895,745,740,5
S01003896,697,648,49
S01003897,731,705,26
S01003898,728,629,99
S01003899,800,653,147
S01003900,776,599,177
S01003901,634,605,29
S01003902,970,899,71
S01003903,901,871,30
S01003904,834,463,371
S01003905,1166,1156,10
S01003906,701,670,31
S01003907,748,443,305
S01003908,799,785,14
S01003909,621,606,15
S01003910,723,679,44
S01003911,610,598,12
S01003912,945,837,108
S01003913,707,697,10
S01003914,956,920,36
S01003915,757,729,28
S01003916,845,839,6
S01003917,891,839,52
S01003918,954,900,54
S01003919,612,500,112
S01003920,730,623,107
S01003921,1012,945,67
S01003922,894,850,44
S01003923,761,735,26
S01003924,507,423,84
S01003925,794,780,14
S01003926,580,563,17
S01003927,720,714,6
S01003928,840,816,24
S01003929,548,542,6
S01003930,870,783,87
S01003931,1144,1101,43
S01003932,820,800,20
S01003933,690,653,37
S01003934,1016,988,28
S01003935,827,804,23
S01003936,957,946,11
S01003937,745,727,18
S01003938,605,601,4
S01003939,624,620,4
S01003940,1047,919,128
S01003941,614,605,9
S01003942,756,680,76
S01003943,695,571,124
S01003944,626,582,44
S01003945,659,629,30
S01003946,805,780,25
S01003947,631,619,12
S01003948,743,718,25
S01003949,598,591,7
S01003950,606,550,56
S01003951,566,539,27
S01003952,527,518,9
S01003953,554,534,20
S01003954,677,667,10
S01003955,651,590,61
S01003956,711,589,122
S01003957,681,662,19
S01003958,779,753,26
S01003959,743,726,17
S01003960,862,831,31
S01003961,576,562,14
S01003962,706,673,33
S01003963,472,459,13
S01003964,483,480,3
S01003965,576,560,16
S01003966,1005,981,24
S01003967,534,462,72
S01003968,864,824,40
S01003969,737,731,6
S01003970,620,604,16
S01003971,721,699,22
S01003972,785,758,27
S01003973,442,441,1
S01003974,847,838,9
S01003975,829,813,16
S01003976,769,536,233
S01003977,491,392,99
S01003978,494,372,122
S01003979,561,515,46
S01003980,643,623,20
S01003981,540,490,50
S01003982,777,702,75
S01003983,683,613,70
S01003984,590,453,137
S01003985,743,732,11
S01003986,550,406,144
S01003987,654,649,5
S01003988,480,468,12
S01003989,913,899,14
S01003990,515,506,9
S01003991,622,596,26
S01003992,982,963,19
S01003993,667,659,8
S01003994,729,698,31
S01003995,1312,1282,30
S01003996,649,648,1
S01003997,916,868,48
S01003998,565,475,90
S01003999,853,771,82
S01004000,708,694,14
S01004001,620,611,9
S01004002,891,660,231
S01004003,570,528,42
S01004004,731,681,50
S01004005,588,544,44
S01004006,553,521,32
S01004007,589,482,107
S01004008,668,652,16
S01004009,724,713,11
S01004010,835,821,14
S01004011,1260,1066,194
S01004012,755,584,171
S01004013,526,479,47
S01004014,634,375,259
S01004015,905,773,132
S01004016,598,561,37
S01004017,1014,716,298
S01004018,824,797,27
S01004019,1060,977,83
S01004020,805,659,146
S01004021,1177,1148,29
S01004022,789,421,368
S01004023,556,521,35
S01004024,1019,950,69
S01004025,858,541,317
S01004026,607,534,73
S01004027,785,625,160
S01004028,739,640,99
S01004029,879,686,193
S01004030,660,584,76
S01004031,577,483,94
S01004032,396,150,246
S01004033,821,627,194
S01004034,736,695,41
S01004035,728,484,244
S01004036,630,550,80
S01004037,660,615,45
S01004038,678,428,250
S01004039,368,109,259
S01004040,642,445,197
S01004041,650,360,290
S01004042,576,202,374
S01004043,730,710,20
S01004044,674,230,444
S01004045,596,497,99
S01004046,541,32,509
S01004047,688,285,403
S01004048,994,275,719
S01004049,1310,903,407
S01004050,465,359,106
S01004051,836,623,213
S01004052,528,288,240
S01004053,957,836,121
S01004054,882,840,42
S01004055,557,494,63
S01004056,722,685,37
S01004057,1591,1141,450
S01004058,923,823,100
S01004059,549,322,227
S01004060,468,252,216
S01004061,793,361,432
S01004062,839,569,270
S01004063,610,124,486
S01004064,621,374,247
S01004065,946,70,876
S01004066,560,505,55
S01004067,829,558,271
S01004068,723,171,552
S01004069,448,21,427
S01004070,596,91,505
S01004071,869,668,201
S01004072,977,430,547
S01004073,785,595,190
S01004074,801,649,152
S01004075,440,52,388
S01004076,626,512,114
S01004077,842,681,161
S01004078,768,180,588
S01004079,665,381,284
S01004080,821,188,633
S01004081,649,586,63
S01004082,1030,817,213
S01004083,874,352,522
S01004084,890,68,822
S01004085,524,16,508
S01004086,769,11,758
S01004087,455,394,61
S01004088,525,498,27
S01004089,725,528,197
S01004090,315,214,101
S01004091,958,323,635
S01004092,740,60,680
S01004093,547,17,530
S01004094,397,19,378
S01004095,517,74,443
S01004096,645,599,46
S01004097,734,591,143
S01004098,619,486,133
S01004099,788,642,146
S01004100,765,230,535
S01004101,715,53,662
S01004102,771,215,556
S01004103,660,473,187
S01004104,756,516,240
S01004105,842,562,280
S01004106,853,159,694
S01004107,668,561,107
S01004108,747,590,157
S01004109,560,426,134
S01004110,771,136,635
S01004111,771,347,424
S01004112,702,266,436
S01004113,729,500,229
S01004114,643,60,583
S01004115,657,454,203
S01004116,632,312,320
S01004117,748,175,573
S01004118,899,138,761
S01004119,490,75,415
S01004120,699,393,306
S01004121,428,415,13
S01004122,887,809,78
S01004123,927,825,102
S01004124,1031,811,220
S01004125,655,505,150
S01004126,675,279,396
S01004127,860,855,5
S01004128,683,682,1
S01004129,728,693,35
S01004130,514,410,104
S01004131,809,601,208
S01004132,536,508,28
S01004133,811,789,22
S01004134,646,637,9
S01004135,588,314,274
S01004136,623,515,108
S01004137,575,546,29
S01004138,694,295,399
S01004139,561,484,77
S01004140,540,515,25
S01004141,673,638,35
S01004142,540,527,13
S01004143,846,747,99
S01004144,1301,1245,56
S01004145,626,615,11
S01004146,813,705,108
S01004147,707,604,103
S01004148,927,922,5
S01004149,789,590,199
S01004150,512,502,10
S01004151,1023,966,57
S01004152,752,544,208
S01004153,782,552,230
S01004154,625,575,50
S01004155,885,572,313
S01004156,963,521,442
S01004157,581,571,10
S01004158,579,303,276
S01004159,358,354,4
S01004160,646,537,109
S01004161,548,420,128
S01004162,2023,1837,186
S01004163,662,653,9
S01004164,860,771,89
S01004165,969,872,97
S01004166,735,557,178
S01004167,664,608,56
S01004168,615,469,146
S01004169,738,599,139
S01004170,734,508,226
S01004171,633,624,9
S01004172,756,631,125
S01004173,606,582,24
S01004174,721,662,59
S01004175,540,536,4
S01004176,632,603,29
S01004177,494,375,119
S01004178,566,533,33
S01004179,490,487,3
S01004180,900,888,12
S01004181,798,760,38
S01004182,928,631,297
S01004183,1056,1000,56
S01004184,778,295,483
S01004185,680,643,37
S01004186,739,490,249
S01004187,696,675,21
S01004188,782,655,127
S01004189,922,915,7
S01004190,821,682,139
S01004191,727,601,126
S01004192,1043,806,237
S01004193,684,364,320
S01004194,739,462,277
S01004195,638,416,222
S01004196,615,219,396
S01004197,697,402,295
S01004198,474,317,157
S01004199,780,590,190
S01004200,719,709,10
S01004201,715,571,144
S01004202,523,510,13
S01004203,955,753,202
S01004204,663,598,65
S01004205,758,736,22
S01004206,574,533,41
S01004207,705,622,83
S01004208,851,718,133
S01004209,553,456,97
S01004210,538,453,85
S01004211,992,876,116
S01004212,1668,1537,131
S01004213,530,133,397
S01004214,637,619,18
S01004215,578,500,78
S01004216,807,734,73
S01004217,447,250,197
S01004218,802,755,47
S01004219,508,441,67
S01004220,886,648,238
S01004221,783,564,219
S01004222,558,128,430
S01004223,722,177,545
S01004224,684,676,8
S01004225,753,157,596
S01004226,660,259,401
S01004227,1002,799,203
S01004228,842,577,265
S01004229,643,572,71
S01004230,688,459,229
S01004231,707,550,157
S01004232,624,612,12
S01004233,815,782,33
S01004234,988,980,8
S01004235,854,840,14
S01004236,975,897,78
S01004237,680,614,66
S01004238,566,564,2
S01004239,812,723,89
S01004240,800,795,5
S01004241,536,516,20
S01004242,845,831,14
S01004243,699,688,11
S01004244,656,610,46
S01004245,937,912,25
S01004246,635,627,8
S01004247,843,792,51
S01004248,1036,1016,20
S01004249,916,811,105
S01004250,1025,971,54
S01004251,833,750,83
S01004252,638,631,7
S01004253,579,573,6
S01004254,640,626,14
S01004255,2886,2582,304
S01004256,1460,1375,85
S01004257,621,617,4
S01004258,715,703,12
S01004259,718,670,48
S01004260,513,508,5
S01004261,786,775,11
S01004262,763,751,12
S01004263,748,597,151
S01004264,793,752,41
S01004265,909,802,107
S01004266,545,512,33
S01004267,505,479,26
S01004268,636,598,38
S01004269,838,781,57
S01004270,559,302,257
S01004271,643,390,253
S01004272,565,561,4
S01004273,575,567,8
S01004274,910,863,47
S01004275,584,550,34
S01004276,848,552,296
S01004277,713,705,8
S01004278,1207,1100,107
S01004279,819,635,184
S01004280,925,894,31
S01004281,706,668,38
S01004282,880,550,330
S01004283,702,573,129
S01004284,902,773,129
S01004285,474,470,4
S01004286,578,527,51
S01004287,641,641,0
S01004288,661,635,26
S01004289,543,516,27
S01004290,1000,963,37
S01004291,807,672,135
S01004292,988,840,148
S01004293,928,846,82
S01004294,730,524,206
S01004295,734,512,222
S01004296,880,739,141
S01004297,645,447,198
S01004298,1269,1262,7
S01004299,520,210,310
S01004300,568,257,311
S01004301,774,766,8
S01004302,669,658,11
S01004303,626,524,102
S01004304,798,399,399
S01004305,647,494,153
S01004306,597,408,189
S01004307,679,627,52
S01004308,965,897,68
S01004309,887,855,32
S01004310,709,604,105
S01004311,1153,1040,113
S01004312,695,652,43
S01004313,1272,1225,47
S01004314,787,774,13
S01004315,502,458,44
S01004316,536,518,18
S01004317,1104,1002,102
S01004318,495,457,38
S01004319,888,883,5
S01004320,824,784,40
S01004321,777,758,19
S01004322,967,869,98
S01004323,657,503,154
S01004324,797,715,82
S01004325,1046,870,176
S01004326,843,835,8
S01004327,682,655,27
S01004328,607,577,30
S01004329,504,481,23
S01004330,1412,1376,36
S01004331,575,559,16
S01004332,625,607,18
S01004333,578,554,24
S01004334,925,880,45
S01004335,535,529,6
S01004336,995,942,53
S01004337,740,665,75
S01004338,769,752,17
S01004339,950,916,34
S01004340,537,495,42
S01004341,558,549,9
S01004342,764,727,37
S01004343,635,576,59
S01004344,744,568,176
S01004345,1146,1001,145
S01004346,445,428,17
S01004347,898,820,78
S01004348,637,499,138
S01004349,721,697,24
S01004350,516,494,22
S01004351,532,500,32
S01004352,531,488,43
S01004353,838,782,56
S01004354,514,474,40
S01004355,571,411,160
S01004356,951,889,62
S01004357,820,808,12
S01004358,665,638,27
S01004359,546,534,12
S01004360,633,541,92
S01004361,767,589,178
S01004362,604,426,178
S01004363,886,182,704
S01004364,874,391,483
S01004365,703,623,80
S01004366,589,499,90
S01004367,781,774,7
S01004368,510,180,330
S01004369,697,687,10
S01004370,680,634,46
S01004371,727,688,39
S01004372,876,850,26
S01004373,670,543,127
S01004374,768,453,315
S01004375,624,619,5
S01004376,871,854,17
S01004377,709,296,413
S01004378,913,602,311
S01004379,903,846,57
S01004380,697,551,146
S01004381,781,759,22
S01004382,681,390,291
S01004383,796,757,39
S01004384,662,598,64
S01004385,740,658,82
S01004386,971,837,134
S01004387,947,737,210
S01004388,696,624,72
S01004389,586,581,5
S01004390,782,699,83
S01004391,555,542,13
S01004392,844,635,209
S01004393,889,669,220
S01004394,799,601,198
S01004395,596,451,145
S01004396,758,734,24
S01004397,907,884,23
S01004398,806,774,32
S01004399,482,266,216
S01004400,548,539,9
S01004401,1079,1069,10
S01004402,852,721,131
S01004403,504,427,77
S01004404,734,722,12
S01004405,757,716,41
S01004406,890,805,85
S01004407,656,508,148
S01004408,1400,1317,83
S01004409,434,414,20
S01004410,969,868,101
S01004411,542,385,157
S01004412,997,449,548
S01004413,689,194,495
S01004414,684,118,566
S01004415,680,530,150
S01004416,763,431,332
S01004417,807,265,542
S01004418,895,834,61
S01004419,760,711,49
S01004420,718,526,192
S01004421,862,163,699
S01004422,594,336,258
S01004423,737,385,352
S01004424,692,417,275
S01004425,565,505,60
S01004426,585,438,147
S01004427,728,412,316
S01004428,888,657,231
S01004429,809,620,189
S01004430,495,474,21
S01004431,666,163,503
S01004432,978,914,64
S01004433,908,888,20
S01004434,815,411,404
S01004435,842,497,345
S01004436,757,736,21
S01004437,901,800,101
S01004438,637,583,54
S01004439,688,679,9
S01004440,736,589,147
S01004441,1333,1315,18
S01004442,846,550,296
S01004443,711,679,32
S01004444,900,843,57
S01004445,779,771,8
S01004446,807,683,124
S01004447,729,712,17
S01004448,546,468,78
S01004449,805,526,279
S01004450,833,449,384
S01004451,855,677,178
S01004452,651,515,136
S01004453,955,941,14
S01004454,1004,959,45
S01004455,790,710,80
S01004456,494,466,28
S01004457,871,852,19
S01004458,825,778,47
S01004459,556,461,95
S01004460,590,581,9
S01004461,574,562,12
S01004462,645,621,24
S01004463,739,706,33
S01004464,839,656,183
S01004465,723,699,24
S01004466,946,723,223
S01004467,916,769,147
S01004468,918,904,14
S01004469,642,563,79
S01004470,737,728,9
S01004471,2065,1958,107
S01004472,666,619,47
S01004473,1103,923,180
S01004474,1048,901,147
S01004475,489,461,28
S01004476,735,451,284
S01004477,1097,888,209
S01004478,590,576,14
S01004479,705,619,86
S01004480,944,906,38
S01004481,829,795,34
S01004482,856,329,527
S01004483,708,689,19
S01004484,1004,841,163
S01004485,542,499,43
S01004486,962,875,87
S01004487,1043,569,474
S01004488,678,601,77
S01004489,923,869,54
S01004490,658,636,22
S01004491,794,763,31
S01004492,921,887,34
S01004493,927,811,116
S01004494,883,836,47
S01004495,696,497,199
S01004496,635,430,205
S01004497,826,539,287
S01004498,702,511,191
S01004499,610,548,62
S01004500,712,610,102
S01004501,721,533,188
S01004502,730,715,15
S01004503,648,220,428
S01004504,694,668,26
S01004505,560,553,7
S01004506,522,510,12
S01004507,706,579,127
S01004508,697,496,201
S01004509,1028,932,96
S01004510,752,536,216
S01004511,919,395,524
S01004512,856,696,160
S01004513,522,292,230
S01004514,596,556,40
S01004515,747,106,641
S01004516,449,273,176
S01004517,737,116,621
S01004518,634,504,130
S01004519,917,637,280
S01004520,914,503,411
S01004521,754,712,42
S01004522,863,755,108
S01004523,733,444,289
S01004524,561,545,16
S01004525,934,604,330
S01004526,682,531,151
S01004527,617,457,160
S01004528,737,418,319
S01004529,852,701,151
S01004530,547,542,5
S01004531,1044,837,207
S01004532,852,389,463
S01004533,441,22,419
S01004534,645,619,26
S01004535,898,795,103
S01004536,680,547,133
S01004537,815,717,98
S01004538,734,641,93
S01004539,716,535,181
S01004540,1151,867,284
S01004541,840,691,149
S01004542,790,752,38
S01004543,811,638,173
S01004544,1844,1246,598
S01004545,737,354,383
S01004546,854,551,303
S01004547,844,384,460
S01004548,762,458,304
S01004549,2087,1718,369
S01004550,667,151,516
S01004551,1505,1297,208
S01004552,810,566,244
S01004553,534,448,86
S01004554,726,395,331
S01004555,614,509,105
S01004556,674,165,509
S01004557,430,369,61
S01004558,924,554,370
S01004559,954,613,341
S01004560,588,486,102
S01004561,957,381,576
S01004562,541,453,88
S01004563,793,640,153
S01004564,594,496,98
S01004565,902,845,57
S01004566,694,599,95
S01004567,475,29,446
S01004568,693,617,76
S01004569,734,449,285
S01004570,626,607,19
S01004571,635,473,162
S01004572,722,644,78
S01004573,596,576,20
S01004574,487,470,17
S01004575,665,322,343
S01004576,560,530,30
S01004577,617,377,240
S01004578,851,836,15
S01004579,605,93,512
S01004580,827,776,51
S01004581,1240,913,327
S01004582,580,515,65
S01004583,798,136,662
S01004584,679,327,352
S01004585,552,290,262
S01004586,1060,869,191
S01004587,1217,579,638
S01004588,628,559,69
S01004589,783,477,306
S01004590,839,682,157
S01004591,558,491,67
S01004592,637,487,150
S01004593,955,834,121
S01004594,491,352,139
S01004595,1019,708,311
S01004596,662,168,494
S01004597,531,494,37
S01004598,678,648,30
S01004599,959,897,62
S01004600,865,538,327
S01004601,895,537,358
S01004602,860,844,16
S01004603,796,337,459
S01004604,554,322,232
S01004605,965,906,59
S01004606,823,538,285
S01004607,560,364,196
S01004608,1562,1358,204
S01004609,562,431,131
S01004610,697,513,184
S01004611,1041,627,414
S01004612,1090,936,154
S01004613,1699,1413,286
S01004614,750,561,189
S01004615,1182,884,298
S01004616,877,785,92
S01004617,669,539,130
S01004618,649,258,391
S01004619,514,222,292
S01004620,666,137,529
S01004621,884,800,84
S01004622,858,643,215
S01004623,956,530,426
S01004624,1212,771,441
S01004625,821,791,30
S01004626,2033,1561,472
S01004627,522,383,139
S01004628,544,279,265
S01004629,887,819,68
S01004630,897,768,129
S01004631,731,567,164
S01004632,954,880,74
S01004633,574,459,115
S01004634,1114,1065,49
S01004635,774,402,372
S01004636,630,484,146
S01004637,565,553,12
S01004638,524,277,247
S01004639,661,559,102
S01004640,746,521,225
S01004641,610,551,59
S01004642,814,798,16
S01004643,494,390,104
S01004644,728,526,202
S01004645,951,465,486
S01004646,781,764,17
S01004647,1114,1026,88
S01004648,1122,770,352
S01004649,578,386,192
S01004650,802,733,69
S01004651,917,863,54
S01004652,962,629,333
S01004653,612,547,65
S01004654,1015,858,157
S01004655,967,411,556
S01004656,596,426,170
S01004657,734,607,127
S01004658,947,738,209
S01004659,503,430,73
S01004660,768,701,67
S01004661,741,569,172
S01004662,908,493,415
S01004663,512,450,62
S01004664,562,484,78
S01004665,673,362,311
S01004666,755,734,21
S01004667,698,203,495
S01004668,890,727,163
S01004669,885,576,309
S01004670,965,331,634
S01004671,806,614,192
S01004672,641,571,70
S01004673,909,850,59
S01004674,797,712,85
S01004675,821,696,125
S01004676,766,653,113
S01004677,873,559,314
S01004678,873,809,64
S01004679,473,342,131
S01004680,862,471,391
S01004681,780,646,134
S01004682,529,186,343
S01004683,674,607,67
S01004684,1470,1237,233
S01004685,501,240,261
S01004686,738,492,246
S01004687,1052,973,79
S01004688,655,641,14
S01004689,1018,903,115
S01004690,530,441,89
S01004691,714,687,27
S01004692,673,648,25
S01004693,704,663,41
S01004694,572,546,26
S01004695,747,727,20
S01004696,937,916,21
S01004697,801,785,16
S01004698,609,599,10
S01004699,810,791,19
S01004700,746,673,73
S01004701,865,861,4
S01004702,548,501,47
S01004703,892,817,75
S01004704,614,387,227
S01004705,941,837,104
S01004706,1629,1584,45
S01004707,929,905,24
S01004708,654,504,150
S01004709,703,690,13
S01004710,767,557,210
S01004711,917,564,353
S01004712,496,455,41
S01004713,728,335,393
S01004714,787,520,267
S01004715,1668,1398,270
S01004716,844,743,101
S01004717,952,906,46
S01004718,889,877,12
S01004719,966,911,55
S01004720,861,484,377
S01004721,569,495,74
S01004722,690,448,242
S01004723,655,598,57
S01004724,965,875,90
S01004725,638,473,165
S01004726,577,482,95
S01004727,791,306,485
S01004728,945,843,102
S01004729,620,419,201
S01004730,1409,1203,206
S01004731,847,824,23
S01004732,626,575,51
S01004733,690,149,541
S01004734,507,72,435
S01004735,958,673,285
S01004736,757,588,169
S01004737,750,726,24
S01004738,649,59,590
S01004739,664,643,21
S01004740,819,771,48
S01004741,597,484,113
S01004742,1328,1247,81
S01004743,878,826,52
S01004744,552,100,452
S01004745,779,321,458
S01004746,834,640,194
S01004747,696,680,16
S01004748,588,183,405
S01004749,1084,794,290
S01004750,641,396,245
S01004751,799,256,543
S01004752,827,608,219
S01004753,763,500,263
S01004754,637,440,197
S01004755,683,556,127
S01004756,577,456,121
S01004757,826,360,466
S01004758,855,667,188
S01004759,584,408,176
S01004760,720,293,427
S01004761,528,342,186
S01004762,622,511,111
S01004763,848,808,40
S01004764,736,519,217
S01004765,1320,554,766
S01004766,1196,724,472
S01004767,674,464,210
S01004768,852,824,28
S01004769,548,483,65
S01004770,550,83,467
S01004771,830,637,193
S01004772,572,160,412
S01004773,754,728,26
S01004774,924,868,56
S01004775,785,53,732
S01004776,721,559,162
S01004777,733,671,62
S01004778,686,248,438
S01004779,823,261,562
S01004780,639,629,10
S01004781,926,476,450
S01004782,1176,532,644
S01004783,903,670,233
S01004784,672,240,432
S01004785,629,618,11
S01004786,483,206,277
S01004787,980,429,551
S01004788,677,662,15
S01004789,983,378,605
S01004790,719,708,11
S01004791,525,329,196
S01004792,596,303,293
S01004793,747,682,65
S01004794,708,400,308
S01004795,899,624,275
S01004796,710,524,186
S01004797,696,429,267
S01004798,846,221,625
S01004799,556,181,375
S01004800,661,305,356
S01004801,719,272,447
S01004802,854,408,446
S01004803,850,277,573
S01004804,853,262,591
S01004805,608,215,393
S01004806,605,423,182
S01004807,514,135,379
S01004808,705,63,642
S01004809,438,158,280
S01004810,575,224,351
S01004811,717,371,346
S01004812,816,120,696
S01004813,868,744,124
S01004814,808,728,80
S01004815,1728,1463,265
S01004816,792,650,142
S01004817,626,302,324
S01004818,787,548,239
S01004819,477,123,354
S01004820,1044,962,82
S01004821,1753,1599,154
S01004822,689,627,62
S01004823,896,738,158
S01004824,753,676,77
S01004825,597,453,144
S01004826,961,737,224
S01004827,619,303,316
S01004828,1158,1031,127
S01004829,699,632,67
S01004830,729,566,163
S01004831,828,720,108
S01004832,1342,1038,304
S01004833,710,441,269
S01004834,759,593,166
S01004835,820,640,180
S01004836,707,600,107
S01004837,930,900,30
S01004838,1819,1407,412
S01004839,864,759,105
S01004840,848,664,184
S01004841,812,672,140
S01004842,1491,1454,37
S01004843,650,223,427
S01004844,916,767,149
S01004845,764,427,337
S01004846,1021,778,243
S01004847,994,889,105
S01004848,713,697,16
S01004849,530,296,234
S01004850,1466,1287,179
S01004851,647,427,220
S01004852,683,454,229
S01004853,733,673,60
S01004854,1089,903,186
S01004855,633,346,287
S01004856,1538,1316,222
S01004857,838,759,79
S01004858,851,809,42
S01004859,917,895,22
S01004860,1366,1306,60
S01004861,710,707,3
S01004862,634,605,29
S01004863,844,692,152
S01004864,529,471,58
S01004865,716,714,2
S01004866,824,810,14
S01004867,736,702,34
S01004868,710,449,261
S01004869,785,769,16
S01004870,851,763,88
S01004871,770,572,198
S01004872,815,781,34
S01004873,751,639,112
S01004874,1070,611,459
S01004875,727,489,238
S01004876,929,797,132
S01004877,705,701,4
S01004878,797,569,228
S01004879,657,499,158
S01004880,729,567,162
S01004881,758,654,104
S01004882,502,478,24
S01004883,2080,1996,84
S01004884,552,549,3
S01004885,539,519,20
S01004886,878,687,191
S01004887,403,394,9
S01004888,634,627,7
S01004889,793,745,48
S01004890,769,384,385
S01004891,992,779,213
S01004892,683,662,21
S01004893,711,603,108
S01004894,849,520,329
S01004895,876,692,184
S01004896,873,858,15
S01004897,575,556,19
S01004898,939,556,383
S01004899,764,721,43
S01004900,939,929,10
S01004901,753,130,623
S01004902,729,546,183
S01004903,584,580,4
S01004904,905,516,389
S01004905,990,656,334
S01004906,792,527,265
S01004907,793,751,42
S01004908,624,591,33
S01004909,777,539,238
S01004910,836,828,8
S01004911,904,900,4
S01004912,730,540,190
S01004913,641,488,153
S01004914,634,532,102
S01004915,636,236,400
S01004916,687,446,241
S01004917,596,587,9
S01004918,645,575,70
S01004919,720,680,40
S01004920,884,550,334
S01004921,656,302,354
S01004922,667,645,22
S01004923,941,816,125
S01004924,773,690,83
S01004925,568,455,113
S01004926,882,866,16
S01004927,860,833,27
S01004928,1557,1537,20
S01004929,627,593,34
S01004930,627,208,419
S01004931,1005,516,489
S01004932,774,175,599
S01004933,877,507,370
S01004934,735,313,422
S01004935,505,483,22
S01004936,888,433,455
S01004937,547,215,332
S01004938,731,474,257
S01004939,550,151,399
S01004940,519,476,43
S01004941,608,386,222
S01004942,918,791,127
S01004943,1100,1023,77
S01004944,498,465,33
S01004945,660,429,231
S01004946,721,711,10
S01004947,748,740,8
S01004948,534,448,86
S01004949,715,711,4
S01004950,814,795,19
S01004951,724,641,83
S01004952,1091,1074,17
S01004953,835,791,44
S01004954,703,694,9
S01004955,608,599,9
S01004956,768,751,17
S01004957,724,711,13
S01004958,1150,1005,145
S01004959,712,452,260
S01004960,535,477,58
S01004961,652,557,95
S01004962,628,619,9
S01004963,623,611,12
S01004964,1063,1052,11
S01004965,940,931,9
S01004966,1052,1041,11
S01004967,669,660,9
S01004968,572,569,3
S01004969,896,875,21
S01004970,834,807,27
S01004971,1021,1001,20
S01004972,819,799,20
S01004973,959,941,18
S01004974,1181,1154,27
S01004975,756,727,29
S01004976,950,779,171
S01004977,965,821,144
S01004978,1001,971,30
S01004979,805,763,42
S01004980,962,934,28
S01004981,980,935,45
S01004982,620,588,32
S01004983,963,893,70
S01004984,763,655,108
S01004985,813,725,88
S01004986,753,694,59
S01004987,497,489,8
S01004988,547,517,30
S01004989,672,564,108
S01004990,593,576,17
S01004991,659,608,51
S01004992,848,763,85
S01004993,691,685,6
S01004994,745,658,87
S01004995,976,756,220
S01004996,708,536,172
S01004997,939,898,41
S01004998,1258,1202,56
S01004999,870,806,64
S01005000,546,481,65
S01005001,1026,978,48
S01005002,991,959,32
S01005003,1087,1044,43
S01005004,881,846,35
S01005005,941,827,114
S01005006,654,459,195
S01005007,839,774,65
S01005008,947,902,45
S01005009,1033,1006,27
S01005010,692,480,212
S01005011,860,683,177
S01005012,859,408,451
S01005013,817,713,104
S01005014,871,675,196
S01005015,601,484,117
S01005016,869,548,321
S01005017,716,652,64
S01005018,594,517,77
S01005019,741,316,425
S01005020,734,515,219
S01005021,947,797,150
S01005022,708,578,130
S01005023,742,679,63
S01005024,892,620,272
S01005025,689,671,18
S01005026,670,598,72
S01005027,812,736,76
S01005028,899,690,209
S01005029,981,422,559
S01005030,1027,880,147
S01005031,670,210,460
S01005032,866,610,256
S01005033,735,723,12
S01005034,779,757,22
S01005035,980,822,158
S01005036,632,512,120
S01005037,1151,147,1004
S01005038,744,715,29
S01005039,1056,1029,27
S01005040,1112,65,1047
S01005041,682,16,666
S01005042,798,780,18
S01005043,789,559,230
S01005044,929,408,521
S01005045,1003,944,59
S01005046,1310,1083,227
S01005047,1516,88,1428
S01005048,541,539,2
S01005049,793,125,668
S01005050,910,242,668
S01005051,823,786,37
S01005052,914,888,26
S01005053,865,162,703
S01005054,592,448,144
S01005055,811,617,194
S01005056,679,214,465
S01005057,739,281,458
S01005058,809,397,412
S01005059,510,296,214
S01005060,727,434,293
S01005061,1042,699,343
S01005062,490,477,13
S01005063,495,468,27
S01005064,754,679,75
S01005065,1252,405,847
S01005066,786,217,569
S01005067,506,491,15
S01005068,641,572,69
S01005069,594,303,291
S01005070,1091,458,633
S01005071,190,97,93
S01005072,622,444,178
S01005073,600,499,101
S01005074,1210,1151,59
S01005075,435,350,85
S01005076,768,489,279
S01005077,1036,930,106
S01005078,692,546,146
S01005079,638,476,162
S01005080,454,297,157
S01005081,656,487,169
S01005082,657,614,43
S01005083,959,776,183
S01005084,613,477,136
S01005085,533,465,68
S01005086,1638,1150,488
S01005087,492,435,57
S01005088,539,518,21
S01005089,738,712,26
S01005090,866,706,160
S01005091,637,627,10
S01005092,672,601,71
S01005093,702,568,134
S01005094,798,718,80
S01005095,1558,1508,50
S01005096,734,681,53
S01005097,840,815,25
S01005098,703,653,50
S01005099,797,699,98
S01005100,913,848,65
S01005101,996,557,439
S01005102,854,830,24
S01005103,997,939,58
S01005104,624,588,36
S01005105,886,623,263
S01005106,555,458,97
S01005107,454,411,43
S01005108,635,598,37
S01005109,1458,1386,72
S01005110,1115,1093,22
S01005111,576,562,14
S01005112,843,818,25
S01005113,1045,885,160
S01005114,990,517,473
S01005115,901,723,178
S01005116,621,596,25
S01005117,947,917,30
S01005118,790,663,127
S01005119,676,673,3
S01005120,620,607,13
S01005121,894,857,37
S01005122,866,830,36
S01005123,750,687,63
S01005124,703,670,33
S01005125,838,285,553
S01005126,621,586,35
S01005127,676,441,235
S01005128,962,784,178
S01005129,948,883,65
S01005130,664,323,341
S01005131,980,830,150
S01005132,662,529,133
S01005133,401,388,13
S01005134,989,762,227
S01005135,779,611,168
S01005136,813,555,258
S01005137,940,889,51
S01005138,1111,999,112
S01005139,642,600,42
S01005140,593,580,13
S01005141,811,754,57
S01005142,553,491,62
S01005143,1068,776,292
S01005144,1079,880,199
S01005145,695,675,20
S01005146,682,669,13
S01005147,890,835,55
S01005148,846,623,223
S01005149,593,452,141
S01005150,660,476,184
S01005151,670,532,138
S01005152,1465,1384,81
S01005153,868,783,85
S01005154,637,599,38
S01005155,687,581,106
S01005156,695,590,105
S01005157,871,684,187
S01005158,677,613,64
S01005159,917,851,66
S01005160,1089,826,263
S01005161,951,713,238
S01005162,918,646,272
S01005163,628,480,148
S01005164,914,737,177
S01005165,720,639,81
S01005166,989,611,378
S01005167,670,299,371
S01005168,740,599,141
S01005169,577,549,28
S01005170,785,659,126
S01005171,787,492,295
S01005172,1468,1407,61
S01005173,691,593,98
S01005174,622,424,198
S01005175,820,601,219
S01005176,688,454,234
S01005177,829,338,491
S01005178,956,900,56
S01005179,925,705,220
S01005180,842,732,110
S01005181,924,845,79
S01005182,737,426,311
S01005183,903,582,321
S01005184,932,152,780
S01005185,517,407,110
S01005186,731,327,404
S01005187,990,626,364
S01005188,884,870,14
S01005189,877,663,214
S01005190,859,762,97
S01005191,926,420,506
S01005192,1115,713,402
S01005193,751,693,58
S01005194,591,487,104
S01005195,900,871,29
S01005196,809,425,384
S01005197,700,104,596
S01005198,846,715,131
S01005199,764,640,124
S01005200,537,509,28
S01005201,917,579,338
S01005202,870,665,205
S01005203,776,674,102
S01005204,506,446,60
S01005205,1101,633,468
S01005206,960,885,75
S01005207,892,393,499
S01005208,558,233,325
S01005209,866,568,298
S01005210,908,101,807
S01005211,686,191,495
S01005212,535,316,219
S01005213,919,608,311
S01005214,922,194,728
S01005215,966,593,373
S01005216,751,264,487
S01005217,871,682,189
S01005218,932,260,672
S01005219,903,726,177
S01005220,660,406,254
S01005221,646,402,244
S01005222,583,408,175
S01005223,722,420,302
S01005224,724,690,34
S01005225,963,693,270
S01005226,510,304,206
S01005227,1060,328,732
S01005228,885,842,43
S01005229,1122,256,866
S01005230,825,514,311
S01005231,715,451,264
S01005232,1002,266,736
S01005233,740,280,460
S01005234,1313,668,645
S01005235,695,398,297
S01005236,1175,890,285
S01005237,983,951,32
S01005238,800,660,140
S01005239,962,67,895
S01005240,834,163,671
S01005241,952,931,21
S01005242,1107,135,972
S01005243,1057,55,1002
S01005244,905,839,66
S01005245,684,36,648
S01005246,878,25,853
S01005247,624,460,164
S01005248,619,31,588
S01005249,849,52,797
S01005250,835,27,808
S01005251,852,607,245
S01005252,506,209,297
S01005253,547,475,72
S01005254,750,218,532
S01005255,710,33,677
S01005256,846,741,105
S01005257,904,457,447
S01005258,1014,946,68
S01005259,541,183,358
S01005260,629,201,428
S01005261,653,535,118
S01005262,1090,269,821
S01005263,534,431,103
S01005264,628,331,297
S01005265,479,120,359
S01005266,846,608,238
S01005267,1070,663,407
S01005268,1315,135,1180
S01005269,940,621,319
S01005270,1046,930,116
S01005271,519,490,29
S01005272,538,304,234
S01005273,731,635,96
S01005274,745,116,629
S01005275,546,72,474
S01005276,722,536,186
S01005277,669,597,72
S01005278,789,527,262
S01005279,553,536,17
S01005280,753,132,621
S01005281,767,520,247
S01005282,756,73,683
S01005283,800,755,45
S01005284,605,197,408
S01005285,693,650,43
S01005286,801,719,82
S01005287,1034,457,577
S01005288,778,540,238
S01005289,989,706,283
S01005290,604,371,233
S01005291,684,646,38
S01005292,744,189,555
S01005293,760,447,313
S01005294,569,471,98
S01005295,586,226,360
S01005296,831,818,13
S01005297,647,625,22
S01005298,1082,971,111
S01005299,503,477,26
S01005300,911,873,38
S01005301,868,853,15
S01005302,1000,598,402
S01005303,842,575,267
S01005304,662,637,25
S01005305,744,384,360
S01005306,956,918,38
S01005307,953,924,29
S01005308,532,112,420
S01005309,851,417,434
S01005310,975,336,639
S01005311,818,641,177
S01005312,1068,728,340
S01005313,841,659,182
S01005314,457,442,15
S01005315,795,361,434
S01005316,848,733,115
S01005317,519,511,8
S01005318,573,340,233
S01005319,617,551,66
S01005320,610,523,87
S01005321,604,321,283
S01005322,1859,1377,482
S01005323,757,387,370
S01005324,781,436,345
S01005325,2209,896,1313
S01005326,921,323,598
S01005327,604,251,353
S01005328,704,68,636
S01005329,641,541,100
S01005330,694,428,266
S01005331,669,232,437
S01005332,523,440,83
S01005333,772,764,8
S01005334,1137,1045,92
S01005335,505,494,11
S01005336,598,582,16
S01005337,872,830,42
S01005338,562,554,8
S01005339,770,725,45
S01005340,573,514,59
S01005341,647,628,19
S01005342,730,712,18
S01005343,932,922,10
S01005344,726,674,52
S01005345,747,742,5
S01005346,789,778,11
S01005347,675,628,47
S01005348,859,708,151
S01005349,846,803,43
S01005350,709,667,42
S01005351,1090,820,270
S01005352,926,880,46
S01005353,1057,892,165
S01005354,843,823,20
S01005355,737,588,149
S01005356,681,674,7
S01005357,790,618,172
S01005358,782,625,157
S01005359,808,789,19
S01005360,762,745,17
S01005361,932,818,114
S01005362,763,692,71
S01005363,654,621,33
S01005364,893,863,30
S01005365,828,808,20
S01005366,708,600,108
S01005367,751,182,569
S01005368,617,244,373
S01005369,974,313,661
S01005370,814,524,290
S01005371,947,694,253
S01005372,862,291,571
S01005373,722,271,451
S01005374,870,269,601
S01005375,935,647,288
S01005376,981,628,353
S01005377,863,573,290
S01005378,808,653,155
S01005379,920,595,325
S01005380,671,641,30
S01005381,641,593,48
S01005382,834,793,41
S01005383,567,528,39
S01005384,918,872,46
S01005385,962,954,8
S01005386,653,603,50
S01005387,899,784,115
S01005388,773,560,213
S01005389,744,304,440
S01005390,850,669,181
S01005391,734,455,279
S01005392,831,809,22
S01005393,884,866,18
S01005394,863,836,27
S01005395,975,937,38
S01005396,741,705,36
S01005397,544,531,13
S01005398,969,889,80
S01005399,981,657,324
S01005400,1031,881,150
S01005401,825,536,289
S01005402,1013,671,342
S01005403,892,641,251
S01005404,970,946,24
S01005405,563,473,90
S01005406,546,527,19
S01005407,1435,1367,68
S01005408,579,447,132
S01005409,700,649,51
S01005410,1009,967,42
S01005411,968,893,75
S01005412,988,756,232
S01005413,906,340,566
S01005414,1006,861,145
S01005415,970,825,145
S01005416,955,449,506
S01005417,1208,1056,152
S01005418,1106,932,174
S01005419,718,608,110
S01005420,735,726,9
S01005421,870,797,73
S01005422,763,523,240
S01005423,989,961,28
S01005424,848,635,213
S01005425,980,367,613
S01005426,769,409,360
S01005427,774,245,529
S01005428,1049,779,270
S01005429,687,233,454
S01005430,537,451,86
S01005431,667,485,182
S01005432,704,351,353
S01005433,850,321,529
S01005434,800,194,606
S01005435,1058,704,354
S01005436,915,641,274
S01005437,916,635,281
S01005438,788,607,181
S01005439,699,351,348
S01005440,1266,1224,42
S01005441,1045,634,411
S01005442,1971,1869,102
S01005443,1154,826,328
S01005444,1319,1288,31
S01005445,999,848,151
S01005446,775,671,104
S01005447,932,841,91
S01005448,873,832,41
S01005449,937,920,17
S01005450,1130,845,285
S01005451,910,810,100
S01005452,899,881,18
S01005453,802,741,61
S01005454,859,454,405
S01005455,871,469,402
S01005456,858,530,328
S01005457,957,558,399
S01005458,713,406,307
S01005459,931,877,54
S01005460,868,835,33
S01005461,755,733,22
S01005462,1072,1065,7
S01005463,622,543,79
S01005464,648,586,62
S01005465,610,560,50
S01005466,1119,1067,52
S01005467,508,472,36
S01005468,896,849,47
S01005469,889,856,33
S01005470,734,639,95
S01005471,813,779,34
S01005472,1450,1420,30
S01005473,991,959,32
S01005474,888,689,199
S01005475,924,910,14
S01005476,911,889,22
S01005477,863,807,56
S01005478,753,537,216
S01005479,599,526,73
S01005480,1271,1223,48
S01005481,687,621,66
S01005482,663,644,19
S01005483,939,888,51
S01005484,535,501,34
S01005485,851,832,19
S01005486,874,612,262
S01005487,699,430,269
S01005488,792,773,19
S01005489,959,899,60
S01005490,652,623,29
S01005491,823,756,67
S01005492,930,921,9
S01005493,691,686,5
S01005494,882,879,3
S01005495,769,759,10
S01005496,1025,1015,10
S01005497,915,912,3
S01005498,968,824,144
S01005499,638,613,25
S01005500,720,707,13
S01005501,1043,920,123
S01005502,833,720,113
S01005503,607,510,97
S01005504,638,500,138
S01005505,621,589,32
S01005506,849,526,323
S01005507,587,416,171
S01005508,697,558,139
S01005509,659,634,25
S01005510,726,712,14
S01005511,652,650,2
S01005512,688,661,27
S01005513,813,805,8
S01005514,624,621,3
S01005515,566,564,2
S01005516,559,546,13
S01005517,957,944,13
S01005518,1037,1029,8
S01005519,643,632,11
S01005520,960,944,16
S01005521,684,679,5
S01005522,631,556,75
S01005523,768,751,17
S01005524,769,725,44
S01005525,662,646,16
S01005526,674,551,123
S01005527,493,360,133
S01005528,558,487,71
S01005529,950,870,80
S01005530,626,375,251
S01005531,551,467,84
S01005532,817,607,210
S01005533,712,546,166
S01005534,583,416,167
S01005535,850,780,70
S01005536,890,843,47
S01005537,712,657,55
S01005538,814,748,66
S01005539,863,814,49
S01005540,748,578,170
S01005541,637,423,214
S01005542,733,612,121
S01005543,765,571,194
S01005544,709,325,384
S01005545,1217,1170,47
S01005546,746,724,22
S01005547,964,914,50
S01005548,1234,1191,43
S01005549,1496,1429,67
S01005550,612,592,20
S01005551,840,836,4
S01005552,751,738,13
S01005553,813,790,23
S01005554,662,657,5
S01005555,821,812,9
S01005556,589,577,12
S01005557,701,688,13
S01005558,719,713,6
S01005559,625,538,87
S01005560,578,503,75
S01005561,860,817,43
S01005562,868,819,49
S01005563,757,649,108
S01005564,805,751,54
S01005565,546,543,3
S01005566,491,343,148
S01005567,962,778,184
S01005568,545,466,79
S01005569,735,728,7
S01005570,757,732,25
S01005571,688,683,5
S01005572,769,681,88
S01005573,699,681,18
S01005574,840,831,9
S01005575,674,666,8
S01005576,782,661,121
S01005577,790,553,237
S01005578,941,921,20
S01005579,961,909,52
S01005580,532,392,140
S01005581,714,590,124
S01005582,780,521,259
S01005583,630,543,87
S01005584,554,545,9
S01005585,881,214,667
S01005586,762,308,454
S01005587,967,938,29
S01005588,651,315,336
S01005589,1290,340,950
S01005590,772,117,655
S01005591,918,736,182
S01005592,440,66,374
S01005593,765,743,22
S01005594,978,138,840
S01005595,857,648,209
S01005596,487,370,117
S01005597,1014,476,538
S01005598,1023,147,876
S01005599,636,455,181
S01005600,832,279,553
S01005601,687,376,311
S01005602,637,388,249
S01005603,700,662,38
S01005604,468,298,170
S01005605,903,645,258
S01005606,612,283,329
S01005607,628,462,166
S01005608,877,748,129
S01005609,860,497,363
S01005610,541,442,99
S01005611,711,220,491
S01005612,810,762,48
S01005613,762,504,258
S01005614,750,693,57
S01005615,946,449,497
S01005616,668,619,49
S01005617,727,699,28
S01005618,612,467,145
S01005619,550,529,21
S01005620,478,373,105
S01005621,677,425,252
S01005622,874,846,28
S01005623,712,617,95
S01005624,860,788,72
S01005625,864,810,54
S01005626,823,749,74
S01005627,625,579,46
S01005628,1081,815,266
S01005629,775,740,35
S01005630,516,406,110
S01005631,701,614,87
S01005632,515,375,140
S01005633,699,476,223
S01005634,714,675,39
S01005635,783,615,168
S01005636,779,715,64
S01005637,1060,948,112
S01005638,923,593,330
S01005639,717,601,116
S01005640,689,634,55
S01005641,1066,935,131
S01005642,738,658,80
S01005643,617,500,117
S01005644,630,618,12
S01005645,824,760,64
S01005646,716,197,519
S01005647,779,571,208
S01005648,870,838,32
S01005649,1010,237,773
S01005650,545,350,195
S01005651,747,297,450
S01005652,686,664,22
S01005653,824,617,207
S01005654,757,605,152
S01005655,1058,1017,41
S01005656,767,331,436
S01005657,562,501,61
S01005658,815,801,14
S01005659,905,881,24
S01005660,577,472,105
S01005661,611,588,23
S01005662,545,522,23
S01005663,636,605,31
S01005664,541,533,8
S01005665,458,450,8
S01005666,1283,1168,115
S01005667,746,725,21
S01005668,807,773,34
S01005669,507,480,27
S01005670,754,658,96
S01005671,514,491,23
S01005672,848,384,464
S01005673,655,622,33
S01005674,865,727,138
S01005675,942,810,132
S01005676,844,792,52
S01005677,821,808,13
S01005678,886,825,61
S01005679,987,743,244
S01005680,830,811,19
S01005681,936,808,128
S01005682,751,601,150
S01005683,804,525,279
S01005684,1178,940,238
S01005685,689,658,31
S01005686,781,619,162
S01005687,726,704,22
S01005688,972,886,86
S01005689,509,489,20
S01005690,768,732,36
S01005691,679,613,66
S01005692,718,674,44
S01005693,1566,1449,117
S01005694,554,547,7
S01005695,524,292,232
S01005696,641,537,104
S01005697,649,562,87
S01005698,587,548,39
S01005699,823,398,425
S01005700,528,457,71
S01005701,760,473,287
S01005702,685,469,216
S01005703,580,566,14
S01005704,649,402,247
S01005705,919,900,19
S01005706,746,674,72
S01005707,513,331,182
S01005708,715,577,138
S01005709,779,748,31
S01005710,465,388,77
S01005711,941,740,201
S01005712,524,438,86
S01005713,563,496,67
S01005714,1262,1131,131
S01005715,732,686,46
S01005716,538,534,4
S01005717,478,461,17
S01005718,791,376,415
S01005719,481,465,16
S01005720,766,705,61
S01005721,747,592,155
S01005722,532,521,11
S01005723,736,584,152
S01005724,609,599,10
S01005725,737,683,54
S01005726,1077,982,95
S01005727,1346,1320,26
S01005728,835,827,8
S01005729,583,528,55
S01005730,689,615,74
S01005731,791,654,137
S01005732,833,623,210
S01005733,772,760,12
S01005734,674,586,88
S01005735,711,703,8
S01005736,691,646,45
S01005737,749,543,206
S01005738,885,873,12
S01005739,808,786,22
S01005740,753,742,11
S01005741,1045,987,58
S01005742,928,868,60
S01005743,1166,1145,21
S01005744,898,875,23
S01005745,1032,722,310
S01005746,818,777,41
S01005747,804,770,34
S01005748,663,545,118
S01005749,748,711,37
S01005750,756,720,36
S01005751,737,694,43
S01005752,641,617,24
S01005753,668,646,22
S01005754,1001,809,192
S01005755,717,692,25
S01005756,834,762,72
S01005757,582,512,70
S01005758,801,791,10
S01005759,766,696,70
S01005760,610,575,35
S01005761,661,557,104
S01005762,650,636,14
S01005763,2510,2394,116
S01005764,580,451,129
S01005765,920,511,409
S01005766,660,508,152
S01005767,692,652,40
S01005768,844,684,160
S01005769,761,557,204
S01005770,558,282,276
S01005771,722,712,10
S01005772,696,686,10
S01005773,889,797,92
S01005774,664,659,5
S01005775,732,420,312
S01005776,691,648,43
S01005777,515,505,10
S01005778,650,463,187
S01005779,767,720,47
S01005780,1456,1444,12
S01005781,900,700,200
S01005782,821,756,65
S01005783,529,491,38
S01005784,645,551,94
S01005785,731,701,30
S01005786,579,564,15
S01005787,690,662,28
S01005788,542,396,146
S01005789,795,779,16
S01005790,493,486,7
S01005791,470,410,60
S01005792,833,749,84
S01005793,502,494,8
S01005794,938,910,28
S01005795,660,533,127
S01005796,1132,1049,83
S01005797,1066,1054,12
S01005798,618,493,125
S01005799,688,610,78
S01005800,616,549,67
S01005801,651,568,83
S01005802,862,857,5
S01005803,797,692,105
S01005804,3934,3693,241
S01005805,606,593,13
S01005806,788,604,184
S01005807,808,685,123
S01005808,719,587,132
S01005809,640,628,12
S01005810,487,425,62
S01005811,522,434,88
S01005812,572,535,37
S01005813,790,717,73
S01005814,772,693,79
S01005815,919,691,228
S01005816,1054,865,189
S01005817,521,503,18
S01005818,780,761,19
S01005819,687,622,65
S01005820,668,353,315
S01005821,479,341,138
S01005822,820,513,307
S01005823,602,585,17
S01005824,681,675,6
S01005825,642,467,175
S01005826,898,886,12
S01005827,685,631,54
S01005828,748,489,259
S01005829,745,655,90
S01005830,840,327,513
S01005831,1139,1027,112
S01005832,723,308,415
S01005833,640,526,114
S01005834,602,447,155
S01005835,667,633,34
S01005836,649,619,30
S01005837,485,470,15
S01005838,688,660,28
S01005839,783,716,67
S01005840,811,631,180
S01005841,628,478,150
S01005842,506,409,97
S01005843,637,632,5
S01005844,706,542,164
S01005845,482,392,90
S01005846,871,352,519
S01005847,786,558,228
S01005848,556,437,119
S01005849,838,704,134
S01005850,777,631,146
S01005851,689,367,322
S01005852,500,360,140
S01005853,926,705,221
S01005854,797,695,102
S01005855,768,411,357
S01005856,733,562,171
S01005857,697,359,338
S01005858,678,650,28
S01005859,697,465,232
S01005860,746,411,335
S01005861,865,840,25
S01005862,772,595,177
S01005863,1532,1195,337
S01005864,883,544,339
S01005865,792,575,217
S01005866,810,636,174
S01005867,959,891,68
S01005868,717,698,19
S01005869,708,565,143
S01005870,708,427,281
S01005871,651,450,201
S01005872,749,627,122
S01005873,920,680,240
S01005874,814,398,416
S01005875,800,704,96
S01005876,857,844,13
S01005877,887,804,83
S01005878,555,498,57
S01005879,644,556,88
S01005880,742,286,456
S01005881,788,570,218
S01005882,1554,1406,148
S01005883,455,352,103
S01005884,727,573,154
S01005885,581,577,4
S01005886,689,681,8
S01005887,490,275,215
S01005888,612,530,82
S01005889,823,306,517
S01005890,675,659,16
S01005891,615,574,41
S01005892,688,301,387
S01005893,705,473,232
S01005894,726,384,342
S01005895,571,469,102
S01005896,704,683,21
S01005897,728,564,164
S01005898,692,467,225
S01005899,696,257,439
S01005900,598,533,65
S01005901,751,704,47
S01005902,802,675,127
S01005903,967,549,418
S01005904,1011,809,202
S01005905,772,738,34
S01005906,831,791,40
S01005907,728,345,383
S01005908,881,326,555
S01005909,512,455,57
S01005910,691,626,65
S01005911,1327,1008,319
S01005912,803,708,95
S01005913,829,595,234
S01005914,945,343,602
S01005915,673,443,230
S01005916,724,693,31
S01005917,876,640,236
S01005918,882,619,263
S01005919,525,516,9
S01005920,858,631,227
S01005921,648,541,107
S01005922,900,583,317
S01005923,689,483,206
S01005924,651,644,7
S01005925,698,617,81
S01005926,942,330,612
S01005927,720,571,149
S01005928,788,537,251
S01005929,764,495,269
S01005930,1055,808,247
S01005931,748,516,232
S01005932,614,202,412
S01005933,861,730,131
S01005934,699,456,243
S01005935,610,412,198
S01005936,817,620,197
S01005937,609,597,12
S01005938,745,397,348
S01005939,698,311,387
S01005940,771,188,583
S01005941,453,446,7
S01005942,834,432,402
S01005943,811,538,273
S01005944,842,466,376
S01005945,816,526,290
S01005946,825,501,324
S01005947,711,153,558
S01005948,832,736,96
S01005949,622,518,104
S01005950,529,189,340
S01005951,1242,443,799
S01005952,1031,307,724
S01005953,1255,1062,193
S01005954,496,449,47
S01005955,700,141,559
S01005956,738,556,182
S01005957,1029,810,219
S01005958,538,501,37
S01005959,499,265,234
S01005960,496,376,120
S01005961,1190,811,379
S01005962,461,310,151
S01005963,608,553,55
S01005964,722,617,105
S01005965,948,477,471
S01005966,1383,1216,167
S01005967,959,526,433
S01005968,1010,960,50
S01005969,708,659,49
S01005970,754,610,144
S01005971,402,395,7
S01005972,705,403,302
S01005973,839,652,187
S01005974,764,705,59
S01005975,685,671,14
S01005976,778,520,258
S01005977,717,710,7
S01005978,720,535,185
S01005979,853,804,49
S01005980,568,561,7
S01005981,875,826,49
S01005982,717,551,166
S01005983,831,807,24
S01005984,894,638,256
S01005985,764,745,19
S01005986,1038,716,322
S01005987,548,444,104
S01005988,546,341,205
S01005989,675,664,11
S01005990,1408,652,756
S01005991,690,468,222
S01005992,561,331,230
S01005993,666,526,140
S01005994,912,870,42
S01005995,634,192,442
S01005996,836,809,27
S01005997,603,249,354
S01005998,660,191,469
S01005999,1375,1207,168
S01006000,746,282,464
S01006001,715,685,30
S01006002,531,247,284
S01006003,630,452,178
S01006004,1458,1280,178
S01006005,544,519,25
S01006006,766,676,90
S01006007,446,124,322
S01006008,714,625,89
S01006009,475,416,59
S01006010,979,877,102
S01006011,777,431,346
S01006012,755,400,355
S01006013,587,519,68
S01006014,616,381,235
S01006015,734,534,200
S01006016,925,816,109
S01006017,1241,1221,20
S01006018,908,884,24
S01006019,1321,901,420
S01006020,808,728,80
S01006021,1059,828,231
S01006022,573,302,271
S01006023,697,629,68
S01006024,801,483,318
S01006025,804,517,287
S01006026,726,598,128
S01006027,729,530,199
S01006028,612,290,322
S01006029,685,522,163
S01006030,892,774,118
S01006031,1456,960,496
S01006032,836,336,500
S01006033,1159,978,181
S01006034,1776,1375,401
S01006035,915,762,153
S01006036,2362,2271,91
S01006037,815,384,431
S01006038,832,575,257
S01006039,770,696,74
S01006040,865,573,292
S01006041,926,231,695
S01006042,803,681,122
S01006043,547,421,126
S01006044,808,508,300
S01006045,666,552,114
S01006046,726,111,615
S01006047,710,466,244
S01006048,696,546,150
S01006049,779,413,366
S01006050,749,336,413
S01006051,801,295,506
S01006052,797,324,473
S01006053,772,729,43
S01006054,791,402,389
S01006055,642,353,289
S01006056,884,807,77
S01006057,494,74,420
S01006058,720,256,464
S01006059,807,282,525
S01006060,667,198,469
S01006061,484,26,458
S01006062,681,76,605
S01006063,546,234,312
S01006064,689,177,512
S01006065,775,56,719
S01006066,1014,373,641
S01006067,893,681,212
S01006068,581,518,63
S01006069,824,796,28
S01006070,669,634,35
S01006071,919,899,20
S01006072,600,528,72
S01006073,444,405,39
S01006074,699,642,57
S01006075,968,842,126
S01006076,975,893,82
S01006077,1217,1161,56
S01006078,1440,1287,153
S01006079,697,637,60
S01006080,998,840,158
S01006081,711,648,63
S01006082,895,856,39
S01006083,1035,982,53
S01006084,880,829,51
S01006085,754,561,193
S01006086,923,875,48
S01006087,738,586,152
S01006088,757,728,29
S01006089,702,496,206
S01006090,825,811,14
S01006091,897,858,39
S01006092,557,508,49
S01006093,760,732,28
S01006094,838,698,140
S01006095,838,771,67
S01006096,602,567,35
S01006097,963,657,306
S01006098,660,492,168
S01006099,561,553,8
S01006100,431,315,116
S01006101,594,414,180
S01006102,833,581,252
S01006103,628,458,170
S01006104,726,520,206
S01006105,905,783,122
S01006106,835,764,71
S01006107,662,616,46
S01006108,872,839,33
S01006109,871,654,217
S01006110,767,720,47
S01006111,972,924,48
S01006112,680,551,129
S01006113,899,858,41
S01006114,702,475,227
S01006115,750,447,303
S01006116,838,773,65
S01006117,846,714,132
S01006118,629,543,86
S01006119,1093,670,423
S01006120,1040,203,837
S01006121,548,297,251
S01006122,1016,844,172
S01006123,734,71,663
S01006124,701,169,532
S01006125,934,407,527
S01006126,813,86,727
S01006127,748,118,630
S01006128,683,130,553
S01006129,732,643,89
S01006130,440,286,154
S01006131,953,907,46
S01006132,784,229,555
S01006133,620,604,16
S01006134,496,347,149
S01006135,532,148,384
S01006136,1085,356,729
S01006137,701,480,221
S01006138,616,586,30
S01006139,413,365,48
S01006140,794,663,131
S01006141,1694,1394,300
S01006142,620,613,7
S01006143,658,566,92
S01006144,971,817,154
S01006145,888,815,73
S01006146,801,519,282
S01006147,761,343,418
S01006148,800,559,241
S01006149,1037,1016,21
S01006150,990,859,131
S01006151,123,101,22
S01006152,712,638,74
S01006153,579,542,37
S01006154,842,836,6
S01006155,784,657,127
S01006156,598,540,58
S01006157,747,454,293
S01006158,878,794,84
S01006159,821,580,241
S01006160,798,744,54
S01006161,753,677,76
S01006162,626,609,17
S01006163,672,600,72
S01006164,596,475,121
S01006165,640,593,47
S01006166,852,759,93
S01006167,1631,1513,118
S01006168,1041,911,130
S01006169,707,499,208
S01006170,854,638,216
S01006171,802,590,212
S01006172,469,458,11
S01006173,577,534,43
S01006174,492,458,34
S01006175,736,687,49
S01006176,588,494,94
S01006177,598,117,481
S01006178,762,485,277
S01006179,719,352,367
S01006180,767,258,509
S01006181,743,297,446
S01006182,624,93,531
S01006183,853,301,552
S01006184,745,508,237
S01006185,928,385,543
S01006186,1100,535,565
S01006187,771,211,560
S01006188,653,279,374
S01006189,704,130,574
S01006190,840,547,293
S01006191,587,153,434
S01006192,710,167,543
S01006193,756,266,490
S01006194,878,399,479
S01006195,863,183,680
S01006196,853,340,513
S01006197,816,441,375
S01006198,642,83,559
S01006199,647,220,427
S01006200,883,585,298
S01006201,891,621,270
S01006202,655,81,574
S01006203,597,301,296
S01006204,894,344,550
S01006205,671,498,173
S01006206,749,555,194
S01006207,853,326,527
S01006208,704,302,402
S01006209,683,504,179
S01006210,757,315,442
S01006211,528,263,265
S01006212,793,767,26
S01006213,1064,676,388
S01006214,824,288,536
S01006215,759,488,271
S01006216,679,573,106
S01006217,979,423,556
S01006218,566,367,199
S01006219,861,320,541
S01006220,867,749,118
S01006221,815,331,484
S01006222,1021,436,585
S01006223,701,646,55
S01006224,617,385,232
S01006225,890,398,492
S01006226,702,636,66
S01006227,910,655,255
S01006228,728,708,20
S01006229,908,119,789
S01006230,983,369,614
S01006231,865,328,537
S01006232,1055,978,77
S01006233,719,241,478
S01006234,649,229,420
S01006235,718,636,82
S01006236,568,177,391
S01006237,897,394,503
S01006238,895,494,401
S01006239,434,414,20
S01006240,741,329,412
S01006241,977,241,736
S01006242,743,335,408
S01006243,555,532,23
S01006244,805,403,402
S01006245,552,344,208
S01006246,695,379,316
S01006247,781,599,182
S01006248,834,754,80
S01006249,680,159,521
S01006250,717,525,192
S01006251,555,380,175
S01006252,618,567,51
S01006253,629,553,76
S01006254,793,723,70
S01006255,885,727,158
S01006256,627,485,142
S01006257,714,427,287
S01006258,825,491,334
S01006259,673,361,312
S01006260,572,202,370
S01006261,810,475,335
S01006262,823,597,226
S01006263,766,427,339
S01006264,917,899,18
S01006265,762,506,256
S01006266,919,617,302
S01006267,579,506,73
S01006268,676,620,56
S01006269,609,570,39
S01006270,859,549,310
S01006271,696,510,186
S01006272,819,239,580
S01006273,527,508,19
S01006274,536,498,38
S01006275,809,723,86
S01006276,814,520,294
S01006277,657,430,227
S01006278,1044,384,660
S01006279,1324,960,364
S01006280,703,404,299
S01006281,772,561,211
S01006282,654,527,127
S01006283,691,433,258
S01006284,732,465,267
S01006285,813,599,214
S01006286,1076,497,579
S01006287,579,429,150
S01006288,767,580,187
S01006289,809,622,187
S01006290,885,718,167
S01006291,534,345,189
S01006292,806,656,150
S01006293,809,795,14
S01006294,590,548,42
S01006295,881,782,99
S01006296,922,797,125
S01006297,735,558,177
S01006298,1009,895,114
S01006299,752,642,110
S01006300,741,376,365
S01006301,629,423,206
S01006302,927,882,45
S01006303,680,572,108
S01006304,845,452,393
S01006305,708,626,82
S01006306,788,756,32
S01006307,853,471,382
S01006308,633,420,213
S01006309,1045,950,95
S01006310,813,628,185
S01006311,747,563,184
S01006312,679,597,82
S01006313,1236,1166,70
S01006314,653,647,6
S01006315,836,617,219
S01006316,826,783,43
S01006317,973,649,324
S01006318,769,684,85
S01006319,925,702,223
S01006320,1008,709,299
S01006321,829,829,0
S01006322,786,779,7
S01006323,1017,983,34
S01006324,693,692,1
S01006325,661,567,94
S01006326,959,325,634
S01006327,574,441,133
S01006328,582,395,187
S01006329,1103,1037,66
S01006330,706,369,337
S01006331,731,699,32
S01006332,594,473,121
S01006333,911,374,537
S01006334,772,587,185
S01006335,849,798,51
S01006336,1269,1263,6
S01006337,1395,1356,39
S01006338,793,760,33
S01006339,945,759,186
S01006340,701,689,12
S01006341,671,657,14
S01006342,687,605,82
S01006343,1221,1038,183
S01006344,702,687,15
S01006345,686,625,61
S01006346,653,595,58
S01006347,611,595,16
S01006348,585,574,11
S01006349,494,393,101
S01006350,666,418,248
S01006351,1138,1003,135
S01006352,703,659,44
S01006353,557,516,41
S01006354,963,901,62
S01006355,740,574,166
S01006356,651,581,70
S01006357,733,693,40
S01006358,685,515,170
S01006359,1097,1021,76
S01006360,656,550,106
S01006361,1070,709,361
S01006362,746,685,61
S01006363,667,648,19
S01006364,4216,3403,813
S01006365,867,799,68
S01006366,714,695,19
S01006367,729,636,93
S01006368,784,780,4
S01006369,1655,1454,201
S01006370,1084,1066,18
S01006371,612,568,44
S01006372,712,631,81
S01006373,868,727,141
S01006374,648,628,20
S01006375,593,502,91
S01006376,1037,864,173
S01006377,573,533,40
S01006378,526,517,9
S01006379,688,612,76
S01006380,637,413,224
S01006381,501,365,136
S01006382,687,645,42
S01006383,603,572,31
S01006384,723,681,42
S01006385,996,875,121
S01006386,991,775,216
S01006387,858,756,102
S01006388,1032,591,441
S01006389,680,450,230
S01006390,692,553,139
S01006391,1166,1136,30
S01006392,965,848,117
S01006393,1417,787,630
S01006394,731,710,21
S01006395,1055,746,309
S01006396,604,497,107
S01006397,946,922,24
S01006398,827,745,82
S01006399,724,717,7
S01006400,1369,1284,85
S01006401,1032,818,214
S01006402,672,421,251
S01006403,745,621,124
S01006404,862,602,260
S01006405,1016,536,480
S01006406,386,329,57
S01006407,650,629,21
S01006408,1047,880,167
S01006409,1445,947,498
S01006410,679,466,213
S01006411,1051,873,178
S01006412,660,628,32
S01006413,513,424,89
S01006414,480,454,26
S01006415,820,792,28
S01006416,825,313,512
S01006417,760,744,16
S01006418,612,562,50
S01006419,534,476,58
S01006420,877,839,38
S01006421,776,638,138
S01006422,658,523,135
S01006423,647,493,154
S01006424,612,602,10
S01006425,1380,1274,106
S01006426,1153,1125,28
S01006427,737,632,105
S01006428,747,719,28
S01006429,687,500,187
S01006430,669,658,11
S01006431,494,481,13
S01006432,673,662,11
S01006433,625,612,13
S01006434,757,591,166
S01006435,429,336,93
S01006436,779,685,94
S01006437,897,870,27
S01006438,649,203,446
S01006439,812,443,369
S01006440,826,769,57
S01006441,669,650,19
S01006442,752,664,88
S01006443,459,408,51
S01006444,586,582,4
S01006445,775,739,36
S01006446,869,862,7
S01006447,576,394,182
S01006448,897,871,26
S01006449,459,454,5
S01006450,662,648,14
S01006451,1103,1026,77
S01006452,556,507,49
S01006453,944,786,158
S01006454,613,517,96
S01006455,560,516,44
S01006456,1888,1729,159
S01006457,1094,965,129
S01006458,849,815,34
S01006459,763,601,162
S01006460,490,474,16
S01006461,1752,1589,163
S01006462,764,723,41
S01006463,648,615,33
S01006464,669,583,86
S01006465,1408,1215,193
S01006466,744,704,40
S01006467,805,747,58
S01006468,1252,1163,89
S01006469,626,488,138
S01006470,797,334,463
S01006471,899,495,404
S01006472,605,317,288
S01006473,746,714,32
S01006474,745,645,100
S01006475,849,741,108
S01006476,851,612,239
S01006477,781,403,378
S01006478,1098,963,135
S01006479,766,715,51
S01006480,830,746,84
S01006481,811,777,34
S01006482,711,486,225
S01006483,909,557,352
S01006484,772,642,130
S01006485,675,664,11
S01006486,786,750,36
S01006487,772,395,377
S01006488,657,574,83
S01006489,884,859,25
S01006490,709,700,9
S01006491,752,746,6
S01006492,645,390,255
S01006493,575,288,287
S01006494,633,531,102
S01006495,785,584,201
S01006496,928,207,721
S01006497,560,446,114
S01006498,1143,837,306
S01006499,910,686,224
S01006500,713,655,58
S01006501,871,860,11
S01006502,588,557,31
S01006503,640,612,28
S01006504,776,737,39
S01006505,860,790,70
