dz_2001,total,house,nonhouse
S01000001,747,401,346
S01000002,687,678,9
S01000003,838,735,103
S01000004,641,540,101
S01000005,663,256,407
S01000006,593,446,147
S01000007,708,687,21
S01000008,584,460,124
S01000009,706,680,26
S01000010,568,522,46
S01000011,877,850,27
S01000012,814,801,13
S01000013,898,742,156
S01000014,919,869,50
S01000015,655,565,90
S01000016,560,531,29
S01000017,937,887,50
S01000018,577,539,38
S01000019,531,528,3
S01000020,805,603,202
S01000021,862,813,49
S01000022,663,646,17
S01000023,805,800,5
S01000024,488,482,6
S01000025,850,841,9
S01000026,930,510,420
S01000027,815,758,57
S01000028,969,672,297
S01000029,742,722,20
S01000030,500,310,190
S01000031,866,691,175
S01000032,1089,907,182
S01000033,796,233,563
S01000034,925,902,23
S01000035,1009,789,220
S01000036,702,614,88
S01000037,736,285,451
S01000038,682,606,76
S01000039,942,536,406
S01000040,970,559,411
S01000041,827,532,295
S01000042,790,480,310
S01000043,837,290,547
S01000044,946,377,569
S01000045,581,577,4
S01000046,763,755,8
S01000047,751,123,628
S01000048,925,765,160
S01000049,737,653,84
S01000050,588,537,51
S01000051,788,780,8
S01000052,677,384,293
S01000053,971,529,442
S01000054,777,677,100
S01000055,711,287,424
S01000056,1049,1007,42
S01000057,700,474,226
S01000058,703,619,84
S01000059,785,615,170
S01000060,577,278,299
S01000061,955,798,157
S01000062,990,347,643
S01000063,944,652,292
S01000064,648,339,309
S01000065,947,461,486
S01000066,750,203,547
S01000067,893,671,222
S01000068,824,464,360
S01000069,684,124,560
S01000070,646,247,399
S01000071,740,43,697
S01000072,832,643,189
S01000073,611,584,27
S01000074,763,103,660
S01000075,547,132,415
S01000076,770,766,4
S01000077,909,635,274
S01000078,817,31,786
S01000079,920,275,645
S01000080,926,236,690
S01000081,924,695,229
S01000082,928,299,629
S01000083,757,449,308
S01000084,665,90,575
S01000085,543,33,510
S01000086,695,267,428
S01000087,582,486,96
S01000088,621,147,474
S01000089,962,959,3
S01000090,800,279,521
S01000091,870,139,731
S01000092,851,34,817
S01000093,390,75,315
S01000094,575,10,565
S01000095,703,204,499
S01000096,706,360,346
S01000097,929,608,321
S01000098,914,103,811
S01000099,762,706,56
S01000100,695,107,588
S01000101,885,539,346
S01000102,747,48,699
S01000103,603,79,524
S01000104,819,741,78
S01000105,885,771,114
S01000106,706,521,185
S01000107,889,22,867
S01000108,537,192,345
S01000109,885,69,816
S01000110,800,716,84
S01000111,754,364,390
S01000112,970,89,881
S01000113,545,332,213
S01000114,627,184,443
S01000115,873,555,318
S01000116,893,81,812
S01000117,987,672,315
S01000118,674,434,240
S01000119,786,47,739
S01000120,574,192,382
S01000121,760,588,172
S01000122,764,431,333
S01000123,648,635,13
S01000124,985,55,930
S01000125,701,47,654
S01000126,861,81,780
S01000127,798,606,192
S01000128,930,35,895
S01000129,549,10,539
S01000130,865,77,788
S01000131,659,269,390
S01000132,776,202,574
S01000133,737,624,113
S01000134,762,360,402
S01000135,721,22,699
S01000136,706,437,269
S01000137,786,90,696
S01000138,805,72,733
S01000139,817,731,86
S01000140,943,882,61
S01000141,833,499,334
S01000142,772,393,379
S01000143,633,627,6
S01000144,517,9,508
S01000145,905,645,260
S01000146,959,39,920
S01000147,671,22,649
S01000148,694,262,432
S01000149,1011,95,916
S01000150,636,478,158
S01000151,907,238,669
S01000152,835,344,491
S01000153,529,36,493
S01000154,557,548,9
S01000155,784,633,151
S01000156,967,37,930
S01000157,667,122,545
S01000158,933,477,456
S01000159,956,933,23
S01000160,813,797,16
S01000161,958,313,645
S01000162,886,433,453
S01000163,1022,913,109
S01000164,471,41,430
S01000165,861,71,790
S01000166,1047,340,707
S01000167,712,548,164
S01000168,954,866,88
S01000169,750,608,142
S01000170,1031,435,596
S01000171,892,889,3
S01000172,501,242,259
S01000173,811,366,445
S01000174,873,870,3
S01000175,528,61,467
S01000176,671,38,633
S01000177,554,227,327
S01000178,760,674,86
S01000179,757,56,701
S01000180,676,655,21
S01000181,654,586,68
S01000182,873,865,8
S01000183,951,119,832
S01000184,793,506,287
S01000185,782,46,736
S01000186,957,551,406
S01000187,713,699,14
S01000188,754,214,540
S01000189,624,466,158
S01000190,887,819,68
S01000191,873,334,539
S01000192,767,123,644
S01000193,793,744,49
S01000194,745,178,567
S01000195,697,217,480
S01000196,924,430,494
S01000197,610,591,19
S01000198,746,265,481
S01000199,716,66,650
S01000200,846,62,784
S01000201,654,41,613
S01000202,861,218,643
S01000203,453,21,432
S01000204,622,449,173
S01000205,729,211,518
S01000206,714,666,48
S01000207,883,33,850
S01000208,800,351,449
S01000209,987,296,691
S01000210,578,132,446
S01000211,678,206,472
S01000212,788,499,289
S01000213,672,46,626
S01000214,507,497,10
S01000215,606,570,36
S01000216,619,539,80
S01000217,698,335,363
S01000218,713,698,15
S01000219,698,133,565
S01000220,599,141,458
S01000221,785,192,593
S01000222,758,673,85
S01000223,525,347,178
S01000224,732,706,26
S01000225,595,565,30
S01000226,618,481,137
S01000227,646,611,35
S01000228,655,196,459
S01000229,795,378,417
S01000230,678,388,290
S01000231,710,624,86
S01000232,669,503,166
S01000233,567,302,265
S01000234,762,684,78
S01000235,795,717,78
S01000236,680,590,90
S01000237,916,892,24
S01000238,516,435,81
S01000239,733,693,40
S01000240,721,651,70
S01000241,746,746,0
S01000242,690,474,216
S01000243,739,739,0
S01000244,1045,643,402
S01000245,953,931,22
S01000246,750,740,10
S01000247,767,765,2
S01000248,868,736,132
S01000249,738,731,7
S01000250,805,804,1
S01000251,501,499,2
S01000252,867,809,58
S01000253,745,740,5
S01000254,808,745,63
S01000255,632,552,80
S01000256,919,834,85
S01000257,817,734,83
S01000258,666,646,20
S01000259,614,567,47
S01000260,890,886,4
S01000261,999,899,100
S01000262,946,823,123
S01000263,794,692,102
S01000264,1033,744,289
S01000265,778,583,195
S01000266,982,826,156
S01000267,669,502,167
S01000268,779,759,20
S01000269,561,555,6
S01000270,964,942,22
S01000271,898,829,69
S01000272,940,863,77
S01000273,523,521,2
S01000274,594,484,110
S01000275,982,885,97
S01000276,736,733,3
S01000277,654,570,84
S01000278,537,358,179
S01000279,552,532,20
S01000280,620,568,52
S01000281,679,615,64
S01000282,651,625,26
S01000283,881,827,54
S01000284,819,799,20
S01000285,672,661,11
S01000286,876,517,359
S01000287,681,571,110
S01000288,897,891,6
S01000289,849,710,139
S01000290,764,466,298
S01000291,786,770,16
S01000292,931,809,122
S01000293,763,336,427
S01000294,699,679,20
S01000295,607,607,0
S01000296,510,440,70
S01000297,733,709,24
S01000298,528,519,9
S01000299,902,854,48
S01000300,774,747,27
S01000301,557,512,45
S01000302,566,556,10
S01000303,480,460,20
S01000304,791,786,5
S01000305,1040,1018,22
S01000306,746,721,25
S01000307,991,991,0
S01000308,991,981,10
S01000309,628,620,8
S01000310,899,846,53
S01000311,914,655,259
S01000312,571,512,59
S01000313,709,665,44
S01000314,572,548,24
S01000315,631,599,32
S01000316,794,727,67
S01000317,551,492,59
S01000318,577,569,8
S01000319,685,684,1
S01000320,722,600,122
S01000321,581,580,1
S01000322,1081,1019,62
S01000323,888,863,25
S01000324,870,859,11
S01000325,618,603,15
S01000326,763,744,19
S01000327,898,889,9
S01000328,601,591,10
S01000329,545,543,2
S01000330,705,691,14
S01000331,621,605,16
S01000332,683,633,50
S01000333,828,803,25
S01000334,791,722,69
S01000335,652,648,4
S01000336,802,692,110
S01000337,685,651,34
S01000338,480,465,15
S01000339,1092,1061,31
S01000340,971,943,28
S01000341,713,708,5
S01000342,387,369,18
S01000343,609,590,19
S01000344,892,881,11
S01000345,646,614,32
S01000346,676,635,41
S01000347,478,473,5
S01000348,816,688,128
S01000349,592,494,98
S01000350,1002,970,32
S01000351,1023,924,99
S01000352,798,726,72
S01000353,663,625,38
S01000354,552,547,5
S01000355,707,702,5
S01000356,611,606,5
S01000357,682,676,6
S01000358,1030,1006,24
S01000359,856,856,0
S01000360,504,471,33
S01000361,614,596,18
S01000362,920,858,62
S01000363,960,953,7
S01000364,880,859,21
S01000365,677,670,7
S01000366,761,729,32
S01000367,748,701,47
S01000368,797,661,136
S01000369,975,945,30
S01000370,796,786,10
S01000371,921,876,45
S01000372,947,845,102
S01000373,588,568,20
S01000374,611,606,5
S01000375,646,633,13
S01000376,899,866,33
S01000377,721,684,37
S01000378,581,577,4
S01000379,574,559,15
S01000380,748,742,6
S01000381,866,805,61
S01000382,755,739,16
S01000383,655,631,24
S01000384,731,702,29
S01000385,574,449,125
S01000386,766,622,144
S01000387,853,809,44
S01000388,755,732,23
S01000389,667,655,12
S01000390,688,561,127
S01000391,597,440,157
S01000392,723,669,54
S01000393,824,697,127
S01000394,688,564,124
S01000395,588,566,22
S01000396,940,722,218
S01000397,1013,878,135
S01000398,745,718,27
S01000399,577,308,269
S01000400,705,459,246
S01000401,824,811,13
S01000402,709,652,57
S01000403,796,610,186
S01000404,756,697,59
S01000405,474,472,2
S01000406,629,305,324
S01000407,658,552,106
S01000408,513,508,5
S01000409,666,661,5
S01000410,664,654,10
S01000411,631,602,29
S01000412,787,746,41
S01000413,786,758,28
S01000414,721,703,18
S01000415,615,570,45
S01000416,670,652,18
S01000417,1005,947,58
S01000418,723,703,20
S01000419,672,662,10
S01000420,968,856,112
S01000421,601,591,10
S01000422,683,646,37
S01000423,904,894,10
S01000424,727,718,9
S01000425,695,674,21
S01000426,797,781,16
S01000427,785,472,313
S01000428,777,702,75
S01000429,782,766,16
S01000430,557,485,72
S01000431,658,432,226
S01000432,973,927,46
S01000433,468,393,75
S01000434,680,672,8
S01000435,555,544,11
S01000436,695,677,18
S01000437,972,861,111
S01000438,694,693,1
S01000439,700,694,6
S01000440,868,850,18
S01000441,871,816,55
S01000442,808,804,4
S01000443,581,576,5
S01000444,573,566,7
S01000445,971,934,37
S01000446,929,901,28
S01000447,539,533,6
S01000448,622,610,12
S01000449,754,714,40
S01000450,645,545,100
S01000451,790,770,20
S01000452,557,549,8
S01000453,528,518,10
S01000454,493,448,45
S01000455,870,838,32
S01000456,718,711,7
S01000457,823,673,150
S01000458,853,843,10
S01000459,1033,772,261
S01000460,769,734,35
S01000461,856,576,280
S01000462,993,872,121
S01000463,676,657,19
S01000464,741,736,5
S01000465,629,615,14
S01000466,799,785,14
S01000467,625,596,29
S01000468,520,512,8
S01000469,689,685,4
S01000470,974,961,13
S01000471,603,568,35
S01000472,836,826,10
S01000473,745,611,134
S01000474,648,645,3
S01000475,887,810,77
S01000476,556,542,14
S01000477,777,760,17
S01000478,869,597,272
S01000479,931,707,224
S01000480,665,650,15
S01000481,770,753,17
S01000482,771,317,454
S01000483,915,565,350
S01000484,806,318,488
S01000485,1080,1034,46
S01000486,796,169,627
S01000487,533,343,190
S01000488,703,648,55
S01000489,869,525,344
S01000490,541,500,41
S01000491,589,163,426
S01000492,954,667,287
S01000493,588,567,21
S01000494,566,409,157
S01000495,905,903,2
S01000496,587,574,13
S01000497,630,551,79
S01000498,548,539,9
S01000499,803,785,18
S01000500,675,667,8
S01000501,621,587,34
S01000502,518,511,7
S01000503,497,481,16
S01000504,708,466,242
S01000505,757,738,19
S01000506,620,608,12
S01000507,1087,885,202
S01000508,877,868,9
S01000509,1022,970,52
S01000510,658,635,23
S01000511,556,538,18
S01000512,892,826,66
S01000513,862,798,64
S01000514,516,508,8
S01000515,484,480,4
S01000516,654,627,27
S01000517,651,628,23
S01000518,876,835,41
S01000519,476,464,12
S01000520,988,945,43
S01000521,927,887,40
S01000522,612,600,12
S01000523,763,730,33
S01000524,647,634,13
S01000525,955,932,23
S01000526,933,905,28
S01000527,587,565,22
S01000528,736,731,5
S01000529,723,714,9
S01000530,477,467,10
S01000531,523,520,3
S01000532,764,622,142
S01000533,760,751,9
S01000534,813,792,21
S01000535,985,903,82
S01000536,519,499,20
S01000537,559,545,14
S01000538,782,705,77
S01000539,989,716,273
S01000540,784,668,116
S01000541,547,442,105
S01000542,672,606,66
S01000543,814,810,4
S01000544,733,678,55
S01000545,717,580,137
S01000546,609,555,54
S01000547,544,527,17
S01000548,1012,966,46
S01000549,1078,1068,10
S01000550,557,557,0
S01000551,791,676,115
S01000552,554,544,10
S01000553,867,865,2
S01000554,791,758,33
S01000555,868,803,65
S01000556,880,872,8
S01000557,880,872,8
S01000558,512,360,152
S01000559,655,550,105
S01000560,1043,960,83
S01000561,1034,571,463
S01000562,909,716,193
S01000563,640,309,331
S01000564,860,613,247
S01000565,709,617,92
S01000566,759,651,108
S01000567,769,729,40
S01000568,542,505,37
S01000569,742,668,74
S01000570,939,879,60
S01000571,770,324,446
S01000572,800,743,57
S01000573,600,600,0
S01000574,786,638,148
S01000575,608,549,59
S01000576,654,644,10
S01000577,566,482,84
S01000578,706,693,13
S01000579,687,677,10
S01000580,681,675,6
S01000581,707,685,22
S01000582,728,689,39
S01000583,758,744,14
S01000584,781,546,235
S01000585,945,755,190
S01000586,775,756,19
S01000587,702,669,33
S01000588,604,520,84
S01000589,641,590,51
S01000590,731,613,118
S01000591,496,456,40
S01000592,909,892,17
S01000593,571,551,20
S01000594,580,574,6
S01000595,839,736,103
S01000596,945,938,7
S01000597,1065,1062,3
S01000598,519,481,38
S01000599,775,682,93
S01000600,741,736,5
S01000601,987,936,51
S01000602,679,639,40
S01000603,822,813,9
S01000604,967,949,18
S01000605,791,709,82
S01000606,776,272,504
S01000607,782,710,72
S01000608,972,399,573
S01000609,1005,508,497
S01000610,773,245,528
S01000611,624,370,254
S01000612,995,507,488
S01000613,997,667,330
S01000614,690,585,105
S01000615,764,362,402
S01000616,924,830,94
S01000617,634,624,10
S01000618,786,773,13
S01000619,714,592,122
S01000620,819,380,439
S01000621,999,695,304
S01000622,547,351,196
S01000623,780,746,34
S01000624,604,535,69
S01000625,629,276,353
S01000626,822,288,534
S01000627,931,811,120
S01000628,559,400,159
S01000629,585,574,11
S01000630,732,587,145
S01000631,637,408,229
S01000632,589,587,2
S01000633,632,609,23
S01000634,822,685,137
S01000635,678,669,9
S01000636,499,496,3
S01000637,595,589,6
S01000638,481,477,4
S01000639,606,581,25
S01000640,635,623,12
S01000641,781,739,42
S01000642,794,759,35
S01000643,609,585,24
S01000644,680,669,11
S01000645,854,828,26
S01000646,826,783,43
S01000647,877,769,108
S01000648,910,751,159
S01000649,582,575,7
S01000650,737,624,113
S01000651,783,465,318
S01000652,778,688,90
S01000653,884,630,254
S01000654,912,574,338
S01000655,797,397,400
S01000656,678,387,291
S01000657,723,406,317
S01000658,578,214,364
S01000659,1066,896,170
S01000660,917,879,38
S01000661,751,503,248
S01000662,530,524,6
S01000663,681,581,100
S01000664,774,740,34
S01000665,675,644,31
S01000666,493,489,4
S01000667,960,816,144
S01000668,909,468,441
S01000669,785,525,260
S01000670,566,421,145
S01000671,589,487,102
S01000672,628,528,100
S01000673,750,748,2
S01000674,959,810,149
S01000675,722,720,2
S01000676,486,467,19
S01000677,822,518,304
S01000678,942,769,173
S01000679,750,277,473
S01000680,778,378,400
S01000681,790,171,619
S01000682,584,168,416
S01000683,525,347,178
S01000684,685,182,503
S01000685,807,540,267
S01000686,703,385,318
S01000687,789,708,81
S01000688,748,573,175
S01000689,611,603,8
S01000690,787,755,32
S01000691,772,631,141
S01000692,746,321,425
S01000693,872,470,402
S01000694,724,602,122
S01000695,745,561,184
S01000696,731,324,407
S01000697,492,411,81
S01000698,642,447,195
S01000699,623,527,96
S01000700,879,843,36
S01000701,861,806,55
S01000702,522,446,76
S01000703,741,636,105
S01000704,779,767,12
S01000705,1076,1017,59
S01000706,810,769,41
S01000707,537,525,12
S01000708,557,534,23
S01000709,864,801,63
S01000710,1075,1046,29
S01000711,620,578,42
S01000712,576,410,166
S01000713,832,804,28
S01000714,832,804,28
S01000715,651,313,338
S01000716,502,66,436
S01000717,870,330,540
S01000718,952,678,274
S01000719,643,461,182
S01000720,850,831,19
S01000721,658,637,21
S01000722,819,735,84
S01000723,527,515,12
S01000724,842,731,111
S01000725,618,567,51
S01000726,686,659,27
S01000727,680,483,197
S01000728,768,624,144
S01000729,542,376,166
S01000730,407,151,256
S01000731,547,216,331
S01000732,536,143,393
S01000733,732,123,609
S01000734,788,534,254
S01000735,445,125,320
S01000736,720,339,381
S01000737,511,211,300
S01000738,579,374,205
S01000739,759,474,285
S01000740,669,502,167
S01000741,806,519,287
S01000742,525,490,35
S01000743,657,539,118
S01000744,733,330,403
S01000745,681,373,308
S01000746,738,500,238
S01000747,554,327,227
S01000748,498,297,201
S01000749,559,507,52
S01000750,694,524,170
S01000751,713,646,67
S01000752,992,681,311
S01000753,646,411,235
S01000754,626,319,307
S01000755,723,678,45
S01000756,995,650,345
S01000757,666,580,86
S01000758,971,876,95
S01000759,861,639,222
S01000760,565,431,134
S01000761,492,325,167
S01000762,670,669,1
S01000763,858,826,32
S01000764,700,567,133
S01000765,671,663,8
S01000766,728,438,290
S01000767,596,199,397
S01000768,826,100,726
S01000769,955,51,904
S01000770,595,406,189
S01000771,923,505,418
S01000772,650,359,291
S01000773,930,677,253
S01000774,598,588,10
S01000775,610,439,171
S01000776,620,609,11
S01000777,555,518,37
S01000778,448,347,101
S01000779,793,567,226
S01000780,931,815,116
S01000781,877,760,117
S01000782,712,711,1
S01000783,506,394,112
S01000784,830,757,73
S01000785,717,614,103
S01000786,784,579,205
S01000787,526,508,18
S01000788,705,569,136
S01000789,632,418,214
S01000790,470,427,43
S01000791,628,543,85
S01000792,690,611,79
S01000793,707,625,82
S01000794,842,511,331
S01000795,768,674,94
S01000796,481,456,25
S01000797,476,461,15
S01000798,535,511,24
S01000799,515,445,70
S01000800,967,877,90
S01000801,639,625,14
S01000802,754,707,47
S01000803,871,769,102
S01000804,970,843,127
S01000805,822,769,53
S01000806,834,822,12
S01000807,744,575,169
S01000808,700,658,42
S01000809,531,452,79
S01000810,615,598,17
S01000811,823,746,77
S01000812,576,368,208
S01000813,757,677,80
S01000814,914,315,599
S01000815,544,152,392
S01000816,560,58,502
S01000817,862,333,529
S01000818,682,387,295
S01000819,783,754,29
S01000820,573,537,36
S01000821,828,420,408
S01000822,551,372,179
S01000823,561,295,266
S01000824,553,532,21
S01000825,681,625,56
S01000826,730,670,60
S01000827,678,659,19
S01000828,843,741,102
S01000829,569,547,22
S01000830,704,650,54
S01000831,880,831,49
S01000832,920,700,220
S01000833,569,530,39
S01000834,911,658,253
S01000835,698,618,80
S01000836,847,665,182
S01000837,758,315,443
S01000838,723,656,67
S01000839,963,556,407
S01000840,764,650,114
S01000841,970,837,133
S01000842,830,815,15
S01000843,765,458,307
S01000844,689,477,212
S01000845,560,436,124
S01000846,739,345,394
S01000847,958,578,380
S01000848,699,668,31
S01000849,539,515,24
S01000850,657,306,351
S01000851,686,592,94
S01000852,661,569,92
S01000853,553,526,27
S01000854,933,817,116
S01000855,728,560,168
S01000856,568,549,19
S01000857,614,535,79
S01000858,717,543,174
S01000859,836,765,71
S01000860,873,370,503
S01000861,656,647,9
S01000862,559,540,19
S01000863,485,412,73
S01000864,668,630,38
S01000865,692,460,232
S01000866,944,819,125
S01000867,739,511,228
S01000868,718,611,107
S01000869,566,550,16
S01000870,872,431,441
S01000871,730,635,95
S01000872,650,641,9
S01000873,806,756,50
S01000874,545,308,237
S01000875,736,539,197
S01000876,744,532,212
S01000877,741,278,463
S01000878,588,580,8
S01000879,846,731,115
S01000880,778,765,13
S01000881,703,551,152
S01000882,939,587,352
S01000883,923,539,384
S01000884,529,349,180
S01000885,524,520,4
S01000886,734,620,114
S01000887,781,674,107
S01000888,724,457,267
S01000889,796,551,245
S01000890,792,531,261
S01000891,853,803,50
S01000892,562,536,26
S01000893,730,723,7
S01000894,523,451,72
S01000895,900,761,139
S01000896,485,483,2
S01000897,685,632,53
S01000898,576,549,27
S01000899,867,801,66
S01000900,657,656,1
S01000901,675,651,24
S01000902,979,956,23
S01000903,958,883,75
S01000904,689,644,45
S01000905,680,651,29
S01000906,536,523,13
S01000907,772,488,284
S01000908,755,567,188
S01000909,918,858,60
S01000910,870,855,15
S01000911,962,885,77
S01000912,749,707,42
S01000913,708,638,70
S01000914,851,820,31
S01000915,921,824,97
S01000916,986,895,91
S01000917,683,674,9
S01000918,638,583,55
S01000919,522,485,37
S01000920,505,488,17
S01000921,709,696,13
S01000922,775,733,42
S01000923,751,747,4
S01000924,841,754,87
S01000925,943,796,147
S01000926,593,458,135
S01000927,988,920,68
S01000928,979,929,50
S01000929,511,217,294
S01000930,601,301,300
S01000931,708,667,41
S01000932,902,752,150
S01000933,857,734,123
S01000934,925,534,391
S01000935,808,669,139
S01000936,926,845,81
S01000937,568,380,188
S01000938,846,817,29
S01000939,740,598,142
S01000940,790,746,44
S01000941,542,340,202
S01000942,891,723,168
S01000943,845,839,6
S01000944,778,619,159
S01000945,755,597,158
S01000946,756,640,116
S01000947,720,670,50
S01000948,720,718,2
S01000949,613,613,0
S01000950,772,736,36
S01000951,700,583,117
S01000952,796,662,134
S01000953,906,901,5
S01000954,862,824,38
S01000955,527,524,3
S01000956,846,727,119
S01000957,506,482,24
S01000958,827,801,26
S01000959,688,663,25
S01000960,525,437,88
S01000961,851,820,31
S01000962,572,458,114
S01000963,744,688,56
S01000964,828,798,30
S01000965,665,555,110
S01000966,1051,1010,41
S01000967,576,459,117
S01000968,932,909,23
S01000969,849,688,161
S01000970,793,716,77
S01000971,685,660,25
S01000972,977,962,15
S01000973,592,584,8
S01000974,842,833,9
S01000975,646,643,3
S01000976,493,485,8
S01000977,758,739,19
S01000978,755,745,10
S01000979,647,632,15
S01000980,746,711,35
S01000981,648,643,5
S01000982,553,551,2
S01000983,553,541,12
S01000984,633,626,7
S01000985,710,667,43
S01000986,504,457,47
S01000987,627,607,20
S01000988,488,488,0
S01000989,833,826,7
S01000990,616,583,33
S01000991,502,482,20
S01000992,856,742,114
S01000993,858,837,21
S01000994,970,889,81
S01000995,831,830,1
S01000996,911,646,265
S01000997,992,984,8
S01000998,621,315,306
S01000999,696,675,21
S01001000,531,320,211
S01001001,546,530,16
S01001002,673,594,79
S01001003,929,927,2
S01001004,653,634,19
S01001005,895,873,22
S01001006,771,769,2
S01001007,788,419,369
S01001008,737,412,325
S01001009,614,529,85
S01001010,780,321,459
S01001011,599,593,6
S01001012,831,815,16
S01001013,771,580,191
S01001014,794,273,521
S01001015,558,300,258
S01001016,935,902,33
S01001017,710,610,100
S01001018,783,353,430
S01001019,979,241,738
S01001020,523,359,164
S01001021,843,624,219
S01001022,771,525,246
S01001023,984,975,9
S01001024,799,675,124
S01001025,915,813,102
S01001026,823,812,11
S01001027,851,849,2
S01001028,757,560,197
S01001029,747,396,351
S01001030,741,707,34
S01001031,949,930,19
S01001032,733,510,223
S01001033,716,479,237
S01001034,823,367,456
S01001035,543,345,198
S01001036,538,382,156
S01001037,879,685,194
S01001038,669,659,10
S01001039,549,536,13
S01001040,613,586,27
S01001041,526,524,2
S01001042,865,861,4
S01001043,699,698,1
S01001044,988,942,46
S01001045,567,566,1
S01001046,499,484,15
S01001047,662,655,7
S01001048,615,599,16
S01001049,689,665,24
S01001050,942,934,8
S01001051,694,661,33
S01001052,567,526,41
S01001053,794,737,57
S01001054,666,634,32
S01001055,756,633,123
S01001056,747,628,119
S01001057,638,627,11
S01001058,771,518,253
S01001059,634,616,18
S01001060,766,726,40
S01001061,776,719,57
S01001062,547,530,17
S01001063,787,763,24
S01001064,770,555,215
S01001065,753,605,148
S01001066,732,720,12
S01001067,777,774,3
S01001068,849,830,19
S01001069,871,846,25
S01001070,813,800,13
S01001071,632,630,2
S01001072,741,722,19
S01001073,989,940,49
S01001074,511,492,19
S01001075,817,806,11
S01001076,783,768,15
S01001077,769,696,73
S01001078,814,798,16
S01001079,501,490,11
S01001080,540,466,74
S01001081,557,497,60
S01001082,879,718,161
S01001083,798,690,108
S01001084,876,828,48
S01001085,873,757,116
S01001086,743,692,51
S01001087,517,509,8
S01001088,984,854,130
S01001089,929,796,133
S01001090,938,379,559
S01001091,638,138,500
S01001092,920,206,714
S01001093,846,257,589
S01001094,951,755,196
S01001095,705,120,585
S01001096,884,212,672
S01001097,637,486,151
S01001098,699,540,159
S01001099,860,68,792
S01001100,905,104,801
S01001101,980,36,944
S01001102,261,5,256
S01001103,854,547,307
S01001104,702,111,591
S01001105,850,805,45
S01001106,743,707,36
S01001107,987,142,845
S01001108,644,23,621
S01001109,816,54,762
S01001110,820,190,630
S01001111,963,175,788
S01001112,787,242,545
S01001113,982,286,696
S01001114,902,61,841
S01001115,811,61,750
S01001116,483,336,147
S01001117,514,158,356
S01001118,633,408,225
S01001119,935,247,688
S01001120,653,333,320
S01001121,783,288,495
S01001122,561,72,489
S01001123,906,555,351
S01001124,641,343,298
S01001125,402,158,244
S01001126,923,825,98
S01001127,805,278,527
S01001128,737,733,4
S01001129,956,350,606
S01001130,836,261,575
S01001131,512,207,305
S01001132,735,400,335
S01001133,906,262,644
S01001134,982,722,260
S01001135,403,40,363
S01001136,760,217,543
S01001137,769,176,593
S01001138,913,37,876
S01001139,729,435,294
S01001140,972,243,729
S01001141,452,106,346
S01001142,921,638,283
S01001143,739,596,143
S01001144,674,292,382
S01001145,598,201,397
S01001146,916,904,12
S01001147,664,10,654
S01001148,711,620,91
S01001149,673,353,320
S01001150,726,228,498
S01001151,559,117,442
S01001152,977,313,664
S01001153,740,592,148
S01001154,761,664,97
S01001155,627,480,147
S01001156,772,90,682
S01001157,862,835,27
S01001158,573,330,243
S01001159,721,483,238
S01001160,593,243,350
S01001161,582,392,190
S01001162,865,731,134
S01001163,675,164,511
S01001164,589,103,486
S01001165,781,255,526
S01001166,284,89,195
S01001167,902,856,46
S01001168,675,20,655
S01001169,960,254,706
S01001170,829,272,557
S01001171,634,349,285
S01001172,663,132,531
S01001173,892,357,535
S01001174,618,58,560
S01001175,890,403,487
S01001176,735,614,121
S01001177,707,212,495
S01001178,862,408,454
S01001179,982,976,6
S01001180,713,66,647
S01001181,894,889,5
S01001182,908,463,445
S01001183,874,90,784
S01001184,907,718,189
S01001185,583,572,11
S01001186,818,810,8
S01001187,914,535,379
S01001188,784,28,756
S01001189,984,612,372
S01001190,731,704,27
S01001191,669,304,365
S01001192,997,86,911
S01001193,865,792,73
S01001194,934,888,46
S01001195,971,756,215
S01001196,981,67,914
S01001197,545,352,193
S01001198,695,536,159
S01001199,976,696,280
S01001200,866,543,323
S01001201,660,250,410
S01001202,605,467,138
S01001203,795,378,417
S01001204,830,826,4
S01001205,767,484,283
S01001206,747,173,574
S01001207,852,829,23
S01001208,626,352,274
S01001209,600,586,14
S01001210,866,603,263
S01001211,957,637,320
S01001212,595,208,387
S01001213,900,577,323
S01001214,723,178,545
S01001215,805,720,85
S01001216,963,644,319
S01001217,922,787,135
S01001218,759,669,90
S01001219,556,550,6
S01001220,546,414,132
S01001221,536,480,56
S01001222,747,326,421
S01001223,782,719,63
S01001224,938,776,162
S01001225,974,958,16
S01001226,483,175,308
S01001227,752,706,46
S01001228,806,718,88
S01001229,762,647,115
S01001230,786,500,286
S01001231,736,569,167
S01001232,637,604,33
S01001233,991,416,575
S01001234,397,142,255
S01001235,851,846,5
S01001236,933,844,89
S01001237,575,391,184
S01001238,715,330,385
S01001239,557,175,382
S01001240,810,793,17
S01001241,793,426,367
S01001242,919,843,76
S01001243,252,176,76
S01001244,700,475,225
S01001245,813,808,5
S01001246,975,859,116
S01001247,659,588,71
S01001248,876,838,38
S01001249,700,598,102
S01001250,974,967,7
S01001251,721,349,372
S01001252,642,474,168
S01001253,674,286,388
S01001254,702,656,46
S01001255,947,931,16
S01001256,747,680,67
S01001257,805,755,50
S01001258,538,467,71
S01001259,785,728,57
S01001260,659,98,561
S01001261,933,382,551
S01001262,876,864,12
S01001263,511,503,8
S01001264,511,482,29
S01001265,594,591,3
S01001266,766,672,94
S01001267,988,734,254
S01001268,764,753,11
S01001269,507,504,3
S01001270,817,766,51
S01001271,748,541,207
S01001272,666,472,194
S01001273,701,373,328
S01001274,734,723,11
S01001275,632,473,159
S01001276,508,496,12
S01001277,685,580,105
S01001278,503,447,56
S01001279,729,714,15
S01001280,608,555,53
S01001281,835,510,325
S01001282,735,525,210
S01001283,491,476,15
S01001284,790,738,52
S01001285,644,509,135
S01001286,528,508,20
S01001287,901,876,25
S01001288,922,829,93
S01001289,629,528,101
S01001290,549,467,82
S01001291,421,415,6
S01001292,948,577,371
S01001293,787,602,185
S01001294,769,659,110
S01001295,905,692,213
S01001296,694,283,411
S01001297,790,716,74
S01001298,867,608,259
S01001299,916,756,160
S01001300,980,919,61
S01001301,632,608,24
S01001302,694,645,49
S01001303,580,578,2
S01001304,722,704,18
S01001305,693,549,144
S01001306,701,662,39
S01001307,879,805,74
S01001308,988,954,34
S01001309,679,501,178
S01001310,747,538,209
S01001311,606,596,10
S01001312,770,463,307
S01001313,673,446,227
S01001314,724,567,157
S01001315,941,924,17
S01001316,981,957,24
S01001317,932,888,44
S01001318,553,445,108
S01001319,649,458,191
S01001320,935,514,421
S01001321,545,534,11
S01001322,783,746,37
S01001323,623,522,101
S01001324,946,565,381
S01001325,731,672,59
S01001326,985,854,131
S01001327,775,644,131
S01001328,823,731,92
S01001329,603,385,218
S01001330,979,979,0
S01001331,869,655,214
S01001332,908,740,168
S01001333,843,309,534
S01001334,881,862,19
S01001335,985,706,279
S01001336,920,855,65
S01001337,772,710,62
S01001338,814,542,272
S01001339,677,499,178
S01001340,766,751,15
S01001341,829,387,442
S01001342,852,679,173
S01001343,990,759,231
S01001344,833,713,120
S01001345,595,256,339
S01001346,694,574,120
S01001347,770,753,17
S01001348,730,593,137
S01001349,719,689,30
S01001350,730,507,223
S01001351,504,300,204
S01001352,873,772,101
S01001353,679,668,11
S01001354,779,530,249
S01001355,766,645,121
S01001356,635,486,149
S01001357,658,245,413
S01001358,873,661,212
S01001359,710,579,131
S01001360,854,623,231
S01001361,558,431,127
S01001362,622,619,3
S01001363,595,67,528
S01001364,880,576,304
S01001365,644,552,92
S01001366,951,930,21
S01001367,696,505,191
S01001368,1005,967,38
S01001369,960,733,227
S01001370,723,562,161
S01001371,552,259,293
S01001372,773,760,13
S01001373,557,410,147
S01001374,601,556,45
S01001375,674,667,7
S01001376,712,198,514
S01001377,805,505,300
S01001378,600,436,164
S01001379,998,731,267
S01001380,825,255,570
S01001381,858,772,86
S01001382,567,121,446
S01001383,662,413,249
S01001384,950,699,251
S01001385,785,278,507
S01001386,872,531,341
S01001387,860,853,7
S01001388,910,549,361
S01001389,510,476,34
S01001390,854,824,30
S01001391,828,817,11
S01001392,520,397,123
S01001393,536,435,101
S01001394,545,314,231
S01001395,964,880,84
S01001396,747,640,107
S01001397,827,705,122
S01001398,916,900,16
S01001399,902,749,153
S01001400,927,838,89
S01001401,699,640,59
S01001402,928,923,5
S01001403,990,988,2
S01001404,610,609,1
S01001405,863,850,13
S01001406,607,589,18
S01001407,845,733,112
S01001408,848,626,222
S01001409,899,878,21
S01001410,976,938,38
S01001411,578,567,11
S01001412,946,816,130
S01001413,763,747,16
S01001414,668,360,308
S01001415,796,351,445
S01001416,685,634,51
S01001417,1034,1033,1
S01001418,944,860,84
S01001419,746,744,2
S01001420,596,570,26
S01001421,839,741,98
S01001422,549,545,4
S01001423,808,634,174
S01001424,1085,825,260
S01001425,980,775,205
S01001426,733,668,65
S01001427,930,920,10
S01001428,1014,770,244
S01001429,616,294,322
S01001430,985,862,123
S01001431,1027,1027,0
S01001432,731,710,21
S01001433,917,912,5
S01001434,974,899,75
S01001435,1007,1001,6
S01001436,986,976,10
S01001437,894,874,20
S01001438,620,617,3
S01001439,784,773,11
S01001440,980,972,8
S01001441,829,786,43
S01001442,744,744,0
S01001443,954,939,15
S01001444,1015,956,59
S01001445,749,733,16
S01001446,912,909,3
S01001447,795,684,111
S01001448,714,675,39
S01001449,602,555,47
S01001450,805,780,25
S01001451,702,675,27
S01001452,797,775,22
S01001453,886,883,3
S01001454,963,950,13
S01001455,798,726,72
S01001456,626,387,239
S01001457,930,853,77
S01001458,974,902,72
S01001459,918,918,0
S01001460,706,701,5
S01001461,915,914,1
S01001462,914,752,162
S01001463,510,507,3
S01001464,917,823,94
S01001465,640,562,78
S01001466,775,770,5
S01001467,898,894,4
S01001468,653,645,8
S01001469,832,737,95
S01001470,1009,974,35
S01001471,735,577,158
S01001472,876,858,18
S01001473,766,507,259
S01001474,950,896,54
S01001475,579,491,88
S01001476,1059,1028,31
S01001477,1060,1055,5
S01001478,695,678,17
S01001479,643,466,177
S01001480,532,532,0
S01001481,998,938,60
S01001482,772,470,302
S01001483,906,899,7
S01001484,855,847,8
S01001485,731,714,17
S01001486,772,670,102
S01001487,678,601,77
S01001488,941,930,11
S01001489,705,600,105
S01001490,881,456,425
S01001491,902,900,2
S01001492,988,735,253
S01001493,841,791,50
S01001494,892,644,248
S01001495,612,558,54
S01001496,910,791,119
S01001497,762,358,404
S01001498,770,765,5
S01001499,1038,919,119
S01001500,733,405,328
S01001501,834,810,24
S01001502,912,904,8
S01001503,911,907,4
S01001504,932,606,326
S01001505,1013,994,19
S01001506,591,242,349
S01001507,962,882,80
S01001508,1005,996,9
S01001509,941,737,204
S01001510,594,315,279
S01001511,624,621,3
S01001512,761,574,187
S01001513,868,287,581
S01001514,836,745,91
S01001515,729,710,19
S01001516,691,576,115
S01001517,873,388,485
S01001518,1014,835,179
S01001519,955,760,195
S01001520,712,605,107
S01001521,1025,781,244
S01001522,995,857,138
S01001523,801,731,70
S01001524,963,689,274
S01001525,844,835,9
S01001526,645,595,50
S01001527,863,702,161
S01001528,1014,1002,12
S01001529,661,444,217
S01001530,883,796,87
S01001531,898,596,302
S01001532,587,427,160
S01001533,848,842,6
S01001534,705,695,10
S01001535,851,765,86
S01001536,842,663,179
S01001537,619,371,248
S01001538,892,870,22
S01001539,814,741,73
S01001540,838,818,20
S01001541,878,810,68
S01001542,740,714,26
S01001543,762,688,74
S01001544,949,795,154
S01001545,799,755,44
S01001546,935,613,322
S01001547,878,693,185
S01001548,700,661,39
S01001549,895,745,150
S01001550,657,657,0
S01001551,832,818,14
S01001552,862,826,36
S01001553,791,759,32
S01001554,993,953,40
S01001555,781,609,172
S01001556,925,783,142
S01001557,997,967,30
S01001558,829,826,3
S01001559,514,503,11
S01001560,669,370,299
S01001561,731,700,31
S01001562,664,653,11
S01001563,605,566,39
S01001564,582,574,8
S01001565,774,451,323
S01001566,672,660,12
S01001567,962,936,26
S01001568,675,412,263
S01001569,536,521,15
S01001570,539,539,0
S01001571,752,540,212
S01001572,581,543,38
S01001573,658,636,22
S01001574,897,743,154
S01001575,780,461,319
S01001576,589,510,79
S01001577,776,755,21
S01001578,689,675,14
S01001579,789,605,184
S01001580,601,412,189
S01001581,729,682,47
S01001582,610,557,53
S01001583,484,431,53
S01001584,769,392,377
S01001585,875,219,656
S01001586,518,506,12
S01001587,823,685,138
S01001588,782,552,230
S01001589,784,693,91
S01001590,766,426,340
S01001591,628,429,199
S01001592,768,381,387
S01001593,788,475,313
S01001594,783,192,591
S01001595,733,279,454
S01001596,763,541,222
S01001597,600,207,393
S01001598,637,598,39
S01001599,887,233,654
S01001600,1023,178,845
S01001601,783,762,21
S01001602,449,332,117
S01001603,821,651,170
S01001604,682,620,62
S01001605,607,587,20
S01001606,525,248,277
S01001607,928,728,200
S01001608,900,773,127
S01001609,942,925,17
S01001610,564,388,176
S01001611,777,762,15
S01001612,843,766,77
S01001613,861,822,39
S01001614,604,332,272
S01001615,774,633,141
S01001616,587,582,5
S01001617,714,636,78
S01001618,902,735,167
S01001619,723,641,82
S01001620,810,732,78
S01001621,763,751,12
S01001622,907,551,356
S01001623,715,664,51
S01001624,1000,879,121
S01001625,756,523,233
S01001626,806,772,34
S01001627,715,644,71
S01001628,585,574,11
S01001629,615,503,112
S01001630,548,187,361
S01001631,878,648,230
S01001632,619,616,3
S01001633,941,919,22
S01001634,834,824,10
S01001635,742,676,66
S01001636,575,571,4
S01001637,741,641,100
S01001638,880,592,288
S01001639,672,556,116
S01001640,689,679,10
S01001641,612,601,11
S01001642,950,925,25
S01001643,762,651,111
S01001644,765,737,28
S01001645,878,532,346
S01001646,581,568,13
S01001647,655,553,102
S01001648,757,685,72
S01001649,759,457,302
S01001650,807,650,157
S01001651,908,583,325
S01001652,816,802,14
S01001653,669,324,345
S01001654,601,587,14
S01001655,605,527,78
S01001656,932,774,158
S01001657,512,506,6
S01001658,925,769,156
S01001659,645,609,36
S01001660,652,597,55
S01001661,648,618,30
S01001662,769,638,131
S01001663,782,708,74
S01001664,543,500,43
S01001665,761,625,136
S01001666,612,342,270
S01001667,743,457,286
S01001668,632,376,256
S01001669,636,209,427
S01001670,689,615,74
S01001671,568,563,5
S01001672,589,489,100
S01001673,666,628,38
S01001674,711,614,97
S01001675,677,573,104
S01001676,894,836,58
S01001677,835,778,57
S01001678,942,902,40
S01001679,696,553,143
S01001680,601,552,49
S01001681,649,644,5
S01001682,522,498,24
S01001683,736,514,222
S01001684,575,569,6
S01001685,680,462,218
S01001686,929,855,74
S01001687,992,638,354
S01001688,838,764,74
S01001689,727,698,29
S01001690,545,485,60
S01001691,819,778,41
S01001692,577,477,100
S01001693,770,764,6
S01001694,644,461,183
S01001695,744,617,127
S01001696,762,743,19
S01001697,807,773,34
S01001698,523,488,35
S01001699,666,666,0
S01001700,980,973,7
S01001701,859,682,177
S01001702,896,760,136
S01001703,757,731,26
S01001704,937,872,65
S01001705,590,588,2
S01001706,784,776,8
S01001707,693,455,238
S01001708,863,717,146
S01001709,605,542,63
S01001710,663,427,236
S01001711,765,760,5
S01001712,517,517,0
S01001713,957,948,9
S01001714,707,647,60
S01001715,960,954,6
S01001716,785,568,217
S01001717,776,768,8
S01001718,505,451,54
S01001719,795,786,9
S01001720,690,675,15
S01001721,567,391,176
S01001722,754,662,92
S01001723,709,642,67
S01001724,732,439,293
S01001725,715,575,140
S01001726,662,654,8
S01001727,880,835,45
S01001728,672,668,4
S01001729,970,967,3
S01001730,630,626,4
S01001731,635,630,5
S01001732,596,550,46
S01001733,708,656,52
S01001734,527,525,2
S01001735,506,488,18
S01001736,998,876,122
S01001737,614,609,5
S01001738,619,612,7
S01001739,628,620,8
S01001740,788,686,102
S01001741,650,573,77
S01001742,707,538,169
S01001743,911,664,247
S01001744,616,609,7
S01001745,830,823,7
S01001746,958,888,70
S01001747,874,809,65
S01001748,640,637,3
S01001749,761,459,302
S01001750,731,605,126
S01001751,914,566,348
S01001752,994,991,3
S01001753,851,611,240
S01001754,820,777,43
S01001755,906,825,81
S01001756,625,419,206
S01001757,762,576,186
S01001758,766,541,225
S01001759,609,114,495
S01001760,695,507,188
S01001761,662,236,426
S01001762,987,708,279
S01001763,840,834,6
S01001764,530,515,15
S01001765,963,671,292
S01001766,696,597,99
S01001767,628,575,53
S01001768,617,502,115
S01001769,718,508,210
S01001770,542,185,357
S01001771,804,692,112
S01001772,516,352,164
S01001773,956,563,393
S01001774,623,591,32
S01001775,751,623,128
S01001776,613,331,282
S01001777,914,849,65
S01001778,864,558,306
S01001779,538,386,152
S01001780,807,593,214
S01001781,669,635,34
S01001782,936,878,58
S01001783,638,518,120
S01001784,587,515,72
S01001785,679,659,20
S01001786,569,529,40
S01001787,642,641,1
S01001788,874,851,23
S01001789,531,444,87
S01001790,762,557,205
S01001791,748,628,120
S01001792,733,671,62
S01001793,842,569,273
S01001794,924,891,33
S01001795,568,462,106
S01001796,813,808,5
S01001797,701,579,122
S01001798,909,900,9
S01001799,1002,910,92
S01001800,999,993,6
S01001801,911,888,23
S01001802,819,725,94
S01001803,1003,964,39
S01001804,1076,950,126
S01001805,784,769,15
S01001806,644,576,68
S01001807,844,816,28
S01001808,625,601,24
S01001809,748,154,594
S01001810,947,861,86
S01001811,716,706,10
S01001812,566,559,7
S01001813,715,707,8
S01001814,753,708,45
S01001815,879,796,83
S01001816,1076,1017,59
S01001817,694,623,71
S01001818,767,723,44
S01001819,1032,956,76
S01001820,800,454,346
S01001821,524,501,23
S01001822,999,757,242
S01001823,746,356,390
S01001824,780,664,116
S01001825,815,714,101
S01001826,571,191,380
S01001827,886,408,478
S01001828,791,772,19
S01001829,705,410,295
S01001830,936,925,11
S01001831,765,480,285
S01001832,677,617,60
S01001833,969,888,81
S01001834,576,500,76
S01001835,645,561,84
S01001836,716,610,106
S01001837,938,764,174
S01001838,583,557,26
S01001839,921,526,395
S01001840,736,681,55
S01001841,740,294,446
S01001842,758,705,53
S01001843,755,68,687
S01001844,1091,1076,15
S01001845,848,836,12
S01001846,943,926,17
S01001847,799,572,227
S01001848,788,200,588
S01001849,616,555,61
S01001850,784,310,474
S01001851,752,699,53
S01001852,808,804,4
S01001853,776,761,15
S01001854,961,644,317
S01001855,756,658,98
S01001856,588,232,356
S01001857,802,619,183
S01001858,791,699,92
S01001859,966,903,63
S01001860,806,772,34
S01001861,890,160,730
S01001862,909,903,6
S01001863,916,891,25
S01001864,862,327,535
S01001865,707,149,558
S01001866,704,613,91
S01001867,548,463,85
S01001868,673,606,67
S01001869,845,683,162
S01001870,733,424,309
S01001871,860,408,452
S01001872,737,583,154
S01001873,745,685,60
S01001874,720,82,638
S01001875,880,870,10
S01001876,1055,705,350
S01001877,986,634,352
S01001878,953,826,127
S01001879,676,12,664
S01001880,745,105,640
S01001881,674,668,6
S01001882,771,730,41
S01001883,569,384,185
S01001884,998,597,401
S01001885,1058,1044,14
S01001886,548,232,316
S01001887,795,717,78
S01001888,907,811,96
S01001889,577,501,76
S01001890,927,601,326
S01001891,665,460,205
S01001892,769,19,750
S01001893,939,32,907
S01001894,739,116,623
S01001895,756,455,301
S01001896,844,602,242
S01001897,884,135,749
S01001898,590,60,530
S01001899,796,380,416
S01001900,783,540,243
S01001901,924,631,293
S01001902,902,463,439
S01001903,588,353,235
S01001904,637,225,412
S01001905,920,529,391
S01001906,406,282,124
S01001907,794,650,144
S01001908,830,605,225
S01001909,669,85,584
S01001910,766,390,376
S01001911,760,533,227
S01001912,793,391,402
S01001913,983,767,216
S01001914,584,488,96
S01001915,845,729,116
S01001916,815,96,719
S01001917,650,436,214
S01001918,866,55,811
S01001919,908,356,552
S01001920,720,453,267
S01001921,602,391,211
S01001922,782,696,86
S01001923,341,282,59
S01001924,729,381,348
S01001925,794,535,259
S01001926,644,314,330
S01001927,860,433,427
S01001928,780,89,691
S01001929,754,464,290
S01001930,772,78,694
S01001931,754,460,294
S01001932,983,872,111
S01001933,866,665,201
S01001934,793,250,543
S01001935,720,339,381
S01001936,945,411,534
S01001937,900,602,298
S01001938,557,92,465
S01001939,475,40,435
S01001940,740,367,373
S01001941,816,419,397
S01001942,562,47,515
S01001943,621,401,220
S01001944,561,266,295
S01001945,682,274,408
S01001946,838,170,668
S01001947,770,306,464
S01001948,766,511,255
S01001949,724,358,366
S01001950,907,153,754
S01001951,776,365,411
S01001952,764,389,375
S01001953,789,193,596
S01001954,447,236,211
S01001955,800,363,437
S01001956,789,695,94
S01001957,292,60,232
S01001958,876,214,662
S01001959,624,607,17
S01001960,879,405,474
S01001961,949,415,534
S01001962,833,684,149
S01001963,766,84,682
S01001964,778,534,244
S01001965,822,311,511
S01001966,767,104,663
S01001967,675,39,636
S01001968,771,169,602
S01001969,648,264,384
S01001970,573,362,211
S01001971,774,172,602
S01001972,765,355,410
S01001973,704,367,337
S01001974,768,135,633
S01001975,845,263,582
S01001976,753,205,548
S01001977,748,124,624
S01001978,727,420,307
S01001979,571,128,443
S01001980,685,112,573
S01001981,724,216,508
S01001982,302,156,146
S01001983,743,161,582
S01001984,524,47,477
S01001985,777,314,463
S01001986,622,25,597
S01001987,825,59,766
S01001988,794,350,444
S01001989,879,781,98
S01001990,989,82,907
S01001991,792,274,518
S01001992,832,395,437
S01001993,756,196,560
S01001994,845,214,631
S01001995,687,494,193
S01001996,867,42,825
S01001997,744,245,499
S01001998,716,227,489
S01001999,748,35,713
S01002000,762,536,226
S01002001,766,82,684
S01002002,738,28,710
S01002003,826,746,80
S01002004,799,149,650
S01002005,796,131,665
S01002006,938,887,51
S01002007,934,16,918
S01002008,863,152,711
S01002009,799,204,595
S01002010,514,1,513
S01002011,1088,943,145
S01002012,778,34,744
S01002013,796,284,512
S01002014,774,71,703
S01002015,878,864,14
S01002016,550,66,484
S01002017,1042,778,264
S01002018,832,818,14
S01002019,788,31,757
S01002020,431,3,428
S01002021,965,273,692
S01002022,765,731,34
S01002023,760,80,680
S01002024,739,193,546
S01002025,828,11,817
S01002026,680,599,81
S01002027,1047,20,1027
S01002028,857,144,713
S01002029,756,11,745
S01002030,771,22,749
S01002031,659,63,596
S01002032,711,61,650
S01002033,753,47,706
S01002034,717,35,682
S01002035,772,500,272
S01002036,825,24,801
S01002037,680,44,636
S01002038,580,15,565
S01002039,636,398,238
S01002040,532,11,521
S01002041,875,124,751
S01002042,934,525,409
S01002043,784,450,334
S01002044,703,137,566
S01002045,760,509,251
S01002046,573,17,556
S01002047,699,99,600
S01002048,866,21,845
S01002049,1096,31,1065
S01002050,705,668,37
S01002051,818,580,238
S01002052,752,16,736
S01002053,760,12,748
S01002054,595,26,569
S01002055,852,845,7
S01002056,942,594,348
S01002057,858,698,160
S01002058,668,21,647
S01002059,711,42,669
S01002060,742,3,739
S01002061,663,23,640
S01002062,625,249,376
S01002063,982,96,886
S01002064,803,24,779
S01002065,764,44,720
S01002066,688,12,676
S01002067,809,411,398
S01002068,896,17,879
S01002069,571,380,191
S01002070,662,77,585
S01002071,605,36,569
S01002072,1099,736,363
S01002073,634,29,605
S01002074,660,630,30
S01002075,876,96,780
S01002076,826,38,788
S01002077,839,753,86
S01002078,862,662,200
S01002079,750,60,690
S01002080,975,893,82
S01002081,697,151,546
S01002082,835,283,552
S01002083,544,272,272
S01002084,554,53,501
S01002085,654,7,647
S01002086,531,17,514
S01002087,935,35,900
S01002088,866,726,140
S01002089,989,793,196
S01002090,1071,878,193
S01002091,796,23,773
S01002092,842,655,187
S01002093,759,16,743
S01002094,738,307,431
S01002095,541,318,223
S01002096,832,768,64
S01002097,761,755,6
S01002098,705,569,136
S01002099,841,75,766
S01002100,596,303,293
S01002101,900,73,827
S01002102,655,78,577
S01002103,744,673,71
S01002104,924,77,847
S01002105,986,740,246
S01002106,739,43,696
S01002107,546,477,69
S01002108,959,33,926
S01002109,866,32,834
S01002110,687,425,262
S01002111,1023,979,44
S01002112,1043,638,405
S01002113,762,732,30
S01002114,715,659,56
S01002115,1031,92,939
S01002116,761,306,455
S01002117,581,19,562
S01002118,849,39,810
S01002119,602,271,331
S01002120,762,650,112
S01002121,705,415,290
S01002122,881,619,262
S01002123,976,969,7
S01002124,759,687,72
S01002125,1008,436,572
S01002126,669,604,65
S01002127,728,387,341
S01002128,737,65,672
S01002129,740,76,664
S01002130,656,648,8
S01002131,627,25,602
S01002132,788,409,379
S01002133,1041,114,927
S01002134,618,591,27
S01002135,863,818,45
S01002136,637,209,428
S01002137,885,703,182
S01002138,628,281,347
S01002139,703,536,167
S01002140,906,111,795
S01002141,680,256,424
S01002142,1050,844,206
S01002143,763,510,253
S01002144,721,591,130
S01002145,961,161,800
S01002146,913,176,737
S01002147,965,588,377
S01002148,864,853,11
S01002149,1022,415,607
S01002150,689,293,396
S01002151,1035,76,959
S01002152,773,342,431
S01002153,540,430,110
S01002154,883,276,607
S01002155,1010,117,893
S01002156,754,79,675
S01002157,797,266,531
S01002158,771,60,711
S01002159,740,186,554
S01002160,790,30,760
S01002161,678,36,642
S01002162,1018,770,248
S01002163,1003,35,968
S01002164,854,802,52
S01002165,957,880,77
S01002166,796,101,695
S01002167,660,424,236
S01002168,1005,103,902
S01002169,783,30,753
S01002170,832,539,293
S01002171,624,478,146
S01002172,735,709,26
S01002173,953,380,573
S01002174,913,98,815
S01002175,973,272,701
S01002176,800,688,112
S01002177,790,58,732
S01002178,916,183,733
S01002179,692,670,22
S01002180,504,42,462
S01002181,762,176,586
S01002182,726,58,668
S01002183,842,131,711
S01002184,792,741,51
S01002185,798,148,650
S01002186,737,20,717
S01002187,901,58,843
S01002188,763,533,230
S01002189,732,42,690
S01002190,780,106,674
S01002191,801,82,719
S01002192,866,791,75
S01002193,905,806,99
S01002194,744,695,49
S01002195,909,74,835
S01002196,667,561,106
S01002197,566,96,470
S01002198,852,104,748
S01002199,728,115,613
S01002200,795,741,54
S01002201,886,58,828
S01002202,688,55,633
S01002203,475,27,448
S01002204,711,101,610
S01002205,767,148,619
S01002206,546,31,515
S01002207,844,684,160
S01002208,557,38,519
S01002209,916,18,898
S01002210,610,273,337
S01002211,570,65,505
S01002212,1008,89,919
S01002213,829,792,37
S01002214,768,241,527
S01002215,914,671,243
S01002216,774,20,754
S01002217,797,27,770
S01002218,556,13,543
S01002219,672,547,125
S01002220,792,779,13
S01002221,767,15,752
S01002222,836,809,27
S01002223,718,700,18
S01002224,746,657,89
S01002225,714,69,645
S01002226,1037,402,635
S01002227,835,255,580
S01002228,974,925,49
S01002229,785,661,124
S01002230,971,286,685
S01002231,771,140,631
S01002232,715,348,367
S01002233,931,86,845
S01002234,779,46,733
S01002235,968,241,727
S01002236,907,560,347
S01002237,1077,710,367
S01002238,567,220,347
S01002239,932,275,657
S01002240,727,293,434
S01002241,890,223,667
S01002242,788,648,140
S01002243,766,324,442
S01002244,724,12,712
S01002245,941,259,682
S01002246,834,37,797
S01002247,866,318,548
S01002248,1095,572,523
S01002249,777,54,723
S01002250,973,695,278
S01002251,736,687,49
S01002252,537,226,311
S01002253,1005,566,439
S01002254,788,59,729
S01002255,1039,58,981
S01002256,768,299,469
S01002257,713,483,230
S01002258,777,17,760
S01002259,537,327,210
S01002260,853,711,142
S01002261,961,682,279
S01002262,789,642,147
S01002263,794,629,165
S01002264,864,445,419
S01002265,1033,507,526
S01002266,592,31,561
S01002267,972,145,827
S01002268,715,608,107
S01002269,910,211,699
S01002270,914,172,742
S01002271,853,399,454
S01002272,560,329,231
S01002273,787,211,576
S01002274,719,150,569
S01002275,897,416,481
S01002276,776,747,29
S01002277,781,243,538
S01002278,1064,113,951
S01002279,961,364,597
S01002280,797,539,258
S01002281,703,291,412
S01002282,341,85,256
S01002283,744,483,261
S01002284,964,469,495
S01002285,782,12,770
S01002286,712,120,592
S01002287,766,374,392
S01002288,749,46,703
S01002289,799,260,539
S01002290,795,50,745
S01002291,838,64,774
S01002292,789,79,710
S01002293,874,444,430
S01002294,572,357,215
S01002295,758,526,232
S01002297,929,627,302
S01002298,744,477,267
S01002299,841,709,132
S01002300,792,564,228
S01002301,860,513,347
S01002302,749,549,200
S01002303,832,336,496
S01002304,798,28,770
S01002305,834,118,716
S01002306,475,179,296
S01002307,634,4,630
S01002308,911,313,598
S01002309,741,209,532
S01002310,832,99,733
S01002311,551,448,103
S01002312,647,188,459
S01002313,731,514,217
S01002314,830,491,339
S01002315,558,407,151
S01002316,712,571,141
S01002317,840,134,706
S01002318,845,296,549
S01002319,1098,278,820
S01002320,631,279,352
S01002321,892,77,815
S01002322,689,161,528
S01002323,777,303,474
S01002324,761,152,609
S01002325,552,355,197
S01002326,820,189,631
S01002327,670,575,95
S01002328,765,662,103
S01002329,708,650,58
S01002330,798,636,162
S01002331,709,647,62
S01002332,958,953,5
S01002333,834,823,11
S01002334,827,706,121
S01002335,983,627,356
S01002336,1019,935,84
S01002337,977,942,35
S01002338,579,139,440
S01002339,622,603,19
S01002340,540,532,8
S01002341,560,540,20
S01002342,599,577,22
S01002343,775,753,22
S01002344,530,509,21
S01002345,697,684,13
S01002346,912,871,41
S01002347,736,711,25
S01002348,944,940,4
S01002349,936,877,59
S01002350,962,954,8
S01002351,651,649,2
S01002352,843,831,12
S01002353,745,745,0
S01002354,782,768,14
S01002355,841,603,238
S01002356,768,529,239
S01002357,690,608,82
S01002358,530,516,14
S01002359,875,771,104
S01002360,654,514,140
S01002361,601,574,27
S01002362,687,686,1
S01002363,915,902,13
S01002364,747,677,70
S01002365,544,542,2
S01002366,559,555,4
S01002367,871,865,6
S01002368,863,862,1
S01002369,528,527,1
S01002370,724,718,6
S01002371,644,642,2
S01002372,798,789,9
S01002373,629,626,3
S01002374,710,705,5
S01002375,895,828,67
S01002376,868,774,94
S01002377,845,655,190
S01002378,556,531,25
S01002379,945,844,101
S01002380,702,611,91
S01002381,829,787,42
S01002382,666,540,126
S01002383,535,522,13
S01002384,554,448,106
S01002385,819,658,161
S01002386,993,944,49
S01002387,617,604,13
S01002388,824,807,17
S01002389,733,729,4
S01002390,692,601,91
S01002391,876,864,12
S01002392,897,864,33
S01002393,520,490,30
S01002394,662,604,58
S01002395,768,652,116
S01002396,754,667,87
S01002397,811,729,82
S01002398,834,763,71
S01002399,1010,763,247
S01002400,887,729,158
S01002401,964,959,5
S01002402,895,737,158
S01002403,773,609,164
S01002404,960,953,7
S01002405,777,613,164
S01002406,790,640,150
S01002407,803,756,47
S01002408,885,776,109
S01002409,646,559,87
S01002410,532,501,31
S01002411,667,611,56
S01002412,1006,755,251
S01002413,703,576,127
S01002414,613,411,202
S01002415,773,734,39
S01002416,533,492,41
S01002417,722,621,101
S01002418,945,832,113
S01002419,542,528,14
S01002420,623,559,64
S01002421,876,842,34
S01002422,604,530,74
S01002423,679,409,270
S01002424,900,860,40
S01002425,811,641,170
S01002426,634,82,552
S01002427,805,664,141
S01002428,532,490,42
S01002429,724,25,699
S01002430,487,346,141
S01002431,760,580,180
S01002432,716,645,71
S01002433,534,372,162
S01002434,923,579,344
S01002435,717,523,194
S01002436,730,370,360
S01002437,501,272,229
S01002438,679,597,82
S01002439,795,675,120
S01002440,913,470,443
S01002441,629,583,46
S01002442,459,185,274
S01002443,573,460,113
S01002444,531,287,244
S01002445,740,428,312
S01002446,746,596,150
S01002447,737,656,81
S01002448,574,532,42
S01002449,480,466,14
S01002450,712,234,478
S01002451,1092,1061,31
S01002452,568,365,203
S01002453,799,760,39
S01002454,807,692,115
S01002455,627,612,15
S01002456,965,753,212
S01002457,822,810,12
S01002458,877,488,389
S01002459,519,173,346
S01002460,846,532,314
S01002461,477,477,0
S01002462,670,315,355
S01002463,1013,494,519
S01002464,545,444,101
S01002465,582,544,38
S01002466,996,949,47
S01002467,447,261,186
S01002468,555,272,283
S01002469,651,630,21
S01002470,845,760,85
S01002471,510,451,59
S01002472,581,231,350
S01002473,847,437,410
S01002474,479,155,324
S01002475,531,240,291
S01002476,827,673,154
S01002477,835,750,85
S01002478,935,899,36
S01002479,739,448,291
S01002480,568,371,197
S01002481,1001,962,39
S01002482,859,407,452
S01002483,701,227,474
S01002484,851,458,393
S01002485,892,826,66
S01002486,557,362,195
S01002487,463,273,190
S01002488,671,177,494
S01002489,553,218,335
S01002490,596,573,23
S01002491,499,448,51
S01002492,634,605,29
S01002493,943,695,248
S01002494,697,598,99
S01002495,696,257,439
S01002496,629,499,130
S01002497,634,223,411
S01002498,723,711,12
S01002499,858,132,726
S01002500,580,179,401
S01002501,497,383,114
S01002502,890,469,421
S01002503,537,328,209
S01002504,843,766,77
S01002505,772,484,288
S01002506,875,854,21
S01002507,607,242,365
S01002508,831,620,211
S01002509,953,676,277
S01002510,1022,527,495
S01002511,498,249,249
S01002512,536,178,358
S01002513,735,517,218
S01002514,593,207,386
S01002515,615,300,315
S01002516,744,555,189
S01002517,609,535,74
S01002518,729,703,26
S01002519,821,247,574
S01002520,517,295,222
S01002521,579,301,278
S01002522,704,701,3
S01002523,712,705,7
S01002524,590,203,387
S01002525,699,275,424
S01002526,562,534,28
S01002527,781,671,110
S01002528,735,698,37
S01002529,902,436,466
S01002530,755,630,125
S01002531,730,356,374
S01002532,774,703,71
S01002533,864,768,96
S01002534,978,950,28
S01002535,486,369,117
S01002536,510,321,189
S01002537,604,523,81
S01002538,912,846,66
S01002539,811,520,291
S01002540,557,143,414
S01002541,989,783,206
S01002542,586,401,185
S01002543,602,246,356
S01002544,790,576,214
S01002545,635,473,162
S01002546,683,603,80
S01002547,655,606,49
S01002548,991,809,182
S01002549,570,570,0
S01002550,544,499,45
S01002551,595,504,91
S01002552,593,576,17
S01002553,803,564,239
S01002554,661,660,1
S01002555,726,626,100
S01002556,778,748,30
S01002557,839,650,189
S01002558,530,448,82
S01002559,687,554,133
S01002560,570,510,60
S01002561,685,593,92
S01002562,654,616,38
S01002563,874,836,38
S01002564,620,611,9
S01002565,911,856,55
S01002566,779,770,9
S01002567,571,567,4
S01002568,716,578,138
S01002569,975,790,185
S01002570,619,604,15
S01002571,566,459,107
S01002572,579,511,68
S01002573,523,400,123
S01002574,781,468,313
S01002575,782,552,230
S01002576,741,667,74
S01002577,953,241,712
S01002578,779,744,35
S01002579,753,510,243
S01002580,799,554,245
S01002581,783,730,53
S01002582,720,628,92
S01002583,790,701,89
S01002584,780,682,98
S01002585,877,605,272
S01002586,556,539,17
S01002587,718,686,32
S01002588,787,782,5
S01002589,789,694,95
S01002590,757,751,6
S01002591,576,473,103
S01002592,808,667,141
S01002593,777,733,44
S01002594,680,670,10
S01002595,621,401,220
S01002596,752,750,2
S01002597,517,509,8
S01002598,916,822,94
S01002599,551,537,14
S01002600,882,879,3
S01002601,668,611,57
S01002602,528,524,4
S01002603,744,527,217
S01002604,993,991,2
S01002605,632,586,46
S01002606,601,577,24
S01002607,872,735,137
S01002608,600,595,5
S01002609,791,614,177
S01002610,915,658,257
S01002611,854,818,36
S01002612,762,710,52
S01002613,902,719,183
S01002614,913,716,197
S01002615,467,447,20
S01002616,633,633,0
S01002617,940,672,268
S01002618,793,258,535
S01002619,789,760,29
S01002620,785,397,388
S01002621,630,630,0
S01002622,903,868,35
S01002623,684,659,25
S01002624,723,718,5
S01002625,856,850,6
S01002626,759,740,19
S01002627,1064,1060,4
S01002628,805,786,19
S01002629,816,749,67
S01002630,623,350,273
S01002631,741,672,69
S01002632,596,584,12
S01002633,1000,986,14
S01002634,766,654,112
S01002635,592,486,106
S01002636,562,481,81
S01002637,800,749,51
S01002638,790,424,366
S01002639,927,826,101
S01002640,765,558,207
S01002641,961,847,114
S01002642,573,453,120
S01002643,521,311,210
S01002644,761,591,170
S01002645,652,530,122
S01002646,659,304,355
S01002647,939,855,84
S01002648,756,639,117
S01002649,755,615,140
S01002650,673,670,3
S01002651,665,659,6
S01002652,733,600,133
S01002653,759,428,331
S01002654,725,312,413
S01002655,702,506,196
S01002656,676,400,276
S01002657,779,606,173
S01002658,998,373,625
S01002659,929,876,53
S01002660,865,762,103
S01002661,743,575,168
S01002662,805,732,73
S01002663,702,587,115
S01002664,940,927,13
S01002665,787,731,56
S01002666,816,645,171
S01002667,647,452,195
S01002668,521,391,130
S01002669,886,398,488
S01002670,655,637,18
S01002671,932,343,589
S01002672,616,282,334
S01002673,528,219,309
S01002674,755,539,216
S01002675,931,881,50
S01002676,773,623,150
S01002677,955,236,719
S01002678,913,891,22
S01002679,943,464,479
S01002680,930,366,564
S01002681,756,702,54
S01002682,588,249,339
S01002683,627,618,9
S01002684,725,380,345
S01002685,909,164,745
S01002686,863,645,218
S01002687,832,540,292
S01002688,718,713,5
S01002689,697,616,81
S01002690,565,534,31
S01002691,974,967,7
S01002692,926,882,44
S01002693,446,421,25
S01002694,764,735,29
S01002695,595,570,25
S01002696,778,572,206
S01002697,916,884,32
S01002698,703,599,104
S01002699,531,416,115
S01002700,909,749,160
S01002701,916,912,4
S01002702,618,380,238
S01002703,848,536,312
S01002704,669,464,205
S01002705,679,537,142
S01002706,781,412,369
S01002707,906,765,141
S01002708,724,450,274
S01002709,615,137,478
S01002710,580,540,40
S01002711,894,848,46
S01002712,790,671,119
S01002713,797,135,662
S01002714,905,463,442
S01002715,922,709,213
S01002716,575,556,19
S01002717,766,485,281
S01002718,891,367,524
S01002719,788,745,43
S01002720,747,737,10
S01002721,773,466,307
S01002722,656,319,337
S01002723,624,573,51
S01002724,774,340,434
S01002725,912,847,65
S01002726,742,381,361
S01002727,978,933,45
S01002728,832,565,267
S01002729,941,916,25
S01002730,758,338,420
S01002731,790,476,314
S01002732,610,177,433
S01002733,602,417,185
S01002734,939,654,285
S01002735,853,223,630
S01002736,715,704,11
S01002737,743,296,447
S01002738,720,710,10
S01002739,805,778,27
S01002740,570,570,0
S01002741,865,404,461
S01002742,837,539,298
S01002743,574,207,367
S01002744,567,555,12
S01002745,609,398,211
S01002746,834,726,108
S01002747,595,218,377
S01002748,589,143,446
S01002749,779,546,233
S01002750,899,536,363
S01002751,962,703,259
S01002752,555,493,62
S01002753,662,662,0
S01002754,573,492,81
S01002755,792,477,315
S01002756,746,223,523
S01002757,576,469,107
S01002758,707,592,115
S01002759,750,611,139
S01002760,515,363,152
S01002761,764,250,514
S01002762,633,363,270
S01002763,917,778,139
S01002764,658,266,392
S01002765,751,290,461
S01002766,893,331,562
S01002767,938,872,66
S01002768,849,750,99
S01002769,787,765,22
S01002770,544,256,288
S01002771,778,547,231
S01002772,999,813,186
S01002773,973,745,228
S01002774,787,557,230
S01002775,770,647,123
S01002776,698,614,84
S01002777,1000,671,329
S01002778,733,337,396
S01002779,634,165,469
S01002780,916,676,240
S01002781,897,872,25
S01002782,848,566,282
S01002783,792,436,356
S01002784,553,237,316
S01002785,709,408,301
S01002786,742,737,5
S01002787,773,626,147
S01002788,816,736,80
S01002789,774,774,0
S01002790,812,349,463
S01002791,676,478,198
S01002792,916,698,218
S01002793,801,491,310
S01002794,873,795,78
S01002795,673,672,1
S01002796,529,441,88
S01002797,840,840,0
S01002798,595,515,80
S01002799,616,254,362
S01002800,811,805,6
S01002801,986,930,56
S01002802,652,652,0
S01002803,836,708,128
S01002804,539,429,110
S01002805,856,708,148
S01002806,572,527,45
S01002807,685,587,98
S01002808,848,758,90
S01002809,683,511,172
S01002810,966,767,199
S01002811,930,793,137
S01002812,630,533,97
S01002813,728,586,142
S01002814,721,516,205
S01002815,786,592,194
S01002816,568,504,64
S01002817,575,543,32
S01002818,577,432,145
S01002819,828,751,77
S01002820,924,849,75
S01002821,975,568,407
S01002822,908,830,78
S01002823,825,300,525
S01002824,777,618,159
S01002825,957,592,365
S01002826,546,363,183
S01002827,647,499,148
S01002828,633,513,120
S01002829,809,447,362
S01002830,624,414,210
S01002831,800,701,99
S01002832,816,793,23
S01002833,1081,1071,10
S01002834,911,822,89
S01002835,751,473,278
S01002836,567,562,5
S01002837,598,343,255
S01002838,568,532,36
S01002839,541,380,161
S01002840,662,632,30
S01002841,626,561,65
S01002842,608,192,416
S01002843,794,368,426
S01002844,605,582,23
S01002845,782,406,376
S01002846,905,758,147
S01002847,926,881,45
S01002848,853,818,35
S01002849,1051,1039,12
S01002850,903,695,208
S01002851,477,411,66
S01002852,1000,830,170
S01002853,443,170,273
S01002854,839,634,205
S01002855,629,542,87
S01002856,776,229,547
S01002857,505,460,45
S01002858,480,470,10
S01002859,851,724,127
S01002860,919,846,73
S01002861,965,857,108
S01002862,637,598,39
S01002863,793,762,31
S01002864,612,378,234
S01002865,919,898,21
S01002866,1066,760,306
S01002867,578,573,5
S01002868,754,621,133
S01002869,542,526,16
S01002870,887,832,55
S01002871,606,440,166
S01002872,599,455,144
S01002873,784,772,12
S01002874,909,655,254
S01002875,678,446,232
S01002876,697,505,192
S01002877,782,609,173
S01002878,567,565,2
S01002879,861,850,11
S01002880,513,453,60
S01002881,878,438,440
S01002882,748,354,394
S01002883,1040,946,94
S01002884,804,697,107
S01002885,740,669,71
S01002886,678,620,58
S01002887,635,547,88
S01002888,603,540,63
S01002889,846,797,49
S01002890,752,695,57
S01002891,756,749,7
S01002892,664,457,207
S01002893,729,606,123
S01002894,728,623,105
S01002895,641,283,358
S01002896,719,669,50
S01002897,521,264,257
S01002898,993,699,294
S01002899,506,502,4
S01002900,744,714,30
S01002901,835,757,78
S01002902,785,534,251
S01002903,869,550,319
S01002904,640,491,149
S01002905,745,550,195
S01002906,845,765,80
S01002907,610,362,248
S01002908,787,775,12
S01002909,714,645,69
S01002910,780,477,303
S01002911,915,896,19
S01002912,953,930,23
S01002913,768,723,45
S01002914,714,611,103
S01002915,1005,970,35
S01002916,779,583,196
S01002917,671,590,81
S01002918,712,525,187
S01002919,945,921,24
S01002920,639,486,153
S01002921,679,552,127
S01002922,560,429,131
S01002923,700,532,168
S01002924,699,613,86
S01002925,979,940,39
S01002926,819,777,42
S01002927,790,715,75
S01002928,561,543,18
S01002929,801,784,17
S01002930,663,643,20
S01002931,793,774,19
S01002932,771,758,13
S01002933,860,691,169
S01002934,953,854,99
S01002935,828,610,218
S01002936,713,712,1
S01002937,642,513,129
S01002938,777,453,324
S01002939,546,531,15
S01002940,505,439,66
S01002941,968,895,73
S01002942,538,492,46
S01002943,530,424,106
S01002944,952,850,102
S01002945,588,577,11
S01002946,630,618,12
S01002947,492,465,27
S01002948,855,753,102
S01002949,507,494,13
S01002950,747,704,43
S01002951,889,809,80
S01002952,620,555,65
S01002953,902,718,184
S01002954,869,737,132
S01002955,988,875,113
S01002956,767,561,206
S01002957,960,914,46
S01002958,562,556,6
S01002959,968,953,15
S01002960,697,668,29
S01002961,752,583,169
S01002962,591,543,48
S01002963,778,695,83
S01002964,819,763,56
S01002965,814,726,88
S01002966,626,610,16
S01002967,832,790,42
S01002968,712,673,39
S01002969,903,860,43
S01002970,522,445,77
S01002971,1082,1034,48
S01002972,905,554,351
S01002973,864,744,120
S01002974,560,535,25
S01002975,550,269,281
S01002976,939,347,592
S01002977,711,568,143
S01002978,1039,977,62
S01002979,692,674,18
S01002980,790,692,98
S01002981,827,814,13
S01002982,680,673,7
S01002983,777,710,67
S01002984,743,732,11
S01002985,564,558,6
S01002986,756,501,255
S01002987,638,334,304
S01002988,698,680,18
S01002989,962,276,686
S01002990,580,374,206
S01002991,765,714,51
S01002992,688,479,209
S01002993,617,567,50
S01002994,777,380,397
S01002995,501,70,431
S01002996,618,237,381
S01002997,626,269,357
S01002998,788,618,170
S01002999,537,197,340
S01003000,657,583,74
S01003001,604,539,65
S01003002,764,451,313
S01003003,555,547,8
S01003004,524,266,258
S01003005,561,552,9
S01003006,737,731,6
S01003007,781,732,49
S01003008,609,591,18
S01003009,534,453,81
S01003010,601,591,10
S01003011,470,458,12
S01003012,989,970,19
S01003013,581,569,12
S01003014,683,634,49
S01003015,772,703,69
S01003016,460,361,99
S01003017,646,352,294
S01003018,748,455,293
S01003019,799,489,310
S01003020,662,411,251
S01003021,656,455,201
S01003022,980,831,149
S01003023,792,757,35
S01003024,629,398,231
S01003025,751,708,43
S01003026,602,351,251
S01003027,1088,892,196
S01003028,768,343,425
S01003029,770,251,519
S01003030,850,308,542
S01003032,454,100,354
S01003033,509,72,437
S01003034,902,748,154
S01003035,766,447,319
S01003036,773,172,601
S01003037,750,661,89
S01003038,896,882,14
S01003039,883,277,606
S01003040,850,309,541
S01003041,729,718,11
S01003042,652,239,413
S01003043,577,124,453
S01003044,910,386,524
S01003045,838,84,754
S01003046,748,452,296
S01003047,1008,60,948
S01003048,489,47,442
S01003049,584,131,453
S01003050,798,796,2
S01003051,938,683,255
S01003052,759,304,455
S01003053,929,782,147
S01003054,890,304,586
S01003055,865,304,561
S01003056,890,75,815
S01003057,709,200,509
S01003058,766,201,565
S01003059,838,748,90
S01003060,658,206,452
S01003061,849,831,18
S01003062,845,709,136
S01003063,799,186,613
S01003064,926,321,605
S01003065,919,291,628
S01003066,943,856,87
S01003067,661,634,27
S01003068,859,555,304
S01003069,606,370,236
S01003070,790,338,452
S01003071,635,499,136
S01003072,993,352,641
S01003073,763,148,615
S01003074,788,760,28
S01003075,735,191,544
S01003076,912,25,887
S01003077,1016,102,914
S01003078,722,551,171
S01003079,914,687,227
S01003080,859,206,653
S01003081,936,925,11
S01003082,742,614,128
S01003083,1072,638,434
S01003084,873,695,178
S01003085,1010,800,210
S01003086,715,637,78
S01003087,679,146,533
S01003088,969,340,629
S01003089,619,611,8
S01003090,768,175,593
S01003091,634,191,443
S01003092,798,424,374
S01003093,1018,356,662
S01003094,946,582,364
S01003095,837,788,49
S01003096,714,630,84
S01003097,253,134,119
S01003098,1037,14,1023
S01003099,590,414,176
S01003100,860,235,625
S01003101,603,427,176
S01003102,799,557,242
S01003103,789,782,7
S01003104,999,189,810
S01003105,798,284,514
S01003106,737,623,114
S01003107,843,562,281
S01003108,735,6,729
S01003109,991,804,187
S01003110,827,678,149
S01003111,898,569,329
S01003112,952,696,256
S01003113,756,498,258
S01003114,947,572,375
S01003115,546,410,136
S01003116,872,19,853
S01003117,788,15,773
S01003118,493,79,414
S01003119,722,199,523
S01003120,1073,1012,61
S01003121,964,575,389
S01003122,777,502,275
S01003123,846,700,146
S01003124,819,17,802
S01003125,796,27,769
S01003126,153,8,145
S01003127,850,173,677
S01003128,720,10,710
S01003129,1080,287,793
S01003130,786,316,470
S01003131,846,111,735
S01003132,594,18,576
S01003133,1090,305,785
S01003134,754,78,676
S01003135,759,350,409
S01003136,769,90,679
S01003137,668,27,641
S01003138,998,162,836
S01003139,979,101,878
S01003140,915,361,554
S01003141,725,98,627
S01003142,727,30,697
S01003143,877,127,750
S01003144,910,548,362
S01003145,741,699,42
S01003146,672,4,668
S01003147,923,601,322
S01003148,775,761,14
S01003149,907,90,817
S01003150,781,43,738
S01003151,790,604,186
S01003152,914,255,659
S01003153,766,667,99
S01003154,891,35,856
S01003155,1081,1069,12
S01003156,837,99,738
S01003157,982,64,918
S01003158,541,34,507
S01003159,242,139,103
S01003160,716,383,333
S01003161,609,476,133
S01003162,688,492,196
S01003163,655,369,286
S01003164,898,293,605
S01003165,985,339,646
S01003166,660,9,651
S01003167,800,634,166
S01003168,842,22,820
S01003169,889,789,100
S01003170,931,865,66
S01003171,632,581,51
S01003172,718,13,705
S01003173,485,28,457
S01003174,793,44,749
S01003175,797,31,766
S01003176,770,18,752
S01003177,987,609,378
S01003178,695,258,437
S01003179,716,14,702
S01003180,752,731,21
S01003181,927,766,161
S01003182,696,347,349
S01003183,701,11,690
S01003184,875,451,424
S01003185,530,92,438
S01003186,905,125,780
S01003187,904,209,695
S01003188,828,20,808
S01003189,841,32,809
S01003190,758,219,539
S01003191,529,8,521
S01003192,737,12,725
S01003193,611,465,146
S01003194,789,346,443
S01003195,729,675,54
S01003196,942,634,308
S01003197,663,457,206
S01003198,928,235,693
S01003199,876,724,152
S01003200,696,23,673
S01003201,231,120,111
S01003202,298,7,291
S01003203,862,552,310
S01003204,1021,737,284
S01003205,719,216,503
S01003206,745,25,720
S01003207,814,13,801
S01003208,898,149,749
S01003209,596,539,57
S01003210,841,268,573
S01003211,871,48,823
S01003212,779,732,47
S01003213,592,239,353
S01003214,799,646,153
S01003215,1011,553,458
S01003216,741,535,206
S01003217,691,196,495
S01003218,744,176,568
S01003219,760,557,203
S01003220,798,44,754
S01003221,842,241,601
S01003222,775,30,745
S01003223,914,41,873
S01003224,749,735,14
S01003225,794,58,736
S01003226,792,508,284
S01003227,925,28,897
S01003228,866,413,453
S01003229,975,558,417
S01003230,826,694,132
S01003231,984,738,246
S01003232,779,39,740
S01003233,998,913,85
S01003234,827,376,451
S01003235,798,588,210
S01003236,832,45,787
S01003237,1025,818,207
S01003238,749,205,544
S01003239,999,261,738
S01003240,775,345,430
S01003241,828,715,113
S01003242,1006,569,437
S01003243,884,514,370
S01003244,976,565,411
S01003245,849,86,763
S01003246,1007,279,728
S01003247,757,563,194
S01003248,773,270,503
S01003249,689,145,544
S01003250,582,469,113
S01003251,834,149,685
S01003252,697,690,7
S01003253,822,35,787
S01003254,613,107,506
S01003255,802,240,562
S01003256,924,34,890
S01003257,812,560,252
S01003258,919,905,14
S01003259,1053,864,189
S01003260,778,722,56
S01003261,925,884,41
S01003262,778,163,615
S01003263,629,225,404
S01003264,584,293,291
S01003265,687,426,261
S01003266,749,481,268
S01003267,970,151,819
S01003268,793,124,669
S01003269,891,271,620
S01003270,792,94,698
S01003271,819,96,723
S01003272,923,96,827
S01003273,694,114,580
S01003274,538,84,454
S01003275,967,336,631
S01003276,784,750,34
S01003277,678,408,270
S01003278,854,548,306
S01003279,459,9,450
S01003280,922,435,487
S01003281,554,230,324
S01003282,833,602,231
S01003283,776,746,30
S01003284,908,349,559
S01003285,367,5,362
S01003286,1030,198,832
S01003287,603,27,576
S01003288,778,759,19
S01003289,302,70,232
S01003290,767,391,376
S01003291,756,312,444
S01003292,784,756,28
S01003293,942,95,847
S01003294,790,83,707
S01003295,991,922,69
S01003296,617,39,578
S01003297,527,46,481
S01003298,1015,379,636
S01003299,420,51,369
S01003300,839,607,232
S01003301,781,217,564
S01003302,585,30,555
S01003303,767,9,758
S01003304,781,16,765
S01003305,750,294,456
S01003306,943,356,587
S01003307,1060,605,455
S01003308,900,674,226
S01003309,786,73,713
S01003310,796,358,438
S01003311,794,771,23
S01003312,649,425,224
S01003313,778,329,449
S01003314,579,13,566
S01003315,540,138,402
S01003316,726,52,674
S01003317,718,29,689
S01003318,822,790,32
S01003320,646,15,631
S01003321,790,752,38
S01003322,799,36,763
S01003323,668,651,17
S01003324,561,97,464
S01003325,852,239,613
S01003326,799,282,517
S01003327,691,33,658
S01003328,539,32,507
S01003329,818,658,160
S01003330,986,966,20
S01003331,636,278,358
S01003332,439,66,373
S01003333,799,269,530
S01003334,865,485,380
S01003335,543,27,516
S01003336,905,398,507
S01003337,842,272,570
S01003338,900,430,470
S01003339,827,365,462
S01003340,1066,445,621
S01003341,795,768,27
S01003342,653,75,578
S01003343,611,106,505
S01003344,596,279,317
S01003345,1019,255,764
S01003346,902,705,197
S01003347,822,92,730
S01003348,729,203,526
S01003349,881,248,633
S01003350,731,349,382
S01003351,987,80,907
S01003352,831,400,431
S01003353,635,34,601
S01003354,829,367,462
S01003355,879,112,767
S01003356,919,26,893
S01003357,386,0,386
S01003358,745,27,718
S01003359,977,940,37
S01003360,796,605,191
S01003361,759,406,353
S01003362,763,536,227
S01003363,793,527,266
S01003364,658,238,420
S01003365,735,138,597
S01003366,548,3,545
S01003367,1058,237,821
S01003368,939,44,895
S01003369,734,416,318
S01003370,776,28,748
S01003371,754,20,734
S01003372,741,575,166
S01003373,667,20,647
S01003374,529,72,457
S01003375,756,559,197
S01003376,530,109,421
S01003377,784,610,174
S01003378,813,33,780
S01003379,650,231,419
S01003380,786,170,616
S01003381,705,641,64
S01003382,596,12,584
S01003383,950,526,424
S01003384,1025,641,384
S01003385,851,4,847
S01003386,660,335,325
S01003387,794,99,695
S01003388,1011,184,827
S01003389,980,25,955
S01003390,956,284,672
S01003391,774,58,716
S01003392,793,25,768
S01003393,968,537,431
S01003394,636,31,605
S01003395,744,24,720
S01003396,766,66,700
S01003397,878,254,624
S01003398,884,118,766
S01003399,663,11,652
S01003400,688,385,303
S01003401,792,39,753
S01003402,695,229,466
S01003403,755,10,745
S01003404,482,305,177
S01003405,838,658,180
S01003406,721,13,708
S01003407,734,360,374
S01003408,662,20,642
S01003409,716,158,558
S01003410,770,21,749
S01003411,777,298,479
S01003412,915,549,366
S01003413,806,488,318
S01003414,547,248,299
S01003415,807,21,786
S01003416,882,25,857
S01003417,803,13,790
S01003418,948,173,775
S01003419,970,284,686
S01003420,519,38,481
S01003421,559,255,304
S01003422,794,29,765
S01003423,552,12,540
S01003424,987,14,973
S01003425,931,20,911
S01003426,999,58,941
S01003427,914,413,501
S01003428,666,83,583
S01003429,769,47,722
S01003430,759,19,740
S01003431,660,19,641
S01003432,931,34,897
S01003433,774,28,746
S01003434,910,244,666
S01003435,672,317,355
S01003436,541,369,172
S01003437,598,9,589
S01003438,902,13,889
S01003439,848,15,833
S01003440,500,205,295
S01003441,1014,48,966
S01003442,731,65,666
S01003443,959,119,840
S01003444,654,117,537
S01003445,870,265,605
S01003446,520,5,515
S01003447,936,32,904
S01003448,743,409,334
S01003449,792,37,755
S01003450,787,16,771
S01003451,763,104,659
S01003452,578,426,152
S01003453,664,66,598
S01003454,723,18,705
S01003455,591,159,432
S01003456,387,67,320
S01003457,945,53,892
S01003458,904,322,582
S01003459,915,332,583
S01003460,744,63,681
S01003461,791,741,50
S01003462,611,40,571
S01003463,799,15,784
S01003464,924,44,880
S01003465,790,15,775
S01003466,737,53,684
S01003467,757,669,88
S01003468,732,18,714
S01003469,858,184,674
S01003470,798,11,787
S01003471,720,255,465
S01003472,811,8,803
S01003473,931,94,837
S01003474,746,3,743
S01003475,685,27,658
S01003476,819,524,295
S01003477,972,11,961
S01003478,763,15,748
S01003479,791,24,767
S01003480,611,119,492
S01003481,1001,13,988
S01003482,657,40,617
S01003483,634,333,301
S01003484,906,33,873
S01003485,990,26,964
S01003486,833,456,377
S01003487,998,19,979
S01003488,635,151,484
S01003489,983,556,427
S01003490,640,29,611
S01003491,126,3,123
S01003492,797,28,769
S01003493,728,27,701
S01003494,737,71,666
S01003495,723,168,555
S01003496,815,167,648
S01003497,957,16,941
S01003498,997,112,885
S01003499,991,17,974
S01003500,645,9,636
S01003501,631,36,595
S01003502,669,129,540
S01003503,670,29,641
S01003504,709,66,643
S01003506,979,88,891
S01003507,528,3,525
S01003508,810,39,771
S01003509,831,92,739
S01003510,365,28,337
S01003511,979,229,750
S01003512,642,260,382
S01003513,715,13,702
S01003514,799,14,785
S01003515,750,506,244
S01003516,707,558,149
S01003517,681,91,590
S01003518,979,60,919
S01003519,542,56,486
S01003520,673,61,612
S01003521,523,10,513
S01003522,739,45,694
S01003523,577,280,297
S01003524,1040,269,771
S01003525,924,181,743
S01003526,906,155,751
S01003527,900,689,211
S01003528,604,540,64
S01003529,543,491,52
S01003530,791,28,763
S01003531,795,109,686
S01003532,1043,824,219
S01003533,353,7,346
S01003534,943,58,885
S01003535,709,281,428
S01003536,1031,109,922
S01003537,796,165,631
S01003538,670,397,273
S01003539,975,478,497
S01003540,490,106,384
S01003541,734,118,616
S01003542,795,146,649
S01003543,615,156,459
S01003544,553,21,532
S01003545,814,141,673
S01003546,823,164,659
S01003547,790,146,644
S01003549,770,320,450
S01003550,713,680,33
S01003551,745,368,377
S01003552,882,56,826
S01003553,691,37,654
S01003554,776,32,744
S01003555,735,106,629
S01003556,723,668,55
S01003557,785,50,735
S01003558,911,42,869
S01003559,897,782,115
S01003560,1029,698,331
S01003561,876,177,699
S01003562,697,39,658
S01003563,608,327,281
S01003564,708,210,498
S01003565,856,175,681
S01003566,750,78,672
S01003567,870,274,596
S01003568,665,179,486
S01003569,725,613,112
S01003570,765,529,236
S01003571,897,128,769
S01003572,882,133,749
S01003573,919,377,542
S01003574,886,41,845
S01003575,887,75,812
S01003576,679,201,478
S01003577,742,581,161
S01003578,279,157,122
S01003579,632,148,484
S01003580,881,50,831
S01003581,808,138,670
S01003582,584,77,507
S01003583,527,230,297
S01003584,767,25,742
S01003585,557,10,547
S01003586,921,393,528
S01003587,1060,1006,54
S01003588,721,561,160
S01003589,1052,431,621
S01003590,688,52,636
S01003591,982,857,125
S01003592,841,122,719
S01003593,694,470,224
S01003594,907,489,418
S01003595,769,139,630
S01003596,775,61,714
S01003597,609,344,265
S01003598,725,578,147
S01003599,606,334,272
S01003600,840,101,739
S01003601,844,72,772
S01003602,728,637,91
S01003603,820,359,461
S01003604,640,32,608
S01003605,668,149,519
S01003606,879,477,402
S01003607,557,498,59
S01003608,540,274,266
S01003609,1049,641,408
S01003610,748,33,715
S01003611,756,41,715
S01003612,792,159,633
S01003613,813,736,77
S01003614,568,300,268
S01003615,542,161,381
S01003616,701,679,22
S01003617,953,31,922
S01003618,770,607,163
S01003619,886,38,848
S01003620,960,596,364
S01003621,969,511,458
S01003622,783,458,325
S01003623,947,922,25
S01003624,961,468,493
S01003625,398,105,293
S01003626,796,754,42
S01003627,588,62,526
S01003628,691,431,260
S01003629,808,512,296
S01003630,754,323,431
S01003631,748,432,316
S01003632,785,317,468
S01003633,921,312,609
S01003634,1054,639,415
S01003635,572,22,550
S01003636,995,373,622
S01003637,713,206,507
S01003638,763,224,539
S01003639,794,378,416
S01003640,916,366,550
S01003641,752,731,21
S01003642,796,525,271
S01003643,608,317,291
S01003644,821,398,423
S01003645,572,384,188
S01003646,756,6,750
S01003647,712,462,250
S01003648,804,41,763
S01003649,1072,1021,51
S01003650,719,207,512
S01003651,754,352,402
S01003652,633,238,395
S01003653,781,659,122
S01003654,926,570,356
S01003655,844,555,289
S01003656,575,265,310
S01003657,835,671,164
S01003658,895,677,218
S01003659,822,378,444
S01003660,874,868,6
S01003661,839,676,163
S01003662,610,327,283
S01003663,582,178,404
S01003664,548,189,359
S01003665,657,5,652
S01003666,743,429,314
S01003667,915,883,32
S01003668,702,523,179
S01003669,569,533,36
S01003670,889,238,651
S01003671,699,398,301
S01003672,884,411,473
S01003673,311,91,220
S01003674,843,442,401
S01003675,696,460,236
S01003676,426,158,268
S01003677,774,518,256
S01003678,699,642,57
S01003679,1064,535,529
S01003680,840,657,183
S01003681,590,335,255
S01003682,1044,723,321
S01003683,604,456,148
S01003684,749,624,125
S01003685,548,535,13
S01003686,1028,517,511
S01003687,702,93,609
S01003688,950,312,638
S01003689,623,226,397
S01003690,961,100,861
S01003691,1094,766,328
S01003692,1023,382,641
S01003693,619,446,173
S01003694,893,858,35
S01003695,771,45,726
S01003696,1095,680,415
S01003697,988,964,24
S01003698,942,919,23
S01003699,1044,942,102
S01003700,1049,182,867
S01003701,962,309,653
S01003702,838,96,742
S01003703,903,218,685
S01003704,713,65,648
S01003705,875,109,766
S01003706,779,134,645
S01003707,778,135,643
S01003708,658,98,560
S01003709,855,187,668
S01003710,894,374,520
S01003711,843,269,574
S01003712,756,385,371
S01003713,550,124,426
S01003714,797,358,439
S01003715,861,634,227
S01003716,589,157,432
S01003717,827,101,726
S01003718,568,341,227
S01003719,541,516,25
S01003720,927,872,55
S01003721,724,654,70
S01003722,897,736,161
S01003723,548,516,32
S01003724,786,561,225
S01003725,587,446,141
S01003726,684,301,383
S01003727,750,740,10
S01003728,500,476,24
S01003729,637,473,164
S01003730,646,548,98
S01003731,545,303,242
S01003732,820,731,89
S01003733,826,803,23
S01003734,713,703,10
S01003735,701,671,30
S01003736,832,806,26
S01003737,633,600,33
S01003738,660,627,33
S01003739,528,496,32
S01003740,576,536,40
S01003741,841,807,34
S01003742,518,492,26
S01003743,580,563,17
S01003744,572,556,16
S01003745,720,626,94
S01003746,792,747,45
S01003747,952,908,44
S01003748,524,432,92
S01003749,819,768,51
S01003750,557,532,25
S01003751,836,758,78
S01003752,749,724,25
S01003753,901,845,56
S01003754,891,815,76
S01003755,708,608,100
S01003756,689,669,20
S01003757,581,558,23
S01003758,749,698,51
S01003759,615,570,45
S01003760,758,716,42
S01003761,802,760,42
S01003762,742,734,8
S01003763,862,731,131
S01003764,859,854,5
S01003765,730,643,87
S01003766,599,500,99
S01003767,615,488,127
S01003768,565,554,11
S01003769,671,655,16
S01003770,631,618,13
S01003771,664,660,4
S01003772,524,509,15
S01003773,699,637,62
S01003774,619,595,24
S01003775,765,745,20
S01003776,576,564,12
S01003777,927,913,14
S01003778,512,508,4
S01003779,482,465,17
S01003780,887,875,12
S01003781,648,573,75
S01003782,560,556,4
S01003783,902,784,118
S01003784,580,541,39
S01003785,830,756,74
S01003786,928,908,20
S01003787,613,582,31
S01003788,689,631,58
S01003789,522,501,21
S01003790,618,477,141
S01003791,633,425,208
S01003792,680,491,189
S01003793,544,508,36
S01003794,675,516,159
S01003795,580,564,16
S01003796,659,290,369
S01003797,957,790,167
S01003798,802,766,36
S01003799,841,841,0
S01003800,642,613,29
S01003801,808,715,93
S01003802,765,764,1
S01003803,620,529,91
S01003804,632,480,152
S01003805,955,418,537
S01003806,670,658,12
S01003807,934,928,6
S01003808,630,540,90
S01003809,768,744,24
S01003810,811,748,63
S01003811,702,675,27
S01003812,898,581,317
S01003813,933,926,7
S01003814,751,692,59
S01003815,695,471,224
S01003816,846,763,83
S01003817,918,829,89
S01003818,830,616,214
S01003819,613,612,1
S01003820,902,630,272
S01003821,828,776,52
S01003822,569,507,62
S01003823,898,635,263
S01003824,641,382,259
S01003825,812,802,10
S01003826,693,564,129
S01003827,761,622,139
S01003828,648,625,23
S01003829,665,647,18
S01003830,917,870,47
S01003831,641,561,80
S01003832,814,551,263
S01003833,521,211,310
S01003834,675,564,111
S01003835,536,459,77
S01003836,536,280,256
S01003837,764,588,176
S01003838,623,619,4
S01003839,674,378,296
S01003840,654,601,53
S01003841,577,536,41
S01003842,588,580,8
S01003843,651,633,18
S01003844,781,766,15
S01003845,895,532,363
S01003846,784,753,31
S01003847,578,531,47
S01003848,681,666,15
S01003849,756,261,495
S01003850,560,459,101
S01003851,872,867,5
S01003852,539,499,40
S01003853,744,220,524
S01003854,583,484,99
S01003855,991,575,416
S01003856,726,650,76
S01003857,738,726,12
S01003858,621,601,20
S01003859,570,570,0
S01003860,661,342,319
S01003861,806,608,198
S01003862,610,506,104
S01003863,696,695,1
S01003864,887,874,13
S01003865,800,793,7
S01003866,811,788,23
S01003867,984,915,69
S01003868,639,623,16
S01003869,666,644,22
S01003870,803,757,46
S01003871,793,758,35
S01003872,844,821,23
S01003873,944,919,25
S01003874,636,604,32
S01003875,514,498,16
S01003876,645,641,4
S01003877,560,549,11
S01003878,962,928,34
S01003879,634,626,8
S01003880,891,866,25
S01003881,759,740,19
S01003882,530,449,81
S01003883,535,505,30
S01003884,754,730,24
S01003885,673,660,13
S01003886,580,570,10
S01003887,836,737,99
S01003888,609,602,7
S01003889,586,572,14
S01003890,645,622,23
S01003891,789,779,10
S01003892,627,618,9
S01003893,630,591,39
S01003894,826,576,250
S01003895,687,668,19
S01003896,659,631,28
S01003897,678,646,32
S01003898,691,579,112
S01003899,717,624,93
S01003900,708,574,134
S01003901,561,547,14
S01003902,840,752,88
S01003903,662,647,15
S01003904,706,427,279
S01003905,864,853,11
S01003906,723,690,33
S01003907,718,419,299
S01003908,823,813,10
S01003909,681,672,9
S01003910,712,651,61
S01003911,602,587,15
S01003912,685,584,101
S01003913,679,666,13
S01003914,876,853,23
S01003915,615,584,31
S01003916,766,757,9
S01003917,878,820,58
S01003918,886,851,35
S01003919,521,423,98
S01003920,648,538,110
S01003921,758,744,14
S01003922,798,757,41
S01003923,765,746,19
S01003924,505,419,86
S01003925,771,754,17
S01003926,579,563,16
S01003927,669,650,19
S01003928,890,872,18
S01003929,502,492,10
S01003930,740,726,14
S01003931,882,841,41
S01003932,830,813,17
S01003933,644,602,42
S01003934,898,882,16
S01003935,761,729,32
S01003936,827,809,18
S01003937,808,791,17
S01003938,526,510,16
S01003939,589,579,10
S01003940,865,731,134
S01003941,583,559,24
S01003942,749,706,43
S01003943,675,584,91
S01003944,618,588,30
S01003945,690,675,15
S01003946,822,746,76
S01003947,511,490,21
S01003948,628,607,21
S01003949,583,557,26
S01003950,587,513,74
S01003951,505,486,19
S01003952,514,499,15
S01003953,555,535,20
S01003954,525,518,7
S01003955,587,551,36
S01003956,594,518,76
S01003957,674,642,32
S01003958,751,735,16
S01003959,729,710,19
S01003960,875,843,32
S01003961,565,530,35
S01003962,575,547,28
S01003963,535,521,14
S01003964,459,452,7
S01003965,543,535,8
S01003966,916,879,37
S01003967,511,428,83
S01003968,902,867,35
S01003969,745,730,15
S01003970,593,569,24
S01003971,652,618,34
S01003972,632,629,3
S01003973,527,520,7
S01003974,812,785,27
S01003975,655,653,2
S01003976,708,474,234
S01003977,595,498,97
S01003978,594,417,177
S01003979,572,528,44
S01003980,543,535,8
S01003981,572,494,78
S01003982,718,622,96
S01003983,725,674,51
S01003984,610,465,145
S01003985,862,834,28
S01003986,582,463,119
S01003987,505,489,16
S01003988,521,498,23
S01003989,800,790,10
S01003990,502,483,19
S01003991,593,554,39
S01003992,922,912,10
S01003993,630,609,21
S01003994,679,662,17
S01003995,872,866,6
S01003996,512,511,1
S01003997,938,895,43
S01003998,599,498,101
S01003999,857,806,51
S01004000,769,747,22
S01004001,708,693,15
S01004002,879,676,203
S01004003,549,519,30
S01004004,785,738,47
S01004005,635,594,41
S01004006,576,545,31
S01004007,563,489,74
S01004008,640,634,6
S01004009,605,598,7
S01004010,771,763,8
S01004011,979,917,62
S01004012,729,608,121
S01004013,523,461,62
S01004014,606,339,267
S01004015,944,814,130
S01004016,608,584,24
S01004017,958,718,240
S01004018,854,833,21
S01004019,527,494,33
S01004020,692,586,106
S01004021,810,806,4
S01004022,511,314,197
S01004023,603,568,35
S01004024,764,743,21
S01004025,853,526,327
S01004026,668,574,94
S01004027,778,645,133
S01004028,772,639,133
S01004029,928,741,187
S01004030,832,659,173
S01004031,596,496,100
S01004032,455,191,264
S01004033,898,699,199
S01004034,792,769,23
S01004035,747,514,233
S01004036,710,640,70
S01004037,717,677,40
S01004038,715,477,238
S01004039,402,136,266
S01004040,661,470,191
S01004041,623,349,274
S01004042,644,197,447
S01004043,805,775,30
S01004044,739,263,476
S01004045,656,538,118
S01004046,592,46,546
S01004047,746,301,445
S01004048,902,265,637
S01004049,844,552,292
S01004050,529,244,285
S01004051,627,468,159
S01004052,576,317,259
S01004053,932,746,186
S01004054,950,940,10
S01004055,600,511,89
S01004056,769,758,11
S01004057,976,683,293
S01004058,657,472,185
S01004059,610,391,219
S01004060,502,335,167
S01004061,634,270,364
S01004062,902,625,277
S01004063,707,190,517
S01004064,691,455,236
S01004065,909,116,793
S01004066,564,516,48
S01004067,787,603,184
S01004068,763,250,513
S01004069,636,58,578
S01004070,416,49,367
S01004071,858,675,183
S01004072,971,448,523
S01004073,823,694,129
S01004074,886,665,221
S01004075,439,59,380
S01004076,630,533,97
S01004077,872,666,206
S01004078,712,234,478
S01004079,818,439,379
S01004080,705,204,501
S01004081,683,655,28
S01004082,736,545,191
S01004083,896,488,408
S01004084,727,60,667
S01004085,554,43,511
S01004086,773,49,724
S01004087,538,418,120
S01004088,569,559,10
S01004089,792,481,311
S01004090,408,271,137
S01004091,712,361,351
S01004092,697,53,644
S01004093,553,28,525
S01004094,413,22,391
S01004095,520,70,450
S01004096,678,657,21
S01004097,844,647,197
S01004098,630,522,108
S01004099,774,653,121
S01004100,800,258,542
S01004101,694,41,653
S01004102,775,182,593
S01004103,761,583,178
S01004104,792,588,204
S01004105,799,536,263
S01004106,799,194,605
S01004107,689,615,74
S01004108,737,626,111
S01004109,615,487,128
S01004110,557,102,455
S01004111,824,380,444
S01004112,738,326,412
S01004113,736,494,242
S01004114,644,56,588
S01004115,682,474,208
S01004116,652,329,323
S01004117,736,149,587
S01004118,893,96,797
S01004119,592,73,519
S01004120,720,430,290
S01004121,461,452,9
S01004122,624,587,37
S01004123,509,478,31
S01004124,965,758,207
S01004125,632,501,131
S01004126,642,283,359
S01004127,963,957,6
S01004128,741,739,2
S01004129,842,810,32
S01004130,572,470,102
S01004131,796,628,168
S01004132,580,547,33
S01004133,897,864,33
S01004134,712,712,0
S01004135,617,342,275
S01004136,633,528,105
S01004137,530,523,7
S01004138,697,285,412
S01004139,555,483,72
S01004140,600,576,24
S01004141,710,665,45
S01004142,577,564,13
S01004143,888,780,108
S01004144,768,723,45
S01004145,691,687,4
S01004146,719,643,76
S01004147,778,642,136
S01004148,976,976,0
S01004149,634,505,129
S01004150,579,574,5
S01004151,563,545,18
S01004152,754,547,207
S01004153,736,545,191
S01004154,670,620,50
S01004155,929,646,283
S01004156,804,511,293
S01004157,654,654,0
S01004158,627,323,304
S01004159,422,414,8
S01004160,629,554,75
S01004161,557,433,124
S01004162,699,681,18
S01004163,719,706,13
S01004164,945,832,113
S01004165,1000,891,109
S01004166,529,358,171
S01004167,573,517,56
S01004168,690,533,157
S01004169,522,506,16
S01004170,600,471,129
S01004171,626,615,11
S01004172,751,631,120
S01004173,588,578,10
S01004174,753,696,57
S01004175,631,623,8
S01004176,640,615,25
S01004177,502,358,144
S01004178,558,550,8
S01004179,523,509,14
S01004180,869,858,11
S01004181,739,720,19
S01004182,904,673,231
S01004183,959,900,59
S01004184,874,415,459
S01004185,828,801,27
S01004186,724,510,214
S01004187,721,708,13
S01004188,781,647,134
S01004189,630,623,7
S01004190,806,658,148
S01004191,759,627,132
S01004192,820,616,204
S01004193,637,356,281
S01004194,794,516,278
S01004195,612,359,253
S01004196,694,325,369
S01004197,698,458,240
S01004198,564,383,181
S01004199,823,607,216
S01004200,806,797,9
S01004201,755,657,98
S01004202,561,560,1
S01004203,873,668,205
S01004204,730,660,70
S01004205,718,685,33
S01004206,626,594,32
S01004207,793,705,88
S01004208,789,691,98
S01004209,583,475,108
S01004210,614,532,82
S01004211,725,654,71
S01004212,809,795,14
S01004213,599,185,414
S01004214,711,694,17
S01004215,563,469,94
S01004216,886,808,78
S01004217,512,297,215
S01004218,855,820,35
S01004219,615,526,89
S01004220,774,623,151
S01004221,902,704,198
S01004222,486,102,384
S01004223,809,379,430
S01004224,750,724,26
S01004225,818,263,555
S01004226,752,336,416
S01004227,603,589,14
S01004228,760,591,169
S01004229,693,631,62
S01004230,729,575,154
S01004231,766,630,136
S01004232,680,670,10
S01004233,633,611,22
S01004234,919,900,19
S01004235,623,599,24
S01004236,886,789,97
S01004237,653,579,74
S01004238,562,542,20
S01004239,649,580,69
S01004240,637,631,6
S01004241,514,477,37
S01004242,865,841,24
S01004243,575,560,15
S01004244,611,554,57
S01004245,740,701,39
S01004246,575,570,5
S01004247,850,808,42
S01004248,906,888,18
S01004249,889,753,136
S01004250,1014,934,80
S01004251,838,754,84
S01004252,552,536,16
S01004253,557,556,1
S01004254,647,630,17
S01004255,695,690,5
S01004256,565,552,13
S01004257,531,514,17
S01004258,709,697,12
S01004259,559,525,34
S01004260,563,562,1
S01004261,861,840,21
S01004262,727,718,9
S01004263,759,653,106
S01004264,699,666,33
S01004265,913,862,51
S01004266,536,491,45
S01004267,515,512,3
S01004268,652,606,46
S01004269,784,718,66
S01004270,537,258,279
S01004271,578,337,241
S01004272,646,641,5
S01004273,712,705,7
S01004274,796,776,20
S01004275,585,544,41
S01004276,674,522,152
S01004277,794,785,9
S01004278,916,848,68
S01004279,929,676,253
S01004280,998,970,28
S01004281,562,524,38
S01004282,989,582,407
S01004283,738,635,103
S01004284,955,816,139
S01004285,886,874,12
S01004286,759,709,50
S01004287,646,645,1
S01004288,735,705,30
S01004289,613,588,25
S01004290,700,691,9
S01004291,827,706,121
S01004292,774,738,36
S01004293,796,754,42
S01004294,770,522,248
S01004295,745,524,221
S01004296,815,712,103
S01004297,629,398,231
S01004298,963,945,18
S01004299,539,214,325
S01004300,550,270,280
S01004301,634,631,3
S01004302,762,735,27
S01004303,606,523,83
S01004304,938,420,518
S01004305,660,487,173
S01004306,576,391,185
S01004307,538,437,101
S01004308,990,915,75
S01004309,761,722,39
S01004310,777,634,143
S01004311,783,668,115
S01004312,705,630,75
S01004313,966,943,23
S01004314,771,751,20
S01004315,557,517,40
S01004316,535,529,6
S01004317,855,788,67
S01004318,569,533,36
S01004319,872,859,13
S01004320,918,868,50
S01004321,785,756,29
S01004322,961,912,49
S01004323,648,485,163
S01004324,849,766,83
S01004325,991,827,164
S01004326,804,790,14
S01004327,700,660,40
S01004328,667,628,39
S01004329,524,476,48
S01004330,992,958,34
S01004331,569,536,33
S01004332,575,564,11
S01004333,531,506,25
S01004334,807,746,61
S01004335,524,509,15
S01004336,995,930,65
S01004337,700,646,54
S01004338,703,690,13
S01004339,921,884,37
S01004340,577,553,24
S01004341,600,586,14
S01004342,796,756,40
S01004343,547,516,31
S01004344,769,605,164
S01004345,863,701,162
S01004346,555,518,37
S01004347,781,733,48
S01004348,580,466,114
S01004349,794,746,48
S01004350,534,500,34
S01004351,508,465,43
S01004352,556,498,58
S01004353,892,817,75
S01004354,587,552,35
S01004355,565,449,116
S01004356,982,918,64
S01004357,775,771,4
S01004358,774,740,34
S01004359,515,501,14
S01004360,632,551,81
S01004361,555,427,128
S01004362,547,380,167
S01004363,941,324,617
S01004364,740,418,322
S01004365,765,680,85
S01004366,620,552,68
S01004367,874,870,4
S01004368,537,215,322
S01004369,778,762,16
S01004370,733,684,49
S01004371,761,709,52
S01004372,950,882,68
S01004373,564,427,137
S01004374,600,357,243
S01004375,748,691,57
S01004376,931,914,17
S01004377,737,266,471
S01004378,956,672,284
S01004379,959,884,75
S01004380,686,508,178
S01004381,816,809,7
S01004382,687,399,288
S01004383,811,796,15
S01004384,681,616,65
S01004385,830,743,87
S01004386,889,797,92
S01004387,968,756,212
S01004388,805,644,161
S01004389,609,596,13
S01004390,824,778,46
S01004391,593,572,21
S01004392,893,703,190
S01004393,911,665,246
S01004394,795,598,197
S01004395,530,404,126
S01004396,797,784,13
S01004397,958,928,30
S01004398,852,822,30
S01004399,507,260,247
S01004400,558,554,4
S01004401,1099,1089,10
S01004402,913,814,99
S01004403,503,413,90
S01004404,669,668,1
S01004405,749,697,52
S01004406,869,731,138
S01004407,651,557,94
S01004408,572,534,38
S01004409,625,584,41
S01004410,886,846,40
S01004411,588,415,173
S01004412,958,443,515
S01004413,770,300,470
S01004414,695,125,570
S01004415,626,487,139
S01004416,691,412,279
S01004417,764,310,454
S01004418,919,881,38
S01004419,839,805,34
S01004420,756,593,163
S01004421,708,96,612
S01004422,570,325,245
S01004423,787,431,356
S01004424,715,456,259
S01004425,620,575,45
S01004426,559,420,139
S01004427,732,408,324
S01004428,745,532,213
S01004429,867,721,146
S01004430,512,501,11
S01004431,714,146,568
S01004432,947,907,40
S01004433,968,951,17
S01004434,785,458,327
S01004435,595,369,226
S01004436,797,786,11
S01004437,926,826,100
S01004438,684,628,56
S01004439,686,674,12
S01004440,723,614,109
S01004441,832,829,3
S01004442,925,630,295
S01004443,684,665,19
S01004444,902,877,25
S01004445,634,621,13
S01004446,797,676,121
S01004447,763,733,30
S01004448,614,534,80
S01004449,845,581,264
S01004450,886,496,390
S01004451,907,698,209
S01004452,691,560,131
S01004453,1014,1009,5
S01004454,925,885,40
S01004455,756,675,81
S01004456,568,541,27
S01004457,871,843,28
S01004458,846,780,66
S01004459,573,488,85
S01004460,652,646,6
S01004461,603,583,20
S01004462,643,603,40
S01004463,791,781,10
S01004464,868,695,173
S01004465,771,755,16
S01004466,897,709,188
S01004467,996,823,173
S01004468,796,791,5
S01004469,694,616,78
S01004470,580,573,7
S01004471,567,541,26
S01004472,722,685,37
S01004473,1017,874,143
S01004474,1015,882,133
S01004475,501,463,38
S01004476,721,420,301
S01004477,904,726,178
S01004478,635,625,10
S01004479,650,527,123
S01004480,984,939,45
S01004481,569,538,31
S01004482,922,378,544
S01004483,690,676,14
S01004484,993,865,128
S01004485,510,458,52
S01004486,938,861,77
S01004487,952,554,398
S01004488,708,649,59
S01004489,848,804,44
S01004490,708,688,20
S01004491,817,798,19
S01004492,976,938,38
S01004493,1003,889,114
S01004494,889,867,22
S01004495,684,502,182
S01004496,645,429,216
S01004497,783,551,232
S01004498,585,386,199
S01004499,690,610,80
S01004500,747,626,121
S01004501,565,356,209
S01004502,748,743,5
S01004503,694,154,540
S01004504,721,712,9
S01004505,603,589,14
S01004506,538,530,8
S01004507,763,623,140
S01004508,634,451,183
S01004509,712,637,75
S01004510,758,550,208
S01004511,849,386,463
S01004512,929,762,167
S01004513,502,272,230
S01004514,561,534,27
S01004515,747,112,635
S01004516,513,328,185
S01004517,689,116,573
S01004518,691,555,136
S01004519,857,631,226
S01004520,789,501,288
S01004521,781,750,31
S01004522,591,479,112
S01004523,692,448,244
S01004524,626,619,7
S01004525,753,588,165
S01004526,691,526,165
S01004527,558,447,111
S01004528,791,482,309
S01004529,789,708,81
S01004530,602,598,4
S01004531,719,497,222
S01004532,649,211,438
S01004533,387,5,382
S01004534,702,679,23
S01004535,714,656,58
S01004536,742,621,121
S01004537,846,756,90
S01004538,781,687,94
S01004539,659,514,145
S01004540,782,528,254
S01004541,768,686,82
S01004542,589,561,28
S01004543,773,610,163
S01004544,997,587,410
S01004545,687,346,341
S01004546,966,704,262
S01004547,860,391,469
S01004548,757,514,243
S01004549,789,604,185
S01004550,702,130,572
S01004551,944,810,134
S01004552,733,522,211
S01004553,535,452,83
S01004554,637,319,318
S01004555,707,577,130
S01004556,674,140,534
S01004557,432,367,65
S01004558,959,609,350
S01004559,1021,726,295
S01004560,626,529,97
S01004561,1044,481,563
S01004562,520,432,88
S01004563,809,649,160
S01004564,567,504,63
S01004565,707,686,21
S01004566,733,668,65
S01004567,506,35,471
S01004568,669,620,49
S01004569,700,497,203
S01004570,696,693,3
S01004571,650,452,198
S01004572,739,683,56
S01004573,617,589,28
S01004574,505,498,7
S01004575,695,336,359
S01004576,618,597,21
S01004577,575,337,238
S01004578,941,941,0
S01004579,656,92,564
S01004580,866,815,51
S01004581,1079,879,200
S01004582,588,534,54
S01004583,776,101,675
S01004584,590,270,320
S01004585,610,372,238
S01004586,1084,883,201
S01004587,906,548,358
S01004588,637,598,39
S01004589,752,467,285
S01004590,701,522,179
S01004591,604,569,35
S01004592,652,517,135
S01004593,858,759,99
S01004594,567,379,188
S01004595,927,713,214
S01004596,643,188,455
S01004597,567,539,28
S01004598,687,675,12
S01004599,486,480,6
S01004600,884,625,259
S01004601,861,579,282
S01004602,971,961,10
S01004603,898,380,518
S01004604,514,345,169
S01004605,1025,1012,13
S01004606,736,555,181
S01004607,625,426,199
S01004608,646,480,166
S01004609,589,518,71
S01004610,752,617,135
S01004611,1094,746,348
S01004612,710,666,44
S01004613,874,682,192
S01004614,826,601,225
S01004615,814,524,290
S01004616,887,835,52
S01004617,767,619,148
S01004618,658,262,396
S01004619,511,244,267
S01004620,800,130,670
S01004621,901,814,87
S01004622,818,654,164
S01004623,979,545,434
S01004624,1048,617,431
S01004625,866,830,36
S01004626,650,383,267
S01004627,586,447,139
S01004628,596,383,213
S01004629,973,917,56
S01004630,952,845,107
S01004631,801,659,142
S01004632,981,968,13
S01004633,530,454,76
S01004634,1069,1046,23
S01004635,735,445,290
S01004636,668,543,125
S01004637,545,523,22
S01004638,605,319,286
S01004639,713,603,110
S01004640,796,610,186
S01004641,656,621,35
S01004642,907,878,29
S01004643,562,449,113
S01004644,740,528,212
S01004645,1004,473,531
S01004646,775,755,20
S01004647,1006,934,72
S01004648,975,708,267
S01004649,615,393,222
S01004650,856,779,77
S01004651,957,916,41
S01004652,911,624,287
S01004653,645,595,50
S01004654,824,758,66
S01004655,858,415,443
S01004656,560,428,132
S01004657,759,663,96
S01004658,949,749,200
S01004659,517,449,68
S01004660,757,710,47
S01004661,707,519,188
S01004662,935,537,398
S01004663,561,502,59
S01004664,654,531,123
S01004665,753,461,292
S01004666,788,715,73
S01004667,704,283,421
S01004668,883,731,152
S01004669,787,538,249
S01004670,877,273,604
S01004671,920,719,201
S01004672,671,612,59
S01004673,918,901,17
S01004674,854,777,77
S01004675,855,694,161
S01004676,778,559,219
S01004677,814,530,284
S01004678,664,618,46
S01004679,495,367,128
S01004680,856,355,501
S01004681,747,625,122
S01004682,574,189,385
S01004683,719,662,57
S01004684,750,672,78
S01004685,539,219,320
S01004686,747,523,224
S01004687,782,770,12
S01004688,723,715,8
S01004689,998,938,60
S01004690,540,444,96
S01004691,812,790,22
S01004692,697,668,29
S01004693,815,782,33
S01004694,627,607,20
S01004695,793,793,0
S01004696,872,853,19
S01004697,881,879,2
S01004698,605,598,7
S01004699,813,787,26
S01004700,753,672,81
S01004701,572,560,12
S01004702,591,540,51
S01004703,785,722,63
S01004704,636,440,196
S01004705,938,877,61
S01004706,558,539,19
S01004707,1007,980,27
S01004708,739,585,154
S01004709,745,742,3
S01004710,861,655,206
S01004711,810,422,388
S01004712,570,531,39
S01004713,736,364,372
S01004714,734,551,183
S01004715,807,576,231
S01004716,894,805,89
S01004717,747,720,27
S01004718,972,941,31
S01004719,726,686,40
S01004720,708,357,351
S01004721,622,568,54
S01004722,705,431,274
S01004723,582,539,43
S01004724,938,844,94
S01004725,619,440,179
S01004726,564,479,85
S01004727,872,365,507
S01004728,637,534,103
S01004729,657,449,208
S01004730,1063,793,270
S01004731,825,639,186
S01004732,622,573,49
S01004733,795,251,544
S01004734,544,176,368
S01004735,893,661,232
S01004736,720,586,134
S01004737,745,713,32
S01004738,659,66,593
S01004739,750,740,10
S01004740,671,655,16
S01004741,629,528,101
S01004742,942,878,64
S01004743,901,880,21
S01004744,640,176,464
S01004745,822,404,418
S01004746,795,617,178
S01004747,785,781,4
S01004748,595,250,345
S01004749,667,393,274
S01004750,719,467,252
S01004751,824,427,397
S01004752,796,583,213
S01004753,675,507,168
S01004754,683,507,176
S01004755,705,591,114
S01004756,603,511,92
S01004757,886,414,472
S01004758,944,770,174
S01004759,609,451,158
S01004760,732,343,389
S01004761,552,368,184
S01004762,664,576,88
S01004763,859,842,17
S01004764,767,543,224
S01004765,972,277,695
S01004766,770,255,515
S01004767,691,484,207
S01004768,991,964,27
S01004769,568,507,61
S01004770,548,116,432
S01004771,779,619,160
S01004772,581,193,388
S01004773,797,752,45
S01004774,987,970,17
S01004775,790,25,765
S01004776,801,616,185
S01004777,619,562,57
S01004778,727,308,419
S01004779,780,301,479
S01004780,532,520,12
S01004781,824,475,349
S01004782,776,309,467
S01004783,944,704,240
S01004784,707,278,429
S01004785,618,606,12
S01004786,502,277,225
S01004787,1022,497,525
S01004788,769,751,18
S01004789,966,391,575
S01004790,748,734,14
S01004791,605,393,212
S01004792,677,354,323
S01004793,912,831,81
S01004794,705,431,274
S01004795,971,712,259
S01004796,736,565,171
S01004797,723,434,289
S01004798,872,318,554
S01004799,591,285,306
S01004800,632,239,393
S01004801,717,345,372
S01004802,871,472,399
S01004803,853,312,541
S01004804,926,308,618
S01004805,676,333,343
S01004806,530,357,173
S01004807,536,229,307
S01004808,744,163,581
S01004809,487,197,290
S01004810,676,381,295
S01004811,638,276,362
S01004812,839,257,582
S01004813,874,799,75
S01004814,900,815,85
S01004815,728,538,190
S01004816,795,694,101
S01004817,544,172,372
S01004818,771,545,226
S01004819,576,227,349
S01004820,1067,1022,45
S01004821,951,902,49
S01004822,717,675,42
S01004823,784,649,135
S01004824,785,722,63
S01004825,634,506,128
S01004826,742,580,162
S01004827,697,416,281
S01004828,1000,861,139
S01004829,783,725,58
S01004830,710,569,141
S01004831,866,761,105
S01004832,638,505,133
S01004833,823,470,353
S01004834,791,648,143
S01004835,713,508,205
S01004836,718,658,60
S01004837,768,729,39
S01004838,967,733,234
S01004839,914,802,112
S01004840,698,553,145
S01004841,850,743,107
S01004842,561,555,6
S01004843,715,255,460
S01004844,879,770,109
S01004845,781,485,296
S01004846,745,505,240
S01004847,894,829,65
S01004848,688,679,9
S01004849,540,320,220
S01004850,820,672,148
S01004851,620,409,211
S01004852,730,469,261
S01004853,738,692,46
S01004854,984,779,205
S01004855,645,361,284
S01004856,697,488,209
S01004857,929,843,86
S01004858,931,879,52
S01004859,985,953,32
S01004860,501,465,36
S01004861,824,813,11
S01004862,691,672,19
S01004863,986,813,173
S01004864,587,545,42
S01004865,686,681,5
S01004866,909,892,17
S01004867,800,778,22
S01004868,752,500,252
S01004869,900,900,0
S01004870,936,856,80
S01004871,779,580,199
S01004872,863,838,25
S01004873,791,696,95
S01004874,813,411,402
S01004875,775,457,318
S01004876,1018,901,117
S01004877,760,751,9
S01004878,746,529,217
S01004879,711,574,137
S01004880,718,540,178
S01004881,788,679,109
S01004882,525,505,20
S01004883,787,769,18
S01004884,577,577,0
S01004885,604,582,22
S01004886,869,702,167
S01004887,428,425,3
S01004888,640,640,0
S01004889,922,867,55
S01004890,752,384,368
S01004891,963,806,157
S01004892,771,751,20
S01004893,757,666,91
S01004894,756,492,264
S01004895,864,705,159
S01004896,958,938,20
S01004897,595,582,13
S01004898,1038,600,438
S01004899,722,635,87
S01004900,730,723,7
S01004901,785,121,664
S01004902,767,574,193
S01004903,650,650,0
S01004904,981,524,457
S01004905,1072,664,408
S01004906,835,558,277
S01004907,734,688,46
S01004908,710,653,57
S01004909,880,519,361
S01004910,870,854,16
S01004911,751,747,4
S01004912,733,547,186
S01004913,658,541,117
S01004914,663,564,99
S01004915,574,214,360
S01004916,783,524,259
S01004917,566,559,7
S01004918,586,503,83
S01004919,530,514,16
S01004920,966,596,370
S01004921,721,312,409
S01004922,701,699,2
S01004923,837,733,104
S01004924,868,801,67
S01004925,551,415,136
S01004926,950,950,0
S01004927,995,984,11
S01004928,634,629,5
S01004929,705,686,19
S01004930,642,273,369
S01004931,900,448,452
S01004932,762,196,566
S01004933,905,506,399
S01004934,680,354,326
S01004935,613,597,16
S01004936,884,446,438
S01004937,529,287,242
S01004938,771,496,275
S01004939,605,207,398
S01004940,547,496,51
S01004941,651,392,259
S01004942,1008,906,102
S01004943,870,811,59
S01004944,521,514,7
S01004945,588,447,141
S01004946,604,601,3
S01004947,675,666,9
S01004948,533,439,94
S01004949,566,562,4
S01004950,509,504,5
S01004951,629,554,75
S01004952,913,898,15
S01004953,877,835,42
S01004954,785,771,14
S01004955,670,663,7
S01004956,678,654,24
S01004957,645,620,25
S01004958,843,693,150
S01004959,592,397,195
S01004960,517,465,52
S01004961,628,512,116
S01004962,568,555,13
S01004963,559,544,15
S01004964,987,984,3
S01004965,823,808,15
S01004966,779,771,8
S01004967,555,550,5
S01004968,567,558,9
S01004969,901,884,17
S01004970,749,717,32
S01004971,935,916,19
S01004972,749,711,38
S01004973,828,802,26
S01004974,874,818,56
S01004975,736,707,29
S01004976,756,578,178
S01004977,983,842,141
S01004978,976,970,6
S01004979,906,864,42
S01004980,1051,1022,29
S01004981,951,901,50
S01004982,640,610,30
S01004983,911,810,101
S01004984,776,665,111
S01004985,718,625,93
S01004986,614,552,62
S01004987,517,508,9
S01004988,533,511,22
S01004989,552,471,81
S01004990,509,491,18
S01004991,565,532,33
S01004992,874,780,94
S01004993,673,671,2
S01004994,722,637,85
S01004995,889,720,169
S01004996,614,452,162
S01004997,853,804,49
S01004998,799,756,43
S01004999,802,749,53
S01005000,569,519,50
S01005001,927,915,12
S01005002,767,747,20
S01005003,882,855,27
S01005004,588,539,49
S01005005,954,845,109
S01005006,540,345,195
S01005007,843,788,55
S01005008,934,893,41
S01005009,642,630,12
S01005010,586,429,157
S01005011,570,402,168
S01005012,704,406,298
S01005013,661,539,122
S01005014,808,614,194
S01005015,638,510,128
S01005016,717,454,263
S01005017,715,638,77
S01005018,617,529,88
S01005019,743,316,427
S01005020,757,511,246
S01005021,809,702,107
S01005022,673,582,91
S01005023,596,540,56
S01005024,879,630,249
S01005025,671,656,15
S01005026,552,499,53
S01005027,702,643,59
S01005028,571,497,74
S01005029,940,417,523
S01005030,989,869,120
S01005031,646,236,410
S01005032,873,625,248
S01005033,711,706,5
S01005034,832,817,15
S01005035,911,756,155
S01005036,522,485,37
S01005037,944,92,852
S01005038,827,784,43
S01005039,1068,1056,12
S01005040,850,51,799
S01005041,533,10,523
S01005042,840,833,7
S01005043,734,511,223
S01005044,907,455,452
S01005045,851,831,20
S01005046,997,837,160
S01005047,916,54,862
S01005048,501,498,3
S01005049,695,175,520
S01005050,949,262,687
S01005051,889,863,26
S01005052,663,648,15
S01005053,893,150,743
S01005054,599,432,167
S01005055,790,605,185
S01005056,689,208,481
S01005057,754,274,480
S01005058,695,431,264
S01005059,540,319,221
S01005060,725,450,275
S01005061,893,618,275
S01005062,495,478,17
S01005063,544,532,12
S01005064,792,699,93
S01005065,860,434,426
S01005066,793,182,611
S01005067,486,477,9
S01005068,702,622,80
S01005069,614,302,312
S01005070,819,298,521
S01005071,296,19,277
S01005072,602,465,137
S01005073,633,531,102
S01005074,769,728,41
S01005075,504,55,449
S01005076,765,503,262
S01005077,693,643,50
S01005078,730,574,156
S01005079,668,506,162
S01005080,449,316,133
S01005081,661,478,183
S01005082,696,655,41
S01005083,926,736,190
S01005084,621,481,140
S01005085,568,485,83
S01005086,732,484,248
S01005087,508,428,80
S01005088,570,554,16
S01005089,783,767,16
S01005090,863,719,144
S01005091,696,689,7
S01005092,668,608,60
S01005093,785,616,169
S01005094,519,429,90
S01005095,954,938,16
S01005096,607,555,52
S01005097,753,732,21
S01005098,574,530,44
S01005099,834,746,88
S01005100,580,518,62
S01005101,825,482,343
S01005102,944,900,44
S01005103,875,848,27
S01005104,670,618,52
S01005105,877,622,255
S01005106,558,471,87
S01005107,463,422,41
S01005108,569,528,41
S01005109,901,851,50
S01005110,999,985,14
S01005111,527,499,28
S01005112,848,812,36
S01005113,1038,912,126
S01005114,939,512,427
S01005115,855,693,162
S01005116,647,622,25
S01005117,621,598,23
S01005118,742,621,121
S01005119,649,643,6
S01005120,595,585,10
S01005121,745,725,20
S01005122,773,745,28
S01005123,746,687,59
S01005124,724,693,31
S01005125,788,282,506
S01005126,537,508,29
S01005127,620,422,198
S01005128,807,725,82
S01005129,873,790,83
S01005130,651,300,351
S01005131,829,690,139
S01005132,646,552,94
S01005133,386,383,3
S01005134,969,793,176
S01005135,674,501,173
S01005136,762,525,237
S01005137,859,797,62
S01005138,1079,968,111
S01005139,618,604,14
S01005140,558,525,33
S01005141,850,773,77
S01005142,604,520,84
S01005143,935,692,243
S01005144,909,786,123
S01005145,776,762,14
S01005146,623,596,27
S01005147,871,800,71
S01005148,600,407,193
S01005149,600,447,153
S01005150,641,484,157
S01005151,712,578,134
S01005152,738,682,56
S01005153,748,701,47
S01005154,566,552,14
S01005155,746,632,114
S01005156,719,594,125
S01005157,913,743,170
S01005158,757,722,35
S01005159,940,883,57
S01005160,1023,744,279
S01005161,953,739,214
S01005162,973,720,253
S01005163,581,432,149
S01005164,924,745,179
S01005165,765,682,83
S01005166,1038,587,451
S01005167,722,309,413
S01005168,687,579,108
S01005169,619,616,3
S01005170,837,742,95
S01005171,874,551,323
S01005172,825,806,19
S01005173,705,614,91
S01005174,769,479,290
S01005175,690,528,162
S01005176,684,488,196
S01005177,948,369,579
S01005178,857,804,53
S01005179,979,754,225
S01005180,910,793,117
S01005181,907,855,52
S01005182,722,425,297
S01005183,938,607,331
S01005184,825,390,435
S01005185,533,413,120
S01005186,747,411,336
S01005187,945,633,312
S01005188,985,974,11
S01005189,851,612,239
S01005190,902,867,35
S01005191,880,498,382
S01005192,788,597,191
S01005193,793,767,26
S01005194,593,496,97
S01005195,1007,1006,1
S01005196,804,473,331
S01005197,768,123,645
S01005198,920,790,130
S01005199,900,807,93
S01005200,632,605,27
S01005201,873,580,293
S01005202,905,739,166
S01005203,803,697,106
S01005204,551,494,57
S01005205,877,430,447
S01005206,932,921,11
S01005207,954,546,408
S01005208,543,178,365
S01005209,801,492,309
S01005210,961,82,879
S01005211,723,205,518
S01005212,588,374,214
S01005213,943,659,284
S01005214,778,212,566
S01005215,873,604,269
S01005216,593,282,311
S01005217,835,651,184
S01005218,888,207,681
S01005219,817,661,156
S01005220,674,470,204
S01005221,650,432,218
S01005222,696,437,259
S01005223,735,446,289
S01005224,780,749,31
S01005225,897,705,192
S01005226,553,328,225
S01005227,844,293,551
S01005228,1045,1020,25
S01005229,852,105,747
S01005230,789,424,365
S01005231,751,467,284
S01005232,841,159,682
S01005233,565,129,436
S01005234,967,518,449
S01005235,570,339,231
S01005236,945,660,285
S01005237,961,920,41
S01005238,822,694,128
S01005239,921,80,841
S01005240,837,140,697
S01005241,950,932,18
S01005242,842,126,716
S01005243,750,38,712
S01005244,958,898,60
S01005245,671,28,643
S01005246,945,49,896
S01005247,735,472,263
S01005248,574,22,552
S01005249,728,11,717
S01005250,795,58,737
S01005251,935,683,252
S01005252,548,166,382
S01005253,555,485,70
S01005254,707,219,488
S01005255,557,36,521
S01005256,721,679,42
S01005257,958,495,463
S01005258,1035,981,54
S01005259,653,204,449
S01005260,645,195,450
S01005261,519,435,84
S01005262,933,221,712
S01005263,517,413,104
S01005264,733,392,341
S01005265,437,150,287
S01005266,860,584,276
S01005267,929,556,373
S01005268,896,117,779
S01005269,711,465,246
S01005270,1059,971,88
S01005271,594,555,39
S01005272,660,422,238
S01005273,809,687,122
S01005274,733,187,546
S01005275,487,99,388
S01005276,660,426,234
S01005277,655,624,31
S01005278,840,603,237
S01005279,546,546,0
S01005280,762,201,561
S01005281,882,517,365
S01005282,764,132,632
S01005283,813,787,26
S01005284,681,117,564
S01005285,687,685,2
S01005286,743,686,57
S01005287,807,406,401
S01005288,886,630,256
S01005289,778,404,374
S01005290,594,330,264
S01005291,672,647,25
S01005292,708,257,451
S01005293,832,536,296
S01005294,574,496,78
S01005295,602,249,353
S01005296,890,888,2
S01005297,703,696,7
S01005298,1069,967,102
S01005299,578,572,6
S01005300,949,919,30
S01005301,891,876,15
S01005302,1014,609,405
S01005303,763,625,138
S01005304,726,711,15
S01005305,826,413,413
S01005306,1021,961,60
S01005307,919,913,6
S01005308,529,94,435
S01005309,945,490,455
S01005310,1010,420,590
S01005311,940,776,164
S01005312,585,426,159
S01005313,918,792,126
S01005314,543,535,8
S01005315,646,99,547
S01005316,900,815,85
S01005317,569,566,3
S01005318,534,377,157
S01005319,691,657,34
S01005320,651,544,107
S01005321,640,371,269
S01005322,806,648,158
S01005323,703,417,286
S01005324,719,391,328
S01005325,815,356,459
S01005326,961,383,578
S01005327,649,293,356
S01005328,625,64,561
S01005329,551,509,42
S01005330,693,461,232
S01005331,724,299,425
S01005332,518,466,52
S01005333,820,814,6
S01005334,678,606,72
S01005335,549,546,3
S01005336,614,601,13
S01005337,966,920,46
S01005338,580,569,11
S01005339,763,723,40
S01005340,589,539,50
S01005341,699,675,24
S01005342,777,745,32
S01005343,970,963,7
S01005344,775,718,57
S01005345,774,767,7
S01005346,840,833,7
S01005347,740,704,36
S01005348,834,729,105
S01005349,889,851,38
S01005350,766,716,50
S01005351,770,614,156
S01005352,912,875,37
S01005353,1024,884,140
S01005354,966,964,2
S01005355,750,626,124
S01005356,735,733,2
S01005357,742,592,150
S01005358,871,706,165
S01005359,930,922,8
S01005360,889,888,1
S01005361,903,822,81
S01005362,667,623,44
S01005363,687,682,5
S01005364,914,889,25
S01005365,610,596,14
S01005366,759,679,80
S01005367,817,217,600
S01005368,663,287,376
S01005369,988,354,634
S01005370,815,531,284
S01005371,991,779,212
S01005372,813,280,533
S01005373,701,274,427
S01005374,870,327,543
S01005375,992,700,292
S01005376,940,635,305
S01005377,900,647,253
S01005378,778,591,187
S01005379,973,631,342
S01005380,693,650,43
S01005381,682,629,53
S01005382,762,712,50
S01005383,660,616,44
S01005384,823,791,32
S01005385,778,760,18
S01005386,608,544,64
S01005387,960,850,110
S01005388,756,587,169
S01005389,736,301,435
S01005390,846,689,157
S01005391,716,429,287
S01005392,880,850,30
S01005393,855,840,15
S01005394,841,814,27
S01005395,859,837,22
S01005396,659,640,19
S01005397,591,577,14
S01005398,974,903,71
S01005399,965,603,362
S01005400,950,824,126
S01005401,926,631,295
S01005402,924,627,297
S01005403,935,733,202
S01005404,813,765,48
S01005405,537,466,71
S01005406,549,536,13
S01005407,943,884,59
S01005408,555,422,133
S01005409,644,600,44
S01005410,730,711,19
S01005411,897,834,63
S01005412,927,676,251
S01005413,841,355,486
S01005414,933,788,145
S01005415,744,672,72
S01005416,924,405,519
S01005417,747,635,112
S01005418,747,704,43
S01005419,712,632,80
S01005420,836,808,28
S01005421,941,892,49
S01005422,784,582,202
S01005423,978,959,19
S01005424,799,588,211
S01005425,898,385,513
S01005426,760,424,336
S01005427,782,231,551
S01005428,953,773,180
S01005429,659,246,413
S01005430,639,543,96
S01005431,747,528,219
S01005432,790,463,327
S01005433,858,427,431
S01005434,655,229,426
S01005435,812,520,292
S01005436,867,579,288
S01005437,909,665,244
S01005438,857,699,158
S01005439,647,302,345
S01005440,918,901,17
S01005441,889,569,320
S01005442,874,848,26
S01005443,895,614,281
S01005444,906,871,35
S01005445,928,806,122
S01005446,783,648,135
S01005447,835,744,91
S01005448,952,884,68
S01005449,821,810,11
S01005450,893,610,283
S01005451,967,843,124
S01005452,912,888,24
S01005453,905,832,73
S01005454,725,480,245
S01005455,885,473,412
S01005456,864,530,334
S01005457,945,557,388
S01005458,828,495,333
S01005459,834,808,26
S01005460,791,768,23
S01005461,720,703,17
S01005462,967,955,12
S01005463,548,433,115
S01005464,579,533,46
S01005465,565,512,53
S01005466,864,846,18
S01005467,516,481,35
S01005468,848,809,39
S01005469,835,824,11
S01005470,688,598,90
S01005471,771,728,43
S01005472,817,784,33
S01005473,728,697,31
S01005474,842,637,205
S01005475,767,761,6
S01005476,840,813,27
S01005477,898,836,62
S01005478,826,605,221
S01005479,558,490,68
S01005480,778,767,11
S01005481,646,598,48
S01005482,609,602,7
S01005483,697,654,43
S01005484,557,524,33
S01005485,796,771,25
S01005486,856,609,247
S01005487,591,417,174
S01005488,891,873,18
S01005489,919,899,20
S01005490,600,570,30
S01005491,918,854,64
S01005492,939,921,18
S01005493,670,652,18
S01005494,683,678,5
S01005495,658,646,12
S01005496,981,961,20
S01005497,590,582,8
S01005498,853,767,86
S01005499,705,696,9
S01005500,781,770,11
S01005501,801,754,47
S01005502,853,731,122
S01005503,593,509,84
S01005504,596,481,115
S01005505,655,621,34
S01005506,821,478,343
S01005507,533,395,138
S01005508,740,649,91
S01005509,508,500,8
S01005510,607,598,9
S01005511,577,566,11
S01005512,645,637,8
S01005513,722,717,5
S01005514,570,563,7
S01005515,582,576,6
S01005516,520,506,14
S01005517,920,897,23
S01005518,961,944,17
S01005519,681,655,26
S01005520,950,929,21
S01005521,792,774,18
S01005522,628,555,73
S01005523,879,856,23
S01005524,710,686,24
S01005525,753,744,9
S01005526,718,593,125
S01005527,525,386,139
S01005528,498,462,36
S01005529,861,761,100
S01005530,660,413,247
S01005531,576,452,124
S01005532,796,602,194
S01005533,778,614,164
S01005534,650,495,155
S01005535,844,765,79
S01005536,925,887,38
S01005537,682,664,18
S01005538,885,833,52
S01005539,908,852,56
S01005540,799,638,161
S01005541,663,416,247
S01005542,726,620,106
S01005543,752,577,175
S01005544,728,349,379
S01005545,851,822,29
S01005546,683,663,20
S01005547,689,617,72
S01005548,846,822,24
S01005549,980,929,51
S01005550,627,605,22
S01005551,902,900,2
S01005552,813,808,5
S01005553,831,807,24
S01005554,726,715,11
S01005555,689,682,7
S01005556,540,534,6
S01005557,796,769,27
S01005558,747,745,2
S01005559,698,584,114
S01005560,662,578,84
S01005561,872,834,38
S01005562,833,780,53
S01005563,782,644,138
S01005564,782,760,22
S01005565,596,593,3
S01005566,543,396,147
S01005567,994,770,224
S01005568,573,490,83
S01005569,720,713,7
S01005570,797,788,9
S01005571,733,726,7
S01005572,799,706,93
S01005573,711,688,23
S01005574,836,820,16
S01005575,750,741,9
S01005576,796,683,113
S01005577,747,571,176
S01005578,962,949,13
S01005579,806,748,58
S01005580,527,372,155
S01005581,743,627,116
S01005582,746,471,275
S01005583,610,562,48
S01005584,576,570,6
S01005585,751,226,525
S01005586,701,253,448
S01005587,960,930,30
S01005588,697,377,320
S01005589,814,289,525
S01005590,790,91,699
S01005591,910,801,109
S01005592,500,55,445
S01005593,893,874,19
S01005594,827,111,716
S01005595,838,723,115
S01005596,539,402,137
S01005597,972,542,430
S01005598,940,137,803
S01005599,500,322,178
S01005600,720,232,488
S01005601,710,409,301
S01005602,729,453,276
S01005603,550,525,25
S01005604,559,322,237
S01005605,977,722,255
S01005606,620,301,319
S01005607,626,481,145
S01005608,907,796,111
S01005609,777,462,315
S01005610,563,471,92
S01005611,725,271,454
S01005612,766,733,33
S01005613,742,521,221
S01005614,793,719,74
S01005615,963,520,443
S01005616,658,622,36
S01005617,781,764,17
S01005618,622,475,147
S01005619,605,585,20
S01005620,459,361,98
S01005621,725,441,284
S01005622,924,904,20
S01005623,787,690,97
S01005624,891,837,54
S01005625,887,858,29
S01005626,839,756,83
S01005627,692,649,43
S01005628,907,651,256
S01005629,781,741,40
S01005630,542,410,132
S01005631,758,673,85
S01005632,509,357,152
S01005633,735,533,202
S01005634,796,766,30
S01005635,818,648,170
S01005636,849,758,91
S01005637,907,808,99
S01005638,831,567,264
S01005639,768,665,103
S01005640,534,503,31
S01005641,869,791,78
S01005642,680,603,77
S01005643,618,517,101
S01005644,610,596,14
S01005645,838,776,62
S01005646,802,222,580
S01005647,734,567,167
S01005648,765,725,40
S01005649,902,265,637
S01005650,628,359,269
S01005651,760,312,448
S01005652,717,707,10
S01005653,900,690,210
S01005654,761,646,115
S01005655,883,827,56
S01005656,613,353,260
S01005657,608,557,51
S01005658,886,884,2
S01005659,889,877,12
S01005660,647,559,88
S01005661,639,616,23
S01005662,621,619,2
S01005663,663,639,24
S01005664,592,592,0
S01005665,512,511,1
S01005666,868,783,85
S01005667,778,753,25
S01005668,842,829,13
S01005669,615,589,26
S01005670,683,589,94
S01005671,514,482,32
S01005672,856,382,474
S01005673,643,601,42
S01005674,936,780,156
S01005675,923,821,102
S01005676,876,810,66
S01005677,836,824,12
S01005678,848,769,79
S01005679,753,660,93
S01005680,646,636,10
S01005681,879,743,136
S01005682,635,474,161
S01005683,881,602,279
S01005684,923,770,153
S01005685,667,661,6
S01005686,584,449,135
S01005687,551,534,17
S01005688,812,706,106
S01005689,505,487,18
S01005690,749,695,54
S01005691,622,566,56
S01005692,667,622,45
S01005693,804,720,84
S01005694,598,586,12
S01005695,564,323,241
S01005696,651,563,88
S01005697,640,557,83
S01005698,578,547,31
S01005699,799,419,380
S01005700,508,441,67
S01005701,709,419,290
S01005702,683,419,264
S01005703,629,628,1
S01005704,620,363,257
S01005705,569,548,21
S01005706,772,689,83
S01005707,529,338,191
S01005708,721,602,119
S01005709,812,752,60
S01005710,426,377,49
S01005711,867,705,162
S01005712,566,516,50
S01005713,638,580,58
S01005714,782,679,103
S01005715,795,739,56
S01005716,600,593,7
S01005717,563,536,27
S01005718,794,350,444
S01005719,556,497,59
S01005720,712,639,73
S01005721,792,610,182
S01005722,542,519,23
S01005723,697,578,119
S01005724,715,706,9
S01005725,638,616,22
S01005726,864,777,87
S01005727,572,555,17
S01005728,828,816,12
S01005729,623,566,57
S01005730,743,664,79
S01005731,575,428,147
S01005732,889,727,162
S01005733,771,762,9
S01005734,674,599,75
S01005735,793,785,8
S01005736,710,656,54
S01005737,787,603,184
S01005738,875,844,31
S01005739,764,745,19
S01005740,732,703,29
S01005741,996,925,71
S01005742,653,610,43
S01005743,668,667,1
S01005744,873,847,26
S01005745,928,611,317
S01005746,879,832,47
S01005747,894,873,21
S01005748,451,337,114
S01005749,857,824,33
S01005750,843,814,29
S01005751,772,724,48
S01005752,810,741,69
S01005753,731,703,28
S01005754,921,824,97
S01005755,788,739,49
S01005756,884,825,59
S01005757,622,542,80
S01005758,853,839,14
S01005759,828,718,110
S01005760,607,595,12
S01005761,651,591,60
S01005762,781,749,32
S01005763,786,774,12
S01005764,611,498,113
S01005765,873,525,348
S01005766,644,497,147
S01005767,728,713,15
S01005768,900,721,179
S01005769,786,568,218
S01005770,597,316,281
S01005771,817,816,1
S01005772,716,701,15
S01005773,860,777,83
S01005774,719,694,25
S01005775,861,507,354
S01005776,713,673,40
S01005777,600,586,14
S01005778,699,519,180
S01005779,716,672,44
S01005780,683,681,2
S01005781,840,644,196
S01005782,802,739,63
S01005783,576,529,47
S01005784,509,507,2
S01005785,826,788,38
S01005786,661,652,9
S01005787,765,741,24
S01005788,537,406,131
S01005789,931,925,6
S01005790,655,644,11
S01005791,507,442,65
S01005792,918,845,73
S01005793,550,538,12
S01005794,972,958,14
S01005795,726,618,108
S01005796,494,423,71
S01005797,799,796,3
S01005798,663,539,124
S01005799,791,688,103
S01005800,694,587,107
S01005801,787,694,93
S01005802,667,657,10
S01005803,667,571,96
S01005804,626,501,125
S01005805,627,619,8
S01005806,698,534,164
S01005807,948,803,145
S01005808,808,697,111
S01005809,563,554,9
S01005810,522,455,67
S01005811,612,518,94
S01005812,660,630,30
S01005813,869,793,76
S01005814,711,638,73
S01005815,958,755,203
S01005816,784,619,165
S01005817,538,529,9
S01005818,755,755,0
S01005819,723,628,95
S01005820,713,355,358
S01005821,527,363,164
S01005822,891,539,352
S01005823,697,688,9
S01005824,747,735,12
S01005825,734,536,198
S01005826,984,975,9
S01005827,790,727,63
S01005828,787,481,306
S01005829,791,699,92
S01005830,925,356,569
S01005831,953,906,47
S01005832,804,370,434
S01005833,719,594,125
S01005834,653,511,142
S01005835,719,696,23
S01005836,724,701,23
S01005837,513,496,17
S01005838,748,734,14
S01005839,884,819,65
S01005840,812,653,159
S01005841,690,528,162
S01005842,616,468,148
S01005843,579,573,6
S01005844,768,610,158
S01005845,549,456,93
S01005846,914,383,531
S01005847,784,547,237
S01005848,622,464,158
S01005849,845,700,145
S01005850,725,571,154
S01005851,760,419,341
S01005852,571,415,156
S01005853,970,784,186
S01005854,864,767,97
S01005855,909,490,419
S01005856,781,600,181
S01005857,708,401,307
S01005858,789,766,23
S01005859,765,521,244
S01005860,778,448,330
S01005861,598,586,12
S01005862,827,659,168
S01005863,903,767,136
S01005864,903,560,343
S01005865,747,591,156
S01005866,773,639,134
S01005867,954,882,72
S01005868,786,783,3
S01005869,731,563,168
S01005870,762,485,277
S01005871,726,534,192
S01005872,800,682,118
S01005873,998,737,261
S01005874,903,450,453
S01005875,740,706,34
S01005876,885,863,22
S01005877,901,823,78
S01005878,686,628,58
S01005879,675,587,88
S01005880,797,315,482
S01005881,803,575,228
S01005882,575,460,115
S01005883,509,419,90
S01005884,830,695,135
S01005885,681,680,1
S01005886,789,787,2
S01005887,527,338,189
S01005888,622,540,82
S01005889,810,318,492
S01005890,786,769,17
S01005891,634,531,103
S01005892,738,380,358
S01005893,770,538,232
S01005894,638,338,300
S01005895,644,539,105
S01005896,658,658,0
S01005897,796,615,181
S01005898,739,500,239
S01005899,713,284,429
S01005900,663,607,56
S01005901,762,714,48
S01005902,861,756,105
S01005903,918,540,378
S01005904,761,562,199
S01005905,714,702,12
S01005906,937,918,19
S01005907,763,381,382
S01005908,830,327,503
S01005909,548,492,56
S01005910,784,720,64
S01005911,995,824,171
S01005912,834,759,75
S01005913,944,733,211
S01005914,789,291,498
S01005915,733,498,235
S01005916,710,689,21
S01005917,886,660,226
S01005918,932,678,254
S01005919,555,548,7
S01005920,902,663,239
S01005921,623,507,116
S01005922,952,630,322
S01005923,769,545,224
S01005924,666,663,3
S01005925,770,678,92
S01005926,748,361,387
S01005927,800,645,155
S01005928,784,576,208
S01005929,616,442,174
S01005930,643,485,158
S01005931,795,563,232
S01005932,710,309,401
S01005933,808,802,6
S01005934,747,504,243
S01005935,651,448,203
S01005936,883,707,176
S01005937,646,642,4
S01005938,698,275,423
S01005939,772,385,387
S01005940,633,200,433
S01005941,513,508,5
S01005942,806,426,380
S01005943,934,624,310
S01005944,869,518,351
S01005945,868,539,329
S01005946,894,574,320
S01005947,786,262,524
S01005948,693,622,71
S01005949,711,586,125
S01005950,543,200,343
S01005951,849,209,640
S01005952,884,351,533
S01005953,936,760,176
S01005954,540,479,61
S01005955,517,169,348
S01005956,860,618,242
S01005957,968,775,193
S01005958,593,558,35
S01005959,464,262,202
S01005960,513,396,117
S01005961,800,443,357
S01005962,519,384,135
S01005963,545,496,49
S01005964,744,658,86
S01005965,808,401,407
S01005966,927,738,189
S01005967,889,560,329
S01005968,695,684,11
S01005969,750,705,45
S01005970,797,650,147
S01005971,512,509,3
S01005972,791,490,301
S01005973,789,631,158
S01005974,776,731,45
S01005975,760,737,23
S01005976,786,503,283
S01005977,781,759,22
S01005978,720,496,224
S01005979,950,894,56
S01005980,677,677,0
S01005981,571,364,207
S01005982,606,370,236
S01005983,987,976,11
S01005984,669,558,111
S01005985,829,804,25
S01005986,776,684,92
S01005987,584,448,136
S01005988,558,305,253
S01005989,810,809,1
S01005990,965,87,878
S01005991,714,519,195
S01005992,607,329,278
S01005993,797,694,103
S01005994,943,910,33
S01005995,674,204,470
S01005996,761,741,20
S01005997,674,264,410
S01005998,690,178,512
S01005999,869,777,92
S01006000,792,265,527
S01006001,753,716,37
S01006002,564,287,277
S01006003,668,506,162
S01006004,623,597,26
S01006005,646,566,80
S01006006,795,755,40
S01006007,559,193,366
S01006008,780,520,260
S01006009,579,526,53
S01006010,907,822,85
S01006011,840,455,385
S01006012,846,561,285
S01006013,540,476,64
S01006014,648,393,255
S01006015,744,560,184
S01006016,958,867,91
S01006017,698,669,29
S01006018,852,848,4
S01006019,798,511,287
S01006020,820,752,68
S01006021,901,681,220
S01006022,557,289,268
S01006023,786,721,65
S01006024,849,486,363
S01006025,786,548,238
S01006026,786,670,116
S01006027,691,517,174
S01006028,624,311,313
S01006029,747,573,174
S01006030,947,834,113
S01006031,870,625,245
S01006032,888,327,561
S01006033,700,584,116
S01006034,737,291,446
S01006035,968,854,114
S01006036,809,802,7
S01006037,896,498,398
S01006038,695,570,125
S01006039,833,776,57
S01006040,765,587,178
S01006041,895,264,631
S01006042,842,733,109
S01006043,621,492,129
S01006044,726,594,132
S01006045,662,557,105
S01006046,827,156,671
S01006047,754,587,167
S01006048,799,639,160
S01006049,775,476,299
S01006050,861,413,448
S01006051,959,406,553
S01006052,756,440,316
S01006053,867,851,16
S01006054,733,488,245
S01006055,616,360,256
S01006056,960,906,54
S01006057,488,69,419
S01006058,820,473,347
S01006059,804,353,451
S01006060,620,260,360
S01006061,551,61,490
S01006062,686,145,541
S01006063,614,345,269
S01006064,652,204,448
S01006065,779,61,718
S01006066,837,449,388
S01006067,930,697,233
S01006068,497,462,35
S01006069,736,704,32
S01006070,644,615,29
S01006071,958,933,25
S01006072,607,535,72
S01006073,504,462,42
S01006074,705,649,56
S01006075,941,821,120
S01006076,911,825,86
S01006077,800,750,50
S01006078,997,944,53
S01006079,783,714,69
S01006080,853,726,127
S01006081,719,658,61
S01006082,950,895,55
S01006083,830,773,57
S01006084,825,746,79
S01006085,800,615,185
S01006086,716,665,51
S01006087,743,598,145
S01006088,822,781,41
S01006089,762,525,237
S01006090,899,884,15
S01006091,606,577,29
S01006092,641,606,35
S01006093,602,585,17
S01006094,909,793,116
S01006095,879,858,21
S01006096,641,601,40
S01006097,948,662,286
S01006098,673,540,133
S01006099,578,561,17
S01006100,612,249,363
S01006101,627,469,158
S01006102,781,568,213
S01006103,701,506,195
S01006104,777,559,218
S01006105,697,508,189
S01006106,626,601,25
S01006107,697,635,62
S01006108,944,892,52
S01006109,775,586,189
S01006110,779,734,45
S01006111,799,760,39
S01006112,750,605,145
S01006113,879,872,7
S01006114,722,477,245
S01006115,758,440,318
S01006116,934,881,53
S01006117,826,713,113
S01006118,551,490,61
S01006119,959,631,328
S01006120,835,170,665
S01006121,492,273,219
S01006122,824,750,74
S01006123,653,77,576
S01006124,632,172,460
S01006125,553,266,287
S01006126,705,73,632
S01006127,644,146,498
S01006128,812,170,642
S01006129,709,624,85
S01006130,562,385,177
S01006131,922,887,35
S01006132,823,262,561
S01006133,584,569,15
S01006134,501,391,110
S01006135,560,151,409
S01006136,888,287,601
S01006137,650,175,475
S01006138,636,618,18
S01006139,410,371,39
S01006140,849,673,176
S01006141,710,362,348
S01006142,657,637,20
S01006143,500,463,37
S01006144,1002,910,92
S01006145,948,863,85
S01006146,824,532,292
S01006147,791,387,404
S01006148,784,551,233
S01006149,974,939,35
S01006150,908,800,108
S01006151,406,33,373
S01006152,715,628,87
S01006153,599,556,43
S01006154,794,792,2
S01006155,869,736,133
S01006156,576,525,51
S01006157,769,508,261
S01006158,873,775,98
S01006159,791,575,216
S01006160,722,668,54
S01006161,750,705,45
S01006162,649,634,15
S01006163,924,830,94
S01006164,627,490,137
S01006165,579,555,24
S01006166,893,809,84
S01006167,878,752,126
S01006168,775,716,59
S01006169,674,472,202
S01006170,916,723,193
S01006171,847,629,218
S01006172,523,518,5
S01006173,586,555,31
S01006174,543,518,25
S01006175,769,737,32
S01006176,523,426,97
S01006177,660,163,497
S01006178,851,656,195
S01006179,796,567,229
S01006180,816,320,496
S01006181,754,490,264
S01006182,560,115,445
S01006183,714,463,251
S01006184,795,675,120
S01006185,980,522,458
S01006186,862,559,303
S01006187,891,323,568
S01006188,744,292,452
S01006189,780,253,527
S01006190,812,551,261
S01006191,587,152,435
S01006192,790,80,710
S01006193,537,53,484
S01006194,918,555,363
S01006195,769,109,660
S01006196,912,501,411
S01006197,861,567,294
S01006198,537,25,512
S01006199,744,269,475
S01006200,862,643,219
S01006201,982,715,267
S01006202,703,93,610
S01006203,617,406,211
S01006204,942,558,384
S01006205,713,596,117
S01006206,841,683,158
S01006207,908,537,371
S01006208,740,461,279
S01006209,755,577,178
S01006210,766,469,297
S01006211,594,307,287
S01006212,856,847,9
S01006213,891,618,273
S01006214,766,371,395
S01006215,818,571,247
S01006216,790,619,171
S01006217,989,451,538
S01006218,572,380,192
S01006219,910,377,533
S01006220,858,725,133
S01006221,818,494,324
S01006222,994,583,411
S01006223,759,727,32
S01006224,655,400,255
S01006225,828,332,496
S01006226,753,704,49
S01006227,715,585,130
S01006228,793,789,4
S01006229,971,94,877
S01006230,828,237,591
S01006231,931,203,728
S01006232,774,733,41
S01006233,648,266,382
S01006234,556,214,342
S01006235,759,694,65
S01006236,641,177,464
S01006237,866,384,482
S01006238,944,557,387
S01006239,523,518,5
S01006240,813,522,291
S01006241,830,67,763
S01006242,764,389,375
S01006243,593,580,13
S01006244,628,274,354
S01006245,629,384,245
S01006246,693,485,208
S01006247,896,689,207
S01006248,828,767,61
S01006249,778,185,593
S01006250,707,532,175
S01006251,598,419,179
S01006252,640,609,31
S01006253,706,565,141
S01006254,700,640,60
S01006255,938,762,176
S01006256,669,518,151
S01006257,779,471,308
S01006258,739,318,421
S01006259,705,376,329
S01006260,748,267,481
S01006261,869,520,349
S01006262,688,475,213
S01006263,827,466,361
S01006264,958,953,5
S01006265,822,504,318
S01006266,680,415,265
S01006267,647,572,75
S01006268,723,601,122
S01006269,659,620,39
S01006270,937,603,334
S01006271,731,548,183
S01006272,782,291,491
S01006273,681,582,99
S01006274,605,554,51
S01006275,801,710,91
S01006276,846,557,289
S01006277,761,470,291
S01006278,731,201,530
S01006279,969,738,231
S01006280,650,404,246
S01006281,779,570,209
S01006282,727,589,138
S01006283,732,479,253
S01006284,820,515,305
S01006285,791,550,241
S01006286,855,236,619
S01006287,619,489,130
S01006288,792,434,358
S01006289,896,683,213
S01006290,928,548,380
S01006291,524,293,231
S01006292,889,744,145
S01006293,958,921,37
S01006294,650,610,40
S01006295,618,543,75
S01006296,969,855,114
S01006297,762,578,184
S01006298,877,800,77
S01006299,781,664,117
S01006300,761,496,265
S01006301,626,443,183
S01006302,933,915,18
S01006303,684,591,93
S01006304,716,465,251
S01006305,677,603,74
S01006306,746,737,9
S01006307,799,532,267
S01006308,655,467,188
S01006309,882,783,99
S01006310,786,653,133
S01006311,782,634,148
S01006312,664,638,26
S01006313,978,964,14
S01006314,597,593,4
S01006315,882,692,190
S01006316,929,884,45
S01006317,873,582,291
S01006318,774,681,93
S01006319,881,673,208
S01006320,913,635,278
S01006321,698,688,10
S01006322,673,665,8
S01006323,904,889,15
S01006324,612,604,8
S01006325,671,575,96
S01006326,930,479,451
S01006327,563,445,118
S01006328,554,389,165
S01006329,965,920,45
S01006330,754,480,274
S01006331,752,730,22
S01006332,654,560,94
S01006333,905,432,473
S01006334,803,650,153
S01006335,881,847,34
S01006336,787,773,14
S01006337,732,693,39
S01006338,876,844,32
S01006339,808,693,115
S01006340,744,725,19
S01006341,744,729,15
S01006342,737,670,67
S01006343,739,692,47
S01006344,785,781,4
S01006345,594,560,34
S01006346,633,567,66
S01006347,633,612,21
S01006348,656,640,16
S01006349,513,417,96
S01006350,715,444,271
S01006351,843,815,28
S01006352,759,701,58
S01006353,583,539,44
S01006354,955,901,54
S01006355,738,506,232
S01006356,679,614,65
S01006357,745,727,18
S01006358,702,493,209
S01006359,868,757,111
S01006360,664,587,77
S01006361,807,679,128
S01006362,795,739,56
S01006363,725,719,6
S01006364,611,528,83
S01006365,905,854,51
S01006366,743,708,35
S01006367,769,708,61
S01006368,855,846,9
S01006369,815,655,160
S01006370,974,966,8
S01006371,545,504,41
S01006372,768,693,75
S01006373,847,709,138
S01006374,695,686,9
S01006375,679,534,145
S01006376,715,629,86
S01006377,610,575,35
S01006378,524,523,1
S01006379,595,551,44
S01006380,596,473,123
S01006381,528,417,111
S01006382,710,667,43
S01006383,624,599,25
S01006384,768,729,39
S01006385,942,836,106
S01006386,930,810,120
S01006387,800,691,109
S01006388,996,660,336
S01006389,701,513,188
S01006390,666,538,128
S01006391,960,953,7
S01006392,864,699,165
S01006393,794,239,555
S01006394,794,769,25
S01006395,851,767,84
S01006396,596,496,100
S01006397,721,704,17
S01006398,877,801,76
S01006399,782,769,13
S01006400,896,808,88
S01006401,785,657,128
S01006402,671,434,237
S01006403,772,649,123
S01006404,775,592,183
S01006405,863,548,315
S01006406,433,395,38
S01006407,688,653,35
S01006408,981,843,138
S01006409,619,569,50
S01006410,716,539,177
S01006411,814,781,33
S01006412,705,659,46
S01006413,565,495,70
S01006414,524,507,17
S01006415,826,812,14
S01006416,587,260,327
S01006417,701,694,7
S01006418,678,609,69
S01006419,570,483,87
S01006420,937,894,43
S01006421,565,461,104
S01006422,662,519,143
S01006423,571,457,114
S01006424,634,631,3
S01006425,710,595,115
S01006426,518,496,22
S01006427,761,669,92
S01006428,829,779,50
S01006429,573,437,136
S01006430,618,615,3
S01006431,573,564,9
S01006432,720,719,1
S01006433,669,658,11
S01006434,813,621,192
S01006435,450,350,100
S01006436,755,730,25
S01006437,959,946,13
S01006438,606,227,379
S01006439,722,445,277
S01006440,814,784,30
S01006441,709,685,24
S01006442,796,745,51
S01006443,519,465,54
S01006444,568,558,10
S01006445,780,747,33
S01006446,871,858,13
S01006447,588,439,149
S01006448,887,863,24
S01006449,511,509,2
S01006450,682,664,18
S01006451,711,677,34
S01006452,560,534,26
S01006453,810,736,74
S01006454,572,474,98
S01006455,667,631,36
S01006456,867,821,46
S01006457,645,622,23
S01006458,931,922,9
S01006459,683,660,23
S01006460,521,506,15
S01006461,698,580,118
S01006462,736,726,10
S01006463,652,609,43
S01006464,742,652,90
S01006465,867,688,179
S01006466,742,712,30
S01006467,863,814,49
S01006468,978,936,42
S01006469,679,539,140
S01006470,747,411,336
S01006471,820,533,287
S01006472,562,329,233
S01006473,778,739,39
S01006474,818,732,86
S01006475,850,681,169
S01006476,753,550,203
S01006477,781,447,334
S01006478,849,750,99
S01006479,714,668,46
S01006480,867,795,72
S01006481,571,549,22
S01006482,758,560,198
S01006483,911,610,301
S01006484,784,668,116
S01006485,659,649,10
S01006486,862,835,27
S01006487,765,449,316
S01006488,629,587,42
S01006489,784,774,10
S01006490,765,757,8
S01006491,828,818,10
S01006492,593,454,139
S01006493,582,346,236
S01006494,562,505,57
S01006495,788,584,204
S01006496,894,200,694
S01006497,502,416,86
S01006498,1000,793,207
S01006499,831,693,138
S01006500,741,671,70
S01006501,972,968,4
S01006502,631,609,22
S01006503,691,665,26
S01006504,784,759,25
S01006505,770,741,29
