dz_2001,total,some,none
S01000001,355,290,65
S01000002,267,257,10
S01000003,333,304,29
S01000004,258,249,9
S01000005,312,274,38
S01000006,269,198,71
S01000007,307,264,43
S01000008,277,212,65
S01000009,284,225,59
S01000010,244,209,35
S01000011,279,266,13
S01000012,300,282,18
S01000013,351,268,83
S01000014,369,321,48
S01000015,285,255,30
S01000016,165,157,8
S01000017,393,321,72
S01000018,241,203,38
S01000019,203,197,6
S01000020,341,250,91
S01000021,350,274,76
S01000022,249,237,12
S01000023,267,265,2
S01000024,171,168,3
S01000025,269,266,3
S01000026,417,215,202
S01000027,332,306,26
S01000028,426,263,163
S01000029,211,210,1
S01000030,231,137,94
S01000031,365,327,38
S01000032,487,304,183
S01000033,389,183,206
S01000034,339,322,17
S01000035,447,305,142
S01000036,291,173,118
S01000037,350,209,141
S01000038,277,189,88
S01000039,429,236,193
S01000040,392,245,147
S01000041,369,273,96
S01000042,342,214,128
S01000043,496,321,175
S01000044,441,239,202
S01000045,244,223,21
S01000046,332,299,33
S01000047,439,226,213
S01000048,422,358,64
S01000049,336,286,50
S01000050,262,219,43
S01000051,364,313,51
S01000052,260,159,101
S01000053,532,358,174
S01000054,387,270,117
S01000055,319,157,162
S01000056,397,362,35
S01000057,284,128,156
S01000058,268,254,14
S01000059,338,306,32
S01000060,268,113,155
S01000061,453,384,69
S01000062,547,415,132
S01000063,412,355,57
S01000064,284,175,109
S01000065,554,387,167
S01000066,457,236,221
S01000067,474,354,120
S01000068,380,291,89
S01000069,378,154,224
S01000070,284,154,130
S01000071,411,162,249
S01000072,389,281,108
S01000073,264,235,29
S01000074,380,132,248
S01000075,352,221,131
S01000076,316,285,31
S01000077,398,343,55
S01000078,567,240,327
S01000079,503,386,117
S01000080,558,366,192
S01000081,409,351,58
S01000082,491,217,274
S01000083,364,274,90
S01000084,441,205,236
S01000085,373,219,154
S01000086,367,270,97
S01000087,250,219,31
S01000088,391,288,103
S01000089,390,365,25
S01000090,428,338,90
S01000091,547,326,221
S01000092,565,342,223
S01000093,203,128,75
S01000094,349,217,132
S01000095,405,287,118
S01000096,412,200,212
S01000097,395,347,48
S01000098,585,285,300
S01000099,332,303,29
S01000100,428,278,150
S01000101,405,312,93
S01000102,465,197,268
S01000103,365,238,127
S01000104,321,303,18
S01000105,378,341,37
S01000106,278,244,34
S01000107,546,250,296
S01000108,298,140,158
S01000109,563,232,331
S01000110,401,302,99
S01000111,369,298,71
S01000112,561,255,306
S01000113,238,195,43
S01000114,305,179,126
S01000115,412,236,176
S01000116,613,382,231
S01000117,424,335,89
S01000118,300,205,95
S01000119,527,225,302
S01000120,316,203,113
S01000121,346,249,97
S01000122,345,175,170
S01000123,252,231,21
S01000124,590,277,313
S01000125,371,167,204
S01000126,569,193,376
S01000127,320,289,31
S01000128,599,233,366
S01000129,277,160,117
S01000130,536,243,293
S01000131,352,241,111
S01000132,432,295,137
S01000133,301,205,96
S01000134,331,170,161
S01000135,421,129,292
S01000136,307,172,135
S01000137,457,271,186
S01000138,494,232,262
S01000139,369,226,143
S01000140,410,275,135
S01000141,381,299,82
S01000142,338,172,166
S01000143,241,234,7
S01000144,305,144,161
S01000145,463,238,225
S01000146,619,258,361
S01000147,456,227,229
S01000148,303,139,164
S01000149,624,292,332
S01000150,278,159,119
S01000151,481,217,264
S01000152,454,331,123
S01000153,316,163,153
S01000154,250,166,84
S01000155,365,198,167
S01000156,509,210,299
S01000157,403,171,232
S01000158,454,252,202
S01000159,344,335,9
S01000160,337,228,109
S01000161,408,269,139
S01000162,433,255,178
S01000163,429,262,167
S01000164,299,121,178
S01000165,483,217,266
S01000166,560,340,220
S01000167,316,194,122
S01000168,387,247,140
S01000169,345,213,132
S01000170,506,323,183
S01000171,336,327,9
S01000172,213,146,67
S01000173,362,180,182
S01000174,286,282,4
S01000175,297,163,134
S01000176,384,228,156
S01000177,269,198,71
S01000178,308,187,121
S01000179,457,125,332
S01000180,275,186,89
S01000181,236,151,85
S01000182,334,219,115
S01000183,477,172,305
S01000184,371,257,114
S01000185,474,165,309
S01000186,499,272,227
S01000187,246,165,81
S01000188,453,183,270
S01000189,215,120,95
S01000190,363,217,146
S01000191,430,298,132
S01000192,369,174,195
S01000193,288,184,104
S01000194,365,157,208
S01000195,400,153,247
S01000196,317,157,160
S01000197,235,164,71
S01000198,334,168,166
S01000199,349,97,252
S01000200,412,208,204
S01000201,312,180,132
S01000202,461,288,173
S01000203,237,69,168
S01000204,250,153,97
S01000205,324,153,171
S01000206,270,197,73
S01000207,525,197,328
S01000208,342,127,215
S01000209,389,163,226
S01000210,355,140,215
S01000211,357,134,223
S01000212,331,209,122
S01000213,393,172,221
S01000214,231,146,85
S01000215,235,226,9
S01000216,290,203,87
S01000217,332,139,193
S01000218,336,223,113
S01000219,351,121,230
S01000220,307,186,121
S01000221,461,259,202
S01000222,330,233,97
S01000223,247,189,58
S01000224,311,226,85
S01000225,252,194,58
S01000226,279,238,41
S01000227,254,242,12
S01000228,343,256,87
S01000229,395,255,140
S01000230,306,223,83
S01000231,283,268,15
S01000232,296,179,117
S01000233,275,158,117
S01000234,328,300,28
S01000235,345,311,34
S01000236,295,243,52
S01000237,375,344,31
S01000238,229,217,12
S01000239,294,260,34
S01000240,280,234,46
S01000241,226,221,5
S01000242,300,224,76
S01000243,257,246,11
S01000244,506,371,135
S01000245,369,312,57
S01000246,284,232,52
S01000247,272,256,16
S01000248,345,316,29
S01000249,292,261,31
S01000250,275,259,16
S01000251,150,148,2
S01000252,344,323,21
S01000253,222,220,2
S01000254,316,298,18
S01000255,259,240,19
S01000256,418,315,103
S01000257,346,290,56
S01000258,239,232,7
S01000259,220,217,3
S01000260,330,317,13
S01000261,399,372,27
S01000262,405,339,66
S01000263,323,291,32
S01000264,407,314,93
S01000265,335,229,106
S01000266,392,318,74
S01000267,289,229,60
S01000268,324,251,73
S01000269,204,195,9
S01000270,388,355,33
S01000271,365,283,82
S01000272,368,315,53
S01000273,196,188,8
S01000274,256,184,72
S01000275,426,328,98
S01000276,246,234,12
S01000277,275,221,54
S01000278,248,151,97
S01000279,210,197,13
S01000280,248,219,29
S01000281,297,246,51
S01000282,257,239,18
S01000283,350,311,39
S01000284,287,268,19
S01000285,242,226,16
S01000286,476,344,132
S01000287,280,256,24
S01000288,329,287,42
S01000289,417,281,136
S01000290,332,208,124
S01000291,284,241,43
S01000292,365,327,38
S01000293,434,249,185
S01000294,243,209,34
S01000295,220,204,16
S01000296,207,183,24
S01000297,285,252,33
S01000298,194,169,25
S01000299,344,313,31
S01000300,293,281,12
S01000301,274,210,64
S01000302,207,191,16
S01000303,217,198,19
S01000304,261,255,6
S01000305,413,336,77
S01000306,279,271,8
S01000307,336,329,7
S01000308,382,366,16
S01000309,251,243,8
S01000310,341,323,18
S01000311,420,351,69
S01000312,263,204,59
S01000313,303,251,52
S01000314,242,216,26
S01000315,247,215,32
S01000316,379,266,113
S01000317,259,177,82
S01000318,212,201,11
S01000319,225,215,10
S01000320,325,287,38
S01000321,214,203,11
S01000322,377,360,17
S01000323,342,269,73
S01000324,312,299,13
S01000325,269,214,55
S01000326,292,222,70
S01000327,308,295,13
S01000328,198,173,25
S01000329,191,172,19
S01000330,260,247,13
S01000331,275,221,54
S01000332,293,257,36
S01000333,308,299,9
S01000334,358,260,98
S01000335,276,247,29
S01000336,319,290,29
S01000337,280,260,20
S01000338,191,172,19
S01000339,419,374,45
S01000340,382,356,26
S01000341,282,268,14
S01000342,193,153,40
S01000343,222,215,7
S01000344,340,319,21
S01000345,248,220,28
S01000346,266,244,22
S01000347,191,173,18
S01000348,322,301,21
S01000349,263,214,49
S01000350,355,334,21
S01000351,364,335,29
S01000352,300,279,21
S01000353,248,239,9
S01000354,188,183,5
S01000355,238,234,4
S01000356,222,219,3
S01000357,220,215,5
S01000358,351,341,10
S01000359,249,248,1
S01000360,226,198,28
S01000361,235,224,11
S01000362,346,319,27
S01000363,350,338,12
S01000364,332,324,8
S01000365,254,230,24
S01000366,286,264,22
S01000367,297,264,33
S01000368,341,291,50
S01000369,391,363,28
S01000370,292,281,11
S01000371,418,322,96
S01000372,376,305,71
S01000373,220,211,9
S01000374,244,213,31
S01000375,271,205,66
S01000376,345,280,65
S01000377,282,263,19
S01000378,195,160,35
S01000379,212,204,8
S01000380,268,255,13
S01000381,338,285,53
S01000382,299,266,33
S01000383,250,221,29
S01000384,313,270,43
S01000385,243,198,45
S01000386,339,296,43
S01000387,348,294,54
S01000388,281,266,15
S01000389,240,231,9
S01000390,303,222,81
S01000391,253,214,39
S01000392,271,258,13
S01000393,376,285,91
S01000394,282,229,53
S01000395,239,228,11
S01000396,461,270,191
S01000397,442,355,87
S01000398,271,259,12
S01000399,294,222,72
S01000400,339,228,111
S01000401,306,294,12
S01000402,303,261,42
S01000403,350,284,66
S01000404,284,253,31
S01000405,173,170,3
S01000406,265,214,51
S01000407,269,194,75
S01000408,199,184,15
S01000409,233,220,13
S01000410,242,233,9
S01000411,235,221,14
S01000412,291,275,16
S01000413,311,279,32
S01000414,245,234,11
S01000415,273,201,72
S01000416,274,240,34
S01000417,400,336,64
S01000418,273,257,16
S01000419,244,239,5
S01000420,412,330,82
S01000421,227,215,12
S01000422,286,243,43
S01000423,320,307,13
S01000424,256,240,16
S01000425,269,229,40
S01000426,277,259,18
S01000427,326,285,41
S01000428,276,259,17
S01000429,344,294,50
S01000430,214,193,21
S01000431,311,204,107
S01000432,422,370,52
S01000433,197,148,49
S01000434,245,191,54
S01000435,224,195,29
S01000436,232,222,10
S01000437,402,341,61
S01000438,230,225,5
S01000439,268,254,14
S01000440,342,312,30
S01000441,357,294,63
S01000442,295,279,16
S01000443,215,205,10
S01000444,200,193,7
S01000445,396,340,56
S01000446,362,332,30
S01000447,212,191,21
S01000448,225,210,15
S01000449,305,239,66
S01000450,256,234,22
S01000451,307,278,29
S01000452,208,195,13
S01000453,187,180,7
S01000454,220,158,62
S01000455,346,305,41
S01000456,297,277,20
S01000457,397,296,101
S01000458,309,300,9
S01000459,494,341,153
S01000460,321,182,139
S01000461,444,245,199
S01000462,435,289,146
S01000463,265,212,53
S01000464,299,282,17
S01000465,238,229,9
S01000466,289,271,18
S01000467,288,204,84
S01000468,183,177,6
S01000469,234,217,17
S01000470,344,320,24
S01000471,237,201,36
S01000472,285,230,55
S01000473,291,205,86
S01000474,233,223,10
S01000475,337,229,108
S01000476,213,190,23
S01000477,312,242,70
S01000478,385,225,160
S01000479,395,264,131
S01000480,256,214,42
S01000481,292,278,14
S01000482,396,193,203
S01000483,447,258,189
S01000484,383,233,150
S01000485,414,377,37
S01000486,494,190,304
S01000487,267,173,94
S01000488,308,196,112
S01000489,438,211,227
S01000490,235,206,29
S01000491,249,109,140
S01000492,367,221,146
S01000493,260,206,54
S01000494,222,136,86
S01000495,338,299,39
S01000496,217,210,7
S01000497,271,223,48
S01000498,236,203,33
S01000499,310,273,37
S01000500,241,172,69
S01000501,278,194,84
S01000502,183,172,11
S01000503,186,178,8
S01000504,374,242,132
S01000505,289,255,34
S01000506,234,219,15
S01000507,492,334,158
S01000508,338,316,22
S01000509,463,357,106
S01000510,299,225,74
S01000511,208,180,28
S01000512,386,328,58
S01000513,372,271,101
S01000514,212,197,15
S01000515,179,166,13
S01000516,251,220,31
S01000517,288,225,63
S01000518,393,289,104
S01000519,181,174,7
S01000520,378,333,45
S01000521,385,275,110
S01000522,239,220,19
S01000523,322,238,84
S01000524,234,221,13
S01000525,378,342,36
S01000526,335,320,15
S01000527,227,215,12
S01000528,279,264,15
S01000529,276,265,11
S01000530,182,172,10
S01000531,222,182,40
S01000532,356,243,113
S01000533,317,230,87
S01000534,357,215,142
S01000535,446,315,131
S01000536,210,181,29
S01000537,208,197,11
S01000538,336,230,106
S01000539,519,319,200
S01000540,340,246,94
S01000541,248,153,95
S01000542,290,192,98
S01000543,324,253,71
S01000544,304,247,57
S01000545,323,218,105
S01000546,269,181,88
S01000547,236,170,66
S01000548,457,350,107
S01000549,367,347,20
S01000550,179,176,3
S01000551,374,263,111
S01000552,204,187,17
S01000553,339,265,74
S01000554,298,203,95
S01000555,387,261,126
S01000556,331,242,89
S01000557,375,264,111
S01000558,221,185,36
S01000559,315,187,128
S01000560,440,278,162
S01000561,545,279,266
S01000562,431,221,210
S01000563,356,165,191
S01000564,381,184,197
S01000565,304,212,92
S01000566,319,212,107
S01000567,336,203,133
S01000568,222,166,56
S01000569,329,260,69
S01000570,414,315,99
S01000571,438,258,180
S01000572,305,280,25
S01000573,206,201,5
S01000574,351,294,57
S01000575,282,197,85
S01000576,255,241,14
S01000577,227,194,33
S01000578,287,226,61
S01000579,264,242,22
S01000580,274,255,19
S01000581,276,248,28
S01000582,283,219,64
S01000583,303,255,48
S01000584,372,234,138
S01000585,450,293,157
S01000586,309,265,44
S01000587,304,190,114
S01000588,260,203,57
S01000589,300,236,64
S01000590,315,267,48
S01000591,217,171,46
S01000592,379,304,75
S01000593,230,215,15
S01000594,210,191,19
S01000595,325,266,59
S01000596,335,311,24
S01000597,401,367,34
S01000598,211,195,16
S01000599,326,280,46
S01000600,306,273,33
S01000601,408,388,20
S01000602,286,249,37
S01000603,317,302,15
S01000604,361,337,24
S01000605,311,248,63
S01000606,393,182,211
S01000607,348,275,73
S01000608,539,252,287
S01000609,483,240,243
S01000610,443,194,249
S01000611,296,167,129
S01000612,545,293,252
S01000613,480,322,158
S01000614,301,239,62
S01000615,469,192,277
S01000616,394,348,46
S01000617,279,214,65
S01000618,343,248,95
S01000619,285,229,56
S01000620,386,169,217
S01000621,531,307,224
S01000622,212,108,104
S01000623,286,178,108
S01000624,262,157,105
S01000625,275,137,138
S01000626,308,146,162
S01000627,399,266,133
S01000628,243,139,104
S01000629,201,177,24
S01000630,338,209,129
S01000631,286,166,120
S01000632,232,219,13
S01000633,221,203,18
S01000634,347,211,136
S01000635,248,198,50
S01000636,197,186,11
S01000637,229,214,15
S01000638,202,197,5
S01000639,271,241,30
S01000640,260,237,23
S01000641,319,283,36
S01000642,331,287,44
S01000643,242,217,25
S01000644,286,258,28
S01000645,367,328,39
S01000646,356,291,65
S01000647,366,273,93
S01000648,412,244,168
S01000649,237,224,13
S01000650,298,197,101
S01000651,355,234,121
S01000652,343,260,83
S01000653,446,259,187
S01000654,382,251,131
S01000655,370,239,131
S01000656,324,215,109
S01000657,369,226,143
S01000658,284,156,128
S01000659,495,379,116
S01000660,396,350,46
S01000661,392,276,116
S01000662,210,189,21
S01000663,291,233,58
S01000664,337,280,57
S01000665,305,257,48
S01000666,204,183,21
S01000667,441,353,88
S01000668,417,255,162
S01000669,410,242,168
S01000670,250,185,65
S01000671,264,189,75
S01000672,268,203,65
S01000673,292,259,33
S01000674,426,341,85
S01000675,293,266,27
S01000676,209,186,23
S01000677,406,280,126
S01000678,391,296,95
S01000679,368,189,179
S01000680,390,217,173
S01000681,451,221,230
S01000682,329,165,164
S01000683,247,185,62
S01000684,423,195,228
S01000685,402,286,116
S01000686,349,181,168
S01000687,351,208,143
S01000688,322,249,73
S01000689,234,223,11
S01000690,314,271,43
S01000691,349,217,132
S01000692,385,216,169
S01000693,454,248,206
S01000694,324,198,126
S01000695,318,234,84
S01000696,382,237,145
S01000697,203,174,29
S01000698,295,204,91
S01000699,255,197,58
S01000700,329,268,61
S01000701,376,336,40
S01000702,238,199,39
S01000703,330,234,96
S01000704,308,295,13
S01000705,435,377,58
S01000706,330,301,29
S01000707,231,220,11
S01000708,222,215,7
S01000709,407,334,73
S01000710,440,420,20
S01000711,239,207,32
S01000712,266,205,61
S01000713,309,215,94
S01000714,330,266,64
S01000715,364,172,192
S01000716,285,131,154
S01000717,428,163,265
S01000718,422,222,200
S01000719,282,229,53
S01000720,370,309,61
S01000721,283,228,55
S01000722,372,209,163
S01000723,218,194,24
S01000724,384,248,136
S01000725,256,225,31
S01000726,341,261,80
S01000727,271,136,135
S01000728,359,293,66
S01000729,264,133,131
S01000730,194,82,112
S01000731,299,93,206
S01000732,321,101,220
S01000733,421,152,269
S01000734,327,271,56
S01000735,230,140,90
S01000736,349,242,107
S01000737,288,146,142
S01000738,278,198,80
S01000739,376,253,123
S01000740,319,247,72
S01000741,366,285,81
S01000742,246,220,26
S01000743,297,247,50
S01000744,376,198,178
S01000745,292,207,85
S01000746,364,200,164
S01000747,274,154,120
S01000748,281,91,190
S01000749,227,96,131
S01000750,327,222,105
S01000751,301,256,45
S01000752,448,210,238
S01000753,258,206,52
S01000754,279,228,51
S01000755,314,250,64
S01000756,483,356,127
S01000757,297,240,57
S01000758,388,368,20
S01000759,391,275,116
S01000760,224,188,36
S01000761,215,178,37
S01000762,260,224,36
S01000763,357,323,34
S01000764,280,247,33
S01000765,208,197,11
S01000766,335,235,100
S01000767,305,100,205
S01000768,467,253,214
S01000769,562,285,277
S01000770,236,93,143
S01000771,407,306,101
S01000772,322,238,84
S01000773,408,312,96
S01000774,194,144,50
S01000775,287,207,80
S01000776,218,212,6
S01000777,164,122,42
S01000778,183,170,13
S01000779,309,234,75
S01000780,367,256,111
S01000781,341,323,18
S01000782,245,232,13
S01000783,223,195,28
S01000784,293,286,7
S01000785,325,259,66
S01000786,361,298,63
S01000787,237,211,26
S01000788,281,247,34
S01000789,305,219,86
S01000790,189,183,6
S01000791,276,205,71
S01000792,268,255,13
S01000793,266,214,52
S01000794,407,262,145
S01000795,347,265,82
S01000796,203,179,24
S01000797,172,131,41
S01000798,232,138,94
S01000799,216,192,24
S01000800,470,386,84
S01000801,266,244,22
S01000802,345,301,44
S01000803,398,338,60
S01000804,405,338,67
S01000805,383,328,55
S01000806,385,328,57
S01000807,323,250,73
S01000808,302,276,26
S01000809,266,194,72
S01000810,252,230,22
S01000811,316,296,20
S01000812,276,155,121
S01000813,279,247,32
S01000814,311,168,143
S01000815,288,94,194
S01000816,357,185,172
S01000817,344,217,127
S01000818,332,243,89
S01000819,361,321,40
S01000820,262,232,30
S01000821,398,251,147
S01000822,242,173,69
S01000823,256,130,126
S01000824,240,187,53
S01000825,299,264,35
S01000826,286,185,101
S01000827,287,260,27
S01000828,344,301,43
S01000829,260,230,30
S01000830,318,277,41
S01000831,396,313,83
S01000832,402,303,99
S01000833,209,155,54
S01000834,416,263,153
S01000835,319,185,134
S01000836,396,181,215
S01000837,453,223,230
S01000838,295,237,58
S01000839,429,329,100
S01000840,340,168,172
S01000841,353,168,185
S01000842,338,311,27
S01000843,355,273,82
S01000844,304,195,109
S01000845,245,188,57
S01000846,386,162,224
S01000847,495,334,161
S01000848,326,251,75
S01000849,224,148,76
S01000850,327,178,149
S01000851,299,269,30
S01000852,300,207,93
S01000853,258,155,103
S01000854,403,244,159
S01000855,309,250,59
S01000856,204,155,49
S01000857,243,185,58
S01000858,266,241,25
S01000859,360,306,54
S01000860,406,243,163
S01000861,288,226,62
S01000862,224,203,21
S01000863,232,135,97
S01000864,272,203,69
S01000865,351,203,148
S01000866,378,231,147
S01000867,397,203,194
S01000868,306,176,130
S01000869,216,130,86
S01000870,296,173,123
S01000871,300,244,56
S01000872,280,225,55
S01000873,317,219,98
S01000874,232,157,75
S01000875,330,225,105
S01000876,328,248,80
S01000877,362,211,151
S01000878,208,190,18
S01000879,364,303,61
S01000880,316,295,21
S01000881,316,214,102
S01000882,465,314,151
S01000883,398,294,104
S01000884,238,186,52
S01000885,192,188,4
S01000886,305,215,90
S01000887,310,250,60
S01000888,342,235,107
S01000889,352,263,89
S01000890,388,243,145
S01000891,382,309,73
S01000892,203,189,14
S01000893,274,259,15
S01000894,235,188,47
S01000895,387,314,73
S01000896,190,183,7
S01000897,310,254,56
S01000898,246,204,42
S01000899,377,236,141
S01000900,271,246,25
S01000901,303,246,57
S01000902,429,340,89
S01000903,444,360,84
S01000904,311,233,78
S01000905,293,255,38
S01000906,233,189,44
S01000907,399,255,144
S01000908,369,225,144
S01000909,382,348,34
S01000910,324,274,50
S01000911,434,384,50
S01000912,319,253,66
S01000913,336,273,63
S01000914,419,384,35
S01000915,402,324,78
S01000916,432,325,107
S01000917,294,257,37
S01000918,275,235,40
S01000919,240,177,63
S01000920,214,192,22
S01000921,294,238,56
S01000922,320,273,47
S01000923,305,243,62
S01000924,350,234,116
S01000925,381,299,82
S01000926,245,174,71
S01000927,401,267,134
S01000928,444,338,106
S01000929,227,95,132
S01000930,259,95,164
S01000931,303,190,113
S01000932,418,287,131
S01000933,423,285,138
S01000934,514,230,284
S01000935,375,250,125
S01000936,418,286,132
S01000937,284,157,127
S01000938,335,232,103
S01000939,361,229,132
S01000940,367,295,72
S01000941,266,165,101
S01000942,408,293,115
S01000943,380,345,35
S01000944,374,285,89
S01000945,345,260,85
S01000946,319,236,83
S01000947,336,245,91
S01000948,282,260,22
S01000949,282,258,24
S01000950,349,296,53
S01000951,319,216,103
S01000952,368,284,84
S01000953,375,323,52
S01000954,360,299,61
S01000955,210,185,25
S01000956,389,220,169
S01000957,231,208,23
S01000958,366,235,131
S01000959,281,235,46
S01000960,263,180,83
S01000961,385,268,117
S01000962,283,181,102
S01000963,328,207,121
S01000964,358,322,36
S01000965,265,141,124
S01000966,471,291,180
S01000967,284,150,134
S01000968,399,337,62
S01000969,466,275,191
S01000970,375,217,158
S01000971,267,170,97
S01000972,380,342,38
S01000973,252,169,83
S01000974,327,287,40
S01000975,245,222,23
S01000976,215,194,21
S01000977,313,251,62
S01000978,322,268,54
S01000979,271,238,33
S01000980,327,273,54
S01000981,244,229,15
S01000982,227,213,14
S01000983,233,193,40
S01000984,276,237,39
S01000985,291,195,96
S01000986,203,171,32
S01000987,250,219,31
S01000988,183,169,14
S01000989,322,307,15
S01000990,269,200,69
S01000991,187,175,12
S01000992,383,286,97
S01000993,338,302,36
S01000994,424,331,93
S01000995,295,273,22
S01000996,474,329,145
S01000997,384,352,32
S01000998,286,184,102
S01000999,269,236,33
S01001000,249,162,87
S01001001,222,203,19
S01001002,291,223,68
S01001003,367,337,30
S01001004,297,246,51
S01001005,352,296,56
S01001006,296,262,34
S01001007,358,222,136
S01001008,385,263,122
S01001009,300,249,51
S01001010,463,227,236
S01001011,224,213,11
S01001012,315,282,33
S01001013,361,236,125
S01001014,439,175,264
S01001015,293,175,118
S01001016,398,308,90
S01001017,319,190,129
S01001018,414,234,180
S01001019,455,179,276
S01001020,238,122,116
S01001021,406,270,136
S01001022,356,244,112
S01001023,400,368,32
S01001024,327,256,71
S01001025,402,335,67
S01001026,340,292,48
S01001027,392,298,94
S01001028,318,176,142
S01001029,319,151,168
S01001030,325,293,32
S01001031,395,251,144
S01001032,351,155,196
S01001033,241,139,102
S01001034,368,149,219
S01001035,198,118,80
S01001036,242,135,107
S01001037,445,214,231
S01001038,278,247,31
S01001039,227,216,11
S01001040,246,217,29
S01001041,204,195,9
S01001042,364,339,25
S01001043,266,234,32
S01001044,453,371,82
S01001045,236,203,33
S01001046,217,143,74
S01001047,304,274,30
S01001048,260,238,22
S01001049,287,182,105
S01001050,405,352,53
S01001051,302,178,124
S01001052,229,164,65
S01001053,344,284,60
S01001054,271,207,64
S01001055,373,267,106
S01001056,345,225,120
S01001057,262,233,29
S01001058,375,252,123
S01001059,224,157,67
S01001060,324,220,104
S01001061,337,239,98
S01001062,208,191,17
S01001063,324,287,37
S01001064,373,261,112
S01001065,366,245,121
S01001066,299,263,36
S01001067,304,289,15
S01001068,371,349,22
S01001069,349,311,38
S01001070,384,319,65
S01001071,253,223,30
S01001072,303,270,33
S01001073,419,361,58
S01001074,219,197,22
S01001075,386,276,110
S01001076,334,293,41
S01001077,380,284,96
S01001078,341,287,54
S01001079,197,187,10
S01001080,232,165,67
S01001081,256,200,56
S01001082,456,301,155
S01001083,340,235,105
S01001084,362,294,68
S01001085,360,230,130
S01001086,309,155,154
S01001087,234,141,93
S01001088,426,236,190
S01001089,412,287,125
S01001090,424,317,107
S01001091,302,178,124
S01001092,437,239,198
S01001093,352,170,182
S01001094,397,341,56
S01001095,281,131,150
S01001096,403,216,187
S01001097,281,229,52
S01001098,273,244,29
S01001099,528,191,337
S01001100,587,239,348
S01001101,411,144,267
S01001102,151,50,101
S01001103,351,290,61
S01001104,378,141,237
S01001105,329,291,38
S01001106,277,264,13
S01001107,604,281,323
S01001108,333,122,211
S01001109,440,163,277
S01001110,420,160,260
S01001111,498,220,278
S01001112,464,275,189
S01001113,462,157,305
S01001114,497,129,368
S01001115,425,161,264
S01001116,252,118,134
S01001117,278,99,179
S01001118,331,200,131
S01001119,568,308,260
S01001120,351,235,116
S01001121,398,199,199
S01001122,296,129,167
S01001123,415,315,100
S01001124,333,196,137
S01001125,180,94,86
S01001126,402,313,89
S01001127,392,225,167
S01001128,258,249,9
S01001129,511,214,297
S01001130,429,203,226
S01001131,227,103,124
S01001132,339,197,142
S01001133,471,259,212
S01001134,399,348,51
S01001135,223,78,145
S01001136,427,138,289
S01001137,503,152,351
S01001138,530,195,335
S01001139,413,197,216
S01001140,583,237,346
S01001141,218,66,152
S01001142,468,365,103
S01001143,337,308,29
S01001144,314,140,174
S01001145,350,163,187
S01001146,360,312,48
S01001147,351,134,217
S01001148,316,276,40
S01001149,310,175,135
S01001150,384,150,234
S01001151,321,95,226
S01001152,533,228,305
S01001153,362,248,114
S01001154,315,283,32
S01001155,263,234,29
S01001156,406,176,230
S01001157,307,290,17
S01001158,336,135,201
S01001159,355,261,94
S01001160,334,131,203
S01001161,257,181,76
S01001162,371,303,68
S01001163,357,112,245
S01001164,338,145,193
S01001165,389,175,214
S01001166,167,60,107
S01001167,357,323,34
S01001168,398,197,201
S01001169,493,174,319
S01001170,435,153,282
S01001171,285,203,82
S01001172,372,129,243
S01001173,436,197,239
S01001174,325,130,195
S01001175,428,166,262
S01001176,280,195,85
S01001177,388,164,224
S01001178,467,211,256
S01001179,367,342,25
S01001180,456,144,312
S01001181,374,321,53
S01001182,479,222,257
S01001183,525,162,363
S01001184,319,271,48
S01001185,252,232,20
S01001186,292,270,22
S01001187,433,196,237
S01001188,463,179,284
S01001189,549,293,256
S01001190,304,279,25
S01001191,378,165,213
S01001192,589,168,421
S01001193,358,302,56
S01001194,402,355,47
S01001195,486,264,222
S01001196,636,224,412
S01001197,240,125,115
S01001198,320,150,170
S01001199,425,181,244
S01001200,420,156,264
S01001201,324,148,176
S01001202,290,144,146
S01001203,410,157,253
S01001204,316,290,26
S01001205,309,234,75
S01001206,426,198,228
S01001207,293,163,130
S01001208,295,106,189
S01001209,202,171,31
S01001210,412,172,240
S01001211,452,308,144
S01001212,282,105,177
S01001213,392,145,247
S01001214,389,199,190
S01001215,341,256,85
S01001216,411,217,194
S01001217,372,155,217
S01001218,293,269,24
S01001219,211,188,23
S01001220,242,137,105
S01001221,201,186,15
S01001222,396,146,250
S01001223,310,285,25
S01001224,349,151,198
S01001225,403,329,74
S01001226,231,118,113
S01001227,249,228,21
S01001228,345,244,101
S01001229,316,260,56
S01001230,440,129,311
S01001231,308,159,149
S01001232,239,231,8
S01001233,460,191,269
S01001234,209,90,119
S01001235,269,164,105
S01001236,360,188,172
S01001237,239,164,75
S01001238,344,159,185
S01001239,259,89,170
S01001240,333,204,129
S01001241,306,173,133
S01001242,358,302,56
S01001243,109,34,75
S01001244,267,225,42
S01001245,299,130,169
S01001246,398,251,147
S01001247,235,164,71
S01001248,329,315,14
S01001249,276,156,120
S01001250,385,246,139
S01001251,328,136,192
S01001252,238,150,88
S01001253,275,87,188
S01001254,263,153,110
S01001255,338,188,150
S01001256,298,187,111
S01001257,268,167,101
S01001258,202,107,95
S01001259,329,246,83
S01001260,246,97,149
S01001261,437,157,280
S01001262,338,299,39
S01001263,208,151,57
S01001264,186,173,13
S01001265,203,194,9
S01001266,306,237,69
S01001267,481,255,226
S01001268,271,237,34
S01001269,197,165,32
S01001270,332,153,179
S01001271,300,146,154
S01001272,284,188,96
S01001273,364,194,170
S01001274,285,159,126
S01001275,290,151,139
S01001276,170,156,14
S01001277,283,172,111
S01001278,203,172,31
S01001279,291,156,135
S01001280,265,149,116
S01001281,401,189,212
S01001282,334,234,100
S01001283,215,147,68
S01001284,333,247,86
S01001285,265,175,90
S01001286,196,134,62
S01001287,341,200,141
S01001288,408,224,184
S01001289,271,165,106
S01001290,219,156,63
S01001291,155,110,45
S01001292,324,185,139
S01001293,343,217,126
S01001294,312,176,136
S01001295,404,252,152
S01001296,318,171,147
S01001297,313,207,106
S01001298,400,238,162
S01001299,369,236,133
S01001300,352,326,26
S01001301,240,149,91
S01001302,290,234,56
S01001303,222,212,10
S01001304,248,237,11
S01001305,302,205,97
S01001306,309,171,138
S01001307,356,247,109
S01001308,432,229,203
S01001309,301,136,165
S01001310,321,175,146
S01001311,234,177,57
S01001312,345,167,178
S01001313,341,186,155
S01001314,309,246,63
S01001315,360,322,38
S01001316,384,216,168
S01001317,372,266,106
S01001318,228,162,66
S01001319,318,171,147
S01001320,399,228,171
S01001321,220,200,20
S01001322,303,254,49
S01001323,252,188,64
S01001324,381,145,236
S01001325,280,155,125
S01001326,406,269,137
S01001327,345,199,146
S01001328,343,195,148
S01001329,257,149,108
S01001330,358,333,25
S01001331,384,232,152
S01001332,408,245,163
S01001333,449,198,251
S01001334,330,192,138
S01001335,486,241,245
S01001336,379,253,126
S01001337,293,260,33
S01001338,314,169,145
S01001339,293,215,78
S01001340,301,170,131
S01001341,380,199,181
S01001342,402,238,164
S01001343,417,264,153
S01001344,332,270,62
S01001345,312,172,140
S01001346,309,249,60
S01001347,287,274,13
S01001348,348,185,163
S01001349,279,261,18
S01001350,295,177,118
S01001351,234,175,59
S01001352,395,300,95
S01001353,217,211,6
S01001354,358,232,126
S01001355,312,246,66
S01001356,288,255,33
S01001357,394,166,228
S01001358,399,258,141
S01001359,276,238,38
S01001360,402,269,133
S01001361,227,175,52
S01001362,256,223,33
S01001363,353,204,149
S01001364,411,278,133
S01001365,268,164,104
S01001366,378,334,44
S01001367,339,223,116
S01001368,358,344,14
S01001369,446,289,157
S01001370,306,244,62
S01001371,315,181,134
S01001372,281,265,16
S01001373,240,185,55
S01001374,221,187,34
S01001375,248,228,20
S01001376,434,226,208
S01001377,385,186,199
S01001378,283,210,73
S01001379,455,265,190
S01001380,442,246,196
S01001381,375,264,111
S01001382,393,104,289
S01001383,289,192,97
S01001384,400,239,161
S01001385,442,231,211
S01001386,478,227,251
S01001387,338,248,90
S01001388,460,159,301
S01001389,194,139,55
S01001390,319,252,67
S01001391,294,209,85
S01001392,219,89,130
S01001393,230,194,36
S01001394,229,119,110
S01001395,335,255,80
S01001396,293,202,91
S01001397,332,154,178
S01001398,344,313,31
S01001399,394,175,219
S01001400,395,172,223
S01001401,302,164,138
S01001402,331,316,15
S01001403,324,317,7
S01001404,215,210,5
S01001405,313,308,5
S01001406,238,198,40
S01001407,363,282,81
S01001408,395,232,163
S01001409,358,258,100
S01001410,400,341,59
S01001411,210,198,12
S01001412,405,232,173
S01001413,272,259,13
S01001414,327,194,133
S01001415,415,240,175
S01001416,286,183,103
S01001417,372,328,44
S01001418,369,323,46
S01001419,260,218,42
S01001420,216,207,9
S01001421,347,269,78
S01001422,202,193,9
S01001423,343,268,75
S01001424,498,269,229
S01001425,430,235,195
S01001426,296,227,69
S01001427,322,285,37
S01001428,410,254,156
S01001429,333,149,184
S01001430,365,314,51
S01001431,332,313,19
S01001432,249,224,25
S01001433,330,294,36
S01001434,351,295,56
S01001435,378,303,75
S01001436,364,330,34
S01001437,310,284,26
S01001438,248,217,31
S01001439,288,240,48
S01001440,353,304,49
S01001441,336,263,73
S01001442,263,228,35
S01001443,380,298,82
S01001444,370,313,57
S01001445,285,234,51
S01001446,358,304,54
S01001447,279,263,16
S01001448,293,235,58
S01001449,235,216,19
S01001450,326,263,63
S01001451,274,247,27
S01001452,324,285,39
S01001453,306,294,12
S01001454,366,322,44
S01001455,305,250,55
S01001456,302,279,23
S01001457,363,335,28
S01001458,392,323,69
S01001459,337,309,28
S01001460,243,221,22
S01001461,333,305,28
S01001462,345,310,35
S01001463,168,150,18
S01001464,360,317,43
S01001465,245,234,11
S01001466,268,256,12
S01001467,306,288,18
S01001468,237,208,29
S01001469,314,284,30
S01001470,329,318,11
S01001471,257,244,13
S01001472,326,284,42
S01001473,354,262,92
S01001474,396,287,109
S01001475,242,211,31
S01001476,362,340,22
S01001477,352,333,19
S01001478,267,244,23
S01001479,291,205,86
S01001480,200,186,14
S01001481,363,327,36
S01001482,306,198,108
S01001483,333,317,16
S01001484,334,308,26
S01001485,246,236,10
S01001486,316,245,71
S01001487,256,170,86
S01001488,370,336,34
S01001489,290,261,29
S01001490,429,264,165
S01001491,328,304,24
S01001492,424,271,153
S01001493,314,276,38
S01001494,411,255,156
S01001495,239,214,25
S01001496,395,339,56
S01001497,393,225,168
S01001498,260,247,13
S01001499,384,326,58
S01001500,323,170,153
S01001501,357,319,38
S01001502,319,300,19
S01001503,290,267,23
S01001504,443,259,184
S01001505,391,363,28
S01001506,316,218,98
S01001507,302,294,8
S01001508,327,317,10
S01001509,404,248,156
S01001510,312,175,137
S01001511,239,225,14
S01001512,319,154,165
S01001513,378,155,223
S01001514,328,260,68
S01001515,294,253,41
S01001516,290,176,114
S01001517,520,216,304
S01001518,375,254,121
S01001519,428,361,67
S01001520,288,210,78
S01001521,445,351,94
S01001522,461,269,192
S01001523,273,260,13
S01001524,435,274,161
S01001525,334,237,97
S01001526,271,232,39
S01001527,337,229,108
S01001528,333,311,22
S01001529,297,205,92
S01001530,340,215,125
S01001531,437,342,95
S01001532,259,221,38
S01001533,348,312,36
S01001534,246,230,16
S01001535,330,269,61
S01001536,346,201,145
S01001537,260,143,117
S01001538,345,299,46
S01001539,280,263,17
S01001540,255,249,6
S01001541,336,279,57
S01001542,275,246,29
S01001543,291,243,48
S01001544,379,267,112
S01001545,290,280,10
S01001546,419,206,213
S01001547,371,222,149
S01001548,279,255,24
S01001549,366,267,99
S01001550,260,236,24
S01001551,348,302,46
S01001552,341,276,65
S01001553,348,326,22
S01001554,397,339,58
S01001555,324,218,106
S01001556,369,290,79
S01001557,355,341,14
S01001558,342,256,86
S01001559,221,159,62
S01001560,293,191,102
S01001561,289,214,75
S01001562,268,173,95
S01001563,232,209,23
S01001564,250,183,67
S01001565,385,231,154
S01001566,261,210,51
S01001567,404,341,63
S01001568,287,237,50
S01001569,214,195,19
S01001570,174,170,4
S01001571,294,176,118
S01001572,233,177,56
S01001573,261,237,24
S01001574,354,223,131
S01001575,377,244,133
S01001576,276,174,102
S01001577,294,220,74
S01001578,297,214,83
S01001579,318,196,122
S01001580,274,179,95
S01001581,281,236,45
S01001582,259,162,97
S01001583,182,105,77
S01001584,368,215,153
S01001585,472,201,271
S01001586,170,163,7
S01001587,379,200,179
S01001588,318,192,126
S01001589,372,214,158
S01001590,295,221,74
S01001591,289,163,126
S01001592,322,178,144
S01001593,339,232,107
S01001594,459,239,220
S01001595,298,151,147
S01001596,316,248,68
S01001597,343,215,128
S01001598,259,223,36
S01001599,522,306,216
S01001600,568,284,284
S01001601,350,323,27
S01001602,205,158,47
S01001603,358,259,99
S01001604,235,144,91
S01001605,265,196,69
S01001606,230,142,88
S01001607,374,279,95
S01001608,398,324,74
S01001609,357,256,101
S01001610,296,197,99
S01001611,319,300,19
S01001612,330,306,24
S01001613,307,178,129
S01001614,345,189,156
S01001615,348,237,111
S01001616,204,198,6
S01001617,311,177,134
S01001618,409,337,72
S01001619,297,209,88
S01001620,421,220,201
S01001621,286,188,98
S01001622,365,236,129
S01001623,331,238,93
S01001624,424,309,115
S01001625,325,174,151
S01001626,295,244,51
S01001627,308,195,113
S01001628,230,128,102
S01001629,268,190,78
S01001630,283,149,134
S01001631,366,253,113
S01001632,210,205,5
S01001633,361,340,21
S01001634,311,276,35
S01001635,322,255,67
S01001636,202,182,20
S01001637,288,250,38
S01001638,426,295,131
S01001639,344,227,117
S01001640,258,247,11
S01001641,275,194,81
S01001642,433,311,122
S01001643,324,259,65
S01001644,293,231,62
S01001645,374,272,102
S01001646,232,215,17
S01001647,283,222,61
S01001648,304,205,99
S01001649,349,206,143
S01001650,308,219,89
S01001651,403,270,133
S01001652,326,318,8
S01001653,306,183,123
S01001654,251,208,43
S01001655,257,218,39
S01001656,450,339,111
S01001657,206,198,8
S01001658,363,291,72
S01001659,293,256,37
S01001660,315,276,39
S01001661,289,241,48
S01001662,321,207,114
S01001663,308,255,53
S01001664,182,166,16
S01001665,363,276,87
S01001666,272,215,57
S01001667,363,293,70
S01001668,283,253,30
S01001669,342,210,132
S01001670,268,242,26
S01001671,199,189,10
S01001672,264,186,78
S01001673,275,253,22
S01001674,335,217,118
S01001675,292,263,29
S01001676,351,307,44
S01001677,314,305,9
S01001678,320,296,24
S01001679,251,248,3
S01001680,235,231,4
S01001681,241,229,12
S01001682,165,158,7
S01001683,313,287,26
S01001684,209,193,16
S01001685,297,200,97
S01001686,344,322,22
S01001687,474,384,90
S01001688,383,337,46
S01001689,273,264,9
S01001690,215,152,63
S01001691,303,290,13
S01001692,205,154,51
S01001693,254,251,3
S01001694,308,254,54
S01001695,307,288,19
S01001696,309,278,31
S01001697,273,233,40
S01001698,215,168,47
S01001699,196,195,1
S01001700,347,334,13
S01001701,408,287,121
S01001702,413,309,104
S01001703,256,241,15
S01001704,345,334,11
S01001705,217,209,8
S01001706,276,256,20
S01001707,332,194,138
S01001708,363,302,61
S01001709,242,223,19
S01001710,311,257,54
S01001711,279,260,19
S01001712,186,153,33
S01001713,283,268,15
S01001714,262,238,24
S01001715,291,284,7
S01001716,314,202,112
S01001717,290,271,19
S01001718,171,151,20
S01001719,263,243,20
S01001720,227,219,8
S01001721,258,235,23
S01001722,279,228,51
S01001723,274,263,11
S01001724,314,149,165
S01001725,306,194,112
S01001726,228,214,14
S01001727,307,280,27
S01001728,227,213,14
S01001729,376,310,66
S01001730,234,211,23
S01001731,221,204,17
S01001732,220,185,35
S01001733,285,199,86
S01001734,200,183,17
S01001735,176,159,17
S01001736,370,350,20
S01001737,237,199,38
S01001738,209,199,10
S01001739,234,204,30
S01001740,297,247,50
S01001741,246,154,92
S01001742,281,135,146
S01001743,376,200,176
S01001744,195,182,13
S01001745,323,264,59
S01001746,357,310,47
S01001747,373,223,150
S01001748,248,231,17
S01001749,372,223,149
S01001750,302,233,69
S01001751,401,245,156
S01001752,340,324,16
S01001753,307,150,157
S01001754,264,251,13
S01001755,336,283,53
S01001756,316,252,64
S01001757,309,235,74
S01001758,346,248,98
S01001759,326,168,158
S01001760,273,159,114
S01001761,335,152,183
S01001762,462,278,184
S01001763,269,254,15
S01001764,187,174,13
S01001765,442,253,189
S01001766,243,191,52
S01001767,235,185,50
S01001768,251,229,22
S01001769,300,254,46
S01001770,265,123,142
S01001771,308,254,54
S01001772,256,177,79
S01001773,406,252,154
S01001774,261,227,34
S01001775,303,241,62
S01001776,282,164,118
S01001777,317,275,42
S01001778,386,203,183
S01001779,259,209,50
S01001780,382,264,118
S01001781,254,222,32
S01001782,369,293,76
S01001783,257,87,170
S01001784,264,182,82
S01001785,236,219,17
S01001786,210,175,35
S01001787,237,222,15
S01001788,307,281,26
S01001789,207,150,57
S01001790,311,269,42
S01001791,282,260,22
S01001792,285,223,62
S01001793,348,262,86
S01001794,369,287,82
S01001795,231,215,16
S01001796,317,296,21
S01001797,320,205,115
S01001798,341,325,16
S01001799,321,168,153
S01001800,343,315,28
S01001801,321,307,14
S01001802,339,297,42
S01001803,421,385,36
S01001804,452,349,103
S01001805,321,239,82
S01001806,257,223,34
S01001807,350,296,54
S01001808,251,176,75
S01001809,353,95,258
S01001810,381,321,60
S01001811,280,258,22
S01001812,204,192,12
S01001813,277,259,18
S01001814,265,234,31
S01001815,349,297,52
S01001816,413,385,28
S01001817,299,159,140
S01001818,344,303,41
S01001819,405,369,36
S01001820,344,165,179
S01001821,175,130,45
S01001822,495,391,104
S01001823,377,119,258
S01001824,347,208,139
S01001825,350,312,38
S01001826,290,90,200
S01001827,395,194,201
S01001828,261,248,13
S01001829,353,223,130
S01001830,336,304,32
S01001831,350,196,154
S01001832,295,161,134
S01001833,390,350,40
S01001834,282,164,118
S01001835,256,229,27
S01001836,280,232,48
S01001837,372,326,46
S01001838,251,161,90
S01001839,429,200,229
S01001840,284,262,22
S01001841,300,205,95
S01001842,288,275,13
S01001843,364,139,225
S01001844,424,359,65
S01001845,265,256,9
S01001846,322,303,19
S01001847,389,177,212
S01001848,395,157,238
S01001849,243,209,34
S01001850,332,222,110
S01001851,297,271,26
S01001852,300,275,25
S01001853,325,284,41
S01001854,448,251,197
S01001855,289,266,23
S01001856,316,126,190
S01001857,334,205,129
S01001858,332,280,52
S01001859,381,215,166
S01001860,326,292,34
S01001861,430,166,264
S01001862,325,303,22
S01001863,346,308,38
S01001864,355,167,188
S01001865,270,84,186
S01001866,287,256,31
S01001867,213,123,90
S01001868,295,260,35
S01001869,352,292,60
S01001870,324,135,189
S01001871,403,241,162
S01001872,310,224,86
S01001873,291,256,35
S01001874,282,96,186
S01001875,347,312,35
S01001876,468,234,234
S01001877,368,164,204
S01001878,390,358,32
S01001879,370,84,286
S01001880,342,110,232
S01001881,275,244,31
S01001882,334,265,69
S01001883,233,221,12
S01001884,498,194,304
S01001885,425,386,39
S01001886,303,76,227
S01001887,338,249,89
S01001888,355,314,41
S01001889,263,174,89
S01001890,398,248,150
S01001891,313,145,168
S01001892,425,146,279
S01001893,442,161,281
S01001894,326,103,223
S01001895,341,193,148
S01001896,335,271,64
S01001897,410,123,287
S01001898,330,102,228
S01001899,323,229,94
S01001900,324,222,102
S01001901,399,297,102
S01001902,382,326,56
S01001903,240,124,116
S01001904,331,157,174
S01001905,386,290,96
S01001906,206,112,94
S01001907,356,178,178
S01001908,288,254,34
S01001909,336,124,212
S01001910,313,201,112
S01001911,301,250,51
S01001912,356,209,147
S01001913,373,312,61
S01001914,237,204,33
S01001915,363,302,61
S01001916,454,281,173
S01001917,246,218,28
S01001918,573,330,243
S01001919,411,268,143
S01001920,354,193,161
S01001921,301,145,156
S01001922,314,281,33
S01001923,136,79,57
S01001924,338,237,101
S01001925,317,273,44
S01001926,264,135,129
S01001927,403,316,87
S01001928,455,284,171
S01001929,344,287,57
S01001930,431,257,174
S01001931,295,116,179
S01001932,370,240,130
S01001933,365,285,80
S01001934,427,192,235
S01001935,350,98,252
S01001936,480,324,156
S01001937,424,261,163
S01001938,256,170,86
S01001939,252,133,119
S01001940,315,232,83
S01001941,341,286,55
S01001942,288,157,131
S01001943,264,137,127
S01001944,273,206,67
S01001945,322,261,61
S01001946,317,98,219
S01001947,389,315,74
S01001948,313,111,202
S01001949,315,152,163
S01001950,512,240,272
S01001951,451,188,263
S01001952,284,224,60
S01001953,350,234,116
S01001954,204,149,55
S01001955,372,166,206
S01001956,316,154,162
S01001957,155,75,80
S01001958,470,188,282
S01001959,266,180,86
S01001960,361,269,92
S01001961,461,325,136
S01001962,351,235,116
S01001963,417,210,207
S01001964,389,304,85
S01001965,430,184,246
S01001966,369,108,261
S01001967,324,208,116
S01001968,430,278,152
S01001969,317,159,158
S01001970,256,234,22
S01001971,437,131,306
S01001972,339,221,118
S01001973,304,198,106
S01001974,338,248,90
S01001975,405,240,165
S01001976,324,180,144
S01001977,405,161,244
S01001978,370,143,227
S01001979,265,192,73
S01001980,353,217,136
S01001981,362,238,124
S01001982,162,41,121
S01001983,342,220,122
S01001984,289,125,164
S01001985,327,220,107
S01001986,377,247,130
S01001987,283,183,100
S01001988,352,260,92
S01001989,387,292,95
S01001990,378,285,93
S01001991,311,228,83
S01001992,319,235,84
S01001993,281,229,52
S01001994,400,254,146
S01001995,323,259,64
S01001996,354,211,143
S01001997,387,207,180
S01001998,312,233,79
S01001999,261,156,105
S01002000,347,217,130
S01002001,552,218,334
S01002002,255,179,76
S01002003,350,252,98
S01002004,443,254,189
S01002005,459,188,271
S01002006,353,301,52
S01002007,654,294,360
S01002008,404,281,123
S01002009,377,223,154
S01002010,197,144,53
S01002011,426,384,42
S01002012,350,201,149
S01002013,362,202,160
S01002014,318,201,117
S01002015,330,279,51
S01002016,314,192,122
S01002017,441,162,279
S01002018,342,265,77
S01002019,267,178,89
S01002020,180,83,97
S01002021,538,227,311
S01002022,303,244,59
S01002023,335,210,125
S01002024,323,194,129
S01002025,559,245,314
S01002026,299,228,71
S01002027,479,193,286
S01002028,325,152,173
S01002029,278,161,117
S01002030,469,209,260
S01002031,409,172,237
S01002032,333,212,121
S01002033,500,179,321
S01002034,350,157,193
S01002035,310,236,74
S01002036,564,206,358
S01002037,299,137,162
S01002038,216,146,70
S01002039,270,211,59
S01002040,295,137,158
S01002041,411,214,197
S01002042,507,274,233
S01002043,364,237,127
S01002044,306,112,194
S01002045,377,268,109
S01002046,379,137,242
S01002047,324,139,185
S01002048,296,137,159
S01002049,550,235,315
S01002050,284,225,59
S01002051,384,164,220
S01002052,475,188,287
S01002053,295,145,150
S01002054,290,181,109
S01002055,309,286,23
S01002056,455,268,187
S01002057,384,296,88
S01002058,440,141,299
S01002059,401,125,276
S01002060,327,119,208
S01002061,360,125,235
S01002062,294,146,148
S01002063,446,170,276
S01002064,442,230,212
S01002065,303,172,131
S01002066,380,92,288
S01002067,417,249,168
S01002068,556,187,369
S01002069,274,196,78
S01002070,364,158,206
S01002071,272,122,150
S01002072,502,358,144
S01002073,401,117,284
S01002074,282,238,44
S01002075,525,288,237
S01002076,411,129,282
S01002077,352,303,49
S01002078,401,328,73
S01002079,469,169,300
S01002080,389,332,57
S01002081,368,158,210
S01002082,511,377,134
S01002083,298,129,169
S01002084,294,147,147
S01002085,276,101,175
S01002086,283,91,192
S01002087,543,153,390
S01002088,361,270,91
S01002089,436,352,84
S01002090,474,343,131
S01002091,422,148,274
S01002092,334,287,47
S01002093,407,121,286
S01002094,356,214,142
S01002095,267,215,52
S01002096,321,280,41
S01002097,306,275,31
S01002098,330,202,128
S01002099,390,254,136
S01002100,262,192,70
S01002101,491,137,354
S01002102,337,167,170
S01002103,300,255,45
S01002104,475,136,339
S01002105,378,344,34
S01002106,381,120,261
S01002107,216,179,37
S01002108,409,138,271
S01002109,400,166,234
S01002110,326,274,52
S01002111,436,371,65
S01002112,447,333,114
S01002113,327,276,51
S01002114,267,249,18
S01002115,482,353,129
S01002116,308,193,115
S01002117,381,119,262
S01002118,448,115,333
S01002119,301,137,164
S01002120,320,272,48
S01002121,308,189,119
S01002122,362,337,25
S01002123,383,362,21
S01002124,303,254,49
S01002125,458,323,135
S01002126,244,208,36
S01002127,311,211,100
S01002128,394,196,198
S01002129,389,144,245
S01002130,229,199,30
S01002131,341,122,219
S01002132,368,229,139
S01002133,612,416,196
S01002134,254,216,38
S01002135,341,306,35
S01002136,333,253,80
S01002137,383,268,115
S01002138,367,168,199
S01002139,282,212,70
S01002140,431,176,255
S01002141,287,180,107
S01002142,442,342,100
S01002143,381,230,151
S01002144,324,300,24
S01002145,484,400,84
S01002146,509,296,213
S01002147,423,228,195
S01002148,347,320,27
S01002149,540,247,293
S01002150,332,204,128
S01002151,648,297,351
S01002152,390,312,78
S01002153,235,183,52
S01002154,429,183,246
S01002155,501,170,331
S01002156,372,230,142
S01002157,369,311,58
S01002158,425,347,78
S01002159,378,215,163
S01002160,458,179,279
S01002161,324,166,158
S01002162,422,323,99
S01002163,633,296,337
S01002164,347,239,108
S01002165,404,323,81
S01002166,366,266,100
S01002167,304,161,143
S01002168,628,316,312
S01002169,417,261,156
S01002170,445,209,236
S01002171,282,191,91
S01002172,306,252,54
S01002173,536,360,176
S01002174,508,273,235
S01002175,570,300,270
S01002176,358,285,73
S01002177,455,307,148
S01002178,548,316,232
S01002179,286,235,51
S01002180,234,146,88
S01002181,449,251,198
S01002182,337,224,113
S01002183,514,207,307
S01002184,335,290,45
S01002185,456,165,291
S01002186,382,218,164
S01002187,451,297,154
S01002188,351,275,76
S01002189,399,182,217
S01002190,364,192,172
S01002191,417,153,264
S01002192,390,221,169
S01002193,353,297,56
S01002194,325,187,138
S01002195,577,310,267
S01002196,294,231,63
S01002197,342,188,154
S01002198,499,189,310
S01002199,359,208,151
S01002200,340,309,31
S01002201,506,329,177
S01002202,311,201,110
S01002203,232,131,101
S01002204,405,135,270
S01002205,407,273,134
S01002206,321,159,162
S01002207,352,286,66
S01002208,280,180,100
S01002209,568,255,313
S01002210,350,223,127
S01002211,336,105,231
S01002212,552,226,326
S01002213,311,229,82
S01002214,433,269,164
S01002215,408,315,93
S01002216,510,202,308
S01002217,514,217,297
S01002218,288,177,111
S01002219,304,257,47
S01002220,298,283,15
S01002221,497,178,319
S01002222,331,294,37
S01002223,296,242,54
S01002224,302,276,26
S01002225,369,221,148
S01002226,502,322,180
S01002227,450,181,269
S01002228,404,335,69
S01002229,331,275,56
S01002230,507,273,234
S01002231,452,288,164
S01002232,327,146,181
S01002233,539,207,332
S01002234,489,204,285
S01002235,583,325,258
S01002236,388,204,184
S01002237,476,338,138
S01002238,325,102,223
S01002239,428,154,274
S01002240,391,170,221
S01002241,398,162,236
S01002242,336,276,60
S01002243,343,180,163
S01002244,405,190,215
S01002245,459,322,137
S01002246,505,205,300
S01002247,363,155,208
S01002248,508,380,128
S01002249,484,166,318
S01002250,439,286,153
S01002251,296,261,35
S01002252,254,236,18
S01002253,472,229,243
S01002254,508,218,290
S01002255,669,284,385
S01002256,429,362,67
S01002257,283,187,96
S01002258,393,135,258
S01002259,248,159,89
S01002260,356,333,23
S01002261,385,301,84
S01002262,342,272,70
S01002263,347,316,31
S01002264,395,259,136
S01002265,423,140,283
S01002266,345,158,187
S01002267,417,188,229
S01002268,286,250,36
S01002269,482,291,191
S01002270,470,200,270
S01002271,398,288,110
S01002272,244,192,52
S01002273,400,185,215
S01002274,419,189,230
S01002275,430,171,259
S01002276,304,287,17
S01002277,359,185,174
S01002278,475,157,318
S01002279,427,141,286
S01002280,342,261,81
S01002281,284,77,207
S01002282,175,37,138
S01002283,306,219,87
S01002284,400,262,138
S01002285,463,142,321
S01002286,366,261,105
S01002287,354,252,102
S01002288,396,254,142
S01002289,457,156,301
S01002290,441,168,273
S01002291,452,84,368
S01002292,458,207,251
S01002293,351,240,111
S01002294,262,218,44
S01002295,341,300,41
S01002297,416,249,167
S01002298,273,216,57
S01002299,322,282,40
S01002300,350,277,73
S01002301,338,235,103
S01002302,270,131,139
S01002303,371,192,179
S01002304,477,287,190
S01002305,460,187,273
S01002306,219,119,100
S01002307,393,260,133
S01002308,477,364,113
S01002309,376,145,231
S01002310,504,163,341
S01002311,238,208,30
S01002312,321,107,214
S01002313,283,247,36
S01002314,423,295,128
S01002315,230,178,52
S01002316,276,256,20
S01002317,472,301,171
S01002318,437,188,249
S01002319,573,196,377
S01002320,309,232,77
S01002321,460,88,372
S01002322,371,215,156
S01002323,377,210,167
S01002324,376,120,256
S01002325,287,141,146
S01002326,475,219,256
S01002327,288,233,55
S01002328,330,264,66
S01002329,275,226,49
S01002330,320,228,92
S01002331,295,183,112
S01002332,321,309,12
S01002333,300,273,27
S01002334,335,283,52
S01002335,439,355,84
S01002336,364,326,38
S01002337,364,327,37
S01002338,260,119,141
S01002339,258,175,83
S01002340,240,181,59
S01002341,247,155,92
S01002342,237,167,70
S01002343,305,235,70
S01002344,203,152,51
S01002345,299,223,76
S01002346,412,307,105
S01002347,318,257,61
S01002348,409,302,107
S01002349,432,271,161
S01002350,433,326,107
S01002351,297,222,75
S01002352,347,251,96
S01002353,296,227,69
S01002354,322,261,61
S01002355,385,227,158
S01002356,422,225,197
S01002357,293,188,105
S01002358,232,178,54
S01002359,413,241,172
S01002360,329,179,150
S01002361,249,176,73
S01002362,285,212,73
S01002363,387,286,101
S01002364,322,177,145
S01002365,228,170,58
S01002366,233,179,54
S01002367,342,277,65
S01002368,334,267,67
S01002369,225,150,75
S01002370,289,196,93
S01002371,258,198,60
S01002372,324,231,93
S01002373,266,191,75
S01002374,338,211,127
S01002375,372,264,108
S01002376,365,258,107
S01002377,375,231,144
S01002378,215,189,26
S01002379,364,249,115
S01002380,266,204,62
S01002381,313,227,86
S01002382,271,157,114
S01002383,191,177,14
S01002384,232,165,67
S01002385,336,227,109
S01002386,392,326,66
S01002387,263,214,49
S01002388,265,257,8
S01002389,263,254,9
S01002390,282,238,44
S01002391,343,323,20
S01002392,362,310,52
S01002393,219,180,39
S01002394,292,224,68
S01002395,296,257,39
S01002396,316,245,71
S01002397,338,310,28
S01002398,372,332,40
S01002399,438,259,179
S01002400,365,344,21
S01002401,331,325,6
S01002402,355,226,129
S01002403,314,204,110
S01002404,360,313,47
S01002405,305,280,25
S01002406,332,202,130
S01002407,282,206,76
S01002408,374,239,135
S01002409,300,253,47
S01002410,217,194,23
S01002411,266,203,63
S01002412,377,345,32
S01002413,282,219,63
S01002414,277,134,143
S01002415,299,196,103
S01002416,228,205,23
S01002417,301,248,53
S01002418,401,261,140
S01002419,213,190,23
S01002420,256,162,94
S01002421,341,325,16
S01002422,259,218,41
S01002423,338,206,132
S01002424,378,268,110
S01002425,347,259,88
S01002426,424,214,210
S01002427,373,268,105
S01002428,221,155,66
S01002429,534,170,364
S01002430,230,171,59
S01002431,332,226,106
S01002432,307,259,48
S01002433,271,146,125
S01002434,435,257,178
S01002435,314,229,85
S01002436,375,202,173
S01002437,274,181,93
S01002438,278,185,93
S01002439,345,233,112
S01002440,416,265,151
S01002441,285,237,48
S01002442,256,161,95
S01002443,267,169,98
S01002444,253,119,134
S01002445,316,177,139
S01002446,331,290,41
S01002447,263,175,88
S01002448,197,130,67
S01002449,166,153,13
S01002450,401,222,179
S01002451,403,330,73
S01002452,243,140,103
S01002453,307,248,59
S01002454,319,258,61
S01002455,224,180,44
S01002456,433,226,207
S01002457,314,212,102
S01002458,371,202,169
S01002459,309,175,134
S01002460,395,188,207
S01002461,161,159,2
S01002462,353,196,157
S01002463,470,253,217
S01002464,244,152,92
S01002465,215,195,20
S01002466,434,276,158
S01002467,228,153,75
S01002468,307,160,147
S01002469,276,188,88
S01002470,348,227,121
S01002471,220,149,71
S01002472,303,146,157
S01002473,421,216,205
S01002474,270,158,112
S01002475,242,160,82
S01002476,369,300,69
S01002477,401,246,155
S01002478,370,272,98
S01002479,314,165,149
S01002480,280,147,133
S01002481,424,264,160
S01002482,422,213,209
S01002483,395,161,234
S01002484,375,202,173
S01002485,356,321,35
S01002486,292,135,157
S01002487,222,139,83
S01002488,363,150,213
S01002489,273,119,154
S01002490,271,172,99
S01002491,243,130,113
S01002492,265,215,50
S01002493,413,313,100
S01002494,266,244,22
S01002495,294,153,141
S01002496,276,197,79
S01002497,390,227,163
S01002498,245,231,14
S01002499,474,258,216
S01002500,301,158,143
S01002501,224,182,42
S01002502,383,203,180
S01002503,277,190,87
S01002504,376,284,92
S01002505,385,183,202
S01002506,336,244,92
S01002507,358,175,183
S01002508,378,325,53
S01002509,431,314,117
S01002510,442,353,89
S01002511,222,178,44
S01002512,309,152,157
S01002513,341,302,39
S01002514,313,172,141
S01002515,322,170,152
S01002516,345,249,96
S01002517,261,177,84
S01002518,288,233,55
S01002519,469,179,290
S01002520,259,100,159
S01002521,286,182,104
S01002522,266,236,30
S01002523,287,264,23
S01002524,318,258,60
S01002525,347,193,154
S01002526,189,183,6
S01002527,301,275,26
S01002528,310,270,40
S01002529,377,189,188
S01002530,325,198,127
S01002531,333,230,103
S01002532,325,205,120
S01002533,320,192,128
S01002534,377,257,120
S01002535,228,151,77
S01002536,249,113,136
S01002537,210,128,82
S01002538,376,346,30
S01002539,416,210,206
S01002540,248,113,135
S01002541,415,319,96
S01002542,261,210,51
S01002543,290,131,159
S01002544,342,238,104
S01002545,302,185,117
S01002546,287,214,73
S01002547,256,211,45
S01002548,450,313,137
S01002549,212,204,8
S01002550,196,184,12
S01002551,264,178,86
S01002552,238,160,78
S01002553,380,241,139
S01002554,216,206,10
S01002555,334,228,106
S01002556,283,178,105
S01002557,365,242,123
S01002558,218,141,77
S01002559,283,257,26
S01002560,229,149,80
S01002561,293,220,73
S01002562,281,204,77
S01002563,331,292,39
S01002564,246,229,17
S01002565,374,327,47
S01002566,267,259,8
S01002567,201,196,5
S01002568,316,264,52
S01002569,400,321,79
S01002570,235,184,51
S01002571,241,159,82
S01002572,253,218,35
S01002573,220,171,49
S01002574,408,243,165
S01002575,280,221,59
S01002576,332,287,45
S01002577,408,192,216
S01002578,296,283,13
S01002579,390,354,36
S01002580,338,185,153
S01002581,264,257,7
S01002582,325,185,140
S01002583,269,213,56
S01002584,258,209,49
S01002585,399,279,120
S01002586,227,182,45
S01002587,301,264,37
S01002588,311,283,28
S01002589,339,293,46
S01002590,305,271,34
S01002591,270,157,113
S01002592,373,225,148
S01002593,326,211,115
S01002594,258,245,13
S01002595,284,199,85
S01002596,284,262,22
S01002597,193,126,67
S01002598,390,296,94
S01002599,239,160,79
S01002600,324,299,25
S01002601,292,179,113
S01002602,214,166,48
S01002603,365,207,158
S01002604,393,360,33
S01002605,260,158,102
S01002606,218,158,60
S01002607,355,247,108
S01002608,208,191,17
S01002609,381,228,153
S01002610,381,285,96
S01002611,298,249,49
S01002612,362,309,53
S01002613,403,342,61
S01002614,406,324,82
S01002615,188,160,28
S01002616,230,219,11
S01002617,405,237,168
S01002618,395,189,206
S01002619,309,246,63
S01002620,421,243,178
S01002621,245,230,15
S01002622,325,321,4
S01002623,269,254,15
S01002624,283,256,27
S01002625,317,302,15
S01002626,272,184,88
S01002627,393,367,26
S01002628,287,261,26
S01002629,348,284,64
S01002630,320,203,117
S01002631,331,299,32
S01002632,243,194,49
S01002633,381,309,72
S01002634,333,270,63
S01002635,258,220,38
S01002636,243,174,69
S01002637,336,226,110
S01002638,315,182,133
S01002639,366,333,33
S01002640,319,265,54
S01002641,356,324,32
S01002642,281,158,123
S01002643,281,157,124
S01002644,316,234,82
S01002645,285,176,109
S01002646,350,235,115
S01002647,403,197,206
S01002648,310,276,34
S01002649,312,176,136
S01002650,283,255,28
S01002651,276,175,101
S01002652,274,240,34
S01002653,353,204,149
S01002654,372,206,166
S01002655,337,157,180
S01002656,362,152,210
S01002657,377,287,90
S01002658,544,345,199
S01002659,385,332,53
S01002660,363,219,144
S01002661,352,272,80
S01002662,346,235,111
S01002663,279,240,39
S01002664,353,327,26
S01002665,323,237,86
S01002666,373,301,72
S01002667,310,165,145
S01002668,223,182,41
S01002669,462,283,179
S01002670,237,219,18
S01002671,519,314,205
S01002672,295,149,146
S01002673,286,172,114
S01002674,340,266,74
S01002675,411,357,54
S01002676,339,259,80
S01002677,524,279,245
S01002678,341,321,20
S01002679,543,267,276
S01002680,509,320,189
S01002681,351,244,107
S01002682,238,140,98
S01002683,261,225,36
S01002684,390,221,169
S01002685,469,225,244
S01002686,387,317,70
S01002687,352,263,89
S01002688,263,244,19
S01002689,273,254,19
S01002690,240,210,30
S01002691,406,384,22
S01002692,343,283,60
S01002693,169,142,27
S01002694,284,182,102
S01002695,247,228,19
S01002696,332,240,92
S01002697,354,309,45
S01002698,311,225,86
S01002699,226,135,91
S01002700,346,188,158
S01002701,333,321,12
S01002702,306,145,161
S01002703,371,263,108
S01002704,305,208,97
S01002705,361,204,157
S01002706,366,199,167
S01002707,349,207,142
S01002708,313,218,95
S01002709,336,161,175
S01002710,241,193,48
S01002711,363,230,133
S01002712,335,222,113
S01002713,468,198,270
S01002714,410,225,185
S01002715,409,235,174
S01002716,228,216,12
S01002717,363,268,95
S01002718,393,190,203
S01002719,306,206,100
S01002720,319,295,24
S01002721,363,192,171
S01002722,338,232,106
S01002723,317,196,121
S01002724,415,246,169
S01002725,407,300,107
S01002726,352,250,102
S01002727,396,369,27
S01002728,386,259,127
S01002729,380,354,26
S01002730,419,263,156
S01002731,360,223,137
S01002732,346,219,127
S01002733,295,193,102
S01002734,473,263,210
S01002735,535,342,193
S01002736,295,238,57
S01002737,404,284,120
S01002738,275,198,77
S01002739,313,273,40
S01002740,203,182,21
S01002741,476,316,160
S01002742,402,229,173
S01002743,319,142,177
S01002744,251,207,44
S01002745,284,148,136
S01002746,358,269,89
S01002747,270,162,108
S01002748,342,182,160
S01002749,320,176,144
S01002750,387,231,156
S01002751,434,237,197
S01002752,247,151,96
S01002753,254,242,12
S01002754,259,197,62
S01002755,347,157,190
S01002756,428,243,185
S01002757,241,179,62
S01002758,322,166,156
S01002759,287,178,109
S01002760,241,143,98
S01002761,438,217,221
S01002762,317,150,167
S01002763,374,217,157
S01002764,279,138,141
S01002765,396,163,233
S01002766,480,226,254
S01002767,398,334,64
S01002768,378,260,118
S01002769,347,221,126
S01002770,284,178,106
S01002771,351,171,180
S01002772,397,351,46
S01002773,413,242,171
S01002774,387,196,191
S01002775,288,175,113
S01002776,267,176,91
S01002777,465,274,191
S01002778,388,162,226
S01002779,309,132,177
S01002780,386,201,185
S01002781,397,249,148
S01002782,440,225,215
S01002783,352,224,128
S01002784,217,139,78
S01002785,281,174,107
S01002786,268,230,38
S01002787,305,217,88
S01002788,300,259,41
S01002789,302,277,25
S01002790,423,203,220
S01002791,261,135,126
S01002792,420,307,113
S01002793,426,199,227
S01002794,336,230,106
S01002795,260,240,20
S01002796,238,199,39
S01002797,314,285,29
S01002798,241,157,84
S01002799,325,166,159
S01002800,285,266,19
S01002801,391,230,161
S01002802,247,240,7
S01002803,372,267,105
S01002804,239,143,96
S01002805,399,233,166
S01002806,269,171,98
S01002807,323,168,155
S01002808,375,208,167
S01002809,332,201,131
S01002810,469,323,146
S01002811,426,304,122
S01002812,256,202,54
S01002813,340,167,173
S01002814,326,241,85
S01002815,368,173,195
S01002816,219,149,70
S01002817,250,153,97
S01002818,258,177,81
S01002819,351,172,179
S01002820,350,202,148
S01002821,474,294,180
S01002822,322,203,119
S01002823,412,195,217
S01002824,342,242,100
S01002825,449,275,174
S01002826,252,146,106
S01002827,295,197,98
S01002828,273,199,74
S01002829,425,219,206
S01002830,306,177,129
S01002831,341,247,94
S01002832,310,241,69
S01002833,390,375,15
S01002834,384,243,141
S01002835,360,242,118
S01002836,234,165,69
S01002837,334,158,176
S01002838,266,152,114
S01002839,263,144,119
S01002840,306,227,79
S01002841,243,227,16
S01002842,324,144,180
S01002843,318,162,156
S01002844,275,227,48
S01002845,360,227,133
S01002846,391,299,92
S01002847,406,295,111
S01002848,343,232,111
S01002849,415,320,95
S01002850,421,268,153
S01002851,229,185,44
S01002852,396,240,156
S01002853,200,96,104
S01002854,347,224,123
S01002855,240,134,106
S01002856,410,203,207
S01002857,212,172,40
S01002858,200,181,19
S01002859,343,198,145
S01002860,377,284,93
S01002861,418,311,107
S01002862,256,177,79
S01002863,321,197,124
S01002864,253,156,97
S01002865,357,255,102
S01002866,501,254,247
S01002867,212,179,33
S01002868,336,173,163
S01002869,242,153,89
S01002870,385,289,96
S01002871,259,193,66
S01002872,294,168,126
S01002873,341,229,112
S01002874,388,242,146
S01002875,301,165,136
S01002876,285,156,129
S01002877,347,214,133
S01002878,229,185,44
S01002879,367,264,103
S01002880,218,181,37
S01002881,443,278,165
S01002882,447,233,214
S01002883,433,296,137
S01002884,377,250,127
S01002885,282,246,36
S01002886,281,200,81
S01002887,253,158,95
S01002888,305,246,59
S01002889,342,224,118
S01002890,319,198,121
S01002891,315,236,79
S01002892,303,190,113
S01002893,341,198,143
S01002894,292,252,40
S01002895,332,166,166
S01002896,323,223,100
S01002897,317,157,160
S01002898,487,357,130
S01002899,192,183,9
S01002900,296,188,108
S01002901,351,246,105
S01002902,353,247,106
S01002903,422,224,198
S01002904,287,220,67
S01002905,348,249,99
S01002906,339,247,92
S01002907,285,184,101
S01002908,345,312,33
S01002909,308,243,65
S01002910,331,211,120
S01002911,351,238,113
S01002912,402,366,36
S01002913,325,309,16
S01002914,314,159,155
S01002915,413,305,108
S01002916,364,203,161
S01002917,292,236,56
S01002918,365,309,56
S01002919,367,221,146
S01002920,302,199,103
S01002921,309,250,59
S01002922,242,172,70
S01002923,321,231,90
S01002924,311,254,57
S01002925,390,311,79
S01002926,334,234,100
S01002927,337,223,114
S01002928,236,217,19
S01002929,295,211,84
S01002930,234,205,29
S01002931,293,213,80
S01002932,262,251,11
S01002933,401,286,115
S01002934,395,282,113
S01002935,354,256,98
S01002936,255,253,2
S01002937,271,203,68
S01002938,349,214,135
S01002939,213,195,18
S01002940,228,184,44
S01002941,411,355,56
S01002942,219,178,41
S01002943,227,201,26
S01002944,417,333,84
S01002945,253,213,40
S01002946,266,254,12
S01002947,204,168,36
S01002948,343,283,60
S01002949,207,194,13
S01002950,298,255,43
S01002951,410,340,70
S01002952,265,227,38
S01002953,432,324,108
S01002954,364,308,56
S01002955,443,369,74
S01002956,328,248,80
S01002957,382,334,48
S01002958,216,208,8
S01002959,416,358,58
S01002960,284,253,31
S01002961,321,255,66
S01002962,250,188,62
S01002963,343,247,96
S01002964,364,310,54
S01002965,357,312,45
S01002966,239,200,39
S01002967,350,303,47
S01002968,304,277,27
S01002969,386,352,34
S01002970,234,212,22
S01002971,422,386,36
S01002972,457,278,179
S01002973,382,287,95
S01002974,209,203,6
S01002975,293,182,111
S01002976,453,218,235
S01002977,327,227,100
S01002978,466,391,75
S01002979,290,242,48
S01002980,345,208,137
S01002981,335,296,39
S01002982,291,258,33
S01002983,384,211,173
S01002984,339,269,70
S01002985,269,231,38
S01002986,335,194,141
S01002987,307,182,125
S01002988,310,275,35
S01002989,487,242,245
S01002990,229,145,84
S01002991,329,314,15
S01002992,288,206,82
S01002993,268,238,30
S01002994,356,223,133
S01002995,222,115,107
S01002996,310,184,126
S01002997,310,160,150
S01002998,329,274,55
S01002999,219,143,76
S01003000,281,250,31
S01003001,270,204,66
S01003002,376,245,131
S01003003,256,233,23
S01003004,234,178,56
S01003005,226,212,14
S01003006,317,271,46
S01003007,302,241,61
S01003008,168,160,8
S01003009,245,166,79
S01003010,249,226,23
S01003011,179,168,11
S01003012,410,377,33
S01003013,241,223,18
S01003014,267,247,20
S01003015,310,268,42
S01003016,189,174,15
S01003017,303,218,85
S01003018,362,285,77
S01003019,338,228,110
S01003020,288,176,112
S01003021,277,226,51
S01003022,409,309,100
S01003023,313,271,42
S01003024,307,206,101
S01003025,314,257,57
S01003026,283,153,130
S01003027,421,382,39
S01003028,365,118,247
S01003029,359,115,244
S01003030,376,121,255
S01003032,211,55,156
S01003033,246,73,173
S01003034,366,293,73
S01003035,317,130,187
S01003036,414,88,326
S01003037,295,235,60
S01003038,296,273,23
S01003039,408,127,281
S01003040,415,146,269
S01003041,262,238,24
S01003042,269,65,204
S01003043,253,45,208
S01003044,372,89,283
S01003045,375,105,270
S01003046,306,156,150
S01003047,463,118,345
S01003048,247,65,182
S01003049,276,75,201
S01003050,261,228,33
S01003051,394,195,199
S01003052,341,89,252
S01003053,373,246,127
S01003054,352,211,141
S01003055,410,135,275
S01003056,410,102,308
S01003057,285,177,108
S01003058,357,120,237
S01003059,326,237,89
S01003060,275,94,181
S01003061,291,256,35
S01003062,373,209,164
S01003063,323,219,104
S01003064,440,143,297
S01003065,559,304,255
S01003066,332,291,41
S01003067,231,191,40
S01003068,385,303,82
S01003069,267,154,113
S01003070,347,182,165
S01003071,278,238,40
S01003072,464,170,294
S01003073,303,221,82
S01003074,259,248,11
S01003075,301,187,114
S01003076,518,104,414
S01003077,506,203,303
S01003078,298,182,116
S01003079,343,265,78
S01003080,347,233,114
S01003081,331,296,35
S01003082,233,90,143
S01003083,476,219,257
S01003084,411,139,272
S01003085,417,315,102
S01003086,214,190,24
S01003087,277,165,112
S01003088,415,108,307
S01003089,212,195,17
S01003090,342,188,154
S01003091,257,174,83
S01003092,327,182,145
S01003093,508,185,323
S01003094,440,266,174
S01003095,265,259,6
S01003096,268,224,44
S01003097,111,41,70
S01003098,682,260,422
S01003099,220,95,125
S01003100,387,181,206
S01003101,230,94,136
S01003102,291,233,58
S01003103,272,232,40
S01003104,586,200,386
S01003105,311,188,123
S01003106,276,217,59
S01003107,307,113,194
S01003108,463,184,279
S01003109,370,317,53
S01003110,306,253,53
S01003111,359,153,206
S01003112,410,300,110
S01003113,279,222,57
S01003114,345,238,107
S01003115,239,158,81
S01003116,562,233,329
S01003117,466,208,258
S01003118,276,67,209
S01003119,275,165,110
S01003120,412,353,59
S01003121,371,127,244
S01003122,324,156,168
S01003123,390,291,99
S01003124,491,298,193
S01003125,439,232,207
S01003126,111,20,91
S01003127,333,214,119
S01003128,513,193,320
S01003129,626,366,260
S01003130,413,207,206
S01003131,438,266,172
S01003132,394,100,294
S01003133,571,448,123
S01003134,328,110,218
S01003135,343,148,195
S01003136,374,209,165
S01003137,354,186,168
S01003138,623,200,423
S01003139,579,366,213
S01003140,406,137,269
S01003141,455,317,138
S01003142,414,105,309
S01003143,461,244,217
S01003144,405,189,216
S01003145,333,178,155
S01003146,433,228,205
S01003147,420,211,209
S01003148,296,167,129
S01003149,607,337,270
S01003150,386,97,289
S01003151,348,210,138
S01003152,495,210,285
S01003153,284,233,51
S01003154,491,250,241
S01003155,395,376,19
S01003156,498,266,232
S01003157,582,235,347
S01003158,286,43,243
S01003159,104,30,74
S01003160,302,103,199
S01003161,250,122,128
S01003162,297,141,156
S01003163,298,233,65
S01003164,329,221,108
S01003165,504,224,280
S01003166,421,219,202
S01003167,310,128,182
S01003168,521,286,235
S01003169,390,302,88
S01003170,311,274,37
S01003171,180,172,8
S01003172,361,153,208
S01003173,245,106,139
S01003174,392,174,218
S01003175,460,131,329
S01003176,440,226,214
S01003177,442,308,134
S01003178,317,81,236
S01003179,303,101,202
S01003180,250,211,39
S01003181,338,141,197
S01003182,331,102,229
S01003183,326,127,199
S01003184,360,100,260
S01003185,266,86,180
S01003186,390,327,63
S01003187,451,262,189
S01003188,460,149,311
S01003189,447,159,288
S01003190,416,109,307
S01003191,278,95,183
S01003192,514,161,353
S01003193,252,175,77
S01003194,371,125,246
S01003195,295,248,47
S01003196,393,346,47
S01003197,304,230,74
S01003198,449,157,292
S01003199,333,210,123
S01003200,416,132,284
S01003201,115,32,83
S01003202,193,28,165
S01003203,423,215,208
S01003204,376,181,195
S01003205,365,141,224
S01003206,424,126,298
S01003207,313,178,135
S01003208,442,92,350
S01003209,255,151,104
S01003210,349,271,78
S01003211,243,174,69
S01003212,268,216,52
S01003213,248,119,129
S01003214,354,169,185
S01003215,412,179,233
S01003216,349,161,188
S01003217,396,71,325
S01003218,333,183,150
S01003219,344,184,160
S01003220,270,168,102
S01003221,418,157,261
S01003222,271,164,107
S01003223,477,131,346
S01003224,299,258,41
S01003225,444,97,347
S01003226,329,112,217
S01003227,361,180,181
S01003228,394,168,226
S01003229,349,330,19
S01003230,369,195,174
S01003231,447,188,259
S01003232,425,121,304
S01003233,344,306,38
S01003234,339,294,45
S01003235,366,195,171
S01003236,264,152,112
S01003237,421,179,242
S01003238,342,190,152
S01003239,448,224,224
S01003240,331,217,114
S01003241,354,235,119
S01003242,498,281,217
S01003243,406,206,200
S01003244,430,193,237
S01003245,496,79,417
S01003246,664,195,469
S01003247,319,107,212
S01003248,431,123,308
S01003249,365,184,181
S01003250,256,130,126
S01003251,453,93,360
S01003252,254,208,46
S01003253,468,75,393
S01003254,292,60,232
S01003255,424,161,263
S01003256,424,144,280
S01003257,257,214,43
S01003258,319,260,59
S01003259,413,303,110
S01003260,302,258,44
S01003261,360,283,77
S01003262,381,163,218
S01003263,261,87,174
S01003264,295,140,155
S01003265,308,178,130
S01003266,398,148,250
S01003267,599,195,404
S01003268,395,190,205
S01003269,451,160,291
S01003270,434,138,296
S01003271,485,189,296
S01003272,463,105,358
S01003273,425,79,346
S01003274,291,63,228
S01003275,525,189,336
S01003276,283,232,51
S01003277,324,163,161
S01003278,362,200,162
S01003279,190,32,158
S01003280,448,259,189
S01003281,256,107,149
S01003282,307,223,84
S01003283,298,221,77
S01003284,549,188,361
S01003285,218,73,145
S01003286,616,199,417
S01003287,241,75,166
S01003288,295,237,58
S01003289,160,35,125
S01003290,375,173,202
S01003291,402,114,288
S01003292,285,216,69
S01003293,478,99,379
S01003294,462,161,301
S01003295,375,310,65
S01003296,300,68,232
S01003297,283,64,219
S01003298,460,260,200
S01003299,217,33,184
S01003300,340,217,123
S01003301,393,127,266
S01003302,371,79,292
S01003303,493,333,160
S01003304,373,155,218
S01003305,376,235,141
S01003306,514,170,344
S01003307,518,214,304
S01003308,381,166,215
S01003309,407,99,308
S01003310,369,177,192
S01003311,298,253,45
S01003312,242,117,125
S01003313,380,139,241
S01003314,328,60,268
S01003315,269,165,104
S01003316,332,131,201
S01003317,274,185,89
S01003318,309,254,55
S01003320,294,149,145
S01003321,313,230,83
S01003322,470,160,310
S01003323,254,192,62
S01003324,310,107,203
S01003325,324,215,109
S01003326,448,133,315
S01003327,288,96,192
S01003328,330,168,162
S01003329,344,195,149
S01003330,324,292,32
S01003331,355,65,290
S01003332,190,52,138
S01003333,444,121,323
S01003334,382,131,251
S01003335,380,151,229
S01003336,463,146,317
S01003337,374,106,268
S01003338,437,199,238
S01003339,335,184,151
S01003340,546,202,344
S01003341,269,236,33
S01003342,321,62,259
S01003343,255,55,200
S01003344,245,74,171
S01003345,512,217,295
S01003346,379,174,205
S01003347,446,89,357
S01003348,436,258,178
S01003349,422,99,323
S01003350,306,105,201
S01003351,570,167,403
S01003352,392,120,272
S01003353,361,80,281
S01003354,401,144,257
S01003355,440,141,299
S01003356,516,103,413
S01003357,234,28,206
S01003358,569,168,401
S01003359,356,321,35
S01003360,305,163,142
S01003361,372,108,264
S01003362,320,143,177
S01003363,367,146,221
S01003364,333,76,257
S01003365,326,97,229
S01003366,366,129,237
S01003367,636,104,532
S01003368,467,195,272
S01003369,381,130,251
S01003370,385,173,212
S01003371,418,156,262
S01003372,291,144,147
S01003373,465,120,345
S01003374,218,58,160
S01003375,326,155,171
S01003376,248,71,177
S01003377,349,159,190
S01003378,391,88,303
S01003379,260,41,219
S01003380,386,168,218
S01003381,316,176,140
S01003382,323,142,181
S01003383,447,207,240
S01003384,474,193,281
S01003385,469,216,253
S01003386,365,126,239
S01003387,447,142,305
S01003388,530,123,407
S01003389,584,155,429
S01003390,429,93,336
S01003391,415,121,294
S01003392,418,151,267
S01003393,471,180,291
S01003394,251,109,142
S01003395,358,172,186
S01003396,463,102,361
S01003397,351,75,276
S01003398,410,164,246
S01003399,416,107,309
S01003400,364,145,219
S01003401,344,68,276
S01003402,283,65,218
S01003403,368,141,227
S01003404,199,51,148
S01003405,382,159,223
S01003406,381,136,245
S01003407,395,145,250
S01003408,344,100,244
S01003409,398,189,209
S01003410,357,130,227
S01003411,423,162,261
S01003412,454,156,298
S01003413,308,146,162
S01003414,236,63,173
S01003415,458,86,372
S01003416,559,116,443
S01003417,446,185,261
S01003418,474,106,368
S01003419,406,129,277
S01003420,231,38,193
S01003421,283,107,176
S01003422,427,119,308
S01003423,354,183,171
S01003424,594,159,435
S01003425,423,187,236
S01003426,613,188,425
S01003427,503,196,307
S01003428,380,58,322
S01003429,298,131,167
S01003430,376,170,206
S01003431,443,136,307
S01003432,405,222,183
S01003433,379,149,230
S01003434,461,110,351
S01003435,285,75,210
S01003436,234,176,58
S01003437,276,141,135
S01003438,561,271,290
S01003439,626,93,533
S01003440,216,107,109
S01003441,618,138,480
S01003442,396,80,316
S01003443,500,92,408
S01003444,288,58,230
S01003445,395,115,280
S01003446,290,93,197
S01003447,515,108,407
S01003448,378,148,230
S01003449,449,172,277
S01003450,520,176,344
S01003451,446,199,247
S01003452,218,135,83
S01003453,340,196,144
S01003454,280,125,155
S01003455,294,66,228
S01003456,156,31,125
S01003457,562,86,476
S01003458,425,161,264
S01003459,386,155,231
S01003460,421,212,209
S01003461,331,175,156
S01003462,238,88,150
S01003463,442,70,372
S01003464,406,197,209
S01003465,495,223,272
S01003466,410,129,281
S01003467,352,144,208
S01003468,316,119,197
S01003469,476,185,291
S01003470,475,157,318
S01003471,287,67,220
S01003472,427,72,355
S01003473,549,168,381
S01003474,293,122,171
S01003475,377,141,236
S01003476,284,191,93
S01003477,624,271,353
S01003478,429,170,259
S01003479,467,186,281
S01003480,362,119,243
S01003481,586,244,342
S01003482,382,78,304
S01003483,282,111,171
S01003484,422,201,221
S01003485,397,220,177
S01003486,307,82,225
S01003487,451,173,278
S01003488,376,98,278
S01003489,421,91,330
S01003490,325,118,207
S01003491,67,14,53
S01003492,461,188,273
S01003493,400,110,290
S01003494,442,136,306
S01003495,376,117,259
S01003496,485,257,228
S01003497,497,271,226
S01003498,552,252,300
S01003499,606,258,348
S01003500,319,55,264
S01003501,315,137,178
S01003502,271,116,155
S01003503,373,208,165
S01003504,319,156,163
S01003506,480,286,194
S01003507,276,153,123
S01003508,508,147,361
S01003509,418,266,152
S01003510,196,78,118
S01003511,462,356,106
S01003512,346,107,239
S01003513,312,155,157
S01003514,378,183,195
S01003515,277,97,180
S01003516,296,217,79
S01003517,407,206,201
S01003518,536,214,322
S01003519,329,96,233
S01003520,387,222,165
S01003521,249,112,137
S01003522,399,253,146
S01003523,303,97,206
S01003524,548,390,158
S01003525,526,346,180
S01003526,444,287,157
S01003527,347,274,73
S01003528,203,150,53
S01003529,199,157,42
S01003530,426,262,164
S01003531,434,128,306
S01003532,458,305,153
S01003533,231,27,204
S01003534,536,234,302
S01003535,381,182,199
S01003536,500,359,141
S01003537,475,168,307
S01003538,301,108,193
S01003539,509,369,140
S01003540,306,68,238
S01003541,416,105,311
S01003542,433,298,135
S01003543,314,79,235
S01003544,246,164,82
S01003545,436,311,125
S01003546,469,151,318
S01003547,440,248,192
S01003549,330,99,231
S01003550,266,236,30
S01003551,373,119,254
S01003552,530,386,144
S01003553,363,68,295
S01003554,428,224,204
S01003555,322,228,94
S01003556,255,220,35
S01003557,381,80,301
S01003558,455,379,76
S01003559,326,271,55
S01003560,486,375,111
S01003561,457,146,311
S01003562,313,80,233
S01003563,239,94,145
S01003564,335,83,252
S01003565,428,109,319
S01003566,405,205,200
S01003567,393,66,327
S01003568,351,293,58
S01003569,302,213,89
S01003570,326,226,100
S01003571,432,169,263
S01003572,469,103,366
S01003573,450,159,291
S01003574,495,342,153
S01003575,439,117,322
S01003576,384,293,91
S01003577,312,136,176
S01003578,110,35,75
S01003579,319,55,264
S01003580,498,199,299
S01003581,481,167,314
S01003582,368,47,321
S01003583,252,71,181
S01003584,333,62,271
S01003585,362,113,249
S01003586,462,138,324
S01003587,352,321,31
S01003588,302,252,50
S01003589,499,423,76
S01003590,363,143,220
S01003591,400,350,50
S01003592,451,132,319
S01003593,303,126,177
S01003594,415,359,56
S01003595,377,69,308
S01003596,578,111,467
S01003597,290,242,48
S01003598,316,128,188
S01003599,312,126,186
S01003600,479,104,375
S01003601,377,119,258
S01003602,274,135,139
S01003603,433,132,301
S01003604,376,145,231
S01003605,363,125,238
S01003606,400,183,217
S01003607,215,123,92
S01003608,265,99,166
S01003609,472,343,129
S01003610,371,166,205
S01003611,449,113,336
S01003612,439,290,149
S01003613,329,290,39
S01003614,280,157,123
S01003615,249,89,160
S01003616,257,246,11
S01003617,547,127,420
S01003618,372,211,161
S01003619,468,93,375
S01003620,451,356,95
S01003621,500,186,314
S01003622,386,169,217
S01003623,341,283,58
S01003624,442,141,301
S01003625,217,88,129
S01003626,313,268,45
S01003627,326,82,244
S01003628,248,107,141
S01003629,405,126,279
S01003630,408,155,253
S01003631,365,198,167
S01003632,343,229,114
S01003633,497,272,225
S01003634,425,189,236
S01003635,390,144,246
S01003636,498,146,352
S01003637,357,150,207
S01003638,376,234,142
S01003639,372,179,193
S01003640,446,157,289
S01003641,279,259,20
S01003642,388,196,192
S01003643,290,160,130
S01003644,406,155,251
S01003645,255,136,119
S01003646,380,80,300
S01003647,352,175,177
S01003648,426,218,208
S01003649,428,300,128
S01003650,360,97,263
S01003651,388,180,208
S01003652,297,102,195
S01003653,283,122,161
S01003654,384,170,214
S01003655,306,123,183
S01003656,241,93,148
S01003657,338,125,213
S01003658,368,223,145
S01003659,434,252,182
S01003660,307,294,13
S01003661,381,308,73
S01003662,330,134,196
S01003663,328,104,224
S01003664,287,79,208
S01003665,383,66,317
S01003666,307,105,202
S01003667,341,230,111
S01003668,340,179,161
S01003669,274,109,165
S01003670,434,130,304
S01003671,334,133,201
S01003672,365,96,269
S01003673,161,32,129
S01003674,412,208,204
S01003675,367,266,101
S01003676,250,157,93
S01003677,297,130,167
S01003678,298,153,145
S01003679,529,215,314
S01003680,343,122,221
S01003681,328,147,181
S01003682,405,290,115
S01003683,284,153,131
S01003684,358,175,183
S01003685,238,132,106
S01003686,451,180,271
S01003687,400,63,337
S01003688,444,169,275
S01003689,245,95,150
S01003690,605,162,443
S01003691,468,293,175
S01003692,526,239,287
S01003693,251,116,135
S01003694,370,232,138
S01003695,377,153,224
S01003696,541,259,282
S01003697,369,312,57
S01003698,447,226,221
S01003699,382,307,75
S01003700,484,218,266
S01003701,626,202,424
S01003702,338,125,213
S01003703,424,144,280
S01003704,328,85,243
S01003705,376,111,265
S01003706,313,88,225
S01003707,285,51,234
S01003708,325,50,275
S01003709,493,76,417
S01003710,479,153,326
S01003711,362,98,264
S01003712,346,123,223
S01003713,252,56,196
S01003714,330,144,186
S01003715,332,180,152
S01003716,237,54,183
S01003717,322,72,250
S01003718,213,68,145
S01003719,226,203,23
S01003720,431,361,70
S01003721,349,278,71
S01003722,450,260,190
S01003723,231,203,28
S01003724,368,203,165
S01003725,272,205,67
S01003726,293,221,72
S01003727,274,193,81
S01003728,234,196,38
S01003729,274,181,93
S01003730,265,123,142
S01003731,264,151,113
S01003732,352,251,101
S01003733,334,218,116
S01003734,282,188,94
S01003735,294,232,62
S01003736,349,217,132
S01003737,275,185,90
S01003738,267,236,31
S01003739,257,209,48
S01003740,244,210,34
S01003741,366,339,27
S01003742,215,182,33
S01003743,251,229,22
S01003744,254,228,26
S01003745,298,214,84
S01003746,317,262,55
S01003747,419,331,88
S01003748,242,184,58
S01003749,334,267,67
S01003750,241,221,20
S01003751,421,333,88
S01003752,346,284,62
S01003753,407,330,77
S01003754,395,240,155
S01003755,311,217,94
S01003756,331,272,59
S01003757,246,216,30
S01003758,340,292,48
S01003759,280,248,32
S01003760,311,265,46
S01003761,359,289,70
S01003762,308,283,25
S01003763,393,280,113
S01003764,349,259,90
S01003765,322,222,100
S01003766,293,211,82
S01003767,303,250,53
S01003768,241,198,43
S01003769,302,216,86
S01003770,263,250,13
S01003771,279,264,15
S01003772,233,213,20
S01003773,303,252,51
S01003774,263,221,42
S01003775,332,300,32
S01003776,237,211,26
S01003777,368,322,46
S01003778,205,192,13
S01003779,200,177,23
S01003780,322,312,10
S01003781,290,247,43
S01003782,216,210,6
S01003783,379,302,77
S01003784,244,224,20
S01003785,365,315,50
S01003786,381,342,39
S01003787,255,229,26
S01003788,301,262,39
S01003789,195,184,11
S01003790,239,138,101
S01003791,320,245,75
S01003792,326,288,38
S01003793,263,109,154
S01003794,340,265,75
S01003795,232,215,17
S01003796,296,125,171
S01003797,493,286,207
S01003798,331,289,42
S01003799,310,271,39
S01003800,287,175,112
S01003801,355,218,137
S01003802,307,231,76
S01003803,267,241,26
S01003804,282,204,78
S01003805,427,245,182
S01003806,285,174,111
S01003807,360,311,49
S01003808,291,179,112
S01003809,293,199,94
S01003810,350,291,59
S01003811,284,262,22
S01003812,471,255,216
S01003813,360,309,51
S01003814,336,301,35
S01003815,385,244,141
S01003816,378,344,34
S01003817,419,198,221
S01003818,346,174,172
S01003819,240,224,16
S01003820,482,302,180
S01003821,349,210,139
S01003822,241,158,83
S01003823,423,278,145
S01003824,351,211,140
S01003825,243,211,32
S01003826,330,237,93
S01003827,361,276,85
S01003828,250,224,26
S01003829,262,157,105
S01003830,354,210,144
S01003831,304,248,56
S01003832,400,279,121
S01003833,340,141,199
S01003834,300,215,85
S01003835,260,220,40
S01003836,298,226,72
S01003837,403,195,208
S01003838,204,165,39
S01003839,336,168,168
S01003840,305,251,54
S01003841,272,218,54
S01003842,233,207,26
S01003843,262,238,24
S01003844,326,293,33
S01003845,450,231,219
S01003846,374,305,69
S01003847,261,194,67
S01003848,263,241,22
S01003849,456,131,325
S01003850,251,223,28
S01003851,325,303,22
S01003852,229,192,37
S01003853,450,163,287
S01003854,290,203,87
S01003855,443,166,277
S01003856,288,206,82
S01003857,295,263,32
S01003858,220,151,69
S01003859,213,198,15
S01003860,347,88,259
S01003861,389,323,66
S01003862,246,73,173
S01003863,261,239,22
S01003864,378,317,61
S01003865,305,272,33
S01003866,330,287,43
S01003867,432,301,131
S01003868,254,234,20
S01003869,316,269,47
S01003870,320,264,56
S01003871,340,290,50
S01003872,321,305,16
S01003873,408,367,41
S01003874,258,235,23
S01003875,186,176,10
S01003876,251,235,16
S01003877,215,200,15
S01003878,407,278,129
S01003879,261,234,27
S01003880,390,299,91
S01003881,304,270,34
S01003882,263,138,125
S01003883,216,178,38
S01003884,305,206,99
S01003885,264,177,87
S01003886,211,144,67
S01003887,382,193,189
S01003888,234,221,13
S01003889,250,202,48
S01003890,269,218,51
S01003891,311,262,49
S01003892,254,181,73
S01003893,272,241,31
S01003894,401,265,136
S01003895,268,228,40
S01003896,271,240,31
S01003897,312,242,70
S01003898,333,269,64
S01003899,328,256,72
S01003900,384,251,133
S01003901,240,194,46
S01003902,356,269,87
S01003903,228,221,7
S01003904,372,250,122
S01003905,337,304,33
S01003906,327,211,116
S01003907,379,191,188
S01003908,314,224,90
S01003909,269,241,28
S01003910,236,168,68
S01003911,241,200,41
S01003912,281,246,35
S01003913,265,239,26
S01003914,366,284,82
S01003915,264,234,30
S01003916,310,290,20
S01003917,377,276,101
S01003918,346,296,50
S01003919,288,185,103
S01003920,275,166,109
S01003921,370,230,140
S01003922,314,179,135
S01003923,276,170,106
S01003924,245,118,127
S01003925,305,217,88
S01003926,230,122,108
S01003927,271,239,32
S01003928,336,210,126
S01003929,215,142,73
S01003930,308,221,87
S01003931,360,232,128
S01003932,334,277,57
S01003933,286,231,55
S01003934,368,314,54
S01003935,325,229,96
S01003936,329,312,17
S01003937,346,214,132
S01003938,220,207,13
S01003939,261,225,36
S01003940,377,249,128
S01003941,233,199,34
S01003942,313,216,97
S01003943,312,200,112
S01003944,293,208,85
S01003945,282,256,26
S01003946,367,295,72
S01003947,222,196,26
S01003948,272,250,22
S01003949,246,218,28
S01003950,262,189,73
S01003951,245,193,52
S01003952,218,195,23
S01003953,252,203,49
S01003954,247,201,46
S01003955,293,189,104
S01003956,253,194,59
S01003957,310,231,79
S01003958,342,249,93
S01003959,341,301,40
S01003960,385,288,97
S01003961,273,165,108
S01003962,280,169,111
S01003963,216,195,21
S01003964,197,177,20
S01003965,259,219,40
S01003966,420,331,89
S01003967,239,178,61
S01003968,443,296,147
S01003969,347,265,82
S01003970,282,240,42
S01003971,297,200,97
S01003972,270,230,40
S01003973,219,174,45
S01003974,389,317,72
S01003975,276,253,23
S01003976,338,172,166
S01003977,255,115,140
S01003978,294,134,160
S01003979,240,144,96
S01003980,211,184,27
S01003981,270,155,115
S01003982,319,232,87
S01003983,298,242,56
S01003984,300,191,109
S01003985,351,168,183
S01003986,273,150,123
S01003987,194,161,33
S01003988,251,178,73
S01003989,339,288,51
S01003990,230,169,61
S01003991,256,213,43
S01003992,401,321,80
S01003993,263,240,23
S01003994,275,225,50
S01003995,373,331,42
S01003996,206,179,27
S01003997,414,226,188
S01003998,259,195,64
S01003999,341,271,70
S01004000,360,214,146
S01004001,290,174,116
S01004002,472,269,203
S01004003,234,184,50
S01004004,357,210,147
S01004005,271,194,77
S01004006,230,184,46
S01004007,249,143,106
S01004008,261,228,33
S01004009,256,224,32
S01004010,331,285,46
S01004011,385,368,17
S01004012,280,255,25
S01004013,219,200,19
S01004014,284,224,60
S01004015,357,332,25
S01004016,207,193,14
S01004017,426,360,66
S01004018,271,250,21
S01004019,179,175,4
S01004020,314,237,77
S01004021,278,273,5
S01004022,233,182,51
S01004023,231,188,43
S01004024,264,206,58
S01004025,378,187,191
S01004026,263,142,121
S01004027,328,183,145
S01004028,325,159,166
S01004029,387,221,166
S01004030,330,142,188
S01004031,249,133,116
S01004032,205,69,136
S01004033,341,161,180
S01004034,260,210,50
S01004035,318,157,161
S01004036,257,146,111
S01004037,252,194,58
S01004038,268,150,118
S01004039,181,68,113
S01004040,280,201,79
S01004041,286,147,139
S01004042,345,133,212
S01004043,277,241,36
S01004044,418,108,310
S01004045,248,125,123
S01004046,355,122,233
S01004047,294,168,126
S01004048,395,220,175
S01004049,333,216,117
S01004050,243,82,161
S01004051,288,112,176
S01004052,279,119,160
S01004053,439,208,231
S01004054,368,226,142
S01004055,195,150,45
S01004056,287,165,122
S01004057,385,240,145
S01004058,268,107,161
S01004059,263,149,114
S01004060,220,99,121
S01004061,339,122,217
S01004062,335,228,107
S01004063,397,148,249
S01004064,293,172,121
S01004065,486,182,304
S01004066,226,111,115
S01004067,347,227,120
S01004068,373,161,212
S01004069,300,147,153
S01004070,215,77,138
S01004071,430,201,229
S01004072,500,269,231
S01004073,274,148,126
S01004074,344,152,192
S01004075,261,77,184
S01004076,258,156,102
S01004077,320,226,94
S01004078,368,192,176
S01004079,325,144,181
S01004080,362,117,245
S01004081,252,234,18
S01004082,327,299,28
S01004083,441,161,280
S01004084,463,135,328
S01004085,328,141,187
S01004086,501,106,395
S01004087,218,91,127
S01004088,219,105,114
S01004089,340,156,184
S01004090,181,74,107
S01004091,318,247,71
S01004092,365,184,181
S01004093,371,115,256
S01004094,278,59,219
S01004095,239,155,84
S01004096,261,249,12
S01004097,319,124,195
S01004098,251,199,52
S01004099,310,288,22
S01004100,295,172,123
S01004101,341,204,137
S01004102,302,234,68
S01004103,289,202,87
S01004104,276,262,14
S01004105,324,211,113
S01004106,357,263,94
S01004107,284,226,58
S01004108,307,231,76
S01004109,253,214,39
S01004110,272,204,68
S01004111,375,319,56
S01004112,297,248,49
S01004113,334,223,111
S01004114,402,213,189
S01004115,302,231,71
S01004116,274,225,49
S01004117,356,248,108
S01004118,581,224,357
S01004119,323,207,116
S01004120,317,271,46
S01004121,195,184,11
S01004122,252,234,18
S01004123,212,191,21
S01004124,387,340,47
S01004125,315,222,93
S01004126,368,202,166
S01004127,324,316,8
S01004128,270,258,12
S01004129,327,260,67
S01004130,200,159,41
S01004131,374,181,193
S01004132,234,169,65
S01004133,362,231,131
S01004134,268,251,17
S01004135,300,154,146
S01004136,230,158,72
S01004137,206,195,11
S01004138,306,204,102
S01004139,209,169,40
S01004140,224,168,56
S01004141,285,195,90
S01004142,204,167,37
S01004143,381,267,114
S01004144,375,267,108
S01004145,263,197,66
S01004146,285,235,50
S01004147,320,215,105
S01004148,333,310,23
S01004149,247,169,78
S01004150,204,192,12
S01004151,198,182,16
S01004152,286,177,109
S01004153,360,256,104
S01004154,282,229,53
S01004155,343,202,141
S01004156,356,228,128
S01004157,234,213,21
S01004158,311,216,95
S01004159,152,101,51
S01004160,259,195,64
S01004161,241,207,34
S01004162,250,222,28
S01004163,258,168,90
S01004164,398,292,106
S01004165,372,330,42
S01004166,202,146,56
S01004167,294,158,136
S01004168,279,188,91
S01004169,212,145,67
S01004170,259,153,106
S01004171,283,198,85
S01004172,320,201,119
S01004173,237,166,71
S01004174,315,234,81
S01004175,251,168,83
S01004176,248,218,30
S01004177,200,117,83
S01004178,235,164,71
S01004179,208,162,46
S01004180,301,293,8
S01004181,295,225,70
S01004182,387,191,196
S01004183,333,310,23
S01004184,356,225,131
S01004185,290,186,104
S01004186,333,174,159
S01004187,306,195,111
S01004188,303,178,125
S01004189,209,203,6
S01004190,318,192,126
S01004191,353,201,152
S01004192,348,209,139
S01004193,256,187,69
S01004194,340,215,125
S01004195,243,177,66
S01004196,277,149,128
S01004197,310,179,131
S01004198,256,211,45
S01004199,376,259,117
S01004200,291,263,28
S01004201,307,245,62
S01004202,221,184,37
S01004203,405,256,149
S01004204,304,255,49
S01004205,290,177,113
S01004206,235,212,23
S01004207,313,196,117
S01004208,320,251,69
S01004209,239,205,34
S01004210,270,209,61
S01004211,276,266,10
S01004212,336,313,23
S01004213,342,233,109
S01004214,291,266,25
S01004215,206,189,17
S01004216,335,276,59
S01004217,232,141,91
S01004218,381,227,154
S01004219,228,157,71
S01004220,333,266,67
S01004221,343,248,95
S01004222,289,144,145
S01004223,326,150,176
S01004224,289,175,114
S01004225,456,215,241
S01004226,345,200,145
S01004227,248,188,60
S01004228,315,274,41
S01004229,281,190,91
S01004230,296,196,100
S01004231,320,202,118
S01004232,259,223,36
S01004233,299,253,46
S01004234,370,337,33
S01004235,251,227,24
S01004236,399,293,106
S01004237,301,215,86
S01004238,217,186,31
S01004239,306,233,73
S01004240,267,238,29
S01004241,227,189,38
S01004242,340,320,20
S01004243,218,204,14
S01004244,273,183,90
S01004245,320,246,74
S01004246,218,207,11
S01004247,387,265,122
S01004248,412,279,133
S01004249,388,288,100
S01004250,456,329,127
S01004251,395,288,107
S01004252,214,205,9
S01004253,223,186,37
S01004254,253,241,12
S01004255,266,247,19
S01004256,199,163,36
S01004257,218,207,11
S01004258,273,250,23
S01004259,192,173,19
S01004260,231,209,22
S01004261,332,220,112
S01004262,290,261,29
S01004263,336,204,132
S01004264,331,235,96
S01004265,340,265,75
S01004266,282,155,127
S01004267,217,192,25
S01004268,254,192,62
S01004269,353,258,95
S01004270,318,143,175
S01004271,304,165,139
S01004272,249,231,18
S01004273,290,267,23
S01004274,337,300,37
S01004275,252,200,52
S01004276,339,240,99
S01004277,298,275,23
S01004278,412,332,80
S01004279,360,249,111
S01004280,447,313,134
S01004281,230,194,36
S01004282,399,229,170
S01004283,310,220,90
S01004284,409,244,165
S01004285,278,268,10
S01004286,259,222,37
S01004287,275,225,50
S01004288,268,223,45
S01004289,213,166,47
S01004290,269,243,26
S01004291,356,296,60
S01004292,250,234,16
S01004293,375,304,71
S01004294,388,283,105
S01004295,360,260,100
S01004296,358,294,64
S01004297,324,223,101
S01004298,397,367,30
S01004299,332,142,190
S01004300,315,151,164
S01004301,264,245,19
S01004302,315,295,20
S01004303,232,140,92
S01004304,430,252,178
S01004305,294,202,92
S01004306,292,184,108
S01004307,223,183,40
S01004308,413,268,145
S01004309,274,260,14
S01004310,338,252,86
S01004311,332,228,104
S01004312,336,267,69
S01004313,372,351,21
S01004314,337,231,106
S01004315,195,151,44
S01004316,147,146,1
S01004317,362,299,63
S01004318,270,131,139
S01004319,348,298,50
S01004320,350,239,111
S01004321,336,185,151
S01004322,429,295,134
S01004323,307,183,124
S01004324,364,217,147
S01004325,439,306,133
S01004326,337,271,66
S01004327,290,234,56
S01004328,279,207,72
S01004329,233,179,54
S01004330,391,337,54
S01004331,268,171,97
S01004332,240,182,58
S01004333,216,167,49
S01004334,324,303,21
S01004335,222,157,65
S01004336,407,304,103
S01004337,307,217,90
S01004338,273,207,66
S01004339,358,317,41
S01004340,218,139,79
S01004341,223,157,66
S01004342,279,258,21
S01004343,206,135,71
S01004344,364,259,105
S01004345,370,284,86
S01004346,190,136,54
S01004347,330,263,67
S01004348,268,202,66
S01004349,353,288,65
S01004350,257,227,30
S01004351,245,155,90
S01004352,258,215,43
S01004353,414,311,103
S01004354,219,196,23
S01004355,207,153,54
S01004356,436,263,173
S01004357,278,265,13
S01004358,290,256,34
S01004359,217,120,97
S01004360,273,148,125
S01004361,255,189,66
S01004362,281,111,170
S01004363,486,177,309
S01004364,392,192,200
S01004365,294,177,117
S01004366,263,168,95
S01004367,316,210,106
S01004368,309,143,166
S01004369,294,222,72
S01004370,295,231,64
S01004371,300,174,126
S01004372,407,345,62
S01004373,264,116,148
S01004374,347,170,177
S01004375,272,159,113
S01004376,365,236,129
S01004377,385,211,174
S01004378,444,271,173
S01004379,409,216,193
S01004380,299,126,173
S01004381,328,210,118
S01004382,341,181,160
S01004383,365,220,145
S01004384,310,178,132
S01004385,360,281,79
S01004386,378,282,96
S01004387,455,267,188
S01004388,335,128,207
S01004389,248,179,69
S01004390,346,191,155
S01004391,237,215,22
S01004392,387,251,136
S01004393,435,246,189
S01004394,389,166,223
S01004395,234,95,139
S01004396,333,212,121
S01004397,344,305,39
S01004398,361,261,100
S01004399,248,108,140
S01004400,212,126,86
S01004401,368,330,38
S01004402,351,207,144
S01004403,193,155,38
S01004404,233,212,21
S01004405,296,216,80
S01004406,370,153,217
S01004407,280,145,135
S01004408,224,203,21
S01004409,284,229,55
S01004410,349,227,122
S01004411,288,159,129
S01004412,468,253,215
S01004413,424,166,258
S01004414,449,160,289
S01004415,316,136,180
S01004416,330,185,145
S01004417,356,150,206
S01004418,387,225,162
S01004419,349,225,124
S01004420,342,257,85
S01004421,430,120,310
S01004422,306,150,156
S01004423,375,227,148
S01004424,318,138,180
S01004425,227,181,46
S01004426,259,161,98
S01004427,373,165,208
S01004428,335,175,160
S01004429,318,135,183
S01004430,207,144,63
S01004431,420,161,259
S01004432,382,239,143
S01004433,369,238,131
S01004434,380,201,179
S01004435,285,194,91
S01004436,327,191,136
S01004437,340,204,136
S01004438,276,150,126
S01004439,256,138,118
S01004440,328,145,183
S01004441,307,290,17
S01004442,430,226,204
S01004443,265,156,109
S01004444,377,188,189
S01004445,276,152,124
S01004446,335,192,143
S01004447,302,153,149
S01004448,239,210,29
S01004449,390,190,200
S01004450,520,193,327
S01004451,388,146,242
S01004452,301,244,57
S01004453,360,337,23
S01004454,416,245,171
S01004455,334,284,50
S01004456,231,221,10
S01004457,381,197,184
S01004458,348,183,165
S01004459,276,164,112
S01004460,226,213,13
S01004461,232,193,39
S01004462,225,210,15
S01004463,299,239,60
S01004464,313,166,147
S01004465,298,261,37
S01004466,395,289,106
S01004467,395,182,213
S01004468,293,249,44
S01004469,225,129,96
S01004470,193,181,12
S01004471,216,196,20
S01004472,304,281,23
S01004473,422,390,32
S01004474,440,252,188
S01004475,186,181,5
S01004476,356,243,113
S01004477,376,285,91
S01004478,273,182,91
S01004479,259,227,32
S01004480,420,230,190
S01004481,255,130,125
S01004482,523,244,279
S01004483,254,166,88
S01004484,399,337,62
S01004485,217,201,16
S01004486,357,324,33
S01004487,482,282,200
S01004488,321,194,127
S01004489,320,287,33
S01004490,275,243,32
S01004491,350,172,178
S01004492,429,263,166
S01004493,429,299,130
S01004494,394,196,198
S01004495,341,162,179
S01004496,300,188,112
S01004497,397,205,192
S01004498,286,206,80
S01004499,281,188,93
S01004500,320,285,35
S01004501,278,183,95
S01004502,299,248,51
S01004503,416,204,212
S01004504,283,151,132
S01004505,216,143,73
S01004506,210,137,73
S01004507,345,248,97
S01004508,305,200,105
S01004509,268,254,14
S01004510,384,307,77
S01004511,461,319,142
S01004512,409,302,107
S01004513,298,183,115
S01004514,234,167,67
S01004515,488,199,289
S01004516,233,142,91
S01004517,430,206,224
S01004518,259,196,63
S01004519,353,215,138
S01004520,384,268,116
S01004521,328,268,60
S01004522,247,215,32
S01004523,333,276,57
S01004524,285,243,42
S01004525,312,269,43
S01004526,271,246,25
S01004527,249,168,81
S01004528,365,243,122
S01004529,292,238,54
S01004530,185,180,5
S01004531,322,215,107
S01004532,333,138,195
S01004533,258,74,184
S01004534,258,151,107
S01004535,312,225,87
S01004536,288,161,127
S01004537,340,192,148
S01004538,311,211,100
S01004539,278,156,122
S01004540,366,218,148
S01004541,356,220,136
S01004542,209,182,27
S01004543,354,213,141
S01004544,482,279,203
S01004545,362,202,160
S01004546,397,194,203
S01004547,471,229,242
S01004548,354,195,159
S01004549,367,206,161
S01004550,418,156,262
S01004551,388,296,92
S01004552,339,138,201
S01004553,210,152,58
S01004554,280,190,90
S01004555,290,215,75
S01004556,331,142,189
S01004557,184,140,44
S01004558,461,260,201
S01004559,497,338,159
S01004560,210,110,100
S01004561,449,186,263
S01004562,237,141,96
S01004563,374,254,120
S01004564,239,197,42
S01004565,257,240,17
S01004566,272,236,36
S01004567,309,137,172
S01004568,282,185,97
S01004569,305,97,208
S01004570,237,230,7
S01004571,285,207,78
S01004572,325,217,108
S01004573,262,167,95
S01004574,200,185,15
S01004575,355,217,138
S01004576,226,210,16
S01004577,265,193,72
S01004578,330,321,9
S01004579,366,119,247
S01004580,370,208,162
S01004581,483,307,176
S01004582,263,224,39
S01004583,426,180,246
S01004584,234,131,103
S01004585,273,150,123
S01004586,451,382,69
S01004587,527,179,348
S01004588,284,182,102
S01004589,334,293,41
S01004590,297,156,141
S01004591,254,152,102
S01004592,233,154,79
S01004593,342,256,86
S01004594,268,126,142
S01004595,378,315,63
S01004596,404,160,244
S01004597,221,198,23
S01004598,289,184,105
S01004599,184,167,17
S01004600,375,182,193
S01004601,375,191,184
S01004602,354,327,27
S01004603,500,200,300
S01004604,260,136,124
S01004605,372,176,196
S01004606,334,154,180
S01004607,279,160,119
S01004608,280,162,118
S01004609,230,119,111
S01004610,283,137,146
S01004611,495,296,199
S01004612,265,151,114
S01004613,294,232,62
S01004614,368,260,108
S01004615,354,201,153
S01004616,303,227,76
S01004617,255,120,135
S01004618,285,108,177
S01004619,258,105,153
S01004620,398,193,205
S01004621,355,282,73
S01004622,351,244,107
S01004623,471,283,188
S01004624,500,218,282
S01004625,337,197,140
S01004626,262,123,139
S01004627,282,227,55
S01004628,245,105,140
S01004629,364,343,21
S01004630,399,283,116
S01004631,354,200,154
S01004632,317,190,127
S01004633,220,169,51
S01004634,350,305,45
S01004635,341,154,187
S01004636,337,156,181
S01004637,230,143,87
S01004638,260,126,134
S01004639,305,153,152
S01004640,329,197,132
S01004641,245,185,60
S01004642,360,220,140
S01004643,210,91,119
S01004644,297,208,89
S01004645,457,180,277
S01004646,314,162,152
S01004647,397,303,94
S01004648,405,202,203
S01004649,276,157,119
S01004650,355,202,153
S01004651,362,203,159
S01004652,419,271,148
S01004653,284,163,121
S01004654,311,253,58
S01004655,382,193,189
S01004656,248,92,156
S01004657,297,249,48
S01004658,390,310,80
S01004659,226,161,65
S01004660,259,242,17
S01004661,335,179,156
S01004662,397,226,171
S01004663,221,148,73
S01004664,289,188,101
S01004665,327,150,177
S01004666,307,204,103
S01004667,289,159,130
S01004668,371,286,85
S01004669,357,221,136
S01004670,446,228,218
S01004671,379,268,111
S01004672,251,147,104
S01004673,367,193,174
S01004674,346,234,112
S01004675,323,235,88
S01004676,361,212,149
S01004677,379,203,176
S01004678,249,190,59
S01004679,240,138,102
S01004680,418,158,260
S01004681,291,241,50
S01004682,302,115,187
S01004683,260,241,19
S01004684,333,223,110
S01004685,261,108,153
S01004686,303,148,155
S01004687,309,171,138
S01004688,264,251,13
S01004689,368,257,111
S01004690,246,218,28
S01004691,271,263,8
S01004692,295,148,147
S01004693,290,249,41
S01004694,251,131,120
S01004695,233,229,4
S01004696,347,149,198
S01004697,320,267,53
S01004698,215,205,10
S01004699,326,137,189
S01004700,332,203,129
S01004701,224,219,5
S01004702,235,172,63
S01004703,305,274,31
S01004704,244,132,112
S01004705,342,284,58
S01004706,195,185,10
S01004707,376,232,144
S01004708,277,176,101
S01004709,262,224,38
S01004710,372,196,176
S01004711,315,157,158
S01004712,225,149,76
S01004713,294,170,124
S01004714,305,209,96
S01004715,361,236,125
S01004716,381,218,163
S01004717,278,160,118
S01004718,408,266,142
S01004719,311,180,131
S01004720,282,192,90
S01004721,219,206,13
S01004722,289,149,140
S01004723,219,174,45
S01004724,441,211,230
S01004725,240,175,65
S01004726,226,127,99
S01004727,455,187,268
S01004728,237,218,19
S01004729,256,135,121
S01004730,447,207,240
S01004731,315,195,120
S01004732,233,191,42
S01004733,335,188,147
S01004734,251,119,132
S01004735,385,226,159
S01004736,301,151,150
S01004737,298,172,126
S01004738,389,168,221
S01004739,268,244,24
S01004740,247,229,18
S01004741,266,180,86
S01004742,383,210,173
S01004743,325,313,12
S01004744,240,124,116
S01004745,359,124,235
S01004746,293,151,142
S01004747,262,245,17
S01004748,261,145,116
S01004749,340,194,146
S01004750,294,138,156
S01004751,366,135,231
S01004752,294,206,88
S01004753,293,181,112
S01004754,285,210,75
S01004755,319,199,120
S01004756,262,188,74
S01004757,342,178,164
S01004758,372,230,142
S01004759,225,196,29
S01004760,285,146,139
S01004761,223,128,95
S01004762,286,193,93
S01004763,305,282,23
S01004764,318,179,139
S01004765,480,177,303
S01004766,330,176,154
S01004767,261,153,108
S01004768,372,207,165
S01004769,230,170,60
S01004770,303,162,141
S01004771,397,221,176
S01004772,283,160,123
S01004773,317,183,134
S01004774,354,319,35
S01004775,488,130,358
S01004776,328,240,88
S01004777,235,221,14
S01004778,296,152,144
S01004779,334,172,162
S01004780,213,121,92
S01004781,354,232,122
S01004782,335,190,145
S01004783,367,303,64
S01004784,312,183,129
S01004785,236,153,83
S01004786,239,147,92
S01004787,449,323,126
S01004788,259,234,25
S01004789,506,261,245
S01004790,262,245,17
S01004791,270,204,66
S01004792,310,238,72
S01004793,378,284,94
S01004794,314,146,168
S01004795,336,206,130
S01004796,312,229,83
S01004797,318,186,132
S01004798,420,180,240
S01004799,238,130,108
S01004800,272,154,118
S01004801,315,165,150
S01004802,370,232,138
S01004803,382,179,203
S01004804,442,200,242
S01004805,283,113,170
S01004806,237,147,90
S01004807,267,104,163
S01004808,328,144,184
S01004809,218,131,87
S01004810,237,131,106
S01004811,269,164,105
S01004812,339,144,195
S01004813,330,229,101
S01004814,363,219,144
S01004815,284,200,84
S01004816,304,172,132
S01004817,279,130,149
S01004818,324,190,134
S01004819,217,134,83
S01004820,391,205,186
S01004821,363,271,92
S01004822,280,173,107
S01004823,322,179,143
S01004824,301,252,49
S01004825,261,126,135
S01004826,310,155,155
S01004827,287,164,123
S01004828,393,307,86
S01004829,308,173,135
S01004830,333,163,170
S01004831,326,297,29
S01004832,293,209,84
S01004833,356,225,131
S01004834,361,244,117
S01004835,274,212,62
S01004836,259,235,24
S01004837,270,211,59
S01004838,367,273,94
S01004839,379,245,134
S01004840,259,165,94
S01004841,345,196,149
S01004842,205,186,19
S01004843,275,162,113
S01004844,365,248,117
S01004845,342,219,123
S01004846,281,207,74
S01004847,346,299,47
S01004848,251,226,25
S01004849,298,189,109
S01004850,323,252,71
S01004851,246,131,115
S01004852,331,137,194
S01004853,338,261,77
S01004854,420,309,111
S01004855,299,145,154
S01004856,296,217,79
S01004857,354,259,95
S01004858,368,292,76
S01004859,345,321,24
S01004860,192,174,18
S01004861,303,279,24
S01004862,219,206,13
S01004863,421,342,79
S01004864,207,193,14
S01004865,274,190,84
S01004866,347,240,107
S01004867,285,264,21
S01004868,311,172,139
S01004869,294,282,12
S01004870,344,244,100
S01004871,316,218,98
S01004872,349,226,123
S01004873,326,229,97
S01004874,361,193,168
S01004875,300,181,119
S01004876,388,269,119
S01004877,300,202,98
S01004878,340,244,96
S01004879,288,161,127
S01004880,285,141,144
S01004881,330,196,134
S01004882,220,134,86
S01004883,280,248,32
S01004884,205,200,5
S01004885,212,123,89
S01004886,346,171,175
S01004887,136,112,24
S01004888,218,213,5
S01004889,360,232,128
S01004890,334,167,167
S01004891,386,174,212
S01004892,263,254,9
S01004893,396,181,215
S01004894,416,196,220
S01004895,382,223,159
S01004896,381,237,144
S01004897,207,196,11
S01004898,441,297,144
S01004899,306,206,100
S01004900,240,228,12
S01004901,383,144,239
S01004902,370,232,138
S01004903,210,199,11
S01004904,520,275,245
S01004905,439,291,148
S01004906,384,217,167
S01004907,301,275,26
S01004908,254,179,75
S01004909,390,298,92
S01004910,336,233,103
S01004911,254,246,8
S01004912,304,186,118
S01004913,282,143,139
S01004914,269,225,44
S01004915,260,146,114
S01004916,335,201,134
S01004917,187,184,3
S01004918,252,232,20
S01004919,202,132,70
S01004920,413,257,156
S01004921,317,181,136
S01004922,227,220,7
S01004923,311,247,64
S01004924,346,246,100
S01004925,255,170,85
S01004926,308,302,6
S01004927,339,321,18
S01004928,236,234,2
S01004929,243,223,20
S01004930,289,162,127
S01004931,425,231,194
S01004932,348,161,187
S01004933,326,211,115
S01004934,298,180,118
S01004935,205,196,9
S01004936,488,248,240
S01004937,246,108,138
S01004938,356,189,167
S01004939,239,149,90
S01004940,217,143,74
S01004941,252,140,112
S01004942,361,297,64
S01004943,322,237,85
S01004944,205,165,40
S01004945,269,178,91
S01004946,245,224,21
S01004947,256,231,25
S01004948,261,183,78
S01004949,241,221,20
S01004950,189,180,9
S01004951,315,185,130
S01004952,386,322,64
S01004953,423,264,159
S01004954,313,190,123
S01004955,279,196,83
S01004956,306,239,67
S01004957,264,247,17
S01004958,401,255,146
S01004959,343,167,176
S01004960,253,163,90
S01004961,300,206,94
S01004962,217,202,15
S01004963,251,206,45
S01004964,392,346,46
S01004965,344,294,50
S01004966,321,289,32
S01004967,228,204,24
S01004968,242,201,41
S01004969,390,319,71
S01004970,350,284,66
S01004971,426,348,78
S01004972,319,248,71
S01004973,309,298,11
S01004974,341,325,16
S01004975,302,294,8
S01004976,336,249,87
S01004977,458,324,134
S01004978,365,323,42
S01004979,343,315,28
S01004980,443,415,28
S01004981,382,358,24
S01004982,232,226,6
S01004983,386,318,68
S01004984,322,276,46
S01004985,295,254,41
S01004986,242,225,17
S01004987,201,191,10
S01004988,203,194,9
S01004989,261,244,17
S01004990,214,189,25
S01004991,241,220,21
S01004992,356,246,110
S01004993,283,267,16
S01004994,329,279,50
S01004995,429,302,127
S01004996,272,234,38
S01004997,348,322,26
S01004998,326,286,40
S01004999,344,285,59
S01005000,254,212,42
S01005001,379,346,33
S01005002,372,325,47
S01005003,353,333,20
S01005004,248,195,53
S01005005,434,315,119
S01005006,276,221,55
S01005007,407,306,101
S01005008,361,331,30
S01005009,276,241,35
S01005010,265,197,68
S01005011,262,134,128
S01005012,347,225,122
S01005013,284,213,71
S01005014,333,209,124
S01005015,281,207,74
S01005016,345,235,110
S01005017,306,271,35
S01005018,232,176,56
S01005019,381,207,174
S01005020,326,258,68
S01005021,359,318,41
S01005022,282,209,73
S01005023,265,228,37
S01005024,420,289,131
S01005025,286,242,44
S01005026,237,220,17
S01005027,287,265,22
S01005028,264,223,41
S01005029,480,375,105
S01005030,424,342,82
S01005031,382,238,144
S01005032,427,297,130
S01005033,267,259,8
S01005034,351,318,33
S01005035,404,338,66
S01005036,214,179,35
S01005037,605,261,344
S01005038,338,315,23
S01005039,458,400,58
S01005040,564,208,356
S01005041,365,166,199
S01005042,347,314,33
S01005043,373,230,143
S01005044,490,321,169
S01005045,319,292,27
S01005046,419,327,92
S01005047,641,235,406
S01005048,200,191,9
S01005049,433,193,240
S01005050,455,232,223
S01005051,374,356,18
S01005052,272,262,10
S01005053,365,176,189
S01005054,230,140,90
S01005055,324,191,133
S01005056,376,234,142
S01005057,357,157,200
S01005058,284,165,119
S01005059,231,143,88
S01005060,330,174,156
S01005061,458,307,151
S01005062,217,161,56
S01005063,208,195,13
S01005064,331,291,40
S01005065,428,255,173
S01005066,357,150,207
S01005067,201,186,15
S01005068,286,183,103
S01005069,289,157,132
S01005070,421,282,139
S01005071,110,32,78
S01005072,265,145,120
S01005073,281,246,35
S01005074,330,271,59
S01005075,175,72,103
S01005076,328,185,143
S01005077,272,256,16
S01005078,324,188,136
S01005079,294,169,125
S01005080,205,112,93
S01005081,288,170,118
S01005082,289,245,44
S01005083,462,324,138
S01005084,281,154,127
S01005085,239,204,35
S01005086,311,189,122
S01005087,223,152,71
S01005088,243,192,51
S01005089,351,263,88
S01005090,386,324,62
S01005091,302,270,32
S01005092,303,239,64
S01005093,347,220,127
S01005094,224,209,15
S01005095,406,361,45
S01005096,242,207,35
S01005097,310,274,36
S01005098,266,202,64
S01005099,372,298,74
S01005100,231,210,21
S01005101,376,285,91
S01005102,382,359,23
S01005103,370,351,19
S01005104,282,269,13
S01005105,370,282,88
S01005106,241,183,58
S01005107,186,165,21
S01005108,270,199,71
S01005109,375,355,20
S01005110,439,400,39
S01005111,219,189,30
S01005112,365,342,23
S01005113,441,337,104
S01005114,412,258,154
S01005115,400,336,64
S01005116,284,251,33
S01005117,284,249,35
S01005118,359,273,86
S01005119,282,263,19
S01005120,261,226,35
S01005121,313,286,27
S01005122,335,269,66
S01005123,355,306,49
S01005124,304,230,74
S01005125,434,232,202
S01005126,236,209,27
S01005127,281,156,125
S01005128,376,301,75
S01005129,334,250,84
S01005130,291,156,135
S01005131,375,284,91
S01005132,270,227,43
S01005133,151,147,4
S01005134,429,304,125
S01005135,309,241,68
S01005136,373,254,119
S01005137,388,340,48
S01005138,457,359,98
S01005139,279,248,31
S01005140,246,228,18
S01005141,407,357,50
S01005142,284,213,71
S01005143,457,330,127
S01005144,455,356,99
S01005145,353,297,56
S01005146,291,238,53
S01005147,384,333,51
S01005148,270,206,64
S01005149,278,180,98
S01005150,264,204,60
S01005151,279,206,73
S01005152,290,255,35
S01005153,318,286,32
S01005154,226,218,8
S01005155,287,240,47
S01005156,300,153,147
S01005157,391,205,186
S01005158,291,213,78
S01005159,390,230,160
S01005160,438,218,220
S01005161,352,276,76
S01005162,445,243,202
S01005163,255,140,115
S01005164,378,258,120
S01005165,360,209,151
S01005166,428,221,207
S01005167,332,122,210
S01005168,266,219,47
S01005169,235,191,44
S01005170,301,252,49
S01005171,347,167,180
S01005172,301,282,19
S01005173,244,200,44
S01005174,366,140,226
S01005175,293,246,47
S01005176,339,146,193
S01005177,449,193,256
S01005178,362,214,148
S01005179,416,310,106
S01005180,353,333,20
S01005181,334,292,42
S01005182,385,156,229
S01005183,428,209,219
S01005184,326,110,216
S01005185,242,139,103
S01005186,412,225,187
S01005187,471,280,191
S01005188,349,336,13
S01005189,417,181,236
S01005190,354,330,24
S01005191,352,174,178
S01005192,315,238,77
S01005193,290,270,20
S01005194,280,164,116
S01005195,347,331,16
S01005196,342,168,174
S01005197,472,223,249
S01005198,377,331,46
S01005199,326,188,138
S01005200,240,208,32
S01005201,391,197,194
S01005202,396,219,177
S01005203,343,245,98
S01005204,214,189,25
S01005205,407,345,62
S01005206,349,302,47
S01005207,460,209,251
S01005208,309,124,185
S01005209,411,216,195
S01005210,620,208,412
S01005211,367,159,208
S01005212,289,238,51
S01005213,408,317,91
S01005214,408,165,243
S01005215,403,206,197
S01005216,256,135,121
S01005217,327,235,92
S01005218,500,173,327
S01005219,367,161,206
S01005220,305,210,95
S01005221,258,227,31
S01005222,292,152,140
S01005223,371,219,152
S01005224,261,242,19
S01005225,386,310,76
S01005226,214,126,88
S01005227,437,221,216
S01005228,406,389,17
S01005229,472,220,252
S01005230,349,232,117
S01005231,348,294,54
S01005232,589,217,372
S01005233,308,141,167
S01005234,466,327,139
S01005235,275,157,118
S01005236,400,284,116
S01005237,386,331,55
S01005238,356,252,104
S01005239,530,198,332
S01005240,525,177,348
S01005241,382,324,58
S01005242,526,174,352
S01005243,502,151,351
S01005244,348,312,36
S01005245,367,178,189
S01005246,569,183,386
S01005247,274,68,206
S01005248,369,153,216
S01005249,458,185,273
S01005250,453,174,279
S01005251,376,196,180
S01005252,235,108,127
S01005253,235,211,24
S01005254,391,202,189
S01005255,355,72,283
S01005256,264,235,29
S01005257,482,316,166
S01005258,404,347,57
S01005259,269,113,156
S01005260,359,135,224
S01005261,212,98,114
S01005262,488,318,170
S01005263,217,84,133
S01005264,351,154,197
S01005265,238,83,155
S01005266,387,181,206
S01005267,382,195,187
S01005268,565,232,333
S01005269,378,196,182
S01005270,444,355,89
S01005271,230,198,32
S01005272,283,76,207
S01005273,313,229,84
S01005274,410,158,252
S01005275,302,140,162
S01005276,287,150,137
S01005277,224,163,61
S01005278,401,220,181
S01005279,196,184,12
S01005280,389,154,235
S01005281,366,217,149
S01005282,369,153,216
S01005283,293,283,10
S01005284,413,128,285
S01005285,240,186,54
S01005286,287,274,13
S01005287,355,240,115
S01005288,383,162,221
S01005289,396,213,183
S01005290,307,177,130
S01005291,306,292,14
S01005292,343,136,207
S01005293,393,181,212
S01005294,231,222,9
S01005295,275,165,110
S01005296,282,276,6
S01005297,287,253,34
S01005298,373,341,32
S01005299,227,200,27
S01005300,386,366,20
S01005301,315,299,16
S01005302,441,247,194
S01005303,328,234,94
S01005304,289,248,41
S01005305,364,186,178
S01005306,339,309,30
S01005307,321,314,7
S01005308,226,83,143
S01005309,430,246,184
S01005310,516,266,250
S01005311,391,339,52
S01005312,244,204,40
S01005313,356,319,37
S01005314,192,179,13
S01005315,320,105,215
S01005316,375,281,94
S01005317,201,182,19
S01005318,271,155,116
S01005319,236,211,25
S01005320,288,208,80
S01005321,287,171,116
S01005322,365,277,88
S01005323,324,208,116
S01005324,393,206,187
S01005325,371,214,157
S01005326,443,150,293
S01005327,280,140,140
S01005328,410,189,221
S01005329,204,190,14
S01005330,333,179,154
S01005331,356,165,191
S01005332,229,184,45
S01005333,310,295,15
S01005334,287,216,71
S01005335,185,182,3
S01005336,235,190,45
S01005337,310,284,26
S01005338,176,172,4
S01005339,312,223,89
S01005340,203,179,24
S01005341,278,178,100
S01005342,302,218,84
S01005343,333,299,34
S01005344,303,189,114
S01005345,258,231,27
S01005346,262,259,3
S01005347,273,263,10
S01005348,331,261,70
S01005349,313,263,50
S01005350,274,254,20
S01005351,315,276,39
S01005352,384,233,151
S01005353,441,268,173
S01005354,326,298,28
S01005355,313,206,107
S01005356,278,259,19
S01005357,367,209,158
S01005358,377,261,116
S01005359,338,319,19
S01005360,302,293,9
S01005361,340,323,17
S01005362,327,246,81
S01005363,268,253,15
S01005364,384,355,29
S01005365,256,239,17
S01005366,293,251,42
S01005367,485,225,260
S01005368,317,180,137
S01005369,548,300,248
S01005370,383,289,94
S01005371,439,354,85
S01005372,441,247,194
S01005373,366,199,167
S01005374,469,307,162
S01005375,449,321,128
S01005376,424,323,101
S01005377,413,243,170
S01005378,317,163,154
S01005379,405,292,113
S01005380,297,174,123
S01005381,273,167,106
S01005382,285,145,140
S01005383,260,254,6
S01005384,346,330,16
S01005385,318,306,12
S01005386,301,256,45
S01005387,414,295,119
S01005388,315,240,75
S01005389,428,252,176
S01005390,332,231,101
S01005391,333,242,91
S01005392,377,346,31
S01005393,352,323,29
S01005394,356,328,28
S01005395,362,339,23
S01005396,268,254,14
S01005397,293,241,52
S01005398,420,354,66
S01005399,497,297,200
S01005400,420,241,179
S01005401,426,314,112
S01005402,431,343,88
S01005403,391,273,118
S01005404,374,342,32
S01005405,242,207,35
S01005406,267,199,68
S01005407,420,390,30
S01005408,262,187,75
S01005409,285,225,60
S01005410,315,297,18
S01005411,398,358,40
S01005412,439,347,92
S01005413,480,315,165
S01005414,437,360,77
S01005415,326,265,61
S01005416,496,288,208
S01005417,312,276,36
S01005418,341,302,39
S01005419,319,233,86
S01005420,347,293,54
S01005421,357,294,63
S01005422,378,274,104
S01005423,368,320,48
S01005424,346,253,93
S01005425,456,222,234
S01005426,336,191,145
S01005427,425,238,187
S01005428,418,255,163
S01005429,375,215,160
S01005430,289,232,57
S01005431,312,195,117
S01005432,374,260,114
S01005433,411,277,134
S01005434,371,220,151
S01005435,414,260,154
S01005436,394,285,109
S01005437,406,323,83
S01005438,348,239,109
S01005439,319,225,94
S01005440,380,361,19
S01005441,415,306,109
S01005442,378,348,30
S01005443,437,354,83
S01005444,387,366,21
S01005445,415,315,100
S01005446,343,251,92
S01005447,340,261,79
S01005448,364,316,48
S01005449,356,340,16
S01005450,450,323,127
S01005451,415,321,94
S01005452,374,356,18
S01005453,397,323,74
S01005454,388,258,130
S01005455,476,279,197
S01005456,383,287,96
S01005457,430,271,159
S01005458,375,238,137
S01005459,334,314,20
S01005460,330,300,30
S01005461,308,284,24
S01005462,426,400,26
S01005463,239,202,37
S01005464,267,208,59
S01005465,260,207,53
S01005466,341,324,17
S01005467,230,195,35
S01005468,347,323,24
S01005469,379,348,31
S01005470,292,240,52
S01005471,289,263,26
S01005472,320,298,22
S01005473,325,296,29
S01005474,433,294,139
S01005475,317,303,14
S01005476,322,313,9
S01005477,360,299,61
S01005478,384,258,126
S01005479,239,175,64
S01005480,343,305,38
S01005481,263,199,64
S01005482,266,249,17
S01005483,298,242,56
S01005484,235,197,38
S01005485,338,210,128
S01005486,388,267,121
S01005487,293,201,92
S01005488,331,246,85
S01005489,392,348,44
S01005490,264,214,50
S01005491,385,329,56
S01005492,384,319,65
S01005493,299,254,45
S01005494,269,218,51
S01005495,268,211,57
S01005496,383,330,53
S01005497,208,198,10
S01005498,388,271,117
S01005499,277,159,118
S01005500,298,235,63
S01005501,309,253,56
S01005502,395,287,108
S01005503,268,170,98
S01005504,313,190,123
S01005505,296,171,125
S01005506,429,236,193
S01005507,253,148,105
S01005508,328,238,90
S01005509,196,182,14
S01005510,235,211,24
S01005511,236,201,35
S01005512,263,210,53
S01005513,290,239,51
S01005514,224,202,22
S01005515,204,170,34
S01005516,204,172,32
S01005517,361,287,74
S01005518,386,310,76
S01005519,281,220,61
S01005520,417,333,84
S01005521,363,274,89
S01005522,283,219,64
S01005523,362,320,42
S01005524,301,259,42
S01005525,295,195,100
S01005526,306,172,134
S01005527,251,127,124
S01005528,239,157,82
S01005529,371,214,157
S01005530,313,130,183
S01005531,278,171,107
S01005532,359,229,130
S01005533,358,229,129
S01005534,316,206,110
S01005535,359,233,126
S01005536,362,329,33
S01005537,281,223,58
S01005538,357,305,52
S01005539,393,322,71
S01005540,356,208,148
S01005541,303,163,140
S01005542,315,210,105
S01005543,342,230,112
S01005544,323,186,137
S01005545,319,262,57
S01005546,270,223,47
S01005547,293,255,38
S01005548,333,308,25
S01005549,382,320,62
S01005550,253,232,21
S01005551,388,371,17
S01005552,311,298,13
S01005553,326,300,26
S01005554,304,269,35
S01005555,266,250,16
S01005556,254,222,32
S01005557,285,196,89
S01005558,321,295,26
S01005559,255,149,106
S01005560,269,164,105
S01005561,343,322,21
S01005562,400,354,46
S01005563,389,220,169
S01005564,311,298,13
S01005565,248,223,25
S01005566,260,181,79
S01005567,490,323,167
S01005568,255,176,79
S01005569,271,245,26
S01005570,319,226,93
S01005571,264,249,15
S01005572,335,278,57
S01005573,308,207,101
S01005574,373,240,133
S01005575,280,260,20
S01005576,348,245,103
S01005577,343,286,57
S01005578,425,264,161
S01005579,320,293,27
S01005580,265,212,53
S01005581,373,228,145
S01005582,354,279,75
S01005583,280,246,34
S01005584,219,212,7
S01005585,458,190,268
S01005586,375,225,150
S01005587,423,279,144
S01005588,395,168,227
S01005589,455,271,184
S01005590,479,171,308
S01005591,419,234,185
S01005592,238,87,151
S01005593,309,192,117
S01005594,518,196,322
S01005595,323,148,175
S01005596,237,120,117
S01005597,462,242,220
S01005598,503,196,307
S01005599,237,126,111
S01005600,320,130,190
S01005601,304,182,122
S01005602,334,156,178
S01005603,210,126,84
S01005604,231,118,113
S01005605,490,292,198
S01005606,302,182,120
S01005607,290,203,87
S01005608,360,303,57
S01005609,378,252,126
S01005610,248,190,58
S01005611,316,141,175
S01005612,327,312,15
S01005613,366,228,138
S01005614,325,222,103
S01005615,466,289,177
S01005616,290,207,83
S01005617,340,222,118
S01005618,315,138,177
S01005619,232,216,16
S01005620,220,152,68
S01005621,283,187,96
S01005622,404,337,67
S01005623,346,248,98
S01005624,353,306,47
S01005625,377,301,76
S01005626,340,217,123
S01005627,291,226,65
S01005628,413,282,131
S01005629,345,279,66
S01005630,288,190,98
S01005631,319,238,81
S01005632,281,195,86
S01005633,356,214,142
S01005634,345,268,77
S01005635,337,297,40
S01005636,411,303,108
S01005637,396,302,94
S01005638,439,337,102
S01005639,303,180,123
S01005640,217,168,49
S01005641,341,276,65
S01005642,281,262,19
S01005643,269,231,38
S01005644,266,251,15
S01005645,338,293,45
S01005646,485,269,216
S01005647,348,242,106
S01005648,324,269,55
S01005649,487,290,197
S01005650,261,156,105
S01005651,423,261,162
S01005652,271,245,26
S01005653,349,240,109
S01005654,367,244,123
S01005655,389,335,54
S01005656,334,155,179
S01005657,268,184,84
S01005658,318,304,14
S01005659,327,309,18
S01005660,275,169,106
S01005661,275,255,20
S01005662,220,213,7
S01005663,254,230,24
S01005664,211,196,15
S01005665,191,181,10
S01005666,389,250,139
S01005667,315,260,55
S01005668,307,243,64
S01005669,267,211,56
S01005670,280,226,54
S01005671,204,185,19
S01005672,349,206,143
S01005673,270,238,32
S01005674,394,270,124
S01005675,427,258,169
S01005676,359,222,137
S01005677,311,297,14
S01005678,337,297,40
S01005679,322,242,80
S01005680,232,222,10
S01005681,448,304,144
S01005682,310,239,71
S01005683,377,182,195
S01005684,375,237,138
S01005685,234,226,8
S01005686,273,181,92
S01005687,209,198,11
S01005688,335,263,72
S01005689,191,179,12
S01005690,323,268,55
S01005691,236,210,26
S01005692,252,212,40
S01005693,304,261,43
S01005694,231,136,95
S01005695,235,169,66
S01005696,253,199,54
S01005697,315,151,164
S01005698,233,198,35
S01005699,448,252,196
S01005700,206,186,20
S01005701,326,161,165
S01005702,316,208,108
S01005703,227,217,10
S01005704,295,175,120
S01005705,225,198,27
S01005706,308,272,36
S01005707,282,153,129
S01005708,320,202,118
S01005709,333,221,112
S01005710,163,146,17
S01005711,383,317,66
S01005712,251,174,77
S01005713,285,217,68
S01005714,336,277,59
S01005715,342,255,87
S01005716,233,221,12
S01005717,221,190,31
S01005718,419,287,132
S01005719,200,175,25
S01005720,269,245,24
S01005721,350,202,148
S01005722,201,181,20
S01005723,292,200,92
S01005724,226,220,6
S01005725,274,235,39
S01005726,342,275,67
S01005727,229,204,25
S01005728,300,229,71
S01005729,265,167,98
S01005730,326,216,110
S01005731,287,159,128
S01005732,393,264,129
S01005733,285,238,47
S01005734,282,239,43
S01005735,261,254,7
S01005736,314,247,67
S01005737,314,216,98
S01005738,328,216,112
S01005739,265,252,13
S01005740,294,275,19
S01005741,381,307,74
S01005742,287,234,53
S01005743,231,223,8
S01005744,364,235,129
S01005745,389,262,127
S01005746,306,274,32
S01005747,343,288,55
S01005748,227,110,117
S01005749,323,286,37
S01005750,305,254,51
S01005751,297,236,61
S01005752,312,170,142
S01005753,283,218,65
S01005754,381,309,72
S01005755,355,181,174
S01005756,371,232,139
S01005757,249,124,125
S01005758,363,256,107
S01005759,372,186,186
S01005760,235,207,28
S01005761,262,224,38
S01005762,342,190,152
S01005763,308,288,20
S01005764,267,152,115
S01005765,375,228,147
S01005766,304,242,62
S01005767,263,244,19
S01005768,379,235,144
S01005769,345,216,129
S01005770,321,167,154
S01005771,294,276,18
S01005772,274,238,36
S01005773,310,287,23
S01005774,267,203,64
S01005775,382,245,137
S01005776,294,244,50
S01005777,241,184,57
S01005778,336,210,126
S01005779,292,258,34
S01005780,220,218,2
S01005781,393,262,131
S01005782,384,214,170
S01005783,198,165,33
S01005784,170,167,3
S01005785,290,279,11
S01005786,228,160,68
S01005787,265,215,50
S01005788,262,145,117
S01005789,329,264,65
S01005790,203,152,51
S01005791,211,173,38
S01005792,292,193,99
S01005793,185,160,25
S01005794,408,342,66
S01005795,271,196,75
S01005796,201,162,39
S01005797,282,280,2
S01005798,265,148,117
S01005799,313,197,116
S01005800,293,233,60
S01005801,246,187,59
S01005802,247,231,16
S01005803,264,168,96
S01005804,245,169,76
S01005805,205,187,18
S01005806,290,177,113
S01005807,337,213,124
S01005808,286,183,103
S01005809,189,142,47
S01005810,210,134,76
S01005811,233,158,75
S01005812,226,210,16
S01005813,324,207,117
S01005814,291,154,137
S01005815,408,232,176
S01005816,321,212,109
S01005817,203,188,15
S01005818,238,229,9
S01005819,293,153,140
S01005820,313,216,97
S01005821,222,126,96
S01005822,378,256,122
S01005823,228,181,47
S01005824,249,234,15
S01005825,344,194,150
S01005826,319,312,7
S01005827,291,265,26
S01005828,351,196,155
S01005829,320,264,56
S01005830,478,278,200
S01005831,365,316,49
S01005832,335,181,154
S01005833,289,223,66
S01005834,298,147,151
S01005835,259,241,18
S01005836,239,228,11
S01005837,177,166,11
S01005838,285,221,64
S01005839,332,242,90
S01005840,353,206,147
S01005841,278,178,100
S01005842,274,163,111
S01005843,221,208,13
S01005844,305,227,78
S01005845,198,181,17
S01005846,485,248,237
S01005847,377,198,179
S01005848,268,156,112
S01005849,348,261,87
S01005850,320,196,124
S01005851,384,204,180
S01005852,246,184,62
S01005853,428,279,149
S01005854,342,215,127
S01005855,431,198,233
S01005856,356,197,159
S01005857,333,193,140
S01005858,294,202,92
S01005859,335,264,71
S01005860,373,203,170
S01005861,183,180,3
S01005862,342,245,97
S01005863,392,281,111
S01005864,469,255,214
S01005865,379,215,164
S01005866,305,238,67
S01005867,382,286,96
S01005868,269,235,34
S01005869,270,140,130
S01005870,364,219,145
S01005871,331,222,109
S01005872,339,246,93
S01005873,413,297,116
S01005874,348,139,209
S01005875,283,241,42
S01005876,310,288,22
S01005877,368,235,133
S01005878,275,251,24
S01005879,289,213,76
S01005880,426,168,258
S01005881,361,201,160
S01005882,240,230,10
S01005883,229,142,87
S01005884,357,293,64
S01005885,237,220,17
S01005886,273,260,13
S01005887,258,159,99
S01005888,231,159,72
S01005889,492,251,241
S01005890,278,262,16
S01005891,284,144,140
S01005892,365,156,209
S01005893,341,217,124
S01005894,311,203,108
S01005895,260,239,21
S01005896,259,240,19
S01005897,344,245,99
S01005898,313,225,88
S01005899,400,207,193
S01005900,265,239,26
S01005901,293,261,32
S01005902,353,307,46
S01005903,450,274,176
S01005904,342,242,100
S01005905,271,229,42
S01005906,348,249,99
S01005907,397,249,148
S01005908,421,275,146
S01005909,214,167,47
S01005910,308,255,53
S01005911,429,299,130
S01005912,339,224,115
S01005913,367,160,207
S01005914,455,253,202
S01005915,349,205,144
S01005916,242,235,7
S01005917,379,170,209
S01005918,422,254,168
S01005919,209,201,8
S01005920,448,265,183
S01005921,264,212,52
S01005922,481,359,122
S01005923,346,247,99
S01005924,218,214,4
S01005925,269,265,4
S01005926,366,244,122
S01005927,332,282,50
S01005928,326,176,150
S01005929,271,166,105
S01005930,290,173,117
S01005931,358,242,116
S01005932,314,136,178
S01005933,264,256,8
S01005934,353,186,167
S01005935,335,204,131
S01005936,404,221,183
S01005937,201,199,2
S01005938,336,143,193
S01005939,323,156,167
S01005940,341,203,138
S01005941,152,150,2
S01005942,447,229,218
S01005943,414,285,129
S01005944,494,278,216
S01005945,376,254,122
S01005946,377,238,139
S01005947,395,137,258
S01005948,287,171,116
S01005949,277,179,98
S01005950,301,158,143
S01005951,466,160,306
S01005952,504,265,239
S01005953,403,282,121
S01005954,237,95,142
S01005955,290,218,72
S01005956,366,195,171
S01005957,403,186,217
S01005958,252,157,95
S01005959,250,98,152
S01005960,257,139,118
S01005961,316,173,143
S01005962,239,121,118
S01005963,247,157,90
S01005964,331,163,168
S01005965,328,168,160
S01005966,374,168,206
S01005967,374,175,199
S01005968,228,207,21
S01005969,297,212,85
S01005970,363,194,169
S01005971,192,106,86
S01005972,393,203,190
S01005973,372,213,159
S01005974,345,185,160
S01005975,292,146,146
S01005976,397,329,68
S01005977,294,194,100
S01005978,321,259,62
S01005979,385,260,125
S01005980,229,213,16
S01005981,223,142,81
S01005982,276,137,139
S01005983,347,329,18
S01005984,280,257,23
S01005985,354,205,149
S01005986,267,257,10
S01005987,288,130,158
S01005988,250,123,127
S01005989,264,251,13
S01005990,519,157,362
S01005991,297,178,119
S01005992,318,106,212
S01005993,302,262,40
S01005994,384,237,147
S01005995,380,120,260
S01005996,305,286,19
S01005997,269,147,122
S01005998,335,109,226
S01005999,314,276,38
S01006000,365,147,218
S01006001,303,222,81
S01006002,284,139,145
S01006003,325,162,163
S01006004,238,222,16
S01006005,242,120,122
S01006006,297,263,34
S01006007,280,116,164
S01006008,355,149,206
S01006009,202,180,22
S01006010,354,319,35
S01006011,374,164,210
S01006012,367,175,192
S01006013,193,188,5
S01006014,288,159,129
S01006015,357,292,65
S01006016,369,337,32
S01006017,275,141,134
S01006018,272,241,31
S01006019,373,224,149
S01006020,329,289,40
S01006021,389,271,118
S01006022,239,111,128
S01006023,257,250,7
S01006024,381,152,229
S01006025,378,212,166
S01006026,332,172,160
S01006027,284,233,51
S01006028,311,228,83
S01006029,271,229,42
S01006030,373,301,72
S01006031,398,249,149
S01006032,472,232,240
S01006033,296,225,71
S01006034,338,141,197
S01006035,451,289,162
S01006036,288,266,22
S01006037,398,290,108
S01006038,326,235,91
S01006039,343,242,101
S01006040,339,176,163
S01006041,491,179,312
S01006042,385,239,146
S01006043,253,182,71
S01006044,278,214,64
S01006045,275,210,65
S01006046,341,236,105
S01006047,337,172,165
S01006048,329,274,55
S01006049,389,205,184
S01006050,381,210,171
S01006051,388,254,134
S01006052,323,242,81
S01006053,342,280,62
S01006054,331,211,120
S01006055,253,185,68
S01006056,368,335,33
S01006057,273,109,164
S01006058,399,134,265
S01006059,465,170,295
S01006060,367,156,211
S01006061,360,95,265
S01006062,381,146,235
S01006063,246,73,173
S01006064,368,128,240
S01006065,459,162,297
S01006066,429,244,185
S01006067,401,376,25
S01006068,206,163,43
S01006069,278,272,6
S01006070,258,246,12
S01006071,342,329,13
S01006072,248,222,26
S01006073,201,168,33
S01006074,274,255,19
S01006075,388,238,150
S01006076,353,247,106
S01006077,316,220,96
S01006078,412,344,68
S01006079,300,219,81
S01006080,373,282,91
S01006081,301,279,22
S01006082,373,225,148
S01006083,385,319,66
S01006084,324,235,89
S01006085,293,226,67
S01006086,287,208,79
S01006087,352,242,110
S01006088,283,247,36
S01006089,354,249,105
S01006090,324,203,121
S01006091,228,211,17
S01006092,253,182,71
S01006093,225,152,73
S01006094,403,273,130
S01006095,331,292,39
S01006096,268,189,79
S01006097,461,272,189
S01006098,325,208,117
S01006099,223,212,11
S01006100,288,118,170
S01006101,297,210,87
S01006102,369,220,149
S01006103,338,302,36
S01006104,346,224,122
S01006105,302,180,122
S01006106,248,188,60
S01006107,276,180,96
S01006108,332,229,103
S01006109,379,277,102
S01006110,326,171,155
S01006111,374,255,119
S01006112,336,301,35
S01006113,365,346,19
S01006114,323,218,105
S01006115,377,310,67
S01006116,345,325,20
S01006117,373,263,110
S01006118,223,184,39
S01006119,420,369,51
S01006120,413,223,190
S01006121,236,173,63
S01006122,331,301,30
S01006123,329,150,179
S01006124,316,163,153
S01006125,265,186,79
S01006126,376,201,175
S01006127,328,241,87
S01006128,381,209,172
S01006129,311,284,27
S01006130,213,106,107
S01006131,366,330,36
S01006132,426,158,268
S01006133,244,214,30
S01006134,231,159,72
S01006135,266,96,170
S01006136,350,129,221
S01006137,222,123,99
S01006138,270,240,30
S01006139,169,91,78
S01006140,378,273,105
S01006141,291,168,123
S01006142,295,255,40
S01006143,209,178,31
S01006144,399,366,33
S01006145,408,269,139
S01006146,346,311,35
S01006147,405,288,117
S01006148,350,264,86
S01006149,392,356,36
S01006150,396,341,55
S01006151,99,63,36
S01006152,297,279,18
S01006153,218,209,9
S01006154,266,259,7
S01006155,349,280,69
S01006156,242,196,46
S01006157,387,261,126
S01006158,336,293,43
S01006159,393,315,78
S01006160,279,272,7
S01006161,303,278,25
S01006162,249,215,34
S01006163,407,359,48
S01006164,254,208,46
S01006165,223,168,55
S01006166,348,324,24
S01006167,362,321,41
S01006168,321,261,60
S01006169,311,264,47
S01006170,411,348,63
S01006171,394,288,106
S01006172,205,172,33
S01006173,254,238,16
S01006174,241,192,49
S01006175,356,304,52
S01006176,239,197,42
S01006177,378,114,264
S01006178,376,219,157
S01006179,352,201,151
S01006180,411,189,222
S01006181,325,118,207
S01006182,364,172,192
S01006183,294,114,180
S01006184,311,158,153
S01006185,403,207,196
S01006186,401,171,230
S01006187,435,134,301
S01006188,355,174,181
S01006189,357,122,235
S01006190,357,197,160
S01006191,283,106,177
S01006192,354,132,222
S01006193,327,114,213
S01006194,401,189,212
S01006195,465,145,320
S01006196,402,209,193
S01006197,371,172,199
S01006198,326,85,241
S01006199,369,150,219
S01006200,379,224,155
S01006201,434,219,215
S01006202,397,128,269
S01006203,253,136,117
S01006204,425,240,185
S01006205,316,196,120
S01006206,323,222,101
S01006207,469,201,268
S01006208,337,183,154
S01006209,298,241,57
S01006210,340,231,109
S01006211,278,136,142
S01006212,281,268,13
S01006213,413,228,185
S01006214,367,220,147
S01006215,358,217,141
S01006216,282,198,84
S01006217,434,228,206
S01006218,257,196,61
S01006219,468,285,183
S01006220,336,272,64
S01006221,428,199,229
S01006222,417,248,169
S01006223,295,259,36
S01006224,297,220,77
S01006225,374,155,219
S01006226,244,215,29
S01006227,315,197,118
S01006228,262,248,14
S01006229,396,169,227
S01006230,357,135,222
S01006231,375,134,241
S01006232,288,254,34
S01006233,285,199,86
S01006234,282,182,100
S01006235,313,225,88
S01006236,320,193,127
S01006237,454,244,210
S01006238,416,278,138
S01006239,177,161,16
S01006240,339,144,195
S01006241,474,225,249
S01006242,354,178,176
S01006243,211,192,19
S01006244,283,137,146
S01006245,241,145,96
S01006246,271,166,105
S01006247,359,273,86
S01006248,307,246,61
S01006249,411,269,142
S01006250,331,169,162
S01006251,263,182,81
S01006252,238,189,49
S01006253,264,119,145
S01006254,295,248,47
S01006255,339,250,89
S01006256,274,128,146
S01006257,336,190,146
S01006258,335,157,178
S01006259,288,130,158
S01006260,297,105,192
S01006261,363,187,176
S01006262,309,168,141
S01006263,382,222,160
S01006264,316,309,7
S01006265,372,283,89
S01006266,304,168,136
S01006267,234,129,105
S01006268,260,161,99
S01006269,240,140,100
S01006270,399,278,121
S01006271,313,180,133
S01006272,390,203,187
S01006273,270,143,127
S01006274,242,147,95
S01006275,288,238,50
S01006276,355,232,123
S01006277,316,225,91
S01006278,420,160,260
S01006279,366,219,147
S01006280,314,159,155
S01006281,342,185,157
S01006282,331,193,138
S01006283,326,197,129
S01006284,371,225,146
S01006285,343,241,102
S01006286,411,268,143
S01006287,263,205,58
S01006288,407,186,221
S01006289,406,275,131
S01006290,432,190,242
S01006291,219,81,138
S01006292,354,291,63
S01006293,342,324,18
S01006294,246,224,22
S01006295,241,200,41
S01006296,372,325,47
S01006297,311,185,126
S01006298,352,256,96
S01006299,330,201,129
S01006300,337,175,162
S01006301,292,157,135
S01006302,361,284,77
S01006303,288,183,105
S01006304,298,142,156
S01006305,287,212,75
S01006306,292,222,70
S01006307,393,247,146
S01006308,281,164,117
S01006309,384,349,35
S01006310,332,258,74
S01006311,331,235,96
S01006312,254,172,82
S01006313,393,283,110
S01006314,222,214,8
S01006315,375,219,156
S01006316,345,274,71
S01006317,348,234,114
S01006318,315,198,117
S01006319,430,269,161
S01006320,411,215,196
S01006321,232,225,7
S01006322,215,210,5
S01006323,321,291,30
S01006324,205,197,8
S01006325,333,204,129
S01006326,447,204,243
S01006327,263,173,90
S01006328,283,149,134
S01006329,396,323,73
S01006330,326,195,131
S01006331,273,212,61
S01006332,267,171,96
S01006333,403,232,171
S01006334,385,227,158
S01006335,346,263,83
S01006336,273,261,12
S01006337,257,248,9
S01006338,345,319,26
S01006339,365,265,100
S01006340,268,214,54
S01006341,262,248,14
S01006342,305,200,105
S01006343,328,194,134
S01006344,292,203,89
S01006345,236,156,80
S01006346,259,203,56
S01006347,220,212,8
S01006348,234,198,36
S01006349,222,130,92
S01006350,333,169,164
S01006351,348,253,95
S01006352,280,180,100
S01006353,252,189,63
S01006354,389,260,129
S01006355,298,175,123
S01006356,304,272,32
S01006357,296,263,33
S01006358,295,157,138
S01006359,374,272,102
S01006360,269,232,37
S01006361,326,212,114
S01006362,317,266,51
S01006363,287,264,23
S01006364,256,194,62
S01006365,363,344,19
S01006366,267,254,13
S01006367,306,256,50
S01006368,281,271,10
S01006369,341,225,116
S01006370,344,306,38
S01006371,227,218,9
S01006372,308,202,106
S01006373,342,278,64
S01006374,273,177,96
S01006375,313,193,120
S01006376,293,256,37
S01006377,237,154,83
S01006378,178,176,2
S01006379,246,170,76
S01006380,258,169,89
S01006381,242,170,72
S01006382,295,201,94
S01006383,230,175,55
S01006384,274,250,24
S01006385,403,229,174
S01006386,400,287,113
S01006387,339,240,99
S01006388,485,265,220
S01006389,286,181,105
S01006390,275,185,90
S01006391,310,304,6
S01006392,377,208,169
S01006393,366,144,222
S01006394,276,194,82
S01006395,347,249,98
S01006396,256,139,117
S01006397,274,234,40
S01006398,389,301,88
S01006399,310,209,101
S01006400,392,304,88
S01006401,321,211,110
S01006402,311,135,176
S01006403,340,222,118
S01006404,381,234,147
S01006405,421,290,131
S01006406,192,98,94
S01006407,278,252,26
S01006408,425,238,187
S01006409,240,186,54
S01006410,348,197,151
S01006411,295,226,69
S01006412,274,187,87
S01006413,225,147,78
S01006414,210,177,33
S01006415,325,261,64
S01006416,341,186,155
S01006417,253,192,61
S01006418,275,164,111
S01006419,255,160,95
S01006420,332,189,143
S01006421,268,178,90
S01006422,299,175,124
S01006423,236,215,21
S01006424,268,176,92
S01006425,310,170,140
S01006426,212,170,42
S01006427,379,228,151
S01006428,319,226,93
S01006429,266,151,115
S01006430,228,224,4
S01006431,201,190,11
S01006432,287,202,85
S01006433,253,179,74
S01006434,350,256,94
S01006435,188,145,43
S01006436,283,201,82
S01006437,355,280,75
S01006438,366,158,208
S01006439,390,211,179
S01006440,341,227,114
S01006441,277,184,93
S01006442,328,210,118
S01006443,211,148,63
S01006444,235,196,39
S01006445,283,223,60
S01006446,324,274,50
S01006447,274,147,127
S01006448,338,308,30
S01006449,198,184,14
S01006450,241,133,108
S01006451,276,184,92
S01006452,257,168,89
S01006453,300,208,92
S01006454,229,216,13
S01006455,247,141,106
S01006456,378,279,99
S01006457,225,172,53
S01006458,332,315,17
S01006459,249,220,29
S01006460,214,161,53
S01006461,298,252,46
S01006462,316,268,48
S01006463,256,217,39
S01006464,331,260,71
S01006465,395,275,120
S01006466,313,262,51
S01006467,366,322,44
S01006468,390,351,39
S01006469,274,198,76
S01006470,365,218,147
S01006471,357,192,165
S01006472,285,163,122
S01006473,300,254,46
S01006474,327,221,106
S01006475,372,234,138
S01006476,312,222,90
S01006477,397,204,193
S01006478,360,244,116
S01006479,327,213,114
S01006480,349,301,48
S01006481,224,180,44
S01006482,339,262,77
S01006483,364,235,129
S01006484,379,227,152
S01006485,238,229,9
S01006486,269,261,8
S01006487,326,194,132
S01006488,259,226,33
S01006489,320,206,114
S01006490,267,257,10
S01006491,299,288,11
S01006492,247,175,72
S01006493,288,193,95
S01006494,241,213,28
S01006495,333,292,41
S01006496,497,274,223
S01006497,231,187,44
S01006498,423,343,80
S01006499,348,290,58
S01006500,304,233,71
S01006501,301,290,11
S01006502,250,239,11
S01006503,273,250,23
S01006504,285,258,27
S01006505,245,239,6
