dz_2001,total,some,none
S01000001,424,351,73
S01000002,265,254,11
S01000003,337,316,21
S01000004,259,242,17
S01000005,340,302,38
S01000006,256,205,51
S01000007,315,282,33
S01000008,274,216,58
S01000009,297,244,53
S01000010,246,217,29
S01000011,339,327,12
S01000012,554,520,34
S01000013,364,298,66
S01000014,372,326,46
S01000015,292,270,22
S01000016,185,174,11
S01000017,390,313,77
S01000018,235,207,28
S01000019,230,211,19
S01000020,314,256,58
S01000021,373,286,87
S01000022,247,239,8
S01000023,271,263,8
S01000024,170,164,6
S01000025,281,280,1
S01000026,385,227,158
S01000027,339,321,18
S01000028,425,260,165
S01000029,222,219,3
S01000030,212,133,79
S01000031,427,370,57
S01000032,490,330,160
S01000033,409,226,183
S01000034,461,445,16
S01000035,433,291,142
S01000036,286,182,104
S01000037,359,255,104
S01000038,291,215,76
S01000039,439,254,185
S01000040,385,263,122
S01000041,390,289,101
S01000042,356,227,129
S01000043,496,305,191
S01000044,429,241,188
S01000045,240,218,22
S01000046,341,309,32
S01000047,499,287,212
S01000048,451,381,70
S01000049,330,290,40
S01000050,337,262,75
S01000051,363,317,46
S01000052,256,135,121
S01000053,587,397,190
S01000054,392,296,96
S01000055,315,165,150
S01000056,403,364,39
S01000057,288,154,134
S01000058,305,279,26
S01000059,435,401,34
S01000060,291,126,165
S01000061,496,435,61
S01000062,564,423,141
S01000063,398,347,51
S01000064,288,191,97
S01000065,572,402,170
S01000066,481,248,233
S01000067,586,437,149
S01000068,414,312,102
S01000069,377,174,203
S01000070,289,174,115
S01000071,423,197,226
S01000072,442,323,119
S01000073,262,246,16
S01000074,386,180,206
S01000075,345,223,122
S01000076,312,281,31
S01000077,399,346,53
S01000078,635,241,394
S01000079,785,641,144
S01000080,589,380,209
S01000081,402,362,40
S01000082,493,254,239
S01000083,366,282,84
S01000084,511,236,275
S01000085,352,199,153
S01000086,359,256,103
S01000087,507,453,54
S01000088,555,422,133
S01000089,389,367,22
S01000090,430,325,105
S01000091,633,385,248
S01000092,599,368,231
S01000093,367,248,119
S01000094,404,251,153
S01000095,422,286,136
S01000096,392,234,158
S01000097,427,394,33
S01000098,697,358,339
S01000099,366,333,33
S01000100,466,259,207
S01000101,427,333,94
S01000102,465,218,247
S01000103,354,219,135
S01000104,374,354,20
S01000105,417,376,41
S01000106,290,272,18
S01000107,705,255,450
S01000108,413,208,205
S01000109,650,254,396
S01000110,407,300,107
S01000111,371,294,77
S01000112,578,289,289
S01000113,272,220,52
S01000114,374,227,147
S01000115,399,245,154
S01000116,575,355,220
S01000117,432,339,93
S01000118,330,262,68
S01000119,552,250,302
S01000120,311,197,114
S01000121,334,253,81
S01000122,338,209,129
S01000123,265,243,22
S01000124,565,289,276
S01000125,341,157,184
S01000126,592,213,379
S01000127,323,293,30
S01000128,651,289,362
S01000129,340,138,202
S01000130,880,487,393
S01000131,354,250,104
S01000132,437,282,155
S01000133,376,263,113
S01000134,321,191,130
S01000135,393,151,242
S01000136,301,171,130
S01000137,524,306,218
S01000138,492,239,253
S01000139,364,250,114
S01000140,415,289,126
S01000141,366,298,68
S01000142,311,170,141
S01000143,245,235,10
S01000144,419,226,193
S01000145,464,252,212
S01000146,950,466,484
S01000147,602,327,275
S01000148,301,159,142
S01000149,690,330,360
S01000150,272,192,80
S01000151,480,231,249
S01000152,630,454,176
S01000153,553,317,236
S01000154,250,173,77
S01000155,364,212,152
S01000156,525,263,262
S01000157,409,198,211
S01000158,435,253,182
S01000159,352,339,13
S01000160,332,233,99
S01000161,401,265,136
S01000162,431,264,167
S01000163,467,313,154
S01000164,347,165,182
S01000165,504,265,239
S01000166,561,298,263
S01000167,304,210,94
S01000168,445,275,170
S01000169,346,220,126
S01000170,538,338,200
S01000171,395,383,12
S01000172,209,148,61
S01000173,390,192,198
S01000174,309,300,9
S01000175,286,161,125
S01000176,342,199,143
S01000177,271,202,69
S01000178,312,212,100
S01000179,499,188,311
S01000180,283,205,78
S01000181,242,153,89
S01000182,350,248,102
S01000183,532,257,275
S01000184,361,277,84
S01000185,518,210,308
S01000186,510,310,200
S01000187,248,158,90
S01000188,444,214,230
S01000189,218,123,95
S01000190,360,234,126
S01000191,596,461,135
S01000192,366,170,196
S01000193,291,186,105
S01000194,370,198,172
S01000195,398,165,233
S01000196,343,186,157
S01000197,242,170,72
S01000198,349,180,169
S01000199,384,165,219
S01000200,419,258,161
S01000201,305,193,112
S01000202,497,337,160
S01000203,315,152,163
S01000204,257,156,101
S01000205,414,227,187
S01000206,276,218,58
S01000207,544,226,318
S01000208,395,194,201
S01000209,505,241,264
S01000210,401,185,216
S01000211,358,163,195
S01000212,334,212,122
S01000213,427,226,201
S01000214,233,154,79
S01000215,386,363,23
S01000216,315,244,71
S01000217,366,181,185
S01000218,342,237,105
S01000219,416,203,213
S01000220,345,191,154
S01000221,464,242,222
S01000222,335,242,93
S01000223,309,254,55
S01000224,350,264,86
S01000225,254,207,47
S01000226,302,248,54
S01000227,537,496,41
S01000228,453,359,94
S01000229,409,284,125
S01000230,319,248,71
S01000231,318,295,23
S01000232,293,182,111
S01000233,271,159,112
S01000234,334,298,36
S01000235,343,309,34
S01000236,299,251,48
S01000237,368,335,33
S01000238,235,217,18
S01000239,295,259,36
S01000240,287,241,46
S01000241,212,206,6
S01000242,341,287,54
S01000243,262,244,18
S01000244,573,465,108
S01000245,392,336,56
S01000246,283,236,47
S01000247,273,253,20
S01000248,342,318,24
S01000249,281,245,36
S01000250,288,271,17
S01000251,150,145,5
S01000252,345,321,24
S01000253,221,210,11
S01000254,339,312,27
S01000255,273,252,21
S01000256,416,303,113
S01000257,408,346,62
S01000258,240,221,19
S01000259,223,216,7
S01000260,334,313,21
S01000261,400,368,32
S01000262,410,357,53
S01000263,302,278,24
S01000264,419,321,98
S01000265,339,244,95
S01000266,530,423,107
S01000267,292,231,61
S01000268,354,305,49
S01000269,248,240,8
S01000270,429,395,34
S01000271,370,325,45
S01000272,442,387,55
S01000273,243,234,9
S01000274,289,229,60
S01000275,608,503,105
S01000276,282,266,16
S01000277,298,256,42
S01000278,285,202,83
S01000279,353,342,11
S01000280,294,264,30
S01000281,298,256,42
S01000282,304,290,14
S01000283,430,400,30
S01000284,452,435,17
S01000285,278,265,13
S01000286,485,366,119
S01000287,302,274,28
S01000288,333,289,44
S01000289,419,309,110
S01000290,367,248,119
S01000291,344,313,31
S01000292,424,368,56
S01000293,478,304,174
S01000294,249,220,29
S01000295,221,202,19
S01000296,385,343,42
S01000297,301,261,40
S01000298,393,362,31
S01000299,392,368,24
S01000300,279,273,6
S01000301,245,203,42
S01000302,225,216,9
S01000303,258,247,11
S01000304,291,283,8
S01000305,450,389,61
S01000306,294,285,9
S01000307,344,337,7
S01000308,484,473,11
S01000309,465,449,16
S01000310,366,338,28
S01000311,424,368,56
S01000312,246,209,37
S01000313,312,254,58
S01000314,240,217,23
S01000315,266,235,31
S01000316,444,339,105
S01000317,264,199,65
S01000318,220,206,14
S01000319,238,225,13
S01000320,332,294,38
S01000321,229,222,7
S01000322,394,375,19
S01000323,364,305,59
S01000324,312,294,18
S01000325,490,437,53
S01000326,337,259,78
S01000327,308,285,23
S01000328,199,174,25
S01000329,318,282,36
S01000330,471,440,31
S01000331,280,233,47
S01000332,319,281,38
S01000333,355,340,15
S01000334,403,330,73
S01000335,339,317,22
S01000336,530,498,32
S01000337,354,325,29
S01000338,197,183,14
S01000339,461,412,49
S01000340,423,401,22
S01000341,430,404,26
S01000342,213,171,42
S01000343,216,212,4
S01000344,396,368,28
S01000345,255,230,25
S01000346,274,255,19
S01000347,552,526,26
S01000348,316,296,20
S01000349,254,208,46
S01000350,390,365,25
S01000351,378,359,19
S01000352,301,279,22
S01000353,215,203,12
S01000354,571,545,26
S01000355,234,227,7
S01000356,240,234,6
S01000357,220,216,4
S01000358,358,346,12
S01000359,280,277,3
S01000360,253,231,22
S01000361,254,245,9
S01000362,401,367,34
S01000363,454,445,9
S01000364,372,359,13
S01000365,762,722,40
S01000366,742,712,30
S01000367,358,337,21
S01000368,545,491,54
S01000369,396,373,23
S01000370,547,527,20
S01000371,427,341,86
S01000372,400,338,62
S01000373,264,249,15
S01000374,275,243,32
S01000375,275,230,45
S01000376,350,288,62
S01000377,353,342,11
S01000378,196,167,29
S01000379,248,243,5
S01000380,366,353,13
S01000381,601,550,51
S01000382,321,302,19
S01000383,470,436,34
S01000384,322,284,38
S01000385,267,230,37
S01000386,535,472,63
S01000387,372,328,44
S01000388,387,375,12
S01000389,306,297,9
S01000390,349,274,75
S01000391,330,246,84
S01000392,314,302,12
S01000393,395,304,91
S01000394,296,239,57
S01000395,309,300,9
S01000396,441,266,175
S01000397,448,359,89
S01000398,851,826,25
S01000399,305,223,82
S01000400,426,305,121
S01000401,348,341,7
S01000402,340,294,46
S01000403,361,298,63
S01000404,290,263,27
S01000405,192,186,6
S01000406,266,211,55
S01000407,270,194,76
S01000408,242,227,15
S01000409,234,217,17
S01000410,273,268,5
S01000411,275,268,7
S01000412,321,303,18
S01000413,350,325,25
S01000414,277,260,17
S01000415,414,345,69
S01000416,359,329,30
S01000417,432,375,57
S01000418,304,295,9
S01000419,531,518,13
S01000420,537,460,77
S01000421,292,278,14
S01000422,388,343,45
S01000423,375,364,11
S01000424,289,272,17
S01000425,369,316,53
S01000426,301,288,13
S01000427,348,301,47
S01000428,275,253,22
S01000429,409,358,51
S01000430,216,180,36
S01000431,347,231,116
S01000432,435,380,55
S01000433,248,181,67
S01000434,253,194,59
S01000435,224,188,36
S01000436,237,226,11
S01000437,412,343,69
S01000438,215,210,5
S01000439,316,306,10
S01000440,450,427,23
S01000441,394,342,52
S01000442,326,315,11
S01000443,241,235,6
S01000444,854,830,24
S01000445,516,458,58
S01000446,386,365,21
S01000447,306,274,32
S01000448,331,326,5
S01000449,329,258,71
S01000450,254,235,19
S01000451,371,343,28
S01000452,226,218,8
S01000453,225,223,2
S01000454,216,165,51
S01000455,341,312,29
S01000456,435,397,38
S01000457,392,304,88
S01000458,346,336,10
S01000459,496,363,133
S01000460,322,203,119
S01000461,463,278,185
S01000462,450,338,112
S01000463,291,237,54
S01000464,338,325,13
S01000465,272,263,9
S01000466,322,315,7
S01000467,294,226,68
S01000468,202,195,7
S01000469,246,227,19
S01000470,358,319,39
S01000471,316,289,27
S01000472,289,237,52
S01000473,292,221,71
S01000474,247,242,5
S01000475,305,220,85
S01000476,253,232,21
S01000477,311,252,59
S01000478,386,230,156
S01000479,398,291,107
S01000480,282,249,33
S01000481,756,698,58
S01000482,439,219,220
S01000483,522,332,190
S01000484,366,235,131
S01000485,417,369,48
S01000486,573,261,312
S01000487,273,195,78
S01000488,307,210,97
S01000489,451,252,199
S01000490,243,219,24
S01000491,247,125,122
S01000492,370,246,124
S01000493,295,246,49
S01000494,233,146,87
S01000495,354,317,37
S01000496,217,209,8
S01000497,332,291,41
S01000498,247,207,40
S01000499,433,378,55
S01000500,231,187,44
S01000501,288,203,85
S01000502,221,213,8
S01000503,191,188,3
S01000504,411,288,123
S01000505,298,283,15
S01000506,381,370,11
S01000507,476,352,124
S01000508,359,339,20
S01000509,467,374,93
S01000510,309,240,69
S01000511,233,218,15
S01000512,421,374,47
S01000513,396,319,77
S01000514,367,339,28
S01000515,209,203,6
S01000516,338,307,31
S01000517,318,261,57
S01000518,434,347,87
S01000519,196,189,7
S01000520,448,412,36
S01000521,415,329,86
S01000522,261,243,18
S01000523,342,276,66
S01000524,260,249,11
S01000525,416,388,28
S01000526,382,370,12
S01000527,256,242,14
S01000528,368,349,19
S01000529,325,307,18
S01000530,197,184,13
S01000531,259,237,22
S01000532,366,254,112
S01000533,319,251,68
S01000534,357,231,126
S01000535,453,327,126
S01000536,203,182,21
S01000537,372,336,36
S01000538,338,243,95
S01000539,507,308,199
S01000540,344,262,82
S01000541,266,196,70
S01000542,301,227,74
S01000543,330,269,61
S01000544,306,258,48
S01000545,328,248,80
S01000546,368,278,90
S01000547,238,193,45
S01000548,481,383,98
S01000549,426,394,32
S01000550,177,168,9
S01000551,412,313,99
S01000552,214,201,13
S01000553,378,301,77
S01000554,282,199,83
S01000555,389,288,101
S01000556,330,243,87
S01000557,380,305,75
S01000558,231,195,36
S01000559,313,219,94
S01000560,483,309,174
S01000561,512,295,217
S01000562,411,261,150
S01000563,515,255,260
S01000564,399,218,181
S01000565,324,252,72
S01000566,351,243,108
S01000567,371,278,93
S01000568,225,184,41
S01000569,334,259,75
S01000570,408,331,77
S01000571,453,282,171
S01000572,305,265,40
S01000573,204,194,10
S01000574,350,292,58
S01000575,305,231,74
S01000576,237,213,24
S01000577,237,199,38
S01000578,286,230,56
S01000579,331,308,23
S01000580,374,352,22
S01000581,297,270,27
S01000582,279,224,55
S01000583,386,340,46
S01000584,407,295,112
S01000585,588,429,159
S01000586,308,267,41
S01000587,316,218,98
S01000588,257,202,55
S01000589,328,270,58
S01000590,330,274,56
S01000591,341,297,44
S01000592,392,316,76
S01000593,504,471,33
S01000594,402,387,15
S01000595,326,260,66
S01000596,331,290,41
S01000597,415,373,42
S01000598,491,471,20
S01000599,465,424,41
S01000600,324,301,23
S01000601,483,461,22
S01000602,317,281,36
S01000603,405,380,25
S01000604,384,357,27
S01000605,317,260,57
S01000606,422,204,218
S01000607,347,284,63
S01000608,655,343,312
S01000609,505,307,198
S01000610,498,225,273
S01000611,303,178,125
S01000612,594,322,272
S01000613,526,388,138
S01000614,305,247,58
S01000615,461,225,236
S01000616,573,513,60
S01000617,294,233,61
S01000618,378,288,90
S01000619,290,233,57
S01000620,515,272,243
S01000621,560,354,206
S01000622,278,187,91
S01000623,289,206,83
S01000624,274,168,106
S01000625,276,137,139
S01000626,306,165,141
S01000627,405,277,128
S01000628,237,148,89
S01000629,286,236,50
S01000630,350,239,111
S01000631,286,183,103
S01000632,233,222,11
S01000633,212,187,25
S01000634,350,224,126
S01000635,250,195,55
S01000636,222,214,8
S01000637,268,253,15
S01000638,239,230,9
S01000639,279,258,21
S01000640,303,281,22
S01000641,343,304,39
S01000642,378,336,42
S01000643,285,253,32
S01000644,316,274,42
S01000645,426,391,35
S01000646,356,289,67
S01000647,366,280,86
S01000648,418,246,172
S01000649,249,238,11
S01000650,301,212,89
S01000651,410,277,133
S01000652,339,251,88
S01000653,472,307,165
S01000654,414,261,153
S01000655,374,241,133
S01000656,407,253,154
S01000657,401,259,142
S01000658,296,165,131
S01000659,608,479,129
S01000660,422,373,49
S01000661,432,321,111
S01000662,299,279,20
S01000663,315,261,54
S01000664,369,326,43
S01000665,310,262,48
S01000666,224,204,20
S01000667,448,363,85
S01000668,417,268,149
S01000669,456,299,157
S01000670,296,248,48
S01000671,243,191,52
S01000672,314,261,53
S01000673,310,276,34
S01000674,475,390,85
S01000675,299,276,23
S01000676,205,184,21
S01000677,439,303,136
S01000678,420,332,88
S01000679,387,214,173
S01000680,498,264,234
S01000681,550,277,273
S01000682,389,218,171
S01000683,259,194,65
S01000684,424,208,216
S01000685,423,303,120
S01000686,397,228,169
S01000687,397,262,135
S01000688,315,257,58
S01000689,260,241,19
S01000690,416,364,52
S01000691,386,274,112
S01000692,358,225,133
S01000693,502,296,206
S01000694,330,216,114
S01000695,347,262,85
S01000696,407,270,137
S01000697,372,349,23
S01000698,305,234,71
S01000699,263,193,70
S01000700,320,269,51
S01000701,437,387,50
S01000702,246,200,46
S01000703,342,258,84
S01000704,361,347,14
S01000705,479,407,72
S01000706,351,335,16
S01000707,270,254,16
S01000708,240,229,11
S01000709,482,402,80
S01000710,465,442,23
S01000711,219,201,18
S01000712,302,234,68
S01000713,302,235,67
S01000714,419,359,60
S01000715,380,194,186
S01000716,302,149,153
S01000717,466,235,231
S01000718,412,241,171
S01000719,292,240,52
S01000720,375,321,54
S01000721,314,269,45
S01000722,390,279,111
S01000723,201,190,11
S01000724,350,262,88
S01000725,271,252,19
S01000726,357,308,49
S01000727,280,158,122
S01000728,302,259,43
S01000729,277,147,130
S01000730,189,108,81
S01000731,315,115,200
S01000732,351,118,233
S01000733,405,181,224
S01000734,359,328,31
S01000735,242,152,90
S01000736,394,282,112
S01000737,273,165,108
S01000738,227,174,53
S01000739,376,281,95
S01000740,355,291,64
S01000741,403,335,68
S01000742,282,247,35
S01000743,374,312,62
S01000744,389,235,154
S01000745,320,231,89
S01000746,378,241,137
S01000747,295,173,122
S01000748,276,117,159
S01000749,233,119,114
S01000750,348,243,105
S01000751,315,272,43
S01000752,444,242,202
S01000753,256,207,49
S01000754,316,252,64
S01000755,348,288,60
S01000756,507,381,126
S01000757,348,285,63
S01000758,529,502,27
S01000759,439,347,92
S01000760,217,190,27
S01000761,283,255,28
S01000762,260,227,33
S01000763,353,332,21
S01000764,290,250,40
S01000765,261,237,24
S01000766,344,249,95
S01000767,324,134,190
S01000768,477,273,204
S01000769,516,275,241
S01000770,279,153,126
S01000771,443,347,96
S01000772,335,245,90
S01000773,404,315,89
S01000774,283,224,59
S01000775,308,225,83
S01000776,223,214,9
S01000777,108,80,28
S01000778,200,189,11
S01000779,332,286,46
S01000780,371,262,109
S01000781,337,312,25
S01000782,256,243,13
S01000783,216,192,24
S01000784,289,281,8
S01000785,350,297,53
S01000786,349,304,45
S01000787,230,216,14
S01000788,281,261,20
S01000789,369,283,86
S01000790,191,180,11
S01000791,274,221,53
S01000792,279,259,20
S01000793,266,224,42
S01000794,449,305,144
S01000795,434,346,88
S01000796,193,180,13
S01000797,169,133,36
S01000798,234,150,84
S01000799,291,260,31
S01000800,464,410,54
S01000801,292,261,31
S01000802,355,309,46
S01000803,436,398,38
S01000804,368,330,38
S01000805,388,335,53
S01000806,380,330,50
S01000807,343,290,53
S01000808,322,304,18
S01000809,281,231,50
S01000810,298,268,30
S01000811,323,297,26
S01000812,564,385,179
S01000813,320,280,40
S01000814,310,188,122
S01000815,307,124,183
S01000816,354,206,148
S01000817,378,272,106
S01000818,444,309,135
S01000819,374,337,37
S01000820,252,232,20
S01000821,387,254,133
S01000822,244,189,55
S01000823,241,123,118
S01000824,342,305,37
S01000825,311,284,27
S01000826,280,201,79
S01000827,305,281,24
S01000828,366,325,41
S01000829,310,283,27
S01000830,358,325,33
S01000831,403,352,51
S01000832,460,356,104
S01000833,421,363,58
S01000834,458,342,116
S01000835,332,211,121
S01000836,380,180,200
S01000837,581,256,325
S01000838,283,227,56
S01000839,602,492,110
S01000840,313,160,153
S01000841,377,211,166
S01000842,367,344,23
S01000843,433,319,114
S01000844,371,271,100
S01000845,247,197,50
S01000846,372,188,184
S01000847,523,330,193
S01000848,317,251,66
S01000849,203,141,62
S01000850,335,205,130
S01000851,333,297,36
S01000852,345,248,97
S01000853,273,170,103
S01000854,388,248,140
S01000855,308,248,60
S01000856,190,160,30
S01000857,204,156,48
S01000858,360,323,37
S01000859,470,411,59
S01000860,394,255,139
S01000861,291,238,53
S01000862,224,206,18
S01000863,273,194,79
S01000864,456,383,73
S01000865,465,322,143
S01000866,374,258,116
S01000867,437,242,195
S01000868,291,190,101
S01000869,223,148,75
S01000870,332,235,97
S01000871,354,286,68
S01000872,350,281,69
S01000873,994,884,110
S01000874,242,162,80
S01000875,607,515,92
S01000876,327,255,72
S01000877,356,222,134
S01000878,218,200,18
S01000879,427,359,68
S01000880,340,310,30
S01000881,309,216,93
S01000882,465,318,147
S01000883,372,293,79
S01000884,261,215,46
S01000885,198,194,4
S01000886,295,225,70
S01000887,305,251,54
S01000888,344,228,116
S01000889,337,266,71
S01000890,381,263,118
S01000891,387,329,58
S01000892,201,191,10
S01000893,265,249,16
S01000894,231,199,32
S01000895,413,342,71
S01000896,209,201,8
S01000897,325,280,45
S01000898,247,217,30
S01000899,370,261,109
S01000900,274,245,29
S01000901,288,238,50
S01000902,443,376,67
S01000903,459,398,61
S01000904,329,277,52
S01000905,313,277,36
S01000906,237,195,42
S01000907,385,251,134
S01000908,363,238,125
S01000909,385,361,24
S01000910,358,308,50
S01000911,462,424,38
S01000912,315,256,59
S01000913,305,241,64
S01000914,342,322,20
S01000915,424,349,75
S01000916,482,384,98
S01000917,321,285,36
S01000918,275,231,44
S01000919,308,254,54
S01000920,248,224,24
S01000921,301,247,54
S01000922,390,329,61
S01000923,363,280,83
S01000924,405,280,125
S01000925,438,362,76
S01000926,401,298,103
S01000927,378,245,133
S01000928,446,362,84
S01000929,219,106,113
S01000930,255,91,164
S01000931,302,198,104
S01000932,465,344,121
S01000933,483,334,149
S01000934,498,239,259
S01000935,384,282,102
S01000936,406,303,103
S01000937,285,161,124
S01000938,340,253,87
S01000939,395,261,134
S01000940,390,334,56
S01000941,253,153,100
S01000942,466,361,105
S01000943,394,357,37
S01000944,417,322,95
S01000945,349,266,83
S01000946,342,270,72
S01000947,339,264,75
S01000948,345,313,32
S01000949,301,273,28
S01000950,373,322,51
S01000951,400,286,114
S01000952,402,311,91
S01000953,389,355,34
S01000954,465,402,63
S01000955,251,230,21
S01000956,400,234,166
S01000957,229,209,20
S01000958,376,259,117
S01000959,304,256,48
S01000960,277,208,69
S01000961,387,288,99
S01000962,327,232,95
S01000963,381,266,115
S01000964,421,385,36
S01000965,268,154,114
S01000966,468,306,162
S01000967,283,163,120
S01000968,443,382,61
S01000969,493,306,187
S01000970,368,238,130
S01000971,299,186,113
S01000972,386,354,32
S01000973,275,207,68
S01000974,481,431,50
S01000975,254,240,14
S01000976,231,206,25
S01000977,393,321,72
S01000978,366,316,50
S01000979,304,268,36
S01000980,325,284,41
S01000981,279,269,10
S01000982,289,270,19
S01000983,239,199,40
S01000984,298,257,41
S01000985,297,211,86
S01000986,257,216,41
S01000987,266,239,27
S01000988,223,210,13
S01000989,338,317,21
S01000990,361,294,67
S01000991,176,169,7
S01000992,453,376,77
S01000993,334,297,37
S01000994,465,371,94
S01000995,309,289,20
S01000996,510,366,144
S01000997,389,352,37
S01000998,353,217,136
S01000999,269,235,34
S01001000,272,208,64
S01001001,239,221,18
S01001002,300,253,47
S01001003,364,335,29
S01001004,289,247,42
S01001005,360,306,54
S01001006,294,262,32
S01001007,447,290,157
S01001008,408,301,107
S01001009,314,255,59
S01001010,538,283,255
S01001011,227,212,15
S01001012,308,278,30
S01001013,357,238,119
S01001014,490,228,262
S01001015,255,170,85
S01001016,390,327,63
S01001017,377,223,154
S01001018,415,287,128
S01001019,519,256,263
S01001020,228,142,86
S01001021,487,360,127
S01001022,381,277,104
S01001023,429,397,32
S01001024,699,610,89
S01001025,565,473,92
S01001026,378,336,42
S01001027,438,348,90
S01001028,329,204,125
S01001029,323,160,163
S01001030,318,285,33
S01001031,411,267,144
S01001032,332,173,159
S01001033,249,139,110
S01001034,344,119,225
S01001035,198,129,69
S01001036,298,173,125
S01001037,452,216,236
S01001038,317,288,29
S01001039,240,227,13
S01001040,286,262,24
S01001041,295,247,48
S01001042,426,381,45
S01001043,268,239,29
S01001044,449,387,62
S01001045,291,262,29
S01001046,358,292,66
S01001047,382,335,47
S01001048,271,249,22
S01001049,280,177,103
S01001050,420,377,43
S01001051,294,186,108
S01001052,234,169,65
S01001053,345,296,49
S01001054,323,255,68
S01001055,416,314,102
S01001056,345,236,109
S01001057,257,234,23
S01001058,373,259,114
S01001059,246,183,63
S01001060,317,244,73
S01001061,339,251,88
S01001062,233,224,9
S01001063,387,347,40
S01001064,361,267,94
S01001065,396,290,106
S01001066,323,294,29
S01001067,341,327,14
S01001068,395,382,13
S01001069,370,334,36
S01001070,396,344,52
S01001071,277,247,30
S01001072,373,351,22
S01001073,481,421,60
S01001074,209,194,15
S01001075,453,344,109
S01001076,365,333,32
S01001077,429,339,90
S01001078,409,346,63
S01001079,223,212,11
S01001080,312,259,53
S01001081,277,218,59
S01001082,506,367,139
S01001083,368,278,90
S01001084,408,339,69
S01001085,348,227,121
S01001086,312,188,124
S01001087,242,151,91
S01001088,444,277,167
S01001089,416,314,102
S01001090,399,289,110
S01001091,288,153,135
S01001092,545,295,250
S01001093,393,199,194
S01001094,403,349,54
S01001095,288,138,150
S01001096,434,236,198
S01001097,320,244,76
S01001098,273,244,29
S01001099,821,313,508
S01001100,614,264,350
S01001101,632,177,455
S01001102,227,73,154
S01001103,301,243,58
S01001104,437,153,284
S01001105,332,302,30
S01001106,362,329,33
S01001107,608,281,327
S01001108,915,518,397
S01001109,633,286,347
S01001110,454,171,283
S01001111,589,273,316
S01001112,474,295,179
S01001113,493,150,343
S01001114,517,131,386
S01001115,416,196,220
S01001116,281,147,134
S01001117,309,120,189
S01001118,285,199,86
S01001119,618,369,249
S01001120,356,260,96
S01001121,357,168,189
S01001122,360,157,203
S01001123,450,341,109
S01001124,328,213,115
S01001125,179,88,91
S01001126,392,311,81
S01001127,398,227,171
S01001128,261,245,16
S01001129,520,255,265
S01001130,425,201,224
S01001131,229,110,119
S01001132,325,209,116
S01001133,554,330,224
S01001134,383,333,50
S01001135,175,67,108
S01001136,591,228,363
S01001137,598,203,395
S01001138,770,370,400
S01001139,435,224,211
S01001140,592,296,296
S01001141,267,103,164
S01001142,468,372,96
S01001143,337,292,45
S01001144,341,186,155
S01001145,348,172,176
S01001146,357,297,60
S01001147,414,166,248
S01001148,325,280,45
S01001149,321,178,143
S01001150,391,145,246
S01001151,364,109,255
S01001152,545,248,297
S01001153,358,246,112
S01001154,318,279,39
S01001155,262,228,34
S01001156,439,194,245
S01001157,310,280,30
S01001158,347,170,177
S01001159,356,245,111
S01001160,329,161,168
S01001161,265,199,66
S01001162,384,309,75
S01001163,409,167,242
S01001164,362,173,189
S01001165,453,187,266
S01001166,158,59,99
S01001167,358,305,53
S01001168,464,234,230
S01001169,548,201,347
S01001170,447,168,279
S01001171,291,205,86
S01001172,359,136,223
S01001173,413,217,196
S01001174,358,126,232
S01001175,427,187,240
S01001176,348,243,105
S01001177,501,223,278
S01001178,479,233,246
S01001179,382,350,32
S01001180,467,176,291
S01001181,371,326,45
S01001182,457,235,222
S01001183,548,200,348
S01001184,338,268,70
S01001185,235,210,25
S01001186,281,253,28
S01001187,437,202,235
S01001188,498,187,311
S01001189,546,311,235
S01001190,308,267,41
S01001191,378,167,211
S01001192,604,207,397
S01001193,359,304,55
S01001194,398,349,49
S01001195,479,266,213
S01001196,651,266,385
S01001197,241,129,112
S01001198,337,172,165
S01001199,414,200,214
S01001200,524,189,335
S01001201,356,166,190
S01001202,298,145,153
S01001203,403,155,248
S01001204,314,282,32
S01001205,309,241,68
S01001206,435,217,218
S01001207,293,168,125
S01001208,260,129,131
S01001209,199,175,24
S01001210,417,184,233
S01001211,482,334,148
S01001212,322,108,214
S01001213,388,165,223
S01001214,404,239,165
S01001215,342,254,88
S01001216,409,233,176
S01001217,466,233,233
S01001218,325,290,35
S01001219,303,271,32
S01001220,242,134,108
S01001221,514,485,29
S01001222,533,287,246
S01001223,311,259,52
S01001224,365,186,179
S01001225,398,338,60
S01001226,220,118,102
S01001227,258,224,34
S01001228,349,259,90
S01001229,306,245,61
S01001230,405,143,262
S01001231,296,171,125
S01001232,792,773,19
S01001233,457,190,267
S01001234,233,122,111
S01001235,304,210,94
S01001236,369,204,165
S01001237,244,182,62
S01001238,258,104,154
S01001239,276,111,165
S01001240,333,201,132
S01001241,243,164,79
S01001242,381,312,69
S01001243,483,275,208
S01001244,342,254,88
S01001245,328,168,160
S01001246,408,272,136
S01001247,229,158,71
S01001248,331,307,24
S01001249,277,158,119
S01001250,384,251,133
S01001251,253,115,138
S01001252,234,151,83
S01001253,268,125,143
S01001254,254,172,82
S01001255,325,201,124
S01001256,308,199,109
S01001257,306,179,127
S01001258,231,149,82
S01001259,353,276,77
S01001260,330,138,192
S01001261,441,176,265
S01001262,343,299,44
S01001263,207,152,55
S01001264,651,614,37
S01001265,209,197,12
S01001266,314,255,59
S01001267,486,284,202
S01001268,273,231,42
S01001269,199,181,18
S01001270,285,164,121
S01001271,322,160,162
S01001272,295,200,95
S01001273,367,229,138
S01001274,320,209,111
S01001275,281,169,112
S01001276,226,211,15
S01001277,336,233,103
S01001278,178,151,27
S01001279,292,176,116
S01001280,254,167,87
S01001281,382,211,171
S01001282,359,257,102
S01001283,242,188,54
S01001284,420,351,69
S01001285,278,201,77
S01001286,195,138,57
S01001287,340,208,132
S01001288,418,266,152
S01001289,318,225,93
S01001290,265,206,59
S01001291,167,134,33
S01001292,323,185,138
S01001293,346,255,91
S01001294,279,162,117
S01001295,399,256,143
S01001296,304,166,138
S01001297,361,253,108
S01001298,387,245,142
S01001299,369,251,118
S01001300,581,503,78
S01001301,232,158,74
S01001302,337,275,62
S01001303,245,226,19
S01001304,507,482,25
S01001305,340,264,76
S01001306,317,202,115
S01001307,471,364,107
S01001308,422,242,180
S01001309,298,168,130
S01001310,348,213,135
S01001311,269,208,61
S01001312,345,187,158
S01001313,433,285,148
S01001314,341,281,60
S01001315,423,368,55
S01001316,394,251,143
S01001317,386,295,91
S01001318,249,183,66
S01001319,322,214,108
S01001320,387,235,152
S01001321,230,206,24
S01001322,312,290,22
S01001323,246,171,75
S01001324,408,178,230
S01001325,289,162,127
S01001326,397,268,129
S01001327,353,213,140
S01001328,374,201,173
S01001329,256,148,108
S01001330,355,331,24
S01001331,390,240,150
S01001332,408,278,130
S01001333,426,230,196
S01001334,322,217,105
S01001335,469,261,208
S01001336,377,259,118
S01001337,319,283,36
S01001338,324,189,135
S01001339,321,256,65
S01001340,297,194,103
S01001341,388,228,160
S01001342,455,305,150
S01001343,414,301,113
S01001344,347,286,61
S01001345,357,194,163
S01001346,332,282,50
S01001347,286,269,17
S01001348,324,189,135
S01001349,306,293,13
S01001350,304,177,127
S01001351,225,196,29
S01001352,380,301,79
S01001353,470,456,14
S01001354,396,275,121
S01001355,327,262,65
S01001356,308,265,43
S01001357,456,210,246
S01001358,442,319,123
S01001359,271,235,36
S01001360,526,394,132
S01001361,304,240,64
S01001362,252,216,36
S01001363,353,203,150
S01001364,443,295,148
S01001365,263,168,95
S01001366,375,331,44
S01001367,340,234,106
S01001368,443,418,25
S01001369,462,334,128
S01001370,363,290,73
S01001371,363,205,158
S01001372,283,262,21
S01001373,282,221,61
S01001374,210,172,38
S01001375,257,237,20
S01001376,471,269,202
S01001377,387,230,157
S01001378,312,230,82
S01001379,466,319,147
S01001380,433,264,169
S01001381,374,279,95
S01001382,455,162,293
S01001383,259,176,83
S01001384,412,231,181
S01001385,437,256,181
S01001386,476,254,222
S01001387,377,283,94
S01001388,640,362,278
S01001389,197,141,56
S01001390,313,251,62
S01001391,290,191,99
S01001392,325,162,163
S01001393,225,193,32
S01001394,208,91,117
S01001395,339,254,85
S01001396,287,201,86
S01001397,330,165,165
S01001398,342,310,32
S01001399,372,171,201
S01001400,390,195,195
S01001401,301,174,127
S01001402,329,313,16
S01001403,436,417,19
S01001404,224,214,10
S01001405,425,406,19
S01001406,941,878,63
S01001407,380,299,81
S01001408,403,274,129
S01001409,377,313,64
S01001410,418,377,41
S01001411,237,220,17
S01001412,412,260,152
S01001413,348,317,31
S01001414,331,207,124
S01001415,444,283,161
S01001416,300,222,78
S01001417,402,356,46
S01001418,364,325,39
S01001419,287,242,45
S01001420,412,398,14
S01001421,481,400,81
S01001422,267,250,17
S01001423,351,270,81
S01001424,518,299,219
S01001425,652,459,193
S01001426,310,241,69
S01001427,316,285,31
S01001428,390,247,143
S01001429,338,188,150
S01001430,401,313,88
S01001431,332,296,36
S01001432,244,221,23
S01001433,322,287,35
S01001434,349,274,75
S01001435,400,338,62
S01001436,378,346,32
S01001437,359,305,54
S01001438,246,224,22
S01001439,293,254,39
S01001440,356,302,54
S01001441,334,269,65
S01001442,262,233,29
S01001443,385,322,63
S01001444,368,313,55
S01001445,287,240,47
S01001446,368,324,44
S01001447,528,493,35
S01001448,345,274,71
S01001449,235,216,19
S01001450,331,270,61
S01001451,279,249,30
S01001452,328,298,30
S01001453,306,279,27
S01001454,384,347,37
S01001455,305,244,61
S01001456,301,274,27
S01001457,366,331,35
S01001458,398,317,81
S01001459,341,315,26
S01001460,243,217,26
S01001461,330,285,45
S01001462,349,320,29
S01001463,236,180,56
S01001464,378,327,51
S01001465,281,266,15
S01001466,270,254,16
S01001467,308,296,12
S01001468,257,228,29
S01001469,350,306,44
S01001470,326,311,15
S01001471,266,258,8
S01001472,329,283,46
S01001473,361,276,85
S01001474,361,280,81
S01001475,263,235,28
S01001476,348,335,13
S01001477,350,324,26
S01001478,269,237,32
S01001479,288,220,68
S01001480,194,184,10
S01001481,357,322,35
S01001482,296,206,90
S01001483,384,370,14
S01001484,337,307,30
S01001485,229,211,18
S01001486,332,280,52
S01001487,260,185,75
S01001488,371,326,45
S01001489,283,248,35
S01001490,462,292,170
S01001491,328,308,20
S01001492,428,293,135
S01001493,350,311,39
S01001494,426,283,143
S01001495,245,222,23
S01001496,400,360,40
S01001497,398,245,153
S01001498,260,248,12
S01001499,418,375,43
S01001500,262,140,122
S01001501,357,328,29
S01001502,318,284,34
S01001503,293,271,22
S01001504,448,282,166
S01001505,423,370,53
S01001506,325,221,104
S01001507,304,296,8
S01001508,326,307,19
S01001509,370,236,134
S01001510,338,193,145
S01001511,238,222,16
S01001512,374,195,179
S01001513,414,175,239
S01001514,328,244,84
S01001515,292,252,40
S01001516,321,216,105
S01001517,527,266,261
S01001518,421,301,120
S01001519,431,368,63
S01001520,313,225,88
S01001521,449,361,88
S01001522,511,316,195
S01001523,271,258,13
S01001524,428,297,131
S01001525,339,255,84
S01001526,281,239,42
S01001527,363,277,86
S01001528,339,314,25
S01001529,354,249,105
S01001530,303,205,98
S01001531,478,364,114
S01001532,280,241,39
S01001533,398,362,36
S01001534,246,234,12
S01001535,353,314,39
S01001536,328,234,94
S01001537,218,135,83
S01001538,332,294,38
S01001539,295,269,26
S01001540,269,263,6
S01001541,355,306,49
S01001542,275,248,27
S01001543,293,259,34
S01001544,391,295,96
S01001545,287,269,18
S01001546,461,246,215
S01001547,397,255,142
S01001548,399,368,31
S01001549,430,331,99
S01001550,319,306,13
S01001551,397,348,49
S01001552,376,311,65
S01001553,401,373,28
S01001554,410,362,48
S01001555,327,237,90
S01001556,386,295,91
S01001557,353,340,13
S01001558,368,292,76
S01001559,187,139,48
S01001560,289,209,80
S01001561,492,417,75
S01001562,980,828,152
S01001563,231,192,39
S01001564,250,186,64
S01001565,373,241,132
S01001566,260,217,43
S01001567,406,353,53
S01001568,327,276,51
S01001569,305,282,23
S01001570,170,160,10
S01001571,294,198,96
S01001572,226,173,53
S01001573,284,264,20
S01001574,365,243,122
S01001575,378,253,125
S01001576,280,179,101
S01001577,290,232,58
S01001578,341,250,91
S01001579,349,218,131
S01001580,271,191,80
S01001581,278,226,52
S01001582,320,217,103
S01001583,187,122,65
S01001584,371,235,136
S01001585,485,246,239
S01001586,167,161,6
S01001587,379,215,164
S01001588,333,202,131
S01001589,389,238,151
S01001590,282,207,75
S01001591,287,177,110
S01001592,331,206,125
S01001593,360,239,121
S01001594,481,262,219
S01001595,309,172,137
S01001596,327,251,76
S01001597,366,207,159
S01001598,284,242,42
S01001599,563,323,240
S01001600,573,300,273
S01001601,483,448,35
S01001602,279,232,47
S01001603,424,321,103
S01001604,223,152,71
S01001605,331,267,64
S01001606,284,178,106
S01001607,1010,880,130
S01001608,401,340,61
S01001609,368,274,94
S01001610,376,280,96
S01001611,447,421,26
S01001612,338,321,17
S01001613,298,196,102
S01001614,357,204,153
S01001615,355,249,106
S01001616,255,248,7
S01001617,300,179,121
S01001618,425,348,77
S01001619,300,212,88
S01001620,480,291,189
S01001621,276,197,79
S01001622,361,232,129
S01001623,370,265,105
S01001624,428,301,127
S01001625,354,205,149
S01001626,292,241,51
S01001627,612,468,144
S01001628,246,167,79
S01001629,261,177,84
S01001630,283,166,117
S01001631,570,459,111
S01001632,212,196,16
S01001633,358,344,14
S01001634,370,337,33
S01001635,324,258,66
S01001636,205,191,14
S01001637,300,255,45
S01001638,420,313,107
S01001639,354,252,102
S01001640,271,259,12
S01001641,579,509,70
S01001642,430,343,87
S01001643,331,278,53
S01001644,636,523,113
S01001645,439,320,119
S01001646,252,234,18
S01001647,327,249,78
S01001648,303,212,91
S01001649,355,215,140
S01001650,311,234,77
S01001651,413,282,131
S01001652,334,325,9
S01001653,319,194,125
S01001654,361,322,39
S01001655,255,215,40
S01001656,614,509,105
S01001657,213,206,7
S01001658,414,348,66
S01001659,332,294,38
S01001660,319,286,33
S01001661,350,313,37
S01001662,322,224,98
S01001663,346,289,57
S01001664,199,182,17
S01001665,400,305,95
S01001666,258,202,56
S01001667,394,308,86
S01001668,355,329,26
S01001669,386,244,142
S01001670,250,228,22
S01001671,201,187,14
S01001672,268,197,71
S01001673,290,263,27
S01001674,346,255,91
S01001675,296,268,28
S01001676,484,442,42
S01001677,319,302,17
S01001678,316,280,36
S01001679,313,303,10
S01001680,257,230,27
S01001681,248,240,8
S01001682,226,209,17
S01001683,326,296,30
S01001684,215,207,8
S01001685,330,237,93
S01001686,347,326,21
S01001687,489,390,99
S01001688,409,366,43
S01001689,288,276,12
S01001690,365,311,54
S01001691,328,309,19
S01001692,268,191,77
S01001693,262,257,5
S01001694,311,263,48
S01001695,322,299,23
S01001696,320,283,37
S01001697,327,274,53
S01001698,235,181,54
S01001699,204,202,2
S01001700,359,341,18
S01001701,424,301,123
S01001702,454,366,88
S01001703,313,297,16
S01001704,350,333,17
S01001705,227,217,10
S01001706,285,266,19
S01001707,368,232,136
S01001708,378,324,54
S01001709,246,224,22
S01001710,300,248,52
S01001711,288,267,21
S01001712,188,157,31
S01001713,290,270,20
S01001714,264,242,22
S01001715,291,284,7
S01001716,377,244,133
S01001717,302,280,22
S01001718,212,177,35
S01001719,269,256,13
S01001720,242,233,9
S01001721,321,296,25
S01001722,291,255,36
S01001723,355,332,23
S01001724,370,193,177
S01001725,343,219,124
S01001726,238,218,20
S01001727,421,342,79
S01001728,229,218,11
S01001729,387,333,54
S01001730,248,214,34
S01001731,252,227,25
S01001732,230,201,29
S01001733,342,267,75
S01001734,206,189,17
S01001735,181,165,16
S01001736,415,391,24
S01001737,241,200,41
S01001738,218,205,13
S01001739,243,209,34
S01001740,303,266,37
S01001741,254,172,82
S01001742,291,175,116
S01001743,455,285,170
S01001744,195,184,11
S01001745,337,288,49
S01001746,349,298,51
S01001747,386,236,150
S01001748,255,231,24
S01001749,373,241,132
S01001750,308,232,76
S01001751,450,305,145
S01001752,346,329,17
S01001753,324,195,129
S01001754,266,245,21
S01001755,405,336,69
S01001756,312,255,57
S01001757,327,254,73
S01001758,349,257,92
S01001759,407,215,192
S01001760,343,245,98
S01001761,372,181,191
S01001762,451,283,168
S01001763,276,264,12
S01001764,189,170,19
S01001765,467,290,177
S01001766,243,206,37
S01001767,238,199,39
S01001768,247,215,32
S01001769,303,249,54
S01001770,311,160,151
S01001771,347,264,83
S01001772,284,195,89
S01001773,437,270,167
S01001774,265,232,33
S01001775,369,306,63
S01001776,319,190,129
S01001777,330,293,37
S01001778,403,231,172
S01001779,257,217,40
S01001780,390,267,123
S01001781,261,241,20
S01001782,404,321,83
S01001783,265,122,143
S01001784,269,199,70
S01001785,239,220,19
S01001786,216,194,22
S01001787,238,216,22
S01001788,315,283,32
S01001789,316,231,85
S01001790,312,267,45
S01001791,299,268,31
S01001792,282,242,40
S01001793,389,296,93
S01001794,376,305,71
S01001795,189,167,22
S01001796,338,318,20
S01001797,316,218,98
S01001798,337,319,18
S01001799,368,233,135
S01001800,347,322,25
S01001801,369,351,18
S01001802,347,280,67
S01001803,424,375,49
S01001804,439,325,114
S01001805,314,231,83
S01001806,276,235,41
S01001807,352,304,48
S01001808,244,176,68
S01001809,528,216,312
S01001810,383,318,65
S01001811,280,257,23
S01001812,334,314,20
S01001813,284,261,23
S01001814,274,243,31
S01001815,352,301,51
S01001816,434,397,37
S01001817,295,170,125
S01001818,338,294,44
S01001819,403,372,31
S01001820,346,171,175
S01001821,179,151,28
S01001822,496,384,112
S01001823,429,190,239
S01001824,345,223,122
S01001825,346,305,41
S01001826,344,136,208
S01001827,369,218,151
S01001828,262,245,17
S01001829,367,265,102
S01001830,337,307,30
S01001831,349,203,146
S01001832,295,179,116
S01001833,489,447,42
S01001834,315,195,120
S01001835,260,220,40
S01001836,356,309,47
S01001837,381,327,54
S01001838,277,180,97
S01001839,433,211,222
S01001840,293,257,36
S01001841,304,212,92
S01001842,293,263,30
S01001843,369,159,210
S01001844,409,348,61
S01001845,270,245,25
S01001846,323,301,22
S01001847,414,225,189
S01001848,394,157,237
S01001849,252,215,37
S01001850,333,227,106
S01001851,321,274,47
S01001852,301,276,25
S01001853,316,274,42
S01001854,458,271,187
S01001855,335,295,40
S01001856,418,196,222
S01001857,323,191,132
S01001858,363,289,74
S01001859,433,278,155
S01001860,323,298,25
S01001861,404,178,226
S01001862,322,292,30
S01001863,348,308,40
S01001864,607,251,356
S01001865,325,103,222
S01001866,286,262,24
S01001867,289,199,90
S01001868,301,258,43
S01001869,386,303,83
S01001870,426,180,246
S01001871,827,653,174
S01001872,346,244,102
S01001873,291,267,24
S01001874,486,219,267
S01001875,338,317,21
S01001876,486,261,225
S01001877,393,182,211
S01001878,433,389,44
S01001879,400,101,299
S01001880,393,132,261
S01001881,315,270,45
S01001882,350,256,94
S01001883,228,211,17
S01001884,464,211,253
S01001885,459,411,48
S01001886,349,103,246
S01001887,357,266,91
S01001888,358,322,36
S01001889,261,182,79
S01001890,428,253,175
S01001891,352,179,173
S01001892,528,164,364
S01001893,501,169,332
S01001894,368,108,260
S01001895,394,221,173
S01001896,324,265,59
S01001897,450,143,307
S01001898,353,115,238
S01001899,330,210,120
S01001900,342,235,107
S01001901,397,304,93
S01001902,388,307,81
S01001903,249,129,120
S01001904,327,168,159
S01001905,378,285,93
S01001906,307,178,129
S01001907,360,192,168
S01001908,316,268,48
S01001909,355,133,222
S01001910,318,188,130
S01001911,297,251,46
S01001912,346,198,148
S01001913,408,316,92
S01001914,239,209,30
S01001915,390,314,76
S01001916,463,265,198
S01001917,256,227,29
S01001918,592,324,268
S01001919,413,262,151
S01001920,356,209,147
S01001921,316,171,145
S01001922,332,300,32
S01001923,229,155,74
S01001924,344,246,98
S01001925,309,284,25
S01001926,232,124,108
S01001927,410,318,92
S01001928,420,233,187
S01001929,509,421,88
S01001930,453,255,198
S01001931,298,137,161
S01001932,373,229,144
S01001933,358,301,57
S01001934,833,527,306
S01001935,452,143,309
S01001936,585,379,206
S01001937,459,261,198
S01001938,262,188,74
S01001939,277,144,133
S01001940,327,234,93
S01001941,428,340,88
S01001942,301,182,119
S01001943,277,164,113
S01001944,346,265,81
S01001945,326,272,54
S01001946,347,137,210
S01001947,452,344,108
S01001948,387,139,248
S01001949,307,153,154
S01001950,528,269,259
S01001951,508,222,286
S01001952,287,227,60
S01001953,367,239,128
S01001954,204,144,60
S01001955,564,270,294
S01001956,299,152,147
S01001957,236,90,146
S01001958,455,175,280
S01001959,251,170,81
S01001960,366,263,103
S01001961,543,389,154
S01001962,420,269,151
S01001963,487,265,222
S01001964,383,292,91
S01001965,407,182,225
S01001966,768,379,389
S01001967,314,201,113
S01001968,442,288,154
S01001969,305,168,137
S01001970,283,225,58
S01001971,440,157,283
S01001972,330,212,118
S01001973,326,225,101
S01001974,362,264,98
S01001975,416,240,176
S01001976,329,170,159
S01001977,439,187,252
S01001978,612,262,350
S01001979,309,187,122
S01001980,443,282,161
S01001981,418,242,176
S01001982,200,79,121
S01001983,337,160,177
S01001984,515,254,261
S01001985,339,241,98
S01001986,373,192,181
S01001987,281,155,126
S01001988,350,247,103
S01001989,388,301,87
S01001990,343,224,119
S01001991,334,226,108
S01001992,306,213,93
S01001993,276,196,80
S01001994,386,257,129
S01001995,323,252,71
S01001996,351,196,155
S01001997,420,202,218
S01001998,308,228,80
S01001999,267,134,133
S01002000,345,224,121
S01002001,572,203,369
S01002002,259,139,120
S01002003,358,268,90
S01002004,453,207,246
S01002005,465,205,260
S01002006,352,277,75
S01002007,676,259,417
S01002008,433,265,168
S01002009,412,220,192
S01002010,203,130,73
S01002011,447,376,71
S01002012,360,186,174
S01002013,371,191,180
S01002014,331,177,154
S01002015,330,281,49
S01002016,330,181,149
S01002017,499,189,310
S01002018,343,270,73
S01002019,290,166,124
S01002020,180,51,129
S01002021,543,268,275
S01002022,411,336,75
S01002023,351,202,149
S01002024,323,184,139
S01002025,560,231,329
S01002026,299,239,60
S01002027,453,144,309
S01002028,314,137,177
S01002029,272,147,125
S01002030,470,166,304
S01002031,409,144,265
S01002032,386,204,182
S01002033,525,165,360
S01002034,376,135,241
S01002035,308,237,71
S01002036,589,219,370
S01002037,307,131,176
S01002038,200,125,75
S01002039,300,227,73
S01002040,339,143,196
S01002041,430,225,205
S01002042,522,293,229
S01002043,367,241,126
S01002044,292,109,183
S01002045,481,343,138
S01002046,387,120,267
S01002047,344,162,182
S01002048,260,82,178
S01002049,544,194,350
S01002050,290,228,62
S01002051,367,180,187
S01002052,525,176,349
S01002053,311,140,171
S01002054,323,163,160
S01002055,350,308,42
S01002056,459,281,178
S01002057,431,345,86
S01002058,536,195,341
S01002059,402,138,264
S01002060,331,91,240
S01002061,396,131,265
S01002062,297,144,153
S01002063,524,200,324
S01002064,591,267,324
S01002065,308,145,163
S01002066,649,201,448
S01002067,420,262,158
S01002068,585,175,410
S01002069,291,226,65
S01002070,371,139,232
S01002071,341,114,227
S01002072,534,382,152
S01002073,426,102,324
S01002074,286,242,44
S01002075,560,291,269
S01002076,434,115,319
S01002077,349,292,57
S01002078,476,392,84
S01002079,516,162,354
S01002080,385,341,44
S01002081,361,147,214
S01002082,514,341,173
S01002083,295,134,161
S01002084,442,216,226
S01002085,276,81,195
S01002086,326,61,265
S01002087,576,142,434
S01002088,400,304,96
S01002089,438,376,62
S01002090,480,357,123
S01002091,446,123,323
S01002092,383,328,55
S01002093,437,109,328
S01002094,359,216,143
S01002095,264,221,43
S01002096,539,482,57
S01002097,299,270,29
S01002098,352,230,122
S01002099,401,266,135
S01002100,266,195,71
S01002101,592,195,397
S01002102,337,162,175
S01002103,275,229,46
S01002104,540,138,402
S01002105,343,313,30
S01002106,413,87,326
S01002107,211,172,39
S01002108,393,92,301
S01002109,444,165,279
S01002110,334,274,60
S01002111,430,369,61
S01002112,491,388,103
S01002113,321,273,48
S01002114,273,256,17
S01002115,503,340,163
S01002116,363,250,113
S01002117,476,133,343
S01002118,546,102,444
S01002119,290,135,155
S01002120,319,262,57
S01002121,307,200,107
S01002122,362,341,21
S01002123,398,353,45
S01002124,413,337,76
S01002125,454,332,122
S01002126,243,184,59
S01002127,315,204,111
S01002128,391,201,190
S01002129,489,200,289
S01002130,227,178,49
S01002131,420,116,304
S01002132,404,267,137
S01002133,615,374,241
S01002134,252,220,32
S01002135,337,315,22
S01002136,426,318,108
S01002137,380,300,80
S01002138,404,218,186
S01002139,285,228,57
S01002140,421,179,242
S01002141,326,208,118
S01002142,460,358,102
S01002143,377,226,151
S01002144,316,286,30
S01002145,503,366,137
S01002146,537,283,254
S01002147,424,228,196
S01002148,345,310,35
S01002149,572,270,302
S01002150,338,208,130
S01002151,876,416,460
S01002152,425,327,98
S01002153,234,169,65
S01002154,435,196,239
S01002155,511,209,302
S01002156,396,250,146
S01002157,349,289,60
S01002158,421,342,79
S01002159,379,197,182
S01002160,530,176,354
S01002161,338,152,186
S01002162,429,319,110
S01002163,678,305,373
S01002164,345,230,115
S01002165,406,327,79
S01002166,401,281,120
S01002167,304,168,136
S01002168,634,282,352
S01002169,455,285,170
S01002170,434,224,210
S01002171,285,187,98
S01002172,313,246,67
S01002173,533,362,171
S01002174,500,256,244
S01002175,598,258,340
S01002176,375,304,71
S01002177,467,324,143
S01002178,561,308,253
S01002179,283,233,50
S01002180,263,156,107
S01002181,473,276,197
S01002182,384,233,151
S01002183,548,153,395
S01002184,329,286,43
S01002185,541,239,302
S01002186,383,180,203
S01002187,483,317,166
S01002188,358,273,85
S01002189,391,171,220
S01002190,389,206,183
S01002191,459,161,298
S01002192,399,266,133
S01002193,353,316,37
S01002194,342,216,126
S01002195,712,371,341
S01002196,282,234,48
S01002197,391,178,213
S01002198,490,188,302
S01002199,386,223,163
S01002200,438,383,55
S01002201,620,364,256
S01002202,420,238,182
S01002203,260,115,145
S01002204,418,156,262
S01002205,392,242,150
S01002206,558,255,303
S01002207,336,278,58
S01002208,352,200,152
S01002209,582,237,345
S01002210,328,209,119
S01002211,397,107,290
S01002212,676,306,370
S01002213,320,247,73
S01002214,434,262,172
S01002215,464,369,95
S01002216,973,449,524
S01002217,666,217,449
S01002218,296,149,147
S01002219,304,262,42
S01002220,299,284,15
S01002221,614,209,405
S01002222,331,306,25
S01002223,308,250,58
S01002224,397,355,42
S01002225,464,247,217
S01002226,510,289,221
S01002227,444,212,232
S01002228,402,338,64
S01002229,318,266,52
S01002230,549,303,246
S01002231,410,245,165
S01002232,374,216,158
S01002233,575,194,381
S01002234,502,173,329
S01002235,606,267,339
S01002236,415,229,186
S01002237,596,389,207
S01002238,322,127,195
S01002239,500,198,302
S01002240,508,223,285
S01002241,485,240,245
S01002242,348,279,69
S01002243,403,201,202
S01002244,520,267,253
S01002245,1079,676,403
S01002246,579,234,345
S01002247,389,153,236
S01002248,519,374,145
S01002249,582,204,378
S01002250,433,281,152
S01002251,323,287,36
S01002252,350,303,47
S01002253,463,256,207
S01002254,557,223,334
S01002255,1043,553,490
S01002256,640,520,120
S01002257,306,217,89
S01002258,471,147,324
S01002259,266,162,104
S01002260,354,334,20
S01002261,413,321,92
S01002262,345,266,79
S01002263,354,314,40
S01002264,393,274,119
S01002265,743,361,382
S01002266,425,153,272
S01002267,431,163,268
S01002268,285,250,35
S01002269,526,307,219
S01002270,883,385,498
S01002271,407,290,117
S01002272,371,246,125
S01002273,415,190,225
S01002274,746,402,344
S01002275,643,300,343
S01002276,340,315,25
S01002277,421,208,213
S01002278,510,159,351
S01002279,635,227,408
S01002280,333,270,63
S01002281,290,88,202
S01002282,137,39,98
S01002283,297,220,77
S01002284,915,669,246
S01002285,572,184,388
S01002286,368,248,120
S01002287,334,229,105
S01002288,712,410,302
S01002289,681,285,396
S01002290,568,229,339
S01002291,475,82,393
S01002292,616,273,343
S01002293,347,224,123
S01002294,269,217,52
S01002295,333,291,42
S01002297,398,248,150
S01002298,271,209,62
S01002299,323,269,54
S01002300,359,286,73
S01002301,924,589,335
S01002302,372,165,207
S01002303,400,187,213
S01002304,969,617,352
S01002305,467,146,321
S01002306,218,132,86
S01002307,664,359,305
S01002308,510,393,117
S01002309,394,162,232
S01002310,637,216,421
S01002311,350,310,40
S01002312,379,131,248
S01002313,286,251,35
S01002314,439,313,126
S01002315,236,176,60
S01002316,273,255,18
S01002317,2008,1329,679
S01002318,495,215,280
S01002319,593,220,373
S01002320,296,229,67
S01002321,557,148,409
S01002322,378,206,172
S01002323,395,250,145
S01002324,375,128,247
S01002325,884,620,264
S01002326,596,286,310
S01002327,348,287,61
S01002328,327,262,65
S01002329,270,222,48
S01002330,318,225,93
S01002331,290,196,94
S01002332,319,303,16
S01002333,296,277,19
S01002334,394,345,49
S01002335,445,357,88
S01002336,404,365,39
S01002337,363,330,33
S01002338,252,123,129
S01002339,284,206,78
S01002340,303,243,60
S01002341,250,188,62
S01002342,278,206,72
S01002343,326,275,51
S01002344,221,174,47
S01002345,366,299,67
S01002346,447,348,99
S01002347,344,297,47
S01002348,435,345,90
S01002349,476,345,131
S01002350,433,358,75
S01002351,373,310,63
S01002352,411,334,77
S01002353,348,285,63
S01002354,363,297,66
S01002355,401,268,133
S01002356,503,292,211
S01002357,293,199,94
S01002358,232,193,39
S01002359,412,265,147
S01002360,338,201,137
S01002361,287,219,68
S01002362,336,268,68
S01002363,440,355,85
S01002364,313,193,120
S01002365,274,232,42
S01002366,367,306,61
S01002367,437,374,63
S01002368,381,328,53
S01002369,286,221,65
S01002370,321,256,65
S01002371,283,232,51
S01002372,356,285,71
S01002373,299,234,65
S01002374,359,274,85
S01002375,354,269,85
S01002376,383,306,77
S01002377,376,259,117
S01002378,215,206,9
S01002379,488,383,105
S01002380,312,258,54
S01002381,343,277,66
S01002382,269,179,90
S01002383,190,174,16
S01002384,225,174,51
S01002385,336,225,111
S01002386,419,356,63
S01002387,291,260,31
S01002388,267,255,12
S01002389,279,266,13
S01002390,439,399,40
S01002391,555,521,34
S01002392,685,646,39
S01002393,401,365,36
S01002394,348,298,50
S01002395,306,268,38
S01002396,298,231,67
S01002397,508,461,47
S01002398,375,339,36
S01002399,437,297,140
S01002400,362,339,23
S01002401,399,385,14
S01002402,367,259,108
S01002403,320,209,111
S01002404,397,347,50
S01002405,307,286,21
S01002406,355,256,99
S01002407,273,199,74
S01002408,363,266,97
S01002409,304,255,49
S01002410,217,200,17
S01002411,934,858,76
S01002412,381,354,27
S01002413,259,209,50
S01002414,279,162,117
S01002415,290,218,72
S01002416,234,211,23
S01002417,294,250,44
S01002418,397,283,114
S01002419,219,204,15
S01002420,251,166,85
S01002421,337,314,23
S01002422,247,212,35
S01002423,474,276,198
S01002424,366,274,92
S01002425,403,315,88
S01002426,462,243,219
S01002427,395,299,96
S01002428,233,177,56
S01002429,574,218,356
S01002430,303,236,67
S01002431,371,272,99
S01002432,647,589,58
S01002433,277,189,88
S01002434,439,298,141
S01002435,297,227,70
S01002436,420,224,196
S01002437,384,291,93
S01002438,282,201,81
S01002439,335,241,94
S01002440,420,268,152
S01002441,297,249,48
S01002442,266,161,105
S01002443,313,200,113
S01002444,250,127,123
S01002445,417,285,132
S01002446,438,342,96
S01002447,260,185,75
S01002448,198,143,55
S01002449,235,220,15
S01002450,436,216,220
S01002451,398,336,62
S01002452,238,154,84
S01002453,300,238,62
S01002454,321,250,71
S01002455,221,184,37
S01002456,434,254,180
S01002457,307,232,75
S01002458,412,248,164
S01002459,334,162,172
S01002460,399,209,190
S01002461,163,159,4
S01002462,381,223,158
S01002463,453,250,203
S01002464,239,159,80
S01002465,280,254,26
S01002466,429,324,105
S01002467,233,150,83
S01002468,327,197,130
S01002469,278,210,68
S01002470,348,251,97
S01002471,244,173,71
S01002472,309,141,168
S01002473,457,276,181
S01002474,239,136,103
S01002475,264,178,86
S01002476,395,324,71
S01002477,383,265,118
S01002478,386,303,83
S01002479,324,194,130
S01002480,268,179,89
S01002481,430,301,129
S01002482,476,264,212
S01002483,387,169,218
S01002484,375,248,127
S01002485,361,323,38
S01002486,293,162,131
S01002487,230,155,75
S01002488,349,154,195
S01002489,312,148,164
S01002490,267,173,94
S01002491,239,143,96
S01002492,380,337,43
S01002493,409,320,89
S01002494,269,243,26
S01002495,277,184,93
S01002496,573,460,113
S01002497,473,268,205
S01002498,249,228,21
S01002499,507,310,197
S01002500,301,191,110
S01002501,222,180,42
S01002502,371,229,142
S01002503,330,251,79
S01002504,577,468,109
S01002505,386,216,170
S01002506,326,261,65
S01002507,355,206,149
S01002508,378,333,45
S01002509,526,418,108
S01002510,437,357,80
S01002511,224,174,50
S01002512,376,224,152
S01002513,630,564,66
S01002514,300,175,125
S01002515,313,185,128
S01002516,360,268,92
S01002517,264,187,77
S01002518,405,368,37
S01002519,467,200,267
S01002520,281,123,158
S01002521,293,195,98
S01002522,291,254,37
S01002523,290,268,22
S01002524,319,255,64
S01002525,328,199,129
S01002526,190,180,10
S01002527,329,280,49
S01002528,361,328,33
S01002529,476,314,162
S01002530,298,191,107
S01002531,380,284,96
S01002532,319,221,98
S01002533,317,203,114
S01002534,369,247,122
S01002535,347,290,57
S01002536,269,140,129
S01002537,217,145,72
S01002538,381,351,30
S01002539,397,238,159
S01002540,282,155,127
S01002541,731,637,94
S01002542,291,239,52
S01002543,259,132,127
S01002544,391,299,92
S01002545,385,264,121
S01002546,337,259,78
S01002547,303,263,40
S01002548,482,371,111
S01002549,246,215,31
S01002550,191,177,14
S01002551,264,202,62
S01002552,249,190,59
S01002553,384,253,131
S01002554,215,208,7
S01002555,351,274,77
S01002556,297,216,81
S01002557,352,273,79
S01002558,233,176,57
S01002559,281,252,29
S01002560,246,181,65
S01002561,343,258,85
S01002562,263,208,55
S01002563,385,358,27
S01002564,238,221,17
S01002565,372,318,54
S01002566,263,255,8
S01002567,881,856,25
S01002568,370,302,68
S01002569,585,513,72
S01002570,264,226,38
S01002571,301,243,58
S01002572,248,224,24
S01002573,220,176,44
S01002574,439,271,168
S01002575,373,332,41
S01002576,330,281,49
S01002577,452,263,189
S01002578,301,288,13
S01002579,451,407,44
S01002580,332,223,109
S01002581,270,261,9
S01002582,329,194,135
S01002583,388,309,79
S01002584,537,467,70
S01002585,419,296,123
S01002586,217,185,32
S01002587,308,274,34
S01002588,311,273,38
S01002589,339,299,40
S01002590,305,271,34
S01002591,271,164,107
S01002592,432,267,165
S01002593,337,232,105
S01002594,259,246,13
S01002595,320,227,93
S01002596,284,262,22
S01002597,219,160,59
S01002598,428,329,99
S01002599,242,181,61
S01002600,364,339,25
S01002601,296,210,86
S01002602,221,175,46
S01002603,355,211,144
S01002604,397,370,27
S01002605,255,188,67
S01002606,211,166,45
S01002607,373,268,105
S01002608,206,182,24
S01002609,351,231,120
S01002610,381,290,91
S01002611,325,282,43
S01002612,392,348,44
S01002613,386,339,47
S01002614,397,331,66
S01002615,180,160,20
S01002616,227,205,22
S01002617,436,283,153
S01002618,399,202,197
S01002619,342,280,62
S01002620,457,272,185
S01002621,246,227,19
S01002622,3064,2918,146
S01002623,598,572,26
S01002624,288,255,33
S01002625,367,336,31
S01002626,274,189,85
S01002627,394,372,22
S01002628,311,287,24
S01002629,376,317,59
S01002630,332,230,102
S01002631,351,307,44
S01002632,242,192,50
S01002633,379,310,69
S01002634,330,282,48
S01002635,256,218,38
S01002636,269,206,63
S01002637,333,240,93
S01002638,318,200,118
S01002639,399,353,46
S01002640,313,262,51
S01002641,350,320,30
S01002642,270,196,74
S01002643,285,175,110
S01002644,306,240,66
S01002645,288,182,106
S01002646,366,245,121
S01002647,406,227,179
S01002648,464,421,43
S01002649,283,157,126
S01002650,288,251,37
S01002651,270,178,92
S01002652,258,233,25
S01002653,355,238,117
S01002654,385,235,150
S01002655,391,220,171
S01002656,401,196,205
S01002657,393,309,84
S01002658,704,461,243
S01002659,409,356,53
S01002660,337,212,125
S01002661,377,300,77
S01002662,558,461,97
S01002663,326,264,62
S01002664,358,330,28
S01002665,347,273,74
S01002666,586,509,77
S01002667,310,165,145
S01002668,217,173,44
S01002669,484,335,149
S01002670,236,223,13
S01002671,544,337,207
S01002672,318,150,168
S01002673,287,182,105
S01002674,376,274,102
S01002675,416,366,50
S01002676,322,258,64
S01002677,551,297,254
S01002678,333,312,21
S01002679,553,318,235
S01002680,565,385,180
S01002681,352,243,109
S01002682,232,159,73
S01002683,258,232,26
S01002684,412,268,144
S01002685,450,223,227
S01002686,681,613,68
S01002687,489,411,78
S01002688,264,241,23
S01002689,328,301,27
S01002690,258,217,41
S01002691,555,496,59
S01002692,335,281,54
S01002693,187,171,16
S01002694,264,185,79
S01002695,254,229,25
S01002696,336,244,92
S01002697,373,334,39
S01002698,320,257,63
S01002699,228,147,81
S01002700,351,227,124
S01002701,349,331,18
S01002702,306,179,127
S01002703,574,480,94
S01002704,327,242,85
S01002705,358,226,132
S01002706,403,246,157
S01002707,351,224,127
S01002708,431,344,87
S01002709,464,258,206
S01002710,355,311,44
S01002711,364,249,115
S01002712,308,208,100
S01002713,414,171,243
S01002714,435,255,180
S01002715,407,245,162
S01002716,218,211,7
S01002717,420,299,121
S01002718,394,211,183
S01002719,310,240,70
S01002720,308,281,27
S01002721,389,244,145
S01002722,420,273,147
S01002723,332,215,117
S01002724,427,250,177
S01002725,404,303,101
S01002726,358,239,119
S01002727,387,361,26
S01002728,438,283,155
S01002729,375,350,25
S01002730,480,309,171
S01002731,362,242,120
S01002732,332,213,119
S01002733,313,243,70
S01002734,517,325,192
S01002735,720,478,242
S01002736,292,244,48
S01002737,403,269,134
S01002738,267,195,72
S01002739,333,292,41
S01002740,201,181,20
S01002741,489,349,140
S01002742,385,245,140
S01002743,341,194,147
S01002744,255,222,33
S01002745,307,181,126
S01002746,357,275,82
S01002747,254,152,102
S01002748,384,228,156
S01002749,314,171,143
S01002750,384,251,133
S01002751,421,263,158
S01002752,231,161,70
S01002753,276,255,21
S01002754,247,201,46
S01002755,355,169,186
S01002756,401,257,144
S01002757,254,184,70
S01002758,315,181,134
S01002759,376,279,97
S01002760,238,155,83
S01002761,440,263,177
S01002762,312,159,153
S01002763,374,232,142
S01002764,263,150,113
S01002765,427,206,221
S01002766,459,251,208
S01002767,426,355,71
S01002768,371,254,117
S01002769,338,233,105
S01002770,280,191,89
S01002771,348,198,150
S01002772,377,338,39
S01002773,389,278,111
S01002774,382,218,164
S01002775,287,174,113
S01002776,397,308,89
S01002777,493,317,176
S01002778,397,194,203
S01002779,297,141,156
S01002780,397,216,181
S01002781,399,278,121
S01002782,437,236,201
S01002783,615,488,127
S01002784,228,154,74
S01002785,295,197,98
S01002786,305,274,31
S01002787,302,209,93
S01002788,328,285,43
S01002789,301,271,30
S01002790,415,243,172
S01002791,253,148,105
S01002792,822,716,106
S01002793,375,192,183
S01002794,394,277,117
S01002795,257,231,26
S01002796,250,213,37
S01002797,313,281,32
S01002798,245,167,78
S01002799,326,183,143
S01002800,282,267,15
S01002801,386,273,113
S01002802,245,224,21
S01002803,369,273,96
S01002804,257,168,89
S01002805,410,260,150
S01002806,939,817,122
S01002807,328,203,125
S01002808,370,231,139
S01002809,330,209,121
S01002810,475,365,110
S01002811,455,351,104
S01002812,268,221,47
S01002813,338,206,132
S01002814,413,318,95
S01002815,341,198,143
S01002816,235,172,63
S01002817,248,166,82
S01002818,277,203,74
S01002819,347,170,177
S01002820,330,197,133
S01002821,559,385,174
S01002822,321,188,133
S01002823,394,196,198
S01002824,368,286,82
S01002825,394,249,145
S01002826,243,157,86
S01002827,292,216,76
S01002828,377,289,88
S01002829,391,238,153
S01002830,302,190,112
S01002831,466,386,80
S01002832,312,255,57
S01002833,399,375,24
S01002834,366,245,121
S01002835,333,242,91
S01002836,232,163,69
S01002837,344,158,186
S01002838,274,168,106
S01002839,292,166,126
S01002840,313,212,101
S01002841,432,408,24
S01002842,306,138,168
S01002843,327,189,138
S01002844,276,226,50
S01002845,402,242,160
S01002846,453,386,67
S01002847,411,289,122
S01002848,336,231,105
S01002849,408,312,96
S01002850,414,274,140
S01002851,229,196,33
S01002852,399,259,140
S01002853,215,105,110
S01002854,342,229,113
S01002855,231,142,89
S01002856,411,198,213
S01002857,220,190,30
S01002858,275,239,36
S01002859,343,220,123
S01002860,431,347,84
S01002861,414,292,122
S01002862,246,162,84
S01002863,309,199,110
S01002864,256,167,89
S01002865,356,271,85
S01002866,499,282,217
S01002867,208,167,41
S01002868,329,176,153
S01002869,240,149,91
S01002870,398,309,89
S01002871,289,226,63
S01002872,296,181,115
S01002873,333,232,101
S01002874,338,223,115
S01002875,258,149,109
S01002876,297,152,145
S01002877,351,214,137
S01002878,229,172,57
S01002879,363,256,107
S01002880,223,199,24
S01002881,482,318,164
S01002882,479,237,242
S01002883,436,319,117
S01002884,373,267,106
S01002885,504,469,35
S01002886,339,262,77
S01002887,244,177,67
S01002888,236,208,28
S01002889,374,239,135
S01002890,291,177,114
S01002891,316,236,80
S01002892,301,210,91
S01002893,464,335,129
S01002894,325,278,47
S01002895,318,179,139
S01002896,315,218,97
S01002897,363,196,167
S01002898,500,376,124
S01002899,208,197,11
S01002900,300,187,113
S01002901,363,254,109
S01002902,363,266,97
S01002903,421,264,157
S01002904,311,264,47
S01002905,364,279,85
S01002906,348,266,82
S01002907,287,191,96
S01002908,343,308,35
S01002909,332,255,77
S01002910,451,331,120
S01002911,351,243,108
S01002912,554,516,38
S01002913,328,299,29
S01002914,330,177,153
S01002915,403,290,113
S01002916,387,217,170
S01002917,287,243,44
S01002918,365,313,52
S01002919,361,229,132
S01002920,285,218,67
S01002921,308,261,47
S01002922,230,161,69
S01002923,295,229,66
S01002924,297,266,31
S01002925,595,509,86
S01002926,334,234,100
S01002927,348,245,103
S01002928,229,205,24
S01002929,286,225,61
S01002930,234,202,32
S01002931,365,272,93
S01002932,263,250,13
S01002933,394,308,86
S01002934,393,286,107
S01002935,403,312,91
S01002936,291,276,15
S01002937,218,184,34
S01002938,341,236,105
S01002939,223,211,12
S01002940,258,223,35
S01002941,427,372,55
S01002942,192,160,32
S01002943,285,260,25
S01002944,523,442,81
S01002945,264,228,36
S01002946,427,401,26
S01002947,262,239,23
S01002948,340,286,54
S01002949,226,213,13
S01002950,317,281,36
S01002951,453,389,64
S01002952,256,222,34
S01002953,444,360,84
S01002954,356,308,48
S01002955,492,421,71
S01002956,342,276,66
S01002957,379,337,42
S01002958,232,224,8
S01002959,443,393,50
S01002960,278,252,26
S01002961,351,307,44
S01002962,264,225,39
S01002963,355,275,80
S01002964,334,295,39
S01002965,377,352,25
S01002966,245,215,30
S01002967,392,346,46
S01002968,572,479,93
S01002969,453,403,50
S01002970,278,241,37
S01002971,512,438,74
S01002972,544,355,189
S01002973,364,262,102
S01002974,395,377,18
S01002975,333,195,138
S01002976,456,248,208
S01002977,347,244,103
S01002978,484,409,75
S01002979,299,245,54
S01002980,342,206,136
S01002981,333,287,46
S01002982,282,244,38
S01002983,379,229,150
S01002984,329,263,66
S01002985,274,219,55
S01002986,327,213,114
S01002987,327,186,141
S01002988,314,271,43
S01002989,495,224,271
S01002990,251,132,119
S01002991,327,293,34
S01002992,344,221,123
S01002993,311,287,24
S01002994,387,178,209
S01002995,221,87,134
S01002996,332,164,168
S01002997,302,117,185
S01002998,356,286,70
S01002999,209,103,106
S01003000,301,275,26
S01003001,273,216,57
S01003002,434,325,109
S01003003,268,245,23
S01003004,214,161,53
S01003005,237,229,8
S01003006,455,413,42
S01003007,323,264,59
S01003008,164,152,12
S01003009,243,166,77
S01003010,306,276,30
S01003011,275,255,20
S01003012,425,382,43
S01003013,266,249,17
S01003014,271,248,23
S01003015,320,281,39
S01003016,200,187,13
S01003017,333,243,90
S01003018,383,303,80
S01003019,355,259,96
S01003020,311,224,87
S01003021,281,245,36
S01003022,425,352,73
S01003023,299,249,50
S01003024,344,253,91
S01003025,364,298,66
S01003026,364,243,121
S01003027,407,357,50
S01003028,398,116,282
S01003029,488,236,252
S01003030,577,266,311
S01003032,258,87,171
S01003033,255,83,172
S01003034,377,291,86
S01003035,444,166,278
S01003036,555,141,414
S01003037,700,608,92
S01003038,294,268,26
S01003039,407,174,233
S01003040,472,166,306
S01003041,257,226,31
S01003042,270,70,200
S01003043,289,71,218
S01003044,553,187,366
S01003045,416,155,261
S01003046,350,176,174
S01003047,476,149,327
S01003048,270,77,193
S01003049,280,86,194
S01003050,298,235,63
S01003051,460,249,211
S01003052,330,115,215
S01003053,382,250,132
S01003054,354,195,159
S01003055,424,152,272
S01003056,417,159,258
S01003057,302,189,113
S01003058,501,313,188
S01003059,395,262,133
S01003060,428,222,206
S01003061,292,257,35
S01003062,377,244,133
S01003063,333,231,102
S01003064,438,153,285
S01003065,599,353,246
S01003066,301,262,39
S01003067,232,184,48
S01003068,383,308,75
S01003069,266,156,110
S01003070,344,206,138
S01003071,288,250,38
S01003072,486,177,309
S01003073,302,216,86
S01003074,256,242,14
S01003075,310,183,127
S01003076,521,73,448
S01003077,500,237,263
S01003078,293,194,99
S01003079,344,266,78
S01003080,349,261,88
S01003081,320,280,40
S01003082,419,228,191
S01003083,576,254,322
S01003084,415,156,259
S01003085,423,331,92
S01003086,214,179,35
S01003087,269,172,97
S01003088,536,176,360
S01003089,282,249,33
S01003090,324,195,129
S01003091,251,159,92
S01003092,348,235,113
S01003093,507,209,298
S01003094,447,297,150
S01003095,259,240,19
S01003096,274,219,55
S01003097,121,51,70
S01003098,826,452,374
S01003099,224,103,121
S01003100,368,200,168
S01003101,218,94,124
S01003102,285,225,60
S01003103,273,224,49
S01003104,570,216,354
S01003105,332,213,119
S01003106,311,228,83
S01003107,309,139,170
S01003108,488,225,263
S01003109,371,316,55
S01003110,294,253,41
S01003111,359,142,217
S01003112,429,318,111
S01003113,279,220,59
S01003114,348,244,104
S01003115,500,342,158
S01003116,586,287,299
S01003117,464,231,233
S01003118,266,56,210
S01003119,269,170,99
S01003120,561,499,62
S01003121,366,140,226
S01003122,325,178,147
S01003123,416,318,98
S01003124,499,318,181
S01003125,460,276,184
S01003126,121,28,93
S01003127,336,212,124
S01003128,544,230,314
S01003129,652,423,229
S01003130,457,233,224
S01003131,456,298,158
S01003132,470,171,299
S01003133,663,535,128
S01003134,339,121,218
S01003135,346,174,172
S01003136,463,267,196
S01003137,375,211,164
S01003138,662,240,422
S01003139,619,390,229
S01003140,425,138,287
S01003141,463,313,150
S01003142,525,191,334
S01003143,452,261,191
S01003144,399,203,196
S01003145,303,163,140
S01003146,408,205,203
S01003147,404,221,183
S01003148,276,174,102
S01003149,566,304,262
S01003150,409,90,319
S01003151,367,242,125
S01003152,495,219,276
S01003153,277,222,55
S01003154,543,294,249
S01003155,486,447,39
S01003156,494,263,231
S01003157,587,283,304
S01003158,319,54,265
S01003159,81,28,53
S01003160,281,128,153
S01003161,259,160,99
S01003162,302,151,151
S01003163,331,265,66
S01003164,272,200,72
S01003165,497,239,258
S01003166,398,220,178
S01003167,374,194,180
S01003168,519,322,197
S01003169,950,792,158
S01003170,315,269,46
S01003171,232,219,13
S01003172,372,146,226
S01003173,278,141,137
S01003174,370,150,220
S01003175,476,129,347
S01003176,471,226,245
S01003177,415,310,105
S01003178,398,220,178
S01003179,280,124,156
S01003180,238,210,28
S01003181,344,169,175
S01003182,371,152,219
S01003183,331,144,187
S01003184,363,131,232
S01003185,259,124,135
S01003186,402,335,67
S01003187,492,318,174
S01003188,490,157,333
S01003189,420,154,266
S01003190,408,124,284
S01003191,278,90,188
S01003192,592,194,398
S01003193,638,559,79
S01003194,363,141,222
S01003195,306,259,47
S01003196,408,361,47
S01003197,375,285,90
S01003198,470,188,282
S01003199,416,282,134
S01003200,430,155,275
S01003201,133,55,78
S01003202,528,195,333
S01003203,413,238,175
S01003204,363,187,176
S01003205,431,173,258
S01003206,468,141,327
S01003207,316,181,135
S01003208,635,232,403
S01003209,250,171,79
S01003210,365,293,72
S01003211,251,187,64
S01003212,261,211,50
S01003213,264,120,144
S01003214,348,197,151
S01003215,383,187,196
S01003216,343,191,152
S01003217,418,113,305
S01003218,338,180,158
S01003219,337,197,140
S01003220,277,150,127
S01003221,428,137,291
S01003222,280,173,107
S01003223,470,152,318
S01003224,284,232,52
S01003225,398,98,300
S01003226,342,132,210
S01003227,792,488,304
S01003228,597,334,263
S01003229,332,308,24
S01003230,374,251,123
S01003231,442,224,218
S01003232,503,175,328
S01003233,349,314,35
S01003234,360,292,68
S01003235,370,220,150
S01003236,252,149,103
S01003237,414,206,208
S01003238,346,189,157
S01003239,461,231,230
S01003240,326,216,110
S01003241,349,235,114
S01003242,497,304,193
S01003243,405,230,175
S01003244,446,216,230
S01003245,708,183,525
S01003246,660,193,467
S01003247,355,137,218
S01003248,649,261,388
S01003249,421,187,234
S01003250,257,152,105
S01003251,471,108,363
S01003252,247,209,38
S01003253,540,126,414
S01003254,258,57,201
S01003255,446,200,246
S01003256,629,242,387
S01003257,258,224,34
S01003258,311,251,60
S01003259,479,338,141
S01003260,300,254,46
S01003261,421,318,103
S01003262,372,154,218
S01003263,465,203,262
S01003264,308,162,146
S01003265,306,189,117
S01003266,391,190,201
S01003267,583,237,346
S01003268,912,456,456
S01003269,493,157,336
S01003270,451,141,310
S01003271,1036,486,550
S01003272,894,355,539
S01003273,431,93,338
S01003274,335,91,244
S01003275,552,220,332
S01003276,277,234,43
S01003277,321,179,142
S01003278,362,217,145
S01003279,167,58,109
S01003280,445,231,214
S01003281,242,121,121
S01003282,295,208,87
S01003283,291,212,79
S01003284,561,225,336
S01003285,163,58,105
S01003286,587,243,344
S01003287,201,87,114
S01003288,285,229,56
S01003289,216,83,133
S01003290,443,202,241
S01003291,394,122,272
S01003292,286,209,77
S01003293,447,126,321
S01003294,445,137,308
S01003295,376,306,70
S01003296,395,102,293
S01003297,316,84,232
S01003298,474,287,187
S01003299,214,58,156
S01003300,386,261,125
S01003301,406,143,263
S01003302,401,88,313
S01003303,1144,604,540
S01003304,365,138,227
S01003305,384,210,174
S01003306,515,194,321
S01003307,520,247,273
S01003308,367,188,179
S01003309,494,153,341
S01003310,376,185,191
S01003311,279,234,45
S01003312,228,121,107
S01003313,457,157,300
S01003314,372,90,282
S01003315,308,175,133
S01003316,317,122,195
S01003317,293,192,101
S01003318,299,238,61
S01003320,269,120,149
S01003321,304,226,78
S01003322,461,140,321
S01003323,292,233,59
S01003324,245,102,143
S01003325,313,207,106
S01003326,453,166,287
S01003327,274,112,162
S01003328,636,282,354
S01003329,367,193,174
S01003330,324,289,35
S01003331,376,103,273
S01003332,206,70,136
S01003333,525,140,385
S01003334,449,213,236
S01003335,451,177,274
S01003336,497,198,299
S01003337,587,290,297
S01003338,455,235,220
S01003339,329,178,151
S01003340,551,228,323
S01003341,345,309,36
S01003342,353,102,251
S01003343,299,104,195
S01003344,191,117,74
S01003345,512,249,263
S01003346,383,190,193
S01003347,509,110,399
S01003348,595,367,228
S01003349,630,309,321
S01003350,365,217,148
S01003351,607,178,429
S01003352,538,227,311
S01003353,440,97,343
S01003354,325,130,195
S01003355,581,213,368
S01003356,516,140,376
S01003357,206,46,160
S01003358,1130,353,777
S01003359,355,320,35
S01003360,312,191,121
S01003361,380,135,245
S01003362,306,145,161
S01003363,365,164,201
S01003364,332,107,225
S01003365,318,107,211
S01003366,422,122,300
S01003367,671,155,516
S01003368,921,298,623
S01003369,329,128,201
S01003370,390,160,230
S01003371,403,153,250
S01003372,282,144,138
S01003373,1454,462,992
S01003374,214,58,156
S01003375,414,264,150
S01003376,249,88,161
S01003377,353,180,173
S01003378,433,122,311
S01003379,277,64,213
S01003380,614,331,283
S01003381,356,199,157
S01003382,930,600,330
S01003383,461,221,240
S01003384,475,229,246
S01003385,456,214,242
S01003386,368,143,225
S01003387,455,156,299
S01003388,580,177,403
S01003389,610,170,440
S01003390,530,205,325
S01003391,405,127,278
S01003392,455,207,248
S01003393,432,185,247
S01003394,252,119,133
S01003395,353,165,188
S01003396,461,144,317
S01003397,444,152,292
S01003398,404,158,246
S01003399,685,217,468
S01003400,362,179,183
S01003401,360,90,270
S01003402,419,143,276
S01003403,608,259,349
S01003404,267,106,161
S01003405,374,177,197
S01003406,398,147,251
S01003407,425,207,218
S01003408,330,105,225
S01003409,783,472,311
S01003410,730,210,520
S01003411,433,176,257
S01003412,461,187,274
S01003413,296,170,126
S01003414,219,74,145
S01003415,468,96,372
S01003416,535,139,396
S01003417,562,243,319
S01003418,503,121,382
S01003419,431,133,298
S01003420,198,60,138
S01003421,419,195,224
S01003422,424,148,276
S01003423,466,200,266
S01003424,615,181,434
S01003425,420,196,224
S01003426,623,241,382
S01003427,491,210,281
S01003428,424,131,293
S01003429,365,200,165
S01003430,426,181,245
S01003431,481,190,291
S01003432,387,194,193
S01003433,555,189,366
S01003434,431,144,287
S01003435,318,104,214
S01003436,238,166,72
S01003437,349,207,142
S01003438,638,299,339
S01003439,817,193,624
S01003440,216,111,105
S01003441,762,231,531
S01003442,514,140,374
S01003443,476,120,356
S01003444,366,91,275
S01003445,485,165,320
S01003446,274,86,188
S01003447,526,97,429
S01003448,369,174,195
S01003449,417,167,250
S01003450,645,243,402
S01003451,517,231,286
S01003452,250,155,95
S01003453,658,458,200
S01003454,291,138,153
S01003455,382,104,278
S01003456,128,35,93
S01003457,577,134,443
S01003458,508,216,292
S01003459,367,156,211
S01003460,593,319,274
S01003461,331,185,146
S01003462,244,95,149
S01003463,294,53,241
S01003464,427,199,228
S01003465,1625,1048,577
S01003466,459,172,287
S01003467,347,165,182
S01003468,373,135,238
S01003469,584,216,368
S01003470,694,270,424
S01003471,315,110,205
S01003472,394,82,312
S01003473,593,180,413
S01003474,275,122,153
S01003475,432,138,294
S01003476,435,325,110
S01003477,716,317,399
S01003478,460,199,261
S01003479,498,200,298
S01003480,471,198,273
S01003481,585,248,337
S01003482,388,79,309
S01003483,271,113,158
S01003484,446,207,239
S01003485,409,219,190
S01003486,391,148,243
S01003487,481,188,293
S01003488,384,129,255
S01003489,602,277,325
S01003490,338,105,233
S01003491,44,12,32
S01003492,609,246,363
S01003493,490,192,298
S01003494,481,142,339
S01003495,481,202,279
S01003496,634,309,325
S01003497,521,279,242
S01003498,555,264,291
S01003499,637,279,358
S01003500,333,74,259
S01003501,367,153,214
S01003502,706,545,161
S01003503,388,226,162
S01003504,375,148,227
S01003506,514,296,218
S01003507,283,136,147
S01003508,516,178,338
S01003509,469,315,154
S01003510,241,110,131
S01003511,530,381,149
S01003512,361,143,218
S01003513,272,138,134
S01003514,418,199,219
S01003515,272,93,179
S01003516,307,241,66
S01003517,449,203,246
S01003518,621,247,374
S01003519,332,91,241
S01003520,400,221,179
S01003521,219,96,123
S01003522,435,233,202
S01003523,347,159,188
S01003524,561,405,156
S01003525,583,386,197
S01003526,461,295,166
S01003527,346,286,60
S01003528,192,135,57
S01003529,210,158,52
S01003530,428,267,161
S01003531,433,152,281
S01003532,483,325,158
S01003533,176,11,165
S01003534,565,245,320
S01003535,406,187,219
S01003536,513,364,149
S01003537,478,187,291
S01003538,286,127,159
S01003539,500,368,132
S01003540,264,79,185
S01003541,364,82,282
S01003542,406,302,104
S01003543,381,114,267
S01003544,226,155,71
S01003545,408,303,105
S01003546,541,176,365
S01003547,433,228,205
S01003549,381,122,259
S01003550,246,211,35
S01003551,355,136,219
S01003552,615,406,209
S01003553,356,93,263
S01003554,408,247,161
S01003555,335,247,88
S01003556,258,226,32
S01003557,365,97,268
S01003558,509,391,118
S01003559,388,332,56
S01003560,608,480,128
S01003561,550,183,367
S01003562,331,107,224
S01003563,234,88,146
S01003564,351,100,251
S01003565,452,141,311
S01003566,394,203,191
S01003567,469,117,352
S01003568,355,286,69
S01003569,290,207,83
S01003570,319,204,115
S01003571,464,201,263
S01003572,559,159,400
S01003573,476,213,263
S01003574,549,354,195
S01003575,451,165,286
S01003576,424,303,121
S01003577,391,228,163
S01003578,94,46,48
S01003579,425,92,333
S01003580,587,251,336
S01003581,711,333,378
S01003582,416,70,346
S01003583,280,116,164
S01003584,338,80,258
S01003585,437,152,285
S01003586,499,210,289
S01003587,365,338,27
S01003588,294,234,60
S01003589,507,412,95
S01003590,383,183,200
S01003591,493,433,60
S01003592,713,321,392
S01003593,291,158,133
S01003594,449,386,63
S01003595,455,131,324
S01003596,611,109,502
S01003597,340,284,56
S01003598,305,137,168
S01003599,445,256,189
S01003600,507,143,364
S01003601,406,140,266
S01003602,268,138,130
S01003603,438,162,276
S01003604,432,173,259
S01003605,372,122,250
S01003606,416,215,201
S01003607,212,121,91
S01003608,269,122,147
S01003609,497,356,141
S01003610,512,259,253
S01003611,492,145,347
S01003612,476,317,159
S01003613,557,507,50
S01003614,272,170,102
S01003615,370,171,199
S01003616,294,269,25
S01003617,499,92,407
S01003618,376,247,129
S01003619,456,112,344
S01003620,502,383,119
S01003621,501,217,284
S01003622,408,209,199
S01003623,337,287,50
S01003624,652,338,314
S01003625,188,88,100
S01003626,329,269,60
S01003627,361,99,262
S01003628,274,134,140
S01003629,403,183,220
S01003630,411,174,237
S01003631,594,416,178
S01003632,417,298,119
S01003633,713,436,277
S01003634,394,192,202
S01003635,405,154,251
S01003636,520,184,336
S01003637,523,307,216
S01003638,394,271,123
S01003639,370,209,161
S01003640,487,216,271
S01003641,266,243,23
S01003642,383,220,163
S01003643,308,183,125
S01003644,468,202,266
S01003645,258,144,114
S01003646,437,85,352
S01003647,354,210,144
S01003648,431,222,209
S01003649,396,263,133
S01003650,402,136,266
S01003651,386,175,211
S01003652,375,146,229
S01003653,279,136,143
S01003654,404,193,211
S01003655,260,126,134
S01003656,398,210,188
S01003657,345,156,189
S01003658,360,246,114
S01003659,435,250,185
S01003660,336,313,23
S01003661,451,369,82
S01003662,340,155,185
S01003663,340,115,225
S01003664,276,100,176
S01003665,367,59,308
S01003666,299,112,187
S01003667,329,231,98
S01003668,364,205,159
S01003669,433,240,193
S01003670,475,185,290
S01003671,316,167,149
S01003672,356,121,235
S01003673,195,43,152
S01003674,407,213,194
S01003675,458,318,140
S01003676,674,507,167
S01003677,284,124,160
S01003678,289,154,135
S01003679,521,223,298
S01003680,278,138,140
S01003681,313,175,138
S01003682,410,300,110
S01003683,285,178,107
S01003684,354,210,144
S01003685,228,149,79
S01003686,443,199,244
S01003687,379,100,279
S01003688,443,195,248
S01003689,267,115,152
S01003690,604,174,430
S01003691,461,317,144
S01003692,512,296,216
S01003693,246,146,100
S01003694,396,274,122
S01003695,466,206,260
S01003696,526,316,210
S01003697,371,314,57
S01003698,432,269,163
S01003699,365,295,70
S01003700,483,245,238
S01003701,628,270,358
S01003702,338,138,200
S01003703,450,193,257
S01003704,321,110,211
S01003705,417,133,284
S01003706,308,100,208
S01003707,398,163,235
S01003708,439,102,337
S01003709,451,71,380
S01003710,579,265,314
S01003711,448,167,281
S01003712,430,201,229
S01003713,227,65,162
S01003714,252,137,115
S01003715,331,207,124
S01003716,255,90,165
S01003717,357,150,207
S01003718,285,145,140
S01003719,259,244,15
S01003720,449,393,56
S01003721,364,306,58
S01003722,455,308,147
S01003723,234,213,21
S01003724,339,224,115
S01003725,270,210,60
S01003726,293,221,72
S01003727,282,207,75
S01003728,244,216,28
S01003729,362,245,117
S01003730,258,146,112
S01003731,283,177,106
S01003732,410,312,98
S01003733,369,262,107
S01003734,287,209,78
S01003735,340,269,71
S01003736,350,231,119
S01003737,281,196,85
S01003738,300,263,37
S01003739,247,216,31
S01003740,265,244,21
S01003741,393,355,38
S01003742,283,255,28
S01003743,245,231,14
S01003744,278,257,21
S01003745,345,269,76
S01003746,380,303,77
S01003747,496,420,76
S01003748,272,214,58
S01003749,374,311,63
S01003750,305,286,19
S01003751,496,418,78
S01003752,392,342,50
S01003753,503,434,69
S01003754,397,273,124
S01003755,667,523,144
S01003756,388,328,60
S01003757,266,235,31
S01003758,430,385,45
S01003759,298,269,29
S01003760,362,332,30
S01003761,419,362,57
S01003762,453,424,29
S01003763,419,345,74
S01003764,370,311,59
S01003765,321,220,101
S01003766,344,257,87
S01003767,369,299,70
S01003768,273,241,32
S01003769,416,337,79
S01003770,337,323,14
S01003771,313,298,15
S01003772,255,240,15
S01003773,296,261,35
S01003774,329,281,48
S01003775,380,357,23
S01003776,288,273,15
S01003777,430,387,43
S01003778,1268,1170,98
S01003779,224,205,19
S01003780,379,367,12
S01003781,508,454,54
S01003782,261,254,7
S01003783,505,415,90
S01003784,642,595,47
S01003785,369,317,52
S01003786,387,339,48
S01003787,262,230,32
S01003788,302,263,39
S01003789,193,182,11
S01003790,242,158,84
S01003791,383,300,83
S01003792,962,848,114
S01003793,264,143,121
S01003794,318,270,48
S01003795,276,265,11
S01003796,306,150,156
S01003797,496,313,183
S01003798,346,296,50
S01003799,307,280,27
S01003800,315,225,90
S01003801,371,258,113
S01003802,316,258,58
S01003803,296,266,30
S01003804,299,210,89
S01003805,578,337,241
S01003806,341,228,113
S01003807,360,319,41
S01003808,386,284,102
S01003809,295,201,94
S01003810,368,318,50
S01003811,293,273,20
S01003812,486,298,188
S01003813,359,298,61
S01003814,333,292,41
S01003815,401,265,136
S01003816,440,396,44
S01003817,476,248,228
S01003818,351,205,146
S01003819,921,854,67
S01003820,472,307,165
S01003821,348,237,111
S01003822,244,153,91
S01003823,445,298,147
S01003824,411,246,165
S01003825,278,233,45
S01003826,357,255,102
S01003827,386,286,100
S01003828,453,402,51
S01003829,264,165,99
S01003830,354,245,109
S01003831,300,247,53
S01003832,432,306,126
S01003833,352,151,201
S01003834,306,226,80
S01003835,278,231,47
S01003836,305,231,74
S01003837,417,236,181
S01003838,203,164,39
S01003839,333,162,171
S01003840,306,257,49
S01003841,294,257,37
S01003842,310,290,20
S01003843,381,355,26
S01003844,325,282,43
S01003845,555,285,270
S01003846,378,331,47
S01003847,285,218,67
S01003848,287,250,37
S01003849,531,207,324
S01003850,243,212,31
S01003851,326,305,21
S01003852,280,216,64
S01003853,687,285,402
S01003854,307,214,93
S01003855,451,203,248
S01003856,336,231,105
S01003857,334,305,29
S01003858,222,170,52
S01003859,236,217,19
S01003860,346,108,238
S01003861,398,349,49
S01003862,287,145,142
S01003863,284,261,23
S01003864,415,361,54
S01003865,391,358,33
S01003866,398,363,35
S01003867,593,463,130
S01003868,287,267,20
S01003869,335,300,35
S01003870,429,376,53
S01003871,361,325,36
S01003872,375,355,20
S01003873,458,428,30
S01003874,295,278,17
S01003875,299,281,18
S01003876,269,256,13
S01003877,265,253,12
S01003878,467,359,108
S01003879,319,287,32
S01003880,394,318,76
S01003881,354,325,29
S01003882,269,145,124
S01003883,236,196,40
S01003884,316,235,81
S01003885,276,209,67
S01003886,211,145,66
S01003887,410,249,161
S01003888,633,592,41
S01003889,252,204,48
S01003890,291,257,34
S01003891,314,274,40
S01003892,278,206,72
S01003893,296,269,27
S01003894,450,307,143
S01003895,299,265,34
S01003896,301,269,32
S01003897,336,272,64
S01003898,351,279,72
S01003899,385,297,88
S01003900,396,283,113
S01003901,282,243,39
S01003902,402,347,55
S01003903,329,312,17
S01003904,444,294,150
S01003905,447,426,21
S01003906,340,235,105
S01003907,380,219,161
S01003908,322,247,75
S01003909,272,239,33
S01003910,269,206,63
S01003911,273,232,41
S01003912,393,337,56
S01003913,304,283,21
S01003914,423,368,55
S01003915,338,305,33
S01003916,343,330,13
S01003917,399,314,85
S01003918,394,336,58
S01003919,327,223,104
S01003920,308,214,94
S01003921,487,344,143
S01003922,362,239,123
S01003923,273,194,79
S01003924,260,140,120
S01003925,344,273,71
S01003926,246,146,100
S01003927,296,267,29
S01003928,334,245,89
S01003929,235,175,60
S01003930,388,283,105
S01003931,462,373,89
S01003932,364,311,53
S01003933,309,274,35
S01003934,441,401,40
S01003935,357,281,76
S01003936,417,395,22
S01003937,333,216,117
S01003938,250,241,9
S01003939,287,265,22
S01003940,434,323,111
S01003941,261,239,22
S01003942,332,232,100
S01003943,357,242,115
S01003944,298,222,76
S01003945,286,259,27
S01003946,379,315,64
S01003947,280,243,37
S01003948,325,304,21
S01003949,263,233,30
S01003950,279,217,62
S01003951,306,244,62
S01003952,222,209,13
S01003953,270,237,33
S01003954,305,266,39
S01003955,330,219,111
S01003956,307,253,54
S01003957,316,255,61
S01003958,359,272,87
S01003959,365,326,39
S01003960,385,313,72
S01003961,284,201,83
S01003962,347,247,100
S01003963,216,200,16
S01003964,217,200,17
S01003965,289,261,28
S01003966,471,398,73
S01003967,249,195,54
S01003968,445,328,117
S01003969,376,328,48
S01003970,307,273,34
S01003971,325,244,81
S01003972,336,290,46
S01003973,208,176,32
S01003974,414,359,55
S01003975,341,327,14
S01003976,355,195,160
S01003977,239,123,116
S01003978,270,129,141
S01003979,261,191,70
S01003980,266,240,26
S01003981,266,181,85
S01003982,350,267,83
S01003983,301,251,50
S01003984,293,191,102
S01003985,345,188,157
S01003986,275,160,115
S01003987,255,221,34
S01003988,249,204,45
S01003989,384,337,47
S01003990,238,194,44
S01003991,274,242,32
S01003992,445,380,65
S01003993,293,265,28
S01003994,292,256,36
S01003995,563,505,58
S01003996,275,252,23
S01003997,458,254,204
S01003998,263,184,79
S01003999,377,305,72
S01004000,354,227,127
S01004001,287,206,81
S01004002,530,328,202
S01004003,244,187,57
S01004004,360,239,121
S01004005,283,208,75
S01004006,230,189,41
S01004007,280,176,104
S01004008,282,258,24
S01004009,328,285,43
S01004010,369,330,39
S01004011,525,502,23
S01004012,315,279,36
S01004013,217,204,13
S01004014,293,233,60
S01004015,376,339,37
S01004016,221,202,19
S01004017,507,406,101
S01004018,278,260,18
S01004019,380,346,34
S01004020,374,295,79
S01004021,404,379,25
S01004022,415,343,72
S01004023,231,184,47
S01004024,368,291,77
S01004025,386,197,189
S01004026,260,147,113
S01004027,352,186,166
S01004028,311,169,142
S01004029,398,227,171
S01004030,271,136,135
S01004031,251,150,101
S01004032,170,96,74
S01004033,346,164,182
S01004034,271,218,53
S01004035,334,194,140
S01004036,257,151,106
S01004037,255,206,49
S01004038,281,160,121
S01004039,185,77,108
S01004040,293,219,74
S01004041,322,178,144
S01004042,333,117,216
S01004043,284,235,49
S01004044,392,139,253
S01004045,253,131,122
S01004046,360,128,232
S01004047,298,160,138
S01004048,488,267,221
S01004049,542,402,140
S01004050,205,94,111
S01004051,380,171,209
S01004052,271,112,159
S01004053,453,263,190
S01004054,358,235,123
S01004055,203,150,53
S01004056,306,195,111
S01004057,673,444,229
S01004058,384,217,167
S01004059,268,143,125
S01004060,217,107,110
S01004061,427,155,272
S01004062,336,235,101
S01004063,378,157,221
S01004064,285,179,106
S01004065,541,192,349
S01004066,223,118,105
S01004067,387,270,117
S01004068,408,154,254
S01004069,250,121,129
S01004070,312,187,125
S01004071,455,216,239
S01004072,512,297,215
S01004073,289,171,118
S01004074,373,166,207
S01004075,282,95,187
S01004076,279,169,110
S01004077,324,241,83
S01004078,437,214,223
S01004079,260,132,128
S01004080,458,139,319
S01004081,259,237,22
S01004082,426,392,34
S01004083,449,172,277
S01004084,576,186,390
S01004085,344,128,216
S01004086,507,146,361
S01004087,201,103,98
S01004088,221,124,97
S01004089,330,190,140
S01004090,149,66,83
S01004091,467,296,171
S01004092,393,183,210
S01004093,400,102,298
S01004094,280,59,221
S01004095,257,144,113
S01004096,270,260,10
S01004097,304,156,148
S01004098,259,209,50
S01004099,344,312,32
S01004100,296,192,104
S01004101,403,239,164
S01004102,307,235,72
S01004103,289,208,81
S01004104,290,256,34
S01004105,330,246,84
S01004106,408,279,129
S01004107,289,233,56
S01004108,317,252,65
S01004109,250,209,41
S01004110,407,291,116
S01004111,384,324,60
S01004112,306,249,57
S01004113,339,245,94
S01004114,407,221,186
S01004115,312,238,74
S01004116,285,227,58
S01004117,390,290,100
S01004118,613,259,354
S01004119,300,188,112
S01004120,345,293,52
S01004121,203,193,10
S01004122,357,339,18
S01004123,365,316,49
S01004124,424,369,55
S01004125,323,228,95
S01004126,404,245,159
S01004127,323,307,16
S01004128,268,245,23
S01004129,323,257,66
S01004130,199,167,32
S01004131,369,208,161
S01004132,242,172,70
S01004133,344,238,106
S01004134,268,247,21
S01004135,295,161,134
S01004136,244,177,67
S01004137,245,225,20
S01004138,307,213,94
S01004139,225,178,47
S01004140,222,157,65
S01004141,288,206,82
S01004142,199,162,37
S01004143,380,278,102
S01004144,553,441,112
S01004145,258,201,57
S01004146,333,270,63
S01004147,310,206,104
S01004148,344,317,27
S01004149,292,178,114
S01004150,206,185,21
S01004151,345,299,46
S01004152,285,205,80
S01004153,392,282,110
S01004154,282,233,49
S01004155,337,196,141
S01004156,409,276,133
S01004157,231,209,22
S01004158,290,228,62
S01004159,144,106,38
S01004160,285,228,57
S01004161,246,211,35
S01004162,739,692,47
S01004163,252,177,75
S01004164,366,297,69
S01004165,369,320,49
S01004166,297,230,67
S01004167,331,202,129
S01004168,264,180,84
S01004169,295,213,82
S01004170,320,212,108
S01004171,275,224,51
S01004172,347,217,130
S01004173,249,175,74
S01004174,312,240,72
S01004175,235,155,80
S01004176,252,221,31
S01004177,198,126,72
S01004178,246,174,72
S01004179,205,168,37
S01004180,308,289,19
S01004181,319,238,81
S01004182,418,240,178
S01004183,401,360,41
S01004184,353,226,127
S01004185,276,173,103
S01004186,354,212,142
S01004187,298,201,97
S01004188,302,190,112
S01004189,295,285,10
S01004190,321,221,100
S01004191,348,226,122
S01004192,428,299,129
S01004193,309,225,84
S01004194,330,224,106
S01004195,244,184,60
S01004196,276,155,121
S01004197,309,217,92
S01004198,211,170,41
S01004199,388,271,117
S01004200,290,269,21
S01004201,316,254,62
S01004202,216,166,50
S01004203,428,316,112
S01004204,300,244,56
S01004205,292,197,95
S01004206,236,216,20
S01004207,292,196,96
S01004208,349,280,69
S01004209,235,208,27
S01004210,264,198,66
S01004211,390,370,20
S01004212,663,604,59
S01004213,314,226,88
S01004214,290,263,27
S01004215,216,197,19
S01004216,344,270,74
S01004217,220,140,80
S01004218,375,243,132
S01004219,222,152,70
S01004220,412,308,104
S01004221,332,237,95
S01004222,335,149,186
S01004223,313,165,148
S01004224,280,176,104
S01004225,435,200,235
S01004226,337,197,140
S01004227,422,342,80
S01004228,345,301,44
S01004229,273,189,84
S01004230,280,206,74
S01004231,314,208,106
S01004232,249,217,32
S01004233,369,317,52
S01004234,396,371,25
S01004235,362,336,26
S01004236,440,341,99
S01004237,322,268,54
S01004238,228,213,15
S01004239,366,299,67
S01004240,323,305,18
S01004241,244,206,38
S01004242,355,341,14
S01004243,271,259,12
S01004244,295,227,68
S01004245,428,346,82
S01004246,248,239,9
S01004247,404,279,125
S01004248,472,336,136
S01004249,423,314,109
S01004250,480,371,109
S01004251,402,301,101
S01004252,251,242,9
S01004253,238,218,20
S01004254,279,266,13
S01004255,1072,936,136
S01004256,533,479,54
S01004257,260,253,7
S01004258,304,289,15
S01004259,282,242,40
S01004260,229,197,32
S01004261,352,244,108
S01004262,329,300,29
S01004263,356,223,133
S01004264,366,288,78
S01004265,393,292,101
S01004266,300,175,125
S01004267,233,212,21
S01004268,269,214,55
S01004269,397,315,82
S01004270,348,186,162
S01004271,348,210,138
S01004272,249,225,24
S01004273,284,247,37
S01004274,400,363,37
S01004275,262,221,41
S01004276,455,324,131
S01004277,296,270,26
S01004278,556,466,90
S01004279,358,253,105
S01004280,446,314,132
S01004281,289,262,27
S01004282,407,264,143
S01004283,314,218,96
S01004284,411,281,130
S01004285,175,169,6
S01004286,218,189,29
S01004287,273,234,39
S01004288,269,230,39
S01004289,216,169,47
S01004290,407,369,38
S01004291,389,306,83
S01004292,352,288,64
S01004293,422,356,66
S01004294,359,268,91
S01004295,360,245,115
S01004296,399,325,74
S01004297,339,249,90
S01004298,514,482,32
S01004299,313,156,157
S01004300,312,168,144
S01004301,330,306,24
S01004302,293,276,17
S01004303,247,164,83
S01004304,409,240,169
S01004305,302,226,76
S01004306,296,203,93
S01004307,265,235,30
S01004308,411,295,116
S01004309,327,304,23
S01004310,341,254,87
S01004311,497,370,127
S01004312,341,286,55
S01004313,507,480,27
S01004314,347,271,76
S01004315,184,143,41
S01004316,153,149,4
S01004317,466,400,66
S01004318,269,148,121
S01004319,383,345,38
S01004320,352,259,93
S01004321,337,213,124
S01004322,461,347,114
S01004323,315,184,131
S01004324,355,234,121
S01004325,488,355,133
S01004326,357,309,48
S01004327,286,239,47
S01004328,280,219,61
S01004329,231,182,49
S01004330,573,517,56
S01004331,284,214,70
S01004332,274,222,52
S01004333,251,211,40
S01004334,363,352,11
S01004335,238,188,50
S01004336,450,375,75
S01004337,337,246,91
S01004338,303,245,58
S01004339,398,347,51
S01004340,232,175,57
S01004341,230,171,59
S01004342,281,256,25
S01004343,254,186,68
S01004344,401,295,106
S01004345,470,381,89
S01004346,190,147,43
S01004347,374,309,65
S01004348,318,259,59
S01004349,339,280,59
S01004350,224,193,31
S01004351,259,181,78
S01004352,274,231,43
S01004353,402,304,98
S01004354,206,185,21
S01004355,226,174,52
S01004356,442,288,154
S01004357,307,297,10
S01004358,287,255,32
S01004359,241,157,84
S01004360,288,179,109
S01004361,356,273,83
S01004362,298,143,155
S01004363,500,185,315
S01004364,513,321,192
S01004365,286,180,106
S01004366,272,174,98
S01004367,318,217,101
S01004368,286,138,148
S01004369,290,226,64
S01004370,296,239,57
S01004371,302,199,103
S01004372,409,354,55
S01004373,301,169,132
S01004374,450,229,221
S01004375,241,154,87
S01004376,348,225,123
S01004377,397,209,188
S01004378,456,288,168
S01004379,409,210,199
S01004380,327,165,162
S01004381,342,228,114
S01004382,350,206,144
S01004383,361,244,117
S01004384,312,204,108
S01004385,356,275,81
S01004386,455,352,103
S01004387,449,275,174
S01004388,282,136,146
S01004389,267,202,65
S01004390,352,201,151
S01004391,235,206,29
S01004392,390,257,133
S01004393,425,241,184
S01004394,380,182,198
S01004395,260,115,145
S01004396,333,217,116
S01004397,345,308,37
S01004398,364,259,105
S01004399,240,125,115
S01004400,213,130,83
S01004401,401,358,43
S01004402,349,197,152
S01004403,210,169,41
S01004404,264,243,21
S01004405,326,238,88
S01004406,392,216,176
S01004407,308,160,148
S01004408,508,487,21
S01004409,219,183,36
S01004410,391,269,122
S01004411,284,155,129
S01004412,540,310,230
S01004413,427,180,247
S01004414,481,201,280
S01004415,349,178,171
S01004416,383,229,154
S01004417,418,179,239
S01004418,381,247,134
S01004419,357,213,144
S01004420,336,258,78
S01004421,545,195,350
S01004422,331,161,170
S01004423,383,227,156
S01004424,332,147,185
S01004425,229,190,39
S01004426,266,191,75
S01004427,380,201,179
S01004428,395,207,188
S01004429,310,160,150
S01004430,223,163,60
S01004431,409,161,248
S01004432,405,264,141
S01004433,383,260,123
S01004434,407,235,172
S01004435,439,333,106
S01004436,318,207,111
S01004437,339,216,123
S01004438,274,159,115
S01004439,259,158,101
S01004440,341,192,149
S01004441,514,487,27
S01004442,446,233,213
S01004443,277,161,116
S01004444,408,220,188
S01004445,317,211,106
S01004446,337,210,127
S01004447,297,180,117
S01004448,237,203,34
S01004449,402,211,191
S01004450,487,213,274
S01004451,391,177,214
S01004452,302,226,76
S01004453,359,333,26
S01004454,455,302,153
S01004455,357,306,51
S01004456,230,204,26
S01004457,385,246,139
S01004458,344,188,156
S01004459,280,178,102
S01004460,231,219,12
S01004461,243,212,31
S01004462,238,217,21
S01004463,317,247,70
S01004464,311,199,112
S01004465,308,273,35
S01004466,448,338,110
S01004467,392,214,178
S01004468,341,298,43
S01004469,230,144,86
S01004470,251,238,13
S01004471,718,652,66
S01004472,305,276,29
S01004473,493,458,35
S01004474,438,298,140
S01004475,197,192,5
S01004476,368,267,101
S01004477,487,396,91
S01004478,282,186,96
S01004479,309,265,44
S01004480,423,250,173
S01004481,342,241,101
S01004482,522,272,250
S01004483,282,185,97
S01004484,427,359,68
S01004485,227,213,14
S01004486,392,359,33
S01004487,547,342,205
S01004488,325,205,120
S01004489,367,333,34
S01004490,275,235,40
S01004491,357,196,161
S01004492,424,275,149
S01004493,433,315,118
S01004494,401,216,185
S01004495,353,195,158
S01004496,328,221,107
S01004497,434,226,208
S01004498,325,251,74
S01004499,274,196,78
S01004500,333,297,36
S01004501,346,213,133
S01004502,313,263,50
S01004503,400,242,158
S01004504,290,195,95
S01004505,219,152,67
S01004506,215,150,65
S01004507,341,258,83
S01004508,355,256,99
S01004509,409,359,50
S01004510,392,315,77
S01004511,520,353,167
S01004512,398,302,96
S01004513,303,197,106
S01004514,252,188,64
S01004515,521,226,295
S01004516,202,132,70
S01004517,472,245,227
S01004518,251,204,47
S01004519,374,261,113
S01004520,484,332,152
S01004521,324,283,41
S01004522,385,352,33
S01004523,386,312,74
S01004524,279,240,39
S01004525,438,387,51
S01004526,287,271,16
S01004527,266,196,70
S01004528,368,251,117
S01004529,354,274,80
S01004530,186,179,7
S01004531,449,334,115
S01004532,415,224,191
S01004533,282,90,192
S01004534,254,173,81
S01004535,387,292,95
S01004536,287,155,132
S01004537,342,224,118
S01004538,320,232,88
S01004539,302,190,112
S01004540,496,316,180
S01004541,400,265,135
S01004542,271,236,35
S01004543,380,245,135
S01004544,850,582,268
S01004545,409,225,184
S01004546,394,213,181
S01004547,475,221,254
S01004548,402,211,191
S01004549,836,653,183
S01004550,411,153,258
S01004551,605,512,93
S01004552,366,184,182
S01004553,208,156,52
S01004554,323,208,115
S01004555,287,207,80
S01004556,350,191,159
S01004557,185,145,40
S01004558,468,263,205
S01004559,492,330,162
S01004560,208,113,95
S01004561,441,203,238
S01004562,281,192,89
S01004563,362,278,84
S01004564,262,216,46
S01004565,342,317,25
S01004566,276,232,44
S01004567,326,153,173
S01004568,309,225,84
S01004569,328,123,205
S01004570,240,230,10
S01004571,298,207,91
S01004572,319,212,107
S01004573,261,184,77
S01004574,198,181,17
S01004575,357,234,123
S01004576,218,199,19
S01004577,302,223,79
S01004578,335,319,16
S01004579,391,151,240
S01004580,369,230,139
S01004581,613,424,189
S01004582,276,223,53
S01004583,481,207,274
S01004584,267,162,105
S01004585,264,161,103
S01004586,442,376,66
S01004587,680,322,358
S01004588,316,215,101
S01004589,380,323,57
S01004590,362,218,144
S01004591,253,160,93
S01004592,239,169,70
S01004593,380,291,89
S01004594,250,119,131
S01004595,467,384,83
S01004596,431,170,261
S01004597,221,201,20
S01004598,285,192,93
S01004599,356,292,64
S01004600,381,216,165
S01004601,424,249,175
S01004602,357,319,38
S01004603,489,205,284
S01004604,299,171,128
S01004605,371,201,170
S01004606,385,216,169
S01004607,279,179,100
S01004608,596,485,111
S01004609,235,131,104
S01004610,284,139,145
S01004611,491,341,150
S01004612,429,295,134
S01004613,598,513,85
S01004614,349,250,99
S01004615,515,355,160
S01004616,300,230,70
S01004617,264,142,122
S01004618,308,134,174
S01004619,262,116,146
S01004620,342,150,192
S01004621,377,303,74
S01004622,358,252,106
S01004623,473,293,180
S01004624,581,339,242
S01004625,334,224,110
S01004626,756,619,137
S01004627,280,215,65
S01004628,241,128,113
S01004629,358,327,31
S01004630,404,282,122
S01004631,354,215,139
S01004632,337,191,146
S01004633,263,204,59
S01004634,374,327,47
S01004635,358,181,177
S01004636,320,189,131
S01004637,225,154,71
S01004638,255,125,130
S01004639,302,163,139
S01004640,329,197,132
S01004641,247,178,69
S01004642,356,231,125
S01004643,205,112,93
S01004644,301,228,73
S01004645,482,185,297
S01004646,310,194,116
S01004647,469,370,99
S01004648,435,259,176
S01004649,274,178,96
S01004650,351,222,129
S01004651,382,250,132
S01004652,468,323,145
S01004653,293,182,111
S01004654,424,354,70
S01004655,441,234,207
S01004656,273,101,172
S01004657,306,259,47
S01004658,412,346,66
S01004659,237,164,73
S01004660,274,254,20
S01004661,340,194,146
S01004662,424,265,159
S01004663,219,156,63
S01004664,250,193,57
S01004665,325,156,169
S01004666,305,214,91
S01004667,322,180,142
S01004668,396,289,107
S01004669,417,289,128
S01004670,500,256,244
S01004671,370,271,99
S01004672,253,172,81
S01004673,369,200,169
S01004674,356,261,95
S01004675,321,233,88
S01004676,341,233,108
S01004677,431,245,186
S01004678,348,272,76
S01004679,244,156,88
S01004680,467,193,274
S01004681,317,260,57
S01004682,291,109,182
S01004683,269,247,22
S01004684,601,479,122
S01004685,251,123,128
S01004686,312,174,138
S01004687,431,307,124
S01004688,259,241,18
S01004689,422,293,129
S01004690,252,222,30
S01004691,277,256,21
S01004692,295,160,135
S01004693,290,237,53
S01004694,252,155,97
S01004695,236,226,10
S01004696,382,213,169
S01004697,318,273,45
S01004698,216,202,14
S01004699,325,167,158
S01004700,331,225,106
S01004701,309,295,14
S01004702,227,173,54
S01004703,355,318,37
S01004704,266,155,111
S01004705,351,283,68
S01004706,553,530,23
S01004707,374,240,134
S01004708,277,175,102
S01004709,269,229,40
S01004710,375,220,155
S01004711,374,215,159
S01004712,224,156,68
S01004713,296,202,94
S01004714,351,237,114
S01004715,659,550,109
S01004716,376,229,147
S01004717,365,243,122
S01004718,396,278,118
S01004719,410,280,130
S01004720,372,279,93
S01004721,231,220,11
S01004722,293,162,131
S01004723,259,213,46
S01004724,454,245,209
S01004725,257,202,55
S01004726,242,156,86
S01004727,443,213,230
S01004728,360,329,31
S01004729,246,147,99
S01004730,557,299,258
S01004731,320,238,82
S01004732,258,219,39
S01004733,329,184,145
S01004734,251,147,104
S01004735,414,270,144
S01004736,318,190,128
S01004737,303,194,109
S01004738,389,179,210
S01004739,271,238,33
S01004740,339,283,56
S01004741,276,201,75
S01004742,525,343,182
S01004743,330,304,26
S01004744,236,128,108
S01004745,374,160,214
S01004746,302,172,130
S01004747,262,241,21
S01004748,294,170,124
S01004749,474,326,148
S01004750,287,138,149
S01004751,392,159,233
S01004752,338,248,90
S01004753,343,233,110
S01004754,293,210,83
S01004755,327,214,113
S01004756,257,207,50
S01004757,355,188,167
S01004758,372,247,125
S01004759,227,197,30
S01004760,283,156,127
S01004761,244,138,106
S01004762,288,201,87
S01004763,316,279,37
S01004764,321,191,130
S01004765,615,318,297
S01004766,519,344,175
S01004767,259,178,81
S01004768,341,200,141
S01004769,240,170,70
S01004770,343,164,179
S01004771,398,268,130
S01004772,310,168,142
S01004773,315,200,115
S01004774,355,318,37
S01004775,544,116,428
S01004776,308,243,65
S01004777,260,241,19
S01004778,299,190,109
S01004779,362,217,145
S01004780,255,174,81
S01004781,446,320,126
S01004782,488,334,154
S01004783,380,324,56
S01004784,332,200,132
S01004785,240,176,64
S01004786,260,153,107
S01004787,489,311,178
S01004788,247,216,31
S01004789,521,272,249
S01004790,269,254,15
S01004791,268,185,83
S01004792,301,231,70
S01004793,311,247,64
S01004794,325,202,123
S01004795,340,220,120
S01004796,339,254,85
S01004797,326,185,141
S01004798,471,236,235
S01004799,239,143,96
S01004800,275,176,99
S01004801,336,193,143
S01004802,380,270,110
S01004803,428,228,200
S01004804,454,221,233
S01004805,287,131,156
S01004806,285,191,94
S01004807,281,121,160
S01004808,353,169,184
S01004809,221,142,79
S01004810,236,137,99
S01004811,325,218,107
S01004812,348,177,171
S01004813,347,253,94
S01004814,366,238,128
S01004815,615,507,108
S01004816,302,192,110
S01004817,333,191,142
S01004818,353,206,147
S01004819,202,134,68
S01004820,408,246,162
S01004821,686,567,119
S01004822,287,187,100
S01004823,387,257,130
S01004824,317,264,53
S01004825,268,149,119
S01004826,428,227,201
S01004827,284,161,123
S01004828,483,386,97
S01004829,311,178,133
S01004830,331,196,135
S01004831,344,313,31
S01004832,567,483,84
S01004833,315,218,97
S01004834,354,259,95
S01004835,307,261,46
S01004836,294,249,45
S01004837,364,318,46
S01004838,741,626,115
S01004839,386,262,124
S01004840,320,222,98
S01004841,352,238,114
S01004842,518,488,30
S01004843,278,201,77
S01004844,398,302,96
S01004845,375,239,136
S01004846,415,328,87
S01004847,405,362,43
S01004848,283,259,24
S01004849,294,193,101
S01004850,553,481,72
S01004851,257,154,103
S01004852,321,154,167
S01004853,335,268,67
S01004854,437,341,96
S01004855,297,174,123
S01004856,602,532,70
S01004857,332,247,85
S01004858,389,297,92
S01004859,351,317,34
S01004860,483,453,30
S01004861,294,263,31
S01004862,224,212,12
S01004863,431,352,79
S01004864,213,202,11
S01004865,305,228,77
S01004866,352,242,110
S01004867,288,262,26
S01004868,302,178,124
S01004869,299,282,17
S01004870,352,250,102
S01004871,317,211,106
S01004872,360,242,118
S01004873,335,234,101
S01004874,495,297,198
S01004875,294,176,118
S01004876,393,279,114
S01004877,305,211,94
S01004878,379,253,126
S01004879,296,159,137
S01004880,327,160,167
S01004881,333,214,119
S01004882,226,137,89
S01004883,695,660,35
S01004884,208,194,14
S01004885,215,107,108
S01004886,375,188,187
S01004887,136,120,16
S01004888,219,210,9
S01004889,349,241,108
S01004890,370,167,203
S01004891,413,193,220
S01004892,271,247,24
S01004893,398,178,220
S01004894,462,248,214
S01004895,398,249,149
S01004896,389,263,126
S01004897,213,200,13
S01004898,456,282,174
S01004899,339,225,114
S01004900,315,305,10
S01004901,391,159,232
S01004902,371,212,159
S01004903,214,195,19
S01004904,500,253,247
S01004905,430,267,163
S01004906,406,236,170
S01004907,324,288,36
S01004908,252,181,71
S01004909,366,261,105
S01004910,340,231,109
S01004911,296,290,6
S01004912,327,178,149
S01004913,287,164,123
S01004914,261,210,51
S01004915,314,194,120
S01004916,332,208,124
S01004917,200,191,9
S01004918,264,242,22
S01004919,272,186,86
S01004920,411,259,152
S01004921,322,173,149
S01004922,238,230,8
S01004923,354,299,55
S01004924,350,245,105
S01004925,271,184,87
S01004926,312,294,18
S01004927,340,301,39
S01004928,476,465,11
S01004929,249,223,26
S01004930,317,182,135
S01004931,468,299,169
S01004932,354,186,168
S01004933,350,260,90
S01004934,347,213,134
S01004935,199,185,14
S01004936,515,273,242
S01004937,269,143,126
S01004938,361,214,147
S01004939,242,145,97
S01004940,219,156,63
S01004941,253,156,97
S01004942,357,309,48
S01004943,422,358,64
S01004944,211,176,35
S01004945,327,245,82
S01004946,297,279,18
S01004947,306,283,23
S01004948,279,208,71
S01004949,302,284,18
S01004950,313,282,31
S01004951,379,259,120
S01004952,486,406,80
S01004953,438,293,145
S01004954,316,207,109
S01004955,290,211,79
S01004956,362,291,71
S01004957,294,269,25
S01004958,542,369,173
S01004959,410,213,197
S01004960,275,196,79
S01004961,320,234,86
S01004962,257,237,20
S01004963,287,243,44
S01004964,444,416,28
S01004965,413,381,32
S01004966,436,409,27
S01004967,275,259,16
S01004968,279,231,48
S01004969,425,365,60
S01004970,405,357,48
S01004971,511,435,76
S01004972,384,320,64
S01004973,360,348,12
S01004974,458,442,16
S01004975,332,317,15
S01004976,415,332,83
S01004977,462,327,135
S01004978,406,365,41
S01004979,327,310,17
S01004980,444,402,42
S01004981,415,393,22
S01004982,255,249,6
S01004983,426,361,65
S01004984,341,293,48
S01004985,352,302,50
S01004986,295,275,20
S01004987,204,194,10
S01004988,218,203,15
S01004989,314,299,15
S01004990,241,226,15
S01004991,279,261,18
S01004992,364,266,98
S01004993,309,293,16
S01004994,356,305,51
S01004995,460,326,134
S01004996,304,250,54
S01004997,398,366,32
S01004998,510,481,29
S01004999,368,322,46
S01005000,262,237,25
S01005001,439,402,37
S01005002,461,421,40
S01005003,438,409,29
S01005004,354,316,38
S01005005,450,366,84
S01005006,314,259,55
S01005007,446,353,93
S01005008,379,349,30
S01005009,392,361,31
S01005010,315,239,76
S01005011,371,252,119
S01005012,482,320,162
S01005013,341,274,67
S01005014,369,252,117
S01005015,291,219,72
S01005016,416,299,117
S01005017,315,290,25
S01005018,230,185,45
S01005019,378,199,179
S01005020,328,257,71
S01005021,425,386,39
S01005022,300,232,68
S01005023,325,287,38
S01005024,430,322,108
S01005025,301,264,37
S01005026,282,264,18
S01005027,339,317,22
S01005028,397,361,36
S01005029,503,377,126
S01005030,436,369,67
S01005031,400,270,130
S01005032,421,316,105
S01005033,293,274,19
S01005034,352,311,41
S01005035,453,397,56
S01005036,305,267,38
S01005037,712,258,454
S01005038,324,293,31
S01005039,465,407,58
S01005040,715,242,473
S01005041,441,161,280
S01005042,352,313,39
S01005043,377,251,126
S01005044,500,334,166
S01005045,392,355,37
S01005046,537,445,92
S01005047,981,402,579
S01005048,219,203,16
S01005049,459,216,243
S01005050,464,219,245
S01005051,378,347,31
S01005052,365,356,9
S01005053,360,180,180
S01005054,232,147,85
S01005055,337,212,125
S01005056,380,213,167
S01005057,365,195,170
S01005058,390,245,145
S01005059,232,146,86
S01005060,327,195,132
S01005061,527,365,162
S01005062,214,176,38
S01005063,196,174,22
S01005064,325,282,43
S01005065,644,399,245
S01005066,368,170,198
S01005067,206,192,14
S01005068,285,180,105
S01005069,285,167,118
S01005070,520,360,160
S01005071,78,47,31
S01005072,291,163,128
S01005073,285,250,35
S01005074,495,437,58
S01005075,172,93,79
S01005076,356,212,144
S01005077,404,362,42
S01005078,319,189,130
S01005079,294,185,109
S01005080,206,130,76
S01005081,298,178,120
S01005082,285,244,41
S01005083,467,351,116
S01005084,285,164,121
S01005085,241,206,35
S01005086,647,468,179
S01005087,230,163,67
S01005088,243,207,36
S01005089,348,270,78
S01005090,391,318,73
S01005091,307,269,38
S01005092,322,261,61
S01005093,338,229,109
S01005094,325,310,15
S01005095,681,627,54
S01005096,311,281,30
S01005097,351,317,34
S01005098,333,280,53
S01005099,381,311,70
S01005100,360,333,27
S01005101,478,392,86
S01005102,365,340,25
S01005103,420,387,33
S01005104,280,260,20
S01005105,422,344,78
S01005106,254,196,58
S01005107,198,187,11
S01005108,296,238,58
S01005109,583,554,29
S01005110,512,473,39
S01005111,243,220,23
S01005112,374,338,36
S01005113,480,390,90
S01005114,432,307,125
S01005115,421,352,69
S01005116,291,268,23
S01005117,397,369,28
S01005118,374,304,70
S01005119,305,293,12
S01005120,297,257,40
S01005121,388,362,26
S01005122,379,324,55
S01005123,364,311,53
S01005124,298,230,68
S01005125,460,280,180
S01005126,272,249,23
S01005127,315,186,129
S01005128,472,376,96
S01005129,403,321,82
S01005130,320,194,126
S01005131,420,345,75
S01005132,293,255,38
S01005133,182,170,12
S01005134,482,359,123
S01005135,353,283,70
S01005136,402,283,119
S01005137,414,390,24
S01005138,508,412,96
S01005139,300,265,35
S01005140,272,260,12
S01005141,399,347,52
S01005142,278,228,50
S01005143,537,386,151
S01005144,524,432,92
S01005145,351,295,56
S01005146,309,273,36
S01005147,396,370,26
S01005148,371,315,56
S01005149,288,214,74
S01005150,289,234,55
S01005151,298,223,75
S01005152,507,464,43
S01005153,363,316,47
S01005154,272,252,20
S01005155,288,234,54
S01005156,279,174,105
S01005157,388,230,158
S01005158,301,216,85
S01005159,408,248,160
S01005160,493,296,197
S01005161,370,278,92
S01005162,448,236,212
S01005163,277,159,118
S01005164,382,257,125
S01005165,364,230,134
S01005166,438,231,207
S01005167,319,154,165
S01005168,286,228,58
S01005169,238,190,48
S01005170,311,269,42
S01005171,348,188,160
S01005172,515,469,46
S01005173,255,194,61
S01005174,339,147,192
S01005175,357,297,60
S01005176,367,155,212
S01005177,443,181,262
S01005178,413,268,145
S01005179,425,305,120
S01005180,357,330,27
S01005181,345,310,35
S01005182,387,165,222
S01005183,461,252,209
S01005184,366,162,204
S01005185,257,170,87
S01005186,423,247,176
S01005187,511,331,180
S01005188,356,336,20
S01005189,463,238,225
S01005190,371,324,47
S01005191,380,205,175
S01005192,492,392,100
S01005193,317,290,27
S01005194,283,178,105
S01005195,349,318,31
S01005196,352,170,182
S01005197,458,209,249
S01005198,385,344,41
S01005199,318,214,104
S01005200,244,200,44
S01005201,448,226,222
S01005202,412,237,175
S01005203,354,248,106
S01005204,214,188,26
S01005205,497,420,77
S01005206,410,340,70
S01005207,474,225,249
S01005208,309,132,177
S01005209,469,268,201
S01005210,632,226,406
S01005211,376,175,201
S01005212,295,237,58
S01005213,431,345,86
S01005214,560,239,321
S01005215,477,264,213
S01005216,363,203,160
S01005217,367,269,98
S01005218,548,227,321
S01005219,404,219,185
S01005220,347,219,128
S01005221,279,228,51
S01005222,256,152,104
S01005223,382,248,134
S01005224,269,243,26
S01005225,440,362,78
S01005226,212,150,62
S01005227,583,304,279
S01005228,360,341,19
S01005229,687,332,355
S01005230,386,294,92
S01005231,343,277,66
S01005232,687,290,397
S01005233,402,192,210
S01005234,682,508,174
S01005235,320,240,80
S01005236,527,381,146
S01005237,422,359,63
S01005238,373,271,102
S01005239,610,237,373
S01005240,539,226,313
S01005241,395,332,63
S01005242,722,247,475
S01005243,692,208,484
S01005244,353,318,35
S01005245,426,140,286
S01005246,570,191,379
S01005247,261,79,182
S01005248,428,170,258
S01005249,552,216,336
S01005250,516,204,312
S01005251,382,213,169
S01005252,242,121,121
S01005253,235,199,36
S01005254,421,247,174
S01005255,449,130,319
S01005256,335,289,46
S01005257,460,319,141
S01005258,412,344,68
S01005259,253,114,139
S01005260,367,152,215
S01005261,276,118,158
S01005262,606,393,213
S01005263,250,96,154
S01005264,332,173,159
S01005265,292,98,194
S01005266,415,206,209
S01005267,459,278,181
S01005268,842,330,512
S01005269,462,295,167
S01005270,449,369,80
S01005271,205,188,17
S01005272,268,80,188
S01005273,287,213,74
S01005274,448,196,252
S01005275,357,147,210
S01005276,360,180,180
S01005277,260,190,70
S01005278,402,239,163
S01005279,213,199,14
S01005280,407,183,224
S01005281,333,220,113
S01005282,364,153,211
S01005283,307,296,11
S01005284,372,152,220
S01005285,252,198,54
S01005286,319,301,18
S01005287,459,300,159
S01005288,359,178,181
S01005289,487,290,197
S01005290,309,209,100
S01005291,323,289,34
S01005292,362,151,211
S01005293,397,170,227
S01005294,232,213,19
S01005295,274,170,104
S01005296,289,278,11
S01005297,289,237,52
S01005298,393,359,34
S01005299,229,191,38
S01005300,392,373,19
S01005301,318,298,20
S01005302,470,267,203
S01005303,391,304,87
S01005304,293,254,39
S01005305,360,188,172
S01005306,324,303,21
S01005307,341,324,17
S01005308,240,106,134
S01005309,429,271,158
S01005310,543,295,248
S01005311,385,332,53
S01005312,487,376,111
S01005313,367,321,46
S01005314,192,174,18
S01005315,354,207,147
S01005316,379,296,83
S01005317,212,184,28
S01005318,273,181,92
S01005319,242,211,31
S01005320,278,218,60
S01005321,301,168,133
S01005322,797,610,187
S01005323,384,223,161
S01005324,425,244,181
S01005325,1096,848,248
S01005326,452,203,249
S01005327,292,148,144
S01005328,506,226,280
S01005329,249,235,14
S01005330,344,198,146
S01005331,382,172,210
S01005332,252,194,58
S01005333,316,298,18
S01005334,455,375,80
S01005335,187,173,14
S01005336,239,186,53
S01005337,322,295,27
S01005338,175,171,4
S01005339,318,239,79
S01005340,211,185,26
S01005341,278,195,83
S01005342,309,232,77
S01005343,340,298,42
S01005344,311,217,94
S01005345,262,235,27
S01005346,270,261,9
S01005347,273,260,13
S01005348,403,285,118
S01005349,317,267,50
S01005350,282,264,18
S01005351,459,389,70
S01005352,401,271,130
S01005353,457,309,148
S01005354,329,301,28
S01005355,318,221,97
S01005356,282,255,27
S01005357,385,231,154
S01005358,367,272,95
S01005359,336,312,24
S01005360,304,280,24
S01005361,375,345,30
S01005362,385,299,86
S01005363,293,272,21
S01005364,399,379,20
S01005365,341,319,22
S01005366,301,253,48
S01005367,454,254,200
S01005368,331,204,127
S01005369,583,342,241
S01005370,397,300,97
S01005371,451,371,80
S01005372,513,308,205
S01005373,406,238,168
S01005374,512,320,192
S01005375,445,336,109
S01005376,479,352,127
S01005377,407,260,147
S01005378,324,197,127
S01005379,402,316,86
S01005380,297,185,112
S01005381,275,162,113
S01005382,306,193,113
S01005383,250,239,11
S01005384,396,390,6
S01005385,427,418,9
S01005386,320,286,34
S01005387,402,297,105
S01005388,337,265,72
S01005389,453,288,165
S01005390,373,277,96
S01005391,350,261,89
S01005392,381,352,29
S01005393,403,368,35
S01005394,365,343,22
S01005395,411,394,17
S01005396,324,307,17
S01005397,293,250,43
S01005398,437,367,70
S01005399,517,328,189
S01005400,472,322,150
S01005401,424,329,95
S01005402,506,408,98
S01005403,423,329,94
S01005404,445,415,30
S01005405,268,230,38
S01005406,269,211,58
S01005407,625,592,33
S01005408,296,226,70
S01005409,321,275,46
S01005410,450,428,22
S01005411,456,410,46
S01005412,462,373,89
S01005413,551,368,183
S01005414,465,380,85
S01005415,492,379,113
S01005416,515,344,171
S01005417,492,429,63
S01005418,538,474,64
S01005419,344,253,91
S01005420,316,282,34
S01005421,371,311,60
S01005422,398,303,95
S01005423,414,360,54
S01005424,369,286,83
S01005425,479,233,246
S01005426,377,193,184
S01005427,436,247,189
S01005428,493,344,149
S01005429,401,220,181
S01005430,266,202,64
S01005431,305,198,107
S01005432,371,256,115
S01005433,449,293,156
S01005434,450,256,194
S01005435,536,414,122
S01005436,463,335,128
S01005437,432,343,89
S01005438,340,248,92
S01005439,366,267,99
S01005440,536,505,31
S01005441,482,375,107
S01005442,764,728,36
S01005443,540,453,87
S01005444,543,503,40
S01005445,461,371,90
S01005446,348,290,58
S01005447,388,315,73
S01005448,355,305,50
S01005449,402,391,11
S01005450,611,461,150
S01005451,415,323,92
S01005452,379,343,36
S01005453,366,303,63
S01005454,475,345,130
S01005455,508,314,194
S01005456,399,307,92
S01005457,457,310,147
S01005458,333,227,106
S01005459,383,364,19
S01005460,367,335,32
S01005461,329,310,19
S01005462,480,455,25
S01005463,260,221,39
S01005464,294,232,62
S01005465,277,234,43
S01005466,466,442,24
S01005467,233,206,27
S01005468,385,366,19
S01005469,419,390,29
S01005470,335,272,63
S01005471,301,277,24
S01005472,557,532,25
S01005473,433,411,22
S01005474,457,312,145
S01005475,382,373,9
S01005476,347,337,10
S01005477,364,306,58
S01005478,386,284,102
S01005479,269,201,68
S01005480,576,542,34
S01005481,276,215,61
S01005482,297,285,12
S01005483,400,365,35
S01005484,245,215,30
S01005485,365,269,96
S01005486,428,292,136
S01005487,400,246,154
S01005488,329,241,88
S01005489,428,391,37
S01005490,312,266,46
S01005491,370,328,42
S01005492,407,340,67
S01005493,306,274,32
S01005494,339,298,41
S01005495,307,267,40
S01005496,437,396,41
S01005497,338,324,14
S01005498,448,327,121
S01005499,276,172,104
S01005500,306,242,64
S01005501,447,351,96
S01005502,418,306,112
S01005503,279,202,77
S01005504,312,195,117
S01005505,287,185,102
S01005506,432,264,168
S01005507,274,186,88
S01005508,359,241,118
S01005509,258,238,20
S01005510,274,264,10
S01005511,250,233,17
S01005512,311,262,49
S01005513,335,292,43
S01005514,260,237,23
S01005515,203,180,23
S01005516,216,192,24
S01005517,410,344,66
S01005518,420,373,47
S01005519,281,244,37
S01005520,419,356,63
S01005521,341,264,77
S01005522,299,247,52
S01005523,343,309,34
S01005524,313,278,35
S01005525,286,218,68
S01005526,300,175,125
S01005527,237,122,115
S01005528,286,199,87
S01005529,414,288,126
S01005530,307,160,147
S01005531,277,197,80
S01005532,392,255,137
S01005533,352,252,100
S01005534,305,206,99
S01005535,362,262,100
S01005536,387,349,38
S01005537,325,278,47
S01005538,346,302,44
S01005539,402,351,51
S01005540,345,216,129
S01005541,311,187,124
S01005542,336,243,93
S01005543,355,238,117
S01005544,334,220,114
S01005545,481,409,72
S01005546,313,277,36
S01005547,423,389,34
S01005548,475,441,34
S01005549,613,545,68
S01005550,246,234,12
S01005551,380,362,18
S01005552,300,290,10
S01005553,330,317,13
S01005554,301,271,30
S01005555,322,302,20
S01005556,301,261,40
S01005557,286,200,86
S01005558,317,290,27
S01005559,255,161,94
S01005560,256,165,91
S01005561,354,328,26
S01005562,397,365,32
S01005563,386,216,170
S01005564,352,330,22
S01005565,242,213,29
S01005566,252,196,56
S01005567,492,324,168
S01005568,250,170,80
S01005569,271,248,23
S01005570,316,243,73
S01005571,261,240,21
S01005572,333,298,35
S01005573,307,238,69
S01005574,368,255,113
S01005575,283,260,23
S01005576,349,268,81
S01005577,384,333,51
S01005578,422,307,115
S01005579,368,343,25
S01005580,268,227,41
S01005581,371,245,126
S01005582,366,296,70
S01005583,300,252,48
S01005584,218,203,15
S01005585,570,228,342
S01005586,439,260,179
S01005587,425,291,134
S01005588,409,193,216
S01005589,758,494,264
S01005590,490,159,331
S01005591,454,255,199
S01005592,245,80,165
S01005593,314,201,113
S01005594,606,242,364
S01005595,343,175,168
S01005596,231,118,113
S01005597,515,280,235
S01005598,553,230,323
S01005599,282,164,118
S01005600,360,156,204
S01005601,315,222,93
S01005602,308,157,151
S01005603,277,185,92
S01005604,217,114,103
S01005605,483,295,188
S01005606,306,208,98
S01005607,316,225,91
S01005608,381,316,65
S01005609,410,293,117
S01005610,256,190,66
S01005611,304,164,140
S01005612,335,323,12
S01005613,399,272,127
S01005614,312,236,76
S01005615,482,305,177
S01005616,301,226,75
S01005617,334,217,117
S01005618,319,185,134
S01005619,234,207,27
S01005620,241,174,67
S01005621,286,192,94
S01005622,400,326,74
S01005623,342,247,95
S01005624,360,321,39
S01005625,385,307,78
S01005626,337,246,91
S01005627,285,231,54
S01005628,476,360,116
S01005629,334,295,39
S01005630,279,189,90
S01005631,315,250,65
S01005632,270,195,75
S01005633,349,232,117
S01005634,341,273,68
S01005635,345,285,60
S01005636,406,303,103
S01005637,454,376,78
S01005638,496,385,111
S01005639,299,197,102
S01005640,294,249,45
S01005641,442,369,73
S01005642,315,299,16
S01005643,281,234,47
S01005644,271,257,14
S01005645,373,315,58
S01005646,445,270,175
S01005647,379,286,93
S01005648,380,322,58
S01005649,557,378,179
S01005650,251,166,85
S01005651,434,259,175
S01005652,276,251,25
S01005653,345,260,85
S01005654,365,249,116
S01005655,465,417,48
S01005656,457,248,209
S01005657,264,182,82
S01005658,319,296,23
S01005659,352,325,27
S01005660,279,177,102
S01005661,276,245,31
S01005662,221,211,10
S01005663,249,222,27
S01005664,211,196,15
S01005665,190,175,15
S01005666,555,422,133
S01005667,312,270,42
S01005668,322,271,51
S01005669,221,197,24
S01005670,338,287,51
S01005671,224,201,23
S01005672,365,238,127
S01005673,289,266,23
S01005674,406,286,120
S01005675,439,295,144
S01005676,360,243,117
S01005677,325,313,12
S01005678,359,335,24
S01005679,484,330,154
S01005680,306,288,18
S01005681,463,345,118
S01005682,370,314,56
S01005683,380,198,182
S01005684,500,362,138
S01005685,272,265,7
S01005686,368,264,104
S01005687,304,294,10
S01005688,405,351,54
S01005689,197,188,9
S01005690,336,291,45
S01005691,283,250,33
S01005692,287,254,33
S01005693,588,535,53
S01005694,229,154,75
S01005695,241,182,59
S01005696,267,207,60
S01005697,327,192,135
S01005698,266,228,38
S01005699,508,294,214
S01005700,219,191,28
S01005701,366,194,172
S01005702,339,255,84
S01005703,230,214,16
S01005704,320,205,115
S01005705,365,338,27
S01005706,325,293,32
S01005707,295,177,118
S01005708,334,222,112
S01005709,334,251,83
S01005710,201,181,20
S01005711,434,369,65
S01005712,263,180,83
S01005713,277,217,60
S01005714,521,449,72
S01005715,341,252,89
S01005716,235,218,17
S01005717,216,191,25
S01005718,449,330,119
S01005719,185,176,9
S01005720,296,272,24
S01005721,331,221,110
S01005722,202,186,16
S01005723,334,240,94
S01005724,223,216,7
S01005725,331,274,57
S01005726,430,370,60
S01005727,519,484,35
S01005728,307,247,60
S01005729,256,174,82
S01005730,326,246,80
S01005731,372,266,106
S01005732,404,288,116
S01005733,298,253,45
S01005734,306,261,45
S01005735,268,247,21
S01005736,315,254,61
S01005737,326,240,86
S01005738,363,252,111
S01005739,313,290,23
S01005740,325,305,20
S01005741,429,361,68
S01005742,384,328,56
S01005743,400,392,8
S01005744,388,276,112
S01005745,454,340,114
S01005746,320,292,28
S01005747,352,300,52
S01005748,329,173,156
S01005749,339,298,41
S01005750,294,235,59
S01005751,312,264,48
S01005752,284,159,125
S01005753,287,221,66
S01005754,455,373,82
S01005755,346,208,138
S01005756,383,256,127
S01005757,240,124,116
S01005758,358,256,102
S01005759,361,195,166
S01005760,249,221,28
S01005761,302,274,28
S01005762,337,194,143
S01005763,933,832,101
S01005764,279,152,127
S01005765,425,285,140
S01005766,330,262,68
S01005767,308,269,39
S01005768,401,263,138
S01005769,347,208,139
S01005770,329,194,135
S01005771,296,275,21
S01005772,295,254,41
S01005773,357,327,30
S01005774,275,220,55
S01005775,370,227,143
S01005776,301,267,34
S01005777,240,176,64
S01005778,337,225,112
S01005779,326,291,35
S01005780,475,468,7
S01005781,462,339,123
S01005782,405,260,145
S01005783,209,174,35
S01005784,229,194,35
S01005785,293,283,10
S01005786,236,173,63
S01005787,262,222,40
S01005788,272,176,96
S01005789,331,282,49
S01005790,183,140,43
S01005791,212,166,46
S01005792,299,201,98
S01005793,206,174,32
S01005794,424,356,68
S01005795,271,197,74
S01005796,432,390,42
S01005797,366,353,13
S01005798,266,172,94
S01005799,306,195,111
S01005800,288,237,51
S01005801,246,195,51
S01005802,327,308,19
S01005803,329,228,101
S01005804,1372,1264,108
S01005805,205,182,23
S01005806,347,253,94
S01005807,334,227,107
S01005808,287,205,82
S01005809,224,191,33
S01005810,210,139,71
S01005811,229,154,75
S01005812,228,206,22
S01005813,335,244,91
S01005814,329,204,125
S01005815,446,275,171
S01005816,414,309,105
S01005817,200,186,14
S01005818,257,244,13
S01005819,297,186,111
S01005820,311,212,99
S01005821,220,134,86
S01005822,383,260,123
S01005823,229,189,40
S01005824,249,240,9
S01005825,322,215,107
S01005826,322,313,9
S01005827,292,255,37
S01005828,347,222,125
S01005829,326,268,58
S01005830,482,287,195
S01005831,475,413,62
S01005832,332,191,141
S01005833,284,212,72
S01005834,303,156,147
S01005835,282,254,28
S01005836,236,227,9
S01005837,173,161,12
S01005838,284,233,51
S01005839,330,238,92
S01005840,351,229,122
S01005841,279,197,82
S01005842,253,165,88
S01005843,256,245,11
S01005844,306,237,69
S01005845,194,166,28
S01005846,502,254,248
S01005847,380,216,164
S01005848,266,147,119
S01005849,345,252,93
S01005850,371,253,118
S01005851,376,214,162
S01005852,243,172,71
S01005853,458,276,182
S01005854,335,229,106
S01005855,435,226,209
S01005856,356,216,140
S01005857,356,220,136
S01005858,292,206,86
S01005859,333,248,85
S01005860,394,232,162
S01005861,273,268,5
S01005862,339,254,85
S01005863,660,521,139
S01005864,463,263,200
S01005865,385,250,135
S01005866,353,277,76
S01005867,376,300,76
S01005868,270,236,34
S01005869,294,157,137
S01005870,360,226,134
S01005871,331,237,94
S01005872,340,258,82
S01005873,409,292,117
S01005874,339,156,183
S01005875,329,274,55
S01005876,335,290,45
S01005877,363,258,105
S01005878,272,236,36
S01005879,288,218,70
S01005880,413,210,203
S01005881,364,235,129
S01005882,541,528,13
S01005883,229,140,89
S01005884,329,262,67
S01005885,237,219,18
S01005886,276,248,28
S01005887,255,174,81
S01005888,255,165,90
S01005889,512,281,231
S01005890,277,266,11
S01005891,259,157,102
S01005892,358,179,179
S01005893,338,216,122
S01005894,351,246,105
S01005895,258,238,20
S01005896,302,272,30
S01005897,340,248,92
S01005898,314,227,87
S01005899,411,221,190
S01005900,264,231,33
S01005901,291,258,33
S01005902,369,320,49
S01005903,479,306,173
S01005904,437,324,113
S01005905,311,270,41
S01005906,348,260,88
S01005907,412,281,131
S01005908,494,319,175
S01005909,211,168,43
S01005910,307,249,58
S01005911,614,483,131
S01005912,352,250,102
S01005913,369,161,208
S01005914,581,316,265
S01005915,339,192,147
S01005916,241,233,8
S01005917,387,204,183
S01005918,417,261,156
S01005919,207,196,11
S01005920,449,269,180
S01005921,300,238,62
S01005922,482,341,141
S01005923,336,229,107
S01005924,216,206,10
S01005925,268,255,13
S01005926,489,358,131
S01005927,324,264,60
S01005928,336,178,158
S01005929,366,260,106
S01005930,447,335,112
S01005931,359,248,111
S01005932,313,137,176
S01005933,338,318,20
S01005934,355,192,163
S01005935,331,187,144
S01005936,423,235,188
S01005937,201,197,4
S01005938,391,201,190
S01005939,322,185,137
S01005940,438,300,138
S01005941,151,149,2
S01005942,485,257,228
S01005943,400,278,122
S01005944,496,289,207
S01005945,371,252,119
S01005946,408,273,135
S01005947,388,157,231
S01005948,375,237,138
S01005949,272,173,99
S01005950,317,165,152
S01005951,673,322,351
S01005952,622,362,260
S01005953,523,396,127
S01005954,235,115,120
S01005955,437,319,118
S01005956,359,209,150
S01005957,439,247,192
S01005958,255,149,106
S01005959,280,121,159
S01005960,271,159,112
S01005961,495,319,176
S01005962,236,133,103
S01005963,274,185,89
S01005964,342,190,152
S01005965,440,244,196
S01005966,582,406,176
S01005967,424,231,193
S01005968,364,334,30
S01005969,315,220,95
S01005970,369,231,138
S01005971,178,107,71
S01005972,357,210,147
S01005973,408,265,143
S01005974,348,188,160
S01005975,285,160,125
S01005976,393,303,90
S01005977,296,212,84
S01005978,329,276,53
S01005979,391,273,118
S01005980,228,209,19
S01005981,342,292,50
S01005982,300,179,121
S01005983,344,318,26
S01005984,398,356,42
S01005985,351,218,133
S01005986,459,401,58
S01005987,255,150,105
S01005988,257,135,122
S01005989,262,246,16
S01005990,711,316,395
S01005991,313,199,114
S01005992,309,116,193
S01005993,300,256,44
S01005994,383,272,111
S01005995,378,146,232
S01005996,333,307,26
S01005997,287,144,143
S01005998,369,145,224
S01005999,538,492,46
S01006000,369,140,229
S01006001,299,226,73
S01006002,285,140,145
S01006003,333,191,142
S01006004,549,492,57
S01006005,215,144,71
S01006006,315,281,34
S01006007,270,97,173
S01006008,319,167,152
S01006009,198,177,21
S01006010,381,330,51
S01006011,383,184,199
S01006012,375,182,193
S01006013,218,210,8
S01006014,289,172,117
S01006015,352,296,56
S01006016,373,335,38
S01006017,457,330,127
S01006018,300,256,44
S01006019,541,369,172
S01006020,333,287,46
S01006021,475,365,110
S01006022,277,158,119
S01006023,249,238,11
S01006024,371,186,185
S01006025,403,270,133
S01006026,331,186,145
S01006027,323,247,76
S01006028,337,249,88
S01006029,281,239,42
S01006030,374,307,67
S01006031,628,450,178
S01006032,481,260,221
S01006033,488,412,76
S01006034,733,473,260
S01006035,450,300,150
S01006036,808,746,62
S01006037,384,281,103
S01006038,406,309,97
S01006039,348,244,104
S01006040,362,218,144
S01006041,543,236,307
S01006042,374,266,108
S01006043,249,168,81
S01006044,382,262,120
S01006045,285,238,47
S01006046,318,215,103
S01006047,339,196,143
S01006048,298,255,43
S01006049,390,219,171
S01006050,374,215,159
S01006051,338,246,92
S01006052,374,301,73
S01006053,338,271,67
S01006054,402,249,153
S01006055,284,207,77
S01006056,372,348,24
S01006057,293,109,184
S01006058,396,145,251
S01006059,472,215,257
S01006060,414,210,204
S01006061,345,83,262
S01006062,396,167,229
S01006063,257,79,178
S01006064,422,188,234
S01006065,469,182,287
S01006066,530,319,211
S01006067,390,364,26
S01006068,249,208,41
S01006069,328,311,17
S01006070,270,261,9
S01006071,347,336,11
S01006072,248,222,26
S01006073,194,167,27
S01006074,285,272,13
S01006075,441,299,142
S01006076,389,266,123
S01006077,488,384,104
S01006078,580,501,79
S01006079,288,226,62
S01006080,422,352,70
S01006081,300,287,13
S01006082,370,241,129
S01006083,466,407,59
S01006084,371,285,86
S01006085,293,238,55
S01006086,375,291,84
S01006087,346,252,94
S01006088,276,248,28
S01006089,353,256,97
S01006090,309,220,89
S01006091,337,319,18
S01006092,243,176,67
S01006093,296,236,60
S01006094,432,288,144
S01006095,340,297,43
S01006096,274,194,80
S01006097,450,273,177
S01006098,336,220,116
S01006099,219,207,12
S01006100,189,90,99
S01006101,300,221,79
S01006102,390,243,147
S01006103,335,271,64
S01006104,337,218,119
S01006105,355,257,98
S01006106,343,293,50
S01006107,272,194,78
S01006108,335,253,82
S01006109,414,308,106
S01006110,325,191,134
S01006111,430,323,107
S01006112,312,259,53
S01006113,397,363,34
S01006114,324,208,116
S01006115,401,325,76
S01006116,333,314,19
S01006117,401,297,104
S01006118,271,235,36
S01006119,503,433,70
S01006120,518,282,236
S01006121,294,166,128
S01006122,402,373,29
S01006123,370,148,222
S01006124,370,168,202
S01006125,454,321,133
S01006126,407,174,233
S01006127,355,222,133
S01006128,351,159,192
S01006129,336,286,50
S01006130,192,103,89
S01006131,387,362,25
S01006132,427,182,245
S01006133,251,228,23
S01006134,230,156,74
S01006135,264,97,167
S01006136,479,248,231
S01006137,274,198,76
S01006138,278,253,25
S01006139,170,107,63
S01006140,378,287,91
S01006141,653,479,174
S01006142,293,249,44
S01006143,264,233,31
S01006144,409,373,36
S01006145,405,296,109
S01006146,348,310,38
S01006147,403,287,116
S01006148,352,273,79
S01006149,412,388,24
S01006150,438,378,60
S01006151,48,41,7
S01006152,310,292,18
S01006153,224,219,5
S01006154,293,286,7
S01006155,342,278,64
S01006156,258,214,44
S01006157,389,268,121
S01006158,358,305,53
S01006159,419,338,81
S01006160,311,295,16
S01006161,318,291,27
S01006162,252,220,32
S01006163,299,258,41
S01006164,255,218,37
S01006165,266,212,54
S01006166,346,319,27
S01006167,553,518,35
S01006168,432,359,73
S01006169,318,272,46
S01006170,424,358,66
S01006171,407,302,105
S01006172,204,173,31
S01006173,255,233,22
S01006174,211,177,34
S01006175,347,320,27
S01006176,291,242,49
S01006177,333,132,201
S01006178,374,241,133
S01006179,334,209,125
S01006180,414,196,218
S01006181,342,154,188
S01006182,455,208,247
S01006183,378,153,225
S01006184,307,176,131
S01006185,395,233,162
S01006186,533,314,219
S01006187,391,156,235
S01006188,316,182,134
S01006189,342,136,206
S01006190,376,240,136
S01006191,318,146,172
S01006192,340,161,179
S01006193,441,209,232
S01006194,409,200,209
S01006195,517,170,347
S01006196,419,245,174
S01006197,366,173,193
S01006198,387,119,268
S01006199,330,148,182
S01006200,412,258,154
S01006201,408,198,210
S01006202,383,135,248
S01006203,242,153,89
S01006204,427,278,149
S01006205,303,198,105
S01006206,319,222,97
S01006207,436,214,222
S01006208,336,202,134
S01006209,296,243,53
S01006210,381,273,108
S01006211,265,130,135
S01006212,284,268,16
S01006213,485,310,175
S01006214,418,266,152
S01006215,362,240,122
S01006216,249,197,52
S01006217,452,258,194
S01006218,261,203,58
S01006219,473,317,156
S01006220,343,289,54
S01006221,426,231,195
S01006222,488,312,176
S01006223,297,246,51
S01006224,290,234,56
S01006225,398,186,212
S01006226,253,223,30
S01006227,386,269,117
S01006228,264,255,9
S01006229,399,177,222
S01006230,430,201,229
S01006231,354,169,185
S01006232,386,354,32
S01006233,346,269,77
S01006234,356,238,118
S01006235,310,245,65
S01006236,319,205,114
S01006237,488,296,192
S01006238,417,301,116
S01006239,170,148,22
S01006240,380,158,222
S01006241,597,294,303
S01006242,372,214,158
S01006243,205,193,12
S01006244,367,227,140
S01006245,235,125,110
S01006246,313,192,121
S01006247,363,281,82
S01006248,334,276,58
S01006249,412,296,116
S01006250,355,189,166
S01006251,262,182,80
S01006252,238,206,32
S01006253,240,111,129
S01006254,332,282,50
S01006255,348,268,80
S01006256,298,166,132
S01006257,338,199,139
S01006258,386,215,171
S01006259,292,155,137
S01006260,279,117,162
S01006261,362,205,157
S01006262,390,215,175
S01006263,390,232,158
S01006264,315,306,9
S01006265,385,297,88
S01006266,436,254,182
S01006267,237,141,96
S01006268,279,196,83
S01006269,251,145,106
S01006270,411,288,123
S01006271,313,176,137
S01006272,435,281,154
S01006273,220,145,75
S01006274,243,159,84
S01006275,298,246,52
S01006276,370,245,125
S01006277,312,230,82
S01006278,578,322,256
S01006279,522,395,127
S01006280,366,187,179
S01006281,370,217,153
S01006282,327,212,115
S01006283,331,219,112
S01006284,374,234,140
S01006285,360,275,85
S01006286,553,376,177
S01006287,262,207,55
S01006288,389,193,196
S01006289,408,296,112
S01006290,425,244,181
S01006291,256,128,128
S01006292,359,300,59
S01006293,336,323,13
S01006294,229,212,17
S01006295,327,292,35
S01006296,370,328,42
S01006297,325,224,101
S01006298,407,328,79
S01006299,351,211,140
S01006300,338,212,126
S01006301,300,177,123
S01006302,385,288,97
S01006303,288,211,77
S01006304,341,228,113
S01006305,316,249,67
S01006306,327,265,62
S01006307,458,295,163
S01006308,297,190,107
S01006309,459,410,49
S01006310,355,287,68
S01006311,327,240,87
S01006312,289,208,81
S01006313,512,406,106
S01006314,256,246,10
S01006315,371,231,140
S01006316,345,268,77
S01006317,426,292,134
S01006318,307,222,85
S01006319,451,290,161
S01006320,449,258,191
S01006321,285,280,5
S01006322,263,257,6
S01006323,393,350,43
S01006324,229,227,2
S01006325,327,215,112
S01006326,453,227,226
S01006327,262,171,91
S01006328,298,172,126
S01006329,461,403,58
S01006330,331,208,123
S01006331,287,245,42
S01006332,272,181,91
S01006333,420,250,170
S01006334,377,207,170
S01006335,365,274,91
S01006336,400,384,16
S01006337,450,434,16
S01006338,348,303,45
S01006339,455,340,115
S01006340,273,219,54
S01006341,253,236,17
S01006342,299,201,98
S01006343,540,365,175
S01006344,291,197,94
S01006345,303,212,91
S01006346,274,213,61
S01006347,233,218,15
S01006348,227,184,43
S01006349,220,143,77
S01006350,342,191,151
S01006351,497,365,132
S01006352,274,167,107
S01006353,264,214,50
S01006354,384,259,125
S01006355,299,184,115
S01006356,301,260,41
S01006357,305,260,45
S01006358,296,171,125
S01006359,480,392,88
S01006360,269,236,33
S01006361,472,331,141
S01006362,324,286,38
S01006363,284,262,22
S01006364,1602,1423,179
S01006365,386,354,32
S01006366,273,259,14
S01006367,306,265,41
S01006368,282,268,14
S01006369,657,543,114
S01006370,386,359,27
S01006371,245,222,23
S01006372,310,211,99
S01006373,353,272,81
S01006374,241,176,65
S01006375,275,196,79
S01006376,416,346,70
S01006377,235,154,81
S01006378,180,171,9
S01006379,308,220,88
S01006380,314,230,84
S01006381,239,167,72
S01006382,289,208,81
S01006383,229,181,48
S01006384,284,258,26
S01006385,428,284,144
S01006386,465,304,161
S01006387,376,280,96
S01006388,552,288,264
S01006389,288,189,99
S01006390,276,205,71
S01006391,355,342,13
S01006392,415,298,117
S01006393,607,399,208
S01006394,278,195,83
S01006395,481,357,124
S01006396,262,144,118
S01006397,364,314,50
S01006398,386,303,83
S01006399,303,223,80
S01006400,543,460,83
S01006401,422,267,155
S01006402,318,163,155
S01006403,337,233,104
S01006404,412,252,160
S01006405,509,334,175
S01006406,182,106,76
S01006407,272,237,35
S01006408,436,249,187
S01006409,634,472,162
S01006410,353,207,146
S01006411,408,321,87
S01006412,269,182,87
S01006413,211,145,66
S01006414,217,182,35
S01006415,332,273,59
S01006416,484,276,208
S01006417,292,236,56
S01006418,270,166,104
S01006419,259,172,87
S01006420,329,199,130
S01006421,336,266,70
S01006422,302,172,130
S01006423,248,208,40
S01006424,265,178,87
S01006425,521,372,149
S01006426,444,397,47
S01006427,382,244,138
S01006428,295,216,79
S01006429,318,200,118
S01006430,258,241,17
S01006431,188,171,17
S01006432,285,210,75
S01006433,248,168,80
S01006434,347,272,75
S01006435,199,152,47
S01006436,311,223,88
S01006437,355,285,70
S01006438,385,187,198
S01006439,442,260,182
S01006440,368,260,108
S01006441,283,183,100
S01006442,322,224,98
S01006443,210,154,56
S01006444,237,195,42
S01006445,285,212,73
S01006446,336,292,44
S01006447,276,175,101
S01006448,364,320,44
S01006449,198,177,21
S01006450,233,134,99
S01006451,444,311,133
S01006452,266,187,79
S01006453,379,273,106
S01006454,248,232,16
S01006455,232,139,93
S01006456,749,602,147
S01006457,427,356,71
S01006458,320,294,26
S01006459,328,303,25
S01006460,199,158,41
S01006461,621,560,61
S01006462,331,272,59
S01006463,267,237,30
S01006464,337,254,83
S01006465,617,476,141
S01006466,329,273,56
S01006467,362,313,49
S01006468,484,428,56
S01006469,271,210,61
S01006470,421,261,160
S01006471,379,240,139
S01006472,303,192,111
S01006473,309,272,37
S01006474,319,219,100
S01006475,346,258,88
S01006476,358,265,93
S01006477,428,214,214
S01006478,443,316,127
S01006479,339,241,98
S01006480,354,304,50
S01006481,299,251,48
S01006482,333,264,69
S01006483,384,275,109
S01006484,372,254,118
S01006485,252,239,13
S01006486,272,262,10
S01006487,344,226,118
S01006488,282,247,35
S01006489,339,265,74
S01006490,262,252,10
S01006491,299,279,20
S01006492,308,238,70
S01006493,285,188,97
S01006494,273,243,30
S01006495,328,283,45
S01006496,520,306,214
S01006497,262,226,36
S01006498,505,416,89
S01006499,434,351,83
S01006500,309,238,71
S01006501,296,288,8
S01006502,249,230,19
S01006503,273,245,28
S01006504,299,266,33
S01006505,276,267,9
