"dz_2001","total","none","some"
"S01000001",424,73,351
"S01000002",265,11,254
"S01000003",337,21,316
"S01000004",259,17,242
"S01000005",340,38,302
"S01000006",256,51,205
"S01000007",315,33,282
"S01000008",274,58,216
"S01000009",297,53,244
"S01000010",246,29,217
"S01000011",339,12,327
"S01000012",554,34,520
"S01000013",364,66,298
"S01000014",372,46,326
"S01000015",292,22,270
"S01000016",185,11,174
"S01000017",390,77,313
"S01000018",235,28,207
"S01000019",230,19,211
"S01000020",314,58,256
"S01000021",373,87,286
"S01000022",247,8,239
"S01000023",271,8,263
"S01000024",170,6,164
"S01000025",281,1,280
"S01000026",385,158,227
"S01000027",339,18,321
"S01000028",425,165,260
"S01000029",222,3,219
"S01000030",212,79,133
"S01000031",427,57,370
"S01000032",490,160,330
"S01000033",409,183,226
"S01000034",461,16,445
"S01000035",433,142,291
"S01000036",286,104,182
"S01000037",359,104,255
"S01000038",291,76,215
"S01000039",439,185,254
"S01000040",385,122,263
"S01000041",390,101,289
"S01000042",356,129,227
"S01000043",496,191,305
"S01000044",429,188,241
"S01000045",240,22,218
"S01000046",341,32,309
"S01000047",499,212,287
"S01000048",451,70,381
"S01000049",330,40,290
"S01000050",337,75,262
"S01000051",363,46,317
"S01000052",256,121,135
"S01000053",587,190,397
"S01000054",392,96,296
"S01000055",315,150,165
"S01000056",403,39,364
"S01000057",288,134,154
"S01000058",305,26,279
"S01000059",435,34,401
"S01000060",291,165,126
"S01000061",496,61,435
"S01000062",564,141,423
"S01000063",398,51,347
"S01000064",288,97,191
"S01000065",572,170,402
"S01000066",481,233,248
"S01000067",586,149,437
"S01000068",414,102,312
"S01000069",377,203,174
"S01000070",289,115,174
"S01000071",423,226,197
"S01000072",442,119,323
"S01000073",262,16,246
"S01000074",386,206,180
"S01000075",345,122,223
"S01000076",312,31,281
"S01000077",399,53,346
"S01000078",635,394,241
"S01000079",785,144,641
"S01000080",589,209,380
"S01000081",402,40,362
"S01000082",493,239,254
"S01000083",366,84,282
"S01000084",511,275,236
"S01000085",352,153,199
"S01000086",359,103,256
"S01000087",507,54,453
"S01000088",555,133,422
"S01000089",389,22,367
"S01000090",430,105,325
"S01000091",633,248,385
"S01000092",599,231,368
"S01000093",367,119,248
"S01000094",404,153,251
"S01000095",422,136,286
"S01000096",392,158,234
"S01000097",427,33,394
"S01000098",697,339,358
"S01000099",366,33,333
"S01000100",466,207,259
"S01000101",427,94,333
"S01000102",465,247,218
"S01000103",354,135,219
"S01000104",374,20,354
"S01000105",417,41,376
"S01000106",290,18,272
"S01000107",705,450,255
"S01000108",413,205,208
"S01000109",650,396,254
"S01000110",407,107,300
"S01000111",371,77,294
"S01000112",578,289,289
"S01000113",272,52,220
"S01000114",374,147,227
"S01000115",399,154,245
"S01000116",575,220,355
"S01000117",432,93,339
"S01000118",330,68,262
"S01000119",552,302,250
"S01000120",311,114,197
"S01000121",334,81,253
"S01000122",338,129,209
"S01000123",265,22,243
"S01000124",565,276,289
"S01000125",341,184,157
"S01000126",592,379,213
"S01000127",323,30,293
"S01000128",651,362,289
"S01000129",340,202,138
"S01000130",880,393,487
"S01000131",354,104,250
"S01000132",437,155,282
"S01000133",376,113,263
"S01000134",321,130,191
"S01000135",393,242,151
"S01000136",301,130,171
"S01000137",524,218,306
"S01000138",492,253,239
"S01000139",364,114,250
"S01000140",415,126,289
"S01000141",366,68,298
"S01000142",311,141,170
"S01000143",245,10,235
"S01000144",419,193,226
"S01000145",464,212,252
"S01000146",950,484,466
"S01000147",602,275,327
"S01000148",301,142,159
"S01000149",690,360,330
"S01000150",272,80,192
"S01000151",480,249,231
"S01000152",630,176,454
"S01000153",553,236,317
"S01000154",250,77,173
"S01000155",364,152,212
"S01000156",525,262,263
"S01000157",409,211,198
"S01000158",435,182,253
"S01000159",352,13,339
"S01000160",332,99,233
"S01000161",401,136,265
"S01000162",431,167,264
"S01000163",467,154,313
"S01000164",347,182,165
"S01000165",504,239,265
"S01000166",561,263,298
"S01000167",304,94,210
"S01000168",445,170,275
"S01000169",346,126,220
"S01000170",538,200,338
"S01000171",395,12,383
"S01000172",209,61,148
"S01000173",390,198,192
"S01000174",309,9,300
"S01000175",286,125,161
"S01000176",342,143,199
"S01000177",271,69,202
"S01000178",312,100,212
"S01000179",499,311,188
"S01000180",283,78,205
"S01000181",242,89,153
"S01000182",350,102,248
"S01000183",532,275,257
"S01000184",361,84,277
"S01000185",518,308,210
"S01000186",510,200,310
"S01000187",248,90,158
"S01000188",444,230,214
"S01000189",218,95,123
"S01000190",360,126,234
"S01000191",596,135,461
"S01000192",366,196,170
"S01000193",291,105,186
"S01000194",370,172,198
"S01000195",398,233,165
"S01000196",343,157,186
"S01000197",242,72,170
"S01000198",349,169,180
"S01000199",384,219,165
"S01000200",419,161,258
"S01000201",305,112,193
"S01000202",497,160,337
"S01000203",315,163,152
"S01000204",257,101,156
"S01000205",414,187,227
"S01000206",276,58,218
"S01000207",544,318,226
"S01000208",395,201,194
"S01000209",505,264,241
"S01000210",401,216,185
"S01000211",358,195,163
"S01000212",334,122,212
"S01000213",427,201,226
"S01000214",233,79,154
"S01000215",386,23,363
"S01000216",315,71,244
"S01000217",366,185,181
"S01000218",342,105,237
"S01000219",416,213,203
"S01000220",345,154,191
"S01000221",464,222,242
"S01000222",335,93,242
"S01000223",309,55,254
"S01000224",350,86,264
"S01000225",254,47,207
"S01000226",302,54,248
"S01000227",537,41,496
"S01000228",453,94,359
"S01000229",409,125,284
"S01000230",319,71,248
"S01000231",318,23,295
"S01000232",293,111,182
"S01000233",271,112,159
"S01000234",334,36,298
"S01000235",343,34,309
"S01000236",299,48,251
"S01000237",368,33,335
"S01000238",235,18,217
"S01000239",295,36,259
"S01000240",287,46,241
"S01000241",212,6,206
"S01000242",341,54,287
"S01000243",262,18,244
"S01000244",573,108,465
"S01000245",392,56,336
"S01000246",283,47,236
"S01000247",273,20,253
"S01000248",342,24,318
"S01000249",281,36,245
"S01000250",288,17,271
"S01000251",150,5,145
"S01000252",345,24,321
"S01000253",221,11,210
"S01000254",339,27,312
"S01000255",273,21,252
"S01000256",416,113,303
"S01000257",408,62,346
"S01000258",240,19,221
"S01000259",223,7,216
"S01000260",334,21,313
"S01000261",400,32,368
"S01000262",410,53,357
"S01000263",302,24,278
"S01000264",419,98,321
"S01000265",339,95,244
"S01000266",530,107,423
"S01000267",292,61,231
"S01000268",354,49,305
"S01000269",248,8,240
"S01000270",429,34,395
"S01000271",370,45,325
"S01000272",442,55,387
"S01000273",243,9,234
"S01000274",289,60,229
"S01000275",608,105,503
"S01000276",282,16,266
"S01000277",298,42,256
"S01000278",285,83,202
"S01000279",353,11,342
"S01000280",294,30,264
"S01000281",298,42,256
"S01000282",304,14,290
"S01000283",430,30,400
"S01000284",452,17,435
"S01000285",278,13,265
"S01000286",485,119,366
"S01000287",302,28,274
"S01000288",333,44,289
"S01000289",419,110,309
"S01000290",367,119,248
"S01000291",344,31,313
"S01000292",424,56,368
"S01000293",478,174,304
"S01000294",249,29,220
"S01000295",221,19,202
"S01000296",385,42,343
"S01000297",301,40,261
"S01000298",393,31,362
"S01000299",392,24,368
"S01000300",279,6,273
"S01000301",245,42,203
"S01000302",225,9,216
"S01000303",258,11,247
"S01000304",291,8,283
"S01000305",450,61,389
"S01000306",294,9,285
"S01000307",344,7,337
"S01000308",484,11,473
"S01000309",465,16,449
"S01000310",366,28,338
"S01000311",424,56,368
"S01000312",246,37,209
"S01000313",312,58,254
"S01000314",240,23,217
"S01000315",266,31,235
"S01000316",444,105,339
"S01000317",264,65,199
"S01000318",220,14,206
"S01000319",238,13,225
"S01000320",332,38,294
"S01000321",229,7,222
"S01000322",394,19,375
"S01000323",364,59,305
"S01000324",312,18,294
"S01000325",490,53,437
"S01000326",337,78,259
"S01000327",308,23,285
"S01000328",199,25,174
"S01000329",318,36,282
"S01000330",471,31,440
"S01000331",280,47,233
"S01000332",319,38,281
"S01000333",355,15,340
"S01000334",403,73,330
"S01000335",339,22,317
"S01000336",530,32,498
"S01000337",354,29,325
"S01000338",197,14,183
"S01000339",461,49,412
"S01000340",423,22,401
"S01000341",430,26,404
"S01000342",213,42,171
"S01000343",216,4,212
"S01000344",396,28,368
"S01000345",255,25,230
"S01000346",274,19,255
"S01000347",552,26,526
"S01000348",316,20,296
"S01000349",254,46,208
"S01000350",390,25,365
"S01000351",378,19,359
"S01000352",301,22,279
"S01000353",215,12,203
"S01000354",571,26,545
"S01000355",234,7,227
"S01000356",240,6,234
"S01000357",220,4,216
"S01000358",358,12,346
"S01000359",280,3,277
"S01000360",253,22,231
"S01000361",254,9,245
"S01000362",401,34,367
"S01000363",454,9,445
"S01000364",372,13,359
"S01000365",762,40,722
"S01000366",742,30,712
"S01000367",358,21,337
"S01000368",545,54,491
"S01000369",396,23,373
"S01000370",547,20,527
"S01000371",427,86,341
"S01000372",400,62,338
"S01000373",264,15,249
"S01000374",275,32,243
"S01000375",275,45,230
"S01000376",350,62,288
"S01000377",353,11,342
"S01000378",196,29,167
"S01000379",248,5,243
"S01000380",366,13,353
"S01000381",601,51,550
"S01000382",321,19,302
"S01000383",470,34,436
"S01000384",322,38,284
"S01000385",267,37,230
"S01000386",535,63,472
"S01000387",372,44,328
"S01000388",387,12,375
"S01000389",306,9,297
"S01000390",349,75,274
"S01000391",330,84,246
"S01000392",314,12,302
"S01000393",395,91,304
"S01000394",296,57,239
"S01000395",309,9,300
"S01000396",441,175,266
"S01000397",448,89,359
"S01000398",851,25,826
"S01000399",305,82,223
"S01000400",426,121,305
"S01000401",348,7,341
"S01000402",340,46,294
"S01000403",361,63,298
"S01000404",290,27,263
"S01000405",192,6,186
"S01000406",266,55,211
"S01000407",270,76,194
"S01000408",242,15,227
"S01000409",234,17,217
"S01000410",273,5,268
"S01000411",275,7,268
"S01000412",321,18,303
"S01000413",350,25,325
"S01000414",277,17,260
"S01000415",414,69,345
"S01000416",359,30,329
"S01000417",432,57,375
"S01000418",304,9,295
"S01000419",531,13,518
"S01000420",537,77,460
"S01000421",292,14,278
"S01000422",388,45,343
"S01000423",375,11,364
"S01000424",289,17,272
"S01000425",369,53,316
"S01000426",301,13,288
"S01000427",348,47,301
"S01000428",275,22,253
"S01000429",409,51,358
"S01000430",216,36,180
"S01000431",347,116,231
"S01000432",435,55,380
"S01000433",248,67,181
"S01000434",253,59,194
"S01000435",224,36,188
"S01000436",237,11,226
"S01000437",412,69,343
"S01000438",215,5,210
"S01000439",316,10,306
"S01000440",450,23,427
"S01000441",394,52,342
"S01000442",326,11,315
"S01000443",241,6,235
"S01000444",854,24,830
"S01000445",516,58,458
"S01000446",386,21,365
"S01000447",306,32,274
"S01000448",331,5,326
"S01000449",329,71,258
"S01000450",254,19,235
"S01000451",371,28,343
"S01000452",226,8,218
"S01000453",225,2,223
"S01000454",216,51,165
"S01000455",341,29,312
"S01000456",435,38,397
"S01000457",392,88,304
"S01000458",346,10,336
"S01000459",496,133,363
"S01000460",322,119,203
"S01000461",463,185,278
"S01000462",450,112,338
"S01000463",291,54,237
"S01000464",338,13,325
"S01000465",272,9,263
"S01000466",322,7,315
"S01000467",294,68,226
"S01000468",202,7,195
"S01000469",246,19,227
"S01000470",358,39,319
"S01000471",316,27,289
"S01000472",289,52,237
"S01000473",292,71,221
"S01000474",247,5,242
"S01000475",305,85,220
"S01000476",253,21,232
"S01000477",311,59,252
"S01000478",386,156,230
"S01000479",398,107,291
"S01000480",282,33,249
"S01000481",756,58,698
"S01000482",439,220,219
"S01000483",522,190,332
"S01000484",366,131,235
"S01000485",417,48,369
"S01000486",573,312,261
"S01000487",273,78,195
"S01000488",307,97,210
"S01000489",451,199,252
"S01000490",243,24,219
"S01000491",247,122,125
"S01000492",370,124,246
"S01000493",295,49,246
"S01000494",233,87,146
"S01000495",354,37,317
"S01000496",217,8,209
"S01000497",332,41,291
"S01000498",247,40,207
"S01000499",433,55,378
"S01000500",231,44,187
"S01000501",288,85,203
"S01000502",221,8,213
"S01000503",191,3,188
"S01000504",411,123,288
"S01000505",298,15,283
"S01000506",381,11,370
"S01000507",476,124,352
"S01000508",359,20,339
"S01000509",467,93,374
"S01000510",309,69,240
"S01000511",233,15,218
"S01000512",421,47,374
"S01000513",396,77,319
"S01000514",367,28,339
"S01000515",209,6,203
"S01000516",338,31,307
"S01000517",318,57,261
"S01000518",434,87,347
"S01000519",196,7,189
"S01000520",448,36,412
"S01000521",415,86,329
"S01000522",261,18,243
"S01000523",342,66,276
"S01000524",260,11,249
"S01000525",416,28,388
"S01000526",382,12,370
"S01000527",256,14,242
"S01000528",368,19,349
"S01000529",325,18,307
"S01000530",197,13,184
"S01000531",259,22,237
"S01000532",366,112,254
"S01000533",319,68,251
"S01000534",357,126,231
"S01000535",453,126,327
"S01000536",203,21,182
"S01000537",372,36,336
"S01000538",338,95,243
"S01000539",507,199,308
"S01000540",344,82,262
"S01000541",266,70,196
"S01000542",301,74,227
"S01000543",330,61,269
"S01000544",306,48,258
"S01000545",328,80,248
"S01000546",368,90,278
"S01000547",238,45,193
"S01000548",481,98,383
"S01000549",426,32,394
"S01000550",177,9,168
"S01000551",412,99,313
"S01000552",214,13,201
"S01000553",378,77,301
"S01000554",282,83,199
"S01000555",389,101,288
"S01000556",330,87,243
"S01000557",380,75,305
"S01000558",231,36,195
"S01000559",313,94,219
"S01000560",483,174,309
"S01000561",512,217,295
"S01000562",411,150,261
"S01000563",515,260,255
"S01000564",399,181,218
"S01000565",324,72,252
"S01000566",351,108,243
"S01000567",371,93,278
"S01000568",225,41,184
"S01000569",334,75,259
"S01000570",408,77,331
"S01000571",453,171,282
"S01000572",305,40,265
"S01000573",204,10,194
"S01000574",350,58,292
"S01000575",305,74,231
"S01000576",237,24,213
"S01000577",237,38,199
"S01000578",286,56,230
"S01000579",331,23,308
"S01000580",374,22,352
"S01000581",297,27,270
"S01000582",279,55,224
"S01000583",386,46,340
"S01000584",407,112,295
"S01000585",588,159,429
"S01000586",308,41,267
"S01000587",316,98,218
"S01000588",257,55,202
"S01000589",328,58,270
"S01000590",330,56,274
"S01000591",341,44,297
"S01000592",392,76,316
"S01000593",504,33,471
"S01000594",402,15,387
"S01000595",326,66,260
"S01000596",331,41,290
"S01000597",415,42,373
"S01000598",491,20,471
"S01000599",465,41,424
"S01000600",324,23,301
"S01000601",483,22,461
"S01000602",317,36,281
"S01000603",405,25,380
"S01000604",384,27,357
"S01000605",317,57,260
"S01000606",422,218,204
"S01000607",347,63,284
"S01000608",655,312,343
"S01000609",505,198,307
"S01000610",498,273,225
"S01000611",303,125,178
"S01000612",594,272,322
"S01000613",526,138,388
"S01000614",305,58,247
"S01000615",461,236,225
"S01000616",573,60,513
"S01000617",294,61,233
"S01000618",378,90,288
"S01000619",290,57,233
"S01000620",515,243,272
"S01000621",560,206,354
"S01000622",278,91,187
"S01000623",289,83,206
"S01000624",274,106,168
"S01000625",276,139,137
"S01000626",306,141,165
"S01000627",405,128,277
"S01000628",237,89,148
"S01000629",286,50,236
"S01000630",350,111,239
"S01000631",286,103,183
"S01000632",233,11,222
"S01000633",212,25,187
"S01000634",350,126,224
"S01000635",250,55,195
"S01000636",222,8,214
"S01000637",268,15,253
"S01000638",239,9,230
"S01000639",279,21,258
"S01000640",303,22,281
"S01000641",343,39,304
"S01000642",378,42,336
"S01000643",285,32,253
"S01000644",316,42,274
"S01000645",426,35,391
"S01000646",356,67,289
"S01000647",366,86,280
"S01000648",418,172,246
"S01000649",249,11,238
"S01000650",301,89,212
"S01000651",410,133,277
"S01000652",339,88,251
"S01000653",472,165,307
"S01000654",414,153,261
"S01000655",374,133,241
"S01000656",407,154,253
"S01000657",401,142,259
"S01000658",296,131,165
"S01000659",608,129,479
"S01000660",422,49,373
"S01000661",432,111,321
"S01000662",299,20,279
"S01000663",315,54,261
"S01000664",369,43,326
"S01000665",310,48,262
"S01000666",224,20,204
"S01000667",448,85,363
"S01000668",417,149,268
"S01000669",456,157,299
"S01000670",296,48,248
"S01000671",243,52,191
"S01000672",314,53,261
"S01000673",310,34,276
"S01000674",475,85,390
"S01000675",299,23,276
"S01000676",205,21,184
"S01000677",439,136,303
"S01000678",420,88,332
"S01000679",387,173,214
"S01000680",498,234,264
"S01000681",550,273,277
"S01000682",389,171,218
"S01000683",259,65,194
"S01000684",424,216,208
"S01000685",423,120,303
"S01000686",397,169,228
"S01000687",397,135,262
"S01000688",315,58,257
"S01000689",260,19,241
"S01000690",416,52,364
"S01000691",386,112,274
"S01000692",358,133,225
"S01000693",502,206,296
"S01000694",330,114,216
"S01000695",347,85,262
"S01000696",407,137,270
"S01000697",372,23,349
"S01000698",305,71,234
"S01000699",263,70,193
"S01000700",320,51,269
"S01000701",437,50,387
"S01000702",246,46,200
"S01000703",342,84,258
"S01000704",361,14,347
"S01000705",479,72,407
"S01000706",351,16,335
"S01000707",270,16,254
"S01000708",240,11,229
"S01000709",482,80,402
"S01000710",465,23,442
"S01000711",219,18,201
"S01000712",302,68,234
"S01000713",302,67,235
"S01000714",419,60,359
"S01000715",380,186,194
"S01000716",302,153,149
"S01000717",466,231,235
"S01000718",412,171,241
"S01000719",292,52,240
"S01000720",375,54,321
"S01000721",314,45,269
"S01000722",390,111,279
"S01000723",201,11,190
"S01000724",350,88,262
"S01000725",271,19,252
"S01000726",357,49,308
"S01000727",280,122,158
"S01000728",302,43,259
"S01000729",277,130,147
"S01000730",189,81,108
"S01000731",315,200,115
"S01000732",351,233,118
"S01000733",405,224,181
"S01000734",359,31,328
"S01000735",242,90,152
"S01000736",394,112,282
"S01000737",273,108,165
"S01000738",227,53,174
"S01000739",376,95,281
"S01000740",355,64,291
"S01000741",403,68,335
"S01000742",282,35,247
"S01000743",374,62,312
"S01000744",389,154,235
"S01000745",320,89,231
"S01000746",378,137,241
"S01000747",295,122,173
"S01000748",276,159,117
"S01000749",233,114,119
"S01000750",348,105,243
"S01000751",315,43,272
"S01000752",444,202,242
"S01000753",256,49,207
"S01000754",316,64,252
"S01000755",348,60,288
"S01000756",507,126,381
"S01000757",348,63,285
"S01000758",529,27,502
"S01000759",439,92,347
"S01000760",217,27,190
"S01000761",283,28,255
"S01000762",260,33,227
"S01000763",353,21,332
"S01000764",290,40,250
"S01000765",261,24,237
"S01000766",344,95,249
"S01000767",324,190,134
"S01000768",477,204,273
"S01000769",516,241,275
"S01000770",279,126,153
"S01000771",443,96,347
"S01000772",335,90,245
"S01000773",404,89,315
"S01000774",283,59,224
"S01000775",308,83,225
"S01000776",223,9,214
"S01000777",108,28,80
"S01000778",200,11,189
"S01000779",332,46,286
"S01000780",371,109,262
"S01000781",337,25,312
"S01000782",256,13,243
"S01000783",216,24,192
"S01000784",289,8,281
"S01000785",350,53,297
"S01000786",349,45,304
"S01000787",230,14,216
"S01000788",281,20,261
"S01000789",369,86,283
"S01000790",191,11,180
"S01000791",274,53,221
"S01000792",279,20,259
"S01000793",266,42,224
"S01000794",449,144,305
"S01000795",434,88,346
"S01000796",193,13,180
"S01000797",169,36,133
"S01000798",234,84,150
"S01000799",291,31,260
"S01000800",464,54,410
"S01000801",292,31,261
"S01000802",355,46,309
"S01000803",436,38,398
"S01000804",368,38,330
"S01000805",388,53,335
"S01000806",380,50,330
"S01000807",343,53,290
"S01000808",322,18,304
"S01000809",281,50,231
"S01000810",298,30,268
"S01000811",323,26,297
"S01000812",564,179,385
"S01000813",320,40,280
"S01000814",310,122,188
"S01000815",307,183,124
"S01000816",354,148,206
"S01000817",378,106,272
"S01000818",444,135,309
"S01000819",374,37,337
"S01000820",252,20,232
"S01000821",387,133,254
"S01000822",244,55,189
"S01000823",241,118,123
"S01000824",342,37,305
"S01000825",311,27,284
"S01000826",280,79,201
"S01000827",305,24,281
"S01000828",366,41,325
"S01000829",310,27,283
"S01000830",358,33,325
"S01000831",403,51,352
"S01000832",460,104,356
"S01000833",421,58,363
"S01000834",458,116,342
"S01000835",332,121,211
"S01000836",380,200,180
"S01000837",581,325,256
"S01000838",283,56,227
"S01000839",602,110,492
"S01000840",313,153,160
"S01000841",377,166,211
"S01000842",367,23,344
"S01000843",433,114,319
"S01000844",371,100,271
"S01000845",247,50,197
"S01000846",372,184,188
"S01000847",523,193,330
"S01000848",317,66,251
"S01000849",203,62,141
"S01000850",335,130,205
"S01000851",333,36,297
"S01000852",345,97,248
"S01000853",273,103,170
"S01000854",388,140,248
"S01000855",308,60,248
"S01000856",190,30,160
"S01000857",204,48,156
"S01000858",360,37,323
"S01000859",470,59,411
"S01000860",394,139,255
"S01000861",291,53,238
"S01000862",224,18,206
"S01000863",273,79,194
"S01000864",456,73,383
"S01000865",465,143,322
"S01000866",374,116,258
"S01000867",437,195,242
"S01000868",291,101,190
"S01000869",223,75,148
"S01000870",332,97,235
"S01000871",354,68,286
"S01000872",350,69,281
"S01000873",994,110,884
"S01000874",242,80,162
"S01000875",607,92,515
"S01000876",327,72,255
"S01000877",356,134,222
"S01000878",218,18,200
"S01000879",427,68,359
"S01000880",340,30,310
"S01000881",309,93,216
"S01000882",465,147,318
"S01000883",372,79,293
"S01000884",261,46,215
"S01000885",198,4,194
"S01000886",295,70,225
"S01000887",305,54,251
"S01000888",344,116,228
"S01000889",337,71,266
"S01000890",381,118,263
"S01000891",387,58,329
"S01000892",201,10,191
"S01000893",265,16,249
"S01000894",231,32,199
"S01000895",413,71,342
"S01000896",209,8,201
"S01000897",325,45,280
"S01000898",247,30,217
"S01000899",370,109,261
"S01000900",274,29,245
"S01000901",288,50,238
"S01000902",443,67,376
"S01000903",459,61,398
"S01000904",329,52,277
"S01000905",313,36,277
"S01000906",237,42,195
"S01000907",385,134,251
"S01000908",363,125,238
"S01000909",385,24,361
"S01000910",358,50,308
"S01000911",462,38,424
"S01000912",315,59,256
"S01000913",305,64,241
"S01000914",342,20,322
"S01000915",424,75,349
"S01000916",482,98,384
"S01000917",321,36,285
"S01000918",275,44,231
"S01000919",308,54,254
"S01000920",248,24,224
"S01000921",301,54,247
"S01000922",390,61,329
"S01000923",363,83,280
"S01000924",405,125,280
"S01000925",438,76,362
"S01000926",401,103,298
"S01000927",378,133,245
"S01000928",446,84,362
"S01000929",219,113,106
"S01000930",255,164,91
"S01000931",302,104,198
"S01000932",465,121,344
"S01000933",483,149,334
"S01000934",498,259,239
"S01000935",384,102,282
"S01000936",406,103,303
"S01000937",285,124,161
"S01000938",340,87,253
"S01000939",395,134,261
"S01000940",390,56,334
"S01000941",253,100,153
"S01000942",466,105,361
"S01000943",394,37,357
"S01000944",417,95,322
"S01000945",349,83,266
"S01000946",342,72,270
"S01000947",339,75,264
"S01000948",345,32,313
"S01000949",301,28,273
"S01000950",373,51,322
"S01000951",400,114,286
"S01000952",402,91,311
"S01000953",389,34,355
"S01000954",465,63,402
"S01000955",251,21,230
"S01000956",400,166,234
"S01000957",229,20,209
"S01000958",376,117,259
"S01000959",304,48,256
"S01000960",277,69,208
"S01000961",387,99,288
"S01000962",327,95,232
"S01000963",381,115,266
"S01000964",421,36,385
"S01000965",268,114,154
"S01000966",468,162,306
"S01000967",283,120,163
"S01000968",443,61,382
"S01000969",493,187,306
"S01000970",368,130,238
"S01000971",299,113,186
"S01000972",386,32,354
"S01000973",275,68,207
"S01000974",481,50,431
"S01000975",254,14,240
"S01000976",231,25,206
"S01000977",393,72,321
"S01000978",366,50,316
"S01000979",304,36,268
"S01000980",325,41,284
"S01000981",279,10,269
"S01000982",289,19,270
"S01000983",239,40,199
"S01000984",298,41,257
"S01000985",297,86,211
"S01000986",257,41,216
"S01000987",266,27,239
"S01000988",223,13,210
"S01000989",338,21,317
"S01000990",361,67,294
"S01000991",176,7,169
"S01000992",453,77,376
"S01000993",334,37,297
"S01000994",465,94,371
"S01000995",309,20,289
"S01000996",510,144,366
"S01000997",389,37,352
"S01000998",353,136,217
"S01000999",269,34,235
"S01001000",272,64,208
"S01001001",239,18,221
"S01001002",300,47,253
"S01001003",364,29,335
"S01001004",289,42,247
"S01001005",360,54,306
"S01001006",294,32,262
"S01001007",447,157,290
"S01001008",408,107,301
"S01001009",314,59,255
"S01001010",538,255,283
"S01001011",227,15,212
"S01001012",308,30,278
"S01001013",357,119,238
"S01001014",490,262,228
"S01001015",255,85,170
"S01001016",390,63,327
"S01001017",377,154,223
"S01001018",415,128,287
"S01001019",519,263,256
"S01001020",228,86,142
"S01001021",487,127,360
"S01001022",381,104,277
"S01001023",429,32,397
"S01001024",699,89,610
"S01001025",565,92,473
"S01001026",378,42,336
"S01001027",438,90,348
"S01001028",329,125,204
"S01001029",323,163,160
"S01001030",318,33,285
"S01001031",411,144,267
"S01001032",332,159,173
"S01001033",249,110,139
"S01001034",344,225,119
"S01001035",198,69,129
"S01001036",298,125,173
"S01001037",452,236,216
"S01001038",317,29,288
"S01001039",240,13,227
"S01001040",286,24,262
"S01001041",295,48,247
"S01001042",426,45,381
"S01001043",268,29,239
"S01001044",449,62,387
"S01001045",291,29,262
"S01001046",358,66,292
"S01001047",382,47,335
"S01001048",271,22,249
"S01001049",280,103,177
"S01001050",420,43,377
"S01001051",294,108,186
"S01001052",234,65,169
"S01001053",345,49,296
"S01001054",323,68,255
"S01001055",416,102,314
"S01001056",345,109,236
"S01001057",257,23,234
"S01001058",373,114,259
"S01001059",246,63,183
"S01001060",317,73,244
"S01001061",339,88,251
"S01001062",233,9,224
"S01001063",387,40,347
"S01001064",361,94,267
"S01001065",396,106,290
"S01001066",323,29,294
"S01001067",341,14,327
"S01001068",395,13,382
"S01001069",370,36,334
"S01001070",396,52,344
"S01001071",277,30,247
"S01001072",373,22,351
"S01001073",481,60,421
"S01001074",209,15,194
"S01001075",453,109,344
"S01001076",365,32,333
"S01001077",429,90,339
"S01001078",409,63,346
"S01001079",223,11,212
"S01001080",312,53,259
"S01001081",277,59,218
"S01001082",506,139,367
"S01001083",368,90,278
"S01001084",408,69,339
"S01001085",348,121,227
"S01001086",312,124,188
"S01001087",242,91,151
"S01001088",444,167,277
"S01001089",416,102,314
"S01001090",399,110,289
"S01001091",288,135,153
"S01001092",545,250,295
"S01001093",393,194,199
"S01001094",403,54,349
"S01001095",288,150,138
"S01001096",434,198,236
"S01001097",320,76,244
"S01001098",273,29,244
"S01001099",821,508,313
"S01001100",614,350,264
"S01001101",632,455,177
"S01001102",227,154,73
"S01001103",301,58,243
"S01001104",437,284,153
"S01001105",332,30,302
"S01001106",362,33,329
"S01001107",608,327,281
"S01001108",915,397,518
"S01001109",633,347,286
"S01001110",454,283,171
"S01001111",589,316,273
"S01001112",474,179,295
"S01001113",493,343,150
"S01001114",517,386,131
"S01001115",416,220,196
"S01001116",281,134,147
"S01001117",309,189,120
"S01001118",285,86,199
"S01001119",618,249,369
"S01001120",356,96,260
"S01001121",357,189,168
"S01001122",360,203,157
"S01001123",450,109,341
"S01001124",328,115,213
"S01001125",179,91,88
"S01001126",392,81,311
"S01001127",398,171,227
"S01001128",261,16,245
"S01001129",520,265,255
"S01001130",425,224,201
"S01001131",229,119,110
"S01001132",325,116,209
"S01001133",554,224,330
"S01001134",383,50,333
"S01001135",175,108,67
"S01001136",591,363,228
"S01001137",598,395,203
"S01001138",770,400,370
"S01001139",435,211,224
"S01001140",592,296,296
"S01001141",267,164,103
"S01001142",468,96,372
"S01001143",337,45,292
"S01001144",341,155,186
"S01001145",348,176,172
"S01001146",357,60,297
"S01001147",414,248,166
"S01001148",325,45,280
"S01001149",321,143,178
"S01001150",391,246,145
"S01001151",364,255,109
"S01001152",545,297,248
"S01001153",358,112,246
"S01001154",318,39,279
"S01001155",262,34,228
"S01001156",439,245,194
"S01001157",310,30,280
"S01001158",347,177,170
"S01001159",356,111,245
"S01001160",329,168,161
"S01001161",265,66,199
"S01001162",384,75,309
"S01001163",409,242,167
"S01001164",362,189,173
"S01001165",453,266,187
"S01001166",158,99,59
"S01001167",358,53,305
"S01001168",464,230,234
"S01001169",548,347,201
"S01001170",447,279,168
"S01001171",291,86,205
"S01001172",359,223,136
"S01001173",413,196,217
"S01001174",358,232,126
"S01001175",427,240,187
"S01001176",348,105,243
"S01001177",501,278,223
"S01001178",479,246,233
"S01001179",382,32,350
"S01001180",467,291,176
"S01001181",371,45,326
"S01001182",457,222,235
"S01001183",548,348,200
"S01001184",338,70,268
"S01001185",235,25,210
"S01001186",281,28,253
"S01001187",437,235,202
"S01001188",498,311,187
"S01001189",546,235,311
"S01001190",308,41,267
"S01001191",378,211,167
"S01001192",604,397,207
"S01001193",359,55,304
"S01001194",398,49,349
"S01001195",479,213,266
"S01001196",651,385,266
"S01001197",241,112,129
"S01001198",337,165,172
"S01001199",414,214,200
"S01001200",524,335,189
"S01001201",356,190,166
"S01001202",298,153,145
"S01001203",403,248,155
"S01001204",314,32,282
"S01001205",309,68,241
"S01001206",435,218,217
"S01001207",293,125,168
"S01001208",260,131,129
"S01001209",199,24,175
"S01001210",417,233,184
"S01001211",482,148,334
"S01001212",322,214,108
"S01001213",388,223,165
"S01001214",404,165,239
"S01001215",342,88,254
"S01001216",409,176,233
"S01001217",466,233,233
"S01001218",325,35,290
"S01001219",303,32,271
"S01001220",242,108,134
"S01001221",514,29,485
"S01001222",533,246,287
"S01001223",311,52,259
"S01001224",365,179,186
"S01001225",398,60,338
"S01001226",220,102,118
"S01001227",258,34,224
"S01001228",349,90,259
"S01001229",306,61,245
"S01001230",405,262,143
"S01001231",296,125,171
"S01001232",792,19,773
"S01001233",457,267,190
"S01001234",233,111,122
"S01001235",304,94,210
"S01001236",369,165,204
"S01001237",244,62,182
"S01001238",258,154,104
"S01001239",276,165,111
"S01001240",333,132,201
"S01001241",243,79,164
"S01001242",381,69,312
"S01001243",483,208,275
"S01001244",342,88,254
"S01001245",328,160,168
"S01001246",408,136,272
"S01001247",229,71,158
"S01001248",331,24,307
"S01001249",277,119,158
"S01001250",384,133,251
"S01001251",253,138,115
"S01001252",234,83,151
"S01001253",268,143,125
"S01001254",254,82,172
"S01001255",325,124,201
"S01001256",308,109,199
"S01001257",306,127,179
"S01001258",231,82,149
"S01001259",353,77,276
"S01001260",330,192,138
"S01001261",441,265,176
"S01001262",343,44,299
"S01001263",207,55,152
"S01001264",651,37,614
"S01001265",209,12,197
"S01001266",314,59,255
"S01001267",486,202,284
"S01001268",273,42,231
"S01001269",199,18,181
"S01001270",285,121,164
"S01001271",322,162,160
"S01001272",295,95,200
"S01001273",367,138,229
"S01001274",320,111,209
"S01001275",281,112,169
"S01001276",226,15,211
"S01001277",336,103,233
"S01001278",178,27,151
"S01001279",292,116,176
"S01001280",254,87,167
"S01001281",382,171,211
"S01001282",359,102,257
"S01001283",242,54,188
"S01001284",420,69,351
"S01001285",278,77,201
"S01001286",195,57,138
"S01001287",340,132,208
"S01001288",418,152,266
"S01001289",318,93,225
"S01001290",265,59,206
"S01001291",167,33,134
"S01001292",323,138,185
"S01001293",346,91,255
"S01001294",279,117,162
"S01001295",399,143,256
"S01001296",304,138,166
"S01001297",361,108,253
"S01001298",387,142,245
"S01001299",369,118,251
"S01001300",581,78,503
"S01001301",232,74,158
"S01001302",337,62,275
"S01001303",245,19,226
"S01001304",507,25,482
"S01001305",340,76,264
"S01001306",317,115,202
"S01001307",471,107,364
"S01001308",422,180,242
"S01001309",298,130,168
"S01001310",348,135,213
"S01001311",269,61,208
"S01001312",345,158,187
"S01001313",433,148,285
"S01001314",341,60,281
"S01001315",423,55,368
"S01001316",394,143,251
"S01001317",386,91,295
"S01001318",249,66,183
"S01001319",322,108,214
"S01001320",387,152,235
"S01001321",230,24,206
"S01001322",312,22,290
"S01001323",246,75,171
"S01001324",408,230,178
"S01001325",289,127,162
"S01001326",397,129,268
"S01001327",353,140,213
"S01001328",374,173,201
"S01001329",256,108,148
"S01001330",355,24,331
"S01001331",390,150,240
"S01001332",408,130,278
"S01001333",426,196,230
"S01001334",322,105,217
"S01001335",469,208,261
"S01001336",377,118,259
"S01001337",319,36,283
"S01001338",324,135,189
"S01001339",321,65,256
"S01001340",297,103,194
"S01001341",388,160,228
"S01001342",455,150,305
"S01001343",414,113,301
"S01001344",347,61,286
"S01001345",357,163,194
"S01001346",332,50,282
"S01001347",286,17,269
"S01001348",324,135,189
"S01001349",306,13,293
"S01001350",304,127,177
"S01001351",225,29,196
"S01001352",380,79,301
"S01001353",470,14,456
"S01001354",396,121,275
"S01001355",327,65,262
"S01001356",308,43,265
"S01001357",456,246,210
"S01001358",442,123,319
"S01001359",271,36,235
"S01001360",526,132,394
"S01001361",304,64,240
"S01001362",252,36,216
"S01001363",353,150,203
"S01001364",443,148,295
"S01001365",263,95,168
"S01001366",375,44,331
"S01001367",340,106,234
"S01001368",443,25,418
"S01001369",462,128,334
"S01001370",363,73,290
"S01001371",363,158,205
"S01001372",283,21,262
"S01001373",282,61,221
"S01001374",210,38,172
"S01001375",257,20,237
"S01001376",471,202,269
"S01001377",387,157,230
"S01001378",312,82,230
"S01001379",466,147,319
"S01001380",433,169,264
"S01001381",374,95,279
"S01001382",455,293,162
"S01001383",259,83,176
"S01001384",412,181,231
"S01001385",437,181,256
"S01001386",476,222,254
"S01001387",377,94,283
"S01001388",640,278,362
"S01001389",197,56,141
"S01001390",313,62,251
"S01001391",290,99,191
"S01001392",325,163,162
"S01001393",225,32,193
"S01001394",208,117,91
"S01001395",339,85,254
"S01001396",287,86,201
"S01001397",330,165,165
"S01001398",342,32,310
"S01001399",372,201,171
"S01001400",390,195,195
"S01001401",301,127,174
"S01001402",329,16,313
"S01001403",436,19,417
"S01001404",224,10,214
"S01001405",425,19,406
"S01001406",941,63,878
"S01001407",380,81,299
"S01001408",403,129,274
"S01001409",377,64,313
"S01001410",418,41,377
"S01001411",237,17,220
"S01001412",412,152,260
"S01001413",348,31,317
"S01001414",331,124,207
"S01001415",444,161,283
"S01001416",300,78,222
"S01001417",402,46,356
"S01001418",364,39,325
"S01001419",287,45,242
"S01001420",412,14,398
"S01001421",481,81,400
"S01001422",267,17,250
"S01001423",351,81,270
"S01001424",518,219,299
"S01001425",652,193,459
"S01001426",310,69,241
"S01001427",316,31,285
"S01001428",390,143,247
"S01001429",338,150,188
"S01001430",401,88,313
"S01001431",332,36,296
"S01001432",244,23,221
"S01001433",322,35,287
"S01001434",349,75,274
"S01001435",400,62,338
"S01001436",378,32,346
"S01001437",359,54,305
"S01001438",246,22,224
"S01001439",293,39,254
"S01001440",356,54,302
"S01001441",334,65,269
"S01001442",262,29,233
"S01001443",385,63,322
"S01001444",368,55,313
"S01001445",287,47,240
"S01001446",368,44,324
"S01001447",528,35,493
"S01001448",345,71,274
"S01001449",235,19,216
"S01001450",331,61,270
"S01001451",279,30,249
"S01001452",328,30,298
"S01001453",306,27,279
"S01001454",384,37,347
"S01001455",305,61,244
"S01001456",301,27,274
"S01001457",366,35,331
"S01001458",398,81,317
"S01001459",341,26,315
"S01001460",243,26,217
"S01001461",330,45,285
"S01001462",349,29,320
"S01001463",236,56,180
"S01001464",378,51,327
"S01001465",281,15,266
"S01001466",270,16,254
"S01001467",308,12,296
"S01001468",257,29,228
"S01001469",350,44,306
"S01001470",326,15,311
"S01001471",266,8,258
"S01001472",329,46,283
"S01001473",361,85,276
"S01001474",361,81,280
"S01001475",263,28,235
"S01001476",348,13,335
"S01001477",350,26,324
"S01001478",269,32,237
"S01001479",288,68,220
"S01001480",194,10,184
"S01001481",357,35,322
"S01001482",296,90,206
"S01001483",384,14,370
"S01001484",337,30,307
"S01001485",229,18,211
"S01001486",332,52,280
"S01001487",260,75,185
"S01001488",371,45,326
"S01001489",283,35,248
"S01001490",462,170,292
"S01001491",328,20,308
"S01001492",428,135,293
"S01001493",350,39,311
"S01001494",426,143,283
"S01001495",245,23,222
"S01001496",400,40,360
"S01001497",398,153,245
"S01001498",260,12,248
"S01001499",418,43,375
"S01001500",262,122,140
"S01001501",357,29,328
"S01001502",318,34,284
"S01001503",293,22,271
"S01001504",448,166,282
"S01001505",423,53,370
"S01001506",325,104,221
"S01001507",304,8,296
"S01001508",326,19,307
"S01001509",370,134,236
"S01001510",338,145,193
"S01001511",238,16,222
"S01001512",374,179,195
"S01001513",414,239,175
"S01001514",328,84,244
"S01001515",292,40,252
"S01001516",321,105,216
"S01001517",527,261,266
"S01001518",421,120,301
"S01001519",431,63,368
"S01001520",313,88,225
"S01001521",449,88,361
"S01001522",511,195,316
"S01001523",271,13,258
"S01001524",428,131,297
"S01001525",339,84,255
"S01001526",281,42,239
"S01001527",363,86,277
"S01001528",339,25,314
"S01001529",354,105,249
"S01001530",303,98,205
"S01001531",478,114,364
"S01001532",280,39,241
"S01001533",398,36,362
"S01001534",246,12,234
"S01001535",353,39,314
"S01001536",328,94,234
"S01001537",218,83,135
"S01001538",332,38,294
"S01001539",295,26,269
"S01001540",269,6,263
"S01001541",355,49,306
"S01001542",275,27,248
"S01001543",293,34,259
"S01001544",391,96,295
"S01001545",287,18,269
"S01001546",461,215,246
"S01001547",397,142,255
"S01001548",399,31,368
"S01001549",430,99,331
"S01001550",319,13,306
"S01001551",397,49,348
"S01001552",376,65,311
"S01001553",401,28,373
"S01001554",410,48,362
"S01001555",327,90,237
"S01001556",386,91,295
"S01001557",353,13,340
"S01001558",368,76,292
"S01001559",187,48,139
"S01001560",289,80,209
"S01001561",492,75,417
"S01001562",980,152,828
"S01001563",231,39,192
"S01001564",250,64,186
"S01001565",373,132,241
"S01001566",260,43,217
"S01001567",406,53,353
"S01001568",327,51,276
"S01001569",305,23,282
"S01001570",170,10,160
"S01001571",294,96,198
"S01001572",226,53,173
"S01001573",284,20,264
"S01001574",365,122,243
"S01001575",378,125,253
"S01001576",280,101,179
"S01001577",290,58,232
"S01001578",341,91,250
"S01001579",349,131,218
"S01001580",271,80,191
"S01001581",278,52,226
"S01001582",320,103,217
"S01001583",187,65,122
"S01001584",371,136,235
"S01001585",485,239,246
"S01001586",167,6,161
"S01001587",379,164,215
"S01001588",333,131,202
"S01001589",389,151,238
"S01001590",282,75,207
"S01001591",287,110,177
"S01001592",331,125,206
"S01001593",360,121,239
"S01001594",481,219,262
"S01001595",309,137,172
"S01001596",327,76,251
"S01001597",366,159,207
"S01001598",284,42,242
"S01001599",563,240,323
"S01001600",573,273,300
"S01001601",483,35,448
"S01001602",279,47,232
"S01001603",424,103,321
"S01001604",223,71,152
"S01001605",331,64,267
"S01001606",284,106,178
"S01001607",1010,130,880
"S01001608",401,61,340
"S01001609",368,94,274
"S01001610",376,96,280
"S01001611",447,26,421
"S01001612",338,17,321
"S01001613",298,102,196
"S01001614",357,153,204
"S01001615",355,106,249
"S01001616",255,7,248
"S01001617",300,121,179
"S01001618",425,77,348
"S01001619",300,88,212
"S01001620",480,189,291
"S01001621",276,79,197
"S01001622",361,129,232
"S01001623",370,105,265
"S01001624",428,127,301
"S01001625",354,149,205
"S01001626",292,51,241
"S01001627",612,144,468
"S01001628",246,79,167
"S01001629",261,84,177
"S01001630",283,117,166
"S01001631",570,111,459
"S01001632",212,16,196
"S01001633",358,14,344
"S01001634",370,33,337
"S01001635",324,66,258
"S01001636",205,14,191
"S01001637",300,45,255
"S01001638",420,107,313
"S01001639",354,102,252
"S01001640",271,12,259
"S01001641",579,70,509
"S01001642",430,87,343
"S01001643",331,53,278
"S01001644",636,113,523
"S01001645",439,119,320
"S01001646",252,18,234
"S01001647",327,78,249
"S01001648",303,91,212
"S01001649",355,140,215
"S01001650",311,77,234
"S01001651",413,131,282
"S01001652",334,9,325
"S01001653",319,125,194
"S01001654",361,39,322
"S01001655",255,40,215
"S01001656",614,105,509
"S01001657",213,7,206
"S01001658",414,66,348
"S01001659",332,38,294
"S01001660",319,33,286
"S01001661",350,37,313
"S01001662",322,98,224
"S01001663",346,57,289
"S01001664",199,17,182
"S01001665",400,95,305
"S01001666",258,56,202
"S01001667",394,86,308
"S01001668",355,26,329
"S01001669",386,142,244
"S01001670",250,22,228
"S01001671",201,14,187
"S01001672",268,71,197
"S01001673",290,27,263
"S01001674",346,91,255
"S01001675",296,28,268
"S01001676",484,42,442
"S01001677",319,17,302
"S01001678",316,36,280
"S01001679",313,10,303
"S01001680",257,27,230
"S01001681",248,8,240
"S01001682",226,17,209
"S01001683",326,30,296
"S01001684",215,8,207
"S01001685",330,93,237
"S01001686",347,21,326
"S01001687",489,99,390
"S01001688",409,43,366
"S01001689",288,12,276
"S01001690",365,54,311
"S01001691",328,19,309
"S01001692",268,77,191
"S01001693",262,5,257
"S01001694",311,48,263
"S01001695",322,23,299
"S01001696",320,37,283
"S01001697",327,53,274
"S01001698",235,54,181
"S01001699",204,2,202
"S01001700",359,18,341
"S01001701",424,123,301
"S01001702",454,88,366
"S01001703",313,16,297
"S01001704",350,17,333
"S01001705",227,10,217
"S01001706",285,19,266
"S01001707",368,136,232
"S01001708",378,54,324
"S01001709",246,22,224
"S01001710",300,52,248
"S01001711",288,21,267
"S01001712",188,31,157
"S01001713",290,20,270
"S01001714",264,22,242
"S01001715",291,7,284
"S01001716",377,133,244
"S01001717",302,22,280
"S01001718",212,35,177
"S01001719",269,13,256
"S01001720",242,9,233
"S01001721",321,25,296
"S01001722",291,36,255
"S01001723",355,23,332
"S01001724",370,177,193
"S01001725",343,124,219
"S01001726",238,20,218
"S01001727",421,79,342
"S01001728",229,11,218
"S01001729",387,54,333
"S01001730",248,34,214
"S01001731",252,25,227
"S01001732",230,29,201
"S01001733",342,75,267
"S01001734",206,17,189
"S01001735",181,16,165
"S01001736",415,24,391
"S01001737",241,41,200
"S01001738",218,13,205
"S01001739",243,34,209
"S01001740",303,37,266
"S01001741",254,82,172
"S01001742",291,116,175
"S01001743",455,170,285
"S01001744",195,11,184
"S01001745",337,49,288
"S01001746",349,51,298
"S01001747",386,150,236
"S01001748",255,24,231
"S01001749",373,132,241
"S01001750",308,76,232
"S01001751",450,145,305
"S01001752",346,17,329
"S01001753",324,129,195
"S01001754",266,21,245
"S01001755",405,69,336
"S01001756",312,57,255
"S01001757",327,73,254
"S01001758",349,92,257
"S01001759",407,192,215
"S01001760",343,98,245
"S01001761",372,191,181
"S01001762",451,168,283
"S01001763",276,12,264
"S01001764",189,19,170
"S01001765",467,177,290
"S01001766",243,37,206
"S01001767",238,39,199
"S01001768",247,32,215
"S01001769",303,54,249
"S01001770",311,151,160
"S01001771",347,83,264
"S01001772",284,89,195
"S01001773",437,167,270
"S01001774",265,33,232
"S01001775",369,63,306
"S01001776",319,129,190
"S01001777",330,37,293
"S01001778",403,172,231
"S01001779",257,40,217
"S01001780",390,123,267
"S01001781",261,20,241
"S01001782",404,83,321
"S01001783",265,143,122
"S01001784",269,70,199
"S01001785",239,19,220
"S01001786",216,22,194
"S01001787",238,22,216
"S01001788",315,32,283
"S01001789",316,85,231
"S01001790",312,45,267
"S01001791",299,31,268
"S01001792",282,40,242
"S01001793",389,93,296
"S01001794",376,71,305
"S01001795",189,22,167
"S01001796",338,20,318
"S01001797",316,98,218
"S01001798",337,18,319
"S01001799",368,135,233
"S01001800",347,25,322
"S01001801",369,18,351
"S01001802",347,67,280
"S01001803",424,49,375
"S01001804",439,114,325
"S01001805",314,83,231
"S01001806",276,41,235
"S01001807",352,48,304
"S01001808",244,68,176
"S01001809",528,312,216
"S01001810",383,65,318
"S01001811",280,23,257
"S01001812",334,20,314
"S01001813",284,23,261
"S01001814",274,31,243
"S01001815",352,51,301
"S01001816",434,37,397
"S01001817",295,125,170
"S01001818",338,44,294
"S01001819",403,31,372
"S01001820",346,175,171
"S01001821",179,28,151
"S01001822",496,112,384
"S01001823",429,239,190
"S01001824",345,122,223
"S01001825",346,41,305
"S01001826",344,208,136
"S01001827",369,151,218
"S01001828",262,17,245
"S01001829",367,102,265
"S01001830",337,30,307
"S01001831",349,146,203
"S01001832",295,116,179
"S01001833",489,42,447
"S01001834",315,120,195
"S01001835",260,40,220
"S01001836",356,47,309
"S01001837",381,54,327
"S01001838",277,97,180
"S01001839",433,222,211
"S01001840",293,36,257
"S01001841",304,92,212
"S01001842",293,30,263
"S01001843",369,210,159
"S01001844",409,61,348
"S01001845",270,25,245
"S01001846",323,22,301
"S01001847",414,189,225
"S01001848",394,237,157
"S01001849",252,37,215
"S01001850",333,106,227
"S01001851",321,47,274
"S01001852",301,25,276
"S01001853",316,42,274
"S01001854",458,187,271
"S01001855",335,40,295
"S01001856",418,222,196
"S01001857",323,132,191
"S01001858",363,74,289
"S01001859",433,155,278
"S01001860",323,25,298
"S01001861",404,226,178
"S01001862",322,30,292
"S01001863",348,40,308
"S01001864",607,356,251
"S01001865",325,222,103
"S01001866",286,24,262
"S01001867",289,90,199
"S01001868",301,43,258
"S01001869",386,83,303
"S01001870",426,246,180
"S01001871",827,174,653
"S01001872",346,102,244
"S01001873",291,24,267
"S01001874",486,267,219
"S01001875",338,21,317
"S01001876",486,225,261
"S01001877",393,211,182
"S01001878",433,44,389
"S01001879",400,299,101
"S01001880",393,261,132
"S01001881",315,45,270
"S01001882",350,94,256
"S01001883",228,17,211
"S01001884",464,253,211
"S01001885",459,48,411
"S01001886",349,246,103
"S01001887",357,91,266
"S01001888",358,36,322
"S01001889",261,79,182
"S01001890",428,175,253
"S01001891",352,173,179
"S01001892",528,364,164
"S01001893",501,332,169
"S01001894",368,260,108
"S01001895",394,173,221
"S01001896",324,59,265
"S01001897",450,307,143
"S01001898",353,238,115
"S01001899",330,120,210
"S01001900",342,107,235
"S01001901",397,93,304
"S01001902",388,81,307
"S01001903",249,120,129
"S01001904",327,159,168
"S01001905",378,93,285
"S01001906",307,129,178
"S01001907",360,168,192
"S01001908",316,48,268
"S01001909",355,222,133
"S01001910",318,130,188
"S01001911",297,46,251
"S01001912",346,148,198
"S01001913",408,92,316
"S01001914",239,30,209
"S01001915",390,76,314
"S01001916",463,198,265
"S01001917",256,29,227
"S01001918",592,268,324
"S01001919",413,151,262
"S01001920",356,147,209
"S01001921",316,145,171
"S01001922",332,32,300
"S01001923",229,74,155
"S01001924",344,98,246
"S01001925",309,25,284
"S01001926",232,108,124
"S01001927",410,92,318
"S01001928",420,187,233
"S01001929",509,88,421
"S01001930",453,198,255
"S01001931",298,161,137
"S01001932",373,144,229
"S01001933",358,57,301
"S01001934",833,306,527
"S01001935",452,309,143
"S01001936",585,206,379
"S01001937",459,198,261
"S01001938",262,74,188
"S01001939",277,133,144
"S01001940",327,93,234
"S01001941",428,88,340
"S01001942",301,119,182
"S01001943",277,113,164
"S01001944",346,81,265
"S01001945",326,54,272
"S01001946",347,210,137
"S01001947",452,108,344
"S01001948",387,248,139
"S01001949",307,154,153
"S01001950",528,259,269
"S01001951",508,286,222
"S01001952",287,60,227
"S01001953",367,128,239
"S01001954",204,60,144
"S01001955",564,294,270
"S01001956",299,147,152
"S01001957",236,146,90
"S01001958",455,280,175
"S01001959",251,81,170
"S01001960",366,103,263
"S01001961",543,154,389
"S01001962",420,151,269
"S01001963",487,222,265
"S01001964",383,91,292
"S01001965",407,225,182
"S01001966",768,389,379
"S01001967",314,113,201
"S01001968",442,154,288
"S01001969",305,137,168
"S01001970",283,58,225
"S01001971",440,283,157
"S01001972",330,118,212
"S01001973",326,101,225
"S01001974",362,98,264
"S01001975",416,176,240
"S01001976",329,159,170
"S01001977",439,252,187
"S01001978",612,350,262
"S01001979",309,122,187
"S01001980",443,161,282
"S01001981",418,176,242
"S01001982",200,121,79
"S01001983",337,177,160
"S01001984",515,261,254
"S01001985",339,98,241
"S01001986",373,181,192
"S01001987",281,126,155
"S01001988",350,103,247
"S01001989",388,87,301
"S01001990",343,119,224
"S01001991",334,108,226
"S01001992",306,93,213
"S01001993",276,80,196
"S01001994",386,129,257
"S01001995",323,71,252
"S01001996",351,155,196
"S01001997",420,218,202
"S01001998",308,80,228
"S01001999",267,133,134
"S01002000",345,121,224
"S01002001",572,369,203
"S01002002",259,120,139
"S01002003",358,90,268
"S01002004",453,246,207
"S01002005",465,260,205
"S01002006",352,75,277
"S01002007",676,417,259
"S01002008",433,168,265
"S01002009",412,192,220
"S01002010",203,73,130
"S01002011",447,71,376
"S01002012",360,174,186
"S01002013",371,180,191
"S01002014",331,154,177
"S01002015",330,49,281
"S01002016",330,149,181
"S01002017",499,310,189
"S01002018",343,73,270
"S01002019",290,124,166
"S01002020",180,129,51
"S01002021",543,275,268
"S01002022",411,75,336
"S01002023",351,149,202
"S01002024",323,139,184
"S01002025",560,329,231
"S01002026",299,60,239
"S01002027",453,309,144
"S01002028",314,177,137
"S01002029",272,125,147
"S01002030",470,304,166
"S01002031",409,265,144
"S01002032",386,182,204
"S01002033",525,360,165
"S01002034",376,241,135
"S01002035",308,71,237
"S01002036",589,370,219
"S01002037",307,176,131
"S01002038",200,75,125
"S01002039",300,73,227
"S01002040",339,196,143
"S01002041",430,205,225
"S01002042",522,229,293
"S01002043",367,126,241
"S01002044",292,183,109
"S01002045",481,138,343
"S01002046",387,267,120
"S01002047",344,182,162
"S01002048",260,178,82
"S01002049",544,350,194
"S01002050",290,62,228
"S01002051",367,187,180
"S01002052",525,349,176
"S01002053",311,171,140
"S01002054",323,160,163
"S01002055",350,42,308
"S01002056",459,178,281
"S01002057",431,86,345
"S01002058",536,341,195
"S01002059",402,264,138
"S01002060",331,240,91
"S01002061",396,265,131
"S01002062",297,153,144
"S01002063",524,324,200
"S01002064",591,324,267
"S01002065",308,163,145
"S01002066",649,448,201
"S01002067",420,158,262
"S01002068",585,410,175
"S01002069",291,65,226
"S01002070",371,232,139
"S01002071",341,227,114
"S01002072",534,152,382
"S01002073",426,324,102
"S01002074",286,44,242
"S01002075",560,269,291
"S01002076",434,319,115
"S01002077",349,57,292
"S01002078",476,84,392
"S01002079",516,354,162
"S01002080",385,44,341
"S01002081",361,214,147
"S01002082",514,173,341
"S01002083",295,161,134
"S01002084",442,226,216
"S01002085",276,195,81
"S01002086",326,265,61
"S01002087",576,434,142
"S01002088",400,96,304
"S01002089",438,62,376
"S01002090",480,123,357
"S01002091",446,323,123
"S01002092",383,55,328
"S01002093",437,328,109
"S01002094",359,143,216
"S01002095",264,43,221
"S01002096",539,57,482
"S01002097",299,29,270
"S01002098",352,122,230
"S01002099",401,135,266
"S01002100",266,71,195
"S01002101",592,397,195
"S01002102",337,175,162
"S01002103",275,46,229
"S01002104",540,402,138
"S01002105",343,30,313
"S01002106",413,326,87
"S01002107",211,39,172
"S01002108",393,301,92
"S01002109",444,279,165
"S01002110",334,60,274
"S01002111",430,61,369
"S01002112",491,103,388
"S01002113",321,48,273
"S01002114",273,17,256
"S01002115",503,163,340
"S01002116",363,113,250
"S01002117",476,343,133
"S01002118",546,444,102
"S01002119",290,155,135
"S01002120",319,57,262
"S01002121",307,107,200
"S01002122",362,21,341
"S01002123",398,45,353
"S01002124",413,76,337
"S01002125",454,122,332
"S01002126",243,59,184
"S01002127",315,111,204
"S01002128",391,190,201
"S01002129",489,289,200
"S01002130",227,49,178
"S01002131",420,304,116
"S01002132",404,137,267
"S01002133",615,241,374
"S01002134",252,32,220
"S01002135",337,22,315
"S01002136",426,108,318
"S01002137",380,80,300
"S01002138",404,186,218
"S01002139",285,57,228
"S01002140",421,242,179
"S01002141",326,118,208
"S01002142",460,102,358
"S01002143",377,151,226
"S01002144",316,30,286
"S01002145",503,137,366
"S01002146",537,254,283
"S01002147",424,196,228
"S01002148",345,35,310
"S01002149",572,302,270
"S01002150",338,130,208
"S01002151",876,460,416
"S01002152",425,98,327
"S01002153",234,65,169
"S01002154",435,239,196
"S01002155",511,302,209
"S01002156",396,146,250
"S01002157",349,60,289
"S01002158",421,79,342
"S01002159",379,182,197
"S01002160",530,354,176
"S01002161",338,186,152
"S01002162",429,110,319
"S01002163",678,373,305
"S01002164",345,115,230
"S01002165",406,79,327
"S01002166",401,120,281
"S01002167",304,136,168
"S01002168",634,352,282
"S01002169",455,170,285
"S01002170",434,210,224
"S01002171",285,98,187
"S01002172",313,67,246
"S01002173",533,171,362
"S01002174",500,244,256
"S01002175",598,340,258
"S01002176",375,71,304
"S01002177",467,143,324
"S01002178",561,253,308
"S01002179",283,50,233
"S01002180",263,107,156
"S01002181",473,197,276
"S01002182",384,151,233
"S01002183",548,395,153
"S01002184",329,43,286
"S01002185",541,302,239
"S01002186",383,203,180
"S01002187",483,166,317
"S01002188",358,85,273
"S01002189",391,220,171
"S01002190",389,183,206
"S01002191",459,298,161
"S01002192",399,133,266
"S01002193",353,37,316
"S01002194",342,126,216
"S01002195",712,341,371
"S01002196",282,48,234
"S01002197",391,213,178
"S01002198",490,302,188
"S01002199",386,163,223
"S01002200",438,55,383
"S01002201",620,256,364
"S01002202",420,182,238
"S01002203",260,145,115
"S01002204",418,262,156
"S01002205",392,150,242
"S01002206",558,303,255
"S01002207",336,58,278
"S01002208",352,152,200
"S01002209",582,345,237
"S01002210",328,119,209
"S01002211",397,290,107
"S01002212",676,370,306
"S01002213",320,73,247
"S01002214",434,172,262
"S01002215",464,95,369
"S01002216",973,524,449
"S01002217",666,449,217
"S01002218",296,147,149
"S01002219",304,42,262
"S01002220",299,15,284
"S01002221",614,405,209
"S01002222",331,25,306
"S01002223",308,58,250
"S01002224",397,42,355
"S01002225",464,217,247
"S01002226",510,221,289
"S01002227",444,232,212
"S01002228",402,64,338
"S01002229",318,52,266
"S01002230",549,246,303
"S01002231",410,165,245
"S01002232",374,158,216
"S01002233",575,381,194
"S01002234",502,329,173
"S01002235",606,339,267
"S01002236",415,186,229
"S01002237",596,207,389
"S01002238",322,195,127
"S01002239",500,302,198
"S01002240",508,285,223
"S01002241",485,245,240
"S01002242",348,69,279
"S01002243",403,202,201
"S01002244",520,253,267
"S01002245",1079,403,676
"S01002246",579,345,234
"S01002247",389,236,153
"S01002248",519,145,374
"S01002249",582,378,204
"S01002250",433,152,281
"S01002251",323,36,287
"S01002252",350,47,303
"S01002253",463,207,256
"S01002254",557,334,223
"S01002255",1043,490,553
"S01002256",640,120,520
"S01002257",306,89,217
"S01002258",471,324,147
"S01002259",266,104,162
"S01002260",354,20,334
"S01002261",413,92,321
"S01002262",345,79,266
"S01002263",354,40,314
"S01002264",393,119,274
"S01002265",743,382,361
"S01002266",425,272,153
"S01002267",431,268,163
"S01002268",285,35,250
"S01002269",526,219,307
"S01002270",883,498,385
"S01002271",407,117,290
"S01002272",371,125,246
"S01002273",415,225,190
"S01002274",746,344,402
"S01002275",643,343,300
"S01002276",340,25,315
"S01002277",421,213,208
"S01002278",510,351,159
"S01002279",635,408,227
"S01002280",333,63,270
"S01002281",290,202,88
"S01002282",137,98,39
"S01002283",297,77,220
"S01002284",915,246,669
"S01002285",572,388,184
"S01002286",368,120,248
"S01002287",334,105,229
"S01002288",712,302,410
"S01002289",681,396,285
"S01002290",568,339,229
"S01002291",475,393,82
"S01002292",616,343,273
"S01002293",347,123,224
"S01002294",269,52,217
"S01002295",333,42,291
"S01002297",398,150,248
"S01002298",271,62,209
"S01002299",323,54,269
"S01002300",359,73,286
"S01002301",924,335,589
"S01002302",372,207,165
"S01002303",400,213,187
"S01002304",969,352,617
"S01002305",467,321,146
"S01002306",218,86,132
"S01002307",664,305,359
"S01002308",510,117,393
"S01002309",394,232,162
"S01002310",637,421,216
"S01002311",350,40,310
"S01002312",379,248,131
"S01002313",286,35,251
"S01002314",439,126,313
"S01002315",236,60,176
"S01002316",273,18,255
"S01002317",2008,679,1329
"S01002318",495,280,215
"S01002319",593,373,220
"S01002320",296,67,229
"S01002321",557,409,148
"S01002322",378,172,206
"S01002323",395,145,250
"S01002324",375,247,128
"S01002325",884,264,620
"S01002326",596,310,286
"S01002327",348,61,287
"S01002328",327,65,262
"S01002329",270,48,222
"S01002330",318,93,225
"S01002331",290,94,196
"S01002332",319,16,303
"S01002333",296,19,277
"S01002334",394,49,345
"S01002335",445,88,357
"S01002336",404,39,365
"S01002337",363,33,330
"S01002338",252,129,123
"S01002339",284,78,206
"S01002340",303,60,243
"S01002341",250,62,188
"S01002342",278,72,206
"S01002343",326,51,275
"S01002344",221,47,174
"S01002345",366,67,299
"S01002346",447,99,348
"S01002347",344,47,297
"S01002348",435,90,345
"S01002349",476,131,345
"S01002350",433,75,358
"S01002351",373,63,310
"S01002352",411,77,334
"S01002353",348,63,285
"S01002354",363,66,297
"S01002355",401,133,268
"S01002356",503,211,292
"S01002357",293,94,199
"S01002358",232,39,193
"S01002359",412,147,265
"S01002360",338,137,201
"S01002361",287,68,219
"S01002362",336,68,268
"S01002363",440,85,355
"S01002364",313,120,193
"S01002365",274,42,232
"S01002366",367,61,306
"S01002367",437,63,374
"S01002368",381,53,328
"S01002369",286,65,221
"S01002370",321,65,256
"S01002371",283,51,232
"S01002372",356,71,285
"S01002373",299,65,234
"S01002374",359,85,274
"S01002375",354,85,269
"S01002376",383,77,306
"S01002377",376,117,259
"S01002378",215,9,206
"S01002379",488,105,383
"S01002380",312,54,258
"S01002381",343,66,277
"S01002382",269,90,179
"S01002383",190,16,174
"S01002384",225,51,174
"S01002385",336,111,225
"S01002386",419,63,356
"S01002387",291,31,260
"S01002388",267,12,255
"S01002389",279,13,266
"S01002390",439,40,399
"S01002391",555,34,521
"S01002392",685,39,646
"S01002393",401,36,365
"S01002394",348,50,298
"S01002395",306,38,268
"S01002396",298,67,231
"S01002397",508,47,461
"S01002398",375,36,339
"S01002399",437,140,297
"S01002400",362,23,339
"S01002401",399,14,385
"S01002402",367,108,259
"S01002403",320,111,209
"S01002404",397,50,347
"S01002405",307,21,286
"S01002406",355,99,256
"S01002407",273,74,199
"S01002408",363,97,266
"S01002409",304,49,255
"S01002410",217,17,200
"S01002411",934,76,858
"S01002412",381,27,354
"S01002413",259,50,209
"S01002414",279,117,162
"S01002415",290,72,218
"S01002416",234,23,211
"S01002417",294,44,250
"S01002418",397,114,283
"S01002419",219,15,204
"S01002420",251,85,166
"S01002421",337,23,314
"S01002422",247,35,212
"S01002423",474,198,276
"S01002424",366,92,274
"S01002425",403,88,315
"S01002426",462,219,243
"S01002427",395,96,299
"S01002428",233,56,177
"S01002429",574,356,218
"S01002430",303,67,236
"S01002431",371,99,272
"S01002432",647,58,589
"S01002433",277,88,189
"S01002434",439,141,298
"S01002435",297,70,227
"S01002436",420,196,224
"S01002437",384,93,291
"S01002438",282,81,201
"S01002439",335,94,241
"S01002440",420,152,268
"S01002441",297,48,249
"S01002442",266,105,161
"S01002443",313,113,200
"S01002444",250,123,127
"S01002445",417,132,285
"S01002446",438,96,342
"S01002447",260,75,185
"S01002448",198,55,143
"S01002449",235,15,220
"S01002450",436,220,216
"S01002451",398,62,336
"S01002452",238,84,154
"S01002453",300,62,238
"S01002454",321,71,250
"S01002455",221,37,184
"S01002456",434,180,254
"S01002457",307,75,232
"S01002458",412,164,248
"S01002459",334,172,162
"S01002460",399,190,209
"S01002461",163,4,159
"S01002462",381,158,223
"S01002463",453,203,250
"S01002464",239,80,159
"S01002465",280,26,254
"S01002466",429,105,324
"S01002467",233,83,150
"S01002468",327,130,197
"S01002469",278,68,210
"S01002470",348,97,251
"S01002471",244,71,173
"S01002472",309,168,141
"S01002473",457,181,276
"S01002474",239,103,136
"S01002475",264,86,178
"S01002476",395,71,324
"S01002477",383,118,265
"S01002478",386,83,303
"S01002479",324,130,194
"S01002480",268,89,179
"S01002481",430,129,301
"S01002482",476,212,264
"S01002483",387,218,169
"S01002484",375,127,248
"S01002485",361,38,323
"S01002486",293,131,162
"S01002487",230,75,155
"S01002488",349,195,154
"S01002489",312,164,148
"S01002490",267,94,173
"S01002491",239,96,143
"S01002492",380,43,337
"S01002493",409,89,320
"S01002494",269,26,243
"S01002495",277,93,184
"S01002496",573,113,460
"S01002497",473,205,268
"S01002498",249,21,228
"S01002499",507,197,310
"S01002500",301,110,191
"S01002501",222,42,180
"S01002502",371,142,229
"S01002503",330,79,251
"S01002504",577,109,468
"S01002505",386,170,216
"S01002506",326,65,261
"S01002507",355,149,206
"S01002508",378,45,333
"S01002509",526,108,418
"S01002510",437,80,357
"S01002511",224,50,174
"S01002512",376,152,224
"S01002513",630,66,564
"S01002514",300,125,175
"S01002515",313,128,185
"S01002516",360,92,268
"S01002517",264,77,187
"S01002518",405,37,368
"S01002519",467,267,200
"S01002520",281,158,123
"S01002521",293,98,195
"S01002522",291,37,254
"S01002523",290,22,268
"S01002524",319,64,255
"S01002525",328,129,199
"S01002526",190,10,180
"S01002527",329,49,280
"S01002528",361,33,328
"S01002529",476,162,314
"S01002530",298,107,191
"S01002531",380,96,284
"S01002532",319,98,221
"S01002533",317,114,203
"S01002534",369,122,247
"S01002535",347,57,290
"S01002536",269,129,140
"S01002537",217,72,145
"S01002538",381,30,351
"S01002539",397,159,238
"S01002540",282,127,155
"S01002541",731,94,637
"S01002542",291,52,239
"S01002543",259,127,132
"S01002544",391,92,299
"S01002545",385,121,264
"S01002546",337,78,259
"S01002547",303,40,263
"S01002548",482,111,371
"S01002549",246,31,215
"S01002550",191,14,177
"S01002551",264,62,202
"S01002552",249,59,190
"S01002553",384,131,253
"S01002554",215,7,208
"S01002555",351,77,274
"S01002556",297,81,216
"S01002557",352,79,273
"S01002558",233,57,176
"S01002559",281,29,252
"S01002560",246,65,181
"S01002561",343,85,258
"S01002562",263,55,208
"S01002563",385,27,358
"S01002564",238,17,221
"S01002565",372,54,318
"S01002566",263,8,255
"S01002567",881,25,856
"S01002568",370,68,302
"S01002569",585,72,513
"S01002570",264,38,226
"S01002571",301,58,243
"S01002572",248,24,224
"S01002573",220,44,176
"S01002574",439,168,271
"S01002575",373,41,332
"S01002576",330,49,281
"S01002577",452,189,263
"S01002578",301,13,288
"S01002579",451,44,407
"S01002580",332,109,223
"S01002581",270,9,261
"S01002582",329,135,194
"S01002583",388,79,309
"S01002584",537,70,467
"S01002585",419,123,296
"S01002586",217,32,185
"S01002587",308,34,274
"S01002588",311,38,273
"S01002589",339,40,299
"S01002590",305,34,271
"S01002591",271,107,164
"S01002592",432,165,267
"S01002593",337,105,232
"S01002594",259,13,246
"S01002595",320,93,227
"S01002596",284,22,262
"S01002597",219,59,160
"S01002598",428,99,329
"S01002599",242,61,181
"S01002600",364,25,339
"S01002601",296,86,210
"S01002602",221,46,175
"S01002603",355,144,211
"S01002604",397,27,370
"S01002605",255,67,188
"S01002606",211,45,166
"S01002607",373,105,268
"S01002608",206,24,182
"S01002609",351,120,231
"S01002610",381,91,290
"S01002611",325,43,282
"S01002612",392,44,348
"S01002613",386,47,339
"S01002614",397,66,331
"S01002615",180,20,160
"S01002616",227,22,205
"S01002617",436,153,283
"S01002618",399,197,202
"S01002619",342,62,280
"S01002620",457,185,272
"S01002621",246,19,227
"S01002622",3064,146,2918
"S01002623",598,26,572
"S01002624",288,33,255
"S01002625",367,31,336
"S01002626",274,85,189
"S01002627",394,22,372
"S01002628",311,24,287
"S01002629",376,59,317
"S01002630",332,102,230
"S01002631",351,44,307
"S01002632",242,50,192
"S01002633",379,69,310
"S01002634",330,48,282
"S01002635",256,38,218
"S01002636",269,63,206
"S01002637",333,93,240
"S01002638",318,118,200
"S01002639",399,46,353
"S01002640",313,51,262
"S01002641",350,30,320
"S01002642",270,74,196
"S01002643",285,110,175
"S01002644",306,66,240
"S01002645",288,106,182
"S01002646",366,121,245
"S01002647",406,179,227
"S01002648",464,43,421
"S01002649",283,126,157
"S01002650",288,37,251
"S01002651",270,92,178
"S01002652",258,25,233
"S01002653",355,117,238
"S01002654",385,150,235
"S01002655",391,171,220
"S01002656",401,205,196
"S01002657",393,84,309
"S01002658",704,243,461
"S01002659",409,53,356
"S01002660",337,125,212
"S01002661",377,77,300
"S01002662",558,97,461
"S01002663",326,62,264
"S01002664",358,28,330
"S01002665",347,74,273
"S01002666",586,77,509
"S01002667",310,145,165
"S01002668",217,44,173
"S01002669",484,149,335
"S01002670",236,13,223
"S01002671",544,207,337
"S01002672",318,168,150
"S01002673",287,105,182
"S01002674",376,102,274
"S01002675",416,50,366
"S01002676",322,64,258
"S01002677",551,254,297
"S01002678",333,21,312
"S01002679",553,235,318
"S01002680",565,180,385
"S01002681",352,109,243
"S01002682",232,73,159
"S01002683",258,26,232
"S01002684",412,144,268
"S01002685",450,227,223
"S01002686",681,68,613
"S01002687",489,78,411
"S01002688",264,23,241
"S01002689",328,27,301
"S01002690",258,41,217
"S01002691",555,59,496
"S01002692",335,54,281
"S01002693",187,16,171
"S01002694",264,79,185
"S01002695",254,25,229
"S01002696",336,92,244
"S01002697",373,39,334
"S01002698",320,63,257
"S01002699",228,81,147
"S01002700",351,124,227
"S01002701",349,18,331
"S01002702",306,127,179
"S01002703",574,94,480
"S01002704",327,85,242
"S01002705",358,132,226
"S01002706",403,157,246
"S01002707",351,127,224
"S01002708",431,87,344
"S01002709",464,206,258
"S01002710",355,44,311
"S01002711",364,115,249
"S01002712",308,100,208
"S01002713",414,243,171
"S01002714",435,180,255
"S01002715",407,162,245
"S01002716",218,7,211
"S01002717",420,121,299
"S01002718",394,183,211
"S01002719",310,70,240
"S01002720",308,27,281
"S01002721",389,145,244
"S01002722",420,147,273
"S01002723",332,117,215
"S01002724",427,177,250
"S01002725",404,101,303
"S01002726",358,119,239
"S01002727",387,26,361
"S01002728",438,155,283
"S01002729",375,25,350
"S01002730",480,171,309
"S01002731",362,120,242
"S01002732",332,119,213
"S01002733",313,70,243
"S01002734",517,192,325
"S01002735",720,242,478
"S01002736",292,48,244
"S01002737",403,134,269
"S01002738",267,72,195
"S01002739",333,41,292
"S01002740",201,20,181
"S01002741",489,140,349
"S01002742",385,140,245
"S01002743",341,147,194
"S01002744",255,33,222
"S01002745",307,126,181
"S01002746",357,82,275
"S01002747",254,102,152
"S01002748",384,156,228
"S01002749",314,143,171
"S01002750",384,133,251
"S01002751",421,158,263
"S01002752",231,70,161
"S01002753",276,21,255
"S01002754",247,46,201
"S01002755",355,186,169
"S01002756",401,144,257
"S01002757",254,70,184
"S01002758",315,134,181
"S01002759",376,97,279
"S01002760",238,83,155
"S01002761",440,177,263
"S01002762",312,153,159
"S01002763",374,142,232
"S01002764",263,113,150
"S01002765",427,221,206
"S01002766",459,208,251
"S01002767",426,71,355
"S01002768",371,117,254
"S01002769",338,105,233
"S01002770",280,89,191
"S01002771",348,150,198
"S01002772",377,39,338
"S01002773",389,111,278
"S01002774",382,164,218
"S01002775",287,113,174
"S01002776",397,89,308
"S01002777",493,176,317
"S01002778",397,203,194
"S01002779",297,156,141
"S01002780",397,181,216
"S01002781",399,121,278
"S01002782",437,201,236
"S01002783",615,127,488
"S01002784",228,74,154
"S01002785",295,98,197
"S01002786",305,31,274
"S01002787",302,93,209
"S01002788",328,43,285
"S01002789",301,30,271
"S01002790",415,172,243
"S01002791",253,105,148
"S01002792",822,106,716
"S01002793",375,183,192
"S01002794",394,117,277
"S01002795",257,26,231
"S01002796",250,37,213
"S01002797",313,32,281
"S01002798",245,78,167
"S01002799",326,143,183
"S01002800",282,15,267
"S01002801",386,113,273
"S01002802",245,21,224
"S01002803",369,96,273
"S01002804",257,89,168
"S01002805",410,150,260
"S01002806",939,122,817
"S01002807",328,125,203
"S01002808",370,139,231
"S01002809",330,121,209
"S01002810",475,110,365
"S01002811",455,104,351
"S01002812",268,47,221
"S01002813",338,132,206
"S01002814",413,95,318
"S01002815",341,143,198
"S01002816",235,63,172
"S01002817",248,82,166
"S01002818",277,74,203
"S01002819",347,177,170
"S01002820",330,133,197
"S01002821",559,174,385
"S01002822",321,133,188
"S01002823",394,198,196
"S01002824",368,82,286
"S01002825",394,145,249
"S01002826",243,86,157
"S01002827",292,76,216
"S01002828",377,88,289
"S01002829",391,153,238
"S01002830",302,112,190
"S01002831",466,80,386
"S01002832",312,57,255
"S01002833",399,24,375
"S01002834",366,121,245
"S01002835",333,91,242
"S01002836",232,69,163
"S01002837",344,186,158
"S01002838",274,106,168
"S01002839",292,126,166
"S01002840",313,101,212
"S01002841",432,24,408
"S01002842",306,168,138
"S01002843",327,138,189
"S01002844",276,50,226
"S01002845",402,160,242
"S01002846",453,67,386
"S01002847",411,122,289
"S01002848",336,105,231
"S01002849",408,96,312
"S01002850",414,140,274
"S01002851",229,33,196
"S01002852",399,140,259
"S01002853",215,110,105
"S01002854",342,113,229
"S01002855",231,89,142
"S01002856",411,213,198
"S01002857",220,30,190
"S01002858",275,36,239
"S01002859",343,123,220
"S01002860",431,84,347
"S01002861",414,122,292
"S01002862",246,84,162
"S01002863",309,110,199
"S01002864",256,89,167
"S01002865",356,85,271
"S01002866",499,217,282
"S01002867",208,41,167
"S01002868",329,153,176
"S01002869",240,91,149
"S01002870",398,89,309
"S01002871",289,63,226
"S01002872",296,115,181
"S01002873",333,101,232
"S01002874",338,115,223
"S01002875",258,109,149
"S01002876",297,145,152
"S01002877",351,137,214
"S01002878",229,57,172
"S01002879",363,107,256
"S01002880",223,24,199
"S01002881",482,164,318
"S01002882",479,242,237
"S01002883",436,117,319
"S01002884",373,106,267
"S01002885",504,35,469
"S01002886",339,77,262
"S01002887",244,67,177
"S01002888",236,28,208
"S01002889",374,135,239
"S01002890",291,114,177
"S01002891",316,80,236
"S01002892",301,91,210
"S01002893",464,129,335
"S01002894",325,47,278
"S01002895",318,139,179
"S01002896",315,97,218
"S01002897",363,167,196
"S01002898",500,124,376
"S01002899",208,11,197
"S01002900",300,113,187
"S01002901",363,109,254
"S01002902",363,97,266
"S01002903",421,157,264
"S01002904",311,47,264
"S01002905",364,85,279
"S01002906",348,82,266
"S01002907",287,96,191
"S01002908",343,35,308
"S01002909",332,77,255
"S01002910",451,120,331
"S01002911",351,108,243
"S01002912",554,38,516
"S01002913",328,29,299
"S01002914",330,153,177
"S01002915",403,113,290
"S01002916",387,170,217
"S01002917",287,44,243
"S01002918",365,52,313
"S01002919",361,132,229
"S01002920",285,67,218
"S01002921",308,47,261
"S01002922",230,69,161
"S01002923",295,66,229
"S01002924",297,31,266
"S01002925",595,86,509
"S01002926",334,100,234
"S01002927",348,103,245
"S01002928",229,24,205
"S01002929",286,61,225
"S01002930",234,32,202
"S01002931",365,93,272
"S01002932",263,13,250
"S01002933",394,86,308
"S01002934",393,107,286
"S01002935",403,91,312
"S01002936",291,15,276
"S01002937",218,34,184
"S01002938",341,105,236
"S01002939",223,12,211
"S01002940",258,35,223
"S01002941",427,55,372
"S01002942",192,32,160
"S01002943",285,25,260
"S01002944",523,81,442
"S01002945",264,36,228
"S01002946",427,26,401
"S01002947",262,23,239
"S01002948",340,54,286
"S01002949",226,13,213
"S01002950",317,36,281
"S01002951",453,64,389
"S01002952",256,34,222
"S01002953",444,84,360
"S01002954",356,48,308
"S01002955",492,71,421
"S01002956",342,66,276
"S01002957",379,42,337
"S01002958",232,8,224
"S01002959",443,50,393
"S01002960",278,26,252
"S01002961",351,44,307
"S01002962",264,39,225
"S01002963",355,80,275
"S01002964",334,39,295
"S01002965",377,25,352
"S01002966",245,30,215
"S01002967",392,46,346
"S01002968",572,93,479
"S01002969",453,50,403
"S01002970",278,37,241
"S01002971",512,74,438
"S01002972",544,189,355
"S01002973",364,102,262
"S01002974",395,18,377
"S01002975",333,138,195
"S01002976",456,208,248
"S01002977",347,103,244
"S01002978",484,75,409
"S01002979",299,54,245
"S01002980",342,136,206
"S01002981",333,46,287
"S01002982",282,38,244
"S01002983",379,150,229
"S01002984",329,66,263
"S01002985",274,55,219
"S01002986",327,114,213
"S01002987",327,141,186
"S01002988",314,43,271
"S01002989",495,271,224
"S01002990",251,119,132
"S01002991",327,34,293
"S01002992",344,123,221
"S01002993",311,24,287
"S01002994",387,209,178
"S01002995",221,134,87
"S01002996",332,168,164
"S01002997",302,185,117
"S01002998",356,70,286
"S01002999",209,106,103
"S01003000",301,26,275
"S01003001",273,57,216
"S01003002",434,109,325
"S01003003",268,23,245
"S01003004",214,53,161
"S01003005",237,8,229
"S01003006",455,42,413
"S01003007",323,59,264
"S01003008",164,12,152
"S01003009",243,77,166
"S01003010",306,30,276
"S01003011",275,20,255
"S01003012",425,43,382
"S01003013",266,17,249
"S01003014",271,23,248
"S01003015",320,39,281
"S01003016",200,13,187
"S01003017",333,90,243
"S01003018",383,80,303
"S01003019",355,96,259
"S01003020",311,87,224
"S01003021",281,36,245
"S01003022",425,73,352
"S01003023",299,50,249
"S01003024",344,91,253
"S01003025",364,66,298
"S01003026",364,121,243
"S01003027",407,50,357
"S01003028",398,282,116
"S01003029",488,252,236
"S01003030",577,311,266
"S01003032",258,171,87
"S01003033",255,172,83
"S01003034",377,86,291
"S01003035",444,278,166
"S01003036",555,414,141
"S01003037",700,92,608
"S01003038",294,26,268
"S01003039",407,233,174
"S01003040",472,306,166
"S01003041",257,31,226
"S01003042",270,200,70
"S01003043",289,218,71
"S01003044",553,366,187
"S01003045",416,261,155
"S01003046",350,174,176
"S01003047",476,327,149
"S01003048",270,193,77
"S01003049",280,194,86
"S01003050",298,63,235
"S01003051",460,211,249
"S01003052",330,215,115
"S01003053",382,132,250
"S01003054",354,159,195
"S01003055",424,272,152
"S01003056",417,258,159
"S01003057",302,113,189
"S01003058",501,188,313
"S01003059",395,133,262
"S01003060",428,206,222
"S01003061",292,35,257
"S01003062",377,133,244
"S01003063",333,102,231
"S01003064",438,285,153
"S01003065",599,246,353
"S01003066",301,39,262
"S01003067",232,48,184
"S01003068",383,75,308
"S01003069",266,110,156
"S01003070",344,138,206
"S01003071",288,38,250
"S01003072",486,309,177
"S01003073",302,86,216
"S01003074",256,14,242
"S01003075",310,127,183
"S01003076",521,448,73
"S01003077",500,263,237
"S01003078",293,99,194
"S01003079",344,78,266
"S01003080",349,88,261
"S01003081",320,40,280
"S01003082",419,191,228
"S01003083",576,322,254
"S01003084",415,259,156
"S01003085",423,92,331
"S01003086",214,35,179
"S01003087",269,97,172
"S01003088",536,360,176
"S01003089",282,33,249
"S01003090",324,129,195
"S01003091",251,92,159
"S01003092",348,113,235
"S01003093",507,298,209
"S01003094",447,150,297
"S01003095",259,19,240
"S01003096",274,55,219
"S01003097",121,70,51
"S01003098",826,374,452
"S01003099",224,121,103
"S01003100",368,168,200
"S01003101",218,124,94
"S01003102",285,60,225
"S01003103",273,49,224
"S01003104",570,354,216
"S01003105",332,119,213
"S01003106",311,83,228
"S01003107",309,170,139
"S01003108",488,263,225
"S01003109",371,55,316
"S01003110",294,41,253
"S01003111",359,217,142
"S01003112",429,111,318
"S01003113",279,59,220
"S01003114",348,104,244
"S01003115",500,158,342
"S01003116",586,299,287
"S01003117",464,233,231
"S01003118",266,210,56
"S01003119",269,99,170
"S01003120",561,62,499
"S01003121",366,226,140
"S01003122",325,147,178
"S01003123",416,98,318
"S01003124",499,181,318
"S01003125",460,184,276
"S01003126",121,93,28
"S01003127",336,124,212
"S01003128",544,314,230
"S01003129",652,229,423
"S01003130",457,224,233
"S01003131",456,158,298
"S01003132",470,299,171
"S01003133",663,128,535
"S01003134",339,218,121
"S01003135",346,172,174
"S01003136",463,196,267
"S01003137",375,164,211
"S01003138",662,422,240
"S01003139",619,229,390
"S01003140",425,287,138
"S01003141",463,150,313
"S01003142",525,334,191
"S01003143",452,191,261
"S01003144",399,196,203
"S01003145",303,140,163
"S01003146",408,203,205
"S01003147",404,183,221
"S01003148",276,102,174
"S01003149",566,262,304
"S01003150",409,319,90
"S01003151",367,125,242
"S01003152",495,276,219
"S01003153",277,55,222
"S01003154",543,249,294
"S01003155",486,39,447
"S01003156",494,231,263
"S01003157",587,304,283
"S01003158",319,265,54
"S01003159",81,53,28
"S01003160",281,153,128
"S01003161",259,99,160
"S01003162",302,151,151
"S01003163",331,66,265
"S01003164",272,72,200
"S01003165",497,258,239
"S01003166",398,178,220
"S01003167",374,180,194
"S01003168",519,197,322
"S01003169",950,158,792
"S01003170",315,46,269
"S01003171",232,13,219
"S01003172",372,226,146
"S01003173",278,137,141
"S01003174",370,220,150
"S01003175",476,347,129
"S01003176",471,245,226
"S01003177",415,105,310
"S01003178",398,178,220
"S01003179",280,156,124
"S01003180",238,28,210
"S01003181",344,175,169
"S01003182",371,219,152
"S01003183",331,187,144
"S01003184",363,232,131
"S01003185",259,135,124
"S01003186",402,67,335
"S01003187",492,174,318
"S01003188",490,333,157
"S01003189",420,266,154
"S01003190",408,284,124
"S01003191",278,188,90
"S01003192",592,398,194
"S01003193",638,79,559
"S01003194",363,222,141
"S01003195",306,47,259
"S01003196",408,47,361
"S01003197",375,90,285
"S01003198",470,282,188
"S01003199",416,134,282
"S01003200",430,275,155
"S01003201",133,78,55
"S01003202",528,333,195
"S01003203",413,175,238
"S01003204",363,176,187
"S01003205",431,258,173
"S01003206",468,327,141
"S01003207",316,135,181
"S01003208",635,403,232
"S01003209",250,79,171
"S01003210",365,72,293
"S01003211",251,64,187
"S01003212",261,50,211
"S01003213",264,144,120
"S01003214",348,151,197
"S01003215",383,196,187
"S01003216",343,152,191
"S01003217",418,305,113
"S01003218",338,158,180
"S01003219",337,140,197
"S01003220",277,127,150
"S01003221",428,291,137
"S01003222",280,107,173
"S01003223",470,318,152
"S01003224",284,52,232
"S01003225",398,300,98
"S01003226",342,210,132
"S01003227",792,304,488
"S01003228",597,263,334
"S01003229",332,24,308
"S01003230",374,123,251
"S01003231",442,218,224
"S01003232",503,328,175
"S01003233",349,35,314
"S01003234",360,68,292
"S01003235",370,150,220
"S01003236",252,103,149
"S01003237",414,208,206
"S01003238",346,157,189
"S01003239",461,230,231
"S01003240",326,110,216
"S01003241",349,114,235
"S01003242",497,193,304
"S01003243",405,175,230
"S01003244",446,230,216
"S01003245",708,525,183
"S01003246",660,467,193
"S01003247",355,218,137
"S01003248",649,388,261
"S01003249",421,234,187
"S01003250",257,105,152
"S01003251",471,363,108
"S01003252",247,38,209
"S01003253",540,414,126
"S01003254",258,201,57
"S01003255",446,246,200
"S01003256",629,387,242
"S01003257",258,34,224
"S01003258",311,60,251
"S01003259",479,141,338
"S01003260",300,46,254
"S01003261",421,103,318
"S01003262",372,218,154
"S01003263",465,262,203
"S01003264",308,146,162
"S01003265",306,117,189
"S01003266",391,201,190
"S01003267",583,346,237
"S01003268",912,456,456
"S01003269",493,336,157
"S01003270",451,310,141
"S01003271",1036,550,486
"S01003272",894,539,355
"S01003273",431,338,93
"S01003274",335,244,91
"S01003275",552,332,220
"S01003276",277,43,234
"S01003277",321,142,179
"S01003278",362,145,217
"S01003279",167,109,58
"S01003280",445,214,231
"S01003281",242,121,121
"S01003282",295,87,208
"S01003283",291,79,212
"S01003284",561,336,225
"S01003285",163,105,58
"S01003286",587,344,243
"S01003287",201,114,87
"S01003288",285,56,229
"S01003289",216,133,83
"S01003290",443,241,202
"S01003291",394,272,122
"S01003292",286,77,209
"S01003293",447,321,126
"S01003294",445,308,137
"S01003295",376,70,306
"S01003296",395,293,102
"S01003297",316,232,84
"S01003298",474,187,287
"S01003299",214,156,58
"S01003300",386,125,261
"S01003301",406,263,143
"S01003302",401,313,88
"S01003303",1144,540,604
"S01003304",365,227,138
"S01003305",384,174,210
"S01003306",515,321,194
"S01003307",520,273,247
"S01003308",367,179,188
"S01003309",494,341,153
"S01003310",376,191,185
"S01003311",279,45,234
"S01003312",228,107,121
"S01003313",457,300,157
"S01003314",372,282,90
"S01003315",308,133,175
"S01003316",317,195,122
"S01003317",293,101,192
"S01003318",299,61,238
"S01003320",269,149,120
"S01003321",304,78,226
"S01003322",461,321,140
"S01003323",292,59,233
"S01003324",245,143,102
"S01003325",313,106,207
"S01003326",453,287,166
"S01003327",274,162,112
"S01003328",636,354,282
"S01003329",367,174,193
"S01003330",324,35,289
"S01003331",376,273,103
"S01003332",206,136,70
"S01003333",525,385,140
"S01003334",449,236,213
"S01003335",451,274,177
"S01003336",497,299,198
"S01003337",587,297,290
"S01003338",455,220,235
"S01003339",329,151,178
"S01003340",551,323,228
"S01003341",345,36,309
"S01003342",353,251,102
"S01003343",299,195,104
"S01003344",191,74,117
"S01003345",512,263,249
"S01003346",383,193,190
"S01003347",509,399,110
"S01003348",595,228,367
"S01003349",630,321,309
"S01003350",365,148,217
"S01003351",607,429,178
"S01003352",538,311,227
"S01003353",440,343,97
"S01003354",325,195,130
"S01003355",581,368,213
"S01003356",516,376,140
"S01003357",206,160,46
"S01003358",1130,777,353
"S01003359",355,35,320
"S01003360",312,121,191
"S01003361",380,245,135
"S01003362",306,161,145
"S01003363",365,201,164
"S01003364",332,225,107
"S01003365",318,211,107
"S01003366",422,300,122
"S01003367",671,516,155
"S01003368",921,623,298
"S01003369",329,201,128
"S01003370",390,230,160
"S01003371",403,250,153
"S01003372",282,138,144
"S01003373",1454,992,462
"S01003374",214,156,58
"S01003375",414,150,264
"S01003376",249,161,88
"S01003377",353,173,180
"S01003378",433,311,122
"S01003379",277,213,64
"S01003380",614,283,331
"S01003381",356,157,199
"S01003382",930,330,600
"S01003383",461,240,221
"S01003384",475,246,229
"S01003385",456,242,214
"S01003386",368,225,143
"S01003387",455,299,156
"S01003388",580,403,177
"S01003389",610,440,170
"S01003390",530,325,205
"S01003391",405,278,127
"S01003392",455,248,207
"S01003393",432,247,185
"S01003394",252,133,119
"S01003395",353,188,165
"S01003396",461,317,144
"S01003397",444,292,152
"S01003398",404,246,158
"S01003399",685,468,217
"S01003400",362,183,179
"S01003401",360,270,90
"S01003402",419,276,143
"S01003403",608,349,259
"S01003404",267,161,106
"S01003405",374,197,177
"S01003406",398,251,147
"S01003407",425,218,207
"S01003408",330,225,105
"S01003409",783,311,472
"S01003410",730,520,210
"S01003411",433,257,176
"S01003412",461,274,187
"S01003413",296,126,170
"S01003414",219,145,74
"S01003415",468,372,96
"S01003416",535,396,139
"S01003417",562,319,243
"S01003418",503,382,121
"S01003419",431,298,133
"S01003420",198,138,60
"S01003421",419,224,195
"S01003422",424,276,148
"S01003423",466,266,200
"S01003424",615,434,181
"S01003425",420,224,196
"S01003426",623,382,241
"S01003427",491,281,210
"S01003428",424,293,131
"S01003429",365,165,200
"S01003430",426,245,181
"S01003431",481,291,190
"S01003432",387,193,194
"S01003433",555,366,189
"S01003434",431,287,144
"S01003435",318,214,104
"S01003436",238,72,166
"S01003437",349,142,207
"S01003438",638,339,299
"S01003439",817,624,193
"S01003440",216,105,111
"S01003441",762,531,231
"S01003442",514,374,140
"S01003443",476,356,120
"S01003444",366,275,91
"S01003445",485,320,165
"S01003446",274,188,86
"S01003447",526,429,97
"S01003448",369,195,174
"S01003449",417,250,167
"S01003450",645,402,243
"S01003451",517,286,231
"S01003452",250,95,155
"S01003453",658,200,458
"S01003454",291,153,138
"S01003455",382,278,104
"S01003456",128,93,35
"S01003457",577,443,134
"S01003458",508,292,216
"S01003459",367,211,156
"S01003460",593,274,319
"S01003461",331,146,185
"S01003462",244,149,95
"S01003463",294,241,53
"S01003464",427,228,199
"S01003465",1625,577,1048
"S01003466",459,287,172
"S01003467",347,182,165
"S01003468",373,238,135
"S01003469",584,368,216
"S01003470",694,424,270
"S01003471",315,205,110
"S01003472",394,312,82
"S01003473",593,413,180
"S01003474",275,153,122
"S01003475",432,294,138
"S01003476",435,110,325
"S01003477",716,399,317
"S01003478",460,261,199
"S01003479",498,298,200
"S01003480",471,273,198
"S01003481",585,337,248
"S01003482",388,309,79
"S01003483",271,158,113
"S01003484",446,239,207
"S01003485",409,190,219
"S01003486",391,243,148
"S01003487",481,293,188
"S01003488",384,255,129
"S01003489",602,325,277
"S01003490",338,233,105
"S01003491",44,32,12
"S01003492",609,363,246
"S01003493",490,298,192
"S01003494",481,339,142
"S01003495",481,279,202
"S01003496",634,325,309
"S01003497",521,242,279
"S01003498",555,291,264
"S01003499",637,358,279
"S01003500",333,259,74
"S01003501",367,214,153
"S01003502",706,161,545
"S01003503",388,162,226
"S01003504",375,227,148
"S01003506",514,218,296
"S01003507",283,147,136
"S01003508",516,338,178
"S01003509",469,154,315
"S01003510",241,131,110
"S01003511",530,149,381
"S01003512",361,218,143
"S01003513",272,134,138
"S01003514",418,219,199
"S01003515",272,179,93
"S01003516",307,66,241
"S01003517",449,246,203
"S01003518",621,374,247
"S01003519",332,241,91
"S01003520",400,179,221
"S01003521",219,123,96
"S01003522",435,202,233
"S01003523",347,188,159
"S01003524",561,156,405
"S01003525",583,197,386
"S01003526",461,166,295
"S01003527",346,60,286
"S01003528",192,57,135
"S01003529",210,52,158
"S01003530",428,161,267
"S01003531",433,281,152
"S01003532",483,158,325
"S01003533",176,165,11
"S01003534",565,320,245
"S01003535",406,219,187
"S01003536",513,149,364
"S01003537",478,291,187
"S01003538",286,159,127
"S01003539",500,132,368
"S01003540",264,185,79
"S01003541",364,282,82
"S01003542",406,104,302
"S01003543",381,267,114
"S01003544",226,71,155
"S01003545",408,105,303
"S01003546",541,365,176
"S01003547",433,205,228
"S01003549",381,259,122
"S01003550",246,35,211
"S01003551",355,219,136
"S01003552",615,209,406
"S01003553",356,263,93
"S01003554",408,161,247
"S01003555",335,88,247
"S01003556",258,32,226
"S01003557",365,268,97
"S01003558",509,118,391
"S01003559",388,56,332
"S01003560",608,128,480
"S01003561",550,367,183
"S01003562",331,224,107
"S01003563",234,146,88
"S01003564",351,251,100
"S01003565",452,311,141
"S01003566",394,191,203
"S01003567",469,352,117
"S01003568",355,69,286
"S01003569",290,83,207
"S01003570",319,115,204
"S01003571",464,263,201
"S01003572",559,400,159
"S01003573",476,263,213
"S01003574",549,195,354
"S01003575",451,286,165
"S01003576",424,121,303
"S01003577",391,163,228
"S01003578",94,48,46
"S01003579",425,333,92
"S01003580",587,336,251
"S01003581",711,378,333
"S01003582",416,346,70
"S01003583",280,164,116
"S01003584",338,258,80
"S01003585",437,285,152
"S01003586",499,289,210
"S01003587",365,27,338
"S01003588",294,60,234
"S01003589",507,95,412
"S01003590",383,200,183
"S01003591",493,60,433
"S01003592",713,392,321
"S01003593",291,133,158
"S01003594",449,63,386
"S01003595",455,324,131
"S01003596",611,502,109
"S01003597",340,56,284
"S01003598",305,168,137
"S01003599",445,189,256
"S01003600",507,364,143
"S01003601",406,266,140
"S01003602",268,130,138
"S01003603",438,276,162
"S01003604",432,259,173
"S01003605",372,250,122
"S01003606",416,201,215
"S01003607",212,91,121
"S01003608",269,147,122
"S01003609",497,141,356
"S01003610",512,253,259
"S01003611",492,347,145
"S01003612",476,159,317
"S01003613",557,50,507
"S01003614",272,102,170
"S01003615",370,199,171
"S01003616",294,25,269
"S01003617",499,407,92
"S01003618",376,129,247
"S01003619",456,344,112
"S01003620",502,119,383
"S01003621",501,284,217
"S01003622",408,199,209
"S01003623",337,50,287
"S01003624",652,314,338
"S01003625",188,100,88
"S01003626",329,60,269
"S01003627",361,262,99
"S01003628",274,140,134
"S01003629",403,220,183
"S01003630",411,237,174
"S01003631",594,178,416
"S01003632",417,119,298
"S01003633",713,277,436
"S01003634",394,202,192
"S01003635",405,251,154
"S01003636",520,336,184
"S01003637",523,216,307
"S01003638",394,123,271
"S01003639",370,161,209
"S01003640",487,271,216
"S01003641",266,23,243
"S01003642",383,163,220
"S01003643",308,125,183
"S01003644",468,266,202
"S01003645",258,114,144
"S01003646",437,352,85
"S01003647",354,144,210
"S01003648",431,209,222
"S01003649",396,133,263
"S01003650",402,266,136
"S01003651",386,211,175
"S01003652",375,229,146
"S01003653",279,143,136
"S01003654",404,211,193
"S01003655",260,134,126
"S01003656",398,188,210
"S01003657",345,189,156
"S01003658",360,114,246
"S01003659",435,185,250
"S01003660",336,23,313
"S01003661",451,82,369
"S01003662",340,185,155
"S01003663",340,225,115
"S01003664",276,176,100
"S01003665",367,308,59
"S01003666",299,187,112
"S01003667",329,98,231
"S01003668",364,159,205
"S01003669",433,193,240
"S01003670",475,290,185
"S01003671",316,149,167
"S01003672",356,235,121
"S01003673",195,152,43
"S01003674",407,194,213
"S01003675",458,140,318
"S01003676",674,167,507
"S01003677",284,160,124
"S01003678",289,135,154
"S01003679",521,298,223
"S01003680",278,140,138
"S01003681",313,138,175
"S01003682",410,110,300
"S01003683",285,107,178
"S01003684",354,144,210
"S01003685",228,79,149
"S01003686",443,244,199
"S01003687",379,279,100
"S01003688",443,248,195
"S01003689",267,152,115
"S01003690",604,430,174
"S01003691",461,144,317
"S01003692",512,216,296
"S01003693",246,100,146
"S01003694",396,122,274
"S01003695",466,260,206
"S01003696",526,210,316
"S01003697",371,57,314
"S01003698",432,163,269
"S01003699",365,70,295
"S01003700",483,238,245
"S01003701",628,358,270
"S01003702",338,200,138
"S01003703",450,257,193
"S01003704",321,211,110
"S01003705",417,284,133
"S01003706",308,208,100
"S01003707",398,235,163
"S01003708",439,337,102
"S01003709",451,380,71
"S01003710",579,314,265
"S01003711",448,281,167
"S01003712",430,229,201
"S01003713",227,162,65
"S01003714",252,115,137
"S01003715",331,124,207
"S01003716",255,165,90
"S01003717",357,207,150
"S01003718",285,140,145
"S01003719",259,15,244
"S01003720",449,56,393
"S01003721",364,58,306
"S01003722",455,147,308
"S01003723",234,21,213
"S01003724",339,115,224
"S01003725",270,60,210
"S01003726",293,72,221
"S01003727",282,75,207
"S01003728",244,28,216
"S01003729",362,117,245
"S01003730",258,112,146
"S01003731",283,106,177
"S01003732",410,98,312
"S01003733",369,107,262
"S01003734",287,78,209
"S01003735",340,71,269
"S01003736",350,119,231
"S01003737",281,85,196
"S01003738",300,37,263
"S01003739",247,31,216
"S01003740",265,21,244
"S01003741",393,38,355
"S01003742",283,28,255
"S01003743",245,14,231
"S01003744",278,21,257
"S01003745",345,76,269
"S01003746",380,77,303
"S01003747",496,76,420
"S01003748",272,58,214
"S01003749",374,63,311
"S01003750",305,19,286
"S01003751",496,78,418
"S01003752",392,50,342
"S01003753",503,69,434
"S01003754",397,124,273
"S01003755",667,144,523
"S01003756",388,60,328
"S01003757",266,31,235
"S01003758",430,45,385
"S01003759",298,29,269
"S01003760",362,30,332
"S01003761",419,57,362
"S01003762",453,29,424
"S01003763",419,74,345
"S01003764",370,59,311
"S01003765",321,101,220
"S01003766",344,87,257
"S01003767",369,70,299
"S01003768",273,32,241
"S01003769",416,79,337
"S01003770",337,14,323
"S01003771",313,15,298
"S01003772",255,15,240
"S01003773",296,35,261
"S01003774",329,48,281
"S01003775",380,23,357
"S01003776",288,15,273
"S01003777",430,43,387
"S01003778",1268,98,1170
"S01003779",224,19,205
"S01003780",379,12,367
"S01003781",508,54,454
"S01003782",261,7,254
"S01003783",505,90,415
"S01003784",642,47,595
"S01003785",369,52,317
"S01003786",387,48,339
"S01003787",262,32,230
"S01003788",302,39,263
"S01003789",193,11,182
"S01003790",242,84,158
"S01003791",383,83,300
"S01003792",962,114,848
"S01003793",264,121,143
"S01003794",318,48,270
"S01003795",276,11,265
"S01003796",306,156,150
"S01003797",496,183,313
"S01003798",346,50,296
"S01003799",307,27,280
"S01003800",315,90,225
"S01003801",371,113,258
"S01003802",316,58,258
"S01003803",296,30,266
"S01003804",299,89,210
"S01003805",578,241,337
"S01003806",341,113,228
"S01003807",360,41,319
"S01003808",386,102,284
"S01003809",295,94,201
"S01003810",368,50,318
"S01003811",293,20,273
"S01003812",486,188,298
"S01003813",359,61,298
"S01003814",333,41,292
"S01003815",401,136,265
"S01003816",440,44,396
"S01003817",476,228,248
"S01003818",351,146,205
"S01003819",921,67,854
"S01003820",472,165,307
"S01003821",348,111,237
"S01003822",244,91,153
"S01003823",445,147,298
"S01003824",411,165,246
"S01003825",278,45,233
"S01003826",357,102,255
"S01003827",386,100,286
"S01003828",453,51,402
"S01003829",264,99,165
"S01003830",354,109,245
"S01003831",300,53,247
"S01003832",432,126,306
"S01003833",352,201,151
"S01003834",306,80,226
"S01003835",278,47,231
"S01003836",305,74,231
"S01003837",417,181,236
"S01003838",203,39,164
"S01003839",333,171,162
"S01003840",306,49,257
"S01003841",294,37,257
"S01003842",310,20,290
"S01003843",381,26,355
"S01003844",325,43,282
"S01003845",555,270,285
"S01003846",378,47,331
"S01003847",285,67,218
"S01003848",287,37,250
"S01003849",531,324,207
"S01003850",243,31,212
"S01003851",326,21,305
"S01003852",280,64,216
"S01003853",687,402,285
"S01003854",307,93,214
"S01003855",451,248,203
"S01003856",336,105,231
"S01003857",334,29,305
"S01003858",222,52,170
"S01003859",236,19,217
"S01003860",346,238,108
"S01003861",398,49,349
"S01003862",287,142,145
"S01003863",284,23,261
"S01003864",415,54,361
"S01003865",391,33,358
"S01003866",398,35,363
"S01003867",593,130,463
"S01003868",287,20,267
"S01003869",335,35,300
"S01003870",429,53,376
"S01003871",361,36,325
"S01003872",375,20,355
"S01003873",458,30,428
"S01003874",295,17,278
"S01003875",299,18,281
"S01003876",269,13,256
"S01003877",265,12,253
"S01003878",467,108,359
"S01003879",319,32,287
"S01003880",394,76,318
"S01003881",354,29,325
"S01003882",269,124,145
"S01003883",236,40,196
"S01003884",316,81,235
"S01003885",276,67,209
"S01003886",211,66,145
"S01003887",410,161,249
"S01003888",633,41,592
"S01003889",252,48,204
"S01003890",291,34,257
"S01003891",314,40,274
"S01003892",278,72,206
"S01003893",296,27,269
"S01003894",450,143,307
"S01003895",299,34,265
"S01003896",301,32,269
"S01003897",336,64,272
"S01003898",351,72,279
"S01003899",385,88,297
"S01003900",396,113,283
"S01003901",282,39,243
"S01003902",402,55,347
"S01003903",329,17,312
"S01003904",444,150,294
"S01003905",447,21,426
"S01003906",340,105,235
"S01003907",380,161,219
"S01003908",322,75,247
"S01003909",272,33,239
"S01003910",269,63,206
"S01003911",273,41,232
"S01003912",393,56,337
"S01003913",304,21,283
"S01003914",423,55,368
"S01003915",338,33,305
"S01003916",343,13,330
"S01003917",399,85,314
"S01003918",394,58,336
"S01003919",327,104,223
"S01003920",308,94,214
"S01003921",487,143,344
"S01003922",362,123,239
"S01003923",273,79,194
"S01003924",260,120,140
"S01003925",344,71,273
"S01003926",246,100,146
"S01003927",296,29,267
"S01003928",334,89,245
"S01003929",235,60,175
"S01003930",388,105,283
"S01003931",462,89,373
"S01003932",364,53,311
"S01003933",309,35,274
"S01003934",441,40,401
"S01003935",357,76,281
"S01003936",417,22,395
"S01003937",333,117,216
"S01003938",250,9,241
"S01003939",287,22,265
"S01003940",434,111,323
"S01003941",261,22,239
"S01003942",332,100,232
"S01003943",357,115,242
"S01003944",298,76,222
"S01003945",286,27,259
"S01003946",379,64,315
"S01003947",280,37,243
"S01003948",325,21,304
"S01003949",263,30,233
"S01003950",279,62,217
"S01003951",306,62,244
"S01003952",222,13,209
"S01003953",270,33,237
"S01003954",305,39,266
"S01003955",330,111,219
"S01003956",307,54,253
"S01003957",316,61,255
"S01003958",359,87,272
"S01003959",365,39,326
"S01003960",385,72,313
"S01003961",284,83,201
"S01003962",347,100,247
"S01003963",216,16,200
"S01003964",217,17,200
"S01003965",289,28,261
"S01003966",471,73,398
"S01003967",249,54,195
"S01003968",445,117,328
"S01003969",376,48,328
"S01003970",307,34,273
"S01003971",325,81,244
"S01003972",336,46,290
"S01003973",208,32,176
"S01003974",414,55,359
"S01003975",341,14,327
"S01003976",355,160,195
"S01003977",239,116,123
"S01003978",270,141,129
"S01003979",261,70,191
"S01003980",266,26,240
"S01003981",266,85,181
"S01003982",350,83,267
"S01003983",301,50,251
"S01003984",293,102,191
"S01003985",345,157,188
"S01003986",275,115,160
"S01003987",255,34,221
"S01003988",249,45,204
"S01003989",384,47,337
"S01003990",238,44,194
"S01003991",274,32,242
"S01003992",445,65,380
"S01003993",293,28,265
"S01003994",292,36,256
"S01003995",563,58,505
"S01003996",275,23,252
"S01003997",458,204,254
"S01003998",263,79,184
"S01003999",377,72,305
"S01004000",354,127,227
"S01004001",287,81,206
"S01004002",530,202,328
"S01004003",244,57,187
"S01004004",360,121,239
"S01004005",283,75,208
"S01004006",230,41,189
"S01004007",280,104,176
"S01004008",282,24,258
"S01004009",328,43,285
"S01004010",369,39,330
"S01004011",525,23,502
"S01004012",315,36,279
"S01004013",217,13,204
"S01004014",293,60,233
"S01004015",376,37,339
"S01004016",221,19,202
"S01004017",507,101,406
"S01004018",278,18,260
"S01004019",380,34,346
"S01004020",374,79,295
"S01004021",404,25,379
"S01004022",415,72,343
"S01004023",231,47,184
"S01004024",368,77,291
"S01004025",386,189,197
"S01004026",260,113,147
"S01004027",352,166,186
"S01004028",311,142,169
"S01004029",398,171,227
"S01004030",271,135,136
"S01004031",251,101,150
"S01004032",170,74,96
"S01004033",346,182,164
"S01004034",271,53,218
"S01004035",334,140,194
"S01004036",257,106,151
"S01004037",255,49,206
"S01004038",281,121,160
"S01004039",185,108,77
"S01004040",293,74,219
"S01004041",322,144,178
"S01004042",333,216,117
"S01004043",284,49,235
"S01004044",392,253,139
"S01004045",253,122,131
"S01004046",360,232,128
"S01004047",298,138,160
"S01004048",488,221,267
"S01004049",542,140,402
"S01004050",205,111,94
"S01004051",380,209,171
"S01004052",271,159,112
"S01004053",453,190,263
"S01004054",358,123,235
"S01004055",203,53,150
"S01004056",306,111,195
"S01004057",673,229,444
"S01004058",384,167,217
"S01004059",268,125,143
"S01004060",217,110,107
"S01004061",427,272,155
"S01004062",336,101,235
"S01004063",378,221,157
"S01004064",285,106,179
"S01004065",541,349,192
"S01004066",223,105,118
"S01004067",387,117,270
"S01004068",408,254,154
"S01004069",250,129,121
"S01004070",312,125,187
"S01004071",455,239,216
"S01004072",512,215,297
"S01004073",289,118,171
"S01004074",373,207,166
"S01004075",282,187,95
"S01004076",279,110,169
"S01004077",324,83,241
"S01004078",437,223,214
"S01004079",260,128,132
"S01004080",458,319,139
"S01004081",259,22,237
"S01004082",426,34,392
"S01004083",449,277,172
"S01004084",576,390,186
"S01004085",344,216,128
"S01004086",507,361,146
"S01004087",201,98,103
"S01004088",221,97,124
"S01004089",330,140,190
"S01004090",149,83,66
"S01004091",467,171,296
"S01004092",393,210,183
"S01004093",400,298,102
"S01004094",280,221,59
"S01004095",257,113,144
"S01004096",270,10,260
"S01004097",304,148,156
"S01004098",259,50,209
"S01004099",344,32,312
"S01004100",296,104,192
"S01004101",403,164,239
"S01004102",307,72,235
"S01004103",289,81,208
"S01004104",290,34,256
"S01004105",330,84,246
"S01004106",408,129,279
"S01004107",289,56,233
"S01004108",317,65,252
"S01004109",250,41,209
"S01004110",407,116,291
"S01004111",384,60,324
"S01004112",306,57,249
"S01004113",339,94,245
"S01004114",407,186,221
"S01004115",312,74,238
"S01004116",285,58,227
"S01004117",390,100,290
"S01004118",613,354,259
"S01004119",300,112,188
"S01004120",345,52,293
"S01004121",203,10,193
"S01004122",357,18,339
"S01004123",365,49,316
"S01004124",424,55,369
"S01004125",323,95,228
"S01004126",404,159,245
"S01004127",323,16,307
"S01004128",268,23,245
"S01004129",323,66,257
"S01004130",199,32,167
"S01004131",369,161,208
"S01004132",242,70,172
"S01004133",344,106,238
"S01004134",268,21,247
"S01004135",295,134,161
"S01004136",244,67,177
"S01004137",245,20,225
"S01004138",307,94,213
"S01004139",225,47,178
"S01004140",222,65,157
"S01004141",288,82,206
"S01004142",199,37,162
"S01004143",380,102,278
"S01004144",553,112,441
"S01004145",258,57,201
"S01004146",333,63,270
"S01004147",310,104,206
"S01004148",344,27,317
"S01004149",292,114,178
"S01004150",206,21,185
"S01004151",345,46,299
"S01004152",285,80,205
"S01004153",392,110,282
"S01004154",282,49,233
"S01004155",337,141,196
"S01004156",409,133,276
"S01004157",231,22,209
"S01004158",290,62,228
"S01004159",144,38,106
"S01004160",285,57,228
"S01004161",246,35,211
"S01004162",739,47,692
"S01004163",252,75,177
"S01004164",366,69,297
"S01004165",369,49,320
"S01004166",297,67,230
"S01004167",331,129,202
"S01004168",264,84,180
"S01004169",295,82,213
"S01004170",320,108,212
"S01004171",275,51,224
"S01004172",347,130,217
"S01004173",249,74,175
"S01004174",312,72,240
"S01004175",235,80,155
"S01004176",252,31,221
"S01004177",198,72,126
"S01004178",246,72,174
"S01004179",205,37,168
"S01004180",308,19,289
"S01004181",319,81,238
"S01004182",418,178,240
"S01004183",401,41,360
"S01004184",353,127,226
"S01004185",276,103,173
"S01004186",354,142,212
"S01004187",298,97,201
"S01004188",302,112,190
"S01004189",295,10,285
"S01004190",321,100,221
"S01004191",348,122,226
"S01004192",428,129,299
"S01004193",309,84,225
"S01004194",330,106,224
"S01004195",244,60,184
"S01004196",276,121,155
"S01004197",309,92,217
"S01004198",211,41,170
"S01004199",388,117,271
"S01004200",290,21,269
"S01004201",316,62,254
"S01004202",216,50,166
"S01004203",428,112,316
"S01004204",300,56,244
"S01004205",292,95,197
"S01004206",236,20,216
"S01004207",292,96,196
"S01004208",349,69,280
"S01004209",235,27,208
"S01004210",264,66,198
"S01004211",390,20,370
"S01004212",663,59,604
"S01004213",314,88,226
"S01004214",290,27,263
"S01004215",216,19,197
"S01004216",344,74,270
"S01004217",220,80,140
"S01004218",375,132,243
"S01004219",222,70,152
"S01004220",412,104,308
"S01004221",332,95,237
"S01004222",335,186,149
"S01004223",313,148,165
"S01004224",280,104,176
"S01004225",435,235,200
"S01004226",337,140,197
"S01004227",422,80,342
"S01004228",345,44,301
"S01004229",273,84,189
"S01004230",280,74,206
"S01004231",314,106,208
"S01004232",249,32,217
"S01004233",369,52,317
"S01004234",396,25,371
"S01004235",362,26,336
"S01004236",440,99,341
"S01004237",322,54,268
"S01004238",228,15,213
"S01004239",366,67,299
"S01004240",323,18,305
"S01004241",244,38,206
"S01004242",355,14,341
"S01004243",271,12,259
"S01004244",295,68,227
"S01004245",428,82,346
"S01004246",248,9,239
"S01004247",404,125,279
"S01004248",472,136,336
"S01004249",423,109,314
"S01004250",480,109,371
"S01004251",402,101,301
"S01004252",251,9,242
"S01004253",238,20,218
"S01004254",279,13,266
"S01004255",1072,136,936
"S01004256",533,54,479
"S01004257",260,7,253
"S01004258",304,15,289
"S01004259",282,40,242
"S01004260",229,32,197
"S01004261",352,108,244
"S01004262",329,29,300
"S01004263",356,133,223
"S01004264",366,78,288
"S01004265",393,101,292
"S01004266",300,125,175
"S01004267",233,21,212
"S01004268",269,55,214
"S01004269",397,82,315
"S01004270",348,162,186
"S01004271",348,138,210
"S01004272",249,24,225
"S01004273",284,37,247
"S01004274",400,37,363
"S01004275",262,41,221
"S01004276",455,131,324
"S01004277",296,26,270
"S01004278",556,90,466
"S01004279",358,105,253
"S01004280",446,132,314
"S01004281",289,27,262
"S01004282",407,143,264
"S01004283",314,96,218
"S01004284",411,130,281
"S01004285",175,6,169
"S01004286",218,29,189
"S01004287",273,39,234
"S01004288",269,39,230
"S01004289",216,47,169
"S01004290",407,38,369
"S01004291",389,83,306
"S01004292",352,64,288
"S01004293",422,66,356
"S01004294",359,91,268
"S01004295",360,115,245
"S01004296",399,74,325
"S01004297",339,90,249
"S01004298",514,32,482
"S01004299",313,157,156
"S01004300",312,144,168
"S01004301",330,24,306
"S01004302",293,17,276
"S01004303",247,83,164
"S01004304",409,169,240
"S01004305",302,76,226
"S01004306",296,93,203
"S01004307",265,30,235
"S01004308",411,116,295
"S01004309",327,23,304
"S01004310",341,87,254
"S01004311",497,127,370
"S01004312",341,55,286
"S01004313",507,27,480
"S01004314",347,76,271
"S01004315",184,41,143
"S01004316",153,4,149
"S01004317",466,66,400
"S01004318",269,121,148
"S01004319",383,38,345
"S01004320",352,93,259
"S01004321",337,124,213
"S01004322",461,114,347
"S01004323",315,131,184
"S01004324",355,121,234
"S01004325",488,133,355
"S01004326",357,48,309
"S01004327",286,47,239
"S01004328",280,61,219
"S01004329",231,49,182
"S01004330",573,56,517
"S01004331",284,70,214
"S01004332",274,52,222
"S01004333",251,40,211
"S01004334",363,11,352
"S01004335",238,50,188
"S01004336",450,75,375
"S01004337",337,91,246
"S01004338",303,58,245
"S01004339",398,51,347
"S01004340",232,57,175
"S01004341",230,59,171
"S01004342",281,25,256
"S01004343",254,68,186
"S01004344",401,106,295
"S01004345",470,89,381
"S01004346",190,43,147
"S01004347",374,65,309
"S01004348",318,59,259
"S01004349",339,59,280
"S01004350",224,31,193
"S01004351",259,78,181
"S01004352",274,43,231
"S01004353",402,98,304
"S01004354",206,21,185
"S01004355",226,52,174
"S01004356",442,154,288
"S01004357",307,10,297
"S01004358",287,32,255
"S01004359",241,84,157
"S01004360",288,109,179
"S01004361",356,83,273
"S01004362",298,155,143
"S01004363",500,315,185
"S01004364",513,192,321
"S01004365",286,106,180
"S01004366",272,98,174
"S01004367",318,101,217
"S01004368",286,148,138
"S01004369",290,64,226
"S01004370",296,57,239
"S01004371",302,103,199
"S01004372",409,55,354
"S01004373",301,132,169
"S01004374",450,221,229
"S01004375",241,87,154
"S01004376",348,123,225
"S01004377",397,188,209
"S01004378",456,168,288
"S01004379",409,199,210
"S01004380",327,162,165
"S01004381",342,114,228
"S01004382",350,144,206
"S01004383",361,117,244
"S01004384",312,108,204
"S01004385",356,81,275
"S01004386",455,103,352
"S01004387",449,174,275
"S01004388",282,146,136
"S01004389",267,65,202
"S01004390",352,151,201
"S01004391",235,29,206
"S01004392",390,133,257
"S01004393",425,184,241
"S01004394",380,198,182
"S01004395",260,145,115
"S01004396",333,116,217
"S01004397",345,37,308
"S01004398",364,105,259
"S01004399",240,115,125
"S01004400",213,83,130
"S01004401",401,43,358
"S01004402",349,152,197
"S01004403",210,41,169
"S01004404",264,21,243
"S01004405",326,88,238
"S01004406",392,176,216
"S01004407",308,148,160
"S01004408",508,21,487
"S01004409",219,36,183
"S01004410",391,122,269
"S01004411",284,129,155
"S01004412",540,230,310
"S01004413",427,247,180
"S01004414",481,280,201
"S01004415",349,171,178
"S01004416",383,154,229
"S01004417",418,239,179
"S01004418",381,134,247
"S01004419",357,144,213
"S01004420",336,78,258
"S01004421",545,350,195
"S01004422",331,170,161
"S01004423",383,156,227
"S01004424",332,185,147
"S01004425",229,39,190
"S01004426",266,75,191
"S01004427",380,179,201
"S01004428",395,188,207
"S01004429",310,150,160
"S01004430",223,60,163
"S01004431",409,248,161
"S01004432",405,141,264
"S01004433",383,123,260
"S01004434",407,172,235
"S01004435",439,106,333
"S01004436",318,111,207
"S01004437",339,123,216
"S01004438",274,115,159
"S01004439",259,101,158
"S01004440",341,149,192
"S01004441",514,27,487
"S01004442",446,213,233
"S01004443",277,116,161
"S01004444",408,188,220
"S01004445",317,106,211
"S01004446",337,127,210
"S01004447",297,117,180
"S01004448",237,34,203
"S01004449",402,191,211
"S01004450",487,274,213
"S01004451",391,214,177
"S01004452",302,76,226
"S01004453",359,26,333
"S01004454",455,153,302
"S01004455",357,51,306
"S01004456",230,26,204
"S01004457",385,139,246
"S01004458",344,156,188
"S01004459",280,102,178
"S01004460",231,12,219
"S01004461",243,31,212
"S01004462",238,21,217
"S01004463",317,70,247
"S01004464",311,112,199
"S01004465",308,35,273
"S01004466",448,110,338
"S01004467",392,178,214
"S01004468",341,43,298
"S01004469",230,86,144
"S01004470",251,13,238
"S01004471",718,66,652
"S01004472",305,29,276
"S01004473",493,35,458
"S01004474",438,140,298
"S01004475",197,5,192
"S01004476",368,101,267
"S01004477",487,91,396
"S01004478",282,96,186
"S01004479",309,44,265
"S01004480",423,173,250
"S01004481",342,101,241
"S01004482",522,250,272
"S01004483",282,97,185
"S01004484",427,68,359
"S01004485",227,14,213
"S01004486",392,33,359
"S01004487",547,205,342
"S01004488",325,120,205
"S01004489",367,34,333
"S01004490",275,40,235
"S01004491",357,161,196
"S01004492",424,149,275
"S01004493",433,118,315
"S01004494",401,185,216
"S01004495",353,158,195
"S01004496",328,107,221
"S01004497",434,208,226
"S01004498",325,74,251
"S01004499",274,78,196
"S01004500",333,36,297
"S01004501",346,133,213
"S01004502",313,50,263
"S01004503",400,158,242
"S01004504",290,95,195
"S01004505",219,67,152
"S01004506",215,65,150
"S01004507",341,83,258
"S01004508",355,99,256
"S01004509",409,50,359
"S01004510",392,77,315
"S01004511",520,167,353
"S01004512",398,96,302
"S01004513",303,106,197
"S01004514",252,64,188
"S01004515",521,295,226
"S01004516",202,70,132
"S01004517",472,227,245
"S01004518",251,47,204
"S01004519",374,113,261
"S01004520",484,152,332
"S01004521",324,41,283
"S01004522",385,33,352
"S01004523",386,74,312
"S01004524",279,39,240
"S01004525",438,51,387
"S01004526",287,16,271
"S01004527",266,70,196
"S01004528",368,117,251
"S01004529",354,80,274
"S01004530",186,7,179
"S01004531",449,115,334
"S01004532",415,191,224
"S01004533",282,192,90
"S01004534",254,81,173
"S01004535",387,95,292
"S01004536",287,132,155
"S01004537",342,118,224
"S01004538",320,88,232
"S01004539",302,112,190
"S01004540",496,180,316
"S01004541",400,135,265
"S01004542",271,35,236
"S01004543",380,135,245
"S01004544",850,268,582
"S01004545",409,184,225
"S01004546",394,181,213
"S01004547",475,254,221
"S01004548",402,191,211
"S01004549",836,183,653
"S01004550",411,258,153
"S01004551",605,93,512
"S01004552",366,182,184
"S01004553",208,52,156
"S01004554",323,115,208
"S01004555",287,80,207
"S01004556",350,159,191
"S01004557",185,40,145
"S01004558",468,205,263
"S01004559",492,162,330
"S01004560",208,95,113
"S01004561",441,238,203
"S01004562",281,89,192
"S01004563",362,84,278
"S01004564",262,46,216
"S01004565",342,25,317
"S01004566",276,44,232
"S01004567",326,173,153
"S01004568",309,84,225
"S01004569",328,205,123
"S01004570",240,10,230
"S01004571",298,91,207
"S01004572",319,107,212
"S01004573",261,77,184
"S01004574",198,17,181
"S01004575",357,123,234
"S01004576",218,19,199
"S01004577",302,79,223
"S01004578",335,16,319
"S01004579",391,240,151
"S01004580",369,139,230
"S01004581",613,189,424
"S01004582",276,53,223
"S01004583",481,274,207
"S01004584",267,105,162
"S01004585",264,103,161
"S01004586",442,66,376
"S01004587",680,358,322
"S01004588",316,101,215
"S01004589",380,57,323
"S01004590",362,144,218
"S01004591",253,93,160
"S01004592",239,70,169
"S01004593",380,89,291
"S01004594",250,131,119
"S01004595",467,83,384
"S01004596",431,261,170
"S01004597",221,20,201
"S01004598",285,93,192
"S01004599",356,64,292
"S01004600",381,165,216
"S01004601",424,175,249
"S01004602",357,38,319
"S01004603",489,284,205
"S01004604",299,128,171
"S01004605",371,170,201
"S01004606",385,169,216
"S01004607",279,100,179
"S01004608",596,111,485
"S01004609",235,104,131
"S01004610",284,145,139
"S01004611",491,150,341
"S01004612",429,134,295
"S01004613",598,85,513
"S01004614",349,99,250
"S01004615",515,160,355
"S01004616",300,70,230
"S01004617",264,122,142
"S01004618",308,174,134
"S01004619",262,146,116
"S01004620",342,192,150
"S01004621",377,74,303
"S01004622",358,106,252
"S01004623",473,180,293
"S01004624",581,242,339
"S01004625",334,110,224
"S01004626",756,137,619
"S01004627",280,65,215
"S01004628",241,113,128
"S01004629",358,31,327
"S01004630",404,122,282
"S01004631",354,139,215
"S01004632",337,146,191
"S01004633",263,59,204
"S01004634",374,47,327
"S01004635",358,177,181
"S01004636",320,131,189
"S01004637",225,71,154
"S01004638",255,130,125
"S01004639",302,139,163
"S01004640",329,132,197
"S01004641",247,69,178
"S01004642",356,125,231
"S01004643",205,93,112
"S01004644",301,73,228
"S01004645",482,297,185
"S01004646",310,116,194
"S01004647",469,99,370
"S01004648",435,176,259
"S01004649",274,96,178
"S01004650",351,129,222
"S01004651",382,132,250
"S01004652",468,145,323
"S01004653",293,111,182
"S01004654",424,70,354
"S01004655",441,207,234
"S01004656",273,172,101
"S01004657",306,47,259
"S01004658",412,66,346
"S01004659",237,73,164
"S01004660",274,20,254
"S01004661",340,146,194
"S01004662",424,159,265
"S01004663",219,63,156
"S01004664",250,57,193
"S01004665",325,169,156
"S01004666",305,91,214
"S01004667",322,142,180
"S01004668",396,107,289
"S01004669",417,128,289
"S01004670",500,244,256
"S01004671",370,99,271
"S01004672",253,81,172
"S01004673",369,169,200
"S01004674",356,95,261
"S01004675",321,88,233
"S01004676",341,108,233
"S01004677",431,186,245
"S01004678",348,76,272
"S01004679",244,88,156
"S01004680",467,274,193
"S01004681",317,57,260
"S01004682",291,182,109
"S01004683",269,22,247
"S01004684",601,122,479
"S01004685",251,128,123
"S01004686",312,138,174
"S01004687",431,124,307
"S01004688",259,18,241
"S01004689",422,129,293
"S01004690",252,30,222
"S01004691",277,21,256
"S01004692",295,135,160
"S01004693",290,53,237
"S01004694",252,97,155
"S01004695",236,10,226
"S01004696",382,169,213
"S01004697",318,45,273
"S01004698",216,14,202
"S01004699",325,158,167
"S01004700",331,106,225
"S01004701",309,14,295
"S01004702",227,54,173
"S01004703",355,37,318
"S01004704",266,111,155
"S01004705",351,68,283
"S01004706",553,23,530
"S01004707",374,134,240
"S01004708",277,102,175
"S01004709",269,40,229
"S01004710",375,155,220
"S01004711",374,159,215
"S01004712",224,68,156
"S01004713",296,94,202
"S01004714",351,114,237
"S01004715",659,109,550
"S01004716",376,147,229
"S01004717",365,122,243
"S01004718",396,118,278
"S01004719",410,130,280
"S01004720",372,93,279
"S01004721",231,11,220
"S01004722",293,131,162
"S01004723",259,46,213
"S01004724",454,209,245
"S01004725",257,55,202
"S01004726",242,86,156
"S01004727",443,230,213
"S01004728",360,31,329
"S01004729",246,99,147
"S01004730",557,258,299
"S01004731",320,82,238
"S01004732",258,39,219
"S01004733",329,145,184
"S01004734",251,104,147
"S01004735",414,144,270
"S01004736",318,128,190
"S01004737",303,109,194
"S01004738",389,210,179
"S01004739",271,33,238
"S01004740",339,56,283
"S01004741",276,75,201
"S01004742",525,182,343
"S01004743",330,26,304
"S01004744",236,108,128
"S01004745",374,214,160
"S01004746",302,130,172
"S01004747",262,21,241
"S01004748",294,124,170
"S01004749",474,148,326
"S01004750",287,149,138
"S01004751",392,233,159
"S01004752",338,90,248
"S01004753",343,110,233
"S01004754",293,83,210
"S01004755",327,113,214
"S01004756",257,50,207
"S01004757",355,167,188
"S01004758",372,125,247
"S01004759",227,30,197
"S01004760",283,127,156
"S01004761",244,106,138
"S01004762",288,87,201
"S01004763",316,37,279
"S01004764",321,130,191
"S01004765",615,297,318
"S01004766",519,175,344
"S01004767",259,81,178
"S01004768",341,141,200
"S01004769",240,70,170
"S01004770",343,179,164
"S01004771",398,130,268
"S01004772",310,142,168
"S01004773",315,115,200
"S01004774",355,37,318
"S01004775",544,428,116
"S01004776",308,65,243
"S01004777",260,19,241
"S01004778",299,109,190
"S01004779",362,145,217
"S01004780",255,81,174
"S01004781",446,126,320
"S01004782",488,154,334
"S01004783",380,56,324
"S01004784",332,132,200
"S01004785",240,64,176
"S01004786",260,107,153
"S01004787",489,178,311
"S01004788",247,31,216
"S01004789",521,249,272
"S01004790",269,15,254
"S01004791",268,83,185
"S01004792",301,70,231
"S01004793",311,64,247
"S01004794",325,123,202
"S01004795",340,120,220
"S01004796",339,85,254
"S01004797",326,141,185
"S01004798",471,235,236
"S01004799",239,96,143
"S01004800",275,99,176
"S01004801",336,143,193
"S01004802",380,110,270
"S01004803",428,200,228
"S01004804",454,233,221
"S01004805",287,156,131
"S01004806",285,94,191
"S01004807",281,160,121
"S01004808",353,184,169
"S01004809",221,79,142
"S01004810",236,99,137
"S01004811",325,107,218
"S01004812",348,171,177
"S01004813",347,94,253
"S01004814",366,128,238
"S01004815",615,108,507
"S01004816",302,110,192
"S01004817",333,142,191
"S01004818",353,147,206
"S01004819",202,68,134
"S01004820",408,162,246
"S01004821",686,119,567
"S01004822",287,100,187
"S01004823",387,130,257
"S01004824",317,53,264
"S01004825",268,119,149
"S01004826",428,201,227
"S01004827",284,123,161
"S01004828",483,97,386
"S01004829",311,133,178
"S01004830",331,135,196
"S01004831",344,31,313
"S01004832",567,84,483
"S01004833",315,97,218
"S01004834",354,95,259
"S01004835",307,46,261
"S01004836",294,45,249
"S01004837",364,46,318
"S01004838",741,115,626
"S01004839",386,124,262
"S01004840",320,98,222
"S01004841",352,114,238
"S01004842",518,30,488
"S01004843",278,77,201
"S01004844",398,96,302
"S01004845",375,136,239
"S01004846",415,87,328
"S01004847",405,43,362
"S01004848",283,24,259
"S01004849",294,101,193
"S01004850",553,72,481
"S01004851",257,103,154
"S01004852",321,167,154
"S01004853",335,67,268
"S01004854",437,96,341
"S01004855",297,123,174
"S01004856",602,70,532
"S01004857",332,85,247
"S01004858",389,92,297
"S01004859",351,34,317
"S01004860",483,30,453
"S01004861",294,31,263
"S01004862",224,12,212
"S01004863",431,79,352
"S01004864",213,11,202
"S01004865",305,77,228
"S01004866",352,110,242
"S01004867",288,26,262
"S01004868",302,124,178
"S01004869",299,17,282
"S01004870",352,102,250
"S01004871",317,106,211
"S01004872",360,118,242
"S01004873",335,101,234
"S01004874",495,198,297
"S01004875",294,118,176
"S01004876",393,114,279
"S01004877",305,94,211
"S01004878",379,126,253
"S01004879",296,137,159
"S01004880",327,167,160
"S01004881",333,119,214
"S01004882",226,89,137
"S01004883",695,35,660
"S01004884",208,14,194
"S01004885",215,108,107
"S01004886",375,187,188
"S01004887",136,16,120
"S01004888",219,9,210
"S01004889",349,108,241
"S01004890",370,203,167
"S01004891",413,220,193
"S01004892",271,24,247
"S01004893",398,220,178
"S01004894",462,214,248
"S01004895",398,149,249
"S01004896",389,126,263
"S01004897",213,13,200
"S01004898",456,174,282
"S01004899",339,114,225
"S01004900",315,10,305
"S01004901",391,232,159
"S01004902",371,159,212
"S01004903",214,19,195
"S01004904",500,247,253
"S01004905",430,163,267
"S01004906",406,170,236
"S01004907",324,36,288
"S01004908",252,71,181
"S01004909",366,105,261
"S01004910",340,109,231
"S01004911",296,6,290
"S01004912",327,149,178
"S01004913",287,123,164
"S01004914",261,51,210
"S01004915",314,120,194
"S01004916",332,124,208
"S01004917",200,9,191
"S01004918",264,22,242
"S01004919",272,86,186
"S01004920",411,152,259
"S01004921",322,149,173
"S01004922",238,8,230
"S01004923",354,55,299
"S01004924",350,105,245
"S01004925",271,87,184
"S01004926",312,18,294
"S01004927",340,39,301
"S01004928",476,11,465
"S01004929",249,26,223
"S01004930",317,135,182
"S01004931",468,169,299
"S01004932",354,168,186
"S01004933",350,90,260
"S01004934",347,134,213
"S01004935",199,14,185
"S01004936",515,242,273
"S01004937",269,126,143
"S01004938",361,147,214
"S01004939",242,97,145
"S01004940",219,63,156
"S01004941",253,97,156
"S01004942",357,48,309
"S01004943",422,64,358
"S01004944",211,35,176
"S01004945",327,82,245
"S01004946",297,18,279
"S01004947",306,23,283
"S01004948",279,71,208
"S01004949",302,18,284
"S01004950",313,31,282
"S01004951",379,120,259
"S01004952",486,80,406
"S01004953",438,145,293
"S01004954",316,109,207
"S01004955",290,79,211
"S01004956",362,71,291
"S01004957",294,25,269
"S01004958",542,173,369
"S01004959",410,197,213
"S01004960",275,79,196
"S01004961",320,86,234
"S01004962",257,20,237
"S01004963",287,44,243
"S01004964",444,28,416
"S01004965",413,32,381
"S01004966",436,27,409
"S01004967",275,16,259
"S01004968",279,48,231
"S01004969",425,60,365
"S01004970",405,48,357
"S01004971",511,76,435
"S01004972",384,64,320
"S01004973",360,12,348
"S01004974",458,16,442
"S01004975",332,15,317
"S01004976",415,83,332
"S01004977",462,135,327
"S01004978",406,41,365
"S01004979",327,17,310
"S01004980",444,42,402
"S01004981",415,22,393
"S01004982",255,6,249
"S01004983",426,65,361
"S01004984",341,48,293
"S01004985",352,50,302
"S01004986",295,20,275
"S01004987",204,10,194
"S01004988",218,15,203
"S01004989",314,15,299
"S01004990",241,15,226
"S01004991",279,18,261
"S01004992",364,98,266
"S01004993",309,16,293
"S01004994",356,51,305
"S01004995",460,134,326
"S01004996",304,54,250
"S01004997",398,32,366
"S01004998",510,29,481
"S01004999",368,46,322
"S01005000",262,25,237
"S01005001",439,37,402
"S01005002",461,40,421
"S01005003",438,29,409
"S01005004",354,38,316
"S01005005",450,84,366
"S01005006",314,55,259
"S01005007",446,93,353
"S01005008",379,30,349
"S01005009",392,31,361
"S01005010",315,76,239
"S01005011",371,119,252
"S01005012",482,162,320
"S01005013",341,67,274
"S01005014",369,117,252
"S01005015",291,72,219
"S01005016",416,117,299
"S01005017",315,25,290
"S01005018",230,45,185
"S01005019",378,179,199
"S01005020",328,71,257
"S01005021",425,39,386
"S01005022",300,68,232
"S01005023",325,38,287
"S01005024",430,108,322
"S01005025",301,37,264
"S01005026",282,18,264
"S01005027",339,22,317
"S01005028",397,36,361
"S01005029",503,126,377
"S01005030",436,67,369
"S01005031",400,130,270
"S01005032",421,105,316
"S01005033",293,19,274
"S01005034",352,41,311
"S01005035",453,56,397
"S01005036",305,38,267
"S01005037",712,454,258
"S01005038",324,31,293
"S01005039",465,58,407
"S01005040",715,473,242
"S01005041",441,280,161
"S01005042",352,39,313
"S01005043",377,126,251
"S01005044",500,166,334
"S01005045",392,37,355
"S01005046",537,92,445
"S01005047",981,579,402
"S01005048",219,16,203
"S01005049",459,243,216
"S01005050",464,245,219
"S01005051",378,31,347
"S01005052",365,9,356
"S01005053",360,180,180
"S01005054",232,85,147
"S01005055",337,125,212
"S01005056",380,167,213
"S01005057",365,170,195
"S01005058",390,145,245
"S01005059",232,86,146
"S01005060",327,132,195
"S01005061",527,162,365
"S01005062",214,38,176
"S01005063",196,22,174
"S01005064",325,43,282
"S01005065",644,245,399
"S01005066",368,198,170
"S01005067",206,14,192
"S01005068",285,105,180
"S01005069",285,118,167
"S01005070",520,160,360
"S01005071",78,31,47
"S01005072",291,128,163
"S01005073",285,35,250
"S01005074",495,58,437
"S01005075",172,79,93
"S01005076",356,144,212
"S01005077",404,42,362
"S01005078",319,130,189
"S01005079",294,109,185
"S01005080",206,76,130
"S01005081",298,120,178
"S01005082",285,41,244
"S01005083",467,116,351
"S01005084",285,121,164
"S01005085",241,35,206
"S01005086",647,179,468
"S01005087",230,67,163
"S01005088",243,36,207
"S01005089",348,78,270
"S01005090",391,73,318
"S01005091",307,38,269
"S01005092",322,61,261
"S01005093",338,109,229
"S01005094",325,15,310
"S01005095",681,54,627
"S01005096",311,30,281
"S01005097",351,34,317
"S01005098",333,53,280
"S01005099",381,70,311
"S01005100",360,27,333
"S01005101",478,86,392
"S01005102",365,25,340
"S01005103",420,33,387
"S01005104",280,20,260
"S01005105",422,78,344
"S01005106",254,58,196
"S01005107",198,11,187
"S01005108",296,58,238
"S01005109",583,29,554
"S01005110",512,39,473
"S01005111",243,23,220
"S01005112",374,36,338
"S01005113",480,90,390
"S01005114",432,125,307
"S01005115",421,69,352
"S01005116",291,23,268
"S01005117",397,28,369
"S01005118",374,70,304
"S01005119",305,12,293
"S01005120",297,40,257
"S01005121",388,26,362
"S01005122",379,55,324
"S01005123",364,53,311
"S01005124",298,68,230
"S01005125",460,180,280
"S01005126",272,23,249
"S01005127",315,129,186
"S01005128",472,96,376
"S01005129",403,82,321
"S01005130",320,126,194
"S01005131",420,75,345
"S01005132",293,38,255
"S01005133",182,12,170
"S01005134",482,123,359
"S01005135",353,70,283
"S01005136",402,119,283
"S01005137",414,24,390
"S01005138",508,96,412
"S01005139",300,35,265
"S01005140",272,12,260
"S01005141",399,52,347
"S01005142",278,50,228
"S01005143",537,151,386
"S01005144",524,92,432
"S01005145",351,56,295
"S01005146",309,36,273
"S01005147",396,26,370
"S01005148",371,56,315
"S01005149",288,74,214
"S01005150",289,55,234
"S01005151",298,75,223
"S01005152",507,43,464
"S01005153",363,47,316
"S01005154",272,20,252
"S01005155",288,54,234
"S01005156",279,105,174
"S01005157",388,158,230
"S01005158",301,85,216
"S01005159",408,160,248
"S01005160",493,197,296
"S01005161",370,92,278
"S01005162",448,212,236
"S01005163",277,118,159
"S01005164",382,125,257
"S01005165",364,134,230
"S01005166",438,207,231
"S01005167",319,165,154
"S01005168",286,58,228
"S01005169",238,48,190
"S01005170",311,42,269
"S01005171",348,160,188
"S01005172",515,46,469
"S01005173",255,61,194
"S01005174",339,192,147
"S01005175",357,60,297
"S01005176",367,212,155
"S01005177",443,262,181
"S01005178",413,145,268
"S01005179",425,120,305
"S01005180",357,27,330
"S01005181",345,35,310
"S01005182",387,222,165
"S01005183",461,209,252
"S01005184",366,204,162
"S01005185",257,87,170
"S01005186",423,176,247
"S01005187",511,180,331
"S01005188",356,20,336
"S01005189",463,225,238
"S01005190",371,47,324
"S01005191",380,175,205
"S01005192",492,100,392
"S01005193",317,27,290
"S01005194",283,105,178
"S01005195",349,31,318
"S01005196",352,182,170
"S01005197",458,249,209
"S01005198",385,41,344
"S01005199",318,104,214
"S01005200",244,44,200
"S01005201",448,222,226
"S01005202",412,175,237
"S01005203",354,106,248
"S01005204",214,26,188
"S01005205",497,77,420
"S01005206",410,70,340
"S01005207",474,249,225
"S01005208",309,177,132
"S01005209",469,201,268
"S01005210",632,406,226
"S01005211",376,201,175
"S01005212",295,58,237
"S01005213",431,86,345
"S01005214",560,321,239
"S01005215",477,213,264
"S01005216",363,160,203
"S01005217",367,98,269
"S01005218",548,321,227
"S01005219",404,185,219
"S01005220",347,128,219
"S01005221",279,51,228
"S01005222",256,104,152
"S01005223",382,134,248
"S01005224",269,26,243
"S01005225",440,78,362
"S01005226",212,62,150
"S01005227",583,279,304
"S01005228",360,19,341
"S01005229",687,355,332
"S01005230",386,92,294
"S01005231",343,66,277
"S01005232",687,397,290
"S01005233",402,210,192
"S01005234",682,174,508
"S01005235",320,80,240
"S01005236",527,146,381
"S01005237",422,63,359
"S01005238",373,102,271
"S01005239",610,373,237
"S01005240",539,313,226
"S01005241",395,63,332
"S01005242",722,475,247
"S01005243",692,484,208
"S01005244",353,35,318
"S01005245",426,286,140
"S01005246",570,379,191
"S01005247",261,182,79
"S01005248",428,258,170
"S01005249",552,336,216
"S01005250",516,312,204
"S01005251",382,169,213
"S01005252",242,121,121
"S01005253",235,36,199
"S01005254",421,174,247
"S01005255",449,319,130
"S01005256",335,46,289
"S01005257",460,141,319
"S01005258",412,68,344
"S01005259",253,139,114
"S01005260",367,215,152
"S01005261",276,158,118
"S01005262",606,213,393
"S01005263",250,154,96
"S01005264",332,159,173
"S01005265",292,194,98
"S01005266",415,209,206
"S01005267",459,181,278
"S01005268",842,512,330
"S01005269",462,167,295
"S01005270",449,80,369
"S01005271",205,17,188
"S01005272",268,188,80
"S01005273",287,74,213
"S01005274",448,252,196
"S01005275",357,210,147
"S01005276",360,180,180
"S01005277",260,70,190
"S01005278",402,163,239
"S01005279",213,14,199
"S01005280",407,224,183
"S01005281",333,113,220
"S01005282",364,211,153
"S01005283",307,11,296
"S01005284",372,220,152
"S01005285",252,54,198
"S01005286",319,18,301
"S01005287",459,159,300
"S01005288",359,181,178
"S01005289",487,197,290
"S01005290",309,100,209
"S01005291",323,34,289
"S01005292",362,211,151
"S01005293",397,227,170
"S01005294",232,19,213
"S01005295",274,104,170
"S01005296",289,11,278
"S01005297",289,52,237
"S01005298",393,34,359
"S01005299",229,38,191
"S01005300",392,19,373
"S01005301",318,20,298
"S01005302",470,203,267
"S01005303",391,87,304
"S01005304",293,39,254
"S01005305",360,172,188
"S01005306",324,21,303
"S01005307",341,17,324
"S01005308",240,134,106
"S01005309",429,158,271
"S01005310",543,248,295
"S01005311",385,53,332
"S01005312",487,111,376
"S01005313",367,46,321
"S01005314",192,18,174
"S01005315",354,147,207
"S01005316",379,83,296
"S01005317",212,28,184
"S01005318",273,92,181
"S01005319",242,31,211
"S01005320",278,60,218
"S01005321",301,133,168
"S01005322",797,187,610
"S01005323",384,161,223
"S01005324",425,181,244
"S01005325",1096,248,848
"S01005326",452,249,203
"S01005327",292,144,148
"S01005328",506,280,226
"S01005329",249,14,235
"S01005330",344,146,198
"S01005331",382,210,172
"S01005332",252,58,194
"S01005333",316,18,298
"S01005334",455,80,375
"S01005335",187,14,173
"S01005336",239,53,186
"S01005337",322,27,295
"S01005338",175,4,171
"S01005339",318,79,239
"S01005340",211,26,185
"S01005341",278,83,195
"S01005342",309,77,232
"S01005343",340,42,298
"S01005344",311,94,217
"S01005345",262,27,235
"S01005346",270,9,261
"S01005347",273,13,260
"S01005348",403,118,285
"S01005349",317,50,267
"S01005350",282,18,264
"S01005351",459,70,389
"S01005352",401,130,271
"S01005353",457,148,309
"S01005354",329,28,301
"S01005355",318,97,221
"S01005356",282,27,255
"S01005357",385,154,231
"S01005358",367,95,272
"S01005359",336,24,312
"S01005360",304,24,280
"S01005361",375,30,345
"S01005362",385,86,299
"S01005363",293,21,272
"S01005364",399,20,379
"S01005365",341,22,319
"S01005366",301,48,253
"S01005367",454,200,254
"S01005368",331,127,204
"S01005369",583,241,342
"S01005370",397,97,300
"S01005371",451,80,371
"S01005372",513,205,308
"S01005373",406,168,238
"S01005374",512,192,320
"S01005375",445,109,336
"S01005376",479,127,352
"S01005377",407,147,260
"S01005378",324,127,197
"S01005379",402,86,316
"S01005380",297,112,185
"S01005381",275,113,162
"S01005382",306,113,193
"S01005383",250,11,239
"S01005384",396,6,390
"S01005385",427,9,418
"S01005386",320,34,286
"S01005387",402,105,297
"S01005388",337,72,265
"S01005389",453,165,288
"S01005390",373,96,277
"S01005391",350,89,261
"S01005392",381,29,352
"S01005393",403,35,368
"S01005394",365,22,343
"S01005395",411,17,394
"S01005396",324,17,307
"S01005397",293,43,250
"S01005398",437,70,367
"S01005399",517,189,328
"S01005400",472,150,322
"S01005401",424,95,329
"S01005402",506,98,408
"S01005403",423,94,329
"S01005404",445,30,415
"S01005405",268,38,230
"S01005406",269,58,211
"S01005407",625,33,592
"S01005408",296,70,226
"S01005409",321,46,275
"S01005410",450,22,428
"S01005411",456,46,410
"S01005412",462,89,373
"S01005413",551,183,368
"S01005414",465,85,380
"S01005415",492,113,379
"S01005416",515,171,344
"S01005417",492,63,429
"S01005418",538,64,474
"S01005419",344,91,253
"S01005420",316,34,282
"S01005421",371,60,311
"S01005422",398,95,303
"S01005423",414,54,360
"S01005424",369,83,286
"S01005425",479,246,233
"S01005426",377,184,193
"S01005427",436,189,247
"S01005428",493,149,344
"S01005429",401,181,220
"S01005430",266,64,202
"S01005431",305,107,198
"S01005432",371,115,256
"S01005433",449,156,293
"S01005434",450,194,256
"S01005435",536,122,414
"S01005436",463,128,335
"S01005437",432,89,343
"S01005438",340,92,248
"S01005439",366,99,267
"S01005440",536,31,505
"S01005441",482,107,375
"S01005442",764,36,728
"S01005443",540,87,453
"S01005444",543,40,503
"S01005445",461,90,371
"S01005446",348,58,290
"S01005447",388,73,315
"S01005448",355,50,305
"S01005449",402,11,391
"S01005450",611,150,461
"S01005451",415,92,323
"S01005452",379,36,343
"S01005453",366,63,303
"S01005454",475,130,345
"S01005455",508,194,314
"S01005456",399,92,307
"S01005457",457,147,310
"S01005458",333,106,227
"S01005459",383,19,364
"S01005460",367,32,335
"S01005461",329,19,310
"S01005462",480,25,455
"S01005463",260,39,221
"S01005464",294,62,232
"S01005465",277,43,234
"S01005466",466,24,442
"S01005467",233,27,206
"S01005468",385,19,366
"S01005469",419,29,390
"S01005470",335,63,272
"S01005471",301,24,277
"S01005472",557,25,532
"S01005473",433,22,411
"S01005474",457,145,312
"S01005475",382,9,373
"S01005476",347,10,337
"S01005477",364,58,306
"S01005478",386,102,284
"S01005479",269,68,201
"S01005480",576,34,542
"S01005481",276,61,215
"S01005482",297,12,285
"S01005483",400,35,365
"S01005484",245,30,215
"S01005485",365,96,269
"S01005486",428,136,292
"S01005487",400,154,246
"S01005488",329,88,241
"S01005489",428,37,391
"S01005490",312,46,266
"S01005491",370,42,328
"S01005492",407,67,340
"S01005493",306,32,274
"S01005494",339,41,298
"S01005495",307,40,267
"S01005496",437,41,396
"S01005497",338,14,324
"S01005498",448,121,327
"S01005499",276,104,172
"S01005500",306,64,242
"S01005501",447,96,351
"S01005502",418,112,306
"S01005503",279,77,202
"S01005504",312,117,195
"S01005505",287,102,185
"S01005506",432,168,264
"S01005507",274,88,186
"S01005508",359,118,241
"S01005509",258,20,238
"S01005510",274,10,264
"S01005511",250,17,233
"S01005512",311,49,262
"S01005513",335,43,292
"S01005514",260,23,237
"S01005515",203,23,180
"S01005516",216,24,192
"S01005517",410,66,344
"S01005518",420,47,373
"S01005519",281,37,244
"S01005520",419,63,356
"S01005521",341,77,264
"S01005522",299,52,247
"S01005523",343,34,309
"S01005524",313,35,278
"S01005525",286,68,218
"S01005526",300,125,175
"S01005527",237,115,122
"S01005528",286,87,199
"S01005529",414,126,288
"S01005530",307,147,160
"S01005531",277,80,197
"S01005532",392,137,255
"S01005533",352,100,252
"S01005534",305,99,206
"S01005535",362,100,262
"S01005536",387,38,349
"S01005537",325,47,278
"S01005538",346,44,302
"S01005539",402,51,351
"S01005540",345,129,216
"S01005541",311,124,187
"S01005542",336,93,243
"S01005543",355,117,238
"S01005544",334,114,220
"S01005545",481,72,409
"S01005546",313,36,277
"S01005547",423,34,389
"S01005548",475,34,441
"S01005549",613,68,545
"S01005550",246,12,234
"S01005551",380,18,362
"S01005552",300,10,290
"S01005553",330,13,317
"S01005554",301,30,271
"S01005555",322,20,302
"S01005556",301,40,261
"S01005557",286,86,200
"S01005558",317,27,290
"S01005559",255,94,161
"S01005560",256,91,165
"S01005561",354,26,328
"S01005562",397,32,365
"S01005563",386,170,216
"S01005564",352,22,330
"S01005565",242,29,213
"S01005566",252,56,196
"S01005567",492,168,324
"S01005568",250,80,170
"S01005569",271,23,248
"S01005570",316,73,243
"S01005571",261,21,240
"S01005572",333,35,298
"S01005573",307,69,238
"S01005574",368,113,255
"S01005575",283,23,260
"S01005576",349,81,268
"S01005577",384,51,333
"S01005578",422,115,307
"S01005579",368,25,343
"S01005580",268,41,227
"S01005581",371,126,245
"S01005582",366,70,296
"S01005583",300,48,252
"S01005584",218,15,203
"S01005585",570,342,228
"S01005586",439,179,260
"S01005587",425,134,291
"S01005588",409,216,193
"S01005589",758,264,494
"S01005590",490,331,159
"S01005591",454,199,255
"S01005592",245,165,80
"S01005593",314,113,201
"S01005594",606,364,242
"S01005595",343,168,175
"S01005596",231,113,118
"S01005597",515,235,280
"S01005598",553,323,230
"S01005599",282,118,164
"S01005600",360,204,156
"S01005601",315,93,222
"S01005602",308,151,157
"S01005603",277,92,185
"S01005604",217,103,114
"S01005605",483,188,295
"S01005606",306,98,208
"S01005607",316,91,225
"S01005608",381,65,316
"S01005609",410,117,293
"S01005610",256,66,190
"S01005611",304,140,164
"S01005612",335,12,323
"S01005613",399,127,272
"S01005614",312,76,236
"S01005615",482,177,305
"S01005616",301,75,226
"S01005617",334,117,217
"S01005618",319,134,185
"S01005619",234,27,207
"S01005620",241,67,174
"S01005621",286,94,192
"S01005622",400,74,326
"S01005623",342,95,247
"S01005624",360,39,321
"S01005625",385,78,307
"S01005626",337,91,246
"S01005627",285,54,231
"S01005628",476,116,360
"S01005629",334,39,295
"S01005630",279,90,189
"S01005631",315,65,250
"S01005632",270,75,195
"S01005633",349,117,232
"S01005634",341,68,273
"S01005635",345,60,285
"S01005636",406,103,303
"S01005637",454,78,376
"S01005638",496,111,385
"S01005639",299,102,197
"S01005640",294,45,249
"S01005641",442,73,369
"S01005642",315,16,299
"S01005643",281,47,234
"S01005644",271,14,257
"S01005645",373,58,315
"S01005646",445,175,270
"S01005647",379,93,286
"S01005648",380,58,322
"S01005649",557,179,378
"S01005650",251,85,166
"S01005651",434,175,259
"S01005652",276,25,251
"S01005653",345,85,260
"S01005654",365,116,249
"S01005655",465,48,417
"S01005656",457,209,248
"S01005657",264,82,182
"S01005658",319,23,296
"S01005659",352,27,325
"S01005660",279,102,177
"S01005661",276,31,245
"S01005662",221,10,211
"S01005663",249,27,222
"S01005664",211,15,196
"S01005665",190,15,175
"S01005666",555,133,422
"S01005667",312,42,270
"S01005668",322,51,271
"S01005669",221,24,197
"S01005670",338,51,287
"S01005671",224,23,201
"S01005672",365,127,238
"S01005673",289,23,266
"S01005674",406,120,286
"S01005675",439,144,295
"S01005676",360,117,243
"S01005677",325,12,313
"S01005678",359,24,335
"S01005679",484,154,330
"S01005680",306,18,288
"S01005681",463,118,345
"S01005682",370,56,314
"S01005683",380,182,198
"S01005684",500,138,362
"S01005685",272,7,265
"S01005686",368,104,264
"S01005687",304,10,294
"S01005688",405,54,351
"S01005689",197,9,188
"S01005690",336,45,291
"S01005691",283,33,250
"S01005692",287,33,254
"S01005693",588,53,535
"S01005694",229,75,154
"S01005695",241,59,182
"S01005696",267,60,207
"S01005697",327,135,192
"S01005698",266,38,228
"S01005699",508,214,294
"S01005700",219,28,191
"S01005701",366,172,194
"S01005702",339,84,255
"S01005703",230,16,214
"S01005704",320,115,205
"S01005705",365,27,338
"S01005706",325,32,293
"S01005707",295,118,177
"S01005708",334,112,222
"S01005709",334,83,251
"S01005710",201,20,181
"S01005711",434,65,369
"S01005712",263,83,180
"S01005713",277,60,217
"S01005714",521,72,449
"S01005715",341,89,252
"S01005716",235,17,218
"S01005717",216,25,191
"S01005718",449,119,330
"S01005719",185,9,176
"S01005720",296,24,272
"S01005721",331,110,221
"S01005722",202,16,186
"S01005723",334,94,240
"S01005724",223,7,216
"S01005725",331,57,274
"S01005726",430,60,370
"S01005727",519,35,484
"S01005728",307,60,247
"S01005729",256,82,174
"S01005730",326,80,246
"S01005731",372,106,266
"S01005732",404,116,288
"S01005733",298,45,253
"S01005734",306,45,261
"S01005735",268,21,247
"S01005736",315,61,254
"S01005737",326,86,240
"S01005738",363,111,252
"S01005739",313,23,290
"S01005740",325,20,305
"S01005741",429,68,361
"S01005742",384,56,328
"S01005743",400,8,392
"S01005744",388,112,276
"S01005745",454,114,340
"S01005746",320,28,292
"S01005747",352,52,300
"S01005748",329,156,173
"S01005749",339,41,298
"S01005750",294,59,235
"S01005751",312,48,264
"S01005752",284,125,159
"S01005753",287,66,221
"S01005754",455,82,373
"S01005755",346,138,208
"S01005756",383,127,256
"S01005757",240,116,124
"S01005758",358,102,256
"S01005759",361,166,195
"S01005760",249,28,221
"S01005761",302,28,274
"S01005762",337,143,194
"S01005763",933,101,832
"S01005764",279,127,152
"S01005765",425,140,285
"S01005766",330,68,262
"S01005767",308,39,269
"S01005768",401,138,263
"S01005769",347,139,208
"S01005770",329,135,194
"S01005771",296,21,275
"S01005772",295,41,254
"S01005773",357,30,327
"S01005774",275,55,220
"S01005775",370,143,227
"S01005776",301,34,267
"S01005777",240,64,176
"S01005778",337,112,225
"S01005779",326,35,291
"S01005780",475,7,468
"S01005781",462,123,339
"S01005782",405,145,260
"S01005783",209,35,174
"S01005784",229,35,194
"S01005785",293,10,283
"S01005786",236,63,173
"S01005787",262,40,222
"S01005788",272,96,176
"S01005789",331,49,282
"S01005790",183,43,140
"S01005791",212,46,166
"S01005792",299,98,201
"S01005793",206,32,174
"S01005794",424,68,356
"S01005795",271,74,197
"S01005796",432,42,390
"S01005797",366,13,353
"S01005798",266,94,172
"S01005799",306,111,195
"S01005800",288,51,237
"S01005801",246,51,195
"S01005802",327,19,308
"S01005803",329,101,228
"S01005804",1372,108,1264
"S01005805",205,23,182
"S01005806",347,94,253
"S01005807",334,107,227
"S01005808",287,82,205
"S01005809",224,33,191
"S01005810",210,71,139
"S01005811",229,75,154
"S01005812",228,22,206
"S01005813",335,91,244
"S01005814",329,125,204
"S01005815",446,171,275
"S01005816",414,105,309
"S01005817",200,14,186
"S01005818",257,13,244
"S01005819",297,111,186
"S01005820",311,99,212
"S01005821",220,86,134
"S01005822",383,123,260
"S01005823",229,40,189
"S01005824",249,9,240
"S01005825",322,107,215
"S01005826",322,9,313
"S01005827",292,37,255
"S01005828",347,125,222
"S01005829",326,58,268
"S01005830",482,195,287
"S01005831",475,62,413
"S01005832",332,141,191
"S01005833",284,72,212
"S01005834",303,147,156
"S01005835",282,28,254
"S01005836",236,9,227
"S01005837",173,12,161
"S01005838",284,51,233
"S01005839",330,92,238
"S01005840",351,122,229
"S01005841",279,82,197
"S01005842",253,88,165
"S01005843",256,11,245
"S01005844",306,69,237
"S01005845",194,28,166
"S01005846",502,248,254
"S01005847",380,164,216
"S01005848",266,119,147
"S01005849",345,93,252
"S01005850",371,118,253
"S01005851",376,162,214
"S01005852",243,71,172
"S01005853",458,182,276
"S01005854",335,106,229
"S01005855",435,209,226
"S01005856",356,140,216
"S01005857",356,136,220
"S01005858",292,86,206
"S01005859",333,85,248
"S01005860",394,162,232
"S01005861",273,5,268
"S01005862",339,85,254
"S01005863",660,139,521
"S01005864",463,200,263
"S01005865",385,135,250
"S01005866",353,76,277
"S01005867",376,76,300
"S01005868",270,34,236
"S01005869",294,137,157
"S01005870",360,134,226
"S01005871",331,94,237
"S01005872",340,82,258
"S01005873",409,117,292
"S01005874",339,183,156
"S01005875",329,55,274
"S01005876",335,45,290
"S01005877",363,105,258
"S01005878",272,36,236
"S01005879",288,70,218
"S01005880",413,203,210
"S01005881",364,129,235
"S01005882",541,13,528
"S01005883",229,89,140
"S01005884",329,67,262
"S01005885",237,18,219
"S01005886",276,28,248
"S01005887",255,81,174
"S01005888",255,90,165
"S01005889",512,231,281
"S01005890",277,11,266
"S01005891",259,102,157
"S01005892",358,179,179
"S01005893",338,122,216
"S01005894",351,105,246
"S01005895",258,20,238
"S01005896",302,30,272
"S01005897",340,92,248
"S01005898",314,87,227
"S01005899",411,190,221
"S01005900",264,33,231
"S01005901",291,33,258
"S01005902",369,49,320
"S01005903",479,173,306
"S01005904",437,113,324
"S01005905",311,41,270
"S01005906",348,88,260
"S01005907",412,131,281
"S01005908",494,175,319
"S01005909",211,43,168
"S01005910",307,58,249
"S01005911",614,131,483
"S01005912",352,102,250
"S01005913",369,208,161
"S01005914",581,265,316
"S01005915",339,147,192
"S01005916",241,8,233
"S01005917",387,183,204
"S01005918",417,156,261
"S01005919",207,11,196
"S01005920",449,180,269
"S01005921",300,62,238
"S01005922",482,141,341
"S01005923",336,107,229
"S01005924",216,10,206
"S01005925",268,13,255
"S01005926",489,131,358
"S01005927",324,60,264
"S01005928",336,158,178
"S01005929",366,106,260
"S01005930",447,112,335
"S01005931",359,111,248
"S01005932",313,176,137
"S01005933",338,20,318
"S01005934",355,163,192
"S01005935",331,144,187
"S01005936",423,188,235
"S01005937",201,4,197
"S01005938",391,190,201
"S01005939",322,137,185
"S01005940",438,138,300
"S01005941",151,2,149
"S01005942",485,228,257
"S01005943",400,122,278
"S01005944",496,207,289
"S01005945",371,119,252
"S01005946",408,135,273
"S01005947",388,231,157
"S01005948",375,138,237
"S01005949",272,99,173
"S01005950",317,152,165
"S01005951",673,351,322
"S01005952",622,260,362
"S01005953",523,127,396
"S01005954",235,120,115
"S01005955",437,118,319
"S01005956",359,150,209
"S01005957",439,192,247
"S01005958",255,106,149
"S01005959",280,159,121
"S01005960",271,112,159
"S01005961",495,176,319
"S01005962",236,103,133
"S01005963",274,89,185
"S01005964",342,152,190
"S01005965",440,196,244
"S01005966",582,176,406
"S01005967",424,193,231
"S01005968",364,30,334
"S01005969",315,95,220
"S01005970",369,138,231
"S01005971",178,71,107
"S01005972",357,147,210
"S01005973",408,143,265
"S01005974",348,160,188
"S01005975",285,125,160
"S01005976",393,90,303
"S01005977",296,84,212
"S01005978",329,53,276
"S01005979",391,118,273
"S01005980",228,19,209
"S01005981",342,50,292
"S01005982",300,121,179
"S01005983",344,26,318
"S01005984",398,42,356
"S01005985",351,133,218
"S01005986",459,58,401
"S01005987",255,105,150
"S01005988",257,122,135
"S01005989",262,16,246
"S01005990",711,395,316
"S01005991",313,114,199
"S01005992",309,193,116
"S01005993",300,44,256
"S01005994",383,111,272
"S01005995",378,232,146
"S01005996",333,26,307
"S01005997",287,143,144
"S01005998",369,224,145
"S01005999",538,46,492
"S01006000",369,229,140
"S01006001",299,73,226
"S01006002",285,145,140
"S01006003",333,142,191
"S01006004",549,57,492
"S01006005",215,71,144
"S01006006",315,34,281
"S01006007",270,173,97
"S01006008",319,152,167
"S01006009",198,21,177
"S01006010",381,51,330
"S01006011",383,199,184
"S01006012",375,193,182
"S01006013",218,8,210
"S01006014",289,117,172
"S01006015",352,56,296
"S01006016",373,38,335
"S01006017",457,127,330
"S01006018",300,44,256
"S01006019",541,172,369
"S01006020",333,46,287
"S01006021",475,110,365
"S01006022",277,119,158
"S01006023",249,11,238
"S01006024",371,185,186
"S01006025",403,133,270
"S01006026",331,145,186
"S01006027",323,76,247
"S01006028",337,88,249
"S01006029",281,42,239
"S01006030",374,67,307
"S01006031",628,178,450
"S01006032",481,221,260
"S01006033",488,76,412
"S01006034",733,260,473
"S01006035",450,150,300
"S01006036",808,62,746
"S01006037",384,103,281
"S01006038",406,97,309
"S01006039",348,104,244
"S01006040",362,144,218
"S01006041",543,307,236
"S01006042",374,108,266
"S01006043",249,81,168
"S01006044",382,120,262
"S01006045",285,47,238
"S01006046",318,103,215
"S01006047",339,143,196
"S01006048",298,43,255
"S01006049",390,171,219
"S01006050",374,159,215
"S01006051",338,92,246
"S01006052",374,73,301
"S01006053",338,67,271
"S01006054",402,153,249
"S01006055",284,77,207
"S01006056",372,24,348
"S01006057",293,184,109
"S01006058",396,251,145
"S01006059",472,257,215
"S01006060",414,204,210
"S01006061",345,262,83
"S01006062",396,229,167
"S01006063",257,178,79
"S01006064",422,234,188
"S01006065",469,287,182
"S01006066",530,211,319
"S01006067",390,26,364
"S01006068",249,41,208
"S01006069",328,17,311
"S01006070",270,9,261
"S01006071",347,11,336
"S01006072",248,26,222
"S01006073",194,27,167
"S01006074",285,13,272
"S01006075",441,142,299
"S01006076",389,123,266
"S01006077",488,104,384
"S01006078",580,79,501
"S01006079",288,62,226
"S01006080",422,70,352
"S01006081",300,13,287
"S01006082",370,129,241
"S01006083",466,59,407
"S01006084",371,86,285
"S01006085",293,55,238
"S01006086",375,84,291
"S01006087",346,94,252
"S01006088",276,28,248
"S01006089",353,97,256
"S01006090",309,89,220
"S01006091",337,18,319
"S01006092",243,67,176
"S01006093",296,60,236
"S01006094",432,144,288
"S01006095",340,43,297
"S01006096",274,80,194
"S01006097",450,177,273
"S01006098",336,116,220
"S01006099",219,12,207
"S01006100",189,99,90
"S01006101",300,79,221
"S01006102",390,147,243
"S01006103",335,64,271
"S01006104",337,119,218
"S01006105",355,98,257
"S01006106",343,50,293
"S01006107",272,78,194
"S01006108",335,82,253
"S01006109",414,106,308
"S01006110",325,134,191
"S01006111",430,107,323
"S01006112",312,53,259
"S01006113",397,34,363
"S01006114",324,116,208
"S01006115",401,76,325
"S01006116",333,19,314
"S01006117",401,104,297
"S01006118",271,36,235
"S01006119",503,70,433
"S01006120",518,236,282
"S01006121",294,128,166
"S01006122",402,29,373
"S01006123",370,222,148
"S01006124",370,202,168
"S01006125",454,133,321
"S01006126",407,233,174
"S01006127",355,133,222
"S01006128",351,192,159
"S01006129",336,50,286
"S01006130",192,89,103
"S01006131",387,25,362
"S01006132",427,245,182
"S01006133",251,23,228
"S01006134",230,74,156
"S01006135",264,167,97
"S01006136",479,231,248
"S01006137",274,76,198
"S01006138",278,25,253
"S01006139",170,63,107
"S01006140",378,91,287
"S01006141",653,174,479
"S01006142",293,44,249
"S01006143",264,31,233
"S01006144",409,36,373
"S01006145",405,109,296
"S01006146",348,38,310
"S01006147",403,116,287
"S01006148",352,79,273
"S01006149",412,24,388
"S01006150",438,60,378
"S01006151",48,7,41
"S01006152",310,18,292
"S01006153",224,5,219
"S01006154",293,7,286
"S01006155",342,64,278
"S01006156",258,44,214
"S01006157",389,121,268
"S01006158",358,53,305
"S01006159",419,81,338
"S01006160",311,16,295
"S01006161",318,27,291
"S01006162",252,32,220
"S01006163",299,41,258
"S01006164",255,37,218
"S01006165",266,54,212
"S01006166",346,27,319
"S01006167",553,35,518
"S01006168",432,73,359
"S01006169",318,46,272
"S01006170",424,66,358
"S01006171",407,105,302
"S01006172",204,31,173
"S01006173",255,22,233
"S01006174",211,34,177
"S01006175",347,27,320
"S01006176",291,49,242
"S01006177",333,201,132
"S01006178",374,133,241
"S01006179",334,125,209
"S01006180",414,218,196
"S01006181",342,188,154
"S01006182",455,247,208
"S01006183",378,225,153
"S01006184",307,131,176
"S01006185",395,162,233
"S01006186",533,219,314
"S01006187",391,235,156
"S01006188",316,134,182
"S01006189",342,206,136
"S01006190",376,136,240
"S01006191",318,172,146
"S01006192",340,179,161
"S01006193",441,232,209
"S01006194",409,209,200
"S01006195",517,347,170
"S01006196",419,174,245
"S01006197",366,193,173
"S01006198",387,268,119
"S01006199",330,182,148
"S01006200",412,154,258
"S01006201",408,210,198
"S01006202",383,248,135
"S01006203",242,89,153
"S01006204",427,149,278
"S01006205",303,105,198
"S01006206",319,97,222
"S01006207",436,222,214
"S01006208",336,134,202
"S01006209",296,53,243
"S01006210",381,108,273
"S01006211",265,135,130
"S01006212",284,16,268
"S01006213",485,175,310
"S01006214",418,152,266
"S01006215",362,122,240
"S01006216",249,52,197
"S01006217",452,194,258
"S01006218",261,58,203
"S01006219",473,156,317
"S01006220",343,54,289
"S01006221",426,195,231
"S01006222",488,176,312
"S01006223",297,51,246
"S01006224",290,56,234
"S01006225",398,212,186
"S01006226",253,30,223
"S01006227",386,117,269
"S01006228",264,9,255
"S01006229",399,222,177
"S01006230",430,229,201
"S01006231",354,185,169
"S01006232",386,32,354
"S01006233",346,77,269
"S01006234",356,118,238
"S01006235",310,65,245
"S01006236",319,114,205
"S01006237",488,192,296
"S01006238",417,116,301
"S01006239",170,22,148
"S01006240",380,222,158
"S01006241",597,303,294
"S01006242",372,158,214
"S01006243",205,12,193
"S01006244",367,140,227
"S01006245",235,110,125
"S01006246",313,121,192
"S01006247",363,82,281
"S01006248",334,58,276
"S01006249",412,116,296
"S01006250",355,166,189
"S01006251",262,80,182
"S01006252",238,32,206
"S01006253",240,129,111
"S01006254",332,50,282
"S01006255",348,80,268
"S01006256",298,132,166
"S01006257",338,139,199
"S01006258",386,171,215
"S01006259",292,137,155
"S01006260",279,162,117
"S01006261",362,157,205
"S01006262",390,175,215
"S01006263",390,158,232
"S01006264",315,9,306
"S01006265",385,88,297
"S01006266",436,182,254
"S01006267",237,96,141
"S01006268",279,83,196
"S01006269",251,106,145
"S01006270",411,123,288
"S01006271",313,137,176
"S01006272",435,154,281
"S01006273",220,75,145
"S01006274",243,84,159
"S01006275",298,52,246
"S01006276",370,125,245
"S01006277",312,82,230
"S01006278",578,256,322
"S01006279",522,127,395
"S01006280",366,179,187
"S01006281",370,153,217
"S01006282",327,115,212
"S01006283",331,112,219
"S01006284",374,140,234
"S01006285",360,85,275
"S01006286",553,177,376
"S01006287",262,55,207
"S01006288",389,196,193
"S01006289",408,112,296
"S01006290",425,181,244
"S01006291",256,128,128
"S01006292",359,59,300
"S01006293",336,13,323
"S01006294",229,17,212
"S01006295",327,35,292
"S01006296",370,42,328
"S01006297",325,101,224
"S01006298",407,79,328
"S01006299",351,140,211
"S01006300",338,126,212
"S01006301",300,123,177
"S01006302",385,97,288
"S01006303",288,77,211
"S01006304",341,113,228
"S01006305",316,67,249
"S01006306",327,62,265
"S01006307",458,163,295
"S01006308",297,107,190
"S01006309",459,49,410
"S01006310",355,68,287
"S01006311",327,87,240
"S01006312",289,81,208
"S01006313",512,106,406
"S01006314",256,10,246
"S01006315",371,140,231
"S01006316",345,77,268
"S01006317",426,134,292
"S01006318",307,85,222
"S01006319",451,161,290
"S01006320",449,191,258
"S01006321",285,5,280
"S01006322",263,6,257
"S01006323",393,43,350
"S01006324",229,2,227
"S01006325",327,112,215
"S01006326",453,226,227
"S01006327",262,91,171
"S01006328",298,126,172
"S01006329",461,58,403
"S01006330",331,123,208
"S01006331",287,42,245
"S01006332",272,91,181
"S01006333",420,170,250
"S01006334",377,170,207
"S01006335",365,91,274
"S01006336",400,16,384
"S01006337",450,16,434
"S01006338",348,45,303
"S01006339",455,115,340
"S01006340",273,54,219
"S01006341",253,17,236
"S01006342",299,98,201
"S01006343",540,175,365
"S01006344",291,94,197
"S01006345",303,91,212
"S01006346",274,61,213
"S01006347",233,15,218
"S01006348",227,43,184
"S01006349",220,77,143
"S01006350",342,151,191
"S01006351",497,132,365
"S01006352",274,107,167
"S01006353",264,50,214
"S01006354",384,125,259
"S01006355",299,115,184
"S01006356",301,41,260
"S01006357",305,45,260
"S01006358",296,125,171
"S01006359",480,88,392
"S01006360",269,33,236
"S01006361",472,141,331
"S01006362",324,38,286
"S01006363",284,22,262
"S01006364",1602,179,1423
"S01006365",386,32,354
"S01006366",273,14,259
"S01006367",306,41,265
"S01006368",282,14,268
"S01006369",657,114,543
"S01006370",386,27,359
"S01006371",245,23,222
"S01006372",310,99,211
"S01006373",353,81,272
"S01006374",241,65,176
"S01006375",275,79,196
"S01006376",416,70,346
"S01006377",235,81,154
"S01006378",180,9,171
"S01006379",308,88,220
"S01006380",314,84,230
"S01006381",239,72,167
"S01006382",289,81,208
"S01006383",229,48,181
"S01006384",284,26,258
"S01006385",428,144,284
"S01006386",465,161,304
"S01006387",376,96,280
"S01006388",552,264,288
"S01006389",288,99,189
"S01006390",276,71,205
"S01006391",355,13,342
"S01006392",415,117,298
"S01006393",607,208,399
"S01006394",278,83,195
"S01006395",481,124,357
"S01006396",262,118,144
"S01006397",364,50,314
"S01006398",386,83,303
"S01006399",303,80,223
"S01006400",543,83,460
"S01006401",422,155,267
"S01006402",318,155,163
"S01006403",337,104,233
"S01006404",412,160,252
"S01006405",509,175,334
"S01006406",182,76,106
"S01006407",272,35,237
"S01006408",436,187,249
"S01006409",634,162,472
"S01006410",353,146,207
"S01006411",408,87,321
"S01006412",269,87,182
"S01006413",211,66,145
"S01006414",217,35,182
"S01006415",332,59,273
"S01006416",484,208,276
"S01006417",292,56,236
"S01006418",270,104,166
"S01006419",259,87,172
"S01006420",329,130,199
"S01006421",336,70,266
"S01006422",302,130,172
"S01006423",248,40,208
"S01006424",265,87,178
"S01006425",521,149,372
"S01006426",444,47,397
"S01006427",382,138,244
"S01006428",295,79,216
"S01006429",318,118,200
"S01006430",258,17,241
"S01006431",188,17,171
"S01006432",285,75,210
"S01006433",248,80,168
"S01006434",347,75,272
"S01006435",199,47,152
"S01006436",311,88,223
"S01006437",355,70,285
"S01006438",385,198,187
"S01006439",442,182,260
"S01006440",368,108,260
"S01006441",283,100,183
"S01006442",322,98,224
"S01006443",210,56,154
"S01006444",237,42,195
"S01006445",285,73,212
"S01006446",336,44,292
"S01006447",276,101,175
"S01006448",364,44,320
"S01006449",198,21,177
"S01006450",233,99,134
"S01006451",444,133,311
"S01006452",266,79,187
"S01006453",379,106,273
"S01006454",248,16,232
"S01006455",232,93,139
"S01006456",749,147,602
"S01006457",427,71,356
"S01006458",320,26,294
"S01006459",328,25,303
"S01006460",199,41,158
"S01006461",621,61,560
"S01006462",331,59,272
"S01006463",267,30,237
"S01006464",337,83,254
"S01006465",617,141,476
"S01006466",329,56,273
"S01006467",362,49,313
"S01006468",484,56,428
"S01006469",271,61,210
"S01006470",421,160,261
"S01006471",379,139,240
"S01006472",303,111,192
"S01006473",309,37,272
"S01006474",319,100,219
"S01006475",346,88,258
"S01006476",358,93,265
"S01006477",428,214,214
"S01006478",443,127,316
"S01006479",339,98,241
"S01006480",354,50,304
"S01006481",299,48,251
"S01006482",333,69,264
"S01006483",384,109,275
"S01006484",372,118,254
"S01006485",252,13,239
"S01006486",272,10,262
"S01006487",344,118,226
"S01006488",282,35,247
"S01006489",339,74,265
"S01006490",262,10,252
"S01006491",299,20,279
"S01006492",308,70,238
"S01006493",285,97,188
"S01006494",273,30,243
"S01006495",328,45,283
"S01006496",520,214,306
"S01006497",262,36,226
"S01006498",505,89,416
"S01006499",434,83,351
"S01006500",309,71,238
"S01006501",296,8,288
"S01006502",249,19,230
"S01006503",273,28,245
"S01006504",299,33,266
"S01006505",276,9,267
