dz_2011,total,none,some
S01006506,355,65,290
S01006507,422,92,330
S01006508,400,46,354
S01006509,327,80,247
S01006510,313,78,235
S01006511,366,48,318
S01006512,138,3,135
S01006513,372,11,361
S01006514,346,13,333
S01006515,401,7,394
S01006516,292,12,280
S01006517,397,35,362
S01006518,337,19,318
S01006519,269,3,266
S01006520,261,1,260
S01006521,173,8,165
S01006522,211,13,198
S01006523,549,60,489
S01006524,471,99,372
S01006525,475,39,436
S01006526,659,246,413
S01006527,566,197,369
S01006528,481,160,321
S01006529,586,217,369
S01006530,549,233,316
S01006531,589,251,338
S01006532,374,89,285
S01006533,339,28,311
S01006534,412,57,355
S01006535,595,145,450
S01006536,774,277,497
S01006537,373,42,331
S01006538,291,25,266
S01006539,432,67,365
S01006540,593,116,477
S01006541,482,133,349
S01006542,453,69,384
S01006543,446,55,391
S01006544,391,49,342
S01006545,605,189,416
S01006546,515,66,449
S01006547,696,233,463
S01006548,316,31,285
S01006549,360,31,329
S01006550,500,41,459
S01006551,486,213,273
S01006552,482,81,401
S01006553,488,119,369
S01006554,417,135,282
S01006555,404,167,237
S01006556,473,195,278
S01006557,387,172,215
S01006558,458,131,327
S01006559,280,51,229
S01006560,424,89,335
S01006561,355,36,319
S01006562,442,105,337
S01006563,469,91,378
S01006564,691,378,313
S01006565,722,393,329
S01006566,476,149,327
S01006567,692,401,291
S01006568,757,292,465
S01006569,430,153,277
S01006570,432,81,351
S01006571,565,139,426
S01006572,494,29,465
S01006573,278,34,244
S01006574,395,48,347
S01006575,488,65,423
S01006576,445,118,327
S01006577,473,92,381
S01006578,947,344,603
S01006579,847,331,516
S01006580,455,130,325
S01006581,536,70,466
S01006582,311,126,185
S01006583,602,236,366
S01006584,524,184,340
S01006585,504,282,222
S01006586,503,289,214
S01006587,287,179,108
S01006588,407,243,164
S01006589,597,351,246
S01006590,363,158,205
S01006591,299,113,186
S01006592,232,52,180
S01006593,302,98,204
S01006594,458,155,303
S01006595,443,112,331
S01006596,449,105,344
S01006597,561,242,319
S01006598,485,51,434
S01006599,600,233,367
S01006600,707,219,488
S01006601,554,167,387
S01006602,438,93,345
S01006603,617,248,369
S01006604,391,119,272
S01006605,421,219,202
S01006606,587,164,423
S01006607,551,215,336
S01006608,377,59,318
S01006609,596,214,382
S01006610,371,192,179
S01006611,523,199,324
S01006612,403,95,308
S01006613,172,6,166
S01006614,357,10,347
S01006615,154,4,150
S01006616,332,36,296
S01006617,409,79,330
S01006618,244,35,209
S01006619,403,62,341
S01006620,490,84,406
S01006621,353,58,295
S01006622,285,30,255
S01006623,654,263,391
S01006624,457,221,236
S01006625,374,160,214
S01006626,446,246,200
S01006627,441,236,205
S01006628,731,405,326
S01006629,406,200,206
S01006630,328,122,206
S01006631,595,306,289
S01006632,518,305,213
S01006633,387,198,189
S01006634,363,217,146
S01006635,484,271,213
S01006636,486,292,194
S01006637,298,158,140
S01006638,708,414,294
S01006639,614,400,214
S01006640,85,50,35
S01006641,586,304,282
S01006642,494,262,232
S01006643,612,303,309
S01006644,356,180,176
S01006645,648,382,266
S01006646,525,264,261
S01006647,353,206,147
S01006648,681,415,266
S01006649,441,250,191
S01006650,519,269,250
S01006651,439,242,197
S01006652,398,199,199
S01006653,383,94,289
S01006654,483,266,217
S01006655,181,56,125
S01006656,521,214,307
S01006657,322,142,180
S01006658,620,336,284
S01006659,438,181,257
S01006660,344,216,128
S01006661,355,142,213
S01006662,288,187,101
S01006663,465,173,292
S01006664,218,85,133
S01006665,405,186,219
S01006666,774,508,266
S01006667,651,419,232
S01006668,425,175,250
S01006669,522,310,212
S01006670,299,178,121
S01006671,314,139,175
S01006672,369,195,174
S01006673,324,171,153
S01006674,536,347,189
S01006675,270,181,89
S01006676,397,247,150
S01006677,400,247,153
S01006678,513,290,223
S01006679,458,171,287
S01006680,392,252,140
S01006681,580,270,310
S01006682,394,274,120
S01006683,570,293,277
S01006684,417,225,192
S01006685,475,256,219
S01006686,441,192,249
S01006687,482,230,252
S01006688,563,257,306
S01006689,126,21,105
S01006690,393,129,264
S01006691,438,158,280
S01006692,423,126,297
S01006693,591,232,359
S01006694,632,336,296
S01006695,345,132,213
S01006696,513,261,252
S01006697,537,250,287
S01006698,504,243,261
S01006699,348,110,238
S01006700,640,244,396
S01006701,480,211,269
S01006702,438,163,275
S01006703,351,145,206
S01006704,393,201,192
S01006705,461,211,250
S01006706,385,182,203
S01006707,338,166,172
S01006708,430,187,243
S01006709,492,173,319
S01006710,494,145,349
S01006711,548,247,301
S01006712,299,98,201
S01006713,430,172,258
S01006714,399,144,255
S01006715,368,161,207
S01006716,236,85,151
S01006717,428,151,277
S01006718,246,81,165
S01006719,389,135,254
S01006720,295,82,213
S01006721,407,163,244
S01006722,347,136,211
S01006723,419,147,272
S01006724,473,255,218
S01006725,387,152,235
S01006726,389,226,163
S01006727,470,267,203
S01006728,388,130,258
S01006729,379,188,191
S01006730,307,94,213
S01006731,213,76,137
S01006732,357,37,320
S01006733,310,4,306
S01006734,389,11,378
S01006735,364,13,351
S01006736,350,10,340
S01006737,316,22,294
S01006738,343,87,256
S01006739,247,58,189
S01006740,494,150,344
S01006741,385,133,252
S01006742,231,85,146
S01006743,449,105,344
S01006744,329,90,239
S01006745,502,153,349
S01006746,311,85,226
S01006747,442,34,408
S01006748,434,64,370
S01006749,558,125,433
S01006750,337,84,253
S01006751,204,55,149
S01006752,382,115,267
S01006753,405,66,339
S01006754,482,30,452
S01006755,326,39,287
S01006756,102,26,76
S01006757,543,45,498
S01006758,283,15,268
S01006759,254,12,242
S01006760,284,16,268
S01006761,444,36,408
S01006762,477,104,373
S01006763,445,21,424
S01006764,344,21,323
S01006765,329,26,303
S01006766,239,7,232
S01006767,405,131,274
S01006768,226,5,221
S01006769,490,61,429
S01006770,272,16,256
S01006771,175,2,173
S01006772,575,45,530
S01006773,250,16,234
S01006774,268,3,265
S01006775,358,90,268
S01006776,350,140,210
S01006777,367,18,349
S01006778,371,64,307
S01006779,493,184,309
S01006780,398,127,271
S01006781,422,57,365
S01006782,415,80,335
S01006783,295,52,243
S01006784,321,46,275
S01006785,262,5,257
S01006786,435,34,401
S01006787,437,34,403
S01006788,281,30,251
S01006789,409,86,323
S01006790,423,115,308
S01006791,226,28,198
S01006792,283,27,256
S01006793,302,68,234
S01006794,366,63,303
S01006795,290,36,254
S01006796,154,8,146
S01006797,255,9,246
S01006798,251,19,232
S01006799,413,99,314
S01006800,327,12,315
S01006801,263,21,242
S01006802,297,51,246
S01006803,319,62,257
S01006804,292,56,236
S01006805,423,57,366
S01006806,414,35,379
S01006807,196,8,188
S01006808,344,30,314
S01006809,385,75,310
S01006810,406,83,323
S01006811,350,39,311
S01006812,290,19,271
S01006813,353,78,275
S01006814,332,25,307
S01006815,275,99,176
S01006816,371,60,311
S01006817,275,31,244
S01006818,242,16,226
S01006819,287,19,268
S01006820,219,9,210
S01006821,352,15,337
S01006822,293,12,281
S01006823,329,26,303
S01006824,286,110,176
S01006825,429,71,358
S01006826,418,44,374
S01006827,469,139,330
S01006828,532,146,386
S01006829,116,20,96
S01006830,253,26,227
S01006831,511,59,452
S01006832,365,38,327
S01006833,274,21,253
S01006834,95,8,87
S01006835,641,217,424
S01006836,34,14,20
S01006837,188,26,162
S01006838,381,45,336
S01006839,360,55,305
S01006840,414,18,396
S01006841,520,56,464
S01006842,384,38,346
S01006843,377,22,355
S01006844,325,38,287
S01006845,383,19,364
S01006846,347,33,314
S01006847,269,14,255
S01006848,286,14,272
S01006849,177,27,150
S01006850,413,45,368
S01006851,292,70,222
S01006852,214,11,203
S01006853,308,9,299
S01006854,544,38,506
S01006855,279,8,271
S01006856,347,25,322
S01006857,388,27,361
S01006858,222,3,219
S01006859,365,16,349
S01006860,309,85,224
S01006861,107,10,97
S01006862,407,61,346
S01006863,269,55,214
S01006864,71,24,47
S01006865,420,69,351
S01006866,250,14,236
S01006867,426,56,370
S01006868,342,73,269
S01006869,213,21,192
S01006870,218,18,200
S01006871,345,31,314
S01006872,341,14,327
S01006873,451,47,404
S01006874,222,7,215
S01006875,295,43,252
S01006876,386,22,364
S01006877,383,8,375
S01006878,410,46,364
S01006879,337,14,323
S01006880,210,6,204
S01006881,203,10,193
S01006882,422,114,308
S01006883,250,40,210
S01006884,419,68,351
S01006885,278,32,246
S01006886,299,33,266
S01006887,163,8,155
S01006888,284,12,272
S01006889,260,35,225
S01006890,378,44,334
S01006891,259,36,223
S01006892,263,62,201
S01006893,390,74,316
S01006894,281,73,208
S01006895,233,40,193
S01006896,306,32,274
S01006897,411,46,365
S01006898,223,34,189
S01006899,149,8,141
S01006900,184,13,171
S01006901,357,82,275
S01006902,282,53,229
S01006903,370,82,288
S01006904,194,31,163
S01006905,423,94,329
S01006906,506,199,307
S01006907,325,102,223
S01006908,415,125,290
S01006909,100,11,89
S01006910,139,14,125
S01006911,128,10,118
S01006912,102,8,94
S01006913,195,7,188
S01006914,286,17,269
S01006915,289,14,275
S01006916,103,11,92
S01006917,44,2,42
S01006918,179,18,161
S01006919,217,22,195
S01006920,283,79,204
S01006921,159,10,149
S01006922,224,13,211
S01006923,275,49,226
S01006924,166,2,164
S01006925,212,20,192
S01006926,114,2,112
S01006927,95,2,93
S01006928,429,39,390
S01006929,403,2,401
S01006930,287,10,277
S01006931,155,7,148
S01006932,156,0,156
S01006933,323,19,304
S01006934,225,19,206
S01006935,364,21,343
S01006936,290,23,267
S01006937,359,25,334
S01006938,369,51,318
S01006939,238,4,234
S01006940,401,33,368
S01006941,349,35,314
S01006942,386,24,362
S01006943,109,11,98
S01006944,41,1,40
S01006945,401,26,375
S01006946,306,18,288
S01006947,414,16,398
S01006948,369,31,338
S01006949,252,8,244
S01006950,93,7,86
S01006951,350,65,285
S01006952,441,33,408
S01006953,443,24,419
S01006954,408,19,389
S01006955,243,45,198
S01006956,258,15,243
S01006957,320,21,299
S01006958,460,54,406
S01006959,378,117,261
S01006960,123,3,120
S01006961,120,7,113
S01006962,344,50,294
S01006963,389,23,366
S01006964,358,42,316
S01006965,214,21,193
S01006966,293,58,235
S01006967,275,15,260
S01006968,429,70,359
S01006969,430,63,367
S01006970,260,26,234
S01006971,377,72,305
S01006972,173,3,170
S01006973,227,24,203
S01006974,490,39,451
S01006975,414,34,380
S01006976,200,7,193
S01006977,313,16,297
S01006978,307,29,278
S01006979,503,54,449
S01006980,233,11,222
S01006981,291,16,275
S01006982,378,42,336
S01006983,388,43,345
S01006984,299,15,284
S01006985,531,82,449
S01006986,179,38,141
S01006987,419,71,348
S01006988,186,10,176
S01006989,255,10,245
S01006990,169,18,151
S01006991,290,66,224
S01006992,314,12,302
S01006993,256,6,250
S01006994,233,13,220
S01006995,326,21,305
S01006996,273,31,242
S01006997,227,12,215
S01006998,391,46,345
S01006999,287,14,273
S01007000,484,94,390
S01007001,392,57,335
S01007002,160,21,139
S01007003,218,18,200
S01007004,406,34,372
S01007005,349,13,336
S01007006,399,68,331
S01007007,299,17,282
S01007008,389,139,250
S01007009,605,162,443
S01007010,444,116,328
S01007011,579,232,347
S01007012,430,196,234
S01007013,352,31,321
S01007014,366,19,347
S01007015,271,11,260
S01007016,189,11,178
S01007017,515,166,349
S01007018,510,89,421
S01007019,469,123,346
S01007020,497,162,335
S01007021,593,141,452
S01007022,187,19,168
S01007023,295,40,255
S01007024,420,38,382
S01007025,472,142,330
S01007026,425,114,311
S01007027,541,115,426
S01007028,446,34,412
S01007029,199,13,186
S01007030,381,81,300
S01007031,272,77,195
S01007032,595,231,364
S01007033,494,148,346
S01007034,464,192,272
S01007035,428,185,243
S01007036,417,92,325
S01007037,498,132,366
S01007038,368,118,250
S01007039,312,100,212
S01007040,461,138,323
S01007041,418,110,308
S01007042,371,66,305
S01007043,374,16,358
S01007044,423,60,363
S01007045,324,15,309
S01007046,222,40,182
S01007047,396,71,325
S01007048,507,43,464
S01007049,419,111,308
S01007050,395,61,334
S01007051,381,53,328
S01007052,208,28,180
S01007053,299,27,272
S01007054,460,104,356
S01007055,181,7,174
S01007056,287,25,262
S01007057,365,62,303
S01007058,354,94,260
S01007059,446,69,377
S01007060,241,69,172
S01007061,397,14,383
S01007062,262,9,253
S01007063,523,66,457
S01007064,257,23,234
S01007065,303,38,265
S01007066,258,21,237
S01007067,529,58,471
S01007068,297,65,232
S01007069,372,87,285
S01007070,340,95,245
S01007071,455,62,393
S01007072,420,24,396
S01007073,521,70,451
S01007074,456,102,354
S01007075,403,123,280
S01007076,318,56,262
S01007077,356,88,268
S01007078,446,162,284
S01007079,589,254,335
S01007080,385,160,225
S01007081,416,168,248
S01007082,287,120,167
S01007083,438,227,211
S01007084,408,158,250
S01007085,558,250,308
S01007086,594,357,237
S01007087,447,232,215
S01007088,284,152,132
S01007089,217,7,210
S01007090,235,29,206
S01007091,101,5,96
S01007092,308,112,196
S01007093,414,37,377
S01007094,433,62,371
S01007095,245,16,229
S01007096,369,49,320
S01007097,318,28,290
S01007098,190,11,179
S01007099,251,31,220
S01007100,339,37,302
S01007101,487,90,397
S01007102,284,16,268
S01007103,324,71,253
S01007104,182,10,172
S01007105,281,73,208
S01007106,378,90,288
S01007107,247,13,234
S01007108,246,30,216
S01007109,414,137,277
S01007110,408,109,299
S01007111,224,53,171
S01007112,345,45,300
S01007113,354,96,258
S01007114,339,74,265
S01007115,251,16,235
S01007116,232,9,223
S01007117,212,3,209
S01007118,372,103,269
S01007119,392,120,272
S01007120,469,165,304
S01007121,377,210,167
S01007122,290,112,178
S01007123,442,188,254
S01007124,448,121,327
S01007125,319,107,212
S01007126,448,226,222
S01007127,315,165,150
S01007128,485,232,253
S01007129,274,19,255
S01007130,298,48,250
S01007131,324,51,273
S01007132,276,28,248
S01007133,216,10,206
S01007134,330,38,292
S01007135,281,11,270
S01007136,120,3,117
S01007137,65,7,58
S01007138,189,16,173
S01007139,306,33,273
S01007140,317,15,302
S01007141,210,19,191
S01007142,63,2,61
S01007143,182,13,169
S01007144,584,47,537
S01007145,414,99,315
S01007146,386,83,303
S01007147,359,31,328
S01007148,206,5,201
S01007149,371,17,354
S01007150,351,57,294
S01007151,362,31,331
S01007152,327,62,265
S01007153,427,89,338
S01007154,491,186,305
S01007155,327,105,222
S01007156,394,64,330
S01007157,328,68,260
S01007158,352,55,297
S01007159,419,155,264
S01007160,350,116,234
S01007161,418,132,286
S01007162,203,84,119
S01007163,434,92,342
S01007164,348,73,275
S01007165,367,58,309
S01007166,468,79,389
S01007167,335,24,311
S01007168,401,34,367
S01007169,364,62,302
S01007170,272,17,255
S01007171,386,50,336
S01007172,332,13,319
S01007173,221,18,203
S01007174,252,44,208
S01007175,306,66,240
S01007176,480,146,334
S01007177,378,167,211
S01007178,485,264,221
S01007179,492,39,453
S01007180,449,95,354
S01007181,432,98,334
S01007182,587,205,382
S01007183,644,266,378
S01007184,545,252,293
S01007185,455,235,220
S01007186,337,189,148
S01007187,443,249,194
S01007188,396,190,206
S01007189,546,325,221
S01007190,434,160,274
S01007191,318,129,189
S01007192,363,129,234
S01007193,342,136,206
S01007194,275,138,137
S01007195,401,123,278
S01007196,296,121,175
S01007197,201,112,89
S01007198,213,114,99
S01007199,444,237,207
S01007200,399,133,266
S01007201,468,171,297
S01007202,347,136,211
S01007203,335,65,270
S01007204,400,41,359
S01007205,305,27,278
S01007206,191,74,117
S01007207,439,97,342
S01007208,451,230,221
S01007209,366,184,182
S01007210,511,236,275
S01007211,390,173,217
S01007212,381,108,273
S01007213,402,116,286
S01007214,510,265,245
S01007215,446,194,252
S01007216,350,81,269
S01007217,399,156,243
S01007218,314,43,271
S01007219,472,152,320
S01007220,364,140,224
S01007221,267,34,233
S01007222,455,108,347
S01007223,242,11,231
S01007224,310,54,256
S01007225,433,32,401
S01007226,358,19,339
S01007227,594,97,497
S01007228,304,15,289
S01007229,493,29,464
S01007230,639,235,404
S01007231,415,198,217
S01007232,324,155,169
S01007233,318,84,234
S01007234,255,58,197
S01007235,541,210,331
S01007236,532,165,367
S01007237,359,71,288
S01007238,439,119,320
S01007239,531,58,473
S01007240,232,13,219
S01007241,470,31,439
S01007242,457,58,399
S01007243,508,41,467
S01007244,260,23,237
S01007245,338,48,290
S01007246,256,27,229
S01007247,456,42,414
S01007248,366,49,317
S01007249,228,28,200
S01007250,392,116,276
S01007251,324,111,213
S01007252,336,65,271
S01007253,316,45,271
S01007254,421,154,267
S01007255,472,167,305
S01007256,370,130,240
S01007257,436,189,247
S01007258,355,121,234
S01007259,446,174,272
S01007260,525,207,318
S01007261,434,75,359
S01007262,298,101,197
S01007263,510,121,389
S01007264,382,96,286
S01007265,508,197,311
S01007266,340,66,274
S01007267,232,12,220
S01007268,237,13,224
S01007269,270,24,246
S01007270,209,23,186
S01007271,512,117,395
S01007272,530,192,338
S01007273,292,76,216
S01007274,448,179,269
S01007275,330,78,252
S01007276,474,116,358
S01007277,404,48,356
S01007278,371,29,342
S01007279,264,10,254
S01007280,251,13,238
S01007281,394,15,379
S01007282,217,7,210
S01007283,407,73,334
S01007284,396,83,313
S01007285,465,66,399
S01007286,579,120,459
S01007287,266,72,194
S01007288,345,59,286
S01007289,386,28,358
S01007290,163,48,115
S01007291,253,89,164
S01007292,279,32,247
S01007293,410,161,249
S01007294,382,131,251
S01007295,346,227,119
S01007296,357,172,185
S01007297,420,102,318
S01007298,242,69,173
S01007299,431,154,277
S01007300,343,167,176
S01007301,359,41,318
S01007302,362,107,255
S01007303,416,53,363
S01007304,260,30,230
S01007305,396,41,355
S01007306,429,73,356
S01007307,387,28,359
S01007308,361,40,321
S01007309,336,30,306
S01007310,429,58,371
S01007311,408,79,329
S01007312,388,48,340
S01007313,398,60,338
S01007314,374,33,341
S01007315,347,82,265
S01007316,534,187,347
S01007317,434,75,359
S01007318,276,71,205
S01007319,386,95,291
S01007320,434,55,379
S01007321,256,31,225
S01007322,406,125,281
S01007323,278,80,198
S01007324,144,26,118
S01007325,377,91,286
S01007326,443,71,372
S01007327,427,142,285
S01007328,499,175,324
S01007329,283,55,228
S01007330,370,61,309
S01007331,369,68,301
S01007332,278,34,244
S01007333,508,145,363
S01007334,455,266,189
S01007335,464,221,243
S01007336,403,206,197
S01007337,364,192,172
S01007338,447,121,326
S01007339,376,73,303
S01007340,395,152,243
S01007341,391,120,271
S01007342,327,56,271
S01007343,359,66,293
S01007344,281,95,186
S01007345,330,219,111
S01007346,554,401,153
S01007347,600,334,266
S01007348,374,221,153
S01007349,347,215,132
S01007350,366,204,162
S01007351,319,72,247
S01007352,237,26,211
S01007353,316,46,270
S01007354,366,81,285
S01007355,599,124,475
S01007356,325,66,259
S01007357,383,55,328
S01007358,655,112,543
S01007359,426,122,304
S01007360,372,104,268
S01007361,483,127,356
S01007362,466,108,358
S01007363,487,182,305
S01007364,486,228,258
S01007365,203,66,137
S01007366,316,200,116
S01007367,321,160,161
S01007368,289,140,149
S01007369,520,210,310
S01007370,486,250,236
S01007371,399,137,262
S01007372,415,63,352
S01007373,255,42,213
S01007374,353,52,301
S01007375,223,28,195
S01007376,433,114,319
S01007377,268,13,255
S01007378,294,45,249
S01007379,402,114,288
S01007380,302,59,243
S01007381,189,6,183
S01007382,444,74,370
S01007383,361,63,298
S01007384,444,96,348
S01007385,571,133,438
S01007386,341,18,323
S01007387,321,8,313
S01007388,273,14,259
S01007389,296,59,237
S01007390,144,43,101
S01007391,241,7,234
S01007392,183,13,170
S01007393,383,82,301
S01007394,391,118,273
S01007395,690,330,360
S01007396,634,293,341
S01007397,407,101,306
S01007398,282,146,136
S01007399,365,251,114
S01007400,422,139,283
S01007401,312,48,264
S01007402,294,37,257
S01007403,262,11,251
S01007404,284,25,259
S01007405,228,36,192
S01007406,273,19,254
S01007407,337,46,291
S01007408,374,57,317
S01007409,269,27,242
S01007410,419,178,241
S01007411,485,257,228
S01007412,260,93,167
S01007413,303,33,270
S01007414,126,18,108
S01007415,378,147,231
S01007416,216,86,130
S01007417,90,24,66
S01007418,303,102,201
S01007419,360,154,206
S01007420,393,112,281
S01007421,275,71,204
S01007422,347,87,260
S01007423,175,55,120
S01007424,316,21,295
S01007425,434,85,349
S01007426,435,141,294
S01007427,374,130,244
S01007428,538,160,378
S01007429,469,153,316
S01007430,253,62,191
S01007431,267,24,243
S01007432,300,56,244
S01007433,410,78,332
S01007434,277,80,197
S01007435,373,81,292
S01007436,543,210,333
S01007437,290,112,178
S01007438,342,123,219
S01007439,443,125,318
S01007440,359,92,267
S01007441,260,18,242
S01007442,290,8,282
S01007443,420,86,334
S01007444,578,83,495
S01007445,297,16,281
S01007446,284,28,256
S01007447,258,9,249
S01007448,413,39,374
S01007449,474,172,302
S01007450,587,210,377
S01007451,295,58,237
S01007452,323,103,220
S01007453,46,21,25
S01007454,204,49,155
S01007455,403,159,244
S01007456,499,202,297
S01007457,351,148,203
S01007458,343,40,303
S01007459,390,80,310
S01007460,391,122,269
S01007461,490,263,227
S01007462,410,153,257
S01007463,443,227,216
S01007464,523,279,244
S01007465,396,215,181
S01007466,543,272,271
S01007467,519,188,331
S01007468,491,53,438
S01007469,290,67,223
S01007470,327,149,178
S01007471,224,76,148
S01007472,536,199,337
S01007473,242,107,135
S01007474,175,26,149
S01007475,240,56,184
S01007476,363,83,280
S01007477,352,83,269
S01007478,448,123,325
S01007479,227,69,158
S01007480,378,82,296
S01007481,450,42,408
S01007482,361,111,250
S01007483,418,111,307
S01007484,440,183,257
S01007485,391,184,207
S01007486,427,256,171
S01007487,643,337,306
S01007488,503,170,333
S01007489,418,132,286
S01007490,509,188,321
S01007491,296,86,210
S01007492,301,98,203
S01007493,390,91,299
S01007494,343,56,287
S01007495,282,22,260
S01007496,447,81,366
S01007497,258,45,213
S01007498,509,135,374
S01007499,324,50,274
S01007500,345,61,284
S01007501,310,56,254
S01007502,298,42,256
S01007503,477,118,359
S01007504,476,50,426
S01007505,169,11,158
S01007506,239,22,217
S01007507,641,149,492
S01007508,311,78,233
S01007509,305,26,279
S01007510,444,84,360
S01007511,515,152,363
S01007512,246,42,204
S01007513,483,153,330
S01007514,271,91,180
S01007515,275,50,225
S01007516,344,120,224
S01007517,259,64,195
S01007518,400,122,278
S01007519,248,29,219
S01007520,444,106,338
S01007521,302,22,280
S01007522,532,105,427
S01007523,231,23,208
S01007524,382,34,348
S01007525,233,44,189
S01007526,487,163,324
S01007527,641,113,528
S01007528,456,164,292
S01007529,378,49,329
S01007530,218,8,210
S01007531,325,41,284
S01007532,214,22,192
S01007533,319,38,281
S01007534,599,176,423
S01007535,416,102,314
S01007536,475,114,361
S01007537,679,185,494
S01007538,299,20,279
S01007539,393,60,333
S01007540,416,158,258
S01007541,513,111,402
S01007542,423,142,281
S01007543,531,136,395
S01007544,640,52,588
S01007545,546,55,491
S01007546,224,23,201
S01007547,222,19,203
S01007548,364,38,326
S01007549,341,45,296
S01007550,579,92,487
S01007551,574,62,512
S01007552,439,178,261
S01007553,440,185,255
S01007554,373,163,210
S01007555,326,75,251
S01007556,325,128,197
S01007557,492,182,310
S01007558,248,46,202
S01007559,330,39,291
S01007560,484,114,370
S01007561,456,119,337
S01007562,334,41,293
S01007563,472,67,405
S01007564,509,55,454
S01007565,408,57,351
S01007566,284,29,255
S01007567,208,17,191
S01007568,310,29,281
S01007569,390,40,350
S01007570,378,31,347
S01007571,227,11,216
S01007572,283,67,216
S01007573,44,4,40
S01007574,569,178,391
S01007575,445,231,214
S01007576,508,279,229
S01007577,407,210,197
S01007578,398,214,184
S01007579,242,107,135
S01007580,335,133,202
S01007581,252,108,144
S01007582,396,175,221
S01007583,584,354,230
S01007584,418,212,206
S01007585,462,131,331
S01007586,444,179,265
S01007587,314,95,219
S01007588,400,58,342
S01007589,586,220,366
S01007590,297,51,246
S01007591,410,140,270
S01007592,471,175,296
S01007593,431,99,332
S01007594,338,36,302
S01007595,399,62,337
S01007596,345,43,302
S01007597,245,23,222
S01007598,423,53,370
S01007599,269,69,200
S01007600,424,101,323
S01007601,291,68,223
S01007602,389,42,347
S01007603,358,31,327
S01007604,417,32,385
S01007605,469,44,425
S01007606,300,51,249
S01007607,391,38,353
S01007608,423,59,364
S01007609,434,175,259
S01007610,423,195,228
S01007611,631,331,300
S01007612,554,327,227
S01007613,423,91,332
S01007614,358,39,319
S01007615,581,173,408
S01007616,470,197,273
S01007617,293,69,224
S01007618,367,129,238
S01007619,340,114,226
S01007620,361,35,326
S01007621,348,91,257
S01007622,360,89,271
S01007623,204,29,175
S01007624,300,39,261
S01007625,305,29,276
S01007626,212,6,206
S01007627,112,18,94
S01007628,361,57,304
S01007629,290,31,259
S01007630,322,15,307
S01007631,249,18,231
S01007632,689,144,545
S01007633,636,121,515
S01007634,269,27,242
S01007635,351,34,317
S01007636,579,142,437
S01007637,630,213,417
S01007638,523,172,351
S01007639,385,105,280
S01007640,238,29,209
S01007641,302,56,246
S01007642,522,126,396
S01007643,434,138,296
S01007644,371,98,273
S01007645,314,19,295
S01007646,272,27,245
S01007647,507,133,374
S01007648,526,165,361
S01007649,337,98,239
S01007650,451,55,396
S01007651,274,12,262
S01007652,312,38,274
S01007653,450,52,398
S01007654,499,97,402
S01007655,304,15,289
S01007656,380,30,350
S01007657,254,16,238
S01007658,284,32,252
S01007659,428,83,345
S01007660,588,211,377
S01007661,391,125,266
S01007662,545,217,328
S01007663,508,167,341
S01007664,284,134,150
S01007665,302,100,202
S01007666,118,13,105
S01007667,209,27,182
S01007668,550,194,356
S01007669,265,124,141
S01007670,383,135,248
S01007671,267,20,247
S01007672,435,64,371
S01007673,281,46,235
S01007674,494,146,348
S01007675,290,56,234
S01007676,201,13,188
S01007677,58,4,54
S01007678,363,132,231
S01007679,412,156,256
S01007680,380,38,342
S01007681,226,51,175
S01007682,468,79,389
S01007683,492,75,417
S01007684,500,75,425
S01007685,385,45,340
S01007686,507,104,403
S01007687,449,113,336
S01007688,528,247,281
S01007689,302,124,178
S01007690,500,254,246
S01007691,687,399,288
S01007692,464,224,240
S01007693,438,299,139
S01007694,272,167,105
S01007695,634,382,252
S01007696,520,315,205
S01007697,767,414,353
S01007698,631,376,255
S01007699,420,260,160
S01007700,415,100,315
S01007701,251,168,83
S01007702,166,93,73
S01007703,580,264,316
S01007704,694,470,224
S01007705,303,206,97
S01007706,345,231,114
S01007707,123,73,50
S01007708,599,291,308
S01007709,423,275,148
S01007710,550,353,197
S01007711,586,371,215
S01007712,469,274,195
S01007713,264,145,119
S01007714,310,135,175
S01007715,325,227,98
S01007716,627,436,191
S01007717,524,352,172
S01007718,625,424,201
S01007719,896,531,365
S01007720,570,248,322
S01007721,629,333,296
S01007722,583,381,202
S01007723,635,446,189
S01007724,403,246,157
S01007725,767,494,273
S01007726,450,262,188
S01007727,427,289,138
S01007728,578,363,215
S01007729,525,306,219
S01007730,502,246,256
S01007731,285,174,111
S01007732,349,220,129
S01007733,319,48,271
S01007734,371,68,303
S01007735,358,56,302
S01007736,352,78,274
S01007737,516,231,285
S01007738,567,207,360
S01007739,446,252,194
S01007740,309,91,218
S01007741,484,247,237
S01007742,379,146,233
S01007743,479,257,222
S01007744,410,253,157
S01007745,534,308,226
S01007746,411,194,217
S01007747,400,207,193
S01007748,332,204,128
S01007749,350,31,319
S01007750,412,40,372
S01007751,337,29,308
S01007752,541,120,421
S01007753,428,195,233
S01007754,599,283,316
S01007755,412,240,172
S01007756,448,223,225
S01007757,565,70,495
S01007758,576,160,416
S01007759,755,335,420
S01007760,448,110,338
S01007761,399,51,348
S01007762,464,189,275
S01007763,429,213,216
S01007764,372,20,352
S01007765,408,34,374
S01007766,454,35,419
S01007767,447,57,390
S01007768,402,124,278
S01007769,354,42,312
S01007770,368,62,306
S01007771,386,31,355
S01007772,648,261,387
S01007773,316,26,290
S01007774,52,2,50
S01007775,412,39,373
S01007776,199,10,189
S01007777,147,6,141
S01007778,107,6,101
S01007779,341,26,315
S01007780,329,14,315
S01007781,318,37,281
S01007782,319,129,190
S01007783,473,336,137
S01007784,346,83,263
S01007785,229,152,77
S01007786,384,149,235
S01007787,311,143,168
S01007788,329,222,107
S01007789,276,135,141
S01007790,291,156,135
S01007791,79,7,72
S01007792,420,161,259
S01007793,504,292,212
S01007794,496,195,301
S01007795,356,165,191
S01007796,437,260,177
S01007797,388,192,196
S01007798,137,13,124
S01007799,85,2,83
S01007800,373,204,169
S01007801,392,247,145
S01007802,250,60,190
S01007803,525,335,190
S01007804,320,196,124
S01007805,333,178,155
S01007806,417,213,204
S01007807,354,70,284
S01007808,316,131,185
S01007809,562,120,442
S01007810,408,185,223
S01007811,338,150,188
S01007812,299,169,130
S01007813,401,163,238
S01007814,338,129,209
S01007815,442,56,386
S01007816,271,34,237
S01007817,380,137,243
S01007818,394,84,310
S01007819,329,83,246
S01007820,439,154,285
S01007821,388,167,221
S01007822,441,127,314
S01007823,360,62,298
S01007824,548,152,396
S01007825,594,205,389
S01007826,295,189,106
S01007827,325,102,223
S01007828,712,392,320
S01007829,422,200,222
S01007830,635,372,263
S01007831,514,291,223
S01007832,491,248,243
S01007833,593,334,259
S01007834,425,264,161
S01007835,384,152,232
S01007836,431,149,282
S01007837,521,122,399
S01007838,528,171,357
S01007839,424,208,216
S01007840,500,260,240
S01007841,423,213,210
S01007842,652,397,255
S01007843,551,327,224
S01007844,644,300,344
S01007845,478,289,189
S01007846,366,199,167
S01007847,726,412,314
S01007848,571,367,204
S01007849,502,273,229
S01007850,293,130,163
S01007851,524,245,279
S01007852,585,277,308
S01007853,451,294,157
S01007854,603,375,228
S01007855,419,268,151
S01007856,373,143,230
S01007857,264,159,105
S01007858,465,295,170
S01007859,269,148,121
S01007860,109,75,34
S01007861,465,216,249
S01007862,472,209,263
S01007863,437,280,157
S01007864,481,226,255
S01007865,207,13,194
S01007866,203,9,194
S01007867,157,13,144
S01007868,469,26,443
S01007869,413,20,393
S01007870,249,42,207
S01007871,509,219,290
S01007872,339,175,164
S01007873,316,100,216
S01007874,429,181,248
S01007875,310,74,236
S01007876,333,86,247
S01007877,378,136,242
S01007878,336,151,185
S01007879,503,219,284
S01007880,236,37,199
S01007881,265,90,175
S01007882,341,12,329
S01007883,382,100,282
S01007884,362,114,248
S01007885,463,203,260
S01007886,461,185,276
S01007887,295,49,246
S01007888,441,182,259
S01007889,513,226,287
S01007890,287,91,196
S01007891,357,113,244
S01007892,478,85,393
S01007893,473,64,409
S01007894,434,112,322
S01007895,339,105,234
S01007896,492,184,308
S01007897,277,20,257
S01007898,249,26,223
S01007899,205,20,185
S01007900,240,91,149
S01007901,342,138,204
S01007902,433,178,255
S01007903,387,162,225
S01007904,303,49,254
S01007905,337,141,196
S01007906,431,230,201
S01007907,405,175,230
S01007908,502,132,370
S01007909,198,48,150
S01007910,450,175,275
S01007911,393,143,250
S01007912,387,136,251
S01007913,574,251,323
S01007914,360,151,209
S01007915,362,121,241
S01007916,522,204,318
S01007917,569,228,341
S01007918,523,216,307
S01007919,273,22,251
S01007920,222,10,212
S01007921,534,222,312
S01007922,585,291,294
S01007923,302,82,220
S01007924,505,203,302
S01007925,219,7,212
S01007926,266,19,247
S01007927,210,12,198
S01007928,475,65,410
S01007929,365,35,330
S01007930,202,9,193
S01007931,427,80,347
S01007932,369,46,323
S01007933,496,85,411
S01007934,286,103,183
S01007935,546,182,364
S01007936,332,15,317
S01007937,443,49,394
S01007938,415,163,252
S01007939,461,184,277
S01007940,724,198,526
S01007941,248,20,228
S01007942,109,47,62
S01007943,450,107,343
S01007944,457,142,315
S01007945,560,189,371
S01007946,468,156,312
S01007947,467,117,350
S01007948,336,129,207
S01007949,445,111,334
S01007950,415,45,370
S01007951,429,155,274
S01007952,400,151,249
S01007953,453,163,290
S01007954,314,145,169
S01007955,476,178,298
S01007956,401,174,227
S01007957,575,211,364
S01007958,478,225,253
S01007959,624,142,482
S01007960,268,104,164
S01007961,446,65,381
S01007962,417,146,271
S01007963,451,238,213
S01007964,384,163,221
S01007965,364,154,210
S01007966,426,181,245
S01007967,348,152,196
S01007968,471,169,302
S01007969,384,152,232
S01007970,518,221,297
S01007971,533,260,273
S01007972,500,164,336
S01007973,412,69,343
S01007974,551,296,255
S01007975,348,163,185
S01007976,578,312,266
S01007977,227,52,175
S01007978,449,163,286
S01007979,332,66,266
S01007980,388,132,256
S01007981,373,89,284
S01007982,311,93,218
S01007983,667,280,387
S01007984,431,155,276
S01007985,400,161,239
S01007986,240,63,177
S01007987,455,118,337
S01007988,376,107,269
S01007989,294,85,209
S01007990,448,105,343
S01007991,249,4,245
S01007992,263,5,258
S01007993,367,18,349
S01007994,114,0,114
S01007995,270,34,236
S01007996,146,8,138
S01007997,298,27,271
S01007998,299,91,208
S01007999,392,204,188
S01008000,395,223,172
S01008001,421,233,188
S01008002,459,230,229
S01008003,284,93,191
S01008004,49,24,25
S01008005,36,9,27
S01008006,263,159,104
S01008007,281,136,145
S01008008,257,150,107
S01008009,411,242,169
S01008010,612,350,262
S01008011,471,338,133
S01008012,488,234,254
S01008013,397,162,235
S01008014,382,105,277
S01008015,490,253,237
S01008016,442,196,246
S01008017,378,44,334
S01008018,426,50,376
S01008019,473,148,325
S01008020,442,130,312
S01008021,287,47,240
S01008022,341,22,319
S01008023,348,11,337
S01008024,57,2,55
S01008025,338,21,317
S01008026,560,223,337
S01008027,413,141,272
S01008028,150,47,103
S01008029,425,52,373
S01008030,428,84,344
S01008031,491,179,312
S01008032,523,135,388
S01008033,399,8,391
S01008034,399,14,385
S01008035,418,43,375
S01008036,246,16,230
S01008037,569,161,408
S01008038,437,143,294
S01008039,423,130,293
S01008040,323,46,277
S01008041,432,144,288
S01008042,420,73,347
S01008043,504,61,443
S01008044,542,105,437
S01008045,525,99,426
S01008046,698,360,338
S01008047,294,41,253
S01008048,285,27,258
S01008049,445,68,377
S01008050,263,27,236
S01008051,479,43,436
S01008052,334,26,308
S01008053,374,52,322
S01008054,354,92,262
S01008055,333,16,317
S01008056,469,78,391
S01008057,575,81,494
S01008058,302,8,294
S01008059,260,13,247
S01008060,609,18,591
S01008061,376,35,341
S01008062,429,36,393
S01008063,363,36,327
S01008064,422,116,306
S01008065,449,37,412
S01008066,388,42,346
S01008067,245,11,234
S01008068,482,60,422
S01008069,474,112,362
S01008070,451,66,385
S01008071,392,71,321
S01008072,313,15,298
S01008073,175,9,166
S01008074,364,34,330
S01008075,248,31,217
S01008076,432,37,395
S01008077,403,36,367
S01008078,314,30,284
S01008079,337,28,309
S01008080,317,33,284
S01008081,298,30,268
S01008082,422,50,372
S01008083,310,13,297
S01008084,362,65,297
S01008085,422,27,395
S01008086,445,62,383
S01008087,435,40,395
S01008088,392,69,323
S01008089,379,33,346
S01008090,305,55,250
S01008091,201,12,189
S01008092,424,70,354
S01008093,365,70,295
S01008094,293,44,249
S01008095,433,86,347
S01008096,336,73,263
S01008097,315,70,245
S01008098,288,48,240
S01008099,188,35,153
S01008100,402,60,342
S01008101,477,115,362
S01008102,296,69,227
S01008103,367,194,173
S01008104,467,158,309
S01008105,553,243,310
S01008106,438,221,217
S01008107,222,44,178
S01008108,356,30,326
S01008109,332,19,313
S01008110,356,49,307
S01008111,351,56,295
S01008112,383,42,341
S01008113,350,27,323
S01008114,342,42,300
S01008115,370,57,313
S01008116,453,32,421
S01008117,326,42,284
S01008118,567,117,450
S01008119,298,89,209
S01008120,320,89,231
S01008121,267,23,244
S01008122,449,36,413
S01008123,428,37,391
S01008124,377,17,360
S01008125,476,46,430
S01008126,349,18,331
S01008127,200,14,186
S01008128,436,51,385
S01008129,444,166,278
S01008130,485,198,287
S01008131,393,168,225
S01008132,424,29,395
S01008133,389,145,244
S01008134,387,147,240
S01008135,664,205,459
S01008136,778,313,465
S01008137,522,275,247
S01008138,378,197,181
S01008139,547,225,322
S01008140,421,196,225
S01008141,432,29,403
S01008142,356,28,328
S01008143,553,161,392
S01008144,394,17,377
S01008145,483,201,282
S01008146,353,166,187
S01008147,383,113,270
S01008148,390,71,319
S01008149,391,109,282
S01008150,597,213,384
S01008151,450,184,266
S01008152,538,216,322
S01008153,280,17,263
S01008154,413,64,349
S01008155,346,48,298
S01008156,428,118,310
S01008157,409,90,319
S01008158,423,28,395
S01008159,509,245,264
S01008160,407,154,253
S01008161,384,45,339
S01008162,535,144,391
S01008163,380,130,250
S01008164,293,102,191
S01008165,106,21,85
S01008166,289,75,214
S01008167,400,139,261
S01008168,423,163,260
S01008169,326,101,225
S01008170,281,33,248
S01008171,492,217,275
S01008172,250,67,183
S01008173,306,52,254
S01008174,233,56,177
S01008175,377,133,244
S01008176,354,54,300
S01008177,410,180,230
S01008178,281,45,236
S01008179,129,3,126
S01008180,170,7,163
S01008181,259,36,223
S01008182,669,270,399
S01008183,487,158,329
S01008184,503,229,274
S01008185,657,315,342
S01008186,450,189,261
S01008187,265,98,167
S01008188,751,369,382
S01008189,448,140,308
S01008190,399,152,247
S01008191,339,112,227
S01008192,462,151,311
S01008193,378,89,289
S01008194,261,96,165
S01008195,473,213,260
S01008196,357,143,214
S01008197,109,28,81
S01008198,297,88,209
S01008199,307,129,178
S01008200,399,174,225
S01008201,570,254,316
S01008202,349,108,241
S01008203,283,134,149
S01008204,509,220,289
S01008205,328,127,201
S01008206,468,173,295
S01008207,320,143,177
S01008208,144,49,95
S01008209,67,24,43
S01008210,590,172,418
S01008211,468,142,326
S01008212,253,7,246
S01008213,308,47,261
S01008214,388,130,258
S01008215,478,99,379
S01008216,319,27,292
S01008217,263,19,244
S01008218,211,38,173
S01008219,444,131,313
S01008220,235,91,144
S01008221,357,177,180
S01008222,336,145,191
S01008223,276,102,174
S01008224,404,63,341
S01008225,330,92,238
S01008226,379,179,200
S01008227,437,182,255
S01008228,260,59,201
S01008229,337,124,213
S01008230,214,19,195
S01008231,38,15,23
S01008232,96,5,91
S01008233,153,28,125
S01008234,305,75,230
S01008235,388,100,288
S01008236,444,87,357
S01008237,364,71,293
S01008238,422,108,314
S01008239,265,69,196
S01008240,547,32,515
S01008241,408,20,388
S01008242,556,131,425
S01008243,344,61,283
S01008244,346,51,295
S01008245,469,66,403
S01008246,459,22,437
S01008247,333,27,306
S01008248,516,56,460
S01008249,348,22,326
S01008250,362,24,338
S01008251,320,10,310
S01008252,437,43,394
S01008253,360,97,263
S01008254,547,147,400
S01008255,415,89,326
S01008256,450,137,313
S01008257,430,172,258
S01008258,516,84,432
S01008259,545,163,382
S01008260,394,121,273
S01008261,452,107,345
S01008262,336,23,313
S01008263,210,49,161
S01008264,283,66,217
S01008265,293,37,256
S01008266,363,42,321
S01008267,289,48,241
S01008268,283,30,253
S01008269,449,91,358
S01008270,505,94,411
S01008271,396,143,253
S01008272,363,72,291
S01008273,402,99,303
S01008274,416,159,257
S01008275,333,58,275
S01008276,243,17,226
S01008277,274,9,265
S01008278,326,8,318
S01008279,324,65,259
S01008280,560,93,467
S01008281,348,33,315
S01008282,278,23,255
S01008283,171,20,151
S01008284,288,85,203
S01008285,349,143,206
S01008286,585,179,406
S01008287,352,95,257
S01008288,444,139,305
S01008289,369,151,218
S01008290,400,124,276
S01008291,478,95,383
S01008292,249,52,197
S01008293,95,16,79
S01008294,162,37,125
S01008295,423,56,367
S01008296,319,141,178
S01008297,238,67,171
S01008298,466,109,357
S01008299,468,230,238
S01008300,361,115,246
S01008301,390,30,360
S01008302,307,22,285
S01008303,363,150,213
S01008304,218,44,174
S01008305,307,26,281
S01008306,236,17,219
S01008307,283,43,240
S01008308,237,15,222
S01008309,440,241,199
S01008310,442,189,253
S01008311,263,133,130
S01008312,260,116,144
S01008313,451,235,216
S01008314,435,220,215
S01008315,366,186,180
S01008316,362,182,180
S01008317,207,57,150
S01008318,519,64,455
S01008319,323,146,177
S01008320,302,69,233
S01008321,260,19,241
S01008322,681,213,468
S01008323,347,176,171
S01008324,246,92,154
S01008325,439,166,273
S01008326,432,209,223
S01008327,478,195,283
S01008328,292,8,284
S01008329,349,10,339
S01008330,353,19,334
S01008331,299,21,278
S01008332,414,63,351
S01008333,468,107,361
S01008334,346,25,321
S01008335,395,146,249
S01008336,345,123,222
S01008337,215,63,152
S01008338,254,3,251
S01008339,217,8,209
S01008340,300,16,284
S01008341,196,1,195
S01008342,381,61,320
S01008343,460,98,362
S01008344,274,11,263
S01008345,491,23,468
S01008346,371,13,358
S01008347,575,98,477
S01008348,411,28,383
S01008349,366,9,357
S01008350,321,8,313
S01008351,412,24,388
S01008352,334,17,317
S01008353,158,10,148
S01008354,301,35,266
S01008355,519,143,376
S01008356,376,29,347
S01008357,375,37,338
S01008358,405,121,284
S01008359,320,32,288
S01008360,416,14,402
S01008361,301,10,291
S01008362,459,49,410
S01008363,349,39,310
S01008364,327,19,308
S01008365,398,19,379
S01008366,456,145,311
S01008367,469,193,276
S01008368,400,76,324
S01008369,364,78,286
S01008370,311,54,257
S01008371,330,20,310
S01008372,326,21,305
S01008373,399,28,371
S01008374,316,30,286
S01008375,276,20,256
S01008376,216,39,177
S01008377,358,74,284
S01008378,344,36,308
S01008379,200,17,183
S01008380,228,14,214
S01008381,380,37,343
S01008382,327,28,299
S01008383,229,19,210
S01008384,376,66,310
S01008385,221,17,204
S01008386,387,66,321
S01008387,341,64,277
S01008388,234,30,204
S01008389,356,68,288
S01008390,291,20,271
S01008391,346,98,248
S01008392,317,42,275
S01008393,328,65,263
S01008394,382,31,351
S01008395,306,30,276
S01008396,357,54,303
S01008397,361,18,343
S01008398,346,51,295
S01008399,383,87,296
S01008400,431,47,384
S01008401,503,109,394
S01008402,370,20,350
S01008403,366,43,323
S01008404,399,50,349
S01008405,337,40,297
S01008406,531,186,345
S01008407,256,79,177
S01008408,319,44,275
S01008409,487,132,355
S01008410,355,100,255
S01008411,463,69,394
S01008412,238,39,199
S01008413,227,63,164
S01008414,214,18,196
S01008415,394,78,316
S01008416,516,198,318
S01008417,282,22,260
S01008418,311,42,269
S01008419,182,29,153
S01008420,238,48,190
S01008421,364,135,229
S01008422,389,87,302
S01008423,351,20,331
S01008424,464,33,431
S01008425,469,84,385
S01008426,519,171,348
S01008427,481,29,452
S01008428,416,141,275
S01008429,393,69,324
S01008430,458,67,391
S01008431,439,64,375
S01008432,458,42,416
S01008433,346,38,308
S01008434,423,31,392
S01008435,432,33,399
S01008436,375,85,290
S01008437,418,134,284
S01008438,290,20,270
S01008439,413,28,385
S01008440,479,42,437
S01008441,325,26,299
S01008442,234,27,207
S01008443,243,34,209
S01008444,321,31,290
S01008445,446,183,263
S01008446,671,213,458
S01008447,287,31,256
S01008448,324,34,290
S01008449,255,107,148
S01008450,169,96,73
S01008451,389,194,195
S01008452,326,219,107
S01008453,213,144,69
S01008454,516,279,237
S01008455,562,315,247
S01008456,544,353,191
S01008457,505,312,193
S01008458,371,147,224
S01008459,370,247,123
S01008460,517,364,153
S01008461,456,325,131
S01008462,353,231,122
S01008463,449,276,173
S01008464,451,160,291
S01008465,455,185,270
S01008466,365,138,227
S01008467,356,112,244
S01008468,406,194,212
S01008469,223,91,132
S01008470,389,221,168
S01008471,317,219,98
S01008472,296,147,149
S01008473,315,163,152
S01008474,480,334,146
S01008475,421,241,180
S01008476,446,270,176
S01008477,651,385,266
S01008478,490,287,203
S01008479,623,370,253
S01008480,188,101,87
S01008481,370,130,240
S01008482,406,188,218
S01008483,458,229,229
S01008484,404,127,277
S01008485,458,97,361
S01008486,424,163,261
S01008487,254,107,147
S01008488,433,243,190
S01008489,492,260,232
S01008490,653,326,327
S01008491,415,217,198
S01008492,289,164,125
S01008493,447,213,234
S01008494,484,284,200
S01008495,684,430,254
S01008496,776,414,362
S01008497,657,398,259
S01008498,500,321,179
S01008499,616,379,237
S01008500,179,113,66
S01008501,328,132,196
S01008502,392,165,227
S01008503,415,147,268
S01008504,688,198,490
S01008505,484,162,322
S01008506,545,182,363
S01008507,400,146,254
S01008508,470,97,373
S01008509,427,64,363
S01008510,363,61,302
S01008511,405,59,346
S01008512,418,45,373
S01008513,309,30,279
S01008514,355,101,254
S01008515,383,58,325
S01008516,782,298,484
S01008517,551,234,317
S01008518,508,122,386
S01008519,429,70,359
S01008520,499,38,461
S01008521,347,35,312
S01008522,259,16,243
S01008523,110,6,104
S01008524,579,340,239
S01008525,507,308,199
S01008526,424,180,244
S01008527,332,110,222
S01008528,300,95,205
S01008529,388,163,225
S01008530,525,298,227
S01008531,514,315,199
S01008532,308,130,178
S01008533,175,45,130
S01008534,312,37,275
S01008535,277,18,259
S01008536,313,49,264
S01008537,280,22,258
S01008538,290,28,262
S01008539,459,55,404
S01008540,430,48,382
S01008541,369,30,339
S01008542,428,34,394
S01008543,349,17,332
S01008544,215,7,208
S01008545,284,18,266
S01008546,341,16,325
S01008547,485,38,447
S01008548,487,138,349
S01008549,540,118,422
S01008550,470,59,411
S01008551,495,104,391
S01008552,461,66,395
S01008553,315,117,198
S01008554,321,153,168
S01008555,488,332,156
S01008556,530,292,238
S01008557,412,281,131
S01008558,429,229,200
S01008559,361,163,198
S01008560,352,163,189
S01008561,408,134,274
S01008562,402,268,134
S01008563,571,263,308
S01008564,463,168,295
S01008565,454,243,211
S01008566,415,179,236
S01008567,276,117,159
S01008568,375,76,299
S01008569,423,300,123
S01008570,413,221,192
S01008571,375,155,220
S01008572,365,111,254
S01008573,358,34,324
S01008574,390,55,335
S01008575,325,31,294
S01008576,450,79,371
S01008577,472,91,381
S01008578,379,46,333
S01008579,391,42,349
S01008580,412,157,255
S01008581,576,347,229
S01008582,643,291,352
S01008583,431,240,191
S01008584,546,215,331
S01008585,400,200,200
S01008586,433,226,207
S01008587,288,34,254
S01008588,474,117,357
S01008589,166,47,119
S01008590,314,109,205
S01008591,424,111,313
S01008592,409,173,236
S01008593,355,47,308
S01008594,301,49,252
S01008595,629,365,264
S01008596,514,305,209
S01008597,504,165,339
S01008598,490,186,304
S01008599,403,100,303
S01008600,396,120,276
S01008601,325,173,152
S01008602,317,132,185
S01008603,497,275,222
S01008604,469,163,306
S01008605,387,140,247
S01008606,388,77,311
S01008607,256,22,234
S01008608,355,63,292
S01008609,494,132,362
S01008610,536,215,321
S01008611,557,251,306
S01008612,350,193,157
S01008613,472,211,261
S01008614,387,193,194
S01008615,371,160,211
S01008616,311,96,215
S01008617,341,129,212
S01008618,261,105,156
S01008619,197,53,144
S01008620,267,89,178
S01008621,318,128,190
S01008622,352,135,217
S01008623,426,105,321
S01008624,319,78,241
S01008625,237,33,204
S01008626,483,100,383
S01008627,305,33,272
S01008628,323,114,209
S01008629,465,177,288
S01008630,375,183,192
S01008631,510,223,287
S01008632,612,211,401
S01008633,548,131,417
S01008634,281,52,229
S01008635,338,90,248
S01008636,379,125,254
S01008637,296,88,208
S01008638,508,278,230
S01008639,549,236,313
S01008640,540,200,340
S01008641,455,171,284
S01008642,456,143,313
S01008643,447,160,287
S01008644,281,109,172
S01008645,468,197,271
S01008646,699,325,374
S01008647,387,144,243
S01008648,510,257,253
S01008649,759,422,337
S01008650,582,326,256
S01008651,548,352,196
S01008652,501,319,182
S01008653,401,276,125
S01008654,701,448,253
S01008655,349,168,181
S01008656,627,441,186
S01008657,421,202,219
S01008658,647,408,239
S01008659,601,376,225
S01008660,521,313,208
S01008661,579,414,165
S01008662,453,303,150
S01008663,502,356,146
S01008664,494,310,184
S01008665,512,325,187
S01008666,328,172,156
S01008667,390,192,198
S01008668,498,284,214
S01008669,216,123,93
S01008670,436,243,193
S01008671,484,301,183
S01008672,272,150,122
S01008673,433,327,106
S01008674,417,284,133
S01008675,489,337,152
S01008676,419,206,213
S01008677,379,248,131
S01008678,475,326,149
S01008679,540,390,150
S01008680,424,301,123
S01008681,564,409,155
S01008682,446,263,183
S01008683,775,564,211
S01008684,551,378,173
S01008685,399,230,169
S01008686,618,380,238
S01008687,537,314,223
S01008688,478,255,223
S01008689,743,445,298
S01008690,593,319,274
S01008691,779,410,369
S01008692,620,275,345
S01008693,295,99,196
S01008694,730,335,395
S01008695,478,208,270
S01008696,282,70,212
S01008697,345,51,294
S01008698,319,89,230
S01008699,555,244,311
S01008700,309,83,226
S01008701,214,155,59
S01008702,128,62,66
S01008703,363,245,118
S01008704,406,205,201
S01008705,212,102,110
S01008706,355,235,120
S01008707,464,298,166
S01008708,404,295,109
S01008709,453,246,207
S01008710,160,84,76
S01008711,370,220,150
S01008712,485,302,183
S01008713,306,194,112
S01008714,337,181,156
S01008715,384,220,164
S01008716,354,175,179
S01008717,214,38,176
S01008718,267,83,184
S01008719,431,97,334
S01008720,262,120,142
S01008721,316,17,299
S01008722,474,131,343
S01008723,266,21,245
S01008724,406,99,307
S01008725,344,97,247
S01008726,473,100,373
S01008727,512,145,367
S01008728,214,96,118
S01008729,326,99,227
S01008730,486,199,287
S01008731,280,151,129
S01008732,411,195,216
S01008733,505,211,294
S01008734,354,77,277
S01008735,467,68,399
S01008736,284,59,225
S01008737,334,52,282
S01008738,358,39,319
S01008739,250,61,189
S01008740,291,33,258
S01008741,446,66,380
S01008742,381,151,230
S01008743,565,291,274
S01008744,502,259,243
S01008745,274,88,186
S01008746,562,364,198
S01008747,290,117,173
S01008748,443,80,363
S01008749,497,85,412
S01008750,331,60,271
S01008751,582,292,290
S01008752,520,316,204
S01008753,378,214,164
S01008754,397,237,160
S01008755,488,295,193
S01008756,485,329,156
S01008757,410,283,127
S01008758,562,354,208
S01008759,402,266,136
S01008760,566,282,284
S01008761,299,158,141
S01008762,287,86,201
S01008763,391,137,254
S01008764,283,96,187
S01008765,579,204,375
S01008766,584,152,432
S01008767,388,120,268
S01008768,305,123,182
S01008769,114,49,65
S01008770,40,7,33
S01008771,40,7,33
S01008772,549,240,309
S01008773,524,276,248
S01008774,437,249,188
S01008775,262,129,133
S01008776,702,419,283
S01008777,551,347,204
S01008778,373,130,243
S01008779,203,37,166
S01008780,222,110,112
S01008781,201,86,115
S01008782,277,82,195
S01008783,172,74,98
S01008784,333,154,179
S01008785,483,326,157
S01008786,514,301,213
S01008787,311,214,97
S01008788,230,93,137
S01008789,366,247,119
S01008790,366,240,126
S01008791,208,95,113
S01008792,492,270,222
S01008793,507,305,202
S01008794,499,312,187
S01008795,581,320,261
S01008796,548,333,215
S01008797,563,331,232
S01008798,592,335,257
S01008799,136,87,49
S01008800,548,328,220
S01008801,524,297,227
S01008802,663,415,248
S01008803,631,387,244
S01008804,373,233,140
S01008805,340,194,146
S01008806,435,213,222
S01008807,599,372,227
S01008808,399,217,182
S01008809,429,187,242
S01008810,554,277,277
S01008811,364,172,192
S01008812,453,189,264
S01008813,416,238,178
S01008814,598,313,285
S01008815,653,347,306
S01008816,163,101,62
S01008817,364,179,185
S01008818,471,157,314
S01008819,483,155,328
S01008820,666,352,314
S01008821,315,73,242
S01008822,335,59,276
S01008823,393,80,313
S01008824,613,139,474
S01008825,309,77,232
S01008826,371,156,215
S01008827,465,128,337
S01008828,486,153,333
S01008829,458,119,339
S01008830,573,141,432
S01008831,468,97,371
S01008832,254,18,236
S01008833,551,202,349
S01008834,554,135,419
S01008835,474,119,355
S01008836,312,187,125
S01008837,571,301,270
S01008838,583,258,325
S01008839,619,294,325
S01008840,502,180,322
S01008841,239,78,161
S01008842,65,11,54
S01008843,369,148,221
S01008844,223,67,156
S01008845,311,110,201
S01008846,419,181,238
S01008847,323,119,204
S01008848,401,131,270
S01008849,494,186,308
S01008850,696,267,429
S01008851,723,349,374
S01008852,589,142,447
S01008853,280,100,180
S01008854,507,172,335
S01008855,550,197,353
S01008856,352,139,213
S01008857,524,181,343
S01008858,621,254,367
S01008859,577,267,310
S01008860,728,336,392
S01008861,483,78,405
S01008862,664,289,375
S01008863,443,146,297
S01008864,631,213,418
S01008865,616,259,357
S01008866,596,207,389
S01008867,515,100,415
S01008868,560,226,334
S01008869,660,224,436
S01008870,547,118,429
S01008871,607,175,432
S01008872,484,160,324
S01008873,369,53,316
S01008874,499,154,345
S01008875,658,280,378
S01008876,351,108,243
S01008877,368,122,246
S01008878,592,223,369
S01008879,406,142,264
S01008880,332,92,240
S01008881,298,53,245
S01008882,460,52,408
S01008883,431,27,404
S01008884,370,26,344
S01008885,387,31,356
S01008886,541,91,450
S01008887,351,76,275
S01008888,394,49,345
S01008889,264,73,191
S01008890,341,60,281
S01008891,335,45,290
S01008892,616,189,427
S01008893,435,66,369
S01008894,393,37,356
S01008895,317,40,277
S01008896,257,22,235
S01008897,391,56,335
S01008898,409,82,327
S01008899,363,208,155
S01008900,388,184,204
S01008901,457,228,229
S01008902,447,264,183
S01008903,534,284,250
S01008904,461,243,218
S01008905,566,386,180
S01008906,326,191,135
S01008907,300,203,97
S01008908,424,203,221
S01008909,485,164,321
S01008910,308,105,203
S01008911,152,45,107
S01008912,392,101,291
S01008913,202,68,134
S01008914,530,213,317
S01008915,277,68,209
S01008916,676,429,247
S01008917,321,214,107
S01008918,318,259,59
S01008919,302,239,63
S01008920,136,71,65
S01008921,525,373,152
S01008922,552,252,300
S01008923,476,292,184
S01008924,371,169,202
S01008925,324,114,210
S01008926,166,75,91
S01008927,33,4,29
S01008928,208,112,96
S01008929,770,583,187
S01008930,546,382,164
S01008931,335,229,106
S01008932,225,123,102
S01008933,272,169,103
S01008934,268,150,118
S01008935,459,94,365
S01008936,269,27,242
S01008937,357,117,240
S01008938,401,55,346
S01008939,322,40,282
S01008940,309,19,290
S01008941,279,33,246
S01008942,526,52,474
S01008943,304,17,287
S01008944,427,43,384
S01008945,440,25,415
S01008946,302,26,276
S01008947,468,46,422
S01008948,517,175,342
S01008949,580,206,374
S01008950,451,195,256
S01008951,542,314,228
S01008952,723,367,356
S01008953,520,227,293
S01008954,489,258,231
S01008955,384,76,308
S01008956,594,168,426
S01008957,503,120,383
S01008958,411,207,204
S01008959,447,124,323
S01008960,150,8,142
S01008961,488,123,365
S01008962,300,45,255
S01008963,391,59,332
S01008964,304,44,260
S01008965,327,51,276
S01008966,391,66,325
S01008967,479,69,410
S01008968,439,27,412
S01008969,442,100,342
S01008970,483,90,393
S01008971,267,18,249
S01008972,561,92,469
S01008973,302,79,223
S01008974,451,185,266
S01008975,499,261,238
S01008976,314,64,250
S01008977,335,55,280
S01008978,302,100,202
S01008979,362,90,272
S01008980,311,83,228
S01008981,363,79,284
S01008982,396,127,269
S01008983,416,169,247
S01008984,230,71,159
S01008985,347,114,233
S01008986,385,85,300
S01008987,435,103,332
S01008988,377,109,268
S01008989,489,117,372
S01008990,594,148,446
S01008991,510,56,454
S01008992,204,55,149
S01008993,477,79,398
S01008994,419,93,326
S01008995,432,44,388
S01008996,335,105,230
S01008997,356,62,294
S01008998,361,115,246
S01008999,459,146,313
S01009000,466,55,411
S01009001,296,35,261
S01009002,332,58,274
S01009003,376,55,321
S01009004,338,62,276
S01009005,416,75,341
S01009006,593,161,432
S01009007,391,129,262
S01009008,439,84,355
S01009009,260,141,119
S01009010,496,48,448
S01009011,440,12,428
S01009012,363,38,325
S01009013,422,45,377
S01009014,337,102,235
S01009015,240,59,181
S01009016,247,92,155
S01009017,278,78,200
S01009018,305,70,235
S01009019,359,83,276
S01009020,394,92,302
S01009021,318,61,257
S01009022,412,105,307
S01009023,409,107,302
S01009024,540,186,354
S01009025,433,107,326
S01009026,450,117,333
S01009027,371,91,280
S01009028,261,59,202
S01009029,312,99,213
S01009030,402,130,272
S01009031,324,93,231
S01009032,266,75,191
S01009033,384,138,246
S01009034,258,60,198
S01009035,334,67,267
S01009036,342,65,277
S01009037,275,61,214
S01009038,387,101,286
S01009039,478,200,278
S01009040,401,189,212
S01009041,526,224,302
S01009042,385,158,227
S01009043,541,190,351
S01009044,510,213,297
S01009045,454,156,298
S01009046,322,61,261
S01009047,285,73,212
S01009048,296,69,227
S01009049,291,80,211
S01009050,389,86,303
S01009051,375,127,248
S01009052,406,123,283
S01009053,290,159,131
S01009054,298,95,203
S01009055,310,40,270
S01009056,210,82,128
S01009057,350,178,172
S01009058,436,179,257
S01009059,228,77,151
S01009060,160,41,119
S01009061,395,113,282
S01009062,421,139,282
S01009063,266,30,236
S01009064,300,86,214
S01009065,553,242,311
S01009066,325,120,205
S01009067,166,13,153
S01009068,370,98,272
S01009069,322,17,305
S01009070,401,48,353
S01009071,244,54,190
S01009072,147,23,124
S01009073,337,115,222
S01009074,389,118,271
S01009075,296,79,217
S01009076,458,45,413
S01009077,307,62,245
S01009078,154,25,129
S01009079,536,227,309
S01009080,633,253,380
S01009081,435,106,329
S01009082,448,152,296
S01009083,310,83,227
S01009084,370,108,262
S01009085,107,7,100
S01009086,313,82,231
S01009087,288,90,198
S01009088,410,50,360
S01009089,180,19,161
S01009090,58,2,56
S01009091,67,0,67
S01009092,450,137,313
S01009093,385,87,298
S01009094,366,34,332
S01009095,560,164,396
S01009096,230,87,143
S01009097,348,55,293
S01009098,189,6,183
S01009099,418,154,264
S01009100,625,270,355
S01009101,435,148,287
S01009102,439,182,257
S01009103,260,23,237
S01009104,365,123,242
S01009105,287,73,214
S01009106,367,108,259
S01009107,389,81,308
S01009108,371,28,343
S01009109,386,14,372
S01009110,384,100,284
S01009111,468,57,411
S01009112,246,17,229
S01009113,305,29,276
S01009114,306,46,260
S01009115,332,52,280
S01009116,335,47,288
S01009117,310,102,208
S01009118,216,10,206
S01009119,348,122,226
S01009120,284,78,206
S01009121,458,135,323
S01009122,400,79,321
S01009123,122,33,89
S01009124,209,42,167
S01009125,332,109,223
S01009126,358,199,159
S01009127,281,138,143
S01009128,581,350,231
S01009129,271,128,143
S01009130,209,118,91
S01009131,491,261,230
S01009132,377,68,309
S01009133,381,155,226
S01009134,457,126,331
S01009135,279,40,239
S01009136,119,22,97
S01009137,75,20,55
S01009138,457,112,345
S01009139,384,169,215
S01009140,353,157,196
S01009141,385,169,216
S01009142,373,155,218
S01009143,273,154,119
S01009144,287,65,222
S01009145,554,197,357
S01009146,439,185,254
S01009147,418,179,239
S01009148,302,108,194
S01009149,313,113,200
S01009150,534,364,170
S01009151,338,132,206
S01009152,548,288,260
S01009153,397,142,255
S01009154,331,41,290
S01009155,242,53,189
S01009156,353,51,302
S01009157,417,122,295
S01009158,421,161,260
S01009159,309,154,155
S01009160,307,147,160
S01009161,481,258,223
S01009162,401,179,222
S01009163,263,91,172
S01009164,412,132,280
S01009165,314,149,165
S01009166,443,225,218
S01009167,295,110,185
S01009168,433,59,374
S01009169,440,193,247
S01009170,278,93,185
S01009171,360,89,271
S01009172,306,55,251
S01009173,346,27,319
S01009174,32,0,32
S01009175,340,7,333
S01009176,343,20,323
S01009177,355,129,226
S01009178,348,120,228
S01009179,368,117,251
S01009180,438,179,259
S01009181,464,122,342
S01009182,462,72,390
S01009183,376,17,359
S01009184,540,202,338
S01009185,480,148,332
S01009186,336,68,268
S01009187,328,30,298
S01009188,444,117,327
S01009189,436,116,320
S01009190,218,28,190
S01009191,68,0,68
S01009192,260,30,230
S01009193,141,21,120
S01009194,354,28,326
S01009195,264,22,242
S01009196,316,71,245
S01009197,386,56,330
S01009198,345,47,298
S01009199,308,53,255
S01009200,376,63,313
S01009201,307,65,242
S01009202,217,15,202
S01009203,271,114,157
S01009204,417,132,285
S01009205,518,33,485
S01009206,501,47,454
S01009207,424,43,381
S01009208,301,53,248
S01009209,488,71,417
S01009210,387,91,296
S01009211,322,85,237
S01009212,400,135,265
S01009213,332,130,202
S01009214,491,86,405
S01009215,541,203,338
S01009216,486,179,307
S01009217,344,174,170
S01009218,543,158,385
S01009219,317,115,202
S01009220,294,103,191
S01009221,269,102,167
S01009222,298,119,179
S01009223,220,71,149
S01009224,437,192,245
S01009225,402,177,225
S01009226,633,293,340
S01009227,399,199,200
S01009228,429,206,223
S01009229,453,143,310
S01009230,445,72,373
S01009231,442,89,353
S01009232,369,197,172
S01009233,366,130,236
S01009234,513,257,256
S01009235,421,205,216
S01009236,314,55,259
S01009237,314,39,275
S01009238,472,162,310
S01009239,416,151,265
S01009240,395,234,161
S01009241,470,217,253
S01009242,400,80,320
S01009243,481,76,405
S01009244,341,16,325
S01009245,356,35,321
S01009246,495,186,309
S01009247,546,210,336
S01009248,307,59,248
S01009249,499,221,278
S01009250,344,114,230
S01009251,224,44,180
S01009252,161,2,159
S01009253,358,153,205
S01009254,457,203,254
S01009255,367,179,188
S01009256,294,75,219
S01009257,277,87,190
S01009258,335,49,286
S01009259,326,60,266
S01009260,499,120,379
S01009261,419,211,208
S01009262,397,173,224
S01009263,208,72,136
S01009264,339,52,287
S01009265,340,74,266
S01009266,449,132,317
S01009267,352,80,272
S01009268,313,95,218
S01009269,468,190,278
S01009270,367,165,202
S01009271,333,12,321
S01009272,363,141,222
S01009273,340,33,307
S01009274,343,38,305
S01009275,251,34,217
S01009276,415,49,366
S01009277,299,15,284
S01009278,171,27,144
S01009279,271,48,223
S01009280,403,206,197
S01009281,406,203,203
S01009282,404,71,333
S01009283,246,52,194
S01009284,287,26,261
S01009285,356,32,324
S01009286,424,38,386
S01009287,385,48,337
S01009288,406,59,347
S01009289,385,53,332
S01009290,283,28,255
S01009291,460,34,426
S01009292,226,91,135
S01009293,281,86,195
S01009294,272,44,228
S01009295,306,24,282
S01009296,374,90,284
S01009297,400,55,345
S01009298,665,311,354
S01009299,509,181,328
S01009300,334,131,203
S01009301,576,251,325
S01009302,496,253,243
S01009303,339,80,259
S01009304,548,164,384
S01009305,508,200,308
S01009306,612,217,395
S01009307,662,260,402
S01009308,465,207,258
S01009309,322,112,210
S01009310,366,33,333
S01009311,393,140,253
S01009312,501,144,357
S01009313,330,139,191
S01009314,374,53,321
S01009315,328,133,195
S01009316,349,43,306
S01009317,403,43,360
S01009318,381,32,349
S01009319,443,58,385
S01009320,393,109,284
S01009321,219,12,207
S01009322,292,55,237
S01009323,420,104,316
S01009324,306,93,213
S01009325,225,25,200
S01009326,118,9,109
S01009327,324,93,231
S01009328,37,0,37
S01009330,80,54,26
S01009331,86,1,85
S01009332,292,19,273
S01009333,444,169,275
S01009334,310,145,165
S01009335,363,144,219
S01009336,295,146,149
S01009337,400,160,240
S01009338,399,210,189
S01009339,492,263,229
S01009340,430,175,255
S01009341,461,195,266
S01009342,396,127,269
S01009343,243,49,194
S01009344,335,116,219
S01009345,494,87,407
S01009346,58,1,57
S01009347,123,3,120
S01009348,92,14,78
S01009349,56,1,55
S01009350,68,12,56
S01009351,34,13,21
S01009352,27,1,26
S01009353,140,2,138
S01009354,114,2,112
S01009355,375,19,356
S01009356,412,29,383
S01009357,177,3,174
S01009358,113,1,112
S01009359,102,1,101
S01009360,348,64,284
S01009361,350,68,282
S01009362,495,57,438
S01009363,444,149,295
S01009364,298,49,249
S01009365,307,74,233
S01009366,435,161,274
S01009367,338,132,206
S01009368,300,61,239
S01009369,420,127,293
S01009370,381,96,285
S01009371,239,79,160
S01009372,246,79,167
S01009373,481,213,268
S01009374,417,154,263
S01009375,326,115,211
S01009376,406,151,255
S01009377,280,59,221
S01009378,400,81,319
S01009379,65,30,35
S01009380,228,21,207
S01009381,295,62,233
S01009382,643,298,345
S01009383,497,179,318
S01009384,253,35,218
S01009385,316,61,255
S01009386,471,189,282
S01009387,414,133,281
S01009388,522,298,224
S01009389,433,133,300
S01009390,264,7,257
S01009391,311,14,297
S01009392,202,17,185
S01009393,322,32,290
S01009394,390,36,354
S01009395,447,41,406
S01009396,296,13,283
S01009397,332,45,287
S01009398,499,60,439
S01009399,436,42,394
S01009400,412,90,322
S01009401,401,36,365
S01009402,352,33,319
S01009403,285,19,266
S01009404,289,105,184
S01009405,290,30,260
S01009406,427,128,299
S01009407,216,50,166
S01009408,215,41,174
S01009409,384,124,260
S01009410,349,142,207
S01009411,566,184,382
S01009412,409,174,235
S01009413,591,165,426
S01009414,347,60,287
S01009415,525,213,312
S01009416,241,22,219
S01009417,163,29,134
S01009418,577,227,350
S01009419,412,111,301
S01009420,307,145,162
S01009421,281,107,174
S01009422,500,118,382
S01009423,109,9,100
S01009424,303,48,255
S01009425,406,116,290
S01009426,540,284,256
S01009427,325,159,166
S01009428,275,127,148
S01009429,436,230,206
S01009430,340,173,167
S01009431,470,193,277
S01009432,426,127,299
S01009433,350,148,202
S01009434,250,97,153
S01009435,442,199,243
S01009436,281,119,162
S01009437,405,159,246
S01009438,504,208,296
S01009439,502,215,287
S01009440,399,173,226
S01009441,419,190,229
S01009442,282,46,236
S01009443,369,89,280
S01009444,287,38,249
S01009445,396,123,273
S01009446,490,244,246
S01009447,357,133,224
S01009448,272,71,201
S01009449,314,123,191
S01009450,324,155,169
S01009451,560,249,311
S01009452,432,219,213
S01009453,486,213,273
S01009454,496,89,407
S01009455,623,88,535
S01009456,459,218,241
S01009457,327,31,296
S01009458,320,117,203
S01009459,534,242,292
S01009460,395,206,189
S01009461,68,27,41
S01009462,280,86,194
S01009463,480,125,355
S01009464,385,79,306
S01009465,270,70,200
S01009466,371,62,309
S01009467,372,71,301
S01009468,372,166,206
S01009469,377,90,287
S01009470,395,81,314
S01009471,468,270,198
S01009472,540,235,305
S01009473,438,241,197
S01009474,366,167,199
S01009475,78,1,77
S01009476,184,9,175
S01009477,513,166,347
S01009478,511,203,308
S01009479,458,159,299
S01009480,505,126,379
S01009481,476,160,316
S01009482,346,127,219
S01009483,404,120,284
S01009484,639,247,392
S01009485,360,137,223
S01009486,370,141,229
S01009487,580,240,340
S01009488,388,89,299
S01009489,404,191,213
S01009490,393,203,190
S01009491,317,121,196
S01009492,366,120,246
S01009493,524,38,486
S01009494,509,40,469
S01009495,380,26,354
S01009496,378,118,260
S01009497,457,81,376
S01009498,254,12,242
S01009499,358,89,269
S01009500,424,212,212
S01009501,370,179,191
S01009502,442,182,260
S01009503,476,177,299
S01009504,362,158,204
S01009505,409,216,193
S01009506,540,279,261
S01009507,309,114,195
S01009508,507,242,265
S01009509,481,224,257
S01009510,345,27,318
S01009511,388,30,358
S01009512,404,38,366
S01009513,327,14,313
S01009514,344,21,323
S01009515,410,176,234
S01009516,489,171,318
S01009517,45,20,25
S01009518,109,16,93
S01009519,289,64,225
S01009520,366,54,312
S01009521,320,115,205
S01009522,376,148,228
S01009523,376,183,193
S01009524,411,208,203
S01009525,270,108,162
S01009526,180,22,158
S01009527,436,183,253
S01009528,490,232,258
S01009529,517,197,320
S01009530,380,61,319
S01009531,560,258,302
S01009532,550,278,272
S01009533,522,284,238
S01009534,396,233,163
S01009535,456,257,199
S01009536,217,78,139
S01009537,318,122,196
S01009538,561,239,322
S01009539,464,195,269
S01009540,574,297,277
S01009541,506,116,390
S01009542,440,196,244
S01009543,398,111,287
S01009544,456,139,317
S01009545,341,94,247
S01009546,333,113,220
S01009547,378,108,270
S01009548,460,132,328
S01009549,449,107,342
S01009550,251,35,216
S01009551,288,54,234
S01009552,579,172,407
S01009553,521,208,313
S01009554,399,147,252
S01009555,438,125,313
S01009556,456,159,297
S01009557,416,149,267
S01009558,319,121,198
S01009559,540,170,370
S01009560,387,155,232
S01009561,344,149,195
S01009562,479,134,345
S01009563,433,142,291
S01009564,323,100,223
S01009565,256,79,177
S01009566,440,94,346
S01009567,463,128,335
S01009568,400,128,272
S01009569,468,131,337
S01009570,285,110,175
S01009571,318,142,176
S01009572,501,247,254
S01009573,336,163,173
S01009574,488,200,288
S01009575,375,128,247
S01009576,259,10,249
S01009577,309,17,292
S01009578,458,119,339
S01009579,132,22,110
S01009580,243,16,227
S01009581,341,68,273
S01009582,263,69,194
S01009583,343,111,232
S01009584,144,10,134
S01009585,529,115,414
S01009586,501,141,360
S01009587,473,172,301
S01009588,433,137,296
S01009589,454,119,335
S01009590,211,16,195
S01009591,381,25,356
S01009592,345,50,295
S01009593,218,19,199
S01009594,237,7,230
S01009595,175,35,140
S01009596,452,109,343
S01009597,468,191,277
S01009598,325,122,203
S01009599,531,138,393
S01009600,459,181,278
S01009601,384,115,269
S01009602,255,2,253
S01009603,300,50,250
S01009604,334,80,254
S01009605,434,120,314
S01009606,87,3,84
S01009607,192,9,183
S01009608,285,101,184
S01009609,448,93,355
S01009610,528,150,378
S01009611,180,12,168
S01009612,256,77,179
S01009613,207,26,181
S01009614,264,44,220
S01009615,264,55,209
S01009616,478,97,381
S01009617,289,37,252
S01009618,512,194,318
S01009619,367,161,206
S01009620,492,235,257
S01009621,449,174,275
S01009622,489,268,221
S01009623,352,128,224
S01009624,428,153,275
S01009625,502,179,323
S01009626,339,149,190
S01009627,398,141,257
S01009628,304,153,151
S01009629,464,165,299
S01009630,343,145,198
S01009631,436,221,215
S01009632,389,211,178
S01009633,273,126,147
S01009634,393,168,225
S01009635,634,244,390
S01009636,520,263,257
S01009637,410,155,255
S01009638,274,119,155
S01009639,395,60,335
S01009640,413,178,235
S01009641,489,224,265
S01009642,498,173,325
S01009643,62,1,61
S01009644,251,80,171
S01009645,431,165,266
S01009646,317,112,205
S01009647,332,166,166
S01009648,494,161,333
S01009649,464,144,320
S01009650,345,33,312
S01009651,411,56,355
S01009652,532,69,463
S01009653,350,30,320
S01009654,271,52,219
S01009655,400,122,278
S01009656,409,186,223
S01009657,391,94,297
S01009658,398,97,301
S01009659,327,117,210
S01009660,368,110,258
S01009661,344,19,325
S01009662,338,49,289
S01009663,325,40,285
S01009664,454,48,406
S01009665,552,86,466
S01009666,516,105,411
S01009667,174,11,163
S01009668,198,24,174
S01009669,259,41,218
S01009670,343,60,283
S01009671,335,56,279
S01009672,521,129,392
S01009673,363,85,278
S01009674,460,68,392
S01009675,382,48,334
S01009676,604,89,515
S01009677,313,25,288
S01009678,270,66,204
S01009679,479,155,324
S01009680,471,114,357
S01009681,286,51,235
S01009682,343,54,289
S01009683,382,95,287
S01009684,348,22,326
S01009685,393,68,325
S01009686,542,196,346
S01009687,429,77,352
S01009688,582,247,335
S01009689,293,111,182
S01009690,360,112,248
S01009691,239,22,217
S01009692,512,83,429
S01009693,313,19,294
S01009694,472,41,431
S01009695,438,56,382
S01009696,449,60,389
S01009697,351,36,315
S01009698,265,10,255
S01009699,362,67,295
S01009700,311,57,254
S01009701,457,87,370
S01009702,242,13,229
S01009703,457,138,319
S01009704,550,101,449
S01009705,353,106,247
S01009706,411,116,295
S01009707,271,68,203
S01009708,294,57,237
S01009709,401,115,286
S01009710,207,36,171
S01009711,434,170,264
S01009712,294,65,229
S01009713,432,108,324
S01009714,410,70,340
S01009715,364,54,310
S01009716,575,129,446
S01009717,466,162,304
S01009718,420,181,239
S01009719,449,164,285
S01009720,425,189,236
S01009721,266,128,138
S01009722,356,133,223
S01009723,354,164,190
S01009724,545,263,282
S01009725,405,145,260
S01009726,219,76,143
S01009727,327,19,308
S01009728,335,39,296
S01009729,446,44,402
S01009730,445,58,387
S01009731,416,79,337
S01009732,507,171,336
S01009733,275,31,244
S01009734,564,59,505
S01009735,339,19,320
S01009736,443,175,268
S01009737,302,61,241
S01009738,234,56,178
S01009739,179,11,168
S01009740,348,116,232
S01009741,168,8,160
S01009742,204,16,188
S01009743,494,38,456
S01009744,301,31,270
S01009745,372,51,321
S01009746,332,22,310
S01009747,446,124,322
S01009748,313,42,271
S01009749,409,100,309
S01009750,326,129,197
S01009751,443,126,317
S01009752,347,31,316
S01009753,340,87,253
S01009754,666,156,510
S01009755,277,51,226
S01009756,347,44,303
S01009757,304,22,282
S01009758,460,120,340
S01009759,553,422,131
S01009760,484,337,147
S01009761,387,76,311
S01009762,421,288,133
S01009763,170,8,162
S01009764,425,203,222
S01009765,431,168,263
S01009766,352,102,250
S01009767,299,120,179
S01009768,254,192,62
S01009769,428,249,179
S01009770,308,35,273
S01009771,296,23,273
S01009772,295,60,235
S01009773,69,17,52
S01009774,36,6,30
S01009775,359,206,153
S01009776,415,303,112
S01009777,319,184,135
S01009778,561,371,190
S01009779,331,241,90
S01009780,298,186,112
S01009781,332,195,137
S01009782,184,88,96
S01009783,199,100,99
S01009784,380,246,134
S01009785,432,259,173
S01009786,481,314,167
S01009787,371,244,127
S01009788,589,307,282
S01009789,527,284,243
S01009790,400,219,181
S01009791,342,229,113
S01009792,93,14,79
S01009793,416,101,315
S01009794,152,7,145
S01009795,302,19,283
S01009796,280,68,212
S01009797,241,47,194
S01009798,398,131,267
S01009799,593,406,187
S01009800,513,283,230
S01009801,489,290,199
S01009802,394,222,172
S01009803,416,277,139
S01009804,128,60,68
S01009805,310,182,128
S01009806,552,331,221
S01009807,411,190,221
S01009808,657,451,206
S01009809,510,256,254
S01009810,499,339,160
S01009811,616,358,258
S01009812,422,217,205
S01009813,593,419,174
S01009814,505,247,258
S01009815,484,215,269
S01009816,492,172,320
S01009817,391,195,196
S01009818,360,77,283
S01009819,473,171,302
S01009820,454,212,242
S01009821,307,84,223
S01009822,399,232,167
S01009823,470,275,195
S01009824,366,250,116
S01009825,503,303,200
S01009826,330,180,150
S01009827,381,215,166
S01009828,582,350,232
S01009829,593,321,272
S01009830,414,192,222
S01009831,506,167,339
S01009832,519,248,271
S01009833,265,63,202
S01009834,324,233,91
S01009835,300,224,76
S01009836,326,171,155
S01009837,415,262,153
S01009838,423,261,162
S01009839,645,470,175
S01009840,474,281,193
S01009841,655,516,139
S01009842,481,355,126
S01009843,324,255,69
S01009844,440,361,79
S01009845,621,487,134
S01009846,527,355,172
S01009847,334,246,88
S01009848,379,205,174
S01009849,644,438,206
S01009850,543,345,198
S01009851,578,381,197
S01009852,256,126,130
S01009853,472,249,223
S01009854,363,264,99
S01009855,325,134,191
S01009856,295,155,140
S01009857,369,174,195
S01009858,456,232,224
S01009859,585,458,127
S01009860,501,377,124
S01009861,742,564,178
S01009862,570,403,167
S01009863,578,372,206
S01009864,488,325,163
S01009865,366,234,132
S01009866,483,279,204
S01009867,539,247,292
S01009868,496,222,274
S01009869,461,235,226
S01009870,423,286,137
S01009871,616,417,199
S01009872,429,244,185
S01009873,448,189,259
S01009874,498,217,281
S01009875,221,122,99
S01009876,460,276,184
S01009877,339,45,294
S01009878,264,112,152
S01009879,401,25,376
S01009880,426,116,310
S01009881,259,122,137
S01009882,301,177,124
S01009883,315,136,179
S01009884,377,156,221
S01009885,243,69,174
S01009886,270,102,168
S01009887,531,362,169
S01009888,349,227,122
S01009889,521,276,245
S01009890,407,273,134
S01009891,416,284,132
S01009892,608,421,187
S01009893,516,320,196
S01009894,567,410,157
S01009895,488,340,148
S01009896,625,433,192
S01009897,636,349,287
S01009898,441,295,146
S01009899,613,335,278
S01009900,653,262,391
S01009901,547,231,316
S01009902,613,347,266
S01009903,437,161,276
S01009904,443,202,241
S01009905,361,208,153
S01009906,326,199,127
S01009907,785,507,278
S01009908,613,279,334
S01009909,495,244,251
S01009910,400,215,185
S01009911,530,154,376
S01009912,406,95,311
S01009913,277,18,259
S01009914,393,47,346
S01009915,390,63,327
S01009916,407,46,361
S01009917,351,73,278
S01009918,361,58,303
S01009919,643,383,260
S01009920,616,256,360
S01009921,521,250,271
S01009922,750,321,429
S01009923,652,275,377
S01009924,619,313,306
S01009925,650,323,327
S01009926,489,218,271
S01009927,325,113,212
S01009928,375,71,304
S01009929,277,83,194
S01009930,560,266,294
S01009931,542,186,356
S01009932,473,196,277
S01009933,747,489,258
S01009934,362,100,262
S01009935,477,353,124
S01009936,607,329,278
S01009937,438,333,105
S01009938,607,386,221
S01009939,628,494,134
S01009940,440,297,143
S01009941,460,124,336
S01009942,497,291,206
S01009943,610,376,234
S01009944,426,179,247
S01009945,551,315,236
S01009946,442,228,214
S01009947,385,158,227
S01009948,565,302,263
S01009949,440,213,227
S01009950,259,11,248
S01009951,311,23,288
S01009952,433,127,306
S01009953,459,118,341
S01009954,265,59,206
S01009955,493,176,317
S01009956,399,179,220
S01009957,533,121,412
S01009958,470,72,398
S01009959,369,62,307
S01009960,546,187,359
S01009961,298,116,182
S01009962,596,260,336
S01009963,509,67,442
S01009964,488,147,341
S01009965,337,43,294
S01009966,437,61,376
S01009967,494,128,366
S01009968,231,40,191
S01009969,545,151,394
S01009970,523,392,131
S01009971,476,316,160
S01009972,349,169,180
S01009973,150,90,60
S01009974,428,303,125
S01009975,395,267,128
S01009976,332,225,107
S01009977,461,358,103
S01009978,399,251,148
S01009979,362,251,111
S01009980,228,191,37
S01009981,311,231,80
S01009982,275,181,94
S01009983,298,240,58
S01009984,424,234,190
S01009985,269,204,65
S01009986,321,227,94
S01009987,415,269,146
S01009988,351,261,90
S01009989,442,172,270
S01009990,417,172,245
S01009991,422,146,276
S01009992,481,350,131
S01009993,347,114,233
S01009994,303,82,221
S01009995,277,112,165
S01009996,370,135,235
S01009997,285,92,193
S01009998,357,56,301
S01009999,345,65,280
S01010000,373,147,226
S01010001,311,123,188
S01010002,580,224,356
S01010003,393,95,298
S01010004,351,55,296
S01010005,639,386,253
S01010006,792,461,331
S01010007,410,110,300
S01010008,326,174,152
S01010009,465,287,178
S01010010,609,136,473
S01010011,582,361,221
S01010012,605,160,445
S01010013,574,310,264
S01010014,689,338,351
S01010015,421,186,235
S01010016,324,168,156
S01010017,414,254,160
S01010018,512,373,139
S01010019,632,474,158
S01010020,465,275,190
S01010021,390,317,73
S01010022,193,165,28
S01010023,596,516,80
S01010024,287,205,82
S01010025,388,294,94
S01010026,426,332,94
S01010027,504,274,230
S01010028,277,228,49
S01010029,334,252,82
S01010030,238,150,88
S01010031,346,87,259
S01010032,259,149,110
S01010033,496,349,147
S01010034,587,411,176
S01010035,417,313,104
S01010036,194,55,139
S01010037,570,454,116
S01010038,620,445,175
S01010039,289,164,125
S01010040,327,213,114
S01010041,493,283,210
S01010042,303,192,111
S01010043,504,332,172
S01010044,619,424,195
S01010045,425,327,98
S01010046,534,343,191
S01010047,566,442,124
S01010048,634,489,145
S01010049,458,369,89
S01010050,468,393,75
S01010051,480,390,90
S01010052,328,268,60
S01010053,221,143,78
S01010054,288,238,50
S01010055,522,346,176
S01010056,270,230,40
S01010057,226,183,43
S01010058,442,293,149
S01010059,368,196,172
S01010060,490,314,176
S01010061,221,137,84
S01010062,355,202,153
S01010063,599,425,174
S01010064,348,182,166
S01010065,420,272,148
S01010066,329,217,112
S01010067,409,308,101
S01010068,232,190,42
S01010069,371,92,279
S01010070,250,39,211
S01010071,404,168,236
S01010072,502,224,278
S01010073,466,170,296
S01010074,414,86,328
S01010075,410,192,218
S01010076,392,179,213
S01010077,345,181,164
S01010078,268,52,216
S01010079,344,38,306
S01010080,364,49,315
S01010081,459,59,400
S01010082,340,86,254
S01010083,488,242,246
S01010084,546,308,238
S01010085,478,132,346
S01010086,465,261,204
S01010087,254,46,208
S01010088,101,30,71
S01010089,411,201,210
S01010090,400,113,287
S01010091,295,84,211
S01010092,539,290,249
S01010093,374,126,248
S01010094,502,115,387
S01010095,492,64,428
S01010096,332,83,249
S01010097,285,69,216
S01010098,283,51,232
S01010099,394,76,318
S01010100,395,92,303
S01010101,472,132,340
S01010102,260,30,230
S01010103,315,29,286
S01010104,290,45,245
S01010105,317,200,117
S01010106,304,198,106
S01010107,491,290,201
S01010108,382,223,159
S01010109,506,298,208
S01010110,575,438,137
S01010111,496,378,118
S01010112,380,282,98
S01010113,238,150,88
S01010114,330,263,67
S01010115,246,56,190
S01010116,334,134,200
S01010117,104,43,61
S01010118,339,293,46
S01010119,157,131,26
S01010120,351,276,75
S01010121,301,227,74
S01010122,271,227,44
S01010123,255,200,55
S01010124,300,93,207
S01010125,266,208,58
S01010126,264,114,150
S01010127,273,183,90
S01010128,355,257,98
S01010129,426,314,112
S01010130,366,257,109
S01010131,500,169,331
S01010132,524,327,197
S01010133,482,330,152
S01010134,705,439,266
S01010135,579,358,221
S01010136,459,201,258
S01010137,725,469,256
S01010138,692,481,211
S01010139,624,367,257
S01010140,525,271,254
S01010141,632,482,150
S01010142,333,187,146
S01010143,438,275,163
S01010144,381,218,163
S01010145,339,177,162
S01010146,583,384,199
S01010147,478,344,134
S01010148,363,278,85
S01010149,157,102,55
S01010150,513,338,175
S01010151,539,347,192
S01010152,448,275,173
S01010153,551,325,226
S01010154,514,315,199
S01010155,415,263,152
S01010156,375,241,134
S01010157,357,235,122
S01010158,447,240,207
S01010159,349,190,159
S01010160,377,320,57
S01010161,363,199,164
S01010162,445,348,97
S01010163,313,191,122
S01010164,334,180,154
S01010165,257,161,96
S01010166,510,317,193
S01010167,519,361,158
S01010168,243,172,71
S01010169,386,231,155
S01010170,448,257,191
S01010171,453,354,99
S01010172,485,342,143
S01010173,486,253,233
S01010174,264,98,166
S01010175,216,109,107
S01010176,555,341,214
S01010177,287,220,67
S01010178,342,237,105
S01010179,541,415,126
S01010180,194,151,43
S01010181,455,277,178
S01010182,503,122,381
S01010183,359,214,145
S01010184,301,193,108
S01010185,311,204,107
S01010186,266,30,236
S01010187,404,105,299
S01010188,499,121,378
S01010189,307,13,294
S01010190,66,6,60
S01010191,279,20,259
S01010192,335,26,309
S01010193,367,52,315
S01010194,320,178,142
S01010195,393,187,206
S01010196,284,162,122
S01010197,354,205,149
S01010198,470,264,206
S01010199,302,201,101
S01010200,316,188,128
S01010201,322,160,162
S01010202,381,301,80
S01010203,275,82,193
S01010204,494,323,171
S01010205,373,254,119
S01010206,338,299,39
S01010207,351,247,104
S01010208,625,362,263
S01010209,413,233,180
S01010210,489,283,206
S01010211,474,359,115
S01010212,558,418,140
S01010213,539,358,181
S01010214,428,128,300
S01010215,563,410,153
S01010216,565,436,129
S01010217,445,310,135
S01010218,601,371,230
S01010219,430,339,91
S01010220,220,103,117
S01010221,242,186,56
S01010222,395,253,142
S01010223,398,253,145
S01010224,477,388,89
S01010225,381,255,126
S01010226,442,374,68
S01010227,563,467,96
S01010228,376,278,98
S01010229,470,295,175
S01010230,726,621,105
S01010231,396,316,80
S01010232,312,211,101
S01010233,780,632,148
S01010234,513,305,208
S01010235,40,22,18
S01010236,396,209,187
S01010237,524,280,244
S01010238,547,340,207
S01010239,566,409,157
S01010240,645,425,220
S01010241,613,425,188
S01010242,697,487,210
S01010243,801,601,200
S01010244,569,444,125
S01010245,543,429,114
S01010246,533,425,108
S01010247,399,199,200
S01010248,529,286,243
S01010249,598,373,225
S01010250,472,258,214
S01010251,121,64,57
S01010252,293,168,125
S01010253,435,311,124
S01010254,496,337,159
S01010255,445,357,88
S01010256,638,509,129
S01010257,294,219,75
S01010258,533,301,232
S01010259,651,519,132
S01010260,292,202,90
S01010261,746,588,158
S01010262,696,548,148
S01010263,436,280,156
S01010264,500,351,149
S01010265,264,165,99
S01010266,387,218,169
S01010267,250,171,79
S01010268,533,323,210
S01010269,558,398,160
S01010270,766,634,132
S01010271,340,214,126
S01010272,270,239,31
S01010273,157,99,58
S01010274,157,77,80
S01010275,174,108,66
S01010276,84,18,66
S01010277,239,163,76
S01010278,708,485,223
S01010279,306,177,129
S01010280,430,249,181
S01010281,354,171,183
S01010282,657,417,240
S01010283,344,192,152
S01010284,751,413,338
S01010285,533,277,256
S01010286,582,326,256
S01010287,502,254,248
S01010288,419,202,217
S01010289,119,33,86
S01010290,371,216,155
S01010291,472,294,178
S01010292,536,262,274
S01010293,348,215,133
S01010294,436,246,190
S01010295,406,209,197
S01010296,329,175,154
S01010297,528,365,163
S01010298,536,368,168
S01010299,322,204,118
S01010300,724,433,291
S01010301,276,123,153
S01010302,492,387,105
S01010303,286,234,52
S01010304,479,350,129
S01010305,652,412,240
S01010306,448,231,217
S01010307,474,194,280
S01010308,442,179,263
S01010309,431,331,100
S01010310,445,339,106
S01010311,482,373,109
S01010312,372,298,74
S01010313,608,482,126
S01010314,541,366,175
S01010315,317,235,82
S01010316,351,250,101
S01010317,683,324,359
S01010318,326,203,123
S01010319,438,289,149
S01010320,423,280,143
S01010321,566,306,260
S01010322,664,221,443
S01010323,403,356,47
S01010324,491,333,158
S01010325,557,362,195
S01010326,480,385,95
S01010327,295,189,106
S01010328,401,252,149
S01010329,253,167,86
S01010330,328,206,122
S01010331,667,451,216
S01010332,410,241,169
S01010333,446,289,157
S01010334,472,302,170
S01010335,463,284,179
S01010336,479,374,105
S01010337,446,287,159
S01010338,427,308,119
S01010339,407,240,167
S01010340,409,279,130
S01010341,364,135,229
S01010342,411,157,254
S01010343,429,86,343
S01010344,565,391,174
S01010345,114,33,81
S01010346,452,144,308
S01010347,377,224,153
S01010348,535,299,236
S01010349,562,338,224
S01010350,598,419,179
S01010351,343,218,125
S01010352,409,246,163
S01010353,603,497,106
S01010354,297,195,102
S01010355,583,412,171
S01010356,292,132,160
S01010357,385,275,110
S01010358,526,409,117
S01010359,620,480,140
S01010360,323,218,105
S01010361,382,284,98
S01010362,683,481,202
S01010363,376,142,234
S01010364,442,77,365
S01010365,501,79,422
S01010366,631,152,479
S01010367,552,86,466
S01010368,423,64,359
S01010369,464,203,261
S01010370,322,94,228
S01010371,552,213,339
S01010372,448,156,292
S01010373,428,204,224
S01010374,449,172,277
S01010375,450,209,241
S01010376,426,224,202
S01010377,377,197,180
S01010378,413,214,199
S01010379,591,287,304
S01010380,570,265,305
S01010381,322,210,112
S01010382,511,274,237
S01010383,474,329,145
S01010384,641,360,281
S01010385,546,323,223
S01010386,533,332,201
S01010387,719,385,334
S01010388,525,319,206
S01010389,51,31,20
S01010390,748,430,318
S01010391,650,336,314
S01010392,113,70,43
S01010393,805,411,394
S01010394,571,375,196
S01010395,706,384,322
S01010396,586,342,244
S01010397,467,179,288
S01010398,526,180,346
S01010399,858,223,635
S01010400,462,106,356
S01010401,437,181,256
S01010402,574,163,411
S01010403,500,79,421
S01010404,643,174,469
S01010405,541,147,394
S01010406,483,169,314
S01010407,533,250,283
S01010408,329,128,201
S01010409,437,103,334
S01010410,175,19,156
S01010411,523,59,464
S01010412,448,101,347
S01010413,412,106,306
S01010414,521,143,378
S01010415,649,374,275
S01010416,251,46,205
S01010417,287,72,215
S01010418,647,235,412
S01010419,764,219,545
S01010420,471,103,368
S01010421,347,73,274
S01010422,501,184,317
S01010423,500,330,170
S01010424,438,274,164
S01010425,536,322,214
S01010426,611,335,276
S01010427,569,408,161
S01010428,710,281,429
S01010429,326,55,271
S01010430,531,380,151
S01010431,411,122,289
S01010432,432,263,169
S01010433,391,316,75
S01010434,412,300,112
S01010435,342,201,141
S01010436,434,306,128
S01010437,265,166,99
S01010438,363,228,135
S01010439,467,264,203
S01010440,471,263,208
S01010441,341,131,210
S01010442,412,252,160
S01010443,346,169,177
S01010444,298,145,153
S01010445,365,182,183
S01010446,341,111,230
S01010447,570,319,251
S01010448,454,175,279
S01010449,468,242,226
S01010450,492,269,223
S01010451,565,360,205
S01010452,438,245,193
S01010453,583,380,203
S01010454,532,253,279
S01010455,605,443,162
S01010456,369,212,157
S01010457,528,309,219
S01010458,445,257,188
S01010459,368,172,196
S01010460,159,72,87
S01010461,523,263,260
S01010462,456,354,102
S01010463,372,161,211
S01010464,314,153,161
S01010465,413,99,314
S01010466,614,226,388
S01010467,474,151,323
S01010468,437,137,300
S01010469,532,305,227
S01010470,389,187,202
S01010471,475,281,194
S01010472,221,68,153
S01010473,587,246,341
S01010474,559,280,279
S01010475,264,86,178
S01010476,357,207,150
S01010477,445,221,224
S01010478,833,522,311
S01010479,526,287,239
S01010480,397,174,223
S01010481,340,201,139
S01010482,460,235,225
S01010483,600,324,276
S01010484,452,217,235
S01010485,411,160,251
S01010486,465,74,391
S01010487,490,245,245
S01010488,581,362,219
S01010489,529,357,172
S01010490,384,276,108
S01010491,425,302,123
S01010492,364,279,85
S01010493,378,290,88
S01010494,390,240,150
S01010495,474,342,132
S01010496,741,611,130
S01010497,261,185,76
S01010498,595,474,121
S01010499,537,429,108
S01010500,345,247,98
S01010501,348,237,111
S01010502,323,136,187
S01010503,421,320,101
S01010504,257,48,209
S01010505,281,41,240
S01010506,348,58,290
S01010507,399,100,299
S01010508,483,77,406
S01010509,518,73,445
S01010510,602,112,490
S01010511,483,166,317
S01010512,394,107,287
S01010513,329,34,295
S01010514,372,133,239
S01010515,395,142,253
S01010516,272,67,205
S01010517,432,161,271
S01010518,380,99,281
S01010519,345,84,261
S01010520,430,143,287
S01010521,445,171,274
S01010522,303,122,181
S01010523,408,202,206
S01010524,262,34,228
S01010525,284,29,255
S01010526,386,74,312
S01010527,602,206,396
S01010528,287,37,250
S01010529,340,42,298
S01010530,292,27,265
S01010531,419,88,331
S01010532,369,33,336
S01010533,367,69,298
S01010534,419,82,337
S01010535,241,20,221
S01010536,527,175,352
S01010537,538,166,372
S01010538,157,43,114
S01010539,378,85,293
S01010540,280,32,248
S01010541,311,46,265
S01010542,384,62,322
S01010543,233,20,213
S01010544,500,106,394
S01010545,293,82,211
S01010546,388,56,332
S01010547,279,15,264
S01010548,150,10,140
S01010549,133,19,114
S01010550,270,42,228
S01010551,265,19,246
S01010552,364,35,329
S01010553,216,6,210
S01010554,384,133,251
S01010555,456,157,299
S01010556,461,196,265
S01010557,309,76,233
S01010558,265,70,195
S01010559,333,64,269
S01010560,269,51,218
S01010561,366,47,319
S01010562,420,84,336
S01010563,345,133,212
S01010564,318,127,191
S01010565,390,104,286
S01010566,308,25,283
S01010567,367,11,356
S01010568,471,46,425
S01010569,329,32,297
S01010570,524,136,388
S01010571,440,72,368
S01010572,414,109,305
S01010573,276,77,199
S01010574,213,15,198
S01010575,343,30,313
S01010576,325,22,303
S01010577,354,144,210
S01010578,204,39,165
S01010579,326,33,293
S01010580,298,72,226
S01010581,378,60,318
S01010582,131,10,121
S01010583,378,34,344
S01010584,102,36,66
S01010585,99,18,81
S01010586,268,15,253
S01010587,337,26,311
S01010588,240,36,204
S01010589,327,80,247
S01010590,140,4,136
S01010591,47,1,46
S01010592,205,28,177
S01010593,235,21,214
S01010594,77,5,72
S01010595,72,5,67
S01010596,373,37,336
S01010597,123,8,115
S01010598,174,13,161
S01010599,152,16,136
S01010600,357,33,324
S01010601,332,46,286
S01010602,252,43,209
S01010603,365,50,315
S01010604,357,30,327
S01010605,419,39,380
S01010606,444,174,270
S01010607,434,61,373
S01010608,338,177,161
S01010609,239,101,138
S01010610,382,77,305
S01010611,606,231,375
S01010612,307,76,231
S01010613,337,127,210
S01010614,334,185,149
S01010615,419,136,283
S01010616,398,54,344
S01010617,406,61,345
S01010618,425,52,373
S01010619,340,176,164
S01010620,249,178,71
S01010621,503,151,352
S01010622,336,168,168
S01010623,296,62,234
S01010624,282,99,183
S01010625,336,35,301
S01010626,405,71,334
S01010627,471,153,318
S01010628,577,219,358
S01010629,532,172,360
S01010630,298,119,179
S01010631,303,98,205
S01010632,471,216,255
S01010633,419,221,198
S01010634,262,105,157
S01010635,346,172,174
S01010636,419,105,314
S01010637,515,268,247
S01010638,451,222,229
S01010639,563,299,264
S01010640,390,154,236
S01010641,627,412,215
S01010642,467,292,175
S01010643,302,217,85
S01010644,419,312,107
S01010645,362,55,307
S01010646,328,34,294
S01010647,305,54,251
S01010648,459,151,308
S01010649,323,68,255
S01010650,230,47,183
S01010651,293,94,199
S01010652,278,47,231
S01010653,375,76,299
S01010654,349,139,210
S01010655,366,35,331
S01010656,260,44,216
S01010657,303,21,282
S01010658,349,54,295
S01010659,263,20,243
S01010660,307,70,237
S01010661,352,89,263
S01010662,286,32,254
S01010663,441,39,402
S01010664,242,14,228
S01010665,375,49,326
S01010666,479,104,375
S01010667,274,29,245
S01010668,512,82,430
S01010669,246,30,216
S01010670,393,60,333
S01010671,328,52,276
S01010672,624,171,453
S01010673,466,122,344
S01010674,481,116,365
S01010675,374,76,298
S01010676,453,90,363
S01010677,200,23,177
S01010678,368,59,309
S01010679,680,196,484
S01010680,342,120,222
S01010681,401,120,281
S01010682,441,59,382
S01010683,366,82,284
S01010684,467,81,386
S01010685,345,65,280
S01010686,286,55,231
S01010687,462,90,372
S01010688,375,54,321
S01010689,473,81,392
S01010690,400,112,288
S01010691,349,37,312
S01010692,253,59,194
S01010693,172,16,156
S01010694,358,58,300
S01010695,265,26,239
S01010696,409,91,318
S01010697,408,41,367
S01010698,264,30,234
S01010699,220,13,207
S01010700,234,19,215
S01010701,493,77,416
S01010702,384,28,356
S01010703,321,16,305
S01010704,466,122,344
S01010705,399,65,334
S01010706,226,52,174
S01010707,256,19,237
S01010708,425,62,363
S01010709,360,56,304
S01010710,387,106,281
S01010711,261,27,234
S01010712,265,72,193
S01010713,405,112,293
S01010714,419,200,219
S01010715,385,147,238
S01010716,406,123,283
S01010717,440,53,387
S01010718,334,38,296
S01010719,331,50,281
S01010720,367,80,287
S01010721,352,63,289
S01010722,447,91,356
S01010723,348,21,327
S01010724,304,34,270
S01010725,302,23,279
S01010726,437,64,373
S01010727,249,24,225
S01010728,284,21,263
S01010729,327,20,307
S01010730,310,20,290
S01010731,377,101,276
S01010732,336,126,210
S01010733,356,154,202
S01010734,363,161,202
S01010735,358,126,232
S01010736,146,12,134
S01010737,370,140,230
S01010738,404,129,275
S01010739,308,87,221
S01010740,335,150,185
S01010741,271,59,212
S01010742,354,132,222
S01010743,333,121,212
S01010744,465,117,348
S01010745,348,137,211
S01010746,368,54,314
S01010747,419,105,314
S01010748,222,26,196
S01010749,274,37,237
S01010750,261,36,225
S01010751,453,146,307
S01010752,441,137,304
S01010753,488,138,350
S01010754,425,135,290
S01010755,390,118,272
S01010756,357,31,326
S01010757,387,51,336
S01010758,247,46,201
S01010759,304,85,219
S01010760,346,66,280
S01010761,218,23,195
S01010762,246,28,218
S01010763,428,95,333
S01010764,259,40,219
S01010765,532,102,430
S01010766,342,93,249
S01010767,280,111,169
S01010768,336,113,223
S01010769,197,20,177
S01010770,385,97,288
S01010771,494,158,336
S01010772,347,82,265
S01010773,270,40,230
S01010774,523,130,393
S01010775,211,27,184
S01010776,409,176,233
S01010777,294,160,134
S01010778,359,195,164
S01010779,377,168,209
S01010780,271,96,175
S01010781,399,98,301
S01010782,300,109,191
S01010783,424,179,245
S01010784,528,227,301
S01010785,353,78,275
S01010786,194,33,161
S01010787,339,51,288
S01010788,256,43,213
S01010789,339,61,278
S01010790,314,39,275
S01010791,379,49,330
S01010792,454,140,314
S01010793,206,27,179
S01010794,155,19,136
S01010795,515,84,431
S01010796,517,62,455
S01010797,218,23,195
S01010798,263,23,240
S01010799,524,219,305
S01010800,407,158,249
S01010801,407,164,243
S01010802,284,69,215
S01010803,249,106,143
S01010804,367,107,260
S01010805,496,109,387
S01010806,414,188,226
S01010807,234,50,184
S01010808,230,46,184
S01010809,309,38,271
S01010810,251,73,178
S01010811,435,75,360
S01010812,230,61,169
S01010813,404,82,322
S01010814,338,47,291
S01010815,281,54,227
S01010816,352,63,289
S01010817,484,39,445
S01010818,614,139,475
S01010819,409,100,309
S01010820,405,68,337
S01010821,316,13,303
S01010822,159,7,152
S01010823,148,67,81
S01010824,215,3,212
S01010825,262,19,243
S01010826,280,25,255
S01010827,246,20,226
S01010828,394,24,370
S01010829,333,66,267
S01010830,231,43,188
S01010831,119,3,116
S01010832,277,36,241
S01010833,368,24,344
S01010834,569,51,518
S01010835,314,21,293
S01010836,443,71,372
S01010837,356,96,260
S01010838,469,189,280
S01010839,411,142,269
S01010840,355,120,235
S01010841,616,254,362
S01010842,646,382,264
S01010843,486,253,233
S01010844,360,89,271
S01010845,251,52,199
S01010846,356,127,229
S01010847,321,33,288
S01010848,424,223,201
S01010849,359,177,182
S01010850,389,214,175
S01010851,415,226,189
S01010852,340,134,206
S01010853,418,164,254
S01010854,268,161,107
S01010855,226,115,111
S01010856,430,229,201
S01010857,371,120,251
S01010858,507,294,213
S01010859,361,197,164
S01010860,376,165,211
S01010861,393,223,170
S01010862,337,209,128
S01010863,348,85,263
S01010864,276,39,237
S01010865,317,46,271
S01010866,360,73,287
S01010867,348,60,288
S01010868,297,49,248
S01010869,445,32,413
S01010870,375,96,279
S01010871,357,94,263
S01010872,414,166,248
S01010873,502,322,180
S01010874,357,72,285
S01010875,291,106,185
S01010876,365,181,184
S01010877,559,185,374
S01010878,578,279,299
S01010879,472,160,312
S01010880,292,126,166
S01010881,375,154,221
S01010882,247,51,196
S01010883,420,142,278
S01010884,608,363,245
S01010885,743,457,286
S01010886,381,201,180
S01010887,320,213,107
S01010888,518,271,247
S01010889,501,278,223
S01010890,562,441,121
S01010891,357,277,80
S01010892,456,319,137
S01010893,415,301,114
S01010894,254,160,94
S01010895,318,200,118
S01010896,566,374,192
S01010897,333,215,118
S01010898,381,145,236
S01010899,261,71,190
S01010900,402,177,225
S01010901,243,161,82
S01010902,439,231,208
S01010903,396,261,135
S01010904,279,160,119
S01010905,193,82,111
S01010906,323,119,204
S01010907,33,3,30
S01010908,274,114,160
S01010909,274,52,222
S01010910,375,199,176
S01010911,551,386,165
S01010912,473,340,133
S01010913,280,79,201
S01010914,304,64,240
S01010915,351,74,277
S01010916,430,261,169
S01010917,412,225,187
S01010918,559,278,281
S01010919,368,173,195
S01010920,332,218,114
S01010921,305,136,169
S01010922,391,198,193
S01010923,518,255,263
S01010924,294,131,163
S01010925,378,191,187
S01010926,415,180,235
S01010927,400,209,191
S01010928,360,187,173
S01010929,435,239,196
S01010930,252,18,234
S01010931,195,11,184
S01010932,459,146,313
S01010933,151,20,131
S01010934,442,79,363
S01010935,382,100,282
S01010936,368,166,202
S01010937,327,67,260
S01010938,448,222,226
S01010939,292,61,231
S01010940,270,12,258
S01010941,489,17,472
S01010942,268,17,251
S01010943,335,119,216
S01010944,392,175,217
S01010945,224,56,168
S01010946,456,170,286
S01010947,355,114,241
S01010948,285,90,195
S01010949,376,33,343
S01010950,381,114,267
S01010951,304,66,238
S01010952,311,64,247
S01010953,280,46,234
S01010954,289,23,266
S01010955,246,20,226
S01010956,348,40,308
S01010957,234,21,213
S01010958,282,53,229
S01010959,335,98,237
S01010960,513,134,379
S01010961,491,130,361
S01010962,389,119,270
S01010963,414,88,326
S01010964,221,37,184
S01010965,451,202,249
S01010966,394,131,263
S01010967,402,140,262
S01010968,382,81,301
S01010969,326,70,256
S01010970,603,186,417
S01010971,624,80,544
S01010972,279,90,189
S01010973,250,48,202
S01010974,491,178,313
S01010975,261,102,159
S01010976,292,75,217
S01010977,315,81,234
S01010978,428,195,233
S01010979,355,141,214
S01010980,393,167,226
S01010981,340,125,215
S01010982,541,69,472
S01010983,555,150,405
S01010984,473,72,401
S01010985,352,106,246
S01010986,155,5,150
S01010987,152,7,145
S01010988,203,2,201
S01010989,129,13,116
S01010990,295,70,225
S01010991,268,38,230
S01010992,204,46,158
S01010993,292,47,245
S01010994,481,34,447
S01010995,348,41,307
S01010996,341,43,298
S01010997,426,30,396
S01010998,354,27,327
S01010999,333,67,266
S01011000,442,62,380
S01011001,281,91,190
S01011002,320,118,202
S01011003,350,123,227
S01011004,339,59,280
S01011005,369,146,223
S01011006,248,60,188
S01011007,381,139,242
S01011008,386,107,279
S01011009,276,81,195
S01011010,473,209,264
S01011011,456,241,215
S01011012,516,255,261
S01011013,426,181,245
S01011014,376,97,279
S01011015,256,84,172
S01011016,144,14,130
S01011017,336,23,313
S01011018,622,118,504
S01011019,370,48,322
S01011020,164,19,145
S01011021,352,118,234
S01011022,313,117,196
S01011023,348,139,209
S01011024,517,221,296
S01011025,290,104,186
S01011026,251,83,168
S01011027,488,239,249
S01011028,362,125,237
S01011029,322,98,224
S01011030,372,42,330
S01011031,307,108,199
S01011032,406,147,259
S01011033,313,100,213
S01011034,377,174,203
S01011035,258,90,168
S01011036,389,106,283
S01011037,398,146,252
S01011038,402,173,229
S01011039,410,120,290
S01011040,393,141,252
S01011041,289,109,180
S01011042,285,50,235
S01011043,419,126,293
S01011044,354,104,250
S01011045,339,52,287
S01011046,251,24,227
S01011047,408,38,370
S01011048,497,113,384
S01011049,360,93,267
S01011050,342,36,306
S01011051,371,88,283
S01011052,449,90,359
S01011053,300,94,206
S01011054,272,40,232
S01011055,217,31,186
S01011056,218,14,204
S01011057,269,38,231
S01011058,214,9,205
S01011059,268,16,252
S01011060,530,134,396
S01011061,468,126,342
S01011062,610,176,434
S01011063,456,142,314
S01011064,569,148,421
S01011065,312,41,271
S01011066,280,61,219
S01011067,453,148,305
S01011068,328,91,237
S01011069,279,58,221
S01011070,344,75,269
S01011071,382,75,307
S01011072,308,34,274
S01011073,290,56,234
S01011074,279,72,207
S01011075,403,156,247
S01011076,531,196,335
S01011077,436,168,268
S01011078,410,64,346
S01011079,547,160,387
S01011080,494,154,340
S01011081,350,111,239
S01011082,359,175,184
S01011083,461,118,343
S01011084,317,33,284
S01011085,348,50,298
S01011086,275,50,225
S01011087,385,71,314
S01011088,517,122,395
S01011089,396,89,307
S01011090,273,23,250
S01011091,266,15,251
S01011092,120,4,116
S01011093,336,18,318
S01011094,215,25,190
S01011095,364,26,338
S01011096,190,11,179
S01011097,280,20,260
S01011098,398,70,328
S01011099,360,111,249
S01011100,239,47,192
S01011101,324,116,208
S01011102,387,177,210
S01011103,451,229,222
S01011104,299,94,205
S01011105,385,107,278
S01011106,250,16,234
S01011107,124,19,105
S01011108,268,57,211
S01011109,356,60,296
S01011110,414,128,286
S01011111,504,195,309
S01011112,75,11,64
S01011113,490,141,349
S01011114,425,32,393
S01011115,409,165,244
S01011116,346,62,284
S01011117,435,109,326
S01011118,397,75,322
S01011119,375,71,304
S01011120,464,33,431
S01011121,388,205,183
S01011122,351,110,241
S01011123,508,167,341
S01011124,171,57,114
S01011125,191,65,126
S01011126,289,64,225
S01011127,147,1,146
S01011128,458,119,339
S01011129,276,15,261
S01011130,371,140,231
S01011131,311,75,236
S01011132,330,67,263
S01011133,228,62,166
S01011134,398,111,287
S01011135,436,122,314
S01011136,243,67,176
S01011137,230,49,181
S01011138,206,71,135
S01011139,279,21,258
S01011140,218,79,139
S01011141,360,89,271
S01011142,324,21,303
S01011143,471,47,424
S01011144,337,75,262
S01011145,339,33,306
S01011146,243,38,205
S01011147,486,111,375
S01011148,290,29,261
S01011149,171,7,164
S01011150,344,11,333
S01011151,324,42,282
S01011152,434,104,330
S01011153,409,108,301
S01011154,375,202,173
S01011155,369,144,225
S01011156,340,30,310
S01011157,290,23,267
S01011158,272,31,241
S01011159,327,158,169
S01011160,340,75,265
S01011161,254,62,192
S01011162,285,49,236
S01011163,402,128,274
S01011164,229,29,200
S01011165,392,145,247
S01011166,286,28,258
S01011167,369,19,350
S01011168,340,20,320
S01011169,90,15,75
S01011170,337,37,300
S01011171,449,63,386
S01011172,353,65,288
S01011173,404,65,339
S01011174,447,80,367
S01011175,404,115,289
S01011176,328,61,267
S01011177,509,123,386
S01011178,296,38,258
S01011179,308,132,176
S01011180,383,173,210
S01011181,273,36,237
S01011182,196,25,171
S01011183,288,56,232
S01011184,278,13,265
S01011185,340,75,265
S01011186,545,220,325
S01011187,356,52,304
S01011188,509,182,327
S01011189,366,102,264
S01011190,409,158,251
S01011191,342,134,208
S01011192,363,93,270
S01011193,393,148,245
S01011194,300,126,174
S01011195,392,131,261
S01011196,478,232,246
S01011197,365,129,236
S01011198,307,123,184
S01011199,328,118,210
S01011200,409,80,329
S01011201,248,69,179
S01011202,447,145,302
S01011203,560,169,391
S01011204,237,22,215
S01011205,79,5,74
S01011206,233,21,212
S01011207,414,82,332
S01011208,344,39,305
S01011209,297,98,199
S01011210,242,46,196
S01011211,361,31,330
S01011212,283,111,172
S01011213,395,126,269
S01011214,410,168,242
S01011215,372,197,175
S01011216,464,227,237
S01011217,575,300,275
S01011218,405,230,175
S01011219,440,202,238
S01011220,486,210,276
S01011221,512,191,321
S01011222,310,132,178
S01011223,431,166,265
S01011224,341,160,181
S01011225,465,243,222
S01011226,424,102,322
S01011227,411,176,235
S01011228,610,307,303
S01011229,425,196,229
S01011230,629,362,267
S01011231,589,385,204
S01011232,392,200,192
S01011233,300,88,212
S01011234,510,267,243
S01011235,224,112,112
S01011236,288,129,159
S01011237,411,228,183
S01011238,364,204,160
S01011239,530,324,206
S01011240,678,434,244
S01011241,468,215,253
S01011242,460,162,298
S01011243,478,327,151
S01011244,420,259,161
S01011245,430,204,226
S01011246,334,124,210
S01011247,377,69,308
S01011248,381,68,313
S01011249,346,52,294
S01011250,443,228,215
S01011251,381,184,197
S01011252,348,165,183
S01011253,440,271,169
S01011254,469,72,397
S01011255,55,0,55
S01011256,59,1,58
S01011257,219,24,195
S01011258,290,77,213
S01011259,390,160,230
S01011260,342,85,257
S01011261,364,206,158
S01011262,297,110,187
S01011263,276,124,152
S01011264,256,118,138
S01011265,443,206,237
S01011266,369,131,238
S01011267,306,100,206
S01011268,267,84,183
S01011269,306,156,150
S01011270,426,235,191
S01011271,416,167,249
S01011272,373,208,165
S01011273,477,200,277
S01011274,458,195,263
S01011275,339,112,227
S01011276,438,182,256
S01011277,288,29,259
S01011278,289,15,274
S01011279,322,58,264
S01011280,266,20,246
S01011281,283,21,262
S01011282,293,44,249
S01011283,177,8,169
S01011284,143,7,136
S01011285,521,281,240
S01011286,299,132,167
S01011287,428,185,243
S01011288,442,178,264
S01011289,394,165,229
S01011290,597,272,325
S01011291,499,216,283
S01011292,318,180,138
S01011293,425,231,194
S01011294,575,363,212
S01011295,439,129,310
S01011296,348,152,196
S01011297,376,153,223
S01011298,451,136,315
S01011299,186,5,181
S01011300,446,191,255
S01011301,259,32,227
S01011302,564,286,278
S01011303,468,65,403
S01011304,379,101,278
S01011305,255,125,130
S01011306,273,91,182
S01011307,395,79,316
S01011308,261,40,221
S01011309,379,42,337
S01011310,345,97,248
S01011311,456,29,427
S01011312,491,35,456
S01011313,493,128,365
S01011314,376,91,285
S01011315,176,74,102
S01011316,360,130,230
S01011317,443,84,359
S01011318,461,142,319
S01011319,530,131,399
S01011320,384,120,264
S01011321,280,84,196
S01011322,259,63,196
S01011323,457,176,281
S01011324,267,111,156
S01011325,548,278,270
S01011326,701,414,287
S01011327,486,239,247
S01011328,411,154,257
S01011329,472,156,316
S01011330,328,60,268
S01011331,316,43,273
S01011332,433,51,382
S01011333,333,57,276
S01011334,438,92,346
S01011335,389,46,343
S01011336,289,84,205
S01011337,271,25,246
S01011338,276,80,196
S01011339,268,100,168
S01011340,448,181,267
S01011341,355,127,228
S01011342,399,127,272
S01011343,424,193,231
S01011344,394,198,196
S01011345,473,209,264
S01011346,385,136,249
S01011347,534,205,329
S01011348,545,167,378
S01011349,402,39,363
S01011350,334,34,300
S01011351,389,195,194
S01011352,333,133,200
S01011353,281,93,188
S01011354,363,52,311
S01011355,475,133,342
S01011356,357,33,324
S01011357,490,78,412
S01011358,185,5,180
S01011359,365,122,243
S01011360,333,195,138
S01011361,307,219,88
S01011362,131,33,98
S01011363,550,173,377
S01011364,213,51,162
S01011365,249,55,194
S01011366,236,97,139
S01011367,356,136,220
S01011368,37,20,17
S01011369,310,118,192
S01011370,131,64,67
S01011371,767,344,423
S01011372,576,336,240
S01011373,412,201,211
S01011374,198,28,170
S01011375,280,90,190
S01011376,351,180,171
S01011377,239,42,197
S01011378,455,126,329
S01011379,361,51,310
S01011380,399,174,225
S01011381,337,96,241
S01011382,148,86,62
S01011383,567,389,178
S01011384,350,239,111
S01011385,449,263,186
S01011386,410,224,186
S01011387,387,222,165
S01011388,291,137,154
S01011389,383,173,210
S01011390,471,230,241
S01011391,258,107,151
S01011392,401,141,260
S01011393,361,125,236
S01011394,308,117,191
S01011395,423,184,239
S01011396,439,194,245
S01011397,326,151,175
S01011398,324,159,165
S01011399,224,113,111
S01011400,339,141,198
S01011401,426,106,320
S01011402,497,159,338
S01011403,430,141,289
S01011404,564,210,354
S01011405,326,83,243
S01011406,317,114,203
S01011407,574,133,441
S01011408,422,184,238
S01011409,297,141,156
S01011410,384,124,260
S01011411,413,138,275
S01011412,401,44,357
S01011413,226,16,210
S01011414,500,203,297
S01011415,411,134,277
S01011416,337,25,312
S01011417,328,116,212
S01011418,383,182,201
S01011419,319,131,188
S01011420,268,142,126
S01011421,164,12,152
S01011422,178,74,104
S01011423,234,103,131
S01011424,231,69,162
S01011425,297,84,213
S01011426,334,65,269
S01011427,423,146,277
S01011428,305,102,203
S01011429,252,23,229
S01011430,386,59,327
S01011431,580,232,348
S01011432,591,193,398
S01011433,431,193,238
S01011434,435,125,310
S01011435,505,113,392
S01011436,584,254,330
S01011437,392,178,214
S01011438,384,177,207
S01011439,510,174,336
S01011440,452,151,301
S01011441,335,122,213
S01011442,319,120,199
S01011443,371,130,241
S01011444,439,143,296
S01011445,318,122,196
S01011446,382,66,316
S01011447,445,185,260
S01011448,461,106,355
S01011449,305,142,163
S01011450,162,29,133
S01011451,288,42,246
S01011452,390,80,310
S01011453,335,101,234
S01011454,475,196,279
S01011455,465,184,281
S01011456,460,175,285
S01011457,362,159,203
S01011458,269,58,211
S01011459,230,80,150
S01011460,415,176,239
S01011461,395,165,230
S01011462,419,116,303
S01011463,252,51,201
S01011464,122,62,60
S01011465,279,126,153
S01011466,530,209,321
S01011467,156,77,79
S01011468,48,0,48
S01011469,300,135,165
S01011470,458,165,293
S01011471,467,180,287
S01011472,749,401,348
S01011473,573,313,260
S01011474,590,318,272
S01011475,398,264,134
S01011476,304,20,284
S01011477,330,9,321
S01011478,451,69,382
S01011479,385,52,333
S01011480,411,68,343
S01011481,321,160,161
S01011482,490,242,248
S01011483,355,61,294
S01011484,475,231,244
S01011485,372,196,176
S01011486,230,111,119
S01011487,365,158,207
S01011488,283,146,137
S01011489,216,72,144
S01011490,523,211,312
S01011491,265,188,77
S01011492,483,267,216
S01011493,395,123,272
S01011494,345,211,134
S01011495,477,206,271
S01011496,285,177,108
S01011497,327,30,297
S01011498,227,17,210
S01011499,408,113,295
S01011500,471,220,251
S01011501,327,177,150
S01011502,307,103,204
S01011503,428,164,264
S01011504,266,93,173
S01011505,289,130,159
S01011506,273,100,173
S01011507,368,173,195
S01011508,419,148,271
S01011509,245,60,185
S01011510,405,203,202
S01011511,318,159,159
S01011512,558,317,241
S01011513,447,260,187
S01011514,365,146,219
S01011515,359,65,294
S01011516,364,21,343
S01011517,272,109,163
S01011518,305,152,153
S01011519,314,152,162
S01011520,502,282,220
S01011521,608,306,302
S01011522,450,236,214
S01011523,589,252,337
S01011524,371,85,286
S01011525,297,88,209
S01011526,368,111,257
S01011527,364,79,285
S01011528,501,255,246
S01011529,554,317,237
S01011530,581,261,320
S01011531,522,181,341
S01011532,170,7,163
S01011533,313,167,146
S01011534,361,149,212
S01011535,418,260,158
S01011536,260,19,241
S01011537,387,80,307
S01011538,306,31,275
S01011539,388,197,191
S01011540,398,161,237
S01011541,383,218,165
S01011542,435,169,266
S01011543,371,212,159
S01011544,336,171,165
S01011545,359,156,203
S01011546,234,6,228
S01011547,179,7,172
S01011548,359,139,220
S01011549,369,74,295
S01011550,376,15,361
S01011551,381,104,277
S01011552,389,96,293
S01011553,94,19,75
S01011554,422,145,277
S01011555,323,153,170
S01011556,316,158,158
S01011557,385,162,223
S01011558,352,162,190
S01011559,300,133,167
S01011560,414,204,210
S01011561,293,142,151
S01011562,372,206,166
S01011563,404,229,175
S01011564,311,131,180
S01011565,336,141,195
S01011566,315,158,157
S01011567,358,162,196
S01011568,315,120,195
S01011569,346,156,190
S01011570,426,178,248
S01011571,514,295,219
S01011572,473,237,236
S01011573,340,146,194
S01011574,271,112,159
S01011575,205,109,96
S01011576,402,256,146
S01011577,275,100,175
S01011578,508,230,278
S01011579,354,35,319
S01011580,478,294,184
S01011581,441,228,213
S01011582,561,124,437
S01011583,464,221,243
S01011584,366,176,190
S01011585,549,271,278
S01011586,296,135,161
S01011587,297,129,168
S01011588,367,146,221
S01011589,394,136,258
S01011590,442,154,288
S01011591,387,185,202
S01011592,378,187,191
S01011593,269,105,164
S01011594,300,119,181
S01011595,434,111,323
S01011596,575,159,416
S01011597,376,119,257
S01011598,577,385,192
S01011599,414,190,224
S01011600,352,146,206
S01011601,305,23,282
S01011602,296,140,156
S01011603,541,304,237
S01011604,289,140,149
S01011605,381,163,218
S01011606,141,7,134
S01011607,306,19,287
S01011608,316,32,284
S01011609,446,270,176
S01011610,417,215,202
S01011611,284,47,237
S01011612,104,31,73
S01011613,370,13,357
S01011614,181,51,130
S01011615,348,127,221
S01011616,259,124,135
S01011617,452,182,270
S01011618,330,112,218
S01011619,305,31,274
S01011620,260,10,250
S01011621,333,59,274
S01011622,59,4,55
S01011623,394,121,273
S01011624,343,100,243
S01011625,230,60,170
S01011626,390,27,363
S01011627,235,14,221
S01011628,486,42,444
S01011629,313,119,194
S01011630,275,112,163
S01011631,352,165,187
S01011632,416,167,249
S01011633,475,189,286
S01011634,329,95,234
S01011635,259,94,165
S01011636,343,176,167
S01011637,321,148,173
S01011638,372,175,197
S01011639,268,138,130
S01011640,416,185,231
S01011641,374,32,342
S01011642,377,96,281
S01011643,288,137,151
S01011644,409,164,245
S01011645,291,98,193
S01011646,329,18,311
S01011647,385,12,373
S01011648,184,74,110
S01011649,190,95,95
S01011650,501,160,341
S01011651,354,122,232
S01011652,378,94,284
S01011653,429,177,252
S01011654,550,270,280
S01011655,420,240,180
S01011656,322,189,133
S01011657,315,192,123
S01011658,398,148,250
S01011659,385,142,243
S01011660,470,92,378
S01011661,434,158,276
S01011662,179,11,168
S01011663,374,191,183
S01011664,391,186,205
S01011665,530,279,251
S01011666,524,294,230
S01011667,446,209,237
S01011668,612,313,299
S01011669,398,121,277
S01011670,348,123,225
S01011671,331,96,235
S01011672,338,125,213
S01011673,339,155,184
S01011674,349,118,231
S01011675,413,175,238
S01011676,347,158,189
S01011677,66,28,38
S01011678,221,95,126
S01011679,255,89,166
S01011680,500,200,300
S01011681,306,106,200
S01011682,277,25,252
S01011683,326,79,247
S01011684,285,67,218
S01011685,128,36,92
S01011686,364,36,328
S01011687,425,145,280
S01011688,396,79,317
S01011689,198,39,159
S01011690,349,89,260
S01011691,122,34,88
S01011692,513,229,284
S01011693,410,97,313
S01011694,57,19,38
S01011695,383,56,327
S01011696,65,16,49
S01011697,197,82,115
S01011698,313,105,208
S01011699,351,56,295
S01011700,407,124,283
S01011701,332,45,287
S01011702,379,80,299
S01011703,302,38,264
S01011704,324,49,275
S01011705,363,119,244
S01011706,418,152,266
S01011707,251,25,226
S01011708,461,153,308
S01011709,448,124,324
S01011710,272,120,152
S01011711,559,303,256
S01011712,298,109,189
S01011713,527,124,403
S01011714,180,34,146
S01011715,505,202,303
S01011716,382,30,352
S01011717,324,24,300
S01011718,99,14,85
S01011719,244,13,231
S01011720,251,19,232
S01011721,302,86,216
S01011722,574,193,381
S01011723,368,106,262
S01011724,255,32,223
S01011725,218,5,213
S01011726,205,5,200
S01011727,85,23,62
S01011728,388,119,269
S01011729,498,218,280
S01011730,421,79,342
S01011731,438,113,325
S01011732,355,45,310
S01011733,344,100,244
S01011734,382,112,270
S01011735,285,21,264
S01011736,462,131,331
S01011737,377,143,234
S01011738,361,168,193
S01011739,258,87,171
S01011740,285,144,141
S01011741,463,238,225
S01011742,373,143,230
S01011743,340,96,244
S01011744,416,220,196
S01011745,542,261,281
S01011746,372,202,170
S01011747,428,236,192
S01011748,431,219,212
S01011749,388,182,206
S01011750,382,159,223
S01011751,601,363,238
S01011752,520,220,300
S01011753,390,92,298
S01011754,414,142,272
S01011755,441,144,297
S01011756,514,183,331
S01011757,408,167,241
S01011758,254,75,179
S01011759,368,117,251
S01011760,413,156,257
S01011761,256,93,163
S01011762,434,196,238
S01011763,346,100,246
S01011764,136,24,112
S01011765,450,24,426
S01011766,270,19,251
S01011767,559,184,375
S01011768,374,140,234
S01011769,434,203,231
S01011770,456,166,290
S01011771,227,7,220
S01011772,373,6,367
S01011773,187,3,184
S01011774,311,64,247
S01011775,254,8,246
S01011776,149,1,148
S01011777,252,20,232
S01011778,269,44,225
S01011779,301,26,275
S01011780,240,12,228
S01011781,339,47,292
S01011782,290,10,280
S01011783,207,11,196
S01011784,360,128,232
S01011785,450,172,278
S01011786,66,0,66
S01011787,496,271,225
S01011788,164,1,163
S01011789,464,57,407
S01011790,464,149,315
S01011791,341,127,214
S01011792,488,240,248
S01011793,305,104,201
S01011794,417,194,223
S01011795,336,129,207
S01011796,417,228,189
S01011797,322,15,307
S01011798,239,90,149
S01011799,396,71,325
S01011800,280,86,194
S01011801,285,134,151
S01011802,356,167,189
S01011803,252,81,171
S01011804,451,157,294
S01011805,424,126,298
S01011806,490,90,400
S01011807,392,46,346
S01011808,386,53,333
S01011809,241,20,221
S01011810,433,62,371
S01011811,360,36,324
S01011812,410,45,365
S01011813,320,30,290
S01011814,245,21,224
S01011815,189,9,180
S01011816,245,18,227
S01011817,264,17,247
S01011818,518,70,448
S01011819,594,197,397
S01011820,328,103,225
S01011821,227,78,149
S01011822,436,208,228
S01011823,279,83,196
S01011824,411,133,278
S01011825,253,90,163
S01011826,329,95,234
S01011827,292,63,229
S01011828,363,81,282
S01011829,191,26,165
S01011830,346,62,284
S01011831,455,82,373
S01011832,350,66,284
S01011833,309,11,298
S01011834,239,15,224
S01011835,230,15,215
S01011836,434,13,421
S01011837,283,7,276
S01011838,446,29,417
S01011839,487,29,458
S01011840,471,53,418
S01011841,625,163,462
S01011842,608,161,447
S01011843,468,27,441
S01011844,371,35,336
S01011845,345,65,280
S01011846,363,49,314
S01011847,172,8,164
S01011848,319,24,295
S01011849,295,41,254
S01011850,387,28,359
S01011851,344,59,285
S01011852,429,127,302
S01011853,353,47,306
S01011854,440,57,383
S01011855,467,132,335
S01011856,314,20,294
S01011857,476,95,381
S01011858,403,48,355
S01011859,506,121,385
S01011860,279,20,259
S01011861,331,40,291
S01011862,392,41,351
S01011863,402,80,322
S01011864,336,37,299
S01011865,320,79,241
S01011866,473,95,378
S01011867,434,186,248
S01011868,399,130,269
S01011869,393,157,236
S01011870,305,68,237
S01011871,376,20,356
S01011872,348,26,322
S01011873,287,22,265
S01011874,349,45,304
S01011875,484,91,393
S01011876,399,41,358
S01011877,342,48,294
S01011878,469,49,420
S01011879,294,18,276
S01011880,380,31,349
S01011881,353,62,291
S01011882,434,119,315
S01011883,571,71,500
S01011884,151,12,139
S01011885,192,38,154
S01011886,385,65,320
S01011887,292,79,213
S01011888,546,214,332
S01011889,465,144,321
S01011890,401,88,313
S01011891,381,174,207
S01011892,580,141,439
S01011893,523,175,348
S01011894,319,84,235
S01011895,451,78,373
S01011896,481,149,332
S01011897,469,87,382
S01011898,280,36,244
S01011899,447,39,408
S01011900,267,8,259
S01011901,365,47,318
S01011902,502,63,439
S01011903,414,37,377
S01011904,381,23,358
S01011905,287,22,265
S01011906,158,6,152
S01011907,371,27,344
S01011908,226,23,203
S01011909,213,13,200
S01011910,557,231,326
S01011911,326,124,202
S01011912,389,197,192
S01011913,415,205,210
S01011914,415,212,203
S01011915,364,145,219
S01011916,365,149,216
S01011917,284,116,168
S01011918,409,214,195
S01011919,375,168,207
S01011920,298,137,161
S01011921,289,132,157
S01011922,375,158,217
S01011923,363,149,214
S01011924,415,157,258
S01011925,96,39,57
S01011926,369,151,218
S01011927,281,127,154
S01011928,389,149,240
S01011929,324,136,188
S01011930,333,145,188
S01011931,313,191,122
S01011932,182,96,86
S01011933,556,225,331
S01011934,385,132,253
S01011935,555,287,268
S01011936,376,142,234
S01011937,233,159,74
S01011938,263,129,134
S01011939,503,262,241
S01011940,522,327,195
S01011941,557,313,244
S01011942,492,303,189
S01011943,777,494,283
S01011944,202,27,175
S01011945,526,37,489
S01011946,440,191,249
S01011947,285,60,225
S01011948,458,151,307
S01011949,444,40,404
S01011950,430,107,323
S01011951,364,69,295
S01011952,178,22,156
S01011953,414,64,350
S01011954,276,90,186
S01011955,510,142,368
S01011956,309,40,269
S01011957,353,52,301
S01011958,582,56,526
S01011959,382,23,359
S01011960,304,31,273
S01011961,432,40,392
S01011962,241,14,227
S01011963,268,61,207
S01011964,445,68,377
S01011965,442,76,366
S01011966,310,36,274
S01011967,370,19,351
S01011968,555,133,422
S01011969,716,172,544
S01011970,704,207,497
S01011971,252,31,221
S01011972,698,65,633
S01011973,236,27,209
S01011974,285,23,262
S01011975,182,29,153
S01011976,408,88,320
S01011977,528,101,427
S01011978,553,158,395
S01011979,357,42,315
S01011980,185,9,176
S01011981,465,54,411
S01011982,581,57,524
S01011983,563,80,483
S01011984,281,125,156
S01011985,270,43,227
S01011986,414,140,274
S01011987,431,116,315
S01011988,287,39,248
S01011989,335,66,269
S01011990,355,49,306
S01011991,417,115,302
S01011992,425,93,332
S01011993,513,225,288
S01011994,335,21,314
S01011995,289,22,267
S01011996,340,77,263
S01011997,531,125,406
S01011998,269,16,253
S01011999,284,33,251
S01012000,239,28,211
S01012001,369,77,292
S01012002,329,64,265
S01012003,359,42,317
S01012004,493,80,413
S01012005,301,26,275
S01012006,331,27,304
S01012007,434,97,337
S01012008,607,125,482
S01012009,279,31,248
S01012010,600,106,494
S01012011,608,162,446
S01012012,322,76,246
S01012013,369,45,324
S01012014,763,187,576
S01012015,535,142,393
S01012016,320,56,264
S01012017,253,16,237
S01012018,365,23,342
S01012019,301,69,232
S01012020,477,154,323
S01012021,325,51,274
S01012022,455,117,338
S01012023,233,8,225
S01012024,438,47,391
S01012025,287,47,240
S01012026,197,54,143
S01012027,402,76,326
S01012028,400,19,381
S01012029,377,65,312
S01012030,489,43,446
S01012031,250,9,241
S01012032,154,10,144
S01012033,419,124,295
S01012034,411,123,288
S01012035,511,99,412
S01012036,536,95,441
S01012037,538,243,295
S01012038,463,309,154
S01012039,432,168,264
S01012040,244,44,200
S01012041,517,161,356
S01012042,419,171,248
S01012043,352,178,174
S01012044,492,271,221
S01012045,523,244,279
S01012046,469,247,222
S01012047,563,340,223
S01012048,356,191,165
S01012049,347,107,240
S01012050,351,60,291
S01012051,255,100,155
S01012052,437,197,240
S01012053,476,249,227
S01012054,580,320,260
S01012055,447,248,199
S01012056,413,118,295
S01012057,317,18,299
S01012058,319,74,245
S01012059,433,183,250
S01012060,386,189,197
S01012061,460,101,359
S01012062,363,59,304
S01012063,294,31,263
S01012064,296,165,131
S01012065,303,229,74
S01012066,376,180,196
S01012067,291,187,104
S01012068,328,210,118
S01012069,329,222,107
S01012070,512,397,115
S01012071,556,398,158
S01012072,597,335,262
S01012073,289,118,171
S01012074,302,44,258
S01012075,426,103,323
S01012076,492,211,281
S01012077,362,170,192
S01012078,327,92,235
S01012079,462,236,226
S01012080,444,200,244
S01012081,385,229,156
S01012082,456,230,226
S01012083,587,353,234
S01012084,271,46,225
S01012085,333,88,245
S01012086,445,202,243
S01012087,391,154,237
S01012088,235,44,191
S01012089,353,20,333
S01012090,410,16,394
S01012091,342,66,276
S01012092,266,28,238
S01012093,289,51,238
S01012094,327,26,301
S01012095,474,140,334
S01012096,391,186,205
S01012097,300,147,153
S01012098,404,197,207
S01012099,422,222,200
S01012100,624,278,346
S01012101,359,57,302
S01012102,444,255,189
S01012103,479,136,343
S01012104,334,42,292
S01012105,428,86,342
S01012106,480,92,388
S01012107,258,31,227
S01012108,681,428,253
S01012109,596,335,261
S01012110,554,270,284
S01012111,641,363,278
S01012112,569,233,336
S01012113,522,191,331
S01012114,399,69,330
S01012115,332,127,205
S01012116,317,122,195
S01012117,111,14,97
S01012118,226,18,208
S01012119,347,16,331
S01012120,292,140,152
S01012121,367,206,161
S01012122,371,153,218
S01012123,312,140,172
S01012124,345,125,220
S01012125,590,394,196
S01012126,266,90,176
S01012127,494,309,185
S01012128,265,186,79
S01012129,532,261,271
S01012130,672,418,254
S01012131,747,478,269
S01012132,476,267,209
S01012133,504,241,263
S01012134,601,247,354
S01012135,729,480,249
S01012136,511,322,189
S01012137,524,319,205
S01012138,578,212,366
S01012139,511,253,258
S01012140,396,97,299
S01012141,495,70,425
S01012142,382,58,324
S01012143,515,80,435
S01012144,444,89,355
S01012145,444,46,398
S01012146,546,309,237
S01012147,476,282,194
S01012148,369,216,153
S01012149,340,106,234
S01012150,383,221,162
S01012151,536,300,236
S01012152,459,270,189
S01012153,209,125,84
S01012154,383,239,144
S01012155,484,239,245
S01012156,691,358,333
S01012157,472,220,252
S01012158,403,149,254
S01012159,227,27,200
S01012160,397,86,311
S01012161,226,143,83
S01012162,380,266,114
S01012163,280,84,196
S01012164,162,15,147
S01012165,443,293,150
S01012166,384,203,181
S01012167,355,186,169
S01012168,482,137,345
S01012169,430,184,246
S01012170,658,287,371
S01012171,564,257,307
S01012172,462,211,251
S01012173,331,42,289
S01012174,428,97,331
S01012175,473,63,410
S01012176,557,63,494
S01012177,330,35,295
S01012178,392,48,344
S01012179,356,141,215
S01012180,337,129,208
S01012181,599,271,328
S01012182,291,107,184
S01012183,342,176,166
S01012184,72,47,25
S01012185,456,247,209
S01012186,417,196,221
S01012187,439,224,215
S01012188,275,47,228
S01012189,288,74,214
S01012190,146,15,131
S01012191,396,30,366
S01012192,172,5,167
S01012193,248,11,237
S01012194,270,7,263
S01012195,354,56,298
S01012196,203,24,179
S01012197,463,163,300
S01012198,425,91,334
S01012199,371,107,264
S01012200,278,100,178
S01012201,450,128,322
S01012202,236,44,192
S01012203,375,17,358
S01012204,262,3,259
S01012205,355,13,342
S01012206,360,52,308
S01012207,506,181,325
S01012208,580,223,357
S01012209,458,167,291
S01012210,367,158,209
S01012211,485,120,365
S01012212,457,36,421
S01012213,417,28,389
S01012214,333,32,301
S01012215,381,31,350
S01012216,477,34,443
S01012217,248,133,115
S01012218,319,184,135
S01012219,416,220,196
S01012220,431,255,176
S01012221,398,208,190
S01012222,557,246,311
S01012223,363,180,183
S01012224,491,212,279
S01012225,475,225,250
S01012226,344,90,254
S01012227,357,94,263
S01012228,293,61,232
S01012229,373,16,357
S01012230,453,22,431
S01012231,282,6,276
S01012232,425,19,406
S01012233,321,7,314
S01012234,485,38,447
S01012235,304,19,285
S01012236,394,83,311
S01012237,335,13,322
S01012238,307,130,177
S01012239,275,110,165
S01012240,328,94,234
S01012241,280,14,266
S01012242,341,10,331
S01012243,363,17,346
S01012244,387,17,370
S01012245,556,78,478
S01012246,364,20,344
S01012247,275,19,256
S01012248,316,20,296
S01012249,421,31,390
S01012250,360,30,330
S01012251,550,202,348
S01012252,544,168,376
S01012253,525,220,305
S01012254,417,107,310
S01012255,388,130,258
S01012256,321,23,298
S01012257,466,104,362
S01012258,469,14,455
S01012259,383,25,358
S01012260,380,100,280
S01012261,200,19,181
S01012262,432,48,384
S01012263,354,99,255
S01012264,162,43,119
S01012265,538,157,381
S01012266,507,166,341
S01012267,358,52,306
S01012268,474,36,438
S01012269,415,100,315
S01012270,377,92,285
S01012271,455,23,432
S01012272,320,40,280
S01012273,278,9,269
S01012274,505,111,394
S01012275,371,151,220
S01012276,694,201,493
S01012277,534,138,396
S01012278,679,329,350
S01012279,545,185,360
S01012280,468,145,323
S01012281,482,160,322
S01012282,468,106,362
S01012283,389,95,294
S01012284,425,187,238
S01012285,329,74,255
S01012286,480,178,302
S01012287,570,270,300
S01012288,469,201,268
S01012289,399,43,356
S01012290,310,77,233
S01012291,332,51,281
S01012292,508,88,420
S01012293,263,32,231
S01012294,421,84,337
S01012295,109,9,100
S01012296,239,28,211
S01012297,223,9,214
S01012298,383,66,317
S01012299,229,18,211
S01012300,500,72,428
S01012301,423,33,390
S01012302,305,19,286
S01012303,348,22,326
S01012304,465,35,430
S01012305,394,79,315
S01012306,427,133,294
S01012307,445,124,321
S01012308,318,47,271
S01012309,425,76,349
S01012310,590,97,493
S01012311,418,72,346
S01012312,433,49,384
S01012313,354,43,311
S01012314,387,142,245
S01012315,339,99,240
S01012316,323,115,208
S01012317,183,43,140
S01012318,331,85,246
S01012319,342,32,310
S01012320,318,66,252
S01012321,353,69,284
S01012322,478,48,430
S01012323,396,45,351
S01012324,413,26,387
S01012325,283,50,233
S01012326,473,124,349
S01012327,450,80,370
S01012328,415,61,354
S01012329,437,31,406
S01012330,312,27,285
S01012331,361,30,331
S01012332,401,22,379
S01012333,407,17,390
S01012334,430,97,333
S01012335,609,63,546
S01012336,448,146,302
S01012337,528,214,314
S01012338,365,124,241
S01012339,428,110,318
S01012340,301,57,244
S01012341,344,14,330
S01012342,373,30,343
S01012343,377,26,351
S01012344,413,90,323
S01012345,325,62,263
S01012346,367,23,344
S01012347,329,73,256
S01012348,386,50,336
S01012349,513,126,387
S01012350,520,157,363
S01012351,418,135,283
S01012352,486,96,390
S01012353,465,176,289
S01012354,430,91,339
S01012355,376,27,349
S01012356,497,55,442
S01012357,377,38,339
S01012358,356,23,333
S01012359,435,192,243
S01012360,317,154,163
S01012361,369,146,223
S01012362,437,195,242
S01012363,706,346,360
S01012364,444,165,279
S01012365,569,132,437
S01012366,509,219,290
S01012367,497,112,385
S01012368,363,47,316
S01012369,479,114,365
S01012370,654,266,388
S01012371,588,263,325
S01012372,592,255,337
S01012373,553,146,407
S01012374,405,113,292
S01012375,577,219,358
S01012376,356,24,332
S01012377,296,28,268
S01012378,302,7,295
S01012379,233,13,220
S01012380,621,165,456
S01012381,544,198,346
S01012382,477,66,411
S01012383,541,141,400
S01012384,266,82,184
S01012385,347,61,286
S01012386,492,180,312
S01012387,384,65,319
S01012388,299,45,254
S01012389,315,58,257
S01012390,268,57,211
S01012391,325,17,308
S01012392,218,29,189
S01012393,423,69,354
S01012394,425,164,261
S01012395,384,137,247
S01012396,438,163,275
S01012397,395,108,287
S01012398,520,236,284
S01012399,407,171,236
S01012400,424,181,243
S01012401,410,118,292
S01012402,133,10,123
S01012403,383,53,330
S01012404,483,122,361
S01012405,235,24,211
S01012406,267,27,240
S01012407,368,60,308
S01012408,315,48,267
S01012409,430,84,346
S01012410,505,97,408
S01012411,527,101,426
S01012412,281,61,220
S01012413,459,95,364
S01012414,363,89,274
S01012415,276,44,232
S01012416,204,32,172
S01012417,283,64,219
S01012418,362,42,320
S01012419,447,52,395
S01012420,460,157,303
S01012421,424,82,342
S01012422,545,108,437
S01012423,456,87,369
S01012424,371,157,214
S01012425,313,183,130
S01012426,302,141,161
S01012427,346,137,209
S01012428,367,111,256
S01012429,239,82,157
S01012430,477,167,310
S01012431,478,144,334
S01012432,399,136,263
S01012433,415,156,259
S01012434,367,147,220
S01012435,443,185,258
S01012436,416,150,266
S01012437,339,105,234
S01012438,265,105,160
S01012439,402,115,287
S01012440,218,25,193
S01012441,395,35,360
S01012442,293,38,255
S01012443,270,47,223
S01012444,399,32,367
S01012445,38,2,36
S01012446,333,85,248
S01012447,384,21,363
S01012448,178,9,169
S01012449,245,53,192
S01012450,320,27,293
S01012451,400,46,354
S01012452,317,34,283
S01012453,361,32,329
S01012454,467,46,421
S01012455,253,21,232
S01012456,399,17,382
S01012457,437,18,419
S01012458,356,29,327
S01012459,339,35,304
S01012460,365,38,327
S01012461,325,91,234
S01012462,452,196,256
S01012463,348,129,219
S01012464,255,106,149
S01012465,318,94,224
S01012466,446,115,331
S01012467,575,198,377
S01012468,362,108,254
S01012469,462,88,374
S01012470,490,167,323
S01012471,311,13,298
S01012472,361,32,329
S01012473,263,13,250
S01012474,411,147,264
S01012475,324,48,276
S01012476,499,180,319
S01012477,334,37,297
S01012478,373,133,240
S01012479,402,38,364
S01012480,95,34,61
S01012481,418,178,240
S01012482,416,158,258
S01012483,458,268,190
S01012484,523,99,424
S01012485,567,116,451
S01012486,353,68,285
S01012487,302,120,182
S01012488,490,198,292
S01012489,604,367,237
S01012490,635,375,260
S01012491,375,247,128
S01012492,613,409,204
S01012493,454,263,191
S01012494,630,234,396
S01012495,503,216,287
S01012496,309,117,192
S01012497,315,170,145
S01012498,365,197,168
S01012499,439,127,312
S01012500,278,132,146
S01012501,411,237,174
S01012502,435,243,192
S01012503,334,178,156
S01012504,279,131,148
S01012505,492,223,269
S01012506,220,68,152
S01012507,466,177,289
S01012508,409,161,248
S01012509,248,58,190
S01012510,436,66,370
S01012511,362,107,255
S01012512,404,165,239
S01012513,232,16,216
S01012514,327,15,312
S01012515,402,214,188
S01012516,290,83,207
S01012517,432,136,296
S01012518,397,106,291
S01012519,438,154,284
S01012520,337,40,297
S01012521,401,113,288
S01012522,379,49,330
S01012523,483,101,382
S01012524,530,139,391
S01012525,476,107,369
S01012526,434,92,342
S01012527,291,65,226
S01012528,340,123,217
S01012529,409,106,303
S01012530,505,92,413
S01012531,366,83,283
S01012532,413,83,330
S01012533,412,123,289
S01012534,444,172,272
S01012535,411,148,263
S01012536,355,111,244
S01012537,489,189,300
S01012538,464,153,311
S01012539,360,96,264
S01012540,447,164,283
S01012541,396,94,302
S01012542,450,60,390
S01012543,271,26,245
S01012544,231,54,177
S01012545,247,104,143
S01012546,372,93,279
S01012547,315,55,260
S01012548,389,54,335
S01012549,382,163,219
S01012550,419,113,306
S01012551,437,19,418
S01012552,369,38,331
S01012553,343,26,317
S01012554,275,19,256
S01012555,211,15,196
S01012556,220,7,213
S01012557,326,25,301
S01012558,342,118,224
S01012559,476,220,256
S01012560,531,179,352
S01012561,571,176,395
S01012562,551,227,324
S01012563,341,17,324
S01012564,366,46,320
S01012565,438,117,321
S01012566,526,235,291
S01012567,552,225,327
S01012568,449,49,400
S01012569,314,23,291
S01012570,337,44,293
S01012571,330,69,261
S01012572,247,26,221
S01012573,311,14,297
S01012574,496,52,444
S01012575,347,41,306
S01012576,428,80,348
S01012577,424,69,355
S01012578,655,161,494
S01012579,293,45,248
S01012580,294,19,275
S01012581,466,161,305
S01012582,279,44,235
S01012583,326,110,216
S01012584,274,39,235
S01012585,604,153,451
S01012586,265,13,252
S01012587,289,18,271
S01012588,271,15,256
S01012589,332,77,255
S01012590,454,155,299
S01012591,527,198,329
S01012592,154,8,146
S01012593,349,27,322
S01012594,305,47,258
S01012595,386,81,305
S01012596,290,113,177
S01012597,149,55,94
S01012598,292,41,251
S01012599,330,63,267
S01012600,263,19,244
S01012601,310,23,287
S01012602,384,172,212
S01012603,336,126,210
S01012604,357,96,261
S01012605,286,59,227
S01012606,99,0,99
S01012607,297,61,236
S01012608,463,137,326
S01012609,427,160,267
S01012610,506,181,325
S01012611,367,55,312
S01012612,449,75,374
S01012613,512,130,382
S01012614,423,80,343
S01012615,413,51,362
S01012616,321,55,266
S01012617,132,8,124
S01012618,256,34,222
S01012619,366,153,213
S01012620,415,50,365
S01012621,418,86,332
S01012622,390,100,290
S01012623,394,154,240
S01012624,363,131,232
S01012625,329,107,222
S01012626,286,37,249
S01012627,269,71,198
S01012628,204,39,165
S01012629,135,24,111
S01012630,448,196,252
S01012631,454,192,262
S01012632,209,11,198
S01012633,399,86,313
S01012634,523,119,404
S01012635,528,97,431
S01012636,283,37,246
S01012637,462,180,282
S01012638,469,152,317
S01012639,575,194,381
S01012640,591,180,411
S01012641,322,80,242
S01012642,648,244,404
S01012643,211,82,129
S01012644,241,110,131
S01012645,429,128,301
S01012646,393,75,318
S01012647,120,4,116
S01012648,290,104,186
S01012649,351,85,266
S01012650,310,39,271
S01012651,367,168,199
S01012652,390,27,363
S01012653,370,115,255
S01012654,367,65,302
S01012655,498,147,351
S01012656,440,171,269
S01012657,382,114,268
S01012658,408,66,342
S01012659,205,10,195
S01012660,322,127,195
S01012661,392,84,308
S01012662,444,141,303
S01012663,388,85,303
S01012664,451,147,304
S01012665,405,195,210
S01012666,382,153,229
S01012667,314,134,180
S01012668,480,169,311
S01012669,408,45,363
S01012670,274,36,238
S01012671,486,156,330
S01012672,328,153,175
S01012673,423,168,255
S01012674,330,177,153
S01012675,489,215,274
S01012676,349,72,277
S01012677,265,98,167
S01012678,261,7,254
S01012679,287,128,159
S01012680,97,18,79
S01012681,299,47,252
S01012682,364,78,286
S01012683,381,108,273
S01012684,166,19,147
S01012685,472,129,343
S01012686,539,118,421
S01012687,549,35,514
S01012688,470,142,328
S01012689,240,36,204
S01012690,201,20,181
S01012691,379,26,353
S01012692,402,100,302
S01012693,315,9,306
S01012694,244,61,183
S01012695,232,10,222
S01012696,234,8,226
S01012697,191,12,179
S01012698,395,38,357
S01012699,381,74,307
S01012700,327,32,295
S01012701,437,31,406
S01012702,180,37,143
S01012703,264,53,211
S01012704,291,137,154
S01012705,238,9,229
S01012706,421,180,241
S01012707,319,7,312
S01012708,433,212,221
S01012709,331,147,184
S01012710,450,207,243
S01012711,594,301,293
S01012712,361,28,333
S01012713,534,122,412
S01012714,286,26,260
S01012715,532,248,284
S01012716,464,59,405
S01012717,548,230,318
S01012718,366,122,244
S01012719,472,207,265
S01012720,382,139,243
S01012721,314,97,217
S01012722,627,358,269
S01012723,440,249,191
S01012724,397,148,249
S01012725,470,167,303
S01012726,415,121,294
S01012727,380,182,198
S01012728,441,259,182
S01012729,417,91,326
S01012730,268,112,156
S01012731,342,127,215
S01012732,333,99,234
S01012733,77,5,72
S01012734,44,23,21
S01012735,253,92,161
S01012736,505,115,390
S01012737,473,95,378
S01012738,231,72,159
S01012739,51,7,44
S01012740,39,22,17
S01012741,275,24,251
S01012742,355,15,340
S01012743,375,23,352
S01012744,278,16,262
S01012745,357,68,289
S01012746,426,72,354
S01012747,483,127,356
S01012748,367,207,160
S01012749,379,209,170
S01012750,326,150,176
S01012751,629,266,363
S01012752,287,116,171
S01012753,237,142,95
S01012754,397,171,226
S01012755,297,155,142
S01012756,462,154,308
S01012757,239,118,121
S01012758,299,118,181
S01012759,365,190,175
S01012760,374,199,175
S01012761,473,225,248
S01012762,345,105,240
S01012763,282,128,154
S01012764,419,161,258
S01012765,268,126,142
S01012766,320,167,153
S01012767,310,30,280
S01012768,347,18,329
S01012769,180,21,159
S01012770,372,159,213
S01012771,442,198,244
S01012772,462,202,260
S01012773,559,225,334
S01012774,377,139,238
S01012775,336,127,209
S01012776,393,179,214
S01012777,240,70,170
S01012778,291,130,161
S01012779,273,125,148
S01012780,369,199,170
S01012781,264,52,212
S01012782,410,238,172
S01012783,447,238,209
S01012784,442,229,213
S01012785,395,258,137
S01012786,526,374,152
S01012787,189,116,73
S01012788,428,177,251
S01012789,479,152,327
S01012790,219,42,177
S01012791,389,80,309
S01012792,549,220,329
S01012793,475,254,221
S01012794,156,52,104
S01012795,503,272,231
S01012796,243,139,104
S01012797,243,139,104
S01012798,383,71,312
S01012799,539,77,462
S01012800,369,41,328
S01012801,140,27,113
S01012802,209,2,207
S01012803,323,17,306
S01012804,399,174,225
S01012805,421,147,274
S01012806,379,106,273
S01012807,256,16,240
S01012808,389,118,271
S01012809,446,153,293
S01012810,472,240,232
S01012811,370,101,269
S01012812,400,114,286
S01012813,414,38,376
S01012814,332,25,307
S01012815,236,22,214
S01012816,204,67,137
S01012817,116,9,107
S01012818,280,22,258
S01012819,513,248,265
S01012820,234,31,203
S01012821,173,56,117
S01012822,399,215,184
S01012823,123,11,112
S01012824,354,111,243
S01012825,325,191,134
S01012826,242,123,119
S01012827,187,107,80
S01012828,224,30,194
S01012829,339,163,176
S01012830,297,119,178
S01012831,381,191,190
S01012832,242,122,120
S01012833,489,288,201
S01012834,352,154,198
S01012835,424,175,249
S01012836,25,16,9
S01012837,519,322,197
S01012838,516,362,154
S01012839,302,40,262
S01012840,144,7,137
S01012841,306,38,268
S01012842,427,106,321
S01012843,398,37,361
S01012844,345,13,332
S01012845,407,122,285
S01012846,543,321,222
S01012847,346,92,254
S01012848,238,36,202
S01012849,439,184,255
S01012850,442,220,222
S01012851,476,187,289
S01012852,436,81,355
S01012853,458,149,309
S01012854,435,94,341
S01012855,508,210,298
S01012856,484,249,235
S01012857,740,452,288
S01012858,465,303,162
S01012859,491,217,274
S01012860,278,64,214
S01012861,305,108,197
S01012862,436,290,146
S01012863,482,322,160
S01012864,459,297,162
S01012865,567,251,316
S01012866,479,240,239
S01012867,454,302,152
S01012868,445,287,158
S01012869,246,173,73
S01012870,451,162,289
S01012871,445,126,319
S01012872,409,128,281
S01012873,462,168,294
S01012874,417,213,204
S01012875,275,149,126
S01012876,440,262,178
S01012877,332,160,172
S01012878,369,32,337
S01012879,458,93,365
S01012880,431,85,346
S01012881,607,142,465
S01012882,294,138,156
S01012883,588,378,210
S01012884,339,181,158
S01012885,441,195,246
S01012886,380,62,318
S01012887,357,65,292
S01012888,390,72,318
S01012889,306,102,204
S01012890,304,158,146
S01012891,380,187,193
S01012892,612,370,242
S01012893,508,329,179
S01012894,94,14,80
S01012895,170,29,141
S01012896,569,227,342
S01012897,257,28,229
S01012898,99,14,85
S01012899,375,167,208
S01012900,272,39,233
S01012901,580,142,438
S01012902,483,157,326
S01012903,502,166,336
S01012904,487,155,332
S01012905,424,139,285
S01012906,583,160,423
S01012907,553,219,334
S01012908,556,249,307
S01012909,475,193,282
S01012910,625,261,364
S01012911,386,113,273
S01012912,565,253,312
S01012913,475,193,282
S01012914,409,152,257
S01012915,290,117,173
S01012916,442,131,311
S01012917,269,34,235
S01012918,423,147,276
S01012919,229,87,142
S01012920,260,21,239
S01012921,341,124,217
S01012922,342,100,242
S01012923,360,80,280
S01012924,273,62,211
S01012925,245,19,226
S01012926,335,71,264
S01012927,342,97,245
S01012928,410,94,316
S01012929,405,110,295
S01012930,508,247,261
S01012931,565,227,338
S01012932,255,54,201
S01012933,381,144,237
S01012934,406,153,253
S01012935,649,240,409
S01012936,401,142,259
S01012937,395,118,277
S01012938,360,53,307
S01012939,270,4,266
S01012940,332,26,306
S01012941,269,3,266
S01012942,400,169,231
S01012943,342,36,306
S01012944,298,14,284
S01012945,242,7,235
S01012946,264,8,256
S01012947,200,4,196
S01012948,398,27,371
S01012949,311,22,289
S01012950,272,15,257
S01012951,178,9,169
S01012952,240,10,230
S01012953,291,26,265
S01012954,177,11,166
S01012955,201,21,180
S01012956,428,149,279
S01012957,369,113,256
S01012958,185,25,160
S01012959,226,16,210
S01012960,275,55,220
S01012961,384,19,365
S01012962,346,13,333
S01012963,139,4,135
S01012964,107,2,105
S01012965,220,3,217
S01012966,343,51,292
S01012967,376,114,262
S01012968,328,82,246
S01012969,439,160,279
S01012970,345,99,246
S01012971,369,119,250
S01012972,338,137,201
S01012973,364,132,232
S01012974,475,198,277
S01012975,326,142,184
S01012976,293,91,202
S01012977,356,122,234
S01012978,401,146,255
S01012979,270,68,202
S01012980,383,117,266
S01012981,405,169,236
S01012982,378,122,256
S01012983,320,56,264
S01012984,360,141,219
S01012985,398,144,254
S01012986,492,229,263
S01012987,529,229,300
S01012988,573,260,313
S01012989,491,140,351
S01012990,526,253,273
S01012991,536,249,287
S01012992,513,242,271
S01012993,564,272,292
S01012994,486,213,273
S01012995,329,65,264
S01012996,342,87,255
S01012997,269,103,166
S01012998,410,152,258
S01012999,253,107,146
S01013000,574,245,329
S01013001,184,10,174
S01013002,278,19,259
S01013003,288,7,281
S01013004,383,43,340
S01013005,316,26,290
S01013006,272,6,266
S01013007,549,30,519
S01013008,427,46,381
S01013009,329,63,266
S01013010,233,25,208
S01013011,266,37,229
S01013012,395,90,305
S01013013,356,39,317
S01013014,338,27,311
S01013015,295,19,276
S01013016,346,18,328
S01013017,413,67,346
S01013018,439,41,398
S01013019,358,31,327
S01013020,441,106,335
S01013021,313,73,240
S01013022,157,25,132
S01013023,389,20,369
S01013024,272,31,241
S01013025,332,15,317
S01013026,321,105,216
S01013027,595,193,402
S01013028,198,20,178
S01013029,302,126,176
S01013030,340,110,230
S01013031,297,119,178
S01013032,205,38,167
S01013033,223,46,177
S01013034,337,114,223
S01013035,367,170,197
S01013036,335,117,218
S01013037,470,91,379
S01013038,537,158,379
S01013039,180,5,175
S01013040,322,95,227
S01013041,267,75,192
S01013042,280,67,213
S01013043,335,135,200
S01013044,456,158,298
S01013045,211,65,146
S01013046,302,75,227
S01013047,363,13,350
S01013048,605,60,545
S01013049,464,71,393
S01013050,410,112,298
S01013051,435,170,265
S01013052,361,116,245
S01013053,532,239,293
S01013054,461,127,334
S01013055,353,150,203
S01013056,590,260,330
S01013057,515,288,227
S01013058,148,24,124
S01013059,507,125,382
S01013060,252,48,204
S01013061,456,21,435
S01013062,431,93,338
S01013063,383,68,315
S01013064,460,153,307
S01013065,530,156,374
S01013066,325,79,246
S01013067,524,240,284
S01013068,593,284,309
S01013069,401,167,234
S01013070,473,225,248
S01013071,420,183,237
S01013072,331,149,182
S01013073,378,204,174
S01013074,618,392,226
S01013075,491,316,175
S01013076,207,48,159
S01013077,334,174,160
S01013078,286,118,168
S01013079,126,12,114
S01013080,452,120,332
S01013081,322,49,273
S01013082,537,82,455
S01013083,346,52,294
S01013084,416,56,360
S01013085,454,157,297
S01013086,523,134,389
S01013087,448,67,381
S01013088,374,22,352
S01013089,377,96,281
S01013090,431,114,317
S01013091,206,80,126
S01013092,452,127,325
S01013093,210,26,184
S01013094,291,2,289
S01013095,348,26,322
S01013096,229,71,158
S01013097,341,25,316
S01013098,51,16,35
S01013099,433,100,333
S01013100,419,56,363
S01013101,813,232,581
S01013102,340,51,289
S01013103,266,4,262
S01013104,448,36,412
S01013105,367,46,321
S01013106,421,70,351
S01013107,351,15,336
S01013108,290,50,240
S01013109,502,53,449
S01013110,246,29,217
S01013111,278,35,243
S01013112,241,29,212
S01013113,472,123,349
S01013114,553,100,453
S01013115,441,97,344
S01013116,421,43,378
S01013117,401,69,332
S01013118,487,43,444
S01013119,326,35,291
S01013120,499,80,419
S01013121,193,44,149
S01013122,487,297,190
S01013123,520,281,239
S01013124,578,288,290
S01013125,423,194,229
S01013126,392,246,146
S01013127,408,259,149
S01013128,520,286,234
S01013129,505,275,230
S01013130,493,320,173
S01013131,490,270,220
S01013132,354,215,139
S01013133,384,245,139
S01013134,357,160,197
S01013135,549,351,198
S01013136,531,289,242
S01013137,418,206,212
S01013138,470,310,160
S01013139,531,300,231
S01013140,496,250,246
S01013141,369,219,150
S01013142,597,385,212
S01013143,478,238,240
S01013144,425,185,240
S01013145,458,212,246
S01013146,251,123,128
S01013147,362,155,207
S01013148,480,172,308
S01013149,367,147,220
S01013150,403,147,256
S01013151,257,61,196
S01013152,516,193,323
S01013153,399,226,173
S01013154,626,294,332
S01013155,396,227,169
S01013156,474,299,175
S01013157,457,285,172
S01013158,256,24,232
S01013159,349,41,308
S01013160,354,23,331
S01013161,417,169,248
S01013162,515,261,254
S01013163,308,54,254
S01013164,499,238,261
S01013165,537,206,331
S01013166,430,282,148
S01013167,612,393,219
S01013168,504,251,253
S01013169,425,244,181
S01013170,547,292,255
S01013171,314,84,230
S01013172,366,105,261
S01013173,361,82,279
S01013174,427,42,385
S01013175,331,65,266
S01013176,514,196,318
S01013177,490,143,347
S01013178,285,86,199
S01013179,472,101,371
S01013180,177,16,161
S01013181,412,101,311
S01013182,394,180,214
S01013183,388,66,322
S01013184,297,192,105
S01013185,480,245,235
S01013186,318,173,145
S01013187,413,225,188
S01013188,382,93,289
S01013189,321,62,259
S01013190,321,153,168
S01013191,288,34,254
S01013192,465,143,322
S01013193,282,100,182
S01013194,527,237,290
S01013195,474,249,225
S01013196,411,142,269
S01013197,263,81,182
S01013198,415,181,234
S01013199,454,210,244
S01013200,447,215,232
S01013201,378,213,165
S01013202,241,96,145
S01013203,454,189,265
S01013204,390,53,337
S01013205,326,166,160
S01013206,418,207,211
S01013207,408,162,246
S01013208,245,124,121
S01013209,474,203,271
S01013210,330,74,256
S01013211,473,171,302
S01013212,282,20,262
S01013213,327,10,317
S01013214,157,5,152
S01013215,372,89,283
S01013216,330,142,188
S01013217,318,119,199
S01013218,328,133,195
S01013219,330,150,180
S01013220,378,165,213
S01013221,454,209,245
S01013222,277,155,122
S01013223,612,370,242
S01013224,515,188,327
S01013225,319,124,195
S01013226,138,50,88
S01013227,265,153,112
S01013228,434,143,291
S01013229,471,202,269
S01013230,462,205,257
S01013231,485,166,319
S01013232,370,147,223
S01013233,263,58,205
S01013234,153,16,137
S01013235,556,211,345
S01013236,437,68,369
S01013237,417,125,292
S01013238,553,320,233
S01013239,500,287,213
S01013240,325,178,147
S01013241,342,18,324
S01013242,280,22,258
S01013243,332,127,205
S01013244,520,228,292
S01013245,352,96,256
S01013246,162,32,130
S01013247,399,180,219
S01013248,337,152,185
S01013249,359,79,280
S01013250,424,50,374
S01013251,341,160,181
S01013252,386,124,262
S01013253,330,79,251
S01013254,374,140,234
S01013255,359,109,250
S01013256,331,90,241
S01013257,466,164,302
S01013258,408,93,315
S01013259,585,126,459
S01013260,389,158,231
S01013261,494,151,343
S01013262,336,76,260
S01013263,210,13,197
S01013264,95,1,94
S01013265,151,7,144
S01013266,106,2,104
S01013267,231,35,196
S01013268,497,138,359
S01013269,379,25,354
S01013270,232,7,225
S01013271,354,10,344
S01013272,337,12,325
S01013273,172,2,170
S01013274,402,31,371
S01013275,413,23,390
S01013276,357,47,310
S01013277,370,107,263
S01013278,360,119,241
S01013279,355,145,210
S01013280,336,90,246
S01013281,389,129,260
S01013282,345,154,191
S01013283,341,143,198
S01013284,304,32,272
S01013285,304,39,265
S01013286,335,40,295
S01013287,289,11,278
S01013288,342,84,258
S01013289,363,14,349
S01013290,453,80,373
S01013291,406,46,360
S01013292,324,29,295
S01013293,321,14,307
S01013294,348,50,298
S01013295,371,52,319
S01013296,382,117,265
S01013297,463,146,317
S01013298,349,79,270
S01013299,385,141,244
S01013300,350,128,222
S01013301,307,81,226
S01013302,281,38,243
S01013303,523,127,396
S01013304,473,235,238
S01013305,409,160,249
S01013306,521,318,203
S01013307,525,252,273
S01013308,252,117,135
S01013309,344,51,293
S01013310,274,94,180
S01013311,356,115,241
S01013312,760,290,470
S01013313,275,90,185
S01013314,404,128,276
S01013315,114,4,110
S01013316,298,39,259
S01013317,285,14,271
S01013318,261,9,252
S01013319,270,19,251
S01013320,204,2,202
S01013321,226,62,164
S01013322,268,51,217
S01013323,350,92,258
S01013324,408,143,265
S01013325,320,126,194
S01013326,420,176,244
S01013327,347,105,242
S01013328,277,123,154
S01013329,233,62,171
S01013330,255,45,210
S01013331,236,21,215
S01013332,354,101,253
S01013333,415,58,357
S01013334,293,84,209
S01013335,375,141,234
S01013336,429,159,270
S01013337,447,90,357
S01013338,132,17,115
S01013339,346,44,302
S01013340,515,26,489
S01013341,301,6,295
S01013342,376,167,209
S01013343,285,82,203
S01013344,310,140,170
S01013345,341,83,258
S01013346,242,6,236
S01013347,334,49,285
S01013348,181,10,171
S01013349,99,48,51
S01013350,250,93,157
S01013351,318,76,242
S01013352,405,91,314
S01013353,487,156,331
S01013354,338,77,261
S01013355,404,90,314
S01013356,354,141,213
S01013357,220,24,196
S01013358,367,128,239
S01013359,305,129,176
S01013360,305,105,200
S01013361,417,172,245
S01013362,263,103,160
S01013363,489,232,257
S01013364,292,70,222
S01013365,447,59,388
S01013366,219,8,211
S01013367,220,35,185
S01013368,368,118,250
S01013369,403,171,232
S01013370,416,164,252
S01013371,420,152,268
S01013372,486,247,239
S01013373,529,195,334
S01013374,514,274,240
S01013375,307,101,206
S01013376,304,116,188
S01013377,385,158,227
S01013378,382,124,258
S01013379,396,75,321
S01013380,183,33,150
S01013381,309,104,205
S01013382,294,70,224
S01013383,425,197,228
S01013384,512,168,344
S01013385,287,64,223
S01013386,289,10,279
S01013387,328,124,204
S01013388,379,151,228
S01013389,455,109,346
S01013390,252,77,175
S01013391,417,103,314
S01013392,141,22,119
S01013393,429,149,280
S01013394,319,124,195
S01013395,420,253,167
S01013396,168,99,69
S01013397,383,114,269
S01013398,121,11,110
S01013399,197,54,143
S01013400,258,89,169
S01013401,56,2,54
S01013402,48,28,20
S01013403,42,2,40
S01013404,190,38,152
S01013405,315,94,221
S01013406,324,129,195
S01013407,363,122,241
S01013408,347,129,218
S01013409,396,118,278
S01013410,221,105,116
S01013411,323,60,263
S01013412,375,96,279
S01013413,405,152,253
S01013414,391,185,206
S01013415,473,254,219
S01013416,274,127,147
S01013417,390,179,211
S01013418,223,56,167
S01013419,232,13,219
S01013420,387,114,273
S01013421,181,20,161
S01013422,421,145,276
S01013423,362,79,283
S01013424,330,36,294
S01013425,188,43,145
S01013426,365,121,244
S01013427,86,4,82
S01013428,349,94,255
S01013429,501,154,347
S01013430,311,53,258
S01013431,396,161,235
S01013432,336,44,292
S01013433,300,46,254
S01013434,193,14,179
S01013435,269,8,261
S01013436,371,117,254
S01013437,295,80,215
S01013438,360,125,235
S01013439,352,18,334
S01013440,466,17,449
S01013441,331,44,287
S01013442,385,44,341
S01013443,219,34,185
S01013444,626,260,366
S01013445,248,48,200
S01013446,304,71,233
S01013447,167,1,166
S01013448,427,76,351
S01013449,329,25,304
S01013450,328,13,315
S01013451,301,11,290
S01013452,258,31,227
S01013453,413,139,274
S01013454,287,34,253
S01013455,231,44,187
S01013456,519,182,337
S01013457,410,132,278
S01013458,386,91,295
S01013459,444,180,264
S01013460,445,177,268
S01013461,399,123,276
S01013462,402,83,319
S01013463,268,115,153
S01013464,366,44,322
S01013465,389,88,301
S01013466,126,3,123
S01013467,181,37,144
S01013468,291,94,197
S01013469,444,95,349
S01013470,395,180,215
S01013471,392,121,271
S01013472,195,41,154
S01013473,121,14,107
S01013474,203,32,171
S01013475,339,38,301
S01013476,274,76,198
S01013477,466,183,283
S01013478,332,69,263
S01013479,498,198,300
S01013480,302,113,189
S01013481,173,38,135
