dz_2001,total,scotland,nonscot
S01000001,765,587,178
S01000002,687,591,96
S01000003,838,759,79
S01000004,641,557,84
S01000005,663,524,139
S01000006,626,542,84
S01000007,735,593,142
S01000008,584,523,61
S01000009,710,648,62
S01000010,568,506,62
S01000011,918,584,334
S01000012,816,735,81
S01000013,898,744,154
S01000014,919,812,107
S01000015,655,587,68
S01000016,564,296,268
S01000017,937,864,73
S01000018,577,540,37
S01000019,531,429,102
S01000020,877,552,325
S01000021,862,763,99
S01000022,663,435,228
S01000023,805,521,284
S01000024,512,350,162
S01000025,874,514,360
S01000026,930,875,55
S01000027,815,648,167
S01000028,969,919,50
S01000029,742,400,342
S01000030,500,476,24
S01000031,866,627,239
S01000032,1089,1034,55
S01000033,796,737,59
S01000034,1012,706,306
S01000035,1009,912,97
S01000036,744,687,57
S01000037,800,724,76
S01000038,684,651,33
S01000039,942,869,73
S01000040,970,907,63
S01000041,838,754,84
S01000042,790,717,73
S01000043,837,719,118
S01000044,951,868,83
S01000045,581,496,85
S01000046,768,659,109
S01000047,759,647,112
S01000048,925,769,156
S01000049,764,638,126
S01000050,618,537,81
S01000051,788,706,82
S01000052,677,646,31
S01000053,1014,824,190
S01000054,777,669,108
S01000055,754,684,70
S01000056,1049,719,330
S01000057,700,652,48
S01000058,710,568,142
S01000059,806,641,165
S01000060,577,529,48
S01000061,963,743,220
S01000062,991,809,182
S01000063,983,784,199
S01000064,648,594,54
S01000065,953,777,176
S01000066,800,699,101
S01000067,897,732,165
S01000068,862,642,220
S01000069,684,637,47
S01000070,646,595,51
S01000071,740,672,68
S01000072,832,672,160
S01000073,619,554,65
S01000074,763,702,61
S01000075,547,446,101
S01000076,770,668,102
S01000077,917,719,198
S01000078,817,693,124
S01000079,952,652,300
S01000080,927,745,182
S01000081,924,753,171
S01000082,954,858,96
S01000083,757,563,194
S01000084,674,592,82
S01000085,555,455,100
S01000086,745,532,213
S01000087,820,589,231
S01000088,639,455,184
S01000089,1003,808,195
S01000090,800,559,241
S01000091,929,708,221
S01000092,851,631,220
S01000093,404,301,103
S01000094,575,416,159
S01000095,703,531,172
S01000096,706,627,79
S01000097,967,671,296
S01000098,1022,724,298
S01000099,762,638,124
S01000100,760,561,199
S01000101,885,610,275
S01000102,747,603,144
S01000103,603,419,184
S01000104,863,634,229
S01000105,885,762,123
S01000106,706,442,264
S01000107,889,685,204
S01000108,606,480,126
S01000109,895,681,214
S01000110,820,720,100
S01000111,762,556,206
S01000112,970,734,236
S01000113,545,414,131
S01000114,876,775,101
S01000115,873,804,69
S01000116,901,637,264
S01000117,1056,830,226
S01000118,704,622,82
S01000119,786,619,167
S01000120,574,427,147
S01000121,796,700,96
S01000122,764,701,63
S01000123,648,514,134
S01000124,985,726,259
S01000125,701,594,107
S01000126,867,713,154
S01000127,798,671,127
S01000128,1538,1137,401
S01000129,549,368,181
S01000130,865,698,167
S01000131,659,485,174
S01000132,784,571,213
S01000133,737,677,60
S01000134,762,719,43
S01000135,721,648,73
S01000136,706,660,46
S01000137,786,599,187
S01000138,822,642,180
S01000139,817,765,52
S01000140,943,868,75
S01000141,945,728,217
S01000142,772,728,44
S01000143,633,495,138
S01000144,547,398,149
S01000145,905,847,58
S01000146,963,751,212
S01000147,735,608,127
S01000148,694,653,41
S01000149,1011,789,222
S01000150,636,597,39
S01000151,907,867,40
S01000152,1083,909,174
S01000153,529,447,82
S01000154,557,526,31
S01000155,784,747,37
S01000156,970,689,281
S01000157,692,650,42
S01000158,933,872,61
S01000159,1014,827,187
S01000160,813,756,57
S01000161,959,743,216
S01000162,886,785,101
S01000163,1022,967,55
S01000164,471,408,63
S01000165,861,766,95
S01000166,1147,769,378
S01000167,712,661,51
S01000168,956,905,51
S01000169,761,707,54
S01000170,1035,819,216
S01000171,892,730,162
S01000172,501,467,34
S01000173,811,738,73
S01000174,873,631,242
S01000175,528,424,104
S01000176,744,559,185
S01000177,554,473,81
S01000178,760,712,48
S01000179,757,680,77
S01000180,693,655,38
S01000181,654,626,28
S01000182,873,838,35
S01000183,1000,720,280
S01000184,793,691,102
S01000185,787,686,101
S01000186,957,888,69
S01000187,713,673,40
S01000188,1079,768,311
S01000189,624,584,40
S01000190,887,824,63
S01000191,1057,910,147
S01000192,767,611,156
S01000193,802,762,40
S01000194,745,580,165
S01000195,697,625,72
S01000196,924,871,53
S01000197,610,583,27
S01000198,746,679,67
S01000199,716,605,111
S01000200,846,780,66
S01000201,654,610,44
S01000202,888,783,105
S01000203,453,348,105
S01000204,622,595,27
S01000205,960,675,285
S01000206,714,642,72
S01000207,883,768,115
S01000208,857,777,80
S01000209,987,892,95
S01000210,578,510,68
S01000211,713,612,101
S01000212,788,740,48
S01000213,672,610,62
S01000214,507,469,38
S01000215,736,588,148
S01000216,619,562,57
S01000217,698,625,73
S01000218,718,687,31
S01000219,698,592,106
S01000220,1399,868,531
S01000221,897,806,91
S01000222,758,711,47
S01000223,525,489,36
S01000224,768,730,38
S01000225,595,537,58
S01000226,618,529,89
S01000227,646,552,94
S01000228,660,590,70
S01000229,795,756,39
S01000230,678,606,72
S01000231,710,644,66
S01000232,669,619,50
S01000233,567,522,45
S01000234,762,685,77
S01000235,888,800,88
S01000236,680,620,60
S01000237,916,831,85
S01000238,516,454,62
S01000239,733,670,63
S01000240,721,678,43
S01000241,746,627,119
S01000242,690,438,252
S01000243,739,681,58
S01000244,1045,963,82
S01000245,953,852,101
S01000246,750,692,58
S01000247,767,701,66
S01000248,868,794,74
S01000249,738,629,109
S01000250,805,710,95
S01000251,501,423,78
S01000252,867,783,84
S01000253,745,664,81
S01000254,808,679,129
S01000255,632,577,55
S01000256,919,808,111
S01000257,826,756,70
S01000258,666,563,103
S01000259,614,558,56
S01000260,890,774,116
S01000261,1007,899,108
S01000262,946,829,117
S01000263,794,689,105
S01000264,1033,911,122
S01000265,778,733,45
S01000266,984,867,117
S01000267,691,628,63
S01000268,779,659,120
S01000269,561,425,136
S01000270,964,800,164
S01000271,906,684,222
S01000272,940,805,135
S01000273,524,417,107
S01000274,594,529,65
S01000275,982,891,91
S01000276,740,566,174
S01000277,674,558,116
S01000278,537,493,44
S01000279,613,509,104
S01000280,620,523,97
S01000281,679,551,128
S01000282,663,541,122
S01000283,881,684,197
S01000284,819,639,180
S01000285,672,528,144
S01000286,880,728,152
S01000287,724,556,168
S01000288,897,791,106
S01000289,849,727,122
S01000290,775,686,89
S01000291,831,705,126
S01000292,980,814,166
S01000293,765,632,133
S01000294,699,582,117
S01000295,607,512,95
S01000296,532,408,124
S01000297,736,626,110
S01000298,528,438,90
S01000299,953,623,330
S01000300,774,575,199
S01000301,579,436,143
S01000302,566,409,157
S01000303,485,330,155
S01000304,791,642,149
S01000305,1040,886,154
S01000306,746,523,223
S01000307,991,804,187
S01000308,991,755,236
S01000309,646,412,234
S01000310,899,780,119
S01000311,947,659,288
S01000312,646,486,160
S01000313,709,556,153
S01000314,572,492,80
S01000315,661,434,227
S01000316,800,657,143
S01000317,551,471,80
S01000318,577,387,190
S01000319,723,630,93
S01000320,722,630,92
S01000321,581,468,113
S01000322,1083,687,396
S01000323,888,738,150
S01000324,870,765,105
S01000325,618,549,69
S01000326,763,671,92
S01000327,898,785,113
S01000328,601,507,94
S01000329,546,473,73
S01000330,733,531,202
S01000331,621,497,124
S01000332,687,442,245
S01000333,841,560,281
S01000334,823,657,166
S01000335,652,548,104
S01000336,852,592,260
S01000337,690,480,210
S01000338,508,351,157
S01000339,1094,859,235
S01000340,971,800,171
S01000341,748,546,202
S01000342,387,333,54
S01000343,644,479,165
S01000344,894,675,219
S01000345,646,563,83
S01000346,683,588,95
S01000347,478,420,58
S01000348,816,691,125
S01000349,592,484,108
S01000350,1002,857,145
S01000351,1023,856,167
S01000352,798,694,104
S01000353,663,551,112
S01000354,648,490,158
S01000355,707,580,127
S01000356,611,455,156
S01000357,682,591,91
S01000358,1030,829,201
S01000359,856,607,249
S01000360,514,375,139
S01000361,614,497,117
S01000362,920,769,151
S01000363,960,761,199
S01000364,900,652,248
S01000365,677,603,74
S01000366,761,658,103
S01000367,753,625,128
S01000368,797,660,137
S01000369,975,812,163
S01000370,796,652,144
S01000371,931,804,127
S01000372,983,827,156
S01000373,588,469,119
S01000374,611,523,88
S01000375,646,567,79
S01000376,899,788,111
S01000377,721,524,197
S01000378,581,514,67
S01000379,574,432,142
S01000380,748,619,129
S01000381,884,738,146
S01000382,755,538,217
S01000383,655,579,76
S01000384,731,559,172
S01000385,574,489,85
S01000386,766,622,144
S01000387,853,757,96
S01000388,775,640,135
S01000389,667,574,93
S01000390,727,673,54
S01000391,636,570,66
S01000392,723,631,92
S01000393,857,761,96
S01000394,688,628,60
S01000395,588,461,127
S01000396,940,890,50
S01000397,1024,909,115
S01000398,749,548,201
S01000399,577,520,57
S01000400,705,638,67
S01000401,824,643,181
S01000402,709,628,81
S01000403,797,718,79
S01000404,756,666,90
S01000405,474,387,87
S01000406,629,570,59
S01000407,658,609,49
S01000408,513,445,68
S01000409,666,571,95
S01000410,664,441,223
S01000411,631,490,141
S01000412,787,671,116
S01000413,786,612,174
S01000414,721,588,133
S01000415,615,508,107
S01000416,670,593,77
S01000417,1005,889,116
S01000418,723,519,204
S01000419,672,522,150
S01000420,998,838,160
S01000421,601,445,156
S01000422,725,625,100
S01000423,904,741,163
S01000424,727,597,130
S01000425,695,542,153
S01000426,797,635,162
S01000427,785,674,111
S01000428,777,626,151
S01000429,782,716,66
S01000430,570,487,83
S01000431,693,619,74
S01000432,973,780,193
S01000433,468,420,48
S01000434,680,604,76
S01000435,555,517,38
S01000436,695,610,85
S01000437,1024,927,97
S01000438,698,582,116
S01000439,700,549,151
S01000440,868,710,158
S01000441,871,687,184
S01000442,808,627,181
S01000443,581,450,131
S01000444,573,455,118
S01000445,971,816,155
S01000446,946,689,257
S01000447,539,493,46
S01000448,622,463,159
S01000449,784,675,109
S01000450,645,538,107
S01000451,790,608,182
S01000452,561,454,107
S01000453,547,435,112
S01000454,493,435,58
S01000455,870,705,165
S01000456,718,559,159
S01000457,872,790,82
S01000458,853,631,222
S01000459,1037,938,99
S01000460,769,726,43
S01000461,863,781,82
S01000462,1035,931,104
S01000463,816,501,315
S01000464,741,528,213
S01000465,629,442,187
S01000466,799,604,195
S01000467,626,542,84
S01000468,520,376,144
S01000469,689,585,104
S01000470,1263,1090,173
S01000471,603,498,105
S01000472,836,742,94
S01000473,745,654,91
S01000474,648,472,176
S01000475,887,809,78
S01000476,581,463,118
S01000477,777,728,49
S01000478,869,799,70
S01000479,967,909,58
S01000480,665,561,104
S01000481,784,668,116
S01000482,837,722,115
S01000483,920,843,77
S01000484,806,712,94
S01000485,1080,1006,74
S01000486,798,691,107
S01000487,590,546,44
S01000488,703,646,57
S01000489,904,825,79
S01000490,541,481,60
S01000491,593,530,63
S01000492,954,861,93
S01000493,588,497,91
S01000494,566,518,48
S01000495,935,866,69
S01000496,587,512,75
S01000497,630,557,73
S01000498,548,498,50
S01000499,803,707,96
S01000500,675,608,67
S01000501,621,573,48
S01000502,540,429,111
S01000503,533,421,112
S01000504,708,645,63
S01000505,757,685,72
S01000506,654,531,123
S01000507,1087,1020,67
S01000508,877,654,223
S01000509,1058,989,69
S01000510,658,619,39
S01000511,556,464,92
S01000512,892,797,95
S01000513,862,714,148
S01000514,516,444,72
S01000515,484,394,90
S01000516,654,578,76
S01000517,651,542,109
S01000518,879,781,98
S01000519,476,373,103
S01000520,1010,788,222
S01000521,927,841,86
S01000522,612,463,149
S01000523,793,720,73
S01000524,647,511,136
S01000525,987,714,273
S01000526,966,763,203
S01000527,587,496,91
S01000528,843,673,170
S01000529,723,497,226
S01000530,477,397,80
S01000531,523,412,111
S01000532,809,724,85
S01000533,760,698,62
S01000534,813,762,51
S01000535,985,940,45
S01000536,519,389,130
S01000537,559,473,86
S01000538,789,731,58
S01000539,1028,889,139
S01000540,784,722,62
S01000541,552,499,53
S01000542,672,633,39
S01000543,814,784,30
S01000544,733,633,100
S01000545,717,641,76
S01000546,609,559,50
S01000547,544,498,46
S01000548,1012,891,121
S01000549,1136,1088,48
S01000550,557,543,14
S01000551,830,728,102
S01000552,554,532,22
S01000553,867,830,37
S01000554,791,744,47
S01000555,904,834,70
S01000556,880,838,42
S01000557,880,839,41
S01000558,564,523,41
S01000559,707,667,40
S01000560,1044,972,72
S01000561,1034,970,64
S01000562,909,858,51
S01000563,640,570,70
S01000564,860,774,86
S01000565,709,659,50
S01000566,759,689,70
S01000567,769,699,70
S01000568,542,485,57
S01000569,742,685,57
S01000570,939,830,109
S01000571,780,704,76
S01000572,800,718,82
S01000573,600,510,90
S01000574,814,722,92
S01000575,608,538,70
S01000576,654,565,89
S01000577,595,536,59
S01000578,706,630,76
S01000579,807,727,80
S01000580,681,560,121
S01000581,707,646,61
S01000582,728,668,60
S01000583,758,689,69
S01000584,781,692,89
S01000585,945,835,110
S01000586,775,664,111
S01000587,702,638,64
S01000588,627,561,66
S01000589,645,561,84
S01000590,773,659,114
S01000591,496,461,35
S01000592,924,804,120
S01000593,571,506,65
S01000594,655,594,61
S01000595,839,719,120
S01000596,945,826,119
S01000597,1065,947,118
S01000598,519,460,59
S01000599,775,701,74
S01000600,742,687,55
S01000601,1072,923,149
S01000602,679,629,50
S01000603,822,714,108
S01000604,1000,864,136
S01000605,871,774,97
S01000606,820,747,73
S01000607,784,691,93
S01000608,972,857,115
S01000609,1009,900,109
S01000610,773,683,90
S01000611,624,553,71
S01000612,995,881,114
S01000613,1004,886,118
S01000614,722,649,73
S01000615,764,670,94
S01000616,1220,823,397
S01000617,634,542,92
S01000618,827,740,87
S01000619,714,565,149
S01000620,819,731,88
S01000621,1009,937,72
S01000622,547,475,72
S01000623,780,720,60
S01000624,604,547,57
S01000625,629,582,47
S01000626,822,737,85
S01000627,931,839,92
S01000628,559,502,57
S01000629,662,567,95
S01000630,732,667,65
S01000631,637,584,53
S01000632,589,527,62
S01000633,632,547,85
S01000634,822,742,80
S01000635,678,616,62
S01000636,501,440,61
S01000637,595,524,71
S01000638,503,413,90
S01000639,606,521,85
S01000640,635,572,63
S01000641,785,673,112
S01000642,807,657,150
S01000643,609,521,88
S01000644,680,583,97
S01000645,898,740,158
S01000646,826,748,78
S01000647,877,803,74
S01000648,910,854,56
S01000649,582,469,113
S01000650,737,686,51
S01000651,806,715,91
S01000652,812,758,54
S01000653,909,842,67
S01000654,943,877,66
S01000655,797,731,66
S01000656,678,623,55
S01000657,760,710,50
S01000658,578,528,50
S01000659,1066,974,92
S01000660,974,870,104
S01000661,765,723,42
S01000662,530,476,54
S01000663,702,661,41
S01000664,774,683,91
S01000665,675,584,91
S01000666,493,423,70
S01000667,981,882,99
S01000668,909,837,72
S01000669,785,667,118
S01000670,566,513,53
S01000671,622,522,100
S01000672,628,541,87
S01000673,750,625,125
S01000674,984,823,161
S01000675,722,613,109
S01000676,501,428,73
S01000677,822,715,107
S01000678,942,841,101
S01000679,750,670,80
S01000680,778,685,93
S01000681,802,707,95
S01000682,644,544,100
S01000683,525,464,61
S01000684,687,630,57
S01000685,843,743,100
S01000686,703,602,101
S01000687,789,749,40
S01000688,792,700,92
S01000689,611,510,101
S01000690,787,709,78
S01000691,772,704,68
S01000692,753,702,51
S01000693,872,815,57
S01000694,724,648,76
S01000695,745,670,75
S01000696,731,658,73
S01000697,492,390,102
S01000698,642,597,45
S01000699,658,606,52
S01000700,879,777,102
S01000701,920,813,107
S01000702,522,474,48
S01000703,741,695,46
S01000704,880,754,126
S01000705,1146,985,161
S01000706,823,683,140
S01000707,537,422,115
S01000708,562,410,152
S01000709,888,748,140
S01000710,1083,856,227
S01000711,620,531,89
S01000712,595,529,66
S01000713,832,782,50
S01000714,832,726,106
S01000715,671,613,58
S01000716,541,470,71
S01000717,870,779,91
S01000718,952,883,69
S01000719,660,585,75
S01000720,858,655,203
S01000721,658,531,127
S01000722,819,743,76
S01000723,527,427,100
S01000724,862,786,76
S01000725,633,466,167
S01000726,687,519,168
S01000727,706,663,43
S01000728,768,629,139
S01000729,542,489,53
S01000730,407,363,44
S01000731,547,491,56
S01000732,536,478,58
S01000733,732,640,92
S01000734,851,682,169
S01000735,445,370,75
S01000736,720,632,88
S01000737,511,459,52
S01000738,579,488,91
S01000739,759,658,101
S01000740,673,507,166
S01000741,806,622,184
S01000742,541,431,110
S01000743,726,594,132
S01000744,733,634,99
S01000745,681,598,83
S01000746,738,656,82
S01000747,568,486,82
S01000748,514,461,53
S01000749,559,491,68
S01000750,694,587,107
S01000751,713,593,120
S01000752,992,872,120
S01000753,646,573,73
S01000754,650,570,80
S01000755,730,619,111
S01000756,1104,931,173
S01000757,694,587,107
S01000758,992,783,209
S01000759,861,716,145
S01000760,565,392,173
S01000761,492,317,175
S01000762,670,519,151
S01000763,861,597,264
S01000764,707,543,164
S01000765,671,327,344
S01000766,758,589,169
S01000767,596,521,75
S01000768,826,653,173
S01000769,956,755,201
S01000770,595,535,60
S01000771,983,700,283
S01000772,652,484,168
S01000773,962,775,187
S01000774,598,319,279
S01000775,704,504,200
S01000776,620,422,198
S01000777,555,283,272
S01000778,464,302,162
S01000779,793,544,249
S01000780,931,753,178
S01000781,877,586,291
S01000782,712,478,234
S01000783,506,324,182
S01000784,871,585,286
S01000785,734,528,206
S01000786,784,551,233
S01000787,526,379,147
S01000788,705,507,198
S01000789,653,553,100
S01000790,514,287,227
S01000791,630,546,84
S01000792,690,434,256
S01000793,812,728,84
S01000794,842,731,111
S01000795,771,681,90
S01000796,485,381,104
S01000797,476,374,102
S01000798,535,460,75
S01000799,2813,868,1945
S01000800,1004,729,275
S01000801,639,492,147
S01000802,754,567,187
S01000803,875,571,304
S01000804,985,758,227
S01000805,822,640,182
S01000806,838,517,321
S01000807,769,675,94
S01000808,725,463,262
S01000809,553,366,187
S01000810,630,450,180
S01000811,834,671,163
S01000812,662,591,71
S01000813,758,671,87
S01000814,919,834,85
S01000815,544,487,57
S01000816,584,483,101
S01000817,918,834,84
S01000818,696,575,121
S01000819,812,588,224
S01000820,573,334,239
S01000821,883,770,113
S01000822,554,497,57
S01000823,591,539,52
S01000824,554,458,96
S01000825,698,509,189
S01000826,730,649,81
S01000827,703,525,178
S01000828,879,653,226
S01000829,577,398,179
S01000830,715,470,245
S01000831,882,718,164
S01000832,926,655,271
S01000833,572,492,80
S01000834,911,835,76
S01000835,702,652,50
S01000836,847,784,63
S01000837,763,689,74
S01000838,723,664,59
S01000839,963,882,81
S01000840,773,722,51
S01000841,970,907,63
S01000842,834,734,100
S01000843,773,682,91
S01000844,689,619,70
S01000845,573,511,62
S01000846,739,689,50
S01000847,995,919,76
S01000848,699,637,62
S01000849,539,503,36
S01000850,657,595,62
S01000851,686,635,51
S01000852,717,673,44
S01000853,553,518,35
S01000854,933,873,60
S01000855,778,705,73
S01000856,626,582,44
S01000857,614,564,50
S01000858,717,654,63
S01000859,837,752,85
S01000860,873,837,36
S01000861,656,608,48
S01000862,559,525,34
S01000863,485,460,25
S01000864,668,605,63
S01000865,692,650,42
S01000866,944,893,51
S01000867,739,661,78
S01000868,718,679,39
S01000869,566,525,41
S01000870,872,795,77
S01000871,730,666,64
S01000872,650,571,79
S01000873,1341,1225,116
S01000874,545,516,29
S01000875,736,665,71
S01000876,744,666,78
S01000877,741,669,72
S01000878,588,516,72
S01000879,876,633,243
S01000880,778,674,104
S01000881,703,663,40
S01000882,939,851,88
S01000883,923,812,111
S01000884,569,497,72
S01000885,524,453,71
S01000886,734,637,97
S01000887,781,683,98
S01000888,724,644,80
S01000889,796,714,82
S01000890,796,719,77
S01000891,925,681,244
S01000892,586,365,221
S01000893,730,509,221
S01000894,523,460,63
S01000895,900,788,112
S01000896,485,325,160
S01000897,685,483,202
S01000898,576,429,147
S01000899,867,732,135
S01000900,657,465,192
S01000901,675,506,169
S01000902,979,730,249
S01000903,968,715,253
S01000904,689,535,154
S01000905,701,466,235
S01000906,565,459,106
S01000907,773,588,185
S01000908,773,619,154
S01000909,934,662,272
S01000910,870,716,154
S01000911,966,667,299
S01000912,754,572,182
S01000913,722,499,223
S01000914,855,496,359
S01000915,960,689,271
S01000916,991,768,223
S01000917,683,529,154
S01000918,643,449,194
S01000919,522,431,91
S01000920,505,381,124
S01000921,738,617,121
S01000922,818,629,189
S01000923,751,691,60
S01000924,841,752,89
S01000925,943,724,219
S01000926,650,591,59
S01000927,1010,929,81
S01000928,979,713,266
S01000929,511,463,48
S01000930,601,548,53
S01000931,708,624,84
S01000932,931,778,153
S01000933,870,781,89
S01000934,931,829,102
S01000935,808,677,131
S01000936,926,821,105
S01000937,586,530,56
S01000938,846,787,59
S01000939,740,616,124
S01000940,838,652,186
S01000941,542,481,61
S01000942,937,760,177
S01000943,845,729,116
S01000944,790,654,136
S01000945,760,656,104
S01000946,756,661,95
S01000947,730,649,81
S01000948,721,558,163
S01000949,613,436,177
S01000950,810,567,243
S01000951,708,597,111
S01000952,807,686,121
S01000953,906,713,193
S01000954,888,694,194
S01000955,527,361,166
S01000956,858,744,114
S01000957,511,298,213
S01000958,827,664,163
S01000959,688,511,177
S01000960,554,419,135
S01000961,853,732,121
S01000962,572,465,107
S01000963,744,419,325
S01000964,877,629,248
S01000965,665,586,79
S01000966,1080,959,121
S01000967,576,510,66
S01000968,956,708,248
S01000969,849,721,128
S01000970,793,438,355
S01000971,685,565,120
S01000972,977,481,496
S01000973,592,533,59
S01000974,848,686,162
S01000975,646,479,167
S01000976,494,329,165
S01000977,769,442,327
S01000978,755,590,165
S01000979,647,516,131
S01000980,752,593,159
S01000981,648,367,281
S01000982,595,444,151
S01000983,559,383,176
S01000984,635,469,166
S01000985,710,593,117
S01000986,525,355,170
S01000987,627,542,85
S01000988,488,364,124
S01000989,833,680,153
S01000990,636,516,120
S01000991,507,364,143
S01000992,908,781,127
S01000993,897,766,131
S01000994,1031,818,213
S01000995,831,740,91
S01000996,1030,832,198
S01000997,992,869,123
S01000998,621,549,72
S01000999,696,586,110
S01001000,531,460,71
S01001001,546,404,142
S01001002,673,592,81
S01001003,929,800,129
S01001004,653,545,108
S01001005,895,745,150
S01001006,771,657,114
S01001007,792,697,95
S01001008,737,615,122
S01001009,614,514,100
S01001010,780,670,110
S01001011,617,343,274
S01001012,845,753,92
S01001013,893,757,136
S01001014,794,650,144
S01001015,613,535,78
S01001016,956,706,250
S01001017,710,633,77
S01001018,783,690,93
S01001019,979,877,102
S01001020,523,471,52
S01001021,855,724,131
S01001022,828,677,151
S01001023,986,723,263
S01001024,881,785,96
S01001025,915,799,116
S01001026,823,632,191
S01001027,851,764,87
S01001028,783,719,64
S01001029,748,680,68
S01001030,741,574,167
S01001031,949,888,61
S01001032,733,670,63
S01001033,716,658,58
S01001034,823,744,79
S01001035,543,494,49
S01001036,538,483,55
S01001037,879,804,75
S01001038,669,576,93
S01001039,549,379,170
S01001040,613,486,127
S01001041,527,436,91
S01001042,865,752,113
S01001043,699,619,80
S01001044,991,679,312
S01001045,567,521,46
S01001046,499,448,51
S01001047,691,548,143
S01001048,624,549,75
S01001049,689,649,40
S01001050,942,463,479
S01001051,694,621,73
S01001052,567,527,40
S01001053,800,652,148
S01001054,666,580,86
S01001055,776,656,120
S01001056,747,666,81
S01001057,667,543,124
S01001058,771,678,93
S01001059,634,542,92
S01001060,766,699,67
S01001061,790,632,158
S01001062,547,446,101
S01001063,787,645,142
S01001064,773,593,180
S01001065,753,599,154
S01001066,732,539,193
S01001067,777,493,284
S01001068,857,514,343
S01001069,871,697,174
S01001070,876,564,312
S01001071,667,525,142
S01001072,761,523,238
S01001073,994,767,227
S01001074,511,304,207
S01001075,847,743,104
S01001076,783,575,208
S01001077,793,656,137
S01001078,814,579,235
S01001079,501,376,125
S01001080,540,450,90
S01001081,620,345,275
S01001082,883,641,242
S01001083,798,699,99
S01001084,894,631,263
S01001085,873,822,51
S01001086,743,692,51
S01001087,524,499,25
S01001088,984,874,110
S01001089,948,773,175
S01001090,963,646,317
S01001091,662,429,233
S01001092,964,607,357
S01001093,1045,636,409
S01001094,953,742,211
S01001095,1166,585,581
S01001096,884,561,323
S01001097,643,512,131
S01001098,933,619,314
S01001099,860,599,261
S01001100,922,728,194
S01001101,1120,633,487
S01001102,265,211,54
S01001103,854,498,356
S01001104,702,530,172
S01001105,923,796,127
S01001106,787,675,112
S01001107,987,833,154
S01001108,658,475,183
S01001109,854,637,217
S01001110,820,633,187
S01001111,1020,805,215
S01001112,825,704,121
S01001113,1073,793,280
S01001114,902,740,162
S01001115,811,732,79
S01001116,511,489,22
S01001117,547,484,63
S01001118,633,573,60
S01001119,955,843,112
S01001120,655,563,92
S01001121,783,706,77
S01001122,613,494,119
S01001123,939,780,159
S01001124,641,588,53
S01001125,402,359,43
S01001126,1078,922,156
S01001127,805,688,117
S01001128,737,663,74
S01001129,961,886,75
S01001130,836,774,62
S01001131,533,448,85
S01001132,735,673,62
S01001133,916,834,82
S01001134,990,805,185
S01001135,403,359,44
S01001136,771,670,101
S01001137,903,797,106
S01001138,950,813,137
S01001139,753,704,49
S01001140,1024,932,92
S01001141,452,384,68
S01001142,966,812,154
S01001143,771,645,126
S01001144,674,633,41
S01001145,598,553,45
S01001146,916,845,71
S01001147,664,552,112
S01001148,740,646,94
S01001149,673,618,55
S01001150,726,682,44
S01001151,559,510,49
S01001152,977,885,92
S01001153,742,689,53
S01001154,761,645,116
S01001155,653,557,96
S01001156,772,671,101
S01001157,862,756,106
S01001158,573,537,36
S01001159,795,699,96
S01001160,593,539,54
S01001161,582,529,53
S01001162,865,747,118
S01001163,675,602,73
S01001164,589,555,34
S01001165,781,664,117
S01001166,292,268,24
S01001167,955,784,171
S01001168,675,568,107
S01001169,1013,931,82
S01001170,829,771,58
S01001171,634,572,62
S01001172,663,607,56
S01001173,892,841,51
S01001174,623,536,87
S01001175,890,821,69
S01001176,749,684,65
S01001177,707,663,44
S01001178,862,814,48
S01001179,982,866,116
S01001180,713,648,65
S01001181,894,792,102
S01001182,908,858,50
S01001183,874,809,65
S01001184,939,809,130
S01001185,583,489,94
S01001186,818,714,104
S01001187,914,854,60
S01001188,784,718,66
S01001189,984,892,92
S01001190,731,647,84
S01001191,669,633,36
S01001192,997,902,95
S01001193,865,781,84
S01001194,934,809,125
S01001195,971,900,71
S01001196,981,904,77
S01001197,545,504,41
S01001198,695,665,30
S01001199,976,917,59
S01001200,897,839,58
S01001201,660,606,54
S01001202,605,552,53
S01001203,795,740,55
S01001204,830,757,73
S01001205,767,674,93
S01001206,747,705,42
S01001207,852,795,57
S01001208,648,600,48
S01001209,600,534,66
S01001210,866,806,60
S01001211,960,882,78
S01001212,595,554,41
S01001213,1030,887,143
S01001214,723,673,50
S01001215,805,725,80
S01001216,963,907,56
S01001217,922,862,60
S01001218,759,677,82
S01001219,556,474,82
S01001220,546,519,27
S01001221,652,594,58
S01001222,778,732,46
S01001223,782,719,63
S01001224,938,887,51
S01001225,974,907,67
S01001226,483,430,53
S01001227,752,701,51
S01001228,834,798,36
S01001229,762,682,80
S01001230,786,737,49
S01001231,736,706,30
S01001232,693,598,95
S01001233,991,938,53
S01001234,397,384,13
S01001235,851,777,74
S01001236,933,883,50
S01001237,575,543,32
S01001238,715,664,51
S01001239,557,523,34
S01001240,810,760,50
S01001241,793,757,36
S01001242,919,853,66
S01001243,252,242,10
S01001244,700,635,65
S01001245,813,778,35
S01001246,975,913,62
S01001247,663,644,19
S01001248,876,800,76
S01001249,700,671,29
S01001250,974,928,46
S01001251,721,681,40
S01001252,642,615,27
S01001253,674,621,53
S01001254,702,655,47
S01001255,947,899,48
S01001256,747,700,47
S01001257,805,747,58
S01001258,538,501,37
S01001259,809,761,48
S01001260,659,625,34
S01001261,933,885,48
S01001262,924,856,68
S01001263,511,495,16
S01001264,568,511,57
S01001265,594,532,62
S01001266,766,720,46
S01001267,988,934,54
S01001268,764,721,43
S01001269,544,465,79
S01001270,817,761,56
S01001271,748,697,51
S01001272,706,674,32
S01001273,701,674,27
S01001274,734,683,51
S01001275,702,656,46
S01001276,508,456,52
S01001277,685,656,29
S01001278,503,425,78
S01001279,729,705,24
S01001280,608,582,26
S01001281,835,795,40
S01001282,735,712,23
S01001283,491,432,59
S01001284,790,698,92
S01001285,644,576,68
S01001286,528,496,32
S01001287,901,859,42
S01001288,922,890,32
S01001289,629,596,33
S01001290,549,525,24
S01001291,421,401,20
S01001292,948,908,40
S01001293,787,750,37
S01001294,769,740,29
S01001295,905,865,40
S01001296,694,660,34
S01001297,790,744,46
S01001298,909,859,50
S01001299,943,902,41
S01001300,980,877,103
S01001301,632,605,27
S01001302,694,646,48
S01001303,611,561,50
S01001304,722,602,120
S01001305,693,627,66
S01001306,701,672,29
S01001307,891,852,39
S01001308,999,970,29
S01001309,706,664,42
S01001310,747,714,33
S01001311,606,586,20
S01001312,774,717,57
S01001313,673,623,50
S01001314,724,650,74
S01001315,961,890,71
S01001316,981,931,50
S01001317,932,895,37
S01001318,553,519,34
S01001319,649,620,29
S01001320,935,899,36
S01001321,545,478,67
S01001322,822,713,109
S01001323,623,572,51
S01001324,946,874,72
S01001325,731,686,45
S01001326,985,941,44
S01001327,775,726,49
S01001328,823,770,53
S01001329,603,563,40
S01001330,979,921,58
S01001331,869,832,37
S01001332,908,842,66
S01001333,860,796,64
S01001334,881,828,53
S01001335,985,927,58
S01001336,920,880,40
S01001337,772,726,46
S01001338,814,769,45
S01001339,677,624,53
S01001340,778,745,33
S01001341,920,870,50
S01001342,867,822,45
S01001343,990,946,44
S01001344,833,791,42
S01001345,623,583,40
S01001346,694,647,47
S01001347,813,750,63
S01001348,730,680,50
S01001349,1251,1135,116
S01001350,730,658,72
S01001351,504,467,37
S01001352,878,807,71
S01001353,679,612,67
S01001354,794,753,41
S01001355,766,699,67
S01001356,635,591,44
S01001357,663,630,33
S01001358,873,819,54
S01001359,747,694,53
S01001360,854,779,75
S01001361,558,529,29
S01001362,622,584,38
S01001363,595,544,51
S01001364,880,806,74
S01001365,644,616,28
S01001366,969,898,71
S01001367,725,681,44
S01001368,1020,894,126
S01001369,960,897,63
S01001370,735,680,55
S01001371,604,564,40
S01001372,773,723,50
S01001373,635,598,37
S01001374,601,562,39
S01001375,674,640,34
S01001376,741,683,58
S01001377,805,755,50
S01001378,600,557,43
S01001379,998,949,49
S01001380,825,789,36
S01001381,858,811,47
S01001382,618,567,51
S01001383,683,621,62
S01001384,950,901,49
S01001385,785,731,54
S01001386,872,803,69
S01001387,860,814,46
S01001388,917,848,69
S01001389,510,488,22
S01001390,854,800,54
S01001391,828,760,68
S01001392,520,489,31
S01001393,550,504,46
S01001394,545,495,50
S01001395,964,855,109
S01001396,777,693,84
S01001397,827,769,58
S01001398,916,813,103
S01001399,902,845,57
S01001400,927,886,41
S01001401,699,657,42
S01001402,928,873,55
S01001403,990,868,122
S01001404,610,537,73
S01001405,865,763,102
S01001406,607,565,42
S01001407,845,775,70
S01001408,848,782,66
S01001409,908,853,55
S01001410,1058,933,125
S01001411,578,501,77
S01001412,946,872,74
S01001413,763,696,67
S01001414,668,623,45
S01001415,796,717,79
S01001416,685,610,75
S01001417,1034,954,80
S01001418,944,853,91
S01001419,746,690,56
S01001420,604,542,62
S01001421,839,735,104
S01001422,549,487,62
S01001423,812,758,54
S01001424,1085,1010,75
S01001425,980,912,68
S01001426,787,731,56
S01001427,930,851,79
S01001428,1014,959,55
S01001429,616,578,38
S01001430,985,877,108
S01001431,1027,962,65
S01001432,731,673,58
S01001433,917,840,77
S01001434,974,892,82
S01001435,1007,958,49
S01001436,990,889,101
S01001437,894,820,74
S01001438,620,514,106
S01001439,784,735,49
S01001440,980,926,54
S01001441,829,772,57
S01001442,744,697,47
S01001443,954,875,79
S01001444,1015,877,138
S01001445,749,673,76
S01001446,912,805,107
S01001447,875,696,179
S01001448,714,668,46
S01001449,602,538,64
S01001450,805,722,83
S01001451,702,632,70
S01001452,797,685,112
S01001453,886,827,59
S01001454,963,842,121
S01001455,798,705,93
S01001456,659,568,91
S01001457,930,811,119
S01001458,974,903,71
S01001459,918,822,96
S01001460,706,641,65
S01001461,915,827,88
S01001462,914,769,145
S01001463,510,473,37
S01001464,924,837,87
S01001465,660,539,121
S01001466,775,627,148
S01001467,898,826,72
S01001468,653,583,70
S01001469,835,724,111
S01001470,1009,815,194
S01001471,747,627,120
S01001472,876,783,93
S01001473,807,676,131
S01001474,1194,1119,75
S01001475,579,504,75
S01001476,1063,882,181
S01001477,1060,947,113
S01001478,695,624,71
S01001479,643,562,81
S01001480,532,477,55
S01001481,998,840,158
S01001482,772,716,56
S01001483,906,723,183
S01001484,855,724,131
S01001485,731,682,49
S01001486,848,707,141
S01001487,678,646,32
S01001488,941,865,76
S01001489,949,816,133
S01001490,881,816,65
S01001491,907,810,97
S01001492,1003,924,79
S01001493,841,754,87
S01001494,892,839,53
S01001495,612,510,102
S01001496,910,759,151
S01001497,762,710,52
S01001498,770,687,83
S01001499,1038,950,88
S01001500,733,701,32
S01001501,834,725,109
S01001502,912,849,63
S01001503,911,853,58
S01001504,932,853,79
S01001505,1018,940,78
S01001506,591,532,59
S01001507,962,757,205
S01001508,1005,911,94
S01001509,941,891,50
S01001510,594,555,39
S01001511,624,552,72
S01001512,761,722,39
S01001513,868,803,65
S01001514,836,795,41
S01001515,729,642,87
S01001516,691,656,35
S01001517,887,809,78
S01001518,1014,938,76
S01001519,955,815,140
S01001520,712,682,30
S01001521,1027,828,199
S01001522,995,938,57
S01001523,801,683,118
S01001524,963,929,34
S01001525,844,811,33
S01001526,645,593,52
S01001527,865,805,60
S01001528,1014,890,124
S01001529,661,574,87
S01001530,883,820,63
S01001531,1004,918,86
S01001532,587,479,108
S01001533,848,730,118
S01001534,705,647,58
S01001535,851,769,82
S01001536,842,825,17
S01001537,619,586,33
S01001538,892,754,138
S01001539,869,797,72
S01001540,838,710,128
S01001541,878,799,79
S01001542,740,677,63
S01001543,762,687,75
S01001544,949,881,68
S01001545,799,740,59
S01001546,935,884,51
S01001547,938,892,46
S01001548,700,621,79
S01001549,1048,963,85
S01001550,657,530,127
S01001551,832,650,182
S01001552,862,770,92
S01001553,809,566,243
S01001554,993,832,161
S01001555,781,714,67
S01001556,925,843,82
S01001557,1056,856,200
S01001558,829,756,73
S01001559,514,472,42
S01001560,669,618,51
S01001561,731,661,70
S01001562,664,609,55
S01001563,638,579,59
S01001564,582,542,40
S01001565,774,711,63
S01001566,672,611,61
S01001567,962,895,67
S01001568,675,546,129
S01001569,536,478,58
S01001570,539,486,53
S01001571,752,707,45
S01001572,581,545,36
S01001573,658,481,177
S01001574,924,859,65
S01001575,780,715,65
S01001576,593,556,37
S01001577,776,735,41
S01001578,689,628,61
S01001579,848,783,65
S01001580,601,551,50
S01001581,729,686,43
S01001582,610,580,30
S01001583,484,453,31
S01001584,769,715,54
S01001585,875,812,63
S01001586,518,466,52
S01001587,823,777,46
S01001588,782,719,63
S01001589,784,746,38
S01001590,766,672,94
S01001591,629,595,34
S01001592,768,716,52
S01001593,880,727,153
S01001594,793,701,92
S01001595,733,690,43
S01001596,805,693,112
S01001597,702,575,127
S01001598,637,586,51
S01001599,887,765,122
S01001600,1043,919,124
S01001601,783,596,187
S01001602,449,405,44
S01001603,880,805,75
S01001604,682,630,52
S01001605,607,564,43
S01001606,547,467,80
S01001607,972,868,104
S01001608,900,775,125
S01001609,942,827,115
S01001610,568,458,110
S01001611,777,591,186
S01001612,848,712,136
S01001613,861,808,53
S01001614,634,531,103
S01001615,774,665,109
S01001616,587,443,144
S01001617,714,668,46
S01001618,922,739,183
S01001619,723,671,52
S01001620,813,765,48
S01001621,763,720,43
S01001622,907,812,95
S01001623,725,656,69
S01001624,1051,910,141
S01001625,756,721,35
S01001626,806,711,95
S01001627,715,684,31
S01001628,585,552,33
S01001629,615,551,64
S01001630,548,513,35
S01001631,941,881,60
S01001632,619,552,67
S01001633,941,774,167
S01001634,834,742,92
S01001635,742,686,56
S01001636,575,505,70
S01001637,741,621,120
S01001638,883,779,104
S01001639,675,625,50
S01001640,689,550,139
S01001641,612,506,106
S01001642,950,813,137
S01001643,762,636,126
S01001644,765,686,79
S01001645,919,713,206
S01001646,581,472,109
S01001647,660,577,83
S01001648,776,683,93
S01001649,759,689,70
S01001650,898,725,173
S01001651,908,736,172
S01001652,816,541,275
S01001653,669,544,125
S01001654,601,505,96
S01001655,609,474,135
S01001656,968,816,152
S01001657,512,373,139
S01001658,925,727,198
S01001659,645,498,147
S01001660,652,457,195
S01001661,648,504,144
S01001662,769,686,83
S01001663,782,562,220
S01001664,543,399,144
S01001665,761,568,193
S01001666,612,463,149
S01001667,771,584,187
S01001668,692,492,200
S01001669,639,485,154
S01001670,689,645,44
S01001671,568,536,32
S01001672,589,539,50
S01001673,666,602,64
S01001674,711,654,57
S01001675,677,622,55
S01001676,966,836,130
S01001677,835,725,110
S01001678,942,861,81
S01001679,696,574,122
S01001680,601,546,55
S01001681,649,574,75
S01001682,522,497,25
S01001683,736,642,94
S01001684,575,488,87
S01001685,680,622,58
S01001686,937,838,99
S01001687,992,838,154
S01001688,838,759,79
S01001689,727,662,65
S01001690,545,493,52
S01001691,819,689,130
S01001692,608,522,86
S01001693,808,686,122
S01001694,644,590,54
S01001695,744,680,64
S01001696,762,691,71
S01001697,807,720,87
S01001698,523,485,38
S01001699,666,566,100
S01001700,980,836,144
S01001701,889,822,67
S01001702,954,845,109
S01001703,757,662,95
S01001704,937,799,138
S01001705,590,523,67
S01001706,784,726,58
S01001707,693,652,41
S01001708,943,809,134
S01001709,605,506,99
S01001710,663,596,67
S01001711,765,703,62
S01001712,517,487,30
S01001713,957,800,157
S01001714,707,651,56
S01001715,960,827,133
S01001716,785,733,52
S01001717,776,698,78
S01001718,505,461,44
S01001719,795,718,77
S01001720,690,608,82
S01001721,584,506,78
S01001722,754,693,61
S01001723,709,604,105
S01001724,732,695,37
S01001725,715,683,32
S01001726,662,617,45
S01001727,880,797,83
S01001728,672,618,54
S01001729,970,896,74
S01001730,630,590,40
S01001731,635,582,53
S01001732,596,552,44
S01001733,733,694,39
S01001734,527,486,41
S01001735,506,466,40
S01001736,999,857,142
S01001737,614,584,30
S01001738,619,551,68
S01001739,628,586,42
S01001740,788,714,74
S01001741,650,628,22
S01001742,707,662,45
S01001743,911,870,41
S01001744,616,576,40
S01001745,830,787,43
S01001746,1019,907,112
S01001747,874,834,40
S01001748,640,588,52
S01001749,761,713,48
S01001750,731,680,51
S01001751,914,878,36
S01001752,994,913,81
S01001753,851,817,34
S01001754,820,726,94
S01001755,918,769,149
S01001756,653,592,61
S01001757,762,704,58
S01001758,766,696,70
S01001759,609,567,42
S01001760,698,657,41
S01001761,691,665,26
S01001762,987,822,165
S01001763,840,762,78
S01001764,530,463,67
S01001765,993,941,52
S01001766,696,602,94
S01001767,628,544,84
S01001768,617,557,60
S01001769,718,612,106
S01001770,542,504,38
S01001771,804,701,103
S01001772,539,457,82
S01001773,956,904,52
S01001774,631,564,67
S01001775,751,674,77
S01001776,613,585,28
S01001777,924,821,103
S01001778,904,864,40
S01001779,538,476,62
S01001780,807,735,72
S01001781,669,578,91
S01001782,936,838,98
S01001783,638,604,34
S01001784,587,482,105
S01001785,679,643,36
S01001786,629,597,32
S01001787,642,602,40
S01001788,874,837,37
S01001789,531,499,32
S01001790,762,618,144
S01001791,748,615,133
S01001792,736,634,102
S01001793,851,671,180
S01001794,924,751,173
S01001795,875,476,399
S01001796,813,623,190
S01001797,701,617,84
S01001798,909,704,205
S01001799,1022,945,77
S01001800,999,889,110
S01001801,954,693,261
S01001802,819,680,139
S01001803,1003,801,202
S01001804,1076,923,153
S01001805,784,721,63
S01001806,657,565,92
S01001807,844,735,109
S01001808,633,565,68
S01001809,758,702,56
S01001810,947,811,136
S01001811,716,574,142
S01001812,566,422,144
S01001813,715,594,121
S01001814,753,539,214
S01001815,879,778,101
S01001816,1076,813,263
S01001817,694,636,58
S01001818,767,621,146
S01001819,1032,802,230
S01001820,800,709,91
S01001821,524,272,252
S01001822,1014,863,151
S01001823,798,700,98
S01001824,780,681,99
S01001825,815,663,152
S01001826,571,501,70
S01001827,922,776,146
S01001828,791,625,166
S01001829,705,559,146
S01001830,936,780,156
S01001831,765,691,74
S01001832,677,614,63
S01001833,969,741,228
S01001834,576,525,51
S01001835,645,456,189
S01001836,740,634,106
S01001837,938,745,193
S01001838,583,531,52
S01001839,956,844,112
S01001840,736,635,101
S01001841,740,655,85
S01001842,814,694,120
S01001843,755,682,73
S01001844,2647,1438,1209
S01001845,848,677,171
S01001846,943,778,165
S01001847,823,753,70
S01001848,788,717,71
S01001849,631,479,152
S01001850,784,692,92
S01001851,786,604,182
S01001852,808,704,104
S01001853,776,658,118
S01001854,1295,808,487
S01001855,758,584,174
S01001856,588,523,65
S01001857,806,723,83
S01001858,890,750,140
S01001859,966,896,70
S01001860,1074,735,339
S01001861,895,792,103
S01001862,909,826,83
S01001863,916,826,90
S01001864,894,741,153
S01001865,707,599,108
S01001866,704,582,122
S01001867,548,490,58
S01001868,673,519,154
S01001869,845,731,114
S01001870,733,665,68
S01001871,864,755,109
S01001872,809,707,102
S01001873,809,649,160
S01001874,720,570,150
S01001875,880,717,163
S01001876,1055,921,134
S01001877,986,877,109
S01001878,953,742,211
S01001879,676,589,87
S01001880,745,646,99
S01001881,674,582,92
S01001882,771,620,151
S01001883,569,383,186
S01001884,998,879,119
S01001885,1098,876,222
S01001886,548,486,62
S01001887,795,715,80
S01001888,907,719,188
S01001889,577,429,148
S01001890,927,842,85
S01001891,665,589,76
S01001892,769,678,91
S01001893,973,888,85
S01001894,739,679,60
S01001895,756,666,90
S01001896,844,621,223
S01001897,884,766,118
S01001898,590,544,46
S01001899,796,715,81
S01001900,783,711,72
S01001901,982,762,220
S01001902,902,627,275
S01001903,588,495,93
S01001904,637,568,69
S01001905,920,636,284
S01001906,429,369,60
S01001907,794,699,95
S01001908,884,558,326
S01001909,669,598,71
S01001910,766,692,74
S01001911,760,558,202
S01001912,793,735,58
S01001913,983,772,211
S01001914,603,415,188
S01001915,849,749,100
S01001916,815,552,263
S01001917,724,478,246
S01001918,866,632,234
S01001919,908,833,75
S01001920,720,587,133
S01001921,602,546,56
S01001922,782,645,137
S01001923,341,294,47
S01001924,729,566,163
S01001925,807,542,265
S01001926,644,582,62
S01001927,913,629,284
S01001928,1097,764,333
S01001929,754,603,151
S01001930,772,483,289
S01001931,754,689,65
S01001932,1338,1238,100
S01001933,866,705,161
S01001934,793,684,109
S01001935,720,663,57
S01001936,945,711,234
S01001937,900,803,97
S01001938,595,373,222
S01001939,475,319,156
S01001940,740,523,217
S01001941,947,613,334
S01001942,562,355,207
S01001943,621,562,59
S01001944,680,488,192
S01001945,729,526,203
S01001946,838,753,85
S01001947,843,592,251
S01001948,766,708,58
S01001949,724,654,70
S01001950,907,786,121
S01001951,833,707,126
S01001952,764,495,269
S01001953,795,518,277
S01001954,447,384,63
S01001955,800,747,53
S01001956,789,705,84
S01001957,292,251,41
S01001958,876,726,150
S01001959,624,558,66
S01001960,879,510,369
S01001961,955,729,226
S01001962,833,738,95
S01001963,766,637,129
S01001964,778,694,84
S01001965,830,754,76
S01001966,773,689,84
S01001967,675,595,80
S01001968,836,605,231
S01001969,648,564,84
S01001970,614,409,205
S01001971,774,692,82
S01001972,765,592,173
S01001973,704,650,54
S01001974,797,488,309
S01001975,845,534,311
S01001976,753,503,250
S01001977,783,681,102
S01001978,741,649,92
S01001979,630,411,219
S01001980,685,513,172
S01001981,724,468,256
S01001982,302,274,28
S01001983,765,470,295
S01001984,531,450,81
S01001985,777,713,64
S01001986,622,436,186
S01001987,825,405,420
S01001988,794,722,72
S01001989,879,716,163
S01001990,999,493,506
S01001991,792,710,82
S01001992,916,542,374
S01001993,761,496,265
S01001994,845,600,245
S01001995,687,608,79
S01001996,867,461,406
S01001997,744,615,129
S01001998,716,618,98
S01001999,748,331,417
S01002000,762,691,71
S01002001,766,604,162
S01002002,738,343,395
S01002003,827,747,80
S01002004,799,548,251
S01002005,796,736,60
S01002006,938,801,137
S01002007,934,675,259
S01002008,863,499,364
S01002009,799,439,360
S01002010,514,263,251
S01002011,1088,897,191
S01002012,778,518,260
S01002013,796,443,353
S01002014,814,414,400
S01002015,878,816,62
S01002016,550,362,188
S01002017,1069,994,75
S01002018,832,765,67
S01002019,788,342,446
S01002020,431,188,243
S01002021,965,869,96
S01002022,765,669,96
S01002023,760,423,337
S01002024,745,430,315
S01002025,828,562,266
S01002026,680,605,75
S01002027,1047,490,557
S01002028,2692,877,1815
S01002029,756,286,470
S01002030,771,520,251
S01002031,659,540,119
S01002032,711,429,282
S01002033,753,595,158
S01002034,717,390,327
S01002035,772,695,77
S01002036,825,644,181
S01002037,680,322,358
S01002038,580,239,341
S01002039,638,487,151
S01002040,532,396,136
S01002041,929,555,374
S01002042,934,771,163
S01002043,784,703,81
S01002044,703,641,62
S01002045,871,732,139
S01002046,573,421,152
S01002047,761,476,285
S01002048,866,372,494
S01002049,1096,588,508
S01002050,710,599,111
S01002051,818,776,42
S01002052,752,510,242
S01002053,760,331,429
S01002054,595,252,343
S01002055,902,817,85
S01002056,942,843,99
S01002057,858,722,136
S01002058,668,453,215
S01002059,711,491,220
S01002060,742,349,393
S01002061,663,411,252
S01002062,625,559,66
S01002063,984,581,403
S01002064,803,578,225
S01002065,764,409,355
S01002066,703,363,340
S01002067,809,669,140
S01002068,896,616,280
S01002069,600,483,117
S01002070,662,389,273
S01002071,605,324,281
S01002072,1099,918,181
S01002073,634,426,208
S01002074,660,588,72
S01002075,876,628,248
S01002076,838,514,324
S01002077,839,704,135
S01002078,862,729,133
S01002079,751,511,240
S01002080,979,835,144
S01002081,697,466,231
S01002082,835,588,247
S01002083,544,500,44
S01002084,554,350,204
S01002085,654,345,309
S01002086,547,314,233
S01002087,935,631,304
S01002088,908,770,138
S01002089,991,849,142
S01002090,1076,941,135
S01002091,796,544,252
S01002092,1004,791,213
S01002093,767,478,289
S01002094,742,660,82
S01002095,572,437,135
S01002096,832,711,121
S01002097,801,720,81
S01002098,707,613,94
S01002099,851,486,365
S01002100,596,510,86
S01002101,900,686,214
S01002102,655,585,70
S01002103,744,650,94
S01002104,1031,645,386
S01002105,1021,717,304
S01002106,965,381,584
S01002107,546,502,44
S01002108,959,429,530
S01002109,866,449,417
S01002110,687,482,205
S01002111,1023,883,140
S01002112,1044,836,208
S01002113,762,679,83
S01002114,715,583,132
S01002115,1055,635,420
S01002116,804,697,107
S01002117,631,349,282
S01002118,895,522,373
S01002119,602,560,42
S01002120,762,643,119
S01002121,705,659,46
S01002122,986,735,251
S01002123,1268,950,318
S01002124,763,667,96
S01002125,1093,889,204
S01002126,669,612,57
S01002127,728,602,126
S01002128,738,374,364
S01002129,835,539,296
S01002130,656,597,59
S01002131,652,338,314
S01002132,790,703,87
S01002133,1096,691,405
S01002134,618,532,86
S01002135,863,682,181
S01002136,705,430,275
S01002137,885,778,107
S01002138,628,529,99
S01002139,703,610,93
S01002140,906,820,86
S01002141,688,517,171
S01002142,1050,903,147
S01002143,763,698,65
S01002144,721,531,190
S01002145,976,522,454
S01002146,913,677,236
S01002147,965,884,81
S01002148,864,699,165
S01002149,1022,889,133
S01002150,689,542,147
S01002151,1106,788,318
S01002152,821,579,242
S01002153,540,478,62
S01002154,895,806,89
S01002155,1012,875,137
S01002156,759,344,415
S01002157,816,488,328
S01002158,771,489,282
S01002159,754,467,287
S01002160,791,599,192
S01002161,710,378,332
S01002162,1018,858,160
S01002163,1003,723,280
S01002164,854,772,82
S01002165,957,826,131
S01002166,804,390,414
S01002167,660,605,55
S01002168,1005,629,376
S01002169,783,542,241
S01002170,871,777,94
S01002171,624,583,41
S01002172,736,671,65
S01002173,953,767,186
S01002174,913,601,312
S01002175,973,723,250
S01002176,800,707,93
S01002177,790,506,284
S01002178,916,597,319
S01002179,692,631,61
S01002180,504,257,247
S01002181,762,652,110
S01002182,731,380,351
S01002183,842,625,217
S01002184,792,656,136
S01002185,802,725,77
S01002186,737,441,296
S01002187,903,474,429
S01002188,783,653,130
S01002189,732,504,228
S01002190,780,462,318
S01002191,801,727,74
S01002192,866,781,85
S01002193,916,772,144
S01002194,744,684,60
S01002195,909,595,314
S01002196,667,552,115
S01002197,566,443,123
S01002198,852,614,238
S01002199,745,409,336
S01002200,795,651,144
S01002201,888,508,380
S01002202,688,348,340
S01002203,475,300,175
S01002204,711,646,65
S01002205,767,511,256
S01002206,546,392,154
S01002207,844,707,137
S01002208,557,307,250
S01002209,916,689,227
S01002210,610,360,250
S01002211,570,512,58
S01002212,1012,920,92
S01002213,829,725,104
S01002214,768,471,297
S01002215,995,809,186
S01002216,774,625,149
S01002217,914,685,229
S01002218,556,333,223
S01002219,672,520,152
S01002220,792,606,186
S01002221,767,587,180
S01002222,836,673,163
S01002223,719,601,118
S01002224,746,579,167
S01002225,721,447,274
S01002226,1037,753,284
S01002227,835,759,76
S01002228,978,871,107
S01002229,785,577,208
S01002230,972,698,274
S01002231,1136,620,516
S01002232,715,669,46
S01002233,931,727,204
S01002234,783,617,166
S01002235,968,680,288
S01002236,907,830,77
S01002237,1103,1006,97
S01002238,567,515,52
S01002239,939,840,99
S01002240,748,596,152
S01002241,890,825,65
S01002242,788,643,145
S01002243,767,564,203
S01002244,724,586,138
S01002245,949,628,321
S01002246,834,621,213
S01002247,866,790,76
S01002248,1169,821,348
S01002249,784,669,115
S01002250,973,848,125
S01002251,744,630,114
S01002252,607,418,189
S01002253,1005,934,71
S01002254,788,602,186
S01002255,1039,830,209
S01002256,768,578,190
S01002257,713,624,89
S01002258,777,578,199
S01002259,537,499,38
S01002260,853,655,198
S01002261,1022,898,124
S01002262,789,687,102
S01002263,794,600,194
S01002264,867,700,167
S01002265,1038,945,93
S01002266,592,479,113
S01002267,972,782,190
S01002268,715,626,89
S01002269,910,657,253
S01002270,914,679,235
S01002271,853,741,112
S01002272,560,462,98
S01002273,792,611,181
S01002274,719,558,161
S01002275,897,772,125
S01002276,813,589,224
S01002277,781,690,91
S01002278,1064,968,96
S01002279,961,864,97
S01002280,797,663,134
S01002281,709,630,79
S01002282,341,310,31
S01002283,744,599,145
S01002284,1023,936,87
S01002285,782,661,121
S01002286,783,636,147
S01002287,772,592,180
S01002288,749,534,215
S01002289,799,669,130
S01002290,795,651,144
S01002291,838,738,100
S01002292,810,634,176
S01002293,874,810,64
S01002294,632,514,118
S01002295,758,600,158
S01002297,929,857,72
S01002298,744,588,156
S01002299,841,735,106
S01002300,792,649,143
S01002301,860,741,119
S01002302,749,669,80
S01002303,832,753,79
S01002304,798,529,269
S01002305,834,689,145
S01002306,475,381,94
S01002307,634,429,205
S01002308,911,696,215
S01002309,741,684,57
S01002310,848,698,150
S01002311,731,569,162
S01002312,653,596,57
S01002313,737,587,150
S01002314,831,661,170
S01002315,558,495,63
S01002316,751,548,203
S01002317,879,670,209
S01002318,845,729,116
S01002319,1105,1016,89
S01002320,638,520,118
S01002321,892,802,90
S01002322,689,547,142
S01002323,785,642,143
S01002324,761,695,66
S01002325,577,503,74
S01002326,827,669,158
S01002327,682,499,183
S01002328,765,646,119
S01002329,708,612,96
S01002330,798,684,114
S01002331,709,596,113
S01002332,958,809,149
S01002333,834,707,127
S01002334,827,608,219
S01002335,983,763,220
S01002336,1019,855,164
S01002337,977,823,154
S01002338,579,503,76
S01002339,632,590,42
S01002340,540,489,51
S01002341,560,529,31
S01002342,614,581,33
S01002343,777,688,89
S01002344,532,488,44
S01002345,717,572,145
S01002346,921,796,125
S01002347,736,651,85
S01002348,958,822,136
S01002349,960,871,89
S01002350,965,831,134
S01002351,652,545,107
S01002352,849,725,124
S01002353,745,671,74
S01002354,782,684,98
S01002355,881,836,45
S01002356,774,667,107
S01002357,710,656,54
S01002358,530,470,60
S01002359,948,879,69
S01002360,717,665,52
S01002361,606,534,72
S01002362,691,610,81
S01002363,928,829,99
S01002364,748,689,59
S01002365,544,475,69
S01002366,559,515,44
S01002367,871,783,88
S01002368,867,794,73
S01002369,528,464,64
S01002370,724,674,50
S01002371,644,593,51
S01002372,798,736,62
S01002373,631,566,65
S01002374,710,610,100
S01002375,895,828,67
S01002376,868,787,81
S01002377,850,775,75
S01002378,556,499,57
S01002379,945,879,66
S01002380,702,660,42
S01002381,829,771,58
S01002382,666,628,38
S01002383,544,471,73
S01002384,554,514,40
S01002385,819,790,29
S01002386,995,905,90
S01002387,617,566,51
S01002388,824,730,94
S01002389,746,673,73
S01002390,735,672,63
S01002391,883,788,95
S01002392,897,812,85
S01002393,520,479,41
S01002394,662,616,46
S01002395,768,678,90
S01002396,754,695,59
S01002397,1120,1034,86
S01002398,834,765,69
S01002399,1017,964,53
S01002400,887,807,80
S01002401,964,811,153
S01002402,895,798,97
S01002403,773,691,82
S01002404,990,914,76
S01002405,777,699,78
S01002406,790,734,56
S01002407,803,725,78
S01002408,885,822,63
S01002409,715,638,77
S01002410,532,476,56
S01002411,667,606,61
S01002412,1006,932,74
S01002413,703,635,68
S01002414,613,593,20
S01002415,773,739,34
S01002416,533,473,60
S01002417,722,652,70
S01002418,945,878,67
S01002419,542,487,55
S01002420,694,659,35
S01002421,876,787,89
S01002422,604,556,48
S01002423,679,621,58
S01002424,900,829,71
S01002425,811,753,58
S01002426,634,574,60
S01002427,805,740,65
S01002428,532,504,28
S01002429,724,672,52
S01002430,565,499,66
S01002431,760,727,33
S01002432,716,618,98
S01002433,534,504,30
S01002434,923,859,64
S01002435,717,660,57
S01002436,760,721,39
S01002437,501,459,42
S01002438,710,652,58
S01002439,812,777,35
S01002440,913,856,57
S01002441,638,586,52
S01002442,459,389,70
S01002443,573,534,39
S01002444,531,502,29
S01002445,749,708,41
S01002446,818,714,104
S01002447,737,698,39
S01002448,574,529,45
S01002449,480,445,35
S01002450,712,646,66
S01002451,1092,955,137
S01002452,568,530,38
S01002453,799,749,50
S01002454,807,763,44
S01002455,627,586,41
S01002456,1019,943,76
S01002457,822,782,40
S01002458,877,825,52
S01002459,525,467,58
S01002460,846,804,42
S01002461,477,434,43
S01002462,673,613,60
S01002463,1013,938,75
S01002464,545,507,38
S01002465,582,538,44
S01002466,996,935,61
S01002467,454,409,45
S01002468,610,560,50
S01002469,651,621,30
S01002470,856,790,66
S01002471,510,488,22
S01002472,581,526,55
S01002473,847,780,67
S01002474,479,420,59
S01002475,531,490,41
S01002476,827,743,84
S01002477,835,780,55
S01002478,935,885,50
S01002479,739,662,77
S01002480,568,540,28
S01002481,1001,953,48
S01002482,859,781,78
S01002483,701,644,57
S01002484,851,789,62
S01002485,892,793,99
S01002486,557,526,31
S01002487,463,422,41
S01002488,671,633,38
S01002489,553,523,30
S01002490,619,590,29
S01002491,499,471,28
S01002492,634,575,59
S01002493,943,889,54
S01002494,697,648,49
S01002495,696,650,46
S01002496,629,601,28
S01002497,648,590,58
S01002498,723,674,49
S01002499,858,800,58
S01002500,580,548,32
S01002501,497,438,59
S01002502,890,829,61
S01002503,575,517,58
S01002504,914,870,44
S01002505,772,722,50
S01002506,875,820,55
S01002507,607,577,30
S01002508,831,768,63
S01002509,1000,956,44
S01002510,1022,966,56
S01002511,498,458,40
S01002512,544,496,48
S01002513,848,779,69
S01002514,593,556,37
S01002515,615,576,39
S01002516,744,690,54
S01002517,609,581,28
S01002518,729,678,51
S01002519,821,777,44
S01002520,520,491,29
S01002521,582,542,40
S01002522,704,650,54
S01002523,712,642,70
S01002524,590,543,47
S01002525,699,657,42
S01002526,578,537,41
S01002527,781,713,68
S01002528,735,675,60
S01002529,902,840,62
S01002530,755,710,45
S01002531,730,681,49
S01002532,774,743,31
S01002533,864,796,68
S01002534,978,912,66
S01002535,500,449,51
S01002536,510,478,32
S01002537,604,560,44
S01002538,956,880,76
S01002539,811,758,53
S01002540,557,522,35
S01002541,989,917,72
S01002542,586,541,45
S01002543,602,563,39
S01002544,790,745,45
S01002545,635,608,27
S01002546,683,631,52
S01002547,655,603,52
S01002548,991,932,59
S01002549,570,539,31
S01002550,544,505,39
S01002551,595,565,30
S01002552,593,566,27
S01002553,819,765,54
S01002554,661,599,62
S01002555,726,687,39
S01002556,778,734,44
S01002557,839,798,41
S01002558,530,502,28
S01002559,687,644,43
S01002560,570,534,36
S01002561,685,643,42
S01002562,654,627,27
S01002563,1163,1085,78
S01002564,620,564,56
S01002565,911,835,76
S01002566,779,723,56
S01002567,571,505,66
S01002568,732,675,57
S01002569,977,866,111
S01002570,619,549,70
S01002571,604,559,45
S01002572,579,424,155
S01002573,523,432,91
S01002574,781,669,112
S01002575,846,594,252
S01002576,741,561,180
S01002577,965,868,97
S01002578,779,516,263
S01002579,809,621,188
S01002580,799,684,115
S01002581,783,567,216
S01002582,720,648,72
S01002583,790,659,131
S01002584,780,521,259
S01002585,877,731,146
S01002586,556,473,83
S01002587,718,576,142
S01002588,787,616,171
S01002589,789,590,199
S01002590,757,520,237
S01002591,576,503,73
S01002592,815,715,100
S01002593,777,678,99
S01002594,680,525,155
S01002595,621,528,93
S01002596,752,549,203
S01002597,517,457,60
S01002598,916,762,154
S01002599,551,456,95
S01002600,882,679,203
S01002601,668,591,77
S01002602,528,447,81
S01002603,744,645,99
S01002604,993,737,256
S01002605,632,549,83
S01002606,601,521,80
S01002607,872,751,121
S01002608,600,477,123
S01002609,791,660,131
S01002610,928,801,127
S01002611,854,727,127
S01002612,762,593,169
S01002613,904,645,259
S01002614,943,732,211
S01002615,467,388,79
S01002616,633,535,98
S01002617,940,856,84
S01002618,793,691,102
S01002619,789,647,142
S01002620,826,726,100
S01002621,630,533,97
S01002622,903,701,202
S01002623,684,559,125
S01002624,723,596,127
S01002625,856,720,136
S01002626,759,697,62
S01002627,1064,894,170
S01002628,805,683,122
S01002629,821,685,136
S01002630,638,533,105
S01002631,741,628,113
S01002632,596,514,82
S01002633,1000,842,158
S01002634,781,657,124
S01002635,594,505,89
S01002636,562,515,47
S01002637,800,713,87
S01002638,790,696,94
S01002639,956,777,179
S01002640,765,683,82
S01002641,961,824,137
S01002642,573,495,78
S01002643,521,465,56
S01002644,761,672,89
S01002645,652,584,68
S01002646,659,558,101
S01002647,939,892,47
S01002648,760,670,90
S01002649,755,692,63
S01002650,673,565,108
S01002651,667,602,65
S01002652,733,623,110
S01002653,762,671,91
S01002654,725,644,81
S01002655,702,620,82
S01002656,676,585,91
S01002657,815,688,127
S01002658,1004,830,174
S01002659,929,800,129
S01002660,865,786,79
S01002661,822,753,69
S01002662,814,719,95
S01002663,709,610,99
S01002664,940,794,146
S01002665,787,730,57
S01002666,816,707,109
S01002667,647,588,59
S01002668,521,415,106
S01002669,886,780,106
S01002670,655,563,92
S01002671,963,808,155
S01002672,616,552,64
S01002673,532,463,69
S01002674,755,675,80
S01002675,931,802,129
S01002676,835,725,110
S01002677,991,864,127
S01002678,1010,824,186
S01002679,943,844,99
S01002680,940,825,115
S01002681,756,668,88
S01002682,588,528,60
S01002683,627,568,59
S01002684,725,652,73
S01002685,914,815,99
S01002686,863,722,141
S01002687,832,742,90
S01002688,718,649,69
S01002689,697,599,98
S01002690,565,505,60
S01002691,1096,959,137
S01002692,926,841,85
S01002693,450,396,54
S01002694,764,728,36
S01002695,624,519,105
S01002696,778,706,72
S01002697,916,742,174
S01002698,729,665,64
S01002699,531,484,47
S01002700,909,858,51
S01002701,916,748,168
S01002702,618,566,52
S01002703,848,758,90
S01002704,682,603,79
S01002705,679,632,47
S01002706,810,727,83
S01002707,909,852,57
S01002708,724,659,65
S01002709,615,540,75
S01002710,580,506,74
S01002711,894,849,45
S01002712,790,741,49
S01002713,797,717,80
S01002714,929,810,119
S01002715,922,863,59
S01002716,575,490,85
S01002717,766,703,63
S01002718,895,841,54
S01002719,788,755,33
S01002720,773,670,103
S01002721,804,754,50
S01002722,668,577,91
S01002723,637,596,41
S01002724,822,725,97
S01002725,912,839,73
S01002726,796,691,105
S01002727,978,838,140
S01002728,857,784,73
S01002729,941,823,118
S01002730,772,689,83
S01002731,790,713,77
S01002732,684,572,112
S01002733,627,574,53
S01002734,939,882,57
S01002735,933,807,126
S01002736,715,666,49
S01002737,743,648,95
S01002738,720,654,66
S01002739,805,633,172
S01002740,570,527,43
S01002741,865,762,103
S01002742,837,772,65
S01002743,580,515,65
S01002744,567,513,54
S01002745,609,577,32
S01002746,834,759,75
S01002747,595,534,61
S01002748,589,524,65
S01002749,779,729,50
S01002750,918,885,33
S01002751,970,909,61
S01002752,555,527,28
S01002753,662,591,71
S01002754,610,559,51
S01002755,792,738,54
S01002756,833,739,94
S01002757,580,554,26
S01002758,733,684,49
S01002759,750,695,55
S01002760,515,480,35
S01002761,764,688,76
S01002762,633,601,32
S01002763,917,864,53
S01002764,658,613,45
S01002765,751,671,80
S01002766,893,808,85
S01002767,950,886,64
S01002768,849,800,49
S01002769,787,744,43
S01002770,544,491,53
S01002771,778,729,49
S01002772,1077,893,184
S01002773,973,910,63
S01002774,787,731,56
S01002775,818,751,67
S01002776,698,635,63
S01002777,1000,942,58
S01002778,759,708,51
S01002779,637,595,42
S01002780,916,855,61
S01002781,947,892,55
S01002782,848,787,61
S01002783,792,740,52
S01002784,567,504,63
S01002785,709,671,38
S01002786,742,660,82
S01002787,773,697,76
S01002788,816,718,98
S01002789,774,687,87
S01002790,812,767,45
S01002791,676,631,45
S01002792,916,834,82
S01002793,801,759,42
S01002794,876,835,41
S01002795,673,598,75
S01002796,573,521,52
S01002797,840,763,77
S01002798,595,561,34
S01002799,622,584,38
S01002800,811,747,64
S01002801,986,918,68
S01002802,652,591,61
S01002803,836,798,38
S01002804,539,509,30
S01002805,856,797,59
S01002806,590,553,37
S01002807,720,671,49
S01002808,848,778,70
S01002809,683,634,49
S01002810,967,897,70
S01002811,959,894,65
S01002812,630,588,42
S01002813,728,688,40
S01002814,721,670,51
S01002815,786,751,35
S01002816,568,522,46
S01002817,575,536,39
S01002818,582,528,54
S01002819,828,792,36
S01002820,924,878,46
S01002821,975,910,65
S01002822,908,863,45
S01002823,825,772,53
S01002824,777,736,41
S01002825,975,903,72
S01002826,546,519,27
S01002827,670,620,50
S01002828,633,563,70
S01002829,812,763,49
S01002830,663,622,41
S01002831,800,722,78
S01002832,816,723,93
S01002833,1119,974,145
S01002834,911,869,42
S01002835,751,689,62
S01002836,581,510,71
S01002837,598,552,46
S01002838,568,544,24
S01002839,541,511,30
S01002840,683,602,81
S01002841,626,545,81
S01002842,628,580,48
S01002843,820,772,48
S01002844,605,541,64
S01002845,782,721,61
S01002846,905,845,60
S01002847,926,846,80
S01002848,853,756,97
S01002849,1051,947,104
S01002850,903,855,48
S01002851,499,426,73
S01002852,1000,945,55
S01002853,443,398,45
S01002854,839,803,36
S01002855,629,594,35
S01002856,776,728,48
S01002857,505,476,29
S01002858,480,425,55
S01002859,851,811,40
S01002860,919,793,126
S01002861,965,863,102
S01002862,640,571,69
S01002863,793,760,33
S01002864,612,555,57
S01002865,919,833,86
S01002866,1083,972,111
S01002867,578,505,73
S01002868,754,664,90
S01002869,545,490,55
S01002870,925,843,82
S01002871,606,563,43
S01002872,627,571,56
S01002873,784,715,69
S01002874,909,785,124
S01002875,678,577,101
S01002876,697,621,76
S01002877,782,685,97
S01002878,567,502,65
S01002879,861,793,68
S01002880,513,466,47
S01002881,878,802,76
S01002882,748,672,76
S01002883,1133,1024,109
S01002884,804,716,88
S01002885,792,747,45
S01002886,678,639,39
S01002887,635,597,38
S01002888,603,517,86
S01002889,847,753,94
S01002890,752,643,109
S01002891,792,706,86
S01002892,664,627,37
S01002893,729,669,60
S01002894,782,680,102
S01002895,659,613,46
S01002896,719,646,73
S01002897,521,486,35
S01002898,993,939,54
S01002899,506,442,64
S01002900,744,656,88
S01002901,835,793,42
S01002902,785,708,77
S01002903,869,807,62
S01002904,651,589,62
S01002905,745,645,100
S01002906,845,752,93
S01002907,610,562,48
S01002908,787,727,60
S01002909,727,651,76
S01002910,780,724,56
S01002911,915,850,65
S01002912,980,821,159
S01002913,805,701,104
S01002914,718,632,86
S01002915,1019,898,121
S01002916,779,732,47
S01002917,671,576,95
S01002918,736,637,99
S01002919,945,828,117
S01002920,639,561,78
S01002921,679,617,62
S01002922,560,512,48
S01002923,705,580,125
S01002924,699,578,121
S01002925,1034,901,133
S01002926,819,717,102
S01002927,790,693,97
S01002928,561,500,61
S01002929,801,755,46
S01002930,663,543,120
S01002931,793,715,78
S01002932,771,673,98
S01002933,865,755,110
S01002934,953,831,122
S01002935,828,724,104
S01002936,713,600,113
S01002937,642,532,110
S01002938,805,697,108
S01002939,546,481,65
S01002940,526,456,70
S01002941,968,777,191
S01002942,538,455,83
S01002943,530,486,44
S01002944,952,766,186
S01002945,588,513,75
S01002946,641,540,101
S01002947,492,412,80
S01002948,875,759,116
S01002949,507,374,133
S01002950,747,650,97
S01002951,898,671,227
S01002952,620,539,81
S01002953,904,736,168
S01002954,869,753,116
S01002955,988,875,113
S01002956,767,669,98
S01002957,960,834,126
S01002958,562,384,178
S01002959,978,768,210
S01002960,697,537,160
S01002961,774,635,139
S01002962,628,543,85
S01002963,778,685,93
S01002964,819,631,188
S01002965,816,695,121
S01002966,838,729,109
S01002967,832,685,147
S01002968,712,496,216
S01002969,941,775,166
S01002970,522,437,85
S01002971,1082,803,279
S01002972,905,755,150
S01002973,895,722,173
S01002974,560,445,115
S01002975,550,447,103
S01002976,939,836,103
S01002977,711,567,144
S01002978,1071,871,200
S01002979,710,587,123
S01002980,790,680,110
S01002981,827,592,235
S01002982,680,499,181
S01002983,777,645,132
S01002984,743,572,171
S01002985,564,408,156
S01002986,756,645,111
S01002987,638,490,148
S01002988,698,512,186
S01002989,975,752,223
S01002990,580,331,249
S01002991,802,536,266
S01002992,694,396,298
S01002993,820,458,362
S01002994,1117,505,612
S01002995,745,202,543
S01002996,1028,462,566
S01002997,667,295,372
S01002998,788,683,105
S01002999,906,336,570
S01003000,900,550,350
S01003001,604,561,43
S01003002,764,676,88
S01003003,555,420,135
S01003004,524,429,95
S01003005,561,411,150
S01003006,737,567,170
S01003007,781,495,286
S01003008,963,407,556
S01003009,534,364,170
S01003010,601,444,157
S01003011,470,212,258
S01003012,989,784,205
S01003013,582,451,131
S01003014,683,563,120
S01003015,772,598,174
S01003016,470,343,127
S01003017,646,503,143
S01003018,782,611,171
S01003019,799,710,89
S01003020,662,589,73
S01003021,691,563,128
S01003022,980,845,135
S01003023,792,666,126
S01003024,629,515,114
S01003025,751,663,88
S01003026,627,584,43
S01003027,1148,1017,131
S01003028,768,733,35
S01003029,770,741,29
S01003030,850,829,21
S01003032,454,432,22
S01003033,514,499,15
S01003034,902,818,84
S01003035,766,735,31
S01003036,773,749,24
S01003037,799,750,49
S01003038,896,724,172
S01003039,883,849,34
S01003040,850,810,40
S01003041,729,585,144
S01003042,652,633,19
S01003043,577,552,25
S01003044,936,899,37
S01003045,843,800,43
S01003046,754,730,24
S01003047,1008,957,51
S01003048,489,466,23
S01003049,584,551,33
S01003050,798,748,50
S01003051,938,880,58
S01003052,759,724,35
S01003053,929,841,88
S01003054,896,835,61
S01003055,865,836,29
S01003056,890,846,44
S01003057,709,671,38
S01003058,766,740,26
S01003059,838,752,86
S01003060,692,664,28
S01003061,849,803,46
S01003062,961,907,54
S01003063,799,753,46
S01003064,926,889,37
S01003065,919,831,88
S01003066,943,877,66
S01003067,661,604,57
S01003068,859,776,83
S01003069,606,549,57
S01003070,790,709,81
S01003071,649,579,70
S01003072,993,916,77
S01003073,763,724,39
S01003074,788,680,108
S01003075,735,694,41
S01003076,912,824,88
S01003077,1016,955,61
S01003078,722,648,74
S01003079,914,774,140
S01003080,859,804,55
S01003081,936,760,176
S01003082,742,703,39
S01003083,1072,1017,55
S01003084,873,835,38
S01003085,1010,912,98
S01003086,715,581,134
S01003087,679,639,40
S01003088,1000,972,28
S01003089,620,541,79
S01003090,768,699,69
S01003091,634,598,36
S01003092,808,757,51
S01003093,1018,951,67
S01003094,1013,900,113
S01003095,837,732,105
S01003096,714,616,98
S01003097,253,233,20
S01003098,1037,939,98
S01003099,590,559,31
S01003100,860,798,62
S01003101,607,569,38
S01003102,799,738,61
S01003103,789,727,62
S01003104,999,886,113
S01003105,798,724,74
S01003106,737,662,75
S01003107,843,818,25
S01003108,735,667,68
S01003109,991,875,116
S01003110,827,722,105
S01003111,928,901,27
S01003112,952,862,90
S01003113,756,720,36
S01003114,947,860,87
S01003115,546,493,53
S01003116,872,779,93
S01003117,788,685,103
S01003118,493,428,65
S01003119,722,659,63
S01003120,1073,998,75
S01003121,964,930,34
S01003122,777,703,74
S01003123,846,788,58
S01003124,819,677,142
S01003125,796,648,148
S01003126,153,141,12
S01003127,850,771,79
S01003128,720,641,79
S01003129,1080,943,137
S01003130,786,710,76
S01003131,846,701,145
S01003132,594,539,55
S01003133,1206,996,210
S01003134,754,699,55
S01003135,759,678,81
S01003136,809,634,175
S01003137,668,555,113
S01003138,1017,905,112
S01003139,979,788,191
S01003140,945,913,32
S01003141,725,595,130
S01003142,727,669,58
S01003143,877,737,140
S01003144,910,862,48
S01003145,741,726,15
S01003146,672,542,130
S01003147,923,881,42
S01003148,775,750,25
S01003149,907,771,136
S01003150,781,718,63
S01003151,790,745,45
S01003152,917,801,116
S01003153,796,697,99
S01003154,891,727,164
S01003155,1081,952,129
S01003156,838,658,180
S01003157,982,857,125
S01003158,541,500,41
S01003159,242,224,18
S01003160,716,694,22
S01003161,609,576,33
S01003162,688,668,20
S01003163,655,549,106
S01003164,951,667,284
S01003165,985,831,154
S01003166,660,537,123
S01003167,800,775,25
S01003168,842,695,147
S01003169,1025,965,60
S01003170,935,674,261
S01003171,635,420,215
S01003172,718,519,199
S01003173,485,345,140
S01003174,803,601,202
S01003175,797,686,111
S01003176,770,614,156
S01003177,1060,853,207
S01003178,695,675,20
S01003179,716,442,274
S01003180,752,711,41
S01003181,927,897,30
S01003182,696,677,19
S01003183,701,546,155
S01003184,875,829,46
S01003185,530,473,57
S01003186,908,710,198
S01003187,904,722,182
S01003188,828,614,214
S01003189,841,597,244
S01003190,758,640,118
S01003191,529,443,86
S01003192,737,584,153
S01003193,611,574,37
S01003194,795,780,15
S01003195,818,789,29
S01003196,947,782,165
S01003197,668,631,37
S01003198,932,761,171
S01003199,876,823,53
S01003200,696,581,115
S01003201,231,221,10
S01003202,298,263,35
S01003203,862,806,56
S01003204,1021,967,54
S01003205,719,683,36
S01003206,745,640,105
S01003207,814,522,292
S01003208,900,873,27
S01003209,596,565,31
S01003210,903,652,251
S01003211,920,544,376
S01003212,779,737,42
S01003213,592,577,15
S01003214,799,766,33
S01003215,1011,975,36
S01003216,744,714,30
S01003217,691,660,31
S01003218,744,712,32
S01003219,760,719,41
S01003220,798,511,287
S01003221,876,836,40
S01003222,775,431,344
S01003223,980,944,36
S01003224,749,713,36
S01003225,794,727,67
S01003226,792,763,29
S01003227,925,594,331
S01003228,916,880,36
S01003229,1061,833,228
S01003230,826,780,46
S01003231,984,953,31
S01003232,779,670,109
S01003233,1017,974,43
S01003234,843,614,229
S01003235,798,774,24
S01003236,832,502,330
S01003237,1025,994,31
S01003238,749,704,45
S01003239,999,951,48
S01003240,775,740,35
S01003241,828,795,33
S01003242,1036,896,140
S01003243,884,836,48
S01003244,999,968,31
S01003245,849,795,54
S01003246,1007,968,39
S01003247,757,739,18
S01003248,809,780,29
S01003249,707,672,35
S01003250,582,535,47
S01003251,834,812,22
S01003252,697,673,24
S01003253,822,809,13
S01003254,613,598,15
S01003255,885,835,50
S01003256,924,763,161
S01003257,822,552,270
S01003258,919,867,52
S01003259,1111,1061,50
S01003260,781,736,45
S01003261,925,885,40
S01003262,778,736,42
S01003263,753,727,26
S01003264,584,548,36
S01003265,726,679,47
S01003266,749,728,21
S01003267,970,938,32
S01003268,793,688,105
S01003269,910,851,59
S01003270,792,727,65
S01003271,819,697,122
S01003272,931,862,69
S01003273,694,663,31
S01003274,538,486,52
S01003275,967,933,34
S01003276,784,752,32
S01003277,678,640,38
S01003278,854,816,38
S01003279,459,455,4
S01003280,926,761,165
S01003281,554,540,14
S01003282,862,817,45
S01003283,776,750,26
S01003284,908,866,42
S01003285,367,326,41
S01003286,1048,899,149
S01003287,603,548,55
S01003288,778,736,42
S01003289,302,297,5
S01003290,767,719,48
S01003291,756,712,44
S01003292,784,740,44
S01003293,942,912,30
S01003294,790,754,36
S01003295,1061,1021,40
S01003296,617,600,17
S01003297,537,494,43
S01003298,1015,964,51
S01003299,420,402,18
S01003300,839,794,45
S01003301,781,754,27
S01003302,585,504,81
S01003303,883,647,236
S01003304,781,592,189
S01003305,750,713,37
S01003306,943,888,55
S01003307,1075,1022,53
S01003308,900,866,34
S01003309,791,759,32
S01003310,796,755,41
S01003311,794,767,27
S01003312,649,615,34
S01003313,944,877,67
S01003314,598,573,25
S01003315,615,514,101
S01003316,736,675,61
S01003317,718,689,29
S01003318,843,805,38
S01003320,646,470,176
S01003321,790,742,48
S01003322,799,670,129
S01003323,668,624,44
S01003324,561,473,88
S01003325,852,816,36
S01003326,799,762,37
S01003327,692,538,154
S01003328,586,471,115
S01003329,832,794,38
S01003330,986,915,71
S01003331,636,615,21
S01003332,439,428,11
S01003333,940,897,43
S01003334,865,821,44
S01003335,543,443,100
S01003336,905,882,23
S01003337,949,902,47
S01003338,900,788,112
S01003339,827,781,46
S01003340,1072,1025,47
S01003341,795,762,33
S01003342,677,653,24
S01003343,611,591,20
S01003344,596,566,30
S01003345,1019,976,43
S01003346,902,866,36
S01003347,822,808,14
S01003348,759,626,133
S01003349,881,849,32
S01003350,731,701,30
S01003351,1079,959,120
S01003352,831,797,34
S01003353,635,599,36
S01003354,832,803,29
S01003355,879,828,51
S01003356,919,880,39
S01003357,424,385,39
S01003358,859,689,170
S01003359,977,925,52
S01003360,807,769,38
S01003361,759,738,21
S01003362,813,768,45
S01003363,793,765,28
S01003364,664,606,58
S01003365,755,660,95
S01003366,548,373,175
S01003367,1058,982,76
S01003368,973,551,422
S01003369,734,707,27
S01003370,776,649,127
S01003371,754,669,85
S01003372,741,691,50
S01003373,667,514,153
S01003374,529,513,16
S01003375,756,723,33
S01003376,530,513,17
S01003377,789,769,20
S01003378,823,776,47
S01003379,650,633,17
S01003380,786,653,133
S01003381,705,655,50
S01003382,704,611,93
S01003383,954,921,33
S01003384,1025,983,42
S01003385,851,716,135
S01003386,689,661,28
S01003387,794,749,45
S01003388,1011,944,67
S01003389,980,903,77
S01003390,956,928,28
S01003391,818,736,82
S01003392,793,722,71
S01003393,1036,996,40
S01003394,725,701,24
S01003395,744,640,104
S01003396,815,753,62
S01003397,878,854,24
S01003398,884,854,30
S01003399,1573,949,624
S01003400,688,670,18
S01003401,792,768,24
S01003402,695,670,25
S01003403,755,576,179
S01003404,482,467,15
S01003405,838,807,31
S01003406,721,668,53
S01003407,734,714,20
S01003408,662,560,102
S01003409,835,717,118
S01003410,770,499,271
S01003411,777,729,48
S01003412,915,856,59
S01003413,806,785,21
S01003414,547,534,13
S01003415,1334,994,340
S01003416,882,793,89
S01003417,803,717,86
S01003418,948,910,38
S01003419,970,935,35
S01003420,519,505,14
S01003421,559,539,20
S01003422,794,756,38
S01003423,552,412,140
S01003424,994,924,70
S01003425,931,604,327
S01003426,1001,913,88
S01003427,943,907,36
S01003428,666,644,22
S01003429,947,408,539
S01003430,759,541,218
S01003431,660,623,37
S01003432,936,602,334
S01003433,981,605,376
S01003434,910,891,19
S01003435,672,661,11
S01003436,583,539,44
S01003437,610,387,223
S01003438,902,646,256
S01003439,897,816,81
S01003440,500,479,21
S01003441,1025,962,63
S01003442,731,687,44
S01003443,959,877,82
S01003444,654,639,15
S01003445,870,790,80
S01003446,530,349,181
S01003447,1785,1300,485
S01003448,743,713,30
S01003449,883,598,285
S01003450,787,633,154
S01003451,763,606,157
S01003452,1077,1038,39
S01003453,737,482,255
S01003454,723,488,235
S01003455,591,567,24
S01003456,387,378,9
S01003457,945,830,115
S01003458,904,869,35
S01003459,915,895,20
S01003460,897,651,246
S01003461,791,766,25
S01003462,611,596,15
S01003463,799,609,190
S01003464,924,574,350
S01003465,790,683,107
S01003466,750,644,106
S01003467,757,746,11
S01003468,732,459,273
S01003469,863,787,76
S01003470,811,636,175
S01003471,720,694,26
S01003472,811,594,217
S01003473,931,767,164
S01003474,746,443,303
S01003475,764,625,139
S01003476,819,786,33
S01003477,972,825,147
S01003478,763,616,147
S01003479,791,656,135
S01003480,611,580,31
S01003481,1001,813,188
S01003482,657,534,123
S01003483,634,618,16
S01003484,906,608,298
S01003485,990,575,415
S01003486,833,796,37
S01003487,998,680,318
S01003488,691,675,16
S01003489,983,955,28
S01003490,640,502,138
S01003491,126,124,2
S01003492,838,638,200
S01003493,728,670,58
S01003494,776,646,130
S01003495,723,667,56
S01003496,859,708,151
S01003497,966,724,242
S01003498,997,888,109
S01003499,991,819,172
S01003500,645,503,142
S01003501,633,420,213
S01003502,669,642,27
S01003503,670,496,174
S01003504,725,459,266
S01003506,979,662,317
S01003507,528,386,142
S01003508,810,732,78
S01003509,849,584,265
S01003510,365,351,14
S01003511,979,703,276
S01003512,642,622,20
S01003513,717,440,277
S01003514,799,548,251
S01003515,750,734,16
S01003516,707,640,67
S01003517,681,549,132
S01003518,979,875,104
S01003519,542,478,64
S01003520,673,482,191
S01003521,524,342,182
S01003522,756,522,234
S01003523,577,554,23
S01003524,1055,883,172
S01003525,974,770,204
S01003526,925,599,326
S01003527,910,817,93
S01003528,604,571,33
S01003529,543,500,43
S01003530,791,578,213
S01003531,795,741,54
S01003532,1057,948,109
S01003533,353,307,46
S01003534,943,895,48
S01003535,709,622,87
S01003536,1031,748,283
S01003537,796,677,119
S01003538,670,654,16
S01003539,975,813,162
S01003540,490,470,20
S01003541,734,647,87
S01003542,838,628,210
S01003543,615,597,18
S01003544,553,356,197
S01003545,980,731,249
S01003546,828,780,48
S01003547,790,623,167
S01003549,770,756,14
S01003550,713,573,140
S01003551,745,718,27
S01003552,882,614,268
S01003553,691,669,22
S01003554,776,582,194
S01003555,818,554,264
S01003556,723,630,93
S01003557,785,733,52
S01003558,949,727,222
S01003559,897,778,119
S01003560,1029,881,148
S01003561,1003,924,79
S01003562,697,645,52
S01003563,608,584,24
S01003564,708,682,26
S01003565,856,828,28
S01003566,750,494,256
S01003567,924,892,32
S01003568,734,572,162
S01003569,725,630,95
S01003570,772,679,93
S01003571,897,837,60
S01003572,925,882,43
S01003573,919,893,26
S01003574,886,619,267
S01003575,887,811,76
S01003576,846,672,174
S01003577,742,726,16
S01003578,279,270,9
S01003579,632,610,22
S01003580,881,801,80
S01003581,1783,1178,605
S01003582,584,559,25
S01003583,527,517,10
S01003584,767,578,189
S01003585,557,505,52
S01003586,921,745,176
S01003587,1060,926,134
S01003588,721,689,32
S01003589,1250,803,447
S01003590,688,651,37
S01003591,1149,978,171
S01003592,841,792,49
S01003593,694,669,25
S01003594,1013,843,170
S01003595,769,742,27
S01003596,775,679,96
S01003597,638,525,113
S01003598,725,696,29
S01003599,606,592,14
S01003600,840,807,33
S01003601,844,781,63
S01003602,728,696,32
S01003603,835,769,66
S01003604,787,690,97
S01003605,668,615,53
S01003606,879,842,37
S01003607,557,533,24
S01003608,540,515,25
S01003609,1049,891,158
S01003610,748,701,47
S01003611,756,721,35
S01003612,911,767,144
S01003613,848,787,61
S01003614,568,507,61
S01003615,542,521,21
S01003616,701,586,115
S01003617,953,875,78
S01003618,770,705,65
S01003619,886,842,44
S01003620,960,803,157
S01003621,969,947,22
S01003622,783,737,46
S01003623,947,787,160
S01003624,1072,1025,47
S01003625,398,361,37
S01003626,889,800,89
S01003627,588,561,27
S01003628,742,722,20
S01003629,808,787,21
S01003630,754,707,47
S01003631,748,697,51
S01003632,785,646,139
S01003633,921,854,67
S01003634,1117,1074,43
S01003635,572,485,87
S01003636,995,959,36
S01003637,745,664,81
S01003638,763,631,132
S01003639,794,753,41
S01003640,961,914,47
S01003641,752,679,73
S01003642,832,786,46
S01003643,608,531,77
S01003644,880,835,45
S01003645,572,536,36
S01003646,756,695,61
S01003647,712,671,41
S01003648,804,691,113
S01003649,1072,967,105
S01003650,719,661,58
S01003651,754,692,62
S01003652,633,582,51
S01003653,786,753,33
S01003654,1106,989,117
S01003655,844,812,32
S01003656,575,548,27
S01003657,891,870,21
S01003658,895,846,49
S01003659,822,706,116
S01003660,874,759,115
S01003661,839,719,120
S01003662,610,564,46
S01003663,582,528,54
S01003664,548,515,33
S01003665,657,621,36
S01003666,743,722,21
S01003667,915,881,34
S01003668,789,742,47
S01003669,569,551,18
S01003670,889,841,48
S01003671,699,656,43
S01003672,884,836,48
S01003673,311,298,13
S01003674,843,784,59
S01003675,696,597,99
S01003676,426,383,43
S01003677,774,742,32
S01003678,699,657,42
S01003679,1064,994,70
S01003680,840,794,46
S01003681,590,564,26
S01003682,1103,958,145
S01003683,610,581,29
S01003684,749,711,38
S01003685,548,535,13
S01003686,1028,988,40
S01003687,702,671,31
S01003688,950,910,40
S01003689,623,582,41
S01003690,961,900,61
S01003691,1094,1034,60
S01003692,1023,958,65
S01003693,619,593,26
S01003694,893,842,51
S01003695,958,839,119
S01003696,1095,1011,84
S01003697,988,925,63
S01003698,942,899,43
S01003699,1044,974,70
S01003700,1049,1000,49
S01003701,962,898,64
S01003702,838,812,26
S01003703,996,925,71
S01003704,713,682,31
S01003705,875,838,37
S01003706,779,750,29
S01003707,778,752,26
S01003708,658,629,29
S01003709,899,860,39
S01003710,894,853,41
S01003711,843,810,33
S01003712,756,718,38
S01003713,550,522,28
S01003714,797,770,27
S01003715,861,820,41
S01003716,589,568,21
S01003717,827,801,26
S01003718,568,539,29
S01003719,564,376,188
S01003720,931,636,295
S01003721,749,581,168
S01003722,897,716,181
S01003723,548,394,154
S01003724,786,703,83
S01003725,613,516,97
S01003726,684,586,98
S01003727,750,651,99
S01003728,500,349,151
S01003729,653,559,94
S01003730,646,570,76
S01003731,573,508,65
S01003732,820,759,61
S01003733,826,761,65
S01003734,713,643,70
S01003735,741,635,106
S01003736,832,771,61
S01003737,633,565,68
S01003738,660,540,120
S01003739,528,323,205
S01003740,577,381,196
S01003741,851,617,234
S01003742,527,404,123
S01003743,580,403,177
S01003744,586,412,174
S01003745,720,660,60
S01003746,796,619,177
S01003747,982,766,216
S01003748,591,453,138
S01003749,819,671,148
S01003750,557,346,211
S01003751,951,660,291
S01003752,795,584,211
S01003753,913,654,259
S01003754,891,730,161
S01003755,724,585,139
S01003756,728,519,209
S01003757,592,456,136
S01003758,749,520,229
S01003759,615,420,195
S01003760,758,574,184
S01003761,817,608,209
S01003762,742,524,218
S01003763,917,709,208
S01003764,859,731,128
S01003765,739,626,113
S01003766,611,459,152
S01003767,696,537,159
S01003768,576,415,161
S01003769,671,483,188
S01003770,631,381,250
S01003771,678,490,188
S01003772,574,401,173
S01003773,710,551,159
S01003774,650,481,169
S01003775,768,496,272
S01003776,578,406,172
S01003777,927,717,210
S01003778,512,401,111
S01003779,491,365,126
S01003780,979,808,171
S01003781,648,566,82
S01003782,560,417,143
S01003783,1033,867,166
S01003784,580,492,88
S01003785,830,724,106
S01003786,928,800,128
S01003787,613,542,71
S01003788,724,623,101
S01003789,522,440,82
S01003790,618,555,63
S01003791,633,556,77
S01003792,680,616,64
S01003793,544,499,45
S01003794,711,557,154
S01003795,580,440,140
S01003796,659,606,53
S01003797,957,865,92
S01003798,818,707,111
S01003799,841,735,106
S01003800,697,624,73
S01003801,808,735,73
S01003802,765,668,97
S01003803,653,479,174
S01003804,632,543,89
S01003805,1022,887,135
S01003806,672,599,73
S01003807,934,813,121
S01003808,666,594,72
S01003809,768,696,72
S01003810,892,761,131
S01003811,702,591,111
S01003812,898,791,107
S01003813,946,855,91
S01003814,773,667,106
S01003815,716,570,146
S01003816,846,727,119
S01003817,926,867,59
S01003818,830,754,76
S01003819,613,500,113
S01003820,999,859,140
S01003821,837,748,89
S01003822,739,564,175
S01003823,937,799,138
S01003824,685,578,107
S01003825,812,568,244
S01003826,721,628,93
S01003827,792,711,81
S01003828,696,578,118
S01003829,665,609,56
S01003830,917,825,92
S01003831,641,576,65
S01003832,851,704,147
S01003833,521,452,69
S01003834,675,602,73
S01003835,536,477,59
S01003836,589,516,73
S01003837,764,690,74
S01003838,623,568,55
S01003839,674,596,78
S01003840,712,622,90
S01003841,577,346,231
S01003842,588,472,116
S01003843,651,509,142
S01003844,781,632,149
S01003845,921,819,102
S01003846,796,526,270
S01003847,578,497,81
S01003848,681,610,71
S01003849,756,654,102
S01003850,560,474,86
S01003851,872,668,204
S01003852,563,483,80
S01003853,763,633,130
S01003854,586,507,79
S01003855,1000,923,77
S01003856,726,640,86
S01003857,738,536,202
S01003858,621,563,58
S01003859,570,466,104
S01003860,669,590,79
S01003861,806,688,118
S01003862,610,553,57
S01003863,696,591,105
S01003864,887,745,142
S01003865,810,650,160
S01003866,818,652,166
S01003867,1009,932,77
S01003868,639,495,144
S01003869,671,435,236
S01003870,803,719,84
S01003871,797,543,254
S01003872,844,676,168
S01003873,978,724,254
S01003874,844,650,194
S01003875,514,405,109
S01003876,645,513,132
S01003877,566,472,94
S01003878,968,807,161
S01003879,634,523,111
S01003880,891,767,124
S01003881,759,624,135
S01003882,530,446,84
S01003883,535,458,77
S01003884,754,668,86
S01003885,673,577,96
S01003886,580,521,59
S01003887,871,766,105
S01003888,633,460,173
S01003889,586,517,69
S01003890,652,548,104
S01003891,789,635,154
S01003892,627,514,113
S01003893,632,460,172
S01003894,826,625,201
S01003895,687,608,79
S01003896,683,524,159
S01003897,678,522,156
S01003898,762,600,162
S01003899,717,580,137
S01003900,708,561,147
S01003901,608,467,141
S01003902,859,693,166
S01003903,664,520,144
S01003904,708,584,124
S01003905,864,683,181
S01003906,723,643,80
S01003907,718,650,68
S01003908,823,750,73
S01003909,681,581,100
S01003910,712,649,63
S01003911,613,515,98
S01003912,685,586,99
S01003913,693,546,147
S01003914,891,702,189
S01003915,638,454,184
S01003916,775,561,214
S01003917,886,666,220
S01003918,886,743,143
S01003919,521,461,60
S01003920,648,598,50
S01003921,775,677,98
S01003922,827,717,110
S01003923,765,667,98
S01003924,505,424,81
S01003925,772,687,85
S01003926,579,521,58
S01003927,672,560,112
S01003928,890,772,118
S01003929,502,463,39
S01003930,746,674,72
S01003931,882,802,80
S01003932,896,770,126
S01003933,644,471,173
S01003934,898,690,208
S01003935,761,618,143
S01003936,878,659,219
S01003937,808,681,127
S01003938,526,374,152
S01003939,589,479,110
S01003940,865,746,119
S01003941,583,474,109
S01003942,749,638,111
S01003943,675,579,96
S01003944,639,562,77
S01003945,690,589,101
S01003946,836,573,263
S01003947,511,391,120
S01003948,629,358,271
S01003949,594,411,183
S01003950,587,497,90
S01003951,543,415,128
S01003952,524,392,132
S01003953,576,407,169
S01003954,546,403,143
S01003955,610,478,132
S01003956,629,474,155
S01003957,687,551,136
S01003958,762,642,120
S01003959,730,509,221
S01003960,890,727,163
S01003961,565,464,101
S01003962,575,480,95
S01003963,535,354,181
S01003964,459,357,102
S01003965,543,375,168
S01003966,916,722,194
S01003967,513,381,132
S01003968,902,726,176
S01003969,775,593,182
S01003970,593,414,179
S01003971,652,524,128
S01003972,632,494,138
S01003973,544,428,116
S01003974,813,614,199
S01003975,655,495,160
S01003976,708,653,55
S01003977,595,553,42
S01003978,610,556,54
S01003979,589,543,46
S01003980,558,495,63
S01003981,579,547,32
S01003982,726,643,83
S01003983,725,669,56
S01003984,654,594,60
S01003985,862,817,45
S01003986,582,546,36
S01003987,546,501,45
S01003988,525,406,119
S01003989,800,638,162
S01003990,506,407,99
S01003991,593,539,54
S01003992,923,766,157
S01003993,652,498,154
S01003994,679,574,105
S01003995,876,718,158
S01003996,512,421,91
S01003997,938,826,112
S01003998,599,521,78
S01003999,868,731,137
S01004000,769,706,63
S01004001,708,650,58
S01004002,879,749,130
S01004003,549,474,75
S01004004,785,745,40
S01004005,635,555,80
S01004006,576,452,124
S01004007,584,521,63
S01004008,645,546,99
S01004009,648,534,114
S01004010,775,534,241
S01004011,1115,886,229
S01004012,729,625,104
S01004013,530,444,86
S01004014,606,472,134
S01004015,944,744,200
S01004016,608,532,76
S01004017,972,783,189
S01004018,854,759,95
S01004019,527,440,87
S01004020,697,620,77
S01004021,810,734,76
S01004022,540,488,52
S01004023,603,559,44
S01004024,949,881,68
S01004025,853,820,33
S01004026,668,651,17
S01004027,778,745,33
S01004028,775,748,27
S01004029,928,891,37
S01004030,832,801,31
S01004031,596,574,22
S01004032,455,420,35
S01004033,898,864,34
S01004034,792,740,52
S01004035,751,714,37
S01004036,710,687,23
S01004037,717,656,61
S01004038,715,694,21
S01004039,402,387,15
S01004040,661,626,35
S01004041,623,589,34
S01004042,644,614,30
S01004043,805,762,43
S01004044,739,702,37
S01004045,656,626,30
S01004046,592,562,30
S01004047,746,709,37
S01004048,953,908,45
S01004049,844,799,45
S01004050,529,512,17
S01004051,627,602,25
S01004052,585,554,31
S01004053,932,897,35
S01004054,950,926,24
S01004055,600,575,25
S01004056,769,736,33
S01004057,983,937,46
S01004058,657,637,20
S01004059,610,571,39
S01004060,502,485,17
S01004061,634,602,32
S01004062,958,863,95
S01004063,707,666,41
S01004064,691,666,25
S01004065,918,872,46
S01004066,564,541,23
S01004067,787,756,31
S01004068,763,731,32
S01004069,636,605,31
S01004070,429,410,19
S01004071,858,815,43
S01004072,1083,1028,55
S01004073,823,791,32
S01004074,886,853,33
S01004075,447,428,19
S01004076,630,613,17
S01004077,872,830,42
S01004078,712,687,25
S01004079,818,786,32
S01004080,705,664,41
S01004081,683,627,56
S01004082,740,655,85
S01004083,896,853,43
S01004084,757,710,47
S01004085,559,524,35
S01004086,773,735,38
S01004087,538,512,26
S01004088,569,543,26
S01004089,792,758,34
S01004090,408,396,12
S01004091,712,656,56
S01004092,697,645,52
S01004093,553,519,34
S01004094,413,356,57
S01004095,520,482,38
S01004096,681,627,54
S01004097,844,823,21
S01004098,630,604,26
S01004099,774,690,84
S01004100,800,759,41
S01004101,694,643,51
S01004102,785,720,65
S01004103,787,737,50
S01004104,796,725,71
S01004105,799,753,46
S01004106,801,709,92
S01004107,689,644,45
S01004108,786,715,71
S01004109,615,576,39
S01004110,563,522,41
S01004111,851,742,109
S01004112,874,796,78
S01004113,736,686,50
S01004114,644,604,40
S01004115,773,709,64
S01004116,683,611,72
S01004117,736,664,72
S01004118,893,788,105
S01004119,592,521,71
S01004120,720,639,81
S01004121,461,340,121
S01004122,626,513,113
S01004123,509,437,72
S01004124,973,796,177
S01004125,632,534,98
S01004126,642,560,82
S01004127,963,816,147
S01004128,741,644,97
S01004129,842,748,94
S01004130,572,501,71
S01004131,796,716,80
S01004132,580,536,44
S01004133,908,864,44
S01004134,712,603,109
S01004135,660,593,67
S01004136,633,576,57
S01004137,530,401,129
S01004138,707,676,31
S01004139,555,497,58
S01004140,600,544,56
S01004141,710,655,55
S01004142,577,503,74
S01004143,888,794,94
S01004144,784,669,115
S01004145,691,604,87
S01004146,722,622,100
S01004147,778,724,54
S01004148,976,865,111
S01004149,634,590,44
S01004150,579,535,44
S01004151,650,474,176
S01004152,754,703,51
S01004153,736,700,36
S01004154,670,586,84
S01004155,929,856,73
S01004156,804,757,47
S01004157,654,562,92
S01004158,627,524,103
S01004159,422,396,26
S01004160,629,591,38
S01004161,557,456,101
S01004162,708,609,99
S01004163,719,652,67
S01004164,956,872,84
S01004165,1000,893,107
S01004166,529,486,43
S01004167,573,533,40
S01004168,695,613,82
S01004169,592,550,42
S01004170,600,571,29
S01004171,626,594,32
S01004172,751,708,43
S01004173,588,548,40
S01004174,760,720,40
S01004175,631,588,43
S01004176,640,562,78
S01004177,509,476,33
S01004178,563,520,43
S01004179,523,479,44
S01004180,869,767,102
S01004181,739,692,47
S01004182,906,825,81
S01004183,959,819,140
S01004184,874,832,42
S01004185,828,791,37
S01004186,724,665,59
S01004187,721,675,46
S01004188,781,724,57
S01004189,630,541,89
S01004190,806,741,65
S01004191,759,699,60
S01004192,863,799,64
S01004193,652,615,37
S01004194,794,724,70
S01004195,612,574,38
S01004196,694,642,52
S01004197,698,648,50
S01004198,702,610,92
S01004199,823,756,67
S01004200,806,757,49
S01004201,755,702,53
S01004202,561,523,38
S01004203,873,798,75
S01004204,734,690,44
S01004205,718,668,50
S01004206,714,598,116
S01004207,793,735,58
S01004208,793,718,75
S01004209,587,505,82
S01004210,696,615,81
S01004211,730,594,136
S01004212,809,657,152
S01004213,599,484,115
S01004214,711,616,95
S01004215,620,486,134
S01004216,886,818,68
S01004217,574,526,48
S01004218,855,805,50
S01004219,615,586,29
S01004220,786,672,114
S01004221,902,833,69
S01004222,495,440,55
S01004223,809,760,49
S01004224,750,713,37
S01004225,836,762,74
S01004226,752,706,46
S01004227,603,555,48
S01004228,760,670,90
S01004229,703,652,51
S01004230,729,688,41
S01004231,766,717,49
S01004232,680,588,92
S01004233,633,453,180
S01004234,979,780,199
S01004235,623,433,190
S01004236,888,751,137
S01004237,658,609,49
S01004238,562,437,125
S01004239,676,598,78
S01004240,642,471,171
S01004241,514,414,100
S01004242,865,574,291
S01004243,580,466,114
S01004244,611,535,76
S01004245,741,620,121
S01004246,575,470,105
S01004247,850,810,40
S01004248,928,872,56
S01004249,895,834,61
S01004250,1014,944,70
S01004251,910,839,71
S01004252,552,355,197
S01004253,557,494,63
S01004254,729,438,291
S01004255,695,572,123
S01004256,565,355,210
S01004257,531,381,150
S01004258,709,555,154
S01004259,609,424,185
S01004260,563,384,179
S01004261,861,712,149
S01004262,751,509,242
S01004263,759,653,106
S01004264,703,607,96
S01004265,921,667,254
S01004266,536,452,84
S01004267,515,354,161
S01004268,655,511,144
S01004269,796,685,111
S01004270,537,438,99
S01004271,578,454,124
S01004272,646,447,199
S01004273,712,439,273
S01004274,796,509,287
S01004275,585,490,95
S01004276,700,523,177
S01004277,794,711,83
S01004278,916,762,154
S01004279,929,786,143
S01004280,998,894,104
S01004281,583,483,100
S01004282,989,853,136
S01004283,738,647,91
S01004284,960,872,88
S01004285,886,358,528
S01004286,759,327,432
S01004287,646,550,96
S01004288,735,612,123
S01004289,613,533,80
S01004290,700,596,104
S01004291,827,710,117
S01004292,774,374,400
S01004293,817,675,142
S01004294,774,611,163
S01004295,850,711,139
S01004296,815,691,124
S01004297,629,482,147
S01004298,997,753,244
S01004299,548,464,84
S01004300,550,464,86
S01004301,634,507,127
S01004302,762,608,154
S01004303,606,550,56
S01004304,938,797,141
S01004305,660,567,93
S01004306,576,495,81
S01004307,830,285,545
S01004308,990,882,108
S01004309,870,578,292
S01004310,810,652,158
S01004311,783,666,117
S01004312,705,362,343
S01004313,966,728,238
S01004314,771,661,110
S01004315,557,384,173
S01004316,535,224,311
S01004317,884,824,60
S01004318,618,595,23
S01004319,872,605,267
S01004320,918,844,74
S01004321,785,738,47
S01004322,976,883,93
S01004323,648,601,47
S01004324,849,778,71
S01004325,996,910,86
S01004326,804,666,138
S01004327,700,615,85
S01004328,667,598,69
S01004329,524,459,65
S01004330,992,735,257
S01004331,569,467,102
S01004332,575,507,68
S01004333,531,449,82
S01004334,1690,779,911
S01004335,528,461,67
S01004336,995,738,257
S01004337,700,575,125
S01004338,703,538,165
S01004339,921,682,239
S01004340,577,441,136
S01004341,600,464,136
S01004342,801,405,396
S01004343,547,397,150
S01004344,769,590,179
S01004345,883,653,230
S01004346,555,463,92
S01004347,793,597,196
S01004348,580,423,157
S01004349,800,546,254
S01004350,562,354,208
S01004351,508,408,100
S01004352,575,431,144
S01004353,921,736,185
S01004354,587,439,148
S01004355,565,507,58
S01004356,982,919,63
S01004357,775,716,59
S01004358,774,727,47
S01004359,515,491,24
S01004360,637,600,37
S01004361,580,554,26
S01004362,547,508,39
S01004363,1017,946,71
S01004364,787,736,51
S01004365,765,711,54
S01004366,620,579,41
S01004367,874,822,52
S01004368,537,501,36
S01004369,778,730,48
S01004370,733,684,49
S01004371,761,700,61
S01004372,974,705,269
S01004373,564,530,34
S01004374,600,557,43
S01004375,748,679,69
S01004376,931,883,48
S01004377,737,670,67
S01004378,964,898,66
S01004379,959,884,75
S01004380,688,631,57
S01004381,816,766,50
S01004382,687,634,53
S01004383,811,761,50
S01004384,681,633,48
S01004385,830,770,60
S01004386,908,849,59
S01004387,968,930,38
S01004388,809,758,51
S01004389,609,571,38
S01004390,824,771,53
S01004391,593,540,53
S01004392,893,841,52
S01004393,911,856,55
S01004394,795,745,50
S01004395,530,495,35
S01004396,797,730,67
S01004397,958,830,128
S01004398,852,791,61
S01004399,507,481,26
S01004400,558,534,24
S01004401,1099,990,109
S01004402,974,896,78
S01004403,513,471,42
S01004404,669,611,58
S01004405,758,694,64
S01004406,869,812,57
S01004407,651,604,47
S01004408,572,514,58
S01004409,656,502,154
S01004410,935,838,97
S01004411,628,575,53
S01004412,958,895,63
S01004413,815,751,64
S01004414,695,643,52
S01004415,626,588,38
S01004416,691,639,52
S01004417,764,729,35
S01004418,924,873,51
S01004419,839,789,50
S01004420,756,702,54
S01004421,741,699,42
S01004422,570,528,42
S01004423,829,760,69
S01004424,715,665,50
S01004425,630,591,39
S01004426,559,530,29
S01004427,737,698,39
S01004428,745,698,47
S01004429,867,817,50
S01004430,512,489,23
S01004431,714,665,49
S01004432,947,895,52
S01004433,968,916,52
S01004434,792,741,51
S01004435,595,537,58
S01004436,797,726,71
S01004437,926,886,40
S01004438,684,645,39
S01004439,686,648,38
S01004440,723,696,27
S01004441,832,770,62
S01004442,928,869,59
S01004443,684,644,40
S01004444,902,865,37
S01004445,769,735,34
S01004446,797,742,55
S01004447,763,699,64
S01004448,614,575,39
S01004449,914,865,49
S01004450,886,834,52
S01004451,907,861,46
S01004452,691,638,53
S01004453,1014,931,83
S01004454,925,875,50
S01004455,807,733,74
S01004456,568,540,28
S01004457,871,828,43
S01004458,846,798,48
S01004459,573,533,40
S01004460,652,603,49
S01004461,603,545,58
S01004462,643,586,57
S01004463,791,751,40
S01004464,868,823,45
S01004465,771,724,47
S01004466,897,825,72
S01004467,996,946,50
S01004468,796,713,83
S01004469,694,646,48
S01004470,580,491,89
S01004471,616,538,78
S01004472,735,587,148
S01004473,1018,856,162
S01004474,1015,922,93
S01004475,501,447,54
S01004476,721,608,113
S01004477,904,760,144
S01004478,635,594,41
S01004479,650,601,49
S01004480,984,936,48
S01004481,569,547,22
S01004482,922,882,40
S01004483,706,641,65
S01004484,993,931,62
S01004485,510,439,71
S01004486,938,836,102
S01004487,952,899,53
S01004488,708,675,33
S01004489,848,746,102
S01004490,708,640,68
S01004491,817,771,46
S01004492,976,915,61
S01004493,1042,971,71
S01004494,889,856,33
S01004495,684,654,30
S01004496,645,592,53
S01004497,783,744,39
S01004498,599,572,27
S01004499,690,644,46
S01004500,747,595,152
S01004501,574,527,47
S01004502,753,686,67
S01004503,730,631,99
S01004504,721,688,33
S01004505,603,554,49
S01004506,538,520,18
S01004507,763,652,111
S01004508,636,560,76
S01004509,712,614,98
S01004510,841,723,118
S01004511,868,719,149
S01004512,942,825,117
S01004513,502,433,69
S01004514,561,510,51
S01004515,747,612,135
S01004516,513,441,72
S01004517,689,606,83
S01004518,691,605,86
S01004519,886,801,85
S01004520,831,728,103
S01004521,787,700,87
S01004522,608,490,118
S01004523,692,554,138
S01004524,626,544,82
S01004525,753,604,149
S01004526,726,578,148
S01004527,558,484,74
S01004528,791,771,20
S01004529,789,755,34
S01004530,602,570,32
S01004531,737,693,44
S01004532,649,611,38
S01004533,387,365,22
S01004534,702,674,28
S01004535,714,671,43
S01004536,742,728,14
S01004537,846,819,27
S01004538,801,755,46
S01004539,659,628,31
S01004540,869,830,39
S01004541,768,722,46
S01004542,589,563,26
S01004543,773,730,43
S01004544,997,956,41
S01004545,687,660,27
S01004546,966,928,38
S01004547,860,796,64
S01004548,785,755,30
S01004549,845,821,24
S01004550,702,664,38
S01004551,944,909,35
S01004552,733,704,29
S01004553,535,482,53
S01004554,637,590,47
S01004555,745,712,33
S01004556,674,619,55
S01004557,432,418,14
S01004558,959,914,45
S01004559,1021,948,73
S01004560,626,604,22
S01004561,1044,1009,35
S01004562,520,503,17
S01004563,809,779,30
S01004564,567,539,28
S01004565,707,667,40
S01004566,733,699,34
S01004567,506,479,27
S01004568,669,631,38
S01004569,700,680,20
S01004570,696,629,67
S01004571,660,633,27
S01004572,739,700,39
S01004573,617,600,17
S01004574,505,488,17
S01004575,719,690,29
S01004576,618,577,41
S01004577,575,542,33
S01004578,941,879,62
S01004579,656,620,36
S01004580,877,849,28
S01004581,1091,1044,47
S01004582,588,562,26
S01004583,778,737,41
S01004584,590,574,16
S01004585,610,601,9
S01004586,1118,1032,86
S01004587,906,861,45
S01004588,637,604,33
S01004589,752,700,52
S01004590,701,675,26
S01004591,604,571,33
S01004592,652,633,19
S01004593,858,805,53
S01004594,567,544,23
S01004595,938,896,42
S01004596,656,614,42
S01004597,567,534,33
S01004598,687,666,21
S01004599,575,513,62
S01004600,889,843,46
S01004601,861,809,52
S01004602,971,914,57
S01004603,906,848,58
S01004604,561,535,26
S01004605,1025,992,33
S01004606,736,701,35
S01004607,625,608,17
S01004608,646,623,23
S01004609,589,560,29
S01004610,752,720,32
S01004611,1251,1208,43
S01004612,770,744,26
S01004613,874,813,61
S01004614,826,757,69
S01004615,814,783,31
S01004616,889,842,47
S01004617,767,719,48
S01004618,658,632,26
S01004619,583,555,28
S01004620,800,727,73
S01004621,997,956,41
S01004622,818,782,36
S01004623,979,936,43
S01004624,1048,1019,29
S01004625,866,840,26
S01004626,650,612,38
S01004627,586,548,38
S01004628,596,573,23
S01004629,989,883,106
S01004630,952,894,58
S01004631,801,784,17
S01004632,981,938,43
S01004633,530,514,16
S01004634,1069,1002,67
S01004635,735,706,29
S01004636,668,638,30
S01004637,545,512,33
S01004638,605,582,23
S01004639,713,693,20
S01004640,796,752,44
S01004641,656,636,20
S01004642,907,867,40
S01004643,562,545,17
S01004644,740,705,35
S01004645,1004,961,43
S01004646,775,748,27
S01004647,1544,1420,124
S01004648,975,921,54
S01004649,615,585,30
S01004650,856,821,35
S01004651,957,921,36
S01004652,911,861,50
S01004653,653,624,29
S01004654,861,824,37
S01004655,862,817,45
S01004656,560,533,27
S01004657,759,732,27
S01004658,949,886,63
S01004659,517,503,14
S01004660,757,722,35
S01004661,707,680,27
S01004662,978,918,60
S01004663,561,536,25
S01004664,654,641,13
S01004665,753,728,25
S01004666,788,749,39
S01004667,704,675,29
S01004668,883,846,37
S01004669,787,756,31
S01004670,877,816,61
S01004671,920,878,42
S01004672,671,650,21
S01004673,918,893,25
S01004674,854,833,21
S01004675,855,806,49
S01004676,778,752,26
S01004677,820,795,25
S01004678,805,781,24
S01004679,495,470,25
S01004680,866,822,44
S01004681,747,695,52
S01004682,574,542,32
S01004683,719,652,67
S01004684,750,717,33
S01004685,539,525,14
S01004686,747,726,21
S01004687,813,785,28
S01004688,723,677,46
S01004689,998,930,68
S01004690,540,504,36
S01004691,812,772,40
S01004692,697,677,20
S01004693,815,770,45
S01004694,627,603,24
S01004695,793,753,40
S01004696,872,834,38
S01004697,881,843,38
S01004698,605,576,29
S01004699,813,781,32
S01004700,753,720,33
S01004701,572,520,52
S01004702,591,554,37
S01004703,785,738,47
S01004704,636,615,21
S01004705,938,890,48
S01004706,558,527,31
S01004707,1012,961,51
S01004708,739,702,37
S01004709,745,709,36
S01004710,861,836,25
S01004711,810,788,22
S01004712,570,557,13
S01004713,736,709,27
S01004714,734,688,46
S01004715,807,780,27
S01004716,894,867,27
S01004717,747,731,16
S01004718,972,923,49
S01004719,726,705,21
S01004720,708,685,23
S01004721,622,589,33
S01004722,705,687,18
S01004723,582,556,26
S01004724,938,909,29
S01004725,619,593,26
S01004726,564,542,22
S01004727,872,851,21
S01004728,637,595,42
S01004729,657,634,23
S01004730,1063,1021,42
S01004731,825,802,23
S01004732,622,589,33
S01004733,818,795,23
S01004734,544,513,31
S01004735,900,864,36
S01004736,720,703,17
S01004737,745,729,16
S01004738,659,643,16
S01004739,750,725,25
S01004740,671,632,39
S01004741,629,595,34
S01004742,942,921,21
S01004743,901,863,38
S01004744,640,616,24
S01004745,822,804,18
S01004746,795,767,28
S01004747,785,749,36
S01004748,610,589,21
S01004749,667,639,28
S01004750,719,695,24
S01004751,824,791,33
S01004752,796,778,18
S01004753,675,626,49
S01004754,683,641,42
S01004755,705,664,41
S01004756,603,575,28
S01004757,920,886,34
S01004758,960,920,40
S01004759,609,583,26
S01004760,732,713,19
S01004761,552,511,41
S01004762,664,632,32
S01004763,859,809,50
S01004764,767,742,25
S01004765,982,950,32
S01004766,770,741,29
S01004767,691,663,28
S01004768,991,945,46
S01004769,568,548,20
S01004770,548,530,18
S01004771,779,729,50
S01004772,609,597,12
S01004773,797,766,31
S01004774,987,941,46
S01004775,790,757,33
S01004776,801,762,39
S01004777,619,592,27
S01004778,727,704,23
S01004779,780,756,24
S01004780,532,503,29
S01004781,824,790,34
S01004782,776,733,43
S01004783,978,933,45
S01004784,769,732,37
S01004785,625,594,31
S01004786,502,477,25
S01004787,1054,999,55
S01004788,797,777,20
S01004789,999,949,50
S01004790,748,696,52
S01004791,605,583,22
S01004792,677,641,36
S01004793,912,823,89
S01004794,705,674,31
S01004795,971,927,44
S01004796,769,717,52
S01004797,723,680,43
S01004798,885,860,25
S01004799,612,587,25
S01004800,632,615,17
S01004801,717,697,20
S01004802,891,830,61
S01004803,853,828,25
S01004804,926,899,27
S01004805,676,652,24
S01004806,530,504,26
S01004807,536,511,25
S01004808,744,705,39
S01004809,487,464,23
S01004810,676,640,36
S01004811,638,622,16
S01004812,851,831,20
S01004813,903,873,30
S01004814,900,874,26
S01004815,728,694,34
S01004816,795,750,45
S01004817,544,523,21
S01004818,843,812,31
S01004819,698,673,25
S01004820,1090,1060,30
S01004821,984,953,31
S01004822,717,682,35
S01004823,811,796,15
S01004824,785,757,28
S01004825,634,606,28
S01004826,742,718,24
S01004827,697,663,34
S01004828,1000,976,24
S01004829,783,769,14
S01004830,710,694,16
S01004831,866,821,45
S01004832,638,606,32
S01004833,823,757,66
S01004834,791,747,44
S01004835,713,684,29
S01004836,718,668,50
S01004837,834,793,41
S01004838,967,920,47
S01004839,914,885,29
S01004840,698,657,41
S01004841,850,826,24
S01004842,561,517,44
S01004843,715,675,40
S01004844,879,832,47
S01004845,781,743,38
S01004846,745,721,24
S01004847,894,822,72
S01004848,688,650,38
S01004849,576,554,22
S01004850,820,790,30
S01004851,620,605,15
S01004852,730,697,33
S01004853,738,678,60
S01004854,984,937,47
S01004855,645,625,20
S01004856,697,657,40
S01004857,929,864,65
S01004858,931,884,47
S01004859,985,935,50
S01004860,501,476,25
S01004861,824,795,29
S01004862,691,650,41
S01004863,986,926,60
S01004864,587,544,43
S01004865,686,664,22
S01004866,954,913,41
S01004867,800,736,64
S01004868,766,744,22
S01004869,900,870,30
S01004870,936,907,29
S01004871,779,735,44
S01004872,863,807,56
S01004873,791,746,45
S01004874,863,821,42
S01004875,775,650,125
S01004876,1018,954,64
S01004877,760,709,51
S01004878,746,709,37
S01004879,711,681,30
S01004880,718,672,46
S01004881,795,746,49
S01004882,525,494,31
S01004883,787,728,59
S01004884,577,534,43
S01004885,616,580,36
S01004886,869,796,73
S01004887,428,405,23
S01004888,640,578,62
S01004889,922,869,53
S01004890,752,695,57
S01004891,963,915,48
S01004892,771,717,54
S01004893,757,700,57
S01004894,756,706,50
S01004895,864,814,50
S01004896,958,905,53
S01004897,595,530,65
S01004898,1038,979,59
S01004899,722,685,37
S01004900,730,657,73
S01004901,785,723,62
S01004902,767,701,66
S01004903,650,613,37
S01004904,1061,993,68
S01004905,1072,1009,63
S01004906,835,775,60
S01004907,734,695,39
S01004908,710,669,41
S01004909,880,808,72
S01004910,870,818,52
S01004911,792,710,82
S01004912,748,713,35
S01004913,658,636,22
S01004914,663,599,64
S01004915,618,585,33
S01004916,783,739,44
S01004917,566,540,26
S01004918,586,540,46
S01004919,536,491,45
S01004920,966,906,60
S01004921,721,693,28
S01004922,701,648,53
S01004923,837,763,74
S01004924,868,823,45
S01004925,551,510,41
S01004926,950,807,143
S01004927,995,942,53
S01004928,634,519,115
S01004929,705,651,54
S01004930,642,623,19
S01004931,900,868,32
S01004932,762,723,39
S01004933,905,846,59
S01004934,680,653,27
S01004935,621,582,39
S01004936,907,844,63
S01004937,529,503,26
S01004938,771,739,32
S01004939,605,580,25
S01004940,547,519,28
S01004941,651,613,38
S01004942,1008,957,51
S01004943,870,824,46
S01004944,521,488,33
S01004945,611,571,40
S01004946,604,448,156
S01004947,693,600,93
S01004948,533,433,100
S01004949,566,434,132
S01004950,509,449,60
S01004951,656,588,68
S01004952,926,850,76
S01004953,877,803,74
S01004954,785,712,73
S01004955,670,620,50
S01004956,678,611,67
S01004957,645,595,50
S01004958,909,806,103
S01004959,592,514,78
S01004960,582,507,75
S01004961,637,558,79
S01004962,570,506,64
S01004963,559,485,74
S01004964,989,832,157
S01004965,827,690,137
S01004966,779,656,123
S01004967,555,409,146
S01004968,567,369,198
S01004969,906,562,344
S01004970,749,610,139
S01004971,935,662,273
S01004972,749,568,181
S01004973,869,643,226
S01004974,878,701,177
S01004975,741,553,188
S01004976,756,659,97
S01004977,983,859,124
S01004978,976,786,190
S01004979,915,728,187
S01004980,1051,834,217
S01004981,951,705,246
S01004982,710,533,177
S01004983,911,779,132
S01004984,776,635,141
S01004985,718,593,125
S01004986,646,499,147
S01004987,517,400,117
S01004988,539,411,128
S01004989,633,440,193
S01004990,509,406,103
S01004991,565,406,159
S01004992,874,783,91
S01004993,673,507,166
S01004994,811,647,164
S01004995,931,752,179
S01004996,656,521,135
S01004997,881,691,190
S01004998,803,633,170
S01004999,822,697,125
S01005000,569,446,123
S01005001,1040,819,221
S01005002,790,582,208
S01005003,882,735,147
S01005004,589,475,114
S01005005,954,862,92
S01005006,573,493,80
S01005007,852,704,148
S01005008,1319,950,369
S01005009,642,554,88
S01005010,594,498,96
S01005011,570,527,43
S01005012,704,599,105
S01005013,676,572,104
S01005014,833,743,90
S01005015,648,555,93
S01005016,733,574,159
S01005017,721,569,152
S01005018,617,552,65
S01005019,1020,940,80
S01005020,917,665,252
S01005021,964,691,273
S01005022,673,586,87
S01005023,596,486,110
S01005024,932,804,128
S01005025,672,527,145
S01005026,577,444,133
S01005027,702,576,126
S01005028,571,497,74
S01005029,940,807,133
S01005030,993,866,127
S01005031,656,545,111
S01005032,873,791,82
S01005033,711,597,114
S01005034,832,735,97
S01005035,911,735,176
S01005036,549,464,85
S01005037,965,810,155
S01005038,898,765,133
S01005039,1078,949,129
S01005040,860,747,113
S01005041,558,453,105
S01005042,840,728,112
S01005043,753,654,99
S01005044,907,795,112
S01005045,896,770,126
S01005046,1038,893,145
S01005047,916,758,158
S01005048,604,470,134
S01005049,706,618,88
S01005050,949,881,68
S01005051,889,772,117
S01005052,663,522,141
S01005053,893,804,89
S01005054,599,551,48
S01005055,790,726,64
S01005056,740,564,176
S01005057,754,685,69
S01005058,699,629,70
S01005059,540,504,36
S01005060,725,682,43
S01005061,961,780,181
S01005062,495,459,36
S01005063,544,463,81
S01005064,792,651,141
S01005065,860,764,96
S01005066,793,697,96
S01005067,488,335,153
S01005068,702,644,58
S01005069,614,553,61
S01005070,853,730,123
S01005071,296,262,34
S01005072,602,552,50
S01005073,638,446,192
S01005074,769,635,134
S01005075,504,454,50
S01005076,765,711,54
S01005077,693,607,86
S01005078,730,673,57
S01005079,685,618,67
S01005080,449,421,28
S01005081,661,601,60
S01005082,696,607,89
S01005083,935,795,140
S01005084,621,576,45
S01005085,568,486,82
S01005086,732,652,80
S01005087,508,442,66
S01005088,594,526,68
S01005089,817,685,132
S01005090,863,725,138
S01005091,696,571,125
S01005092,668,586,82
S01005093,785,704,81
S01005094,519,421,98
S01005095,988,810,178
S01005096,607,520,87
S01005097,753,637,116
S01005098,605,532,73
S01005099,834,719,115
S01005100,593,526,67
S01005101,825,703,122
S01005102,973,788,185
S01005103,999,763,236
S01005104,1039,689,350
S01005105,878,743,135
S01005106,559,483,76
S01005107,463,386,77
S01005108,569,499,70
S01005109,912,747,165
S01005110,999,827,172
S01005111,527,454,73
S01005112,880,644,236
S01005113,1043,946,97
S01005114,939,871,68
S01005115,889,665,224
S01005116,647,502,145
S01005117,682,537,145
S01005118,762,565,197
S01005119,669,524,145
S01005120,650,542,108
S01005121,784,657,127
S01005122,773,653,120
S01005123,746,599,147
S01005124,750,673,77
S01005125,790,701,89
S01005126,559,452,107
S01005127,633,571,62
S01005128,834,693,141
S01005129,873,774,99
S01005130,651,595,56
S01005131,853,690,163
S01005132,699,581,118
S01005133,389,309,80
S01005134,969,864,105
S01005135,674,575,99
S01005136,814,670,144
S01005137,862,637,225
S01005138,1079,910,169
S01005139,657,507,150
S01005140,703,407,296
S01005141,858,601,257
S01005142,636,461,175
S01005143,993,761,232
S01005144,1036,725,311
S01005145,793,594,199
S01005146,651,481,170
S01005147,925,618,307
S01005148,600,528,72
S01005149,600,518,82
S01005150,641,576,65
S01005151,725,658,67
S01005152,738,677,61
S01005153,756,701,55
S01005154,605,503,102
S01005155,746,683,63
S01005156,719,676,43
S01005157,913,870,43
S01005158,757,718,39
S01005159,940,910,30
S01005160,1023,972,51
S01005161,953,895,58
S01005162,973,927,46
S01005163,581,548,33
S01005164,924,878,46
S01005165,765,713,52
S01005166,1040,966,74
S01005167,722,678,44
S01005168,687,641,46
S01005169,619,589,30
S01005170,837,777,60
S01005171,993,945,48
S01005172,1198,1073,125
S01005173,705,638,67
S01005174,769,738,31
S01005175,690,623,67
S01005176,684,651,33
S01005177,948,892,56
S01005178,857,826,31
S01005179,979,921,58
S01005180,910,864,46
S01005181,907,732,175
S01005182,722,683,39
S01005183,938,889,49
S01005184,825,790,35
S01005185,533,506,27
S01005186,747,692,55
S01005187,945,892,53
S01005188,990,923,67
S01005189,851,808,43
S01005190,930,850,80
S01005191,880,829,51
S01005192,788,725,63
S01005193,889,813,76
S01005194,593,559,34
S01005195,1007,946,61
S01005196,804,770,34
S01005197,768,707,61
S01005198,920,838,82
S01005199,908,858,50
S01005200,632,590,42
S01005201,873,830,43
S01005202,905,861,44
S01005203,815,769,46
S01005204,551,530,21
S01005205,883,807,76
S01005206,932,863,69
S01005207,954,897,57
S01005208,543,515,28
S01005209,801,761,40
S01005210,961,923,38
S01005211,723,682,41
S01005212,588,549,39
S01005213,943,872,71
S01005214,778,712,66
S01005215,899,856,43
S01005216,593,552,41
S01005217,835,782,53
S01005218,888,852,36
S01005219,857,801,56
S01005220,674,639,35
S01005221,789,697,92
S01005222,696,642,54
S01005223,735,682,53
S01005224,780,733,47
S01005225,922,849,73
S01005226,553,481,72
S01005227,844,795,49
S01005228,1299,1123,176
S01005229,852,770,82
S01005230,789,717,72
S01005231,751,695,56
S01005232,911,862,49
S01005233,600,559,41
S01005234,1014,939,75
S01005235,578,539,39
S01005236,945,909,36
S01005237,961,891,70
S01005238,822,775,47
S01005239,921,829,92
S01005240,837,777,60
S01005241,950,898,52
S01005242,842,771,71
S01005243,750,670,80
S01005244,958,873,85
S01005245,671,573,98
S01005246,945,862,83
S01005247,735,696,39
S01005248,574,534,40
S01005249,728,651,77
S01005250,795,723,72
S01005251,935,875,60
S01005252,548,528,20
S01005253,555,512,43
S01005254,789,665,124
S01005255,557,523,34
S01005256,721,672,49
S01005257,958,871,87
S01005258,1035,989,46
S01005259,653,613,40
S01005260,645,592,53
S01005261,519,495,24
S01005262,1008,904,104
S01005263,517,482,35
S01005264,733,702,31
S01005265,437,416,21
S01005266,860,814,46
S01005267,929,880,49
S01005268,899,836,63
S01005269,711,665,46
S01005270,1059,975,84
S01005271,594,552,42
S01005272,660,632,28
S01005273,809,755,54
S01005274,733,681,52
S01005275,487,459,28
S01005276,660,623,37
S01005277,655,608,47
S01005278,840,796,44
S01005279,546,472,74
S01005280,762,707,55
S01005281,890,828,62
S01005282,764,729,35
S01005283,813,664,149
S01005284,681,634,47
S01005285,696,652,44
S01005286,743,582,161
S01005287,862,782,80
S01005288,886,836,50
S01005289,778,730,48
S01005290,594,547,47
S01005291,672,604,68
S01005292,708,672,36
S01005293,848,811,37
S01005294,574,475,99
S01005295,602,564,38
S01005296,890,767,123
S01005297,703,659,44
S01005298,1069,955,114
S01005299,578,542,36
S01005300,949,811,138
S01005301,891,788,103
S01005302,1014,982,32
S01005303,763,690,73
S01005304,726,679,47
S01005305,826,769,57
S01005306,1021,942,79
S01005307,919,812,107
S01005308,529,501,28
S01005309,945,880,65
S01005310,1010,953,57
S01005311,940,890,50
S01005312,642,600,42
S01005313,918,859,59
S01005314,543,473,70
S01005315,646,603,43
S01005316,900,838,62
S01005317,569,544,25
S01005318,567,543,24
S01005319,691,646,45
S01005320,677,596,81
S01005321,644,606,38
S01005322,806,739,67
S01005323,707,652,55
S01005324,727,694,33
S01005325,815,760,55
S01005326,961,905,56
S01005327,649,622,27
S01005328,625,587,38
S01005329,551,472,79
S01005330,700,660,40
S01005331,738,698,40
S01005332,553,518,35
S01005333,820,779,41
S01005334,678,635,43
S01005335,549,506,43
S01005336,614,576,38
S01005337,966,900,66
S01005338,580,542,38
S01005339,763,720,43
S01005340,589,530,59
S01005341,699,661,38
S01005342,777,735,42
S01005343,970,889,81
S01005344,775,730,45
S01005345,774,734,40
S01005346,840,793,47
S01005347,740,693,47
S01005348,892,837,55
S01005349,889,840,49
S01005350,766,693,73
S01005351,985,892,93
S01005352,912,876,36
S01005353,1024,963,61
S01005354,966,897,69
S01005355,750,707,43
S01005356,735,677,58
S01005357,745,705,40
S01005358,871,805,66
S01005359,930,883,47
S01005360,889,852,37
S01005361,903,789,114
S01005362,667,338,329
S01005363,687,404,283
S01005364,934,578,356
S01005365,681,489,192
S01005366,759,697,62
S01005367,817,718,99
S01005368,747,685,62
S01005369,988,887,101
S01005370,870,766,104
S01005371,991,912,79
S01005372,813,732,81
S01005373,701,638,63
S01005374,875,763,112
S01005375,992,899,93
S01005376,956,863,93
S01005377,900,824,76
S01005378,778,667,111
S01005379,973,865,108
S01005380,693,599,94
S01005381,682,601,81
S01005382,762,660,102
S01005383,669,461,208
S01005384,823,616,207
S01005385,778,555,223
S01005386,608,499,109
S01005387,960,826,134
S01005388,756,618,138
S01005389,740,588,152
S01005390,846,718,128
S01005391,737,607,130
S01005392,885,565,320
S01005393,883,677,206
S01005394,841,587,254
S01005395,859,620,239
S01005396,660,460,200
S01005397,591,390,201
S01005398,974,848,126
S01005399,969,851,118
S01005400,990,886,104
S01005401,950,835,115
S01005402,924,772,152
S01005403,935,854,81
S01005404,854,563,291
S01005405,537,428,109
S01005406,549,445,104
S01005407,943,670,273
S01005408,555,480,75
S01005409,644,562,82
S01005410,737,520,217
S01005411,903,731,172
S01005412,927,743,184
S01005413,841,674,167
S01005414,963,733,230
S01005415,770,596,174
S01005416,964,833,131
S01005417,767,637,130
S01005418,801,612,189
S01005419,712,633,79
S01005420,836,716,120
S01005421,941,803,138
S01005422,927,799,128
S01005423,978,833,145
S01005424,828,704,124
S01005425,903,802,101
S01005426,760,673,87
S01005427,782,682,100
S01005428,953,853,100
S01005429,698,605,93
S01005430,639,544,95
S01005431,747,693,54
S01005432,790,717,73
S01005433,858,762,96
S01005434,655,574,81
S01005435,812,686,126
S01005436,897,761,136
S01005437,909,792,117
S01005438,857,772,85
S01005439,647,554,93
S01005440,943,670,273
S01005441,892,782,110
S01005442,878,621,257
S01005443,917,761,156
S01005444,908,673,235
S01005445,928,809,119
S01005446,783,690,93
S01005447,835,689,146
S01005448,952,726,226
S01005449,856,616,240
S01005450,908,586,322
S01005451,999,807,192
S01005452,912,664,248
S01005453,905,644,261
S01005454,780,597,183
S01005455,896,729,167
S01005456,864,725,139
S01005457,945,823,122
S01005458,828,714,114
S01005459,845,622,223
S01005460,791,616,175
S01005461,762,428,334
S01005462,967,660,307
S01005463,548,440,108
S01005464,579,474,105
S01005465,565,477,88
S01005466,864,641,223
S01005467,516,427,89
S01005468,913,649,264
S01005469,835,425,410
S01005470,688,481,207
S01005471,771,585,186
S01005472,817,581,236
S01005473,728,487,241
S01005474,860,680,180
S01005475,792,508,284
S01005476,910,652,258
S01005477,898,734,164
S01005478,836,656,180
S01005479,558,381,177
S01005480,778,384,394
S01005481,646,468,178
S01005482,609,416,193
S01005483,713,423,290
S01005484,557,360,197
S01005485,796,563,233
S01005486,856,592,264
S01005487,624,448,176
S01005488,891,626,265
S01005489,927,645,282
S01005490,600,397,203
S01005491,935,622,313
S01005492,948,723,225
S01005493,683,534,149
S01005494,683,555,128
S01005495,658,568,90
S01005496,983,895,88
S01005497,590,513,77
S01005498,869,758,111
S01005499,738,640,98
S01005500,781,669,112
S01005501,801,730,71
S01005502,859,716,143
S01005503,594,537,57
S01005504,610,543,67
S01005505,655,588,67
S01005506,879,764,115
S01005507,533,475,58
S01005508,765,667,98
S01005509,508,441,67
S01005510,610,539,71
S01005511,577,479,98
S01005512,660,528,132
S01005513,722,633,89
S01005514,570,465,105
S01005515,590,553,37
S01005516,520,486,34
S01005517,920,729,191
S01005518,974,814,160
S01005519,681,584,97
S01005520,957,819,138
S01005521,806,602,204
S01005522,628,511,117
S01005523,879,665,214
S01005524,754,602,152
S01005525,753,672,81
S01005526,718,659,59
S01005527,525,485,40
S01005528,498,439,59
S01005529,861,815,46
S01005530,660,611,49
S01005531,576,509,67
S01005532,877,770,107
S01005533,785,704,81
S01005534,658,590,68
S01005535,845,782,63
S01005536,925,772,153
S01005537,726,615,111
S01005538,885,745,140
S01005539,908,767,141
S01005540,799,754,45
S01005541,663,639,24
S01005542,732,676,56
S01005543,797,708,89
S01005544,728,681,47
S01005545,851,771,80
S01005546,683,569,114
S01005547,697,593,104
S01005548,1003,818,185
S01005549,980,878,102
S01005550,627,507,120
S01005551,902,746,156
S01005552,848,684,164
S01005553,831,665,166
S01005554,726,609,117
S01005555,714,584,130
S01005556,540,457,83
S01005557,796,739,57
S01005558,747,641,106
S01005559,698,649,49
S01005560,662,603,59
S01005561,872,764,108
S01005562,927,762,165
S01005563,782,738,44
S01005564,804,670,134
S01005565,596,526,70
S01005566,543,495,48
S01005567,994,904,90
S01005568,573,523,50
S01005569,720,618,102
S01005570,797,743,54
S01005571,733,646,87
S01005572,827,719,108
S01005573,711,653,58
S01005574,836,774,62
S01005575,750,671,79
S01005576,796,711,85
S01005577,864,721,143
S01005578,962,883,79
S01005579,809,675,134
S01005580,662,568,94
S01005581,743,660,83
S01005582,799,665,134
S01005583,610,536,74
S01005584,576,466,110
S01005585,755,649,106
S01005586,715,611,104
S01005587,1037,930,107
S01005588,697,642,55
S01005589,814,662,152
S01005590,790,714,76
S01005591,914,852,62
S01005592,502,445,57
S01005593,893,847,46
S01005594,827,750,77
S01005595,838,802,36
S01005596,539,516,23
S01005597,972,913,59
S01005598,940,866,74
S01005599,500,474,26
S01005600,720,652,68
S01005601,710,683,27
S01005602,729,689,40
S01005603,550,524,26
S01005604,559,519,40
S01005605,977,919,58
S01005606,620,567,53
S01005607,626,585,41
S01005608,907,838,69
S01005609,777,697,80
S01005610,581,547,34
S01005611,725,640,85
S01005612,766,698,68
S01005613,742,690,52
S01005614,793,741,52
S01005615,963,897,66
S01005616,658,598,60
S01005617,875,803,72
S01005618,622,565,57
S01005619,605,550,55
S01005620,480,440,40
S01005621,725,640,85
S01005622,924,826,98
S01005623,830,770,60
S01005624,891,799,92
S01005625,887,787,100
S01005626,839,734,105
S01005627,692,626,66
S01005628,940,859,81
S01005629,781,691,90
S01005630,542,467,75
S01005631,758,679,79
S01005632,509,443,66
S01005633,735,660,75
S01005634,796,718,78
S01005635,862,756,106
S01005636,858,772,86
S01005637,996,850,146
S01005638,848,723,125
S01005639,768,729,39
S01005640,536,474,62
S01005641,869,791,78
S01005642,712,588,124
S01005643,628,555,73
S01005644,610,486,124
S01005645,838,714,124
S01005646,802,685,117
S01005647,748,646,102
S01005648,871,781,90
S01005649,920,771,149
S01005650,628,570,58
S01005651,760,677,83
S01005652,717,614,103
S01005653,900,807,93
S01005654,761,705,56
S01005655,883,745,138
S01005656,613,562,51
S01005657,608,564,44
S01005658,886,757,129
S01005659,889,773,116
S01005660,647,588,59
S01005661,639,537,102
S01005662,621,540,81
S01005663,663,573,90
S01005664,592,544,48
S01005665,512,443,69
S01005666,913,849,64
S01005667,778,676,102
S01005668,842,724,118
S01005669,615,525,90
S01005670,683,564,119
S01005671,516,427,89
S01005672,856,818,38
S01005673,643,542,101
S01005674,941,866,75
S01005675,929,848,81
S01005676,876,839,37
S01005677,842,690,152
S01005678,848,685,163
S01005679,880,817,63
S01005680,730,650,80
S01005681,879,753,126
S01005682,656,563,93
S01005683,881,842,39
S01005684,923,871,52
S01005685,667,581,86
S01005686,715,646,69
S01005687,551,490,61
S01005688,812,751,61
S01005689,505,432,73
S01005690,751,667,84
S01005691,622,533,89
S01005692,667,574,93
S01005693,887,786,101
S01005694,598,565,33
S01005695,564,522,42
S01005696,691,664,27
S01005697,640,609,31
S01005698,578,544,34
S01005699,799,737,62
S01005700,582,513,69
S01005701,732,674,58
S01005702,683,618,65
S01005703,629,563,66
S01005704,620,587,33
S01005705,625,554,71
S01005706,772,689,83
S01005707,563,516,47
S01005708,721,679,42
S01005709,812,776,36
S01005710,426,390,36
S01005711,867,765,102
S01005712,566,543,23
S01005713,651,589,62
S01005714,782,726,56
S01005715,795,730,65
S01005716,600,532,68
S01005717,563,531,32
S01005718,794,691,103
S01005719,556,487,69
S01005720,719,601,118
S01005721,792,716,76
S01005722,542,470,72
S01005723,697,618,79
S01005724,715,606,109
S01005725,638,581,57
S01005726,902,793,109
S01005727,572,512,60
S01005728,828,797,31
S01005729,623,593,30
S01005730,743,684,59
S01005731,575,553,22
S01005732,889,828,61
S01005733,771,659,112
S01005734,674,599,75
S01005735,824,775,49
S01005736,767,714,53
S01005737,787,733,54
S01005738,875,796,79
S01005739,1000,891,109
S01005740,732,559,173
S01005741,996,895,101
S01005742,711,667,44
S01005743,668,604,64
S01005744,873,837,36
S01005745,978,918,60
S01005746,903,833,70
S01005747,894,840,54
S01005748,451,428,23
S01005749,857,778,79
S01005750,843,777,66
S01005751,817,771,46
S01005752,810,786,24
S01005753,731,689,42
S01005754,966,895,71
S01005755,834,801,33
S01005756,884,854,30
S01005757,622,602,20
S01005758,853,824,29
S01005759,828,795,33
S01005760,636,594,42
S01005761,682,645,37
S01005762,781,757,24
S01005763,790,735,55
S01005764,611,578,33
S01005765,873,839,34
S01005766,644,586,58
S01005767,728,680,48
S01005768,900,853,47
S01005769,786,744,42
S01005770,642,606,36
S01005771,817,791,26
S01005772,716,669,47
S01005773,860,804,56
S01005774,719,689,30
S01005775,861,822,39
S01005776,713,680,33
S01005777,600,558,42
S01005778,699,671,28
S01005779,716,641,75
S01005780,683,602,81
S01005781,868,834,34
S01005782,802,769,33
S01005783,576,531,45
S01005784,509,463,46
S01005785,826,781,45
S01005786,661,618,43
S01005787,765,720,45
S01005788,537,510,27
S01005789,931,874,57
S01005790,655,599,56
S01005791,507,475,32
S01005792,918,854,64
S01005793,550,516,34
S01005794,972,922,50
S01005795,726,677,49
S01005796,494,446,48
S01005797,799,724,75
S01005798,663,622,41
S01005799,791,741,50
S01005800,694,663,31
S01005801,787,744,43
S01005802,667,612,55
S01005803,667,609,58
S01005804,626,606,20
S01005805,627,590,37
S01005806,698,669,29
S01005807,948,854,94
S01005808,808,759,49
S01005809,587,554,33
S01005810,522,471,51
S01005811,612,585,27
S01005812,660,632,28
S01005813,869,825,44
S01005814,711,689,22
S01005815,958,903,55
S01005816,784,740,44
S01005817,538,492,46
S01005818,755,689,66
S01005819,723,697,26
S01005820,713,679,34
S01005821,527,496,31
S01005822,891,830,61
S01005823,697,642,55
S01005824,747,700,47
S01005825,734,691,43
S01005826,984,916,68
S01005827,790,736,54
S01005828,787,741,46
S01005829,791,732,59
S01005830,925,853,72
S01005831,953,891,62
S01005832,804,759,45
S01005833,719,685,34
S01005834,653,621,32
S01005835,719,678,41
S01005836,724,673,51
S01005837,513,468,45
S01005838,748,710,38
S01005839,884,836,48
S01005840,812,772,40
S01005841,690,653,37
S01005842,616,584,32
S01005843,579,487,92
S01005844,768,719,49
S01005845,549,513,36
S01005846,914,855,59
S01005847,784,739,45
S01005848,622,600,22
S01005849,845,800,45
S01005850,725,687,38
S01005851,760,717,43
S01005852,571,543,28
S01005853,999,935,64
S01005854,864,830,34
S01005855,965,918,47
S01005856,781,737,44
S01005857,708,673,35
S01005858,789,762,27
S01005859,765,725,40
S01005860,778,746,32
S01005861,598,557,41
S01005862,827,766,61
S01005863,938,849,89
S01005864,903,853,50
S01005865,747,703,44
S01005866,773,710,63
S01005867,954,867,87
S01005868,786,732,54
S01005869,731,714,17
S01005870,762,710,52
S01005871,757,705,52
S01005872,800,746,54
S01005873,1036,954,82
S01005874,903,861,42
S01005875,740,703,37
S01005876,885,810,75
S01005877,901,852,49
S01005878,686,644,42
S01005879,675,642,33
S01005880,797,767,30
S01005881,803,747,56
S01005882,575,501,74
S01005883,509,481,28
S01005884,830,779,51
S01005885,681,635,46
S01005886,789,711,78
S01005887,527,497,30
S01005888,622,572,50
S01005889,810,746,64
S01005890,786,725,61
S01005891,634,607,27
S01005892,738,703,35
S01005893,770,733,37
S01005894,638,583,55
S01005895,644,600,44
S01005896,658,600,58
S01005897,796,756,40
S01005898,739,673,66
S01005899,713,667,46
S01005900,663,610,53
S01005901,762,704,58
S01005902,903,811,92
S01005903,918,839,79
S01005904,761,713,48
S01005905,714,669,45
S01005906,943,896,47
S01005907,763,715,48
S01005908,830,777,53
S01005909,548,507,41
S01005910,784,712,72
S01005911,995,902,93
S01005912,846,805,41
S01005913,944,911,33
S01005914,789,732,57
S01005915,733,704,29
S01005916,759,677,82
S01005917,886,848,38
S01005918,932,884,48
S01005919,555,506,49
S01005920,902,854,48
S01005921,623,590,33
S01005922,952,884,68
S01005923,769,709,60
S01005924,666,583,83
S01005925,770,686,84
S01005926,748,699,49
S01005927,848,797,51
S01005928,784,753,31
S01005929,616,579,37
S01005930,650,603,47
S01005931,795,740,55
S01005932,710,691,19
S01005933,808,750,58
S01005934,747,713,34
S01005935,651,618,33
S01005936,883,860,23
S01005937,646,586,60
S01005938,698,668,30
S01005939,772,749,23
S01005940,633,576,57
S01005941,513,470,43
S01005942,845,784,61
S01005943,934,884,50
S01005944,979,937,42
S01005945,868,821,47
S01005946,1012,958,54
S01005947,806,773,33
S01005948,693,662,31
S01005949,711,666,45
S01005950,543,515,28
S01005951,849,795,54
S01005952,937,853,84
S01005953,936,889,47
S01005954,540,524,16
S01005955,517,451,66
S01005956,860,825,35
S01005957,968,932,36
S01005958,593,571,22
S01005959,490,472,18
S01005960,513,490,23
S01005961,800,758,42
S01005962,519,505,14
S01005963,545,528,17
S01005964,744,718,26
S01005965,808,763,45
S01005966,927,878,49
S01005967,957,918,39
S01005968,826,745,81
S01005969,750,710,40
S01005970,797,759,38
S01005971,512,494,18
S01005972,791,751,40
S01005973,789,757,32
S01005974,776,746,30
S01005975,760,724,36
S01005976,786,696,90
S01005977,781,755,26
S01005978,745,673,72
S01005979,950,911,39
S01005980,677,642,35
S01005981,571,528,43
S01005982,638,605,33
S01005983,987,949,38
S01005984,689,623,66
S01005985,829,780,49
S01005986,776,676,100
S01005987,584,573,11
S01005988,558,545,13
S01005989,810,754,56
S01005990,965,924,41
S01005991,714,673,41
S01005992,607,587,20
S01005993,797,767,30
S01005994,943,906,37
S01005995,674,645,29
S01005996,761,715,46
S01005997,674,653,21
S01005998,690,665,25
S01005999,869,826,43
S01006000,792,753,39
S01006001,907,852,55
S01006002,564,526,38
S01006003,668,636,32
S01006004,623,577,46
S01006005,646,621,25
S01006006,808,745,63
S01006007,559,542,17
S01006008,780,748,32
S01006009,579,537,42
S01006010,907,817,90
S01006011,840,810,30
S01006012,878,845,33
S01006013,540,444,96
S01006014,705,675,30
S01006015,744,690,54
S01006016,958,915,43
S01006017,734,713,21
S01006018,852,803,49
S01006019,822,779,43
S01006020,841,774,67
S01006021,901,836,65
S01006022,557,533,24
S01006023,786,703,83
S01006024,849,811,38
S01006025,861,817,44
S01006026,786,760,26
S01006027,691,652,39
S01006028,634,569,65
S01006029,755,696,59
S01006030,962,890,72
S01006031,870,834,36
S01006032,940,888,52
S01006033,700,652,48
S01006034,737,716,21
S01006035,980,932,48
S01006036,809,757,52
S01006037,896,843,53
S01006038,704,670,34
S01006039,833,772,61
S01006040,765,741,24
S01006041,895,852,43
S01006042,842,810,32
S01006043,621,600,21
S01006044,954,882,72
S01006045,662,616,46
S01006046,827,780,47
S01006047,754,726,28
S01006048,830,772,58
S01006049,775,747,28
S01006050,861,830,31
S01006051,959,886,73
S01006052,756,716,40
S01006053,867,823,44
S01006054,733,672,61
S01006055,616,566,50
S01006056,960,881,79
S01006057,488,461,27
S01006058,820,803,17
S01006059,804,768,36
S01006060,634,602,32
S01006061,551,527,24
S01006062,686,652,34
S01006063,614,592,22
S01006064,699,670,29
S01006065,779,736,43
S01006066,837,805,32
S01006067,971,816,155
S01006068,497,436,61
S01006069,736,591,145
S01006070,644,482,162
S01006071,966,762,204
S01006072,637,526,111
S01006073,504,409,95
S01006074,705,561,144
S01006075,983,923,60
S01006076,966,889,77
S01006077,800,750,50
S01006078,997,827,170
S01006079,788,723,65
S01006080,863,768,95
S01006081,775,605,170
S01006082,950,898,52
S01006083,830,690,140
S01006084,825,779,46
S01006085,800,708,92
S01006086,716,667,49
S01006087,743,694,49
S01006088,822,759,63
S01006089,762,684,78
S01006090,899,846,53
S01006091,606,484,122
S01006092,655,607,48
S01006093,602,553,49
S01006094,944,883,61
S01006095,937,829,108
S01006096,641,596,45
S01006097,948,873,75
S01006098,681,621,60
S01006099,578,493,85
S01006100,612,575,37
S01006101,646,603,43
S01006102,781,722,59
S01006103,701,627,74
S01006104,777,708,69
S01006105,706,623,83
S01006106,626,582,44
S01006107,697,663,34
S01006108,944,888,56
S01006109,775,643,132
S01006110,779,731,48
S01006111,799,739,60
S01006112,750,639,111
S01006113,879,751,128
S01006114,722,673,49
S01006115,782,611,171
S01006116,944,738,206
S01006117,826,760,66
S01006118,551,452,99
S01006119,1015,739,276
S01006120,875,633,242
S01006121,500,407,93
S01006122,824,669,155
S01006123,653,510,143
S01006124,632,481,151
S01006125,553,449,104
S01006126,705,474,231
S01006127,644,473,171
S01006128,812,555,257
S01006129,712,591,121
S01006130,562,535,27
S01006131,922,713,209
S01006132,823,770,53
S01006133,584,459,125
S01006134,501,440,61
S01006135,571,533,38
S01006136,975,910,65
S01006137,650,433,217
S01006138,636,532,104
S01006139,410,377,33
S01006140,867,680,187
S01006141,813,736,77
S01006142,657,551,106
S01006143,500,388,112
S01006144,1002,835,167
S01006145,965,716,249
S01006146,849,599,250
S01006147,799,600,199
S01006148,784,673,111
S01006149,1025,796,229
S01006150,928,693,235
S01006151,689,317,372
S01006152,715,474,241
S01006153,603,484,119
S01006154,794,585,209
S01006155,869,744,125
S01006156,576,488,88
S01006157,771,641,130
S01006158,873,636,237
S01006159,808,578,230
S01006160,785,566,219
S01006161,750,573,177
S01006162,649,508,141
S01006163,980,748,232
S01006164,666,536,130
S01006165,861,594,267
S01006166,909,667,242
S01006167,880,642,238
S01006168,783,632,151
S01006169,677,530,147
S01006170,970,744,226
S01006171,906,748,158
S01006172,523,433,90
S01006173,622,398,224
S01006174,585,438,147
S01006175,778,553,225
S01006176,571,415,156
S01006177,660,627,33
S01006178,869,812,57
S01006179,796,751,45
S01006180,817,777,40
S01006181,754,704,50
S01006182,560,509,51
S01006183,714,674,40
S01006184,795,748,47
S01006185,980,930,50
S01006186,862,828,34
S01006187,891,845,46
S01006188,744,698,46
S01006189,780,744,36
S01006190,823,769,54
S01006191,587,532,55
S01006192,790,741,49
S01006193,689,635,54
S01006194,918,848,70
S01006195,769,735,34
S01006196,912,853,59
S01006197,861,802,59
S01006198,537,508,29
S01006199,744,701,43
S01006200,899,836,63
S01006201,1012,954,58
S01006202,703,663,40
S01006203,617,591,26
S01006204,942,899,43
S01006205,713,664,49
S01006206,841,790,51
S01006207,908,845,63
S01006208,740,707,33
S01006209,755,713,42
S01006210,766,729,37
S01006211,594,556,38
S01006212,856,801,55
S01006213,891,834,57
S01006214,766,732,34
S01006215,822,785,37
S01006216,790,754,36
S01006217,989,933,56
S01006218,572,533,39
S01006219,937,883,54
S01006220,858,818,40
S01006221,818,783,35
S01006222,994,948,46
S01006223,759,703,56
S01006224,655,615,40
S01006225,828,774,54
S01006226,753,729,24
S01006227,715,673,42
S01006228,793,753,40
S01006229,971,930,41
S01006230,835,789,46
S01006231,931,883,48
S01006232,774,728,46
S01006233,648,598,50
S01006234,556,516,40
S01006235,759,715,44
S01006236,641,579,62
S01006237,880,798,82
S01006238,1004,940,64
S01006239,523,480,43
S01006240,813,744,69
S01006241,846,767,79
S01006242,764,718,46
S01006243,647,607,40
S01006244,628,593,35
S01006245,653,594,59
S01006246,750,662,88
S01006247,896,837,59
S01006248,828,760,68
S01006249,778,706,72
S01006250,707,652,55
S01006251,624,569,55
S01006252,640,606,34
S01006253,706,647,59
S01006254,700,611,89
S01006255,938,863,75
S01006256,669,625,44
S01006257,813,764,49
S01006258,739,684,55
S01006259,705,649,56
S01006260,748,687,61
S01006261,869,817,52
S01006262,688,632,56
S01006263,854,806,48
S01006264,958,836,122
S01006265,822,727,95
S01006266,680,633,47
S01006267,652,615,37
S01006268,723,674,49
S01006269,659,618,41
S01006270,937,865,72
S01006271,731,662,69
S01006272,786,741,45
S01006273,681,634,47
S01006274,605,556,49
S01006275,801,708,93
S01006276,846,773,73
S01006277,761,702,59
S01006278,751,705,46
S01006279,969,901,68
S01006280,650,601,49
S01006281,779,721,58
S01006282,727,690,37
S01006283,732,691,41
S01006284,820,770,50
S01006285,796,694,102
S01006286,927,856,71
S01006287,620,548,72
S01006288,792,742,50
S01006289,899,824,75
S01006290,928,841,87
S01006291,534,493,41
S01006292,890,807,83
S01006293,976,872,104
S01006294,650,551,99
S01006295,618,552,66
S01006296,969,825,144
S01006297,762,726,36
S01006298,877,844,33
S01006299,781,744,37
S01006300,806,759,47
S01006301,626,598,28
S01006302,933,874,59
S01006303,684,616,68
S01006304,716,669,47
S01006305,677,618,59
S01006306,746,691,55
S01006307,835,764,71
S01006308,655,601,54
S01006309,937,866,71
S01006310,786,698,88
S01006311,782,719,63
S01006312,664,627,37
S01006313,1020,959,61
S01006314,597,458,139
S01006315,882,830,52
S01006316,929,883,46
S01006317,873,817,56
S01006318,774,725,49
S01006319,881,834,47
S01006320,913,871,42
S01006321,698,553,145
S01006322,673,516,157
S01006323,904,848,56
S01006324,612,504,108
S01006325,671,649,22
S01006326,930,873,57
S01006327,563,545,18
S01006328,586,554,32
S01006329,965,804,161
S01006330,754,717,37
S01006331,752,696,56
S01006332,654,622,32
S01006333,905,876,29
S01006334,803,762,41
S01006335,881,803,78
S01006336,787,632,155
S01006337,732,558,174
S01006338,876,746,130
S01006339,808,757,51
S01006340,744,660,84
S01006341,796,670,126
S01006342,737,699,38
S01006343,739,690,49
S01006344,785,705,80
S01006345,594,549,45
S01006346,633,596,37
S01006347,633,556,77
S01006348,656,553,103
S01006349,513,492,21
S01006350,715,673,42
S01006351,976,861,115
S01006352,759,674,85
S01006353,583,530,53
S01006354,955,842,113
S01006355,738,655,83
S01006356,679,597,82
S01006357,749,623,126
S01006358,702,626,76
S01006359,868,826,42
S01006360,664,576,88
S01006361,807,732,75
S01006362,795,712,83
S01006363,725,648,77
S01006364,615,581,34
S01006365,920,806,114
S01006366,743,642,101
S01006367,769,688,81
S01006368,855,734,121
S01006369,815,778,37
S01006370,974,825,149
S01006371,545,445,100
S01006372,768,708,60
S01006373,858,691,167
S01006374,695,622,73
S01006375,679,580,99
S01006376,715,596,119
S01006377,610,531,79
S01006378,524,432,92
S01006379,595,540,55
S01006380,596,553,43
S01006381,528,466,62
S01006382,710,651,59
S01006383,624,522,102
S01006384,768,690,78
S01006385,942,848,94
S01006386,930,832,98
S01006387,800,752,48
S01006388,1005,895,110
S01006389,701,661,40
S01006390,666,603,63
S01006391,960,787,173
S01006392,864,822,42
S01006393,794,740,54
S01006394,794,701,93
S01006395,935,836,99
S01006396,596,526,70
S01006397,751,654,97
S01006398,883,792,91
S01006399,782,744,38
S01006400,947,887,60
S01006401,785,686,99
S01006402,671,613,58
S01006403,776,732,44
S01006404,775,695,80
S01006405,863,768,95
S01006406,433,384,49
S01006407,688,573,115
S01006408,981,873,108
S01006409,619,503,116
S01006410,716,682,34
S01006411,819,686,133
S01006412,705,632,73
S01006413,576,540,36
S01006414,524,503,21
S01006415,826,771,55
S01006416,587,543,44
S01006417,701,645,56
S01006418,678,633,45
S01006419,570,532,38
S01006420,937,842,95
S01006421,568,524,44
S01006422,662,630,32
S01006423,571,448,123
S01006424,634,597,37
S01006425,710,653,57
S01006426,548,509,39
S01006427,761,714,47
S01006428,829,736,93
S01006429,573,537,36
S01006430,618,581,37
S01006431,573,524,49
S01006432,722,623,99
S01006433,669,602,67
S01006434,813,769,44
S01006435,456,423,33
S01006436,755,678,77
S01006437,959,827,132
S01006438,606,561,45
S01006439,733,668,65
S01006440,818,785,33
S01006441,709,637,72
S01006442,796,751,45
S01006443,519,498,21
S01006444,568,491,77
S01006445,780,663,117
S01006446,871,766,105
S01006447,588,546,42
S01006448,887,739,148
S01006449,511,448,63
S01006450,682,626,56
S01006451,714,661,53
S01006452,567,525,42
S01006453,810,762,48
S01006454,572,428,144
S01006455,667,589,78
S01006456,867,791,76
S01006457,645,588,57
S01006458,931,832,99
S01006459,683,529,154
S01006460,521,481,40
S01006461,706,637,69
S01006462,741,667,74
S01006463,678,591,87
S01006464,747,670,77
S01006465,960,853,107
S01006466,742,673,69
S01006467,920,828,92
S01006468,1001,891,110
S01006469,679,628,51
S01006470,799,729,70
S01006471,820,745,75
S01006472,562,503,59
S01006473,778,654,124
S01006474,818,745,73
S01006475,853,809,44
S01006476,761,686,75
S01006477,789,731,58
S01006478,849,757,92
S01006479,714,661,53
S01006480,867,732,135
S01006481,597,510,87
S01006482,758,685,73
S01006483,911,842,69
S01006484,784,707,77
S01006485,659,545,114
S01006486,862,660,202
S01006487,765,729,36
S01006488,629,538,91
S01006489,784,713,71
S01006490,765,629,136
S01006491,828,671,157
S01006492,593,550,43
S01006493,582,495,87
S01006494,581,463,118
S01006495,788,703,85
S01006496,894,762,132
S01006497,502,429,73
S01006498,1102,934,168
S01006499,831,663,168
S01006500,741,646,95
S01006501,972,816,156
S01006502,631,542,89
S01006503,691,590,101
S01006504,784,626,158
S01006505,772,612,160
