dz_2011,total,scotland,nonscot
S01006506,765,587,178
S01006507,1092,885,207
S01006508,858,663,195
S01006509,715,644,71
S01006510,735,636,99
S01006511,1019,754,265
S01006512,407,292,115
S01006513,1006,762,244
S01006514,1117,709,408
S01006515,1168,770,398
S01006516,903,539,364
S01006517,1049,719,330
S01006518,1049,622,427
S01006519,874,514,360
S01006520,897,471,426
S01006521,577,382,195
S01006522,560,403,157
S01006523,1409,1032,377
S01006524,1299,797,502
S01006525,1305,896,409
S01006526,1529,1360,169
S01006527,1388,1256,132
S01006528,1125,1013,112
S01006529,1028,881,147
S01006530,1179,1067,112
S01006531,1278,1144,134
S01006532,806,697,109
S01006533,830,648,182
S01006534,983,784,199
S01006535,1063,871,192
S01006536,1246,1006,240
S01006537,852,734,118
S01006538,686,592,94
S01006539,1008,840,168
S01006540,1259,1069,190
S01006541,990,850,140
S01006542,963,743,220
S01006543,1012,863,149
S01006544,1140,844,296
S01006545,1112,908,204
S01006546,1175,972,203
S01006547,1409,1151,258
S01006548,770,668,102
S01006549,828,696,132
S01006550,1263,1024,239
S01006551,921,773,148
S01006552,1348,1168,180
S01006553,1022,887,135
S01006554,937,844,93
S01006555,1089,976,113
S01006556,1032,956,76
S01006557,862,765,97
S01006558,880,660,220
S01006559,639,496,143
S01006560,1056,830,226
S01006561,891,745,146
S01006562,1044,876,168
S01006563,1138,875,263
S01006564,1172,894,278
S01006565,1201,893,308
S01006566,851,613,238
S01006567,1149,870,279
S01006568,1104,790,314
S01006569,749,551,198
S01006570,875,635,240
S01006571,1168,800,368
S01006572,1364,1003,361
S01006573,706,442,264
S01006574,967,671,296
S01006575,1145,878,267
S01006576,871,646,225
S01006577,925,653,272
S01006578,1514,1144,370
S01006579,1299,979,320
S01006580,806,600,206
S01006581,1233,986,247
S01006582,591,446,145
S01006583,964,687,277
S01006584,872,591,281
S01006585,809,653,156
S01006586,803,594,209
S01006587,502,351,151
S01006588,650,449,201
S01006589,1065,820,245
S01006590,617,447,170
S01006591,544,402,142
S01006592,434,312,122
S01006593,589,410,179
S01006594,761,583,178
S01006595,740,519,221
S01006596,964,680,284
S01006597,822,655,167
S01006598,1074,811,263
S01006599,1087,886,201
S01006600,1326,1092,234
S01006601,953,777,176
S01006602,982,718,264
S01006603,1377,1275,102
S01006604,938,881,57
S01006605,868,809,59
S01006606,1380,1256,124
S01006607,1302,1211,91
S01006608,871,784,87
S01006609,1343,1273,70
S01006610,752,710,42
S01006611,1183,1120,63
S01006612,995,892,103
S01006613,474,410,64
S01006614,929,809,120
S01006615,445,395,50
S01006616,811,734,77
S01006617,1022,920,102
S01006618,568,506,62
S01006619,995,882,113
S01006620,1146,1055,91
S01006621,838,777,61
S01006622,655,587,68
S01006623,1500,1374,126
S01006624,800,699,101
S01006625,858,793,65
S01006626,839,775,64
S01006627,674,592,82
S01006628,1110,950,160
S01006629,925,842,83
S01006630,867,812,55
S01006631,1155,1003,152
S01006632,960,883,77
S01006633,967,910,57
S01006634,804,739,65
S01006635,1001,921,80
S01006636,980,899,81
S01006637,606,480,126
S01006638,1061,865,196
S01006639,944,766,178
S01006640,201,186,15
S01006641,962,808,154
S01006642,822,642,180
S01006643,1056,792,264
S01006644,590,487,103
S01006645,1185,978,207
S01006646,1040,736,304
S01006647,688,574,114
S01006648,1691,1259,432
S01006649,696,552,144
S01006650,914,713,201
S01006651,725,555,170
S01006652,678,528,150
S01006653,714,571,143
S01006654,861,766,95
S01006655,581,508,73
S01006656,906,694,212
S01006657,595,481,114
S01006658,1186,848,338
S01006659,895,677,218
S01006660,639,479,160
S01006661,726,579,147
S01006662,685,490,195
S01006663,1263,774,489
S01006664,421,327,94
S01006665,799,533,266
S01006666,1388,1217,171
S01006667,1059,933,126
S01006668,833,635,198
S01006669,1193,861,332
S01006670,471,408,63
S01006671,1338,774,564
S01006672,767,611,156
S01006673,960,675,285
S01006674,930,813,117
S01006675,520,407,113
S01006676,798,692,106
S01006677,697,625,72
S01006678,1092,976,116
S01006679,884,795,89
S01006680,801,679,122
S01006681,1134,1034,100
S01006682,812,681,131
S01006683,1164,948,216
S01006684,727,647,80
S01006685,854,769,85
S01006686,931,865,66
S01006687,987,898,89
S01006688,1064,991,73
S01006689,481,420,61
S01006690,772,650,122
S01006691,873,745,128
S01006692,918,793,125
S01006693,1157,1035,122
S01006694,1219,1151,68
S01006695,761,707,54
S01006696,1127,1034,93
S01006697,1122,1037,85
S01006698,938,875,63
S01006699,820,761,59
S01006700,1319,1166,153
S01006701,1102,1035,67
S01006702,996,931,65
S01006703,804,755,49
S01006704,896,847,49
S01006705,1004,950,54
S01006706,854,803,51
S01006707,772,728,44
S01006708,892,835,57
S01006709,1107,1016,91
S01006710,1164,1059,105
S01006711,1146,1069,77
S01006712,664,631,33
S01006713,997,951,46
S01006714,934,865,69
S01006715,1104,1046,58
S01006716,654,626,28
S01006717,1062,1000,62
S01006718,713,673,40
S01006719,1015,969,46
S01006720,786,753,33
S01006721,1005,935,70
S01006722,852,797,55
S01006723,1025,968,57
S01006724,1319,1237,82
S01006725,1038,979,59
S01006726,987,892,95
S01006727,1187,1095,92
S01006728,944,888,56
S01006729,863,790,73
S01006730,779,700,79
S01006731,557,537,20
S01006732,1047,872,175
S01006733,945,673,272
S01006734,1136,937,199
S01006735,952,737,215
S01006736,920,762,158
S01006737,822,643,179
S01006738,660,590,70
S01006739,525,489,36
S01006740,1072,1008,64
S01006741,812,771,41
S01006742,507,469,38
S01006743,968,847,121
S01006744,661,605,56
S01006745,1061,989,72
S01006746,768,730,38
S01006747,1207,1069,138
S01006748,1064,934,130
S01006749,1398,1245,153
S01006750,792,716,76
S01006751,486,451,35
S01006752,893,835,58
S01006753,946,829,117
S01006754,1233,1110,123
S01006755,817,674,143
S01006756,269,218,51
S01006757,1436,1312,124
S01006758,710,644,66
S01006759,646,552,94
S01006760,628,551,77
S01006761,1017,882,135
S01006762,1058,930,128
S01006763,1176,1037,139
S01006764,867,783,84
S01006765,781,677,104
S01006766,666,563,103
S01006767,939,873,66
S01006768,746,627,119
S01006769,1345,1164,181
S01006770,767,701,66
S01006771,570,484,86
S01006772,1452,1334,118
S01006773,736,649,87
S01006774,894,785,109
S01006775,805,709,96
S01006776,735,679,56
S01006777,1080,990,90
S01006778,955,887,68
S01006779,1099,1008,91
S01006780,899,823,76
S01006781,1030,940,90
S01006782,985,699,286
S01006783,680,620,60
S01006784,726,632,94
S01006785,714,644,70
S01006786,1124,950,174
S01006787,1121,953,168
S01006788,694,603,91
S01006789,973,740,233
S01006790,898,718,180
S01006791,514,375,139
S01006792,689,476,213
S01006793,639,477,162
S01006794,841,636,205
S01006795,703,461,242
S01006796,379,252,127
S01006797,673,423,250
S01006798,691,498,193
S01006799,960,741,219
S01006800,899,589,310
S01006801,739,624,115
S01006802,679,551,128
S01006803,751,666,85
S01006804,731,649,82
S01006805,1072,914,158
S01006806,1015,843,172
S01006807,524,417,107
S01006808,890,688,202
S01006809,960,797,163
S01006810,1017,767,250
S01006811,881,684,197
S01006812,751,611,140
S01006813,864,716,148
S01006814,958,762,196
S01006815,612,555,57
S01006816,931,757,174
S01006817,710,588,122
S01006818,672,528,144
S01006819,819,639,180
S01006820,561,440,121
S01006821,938,719,219
S01006822,774,575,199
S01006823,881,693,188
S01006824,690,608,82
S01006825,1098,971,127
S01006826,1229,1000,229
S01006827,994,853,141
S01006828,973,796,177
S01006829,257,196,61
S01006830,640,552,88
S01006831,1355,1180,175
S01006832,980,814,166
S01006833,724,559,165
S01006834,255,204,51
S01006835,1198,946,252
S01006836,51,44,7
S01006837,488,423,65
S01006838,1067,854,213
S01006839,922,780,142
S01006840,1184,969,215
S01006841,1438,1194,244
S01006842,1101,957,144
S01006843,1017,889,128
S01006844,722,630,92
S01006845,1016,866,150
S01006846,887,770,117
S01006847,832,715,117
S01006848,848,596,252
S01006849,400,326,74
S01006850,1213,1026,187
S01006851,763,671,92
S01006852,581,468,113
S01006853,841,560,281
S01006854,1352,1043,309
S01006855,746,523,223
S01006856,881,731,150
S01006857,971,788,183
S01006858,611,455,156
S01006859,1049,676,373
S01006860,692,566,126
S01006861,243,202,41
S01006862,962,743,219
S01006863,618,549,69
S01006864,145,135,10
S01006865,947,659,288
S01006866,668,451,217
S01006867,1132,775,357
S01006868,888,738,150
S01006869,576,399,177
S01006870,547,415,132
S01006871,986,719,267
S01006872,961,688,273
S01006873,1137,768,369
S01006874,644,479,165
S01006875,701,568,133
S01006876,1010,759,251
S01006877,1045,749,296
S01006878,988,750,238
S01006879,883,656,227
S01006880,574,445,129
S01006881,561,454,107
S01006882,931,823,108
S01006883,581,501,80
S01006884,1000,874,126
S01006885,698,591,107
S01006886,755,538,217
S01006887,422,332,90
S01006888,704,541,163
S01006889,681,551,130
S01006890,1012,787,225
S01006891,675,559,116
S01006892,622,545,77
S01006893,1095,988,107
S01006894,639,575,64
S01006895,558,507,51
S01006896,744,641,103
S01006897,1074,955,119
S01006898,491,439,52
S01006899,394,338,56
S01006900,514,433,81
S01006901,883,818,65
S01006902,688,628,60
S01006903,917,816,101
S01006904,513,466,47
S01006905,937,838,99
S01006906,1058,1002,56
S01006907,619,534,85
S01006908,869,799,70
S01006909,264,197,67
S01006910,333,259,74
S01006911,316,258,58
S01006912,262,186,76
S01006913,549,459,90
S01006914,777,546,231
S01006915,835,644,191
S01006916,272,218,54
S01006917,113,93,20
S01006918,472,408,64
S01006919,541,458,83
S01006920,583,481,102
S01006921,415,356,59
S01006922,587,496,91
S01006923,718,588,130
S01006924,429,331,98
S01006925,553,469,84
S01006926,310,268,42
S01006927,275,250,25
S01006928,1132,952,180
S01006929,1337,960,377
S01006930,803,642,161
S01006931,420,344,76
S01006932,479,358,121
S01006933,896,774,122
S01006934,693,589,104
S01006935,1025,881,144
S01006936,746,635,111
S01006937,911,770,141
S01006938,932,776,156
S01006939,707,580,127
S01006940,1118,935,183
S01006941,887,753,134
S01006942,1089,934,155
S01006943,264,222,42
S01006944,87,74,13
S01006945,1094,919,175
S01006946,795,684,111
S01006947,1110,910,200
S01006948,966,839,127
S01006949,680,518,162
S01006950,222,169,53
S01006951,827,745,82
S01006952,1092,930,162
S01006953,1257,1041,216
S01006954,1090,904,186
S01006955,574,489,85
S01006956,708,585,123
S01006957,830,672,158
S01006958,1060,847,213
S01006959,824,721,103
S01006960,363,318,45
S01006961,322,252,70
S01006962,782,716,66
S01006963,1103,899,204
S01006964,870,739,131
S01006965,570,487,83
S01006966,811,705,106
S01006967,820,713,107
S01006968,1094,1005,89
S01006969,1088,985,103
S01006970,724,597,127
S01006971,915,797,118
S01006972,474,387,87
S01006973,564,467,97
S01006974,1319,1008,311
S01006975,1084,795,289
S01006976,573,455,118
S01006977,838,668,170
S01006978,790,608,182
S01006979,1349,1049,300
S01006980,627,474,153
S01006981,787,671,116
S01006982,960,821,139
S01006983,1054,859,195
S01006984,793,613,180
S01006985,1317,1136,181
S01006986,449,377,72
S01006987,1005,817,188
S01006988,472,380,92
S01006989,716,588,128
S01006990,448,350,98
S01006991,701,597,104
S01006992,854,679,175
S01006993,705,518,187
S01006994,627,511,116
S01006995,897,702,195
S01006996,706,623,83
S01006997,601,445,156
S01006998,974,807,167
S01006999,808,640,168
S01007000,1151,945,206
S01007001,977,820,157
S01007002,428,350,78
S01007003,533,417,116
S01007004,1048,780,268
S01007005,917,714,203
S01007006,963,753,210
S01007007,741,528,213
S01007008,871,788,83
S01007009,1310,1158,152
S01007010,965,874,91
S01007011,1119,1014,105
S01007012,999,949,50
S01007013,862,735,127
S01007014,1025,828,197
S01007015,735,529,206
S01007016,538,399,139
S01007017,1137,1065,72
S01007018,1207,1118,89
S01007019,1010,926,84
S01007020,969,877,92
S01007021,1347,1259,88
S01007022,448,395,53
S01007023,719,559,160
S01007024,1099,796,303
S01007025,1125,1041,84
S01007026,955,798,157
S01007027,1335,1166,169
S01007028,1236,999,237
S01007029,506,341,165
S01007030,987,852,135
S01007031,611,487,124
S01007032,1181,1020,161
S01007033,1144,1050,94
S01007034,988,896,92
S01007035,956,889,67
S01007036,1022,919,103
S01007037,1126,1056,70
S01007038,815,731,84
S01007039,726,667,59
S01007040,1067,1004,63
S01007041,1009,925,84
S01007042,889,722,167
S01007043,1070,824,246
S01007044,1059,860,199
S01007045,857,583,274
S01007046,523,412,111
S01007047,950,768,182
S01007048,1310,1001,309
S01007049,1014,903,111
S01007050,973,806,167
S01007051,942,813,129
S01007052,556,464,92
S01007053,796,633,163
S01007054,1044,906,138
S01007055,476,373,103
S01007056,803,630,173
S01007057,870,774,96
S01007058,822,756,66
S01007059,1148,1010,138
S01007060,675,608,67
S01007061,1100,808,292
S01007062,696,496,200
S01007063,1401,1130,271
S01007064,717,582,135
S01007065,738,600,138
S01007066,664,534,130
S01007067,1321,1092,229
S01007068,768,662,106
S01007069,1051,712,339
S01007070,755,658,97
S01007071,1151,956,195
S01007072,1492,1229,263
S01007073,1797,1507,290
S01007074,1225,1108,117
S01007075,1091,992,99
S01007076,926,816,110
S01007077,883,828,55
S01007078,1076,1006,70
S01007079,1206,1110,96
S01007080,869,799,70
S01007081,1093,986,107
S01007082,705,644,61
S01007083,904,825,79
S01007084,875,813,62
S01007085,1112,976,136
S01007086,1037,897,140
S01007087,925,800,125
S01007088,710,636,74
S01007089,587,512,75
S01007090,541,481,60
S01007091,283,257,26
S01007092,703,646,57
S01007093,1080,1006,74
S01007094,1174,1076,98
S01007095,667,550,117
S01007096,952,781,171
S01007097,842,715,127
S01007098,498,428,70
S01007099,654,578,76
S01007100,884,789,95
S01007101,1251,1084,167
S01007102,774,615,159
S01007103,814,784,30
S01007104,477,397,80
S01007105,654,603,51
S01007106,929,850,79
S01007107,650,552,98
S01007108,654,554,100
S01007109,983,900,83
S01007110,964,869,95
S01007111,547,486,61
S01007112,888,814,74
S01007113,822,762,60
S01007114,867,830,37
S01007115,777,741,36
S01007116,687,655,32
S01007117,667,652,15
S01007118,978,925,53
S01007119,1043,993,50
S01007120,1131,1051,80
S01007121,727,675,52
S01007122,585,536,49
S01007123,1002,948,54
S01007124,1080,1030,50
S01007125,759,689,70
S01007126,1025,927,98
S01007127,590,521,69
S01007128,1047,987,60
S01007129,681,560,121
S01007130,675,613,62
S01007131,795,724,71
S01007132,707,646,61
S01007133,607,537,70
S01007134,800,737,63
S01007135,667,558,109
S01007136,320,259,61
S01007137,154,133,21
S01007138,454,404,50
S01007139,742,687,55
S01007140,822,714,108
S01007141,655,594,61
S01007142,162,143,19
S01007143,448,394,54
S01007144,1476,1321,155
S01007145,939,830,109
S01007146,876,812,64
S01007147,927,826,101
S01007148,600,510,90
S01007149,991,861,130
S01007150,814,722,92
S01007151,1065,963,102
S01007152,825,737,88
S01007153,1022,923,99
S01007154,927,840,87
S01007155,693,620,73
S01007156,984,851,133
S01007157,850,779,71
S01007158,872,796,76
S01007159,871,771,100
S01007160,823,743,80
S01007161,920,814,106
S01007162,398,350,48
S01007163,1059,927,132
S01007164,835,735,100
S01007165,902,774,128
S01007166,1083,942,141
S01007167,945,826,119
S01007168,1065,947,118
S01007169,946,812,134
S01007170,709,626,83
S01007171,1199,817,382
S01007172,1133,724,409
S01007173,632,547,85
S01007174,773,670,103
S01007175,784,655,129
S01007176,1092,906,186
S01007177,791,703,88
S01007178,1007,895,112
S01007179,1302,1132,170
S01007180,1062,917,145
S01007181,1211,1076,135
S01007182,1201,1070,131
S01007183,1253,1150,103
S01007184,995,881,114
S01007185,928,844,84
S01007186,600,532,68
S01007187,773,683,90
S01007188,733,645,88
S01007189,884,775,109
S01007190,958,859,99
S01007191,740,673,67
S01007192,821,756,65
S01007193,880,809,71
S01007194,629,582,47
S01007195,926,826,100
S01007196,730,613,117
S01007197,408,373,35
S01007198,473,414,59
S01007199,1102,987,115
S01007200,931,839,92
S01007201,1057,953,104
S01007202,822,742,80
S01007203,908,819,89
S01007204,981,804,177
S01007205,825,700,125
S01007206,336,285,51
S01007207,1074,954,120
S01007208,802,707,95
S01007209,701,590,111
S01007210,1042,934,108
S01007211,778,685,93
S01007212,786,680,106
S01007213,843,743,100
S01007214,943,856,87
S01007215,944,824,120
S01007216,852,750,102
S01007217,896,846,50
S01007218,787,709,78
S01007219,1085,984,101
S01007220,820,734,86
S01007221,659,555,104
S01007222,1175,1043,132
S01007223,706,601,105
S01007224,704,610,94
S01007225,1028,796,232
S01007226,910,741,169
S01007227,1381,1179,202
S01007228,788,648,140
S01007229,1220,984,236
S01007230,1297,1165,132
S01007231,759,715,44
S01007232,587,544,43
S01007233,745,670,75
S01007234,658,606,52
S01007235,1023,914,109
S01007236,1145,1042,103
S01007237,770,693,77
S01007238,986,923,63
S01007239,1305,1144,161
S01007240,589,527,62
S01007241,1189,1023,166
S01007242,1091,938,153
S01007243,1294,1097,197
S01007244,635,572,63
S01007245,762,662,100
S01007246,632,573,59
S01007247,1063,924,139
S01007248,857,750,107
S01007249,602,543,59
S01007250,765,723,42
S01007251,654,606,48
S01007252,815,764,51
S01007253,748,675,73
S01007254,886,829,57
S01007255,1061,969,92
S01007256,773,711,62
S01007257,837,758,79
S01007258,806,715,91
S01007259,966,900,66
S01007260,1193,1118,75
S01007261,1015,916,99
S01007262,737,686,51
S01007263,1272,1174,98
S01007264,921,860,61
S01007265,1139,1053,86
S01007266,830,739,91
S01007267,581,510,71
S01007268,582,469,113
S01007269,653,559,94
S01007270,501,428,73
S01007271,1136,1024,112
S01007272,1163,1060,103
S01007273,667,602,65
S01007274,854,722,132
S01007275,782,658,124
S01007276,1129,987,142
S01007277,991,824,167
S01007278,949,788,161
S01007279,660,476,184
S01007280,630,495,135
S01007281,1085,916,169
S01007282,534,430,104
S01007283,888,748,140
S01007284,882,718,164
S01007285,1014,640,374
S01007286,1347,948,399
S01007287,553,366,187
S01007288,742,469,273
S01007289,1001,776,225
S01007290,411,314,97
S01007291,585,487,98
S01007292,758,671,87
S01007293,1250,1125,125
S01007294,1005,903,102
S01007295,658,589,69
S01007296,584,483,101
S01007297,927,776,151
S01007298,554,497,57
S01007299,953,829,124
S01007300,780,708,72
S01007301,865,646,219
S01007302,896,775,121
S01007303,1025,757,268
S01007304,577,398,179
S01007305,961,709,252
S01007306,1026,772,254
S01007307,965,685,280
S01007308,812,588,224
S01007309,760,484,276
S01007310,947,589,358
S01007311,958,801,157
S01007312,851,650,201
S01007313,875,571,304
S01007314,893,674,219
S01007315,771,681,90
S01007316,1106,971,135
S01007317,1187,1005,182
S01007318,630,546,84
S01007319,834,691,143
S01007320,1025,742,283
S01007321,633,466,167
S01007322,839,728,111
S01007323,579,488,91
S01007324,301,222,79
S01007325,758,574,184
S01007326,1069,905,164
S01007327,958,859,99
S01007328,1126,984,142
S01007329,658,531,127
S01007330,858,655,203
S01007331,935,814,121
S01007332,725,622,103
S01007333,1166,1025,141
S01007334,944,850,94
S01007335,1026,950,76
S01007336,769,676,93
S01007337,671,613,58
S01007338,1189,1093,96
S01007339,865,760,105
S01007340,748,660,88
S01007341,806,707,99
S01007342,851,682,169
S01007343,768,629,139
S01007344,579,478,101
S01007345,597,536,61
S01007346,897,793,104
S01007347,1156,1020,136
S01007348,905,841,64
S01007349,688,620,68
S01007350,687,600,87
S01007351,673,507,166
S01007352,526,379,147
S01007353,687,548,139
S01007354,806,622,184
S01007355,1300,982,318
S01007356,734,528,206
S01007357,822,640,182
S01007358,1539,1166,373
S01007359,950,785,165
S01007360,809,646,163
S01007361,1104,931,173
S01007362,1025,892,133
S01007363,1037,893,144
S01007364,1095,963,132
S01007365,466,422,44
S01007366,597,533,64
S01007367,647,557,90
S01007368,706,611,95
S01007369,1098,966,132
S01007370,908,783,125
S01007371,893,760,133
S01007372,983,799,184
S01007373,593,388,205
S01007374,881,597,284
S01007375,506,324,182
S01007376,1093,856,237
S01007377,690,434,256
S01007378,3013,1011,2002
S01007379,893,692,201
S01007380,784,600,184
S01007381,514,287,227
S01007382,1041,706,335
S01007383,784,551,233
S01007384,1088,773,315
S01007385,1377,1035,342
S01007386,877,586,291
S01007387,947,644,303
S01007388,788,537,251
S01007389,966,486,480
S01007390,440,259,181
S01007391,671,455,216
S01007392,464,302,162
S01007393,1022,707,315
S01007394,765,564,201
S01007395,1240,977,263
S01007396,1112,876,236
S01007397,983,700,283
S01007398,715,627,88
S01007399,731,643,88
S01007400,924,729,195
S01007401,782,611,171
S01007402,755,588,167
S01007403,801,422,379
S01007404,689,536,153
S01007405,513,417,96
S01007406,710,566,144
S01007407,804,673,131
S01007408,919,775,144
S01007409,727,657,70
S01007410,917,856,61
S01007411,872,786,86
S01007412,582,533,49
S01007413,805,732,73
S01007414,343,304,39
S01007415,944,893,51
S01007416,566,525,41
S01007417,249,225,24
S01007418,756,686,70
S01007419,999,912,87
S01007420,1485,1347,138
S01007421,615,530,85
S01007422,803,712,91
S01007423,377,333,44
S01007424,778,674,104
S01007425,1053,927,126
S01007426,909,814,95
S01007427,809,766,43
S01007428,1121,1015,106
S01007429,1030,905,125
S01007430,580,507,73
S01007431,719,623,96
S01007432,730,666,64
S01007433,960,848,112
S01007434,634,595,39
S01007435,860,761,99
S01007436,1062,946,116
S01007437,562,512,50
S01007438,721,654,67
S01007439,976,882,94
S01007440,868,756,112
S01007441,676,571,105
S01007442,790,671,119
S01007443,1010,741,269
S01007444,1473,1036,437
S01007445,793,551,242
S01007446,758,501,257
S01007447,638,430,208
S01007448,1004,887,117
S01007449,1044,957,87
S01007450,1333,1208,125
S01007451,723,664,59
S01007452,800,697,103
S01007453,116,112,4
S01007454,626,582,44
S01007455,933,873,60
S01007456,1079,1032,47
S01007457,692,650,42
S01007458,846,784,62
S01007459,920,847,73
S01007460,918,862,56
S01007461,969,900,69
S01007462,1006,910,96
S01007463,1149,1083,66
S01007464,1145,1071,74
S01007465,847,784,63
S01007466,942,865,77
S01007467,1016,938,78
S01007468,1215,1119,96
S01007469,731,677,54
S01007470,657,595,62
S01007471,539,503,36
S01007472,1153,1068,85
S01007473,485,457,28
S01007474,435,390,45
S01007475,503,453,50
S01007476,787,715,72
S01007477,786,706,80
S01007478,947,836,111
S01007479,462,422,40
S01007480,891,817,74
S01007481,993,844,149
S01007482,740,662,78
S01007483,1049,968,81
S01007484,912,812,100
S01007485,909,828,81
S01007486,923,843,80
S01007487,1200,1071,129
S01007488,1039,919,120
S01007489,926,821,105
S01007490,1273,1171,102
S01007491,767,702,65
S01007492,716,645,71
S01007493,977,886,91
S01007494,818,595,223
S01007495,721,558,163
S01007496,1080,793,287
S01007497,637,529,108
S01007498,1127,990,137
S01007499,870,716,154
S01007500,779,584,195
S01007501,685,483,202
S01007502,680,515,165
S01007503,1097,839,258
S01007504,1147,861,286
S01007505,460,323,137
S01007506,557,366,191
S01007507,1490,1193,297
S01007508,689,535,154
S01007509,736,518,218
S01007510,968,715,253
S01007511,1201,970,231
S01007512,576,429,147
S01007513,1115,967,148
S01007514,619,508,111
S01007515,638,483,155
S01007516,816,677,139
S01007517,555,396,159
S01007518,914,770,144
S01007519,605,380,225
S01007520,979,713,266
S01007521,731,474,257
S01007522,1149,813,336
S01007523,511,298,213
S01007524,934,662,272
S01007525,565,459,106
S01007526,943,701,242
S01007527,1473,1066,407
S01007528,961,757,204
S01007529,827,576,251
S01007530,534,315,219
S01007531,793,526,267
S01007532,505,381,124
S01007533,799,622,177
S01007534,1369,1181,188
S01007535,913,780,133
S01007536,1066,928,138
S01007537,1458,1225,233
S01007538,796,578,218
S01007539,869,651,218
S01007540,833,699,134
S01007541,1166,928,238
S01007542,960,801,159
S01007543,1278,1061,217
S01007544,1440,894,546
S01007545,1302,944,358
S01007546,606,445,161
S01007547,546,404,142
S01007548,896,677,219
S01007549,783,571,212
S01007550,1284,862,422
S01007551,1290,816,474
S01007552,1044,934,110
S01007553,1065,1003,62
S01007554,889,793,96
S01007555,782,648,134
S01007556,785,717,68
S01007557,1201,1133,68
S01007558,570,431,139
S01007559,796,612,184
S01007560,1052,890,162
S01007561,1004,840,164
S01007562,783,575,208
S01007563,1084,695,389
S01007564,1225,877,348
S01007565,1002,791,211
S01007566,767,611,156
S01007567,547,446,101
S01007568,765,612,153
S01007569,960,760,200
S01007570,990,818,172
S01007571,549,379,170
S01007572,712,632,80
S01007573,169,153,16
S01007574,1380,1278,102
S01007575,879,804,75
S01007576,1113,1010,103
S01007577,919,845,74
S01007578,885,812,73
S01007579,538,483,55
S01007580,1011,922,89
S01007581,651,590,61
S01007582,875,808,67
S01007583,1241,1109,132
S01007584,857,780,77
S01007585,1041,931,110
S01007586,1003,883,120
S01007587,814,685,129
S01007588,1052,869,183
S01007589,1106,917,189
S01007590,653,545,108
S01007591,883,769,114
S01007592,998,871,127
S01007593,1065,905,160
S01007594,897,766,131
S01007595,956,708,248
S01007596,807,553,254
S01007597,646,479,167
S01007598,1068,885,183
S01007599,636,516,120
S01007600,975,783,192
S01007601,673,592,81
S01007602,1050,897,153
S01007603,973,864,109
S01007604,1099,972,127
S01007605,1188,1024,164
S01007606,614,514,100
S01007607,1038,902,136
S01007608,1094,972,122
S01007609,909,798,111
S01007610,804,698,106
S01007611,1017,880,137
S01007612,1001,822,179
S01007613,999,801,198
S01007614,807,644,163
S01007615,1280,1082,198
S01007616,907,801,106
S01007617,736,670,66
S01007618,866,768,98
S01007619,808,753,55
S01007620,853,747,106
S01007621,771,705,66
S01007622,860,751,109
S01007623,501,429,72
S01007624,777,694,83
S01007625,721,613,108
S01007626,496,437,59
S01007627,242,215,27
S01007628,859,741,118
S01007629,740,598,142
S01007630,833,680,153
S01007631,593,415,178
S01007632,1647,1406,241
S01007633,1513,1296,217
S01007634,666,514,152
S01007635,805,629,176
S01007636,1257,1089,168
S01007637,1420,1250,170
S01007638,1064,931,133
S01007639,1007,873,134
S01007640,582,384,198
S01007641,679,477,202
S01007642,1104,745,359
S01007643,958,731,227
S01007644,888,657,231
S01007645,775,466,309
S01007646,672,326,346
S01007647,1083,806,277
S01007648,1106,881,225
S01007649,790,632,158
S01007650,1065,514,551
S01007651,753,406,347
S01007652,797,521,276
S01007653,1129,821,308
S01007654,1238,963,275
S01007655,777,493,284
S01007656,968,724,244
S01007657,684,501,183
S01007658,662,463,199
S01007659,988,779,209
S01007660,1332,1131,201
S01007661,800,638,162
S01007662,994,845,149
S01007663,1109,960,149
S01007664,576,510,66
S01007665,675,609,66
S01007666,313,262,51
S01007667,535,424,111
S01007668,1296,1143,153
S01007669,665,586,79
S01007670,1033,858,175
S01007671,695,524,171
S01007672,1049,834,215
S01007673,688,511,177
S01007674,1143,884,259
S01007675,701,503,198
S01007676,531,318,213
S01007677,155,67,88
S01007678,783,452,331
S01007679,945,521,424
S01007680,977,481,496
S01007681,540,308,232
S01007682,1120,849,271
S01007683,1224,809,415
S01007684,1305,1087,218
S01007685,1246,886,360
S01007686,1177,916,261
S01007687,1018,678,340
S01007688,1140,726,414
S01007689,662,429,233
S01007690,1335,837,498
S01007691,2035,1136,899
S01007692,982,641,341
S01007693,735,504,231
S01007694,401,295,106
S01007695,994,795,199
S01007696,929,715,214
S01007697,1331,1117,214
S01007698,1247,977,270
S01007699,820,633,187
S01007700,939,780,159
S01007701,444,392,52
S01007702,344,244,100
S01007703,1199,1032,167
S01007704,1367,1039,328
S01007705,795,494,301
S01007706,771,469,302
S01007707,267,188,79
S01007708,1144,1016,128
S01007709,817,726,91
S01007710,1107,831,276
S01007711,1312,970,342
S01007712,1056,870,186
S01007713,609,517,92
S01007714,673,618,55
S01007715,658,582,76
S01007716,1122,1005,117
S01007717,967,870,97
S01007718,985,898,87
S01007719,1493,1371,122
S01007720,1145,1057,88
S01007721,1119,1057,62
S01007722,969,893,76
S01007723,1067,962,105
S01007724,744,638,106
S01007725,1320,1195,125
S01007726,885,749,136
S01007727,771,670,101
S01007728,1058,878,180
S01007729,963,834,129
S01007730,891,762,129
S01007731,500,426,74
S01007732,623,508,115
S01007733,939,809,130
S01007734,865,747,118
S01007735,865,781,84
S01007736,898,787,111
S01007737,994,907,87
S01007738,1130,1042,88
S01007739,779,731,48
S01007740,730,661,69
S01007741,889,828,61
S01007742,742,679,63
S01007743,908,858,50
S01007744,795,740,55
S01007745,1013,953,60
S01007746,963,907,56
S01007747,890,837,53
S01007748,709,655,54
S01007749,1013,859,154
S01007750,1084,890,194
S01007751,771,645,126
S01007752,1176,1017,159
S01007753,971,896,75
S01007754,1428,1324,104
S01007755,866,806,60
S01007756,939,862,77
S01007757,1368,1208,160
S01007758,1122,952,170
S01007759,1271,1112,159
S01007760,1028,884,144
S01007761,990,805,185
S01007762,825,704,121
S01007763,845,769,76
S01007764,1032,910,122
S01007765,1014,896,118
S01007766,1167,1027,140
S01007767,1037,895,142
S01007768,797,684,113
S01007769,838,735,103
S01007770,844,720,124
S01007771,890,755,135
S01007772,1244,1123,121
S01007773,830,757,73
S01007774,165,145,20
S01007775,1032,900,132
S01007776,554,494,60
S01007777,391,338,53
S01007778,417,359,58
S01007779,863,796,67
S01007780,876,800,76
S01007781,802,743,59
S01007782,686,620,66
S01007783,841,785,56
S01007784,908,826,82
S01007785,488,459,29
S01007786,939,885,54
S01007787,789,754,35
S01007788,825,769,56
S01007789,654,600,54
S01007790,823,768,55
S01007791,247,222,25
S01007792,1070,1021,49
S01007793,1082,1022,60
S01007794,1231,1178,53
S01007795,915,874,41
S01007796,977,918,59
S01007797,831,764,67
S01007798,385,348,37
S01007799,225,200,25
S01007800,996,945,51
S01007801,1030,887,143
S01007802,716,644,72
S01007803,1152,1083,69
S01007804,769,712,57
S01007805,846,787,59
S01007806,1004,956,48
S01007807,993,924,69
S01007808,974,892,82
S01007809,1360,1255,105
S01007810,1035,978,57
S01007811,947,899,48
S01007812,813,778,35
S01007813,1154,1084,70
S01007814,889,849,40
S01007815,1249,1155,94
S01007816,764,721,43
S01007817,921,884,37
S01007818,972,905,67
S01007819,809,761,48
S01007820,1080,1012,68
S01007821,868,820,48
S01007822,1031,979,52
S01007823,872,780,92
S01007824,1236,1126,110
S01007825,1283,1191,92
S01007826,648,600,48
S01007827,740,667,73
S01007828,1273,1154,119
S01007829,801,728,73
S01007830,1120,1018,102
S01007831,935,869,66
S01007832,928,864,64
S01007833,1073,1020,53
S01007834,811,732,79
S01007835,831,763,68
S01007836,898,818,80
S01007837,1314,1207,107
S01007838,1285,1113,172
S01007839,845,782,63
S01007840,986,913,73
S01007841,968,901,67
S01007842,1231,1138,93
S01007843,1042,939,103
S01007844,1394,1275,119
S01007845,1003,929,74
S01007846,801,763,38
S01007847,1493,1401,92
S01007848,1113,1037,76
S01007849,1023,968,55
S01007850,852,795,57
S01007851,1033,955,78
S01007852,1282,1173,109
S01007853,838,765,73
S01007854,1207,1116,91
S01007855,757,693,64
S01007856,952,871,81
S01007857,483,462,21
S01007858,959,910,49
S01007859,612,575,37
S01007860,252,242,10
S01007861,1181,1100,81
S01007862,1137,1067,70
S01007863,933,885,48
S01007864,988,934,54
S01007865,651,593,58
S01007866,594,532,62
S01007867,529,482,47
S01007868,1401,1264,137
S01007869,1244,1075,169
S01007870,661,577,84
S01007871,1279,1142,137
S01007872,833,774,59
S01007873,777,726,51
S01007874,876,819,57
S01007875,764,657,107
S01007876,790,698,92
S01007877,912,860,52
S01007878,798,744,54
S01007879,1300,1194,106
S01007880,592,489,103
S01007881,644,576,68
S01007882,993,829,164
S01007883,920,813,107
S01007884,890,861,29
S01007885,1077,976,101
S01007886,937,853,84
S01007887,705,628,77
S01007888,1172,1120,52
S01007889,1207,1157,50
S01007890,766,721,45
S01007891,845,784,61
S01007892,1179,1081,98
S01007893,1236,1147,89
S01007894,1084,1040,44
S01007895,798,744,54
S01007896,1163,1102,61
S01007897,757,657,100
S01007898,718,647,71
S01007899,558,509,49
S01007900,632,605,27
S01007901,798,758,40
S01007902,1116,1043,73
S01007903,840,782,58
S01007904,822,713,109
S01007905,867,822,45
S01007906,910,869,41
S01007907,894,851,43
S01007908,1186,1130,56
S01007909,533,509,24
S01007910,1245,1194,51
S01007911,944,893,51
S01007912,897,858,39
S01007913,1240,1179,61
S01007914,901,867,34
S01007915,928,880,48
S01007916,1171,1119,52
S01007917,1380,1306,74
S01007918,1171,1108,63
S01007919,708,649,59
S01007920,611,561,50
S01007921,1275,1213,62
S01007922,1425,1362,63
S01007923,747,696,51
S01007924,1203,1132,71
S01007925,612,530,82
S01007926,748,672,76
S01007927,578,501,77
S01007928,1264,1100,164
S01007929,988,899,89
S01007930,549,487,62
S01007931,1056,932,124
S01007932,944,853,91
S01007933,1317,1209,108
S01007934,685,610,75
S01007935,1137,1021,116
S01007936,922,839,83
S01007937,1241,1141,100
S01007938,878,806,72
S01007939,1068,987,81
S01007940,1681,1544,137
S01007941,674,640,34
S01007942,216,198,18
S01007943,1032,936,96
S01007944,1039,966,73
S01007945,1201,1109,92
S01007946,1053,982,71
S01007947,1097,1016,81
S01007948,842,765,77
S01007949,1042,985,57
S01007950,1057,980,77
S01007951,937,880,57
S01007952,864,793,71
S01007953,1085,1036,49
S01007954,814,769,45
S01007955,1767,1664,103
S01007956,1027,978,49
S01007957,1249,1174,75
S01007958,1120,1062,58
S01007959,1934,1782,152
S01007960,644,616,28
S01007961,1674,1540,134
S01007962,1077,986,91
S01007963,1119,1032,87
S01007964,868,811,57
S01007965,823,771,52
S01007966,1023,955,68
S01007967,902,855,47
S01007968,1117,1065,52
S01007969,869,832,37
S01007970,1115,1040,75
S01007971,1110,1048,62
S01007972,1208,1154,54
S01007973,1077,1011,66
S01007974,1060,987,73
S01007975,730,680,50
S01007976,1026,968,58
S01007977,558,529,29
S01007978,860,789,71
S01007979,805,741,64
S01007980,845,797,48
S01007981,843,790,53
S01007982,755,701,54
S01007983,1523,1436,87
S01007984,939,890,49
S01007985,950,901,49
S01007986,600,563,37
S01007987,1166,1094,72
S01007988,973,929,44
S01007989,828,760,68
S01007990,1231,1087,144
S01007991,699,605,94
S01007992,727,639,88
S01007993,1033,973,60
S01007994,338,271,67
S01007995,794,733,61
S01007996,383,348,35
S01007997,798,705,93
S01007998,675,621,54
S01007999,889,841,48
S01008000,927,886,41
S01008001,958,895,63
S01008002,1138,1057,81
S01008003,730,652,78
S01008004,127,118,9
S01008005,130,114,16
S01008006,619,581,38
S01008007,684,627,57
S01008008,562,520,42
S01008009,815,760,55
S01008010,1112,1027,85
S01008011,761,698,63
S01008012,848,782,66
S01008013,746,697,49
S01008014,779,720,59
S01008015,846,790,56
S01008016,825,789,36
S01008017,969,898,71
S01008018,973,904,69
S01008019,1076,995,81
S01008020,898,828,70
S01008021,691,645,46
S01008022,945,875,70
S01008023,1027,936,91
S01008024,170,157,13
S01008025,929,867,62
S01008026,1323,1263,60
S01008027,955,877,78
S01008028,358,343,15
S01008029,1164,1081,83
S01008030,1018,936,82
S01008031,1088,988,100
S01008032,1298,1209,89
S01008033,1280,1076,204
S01008034,1207,1032,175
S01008035,1073,962,111
S01008036,705,647,58
S01008037,1519,1412,107
S01008038,1103,1025,78
S01008039,1068,996,72
S01008040,814,693,121
S01008041,1000,889,111
S01008042,913,757,156
S01008043,1188,1020,168
S01008044,1211,1023,188
S01008045,1231,1009,222
S01008046,1254,1109,145
S01008047,729,642,87
S01008048,713,625,88
S01008049,1005,869,136
S01008050,680,558,122
S01008051,1285,1140,145
S01008052,855,724,131
S01008053,886,762,124
S01008054,807,676,131
S01008055,906,723,183
S01008056,1286,1082,204
S01008057,1337,1123,214
S01008058,962,757,205
S01008059,770,687,83
S01008060,2129,1824,305
S01008061,1062,928,134
S01008062,1110,1005,105
S01008063,998,840,158
S01008064,1077,964,113
S01008065,1312,1105,207
S01008066,1100,889,211
S01008067,660,539,121
S01008068,1265,1118,147
S01008069,1222,1121,101
S01008070,1248,1168,80
S01008071,1035,934,101
S01008072,899,714,185
S01008073,478,391,87
S01008074,990,889,101
S01008075,620,514,106
S01008076,1032,856,176
S01008077,1094,904,190
S01008078,835,724,111
S01008079,918,822,96
S01008080,817,725,92
S01008081,693,619,74
S01008082,1024,878,146
S01008083,895,732,163
S01008084,939,846,93
S01008085,1286,1132,154
S01008086,1229,1122,107
S01008087,1218,1075,143
S01008088,974,903,71
S01008089,1066,983,83
S01008090,798,705,93
S01008091,597,535,62
S01008092,1087,969,118
S01008093,891,800,91
S01008094,1008,945,63
S01008095,1055,977,78
S01008096,829,772,57
S01008097,805,761,44
S01008098,784,735,49
S01008099,498,467,31
S01008100,1090,978,112
S01008101,1189,1108,81
S01008102,787,731,56
S01008103,682,640,42
S01008104,1165,1093,72
S01008105,1225,1132,93
S01008106,983,917,66
S01008107,576,534,42
S01008108,1059,981,78
S01008109,1027,962,65
S01008110,994,901,93
S01008111,974,892,82
S01008112,1061,970,91
S01008113,1020,942,78
S01008114,950,886,64
S01008115,1015,877,138
S01008116,1593,1434,159
S01008117,876,783,93
S01008118,1727,1590,137
S01008119,792,750,42
S01008120,717,633,84
S01008121,695,624,71
S01008122,1465,1276,189
S01008123,1069,938,131
S01008124,1072,1005,67
S01008125,1249,1102,147
S01008126,1028,948,80
S01008127,532,477,55
S01008128,1181,1071,110
S01008129,949,889,60
S01008130,977,906,71
S01008131,762,710,52
S01008132,1112,1014,98
S01008133,787,730,57
S01008134,696,634,62
S01008135,1443,1323,120
S01008136,1462,1341,121
S01008137,1235,1145,90
S01008138,915,856,59
S01008139,1272,1203,69
S01008140,953,909,44
S01008141,1234,1144,90
S01008142,1092,1015,77
S01008143,1356,1253,103
S01008144,1210,1137,73
S01008145,1158,1118,40
S01008146,782,742,40
S01008147,961,925,36
S01008148,1023,972,51
S01008149,956,914,42
S01008150,1338,1287,51
S01008151,1025,975,50
S01008152,1214,1148,66
S01008153,869,797,72
S01008154,1067,978,89
S01008155,927,842,85
S01008156,1097,1014,83
S01008157,1056,960,96
S01008158,1113,1024,89
S01008159,1181,1118,63
S01008160,1038,974,64
S01008161,1178,1067,111
S01008162,1405,1297,108
S01008163,923,847,76
S01008164,669,618,51
S01008165,268,228,40
S01008166,731,661,70
S01008167,1020,935,85
S01008168,1105,1024,81
S01008169,773,708,65
S01008170,732,658,74
S01008171,949,871,78
S01008172,582,542,40
S01008173,791,719,72
S01008174,581,545,36
S01008175,780,715,65
S01008176,838,674,164
S01008177,846,787,59
S01008178,729,686,43
S01008179,420,378,42
S01008180,518,466,52
S01008181,637,586,51
S01008182,1196,1044,152
S01008183,1118,994,124
S01008184,872,772,100
S01008185,1258,1081,177
S01008186,1035,805,230
S01008187,676,555,121
S01008188,1470,1357,113
S01008189,1014,903,111
S01008190,1087,1015,72
S01008191,862,775,87
S01008192,1207,1000,207
S01008193,943,817,126
S01008194,622,553,69
S01008195,1153,1065,88
S01008196,901,828,73
S01008197,281,256,25
S01008198,723,671,52
S01008199,861,808,53
S01008200,935,878,57
S01008201,1302,1235,67
S01008202,790,718,72
S01008203,548,513,35
S01008204,1031,965,66
S01008205,845,798,47
S01008206,1088,1035,53
S01008207,771,730,41
S01008208,400,378,22
S01008209,194,189,5
S01008210,1417,1278,139
S01008211,993,881,112
S01008212,734,645,89
S01008213,831,755,76
S01008214,804,754,50
S01008215,1114,1016,98
S01008216,883,778,105
S01008217,700,571,129
S01008218,560,508,52
S01008219,1068,978,90
S01008220,682,630,52
S01008221,848,796,52
S01008222,736,696,40
S01008223,593,556,37
S01008224,962,895,67
S01008225,852,803,49
S01008226,823,777,46
S01008227,947,898,49
S01008228,592,539,53
S01008229,843,796,47
S01008230,536,478,58
S01008231,96,88,8
S01008232,295,278,17
S01008233,373,332,41
S01008234,731,658,73
S01008235,937,858,79
S01008236,1105,999,106
S01008237,921,824,97
S01008238,988,889,99
S01008239,607,564,43
S01008240,1449,1170,279
S01008241,1092,859,233
S01008242,1278,1085,193
S01008243,810,681,129
S01008244,830,657,173
S01008245,1173,990,183
S01008246,1344,1081,263
S01008247,865,712,153
S01008248,1228,923,305
S01008249,809,566,243
S01008250,865,650,215
S01008251,881,661,220
S01008252,1107,917,190
S01008253,792,716,76
S01008254,1351,1167,184
S01008255,1123,1007,116
S01008256,1145,1021,124
S01008257,845,723,122
S01008258,1190,1008,182
S01008259,1083,869,214
S01008260,884,763,121
S01008261,1170,990,180
S01008262,813,654,159
S01008263,470,375,95
S01008264,591,512,79
S01008265,645,498,147
S01008266,770,546,224
S01008267,648,504,144
S01008268,692,492,200
S01008269,950,685,265
S01008270,1071,818,253
S01008271,741,567,174
S01008272,925,727,198
S01008273,988,744,244
S01008274,969,864,105
S01008275,771,583,188
S01008276,702,519,183
S01008277,693,485,208
S01008278,816,541,275
S01008279,762,636,126
S01008280,1264,990,274
S01008281,860,625,235
S01008282,638,483,155
S01008283,470,349,121
S01008284,677,579,98
S01008285,759,689,70
S01008286,1390,1179,211
S01008287,1018,812,206
S01008288,1008,816,192
S01008289,779,626,153
S01008290,964,738,226
S01008291,1188,1004,184
S01008292,647,577,70
S01008293,220,171,49
S01008294,385,346,39
S01008295,1193,1108,85
S01008296,713,678,35
S01008297,608,582,26
S01008298,1200,1102,98
S01008299,1078,1014,64
S01008300,911,842,69
S01008301,1140,1044,96
S01008302,844,736,108
S01008303,783,741,42
S01008304,542,493,49
S01008305,874,837,37
S01008306,679,643,36
S01008307,820,763,57
S01008308,642,602,40
S01008309,902,869,33
S01008310,993,941,52
S01008311,623,592,31
S01008312,604,580,24
S01008313,1055,1006,49
S01008314,885,829,56
S01008315,670,627,43
S01008316,918,864,54
S01008317,531,499,32
S01008318,1419,1309,110
S01008319,642,613,29
S01008320,731,680,51
S01008321,801,754,47
S01008322,1662,1573,89
S01008323,934,896,38
S01008324,650,628,22
S01008325,1212,1122,90
S01008326,1053,1001,52
S01008327,1141,1089,52
S01008328,918,815,103
S01008329,1157,996,161
S01008330,1168,977,191
S01008331,752,631,121
S01008332,1105,936,169
S01008333,1098,964,134
S01008334,808,703,105
S01008335,892,820,72
S01008336,906,797,109
S01008337,545,493,52
S01008338,808,686,122
S01008339,590,523,67
S01008340,870,757,113
S01008341,666,566,100
S01008342,1125,975,150
S01008343,1161,988,173
S01008344,709,604,105
S01008345,1270,1094,176
S01008346,1062,910,152
S01008347,1241,1057,184
S01008348,1007,886,121
S01008349,1112,943,169
S01008350,821,736,85
S01008351,1127,1005,122
S01008352,894,789,105
S01008353,408,323,85
S01008354,895,788,107
S01008355,1165,1055,110
S01008356,911,824,87
S01008357,883,812,71
S01008358,916,842,74
S01008359,813,751,62
S01008360,1105,969,136
S01008361,830,755,75
S01008362,1045,948,97
S01008363,844,764,80
S01008364,815,747,68
S01008365,1045,951,94
S01008366,999,915,84
S01008367,906,837,69
S01008368,829,764,65
S01008369,847,782,65
S01008370,663,596,67
S01008371,879,793,86
S01008372,890,817,73
S01008373,1181,1070,111
S01008374,865,794,71
S01008375,784,726,58
S01008376,579,526,53
S01008377,928,851,77
S01008378,978,885,93
S01008379,527,486,41
S01008380,662,617,45
S01008381,1080,999,81
S01008382,923,855,68
S01008383,648,595,53
S01008384,970,896,74
S01008385,635,582,53
S01008386,994,935,59
S01008387,868,830,38
S01008388,628,586,42
S01008389,755,687,68
S01008390,754,697,57
S01008391,766,696,70
S01008392,924,821,103
S01008393,829,748,81
S01008394,1132,1024,108
S01008395,854,765,89
S01008396,906,764,142
S01008397,1052,963,89
S01008398,959,840,119
S01008399,714,632,82
S01008400,1109,977,132
S01008401,1227,1087,140
S01008402,999,857,142
S01008403,952,833,119
S01008404,1148,1023,125
S01008405,960,845,115
S01008406,1202,1010,192
S01008407,539,457,82
S01008408,757,674,83
S01008409,1020,938,82
S01008410,815,682,133
S01008411,1123,1020,103
S01008412,658,562,96
S01008413,557,485,72
S01008414,684,578,106
S01008415,1027,916,111
S01008416,1184,1108,76
S01008417,748,615,133
S01008418,762,618,144
S01008419,521,407,114
S01008420,627,535,92
S01008421,796,719,77
S01008422,959,753,206
S01008423,998,703,295
S01008424,1195,922,273
S01008425,2744,1527,1217
S01008426,1213,1110,103
S01008427,1349,1206,143
S01008428,928,815,113
S01008429,926,804,122
S01008430,1164,1005,159
S01008431,1089,958,131
S01008432,1167,1013,154
S01008433,916,826,90
S01008434,1175,1060,115
S01008435,1187,1044,143
S01008436,934,798,136
S01008437,1169,707,462
S01008438,1021,583,438
S01008439,1076,813,263
S01008440,1176,915,261
S01008441,856,664,192
S01008442,568,418,150
S01008443,631,479,152
S01008444,1109,604,505
S01008445,1321,785,536
S01008446,1696,1229,467
S01008447,704,582,122
S01008448,788,676,112
S01008449,637,506,131
S01008450,428,369,59
S01008451,1054,902,152
S01008452,813,641,172
S01008453,555,446,109
S01008454,1318,1174,144
S01008455,1242,1113,129
S01008456,1024,907,117
S01008457,966,883,83
S01008458,843,776,67
S01008459,805,698,107
S01008460,1135,1019,116
S01008461,943,817,126
S01008462,671,595,76
S01008463,928,828,100
S01008464,991,908,83
S01008465,1019,945,74
S01008466,918,833,85
S01008467,879,790,89
S01008468,1016,907,109
S01008469,574,508,66
S01008470,992,914,78
S01008471,838,753,85
S01008472,707,643,64
S01008473,724,654,70
S01008474,861,772,89
S01008475,826,752,74
S01008476,769,695,74
S01008477,1151,1049,102
S01008478,963,830,133
S01008479,1142,1039,103
S01008480,467,428,39
S01008481,1338,1238,100
S01008482,1212,1112,100
S01008483,907,818,89
S01008484,980,889,91
S01008485,1166,918,248
S01008486,900,803,97
S01008487,498,443,55
S01008488,775,656,119
S01008489,962,812,150
S01008490,1169,1007,162
S01008491,756,630,126
S01008492,531,450,81
S01008493,863,715,148
S01008494,796,624,172
S01008495,989,770,219
S01008496,1113,808,305
S01008497,900,707,193
S01008498,753,595,158
S01008499,1006,697,309
S01008500,326,257,69
S01008501,569,401,168
S01008502,633,450,183
S01008503,876,677,199
S01008504,1403,1090,313
S01008505,1029,779,250
S01008506,1094,788,306
S01008507,845,600,245
S01008508,1085,882,203
S01008509,995,787,208
S01008510,849,749,100
S01008511,1015,826,189
S01008512,1073,876,197
S01008513,1068,716,352
S01008514,836,654,182
S01008515,1033,774,259
S01008516,1633,1242,391
S01008517,963,659,304
S01008518,1197,828,369
S01008519,1129,831,298
S01008520,1245,956,289
S01008521,880,717,163
S01008522,637,440,197
S01008523,294,213,81
S01008524,1212,1067,145
S01008525,971,851,120
S01008526,902,811,91
S01008527,784,692,92
S01008528,740,655,85
S01008529,874,762,112
S01008530,1087,980,107
S01008531,1007,911,96
S01008532,702,601,101
S01008533,524,272,252
S01008534,920,614,306
S01008535,715,594,121
S01008536,726,592,134
S01008537,716,574,142
S01008538,655,540,115
S01008539,1148,926,222
S01008540,1029,856,173
S01008541,1053,877,176
S01008542,1240,1027,213
S01008543,1082,858,224
S01008544,680,542,138
S01008545,782,594,188
S01008546,909,704,205
S01008547,1194,957,237
S01008548,1075,908,167
S01008549,1260,1086,174
S01008550,1063,874,189
S01008551,1014,863,151
S01008552,1163,983,180
S01008553,805,725,80
S01008554,1022,945,77
S01008555,1023,937,86
S01008556,1193,1053,140
S01008557,895,788,107
S01008558,956,844,112
S01008559,819,744,75
S01008560,807,726,81
S01008561,971,876,95
S01008562,798,708,90
S01008563,1280,1114,166
S01008564,1046,939,107
S01008565,1043,904,139
S01008566,1046,967,79
S01008567,705,635,70
S01008568,883,707,176
S01008569,782,680,102
S01008570,1045,952,93
S01008571,907,817,90
S01008572,960,845,115
S01008573,922,714,208
S01008574,1035,885,150
S01008575,842,655,187
S01008576,1020,860,160
S01008577,1235,1038,197
S01008578,1010,806,204
S01008579,890,684,206
S01008580,884,691,193
S01008581,1113,979,134
S01008582,1434,1242,192
S01008583,902,793,109
S01008584,1216,1034,182
S01008585,954,820,134
S01008586,936,822,114
S01008587,884,558,326
S01008588,1046,798,248
S01008589,380,314,66
S01008590,565,397,168
S01008591,1007,689,318
S01008592,953,702,251
S01008593,893,603,290
S01008594,860,551,309
S01008595,1132,945,187
S01008596,970,774,196
S01008597,1093,895,198
S01008598,1138,756,382
S01008599,970,581,389
S01008600,2999,1144,1855
S01008601,2692,877,1815
S01008602,564,279,285
S01008603,1011,526,485
S01008604,995,637,358
S01008605,847,517,330
S01008606,1009,663,346
S01008607,614,409,205
S01008608,793,574,219
S01008609,1064,733,331
S01008610,1185,690,495
S01008611,1230,627,603
S01008612,717,390,327
S01008613,1044,568,476
S01008614,914,435,479
S01008615,880,464,416
S01008616,900,457,443
S01008617,975,474,501
S01008618,748,331,417
S01008619,514,263,251
S01008620,788,342,446
S01008621,870,325,545
S01008622,962,394,568
S01008623,1101,558,543
S01008624,750,536,214
S01008625,603,415,188
S01008626,1086,746,340
S01008627,844,571,273
S01008628,716,440,276
S01008629,1025,684,341
S01008630,652,445,207
S01008631,879,553,326
S01008632,1461,1007,454
S01008633,1128,807,321
S01008634,761,496,265
S01008635,797,488,309
S01008636,873,576,297
S01008637,705,445,260
S01008638,1296,725,571
S01008639,1292,788,504
S01008640,1240,703,537
S01008641,1090,602,488
S01008642,985,559,426
S01008643,1036,602,434
S01008644,623,376,247
S01008645,1014,662,352
S01008646,1239,830,409
S01008647,668,444,224
S01008648,907,668,239
S01008649,1221,843,378
S01008650,947,646,301
S01008651,837,567,270
S01008652,765,552,213
S01008653,711,491,220
S01008654,1137,756,381
S01008655,687,421,266
S01008656,1034,702,332
S01008657,818,522,296
S01008658,1067,698,369
S01008659,1169,759,410
S01008660,1098,572,526
S01008661,1023,632,391
S01008662,964,530,434
S01008663,1011,619,392
S01008664,959,549,410
S01008665,1093,647,446
S01008666,819,369,450
S01008667,947,528,419
S01008668,1001,497,504
S01008669,635,273,362
S01008670,1155,536,619
S01008671,1183,556,627
S01008672,605,324,281
S01008673,801,405,396
S01008674,1048,402,646
S01008675,826,466,360
S01008676,908,495,413
S01008677,742,399,343
S01008678,1071,493,578
S01008679,1071,612,459
S01008680,828,454,374
S01008681,964,647,317
S01008682,884,509,375
S01008683,1630,1022,608
S01008684,2943,1250,1693
S01008685,773,568,205
S01008686,1068,775,293
S01008687,832,573,259
S01008688,889,620,269
S01008689,1248,909,339
S01008690,1017,802,215
S01008691,1237,893,344
S01008692,1003,744,259
S01008693,606,564,42
S01008694,1299,958,341
S01008695,984,783,201
S01008696,703,610,93
S01008697,871,765,106
S01008698,757,661,96
S01008699,1140,989,151
S01008700,678,520,158
S01008701,417,365,52
S01008702,296,256,40
S01008703,757,669,88
S01008704,934,840,94
S01008705,391,335,56
S01008706,770,682,88
S01008707,1123,1041,82
S01008708,816,751,65
S01008709,1137,1031,106
S01008710,371,301,70
S01008711,763,704,59
S01008712,1174,1086,88
S01008713,703,641,62
S01008714,717,642,75
S01008715,818,776,42
S01008716,689,627,62
S01008717,560,478,82
S01008718,608,542,66
S01008719,1110,962,148
S01008720,566,523,43
S01008721,854,749,105
S01008722,1076,941,135
S01008723,767,688,79
S01008724,1002,854,148
S01008725,785,631,154
S01008726,1156,946,210
S01008727,1249,1020,229
S01008728,532,467,65
S01008729,828,654,174
S01008730,1051,803,248
S01008731,558,503,55
S01008732,816,706,110
S01008733,851,730,121
S01008734,850,722,128
S01008735,1178,1011,167
S01008736,710,599,111
S01008737,775,690,85
S01008738,916,822,94
S01008739,634,590,44
S01008740,833,756,77
S01008741,1192,1096,96
S01008742,763,698,65
S01008743,1121,1019,102
S01008744,1060,994,66
S01008745,539,461,78
S01008746,1135,986,149
S01008747,593,530,63
S01008748,1076,963,113
S01008749,1185,1059,126
S01008750,797,729,68
S01008751,1135,1025,110
S01008752,1020,927,93
S01008753,711,656,55
S01008754,732,651,81
S01008755,852,763,89
S01008756,827,744,83
S01008757,714,645,69
S01008758,1013,920,93
S01008759,716,650,66
S01008760,1360,1234,126
S01008761,589,530,59
S01008762,584,537,47
S01008763,901,788,113
S01008764,713,624,89
S01008765,1301,1075,226
S01008766,1435,1254,181
S01008767,891,806,85
S01008768,656,559,97
S01008769,217,166,51
S01008770,76,54,22
S01008771,76,54,22
S01008772,1095,890,205
S01008773,927,756,171
S01008774,845,729,116
S01008775,586,486,100
S01008776,1272,1012,260
S01008777,914,741,173
S01008778,597,410,187
S01008779,411,288,123
S01008780,352,238,114
S01008781,320,211,109
S01008782,510,350,160
S01008783,325,233,92
S01008784,554,393,161
S01008785,846,715,131
S01008786,873,680,193
S01008787,562,474,88
S01008788,405,299,106
S01008789,641,544,97
S01008790,679,504,175
S01008791,392,306,86
S01008792,994,800,194
S01008793,859,678,181
S01008794,832,732,100
S01008795,1016,817,199
S01008796,1014,750,264
S01008797,941,706,235
S01008798,950,752,198
S01008799,237,214,23
S01008800,818,640,178
S01008801,848,640,208
S01008802,1072,817,255
S01008803,1101,865,236
S01008804,732,569,163
S01008805,619,426,193
S01008806,738,543,195
S01008807,1013,734,279
S01008808,732,504,228
S01008809,849,549,300
S01008810,1034,658,376
S01008811,780,462,318
S01008812,896,564,332
S01008813,808,637,171
S01008814,1197,882,315
S01008815,1102,838,264
S01008816,243,201,42
S01008817,664,515,149
S01008818,991,823,168
S01008819,1027,836,191
S01008820,1204,933,271
S01008821,826,662,164
S01008822,851,678,173
S01008823,949,765,184
S01008824,1239,972,267
S01008825,638,520,118
S01008826,689,547,142
S01008827,1050,793,257
S01008828,973,787,186
S01008829,1093,863,230
S01008830,1299,997,302
S01008831,1056,857,199
S01008832,607,418,189
S01008833,1063,782,281
S01008834,1269,912,357
S01008835,1075,942,133
S01008836,536,469,67
S01008837,953,678,275
S01008838,968,680,288
S01008839,1137,819,318
S01008840,1037,753,284
S01008841,441,304,137
S01008842,201,136,65
S01008843,721,447,274
S01008844,439,262,177
S01008845,688,348,340
S01008846,842,459,383
S01008847,701,357,344
S01008848,871,453,418
S01008849,990,468,522
S01008850,1327,705,622
S01008851,1201,761,440
S01008852,1194,616,578
S01008853,557,307,250
S01008854,1030,526,504
S01008855,984,565,419
S01008856,658,393,265
S01008857,1029,616,413
S01008858,1058,649,409
S01008859,909,595,314
S01008860,1317,881,436
S01008861,1026,598,428
S01008862,1095,724,371
S01008863,823,546,277
S01008864,1496,852,644
S01008865,1079,751,328
S01008866,1009,654,355
S01008867,925,578,347
S01008868,1065,564,501
S01008869,1166,728,438
S01008870,1119,700,419
S01008871,1298,778,520
S01008872,1057,610,447
S01008873,802,573,229
S01008874,848,605,243
S01008875,1095,791,304
S01008876,766,636,130
S01008877,766,647,119
S01008878,1249,1090,159
S01008879,872,780,92
S01008880,722,569,153
S01008881,642,494,148
S01008882,1316,921,395
S01008883,1199,891,308
S01008884,842,631,211
S01008885,968,772,196
S01008886,1146,835,311
S01008887,783,653,130
S01008888,1033,571,462
S01008889,549,478,71
S01008890,835,704,131
S01008891,792,656,136
S01008892,1161,935,226
S01008893,1107,927,180
S01008894,1011,812,199
S01008895,776,646,130
S01008896,708,559,149
S01008897,902,708,194
S01008898,1018,841,177
S01008899,866,790,76
S01008900,907,830,77
S01008901,1038,971,67
S01008902,991,920,71
S01008903,1141,1058,83
S01008904,1079,875,204
S01008905,1231,1122,109
S01008906,678,574,104
S01008907,779,726,53
S01008908,938,814,124
S01008909,1179,1083,96
S01008910,763,703,60
S01008911,344,292,52
S01008912,902,764,138
S01008913,532,491,41
S01008914,1185,1093,92
S01008915,630,552,78
S01008916,1339,1226,113
S01008917,653,596,57
S01008918,632,573,59
S01008919,564,508,56
S01008920,225,174,51
S01008921,1007,911,96
S01008922,1304,1200,104
S01008923,943,870,73
S01008924,994,872,122
S01008925,836,724,112
S01008926,368,330,38
S01008927,71,63,8
S01008928,448,412,36
S01008929,1535,1353,182
S01008930,1244,1110,134
S01008931,864,787,77
S01008932,436,386,50
S01008933,660,564,96
S01008934,526,482,44
S01008935,1062,918,144
S01008936,661,531,130
S01008937,721,591,130
S01008938,1007,877,130
S01008939,841,735,106
S01008940,758,604,154
S01008941,824,633,191
S01008942,1248,986,262
S01008943,813,589,224
S01008944,991,765,226
S01008945,1147,847,300
S01008946,746,579,167
S01008947,1166,876,290
S01008948,1070,891,179
S01008949,1337,1173,164
S01008950,1000,894,106
S01008951,1117,1013,104
S01008952,1606,1448,158
S01008953,1180,1074,106
S01008954,972,870,102
S01008955,888,732,156
S01008956,1374,1194,180
S01008957,1177,993,184
S01008958,744,636,108
S01008959,1051,921,130
S01008960,424,344,80
S01008961,1030,862,168
S01008962,744,650,94
S01008963,932,780,152
S01008964,773,660,113
S01008965,762,679,83
S01008966,934,815,119
S01008967,1134,980,154
S01008968,1412,1077,335
S01008969,1050,903,147
S01008970,1125,961,164
S01008971,715,583,132
S01008972,1533,1205,328
S01008973,746,624,122
S01008974,865,733,132
S01008975,864,704,160
S01008976,715,600,115
S01008977,839,747,92
S01008978,724,644,80
S01008979,831,725,106
S01008980,792,710,82
S01008981,829,749,80
S01008982,928,851,77
S01008983,886,793,93
S01008984,519,469,50
S01008985,826,762,64
S01008986,956,882,74
S01008987,1062,981,81
S01008988,871,732,139
S01008989,1059,945,114
S01008990,1218,1072,146
S01008991,1251,1041,210
S01008992,447,384,63
S01008993,1081,856,225
S01008994,1002,893,109
S01008995,1074,889,185
S01008996,783,698,85
S01008997,902,781,121
S01008998,959,836,123
S01008999,1015,917,98
S01009000,1163,1013,150
S01009001,744,630,114
S01009002,789,569,220
S01009003,920,672,248
S01009004,894,764,130
S01009005,972,804,168
S01009006,1413,1195,218
S01009007,927,757,170
S01009008,983,763,220
S01009009,579,503,76
S01009010,1421,1209,212
S01009011,1338,1125,213
S01009012,993,852,141
S01009013,1155,972,183
S01009014,804,749,55
S01009015,540,489,51
S01009016,560,529,31
S01009017,725,673,52
S01009018,777,688,89
S01009019,935,853,82
S01009020,951,780,171
S01009021,736,651,85
S01009022,921,796,125
S01009023,958,822,136
S01009024,1238,1126,112
S01009025,965,831,134
S01009026,1100,946,154
S01009027,834,713,121
S01009028,596,529,67
S01009029,768,687,81
S01009030,994,915,79
S01009031,798,736,62
S01009032,631,566,65
S01009033,816,708,108
S01009034,644,593,51
S01009035,867,794,73
S01009036,871,783,88
S01009037,683,625,58
S01009038,928,829,99
S01009039,1103,1011,92
S01009040,919,849,70
S01009041,1031,899,132
S01009042,881,836,45
S01009043,1270,1161,109
S01009044,1127,1034,93
S01009045,1105,1006,99
S01009046,782,684,98
S01009047,691,610,81
S01009048,745,671,74
S01009049,706,611,95
S01009050,860,792,68
S01009051,878,813,65
S01009052,907,863,44
S01009053,602,563,39
S01009054,713,674,39
S01009055,735,675,60
S01009056,604,560,44
S01009057,733,680,53
S01009058,895,842,53
S01009059,500,449,51
S01009060,456,418,38
S01009061,1021,959,62
S01009062,990,927,63
S01009063,704,650,54
S01009064,728,688,40
S01009065,1225,1158,67
S01009066,774,743,31
S01009067,480,445,35
S01009068,935,885,50
S01009069,920,853,67
S01009070,1014,942,72
S01009071,558,523,35
S01009072,344,323,21
S01009073,887,837,50
S01009074,1097,1040,57
S01009075,709,669,40
S01009076,1217,1132,85
S01009077,796,734,62
S01009078,386,359,27
S01009079,1207,1121,86
S01009080,1560,1485,75
S01009081,1060,1006,54
S01009082,1149,1072,77
S01009083,722,667,55
S01009084,1030,955,75
S01009085,277,264,13
S01009086,709,676,33
S01009087,704,645,59
S01009088,1374,1285,89
S01009089,463,413,50
S01009090,154,142,12
S01009091,211,183,28
S01009092,991,932,59
S01009093,944,883,61
S01009094,923,842,81
S01009095,1548,1441,107
S01009096,467,434,33
S01009097,909,848,61
S01009098,578,537,41
S01009099,905,846,59
S01009100,1253,1161,92
S01009101,1088,1012,76
S01009102,1158,1072,86
S01009103,694,660,34
S01009104,839,798,41
S01009105,683,631,52
S01009106,851,811,40
S01009107,965,901,64
S01009108,951,885,66
S01009109,1109,1039,70
S01009110,881,827,54
S01009111,1140,1032,108
S01009112,620,564,56
S01009113,665,608,57
S01009114,791,732,59
S01009115,877,813,64
S01009116,900,833,67
S01009117,705,666,39
S01009118,661,599,62
S01009119,972,913,59
S01009120,746,701,45
S01009121,1056,989,67
S01009122,977,866,111
S01009123,340,297,43
S01009124,561,505,56
S01009125,822,749,73
S01009126,742,701,41
S01009127,595,557,38
S01009128,1011,961,50
S01009129,683,641,42
S01009130,430,399,31
S01009131,878,829,49
S01009132,939,864,75
S01009133,762,721,41
S01009134,1024,966,58
S01009135,619,566,53
S01009136,328,308,20
S01009137,302,276,26
S01009138,995,901,94
S01009139,675,593,82
S01009140,673,613,60
S01009141,586,531,55
S01009142,674,606,68
S01009143,553,523,30
S01009144,691,642,49
S01009145,1193,1118,75
S01009146,1059,1001,58
S01009147,995,941,54
S01009148,799,756,43
S01009149,563,517,46
S01009150,724,672,52
S01009151,679,621,58
S01009152,805,730,75
S01009153,735,627,108
S01009154,818,714,104
S01009155,623,542,81
S01009156,924,837,87
S01009157,981,910,71
S01009158,890,831,59
S01009159,687,643,44
S01009160,610,560,50
S01009161,887,826,61
S01009162,712,646,66
S01009163,521,469,52
S01009164,1057,1008,49
S01009165,739,662,77
S01009166,962,909,53
S01009167,857,796,61
S01009168,1007,912,95
S01009169,920,873,47
S01009170,710,652,58
S01009171,845,782,63
S01009172,721,648,73
S01009173,883,766,117
S01009174,88,57,31
S01009175,987,851,136
S01009176,883,788,95
S01009177,895,798,97
S01009178,883,793,90
S01009179,986,896,90
S01009180,1017,964,53
S01009181,1216,1104,112
S01009182,1186,1088,98
S01009183,1124,1008,116
S01009184,1230,1119,111
S01009185,1118,1032,86
S01009186,893,843,50
S01009187,840,753,87
S01009188,1105,993,112
S01009189,1127,1061,66
S01009190,826,764,62
S01009191,189,171,18
S01009192,948,880,68
S01009193,380,356,24
S01009194,960,867,93
S01009195,923,847,76
S01009196,754,695,59
S01009197,963,877,86
S01009198,876,778,98
S01009199,736,673,63
S01009200,951,866,85
S01009201,779,714,65
S01009202,606,531,75
S01009203,666,628,38
S01009204,1065,994,71
S01009205,1291,1165,126
S01009206,1138,1041,97
S01009207,968,889,79
S01009208,722,652,70
S01009209,1143,1021,122
S01009210,907,815,92
S01009211,785,714,71
S01009212,947,882,65
S01009213,790,734,56
S01009214,1253,1158,95
S01009215,1155,1062,93
S01009216,1138,1060,78
S01009217,796,761,35
S01009218,1216,1103,113
S01009219,679,637,42
S01009220,629,578,51
S01009221,599,558,41
S01009222,710,670,40
S01009223,510,488,22
S01009224,975,908,67
S01009225,812,766,46
S01009226,1198,1118,80
S01009227,686,654,32
S01009228,797,744,53
S01009229,918,854,64
S01009230,898,826,72
S01009231,1022,966,56
S01009232,700,640,60
S01009233,819,780,39
S01009234,1049,956,93
S01009235,847,780,67
S01009236,712,648,64
S01009237,722,663,59
S01009238,1092,1035,57
S01009239,913,856,57
S01009240,701,644,57
S01009241,1013,938,75
S01009242,986,934,52
S01009243,1298,1142,156
S01009244,876,787,89
S01009245,892,793,99
S01009246,1058,981,77
S01009247,1246,1174,72
S01009248,799,749,50
S01009249,1133,1056,77
S01009250,793,756,37
S01009251,627,586,41
S01009252,477,434,43
S01009253,741,696,45
S01009254,1026,950,76
S01009255,649,593,56
S01009256,627,554,73
S01009257,575,517,58
S01009258,792,690,102
S01009259,787,703,84
S01009260,1175,1107,68
S01009261,840,785,55
S01009262,814,760,54
S01009263,431,387,44
S01009264,818,745,73
S01009265,755,675,80
S01009266,1051,970,81
S01009267,822,753,69
S01009268,724,659,65
S01009269,1180,1089,91
S01009270,764,694,70
S01009271,916,748,168
S01009272,949,904,45
S01009273,939,734,205
S01009274,987,821,166
S01009275,694,580,114
S01009276,1062,870,192
S01009277,746,647,99
S01009278,389,326,63
S01009279,591,508,83
S01009280,939,892,47
S01009281,899,834,65
S01009282,948,759,189
S01009283,602,506,96
S01009284,805,683,122
S01009285,961,824,137
S01009286,972,832,140
S01009287,888,671,217
S01009288,869,672,197
S01009289,929,800,129
S01009290,673,565,108
S01009291,1204,1013,191
S01009292,531,484,47
S01009293,661,585,76
S01009294,654,573,81
S01009295,830,745,85
S01009296,953,847,106
S01009297,1004,875,129
S01009298,1208,1071,137
S01009299,1008,877,131
S01009300,615,534,81
S01009301,1093,955,138
S01009302,970,867,103
S01009303,835,725,110
S01009304,1306,1178,128
S01009305,974,863,111
S01009306,1121,981,140
S01009307,1216,1029,187
S01009308,809,669,140
S01009309,604,499,105
S01009310,956,777,179
S01009311,1033,936,97
S01009312,1002,847,155
S01009313,683,614,69
S01009314,988,845,143
S01009315,697,607,90
S01009316,917,789,128
S01009317,1030,877,153
S01009318,1052,895,157
S01009319,1006,870,136
S01009320,881,773,108
S01009321,558,507,51
S01009322,710,621,89
S01009323,968,845,123
S01009324,652,593,59
S01009325,546,476,70
S01009326,371,314,57
S01009327,675,598,77
S01009328,102,73,29
S01009330,157,133,24
S01009331,250,180,70
S01009332,862,717,145
S01009333,998,882,116
S01009334,647,588,59
S01009335,865,786,79
S01009336,616,552,64
S01009337,986,876,110
S01009338,778,658,120
S01009339,1011,895,116
S01009340,1066,976,90
S01009341,1072,970,102
S01009342,954,853,101
S01009343,596,514,82
S01009344,785,694,91
S01009345,1287,1090,197
S01009346,164,131,33
S01009347,293,237,56
S01009348,239,202,37
S01009349,126,102,24
S01009350,186,161,25
S01009351,75,71,4
S01009352,76,74,2
S01009353,397,332,65
S01009354,290,233,57
S01009355,1010,855,155
S01009356,1059,892,167
S01009357,482,366,116
S01009358,334,252,82
S01009359,255,200,55
S01009360,821,685,136
S01009361,891,727,164
S01009362,1239,1035,204
S01009363,1044,894,150
S01009364,854,727,127
S01009365,733,614,119
S01009366,925,774,151
S01009367,801,714,87
S01009368,834,722,112
S01009369,1057,921,136
S01009370,928,801,127
S01009371,551,456,95
S01009372,653,574,79
S01009373,976,856,120
S01009374,922,794,128
S01009375,777,678,99
S01009376,920,816,104
S01009377,846,594,252
S01009378,1092,907,185
S01009379,221,180,41
S01009380,709,435,274
S01009381,692,569,123
S01009382,1322,1168,154
S01009383,987,829,158
S01009384,579,424,155
S01009385,758,591,167
S01009386,1126,988,138
S01009387,986,815,171
S01009388,1220,1084,136
S01009389,960,807,153
S01009390,783,567,216
S01009391,828,624,204
S01009392,521,406,115
S01009393,831,671,160
S01009394,809,621,188
S01009395,1133,788,345
S01009396,779,516,263
S01009397,741,561,180
S01009398,1223,987,236
S01009399,1128,896,232
S01009400,1002,833,169
S01009401,1060,775,285
S01009402,846,617,229
S01009403,844,669,175
S01009404,718,643,75
S01009405,752,660,92
S01009406,1015,931,84
S01009407,492,440,52
S01009408,494,435,59
S01009409,911,843,68
S01009410,909,852,57
S01009411,1440,1346,94
S01009412,922,863,59
S01009413,1302,1206,96
S01009414,835,778,57
S01009415,1130,1040,90
S01009416,665,612,53
S01009417,400,352,48
S01009418,1196,1117,79
S01009419,1026,953,73
S01009420,829,779,50
S01009421,709,671,38
S01009422,1156,1066,90
S01009423,264,226,38
S01009424,745,681,64
S01009425,853,787,66
S01009426,1053,995,58
S01009427,622,584,38
S01009428,624,578,46
S01009429,924,878,46
S01009430,728,688,40
S01009431,998,917,81
S01009432,1159,1090,69
S01009433,924,878,46
S01009434,575,536,39
S01009435,1072,1021,51
S01009436,615,576,39
S01009437,915,863,52
S01009438,1120,1039,81
S01009439,1192,1111,81
S01009440,944,873,71
S01009441,940,862,78
S01009442,704,643,61
S01009443,913,845,68
S01009444,801,724,77
S01009445,1036,979,57
S01009446,1011,941,70
S01009447,786,741,45
S01009448,655,623,32
S01009449,707,672,35
S01009450,697,662,35
S01009451,1274,1223,51
S01009452,861,813,48
S01009453,1010,941,69
S01009454,1157,887,270
S01009455,1419,1056,363
S01009456,881,820,61
S01009457,798,652,146
S01009458,638,533,105
S01009459,1002,883,119
S01009460,793,691,102
S01009461,181,149,32
S01009462,682,602,80
S01009463,1118,970,148
S01009464,897,800,97
S01009465,648,581,67
S01009466,840,721,119
S01009467,849,713,136
S01009468,725,644,81
S01009469,815,688,127
S01009470,854,711,143
S01009471,797,717,80
S01009472,1175,1033,142
S01009473,776,685,91
S01009474,810,727,83
S01009475,203,170,33
S01009476,435,351,84
S01009477,1095,950,145
S01009478,920,816,104
S01009479,887,775,112
S01009480,1061,962,99
S01009481,865,762,103
S01009482,684,572,112
S01009483,743,648,95
S01009484,1269,1127,142
S01009485,790,713,77
S01009486,771,710,61
S01009487,1226,1132,94
S01009488,978,878,100
S01009489,867,815,52
S01009490,895,841,54
S01009491,637,596,41
S01009492,943,897,46
S01009493,1250,1045,205
S01009494,1255,1080,175
S01009495,941,823,118
S01009496,849,800,49
S01009497,1101,1019,82
S01009498,662,591,71
S01009499,834,759,75
S01009500,869,811,58
S01009501,836,778,58
S01009502,1078,1016,62
S01009503,1068,1012,56
S01009504,888,830,58
S01009505,920,852,68
S01009506,1215,1140,75
S01009507,789,717,72
S01009508,1181,1103,78
S01009509,1056,987,69
S01009510,888,796,92
S01009511,1020,904,116
S01009512,1089,992,97
S01009513,863,783,80
S01009514,960,882,78
S01009515,869,809,60
S01009516,1194,1112,82
S01009517,81,77,4
S01009518,285,261,24
S01009519,777,707,70
S01009520,990,875,115
S01009521,907,834,73
S01009522,1028,949,79
S01009523,893,824,69
S01009524,782,688,94
S01009525,595,534,61
S01009526,407,333,74
S01009527,774,689,85
S01009528,739,651,88
S01009529,1164,1070,94
S01009530,897,813,84
S01009531,1094,1038,56
S01009532,1059,976,83
S01009533,876,792,84
S01009534,751,671,80
S01009535,899,841,58
S01009536,567,504,63
S01009537,604,545,59
S01009538,1064,944,120
S01009539,1091,1016,75
S01009540,1080,985,95
S01009541,1143,1063,80
S01009542,879,827,52
S01009543,849,785,64
S01009544,932,863,69
S01009545,800,722,78
S01009546,750,686,64
S01009547,828,765,63
S01009548,1015,936,79
S01009549,1066,1000,66
S01009550,669,579,90
S01009551,728,642,86
S01009552,1345,1214,131
S01009553,1126,1020,106
S01009554,863,764,99
S01009555,939,802,137
S01009556,1075,930,145
S01009557,1019,904,115
S01009558,752,643,109
S01009559,1303,1141,162
S01009560,861,751,110
S01009561,783,673,110
S01009562,1169,1052,117
S01009563,937,838,99
S01009564,719,646,73
S01009565,640,571,69
S01009566,1098,941,157
S01009567,1076,955,121
S01009568,939,854,85
S01009569,1080,986,94
S01009570,639,563,76
S01009571,794,710,84
S01009572,1083,972,111
S01009573,754,664,90
S01009574,1058,959,99
S01009575,878,770,108
S01009576,670,564,106
S01009577,921,815,106
S01009578,1130,1000,130
S01009579,321,288,33
S01009580,626,545,81
S01009581,810,730,80
S01009582,578,530,48
S01009583,853,756,97
S01009584,353,305,48
S01009585,1320,1181,139
S01009586,1145,1015,130
S01009587,979,883,96
S01009588,1133,1024,109
S01009589,1184,1077,107
S01009590,584,507,77
S01009591,886,755,131
S01009592,840,700,140
S01009593,634,554,80
S01009594,670,582,88
S01009595,405,362,43
S01009596,1125,984,141
S01009597,1193,1048,145
S01009598,778,682,96
S01009599,1306,1139,167
S01009600,1053,923,130
S01009601,938,833,105
S01009602,713,600,113
S01009603,833,695,138
S01009604,834,743,91
S01009605,1020,894,126
S01009606,280,230,50
S01009607,506,442,64
S01009608,610,562,48
S01009609,1009,915,94
S01009610,1056,999,57
S01009611,478,422,56
S01009612,569,538,31
S01009613,523,483,40
S01009614,631,575,56
S01009615,629,587,42
S01009616,1221,1134,87
S01009617,766,724,42
S01009618,1013,933,80
S01009619,776,732,44
S01009620,975,915,60
S01009621,975,903,72
S01009622,953,893,60
S01009623,843,806,37
S01009624,1008,962,46
S01009625,1295,1235,60
S01009626,842,792,50
S01009627,978,935,43
S01009628,645,619,26
S01009629,1228,1163,65
S01009630,851,811,40
S01009631,814,745,69
S01009632,742,681,61
S01009633,747,694,53
S01009634,781,730,51
S01009635,1315,1237,78
S01009636,974,908,66
S01009637,870,818,52
S01009638,719,644,75
S01009639,1010,888,122
S01009640,749,698,51
S01009641,843,761,82
S01009642,1036,916,120
S01009643,215,205,10
S01009644,603,567,36
S01009645,920,869,51
S01009646,773,731,42
S01009647,659,613,46
S01009648,1197,1117,80
S01009649,1079,999,80
S01009650,787,727,60
S01009651,968,777,191
S01009652,1132,980,152
S01009653,842,736,106
S01009654,596,546,50
S01009655,1044,966,78
S01009656,875,822,53
S01009657,935,847,88
S01009658,1024,964,60
S01009659,705,645,60
S01009660,941,851,90
S01009661,899,782,117
S01009662,849,735,114
S01009663,773,667,106
S01009664,1062,895,167
S01009665,1230,1074,156
S01009666,1191,1032,159
S01009667,409,350,59
S01009668,458,418,40
S01009669,594,525,69
S01009670,875,759,116
S01009671,820,693,127
S01009672,1206,1045,161
S01009673,861,718,143
S01009674,1088,906,182
S01009675,960,834,126
S01009676,1463,1284,179
S01009677,683,529,154
S01009678,604,561,43
S01009679,1014,895,119
S01009680,1054,932,122
S01009681,946,823,123
S01009682,753,630,123
S01009683,895,722,173
S01009684,930,727,203
S01009685,1209,1045,164
S01009686,1098,906,192
S01009687,1047,861,186
S01009688,1251,1067,184
S01009689,550,447,103
S01009690,769,607,162
S01009691,606,480,126
S01009692,1183,953,230
S01009693,815,586,229
S01009694,1161,940,221
S01009695,1044,786,258
S01009696,1057,824,233
S01009697,801,598,203
S01009698,687,472,215
S01009699,733,614,119
S01009700,699,578,121
S01009701,944,801,143
S01009702,608,463,145
S01009703,991,848,143
S01009704,1297,1098,199
S01009705,785,708,77
S01009706,885,735,150
S01009707,642,532,110
S01009708,696,605,91
S01009709,865,755,110
S01009710,483,390,93
S01009711,998,854,144
S01009712,676,535,141
S01009713,904,736,168
S01009714,898,671,227
S01009715,819,631,188
S01009716,1255,931,324
S01009717,1184,817,367
S01009718,952,805,147
S01009719,1024,869,155
S01009720,861,718,143
S01009721,842,220,622
S01009722,1117,505,612
S01009723,796,354,442
S01009724,1083,812,271
S01009725,942,594,348
S01009726,906,336,570
S01009727,1049,635,414
S01009728,827,592,235
S01009729,1039,758,281
S01009730,1011,724,287
S01009731,906,645,261
S01009732,1450,741,709
S01009733,1067,563,504
S01009734,1809,1064,745
S01009735,823,549,274
S01009736,1641,659,982
S01009737,781,495,286
S01009738,524,429,95
S01009739,470,212,258
S01009740,755,536,219
S01009741,963,407,556
S01009742,492,377,115
S01009743,1203,960,243
S01009744,721,532,189
S01009745,881,676,205
S01009746,795,591,204
S01009747,947,778,169
S01009748,792,666,126
S01009749,980,845,135
S01009750,739,653,86
S01009751,1056,912,144
S01009752,835,633,202
S01009753,736,577,159
S01009754,1430,1120,310
S01009755,691,563,128
S01009756,862,672,190
S01009757,773,637,136
S01009758,1130,1041,89
S01009759,1211,1160,51
S01009760,1052,1011,41
S01009761,1003,911,92
S01009762,976,927,49
S01009763,451,382,69
S01009764,952,882,70
S01009765,1031,938,93
S01009766,996,936,60
S01009767,801,749,52
S01009768,514,500,14
S01009769,1001,953,48
S01009770,874,722,152
S01009771,896,724,172
S01009772,799,750,49
S01009773,156,153,3
S01009774,108,98,10
S01009775,928,901,27
S01009776,1053,1023,30
S01009777,673,635,38
S01009778,1141,1086,55
S01009779,716,695,21
S01009780,936,890,46
S01009781,863,828,35
S01009782,542,509,33
S01009783,516,491,25
S01009784,1052,1018,34
S01009785,1067,1000,67
S01009786,1141,1105,36
S01009787,964,930,34
S01009788,1300,1235,65
S01009789,1157,1101,56
S01009790,940,896,44
S01009791,810,786,24
S01009792,239,220,19
S01009793,914,854,60
S01009794,368,339,29
S01009795,855,751,104
S01009796,746,712,34
S01009797,572,542,30
S01009798,970,907,63
S01009799,1535,1469,66
S01009800,1306,1243,63
S01009801,1325,1271,54
S01009802,957,917,40
S01009803,893,866,27
S01009804,414,401,13
S01009805,800,775,25
S01009806,1173,1109,64
S01009807,942,896,46
S01009808,1317,1237,80
S01009809,1133,1076,57
S01009810,920,875,45
S01009811,1263,1207,56
S01009812,914,864,50
S01009813,1128,1051,77
S01009814,1134,1090,44
S01009815,1059,1002,57
S01009816,1181,1124,57
S01009817,856,816,40
S01009818,925,885,40
S01009819,1145,1082,63
S01009820,1018,961,57
S01009821,862,817,45
S01009822,933,879,54
S01009823,1157,1097,60
S01009824,843,810,33
S01009825,1214,1146,68
S01009826,824,778,46
S01009827,900,866,34
S01009828,1283,1219,64
S01009829,1241,1192,49
S01009830,1007,957,50
S01009831,1264,1210,54
S01009832,1090,1037,53
S01009833,660,611,49
S01009834,693,664,29
S01009835,623,602,21
S01009836,756,723,33
S01009837,805,773,32
S01009838,777,729,48
S01009839,1081,1009,72
S01009840,1025,983,42
S01009841,1165,1090,75
S01009842,959,886,73
S01009843,560,529,31
S01009844,730,676,54
S01009845,1046,974,72
S01009846,1050,981,69
S01009847,571,542,29
S01009848,902,866,36
S01009849,1087,1028,59
S01009850,966,922,44
S01009851,1060,997,63
S01009852,582,535,47
S01009853,935,876,59
S01009854,789,765,24
S01009855,758,716,42
S01009856,584,548,36
S01009857,826,780,46
S01009858,965,913,52
S01009859,1140,1063,77
S01009860,988,927,61
S01009861,1571,1397,174
S01009862,1079,959,120
S01009863,987,834,153
S01009864,973,892,81
S01009865,655,561,94
S01009866,986,867,119
S01009867,992,823,169
S01009868,1086,891,195
S01009869,1043,745,298
S01009870,1012,829,183
S01009871,1048,899,149
S01009872,884,682,202
S01009873,926,761,165
S01009874,1036,896,140
S01009875,561,388,173
S01009876,983,826,157
S01009877,843,614,229
S01009878,832,502,330
S01009879,1177,928,249
S01009880,1160,846,314
S01009881,824,462,362
S01009882,570,441,129
S01009883,865,504,361
S01009884,961,611,350
S01009885,920,544,376
S01009886,798,511,287
S01009887,973,719,254
S01009888,821,513,308
S01009889,1132,842,290
S01009890,758,639,119
S01009891,696,581,115
S01009892,1081,919,162
S01009893,1003,705,298
S01009894,996,838,158
S01009895,932,775,157
S01009896,1258,1057,201
S01009897,1275,1071,204
S01009898,894,786,108
S01009899,1074,928,146
S01009900,1127,923,204
S01009901,999,836,163
S01009902,1100,952,148
S01009903,1155,819,336
S01009904,756,593,163
S01009905,718,519,199
S01009906,701,546,155
S01009907,1161,910,251
S01009908,1178,951,227
S01009909,852,679,173
S01009910,798,580,218
S01009911,1251,1004,247
S01009912,1015,737,278
S01009913,913,646,267
S01009914,947,782,165
S01009915,908,710,198
S01009916,1224,902,322
S01009917,816,658,158
S01009918,994,860,134
S01009919,1078,939,139
S01009920,1097,902,195
S01009921,805,652,153
S01009922,1207,987,220
S01009923,1014,842,172
S01009924,1084,879,205
S01009925,1138,928,210
S01009926,906,766,140
S01009927,553,490,63
S01009928,752,631,121
S01009929,578,462,116
S01009930,976,796,180
S01009931,839,696,143
S01009932,811,691,120
S01009933,1212,1091,121
S01009934,889,792,97
S01009935,687,640,47
S01009936,1167,1030,137
S01009937,776,661,115
S01009938,1057,930,127
S01009939,1121,1004,117
S01009940,926,889,37
S01009941,1176,987,189
S01009942,1119,1042,77
S01009943,1332,1281,51
S01009944,1053,910,143
S01009945,1137,1063,74
S01009946,1008,948,60
S01009947,928,844,84
S01009948,1247,1137,110
S01009949,1041,966,75
S01009950,788,680,108
S01009951,931,813,118
S01009952,1106,993,113
S01009953,1212,1078,134
S01009954,838,701,137
S01009955,1167,1034,133
S01009956,887,808,79
S01009957,1372,1192,180
S01009958,1276,1136,140
S01009959,895,805,90
S01009960,1206,1085,121
S01009961,722,648,74
S01009962,999,908,91
S01009963,1274,1177,97
S01009964,1240,1065,175
S01009965,1028,971,57
S01009966,1262,1186,76
S01009967,1046,943,103
S01009968,661,604,57
S01009969,1277,1152,125
S01009970,1117,1060,57
S01009971,1042,1001,41
S01009972,761,713,48
S01009973,300,293,7
S01009974,927,902,25
S01009975,835,805,30
S01009976,749,723,26
S01009977,889,861,28
S01009978,906,861,45
S01009979,806,766,40
S01009980,527,507,20
S01009981,787,756,31
S01009982,692,664,28
S01009983,680,654,26
S01009984,988,950,38
S01009985,652,633,19
S01009986,693,652,41
S01009987,850,810,40
S01009988,671,636,35
S01009989,1108,1031,77
S01009990,1045,976,69
S01009991,1030,971,59
S01009992,1057,1004,53
S01009993,859,804,55
S01009994,763,724,39
S01009995,679,639,40
S01009996,925,873,52
S01009997,707,670,37
S01009998,968,857,111
S01009999,951,873,78
S01010000,981,886,95
S01010001,798,724,74
S01010002,1474,1344,130
S01010003,1044,994,50
S01010004,963,879,84
S01010005,980,893,87
S01010006,1210,1072,138
S01010007,952,862,90
S01010008,562,502,60
S01010009,699,633,66
S01010010,1509,1368,141
S01010011,831,740,91
S01010012,1711,1571,140
S01010013,1018,927,91
S01010014,1306,1095,211
S01010015,892,702,190
S01010016,777,703,74
S01010017,988,915,73
S01010018,977,903,74
S01010019,1241,1144,97
S01010020,1014,906,108
S01010021,783,724,59
S01010022,298,263,35
S01010023,950,874,76
S01010024,626,567,59
S01010025,696,633,63
S01010026,783,719,64
S01010027,970,849,121
S01010028,478,449,29
S01010029,619,568,51
S01010030,458,393,65
S01010031,597,460,137
S01010032,481,356,125
S01010033,926,801,125
S01010034,1012,896,116
S01010035,650,551,99
S01010036,367,249,118
S01010037,1016,973,43
S01010038,1272,1208,64
S01010039,510,402,108
S01010040,539,455,84
S01010041,780,643,137
S01010042,526,478,48
S01010043,975,902,73
S01010044,1156,1107,49
S01010045,875,839,36
S01010046,1101,1053,48
S01010047,1115,1085,30
S01010048,1223,1173,50
S01010049,891,865,26
S01010050,822,809,13
S01010051,797,765,32
S01010052,598,573,25
S01010053,542,526,16
S01010054,788,773,15
S01010055,1161,1083,78
S01010056,530,511,19
S01010057,452,440,12
S01010058,964,942,22
S01010059,706,674,32
S01010060,986,926,60
S01010061,450,434,16
S01010062,812,770,42
S01010063,1197,1144,53
S01010064,833,814,19
S01010065,927,909,18
S01010066,792,763,29
S01010067,946,913,33
S01010068,363,348,15
S01010069,1119,1060,59
S01010070,752,711,41
S01010071,921,871,50
S01010072,1129,1090,39
S01010073,1071,1032,39
S01010074,1104,1064,40
S01010075,919,897,22
S01010076,969,935,34
S01010077,819,796,23
S01010078,779,737,42
S01010079,1017,974,43
S01010080,914,877,37
S01010081,1262,1204,58
S01010082,727,688,39
S01010083,1144,1092,52
S01010084,1210,1169,41
S01010085,1310,1251,59
S01010086,1125,1086,39
S01010087,697,673,24
S01010088,252,238,14
S01010089,916,872,44
S01010090,1096,1046,50
S01010091,747,701,46
S01010092,1176,1142,34
S01010093,937,884,53
S01010094,1352,1301,51
S01010095,1345,1290,55
S01010096,862,803,59
S01010097,784,740,44
S01010098,784,752,32
S01010099,1070,1016,54
S01010100,1030,968,62
S01010101,1200,1145,55
S01010102,784,718,66
S01010103,902,862,40
S01010104,846,811,35
S01010105,902,883,19
S01010106,758,737,21
S01010107,1073,1033,40
S01010108,838,807,31
S01010109,1199,1156,43
S01010110,1194,1159,35
S01010111,1197,1177,20
S01010112,918,893,25
S01010113,611,596,15
S01010114,739,720,19
S01010115,731,697,34
S01010116,905,867,38
S01010117,245,225,20
S01010118,818,795,23
S01010119,328,316,12
S01010120,878,854,24
S01010121,699,682,17
S01010122,625,608,17
S01010123,611,591,20
S01010124,795,762,33
S01010125,560,539,21
S01010126,701,666,35
S01010127,552,532,20
S01010128,822,793,29
S01010129,870,838,32
S01010130,824,796,28
S01010131,1214,1171,43
S01010132,1027,994,33
S01010133,1003,977,26
S01010134,1345,1283,62
S01010135,1203,1160,43
S01010136,1071,1025,46
S01010137,1294,1253,41
S01010138,1069,1025,44
S01010139,1196,1153,43
S01010140,1039,988,51
S01010141,1206,1171,35
S01010142,709,684,25
S01010143,832,807,25
S01010144,778,736,42
S01010145,709,666,43
S01010146,1160,1104,56
S01010147,947,909,38
S01010148,921,889,32
S01010149,452,420,32
S01010150,1055,1020,35
S01010151,1071,1035,36
S01010152,851,829,22
S01010153,1049,1011,38
S01010154,1122,1080,42
S01010155,748,726,22
S01010156,700,669,31
S01010157,885,862,23
S01010158,954,921,33
S01010159,789,769,20
S01010160,646,626,20
S01010161,910,889,21
S01010162,1024,997,27
S01010163,853,820,33
S01010164,858,799,59
S01010165,650,630,20
S01010166,1130,1106,24
S01010167,950,915,35
S01010168,505,490,15
S01010169,915,895,20
S01010170,1000,972,28
S01010171,1003,964,39
S01010172,718,679,39
S01010173,1173,1136,37
S01010174,1219,1171,48
S01010175,500,479,21
S01010176,1034,989,45
S01010177,720,694,26
S01010178,885,843,42
S01010179,1245,1213,32
S01010180,462,447,15
S01010181,1161,1129,32
S01010182,1185,1036,149
S01010183,824,788,36
S01010184,670,654,16
S01010185,762,733,29
S01010186,713,573,140
S01010187,863,823,40
S01010188,1207,1132,75
S01010189,874,759,115
S01010190,277,218,59
S01010191,752,679,73
S01010192,872,749,123
S01010193,1008,911,97
S01010194,798,761,37
S01010195,1001,960,41
S01010196,829,805,24
S01010197,949,912,37
S01010198,1241,1189,52
S01010199,697,676,21
S01010200,725,696,29
S01010201,799,766,33
S01010202,785,733,52
S01010203,698,652,46
S01010204,1159,1133,26
S01010205,745,718,27
S01010206,516,452,64
S01010207,673,602,71
S01010208,1091,1029,62
S01010209,960,906,54
S01010210,1054,1011,43
S01010211,924,895,29
S01010212,1095,1041,54
S01010213,1085,1058,27
S01010214,1072,967,105
S01010215,961,922,39
S01010216,1008,960,48
S01010217,969,900,69
S01010218,1127,1037,90
S01010219,820,633,187
S01010220,313,252,61
S01010221,498,479,19
S01010222,729,703,26
S01010223,716,666,50
S01010224,1099,1053,46
S01010225,734,689,45
S01010226,815,620,195
S01010227,1047,809,238
S01010228,691,675,16
S01010229,975,939,36
S01010230,1226,1078,148
S01010231,731,687,44
S01010232,718,678,40
S01010233,1526,1379,147
S01010234,921,829,92
S01010235,184,165,19
S01010236,775,633,142
S01010237,1052,916,136
S01010238,1008,914,94
S01010239,1026,973,53
S01010240,1213,1127,86
S01010241,1001,913,88
S01010242,1196,1125,71
S01010243,1375,1288,87
S01010244,990,943,47
S01010245,1022,1003,19
S01010246,1125,1072,53
S01010247,879,820,59
S01010248,969,817,152
S01010249,1093,968,125
S01010250,934,792,142
S01010251,254,216,38
S01010252,585,483,102
S01010253,812,762,50
S01010254,985,928,57
S01010255,881,837,44
S01010256,1124,1070,54
S01010257,1622,842,780
S01010258,1048,576,472
S01010259,1761,1337,424
S01010260,1368,777,591
S01010261,2195,1652,543
S01010262,1182,1032,150
S01010263,636,441,195
S01010264,733,597,136
S01010265,393,288,105
S01010266,809,547,262
S01010267,741,443,298
S01010268,1031,691,340
S01010269,956,691,265
S01010270,1152,1036,116
S01010271,752,484,268
S01010272,355,302,53
S01010273,276,202,74
S01010274,244,175,69
S01010275,310,240,70
S01010276,120,87,33
S01010277,584,524,60
S01010278,1326,1081,245
S01010279,632,445,187
S01010280,861,621,240
S01010281,552,412,140
S01010282,1037,819,218
S01010283,755,515,240
S01010284,1225,908,317
S01010285,1193,772,421
S01010286,1407,752,655
S01010287,1353,856,497
S01010288,1067,662,405
S01010289,272,172,100
S01010290,774,515,259
S01010291,1049,704,345
S01010292,1303,767,536
S01010293,807,510,297
S01010294,1075,634,441
S01010295,924,574,350
S01010296,860,570,290
S01010297,916,746,170
S01010298,1018,827,191
S01010299,621,490,131
S01010300,1451,1113,338
S01010301,528,386,142
S01010302,800,665,135
S01010303,635,483,152
S01010304,778,695,83
S01010305,1101,942,159
S01010306,752,617,135
S01010307,866,643,223
S01010308,895,626,269
S01010309,702,672,30
S01010310,837,809,28
S01010311,968,936,32
S01010312,744,720,24
S01010313,1239,1191,48
S01010314,1151,1053,98
S01010315,612,577,35
S01010316,611,557,54
S01010317,1279,887,392
S01010318,1489,876,613
S01010319,761,696,65
S01010320,696,629,67
S01010321,1142,960,182
S01010322,1262,903,359
S01010323,632,602,30
S01010324,1013,987,26
S01010325,1044,1020,24
S01010326,924,896,28
S01010327,825,777,48
S01010328,768,751,17
S01010329,523,506,17
S01010330,809,787,22
S01010331,1386,1341,45
S01010332,1152,1110,42
S01010333,961,914,47
S01010334,1003,956,47
S01010335,1218,1180,38
S01010336,904,856,48
S01010337,1067,1014,53
S01010338,1025,973,52
S01010339,1075,1024,51
S01010340,904,866,38
S01010341,877,837,40
S01010342,884,831,53
S01010343,1153,1070,83
S01010344,1040,1005,35
S01010345,274,245,29
S01010346,1202,1051,151
S01010347,958,839,119
S01010348,1146,1091,55
S01010349,1214,1146,68
S01010350,1286,1216,70
S01010351,750,712,38
S01010352,848,789,59
S01010353,1087,1033,54
S01010354,633,582,51
S01010355,1125,1027,98
S01010356,586,504,82
S01010357,672,613,59
S01010358,939,905,34
S01010359,1333,1266,67
S01010360,670,620,50
S01010361,591,534,57
S01010362,974,810,164
S01010363,763,631,132
S01010364,1208,1018,190
S01010365,1219,1024,195
S01010366,1318,1116,202
S01010367,1372,906,466
S01010368,914,712,202
S01010369,849,662,187
S01010370,818,554,264
S01010371,1145,753,392
S01010372,964,667,297
S01010373,776,582,194
S01010374,908,624,284
S01010375,921,627,294
S01010376,940,612,328
S01010377,839,523,316
S01010378,928,569,359
S01010379,1315,857,458
S01010380,1104,826,278
S01010381,541,440,101
S01010382,915,708,207
S01010383,831,690,141
S01010384,1270,956,314
S01010385,925,753,172
S01010386,963,810,153
S01010387,1261,1040,221
S01010388,939,844,95
S01010389,85,78,7
S01010390,1166,987,179
S01010391,1088,919,169
S01010392,211,197,14
S01010393,1390,1145,245
S01010394,943,834,109
S01010395,1138,945,193
S01010396,1001,813,188
S01010397,845,630,215
S01010398,974,770,204
S01010399,1454,1039,415
S01010400,979,703,276
S01010401,783,579,204
S01010402,1187,858,329
S01010403,1084,838,246
S01010404,1267,949,318
S01010405,1203,895,308
S01010406,902,623,279
S01010407,1107,768,339
S01010408,693,615,78
S01010409,1160,989,171
S01010410,556,438,118
S01010411,1502,1315,187
S01010412,997,806,191
S01010413,801,669,132
S01010414,1166,994,172
S01010415,1148,1030,118
S01010416,604,520,84
S01010417,551,466,85
S01010418,1209,1027,182
S01010419,1548,1292,256
S01010420,1189,1036,153
S01010421,910,817,93
S01010422,1140,1025,115
S01010423,918,847,71
S01010424,760,717,43
S01010425,979,875,104
S01010426,1111,983,128
S01010427,1173,927,246
S01010428,1624,1470,154
S01010429,897,778,119
S01010430,1064,979,85
S01010431,1051,928,123
S01010432,897,837,60
S01010433,855,674,181
S01010434,904,834,70
S01010435,767,741,26
S01010436,795,741,54
S01010437,540,515,25
S01010438,724,686,38
S01010439,953,894,59
S01010440,1180,1069,111
S01010441,578,529,49
S01010442,783,741,42
S01010443,786,759,27
S01010444,699,657,42
S01010445,1118,1001,117
S01010446,915,881,34
S01010447,1190,1116,74
S01010448,1094,1024,70
S01010449,1017,961,56
S01010450,955,887,68
S01010451,1084,995,89
S01010452,885,836,49
S01010453,1132,1049,83
S01010454,1161,1103,58
S01010455,961,900,61
S01010456,661,627,34
S01010457,992,917,75
S01010458,828,782,46
S01010459,810,761,49
S01010460,286,259,27
S01010461,1060,981,79
S01010462,895,822,73
S01010463,770,705,65
S01010464,663,625,38
S01010465,889,761,128
S01010466,1246,1027,219
S01010467,1008,853,155
S01010468,1034,857,177
S01010469,869,743,126
S01010470,907,852,55
S01010471,1001,945,56
S01010472,515,464,51
S01010473,1094,926,168
S01010474,1085,939,146
S01010475,451,394,57
S01010476,745,664,81
S01010477,906,850,56
S01010478,1380,1293,87
S01010479,1023,958,65
S01010480,835,791,44
S01010481,836,787,49
S01010482,976,920,56
S01010483,1178,1086,92
S01010484,1062,1000,62
S01010485,982,924,58
S01010486,1252,1177,75
S01010487,1047,999,48
S01010488,1353,1309,44
S01010489,1287,1203,84
S01010490,957,920,37
S01010491,972,931,41
S01010492,917,885,32
S01010493,855,820,35
S01010494,871,839,32
S01010495,1089,1046,43
S01010496,1382,1308,74
S01010497,696,664,32
S01010498,1312,1263,49
S01010499,1151,1099,52
S01010500,943,906,37
S01010501,784,747,37
S01010502,810,774,36
S01010503,980,938,42
S01010504,528,323,205
S01010505,607,412,195
S01010506,855,661,194
S01010507,980,860,120
S01010508,1048,708,340
S01010509,1207,926,281
S01010510,1493,1294,199
S01010511,1193,1063,130
S01010512,920,801,119
S01010513,799,635,164
S01010514,943,860,83
S01010515,937,854,83
S01010516,613,516,97
S01010517,948,806,142
S01010518,892,768,124
S01010519,928,802,126
S01010520,980,902,78
S01010521,957,841,116
S01010522,655,579,76
S01010523,964,845,119
S01010524,606,446,160
S01010525,701,473,228
S01010526,858,664,194
S01010527,1285,987,298
S01010528,689,463,226
S01010529,830,600,230
S01010530,677,469,208
S01010531,982,766,216
S01010532,899,623,276
S01010533,878,638,240
S01010534,1030,837,193
S01010535,557,346,211
S01010536,1162,923,239
S01010537,1297,1013,284
S01010538,368,288,80
S01010539,851,589,262
S01010540,615,420,195
S01010541,758,574,184
S01010542,853,610,243
S01010543,574,401,173
S01010544,1240,1004,236
S01010545,611,459,152
S01010546,883,671,212
S01010547,678,490,188
S01010548,413,332,81
S01010549,315,234,81
S01010550,658,539,119
S01010551,722,540,182
S01010552,905,662,243
S01010553,560,417,143
S01010554,708,561,147
S01010555,934,722,212
S01010556,1101,945,156
S01010557,793,643,150
S01010558,560,460,100
S01010559,762,600,162
S01010560,652,548,104
S01010561,931,714,217
S01010562,1057,873,184
S01010563,842,727,115
S01010564,678,559,119
S01010565,974,812,162
S01010566,742,524,218
S01010567,1115,917,198
S01010568,1202,908,294
S01010569,989,775,214
S01010570,1482,1203,279
S01010571,923,785,138
S01010572,1005,885,120
S01010573,722,653,69
S01010574,570,466,104
S01010575,876,732,144
S01010576,872,668,204
S01010577,917,825,92
S01010578,623,568,55
S01010579,781,632,149
S01010580,589,516,73
S01010581,894,769,125
S01010582,403,337,66
S01010583,846,727,119
S01010584,269,229,40
S01010585,200,156,44
S01010586,681,552,129
S01010587,876,744,132
S01010588,572,481,91
S01010589,752,648,104
S01010590,362,295,67
S01010591,121,96,25
S01010592,400,359,41
S01010593,560,477,83
S01010594,208,181,27
S01010595,190,163,27
S01010596,884,692,192
S01010597,324,272,52
S01010598,439,363,76
S01010599,351,298,53
S01010600,873,756,117
S01010601,777,671,106
S01010602,554,487,67
S01010603,830,724,106
S01010604,898,770,128
S01010605,1022,879,143
S01010606,1008,918,90
S01010607,1020,863,157
S01010608,770,708,62
S01010609,618,555,63
S01010610,810,641,169
S01010611,1248,1110,138
S01010612,765,668,97
S01010613,797,711,86
S01010614,709,647,62
S01010615,831,747,84
S01010616,1228,1054,174
S01010617,1050,912,138
S01010618,1115,991,124
S01010619,704,583,121
S01010620,363,294,69
S01010621,1041,860,181
S01010622,674,596,78
S01010623,940,674,266
S01010624,824,642,182
S01010625,773,667,106
S01010626,980,839,141
S01010627,946,755,191
S01010628,1175,1011,164
S01010629,1245,1076,169
S01010630,747,661,86
S01010631,753,628,125
S01010632,898,791,107
S01010633,926,867,59
S01010634,665,609,56
S01010635,830,754,76
S01010636,934,843,91
S01010637,829,710,119
S01010638,917,835,82
S01010639,1105,981,124
S01010640,754,636,118
S01010641,1079,945,134
S01010642,1062,981,81
S01010643,730,651,79
S01010644,839,740,99
S01010645,764,656,108
S01010646,838,742,96
S01010647,712,622,90
S01010648,994,891,103
S01010649,785,687,98
S01010650,597,458,139
S01010651,768,696,72
S01010652,723,627,96
S01010653,763,680,83
S01010654,837,748,89
S01010655,841,547,294
S01010656,619,497,122
S01010657,768,555,213
S01010658,938,722,216
S01010659,657,489,168
S01010660,697,580,117
S01010661,741,641,100
S01010662,716,578,138
S01010663,1088,828,260
S01010664,591,351,240
S01010665,835,588,247
S01010666,1082,759,323
S01010667,662,457,205
S01010668,1139,807,332
S01010669,592,456,136
S01010670,952,727,225
S01010671,786,584,202
S01010672,1424,1185,239
S01010673,1076,834,242
S01010674,1084,810,274
S01010675,882,611,271
S01010676,1026,754,272
S01010677,491,365,126
S01010678,905,758,147
S01010679,1454,1231,223
S01010680,826,736,90
S01010681,937,827,110
S01010682,1094,870,224
S01010683,891,702,189
S01010684,1075,750,325
S01010685,740,452,288
S01010686,644,471,173
S01010687,1032,718,314
S01010688,826,536,290
S01010689,1037,686,351
S01010690,870,612,258
S01010691,820,491,329
S01010692,629,474,155
S01010693,430,292,138
S01010694,803,560,243
S01010695,693,546,147
S01010696,978,775,203
S01010697,978,724,254
S01010698,638,454,184
S01010699,526,374,152
S01010700,574,473,101
S01010701,1242,1044,198
S01010702,1004,765,239
S01010703,844,676,168
S01010704,1105,1005,100
S01010705,982,862,120
S01010706,545,471,74
S01010707,669,552,117
S01010708,1051,923,128
S01010709,909,797,112
S01010710,949,823,126
S01010711,634,523,111
S01010712,784,710,74
S01010713,1028,926,102
S01010714,812,737,75
S01010715,850,757,93
S01010716,807,658,149
S01010717,1051,886,165
S01010718,805,666,139
S01010719,829,630,199
S01010720,802,603,199
S01010721,773,572,201
S01010722,1057,894,163
S01010723,976,785,191
S01010724,759,624,135
S01010725,755,591,164
S01010726,1055,860,195
S01010727,629,495,134
S01010728,749,595,154
S01010729,817,640,177
S01010730,775,561,214
S01010731,886,666,220
S01010732,890,772,118
S01010733,926,829,97
S01010734,938,817,121
S01010735,884,781,103
S01010736,364,312,52
S01010737,775,677,98
S01010738,927,831,96
S01010739,746,674,72
S01010740,742,624,118
S01010741,690,601,89
S01010742,797,734,63
S01010743,944,824,120
S01010744,1201,1053,148
S01010745,655,586,69
S01010746,898,690,208
S01010747,1015,813,202
S01010748,511,391,120
S01010749,675,537,138
S01010750,589,479,110
S01010751,1067,882,185
S01010752,1070,911,159
S01010753,1135,945,190
S01010754,941,798,143
S01010755,868,751,117
S01010756,878,723,155
S01010757,832,579,253
S01010758,546,403,143
S01010759,665,557,108
S01010760,751,559,192
S01010761,524,392,132
S01010762,594,411,183
S01010763,951,760,191
S01010764,543,375,168
S01010765,1145,865,280
S01010766,762,642,120
S01010767,575,480,95
S01010768,708,579,129
S01010769,459,357,102
S01010770,890,727,163
S01010771,1003,799,204
S01010772,775,593,182
S01010773,632,494,138
S01010774,1220,932,288
S01010775,558,495,63
S01010776,824,769,55
S01010777,610,556,54
S01010778,804,749,55
S01010779,840,774,66
S01010780,675,619,56
S01010781,918,824,94
S01010782,654,594,60
S01010783,942,881,61
S01010784,1293,1211,82
S01010785,869,807,62
S01010786,546,501,45
S01010787,800,638,162
S01010788,593,539,54
S01010789,823,691,132
S01010790,780,639,141
S01010791,909,638,271
S01010792,1121,988,133
S01010793,512,421,91
S01010794,358,287,71
S01010795,1202,993,209
S01010796,1225,967,258
S01010797,518,431,87
S01010798,652,498,154
S01010799,988,841,147
S01010800,895,840,55
S01010801,854,786,68
S01010802,661,570,91
S01010803,584,521,63
S01010804,839,723,116
S01010805,1245,1066,179
S01010806,938,826,112
S01010807,549,474,75
S01010808,576,452,124
S01010809,767,630,137
S01010810,525,406,119
S01010811,928,700,228
S01010812,506,407,99
S01010813,876,614,262
S01010814,753,536,217
S01010815,683,534,149
S01010816,771,606,165
S01010817,1260,1019,241
S01010818,1306,1037,269
S01010819,930,800,130
S01010820,1202,1023,179
S01010821,865,687,178
S01010822,543,436,107
S01010823,560,514,46
S01010824,629,562,67
S01010825,964,854,110
S01010826,729,625,104
S01010827,697,600,97
S01010828,1218,1055,163
S01010829,788,712,76
S01010830,603,559,44
S01010831,344,316,28
S01010832,805,762,43
S01010833,874,762,112
S01010834,1300,1155,145
S01010835,790,719,71
S01010836,976,850,126
S01010837,960,891,69
S01010838,1153,1097,56
S01010839,924,861,63
S01010840,671,585,86
S01010841,1127,994,133
S01010842,988,865,123
S01010843,752,705,47
S01010844,863,813,50
S01010845,630,604,26
S01010846,976,919,57
S01010847,872,807,65
S01010848,1093,1047,46
S01010849,1016,977,39
S01010850,1021,985,36
S01010851,1093,1036,57
S01010852,921,886,35
S01010853,1075,1046,29
S01010854,657,637,20
S01010855,564,541,23
S01010856,858,815,43
S01010857,959,912,47
S01010858,1158,1112,46
S01010859,984,952,32
S01010860,909,882,27
S01010861,902,870,32
S01010862,759,726,33
S01010863,882,806,76
S01010864,686,645,41
S01010865,720,639,81
S01010866,932,851,81
S01010867,829,734,95
S01010868,874,796,78
S01010869,1187,1084,103
S01010870,817,747,70
S01010871,801,709,92
S01010872,818,755,63
S01010873,786,742,44
S01010874,952,873,79
S01010875,635,590,45
S01010876,697,645,52
S01010877,1253,1165,88
S01010878,1234,1167,67
S01010879,1085,1045,40
S01010880,675,635,40
S01010881,865,831,34
S01010882,953,893,60
S01010883,1157,1056,101
S01010884,1227,1174,53
S01010885,1490,1418,72
S01010886,850,805,45
S01010887,641,605,36
S01010888,1007,972,35
S01010889,851,806,45
S01010890,853,811,42
S01010891,546,480,66
S01010892,748,703,45
S01010893,754,719,35
S01010894,488,467,21
S01010895,561,534,27
S01010896,1064,1019,45
S01010897,704,675,29
S01010898,1239,1160,79
S01010899,738,703,35
S01010900,999,954,45
S01010901,529,512,17
S01010902,932,897,35
S01010903,708,670,38
S01010904,585,554,31
S01010905,481,463,18
S01010906,830,787,43
S01010907,87,82,5
S01010908,676,641,35
S01010909,987,919,68
S01010910,826,790,36
S01010911,871,828,43
S01010912,838,792,46
S01010913,661,626,35
S01010914,1070,974,96
S01010915,1060,993,67
S01010916,845,801,44
S01010917,837,794,43
S01010918,1303,1251,52
S01010919,958,927,31
S01010920,800,753,47
S01010921,824,796,28
S01010922,1024,985,39
S01010923,1206,1155,51
S01010924,755,736,19
S01010925,853,820,33
S01010926,1000,957,43
S01010927,990,963,27
S01010928,856,827,29
S01010929,1076,1025,51
S01010930,626,513,113
S01010931,461,340,121
S01010932,1037,928,109
S01010933,345,278,67
S01010934,1053,868,185
S01010935,778,649,129
S01010936,642,560,82
S01010937,842,748,94
S01010938,953,850,103
S01010939,792,689,103
S01010940,741,644,97
S01010941,1390,1166,224
S01010942,712,603,109
S01010943,876,799,77
S01010944,896,800,96
S01010945,600,544,56
S01010946,1145,1075,70
S01010947,870,813,57
S01010948,710,655,55
S01010949,1168,1007,161
S01010950,888,794,94
S01010951,811,691,120
S01010952,841,739,102
S01010953,727,620,107
S01010954,891,785,106
S01010955,757,552,205
S01010956,831,688,143
S01010957,654,562,92
S01010958,670,586,84
S01010959,687,573,114
S01010960,1360,1244,116
S01010961,1220,1108,112
S01010962,685,560,125
S01010963,1017,916,101
S01010964,561,523,38
S01010965,1106,1032,74
S01010966,922,862,60
S01010967,930,862,68
S01010968,920,846,74
S01010969,844,756,88
S01010970,1483,1344,139
S01010971,1809,1590,219
S01010972,692,650,42
S01010973,661,605,56
S01010974,1142,1063,79
S01010975,671,629,42
S01010976,798,705,93
S01010977,760,720,40
S01010978,944,873,71
S01010979,881,806,75
S01010980,863,796,67
S01010981,794,724,70
S01010982,1546,1321,225
S01010983,1221,1119,102
S01010984,1145,1063,82
S01010985,845,784,61
S01010986,460,404,56
S01010987,425,378,47
S01010988,614,526,88
S01010989,342,283,59
S01010990,739,692,47
S01010991,751,668,83
S01010992,508,419,89
S01010993,732,651,81
S01010994,1307,1075,232
S01010995,944,889,55
S01010996,845,711,134
S01010997,1058,903,155
S01010998,1038,786,252
S01010999,786,672,114
S01011000,1217,1070,147
S01011001,703,652,51
S01011002,766,717,49
S01011003,851,806,45
S01011004,866,765,101
S01011005,815,755,60
S01011006,603,555,48
S01011007,975,926,49
S01011008,1003,927,76
S01011009,747,713,34
S01011010,952,846,106
S01011011,836,762,74
S01011012,1274,1200,74
S01011013,939,882,57
S01011014,983,904,79
S01011015,616,568,48
S01011016,370,309,61
S01011017,809,657,152
S01011018,1515,1293,222
S01011019,937,767,170
S01011020,375,318,57
S01011021,866,800,66
S01011022,793,735,58
S01011023,863,799,64
S01011024,1312,1211,101
S01011025,828,791,37
S01011026,631,588,43
S01011027,1180,1082,98
S01011028,872,817,55
S01011029,809,712,97
S01011030,1000,893,107
S01011031,734,690,44
S01011032,986,937,49
S01011033,685,648,37
S01011034,777,723,54
S01011035,719,652,67
S01011036,926,878,48
S01011037,902,845,57
S01011038,1060,976,84
S01011039,859,814,45
S01011040,1047,971,76
S01011041,735,680,55
S01011042,722,622,100
S01011043,1045,968,77
S01011044,841,795,46
S01011045,725,515,210
S01011046,623,433,190
S01011047,1071,858,213
S01011048,1122,929,193
S01011049,819,736,83
S01011050,823,599,224
S01011051,859,717,142
S01011052,1098,913,185
S01011053,678,580,98
S01011054,620,493,127
S01011055,562,437,125
S01011056,580,466,114
S01011057,678,589,89
S01011058,552,355,197
S01011059,693,536,157
S01011060,1227,1126,101
S01011061,1061,975,86
S01011062,1366,1260,106
S01011063,1049,985,64
S01011064,1286,1182,104
S01011065,838,707,131
S01011066,633,555,78
S01011067,994,827,167
S01011068,762,666,96
S01011069,668,556,112
S01011070,829,713,116
S01011071,911,758,153
S01011072,829,718,111
S01011073,700,615,85
S01011074,667,598,69
S01011075,935,862,73
S01011076,1092,1006,86
S01011077,1073,1006,67
S01011078,1016,923,93
S01011079,1235,1126,109
S01011080,1135,1021,114
S01011081,918,844,74
S01011082,810,765,45
S01011083,1074,914,160
S01011084,771,636,135
S01011085,872,605,267
S01011086,646,550,96
S01011087,901,751,150
S01011088,1173,993,180
S01011089,862,721,141
S01011090,709,555,154
S01011091,648,476,172
S01011092,383,208,175
S01011093,887,693,194
S01011094,517,382,135
S01011095,905,679,226
S01011096,1006,555,451
S01011097,737,555,182
S01011098,938,763,175
S01011099,929,786,143
S01011100,569,485,84
S01011101,846,768,78
S01011102,820,674,146
S01011103,765,651,114
S01011104,716,608,108
S01011105,763,585,178
S01011106,774,374,400
S01011107,316,263,53
S01011108,772,675,97
S01011109,827,710,117
S01011110,1021,888,133
S01011111,1218,1051,167
S01011112,162,146,16
S01011113,1090,976,114
S01011114,1144,985,159
S01011115,960,872,88
S01011116,932,788,144
S01011117,913,736,177
S01011118,901,764,137
S01011119,817,675,142
S01011120,1114,859,255
S01011121,660,546,114
S01011122,809,697,112
S01011123,1206,1081,125
S01011124,367,334,33
S01011125,467,389,78
S01011126,769,566,203
S01011127,535,224,311
S01011128,1124,898,226
S01011129,879,589,290
S01011130,752,648,104
S01011131,682,499,183
S01011132,793,597,196
S01011133,618,512,106
S01011134,831,630,201
S01011135,989,790,199
S01011136,553,433,120
S01011137,622,445,177
S01011138,547,397,150
S01011139,801,405,396
S01011140,577,441,136
S01011141,1508,880,628
S01011142,1690,779,911
S01011143,1209,865,344
S01011144,855,642,213
S01011145,828,569,259
S01011146,629,476,153
S01011147,1196,880,316
S01011148,751,509,242
S01011149,796,299,497
S01011150,1359,493,866
S01011151,910,446,464
S01011152,885,403,482
S01011153,862,612,250
S01011154,625,505,120
S01011155,729,573,156
S01011156,929,617,312
S01011157,712,439,273
S01011158,633,424,209
S01011159,616,512,104
S01011160,921,667,254
S01011161,655,511,144
S01011162,802,504,298
S01011163,1048,849,199
S01011164,708,507,201
S01011165,884,754,130
S01011166,681,454,227
S01011167,1031,640,391
S01011168,865,574,291
S01011169,242,168,74
S01011170,796,509,287
S01011171,1073,784,289
S01011172,800,546,254
S01011173,872,573,299
S01011174,1032,751,281
S01011175,834,632,202
S01011176,738,554,184
S01011177,1141,905,236
S01011178,786,622,164
S01011179,689,643,46
S01011180,881,829,52
S01011181,695,629,66
S01011182,515,463,52
S01011183,795,699,96
S01011184,775,716,59
S01011185,825,771,54
S01011186,1176,1096,80
S01011187,924,872,52
S01011188,1159,1078,81
S01011189,880,833,47
S01011190,987,925,62
S01011191,824,778,46
S01011192,971,907,64
S01011193,1037,955,82
S01011194,761,700,61
S01011195,1049,989,60
S01011196,1119,1035,84
S01011197,931,883,48
S01011198,830,755,75
S01011199,816,766,50
S01011200,971,905,66
S01011201,609,571,38
S01011202,1006,946,60
S01011203,1331,1229,102
S01011204,593,540,53
S01011205,205,185,20
S01011206,669,611,58
S01011207,1117,1010,107
S01011208,958,830,128
S01011209,724,655,69
S01011210,677,608,69
S01011211,1019,917,102
S01011212,741,701,40
S01011213,1082,972,110
S01011214,1127,1034,93
S01011215,852,798,54
S01011216,1041,946,95
S01011217,1261,1191,70
S01011218,971,908,63
S01011219,1045,971,74
S01011220,1015,958,57
S01011221,1106,1057,49
S01011222,681,633,48
S01011223,972,912,60
S01011224,687,634,53
S01011225,1065,986,79
S01011226,981,918,63
S01011227,847,771,76
S01011228,1200,1114,86
S01011229,823,764,59
S01011230,1382,1288,94
S01011231,1027,938,89
S01011232,787,736,51
S01011233,773,710,63
S01011234,1180,1095,85
S01011235,519,489,30
S01011236,628,575,53
S01011237,1008,968,40
S01011238,736,696,40
S01011239,1004,913,91
S01011240,1068,987,81
S01011241,958,895,63
S01011242,1064,975,89
S01011243,833,783,50
S01011244,714,665,49
S01011245,928,869,59
S01011246,677,614,63
S01011247,918,839,79
S01011248,978,923,55
S01011249,867,809,58
S01011250,1092,1031,61
S01011251,871,828,43
S01011252,846,798,48
S01011253,1015,966,49
S01011254,1305,1204,101
S01011255,176,155,21
S01011256,172,160,12
S01011257,553,523,30
S01011258,767,718,49
S01011259,851,790,61
S01011260,756,702,54
S01011261,975,921,54
S01011262,701,674,27
S01011263,769,735,34
S01011264,686,648,38
S01011265,1082,1035,47
S01011266,968,916,52
S01011267,697,649,48
S01011268,552,510,42
S01011269,570,528,42
S01011270,808,758,50
S01011271,968,911,57
S01011272,737,698,39
S01011273,1279,1220,59
S01011274,1038,970,68
S01011275,916,838,78
S01011276,1068,1009,59
S01011277,753,708,45
S01011278,720,683,37
S01011279,757,701,56
S01011280,747,688,59
S01011281,790,716,74
S01011282,796,713,83
S01011283,543,468,75
S01011284,451,377,74
S01011285,1194,1106,88
S01011286,754,704,50
S01011287,977,910,67
S01011288,1107,1014,93
S01011289,895,849,46
S01011290,1369,1295,74
S01011291,1052,982,70
S01011292,715,665,50
S01011293,940,895,45
S01011294,979,921,58
S01011295,973,898,75
S01011296,732,684,48
S01011297,1024,967,57
S01011298,1271,1179,92
S01011299,501,447,54
S01011300,1045,989,56
S01011301,650,601,49
S01011302,1012,969,43
S01011303,1203,1111,92
S01011304,1078,982,96
S01011305,569,547,22
S01011306,635,594,41
S01011307,987,880,107
S01011308,589,511,78
S01011309,884,715,169
S01011310,763,652,111
S01011311,1105,898,207
S01011312,1187,1000,187
S01011313,1047,896,151
S01011314,904,760,144
S01011315,397,353,44
S01011316,835,755,80
S01011317,978,843,135
S01011318,868,719,149
S01011319,1202,1052,150
S01011320,750,660,90
S01011321,676,610,66
S01011322,691,605,86
S01011323,1108,1005,103
S01011324,568,493,75
S01011325,943,821,122
S01011326,1070,879,191
S01011327,837,722,115
S01011328,854,751,103
S01011329,982,853,129
S01011330,787,700,87
S01011331,699,609,90
S01011332,1059,870,189
S01011333,692,554,138
S01011334,1089,968,121
S01011335,970,771,199
S01011336,674,582,92
S01011337,726,578,148
S01011338,695,652,43
S01011339,755,697,58
S01011340,1102,1024,78
S01011341,732,668,64
S01011342,791,749,42
S01011343,867,822,45
S01011344,889,856,33
S01011345,1073,1016,57
S01011346,867,830,37
S01011347,1072,1010,62
S01011348,1300,1193,107
S01011349,1058,939,119
S01011350,882,792,90
S01011351,822,783,39
S01011352,699,639,60
S01011353,690,644,46
S01011354,913,824,89
S01011355,1171,1082,89
S01011356,938,836,102
S01011357,1415,1350,65
S01011358,602,570,32
S01011359,791,771,20
S01011360,649,611,38
S01011361,485,455,30
S01011362,314,278,36
S01011363,1236,1161,75
S01011364,519,497,22
S01011365,620,594,26
S01011366,526,510,16
S01011367,768,722,46
S01011368,87,81,6
S01011369,699,662,37
S01011370,319,311,8
S01011371,1519,1404,115
S01011372,1054,998,56
S01011373,862,798,64
S01011374,551,522,29
S01011375,637,590,47
S01011376,601,573,28
S01011377,567,539,28
S01011378,1000,958,42
S01011379,939,891,48
S01011380,784,753,31
S01011381,726,685,41
S01011382,257,243,14
S01011383,979,938,41
S01011384,811,790,21
S01011385,1044,1009,35
S01011386,1067,1034,33
S01011387,879,845,34
S01011388,621,601,20
S01011389,743,713,30
S01011390,1096,1058,38
S01011391,702,674,28
S01011392,1070,1041,29
S01011393,876,841,35
S01011394,690,657,33
S01011395,820,784,36
S01011396,1044,1006,38
S01011397,829,787,42
S01011398,828,781,47
S01011399,518,497,21
S01011400,780,743,37
S01011401,1062,1009,53
S01011402,1021,948,73
S01011403,1014,943,71
S01011404,1201,1149,52
S01011405,766,735,31
S01011406,736,716,20
S01011407,1324,1268,56
S01011408,994,958,36
S01011409,701,675,26
S01011410,849,799,50
S01011411,1047,992,55
S01011412,1084,1024,60
S01011413,618,577,41
S01011414,1066,1016,50
S01011415,933,902,31
S01011416,953,871,82
S01011417,753,710,43
S01011418,834,814,20
S01011419,737,701,36
S01011420,567,544,23
S01011421,407,370,37
S01011422,451,435,16
S01011423,590,574,16
S01011424,581,566,15
S01011425,812,785,27
S01011426,953,888,65
S01011427,1056,987,69
S01011428,858,817,41
S01011429,1200,1081,119
S01011430,1010,961,49
S01011431,1271,1225,46
S01011432,1988,1879,109
S01011433,1065,1037,28
S01011434,1025,1000,25
S01011435,1294,1229,65
S01011436,1218,1158,60
S01011437,892,869,23
S01011438,958,913,45
S01011439,1239,1173,66
S01011440,1035,961,74
S01011441,797,747,50
S01011442,705,664,41
S01011443,855,803,52
S01011444,1081,1046,35
S01011445,690,672,18
S01011446,977,933,44
S01011447,1128,1090,38
S01011448,1248,1183,65
S01011449,667,646,21
S01011450,496,454,42
S01011451,860,788,72
S01011452,949,886,63
S01011453,836,797,39
S01011454,1177,1121,56
S01011455,1110,1044,66
S01011456,1155,1104,51
S01011457,957,921,36
S01011458,767,718,49
S01011459,608,588,20
S01011460,1105,1050,55
S01011461,902,858,44
S01011462,1015,954,61
S01011463,614,593,21
S01011464,284,271,13
S01011465,786,729,57
S01011466,1328,1267,61
S01011467,354,346,8
S01011468,133,128,5
S01011469,912,850,62
S01011470,1011,946,65
S01011471,993,943,50
S01011472,1426,1333,93
S01011473,997,933,64
S01011474,1087,1018,69
S01011475,724,682,42
S01011476,779,749,30
S01011477,941,879,62
S01011478,1118,1032,86
S01011479,862,806,56
S01011480,1024,975,49
S01011481,653,622,31
S01011482,1151,1083,68
S01011483,884,832,52
S01011484,1202,1144,58
S01011485,1025,992,33
S01011486,589,560,29
S01011487,1020,983,37
S01011488,752,720,32
S01011489,619,594,25
S01011490,1110,1061,49
S01011491,513,483,30
S01011492,982,901,81
S01011493,1043,982,61
S01011494,664,631,33
S01011495,1169,1125,44
S01011496,658,632,26
S01011497,902,846,56
S01011498,673,643,30
S01011499,992,949,43
S01011500,1081,1041,40
S01011501,753,728,25
S01011502,788,749,39
S01011503,1100,1065,35
S01011504,655,620,35
S01011505,704,675,29
S01011506,589,569,20
S01011507,820,787,33
S01011508,911,861,50
S01011509,656,636,20
S01011510,975,921,54
S01011511,775,745,30
S01011512,1263,1207,56
S01011513,925,890,35
S01011514,1137,1086,51
S01011515,841,779,62
S01011516,989,883,106
S01011517,626,592,34
S01011518,713,693,20
S01011519,775,748,27
S01011520,1041,988,53
S01011521,1321,1251,70
S01011522,890,831,59
S01011523,1276,1211,65
S01011524,883,846,37
S01011525,926,894,32
S01011526,998,930,68
S01011527,985,934,51
S01011528,1034,995,39
S01011529,1127,1081,46
S01011530,1227,1175,52
S01011531,1125,1074,51
S01011532,475,443,32
S01011533,742,696,46
S01011534,778,752,26
S01011535,866,822,44
S01011536,719,652,67
S01011537,897,842,55
S01011538,814,765,49
S01011539,922,895,27
S01011540,1072,1036,36
S01011541,951,910,41
S01011542,1158,1105,53
S01011543,923,883,40
S01011544,809,787,22
S01011545,929,898,31
S01011546,811,778,33
S01011547,465,442,23
S01011548,815,781,34
S01011549,1004,961,43
S01011550,1095,1041,54
S01011551,948,886,62
S01011552,1042,994,48
S01011553,244,235,9
S01011554,1102,1061,41
S01011555,874,847,27
S01011556,711,678,33
S01011557,965,937,28
S01011558,860,833,27
S01011559,749,724,25
S01011560,1032,1008,24
S01011561,795,767,28
S01011562,854,826,28
S01011563,925,895,30
S01011564,726,705,21
S01011565,885,866,19
S01011566,810,788,22
S01011567,839,814,25
S01011568,825,802,23
S01011569,798,767,31
S01011570,1033,1000,33
S01011571,940,914,26
S01011572,905,870,35
S01011573,667,639,28
S01011574,717,703,14
S01011575,468,456,12
S01011576,899,877,22
S01011577,676,640,36
S01011578,1280,1240,40
S01011579,987,941,46
S01011580,1050,1019,31
S01011581,961,927,34
S01011582,1390,1332,58
S01011583,1011,960,51
S01011584,832,794,38
S01011585,1252,1206,46
S01011586,757,730,27
S01011587,860,821,39
S01011588,976,926,50
S01011589,1067,1030,37
S01011590,1182,1131,51
S01011591,982,943,39
S01011592,886,846,40
S01011593,638,622,16
S01011594,718,690,28
S01011595,962,914,48
S01011596,1361,1289,72
S01011597,838,807,31
S01011598,978,937,41
S01011599,941,916,25
S01011600,767,736,31
S01011601,859,809,50
S01011602,723,701,22
S01011603,1084,1056,28
S01011604,705,687,18
S01011605,894,867,27
S01011606,412,390,22
S01011607,859,811,48
S01011608,855,806,49
S01011609,1016,972,44
S01011610,1043,1007,36
S01011611,733,693,40
S01011612,301,281,20
S01011613,1021,969,52
S01011614,470,452,18
S01011615,882,846,36
S01011616,581,565,16
S01011617,1131,1102,29
S01011618,874,829,45
S01011619,785,738,47
S01011620,682,624,58
S01011621,898,849,49
S01011622,171,166,5
S01011623,955,900,55
S01011624,833,794,39
S01011625,568,548,20
S01011626,1168,1130,38
S01011627,619,592,27
S01011628,1426,1354,72
S01011629,809,772,37
S01011630,704,670,34
S01011631,948,900,48
S01011632,1065,1022,43
S01011633,1165,1125,40
S01011634,869,841,28
S01011635,667,651,16
S01011636,887,867,20
S01011637,787,760,27
S01011638,770,739,31
S01011639,639,612,27
S01011640,1063,1022,41
S01011641,1028,987,41
S01011642,897,843,54
S01011643,542,503,39
S01011644,851,797,54
S01011645,626,594,32
S01011646,973,931,42
S01011647,1108,1064,44
S01011648,462,444,18
S01011649,419,404,15
S01011650,1169,1105,64
S01011651,824,790,34
S01011652,912,823,89
S01011653,1221,1169,52
S01011654,1091,1038,53
S01011655,885,860,25
S01011656,800,767,33
S01011657,634,604,30
S01011658,1048,1020,28
S01011659,997,961,36
S01011660,1222,1185,37
S01011661,1142,1110,32
S01011662,481,460,21
S01011663,901,873,28
S01011664,1090,1060,30
S01011665,1190,1156,34
S01011666,1044,1014,30
S01011667,1051,1012,39
S01011668,1619,1567,52
S01011669,948,875,73
S01011670,875,839,36
S01011671,779,734,45
S01011672,846,798,48
S01011673,790,763,27
S01011674,831,796,35
S01011675,1079,1059,20
S01011676,863,848,15
S01011677,164,151,13
S01011678,533,512,21
S01011679,639,619,20
S01011680,1228,1188,40
S01011681,758,742,16
S01011682,840,771,69
S01011683,878,851,27
S01011684,728,703,25
S01011685,273,265,8
S01011686,953,905,48
S01011687,1034,1003,31
S01011688,1077,1021,56
S01011689,514,474,40
S01011690,827,786,41
S01011691,324,307,17
S01011692,1293,1246,47
S01011693,952,905,47
S01011694,110,104,6
S01011695,973,913,60
S01011696,163,157,6
S01011697,490,472,18
S01011698,765,703,62
S01011699,929,869,60
S01011700,914,863,51
S01011701,853,793,60
S01011702,853,787,66
S01011703,786,720,66
S01011704,840,786,54
S01011705,962,893,69
S01011706,950,899,51
S01011707,688,650,38
S01011708,1076,1028,48
S01011709,1146,1069,77
S01011710,679,658,21
S01011711,1219,1171,48
S01011712,576,554,22
S01011713,1296,1229,67
S01011714,479,458,21
S01011715,1141,1098,43
S01011716,1045,994,51
S01011717,898,860,38
S01011718,230,221,9
S01011719,772,727,45
S01011720,696,649,47
S01011721,773,747,26
S01011722,1462,1379,83
S01011723,950,892,58
S01011724,706,651,55
S01011725,640,578,62
S01011726,577,534,43
S01011727,237,227,10
S01011728,1018,954,64
S01011729,1245,1194,51
S01011730,986,926,60
S01011731,1217,1160,57
S01011732,1027,988,39
S01011733,936,907,29
S01011734,929,878,51
S01011735,800,736,64
S01011736,1186,1110,76
S01011737,1044,911,133
S01011738,863,821,42
S01011739,620,579,41
S01011740,718,672,46
S01011741,1032,983,49
S01011742,894,840,54
S01011743,746,709,37
S01011744,756,706,50
S01011745,1090,999,91
S01011746,912,854,58
S01011747,1050,995,55
S01011748,1016,934,82
S01011749,880,815,65
S01011750,864,814,50
S01011751,1170,1080,90
S01011752,1107,1029,78
S01011753,880,808,72
S01011754,983,935,48
S01011755,1038,979,59
S01011756,1218,1149,69
S01011757,967,914,53
S01011758,710,669,41
S01011759,933,878,55
S01011760,966,906,60
S01011761,642,586,56
S01011762,967,924,43
S01011763,868,823,45
S01011764,428,405,23
S01011765,1334,1264,70
S01011766,757,685,72
S01011767,1303,1204,99
S01011768,936,886,50
S01011769,894,842,52
S01011770,960,874,86
S01011771,701,648,53
S01011772,1139,975,164
S01011773,566,540,26
S01011774,837,763,74
S01011775,792,710,82
S01011776,426,364,62
S01011777,586,540,46
S01011778,663,599,64
S01011779,734,695,39
S01011780,730,657,73
S01011781,960,894,66
S01011782,859,797,62
S01011783,595,530,65
S01011784,922,869,53
S01011785,1155,1090,65
S01011786,219,200,19
S01011787,1110,1064,46
S01011788,427,335,92
S01011789,1194,1054,140
S01011790,1281,1191,90
S01011791,783,750,33
S01011792,907,844,63
S01011793,694,650,44
S01011794,871,841,30
S01011795,784,755,29
S01011796,871,828,43
S01011797,952,893,59
S01011798,605,580,25
S01011799,1095,1035,60
S01011800,719,682,37
S01011801,731,692,39
S01011802,771,739,32
S01011803,681,645,36
S01011804,943,829,114
S01011805,907,777,130
S01011806,1151,1000,151
S01011807,989,832,157
S01011808,905,770,135
S01011809,566,434,132
S01011810,1049,866,183
S01011811,864,726,138
S01011812,990,684,306
S01011813,862,721,141
S01011814,604,448,156
S01011815,509,449,60
S01011816,648,580,68
S01011817,645,595,50
S01011818,1298,1189,109
S01011819,1272,1162,110
S01011820,772,679,93
S01011821,475,430,45
S01011822,800,701,99
S01011823,670,620,50
S01011824,1042,936,106
S01011825,582,507,75
S01011826,707,625,82
S01011827,577,421,156
S01011828,854,620,234
S01011829,473,351,122
S01011830,836,525,311
S01011831,1027,619,408
S01011832,749,610,139
S01011833,869,643,226
S01011834,622,480,142
S01011835,574,465,109
S01011836,1090,815,275
S01011837,844,632,212
S01011838,1189,932,257
S01011839,1172,925,247
S01011840,1235,992,243
S01011841,1374,1176,198
S01011842,1392,1212,180
S01011843,1223,895,328
S01011844,968,775,193
S01011845,789,676,113
S01011846,898,738,160
S01011847,451,350,101
S01011848,771,570,201
S01011849,718,593,125
S01011850,998,736,262
S01011851,822,697,125
S01011852,931,752,179
S01011853,847,677,170
S01011854,1083,854,229
S01011855,1205,1022,183
S01011856,740,566,174
S01011857,1075,829,246
S01011858,863,639,224
S01011859,1075,882,193
S01011860,702,509,193
S01011861,761,527,234
S01011862,1045,751,294
S01011863,1107,781,326
S01011864,791,622,169
S01011865,741,636,105
S01011866,1119,921,198
S01011867,967,872,95
S01011868,879,706,173
S01011869,785,662,123
S01011870,690,554,136
S01011871,938,778,160
S01011872,817,658,159
S01011873,702,576,126
S01011874,853,730,123
S01011875,1114,975,139
S01011876,989,789,200
S01011877,778,593,185
S01011878,1584,1168,416
S01011879,767,595,172
S01011880,953,738,215
S01011881,770,668,102
S01011882,954,862,92
S01011883,1907,1432,475
S01011884,371,284,87
S01011885,453,358,95
S01011886,926,757,169
S01011887,772,687,85
S01011888,1262,1131,131
S01011889,1044,908,136
S01011890,877,761,116
S01011891,1020,940,80
S01011892,1125,971,154
S01011893,996,874,122
S01011894,726,648,78
S01011895,1146,979,167
S01011896,961,866,95
S01011897,1101,954,147
S01011898,762,629,133
S01011899,1065,917,148
S01011900,711,597,114
S01011901,814,702,112
S01011902,1186,1042,144
S01011903,990,858,132
S01011904,1052,894,158
S01011905,808,683,125
S01011906,355,320,35
S01011907,871,749,122
S01011908,583,501,82
S01011909,524,452,72
S01011910,1194,1083,111
S01011911,772,706,66
S01011912,847,794,53
S01011913,898,808,90
S01011914,1010,907,103
S01011915,882,804,78
S01011916,955,867,88
S01011917,664,615,49
S01011918,923,808,115
S01011919,946,847,99
S01011920,664,609,55
S01011921,614,553,61
S01011922,884,822,62
S01011923,860,762,98
S01011924,937,868,69
S01011925,238,222,16
S01011926,845,767,78
S01011927,621,576,45
S01011928,884,799,85
S01011929,730,673,57
S01011930,771,694,77
S01011931,871,783,88
S01011932,477,424,53
S01011933,1016,892,124
S01011934,793,689,104
S01011935,940,808,132
S01011936,740,564,176
S01011937,333,292,41
S01011938,452,370,82
S01011939,825,684,141
S01011940,817,684,133
S01011941,864,715,149
S01011942,691,562,129
S01011943,1184,1043,141
S01011944,479,384,95
S01011945,1424,1120,304
S01011946,853,737,116
S01011947,676,592,84
S01011948,961,780,181
S01011949,1038,836,202
S01011950,1005,836,169
S01011951,806,694,112
S01011952,414,360,54
S01011953,963,809,154
S01011954,623,544,79
S01011955,1051,886,165
S01011956,719,622,97
S01011957,805,653,152
S01011958,1463,1204,259
S01011959,973,788,185
S01011960,716,583,133
S01011961,1064,873,191
S01011962,595,477,118
S01011963,607,511,96
S01011964,1011,817,194
S01011965,1019,876,143
S01011966,753,637,116
S01011967,999,763,236
S01011968,1235,1067,168
S01011969,1703,1540,163
S01011970,1615,1458,157
S01011971,604,520,84
S01011972,1646,1394,252
S01011973,559,452,107
S01011974,721,611,110
S01011975,445,377,68
S01011976,902,750,152
S01011977,1245,1049,196
S01011978,1224,1064,160
S01011979,891,706,185
S01011980,492,400,92
S01011981,1122,759,363
S01011982,1436,1078,358
S01011983,1270,954,316
S01011984,633,571,62
S01011985,699,581,118
S01011986,1010,874,136
S01011987,1096,962,134
S01011988,718,607,111
S01011989,773,653,120
S01011990,746,599,147
S01011991,969,879,90
S01011992,925,772,153
S01011993,953,836,117
S01011994,815,646,169
S01011995,718,593,125
S01011996,783,669,114
S01011997,1239,1024,215
S01011998,640,526,114
S01011999,647,502,145
S01012000,580,475,105
S01012001,810,692,118
S01012002,789,687,102
S01012003,868,728,140
S01012004,1198,1062,136
S01012005,761,665,96
S01012006,1154,796,358
S01012007,912,693,219
S01012008,1284,970,314
S01012009,657,507,150
S01012010,1367,949,418
S01012011,1359,1042,317
S01012012,703,513,190
S01012013,791,549,242
S01012014,1713,1355,358
S01012015,1190,960,230
S01012016,718,531,187
S01012017,713,407,306
S01012018,880,644,236
S01012019,686,587,99
S01012020,1047,902,145
S01012021,897,818,79
S01012022,1142,1028,114
S01012023,641,536,105
S01012024,1065,971,94
S01012025,746,683,63
S01012026,468,437,31
S01012027,1371,1223,148
S01012028,1044,896,148
S01012029,1114,1014,100
S01012030,1551,1362,189
S01012031,881,766,115
S01012032,406,359,47
S01012033,958,898,60
S01012034,961,874,87
S01012035,1195,1096,99
S01012036,1245,1132,113
S01012037,1300,1211,89
S01012038,1139,1090,49
S01012039,1016,968,48
S01012040,705,638,67
S01012041,1261,1191,70
S01012042,1011,980,31
S01012043,880,829,51
S01012044,1041,977,64
S01012045,1289,1213,76
S01012046,953,906,47
S01012047,1041,995,46
S01012048,698,652,46
S01012049,760,717,43
S01012050,968,927,41
S01012051,555,515,40
S01012052,878,835,43
S01012053,1042,983,59
S01012054,1247,1168,79
S01012055,909,866,43
S01012056,974,911,63
S01012057,836,765,71
S01012058,757,703,54
S01012059,999,946,53
S01012060,886,838,48
S01012061,1076,988,88
S01012062,950,891,59
S01012063,704,650,54
S01012064,718,684,34
S01012065,818,777,41
S01012066,935,875,60
S01012067,690,650,40
S01012068,779,747,32
S01012069,604,579,25
S01012070,874,767,107
S01012071,817,733,84
S01012072,997,911,86
S01012073,640,589,51
S01012074,673,627,46
S01012075,1060,996,64
S01012076,981,920,61
S01012077,869,811,58
S01012078,835,782,53
S01012079,1020,971,49
S01012080,1056,996,60
S01012081,722,683,39
S01012082,986,932,54
S01012083,1200,1139,61
S01012084,729,695,34
S01012085,872,830,42
S01012086,973,927,46
S01012087,859,798,61
S01012088,593,556,37
S01012089,910,864,46
S01012090,1191,1106,85
S01012091,868,814,54
S01012092,687,656,31
S01012093,588,549,39
S01012094,976,893,83
S01012095,1210,1136,74
S01012096,913,870,43
S01012097,719,676,43
S01012098,950,901,49
S01012099,1156,1102,54
S01012100,1485,1412,73
S01012101,974,906,68
S01012102,1003,936,67
S01012103,1134,1071,63
S01012104,907,732,175
S01012105,1077,993,84
S01012106,1017,929,88
S01012107,789,697,92
S01012108,1173,1124,49
S01012109,1101,1004,97
S01012110,924,850,74
S01012111,1305,1236,69
S01012112,1073,984,89
S01012113,1080,1013,67
S01012114,1336,1172,164
S01012115,742,707,35
S01012116,668,627,41
S01012117,650,565,85
S01012118,986,866,120
S01012119,1007,946,61
S01012120,696,642,54
S01012121,857,801,56
S01012122,1026,972,54
S01012123,799,706,93
S01012124,690,645,45
S01012125,942,876,66
S01012126,538,489,49
S01012127,771,688,83
S01012128,406,355,51
S01012129,964,888,76
S01012130,1067,1009,58
S01012131,1239,1105,134
S01012132,831,713,118
S01012133,994,831,163
S01012134,1172,1058,114
S01012135,1239,1129,110
S01012136,880,804,76
S01012137,825,766,59
S01012138,1106,1014,92
S01012139,977,917,60
S01012140,934,869,65
S01012141,1264,1207,57
S01012142,950,898,52
S01012143,1284,1191,93
S01012144,1059,975,84
S01012145,1208,1102,106
S01012146,1000,927,73
S01012147,905,845,60
S01012148,764,729,35
S01012149,872,797,75
S01012150,886,836,50
S01012151,1165,1108,57
S01012152,1008,957,51
S01012153,361,330,31
S01012154,603,563,40
S01012155,788,737,51
S01012156,1220,1128,92
S01012157,901,837,64
S01012158,958,900,58
S01012159,578,542,36
S01012160,1042,970,72
S01012161,529,501,28
S01012162,773,726,47
S01012163,568,533,35
S01012164,434,393,41
S01012165,961,905,56
S01012166,859,819,40
S01012167,609,580,29
S01012168,1121,1047,74
S01012169,945,880,65
S01012170,1374,1295,79
S01012171,1263,1213,50
S01012172,1052,984,68
S01012173,811,763,48
S01012174,1147,1073,74
S01012175,1161,1089,72
S01012176,1496,1405,91
S01012177,952,885,67
S01012178,1070,1023,47
S01012179,785,729,56
S01012180,737,699,38
S01012181,1160,1074,86
S01012182,721,679,42
S01012183,649,615,34
S01012184,131,124,7
S01012185,710,671,39
S01012186,895,844,51
S01012187,935,884,51
S01012188,680,641,39
S01012189,708,669,39
S01012190,336,310,26
S01012191,1185,1110,75
S01012192,519,479,40
S01012193,773,725,48
S01012194,882,811,71
S01012195,971,913,58
S01012196,589,530,59
S01012197,1132,1057,75
S01012198,1134,1063,71
S01012199,946,899,47
S01012200,699,661,38
S01012201,1134,1070,64
S01012202,596,566,30
S01012203,1011,957,54
S01012204,840,793,47
S01012205,972,908,64
S01012206,1025,968,57
S01012207,1249,1200,49
S01012208,1373,1299,74
S01012209,1065,997,68
S01012210,745,705,40
S01012211,1201,1116,85
S01012212,1296,1228,68
S01012213,1320,1242,78
S01012214,869,804,65
S01012215,1128,1048,80
S01012216,1360,1245,115
S01012217,571,550,21
S01012218,757,708,49
S01012219,934,884,50
S01012220,797,739,58
S01012221,818,782,36
S01012222,1216,1149,67
S01012223,827,776,51
S01012224,1191,1120,71
S01012225,1180,1110,70
S01012226,905,844,61
S01012227,988,918,70
S01012228,844,794,50
S01012229,826,724,102
S01012230,1103,931,172
S01012231,890,767,123
S01012232,1227,1084,143
S01012233,919,812,107
S01012234,1367,1195,172
S01012235,841,713,128
S01012236,936,806,130
S01012237,878,691,187
S01012238,594,547,47
S01012239,602,564,38
S01012240,763,690,73
S01012241,699,582,117
S01012242,948,773,175
S01012243,1001,851,150
S01012244,1063,761,302
S01012245,1404,1037,367
S01012246,978,720,258
S01012247,760,546,214
S01012248,799,581,218
S01012249,999,695,304
S01012250,863,611,252
S01012251,1200,1044,156
S01012252,1245,1037,208
S01012253,969,791,178
S01012254,946,791,155
S01012255,780,597,183
S01012256,847,604,243
S01012257,1152,970,182
S01012258,1146,822,324
S01012259,883,630,253
S01012260,915,780,135
S01012261,454,314,140
S01012262,944,670,274
S01012263,727,604,123
S01012264,297,248,49
S01012265,1266,1120,146
S01012266,1027,845,182
S01012267,779,626,153
S01012268,1146,842,304
S01012269,928,809,119
S01012270,881,762,119
S01012271,1140,834,306
S01012272,741,584,157
S01012273,664,516,148
S01012274,1099,962,137
S01012275,655,574,81
S01012276,1521,1319,202
S01012277,1170,1033,137
S01012278,1219,1056,163
S01012279,1107,942,165
S01012280,1139,1018,121
S01012281,1013,918,95
S01012282,1153,961,192
S01012283,933,767,166
S01012284,782,682,100
S01012285,711,610,101
S01012286,1104,984,120
S01012287,1269,1113,156
S01012288,1040,909,131
S01012289,927,696,231
S01012290,633,495,138
S01012291,821,628,193
S01012292,1098,812,286
S01012293,620,519,101
S01012294,1055,902,153
S01012295,311,256,55
S01012296,580,458,122
S01012297,547,400,147
S01012298,867,702,165
S01012299,570,408,162
S01012300,1160,890,270
S01012301,988,611,377
S01012302,712,432,280
S01012303,852,575,277
S01012304,1112,848,264
S01012305,922,719,203
S01012306,858,663,195
S01012307,939,712,227
S01012308,810,657,153
S01012309,1020,639,381
S01012310,1425,886,539
S01012311,973,646,327
S01012312,1047,696,351
S01012313,823,595,228
S01012314,898,617,281
S01012315,738,538,200
S01012316,704,497,207
S01012317,435,283,152
S01012318,891,626,265
S01012319,760,507,253
S01012320,767,544,223
S01012321,821,529,292
S01012322,1061,542,519
S01012323,897,459,438
S01012324,1000,541,459
S01012325,651,394,257
S01012326,958,584,374
S01012327,1061,729,332
S01012328,876,538,338
S01012329,1023,668,355
S01012330,718,557,161
S01012331,775,590,185
S01012332,990,714,276
S01012333,943,641,302
S01012334,1027,874,153
S01012335,1574,1262,312
S01012336,916,798,118
S01012337,1020,863,157
S01012338,712,582,130
S01012339,798,611,187
S01012340,692,531,161
S01012341,815,521,294
S01012342,934,712,222
S01012343,890,665,225
S01012344,914,770,144
S01012345,727,610,117
S01012346,857,596,261
S01012347,693,552,141
S01012348,890,691,199
S01012349,1186,960,226
S01012350,1197,979,218
S01012351,1024,876,148
S01012352,1119,882,237
S01012353,826,639,187
S01012354,910,443,467
S01012355,957,611,346
S01012356,1073,819,254
S01012357,954,726,228
S01012358,872,555,317
S01012359,962,836,126
S01012360,778,667,111
S01012361,950,842,108
S01012362,1111,965,146
S01012363,1247,1115,132
S01012364,828,728,100
S01012365,1235,1138,97
S01012366,959,860,99
S01012367,1141,1014,127
S01012368,944,801,143
S01012369,1229,1113,116
S01012370,1266,1090,176
S01012371,1249,1139,110
S01012372,1069,948,121
S01012373,1269,1154,115
S01012374,973,865,108
S01012375,1277,1163,114
S01012376,841,609,232
S01012377,674,446,228
S01012378,779,536,243
S01012379,549,386,163
S01012380,1457,1299,158
S01012381,1090,942,148
S01012382,1110,956,154
S01012383,1186,1034,152
S01012384,512,437,75
S01012385,756,634,122
S01012386,1158,1005,153
S01012387,948,723,225
S01012388,683,534,149
S01012389,774,630,144
S01012390,658,568,90
S01012391,922,793,129
S01012392,600,549,51
S01012393,1168,1019,149
S01012394,1114,970,144
S01012395,858,755,103
S01012396,867,755,112
S01012397,859,716,143
S01012398,1047,921,126
S01012399,927,840,87
S01012400,894,811,83
S01012401,935,812,123
S01012402,340,306,34
S01012403,983,895,88
S01012404,1129,970,159
S01012405,610,539,71
S01012406,675,565,110
S01012407,919,812,107
S01012408,763,635,128
S01012409,1069,870,199
S01012410,1259,1054,205
S01012411,1318,1071,247
S01012412,681,584,97
S01012413,1043,876,167
S01012414,806,602,204
S01012415,799,751,48
S01012416,520,486,34
S01012417,628,511,117
S01012418,879,665,214
S01012419,1104,846,258
S01012420,1114,1026,88
S01012421,1033,860,173
S01012422,1330,1139,191
S01012423,1099,931,168
S01012424,861,815,46
S01012425,660,611,49
S01012426,654,605,49
S01012427,861,783,78
S01012428,946,831,115
S01012429,498,439,59
S01012430,1064,945,119
S01012431,1161,1001,160
S01012432,873,787,86
S01012433,909,803,106
S01012434,827,767,60
S01012435,939,886,53
S01012436,952,882,70
S01012437,816,750,66
S01012438,631,595,36
S01012439,963,861,102
S01012440,559,495,64
S01012441,1007,831,176
S01012442,697,593,104
S01012443,683,569,114
S01012444,1151,941,210
S01012445,116,94,22
S01012446,730,665,65
S01012447,978,824,154
S01012448,497,437,60
S01012449,589,501,88
S01012450,809,675,134
S01012451,927,762,165
S01012452,713,596,117
S01012453,906,732,174
S01012454,1166,987,179
S01012455,627,507,120
S01012456,1074,867,207
S01012457,1058,870,188
S01012458,900,710,190
S01012459,881,762,119
S01012460,905,785,120
S01012461,732,657,75
S01012462,908,856,52
S01012463,1037,920,117
S01012464,698,649,49
S01012465,1048,944,104
S01012466,1067,931,136
S01012467,1264,1158,106
S01012468,878,816,62
S01012469,1119,967,152
S01012470,994,904,90
S01012471,804,670,134
S01012472,848,723,125
S01012473,693,570,123
S01012474,800,703,97
S01012475,690,610,80
S01012476,1129,1021,108
S01012477,881,790,91
S01012478,836,774,62
S01012479,1118,1006,112
S01012480,177,152,25
S01012481,747,604,143
S01012482,805,683,122
S01012483,755,649,106
S01012484,1190,992,198
S01012485,1439,1217,222
S01012486,887,758,129
S01012487,620,567,53
S01012488,977,919,58
S01012489,1150,1055,95
S01012490,1050,940,110
S01012491,781,703,78
S01012492,994,898,96
S01012493,813,747,66
S01012494,1464,1320,144
S01012495,1113,1035,78
S01012496,893,847,46
S01012497,645,612,33
S01012498,938,893,45
S01012499,1099,1003,96
S01012500,665,622,43
S01012501,966,898,68
S01012502,959,873,86
S01012503,729,689,40
S01012504,590,557,33
S01012505,1042,971,71
S01012506,480,440,40
S01012507,963,897,66
S01012508,812,756,56
S01012509,581,547,34
S01012510,1099,991,108
S01012511,805,752,53
S01012512,966,858,108
S01012513,605,550,55
S01012514,766,698,68
S01012515,859,788,71
S01012516,658,598,60
S01012517,911,819,92
S01012518,819,711,108
S01012519,793,677,116
S01012520,862,756,106
S01012521,778,671,107
S01012522,954,852,102
S01012523,1113,984,129
S01012524,1083,967,116
S01012525,1051,942,109
S01012526,951,842,109
S01012527,692,626,66
S01012528,839,734,105
S01012529,982,909,73
S01012530,1148,1021,127
S01012531,844,741,103
S01012532,1079,882,197
S01012533,813,740,73
S01012534,951,858,93
S01012535,954,903,51
S01012536,880,819,61
S01012537,1173,1083,90
S01012538,1057,973,84
S01012539,850,759,91
S01012540,1098,1028,70
S01012541,1005,918,87
S01012542,1225,1070,155
S01012543,717,614,103
S01012544,583,517,66
S01012545,550,510,40
S01012546,994,862,132
S01012547,778,676,102
S01012548,883,745,138
S01012549,908,830,78
S01012550,1088,959,129
S01012551,1250,1075,175
S01012552,969,848,121
S01012553,819,699,120
S01012554,737,636,101
S01012555,592,544,48
S01012556,621,540,81
S01012557,867,744,123
S01012558,826,749,77
S01012559,929,846,83
S01012560,1132,1042,90
S01012561,1169,1066,103
S01012562,971,868,103
S01012563,786,629,157
S01012564,917,778,139
S01012565,959,826,133
S01012566,866,742,124
S01012567,1022,854,168
S01012568,1066,929,137
S01012569,791,653,138
S01012570,809,655,154
S01012571,799,659,140
S01012572,607,502,105
S01012573,842,690,152
S01012574,1238,988,250
S01012575,858,719,139
S01012576,940,790,150
S01012577,977,864,113
S01012578,1363,1138,225
S01012579,775,661,114
S01012580,732,559,173
S01012581,1325,1194,131
S01012582,744,663,81
S01012583,743,684,59
S01012584,638,581,57
S01012585,1429,1304,125
S01012586,1000,891,109
S01012587,800,727,73
S01012588,699,592,107
S01012589,876,836,40
S01012590,1063,1000,63
S01012591,1109,1043,66
S01012592,421,379,42
S01012593,953,895,58
S01012594,750,702,48
S01012595,918,866,52
S01012596,698,669,29
S01012597,345,325,20
S01012598,757,715,42
S01012599,715,652,63
S01012600,728,680,48
S01012601,860,804,56
S01012602,774,719,55
S01012603,699,671,28
S01012604,914,877,37
S01012605,709,657,52
S01012606,316,283,33
S01012607,817,771,46
S01012608,1124,1089,35
S01012609,1011,977,34
S01012610,1205,1155,50
S01012611,961,904,57
S01012612,1251,1157,94
S01012613,1351,1282,69
S01012614,1058,981,77
S01012615,1060,940,120
S01012616,783,735,48
S01012617,352,321,31
S01012618,733,674,59
S01012619,729,662,67
S01012620,1020,891,129
S01012621,993,900,93
S01012622,917,843,74
S01012623,895,850,45
S01012624,832,782,50
S01012625,729,693,36
S01012626,777,727,50
S01012627,667,607,60
S01012628,635,570,65
S01012629,344,305,39
S01012630,799,737,62
S01012631,1073,984,89
S01012632,551,490,61
S01012633,931,801,130
S01012634,1215,1054,161
S01012635,1397,1246,151
S01012636,697,625,72
S01012637,1133,1062,71
S01012638,1126,1046,80
S01012639,1384,1320,64
S01012640,1384,1231,153
S01012641,880,817,63
S01012642,1687,1578,109
S01012643,553,525,28
S01012644,543,510,33
S01012645,1063,956,107
S01012646,948,864,84
S01012647,319,277,42
S01012648,730,689,41
S01012649,913,869,44
S01012650,784,727,57
S01012651,832,791,41
S01012652,1055,953,102
S01012653,973,887,86
S01012654,897,813,84
S01012655,1239,1149,90
S01012656,959,905,54
S01012657,928,869,59
S01012658,972,922,50
S01012659,520,473,47
S01012660,772,730,42
S01012661,973,918,55
S01012662,1049,1003,46
S01012663,909,868,41
S01012664,976,935,41
S01012665,949,913,36
S01012666,888,855,33
S01012667,719,682,37
S01012668,1144,1078,66
S01012669,1091,1060,31
S01012670,716,669,47
S01012671,1283,1223,60
S01012672,727,690,37
S01012673,1135,1080,55
S01012674,767,742,25
S01012675,1116,1070,46
S01012676,958,913,45
S01012677,623,593,30
S01012678,824,775,49
S01012679,575,553,22
S01012680,245,231,14
S01012681,693,635,58
S01012682,886,823,63
S01012683,922,861,61
S01012684,473,418,55
S01012685,1237,1156,81
S01012686,1241,1103,138
S01012687,1435,1265,170
S01012688,944,827,117
S01012689,653,576,77
S01012690,542,470,72
S01012691,1078,904,174
S01012692,1019,885,134
S01012693,1008,824,184
S01012694,595,546,49
S01012695,730,650,80
S01012696,667,581,86
S01012697,505,432,73
S01012698,1067,974,93
S01012699,996,895,101
S01012700,980,909,71
S01012701,1188,1093,95
S01012702,437,420,17
S01012703,735,693,42
S01012704,711,689,22
S01012705,755,689,66
S01012706,1050,1003,47
S01012707,984,916,68
S01012708,1020,969,51
S01012709,749,716,33
S01012710,944,901,43
S01012711,1284,1220,64
S01012712,1016,930,86
S01012713,1205,1123,82
S01012714,727,673,54
S01012715,1013,957,56
S01012716,1191,1085,106
S01012717,965,893,72
S01012718,748,699,49
S01012719,858,773,85
S01012720,650,561,89
S01012721,708,678,30
S01012722,1204,1147,57
S01012723,888,848,40
S01012724,763,715,48
S01012725,926,870,56
S01012726,993,941,52
S01012727,989,961,28
S01012728,1130,1081,49
S01012729,1081,1022,59
S01012730,622,600,22
S01012731,864,830,34
S01012732,894,864,30
S01012733,210,195,15
S01012734,100,97,3
S01012735,616,601,15
S01012736,1302,1201,101
S01012737,1223,1147,76
S01012738,622,572,50
S01012739,123,117,6
S01012740,91,88,3
S01012741,686,644,42
S01012742,1032,940,92
S01012743,1019,953,66
S01012744,786,725,61
S01012745,885,810,75
S01012746,1124,1038,86
S01012747,1293,1212,81
S01012748,944,911,33
S01012749,886,848,38
S01012750,784,753,31
S01012751,1380,1326,54
S01012752,693,662,31
S01012753,540,524,16
S01012754,969,928,41
S01012755,630,604,26
S01012756,1006,956,50
S01012757,519,505,14
S01012758,646,623,23
S01012759,817,791,26
S01012760,957,918,39
S01012761,1059,1010,49
S01012762,876,829,47
S01012763,692,662,30
S01012764,1011,976,35
S01012765,663,641,22
S01012766,801,788,13
S01012767,901,857,44
S01012768,987,949,38
S01012769,532,502,30
S01012770,789,757,32
S01012771,924,877,47
S01012772,1193,1141,52
S01012773,1270,1218,52
S01012774,1012,958,54
S01012775,747,709,38
S01012776,930,892,38
S01012777,585,563,22
S01012778,750,720,30
S01012779,697,662,35
S01012780,837,787,50
S01012781,623,590,33
S01012782,969,944,25
S01012783,1070,1037,33
S01012784,948,910,38
S01012785,806,773,33
S01012786,870,816,54
S01012787,387,363,24
S01012788,1008,959,49
S01012789,1076,989,87
S01012790,521,468,53
S01012791,945,887,58
S01012792,1110,1064,46
S01012793,919,844,75
S01012794,282,260,22
S01012795,1192,1149,43
S01012796,555,527,28
S01012797,652,620,32
S01012798,881,788,93
S01012799,1170,1039,131
S01012800,872,783,89
S01012801,286,244,42
S01012802,672,595,77
S01012803,985,913,72
S01012804,915,865,50
S01012805,1055,1003,52
S01012806,1105,1042,63
S01012807,754,656,98
S01012808,901,836,65
S01012809,867,784,83
S01012810,940,888,52
S01012811,921,825,96
S01012812,993,917,76
S01012813,1097,1002,95
S01012814,827,774,53
S01012815,643,592,51
S01012816,432,408,24
S01012817,332,310,22
S01012818,888,833,55
S01012819,1235,1187,48
S01012820,699,657,42
S01012821,417,392,25
S01012822,783,743,40
S01012823,376,357,19
S01012824,893,845,48
S01012825,677,655,22
S01012826,610,592,18
S01012827,431,419,12
S01012828,563,525,38
S01012829,765,741,24
S01012830,714,673,41
S01012831,800,756,44
S01012832,646,621,25
S01012833,1090,1043,47
S01012834,830,790,40
S01012835,969,915,54
S01012836,66,63,3
S01012837,1085,1047,38
S01012838,910,871,39
S01012839,797,767,30
S01012840,426,407,19
S01012841,834,791,43
S01012842,1102,1037,65
S01012843,1042,941,101
S01012844,1041,934,107
S01012845,998,928,70
S01012846,1029,977,52
S01012847,873,839,34
S01012848,630,602,28
S01012849,978,943,35
S01012850,972,939,33
S01012851,1044,1001,43
S01012852,1105,1034,71
S01012853,1021,967,54
S01012854,1087,1023,64
S01012855,1043,975,68
S01012856,909,867,42
S01012857,1374,1308,66
S01012858,862,828,34
S01012859,949,913,36
S01012860,954,882,72
S01012861,678,623,55
S01012862,788,745,43
S01012863,784,752,32
S01012864,779,736,43
S01012865,1206,1161,45
S01012866,1018,985,33
S01012867,933,913,20
S01012868,776,738,38
S01012869,614,592,22
S01012870,980,932,48
S01012871,1006,946,60
S01012872,993,939,54
S01012873,1125,1040,85
S01012874,950,917,33
S01012875,640,613,27
S01012876,991,946,45
S01012877,786,760,26
S01012878,958,915,43
S01012879,1057,1000,57
S01012880,1114,1032,82
S01012881,1354,1289,65
S01012882,740,716,24
S01012883,1079,1037,42
S01012884,677,637,40
S01012885,919,888,31
S01012886,989,915,74
S01012887,744,690,54
S01012888,983,906,77
S01012889,800,747,53
S01012890,700,661,39
S01012891,826,795,31
S01012892,1257,1222,35
S01012893,1057,1004,53
S01012894,254,225,29
S01012895,476,443,33
S01012896,1111,1029,82
S01012897,644,611,33
S01012898,237,222,15
S01012899,749,706,43
S01012900,927,843,84
S01012901,1322,1229,93
S01012902,1066,998,68
S01012903,1068,1006,62
S01012904,1058,996,62
S01012905,1047,985,62
S01012906,1137,1061,76
S01012907,1116,1052,64
S01012908,1183,1124,59
S01012909,952,903,49
S01012910,1327,1248,79
S01012911,866,820,46
S01012912,1142,1093,49
S01012913,1053,1001,52
S01012914,963,896,67
S01012915,650,603,47
S01012916,1057,986,71
S01012917,786,732,54
S01012918,940,888,52
S01012919,509,481,28
S01012920,644,600,44
S01012921,770,733,37
S01012922,761,713,48
S01012923,907,851,56
S01012924,651,617,34
S01012925,684,643,41
S01012926,765,725,40
S01012927,827,766,61
S01012928,1011,933,78
S01012929,968,905,63
S01012930,877,811,66
S01012931,1136,1051,85
S01012932,661,610,51
S01012933,912,867,45
S01012934,867,815,52
S01012935,1533,1435,98
S01012936,792,721,71
S01012937,906,832,74
S01012938,962,877,85
S01012939,846,753,93
S01012940,904,807,97
S01012941,929,832,97
S01012942,930,868,62
S01012943,883,815,68
S01012944,779,704,75
S01012945,759,677,82
S01012946,808,750,58
S01012947,668,606,62
S01012948,1176,1098,78
S01012949,842,783,59
S01012950,847,762,85
S01012951,499,459,40
S01012952,575,501,74
S01012953,790,736,54
S01012954,513,468,45
S01012955,553,475,78
S01012956,999,935,64
S01012957,857,805,52
S01012958,550,516,34
S01012959,660,632,28
S01012960,864,804,60
S01012961,1093,1008,85
S01012962,1027,945,82
S01012963,410,370,40
S01012964,289,254,35
S01012965,648,596,52
S01012966,1028,937,91
S01012967,1128,1045,83
S01012968,904,843,61
S01012969,1079,1008,71
S01012970,947,886,61
S01012971,1140,1062,78
S01012972,827,756,71
S01012973,983,931,52
S01012974,1123,1064,59
S01012975,825,775,50
S01012976,791,747,44
S01012977,981,929,52
S01012978,1126,1022,104
S01012979,781,736,45
S01012980,878,838,40
S01012981,929,871,58
S01012982,891,830,61
S01012983,791,732,59
S01012984,871,825,46
S01012985,980,923,57
S01012986,1043,1001,42
S01012987,1153,1097,56
S01012988,1134,1070,64
S01012989,1256,1169,87
S01012990,1158,1101,57
S01012991,1119,1066,53
S01012992,1067,1005,62
S01012993,1093,1030,63
S01012994,985,903,82
S01012995,931,874,57
S01012996,1064,1007,57
S01012997,644,584,60
S01012998,991,936,55
S01012999,598,563,35
S01013000,1228,1154,74
S01013001,464,352,112
S01013002,728,576,152
S01013003,795,614,181
S01013004,1057,850,207
S01013005,807,631,176
S01013006,698,546,152
S01013007,1377,1123,254
S01013008,1074,929,145
S01013009,681,566,115
S01013010,539,431,108
S01013011,682,573,109
S01013012,903,775,128
S01013013,937,789,148
S01013014,791,663,128
S01013015,761,608,153
S01013016,896,700,196
S01013017,1003,805,198
S01013018,1113,862,251
S01013019,869,678,191
S01013020,1016,871,145
S01013021,791,697,94
S01013022,376,328,48
S01013023,1063,834,229
S01013024,635,544,91
S01013025,932,749,183
S01013026,782,726,56
S01013027,1604,1479,125
S01013028,524,468,56
S01013029,720,689,31
S01013030,921,867,54
S01013031,749,715,34
S01013032,515,485,30
S01013033,518,480,38
S01013034,878,836,42
S01013035,874,828,46
S01013036,948,889,59
S01013037,1236,1161,75
S01013038,1273,1173,100
S01013039,612,535,77
S01013040,662,612,50
S01013041,620,563,57
S01013042,723,678,45
S01013043,855,796,59
S01013044,1217,1147,70
S01013045,551,501,50
S01013046,775,708,67
S01013047,957,787,170
S01013048,1300,1132,168
S01013049,1079,959,120
S01013050,936,864,72
S01013051,933,861,72
S01013052,842,788,54
S01013053,1066,993,73
S01013054,1054,961,93
S01013055,718,655,63
S01013056,1297,1207,90
S01013057,1140,1058,82
S01013058,355,290,65
S01013059,1027,867,160
S01013060,514,414,100
S01013061,1096,907,189
S01013062,952,729,223
S01013063,873,632,241
S01013064,1045,971,74
S01013065,1158,1056,102
S01013066,763,629,134
S01013067,1041,724,317
S01013068,1166,927,239
S01013069,814,572,242
S01013070,950,681,269
S01013071,890,547,343
S01013072,817,744,73
S01013073,974,879,95
S01013074,1468,1378,90
S01013075,931,861,70
S01013076,671,452,219
S01013077,773,707,66
S01013078,693,624,69
S01013079,430,362,68
S01013080,1056,820,236
S01013081,786,639,147
S01013082,1204,1005,199
S01013083,1192,822,370
S01013084,1016,850,166
S01013085,1018,734,284
S01013086,1066,782,284
S01013087,1545,931,614
S01013088,919,647,272
S01013089,830,713,117
S01013090,889,704,185
S01013091,366,283,83
S01013092,937,779,158
S01013093,481,377,104
S01013094,800,600,200
S01013095,1045,752,293
S01013096,826,580,246
S01013097,1164,743,421
S01013098,116,102,14
S01013099,859,620,239
S01013100,970,703,267
S01013101,1743,1493,250
S01013102,819,621,198
S01013103,830,648,182
S01013104,1136,878,258
S01013105,897,689,208
S01013106,987,761,226
S01013107,919,665,254
S01013108,748,598,150
S01013109,1280,1009,271
S01013110,637,492,145
S01013111,642,483,159
S01013112,607,461,146
S01013113,1116,963,153
S01013114,1309,1018,291
S01013115,996,801,195
S01013116,1034,770,264
S01013117,941,743,198
S01013118,1189,850,339
S01013119,755,499,256
S01013120,1150,842,308
S01013121,451,360,91
S01013122,858,810,48
S01013123,995,935,60
S01013124,1223,1151,72
S01013125,962,901,61
S01013126,898,838,60
S01013127,947,900,47
S01013128,814,749,65
S01013129,1093,1050,43
S01013130,1056,995,61
S01013131,1026,953,73
S01013132,708,644,64
S01013133,792,724,68
S01013134,823,769,54
S01013135,1168,1106,62
S01013136,1266,1201,65
S01013137,1047,985,62
S01013138,1005,958,47
S01013139,1160,1074,86
S01013140,1153,1061,92
S01013141,744,701,43
S01013142,1094,1038,56
S01013143,1067,1003,64
S01013144,942,899,43
S01013145,954,908,46
S01013146,590,565,25
S01013147,807,758,49
S01013148,1072,1024,48
S01013149,766,732,34
S01013150,933,890,43
S01013151,572,533,39
S01013152,1202,1130,72
S01013153,881,825,56
S01013154,1414,1330,84
S01013155,971,930,41
S01013156,1144,1089,55
S01013157,1085,1027,58
S01013158,775,728,47
S01013159,899,835,64
S01013160,1117,1052,65
S01013161,994,948,46
S01013162,1032,984,48
S01013163,894,864,30
S01013164,1009,943,66
S01013165,1297,1207,90
S01013166,763,725,38
S01013167,1124,1058,66
S01013168,1163,1097,66
S01013169,846,789,57
S01013170,1259,1189,70
S01013171,872,833,39
S01013172,949,893,56
S01013173,875,828,47
S01013174,1219,1147,72
S01013175,853,812,41
S01013176,1073,1011,62
S01013177,1185,1114,71
S01013178,648,598,50
S01013179,1166,1079,87
S01013180,523,480,43
S01013181,1032,968,64
S01013182,865,807,58
S01013183,1057,978,79
S01013184,748,687,61
S01013185,1122,1048,74
S01013186,761,698,63
S01013187,944,875,69
S01013188,1076,991,85
S01013189,877,828,49
S01013190,739,696,43
S01013191,774,728,46
S01013192,1143,1071,72
S01013193,556,516,40
S01013194,993,893,100
S01013195,846,767,79
S01013196,778,706,72
S01013197,624,569,55
S01013198,955,885,70
S01013199,880,798,82
S01013200,1109,992,117
S01013201,900,825,75
S01013202,653,594,59
S01013203,1038,934,104
S01013204,953,835,118
S01013205,856,786,70
S01013206,1060,990,70
S01013207,918,862,56
S01013208,542,512,30
S01013209,1011,949,62
S01013210,808,748,60
S01013211,1062,982,80
S01013212,873,777,96
S01013213,1000,875,125
S01013214,422,353,69
S01013215,822,727,95
S01013216,908,850,58
S01013217,867,803,64
S01013218,863,804,59
S01013219,849,788,61
S01013220,881,803,78
S01013221,1044,947,97
S01013222,520,487,33
S01013223,1156,1070,86
S01013224,1229,1125,104
S01013225,843,779,64
S01013226,331,307,24
S01013227,514,474,40
S01013228,999,927,72
S01013229,1109,1027,82
S01013230,998,949,49
S01013231,1096,994,102
S01013232,817,769,48
S01013233,620,548,72
S01013234,403,360,43
S01013235,1189,1090,99
S01013236,1130,1025,105
S01013237,1035,926,109
S01013238,1095,1014,81
S01013239,1065,975,90
S01013240,774,710,64
S01013241,976,872,104
S01013242,732,605,127
S01013243,821,774,47
S01013244,1202,1146,56
S01013245,877,844,33
S01013246,435,399,36
S01013247,963,910,53
S01013248,732,699,33
S01013249,950,889,61
S01013250,1103,960,143
S01013251,821,759,62
S01013252,995,903,92
S01013253,782,708,74
S01013254,849,771,78
S01013255,931,866,65
S01013256,729,654,75
S01013257,976,881,95
S01013258,966,860,106
S01013259,1430,1297,133
S01013260,942,865,77
S01013261,1245,1141,104
S01013262,833,784,49
S01013263,569,450,119
S01013264,300,257,43
S01013265,423,334,89
S01013266,309,224,85
S01013267,787,692,95
S01013268,1254,1101,153
S01013269,1002,880,122
S01013270,698,553,145
S01013271,1002,741,261
S01013272,996,785,211
S01013273,492,386,106
S01013274,1021,866,155
S01013275,1227,1026,201
S01013276,994,865,129
S01013277,1006,899,107
S01013278,1066,945,121
S01013279,901,798,103
S01013280,882,757,125
S01013281,955,842,113
S01013282,855,771,84
S01013283,837,765,72
S01013284,679,597,82
S01013285,780,676,104
S01013286,839,747,92
S01013287,863,743,120
S01013288,763,675,88
S01013289,965,722,243
S01013290,1160,951,209
S01013291,1141,975,166
S01013292,893,794,99
S01013293,899,756,143
S01013294,897,788,109
S01013295,951,826,125
S01013296,940,864,76
S01013297,1072,973,99
S01013298,790,708,82
S01013299,935,885,50
S01013300,811,766,45
S01013301,697,643,54
S01013302,665,591,74
S01013303,1228,1061,167
S01013304,1033,934,99
S01013305,857,767,90
S01013306,1015,923,92
S01013307,1135,1016,119
S01013308,636,583,53
S01013309,876,700,176
S01013310,697,616,81
S01013311,924,834,90
S01013312,1632,1430,202
S01013313,666,603,63
S01013314,939,829,110
S01013315,277,239,38
S01013316,754,653,101
S01013317,687,591,96
S01013318,649,521,128
S01013319,739,601,138
S01013320,601,503,98
S01013321,458,415,43
S01013322,845,715,130
S01013323,870,771,99
S01013324,1074,947,127
S01013325,869,775,94
S01013326,1006,883,123
S01013327,927,818,109
S01013328,786,710,76
S01013329,603,547,56
S01013330,711,585,126
S01013331,571,448,123
S01013332,875,750,125
S01013333,1074,914,160
S01013334,771,676,95
S01013335,1056,959,97
S01013336,1198,1035,163
S01013337,1133,989,144
S01013338,368,318,50
S01013339,900,761,139
S01013340,1338,1087,251
S01013341,767,564,203
S01013342,920,838,82
S01013343,717,658,59
S01013344,710,653,57
S01013345,916,814,102
S01013346,729,597,132
S01013347,738,631,107
S01013348,491,394,97
S01013349,220,189,31
S01013350,629,565,64
S01013351,819,711,108
S01013352,1095,949,146
S01013353,1207,1085,122
S01013354,787,721,66
S01013355,985,920,65
S01013356,840,779,61
S01013357,510,465,45
S01013358,810,764,46
S01013359,692,658,34
S01013360,737,699,38
S01013361,924,867,57
S01013362,613,585,28
S01013363,1074,1011,63
S01013364,746,691,55
S01013365,1085,1007,78
S01013366,644,620,24
S01013367,628,568,60
S01013368,906,850,56
S01013369,905,876,29
S01013370,868,811,57
S01013371,879,846,33
S01013372,1044,996,48
S01013373,1150,1087,63
S01013374,1047,986,61
S01013375,686,655,31
S01013376,719,681,38
S01013377,803,762,41
S01013378,957,897,60
S01013379,1121,1061,60
S01013380,523,495,28
S01013381,733,694,39
S01013382,765,708,57
S01013383,864,816,48
S01013384,1176,1120,56
S01013385,726,697,29
S01013386,763,714,49
S01013387,742,699,43
S01013388,761,714,47
S01013389,1073,1018,55
S01013390,609,584,25
S01013391,986,905,81
S01013392,386,365,21
S01013393,1082,1026,56
S01013394,761,716,45
S01013395,894,836,58
S01013396,382,345,37
S01013397,889,836,53
S01013398,337,305,32
S01013399,476,452,24
S01013400,596,553,43
S01013401,141,127,14
S01013402,76,73,3
S01013403,101,78,23
S01013404,488,425,63
S01013405,707,657,50
S01013406,781,728,53
S01013407,842,776,66
S01013408,791,742,49
S01013409,991,900,91
S01013410,496,469,27
S01013411,761,659,102
S01013412,833,753,80
S01013413,804,738,66
S01013414,669,621,48
S01013415,785,724,61
S01013416,588,546,42
S01013417,733,668,65
S01013418,634,576,58
S01013419,649,579,70
S01013420,822,774,48
S01013421,510,473,37
S01013422,1045,993,52
S01013423,898,839,59
S01013424,914,841,73
S01013425,456,423,33
S01013426,886,852,34
S01013427,232,193,39
S01013428,944,882,62
S01013429,1244,1178,66
S01013430,789,748,41
S01013431,912,860,52
S01013432,880,769,111
S01013433,778,654,124
S01013434,514,435,79
S01013435,862,660,202
S01013436,919,834,85
S01013437,717,641,76
S01013438,709,607,102
S01013439,965,789,176
S01013440,1315,1085,230
S01013441,788,617,171
S01013442,914,809,105
S01013443,497,418,79
S01013444,1177,996,181
S01013445,720,614,106
S01013446,741,646,95
S01013447,566,442,124
S01013448,1001,803,198
S01013449,839,706,133
S01013450,885,712,173
S01013451,972,816,156
S01013452,626,524,102
S01013453,983,919,64
S01013454,705,610,95
S01013455,502,429,73
S01013456,1087,964,123
S01013457,1024,937,87
S01013458,895,817,78
S01013459,988,903,85
S01013460,1039,987,52
S01013461,945,845,100
S01013462,971,831,140
S01013463,584,541,43
S01013464,920,828,92
S01013465,872,791,81
S01013466,386,333,53
S01013467,410,359,51
S01013468,719,650,69
S01013469,1053,940,113
S01013470,898,818,80
S01013471,1020,919,101
S01013472,440,405,35
S01013473,272,236,36
S01013474,467,411,56
S01013475,904,813,91
S01013476,679,628,51
S01013477,993,889,104
S01013478,872,781,91
S01013479,1046,950,96
S01013480,657,616,41
S01013481,399,362,37
