dz_2001,total,scotland,nonscot
S01000001,872,648,224
S01000002,678,581,97
S01000003,788,694,94
S01000004,612,527,85
S01000005,643,506,137
S01000006,644,550,94
S01000007,751,598,153
S01000008,580,491,89
S01000009,681,622,59
S01000010,514,455,59
S01000011,1043,680,363
S01000012,1528,1267,261
S01000013,836,702,134
S01000014,881,756,125
S01000015,669,580,89
S01000016,540,329,211
S01000017,848,759,89
S01000018,520,457,63
S01000019,648,502,146
S01000020,914,575,339
S01000021,861,764,97
S01000022,627,408,219
S01000023,762,523,239
S01000024,519,348,171
S01000025,865,543,322
S01000026,849,743,106
S01000027,798,577,221
S01000028,919,796,123
S01000029,729,403,326
S01000030,449,417,32
S01000031,941,666,275
S01000032,1063,958,105
S01000033,802,712,90
S01000034,1238,799,439
S01000035,1034,740,294
S01000036,683,568,115
S01000037,765,622,143
S01000038,678,601,77
S01000039,902,736,166
S01000040,934,841,93
S01000041,831,691,140
S01000042,755,632,123
S01000043,896,644,252
S01000044,959,777,182
S01000045,569,483,86
S01000046,754,624,130
S01000047,807,598,209
S01000048,960,741,219
S01000049,747,605,142
S01000050,744,591,153
S01000051,797,699,98
S01000052,627,571,56
S01000053,1100,843,257
S01000054,801,670,131
S01000055,803,605,198
S01000056,1014,713,301
S01000057,699,564,135
S01000058,712,555,157
S01000059,957,659,298
S01000060,634,481,153
S01000061,1001,747,254
S01000062,1038,736,302
S01000063,910,701,209
S01000064,623,488,135
S01000065,1002,772,230
S01000066,959,669,290
S01000067,1065,805,260
S01000068,879,630,249
S01000069,718,586,132
S01000070,658,514,144
S01000071,812,589,223
S01000072,907,722,185
S01000073,630,549,81
S01000074,870,680,190
S01000075,539,407,132
S01000076,721,624,97
S01000077,951,679,272
S01000078,1097,575,522
S01000079,1448,915,533
S01000080,1015,699,316
S01000081,889,698,191
S01000082,933,759,174
S01000083,774,525,249
S01000084,859,520,339
S01000085,520,340,180
S01000086,725,436,289
S01000087,1071,709,362
S01000088,934,608,326
S01000089,947,778,169
S01000090,769,481,288
S01000091,1096,706,390
S01000092,906,527,379
S01000093,735,456,279
S01000094,712,427,285
S01000095,717,464,253
S01000096,690,559,131
S01000097,1001,670,331
S01000098,1240,713,527
S01000099,811,635,176
S01000100,871,497,374
S01000101,888,610,278
S01000102,795,539,256
S01000103,628,367,261
S01000104,905,632,273
S01000105,870,696,174
S01000106,724,489,235
S01000107,1269,698,571
S01000108,753,485,268
S01000109,1019,635,384
S01000110,846,719,127
S01000111,791,518,273
S01000112,983,670,313
S01000113,607,414,193
S01000114,814,596,218
S01000115,838,712,126
S01000116,923,563,360
S01000117,1033,778,255
S01000118,712,569,143
S01000119,835,553,282
S01000120,566,332,234
S01000121,718,582,136
S01000122,701,587,114
S01000123,673,500,173
S01000124,988,570,418
S01000125,648,484,164
S01000126,945,605,340
S01000127,766,592,174
S01000128,1804,1017,787
S01000129,1005,429,576
S01000130,1557,929,628
S01000131,622,439,183
S01000132,757,480,277
S01000133,878,768,110
S01000134,728,652,76
S01000135,687,493,194
S01000136,675,558,117
S01000137,967,629,338
S01000138,1373,729,644
S01000139,790,661,129
S01000140,853,771,82
S01000141,826,563,263
S01000142,685,577,108
S01000143,618,490,128
S01000144,730,431,299
S01000145,815,733,82
S01000146,1537,912,625
S01000147,1042,662,380
S01000148,605,537,68
S01000149,1180,691,489
S01000150,619,537,82
S01000151,865,784,81
S01000152,1288,844,444
S01000153,963,623,340
S01000154,524,478,46
S01000155,739,671,68
S01000156,1031,549,482
S01000157,691,558,133
S01000158,926,728,198
S01000159,976,768,208
S01000160,761,692,69
S01000161,915,556,359
S01000162,830,617,213
S01000163,1057,957,100
S01000164,929,587,342
S01000165,914,697,217
S01000166,1274,716,558
S01000167,701,631,70
S01000168,975,874,101
S01000169,712,609,103
S01000170,1133,654,479
S01000171,1079,839,240
S01000172,471,359,112
S01000173,849,668,181
S01000174,900,675,225
S01000175,536,330,206
S01000176,762,474,288
S01000177,559,392,167
S01000178,774,658,116
S01000179,877,593,284
S01000180,663,591,72
S01000181,606,524,82
S01000182,916,820,96
S01000183,1362,699,663
S01000184,742,560,182
S01000185,887,586,301
S01000186,950,825,125
S01000187,627,525,102
S01000188,1219,611,608
S01000189,623,537,86
S01000190,835,745,90
S01000191,1223,860,363
S01000192,810,536,274
S01000193,727,649,78
S01000194,872,529,343
S01000195,723,486,237
S01000196,1005,844,161
S01000197,587,512,75
S01000198,831,668,163
S01000199,853,487,366
S01000200,833,677,156
S01000201,622,498,124
S01000202,1015,719,296
S01000203,712,376,336
S01000204,577,525,52
S01000205,973,539,434
S01000206,704,579,125
S01000207,928,658,270
S01000208,1015,758,257
S01000209,1391,948,443
S01000210,684,446,238
S01000211,747,491,256
S01000212,754,622,132
S01000213,740,579,161
S01000214,460,418,42
S01000215,1160,909,251
S01000216,654,535,119
S01000217,810,508,302
S01000218,666,602,64
S01000219,851,486,365
S01000220,2648,1145,1503
S01000221,840,700,140
S01000222,737,656,81
S01000223,607,503,104
S01000224,846,775,71
S01000225,576,502,74
S01000226,608,473,135
S01000227,1334,1087,247
S01000228,829,674,155
S01000229,822,734,88
S01000230,618,536,82
S01000231,694,618,76
S01000232,615,542,73
S01000233,496,426,70
S01000234,697,631,66
S01000235,837,740,97
S01000236,672,584,88
S01000237,816,725,91
S01000238,493,428,65
S01000239,691,606,85
S01000240,634,578,56
S01000241,599,516,83
S01000242,744,590,154
S01000243,649,598,51
S01000244,1139,1007,132
S01000245,959,834,125
S01000246,689,607,82
S01000247,655,578,77
S01000248,741,652,89
S01000249,650,544,106
S01000250,832,701,131
S01000251,465,377,88
S01000252,790,660,130
S01000253,651,559,92
S01000254,832,689,143
S01000255,586,513,73
S01000256,805,697,108
S01000257,917,785,132
S01000258,608,523,85
S01000259,611,507,104
S01000260,865,704,161
S01000261,900,775,125
S01000262,913,800,113
S01000263,820,686,134
S01000264,909,766,143
S01000265,712,632,80
S01000266,1248,1062,186
S01000267,720,635,85
S01000268,816,646,170
S01000269,628,480,148
S01000270,1031,829,202
S01000271,877,626,251
S01000272,1122,881,241
S01000273,620,471,149
S01000274,678,548,130
S01000275,1435,1237,198
S01000276,786,608,178
S01000277,723,600,123
S01000278,577,489,88
S01000279,956,748,208
S01000280,761,597,164
S01000281,675,529,146
S01000282,750,593,157
S01000283,1090,805,285
S01000284,1266,975,291
S01000285,719,575,144
S01000286,916,727,189
S01000287,732,556,176
S01000288,807,695,112
S01000289,888,743,145
S01000290,822,718,104
S01000291,951,797,154
S01000292,1029,836,193
S01000293,843,656,187
S01000294,648,540,108
S01000295,538,438,100
S01000296,969,732,237
S01000297,729,615,114
S01000298,1131,928,203
S01000299,1019,621,398
S01000300,759,581,178
S01000301,554,379,175
S01000302,630,469,161
S01000303,584,398,186
S01000304,829,699,130
S01000305,1040,880,160
S01000306,790,565,225
S01000307,922,735,187
S01000308,1218,944,274
S01000309,1203,819,384
S01000310,946,818,128
S01000311,938,598,340
S01000312,539,404,135
S01000313,681,494,187
S01000314,551,477,74
S01000315,667,446,221
S01000316,901,688,213
S01000317,542,432,110
S01000318,549,357,192
S01000319,712,629,83
S01000320,671,586,85
S01000321,595,489,106
S01000322,996,675,321
S01000323,879,719,160
S01000324,835,731,104
S01000325,1291,950,341
S01000326,805,695,110
S01000327,811,729,82
S01000328,534,439,95
S01000329,836,718,118
S01000330,1322,969,353
S01000331,560,432,128
S01000332,745,510,235
S01000333,948,638,310
S01000334,903,714,189
S01000335,792,628,164
S01000336,1440,1109,331
S01000337,841,567,274
S01000338,495,361,134
S01000339,1236,910,326
S01000340,1058,843,215
S01000341,1009,735,274
S01000342,478,396,82
S01000343,584,435,149
S01000344,992,761,231
S01000345,626,523,103
S01000346,643,565,78
S01000347,1606,1304,302
S01000348,730,603,127
S01000349,537,438,99
S01000350,1082,894,188
S01000351,939,748,191
S01000352,699,596,103
S01000353,508,417,91
S01000354,1576,1238,338
S01000355,615,507,108
S01000356,642,475,167
S01000357,580,484,96
S01000358,889,726,163
S01000359,836,629,207
S01000360,536,372,164
S01000361,678,535,143
S01000362,971,772,199
S01000363,1178,915,263
S01000364,955,693,262
S01000365,2070,1650,420
S01000366,2125,1803,322
S01000367,845,691,154
S01000368,1286,1023,263
S01000369,938,790,148
S01000370,1511,1254,257
S01000371,927,776,151
S01000372,951,765,186
S01000373,667,529,138
S01000374,647,555,92
S01000375,612,529,83
S01000376,826,702,124
S01000377,852,633,219
S01000378,543,498,45
S01000379,655,534,121
S01000380,957,774,183
S01000381,1621,1344,277
S01000382,733,521,212
S01000383,1166,994,172
S01000384,706,496,210
S01000385,622,526,96
S01000386,1260,1028,232
S01000387,871,749,122
S01000388,1083,869,214
S01000389,861,728,133
S01000390,822,727,95
S01000391,726,614,112
S01000392,800,680,120
S01000393,891,763,128
S01000394,693,599,94
S01000395,800,612,188
S01000396,843,760,83
S01000397,938,820,118
S01000398,2417,1964,453
S01000399,598,460,138
S01000400,803,661,142
S01000401,904,670,234
S01000402,751,655,96
S01000403,787,659,128
S01000404,708,620,88
S01000405,522,424,98
S01000406,534,456,78
S01000407,595,526,69
S01000408,609,517,92
S01000409,579,513,66
S01000410,748,510,238
S01000411,702,540,162
S01000412,798,661,137
S01000413,871,693,178
S01000414,694,529,165
S01000415,927,759,168
S01000416,910,774,136
S01000417,1008,871,137
S01000418,718,483,235
S01000419,1523,1187,336
S01000420,1339,1066,273
S01000421,786,572,214
S01000422,947,768,179
S01000423,1026,786,240
S01000424,743,609,134
S01000425,842,687,155
S01000426,826,667,159
S01000427,743,609,134
S01000428,666,540,126
S01000429,871,744,127
S01000430,501,431,70
S01000431,722,631,91
S01000432,881,719,162
S01000433,510,464,46
S01000434,602,526,76
S01000435,514,471,43
S01000436,629,552,77
S01000437,947,815,132
S01000438,594,505,89
S01000439,823,659,164
S01000440,1091,832,259
S01000441,900,626,274
S01000442,843,652,191
S01000443,608,436,172
S01000444,2534,2028,506
S01000445,1201,967,234
S01000446,951,686,265
S01000447,782,674,108
S01000448,859,677,182
S01000449,740,615,125
S01000450,553,433,120
S01000451,855,610,245
S01000452,573,446,127
S01000453,584,432,152
S01000454,443,365,78
S01000455,846,658,188
S01000456,1132,860,272
S01000457,819,706,113
S01000458,930,674,256
S01000459,1013,834,179
S01000460,707,644,63
S01000461,865,738,127
S01000462,1034,918,116
S01000463,733,602,131
S01000464,848,555,293
S01000465,665,460,205
S01000466,880,629,251
S01000467,614,515,99
S01000468,535,395,140
S01000469,641,592,49
S01000470,1064,955,109
S01000471,837,695,142
S01000472,759,649,110
S01000473,661,574,87
S01000474,625,456,169
S01000475,727,645,82
S01000476,627,461,166
S01000477,674,621,53
S01000478,790,682,108
S01000479,847,759,88
S01000480,670,574,96
S01000481,2138,1860,278
S01000482,896,612,284
S01000483,983,838,145
S01000484,805,598,207
S01000485,987,892,95
S01000486,1132,720,412
S01000487,621,536,85
S01000488,624,560,64
S01000489,937,717,220
S01000490,540,459,81
S01000491,539,422,117
S01000492,951,732,219
S01000493,641,509,132
S01000494,551,432,119
S01000495,903,798,105
S01000496,529,447,82
S01000497,768,680,88
S01000498,520,456,64
S01000499,1020,880,140
S01000500,604,522,82
S01000501,577,527,50
S01000502,638,472,166
S01000503,494,360,134
S01000504,770,608,162
S01000505,727,608,119
S01000506,1024,808,216
S01000507,995,865,130
S01000508,889,610,279
S01000509,1045,893,152
S01000510,665,552,113
S01000511,573,474,99
S01000512,990,855,135
S01000513,881,670,211
S01000514,941,790,151
S01000515,551,418,133
S01000516,883,769,114
S01000517,737,568,169
S01000518,963,856,107
S01000519,515,393,122
S01000520,1129,830,299
S01000521,945,796,149
S01000522,665,478,187
S01000523,851,728,123
S01000524,706,561,145
S01000525,1047,729,318
S01000526,1000,730,270
S01000527,685,572,113
S01000528,946,715,231
S01000529,805,512,293
S01000530,486,381,105
S01000531,574,403,171
S01000532,788,628,160
S01000533,715,622,93
S01000534,760,656,104
S01000535,1020,925,95
S01000536,494,342,152
S01000537,1056,917,139
S01000538,740,658,82
S01000539,990,742,248
S01000540,727,637,90
S01000541,592,464,128
S01000542,647,555,92
S01000543,832,782,50
S01000544,667,517,150
S01000545,755,545,210
S01000546,860,780,80
S01000547,543,483,60
S01000548,1085,901,184
S01000549,1219,1131,88
S01000550,471,445,26
S01000551,892,746,146
S01000552,540,501,39
S01000553,888,820,68
S01000554,679,569,110
S01000555,860,742,118
S01000556,812,731,81
S01000557,913,805,108
S01000558,547,459,88
S01000559,668,582,86
S01000560,1086,889,197
S01000561,1012,856,156
S01000562,847,736,111
S01000563,1145,670,475
S01000564,927,602,325
S01000565,796,690,106
S01000566,867,673,194
S01000567,824,661,163
S01000568,526,454,72
S01000569,759,690,69
S01000570,892,791,101
S01000571,803,707,96
S01000572,711,620,91
S01000573,538,455,83
S01000574,750,638,112
S01000575,640,568,72
S01000576,542,469,73
S01000577,567,515,52
S01000578,633,567,66
S01000579,884,780,104
S01000580,956,752,204
S01000581,700,633,67
S01000582,648,571,77
S01000583,939,812,127
S01000584,840,739,101
S01000585,1224,1070,154
S01000586,722,637,85
S01000587,658,593,65
S01000588,576,509,67
S01000589,709,609,100
S01000590,846,713,133
S01000591,775,703,72
S01000592,875,770,105
S01000593,1555,1330,225
S01000594,1331,1134,197
S01000595,758,665,93
S01000596,795,696,99
S01000597,965,844,121
S01000598,1348,1152,196
S01000599,1145,961,184
S01000600,776,719,57
S01000601,1232,1027,205
S01000602,743,653,90
S01000603,1022,870,152
S01000604,976,831,145
S01000605,813,712,101
S01000606,860,750,110
S01000607,752,643,109
S01000608,1195,982,213
S01000609,1051,895,156
S01000610,804,645,159
S01000611,631,534,97
S01000612,1039,883,156
S01000613,1047,899,148
S01000614,678,582,96
S01000615,809,700,109
S01000616,1442,1092,350
S01000617,665,582,83
S01000618,815,720,95
S01000619,708,554,154
S01000620,1169,1015,154
S01000621,1082,951,131
S01000622,768,668,100
S01000623,769,691,78
S01000624,616,532,84
S01000625,641,563,78
S01000626,804,705,99
S01000627,849,761,88
S01000628,580,510,70
S01000629,911,797,114
S01000630,738,649,89
S01000631,612,548,64
S01000632,539,457,82
S01000633,523,459,64
S01000634,735,665,70
S01000635,643,572,71
S01000636,521,462,59
S01000637,648,543,105
S01000638,589,456,133
S01000639,641,516,125
S01000640,721,627,94
S01000641,814,689,125
S01000642,908,718,190
S01000643,675,574,101
S01000644,711,592,119
S01000645,980,789,191
S01000646,782,709,73
S01000647,777,722,55
S01000648,896,811,85
S01000649,596,472,124
S01000650,712,655,57
S01000651,886,753,133
S01000652,774,709,65
S01000653,994,871,123
S01000654,971,883,88
S01000655,792,701,91
S01000656,799,685,114
S01000657,816,721,95
S01000658,606,516,90
S01000659,1321,1172,149
S01000660,1026,926,100
S01000661,822,731,91
S01000662,734,662,72
S01000663,811,737,74
S01000664,851,728,123
S01000665,669,576,93
S01000666,528,444,84
S01000667,987,866,121
S01000668,864,797,67
S01000669,827,697,130
S01000670,669,591,78
S01000671,590,488,102
S01000672,713,612,101
S01000673,721,594,127
S01000674,1080,862,218
S01000675,714,598,116
S01000676,457,375,82
S01000677,877,722,155
S01000678,901,789,112
S01000679,779,682,97
S01000680,967,831,136
S01000681,990,811,179
S01000682,768,625,143
S01000683,546,453,93
S01000684,740,635,105
S01000685,912,772,140
S01000686,770,631,139
S01000687,827,741,86
S01000688,722,630,92
S01000689,648,523,125
S01000690,992,844,148
S01000691,808,727,81
S01000692,750,594,156
S01000693,1015,854,161
S01000694,701,627,74
S01000695,788,665,123
S01000696,774,654,120
S01000697,958,783,175
S01000698,620,546,74
S01000699,630,548,82
S01000700,806,697,109
S01000701,1017,875,142
S01000702,514,471,43
S01000703,739,657,82
S01000704,979,793,186
S01000705,1146,979,167
S01000706,859,712,147
S01000707,625,485,140
S01000708,565,418,147
S01000709,1023,818,205
S01000710,1108,865,243
S01000711,505,397,108
S01000712,621,557,64
S01000713,752,681,71
S01000714,986,797,189
S01000715,658,591,67
S01000716,535,448,87
S01000717,915,786,129
S01000718,810,742,68
S01000719,641,543,98
S01000720,778,546,232
S01000721,702,520,182
S01000722,846,748,98
S01000723,460,369,91
S01000724,784,688,96
S01000725,595,390,205
S01000726,760,551,209
S01000727,610,557,53
S01000728,651,529,122
S01000729,491,442,49
S01000730,457,403,54
S01000731,595,524,71
S01000732,543,449,94
S01000733,672,551,121
S01000734,826,633,193
S01000735,443,353,90
S01000736,740,616,124
S01000737,470,391,79
S01000738,449,373,76
S01000739,730,591,139
S01000740,658,451,207
S01000741,786,614,172
S01000742,642,483,159
S01000743,901,719,182
S01000744,740,597,143
S01000745,716,600,116
S01000746,786,692,94
S01000747,562,467,95
S01000748,465,393,72
S01000749,541,459,82
S01000750,687,559,128
S01000751,722,582,140
S01000752,977,857,120
S01000753,596,502,94
S01000754,787,670,117
S01000755,706,522,184
S01000756,1043,842,201
S01000757,770,628,142
S01000758,1286,1016,270
S01000759,985,784,201
S01000760,531,386,145
S01000761,606,401,205
S01000762,610,479,131
S01000763,747,489,258
S01000764,676,513,163
S01000765,825,483,342
S01000766,699,509,190
S01000767,642,525,117
S01000768,783,583,200
S01000769,787,606,181
S01000770,703,607,96
S01000771,943,702,241
S01000772,640,453,187
S01000773,826,631,195
S01000774,831,525,306
S01000775,810,575,235
S01000776,572,379,193
S01000777,325,182,143
S01000778,466,309,157
S01000779,793,537,256
S01000780,849,643,206
S01000781,806,559,247
S01000782,680,476,204
S01000783,464,311,153
S01000784,803,545,258
S01000785,714,506,208
S01000786,749,534,215
S01000787,498,331,167
S01000788,656,460,196
S01000789,742,593,149
S01000790,512,313,199
S01000791,607,511,96
S01000792,664,427,237
S01000793,675,570,105
S01000794,861,739,122
S01000795,940,799,141
S01000796,428,322,106
S01000797,449,351,98
S01000798,484,401,83
S01000799,1589,596,993
S01000800,947,639,308
S01000801,635,471,164
S01000802,770,564,206
S01000803,972,619,353
S01000804,912,672,240
S01000805,803,587,216
S01000806,808,477,331
S01000807,769,636,133
S01000808,749,441,308
S01000809,616,372,244
S01000810,735,524,211
S01000811,798,655,143
S01000812,1347,1157,190
S01000813,771,679,92
S01000814,786,677,109
S01000815,520,439,81
S01000816,563,440,123
S01000817,916,804,112
S01000818,911,677,234
S01000819,882,583,299
S01000820,554,277,277
S01000821,854,659,195
S01000822,532,454,78
S01000823,502,426,76
S01000824,756,586,170
S01000825,739,525,214
S01000826,625,539,86
S01000827,736,522,214
S01000828,925,629,296
S01000829,693,479,214
S01000830,872,506,366
S01000831,848,646,202
S01000832,954,635,319
S01000833,1164,967,197
S01000834,980,889,91
S01000835,774,709,65
S01000836,785,674,111
S01000837,984,844,140
S01000838,623,560,63
S01000839,1355,1205,150
S01000840,686,610,76
S01000841,988,872,116
S01000842,867,770,97
S01000843,910,789,121
S01000844,787,661,126
S01000845,540,473,67
S01000846,680,620,60
S01000847,974,848,126
S01000848,651,581,70
S01000849,479,445,34
S01000850,699,588,111
S01000851,714,633,81
S01000852,725,671,54
S01000853,554,507,47
S01000854,846,781,65
S01000855,716,648,68
S01000856,512,459,53
S01000857,507,459,48
S01000858,910,802,108
S01000859,1129,987,142
S01000860,891,793,98
S01000861,643,577,66
S01000862,523,476,47
S01000863,542,507,35
S01000864,1172,1007,165
S01000865,1080,945,135
S01000866,853,784,69
S01000867,895,796,99
S01000868,703,630,73
S01000869,595,540,55
S01000870,865,766,99
S01000871,818,741,77
S01000872,798,680,118
S01000873,3097,2569,528
S01000874,496,449,47
S01000875,1427,1208,219
S01000876,681,577,104
S01000877,675,588,87
S01000878,554,480,74
S01000879,945,680,265
S01000880,787,678,109
S01000881,642,585,57
S01000882,887,765,122
S01000883,813,701,112
S01000884,590,503,87
S01000885,480,400,80
S01000886,649,556,93
S01000887,723,627,96
S01000888,661,562,99
S01000889,686,595,91
S01000890,748,661,87
S01000891,924,687,237
S01000892,541,349,192
S01000893,625,421,204
S01000894,493,420,73
S01000895,916,756,160
S01000896,485,320,165
S01000897,680,413,267
S01000898,526,366,160
S01000899,829,635,194
S01000900,627,391,236
S01000901,605,441,164
S01000902,943,670,273
S01000903,1014,680,334
S01000904,696,480,216
S01000905,692,445,247
S01000906,536,411,125
S01000907,734,472,262
S01000908,751,550,201
S01000909,951,604,347
S01000910,842,670,172
S01000911,1034,684,350
S01000912,653,451,202
S01000913,611,377,234
S01000914,701,374,327
S01000915,900,610,290
S01000916,1046,786,260
S01000917,677,488,189
S01000918,551,338,213
S01000919,631,479,152
S01000920,597,411,186
S01000921,667,539,128
S01000922,965,715,250
S01000923,862,765,97
S01000924,861,766,95
S01000925,1005,703,302
S01000926,1010,884,126
S01000927,913,820,93
S01000928,980,641,339
S01000929,481,420,61
S01000930,540,478,62
S01000931,654,554,100
S01000932,1027,807,220
S01000933,1032,892,140
S01000934,903,757,146
S01000935,767,614,153
S01000936,856,751,105
S01000937,558,476,82
S01000938,783,707,76
S01000939,739,592,147
S01000940,902,693,209
S01000941,478,408,70
S01000942,1018,764,254
S01000943,830,687,143
S01000944,837,677,160
S01000945,739,606,133
S01000946,775,675,100
S01000947,687,615,72
S01000948,844,641,203
S01000949,610,440,170
S01000950,825,537,288
S01000951,861,665,196
S01000952,876,700,176
S01000953,874,658,216
S01000954,1116,833,283
S01000955,627,413,214
S01000956,851,705,146
S01000957,542,297,245
S01000958,797,618,179
S01000959,700,514,186
S01000960,566,437,129
S01000961,843,689,154
S01000962,660,493,167
S01000963,843,423,420
S01000964,989,681,308
S01000965,642,503,139
S01000966,1086,929,157
S01000967,578,459,119
S01000968,1056,728,328
S01000969,908,742,166
S01000970,788,447,341
S01000971,729,574,155
S01000972,922,474,448
S01000973,660,557,103
S01000974,1227,968,259
S01000975,647,467,180
S01000976,507,343,164
S01000977,921,492,429
S01000978,820,590,230
S01000979,703,499,204
S01000980,677,503,174
S01000981,686,383,303
S01000982,736,521,215
S01000983,534,346,188
S01000984,620,410,210
S01000985,714,564,150
S01000986,611,381,230
S01000987,637,515,122
S01000988,565,427,138
S01000989,813,641,172
S01000990,840,662,178
S01000991,435,301,134
S01000992,1095,878,217
S01000993,843,700,143
S01000994,1104,787,317
S01000995,778,693,85
S01000996,1122,892,230
S01000997,891,778,113
S01000998,694,588,106
S01000999,650,566,84
S01001000,576,473,103
S01001001,551,372,179
S01001002,631,531,100
S01001003,828,704,124
S01001004,661,538,123
S01001005,844,694,150
S01001006,702,600,102
S01001007,917,806,111
S01001008,756,593,163
S01001009,614,500,114
S01001010,917,740,177
S01001011,588,318,270
S01001012,744,629,115
S01001013,895,730,165
S01001014,844,662,182
S01001015,515,450,65
S01001016,823,552,271
S01001017,858,733,125
S01001018,798,689,109
S01001019,1056,936,120
S01001020,548,466,82
S01001021,1022,853,169
S01001022,835,657,178
S01001023,999,676,323
S01001024,1862,1585,277
S01001025,1264,1046,218
S01001026,886,647,239
S01001027,906,776,130
S01001028,774,702,72
S01001029,754,687,67
S01001030,716,552,164
S01001031,957,899,58
S01001032,692,607,85
S01001033,724,642,82
S01001034,718,620,98
S01001035,509,465,44
S01001036,663,590,73
S01001037,860,769,91
S01001038,772,650,122
S01001039,539,383,156
S01001040,699,544,155
S01001041,682,559,123
S01001042,991,878,113
S01001043,664,588,76
S01001044,923,584,339
S01001045,656,592,64
S01001046,847,709,138
S01001047,864,673,191
S01001048,579,511,68
S01001049,630,576,54
S01001050,956,436,520
S01001051,638,583,55
S01001052,519,463,56
S01001053,773,575,198
S01001054,714,613,101
S01001055,858,683,175
S01001056,711,612,99
S01001057,639,511,128
S01001058,768,644,124
S01001059,660,556,104
S01001060,706,623,83
S01001061,741,562,179
S01001062,588,455,133
S01001063,884,709,175
S01001064,717,478,239
S01001065,756,556,200
S01001066,772,546,226
S01001067,781,457,324
S01001068,867,458,409
S01001069,856,653,203
S01001070,890,598,292
S01001071,707,525,182
S01001072,898,632,266
S01001073,1133,823,310
S01001074,492,298,194
S01001075,926,761,165
S01001076,854,629,225
S01001077,930,733,197
S01001078,957,674,283
S01001079,554,362,192
S01001080,722,564,158
S01001081,629,372,257
S01001082,945,660,285
S01001083,813,679,134
S01001084,961,666,295
S01001085,833,774,59
S01001086,748,692,56
S01001087,476,437,39
S01001088,1009,862,147
S01001089,931,753,178
S01001090,885,639,246
S01001091,613,404,209
S01001092,1015,634,381
S01001093,875,598,277
S01001094,882,650,232
S01001095,1508,679,829
S01001096,939,620,319
S01001097,673,538,135
S01001098,906,620,286
S01001099,1964,1195,769
S01001100,963,685,278
S01001101,1530,795,735
S01001102,1393,695,698
S01001103,701,457,244
S01001104,800,487,313
S01001105,801,654,147
S01001106,955,757,198
S01001107,948,700,248
S01001108,1679,1026,653
S01001109,1686,1080,606
S01001110,808,529,279
S01001111,1093,705,388
S01001112,814,668,146
S01001113,1050,732,318
S01001114,907,703,204
S01001115,742,616,126
S01001116,702,529,173
S01001117,582,442,140
S01001118,522,453,69
S01001119,964,826,138
S01001120,649,558,91
S01001121,644,511,133
S01001122,687,467,220
S01001123,990,772,218
S01001124,624,564,60
S01001125,363,297,66
S01001126,845,754,91
S01001127,783,632,151
S01001128,644,578,66
S01001129,935,794,141
S01001130,762,665,97
S01001131,484,362,122
S01001132,695,619,76
S01001133,1062,917,145
S01001134,853,678,175
S01001135,342,304,38
S01001136,1023,779,244
S01001137,1041,785,256
S01001138,1406,1056,350
S01001139,753,682,71
S01001140,977,875,102
S01001141,516,376,140
S01001142,899,751,148
S01001143,790,646,144
S01001144,711,638,73
S01001145,579,522,57
S01001146,778,706,72
S01001147,773,529,244
S01001148,733,644,89
S01001149,643,512,131
S01001150,770,679,91
S01001151,578,531,47
S01001152,928,805,123
S01001153,732,662,70
S01001154,738,611,127
S01001155,618,519,99
S01001156,772,513,259
S01001157,756,668,88
S01001158,591,553,38
S01001159,747,640,107
S01001160,545,491,54
S01001161,575,515,60
S01001162,821,698,123
S01001163,723,543,180
S01001164,629,567,62
S01001165,786,581,205
S01001166,280,239,41
S01001167,815,677,138
S01001168,764,545,219
S01001169,1125,999,126
S01001170,819,722,97
S01001171,583,509,74
S01001172,583,501,82
S01001173,934,853,81
S01001174,648,444,204
S01001175,903,808,95
S01001176,857,786,71
S01001177,888,775,113
S01001178,792,730,62
S01001179,914,785,129
S01001180,689,550,139
S01001181,840,712,128
S01001182,895,815,80
S01001183,840,746,94
S01001184,853,708,145
S01001185,532,462,70
S01001186,709,619,90
S01001187,917,821,96
S01001188,773,643,130
S01001189,964,846,118
S01001190,683,597,86
S01001191,694,652,42
S01001192,952,801,151
S01001193,827,717,110
S01001194,884,766,118
S01001195,940,879,61
S01001196,960,858,102
S01001197,535,487,48
S01001198,744,668,76
S01001199,884,816,68
S01001200,1087,1013,74
S01001201,667,606,61
S01001202,629,582,47
S01001203,766,689,77
S01001204,734,666,68
S01001205,723,612,111
S01001206,730,648,82
S01001207,754,702,52
S01001208,598,553,45
S01001209,547,466,81
S01001210,877,818,59
S01001211,1013,919,94
S01001212,590,531,59
S01001213,973,867,106
S01001214,705,656,49
S01001215,727,645,82
S01001216,889,824,65
S01001217,1147,1064,83
S01001218,812,707,105
S01001219,841,713,128
S01001220,505,460,45
S01001221,1429,1225,204
S01001222,1052,981,71
S01001223,701,643,58
S01001224,956,897,59
S01001225,919,849,70
S01001226,486,423,63
S01001227,707,641,66
S01001228,734,695,39
S01001229,696,624,72
S01001230,782,723,59
S01001231,634,596,38
S01001232,2408,2066,342
S01001233,959,834,125
S01001234,492,462,30
S01001235,848,751,97
S01001236,883,824,59
S01001237,552,519,33
S01001238,522,475,47
S01001239,603,572,31
S01001240,763,713,50
S01001241,606,568,38
S01001242,899,823,76
S01001243,1165,1054,111
S01001244,838,742,96
S01001245,850,759,91
S01001246,980,894,86
S01001247,565,513,52
S01001248,795,724,71
S01001249,676,628,48
S01001250,879,826,53
S01001251,548,510,38
S01001252,567,540,27
S01001253,708,641,67
S01001254,674,635,39
S01001255,871,792,79
S01001256,701,661,40
S01001257,799,730,69
S01001258,624,576,48
S01001259,803,761,42
S01001260,895,817,78
S01001261,895,838,57
S01001262,916,857,59
S01001263,449,432,17
S01001264,1966,1732,234
S01001265,586,531,55
S01001266,753,705,48
S01001267,938,864,74
S01001268,669,634,35
S01001269,537,454,83
S01001270,669,607,62
S01001271,705,640,65
S01001272,688,621,67
S01001273,723,667,56
S01001274,764,696,68
S01001275,669,612,57
S01001276,607,542,65
S01001277,773,717,56
S01001278,382,314,68
S01001279,687,642,45
S01001280,536,519,17
S01001281,724,681,43
S01001282,752,716,36
S01001283,526,462,64
S01001284,1009,903,106
S01001285,656,591,65
S01001286,468,431,37
S01001287,793,751,42
S01001288,920,866,54
S01001289,705,665,40
S01001290,646,601,45
S01001291,401,376,25
S01001292,803,765,38
S01001293,757,715,42
S01001294,628,599,29
S01001295,810,778,32
S01001296,616,583,33
S01001297,835,789,46
S01001298,828,775,53
S01001299,847,801,46
S01001300,1484,1315,169
S01001301,549,517,32
S01001302,788,747,41
S01001303,615,563,52
S01001304,1325,1140,185
S01001305,737,666,71
S01001306,711,657,54
S01001307,1158,1059,99
S01001308,932,895,37
S01001309,644,597,47
S01001310,795,744,51
S01001311,639,601,38
S01001312,730,661,69
S01001313,867,759,108
S01001314,738,671,67
S01001315,1036,949,87
S01001316,883,804,79
S01001317,916,867,49
S01001318,542,493,49
S01001319,645,594,51
S01001320,867,824,43
S01001321,578,484,94
S01001322,849,715,134
S01001323,597,555,42
S01001324,1003,886,117
S01001325,738,686,52
S01001326,869,817,52
S01001327,791,731,60
S01001328,878,815,63
S01001329,576,536,40
S01001330,816,774,42
S01001331,840,797,43
S01001332,874,812,62
S01001333,807,743,64
S01001334,833,777,56
S01001335,927,869,58
S01001336,828,791,37
S01001337,760,712,48
S01001338,728,688,40
S01001339,755,697,58
S01001340,745,705,40
S01001341,883,832,51
S01001342,928,854,74
S01001343,938,906,32
S01001344,751,700,51
S01001345,617,556,61
S01001346,709,650,59
S01001347,728,676,52
S01001348,655,605,50
S01001349,1301,1172,129
S01001350,660,600,60
S01001351,449,401,48
S01001352,761,698,63
S01001353,1423,1300,123
S01001354,787,731,56
S01001355,756,680,76
S01001356,634,578,56
S01001357,703,656,47
S01001358,915,839,76
S01001359,741,678,63
S01001360,1168,1061,107
S01001361,645,602,43
S01001362,547,512,35
S01001363,559,512,47
S01001364,850,765,85
S01001365,607,571,36
S01001366,900,834,66
S01001367,701,646,55
S01001368,1187,995,192
S01001369,933,873,60
S01001370,830,758,72
S01001371,697,643,54
S01001372,685,642,43
S01001373,693,648,45
S01001374,514,490,24
S01001375,631,572,59
S01001376,772,703,69
S01001377,777,738,39
S01001378,622,554,68
S01001379,1026,955,71
S01001380,781,728,53
S01001381,825,754,71
S01001382,657,594,63
S01001383,565,529,36
S01001384,923,854,69
S01001385,776,716,60
S01001386,862,783,79
S01001387,909,867,42
S01001388,1430,1271,159
S01001389,484,456,28
S01001390,759,688,71
S01001391,722,648,74
S01001392,786,754,32
S01001393,522,465,57
S01001394,430,381,49
S01001395,928,848,80
S01001396,788,695,93
S01001397,781,696,85
S01001398,780,679,101
S01001399,858,793,65
S01001400,913,857,56
S01001401,656,626,30
S01001402,818,750,68
S01001403,1249,1095,154
S01001404,657,564,93
S01001405,1167,1043,124
S01001406,2581,2258,323
S01001407,788,704,84
S01001408,881,794,87
S01001409,898,830,68
S01001410,1038,931,107
S01001411,617,531,86
S01001412,896,847,49
S01001413,890,798,92
S01001414,642,589,53
S01001415,805,713,92
S01001416,720,660,60
S01001417,923,828,95
S01001418,831,744,87
S01001419,779,691,88
S01001420,1185,1044,141
S01001421,1127,965,162
S01001422,727,646,81
S01001423,795,734,61
S01001424,1072,1006,66
S01001425,1694,1489,205
S01001426,819,764,55
S01001427,881,801,80
S01001428,864,821,43
S01001429,610,557,53
S01001430,946,825,121
S01001431,940,895,45
S01001432,655,593,62
S01001433,816,750,66
S01001434,869,789,80
S01001435,1037,968,69
S01001436,976,842,134
S01001437,891,810,81
S01001438,613,534,79
S01001439,750,697,53
S01001440,878,816,62
S01001441,790,733,57
S01001442,685,632,53
S01001443,932,843,89
S01001444,915,824,91
S01001445,702,632,70
S01001446,908,823,85
S01001447,1321,1094,227
S01001448,744,700,44
S01001449,599,515,84
S01001450,809,739,70
S01001451,699,607,92
S01001452,820,685,135
S01001453,835,770,65
S01001454,914,786,128
S01001455,771,682,89
S01001456,656,564,92
S01001457,904,791,113
S01001458,917,834,83
S01001459,905,767,138
S01001460,653,584,69
S01001461,856,780,76
S01001462,831,701,130
S01001463,516,486,30
S01001464,881,807,74
S01001465,691,565,126
S01001466,727,611,116
S01001467,812,750,62
S01001468,667,608,59
S01001469,860,726,134
S01001470,937,744,193
S01001471,759,646,113
S01001472,800,693,107
S01001473,778,647,131
S01001474,882,812,70
S01001475,610,528,82
S01001476,993,809,184
S01001477,933,823,110
S01001478,662,596,66
S01001479,635,577,58
S01001480,489,433,56
S01001481,874,744,130
S01001482,701,630,71
S01001483,1049,848,201
S01001484,829,693,136
S01001485,614,573,41
S01001486,755,610,145
S01001487,665,613,52
S01001488,872,774,98
S01001489,801,712,89
S01001490,961,881,80
S01001491,884,764,120
S01001492,913,849,64
S01001493,886,808,78
S01001494,891,823,68
S01001495,618,504,114
S01001496,936,771,165
S01001497,766,706,60
S01001498,678,601,77
S01001499,1091,972,119
S01001500,583,552,31
S01001501,858,752,106
S01001502,840,781,59
S01001503,802,745,57
S01001504,875,812,63
S01001505,1029,943,86
S01001506,602,537,65
S01001507,895,735,160
S01001508,903,800,103
S01001509,814,760,54
S01001510,630,561,69
S01001511,575,508,67
S01001512,852,805,47
S01001513,911,852,59
S01001514,747,699,48
S01001515,697,616,81
S01001516,704,660,44
S01001517,847,763,84
S01001518,1014,932,82
S01001519,962,808,154
S01001520,707,667,40
S01001521,977,787,190
S01001522,1057,994,63
S01001523,790,653,137
S01001524,941,891,50
S01001525,788,747,41
S01001526,627,576,51
S01001527,898,809,89
S01001528,973,853,120
S01001529,707,594,113
S01001530,761,707,54
S01001531,1175,1066,109
S01001532,597,494,103
S01001533,962,813,149
S01001534,669,617,52
S01001535,853,761,92
S01001536,808,768,40
S01001537,499,477,22
S01001538,814,676,138
S01001539,892,809,83
S01001540,810,668,142
S01001541,828,754,74
S01001542,670,607,63
S01001543,746,672,74
S01001544,919,856,63
S01001545,715,628,87
S01001546,989,910,79
S01001547,995,936,59
S01001548,1035,919,116
S01001549,996,884,112
S01001550,789,609,180
S01001551,936,723,213
S01001552,864,739,125
S01001553,903,619,284
S01001554,992,835,157
S01001555,758,681,77
S01001556,845,744,101
S01001557,989,786,203
S01001558,829,742,87
S01001559,387,351,36
S01001560,1450,852,598
S01001561,1347,1150,197
S01001562,2633,2376,257
S01001563,597,543,54
S01001564,557,506,51
S01001565,733,626,107
S01001566,664,607,57
S01001567,907,813,94
S01001568,727,587,140
S01001569,811,704,107
S01001570,512,449,63
S01001571,724,662,62
S01001572,532,482,50
S01001573,658,489,169
S01001574,877,789,88
S01001575,750,655,95
S01001576,597,553,44
S01001577,714,657,57
S01001578,756,698,58
S01001579,849,763,86
S01001580,565,488,77
S01001581,640,595,45
S01001582,711,645,66
S01001583,482,440,42
S01001584,776,701,75
S01001585,920,786,134
S01001586,473,424,49
S01001587,755,709,46
S01001588,796,720,76
S01001589,819,768,51
S01001590,642,531,111
S01001591,641,588,53
S01001592,796,687,109
S01001593,784,628,156
S01001594,798,641,157
S01001595,718,643,75
S01001596,826,700,126
S01001597,851,597,254
S01001598,678,611,67
S01001599,924,742,182
S01001600,1012,828,184
S01001601,1213,886,327
S01001602,640,558,82
S01001603,1009,893,116
S01001604,644,597,47
S01001605,762,687,75
S01001606,617,526,91
S01001607,2654,2305,349
S01001608,809,656,153
S01001609,901,795,106
S01001610,777,569,208
S01001611,1024,775,249
S01001612,835,700,135
S01001613,776,714,62
S01001614,672,562,110
S01001615,780,650,130
S01001616,754,600,154
S01001617,628,588,40
S01001618,946,732,214
S01001619,693,634,59
S01001620,875,806,69
S01001621,680,627,53
S01001622,838,684,154
S01001623,766,677,89
S01001624,996,832,164
S01001625,797,719,78
S01001626,737,641,96
S01001627,1394,1261,133
S01001628,618,590,28
S01001629,567,510,57
S01001630,556,498,58
S01001631,1415,1246,169
S01001632,583,528,55
S01001633,885,727,158
S01001634,1029,953,76
S01001635,735,649,86
S01001636,515,456,59
S01001637,709,579,130
S01001638,887,761,126
S01001639,710,644,66
S01001640,648,510,138
S01001641,1566,1273,293
S01001642,900,773,127
S01001643,733,612,121
S01001644,1768,1446,322
S01001645,987,765,222
S01001646,612,499,113
S01001647,647,544,103
S01001648,747,638,109
S01001649,754,667,87
S01001650,852,672,180
S01001651,901,719,182
S01001652,774,538,236
S01001653,617,501,116
S01001654,936,751,185
S01001655,578,443,135
S01001656,1352,1075,277
S01001657,502,361,141
S01001658,1002,710,292
S01001659,706,497,209
S01001660,678,476,202
S01001661,818,588,230
S01001662,729,609,120
S01001663,841,617,224
S01001664,557,383,174
S01001665,868,646,222
S01001666,558,421,137
S01001667,819,590,229
S01001668,878,587,291
S01001669,669,475,194
S01001670,639,584,55
S01001671,516,475,41
S01001672,583,540,43
S01001673,662,597,65
S01001674,697,626,71
S01001675,706,646,60
S01001676,1223,997,226
S01001677,844,732,112
S01001678,832,756,76
S01001679,934,816,118
S01001680,589,527,62
S01001681,674,565,109
S01001682,601,564,37
S01001683,734,634,100
S01001684,516,444,72
S01001685,763,679,84
S01001686,900,789,111
S01001687,980,837,143
S01001688,956,843,113
S01001689,674,611,63
S01001690,906,785,121
S01001691,848,730,118
S01001692,662,565,97
S01001693,915,759,156
S01001694,657,588,69
S01001695,761,659,102
S01001696,739,666,73
S01001697,853,752,101
S01001698,529,481,48
S01001699,700,607,93
S01001700,1023,872,151
S01001701,926,852,74
S01001702,990,869,121
S01001703,822,703,119
S01001704,916,779,137
S01001705,629,537,92
S01001706,789,708,81
S01001707,727,658,69
S01001708,953,792,161
S01001709,602,512,90
S01001710,692,612,80
S01001711,790,713,77
S01001712,458,426,32
S01001713,871,724,147
S01001714,705,649,56
S01001715,883,756,127
S01001716,846,786,60
S01001717,808,733,75
S01001718,550,495,55
S01001719,795,714,81
S01001720,699,593,106
S01001721,731,620,111
S01001722,746,658,88
S01001723,872,745,127
S01001724,813,761,52
S01001725,779,735,44
S01001726,649,584,65
S01001727,1015,883,132
S01001728,649,589,60
S01001729,976,901,75
S01001730,650,608,42
S01001731,674,607,67
S01001732,571,523,48
S01001733,908,847,61
S01001734,530,479,51
S01001735,480,434,46
S01001736,1092,921,171
S01001737,609,560,49
S01001738,610,557,53
S01001739,637,594,43
S01001740,745,677,68
S01001741,651,621,30
S01001742,764,690,74
S01001743,990,913,77
S01001744,546,501,45
S01001745,795,739,56
S01001746,967,851,116
S01001747,857,810,47
S01001748,619,586,33
S01001749,739,685,54
S01001750,633,590,43
S01001751,963,908,55
S01001752,935,833,102
S01001753,799,761,38
S01001754,771,678,93
S01001755,1062,928,134
S01001756,652,583,69
S01001757,757,702,55
S01001758,785,694,91
S01001759,684,642,42
S01001760,797,743,54
S01001761,727,683,44
S01001762,978,832,146
S01001763,832,734,98
S01001764,531,474,57
S01001765,949,894,55
S01001766,651,554,97
S01001767,587,507,80
S01001768,604,540,64
S01001769,626,556,70
S01001770,566,521,45
S01001771,841,725,116
S01001772,522,461,61
S01001773,941,843,98
S01001774,673,616,57
S01001775,836,743,93
S01001776,624,582,42
S01001777,916,815,101
S01001778,877,825,52
S01001779,539,446,93
S01001780,867,769,98
S01001781,690,599,91
S01001782,968,847,121
S01001783,598,533,65
S01001784,589,491,98
S01001785,611,569,42
S01001786,640,598,42
S01001787,566,517,49
S01001788,791,752,39
S01001789,738,680,58
S01001790,692,569,123
S01001791,726,542,184
S01001792,684,575,109
S01001793,903,693,210
S01001794,948,769,179
S01001795,443,341,102
S01001796,835,669,166
S01001797,676,588,88
S01001798,806,618,188
S01001799,1090,898,192
S01001800,942,823,119
S01001801,1008,738,270
S01001802,835,692,143
S01001803,1010,810,200
S01001804,952,799,153
S01001805,699,608,91
S01001806,666,547,119
S01001807,841,731,110
S01001808,528,445,83
S01001809,1036,848,188
S01001810,876,707,169
S01001811,673,541,132
S01001812,898,677,221
S01001813,709,595,114
S01001814,723,549,174
S01001815,842,732,110
S01001816,1120,842,278
S01001817,699,549,150
S01001818,752,593,159
S01001819,997,747,250
S01001820,778,629,149
S01001821,549,312,237
S01001822,984,807,177
S01001823,928,718,210
S01001824,739,623,116
S01001825,798,600,198
S01001826,675,579,96
S01001827,830,669,161
S01001828,750,588,162
S01001829,710,550,160
S01001830,942,769,173
S01001831,724,640,84
S01001832,715,626,89
S01001833,1153,863,290
S01001834,587,505,82
S01001835,634,455,179
S01001836,870,707,163
S01001837,900,694,206
S01001838,674,545,129
S01001839,912,744,168
S01001840,701,603,98
S01001841,720,600,120
S01001842,757,608,149
S01001843,724,594,130
S01001844,2465,1191,1274
S01001845,780,613,167
S01001846,886,723,163
S01001847,930,758,172
S01001848,748,622,126
S01001849,582,449,133
S01001850,726,582,144
S01001851,892,661,231
S01001852,766,648,118
S01001853,724,584,140
S01001854,1037,728,309
S01001855,802,609,193
S01001856,840,686,154
S01001857,679,579,100
S01001858,903,736,167
S01001859,1066,932,134
S01001860,1128,774,354
S01001861,802,683,119
S01001862,801,704,97
S01001863,807,712,95
S01001864,1387,984,403
S01001865,699,502,197
S01001866,675,519,156
S01001867,744,615,129
S01001868,753,571,182
S01001869,823,660,163
S01001870,961,783,178
S01001871,1700,1259,441
S01001872,888,709,179
S01001873,806,609,197
S01001874,1137,709,428
S01001875,907,694,213
S01001876,1020,814,206
S01001877,951,783,168
S01001878,1076,806,270
S01001879,640,505,135
S01001880,741,561,180
S01001881,755,621,134
S01001882,793,588,205
S01001883,532,369,163
S01001884,894,708,186
S01001885,1211,949,262
S01001886,564,449,115
S01001887,830,717,113
S01001888,881,664,217
S01001889,542,393,149
S01001890,994,820,174
S01001891,713,483,230
S01001892,973,733,240
S01001893,1000,720,280
S01001894,805,641,164
S01001895,859,644,215
S01001896,809,584,225
S01001897,914,729,185
S01001898,616,515,101
S01001899,785,686,99
S01001900,754,655,99
S01001901,934,675,259
S01001902,919,590,329
S01001903,598,438,160
S01001904,598,468,130
S01001905,905,589,316
S01001906,709,535,174
S01001907,811,665,146
S01001908,914,502,412
S01001909,670,512,158
S01001910,744,608,136
S01001911,747,560,187
S01001912,742,629,113
S01001913,1015,750,265
S01001914,573,382,191
S01001915,906,750,156
S01001916,860,516,344
S01001917,759,478,281
S01001918,901,549,352
S01001919,850,743,107
S01001920,760,536,224
S01001921,614,534,80
S01001922,804,627,177
S01001923,577,380,197
S01001924,775,578,197
S01001925,780,528,252
S01001926,678,561,117
S01001927,977,684,293
S01001928,918,576,342
S01001929,994,761,233
S01001930,786,433,353
S01001931,728,582,146
S01001932,1615,1379,236
S01001933,851,641,210
S01001934,1523,1132,391
S01001935,928,737,191
S01001936,1149,802,347
S01001937,867,703,164
S01001938,630,336,294
S01001939,556,290,266
S01001940,824,528,296
S01001941,1038,621,417
S01001942,571,352,219
S01001943,714,537,177
S01001944,781,522,259
S01001945,751,504,247
S01001946,858,658,200
S01001947,952,619,333
S01001948,862,702,160
S01001949,700,560,140
S01001950,893,638,255
S01001951,905,684,221
S01001952,767,446,321
S01001953,861,483,378
S01001954,440,354,86
S01001955,1137,894,243
S01001956,763,646,117
S01001957,500,382,118
S01001958,852,615,237
S01001959,562,481,81
S01001960,919,471,448
S01001961,1112,728,384
S01001962,905,737,168
S01001963,914,566,348
S01001964,737,583,154
S01001965,762,638,124
S01001966,1556,1045,511
S01001967,650,520,130
S01001968,854,573,281
S01001969,620,500,120
S01001970,630,404,226
S01001971,779,623,156
S01001972,711,498,213
S01001973,679,580,99
S01001974,850,464,386
S01001975,848,527,321
S01001976,837,460,377
S01001977,840,657,183
S01001978,1395,1069,326
S01001979,710,419,291
S01001980,833,533,300
S01001981,933,462,471
S01001982,396,317,79
S01001983,702,371,331
S01001984,944,668,276
S01001985,764,658,106
S01001986,635,331,304
S01001987,829,390,439
S01001988,801,691,110
S01001989,880,704,176
S01001990,954,398,556
S01001991,834,663,171
S01001992,847,427,420
S01001993,727,418,309
S01001994,897,499,398
S01001995,653,545,108
S01001996,825,384,441
S01001997,793,618,175
S01001998,743,605,138
S01001999,739,321,418
S01002000,768,642,126
S01002001,786,434,352
S01002002,733,318,415
S01002003,850,733,117
S01002004,812,485,327
S01002005,773,642,131
S01002006,888,748,140
S01002007,956,473,483
S01002008,932,516,416
S01002009,864,400,464
S01002010,520,238,282
S01002011,1057,864,193
S01002012,825,461,364
S01002013,798,394,404
S01002014,869,377,492
S01002015,822,757,65
S01002016,589,334,255
S01002017,1143,968,175
S01002018,802,723,79
S01002019,815,319,496
S01002020,557,217,340
S01002021,1002,829,173
S01002022,984,814,170
S01002023,776,382,394
S01002024,712,379,333
S01002025,901,530,371
S01002026,663,576,87
S01002027,1198,511,687
S01002028,2533,754,1779
S01002029,770,329,441
S01002030,731,389,342
S01002031,688,447,241
S01002032,771,394,377
S01002033,772,493,279
S01002034,779,362,417
S01002035,730,629,101
S01002036,891,494,397
S01002037,677,278,399
S01002038,517,230,287
S01002039,694,516,178
S01002040,610,340,270
S01002041,888,447,441
S01002042,958,788,170
S01002043,719,603,116
S01002044,635,567,68
S01002045,1058,850,208
S01002046,567,335,232
S01002047,854,440,414
S01002048,879,309,570
S01002049,1121,550,571
S01002050,738,581,157
S01002051,763,690,73
S01002052,875,420,455
S01002053,994,318,676
S01002054,650,306,344
S01002055,918,781,137
S01002056,907,757,150
S01002057,908,714,194
S01002058,1040,498,542
S01002059,684,373,311
S01002060,751,301,450
S01002061,705,326,379
S01002062,568,486,82
S01002063,1186,585,601
S01002064,1130,614,516
S01002065,984,408,576
S01002066,1064,406,658
S01002067,885,704,181
S01002068,937,465,472
S01002069,626,480,146
S01002070,658,314,344
S01002071,686,288,398
S01002072,1135,881,254
S01002073,644,343,301
S01002074,670,589,81
S01002075,917,597,320
S01002076,846,400,446
S01002077,783,661,122
S01002078,1068,871,197
S01002079,1036,534,502
S01002080,996,793,203
S01002081,758,413,345
S01002082,848,541,307
S01002083,545,477,68
S01002084,796,388,408
S01002085,745,328,417
S01002086,631,247,384
S01002087,1053,497,556
S01002088,968,791,177
S01002089,1014,814,200
S01002090,1058,911,147
S01002091,825,432,393
S01002092,1027,805,222
S01002093,990,441,549
S01002094,717,566,151
S01002095,581,422,159
S01002096,1441,1174,267
S01002097,782,687,95
S01002098,724,639,85
S01002099,853,471,382
S01002100,564,450,114
S01002101,1119,657,462
S01002102,628,510,118
S01002103,616,525,91
S01002104,1429,609,820
S01002105,978,681,297
S01002106,955,305,650
S01002107,507,452,55
S01002108,1200,426,774
S01002109,936,416,520
S01002110,692,437,255
S01002111,1045,893,152
S01002112,1098,848,250
S01002113,742,635,107
S01002114,697,553,144
S01002115,1079,575,504
S01002116,890,743,147
S01002117,732,318,414
S01002118,1164,522,642
S01002119,594,522,72
S01002120,715,568,147
S01002121,651,572,79
S01002122,965,735,230
S01002123,997,835,162
S01002124,957,787,170
S01002125,1102,829,273
S01002126,601,539,62
S01002127,728,581,147
S01002128,771,314,457
S01002129,1025,567,458
S01002130,553,488,65
S01002131,821,311,510
S01002132,802,666,136
S01002133,998,544,454
S01002134,590,507,83
S01002135,868,675,193
S01002136,780,474,306
S01002137,859,741,118
S01002138,722,595,127
S01002139,675,550,125
S01002140,803,658,145
S01002141,730,504,226
S01002142,1088,884,204
S01002143,731,648,83
S01002144,706,514,192
S01002145,1002,478,524
S01002146,1000,628,372
S01002147,903,769,134
S01002148,888,686,202
S01002149,1018,786,232
S01002150,703,512,191
S01002151,1544,817,727
S01002152,843,563,280
S01002153,501,426,75
S01002154,822,658,164
S01002155,946,672,274
S01002156,727,307,420
S01002157,765,465,300
S01002158,800,497,303
S01002159,714,396,318
S01002160,891,586,305
S01002161,779,343,436
S01002162,1010,821,189
S01002163,1050,600,450
S01002164,804,713,91
S01002165,878,737,141
S01002166,818,372,446
S01002167,622,541,81
S01002168,1022,567,455
S01002169,850,525,325
S01002170,880,750,130
S01002171,603,534,69
S01002172,704,636,68
S01002173,971,733,238
S01002174,882,518,364
S01002175,990,580,410
S01002176,765,654,111
S01002177,798,459,339
S01002178,877,470,407
S01002179,667,587,80
S01002180,585,259,326
S01002181,793,596,197
S01002182,772,376,396
S01002183,860,502,358
S01002184,763,615,148
S01002185,941,689,252
S01002186,733,374,359
S01002187,910,427,483
S01002188,770,608,162
S01002189,663,400,263
S01002190,844,432,412
S01002191,787,693,94
S01002192,876,763,113
S01002193,910,718,192
S01002194,816,738,78
S01002195,1113,624,489
S01002196,637,510,127
S01002197,685,459,226
S01002198,792,454,338
S01002199,821,414,407
S01002200,1096,826,270
S01002201,1060,554,506
S01002202,853,338,515
S01002203,471,243,228
S01002204,708,536,172
S01002205,733,426,307
S01002206,1019,506,513
S01002207,812,641,171
S01002208,680,278,402
S01002209,936,498,438
S01002210,552,308,244
S01002211,638,557,81
S01002212,1126,909,217
S01002213,824,707,117
S01002214,764,423,341
S01002215,1135,895,240
S01002216,1700,915,785
S01002217,1275,643,632
S01002218,562,256,306
S01002219,689,520,169
S01002220,782,599,183
S01002221,958,576,382
S01002222,870,672,198
S01002223,717,579,138
S01002224,912,696,216
S01002225,991,472,519
S01002226,1074,663,411
S01002227,823,677,146
S01002228,983,826,157
S01002229,720,525,195
S01002230,1027,626,401
S01002231,1166,562,604
S01002232,846,734,112
S01002233,952,598,354
S01002234,787,476,311
S01002235,1009,620,389
S01002236,948,801,147
S01002237,1346,1021,325
S01002238,564,501,63
S01002239,949,791,158
S01002240,970,632,338
S01002241,1019,793,226
S01002242,797,624,173
S01002243,842,484,358
S01002244,926,549,377
S01002245,2145,1152,993
S01002246,947,567,380
S01002247,843,729,114
S01002248,1130,762,368
S01002249,968,653,315
S01002250,925,723,202
S01002251,888,758,130
S01002252,755,509,246
S01002253,962,843,119
S01002254,908,552,356
S01002255,1690,1048,642
S01002256,1134,778,356
S01002257,714,554,160
S01002258,888,593,295
S01002259,542,466,76
S01002260,870,670,200
S01002261,1057,896,161
S01002262,807,676,131
S01002263,833,617,216
S01002264,852,641,211
S01002265,1661,1310,351
S01002266,749,485,264
S01002267,1073,693,380
S01002268,750,641,109
S01002269,989,622,367
S01002270,1718,946,772
S01002271,813,673,140
S01002272,775,579,196
S01002273,782,498,284
S01002274,1287,885,402
S01002275,1478,1109,369
S01002276,884,654,230
S01002277,929,688,241
S01002278,1116,891,225
S01002279,1505,1116,389
S01002280,792,625,167
S01002281,647,553,94
S01002282,266,210,56
S01002283,715,537,178
S01002284,2078,1536,542
S01002285,998,664,334
S01002286,756,541,215
S01002287,692,518,174
S01002288,1345,856,489
S01002289,1223,849,374
S01002290,1000,637,363
S01002291,762,580,182
S01002292,1119,771,348
S01002293,797,670,127
S01002294,675,495,180
S01002295,727,560,167
S01002297,868,762,106
S01002298,712,492,220
S01002299,781,670,111
S01002300,774,597,177
S01002301,2097,1506,591
S01002302,982,800,182
S01002303,785,645,140
S01002304,1693,1022,671
S01002305,863,605,258
S01002306,477,346,131
S01002307,1086,677,409
S01002308,961,724,237
S01002309,749,609,140
S01002310,1014,704,310
S01002311,881,658,223
S01002312,690,556,134
S01002313,734,534,200
S01002314,884,663,221
S01002315,569,458,111
S01002316,732,524,208
S01002317,3728,2264,1464
S01002318,901,614,287
S01002319,1094,915,179
S01002320,619,464,155
S01002321,1128,780,348
S01002322,664,481,183
S01002323,785,592,193
S01002324,755,581,174
S01002325,1784,1224,560
S01002326,1025,757,268
S01002327,827,625,202
S01002328,730,609,121
S01002329,680,601,79
S01002330,766,646,120
S01002331,701,576,125
S01002332,870,733,137
S01002333,752,633,119
S01002334,961,691,270
S01002335,916,727,189
S01002336,1021,840,181
S01002337,893,719,174
S01002338,476,393,83
S01002339,621,561,60
S01002340,643,578,65
S01002341,530,462,68
S01002342,622,540,82
S01002343,745,619,126
S01002344,519,460,59
S01002345,811,651,160
S01002346,888,715,173
S01002347,731,611,120
S01002348,936,720,216
S01002349,980,869,111
S01002350,918,728,190
S01002351,773,568,205
S01002352,892,750,142
S01002353,837,732,105
S01002354,872,773,99
S01002355,849,750,99
S01002356,872,745,127
S01002357,625,559,66
S01002358,496,392,104
S01002359,869,792,77
S01002360,653,574,79
S01002361,654,582,72
S01002362,805,688,117
S01002363,1090,982,108
S01002364,661,583,78
S01002365,616,472,144
S01002366,893,796,97
S01002367,1074,925,149
S01002368,930,796,134
S01002369,621,509,112
S01002370,733,622,111
S01002371,709,601,108
S01002372,761,685,76
S01002373,660,536,124
S01002374,795,630,165
S01002375,892,798,94
S01002376,892,784,108
S01002377,871,774,97
S01002378,512,433,79
S01002379,1164,1059,105
S01002380,810,723,87
S01002381,895,790,105
S01002382,633,573,60
S01002383,525,444,81
S01002384,520,428,92
S01002385,776,730,46
S01002386,1002,909,93
S01002387,726,655,71
S01002388,737,659,78
S01002389,693,614,79
S01002390,1156,1013,143
S01002391,1456,1268,188
S01002392,1884,1676,208
S01002393,1027,908,119
S01002394,797,740,57
S01002395,730,645,85
S01002396,693,615,78
S01002397,1752,1561,191
S01002398,760,673,87
S01002399,984,932,52
S01002400,807,745,62
S01002401,1141,997,144
S01002402,817,728,89
S01002403,743,679,64
S01002404,1010,923,87
S01002405,702,626,76
S01002406,894,831,63
S01002407,683,613,70
S01002408,829,763,66
S01002409,656,586,70
S01002410,498,442,56
S01002411,2706,2418,288
S01002412,918,819,99
S01002413,628,565,63
S01002414,623,572,51
S01002415,721,673,48
S01002416,572,518,54
S01002417,631,575,56
S01002418,886,821,65
S01002419,554,494,60
S01002420,651,617,34
S01002421,814,738,76
S01002422,548,489,59
S01002423,890,806,84
S01002424,838,764,74
S01002425,916,846,70
S01002426,667,574,93
S01002427,821,754,67
S01002428,536,503,33
S01002429,747,695,52
S01002430,669,597,72
S01002431,859,796,63
S01002432,1456,1193,263
S01002433,558,520,38
S01002434,926,847,79
S01002435,664,599,65
S01002436,761,697,64
S01002437,799,701,98
S01002438,677,622,55
S01002439,742,701,41
S01002440,867,803,64
S01002441,634,586,48
S01002442,472,375,97
S01002443,630,587,43
S01002444,511,481,30
S01002445,911,811,100
S01002446,972,836,136
S01002447,694,635,59
S01002448,548,500,48
S01002449,645,607,38
S01002450,709,622,87
S01002451,1003,885,118
S01002452,538,493,45
S01002453,688,632,56
S01002454,725,678,47
S01002455,553,497,56
S01002456,1022,955,67
S01002457,750,696,54
S01002458,931,841,90
S01002459,501,404,97
S01002460,839,778,61
S01002461,478,447,31
S01002462,700,586,114
S01002463,895,809,86
S01002464,574,533,41
S01002465,712,652,60
S01002466,1010,920,90
S01002467,488,428,60
S01002468,674,598,76
S01002469,638,597,41
S01002470,833,769,64
S01002471,556,524,32
S01002472,581,521,60
S01002473,921,783,138
S01002474,406,339,67
S01002475,550,503,47
S01002476,861,730,131
S01002477,813,732,81
S01002478,895,843,52
S01002479,720,644,76
S01002480,536,494,42
S01002481,934,881,53
S01002482,1021,854,167
S01002483,672,621,51
S01002484,810,727,83
S01002485,830,725,105
S01002486,604,551,53
S01002487,481,412,69
S01002488,647,579,68
S01002489,600,570,30
S01002490,568,534,34
S01002491,476,449,27
S01002492,942,843,99
S01002493,920,845,75
S01002494,627,580,47
S01002495,627,586,41
S01002496,1243,1103,140
S01002497,824,741,83
S01002498,631,577,54
S01002499,909,850,59
S01002500,567,493,74
S01002501,478,423,55
S01002502,822,738,84
S01002503,684,571,113
S01002504,1387,1281,106
S01002505,738,634,104
S01002506,810,744,66
S01002507,589,552,37
S01002508,869,792,77
S01002509,1149,989,160
S01002510,958,900,58
S01002511,483,447,36
S01002512,633,489,144
S01002513,1685,1467,218
S01002514,532,480,52
S01002515,602,559,43
S01002516,787,722,65
S01002517,583,559,24
S01002518,1069,970,99
S01002519,806,725,81
S01002520,592,531,61
S01002521,583,516,67
S01002522,733,655,78
S01002523,682,622,60
S01002524,566,518,48
S01002525,686,638,48
S01002526,527,479,48
S01002527,822,735,87
S01002528,807,738,69
S01002529,1147,1030,117
S01002530,647,608,39
S01002531,811,745,66
S01002532,693,652,41
S01002533,819,747,72
S01002534,935,874,61
S01002535,901,823,78
S01002536,626,542,84
S01002537,554,521,33
S01002538,927,862,65
S01002539,781,721,60
S01002540,555,503,52
S01002541,1917,1712,205
S01002542,684,643,41
S01002543,532,490,42
S01002544,857,790,67
S01002545,786,696,90
S01002546,796,725,71
S01002547,786,716,70
S01002548,1047,962,85
S01002549,570,542,28
S01002550,464,436,28
S01002551,551,511,40
S01002552,583,541,42
S01002553,755,707,48
S01002554,632,558,74
S01002555,740,692,48
S01002556,752,698,54
S01002557,775,724,51
S01002558,530,498,32
S01002559,612,550,62
S01002560,619,568,51
S01002561,775,687,88
S01002562,607,570,37
S01002563,1024,930,94
S01002564,560,511,49
S01002565,848,783,65
S01002566,670,622,48
S01002567,2509,2188,321
S01002568,792,733,59
S01002569,1421,1240,181
S01002570,663,601,62
S01002571,713,638,75
S01002572,564,442,122
S01002573,512,426,86
S01002574,816,673,143
S01002575,1284,819,465
S01002576,703,535,168
S01002577,989,808,181
S01002578,736,532,204
S01002579,943,659,284
S01002580,767,676,91
S01002581,777,581,196
S01002582,691,602,89
S01002583,994,824,170
S01002584,1566,1218,348
S01002585,824,672,152
S01002586,509,434,75
S01002587,688,557,131
S01002588,705,544,161
S01002589,754,572,182
S01002590,677,476,201
S01002591,577,509,68
S01002592,853,741,112
S01002593,797,698,99
S01002594,695,525,170
S01002595,656,559,97
S01002596,681,495,186
S01002597,521,458,63
S01002598,975,796,179
S01002599,526,455,71
S01002600,1038,825,213
S01002601,628,535,93
S01002602,519,435,84
S01002603,708,611,97
S01002604,944,720,224
S01002605,598,514,84
S01002606,581,505,76
S01002607,833,718,115
S01002608,539,426,113
S01002609,760,637,123
S01002610,838,721,117
S01002611,860,726,134
S01002612,829,659,170
S01002613,848,612,236
S01002614,912,705,207
S01002615,444,351,93
S01002616,592,494,98
S01002617,931,850,81
S01002618,856,762,94
S01002619,768,645,123
S01002620,865,723,142
S01002621,593,512,81
S01002622,8698,6992,1706
S01002623,1613,1294,319
S01002624,691,570,121
S01002625,866,727,139
S01002626,753,663,90
S01002627,979,835,144
S01002628,822,697,125
S01002629,835,664,171
S01002630,687,571,116
S01002631,737,635,102
S01002632,574,505,69
S01002633,942,833,109
S01002634,793,644,149
S01002635,572,469,103
S01002636,609,531,78
S01002637,742,633,109
S01002638,743,644,99
S01002639,932,750,182
S01002640,697,591,106
S01002641,906,757,149
S01002642,646,551,95
S01002643,542,453,89
S01002644,667,572,95
S01002645,630,554,76
S01002646,650,510,140
S01002647,898,851,47
S01002648,1143,1012,131
S01002649,596,526,70
S01002650,646,549,97
S01002651,583,517,66
S01002652,650,553,97
S01002653,738,647,91
S01002654,748,648,100
S01002655,853,745,108
S01002656,725,638,87
S01002657,812,676,136
S01002658,1247,969,278
S01002659,871,740,131
S01002660,772,675,97
S01002661,840,732,108
S01002662,1430,1201,229
S01002663,756,646,110
S01002664,847,708,139
S01002665,792,713,79
S01002666,1304,1068,236
S01002667,636,559,77
S01002668,471,349,122
S01002669,986,815,171
S01002670,619,536,83
S01002671,1018,813,205
S01002672,658,566,92
S01002673,510,426,84
S01002674,791,709,82
S01002675,903,749,154
S01002676,787,649,138
S01002677,967,836,131
S01002678,922,771,151
S01002679,971,841,130
S01002680,1094,921,173
S01002681,713,611,102
S01002682,546,474,72
S01002683,578,486,92
S01002684,736,638,98
S01002685,845,710,135
S01002686,1683,1412,271
S01002687,1229,1051,178
S01002688,611,537,74
S01002689,826,705,121
S01002690,579,515,64
S01002691,1494,1300,194
S01002692,828,745,83
S01002693,506,440,66
S01002694,704,634,70
S01002695,627,533,94
S01002696,702,633,69
S01002697,889,702,187
S01002698,780,703,77
S01002699,511,472,39
S01002700,892,828,64
S01002701,885,734,151
S01002702,595,546,49
S01002703,1287,1098,189
S01002704,634,563,71
S01002705,665,604,61
S01002706,900,786,114
S01002707,877,821,56
S01002708,1002,904,98
S01002709,902,649,253
S01002710,801,709,92
S01002711,875,826,49
S01002712,665,619,46
S01002713,659,543,116
S01002714,939,777,162
S01002715,848,800,48
S01002716,527,445,82
S01002717,822,704,118
S01002718,853,788,65
S01002719,740,694,46
S01002720,707,595,112
S01002721,816,747,69
S01002722,846,665,181
S01002723,698,653,45
S01002724,776,657,119
S01002725,868,800,68
S01002726,744,618,126
S01002727,947,828,119
S01002728,934,838,96
S01002729,871,772,99
S01002730,832,663,169
S01002731,786,687,99
S01002732,642,484,158
S01002733,650,558,92
S01002734,1080,991,89
S01002735,1170,981,189
S01002736,682,626,56
S01002737,724,578,146
S01002738,705,639,66
S01002739,773,606,167
S01002740,528,491,37
S01002741,922,758,164
S01002742,789,687,102
S01002743,675,558,117
S01002744,576,512,64
S01002745,601,560,41
S01002746,796,705,91
S01002747,532,460,72
S01002748,639,540,99
S01002749,695,640,55
S01002750,935,851,84
S01002751,1015,885,130
S01002752,528,510,18
S01002753,643,572,71
S01002754,578,507,71
S01002755,817,732,85
S01002756,785,666,119
S01002757,569,529,40
S01002758,677,614,63
S01002759,1042,890,152
S01002760,486,451,35
S01002761,783,671,112
S01002762,588,543,45
S01002763,823,752,71
S01002764,584,507,77
S01002765,856,733,123
S01002766,815,711,104
S01002767,975,901,74
S01002768,785,730,55
S01002769,729,679,50
S01002770,539,466,73
S01002771,735,668,67
S01002772,989,805,184
S01002773,866,755,111
S01002774,778,711,67
S01002775,756,663,93
S01002776,1020,892,128
S01002777,1023,938,85
S01002778,753,705,48
S01002779,630,563,67
S01002780,876,778,98
S01002781,883,815,68
S01002782,779,705,74
S01002783,1527,1390,137
S01002784,559,494,65
S01002785,722,659,63
S01002786,846,765,81
S01002787,673,587,86
S01002788,837,702,135
S01002789,700,623,77
S01002790,776,707,69
S01002791,632,583,49
S01002792,1975,1704,271
S01002793,705,630,75
S01002794,929,867,62
S01002795,597,515,82
S01002796,591,511,80
S01002797,771,685,86
S01002798,574,525,49
S01002799,608,565,43
S01002800,706,641,65
S01002801,923,848,75
S01002802,575,522,53
S01002803,810,741,69
S01002804,551,509,42
S01002805,872,808,64
S01002806,2516,2171,345
S01002807,672,628,44
S01002808,836,776,60
S01002809,672,609,63
S01002810,918,817,101
S01002811,965,867,98
S01002812,616,550,66
S01002813,737,681,56
S01002814,876,776,100
S01002815,704,665,39
S01002816,666,613,53
S01002817,543,509,34
S01002818,616,553,63
S01002819,774,732,42
S01002820,826,779,47
S01002821,1165,1060,105
S01002822,817,767,50
S01002823,729,673,56
S01002824,804,725,79
S01002825,777,698,79
S01002826,495,459,36
S01002827,660,587,73
S01002828,856,742,114
S01002829,797,732,65
S01002830,623,580,43
S01002831,1114,1010,104
S01002832,771,687,84
S01002833,1022,878,144
S01002834,792,748,44
S01002835,682,623,59
S01002836,523,462,61
S01002837,572,533,39
S01002838,531,493,38
S01002839,633,606,27
S01002840,681,599,82
S01002841,1161,1017,144
S01002842,558,504,54
S01002843,802,739,63
S01002844,562,496,66
S01002845,841,760,81
S01002846,1059,955,104
S01002847,890,794,96
S01002848,812,719,93
S01002849,969,869,100
S01002850,842,782,60
S01002851,448,381,67
S01002852,1006,921,85
S01002853,456,401,55
S01002854,825,780,45
S01002855,601,557,44
S01002856,717,638,79
S01002857,537,504,33
S01002858,678,589,89
S01002859,811,757,54
S01002860,1070,937,133
S01002861,882,767,115
S01002862,588,511,77
S01002863,737,694,43
S01002864,643,595,48
S01002865,954,865,89
S01002866,1030,848,182
S01002867,515,443,72
S01002868,743,634,109
S01002869,563,504,59
S01002870,897,803,94
S01002871,626,567,59
S01002872,663,583,80
S01002873,736,653,83
S01002874,767,651,116
S01002875,536,439,97
S01002876,686,585,101
S01002877,748,624,124
S01002878,533,438,95
S01002879,812,725,87
S01002880,510,454,56
S01002881,912,811,101
S01002882,770,682,88
S01002883,1062,979,83
S01002884,793,692,101
S01002885,1271,1165,106
S01002886,815,745,70
S01002887,596,548,48
S01002888,468,383,85
S01002889,857,725,132
S01002890,673,580,93
S01002891,743,645,98
S01002892,649,602,47
S01002893,1127,954,173
S01002894,815,705,110
S01002895,595,554,41
S01002896,681,599,82
S01002897,586,537,49
S01002898,982,916,66
S01002899,528,445,83
S01002900,675,578,97
S01002901,788,738,50
S01002902,732,623,109
S01002903,852,791,61
S01002904,707,629,78
S01002905,735,635,100
S01002906,807,696,111
S01002907,606,552,54
S01002908,773,695,78
S01002909,763,682,81
S01002910,1037,938,99
S01002911,846,793,53
S01002912,1349,1136,213
S01002913,740,630,110
S01002914,634,557,77
S01002915,892,786,106
S01002916,728,672,56
S01002917,584,480,104
S01002918,723,595,128
S01002919,875,745,130
S01002920,569,489,80
S01002921,647,565,82
S01002922,480,443,37
S01002923,625,503,122
S01002924,649,505,144
S01002925,1445,1225,220
S01002926,765,689,76
S01002927,765,650,115
S01002928,530,469,61
S01002929,738,686,52
S01002930,560,450,110
S01002931,912,830,82
S01002932,680,579,101
S01002933,796,658,138
S01002934,837,734,103
S01002935,920,794,126
S01002936,770,662,108
S01002937,477,355,122
S01002938,789,645,144
S01002939,535,474,61
S01002940,609,508,101
S01002941,918,713,205
S01002942,430,368,62
S01002943,677,581,96
S01002944,1160,927,233
S01002945,562,471,91
S01002946,1089,879,210
S01002947,626,516,110
S01002948,777,623,154
S01002949,534,416,118
S01002950,771,669,102
S01002951,922,670,252
S01002952,578,487,91
S01002953,890,676,214
S01002954,833,701,132
S01002955,1125,972,153
S01002956,758,657,101
S01002957,882,762,120
S01002958,572,393,179
S01002959,953,739,214
S01002960,623,470,153
S01002961,810,665,145
S01002962,644,533,111
S01002963,807,692,115
S01002964,638,433,205
S01002965,895,733,162
S01002966,681,573,108
S01002967,875,696,179
S01002968,1438,968,470
S01002969,1002,800,202
S01002970,624,513,111
S01002971,1243,982,261
S01002972,1123,851,272
S01002973,865,651,214
S01002974,1085,858,227
S01002975,605,440,165
S01002976,904,748,156
S01002977,708,546,162
S01002978,1062,847,215
S01002979,723,579,144
S01002980,745,570,175
S01002981,727,519,208
S01002982,620,418,202
S01002983,797,556,241
S01002984,726,474,252
S01002985,585,382,203
S01002986,731,535,196
S01002987,1009,508,501
S01002988,702,476,226
S01002989,980,565,415
S01002990,680,295,385
S01002991,1232,499,733
S01002992,799,338,461
S01002993,703,462,241
S01002994,1134,341,793
S01002995,580,142,438
S01002996,2672,721,1951
S01002997,772,207,565
S01002998,817,682,135
S01002999,1042,258,784
S01003000,672,459,213
S01003001,591,511,80
S01003002,899,769,130
S01003003,592,431,161
S01003004,420,339,81
S01003005,557,395,162
S01003006,1078,779,299
S01003007,782,500,282
S01003008,946,375,571
S01003009,541,403,138
S01003010,698,520,178
S01003011,764,420,344
S01003012,946,726,220
S01003013,634,453,181
S01003014,665,510,155
S01003015,740,566,174
S01003016,459,340,119
S01003017,715,528,187
S01003018,852,681,171
S01003019,823,697,126
S01003020,679,558,121
S01003021,673,537,136
S01003022,954,790,164
S01003023,703,577,126
S01003024,656,508,148
S01003025,857,771,86
S01003026,848,762,86
S01003027,1030,918,112
S01003028,800,765,35
S01003029,1093,1015,78
S01003030,1340,1273,67
S01003032,584,564,20
S01003033,490,473,17
S01003034,910,813,97
S01003035,1019,921,98
S01003036,926,873,53
S01003037,2167,1708,459
S01003038,888,694,194
S01003039,893,728,165
S01003040,880,810,70
S01003041,711,544,167
S01003042,615,540,75
S01003043,579,440,139
S01003044,1339,1277,62
S01003045,926,700,226
S01003046,756,657,99
S01003047,946,865,81
S01003048,497,468,29
S01003049,552,524,28
S01003050,718,649,69
S01003051,1121,1012,109
S01003052,695,659,36
S01003053,1019,885,134
S01003054,808,750,58
S01003055,841,756,85
S01003056,934,631,303
S01003057,673,630,43
S01003058,1243,1103,140
S01003059,902,784,118
S01003060,1030,934,96
S01003061,776,705,71
S01003062,827,754,73
S01003063,800,721,79
S01003064,837,807,30
S01003065,991,896,95
S01003066,802,729,73
S01003067,608,560,48
S01003068,801,717,84
S01003069,567,497,70
S01003070,799,701,98
S01003071,657,575,82
S01003072,1022,899,123
S01003073,725,685,40
S01003074,727,600,127
S01003075,744,667,77
S01003076,901,583,318
S01003077,963,846,117
S01003078,674,601,73
S01003079,925,788,137
S01003080,826,764,62
S01003081,1033,768,265
S01003082,1164,1014,150
S01003083,1223,1104,119
S01003084,822,762,60
S01003085,975,867,108
S01003086,636,487,149
S01003087,653,579,74
S01003088,1195,1114,81
S01003089,733,629,104
S01003090,750,643,107
S01003091,575,524,51
S01003092,815,724,91
S01003093,968,805,163
S01003094,1010,898,112
S01003095,769,643,126
S01003096,702,600,102
S01003097,277,259,18
S01003098,1174,1004,170
S01003099,548,514,34
S01003100,821,721,100
S01003101,524,483,41
S01003102,733,679,54
S01003103,730,654,76
S01003104,938,816,122
S01003105,798,701,97
S01003106,733,633,100
S01003107,756,710,46
S01003108,748,655,93
S01003109,915,804,111
S01003110,760,664,96
S01003111,802,739,63
S01003112,959,873,86
S01003113,712,667,45
S01003114,843,736,107
S01003115,1065,839,226
S01003116,874,728,146
S01003117,776,658,118
S01003118,531,336,195
S01003119,616,553,63
S01003120,1498,1333,165
S01003121,867,833,34
S01003122,724,649,75
S01003123,885,801,84
S01003124,829,686,143
S01003125,850,666,184
S01003126,157,141,16
S01003127,779,652,127
S01003128,730,615,115
S01003129,1130,918,212
S01003130,781,687,94
S01003131,864,692,172
S01003132,768,550,218
S01003133,1355,1098,257
S01003134,748,687,61
S01003135,742,673,69
S01003136,964,729,235
S01003137,773,591,182
S01003138,1028,855,173
S01003139,1016,807,209
S01003140,963,881,82
S01003141,751,620,131
S01003142,945,809,136
S01003143,854,678,176
S01003144,896,832,64
S01003145,624,606,18
S01003146,658,503,155
S01003147,833,794,39
S01003148,686,659,27
S01003149,855,697,158
S01003150,725,637,88
S01003151,806,750,56
S01003152,914,737,177
S01003153,709,592,117
S01003154,957,742,215
S01003155,1358,1249,109
S01003156,834,640,194
S01003157,1099,828,271
S01003158,618,400,218
S01003159,188,156,32
S01003160,664,609,55
S01003161,629,592,37
S01003162,614,584,30
S01003163,709,572,137
S01003164,823,526,297
S01003165,940,698,242
S01003166,627,475,152
S01003167,962,866,96
S01003168,831,655,176
S01003169,2517,2153,364
S01003170,985,687,298
S01003171,719,500,219
S01003172,749,436,313
S01003173,532,324,208
S01003174,814,498,316
S01003175,823,602,221
S01003176,849,612,237
S01003177,1014,826,188
S01003178,896,812,84
S01003179,719,347,372
S01003180,665,619,46
S01003181,894,822,72
S01003182,801,729,72
S01003183,667,410,257
S01003184,848,788,60
S01003185,626,449,177
S01003186,861,658,203
S01003187,1027,737,290
S01003188,976,517,459
S01003189,837,474,363
S01003190,724,496,228
S01003191,553,377,176
S01003192,779,460,319
S01003193,1691,1559,132
S01003194,725,683,42
S01003195,777,729,48
S01003196,984,783,201
S01003197,799,731,68
S01003198,968,712,256
S01003199,951,877,74
S01003200,734,516,218
S01003201,247,226,21
S01003202,1040,881,159
S01003203,876,802,74
S01003204,945,863,82
S01003205,747,667,80
S01003206,796,537,259
S01003207,815,462,353
S01003208,1249,1071,178
S01003209,572,515,57
S01003210,962,686,276
S01003211,899,536,363
S01003212,692,625,67
S01003213,552,494,58
S01003214,716,664,52
S01003215,904,835,69
S01003216,690,656,34
S01003217,707,592,115
S01003218,685,628,57
S01003219,746,692,54
S01003220,813,514,299
S01003221,918,657,261
S01003222,824,372,452
S01003223,873,776,97
S01003224,651,611,40
S01003225,668,583,85
S01003226,753,679,74
S01003227,1617,984,633
S01003228,1260,1155,105
S01003229,910,670,240
S01003230,907,822,85
S01003231,878,845,33
S01003232,923,598,325
S01003233,923,886,37
S01003234,896,623,273
S01003235,796,764,32
S01003236,705,361,344
S01003237,915,877,38
S01003238,710,666,44
S01003239,1008,869,139
S01003240,705,657,48
S01003241,780,743,37
S01003242,1048,873,175
S01003243,865,811,54
S01003244,983,921,62
S01003245,1195,1030,165
S01003246,941,834,107
S01003247,781,702,79
S01003248,1137,946,191
S01003249,733,634,99
S01003250,608,546,62
S01003251,828,762,66
S01003252,573,554,19
S01003253,993,872,121
S01003254,550,506,44
S01003255,901,809,92
S01003256,1436,834,602
S01003257,797,515,282
S01003258,760,710,50
S01003259,1156,1081,75
S01003260,701,639,62
S01003261,926,864,62
S01003262,700,573,127
S01003263,1028,828,200
S01003264,635,562,73
S01003265,664,619,45
S01003266,739,719,20
S01003267,967,930,37
S01003268,1719,1342,377
S01003269,908,798,110
S01003270,770,620,150
S01003271,1836,1280,556
S01003272,1610,1289,321
S01003273,703,570,133
S01003274,583,480,103
S01003275,1024,969,55
S01003276,727,693,34
S01003277,614,561,53
S01003278,840,765,75
S01003279,404,367,37
S01003280,913,713,200
S01003281,502,468,34
S01003282,755,696,59
S01003283,687,654,33
S01003284,935,860,75
S01003285,416,285,131
S01003286,984,750,234
S01003287,613,410,203
S01003288,699,674,25
S01003289,407,336,71
S01003290,848,709,139
S01003291,767,697,70
S01003292,735,678,57
S01003293,807,736,71
S01003294,734,679,55
S01003295,974,923,51
S01003296,807,677,130
S01003297,548,408,140
S01003298,1003,913,90
S01003299,451,409,42
S01003300,869,811,58
S01003301,765,658,107
S01003302,687,389,298
S01003303,2392,1367,1025
S01003304,724,471,253
S01003305,753,671,82
S01003306,924,875,49
S01003307,1063,1012,51
S01003308,854,800,54
S01003309,953,873,80
S01003310,744,702,42
S01003311,696,674,22
S01003312,582,542,40
S01003313,1126,983,143
S01003314,648,514,134
S01003315,711,492,219
S01003316,594,464,130
S01003317,646,588,58
S01003318,744,700,44
S01003320,530,300,230
S01003321,692,650,42
S01003322,796,499,297
S01003323,752,710,42
S01003324,449,336,113
S01003325,779,721,58
S01003326,855,767,88
S01003327,605,408,197
S01003328,1035,640,395
S01003329,809,766,43
S01003330,939,871,68
S01003331,642,564,78
S01003332,416,399,17
S01003333,919,744,175
S01003334,1006,925,81
S01003335,650,460,190
S01003336,969,891,78
S01003337,1383,1255,128
S01003338,882,708,174
S01003339,770,717,53
S01003340,995,942,53
S01003341,949,898,51
S01003342,718,557,161
S01003343,733,643,90
S01003344,479,425,54
S01003345,967,862,105
S01003346,866,790,76
S01003347,952,882,70
S01003348,1014,747,267
S01003349,1367,1259,108
S01003350,893,795,98
S01003351,1109,826,283
S01003352,1168,1079,89
S01003353,735,603,132
S01003354,612,579,33
S01003355,1054,904,150
S01003356,859,792,67
S01003357,369,298,71
S01003358,1861,1068,793
S01003359,974,917,57
S01003360,730,699,31
S01003361,713,668,45
S01003362,728,672,56
S01003363,768,738,30
S01003364,671,477,194
S01003365,734,577,157
S01003366,740,391,349
S01003367,1213,956,257
S01003368,2295,1027,1268
S01003369,625,594,31
S01003370,771,536,235
S01003371,668,527,141
S01003372,799,758,41
S01003373,2232,1354,878
S01003374,492,446,46
S01003375,961,897,64
S01003376,526,481,45
S01003377,735,689,46
S01003378,841,724,117
S01003379,678,639,39
S01003380,1291,896,395
S01003381,728,673,55
S01003382,1603,1103,500
S01003383,913,855,58
S01003384,965,908,57
S01003385,834,639,195
S01003386,689,647,42
S01003387,793,637,156
S01003388,1038,903,135
S01003389,1019,767,252
S01003390,1218,1146,72
S01003391,716,615,101
S01003392,826,644,182
S01003393,883,847,36
S01003394,637,592,45
S01003395,644,486,158
S01003396,814,568,246
S01003397,1045,979,66
S01003398,793,720,73
S01003399,1873,991,882
S01003400,744,714,30
S01003401,846,769,77
S01003402,949,899,50
S01003403,1144,758,386
S01003404,569,536,33
S01003405,733,699,34
S01003406,691,563,128
S01003407,851,774,77
S01003408,650,467,183
S01003409,1535,1124,411
S01003410,1452,813,639
S01003411,757,661,96
S01003412,862,684,178
S01003413,741,686,55
S01003414,442,417,25
S01003415,1269,736,533
S01003416,845,701,144
S01003417,940,715,225
S01003418,920,795,125
S01003419,959,916,43
S01003420,464,444,20
S01003421,923,848,75
S01003422,790,659,131
S01003423,779,449,330
S01003424,974,853,121
S01003425,838,510,328
S01003426,1019,847,172
S01003427,941,868,73
S01003428,843,544,299
S01003429,1525,537,988
S01003430,783,504,279
S01003431,696,636,60
S01003432,880,475,405
S01003433,1165,634,531
S01003434,805,762,43
S01003435,731,704,27
S01003436,555,500,55
S01003437,816,465,351
S01003438,1411,646,765
S01003439,1153,865,288
S01003440,480,448,32
S01003441,1339,918,421
S01003442,1013,794,219
S01003443,970,664,306
S01003444,777,706,71
S01003445,1074,766,308
S01003446,452,238,214
S01003447,2551,1364,1187
S01003448,705,658,47
S01003449,831,450,381
S01003450,976,664,312
S01003451,916,630,286
S01003452,1407,1304,103
S01003453,1317,809,508
S01003454,664,400,264
S01003455,795,760,35
S01003456,255,241,14
S01003457,1005,563,442
S01003458,1016,923,93
S01003459,890,765,125
S01003460,1057,691,366
S01003461,764,716,48
S01003462,551,511,40
S01003463,692,311,381
S01003464,974,494,480
S01003465,2510,1642,868
S01003466,787,622,165
S01003467,714,677,37
S01003468,839,458,381
S01003469,1016,823,193
S01003470,1139,708,431
S01003471,776,694,82
S01003472,816,351,465
S01003473,969,691,278
S01003474,690,332,358
S01003475,845,608,237
S01003476,1136,1002,134
S01003477,1076,834,242
S01003478,814,583,231
S01003479,844,612,232
S01003480,834,714,120
S01003481,1033,750,283
S01003482,669,478,191
S01003483,533,493,40
S01003484,1127,583,544
S01003485,890,485,405
S01003486,1033,913,120
S01003487,1075,582,493
S01003488,695,660,35
S01003489,1397,1229,168
S01003490,625,435,190
S01003491,85,71,14
S01003492,1077,608,469
S01003493,831,640,191
S01003494,815,594,221
S01003495,936,736,200
S01003496,999,768,231
S01003497,964,668,296
S01003498,1019,874,145
S01003499,1006,770,236
S01003500,676,411,265
S01003501,708,387,321
S01003502,1848,1625,223
S01003503,700,481,219
S01003504,936,424,512
S01003506,1040,630,410
S01003507,522,292,230
S01003508,807,676,131
S01003509,950,644,306
S01003510,407,359,48
S01003511,1101,774,327
S01003512,641,625,16
S01003513,730,411,319
S01003514,897,524,373
S01003515,631,603,28
S01003516,667,599,68
S01003517,752,474,278
S01003518,1032,882,150
S01003519,542,408,134
S01003520,717,480,237
S01003521,531,289,242
S01003522,830,510,320
S01003523,657,633,24
S01003524,1072,866,206
S01003525,1090,797,293
S01003526,1013,617,396
S01003527,889,755,134
S01003528,516,490,26
S01003529,547,489,58
S01003530,821,561,260
S01003531,778,633,145
S01003532,1088,931,157
S01003533,340,118,222
S01003534,903,775,128
S01003535,708,562,146
S01003536,1031,763,268
S01003537,807,615,192
S01003538,630,602,28
S01003539,993,798,195
S01003540,419,362,57
S01003541,935,384,551
S01003542,786,572,214
S01003543,706,513,193
S01003544,529,330,199
S01003545,789,595,194
S01003546,1004,900,104
S01003547,767,533,234
S01003549,800,735,65
S01003550,647,552,95
S01003551,658,580,78
S01003552,1036,721,315
S01003553,654,571,83
S01003554,761,504,257
S01003555,725,456,269
S01003556,700,578,122
S01003557,783,655,128
S01003558,1036,756,280
S01003559,978,786,192
S01003560,1264,1028,236
S01003561,1248,918,330
S01003562,623,475,148
S01003563,530,494,36
S01003564,721,624,97
S01003565,858,807,51
S01003566,725,457,268
S01003567,1036,875,161
S01003568,729,546,183
S01003569,717,621,96
S01003570,736,651,85
S01003571,880,726,154
S01003572,1083,928,155
S01003573,924,868,56
S01003574,1028,708,320
S01003575,854,641,213
S01003576,845,613,232
S01003577,947,909,38
S01003578,217,202,15
S01003579,868,781,87
S01003580,1018,831,187
S01003581,2299,1422,877
S01003582,671,575,96
S01003583,566,520,46
S01003584,803,385,418
S01003585,675,451,224
S01003586,1053,730,323
S01003587,1104,930,174
S01003588,635,601,34
S01003589,1639,888,751
S01003590,741,625,116
S01003591,1301,1116,185
S01003592,1423,1147,276
S01003593,634,588,46
S01003594,1013,773,240
S01003595,919,850,69
S01003596,783,588,195
S01003597,714,566,148
S01003598,690,667,23
S01003599,969,851,118
S01003600,842,774,68
S01003601,817,656,161
S01003602,628,597,31
S01003603,864,695,169
S01003604,837,651,186
S01003605,666,506,160
S01003606,885,829,56
S01003607,531,508,23
S01003608,557,505,52
S01003609,1066,891,175
S01003610,986,811,175
S01003611,850,749,101
S01003612,883,728,155
S01003613,1454,1230,224
S01003614,547,473,74
S01003615,854,677,177
S01003616,869,724,145
S01003617,828,648,180
S01003618,796,727,69
S01003619,816,700,116
S01003620,1025,773,252
S01003621,939,911,28
S01003622,813,759,54
S01003623,915,732,183
S01003624,1555,1361,194
S01003625,350,295,55
S01003626,808,707,101
S01003627,621,527,94
S01003628,739,707,32
S01003629,759,720,39
S01003630,771,659,112
S01003631,1265,1060,205
S01003632,949,727,222
S01003633,1267,1111,156
S01003634,1027,963,64
S01003635,559,434,125
S01003636,923,860,63
S01003637,1048,917,131
S01003638,758,592,166
S01003639,779,721,58
S01003640,962,872,90
S01003641,736,671,65
S01003642,851,791,60
S01003643,682,599,83
S01003644,966,853,113
S01003645,539,478,61
S01003646,899,500,399
S01003647,724,667,57
S01003648,820,601,219
S01003649,967,854,113
S01003650,742,653,89
S01003651,732,628,104
S01003652,733,627,106
S01003653,715,680,35
S01003654,1123,1020,103
S01003655,660,634,26
S01003656,878,734,144
S01003657,831,770,61
S01003658,859,797,62
S01003659,756,620,136
S01003660,976,874,102
S01003661,947,811,136
S01003662,642,530,112
S01003663,585,501,84
S01003664,506,452,54
S01003665,645,497,148
S01003666,663,619,44
S01003667,838,785,53
S01003668,783,725,58
S01003669,927,894,33
S01003670,950,855,95
S01003671,666,589,77
S01003672,751,696,55
S01003673,316,284,32
S01003674,783,727,56
S01003675,879,658,221
S01003676,1198,916,282
S01003677,692,635,57
S01003678,685,658,27
S01003679,1028,901,127
S01003680,623,590,33
S01003681,565,526,39
S01003682,1043,914,129
S01003683,623,586,37
S01003684,794,721,73
S01003685,550,526,24
S01003686,948,856,92
S01003687,657,611,46
S01003688,883,844,39
S01003689,667,620,47
S01003690,942,823,119
S01003691,1028,956,72
S01003692,1022,946,76
S01003693,550,513,37
S01003694,986,895,91
S01003695,1125,858,267
S01003696,1036,958,78
S01003697,930,848,82
S01003698,1010,957,53
S01003699,938,873,65
S01003700,980,929,51
S01003701,991,860,131
S01003702,822,740,82
S01003703,1052,955,97
S01003704,655,614,41
S01003705,906,820,86
S01003706,749,679,70
S01003707,1078,1005,73
S01003708,964,857,107
S01003709,856,723,133
S01003710,1179,1063,116
S01003711,944,881,63
S01003712,928,850,78
S01003713,512,496,16
S01003714,628,556,72
S01003715,803,759,44
S01003716,575,551,24
S01003717,839,803,36
S01003718,749,700,49
S01003719,660,439,221
S01003720,989,663,326
S01003721,814,619,195
S01003722,896,654,242
S01003723,519,346,173
S01003724,769,648,121
S01003725,614,475,139
S01003726,656,488,168
S01003727,748,624,124
S01003728,558,372,186
S01003729,868,668,200
S01003730,644,489,155
S01003731,617,489,128
S01003732,945,833,112
S01003733,870,777,93
S01003734,709,619,90
S01003735,820,689,131
S01003736,799,696,103
S01003737,611,533,78
S01003738,767,601,166
S01003739,531,308,223
S01003740,618,386,232
S01003741,946,661,285
S01003742,711,515,196
S01003743,557,354,203
S01003744,665,408,257
S01003745,806,670,136
S01003746,837,593,244
S01003747,1094,793,301
S01003748,591,420,171
S01003749,885,674,211
S01003750,715,466,249
S01003751,1108,699,409
S01003752,913,604,309
S01003753,1105,668,437
S01003754,848,668,180
S01003755,1626,1077,549
S01003756,905,588,317
S01003757,608,470,138
S01003758,954,610,344
S01003759,628,420,208
S01003760,840,588,252
S01003761,957,668,289
S01003762,1090,752,338
S01003763,912,640,272
S01003764,878,663,215
S01003765,649,533,116
S01003766,738,534,204
S01003767,812,529,283
S01003768,628,396,232
S01003769,946,643,303
S01003770,819,490,329
S01003771,757,511,246
S01003772,606,402,204
S01003773,692,479,213
S01003774,760,517,243
S01003775,916,556,360
S01003776,700,474,226
S01003777,1114,826,288
S01003778,3225,2583,642
S01003779,501,369,132
S01003780,1074,881,193
S01003781,1129,928,201
S01003782,621,440,181
S01003783,1234,983,251
S01003784,1655,1348,307
S01003785,809,674,135
S01003786,891,736,155
S01003787,591,510,81
S01003788,708,594,114
S01003789,494,407,87
S01003790,570,470,100
S01003791,824,685,139
S01003792,2286,1845,441
S01003793,542,482,60
S01003794,690,510,180
S01003795,648,473,175
S01003796,673,566,107
S01003797,925,799,126
S01003798,846,710,136
S01003799,756,638,118
S01003800,633,507,126
S01003801,816,699,117
S01003802,781,669,112
S01003803,732,568,164
S01003804,620,517,103
S01003805,1202,940,262
S01003806,698,593,105
S01003807,904,778,126
S01003808,936,780,156
S01003809,674,579,95
S01003810,908,739,169
S01003811,687,551,136
S01003812,958,780,178
S01003813,856,739,117
S01003814,786,644,142
S01003815,842,588,254
S01003816,986,821,165
S01003817,1035,918,117
S01003818,803,667,136
S01003819,2446,1949,497
S01003820,1011,755,256
S01003821,763,640,123
S01003822,666,499,167
S01003823,977,787,190
S01003824,816,562,254
S01003825,867,606,261
S01003826,749,593,156
S01003827,817,656,161
S01003828,1145,931,214
S01003829,665,567,98
S01003830,901,784,117
S01003831,584,495,89
S01003832,944,704,240
S01003833,537,386,151
S01003834,651,550,101
S01003835,534,421,113
S01003836,513,365,148
S01003837,836,676,160
S01003838,576,497,79
S01003839,648,547,101
S01003840,696,587,109
S01003841,609,338,271
S01003842,758,588,170
S01003843,953,720,233
S01003844,736,594,142
S01003845,1140,880,260
S01003846,757,434,323
S01003847,608,508,100
S01003848,669,545,124
S01003849,1015,777,238
S01003850,522,409,113
S01003851,822,649,173
S01003852,593,461,132
S01003853,1253,856,397
S01003854,578,472,106
S01003855,978,813,165
S01003856,765,619,146
S01003857,783,531,252
S01003858,534,471,63
S01003859,609,505,104
S01003860,672,571,101
S01003861,776,598,178
S01003862,741,590,151
S01003863,686,548,138
S01003864,921,756,165
S01003865,996,759,237
S01003866,967,685,282
S01003867,1357,1129,228
S01003868,691,528,163
S01003869,712,428,284
S01003870,1046,867,179
S01003871,771,466,305
S01003872,902,683,219
S01003873,1122,797,325
S01003874,831,646,185
S01003875,679,466,213
S01003876,723,576,147
S01003877,688,537,151
S01003878,1089,882,207
S01003879,778,636,142
S01003880,867,694,173
S01003881,887,681,206
S01003882,500,425,75
S01003883,535,410,125
S01003884,766,678,88
S01003885,654,538,116
S01003886,519,447,72
S01003887,1032,861,171
S01003888,1633,1138,495
S01003889,547,471,76
S01003890,663,517,146
S01003891,731,554,177
S01003892,641,521,120
S01003893,633,432,201
S01003894,935,694,241
S01003895,745,644,101
S01003896,724,561,163
S01003897,734,561,173
S01003898,791,594,197
S01003899,800,630,170
S01003900,776,568,208
S01003901,680,510,170
S01003902,1036,776,260
S01003903,901,646,255
S01003904,888,665,223
S01003905,1166,832,334
S01003906,701,595,106
S01003907,748,638,110
S01003908,799,677,122
S01003909,621,520,101
S01003910,727,624,103
S01003911,626,465,161
S01003912,945,792,153
S01003913,727,549,178
S01003914,975,715,260
S01003915,764,515,249
S01003916,845,581,264
S01003917,906,633,273
S01003918,954,767,187
S01003919,612,478,134
S01003920,731,641,90
S01003921,1038,856,182
S01003922,937,764,173
S01003923,761,649,112
S01003924,507,439,68
S01003925,801,700,101
S01003926,580,492,88
S01003927,720,570,150
S01003928,840,692,148
S01003929,548,496,52
S01003930,870,706,164
S01003931,1144,928,216
S01003932,897,734,163
S01003933,701,456,245
S01003934,1016,759,257
S01003935,827,634,193
S01003936,999,701,298
S01003937,745,584,161
S01003938,605,431,174
S01003939,626,463,163
S01003940,1047,874,173
S01003941,614,477,137
S01003942,758,612,146
S01003943,695,561,134
S01003944,646,529,117
S01003945,661,557,104
S01003946,838,564,274
S01003947,631,474,157
S01003948,745,394,351
S01003949,598,400,198
S01003950,606,474,132
S01003951,608,421,187
S01003952,536,389,147
S01003953,577,365,212
S01003954,702,484,218
S01003955,681,487,194
S01003956,749,530,219
S01003957,686,535,151
S01003958,784,624,160
S01003959,747,473,274
S01003960,877,686,191
S01003961,576,471,105
S01003962,706,534,172
S01003963,474,304,170
S01003964,483,324,159
S01003965,576,377,199
S01003966,1009,709,300
S01003967,539,378,161
S01003968,864,615,249
S01003969,762,508,254
S01003970,631,406,225
S01003971,721,473,248
S01003972,785,524,261
S01003973,450,333,117
S01003974,854,575,279
S01003975,829,597,232
S01003976,772,661,111
S01003977,491,444,47
S01003978,512,432,80
S01003979,569,499,70
S01003980,643,557,86
S01003981,544,483,61
S01003982,779,697,82
S01003983,683,614,69
S01003984,623,543,80
S01003985,743,686,57
S01003986,550,495,55
S01003987,688,606,82
S01003988,490,360,130
S01003989,913,717,196
S01003990,522,364,158
S01003991,622,543,79
S01003992,982,774,208
S01003993,694,509,185
S01003994,729,556,173
S01003995,1312,1062,250
S01003996,649,510,139
S01003997,916,790,126
S01003998,565,508,57
S01003999,853,707,146
S01004000,708,629,79
S01004001,620,544,76
S01004002,896,773,123
S01004003,570,489,81
S01004004,731,665,66
S01004005,588,489,99
S01004006,553,451,102
S01004007,611,521,90
S01004008,672,511,161
S01004009,771,640,131
S01004010,837,554,283
S01004011,1369,1104,265
S01004012,755,640,115
S01004013,537,448,89
S01004014,634,532,102
S01004015,905,745,160
S01004016,598,534,64
S01004017,1014,810,204
S01004018,824,728,96
S01004019,1067,951,116
S01004020,805,689,116
S01004021,1177,1075,102
S01004022,789,675,114
S01004023,556,522,34
S01004024,1077,1029,48
S01004025,858,823,35
S01004026,607,585,22
S01004027,785,759,26
S01004028,739,722,17
S01004029,879,848,31
S01004030,660,627,33
S01004031,577,554,23
S01004032,396,355,41
S01004033,865,828,37
S01004034,736,687,49
S01004035,737,704,33
S01004036,630,606,24
S01004037,660,615,45
S01004038,678,663,15
S01004039,368,342,26
S01004040,642,598,44
S01004041,650,622,28
S01004042,576,539,37
S01004043,730,700,30
S01004044,674,620,54
S01004045,596,576,20
S01004046,541,507,34
S01004047,688,654,34
S01004048,1036,976,60
S01004049,1314,1244,70
S01004050,465,440,25
S01004051,836,808,28
S01004052,538,509,29
S01004053,957,924,33
S01004054,882,852,30
S01004055,557,524,33
S01004056,722,688,34
S01004057,1604,1511,93
S01004058,923,871,52
S01004059,549,513,36
S01004060,468,459,9
S01004061,793,768,25
S01004062,871,814,57
S01004063,610,585,25
S01004064,621,597,24
S01004065,958,893,65
S01004066,560,539,21
S01004067,829,796,33
S01004068,723,697,26
S01004069,448,428,20
S01004070,688,642,46
S01004071,908,867,41
S01004072,1189,1115,74
S01004073,785,737,48
S01004074,872,838,34
S01004075,449,418,31
S01004076,626,595,31
S01004077,842,801,41
S01004078,768,719,49
S01004079,665,635,30
S01004080,821,789,32
S01004081,649,601,48
S01004082,1030,911,119
S01004083,874,826,48
S01004084,905,849,56
S01004085,524,493,31
S01004086,769,739,30
S01004087,455,421,34
S01004088,525,504,21
S01004089,725,690,35
S01004090,315,304,11
S01004091,958,888,70
S01004092,740,678,62
S01004093,547,508,39
S01004094,425,387,38
S01004095,517,458,59
S01004096,645,584,61
S01004097,734,715,19
S01004098,619,590,29
S01004099,788,714,74
S01004100,765,723,42
S01004101,715,647,68
S01004102,771,705,66
S01004103,660,623,37
S01004104,756,699,57
S01004105,842,802,40
S01004106,898,793,105
S01004107,668,631,37
S01004108,800,731,69
S01004109,560,531,29
S01004110,775,698,77
S01004111,798,711,87
S01004112,839,760,79
S01004113,729,681,48
S01004114,643,598,45
S01004115,749,690,59
S01004116,674,614,60
S01004117,748,676,72
S01004118,899,831,68
S01004119,490,439,51
S01004120,706,628,78
S01004121,430,342,88
S01004122,900,710,190
S01004123,928,810,118
S01004124,1039,861,178
S01004125,656,552,104
S01004126,682,584,98
S01004127,860,736,124
S01004128,683,588,95
S01004129,728,654,74
S01004130,514,448,66
S01004131,809,740,69
S01004132,536,478,58
S01004133,820,770,50
S01004134,646,556,90
S01004135,633,570,63
S01004136,623,551,72
S01004137,575,448,127
S01004138,694,630,64
S01004139,561,513,48
S01004140,540,490,50
S01004141,673,621,52
S01004142,540,479,61
S01004143,846,763,83
S01004144,1319,1084,235
S01004145,626,544,82
S01004146,818,722,96
S01004147,709,658,51
S01004148,995,868,127
S01004149,851,785,66
S01004150,609,532,77
S01004151,1023,729,294
S01004152,752,694,58
S01004153,782,704,78
S01004154,625,529,96
S01004155,885,809,76
S01004156,963,884,79
S01004157,581,495,86
S01004158,579,482,97
S01004159,358,327,31
S01004160,646,582,64
S01004161,548,442,106
S01004162,2023,1735,288
S01004163,662,593,69
S01004164,860,780,80
S01004165,969,865,104
S01004166,744,627,117
S01004167,669,596,73
S01004168,621,546,75
S01004169,796,732,64
S01004170,734,689,45
S01004171,633,577,56
S01004172,756,701,55
S01004173,606,557,49
S01004174,728,685,43
S01004175,540,500,40
S01004176,632,556,76
S01004177,494,456,38
S01004178,566,506,60
S01004179,490,452,38
S01004180,900,832,68
S01004181,798,722,76
S01004182,928,824,104
S01004183,1056,935,121
S01004184,782,741,41
S01004185,680,621,59
S01004186,739,675,64
S01004187,696,645,51
S01004188,782,693,89
S01004189,922,806,116
S01004190,821,738,83
S01004191,727,660,67
S01004192,1043,972,71
S01004193,690,622,68
S01004194,739,670,69
S01004195,638,571,67
S01004196,615,562,53
S01004197,697,640,57
S01004198,578,468,110
S01004199,780,710,70
S01004200,719,669,50
S01004201,715,649,66
S01004202,523,488,35
S01004203,955,839,116
S01004204,668,607,61
S01004205,758,694,64
S01004206,636,527,109
S01004207,705,631,74
S01004208,851,755,96
S01004209,605,528,77
S01004210,611,530,81
S01004211,1102,899,203
S01004212,1670,1368,302
S01004213,530,443,87
S01004214,637,544,93
S01004215,615,490,125
S01004216,807,745,62
S01004217,447,409,38
S01004218,802,750,52
S01004219,508,459,49
S01004220,903,745,158
S01004221,783,718,65
S01004222,569,476,93
S01004223,722,636,86
S01004224,684,632,52
S01004225,768,677,91
S01004226,660,606,54
S01004227,1002,881,121
S01004228,842,725,117
S01004229,652,601,51
S01004230,688,647,41
S01004231,707,652,55
S01004232,624,550,74
S01004233,819,528,291
S01004234,988,766,222
S01004235,854,535,319
S01004236,985,781,204
S01004237,682,574,108
S01004238,568,402,166
S01004239,856,670,186
S01004240,802,556,246
S01004241,536,406,130
S01004242,845,517,328
S01004243,699,550,149
S01004244,660,527,133
S01004245,938,722,216
S01004246,635,468,167
S01004247,845,784,61
S01004248,1036,928,108
S01004249,917,815,102
S01004250,1029,910,119
S01004251,907,792,115
S01004252,638,409,229
S01004253,579,490,89
S01004254,725,401,324
S01004255,2886,2188,698
S01004256,1460,984,476
S01004257,621,468,153
S01004258,717,516,201
S01004259,771,540,231
S01004260,513,339,174
S01004261,786,661,125
S01004262,787,523,264
S01004263,764,630,134
S01004264,800,679,121
S01004265,909,675,234
S01004266,545,418,127
S01004267,508,337,171
S01004268,637,478,159
S01004269,838,662,176
S01004270,561,399,162
S01004271,643,476,167
S01004272,565,395,170
S01004273,576,387,189
S01004274,911,530,381
S01004275,584,475,109
S01004276,868,604,264
S01004277,713,604,109
S01004278,1207,914,293
S01004279,819,675,144
S01004280,925,813,112
S01004281,729,584,145
S01004282,880,720,160
S01004283,702,591,111
S01004284,902,762,140
S01004285,474,250,224
S01004286,578,290,288
S01004287,641,540,101
S01004288,665,502,163
S01004289,547,451,96
S01004290,1000,868,132
S01004291,807,686,121
S01004292,988,647,341
S01004293,931,712,219
S01004294,744,549,195
S01004295,855,656,199
S01004296,886,690,196
S01004297,648,491,157
S01004298,1332,948,384
S01004299,520,385,135
S01004300,574,430,144
S01004301,774,559,215
S01004302,674,537,137
S01004303,626,531,95
S01004304,798,626,172
S01004305,647,518,129
S01004306,597,466,131
S01004307,871,351,520
S01004308,965,807,158
S01004309,937,619,318
S01004310,718,571,147
S01004311,1153,933,220
S01004312,700,371,329
S01004313,1298,939,359
S01004314,787,584,203
S01004315,502,376,126
S01004316,536,259,277
S01004317,1149,1022,127
S01004318,527,493,34
S01004319,889,591,298
S01004320,824,753,71
S01004321,777,715,62
S01004322,980,840,140
S01004323,657,571,86
S01004324,803,725,78
S01004325,1054,878,176
S01004326,843,654,189
S01004327,699,593,106
S01004328,607,534,73
S01004329,509,424,85
S01004330,1412,986,426
S01004331,579,460,119
S01004332,631,551,80
S01004333,578,451,127
S01004334,1363,690,673
S01004335,537,426,111
S01004336,1005,672,333
S01004337,748,589,159
S01004338,769,555,214
S01004339,955,665,290
S01004340,537,418,119
S01004341,558,442,116
S01004342,1335,595,740
S01004343,641,495,146
S01004344,746,547,199
S01004345,1160,878,282
S01004346,445,345,100
S01004347,898,631,267
S01004348,637,443,194
S01004349,752,484,268
S01004350,601,347,254
S01004351,532,397,135
S01004352,539,391,148
S01004353,872,666,206
S01004354,514,427,87
S01004355,571,514,57
S01004356,951,891,60
S01004357,820,749,71
S01004358,665,629,36
S01004359,546,508,38
S01004360,637,598,39
S01004361,820,757,63
S01004362,604,571,33
S01004363,980,914,66
S01004364,915,841,74
S01004365,703,646,57
S01004366,589,551,38
S01004367,781,727,54
S01004368,535,502,33
S01004369,697,651,46
S01004370,680,627,53
S01004371,727,657,70
S01004372,905,617,288
S01004373,670,634,36
S01004374,768,714,54
S01004375,624,585,39
S01004376,871,820,51
S01004377,709,636,73
S01004378,913,844,69
S01004379,903,830,73
S01004380,697,635,62
S01004381,781,722,59
S01004382,681,623,58
S01004383,796,749,47
S01004384,662,603,59
S01004385,740,703,37
S01004386,1003,927,76
S01004387,947,893,54
S01004388,700,655,45
S01004389,586,561,25
S01004390,782,728,54
S01004391,555,517,38
S01004392,844,795,49
S01004393,889,842,47
S01004394,799,745,54
S01004395,596,562,34
S01004396,758,691,67
S01004397,907,836,71
S01004398,806,739,67
S01004399,482,447,35
S01004400,548,511,37
S01004401,1079,977,102
S01004402,933,877,56
S01004403,516,454,62
S01004404,734,656,78
S01004405,757,698,59
S01004406,890,825,65
S01004407,656,626,30
S01004408,1402,1174,228
S01004409,459,317,142
S01004410,989,928,61
S01004411,557,503,54
S01004412,1042,949,93
S01004413,717,666,51
S01004414,690,636,54
S01004415,680,631,49
S01004416,763,720,43
S01004417,807,735,72
S01004418,902,836,66
S01004419,821,762,59
S01004420,718,663,55
S01004421,881,808,73
S01004422,594,537,57
S01004423,775,713,62
S01004424,697,643,54
S01004425,576,533,43
S01004426,585,537,48
S01004427,728,690,38
S01004428,888,826,62
S01004429,809,759,50
S01004430,495,465,30
S01004431,666,623,43
S01004432,978,915,63
S01004433,908,845,63
S01004434,815,761,54
S01004435,842,750,92
S01004436,757,699,58
S01004437,901,849,52
S01004438,637,586,51
S01004439,688,645,43
S01004440,736,691,45
S01004441,1333,1213,120
S01004442,848,779,69
S01004443,711,653,58
S01004444,900,849,51
S01004445,898,820,78
S01004446,807,754,53
S01004447,729,677,52
S01004448,546,506,40
S01004449,917,873,44
S01004450,863,799,64
S01004451,855,794,61
S01004452,651,613,38
S01004453,955,883,72
S01004454,1004,950,54
S01004455,826,759,67
S01004456,494,459,35
S01004457,871,822,49
S01004458,825,775,50
S01004459,556,521,35
S01004460,590,533,57
S01004461,577,532,45
S01004462,645,598,47
S01004463,739,689,50
S01004464,839,787,52
S01004465,723,674,49
S01004466,946,867,79
S01004467,916,856,60
S01004468,918,820,98
S01004469,642,602,40
S01004470,737,655,82
S01004471,2067,1842,225
S01004472,690,530,160
S01004473,1103,920,183
S01004474,1048,941,107
S01004475,494,443,51
S01004476,735,605,130
S01004477,1097,924,173
S01004478,590,540,50
S01004479,705,650,55
S01004480,944,893,51
S01004481,829,759,70
S01004482,856,800,56
S01004483,708,645,63
S01004484,1025,957,68
S01004485,542,419,123
S01004486,962,854,108
S01004487,1043,965,78
S01004488,678,646,32
S01004489,923,824,99
S01004490,669,599,70
S01004491,794,738,56
S01004492,921,864,57
S01004493,964,889,75
S01004494,883,823,60
S01004495,696,646,50
S01004496,651,580,71
S01004497,826,777,49
S01004498,702,652,50
S01004499,650,601,49
S01004500,718,571,147
S01004501,721,662,59
S01004502,730,656,74
S01004503,678,607,71
S01004504,694,651,43
S01004505,582,546,36
S01004506,522,500,22
S01004507,706,604,102
S01004508,698,621,77
S01004509,1030,885,145
S01004510,827,728,99
S01004511,964,811,153
S01004512,867,743,124
S01004513,522,466,56
S01004514,596,539,57
S01004515,747,635,112
S01004516,449,376,73
S01004517,737,623,114
S01004518,634,558,76
S01004519,951,853,98
S01004520,914,771,143
S01004521,754,665,89
S01004522,900,772,128
S01004523,733,607,126
S01004524,561,500,61
S01004525,935,749,186
S01004526,682,542,140
S01004527,617,522,95
S01004528,737,711,26
S01004529,852,809,43
S01004530,547,516,31
S01004531,1066,986,80
S01004532,852,698,154
S01004533,441,346,95
S01004534,645,609,36
S01004535,898,844,54
S01004536,680,646,34
S01004537,815,775,40
S01004538,752,713,39
S01004539,716,685,31
S01004540,1238,1158,80
S01004541,840,806,34
S01004542,790,747,43
S01004543,811,743,68
S01004544,1844,1725,119
S01004545,737,687,50
S01004546,858,827,31
S01004547,844,768,76
S01004548,779,742,37
S01004549,2152,1981,171
S01004550,667,590,77
S01004551,1565,1495,70
S01004552,834,772,62
S01004553,534,488,46
S01004554,726,666,60
S01004555,647,622,25
S01004556,674,607,67
S01004557,430,417,13
S01004558,924,876,48
S01004559,954,886,68
S01004560,648,622,26
S01004561,957,906,51
S01004562,547,522,25
S01004563,793,760,33
S01004564,594,543,51
S01004565,902,845,57
S01004566,694,646,48
S01004567,475,441,34
S01004568,695,653,42
S01004569,734,698,36
S01004570,626,579,47
S01004571,635,594,41
S01004572,722,668,54
S01004573,596,561,35
S01004574,487,467,20
S01004575,670,605,65
S01004576,560,514,46
S01004577,617,569,48
S01004578,851,790,61
S01004579,605,551,54
S01004580,827,795,32
S01004581,1240,1166,74
S01004582,580,544,36
S01004583,798,738,60
S01004584,679,635,44
S01004585,552,528,24
S01004586,1060,964,96
S01004587,1217,1140,77
S01004588,628,600,28
S01004589,783,730,53
S01004590,839,782,57
S01004591,558,532,26
S01004592,637,601,36
S01004593,973,914,59
S01004594,491,459,32
S01004595,1030,966,64
S01004596,666,620,46
S01004597,531,490,41
S01004598,678,645,33
S01004599,959,879,80
S01004600,865,812,53
S01004601,895,823,72
S01004602,860,815,45
S01004603,796,729,67
S01004604,554,510,44
S01004605,965,900,65
S01004606,823,771,52
S01004607,560,512,48
S01004608,1562,1455,107
S01004609,569,545,24
S01004610,697,649,48
S01004611,1041,992,49
S01004612,1137,1046,91
S01004613,1722,1577,145
S01004614,750,670,80
S01004615,1182,1087,95
S01004616,877,805,72
S01004617,669,562,107
S01004618,649,527,122
S01004619,514,464,50
S01004620,666,439,227
S01004621,900,859,41
S01004622,858,782,76
S01004623,1028,941,87
S01004624,1212,1097,115
S01004625,821,783,38
S01004626,2033,1852,181
S01004627,522,492,30
S01004628,544,490,54
S01004629,887,814,73
S01004630,897,830,67
S01004631,731,698,33
S01004632,954,900,54
S01004633,574,550,24
S01004634,1114,1025,89
S01004635,774,694,80
S01004636,630,584,46
S01004637,565,532,33
S01004638,524,493,31
S01004639,661,634,27
S01004640,746,704,42
S01004641,610,590,20
S01004642,814,774,40
S01004643,494,466,28
S01004644,728,675,53
S01004645,951,887,64
S01004646,781,751,30
S01004647,1691,1562,129
S01004648,1122,1067,55
S01004649,578,539,39
S01004650,802,760,42
S01004651,917,889,28
S01004652,962,883,79
S01004653,612,581,31
S01004654,1015,954,61
S01004655,967,900,67
S01004656,596,567,29
S01004657,734,700,34
S01004658,947,875,72
S01004659,503,486,17
S01004660,768,719,49
S01004661,741,695,46
S01004662,965,917,48
S01004663,512,483,29
S01004664,562,543,19
S01004665,673,644,29
S01004666,755,713,42
S01004667,698,652,46
S01004668,890,849,41
S01004669,885,861,24
S01004670,965,882,83
S01004671,806,766,40
S01004672,641,616,25
S01004673,909,853,56
S01004674,797,775,22
S01004675,821,770,51
S01004676,766,730,36
S01004677,873,837,36
S01004678,975,908,67
S01004679,473,451,22
S01004680,940,879,61
S01004681,780,713,67
S01004682,529,500,29
S01004683,674,617,57
S01004684,1470,1366,104
S01004685,501,479,22
S01004686,738,719,19
S01004687,1052,1015,37
S01004688,655,613,42
S01004689,1018,948,70
S01004690,530,487,43
S01004691,714,667,47
S01004692,673,651,22
S01004693,704,667,37
S01004694,572,556,16
S01004695,747,702,45
S01004696,937,900,37
S01004697,801,764,37
S01004698,609,590,19
S01004699,810,776,34
S01004700,746,707,39
S01004701,865,791,74
S01004702,548,511,37
S01004703,892,821,71
S01004704,614,560,54
S01004705,941,884,57
S01004706,1629,1524,105
S01004707,929,884,45
S01004708,654,617,37
S01004709,703,662,41
S01004710,767,731,36
S01004711,917,875,42
S01004712,496,486,10
S01004713,728,697,31
S01004714,787,734,53
S01004715,1672,1571,101
S01004716,844,808,36
S01004717,952,923,29
S01004718,889,842,47
S01004719,966,932,34
S01004720,861,819,42
S01004721,569,533,36
S01004722,690,618,72
S01004723,655,625,30
S01004724,965,935,30
S01004725,638,594,44
S01004726,577,549,28
S01004727,791,750,41
S01004728,945,882,63
S01004729,620,596,24
S01004730,1409,1356,53
S01004731,847,814,33
S01004732,694,663,31
S01004733,726,675,51
S01004734,509,496,13
S01004735,958,909,49
S01004736,757,721,36
S01004737,750,725,25
S01004738,649,597,52
S01004739,664,639,25
S01004740,819,775,44
S01004741,597,564,33
S01004742,1328,1283,45
S01004743,878,829,49
S01004744,552,527,25
S01004745,897,872,25
S01004746,834,805,29
S01004747,696,658,38
S01004748,588,546,42
S01004749,1084,1037,47
S01004750,641,577,64
S01004751,799,691,108
S01004752,827,758,69
S01004753,763,713,50
S01004754,637,592,45
S01004755,683,645,38
S01004756,577,547,30
S01004757,845,795,50
S01004758,872,834,38
S01004759,584,559,25
S01004760,720,682,38
S01004761,528,491,37
S01004762,622,597,25
S01004763,848,796,52
S01004764,736,690,46
S01004765,1333,1238,95
S01004766,1196,1094,102
S01004767,674,639,35
S01004768,852,806,46
S01004769,548,527,21
S01004770,550,514,36
S01004771,830,784,46
S01004772,572,541,31
S01004773,754,698,56
S01004774,924,884,40
S01004775,785,661,124
S01004776,721,678,43
S01004777,733,694,39
S01004778,686,668,18
S01004779,823,779,44
S01004780,639,618,21
S01004781,926,858,68
S01004782,1180,1110,70
S01004783,935,884,51
S01004784,672,640,32
S01004785,629,590,39
S01004786,483,455,28
S01004787,997,910,87
S01004788,690,656,34
S01004789,983,901,82
S01004790,719,693,26
S01004791,611,574,37
S01004792,596,571,25
S01004793,760,688,72
S01004794,708,682,26
S01004795,899,855,44
S01004796,738,690,48
S01004797,702,655,47
S01004798,846,802,44
S01004799,578,540,38
S01004800,661,609,52
S01004801,719,679,40
S01004802,856,801,55
S01004803,850,793,57
S01004804,853,813,40
S01004805,608,564,44
S01004806,626,597,29
S01004807,514,462,52
S01004808,705,679,26
S01004809,438,420,18
S01004810,575,540,35
S01004811,717,690,27
S01004812,816,778,38
S01004813,868,830,38
S01004814,808,779,29
S01004815,1728,1558,170
S01004816,792,756,36
S01004817,632,569,63
S01004818,808,766,42
S01004819,545,515,30
S01004820,1044,996,48
S01004821,1826,1724,102
S01004822,689,653,36
S01004823,911,880,31
S01004824,753,706,47
S01004825,597,568,29
S01004826,961,852,109
S01004827,619,599,20
S01004828,1158,1112,46
S01004829,699,667,32
S01004830,729,695,34
S01004831,828,774,54
S01004832,1342,1242,100
S01004833,710,661,49
S01004834,759,715,44
S01004835,820,761,59
S01004836,707,658,49
S01004837,930,872,58
S01004838,1819,1664,155
S01004839,864,847,17
S01004840,848,781,67
S01004841,812,788,24
S01004842,1491,1376,115
S01004843,650,610,40
S01004844,957,892,65
S01004845,764,706,58
S01004846,1021,959,62
S01004847,994,886,108
S01004848,713,662,51
S01004849,530,504,26
S01004850,1466,1383,83
S01004851,647,613,34
S01004852,683,655,28
S01004853,733,677,56
S01004854,1089,1015,74
S01004855,633,611,22
S01004856,1538,1414,124
S01004857,838,765,73
S01004858,851,793,58
S01004859,917,859,58
S01004860,1366,1291,75
S01004861,710,682,28
S01004862,634,575,59
S01004863,844,797,47
S01004864,529,494,35
S01004865,716,694,22
S01004866,866,820,46
S01004867,736,675,61
S01004868,710,674,36
S01004869,785,749,36
S01004870,851,815,36
S01004871,770,716,54
S01004872,815,770,45
S01004873,751,703,48
S01004874,1109,973,136
S01004875,727,637,90
S01004876,929,889,40
S01004877,705,664,41
S01004878,797,753,44
S01004879,657,611,46
S01004880,729,660,69
S01004881,758,695,63
S01004882,502,459,43
S01004883,2080,1916,164
S01004884,552,522,30
S01004885,539,502,37
S01004886,878,789,89
S01004887,403,368,35
S01004888,634,569,65
S01004889,793,751,42
S01004890,769,684,85
S01004891,992,872,120
S01004892,683,641,42
S01004893,711,642,69
S01004894,849,792,57
S01004895,876,803,73
S01004896,873,816,57
S01004897,575,525,50
S01004898,939,874,65
S01004899,764,714,50
S01004900,939,871,68
S01004901,753,663,90
S01004902,729,668,61
S01004903,584,554,30
S01004904,937,872,65
S01004905,990,923,67
S01004906,792,715,77
S01004907,793,746,47
S01004908,624,602,22
S01004909,777,694,83
S01004910,836,781,55
S01004911,904,819,85
S01004912,731,687,44
S01004913,641,623,18
S01004914,634,585,49
S01004915,680,630,50
S01004916,687,640,47
S01004917,596,551,45
S01004918,645,587,58
S01004919,720,661,59
S01004920,884,824,60
S01004921,656,623,33
S01004922,667,615,52
S01004923,941,867,74
S01004924,773,742,31
S01004925,568,538,30
S01004926,882,766,116
S01004927,860,810,50
S01004928,1613,1397,216
S01004929,627,572,55
S01004930,627,594,33
S01004931,1005,944,61
S01004932,774,734,40
S01004933,877,807,70
S01004934,735,690,45
S01004935,516,485,31
S01004936,888,821,67
S01004937,547,511,36
S01004938,731,701,30
S01004939,550,515,35
S01004940,519,500,19
S01004941,608,572,36
S01004942,918,883,35
S01004943,1100,1044,56
S01004944,498,453,45
S01004945,685,641,44
S01004946,721,529,192
S01004947,760,623,137
S01004948,535,397,138
S01004949,719,530,189
S01004950,816,681,135
S01004951,752,610,142
S01004952,1100,968,132
S01004953,836,725,111
S01004954,703,621,82
S01004955,608,526,82
S01004956,768,643,125
S01004957,728,645,83
S01004958,1203,1023,180
S01004959,712,611,101
S01004960,535,453,82
S01004961,654,532,122
S01004962,638,559,79
S01004963,623,497,126
S01004964,1091,878,213
S01004965,942,736,206
S01004966,1056,805,251
S01004967,669,431,238
S01004968,578,318,260
S01004969,919,488,431
S01004970,838,588,250
S01004971,1021,646,375
S01004972,824,591,233
S01004973,1016,755,261
S01004974,1188,919,269
S01004975,760,568,192
S01004976,950,784,166
S01004977,966,814,152
S01004978,1001,809,192
S01004979,819,632,187
S01004980,962,774,188
S01004981,988,730,258
S01004982,666,515,151
S01004983,963,811,152
S01004984,763,602,161
S01004985,813,657,156
S01004986,786,625,161
S01004987,497,365,132
S01004988,550,411,139
S01004989,695,536,159
S01004990,593,468,125
S01004991,659,499,160
S01004992,848,720,128
S01004993,691,533,158
S01004994,810,614,196
S01004995,1012,785,227
S01004996,708,573,135
S01004997,958,727,231
S01004998,1260,998,262
S01004999,898,698,200
S01005000,546,434,112
S01005001,1171,884,287
S01005002,1016,760,256
S01005003,1089,835,254
S01005004,881,696,185
S01005005,941,860,81
S01005006,680,577,103
S01005007,839,660,179
S01005008,1335,927,408
S01005009,1033,868,165
S01005010,696,575,121
S01005011,860,710,150
S01005012,874,647,227
S01005013,817,628,189
S01005014,875,713,162
S01005015,613,478,135
S01005016,887,653,234
S01005017,722,570,152
S01005018,594,527,67
S01005019,1260,1067,193
S01005020,833,601,232
S01005021,1066,747,319
S01005022,708,603,105
S01005023,900,576,324
S01005024,929,772,157
S01005025,690,541,149
S01005026,676,522,154
S01005027,812,654,158
S01005028,901,759,142
S01005029,981,795,186
S01005030,1027,871,156
S01005031,682,485,197
S01005032,866,762,104
S01005033,735,626,109
S01005034,779,675,104
S01005035,983,783,200
S01005036,664,543,121
S01005037,1178,839,339
S01005038,819,681,138
S01005039,1064,909,155
S01005040,1166,848,318
S01005041,709,452,257
S01005042,798,685,113
S01005043,804,682,122
S01005044,929,780,149
S01005045,1032,895,137
S01005046,1313,1058,255
S01005047,1516,1062,454
S01005048,595,457,138
S01005049,823,502,321
S01005050,910,794,116
S01005051,823,706,117
S01005052,914,679,235
S01005053,878,757,121
S01005054,592,513,79
S01005055,811,722,89
S01005056,766,570,196
S01005057,739,661,78
S01005058,890,706,184
S01005059,510,445,65
S01005060,727,638,89
S01005061,1159,914,245
S01005062,490,435,55
S01005063,495,440,55
S01005064,754,620,134
S01005065,1252,937,315
S01005066,786,624,162
S01005067,627,387,240
S01005068,641,576,65
S01005069,594,527,67
S01005070,1124,796,328
S01005071,190,165,25
S01005072,622,538,84
S01005073,616,394,222
S01005074,1210,992,218
S01005075,435,362,73
S01005076,768,658,110
S01005077,1036,887,149
S01005078,692,621,71
S01005079,638,542,96
S01005080,454,397,57
S01005081,656,574,82
S01005082,657,560,97
S01005083,975,828,147
S01005084,613,557,56
S01005085,533,462,71
S01005086,1696,1404,292
S01005087,492,430,62
S01005088,561,482,79
S01005089,776,653,123
S01005090,866,730,136
S01005091,637,519,118
S01005092,672,572,100
S01005093,704,612,92
S01005094,802,622,180
S01005095,1566,1270,296
S01005096,734,636,98
S01005097,842,705,137
S01005098,722,619,103
S01005099,797,686,111
S01005100,928,782,146
S01005101,996,840,156
S01005102,893,731,162
S01005103,1155,931,224
S01005104,1002,610,392
S01005105,886,752,134
S01005106,557,466,91
S01005107,454,371,83
S01005108,635,532,103
S01005109,1470,1138,332
S01005110,1115,917,198
S01005111,577,497,80
S01005112,876,584,292
S01005113,1045,894,151
S01005114,990,799,191
S01005115,973,681,292
S01005116,621,466,155
S01005117,1014,768,246
S01005118,813,555,258
S01005119,712,512,200
S01005120,665,557,108
S01005121,918,715,203
S01005122,866,739,127
S01005123,750,597,153
S01005124,710,620,90
S01005125,839,650,189
S01005126,656,520,136
S01005127,678,552,126
S01005128,991,773,218
S01005129,948,785,163
S01005130,666,553,113
S01005131,984,730,254
S01005132,718,574,144
S01005133,401,289,112
S01005134,989,854,135
S01005135,780,655,125
S01005136,846,581,265
S01005137,943,663,280
S01005138,1129,898,231
S01005139,725,512,213
S01005140,613,383,230
S01005141,828,558,270
S01005142,561,422,139
S01005143,1122,824,298
S01005144,1222,765,457
S01005145,731,514,217
S01005146,745,495,250
S01005147,945,584,361
S01005148,846,733,113
S01005149,593,509,84
S01005150,660,597,63
S01005151,670,588,82
S01005152,1712,1568,144
S01005153,868,793,75
S01005154,645,532,113
S01005155,690,645,45
S01005156,695,656,39
S01005157,871,832,39
S01005158,677,649,28
S01005159,917,873,44
S01005160,1089,1022,67
S01005161,951,907,44
S01005162,918,858,60
S01005163,628,590,38
S01005164,914,857,57
S01005165,720,683,37
S01005166,996,933,63
S01005167,670,622,48
S01005168,740,690,50
S01005169,577,543,34
S01005170,786,730,56
S01005171,882,807,75
S01005172,1468,1361,107
S01005173,696,629,67
S01005174,681,654,27
S01005175,982,795,187
S01005176,688,640,48
S01005177,829,743,86
S01005178,956,897,59
S01005179,925,850,75
S01005180,842,786,56
S01005181,924,770,154
S01005182,737,693,44
S01005183,903,859,44
S01005184,932,883,49
S01005185,517,488,29
S01005186,731,683,48
S01005187,990,930,60
S01005188,902,823,79
S01005189,877,820,57
S01005190,889,826,63
S01005191,926,859,67
S01005192,1126,1022,104
S01005193,788,724,64
S01005194,591,550,41
S01005195,900,844,56
S01005196,809,720,89
S01005197,700,640,60
S01005198,846,763,83
S01005199,772,728,44
S01005200,537,507,30
S01005201,917,859,58
S01005202,870,789,81
S01005203,785,733,52
S01005204,506,467,39
S01005205,1101,990,111
S01005206,960,885,75
S01005207,892,836,56
S01005208,558,494,64
S01005209,866,814,52
S01005210,908,845,63
S01005211,686,648,38
S01005212,535,492,43
S01005213,923,846,77
S01005214,922,786,136
S01005215,974,909,65
S01005216,751,686,65
S01005217,977,909,68
S01005218,932,874,58
S01005219,953,890,63
S01005220,660,624,36
S01005221,692,626,66
S01005222,583,533,50
S01005223,722,692,30
S01005224,724,698,26
S01005225,978,892,86
S01005226,518,456,62
S01005227,1069,985,84
S01005228,891,741,150
S01005229,1122,979,143
S01005230,825,750,75
S01005231,715,644,71
S01005232,1068,972,96
S01005233,769,713,56
S01005234,1352,1183,169
S01005235,705,613,92
S01005236,1175,1104,71
S01005237,983,920,63
S01005238,800,749,51
S01005239,1106,850,256
S01005240,834,751,83
S01005241,952,900,52
S01005242,1107,964,143
S01005243,1057,875,182
S01005244,909,824,85
S01005245,686,513,173
S01005246,878,782,96
S01005247,624,581,43
S01005248,619,556,63
S01005249,850,669,181
S01005250,835,659,176
S01005251,852,745,107
S01005252,506,461,45
S01005253,547,509,38
S01005254,903,636,267
S01005255,710,593,117
S01005256,846,780,66
S01005257,904,808,96
S01005258,1014,946,68
S01005259,541,480,61
S01005260,629,576,53
S01005261,653,585,68
S01005262,1183,1014,169
S01005263,534,499,35
S01005264,628,600,28
S01005265,479,447,32
S01005266,846,798,48
S01005267,1070,1008,62
S01005268,1315,1134,181
S01005269,940,868,72
S01005270,1046,968,78
S01005271,519,486,33
S01005272,538,502,36
S01005273,731,692,39
S01005274,745,693,52
S01005275,546,485,61
S01005276,722,673,49
S01005277,669,643,26
S01005278,789,741,48
S01005279,553,492,61
S01005280,753,690,63
S01005281,767,705,62
S01005282,756,720,36
S01005283,800,651,149
S01005284,606,575,31
S01005285,693,649,44
S01005286,801,651,150
S01005287,1089,944,145
S01005288,778,727,51
S01005289,989,889,100
S01005290,604,537,67
S01005291,684,617,67
S01005292,744,668,76
S01005293,760,711,49
S01005294,569,480,89
S01005295,586,539,47
S01005296,831,693,138
S01005297,710,653,57
S01005298,1082,980,102
S01005299,503,473,30
S01005300,911,816,95
S01005301,868,775,93
S01005302,1000,955,45
S01005303,842,739,103
S01005304,662,619,43
S01005305,744,695,49
S01005306,956,864,92
S01005307,953,843,110
S01005308,532,455,77
S01005309,851,795,56
S01005310,975,930,45
S01005311,818,728,90
S01005312,1147,1005,142
S01005313,841,783,58
S01005314,457,407,50
S01005315,881,779,102
S01005316,848,793,55
S01005317,519,490,29
S01005318,573,550,23
S01005319,617,573,44
S01005320,610,538,72
S01005321,607,563,44
S01005322,1859,1644,215
S01005323,757,680,77
S01005324,788,740,48
S01005325,2209,1951,258
S01005326,921,829,92
S01005327,604,573,31
S01005328,704,614,90
S01005329,658,554,104
S01005330,706,679,27
S01005331,669,620,49
S01005332,565,528,37
S01005333,772,736,36
S01005334,1137,1070,67
S01005335,505,453,52
S01005336,598,554,44
S01005337,872,817,55
S01005338,562,524,38
S01005339,770,717,53
S01005340,573,509,64
S01005341,647,609,38
S01005342,730,698,32
S01005343,932,870,62
S01005344,726,694,32
S01005345,747,707,40
S01005346,789,750,39
S01005347,675,619,56
S01005348,933,884,49
S01005349,846,806,40
S01005350,709,653,56
S01005351,1349,1211,138
S01005352,926,877,49
S01005353,1057,999,58
S01005354,843,774,69
S01005355,737,685,52
S01005356,681,618,63
S01005357,790,748,42
S01005358,782,707,75
S01005359,808,768,40
S01005360,762,726,36
S01005361,932,815,117
S01005362,768,386,382
S01005363,666,358,308
S01005364,911,531,380
S01005365,888,656,232
S01005366,708,629,79
S01005367,751,642,109
S01005368,675,570,105
S01005369,974,797,177
S01005370,850,698,152
S01005371,947,843,104
S01005372,864,748,116
S01005373,724,639,85
S01005374,870,733,137
S01005375,937,805,132
S01005376,992,864,128
S01005377,863,768,95
S01005378,808,626,182
S01005379,920,808,112
S01005380,671,554,117
S01005381,641,531,110
S01005382,834,650,184
S01005383,570,375,195
S01005384,920,629,291
S01005385,962,636,326
S01005386,653,521,132
S01005387,899,765,134
S01005388,775,613,162
S01005389,750,574,176
S01005390,850,677,173
S01005391,756,587,169
S01005392,831,523,308
S01005393,929,682,247
S01005394,863,572,291
S01005395,978,661,317
S01005396,744,506,238
S01005397,546,318,228
S01005398,969,844,125
S01005399,983,820,163
S01005400,1078,896,182
S01005401,847,720,127
S01005402,1015,810,205
S01005403,892,790,102
S01005404,985,642,343
S01005405,564,414,150
S01005406,546,440,106
S01005407,1435,930,505
S01005408,579,471,108
S01005409,700,591,109
S01005410,1016,721,295
S01005411,968,748,220
S01005412,999,765,234
S01005413,909,658,251
S01005414,1039,791,248
S01005415,990,735,255
S01005416,978,796,182
S01005417,1231,985,246
S01005418,1127,759,368
S01005419,718,603,115
S01005420,768,622,146
S01005421,870,715,155
S01005422,946,767,179
S01005423,989,817,172
S01005424,874,708,166
S01005425,980,716,264
S01005426,769,631,138
S01005427,779,661,118
S01005428,1049,858,191
S01005429,719,586,133
S01005430,537,445,92
S01005431,667,602,65
S01005432,704,594,110
S01005433,850,707,143
S01005434,807,621,186
S01005435,1060,852,208
S01005436,953,814,139
S01005437,916,785,131
S01005438,788,695,93
S01005439,700,568,132
S01005440,1266,877,389
S01005441,1054,883,171
S01005442,1983,1401,582
S01005443,1183,926,257
S01005444,1322,1014,308
S01005445,1002,832,170
S01005446,777,648,129
S01005447,932,749,183
S01005448,876,674,202
S01005449,984,680,304
S01005450,1144,672,472
S01005451,937,709,228
S01005452,899,644,255
S01005453,802,541,261
S01005454,924,657,267
S01005455,874,673,201
S01005456,858,655,203
S01005457,959,802,157
S01005458,716,586,130
S01005459,934,647,287
S01005460,868,633,235
S01005461,773,411,362
S01005462,1073,694,379
S01005463,622,475,147
S01005464,653,497,156
S01005465,610,483,127
S01005466,1119,841,278
S01005467,509,425,84
S01005468,925,643,282
S01005469,889,438,451
S01005470,734,544,190
S01005471,813,612,201
S01005472,1451,1043,408
S01005473,993,638,355
S01005474,889,651,238
S01005475,950,595,355
S01005476,961,652,309
S01005477,863,655,208
S01005478,760,551,209
S01005479,599,387,212
S01005480,1273,551,722
S01005481,687,462,225
S01005482,663,416,247
S01005483,939,523,416
S01005484,535,321,214
S01005485,851,597,254
S01005486,874,615,259
S01005487,733,468,265
S01005488,792,549,243
S01005489,962,657,305
S01005490,664,419,245
S01005491,836,508,328
S01005492,936,636,300
S01005493,704,526,178
S01005494,882,699,183
S01005495,769,627,142
S01005496,1025,855,170
S01005497,915,736,179
S01005498,984,783,201
S01005499,671,582,89
S01005500,720,577,143
S01005501,1043,890,153
S01005502,845,667,178
S01005503,618,529,89
S01005504,647,537,110
S01005505,621,526,95
S01005506,877,675,202
S01005507,587,461,126
S01005508,697,597,100
S01005509,659,564,95
S01005510,726,599,127
S01005511,652,516,136
S01005512,700,520,180
S01005513,813,683,130
S01005514,624,487,137
S01005515,576,551,25
S01005516,559,483,76
S01005517,957,735,222
S01005518,1055,866,189
S01005519,646,515,131
S01005520,966,767,199
S01005521,693,502,191
S01005522,636,462,174
S01005523,788,505,283
S01005524,815,610,205
S01005525,662,582,80
S01005526,674,627,47
S01005527,493,453,40
S01005528,558,486,72
S01005529,950,882,68
S01005530,626,570,56
S01005531,551,473,78
S01005532,839,724,115
S01005533,713,641,72
S01005534,585,533,52
S01005535,851,775,76
S01005536,890,717,173
S01005537,727,592,135
S01005538,815,710,105
S01005539,869,728,141
S01005540,748,662,86
S01005541,637,592,45
S01005542,733,676,57
S01005543,795,710,85
S01005544,709,647,62
S01005545,1224,1087,137
S01005546,746,608,138
S01005547,1000,821,179
S01005548,1365,1132,233
S01005549,1498,1301,197
S01005550,612,492,120
S01005551,840,691,149
S01005552,785,631,154
S01005553,813,668,145
S01005554,662,549,113
S01005555,858,664,194
S01005556,589,498,91
S01005557,701,646,55
S01005558,719,619,100
S01005559,625,568,57
S01005560,578,522,56
S01005561,860,754,106
S01005562,916,748,168
S01005563,757,703,54
S01005564,835,687,148
S01005565,546,467,79
S01005566,501,451,50
S01005567,962,878,84
S01005568,545,490,55
S01005569,735,638,97
S01005570,757,675,82
S01005571,688,611,77
S01005572,799,664,135
S01005573,699,625,74
S01005574,840,788,52
S01005575,674,596,78
S01005576,782,705,77
S01005577,869,711,158
S01005578,941,868,73
S01005579,981,841,140
S01005580,655,540,115
S01005581,714,640,74
S01005582,820,677,143
S01005583,630,553,77
S01005584,554,468,86
S01005585,881,723,158
S01005586,816,668,148
S01005587,1055,941,114
S01005588,654,577,77
S01005589,1318,1013,305
S01005590,772,666,106
S01005591,918,847,71
S01005592,440,391,49
S01005593,765,707,58
S01005594,978,855,123
S01005595,857,802,55
S01005596,487,449,38
S01005597,1019,920,99
S01005598,1052,912,140
S01005599,636,597,39
S01005600,832,771,61
S01005601,687,650,37
S01005602,637,599,38
S01005603,775,703,72
S01005604,468,417,51
S01005605,903,823,80
S01005606,612,552,60
S01005607,628,587,41
S01005608,877,798,79
S01005609,860,765,95
S01005610,541,491,50
S01005611,711,643,68
S01005612,810,718,92
S01005613,762,695,67
S01005614,750,680,70
S01005615,946,872,74
S01005616,668,596,72
S01005617,782,714,68
S01005618,612,558,54
S01005619,550,480,70
S01005620,493,447,46
S01005621,677,590,87
S01005622,874,801,73
S01005623,734,667,67
S01005624,860,749,111
S01005625,865,767,98
S01005626,823,730,93
S01005627,625,563,62
S01005628,1128,1028,100
S01005629,775,676,99
S01005630,516,445,71
S01005631,701,613,88
S01005632,515,446,69
S01005633,757,672,85
S01005634,714,613,101
S01005635,826,712,114
S01005636,787,713,74
S01005637,1064,971,93
S01005638,927,780,147
S01005639,717,670,47
S01005640,694,594,100
S01005641,1066,971,95
S01005642,806,682,124
S01005643,617,530,87
S01005644,630,502,128
S01005645,824,697,127
S01005646,716,580,136
S01005647,779,672,107
S01005648,943,834,109
S01005649,1032,881,151
S01005650,545,490,55
S01005651,747,654,93
S01005652,686,587,99
S01005653,824,739,85
S01005654,757,680,77
S01005655,1058,909,149
S01005656,767,661,106
S01005657,562,525,37
S01005658,815,695,120
S01005659,905,814,91
S01005660,577,505,72
S01005661,611,531,80
S01005662,545,465,80
S01005663,636,554,82
S01005664,541,472,69
S01005665,458,399,59
S01005666,1329,1191,138
S01005667,746,618,128
S01005668,807,706,101
S01005669,509,396,113
S01005670,756,591,165
S01005671,520,425,95
S01005672,848,793,55
S01005673,657,526,131
S01005674,872,794,78
S01005675,944,838,106
S01005676,844,793,51
S01005677,838,645,193
S01005678,886,739,147
S01005679,1105,965,140
S01005680,830,735,95
S01005681,994,796,198
S01005682,774,635,139
S01005683,804,744,60
S01005684,1178,1076,102
S01005685,861,601,260
S01005686,826,720,106
S01005687,726,629,97
S01005688,972,870,102
S01005689,509,423,86
S01005690,770,651,119
S01005691,679,587,92
S01005692,718,582,136
S01005693,1670,1461,209
S01005694,554,525,29
S01005695,526,475,51
S01005696,674,605,69
S01005697,649,612,37
S01005698,587,535,52
S01005699,823,732,91
S01005700,573,523,50
S01005701,760,686,74
S01005702,685,605,80
S01005703,580,529,51
S01005704,649,601,48
S01005705,923,776,147
S01005706,746,650,96
S01005707,546,478,68
S01005708,715,668,47
S01005709,779,726,53
S01005710,465,418,47
S01005711,949,821,128
S01005712,524,499,25
S01005713,578,514,64
S01005714,1262,1162,100
S01005715,732,674,58
S01005716,538,461,77
S01005717,478,430,48
S01005718,791,661,130
S01005719,487,426,61
S01005720,766,646,120
S01005721,747,675,72
S01005722,532,472,60
S01005723,754,673,81
S01005724,609,514,95
S01005725,739,639,100
S01005726,1085,959,126
S01005727,1346,1200,146
S01005728,835,790,45
S01005729,583,552,31
S01005730,689,629,60
S01005731,791,724,67
S01005732,833,750,83
S01005733,772,667,105
S01005734,674,606,68
S01005735,727,682,45
S01005736,766,720,46
S01005737,749,694,55
S01005738,885,818,67
S01005739,941,796,145
S01005740,753,570,183
S01005741,1045,930,115
S01005742,964,879,85
S01005743,1191,1097,94
S01005744,931,884,47
S01005745,1132,1049,83
S01005746,834,761,73
S01005747,804,756,48
S01005748,663,625,38
S01005749,748,677,71
S01005750,756,661,95
S01005751,737,691,46
S01005752,641,619,22
S01005753,668,623,45
S01005754,1032,962,70
S01005755,717,694,23
S01005756,834,799,35
S01005757,582,552,30
S01005758,801,771,30
S01005759,766,725,41
S01005760,610,572,38
S01005761,669,621,48
S01005762,650,626,24
S01005763,2510,2239,271
S01005764,580,547,33
S01005765,949,888,61
S01005766,660,610,50
S01005767,692,633,59
S01005768,844,792,52
S01005769,761,720,41
S01005770,588,551,37
S01005771,722,689,33
S01005772,696,662,34
S01005773,889,835,54
S01005774,664,623,41
S01005775,732,690,42
S01005776,691,651,40
S01005777,515,484,31
S01005778,650,616,34
S01005779,767,686,81
S01005780,1456,1306,150
S01005781,946,897,49
S01005782,821,789,32
S01005783,529,489,40
S01005784,742,687,55
S01005785,731,683,48
S01005786,579,529,50
S01005787,754,692,62
S01005788,542,510,32
S01005789,795,732,63
S01005790,493,451,42
S01005791,470,442,28
S01005792,833,765,68
S01005793,502,465,37
S01005794,938,885,53
S01005795,660,596,64
S01005796,1132,1018,114
S01005797,1066,1003,63
S01005798,618,568,50
S01005799,688,641,47
S01005800,616,586,30
S01005801,651,606,45
S01005802,862,738,124
S01005803,797,746,51
S01005804,3934,3525,409
S01005805,606,568,38
S01005806,788,732,56
S01005807,808,759,49
S01005808,719,681,38
S01005809,669,605,64
S01005810,487,460,27
S01005811,522,504,18
S01005812,572,537,35
S01005813,790,733,57
S01005814,772,742,30
S01005815,1022,963,59
S01005816,1055,980,75
S01005817,521,476,45
S01005818,780,705,75
S01005819,687,664,23
S01005820,668,629,39
S01005821,479,428,51
S01005822,820,758,62
S01005823,602,562,40
S01005824,681,642,39
S01005825,642,599,43
S01005826,898,839,59
S01005827,685,625,60
S01005828,748,680,68
S01005829,745,694,51
S01005830,840,776,64
S01005831,1139,1046,93
S01005832,723,679,44
S01005833,640,598,42
S01005834,602,554,48
S01005835,667,614,53
S01005836,649,588,61
S01005837,485,451,34
S01005838,688,646,42
S01005839,783,730,53
S01005840,836,768,68
S01005841,628,554,74
S01005842,506,468,38
S01005843,637,546,91
S01005844,706,662,44
S01005845,482,446,36
S01005846,871,797,74
S01005847,786,734,52
S01005848,556,537,19
S01005849,838,783,55
S01005850,777,708,69
S01005851,689,646,43
S01005852,500,468,32
S01005853,994,899,95
S01005854,797,756,41
S01005855,821,772,49
S01005856,733,681,52
S01005857,701,667,34
S01005858,678,646,32
S01005859,697,655,42
S01005860,746,700,46
S01005861,865,781,84
S01005862,772,715,57
S01005863,1574,1391,183
S01005864,883,804,79
S01005865,792,744,48
S01005866,810,742,68
S01005867,959,855,104
S01005868,717,665,52
S01005869,708,667,41
S01005870,708,653,55
S01005871,658,609,49
S01005872,749,691,58
S01005873,962,886,76
S01005874,814,743,71
S01005875,800,739,61
S01005876,857,789,68
S01005877,887,820,67
S01005878,555,519,36
S01005879,644,597,47
S01005880,742,689,53
S01005881,788,726,62
S01005882,1554,1379,175
S01005883,455,413,42
S01005884,727,670,57
S01005885,581,542,39
S01005886,689,617,72
S01005887,490,461,29
S01005888,612,561,51
S01005889,863,766,97
S01005890,675,621,54
S01005891,615,565,50
S01005892,688,645,43
S01005893,705,647,58
S01005894,726,644,82
S01005895,571,521,50
S01005896,704,642,62
S01005897,728,656,72
S01005898,692,630,62
S01005899,696,633,63
S01005900,598,545,53
S01005901,751,691,60
S01005902,842,754,88
S01005903,967,870,97
S01005904,1012,944,68
S01005905,772,696,76
S01005906,831,770,61
S01005907,728,658,70
S01005908,881,778,103
S01005909,512,475,37
S01005910,691,624,67
S01005911,1349,1207,142
S01005912,803,746,57
S01005913,829,770,59
S01005914,945,861,84
S01005915,673,646,27
S01005916,749,662,87
S01005917,876,782,94
S01005918,882,824,58
S01005919,525,486,39
S01005920,858,800,58
S01005921,655,608,47
S01005922,900,824,76
S01005923,689,634,55
S01005924,651,594,57
S01005925,698,637,61
S01005926,989,883,106
S01005927,720,672,48
S01005928,788,702,86
S01005929,764,697,67
S01005930,1060,986,74
S01005931,748,700,48
S01005932,614,575,39
S01005933,861,787,74
S01005934,699,664,35
S01005935,610,562,48
S01005936,817,772,45
S01005937,609,550,59
S01005938,745,691,54
S01005939,698,649,49
S01005940,778,660,118
S01005941,453,404,49
S01005942,879,819,60
S01005943,811,755,56
S01005944,957,880,77
S01005945,816,762,54
S01005946,859,800,59
S01005947,733,666,67
S01005948,832,786,46
S01005949,622,573,49
S01005950,529,498,31
S01005951,1242,1080,162
S01005952,1163,976,187
S01005953,1255,1194,61
S01005954,496,473,23
S01005955,700,591,109
S01005956,738,700,38
S01005957,1052,973,79
S01005958,538,503,35
S01005959,524,491,33
S01005960,496,465,31
S01005961,1190,1099,91
S01005962,461,443,18
S01005963,608,565,43
S01005964,722,698,24
S01005965,948,873,75
S01005966,1383,1210,173
S01005967,1008,945,63
S01005968,1209,1090,119
S01005969,708,670,38
S01005970,754,717,37
S01005971,402,392,10
S01005972,705,661,44
S01005973,839,793,46
S01005974,764,726,38
S01005975,685,661,24
S01005976,778,679,99
S01005977,720,679,41
S01005978,720,641,79
S01005979,853,805,48
S01005980,568,542,26
S01005981,875,788,87
S01005982,717,678,39
S01005983,831,786,45
S01005984,894,794,100
S01005985,764,703,61
S01005986,1038,888,150
S01005987,548,525,23
S01005988,546,512,34
S01005989,675,632,43
S01005990,1408,1282,126
S01005991,690,650,40
S01005992,561,519,42
S01005993,666,638,28
S01005994,912,859,53
S01005995,634,604,30
S01005996,836,774,62
S01005997,603,578,25
S01005998,660,620,40
S01005999,1375,1246,129
S01006000,746,701,45
S01006001,734,673,61
S01006002,531,499,32
S01006003,630,588,42
S01006004,1458,1292,166
S01006005,544,523,21
S01006006,766,671,95
S01006007,446,408,38
S01006008,714,681,33
S01006009,475,440,35
S01006010,979,864,115
S01006011,778,737,41
S01006012,755,723,32
S01006013,587,526,61
S01006014,675,637,38
S01006015,734,681,53
S01006016,927,873,54
S01006017,1269,1215,54
S01006018,908,825,83
S01006019,1334,1229,105
S01006020,826,754,72
S01006021,1059,991,68
S01006022,573,524,49
S01006023,697,618,79
S01006024,801,734,67
S01006025,879,817,62
S01006026,726,704,22
S01006027,729,670,59
S01006028,618,559,59
S01006029,685,627,58
S01006030,892,809,83
S01006031,1456,1301,155
S01006032,898,840,58
S01006033,1159,1067,92
S01006034,1784,1626,158
S01006035,915,854,61
S01006036,2362,2058,304
S01006037,815,735,80
S01006038,864,795,69
S01006039,770,705,65
S01006040,865,801,64
S01006041,926,863,63
S01006042,803,764,39
S01006043,547,527,20
S01006044,1067,983,84
S01006045,666,606,60
S01006046,726,627,99
S01006047,710,677,33
S01006048,696,640,56
S01006049,779,739,40
S01006050,749,685,64
S01006051,801,734,67
S01006052,797,735,62
S01006053,772,726,46
S01006054,791,700,91
S01006055,642,574,68
S01006056,884,808,76
S01006057,494,445,49
S01006058,720,692,28
S01006059,859,824,35
S01006060,667,619,48
S01006061,484,426,58
S01006062,681,614,67
S01006063,546,509,37
S01006064,696,653,43
S01006065,775,705,70
S01006066,1014,900,114
S01006067,933,768,165
S01006068,582,475,107
S01006069,827,649,178
S01006070,673,524,149
S01006071,926,727,199
S01006072,625,499,126
S01006073,447,368,79
S01006074,700,541,159
S01006075,1013,912,101
S01006076,1012,931,81
S01006077,1217,1091,126
S01006078,1442,1197,245
S01006079,710,650,60
S01006080,1007,854,153
S01006081,715,562,153
S01006082,895,849,46
S01006083,1038,871,167
S01006084,880,809,71
S01006085,754,669,85
S01006086,923,851,72
S01006087,738,683,55
S01006088,757,693,64
S01006089,712,622,90
S01006090,825,744,81
S01006091,897,705,192
S01006092,564,516,48
S01006093,760,683,77
S01006094,838,783,55
S01006095,896,798,98
S01006096,602,549,53
S01006097,963,890,73
S01006098,669,578,91
S01006099,561,477,84
S01006100,431,386,45
S01006101,614,552,62
S01006102,833,740,93
S01006103,628,546,82
S01006104,726,625,101
S01006105,905,800,105
S01006106,835,759,76
S01006107,662,614,48
S01006108,872,805,67
S01006109,871,721,150
S01006110,767,714,53
S01006111,972,861,111
S01006112,680,581,99
S01006113,899,739,160
S01006114,702,623,79
S01006115,776,590,186
S01006116,841,672,169
S01006117,846,735,111
S01006118,629,511,118
S01006119,1147,814,333
S01006120,1123,728,395
S01006121,548,435,113
S01006122,1016,833,183
S01006123,765,499,266
S01006124,705,510,195
S01006125,934,666,268
S01006126,877,456,421
S01006127,749,493,256
S01006128,895,519,376
S01006129,732,586,146
S01006130,440,421,19
S01006131,953,733,220
S01006132,790,707,83
S01006133,620,481,139
S01006134,496,397,99
S01006135,532,458,74
S01006136,1133,987,146
S01006137,988,667,321
S01006138,616,510,106
S01006139,413,381,32
S01006140,809,598,211
S01006141,1996,1604,392
S01006142,620,517,103
S01006143,658,481,177
S01006144,971,787,184
S01006145,1065,728,337
S01006146,828,575,253
S01006147,772,530,242
S01006148,800,647,153
S01006149,1090,843,247
S01006150,1012,748,264
S01006151,1999,1065,934
S01006152,712,482,230
S01006153,584,441,143
S01006154,842,639,203
S01006155,784,668,116
S01006156,598,497,101
S01006157,747,588,159
S01006158,880,625,255
S01006159,821,565,256
S01006160,808,600,208
S01006161,753,583,170
S01006162,628,507,121
S01006163,741,537,204
S01006164,596,479,117
S01006165,901,618,283
S01006166,864,668,196
S01006167,1687,1224,463
S01006168,1044,841,203
S01006169,710,543,167
S01006170,896,643,253
S01006171,869,682,187
S01006172,471,370,101
S01006173,622,394,228
S01006174,611,370,241
S01006175,753,477,276
S01006176,643,457,186
S01006177,598,456,142
S01006178,798,744,54
S01006179,719,668,51
S01006180,774,722,52
S01006181,743,700,43
S01006182,624,575,49
S01006183,853,784,69
S01006184,745,697,48
S01006185,928,866,62
S01006186,1173,1093,80
S01006187,771,716,55
S01006188,653,603,50
S01006189,704,652,52
S01006190,840,789,51
S01006191,587,543,44
S01006192,710,641,69
S01006193,894,840,54
S01006194,878,806,72
S01006195,863,808,55
S01006196,853,802,51
S01006197,816,767,49
S01006198,642,601,41
S01006199,647,609,38
S01006200,911,848,63
S01006201,922,860,62
S01006202,655,604,51
S01006203,597,568,29
S01006204,894,840,54
S01006205,671,617,54
S01006206,749,706,43
S01006207,853,798,55
S01006208,704,666,38
S01006209,683,650,33
S01006210,757,703,54
S01006211,528,501,27
S01006212,793,757,36
S01006213,1064,991,73
S01006214,824,771,53
S01006215,759,707,52
S01006216,679,642,37
S01006217,979,905,74
S01006218,569,531,38
S01006219,893,833,60
S01006220,867,809,58
S01006221,815,777,38
S01006222,1021,969,52
S01006223,701,648,53
S01006224,617,570,47
S01006225,890,847,43
S01006226,702,677,25
S01006227,910,858,52
S01006228,728,701,27
S01006229,908,809,99
S01006230,983,851,132
S01006231,865,808,57
S01006232,1055,985,70
S01006233,719,662,57
S01006234,649,578,71
S01006235,718,662,56
S01006236,568,521,47
S01006237,907,815,92
S01006238,952,881,71
S01006239,434,396,38
S01006240,741,684,57
S01006241,991,865,126
S01006242,743,702,41
S01006243,600,558,42
S01006244,805,763,42
S01006245,574,525,49
S01006246,727,639,88
S01006247,789,726,63
S01006248,834,765,69
S01006249,680,625,55
S01006250,717,646,71
S01006251,577,531,46
S01006252,618,584,34
S01006253,629,558,71
S01006254,793,692,101
S01006255,885,824,61
S01006256,627,575,52
S01006257,749,694,55
S01006258,825,761,64
S01006259,673,623,50
S01006260,572,532,40
S01006261,810,758,52
S01006262,823,754,69
S01006263,787,721,66
S01006264,917,822,95
S01006265,762,680,82
S01006266,919,853,66
S01006267,588,544,44
S01006268,676,623,53
S01006269,609,569,40
S01006270,859,793,66
S01006271,696,635,61
S01006272,819,775,44
S01006273,527,485,42
S01006274,536,498,38
S01006275,809,735,74
S01006276,814,762,52
S01006277,657,610,47
S01006278,1054,967,87
S01006279,1326,1200,126
S01006280,703,660,43
S01006281,772,718,54
S01006282,654,615,39
S01006283,691,647,44
S01006284,732,681,51
S01006285,819,734,85
S01006286,1085,965,120
S01006287,579,505,74
S01006288,767,704,63
S01006289,822,740,82
S01006290,885,807,78
S01006291,534,478,56
S01006292,810,740,70
S01006293,821,722,99
S01006294,603,523,80
S01006295,881,768,113
S01006296,922,780,142
S01006297,735,658,77
S01006298,1009,930,79
S01006299,752,714,38
S01006300,791,740,51
S01006301,629,591,38
S01006302,927,860,67
S01006303,680,613,67
S01006304,845,781,64
S01006305,708,650,58
S01006306,788,705,83
S01006307,897,823,74
S01006308,633,590,43
S01006309,1092,980,112
S01006310,820,738,82
S01006311,747,683,64
S01006312,1195,1071,124
S01006313,1275,1165,110
S01006314,653,523,130
S01006315,836,766,70
S01006316,826,756,70
S01006317,979,893,86
S01006318,769,720,49
S01006319,925,882,43
S01006320,1008,950,58
S01006321,829,655,174
S01006322,786,626,160
S01006323,1017,941,76
S01006324,693,588,105
S01006325,661,621,40
S01006326,959,880,79
S01006327,574,535,39
S01006328,615,562,53
S01006329,1105,898,207
S01006330,706,631,75
S01006331,731,663,68
S01006332,594,564,30
S01006333,911,861,50
S01006334,772,717,55
S01006335,849,760,89
S01006336,1269,1020,249
S01006337,1395,1119,276
S01006338,793,687,106
S01006339,945,842,103
S01006340,701,614,87
S01006341,727,604,123
S01006342,687,636,51
S01006343,1226,1108,118
S01006344,702,600,102
S01006345,686,613,73
S01006346,653,614,39
S01006347,611,547,64
S01006348,585,467,118
S01006349,494,450,44
S01006350,666,601,65
S01006351,1268,1067,201
S01006352,703,596,107
S01006353,557,487,70
S01006354,963,807,156
S01006355,740,633,107
S01006356,651,576,75
S01006357,733,640,93
S01006358,685,578,107
S01006359,1097,988,109
S01006360,656,572,84
S01006361,1070,817,253
S01006362,746,667,79
S01006363,667,577,90
S01006364,4216,3475,741
S01006365,867,755,112
S01006366,714,631,83
S01006367,729,651,78
S01006368,784,675,109
S01006369,1655,1470,185
S01006370,1084,910,174
S01006371,612,500,112
S01006372,712,654,58
S01006373,886,720,166
S01006374,648,549,99
S01006375,593,509,84
S01006376,1041,859,182
S01006377,576,518,58
S01006378,526,424,102
S01006379,688,609,79
S01006380,637,565,72
S01006381,501,459,42
S01006382,687,602,85
S01006383,603,524,79
S01006384,726,641,85
S01006385,996,829,167
S01006386,991,862,129
S01006387,858,768,90
S01006388,1043,886,157
S01006389,680,615,65
S01006390,692,547,145
S01006391,1166,941,225
S01006392,970,889,81
S01006393,1417,1236,181
S01006394,731,593,138
S01006395,1139,946,193
S01006396,604,479,125
S01006397,961,833,128
S01006398,843,740,103
S01006399,724,671,53
S01006400,1369,1237,132
S01006401,1087,931,156
S01006402,672,584,88
S01006403,748,680,68
S01006404,862,692,170
S01006405,1016,849,167
S01006406,386,336,50
S01006407,650,552,98
S01006408,1047,802,245
S01006409,1445,1103,342
S01006410,679,625,54
S01006411,1058,895,163
S01006412,660,575,85
S01006413,513,454,59
S01006414,485,455,30
S01006415,820,744,76
S01006416,878,742,136
S01006417,760,663,97
S01006418,612,536,76
S01006419,534,462,72
S01006420,877,768,109
S01006421,776,683,93
S01006422,658,578,80
S01006423,647,457,190
S01006424,612,577,35
S01006425,1390,1200,190
S01006426,1215,1081,134
S01006427,759,716,43
S01006428,747,636,111
S01006429,687,573,114
S01006430,669,622,47
S01006431,494,441,53
S01006432,673,573,100
S01006433,625,542,83
S01006434,757,734,23
S01006435,429,392,37
S01006436,779,675,104
S01006437,897,757,140
S01006438,649,591,58
S01006439,821,684,137
S01006440,830,763,67
S01006441,669,588,81
S01006442,752,694,58
S01006443,459,430,29
S01006444,586,494,92
S01006445,775,652,123
S01006446,869,735,134
S01006447,576,497,79
S01006448,897,743,154
S01006449,459,384,75
S01006450,662,573,89
S01006451,1108,978,130
S01006452,556,493,63
S01006453,944,829,115
S01006454,613,505,108
S01006455,560,478,82
S01006456,1888,1595,293
S01006457,1094,966,128
S01006458,849,773,76
S01006459,763,611,152
S01006460,490,455,35
S01006461,1776,1484,292
S01006462,764,664,100
S01006463,673,577,96
S01006464,669,604,65
S01006465,1479,1284,195
S01006466,744,665,79
S01006467,816,715,101
S01006468,1252,1073,179
S01006469,626,539,87
S01006470,837,716,121
S01006471,899,780,119
S01006472,605,497,108
S01006473,746,608,138
S01006474,745,668,77
S01006475,849,784,65
S01006476,860,739,121
S01006477,786,664,122
S01006478,1098,941,157
S01006479,766,664,102
S01006480,830,700,130
S01006481,972,803,169
S01006482,711,599,112
S01006483,909,842,67
S01006484,772,700,72
S01006485,687,567,120
S01006486,786,614,172
S01006487,772,701,71
S01006488,657,551,106
S01006489,884,780,104
S01006490,709,573,136
S01006491,752,597,155
S01006492,645,552,93
S01006493,575,490,85
S01006494,659,530,129
S01006495,785,641,144
S01006496,928,734,194
S01006497,560,438,122
S01006498,1236,1053,183
S01006499,910,732,178
S01006500,713,624,89
S01006501,871,738,133
S01006502,588,470,118
S01006503,640,530,110
S01006504,776,629,147
S01006505,860,708,152
