"dz_2001","total","employed","nonemployed"
"S01000001",581,392,189
"S01000002",518,448,70
"S01000003",595,496,99
"S01000004",490,408,82
"S01000005",505,380,125
"S01000006",428,267,161
"S01000007",528,305,223
"S01000008",446,282,164
"S01000009",539,383,156
"S01000010",442,359,83
"S01000011",651,381,270
"S01000012",643,444,199
"S01000013",655,414,241
"S01000014",703,531,172
"S01000015",506,441,65
"S01000016",417,236,181
"S01000017",740,541,199
"S01000018",483,380,103
"S01000019",371,243,128
"S01000020",554,316,238
"S01000021",651,429,222
"S01000022",470,264,206
"S01000023",557,364,193
"S01000024",348,240,108
"S01000025",626,378,248
"S01000026",660,367,293
"S01000027",621,345,276
"S01000028",709,394,315
"S01000029",475,300,175
"S01000030",357,194,163
"S01000031",585,368,217
"S01000032",820,479,341
"S01000033",527,287,240
"S01000034",742,412,330
"S01000035",782,441,341
"S01000036",550,279,271
"S01000037",584,371,213
"S01000038",500,318,182
"S01000039",658,365,293
"S01000040",705,423,282
"S01000041",634,363,271
"S01000042",582,354,228
"S01000043",636,397,239
"S01000044",679,329,350
"S01000045",457,278,179
"S01000046",549,334,215
"S01000047",588,304,284
"S01000048",694,484,210
"S01000049",537,347,190
"S01000050",452,283,169
"S01000051",563,318,245
"S01000052",502,279,223
"S01000053",729,490,239
"S01000054",506,271,235
"S01000055",516,314,202
"S01000056",744,476,268
"S01000057",483,260,223
"S01000058",513,333,180
"S01000059",636,429,207
"S01000060",413,198,215
"S01000061",747,419,328
"S01000062",833,631,202
"S01000063",714,478,236
"S01000064",498,308,190
"S01000065",829,567,262
"S01000066",692,444,248
"S01000067",647,401,246
"S01000068",585,393,192
"S01000069",523,283,240
"S01000070",481,287,194
"S01000071",550,291,259
"S01000072",601,342,259
"S01000073",439,270,169
"S01000074",523,267,256
"S01000075",455,290,165
"S01000076",578,344,234
"S01000077",701,498,203
"S01000078",728,520,208
"S01000079",782,599,183
"S01000080",799,597,202
"S01000081",675,435,240
"S01000082",663,392,271
"S01000083",580,418,162
"S01000084",573,416,157
"S01000085",524,366,158
"S01000086",582,442,140
"S01000087",629,269,360
"S01000088",568,453,115
"S01000089",730,401,329
"S01000090",668,472,196
"S01000091",795,546,249
"S01000092",790,561,229
"S01000093",348,219,129
"S01000094",540,380,160
"S01000095",586,442,144
"S01000096",514,240,274
"S01000097",688,453,235
"S01000098",938,549,389
"S01000099",558,322,236
"S01000100",703,455,248
"S01000101",682,451,231
"S01000102",626,360,266
"S01000103",525,354,171
"S01000104",600,334,266
"S01000105",691,451,240
"S01000106",487,327,160
"S01000107",833,534,299
"S01000108",454,262,192
"S01000109",805,439,366
"S01000110",573,309,264
"S01000111",584,405,179
"S01000112",770,457,313
"S01000113",393,260,133
"S01000114",567,281,286
"S01000115",637,342,295
"S01000116",799,585,214
"S01000117",675,463,212
"S01000118",502,293,209
"S01000119",690,395,295
"S01000120",469,312,157
"S01000121",561,316,245
"S01000122",531,322,209
"S01000123",484,318,166
"S01000124",898,487,411
"S01000125",574,298,276
"S01000126",688,346,342
"S01000127",589,405,184
"S01000128",1477,487,990
"S01000129",525,222,303
"S01000130",730,406,324
"S01000131",516,376,140
"S01000132",679,457,222
"S01000133",542,339,203
"S01000134",541,303,238
"S01000135",583,284,299
"S01000136",487,267,220
"S01000137",673,434,239
"S01000138",748,376,372
"S01000139",613,347,266
"S01000140",744,486,258
"S01000141",730,447,283
"S01000142",546,298,248
"S01000143",476,290,186
"S01000144",520,254,266
"S01000145",662,394,268
"S01000146",857,451,406
"S01000147",604,371,233
"S01000148",467,232,235
"S01000149",927,450,477
"S01000150",432,261,171
"S01000151",629,301,328
"S01000152",854,475,379
"S01000153",458,228,230
"S01000154",452,256,196
"S01000155",579,333,246
"S01000156",809,340,469
"S01000157",488,235,253
"S01000158",668,385,283
"S01000159",686,502,184
"S01000160",628,370,258
"S01000161",842,420,422
"S01000162",670,360,310
"S01000163",771,458,313
"S01000164",352,177,175
"S01000165",637,334,303
"S01000166",1034,458,576
"S01000167",526,296,230
"S01000168",709,433,276
"S01000169",599,341,258
"S01000170",910,439,471
"S01000171",635,545,90
"S01000172",364,231,133
"S01000173",570,325,245
"S01000174",586,433,153
"S01000175",470,268,202
"S01000176",684,264,420
"S01000177",466,297,169
"S01000178",560,338,222
"S01000179",519,243,276
"S01000180",502,301,201
"S01000181",464,269,195
"S01000182",648,398,250
"S01000183",798,332,466
"S01000184",633,349,284
"S01000185",637,299,338
"S01000186",665,349,316
"S01000187",499,296,203
"S01000188",982,255,727
"S01000189",426,221,205
"S01000190",656,392,264
"S01000191",891,394,497
"S01000192",599,254,345
"S01000193",581,358,223
"S01000194",553,240,313
"S01000195",576,300,276
"S01000196",572,291,281
"S01000197",461,282,179
"S01000198",530,271,259
"S01000199",487,207,280
"S01000200",626,345,281
"S01000201",486,250,236
"S01000202",673,429,244
"S01000203",332,154,178
"S01000204",478,291,187
"S01000205",846,279,567
"S01000206",518,338,180
"S01000207",623,320,303
"S01000208",547,264,283
"S01000209",608,263,345
"S01000210",476,243,233
"S01000211",514,247,267
"S01000212",568,331,237
"S01000213",514,256,258
"S01000214",365,224,141
"S01000215",571,353,218
"S01000216",505,339,166
"S01000217",548,288,260
"S01000218",556,323,233
"S01000219",511,267,244
"S01000220",1266,273,993
"S01000221",603,380,223
"S01000222",568,329,239
"S01000223",435,317,118
"S01000224",551,329,222
"S01000225",462,298,164
"S01000226",514,360,154
"S01000227",484,361,123
"S01000228",553,410,143
"S01000229",588,349,239
"S01000230",505,348,157
"S01000231",559,447,112
"S01000232",466,276,190
"S01000233",392,246,146
"S01000234",609,430,179
"S01000235",624,483,141
"S01000236",535,324,211
"S01000237",741,463,278
"S01000238",412,335,77
"S01000239",558,374,184
"S01000240",565,411,154
"S01000241",552,411,141
"S01000242",502,302,200
"S01000243",608,461,147
"S01000244",806,540,266
"S01000245",707,507,200
"S01000246",557,398,159
"S01000247",632,475,157
"S01000248",714,508,206
"S01000249",597,410,187
"S01000250",597,450,147
"S01000251",355,265,90
"S01000252",655,526,129
"S01000253",567,432,135
"S01000254",633,481,152
"S01000255",489,386,103
"S01000256",696,449,247
"S01000257",656,437,219
"S01000258",498,388,110
"S01000259",443,357,86
"S01000260",641,541,100
"S01000261",826,577,249
"S01000262",734,479,255
"S01000263",613,492,121
"S01000264",786,555,231
"S01000265",588,376,212
"S01000266",716,501,215
"S01000267",555,391,164
"S01000268",541,328,213
"S01000269",400,265,135
"S01000270",708,480,228
"S01000271",624,379,245
"S01000272",655,444,211
"S01000273",377,252,125
"S01000274",424,274,150
"S01000275",686,437,249
"S01000276",513,361,152
"S01000277",463,328,135
"S01000278",373,228,145
"S01000279",396,275,121
"S01000280",437,299,138
"S01000281",484,268,216
"S01000282",498,352,146
"S01000283",618,421,197
"S01000284",571,418,153
"S01000285",514,365,149
"S01000286",672,456,216
"S01000287",511,340,171
"S01000288",668,497,171
"S01000289",645,404,241
"S01000290",569,368,201
"S01000291",580,387,193
"S01000292",682,436,246
"S01000293",509,307,202
"S01000294",476,358,118
"S01000295",489,310,179
"S01000296",383,219,164
"S01000297",539,376,163
"S01000298",369,257,112
"S01000299",633,390,243
"S01000300",572,406,166
"S01000301",429,303,126
"S01000302",403,294,109
"S01000303",379,268,111
"S01000304",580,403,177
"S01000305",772,515,257
"S01000306",575,399,176
"S01000307",683,540,143
"S01000308",762,521,241
"S01000309",460,319,141
"S01000310",669,530,139
"S01000311",695,475,220
"S01000312",452,291,161
"S01000313",513,371,142
"S01000314",437,332,105
"S01000315",456,267,189
"S01000316",547,337,210
"S01000317",397,240,157
"S01000318",417,258,159
"S01000319",464,354,110
"S01000320",561,432,129
"S01000321",450,332,118
"S01000322",750,468,282
"S01000323",637,396,241
"S01000324",619,515,104
"S01000325",443,275,168
"S01000326",548,368,180
"S01000327",680,486,194
"S01000328",440,322,118
"S01000329",400,298,102
"S01000330",527,342,185
"S01000331",448,273,175
"S01000332",494,284,210
"S01000333",621,424,197
"S01000334",542,345,197
"S01000335",470,294,176
"S01000336",646,443,203
"S01000337",489,329,160
"S01000338",354,241,113
"S01000339",752,479,273
"S01000340",724,521,203
"S01000341",515,353,162
"S01000342",281,154,127
"S01000343",432,313,119
"S01000344",639,432,207
"S01000345",475,323,152
"S01000346",532,403,129
"S01000347",369,236,133
"S01000348",627,459,168
"S01000349",428,312,116
"S01000350",692,526,166
"S01000351",764,531,233
"S01000352",597,417,180
"S01000353",498,363,135
"S01000354",416,267,149
"S01000355",522,368,154
"S01000356",469,345,124
"S01000357",485,399,86
"S01000358",795,550,245
"S01000359",575,403,172
"S01000360",374,230,144
"S01000361",452,317,135
"S01000362",698,514,184
"S01000363",707,531,176
"S01000364",658,479,179
"S01000365",506,354,152
"S01000366",572,414,158
"S01000367",599,384,215
"S01000368",572,402,170
"S01000369",779,549,230
"S01000370",619,462,157
"S01000371",642,395,247
"S01000372",676,481,195
"S01000373",429,322,107
"S01000374",433,271,162
"S01000375",477,316,161
"S01000376",687,478,209
"S01000377",537,385,152
"S01000378",403,281,122
"S01000379",426,313,113
"S01000380",556,420,136
"S01000381",644,443,201
"S01000382",545,375,170
"S01000383",481,353,128
"S01000384",542,356,186
"S01000385",415,310,105
"S01000386",590,410,180
"S01000387",633,440,193
"S01000388",556,406,150
"S01000389",478,390,88
"S01000390",517,318,199
"S01000391",417,273,144
"S01000392",549,415,134
"S01000393",619,382,237
"S01000394",498,352,146
"S01000395",437,305,132
"S01000396",698,413,285
"S01000397",761,518,243
"S01000398",558,386,172
"S01000399",457,308,149
"S01000400",513,336,177
"S01000401",598,435,163
"S01000402",520,371,149
"S01000403",611,423,188
"S01000404",560,410,150
"S01000405",340,254,86
"S01000406",459,321,138
"S01000407",454,306,148
"S01000408",379,288,91
"S01000409",463,356,107
"S01000410",485,354,131
"S01000411",470,339,131
"S01000412",592,415,177
"S01000413",601,415,186
"S01000414",504,377,127
"S01000415",417,270,147
"S01000416",478,352,126
"S01000417",724,493,231
"S01000418",540,374,166
"S01000419",488,368,120
"S01000420",697,454,243
"S01000421",431,323,108
"S01000422",484,302,182
"S01000423",665,497,168
"S01000424",523,388,135
"S01000425",508,338,170
"S01000426",562,406,156
"S01000427",574,451,123
"S01000428",598,423,175
"S01000429",596,393,203
"S01000430",420,297,123
"S01000431",453,286,167
"S01000432",735,466,269
"S01000433",348,218,130
"S01000434",481,315,166
"S01000435",449,319,130
"S01000436",487,367,120
"S01000437",706,518,188
"S01000438",506,347,159
"S01000439",543,390,153
"S01000440",625,450,175
"S01000441",610,364,246
"S01000442",600,423,177
"S01000443",426,323,103
"S01000444",438,313,125
"S01000445",717,494,223
"S01000446",711,506,205
"S01000447",373,257,116
"S01000448",464,313,151
"S01000449",546,310,236
"S01000450",490,342,148
"S01000451",569,389,180
"S01000452",409,282,127
"S01000453",391,269,122
"S01000454",330,179,151
"S01000455",669,430,239
"S01000456",554,391,163
"S01000457",569,332,237
"S01000458",645,467,178
"S01000459",760,475,285
"S01000460",539,289,250
"S01000461",611,355,256
"S01000462",662,380,282
"S01000463",630,468,162
"S01000464",559,379,180
"S01000465",484,342,142
"S01000466",606,443,163
"S01000467",475,294,181
"S01000468",382,275,107
"S01000469",496,356,140
"S01000470",973,529,444
"S01000471",439,301,138
"S01000472",586,418,168
"S01000473",560,357,203
"S01000474",467,325,142
"S01000475",642,382,260
"S01000476",418,278,140
"S01000477",576,369,207
"S01000478",626,324,302
"S01000479",688,372,316
"S01000480",466,308,158
"S01000481",612,417,195
"S01000482",614,322,292
"S01000483",648,347,301
"S01000484",595,376,219
"S01000485",821,587,234
"S01000486",631,307,324
"S01000487",381,229,152
"S01000488",521,298,223
"S01000489",667,297,370
"S01000490",419,315,104
"S01000491",398,198,200
"S01000492",688,394,294
"S01000493",431,271,160
"S01000494",383,211,172
"S01000495",692,430,262
"S01000496",434,324,110
"S01000497",465,318,147
"S01000498",423,270,153
"S01000499",588,383,205
"S01000500",493,304,189
"S01000501",442,260,182
"S01000502",390,273,117
"S01000503",381,240,141
"S01000504",494,329,165
"S01000505",558,360,198
"S01000506",469,322,147
"S01000507",743,466,277
"S01000508",666,428,238
"S01000509",739,472,267
"S01000510",483,289,194
"S01000511",396,265,131
"S01000512",636,404,232
"S01000513",602,338,264
"S01000514",417,306,111
"S01000515",373,257,116
"S01000516",469,310,159
"S01000517",451,279,172
"S01000518",625,375,250
"S01000519",367,264,103
"S01000520",728,489,239
"S01000521",658,375,283
"S01000522",474,336,138
"S01000523",552,340,212
"S01000524",473,303,170
"S01000525",710,431,279
"S01000526",683,456,227
"S01000527",446,311,135
"S01000528",657,362,295
"S01000529",554,357,197
"S01000530",369,225,144
"S01000531",392,246,146
"S01000532",549,276,273
"S01000533",575,316,259
"S01000534",611,343,268
"S01000535",702,465,237
"S01000536",388,233,155
"S01000537",441,293,148
"S01000538",578,361,217
"S01000539",768,467,301
"S01000540",559,346,213
"S01000541",370,217,153
"S01000542",466,241,225
"S01000543",573,336,237
"S01000544",524,302,222
"S01000545",512,317,195
"S01000546",439,243,196
"S01000547",394,238,156
"S01000548",740,427,313
"S01000549",786,533,253
"S01000550",394,253,141
"S01000551",573,321,252
"S01000552",421,272,149
"S01000553",642,387,255
"S01000554",546,343,203
"S01000555",640,366,274
"S01000556",624,399,225
"S01000557",630,395,235
"S01000558",403,240,163
"S01000559",496,275,221
"S01000560",791,485,306
"S01000561",705,427,278
"S01000562",661,380,281
"S01000563",495,281,214
"S01000564",611,297,314
"S01000565",505,285,220
"S01000566",579,299,280
"S01000567",552,318,234
"S01000568",383,239,144
"S01000569",549,335,214
"S01000570",710,403,307
"S01000571",499,305,194
"S01000572",603,385,218
"S01000573",427,308,119
"S01000574",610,317,293
"S01000575",426,241,185
"S01000576",503,327,176
"S01000577",424,272,152
"S01000578",507,315,192
"S01000579",533,379,154
"S01000580",504,367,137
"S01000581",535,338,197
"S01000582",522,345,177
"S01000583",559,391,168
"S01000584",573,310,263
"S01000585",693,421,272
"S01000586",576,398,178
"S01000587",508,304,204
"S01000588",447,284,163
"S01000589",495,286,209
"S01000590",542,353,189
"S01000591",375,245,130
"S01000592",712,438,274
"S01000593",438,298,140
"S01000594",434,299,135
"S01000595",575,391,184
"S01000596",727,469,258
"S01000597",783,497,286
"S01000598",382,273,109
"S01000599",577,359,218
"S01000600",565,398,167
"S01000601",847,511,336
"S01000602",521,351,170
"S01000603",625,406,219
"S01000604",733,503,230
"S01000605",605,371,234
"S01000606",554,290,264
"S01000607",582,279,303
"S01000608",774,409,365
"S01000609",699,344,355
"S01000610",555,266,289
"S01000611",437,231,206
"S01000612",760,445,315
"S01000613",745,462,283
"S01000614",510,337,173
"S01000615",531,239,292
"S01000616",1010,695,315
"S01000617",474,279,195
"S01000618",591,336,255
"S01000619",491,308,183
"S01000620",574,261,313
"S01000621",759,409,350
"S01000622",355,175,180
"S01000623",522,295,227
"S01000624",446,255,191
"S01000625",423,207,216
"S01000626",556,258,298
"S01000627",698,438,260
"S01000628",423,207,216
"S01000629",407,306,101
"S01000630",566,320,246
"S01000631",468,238,230
"S01000632",448,304,144
"S01000633",468,347,121
"S01000634",617,356,261
"S01000635",507,320,187
"S01000636",368,250,118
"S01000637",444,308,136
"S01000638",377,218,159
"S01000639",470,326,144
"S01000640",491,316,175
"S01000641",556,349,207
"S01000642",581,362,219
"S01000643",456,281,175
"S01000644",504,316,188
"S01000645",716,435,281
"S01000646",616,392,224
"S01000647",671,434,237
"S01000648",645,350,295
"S01000649",442,267,175
"S01000650",519,324,195
"S01000651",541,317,224
"S01000652",574,360,214
"S01000653",618,367,251
"S01000654",665,405,260
"S01000655",583,351,232
"S01000656",497,319,178
"S01000657",535,286,249
"S01000658",411,247,164
"S01000659",792,510,282
"S01000660",710,440,270
"S01000661",569,369,200
"S01000662",401,278,123
"S01000663",504,335,169
"S01000664",585,364,221
"S01000665",507,325,182
"S01000666",361,245,116
"S01000667",724,491,233
"S01000668",622,314,308
"S01000669",508,305,203
"S01000670",426,243,183
"S01000671",441,233,208
"S01000672",459,281,178
"S01000673",548,364,184
"S01000674",720,438,282
"S01000675",531,314,217
"S01000676",364,235,129
"S01000677",589,344,245
"S01000678",699,426,273
"S01000679",534,316,218
"S01000680",553,311,242
"S01000681",582,345,237
"S01000682",454,266,188
"S01000683",409,256,153
"S01000684",476,265,211
"S01000685",633,349,284
"S01000686",496,299,197
"S01000687",578,305,273
"S01000688",579,336,243
"S01000689",438,266,172
"S01000690",583,351,232
"S01000691",558,333,225
"S01000692",561,275,286
"S01000693",610,330,280
"S01000694",544,313,231
"S01000695",552,348,204
"S01000696",534,332,202
"S01000697",360,197,163
"S01000698",445,280,165
"S01000699",449,253,196
"S01000700",626,403,223
"S01000701",649,424,225
"S01000702",394,247,147
"S01000703",530,319,211
"S01000704",689,424,265
"S01000705",824,511,313
"S01000706",590,393,197
"S01000707",419,271,148
"S01000708",426,288,138
"S01000709",599,337,262
"S01000710",817,530,287
"S01000711",427,269,158
"S01000712",437,244,193
"S01000713",615,358,257
"S01000714",603,383,220
"S01000715",452,236,216
"S01000716",395,216,179
"S01000717",570,261,309
"S01000718",698,374,324
"S01000719",463,259,204
"S01000720",629,346,283
"S01000721",461,294,167
"S01000722",588,291,297
"S01000723",390,261,129
"S01000724",630,341,289
"S01000725",477,285,192
"S01000726",525,297,228
"S01000727",458,249,209
"S01000728",556,364,192
"S01000729",395,202,193
"S01000730",295,180,115
"S01000731",374,148,226
"S01000732",396,186,210
"S01000733",531,256,275
"S01000734",585,330,255
"S01000735",333,177,156
"S01000736",501,253,248
"S01000737",355,159,196
"S01000738",420,280,140
"S01000739",554,342,212
"S01000740",491,256,235
"S01000741",588,327,261
"S01000742",394,214,180
"S01000743",500,269,231
"S01000744",544,325,219
"S01000745",480,314,166
"S01000746",556,326,230
"S01000747",415,227,188
"S01000748",345,140,205
"S01000749",371,155,216
"S01000750",508,272,236
"S01000751",501,316,185
"S01000752",667,299,368
"S01000753",476,298,178
"S01000754",475,238,237
"S01000755",535,347,188
"S01000756",773,423,350
"S01000757",493,245,248
"S01000758",759,501,258
"S01000759",611,313,298
"S01000760",400,262,138
"S01000761",364,184,180
"S01000762",488,296,192
"S01000763",618,411,207
"S01000764",541,340,201
"S01000765",435,305,130
"S01000766",530,319,211
"S01000767",439,210,229
"S01000768",641,389,252
"S01000769",719,446,273
"S01000770",423,212,211
"S01000771",717,421,296
"S01000772",460,263,197
"S01000773",678,367,311
"S01000774",377,272,105
"S01000775",452,261,191
"S01000776",476,309,167
"S01000777",322,215,107
"S01000778",350,206,144
"S01000779",521,321,200
"S01000780",659,381,278
"S01000781",653,380,273
"S01000782",522,351,171
"S01000783",387,211,176
"S01000784",636,416,220
"S01000785",550,260,290
"S01000786",604,349,255
"S01000787",390,221,169
"S01000788",502,324,178
"S01000789",470,318,152
"S01000790",345,205,140
"S01000791",444,280,164
"S01000792",515,325,190
"S01000793",530,361,169
"S01000794",610,357,253
"S01000795",567,355,212
"S01000796",373,231,142
"S01000797",338,215,123
"S01000798",390,193,197
"S01000799",2691,2535,156
"S01000800",737,429,308
"S01000801",489,339,150
"S01000802",550,319,231
"S01000803",676,445,231
"S01000804",763,523,240
"S01000805",622,370,252
"S01000806",628,380,248
"S01000807",576,400,176
"S01000808",556,361,195
"S01000809",411,298,113
"S01000810",469,332,137
"S01000811",616,454,162
"S01000812",449,268,181
"S01000813",534,392,142
"S01000814",601,377,224
"S01000815",339,187,152
"S01000816",472,301,171
"S01000817",653,403,250
"S01000818",550,393,157
"S01000819",626,410,216
"S01000820",413,269,144
"S01000821",637,405,232
"S01000822",417,284,133
"S01000823",434,286,148
"S01000824",380,255,125
"S01000825",521,324,197
"S01000826",534,316,218
"S01000827",478,327,151
"S01000828",622,394,228
"S01000829",436,276,160
"S01000830",523,349,174
"S01000831",622,373,249
"S01000832",658,456,202
"S01000833",387,214,173
"S01000834",674,337,337
"S01000835",484,256,228
"S01000836",589,246,343
"S01000837",620,343,277
"S01000838",529,323,206
"S01000839",695,470,225
"S01000840",546,256,290
"S01000841",617,236,381
"S01000842",651,410,241
"S01000843",531,349,182
"S01000844",502,267,235
"S01000845",439,265,174
"S01000846",528,236,292
"S01000847",699,396,303
"S01000848",510,267,243
"S01000849",365,224,141
"S01000850",453,206,247
"S01000851",537,408,129
"S01000852",515,265,250
"S01000853",388,190,198
"S01000854",654,344,310
"S01000855",563,373,190
"S01000856",427,216,211
"S01000857",445,258,187
"S01000858",518,384,134
"S01000859",664,423,241
"S01000860",634,311,323
"S01000861",495,256,239
"S01000862",438,269,169
"S01000863",349,184,165
"S01000864",503,290,213
"S01000865",496,243,253
"S01000866",678,342,336
"S01000867",525,259,266
"S01000868",505,226,279
"S01000869",388,177,211
"S01000870",546,273,273
"S01000871",564,354,210
"S01000872",490,284,206
"S01000873",1101,405,696
"S01000874",388,209,179
"S01000875",545,297,248
"S01000876",519,335,184
"S01000877",526,294,232
"S01000878",413,286,127
"S01000879",609,382,227
"S01000880",634,394,240
"S01000881",542,260,282
"S01000882",697,417,280
"S01000883",646,398,248
"S01000884",411,255,156
"S01000885",398,269,129
"S01000886",518,305,213
"S01000887",567,348,219
"S01000888",531,314,217
"S01000889",600,351,249
"S01000890",589,335,254
"S01000891",663,365,298
"S01000892",417,229,188
"S01000893",528,343,185
"S01000894",403,275,128
"S01000895",687,467,220
"S01000896",371,233,138
"S01000897",492,249,243
"S01000898",407,215,192
"S01000899",612,270,342
"S01000900",490,272,218
"S01000901",493,249,244
"S01000902",708,418,290
"S01000903",690,333,357
"S01000904",534,284,250
"S01000905",525,308,217
"S01000906",414,248,166
"S01000907",547,265,282
"S01000908",570,346,224
"S01000909",686,439,247
"S01000910",621,368,253
"S01000911",703,398,305
"S01000912",544,314,230
"S01000913",497,318,179
"S01000914",603,293,310
"S01000915",739,416,323
"S01000916",729,421,308
"S01000917",497,306,191
"S01000918",459,237,222
"S01000919",378,196,182
"S01000920",382,231,151
"S01000921",534,309,225
"S01000922",580,388,192
"S01000923",559,342,217
"S01000924",598,352,246
"S01000925",685,375,310
"S01000926",445,263,182
"S01000927",728,390,338
"S01000928",706,368,338
"S01000929",338,138,200
"S01000930",407,137,270
"S01000931",519,288,231
"S01000932",644,362,282
"S01000933",638,417,221
"S01000934",698,380,318
"S01000935",594,336,258
"S01000936",638,347,291
"S01000937",417,220,197
"S01000938",623,343,280
"S01000939",527,287,240
"S01000940",587,359,228
"S01000941",408,192,216
"S01000942",644,403,241
"S01000943",629,351,278
"S01000944",583,341,242
"S01000945",557,323,234
"S01000946",554,301,253
"S01000947",562,315,247
"S01000948",538,346,192
"S01000949",433,228,205
"S01000950",575,302,273
"S01000951",510,284,226
"S01000952",557,303,254
"S01000953",673,389,284
"S01000954",618,374,244
"S01000955",396,260,136
"S01000956",620,400,220
"S01000957",394,215,179
"S01000958",615,377,238
"S01000959",521,338,183
"S01000960",394,195,199
"S01000961",629,372,257
"S01000962",420,269,151
"S01000963",522,260,262
"S01000964",647,365,282
"S01000965",457,256,201
"S01000966",777,454,323
"S01000967",408,227,181
"S01000968",720,447,273
"S01000969",610,328,282
"S01000970",581,298,283
"S01000971",453,273,180
"S01000972",708,492,216
"S01000973",443,255,188
"S01000974",617,386,231
"S01000975",459,286,173
"S01000976",349,210,139
"S01000977",564,342,222
"S01000978",547,332,215
"S01000979",486,283,203
"S01000980",552,317,235
"S01000981",501,343,158
"S01000982",424,282,142
"S01000983",406,239,167
"S01000984",456,245,211
"S01000985",483,248,235
"S01000986",387,236,151
"S01000987",475,319,156
"S01000988",375,250,125
"S01000989",630,432,198
"S01000990",483,263,220
"S01000991",364,229,135
"S01000992",651,349,302
"S01000993",656,446,210
"S01000994",745,440,305
"S01000995",625,475,150
"S01000996",731,416,315
"S01000997",722,496,226
"S01000998",482,292,190
"S01000999",530,402,128
"S01001000",387,222,165
"S01001001",400,264,136
"S01001002",501,398,103
"S01001003",694,476,218
"S01001004",457,254,203
"S01001005",612,365,247
"S01001006",559,396,163
"S01001007",568,323,245
"S01001008",562,346,216
"S01001009",455,315,140
"S01001010",580,320,260
"S01001011",460,306,154
"S01001012",614,425,189
"S01001013",673,327,346
"S01001014",633,330,303
"S01001015",425,255,170
"S01001016",701,378,323
"S01001017",484,261,223
"S01001018",600,373,227
"S01001019",709,309,400
"S01001020",371,197,174
"S01001021",601,356,245
"S01001022",595,374,221
"S01001023",738,471,267
"S01001024",592,352,240
"S01001025",703,414,289
"S01001026",608,414,194
"S01001027",660,343,317
"S01001028",546,301,245
"S01001029",520,263,257
"S01001030",568,335,233
"S01001031",744,436,308
"S01001032",528,250,278
"S01001033",479,241,238
"S01001034",560,234,326
"S01001035",364,198,166
"S01001036",367,207,160
"S01001037",660,311,349
"S01001038",508,357,151
"S01001039",420,257,163
"S01001040",448,269,179
"S01001041",416,275,141
"S01001042",655,503,152
"S01001043",511,369,142
"S01001044",704,380,324
"S01001045",427,275,152
"S01001046",336,188,148
"S01001047",492,271,221
"S01001048",487,311,176
"S01001049",497,257,240
"S01001050",680,434,246
"S01001051",492,272,220
"S01001052",426,239,187
"S01001053",568,349,219
"S01001054",508,307,201
"S01001055",545,309,236
"S01001056",561,339,222
"S01001057",465,297,168
"S01001058",558,324,234
"S01001059",436,274,162
"S01001060",571,378,193
"S01001061",565,403,162
"S01001062",379,254,125
"S01001063",585,348,237
"S01001064",575,384,191
"S01001065",553,376,177
"S01001066",521,318,203
"S01001067",590,370,220
"S01001068",669,397,272
"S01001069",663,425,238
"S01001070",617,353,264
"S01001071",470,303,167
"S01001072",579,388,191
"S01001073",732,437,295
"S01001074",395,245,150
"S01001075",609,327,282
"S01001076",579,377,202
"S01001077",537,315,222
"S01001078",592,335,257
"S01001079",356,231,125
"S01001080",391,238,153
"S01001081",487,244,243
"S01001082",606,341,265
"S01001083",573,294,279
"S01001084",631,386,245
"S01001085",618,323,295
"S01001086",537,223,314
"S01001087",401,157,244
"S01001088",713,334,379
"S01001089",657,340,317
"S01001090",768,375,393
"S01001091",550,236,314
"S01001092",838,326,512
"S01001093",912,249,663
"S01001094",678,426,252
"S01001095",1117,147,970
"S01001096",748,246,502
"S01001097",485,286,199
"S01001098",725,312,413
"S01001099",747,265,482
"S01001100",718,314,404
"S01001101",1075,208,867
"S01001102",211,75,136
"S01001103",659,324,335
"S01001104",561,200,361
"S01001105",658,367,291
"S01001106",570,395,175
"S01001107",723,338,385
"S01001108",597,201,396
"S01001109",721,224,497
"S01001110",643,256,387
"S01001111",752,326,426
"S01001112",568,353,215
"S01001113",826,284,542
"S01001114",700,199,501
"S01001115",591,296,295
"S01001116",343,147,196
"S01001117",445,189,256
"S01001118",469,241,228
"S01001119",723,404,319
"S01001120",429,261,168
"S01001121",577,285,292
"S01001122",487,240,247
"S01001123",735,445,290
"S01001124",448,211,237
"S01001125",292,140,152
"S01001126",846,391,455
"S01001127",621,315,306
"S01001128",571,382,189
"S01001129",724,386,338
"S01001130",661,356,305
"S01001131",423,183,240
"S01001132",519,325,194
"S01001133",624,319,305
"S01001134",737,467,270
"S01001135",305,126,179
"S01001136",606,259,347
"S01001137",658,250,408
"S01001138",717,341,376
"S01001139",476,234,242
"S01001140",712,355,357
"S01001141",316,108,208
"S01001142",673,368,305
"S01001143",569,298,271
"S01001144",502,262,240
"S01001145",447,177,270
"S01001146",740,448,292
"S01001147",536,235,301
"S01001148",542,322,220
"S01001149",493,307,186
"S01001150",539,270,269
"S01001151",364,135,229
"S01001152",712,331,381
"S01001153",540,286,254
"S01001154",571,352,219
"S01001155",497,295,202
"S01001156",610,342,268
"S01001157",636,448,188
"S01001158",342,163,179
"S01001159",501,250,251
"S01001160",351,175,176
"S01001161",443,282,161
"S01001162",656,417,239
"S01001163",470,215,255
"S01001164",458,178,280
"S01001165",626,263,363
"S01001166",222,100,122
"S01001167",726,387,339
"S01001168",557,327,230
"S01001169",681,300,381
"S01001170",589,251,338
"S01001171",478,314,164
"S01001172",515,235,280
"S01001173",629,310,319
"S01001174",485,250,235
"S01001175",623,310,313
"S01001176",564,346,218
"S01001177",510,233,277
"S01001178",603,255,348
"S01001179",734,443,291
"S01001180",537,221,316
"S01001181",675,378,297
"S01001182",657,358,299
"S01001183",644,260,384
"S01001184",706,447,259
"S01001185",460,274,186
"S01001186",616,397,219
"S01001187",642,280,362
"S01001188",627,286,341
"S01001189",692,326,366
"S01001190",582,343,239
"S01001191",482,237,245
"S01001192",739,259,480
"S01001193",660,434,226
"S01001194",718,456,262
"S01001195",696,303,393
"S01001196",755,368,387
"S01001197",415,185,230
"S01001198",510,263,247
"S01001199",672,307,365
"S01001200",606,230,376
"S01001201",489,251,238
"S01001202",435,204,231
"S01001203",563,241,322
"S01001204",660,426,234
"S01001205",567,315,252
"S01001206",548,292,256
"S01001207",606,282,324
"S01001208",475,174,301
"S01001209",398,315,83
"S01001210",587,271,316
"S01001211",725,390,335
"S01001212",413,182,231
"S01001213",738,220,518
"S01001214",537,211,326
"S01001215",601,353,248
"S01001216",689,367,322
"S01001217",625,261,364
"S01001218",537,400,137
"S01001219",401,291,110
"S01001220",396,209,187
"S01001221",489,282,207
"S01001222",511,199,312
"S01001223",601,436,165
"S01001224",658,277,381
"S01001225",711,448,263
"S01001226",341,192,149
"S01001227",511,361,150
"S01001228",620,392,228
"S01001229",570,361,209
"S01001230",653,240,413
"S01001231",567,298,269
"S01001232",489,366,123
"S01001233",653,293,360
"S01001234",304,155,149
"S01001235",581,305,276
"S01001236",652,312,340
"S01001237",440,255,185
"S01001238",532,242,290
"S01001239",356,125,231
"S01001240",631,343,288
"S01001241",602,346,256
"S01001242",663,491,172
"S01001243",163,74,89
"S01001244",473,345,128
"S01001245",532,212,320
"S01001246",736,413,323
"S01001247",497,283,214
"S01001248",626,506,120
"S01001249",520,271,249
"S01001250",759,437,322
"S01001251",510,245,265
"S01001252",500,294,206
"S01001253",428,143,285
"S01001254",526,290,236
"S01001255",644,313,331
"S01001256",567,313,254
"S01001257",557,289,268
"S01001258",329,167,162
"S01001259",612,356,256
"S01001260",389,173,216
"S01001261",634,303,331
"S01001262",643,414,229
"S01001263",412,248,164
"S01001264",388,285,103
"S01001265",426,367,59
"S01001266",551,385,166
"S01001267",739,365,374
"S01001268",594,419,175
"S01001269",387,240,147
"S01001270",571,191,380
"S01001271",534,192,342
"S01001272",489,285,204
"S01001273",487,209,278
"S01001274",523,227,296
"S01001275",502,225,277
"S01001276",385,255,130
"S01001277",484,260,224
"S01001278",399,250,149
"S01001279",518,206,312
"S01001280",442,206,236
"S01001281",605,249,356
"S01001282",571,294,277
"S01001283",358,180,178
"S01001284",607,329,278
"S01001285",481,247,234
"S01001286",385,209,176
"S01001287",647,315,332
"S01001288",657,321,336
"S01001289",451,241,210
"S01001290",416,189,227
"S01001291",287,149,138
"S01001292",606,268,338
"S01001293",592,270,322
"S01001294",569,283,286
"S01001295",683,315,368
"S01001296",487,226,261
"S01001297",592,356,236
"S01001298",664,356,308
"S01001299",679,383,296
"S01001300",731,482,249
"S01001301",422,191,231
"S01001302",506,349,157
"S01001303",457,324,133
"S01001304",553,377,176
"S01001305",528,291,237
"S01001306",506,242,264
"S01001307",653,346,307
"S01001308",729,289,440
"S01001309",512,225,287
"S01001310",531,225,306
"S01001311",462,249,213
"S01001312",546,223,323
"S01001313",484,238,246
"S01001314",531,312,219
"S01001315",681,444,237
"S01001316",703,268,435
"S01001317",698,407,291
"S01001318",424,246,178
"S01001319",478,215,263
"S01001320",667,326,341
"S01001321",415,264,151
"S01001322",583,339,244
"S01001323",459,274,185
"S01001324",620,210,410
"S01001325",496,244,252
"S01001326",739,398,341
"S01001327",531,247,284
"S01001328",588,282,306
"S01001329",444,230,214
"S01001330",768,551,217
"S01001331",644,327,317
"S01001332",662,354,308
"S01001333",603,266,337
"S01001334",583,318,265
"S01001335",717,326,391
"S01001336",670,377,293
"S01001337",586,401,185
"S01001338",572,265,307
"S01001339",494,283,211
"S01001340",551,266,285
"S01001341",614,329,285
"S01001342",632,341,291
"S01001343",688,380,308
"S01001344",637,416,221
"S01001345",451,259,192
"S01001346",513,329,184
"S01001347",622,395,227
"S01001348",482,244,238
"S01001349",1039,480,559
"S01001350",520,247,273
"S01001351",379,256,123
"S01001352",684,426,258
"S01001353",474,342,132
"S01001354",573,320,253
"S01001355",573,334,239
"S01001356",499,307,192
"S01001357",462,210,252
"S01001358",633,367,266
"S01001359",521,331,190
"S01001360",639,370,269
"S01001361",415,247,168
"S01001362",486,298,188
"S01001363",478,313,165
"S01001364",639,368,271
"S01001365",479,277,202
"S01001366",706,411,295
"S01001367",497,272,225
"S01001368",755,523,232
"S01001369",714,416,298
"S01001370",540,332,208
"S01001371",403,260,143
"S01001372",580,432,148
"S01001373",440,255,185
"S01001374",478,308,170
"S01001375",509,367,142
"S01001376",597,329,268
"S01001377",613,267,346
"S01001378",441,288,153
"S01001379",711,409,302
"S01001380",593,312,281
"S01001381",679,378,301
"S01001382",391,115,276
"S01001383",498,284,214
"S01001384",749,410,339
"S01001385",561,320,241
"S01001386",678,361,317
"S01001387",705,427,278
"S01001388",652,223,429
"S01001389",407,249,158
"S01001390",660,451,209
"S01001391",598,370,228
"S01001392",377,135,242
"S01001393",418,265,153
"S01001394",378,218,160
"S01001395",677,421,256
"S01001396",540,328,212
"S01001397",575,242,333
"S01001398",660,423,237
"S01001399",628,269,359
"S01001400",610,314,296
"S01001401",501,243,258
"S01001402",729,529,200
"S01001403",720,578,142
"S01001404",433,348,85
"S01001405",657,500,157
"S01001406",457,302,155
"S01001407",628,372,256
"S01001408",615,345,270
"S01001409",663,401,262
"S01001410",710,450,260
"S01001411",438,297,141
"S01001412",702,315,387
"S01001413",547,404,143
"S01001414",495,249,246
"S01001415",568,324,244
"S01001416",473,264,209
"S01001417",760,528,232
"S01001418",736,467,269
"S01001419",559,352,207
"S01001420",481,328,153
"S01001421",610,366,244
"S01001422",410,290,120
"S01001423",606,409,197
"S01001424",797,424,373
"S01001425",735,366,369
"S01001426",555,350,205
"S01001427",655,434,221
"S01001428",721,405,316
"S01001429",451,225,226
"S01001430",732,424,308
"S01001431",772,524,248
"S01001432",553,416,137
"S01001433",708,396,312
"S01001434",727,422,305
"S01001435",736,472,264
"S01001436",732,470,262
"S01001437",706,423,283
"S01001438",444,262,182
"S01001439",578,341,237
"S01001440",746,504,242
"S01001441",601,323,278
"S01001442",579,350,229
"S01001443",732,474,258
"S01001444",748,530,218
"S01001445",544,356,188
"S01001446",680,355,325
"S01001447",575,361,214
"S01001448",574,344,230
"S01001449",444,279,165
"S01001450",558,298,260
"S01001451",528,318,210
"S01001452",607,393,214
"S01001453",660,465,195
"S01001454",718,443,275
"S01001455",578,326,252
"S01001456",450,233,217
"S01001457",699,430,269
"S01001458",743,455,288
"S01001459",718,440,278
"S01001460",509,325,184
"S01001461",705,399,306
"S01001462",634,370,264
"S01001463",390,235,155
"S01001464",716,491,225
"S01001465",487,291,196
"S01001466",594,356,238
"S01001467",689,499,190
"S01001468",499,293,206
"S01001469",617,350,267
"S01001470",714,434,280
"S01001471",535,345,190
"S01001472",667,405,262
"S01001473",505,289,216
"S01001474",922,394,528
"S01001475",415,258,157
"S01001476",729,475,254
"S01001477",782,547,235
"S01001478",522,322,200
"S01001479",451,256,195
"S01001480",411,257,154
"S01001481",710,441,269
"S01001482",510,285,225
"S01001483",677,420,257
"S01001484",629,425,204
"S01001485",534,344,190
"S01001486",518,292,226
"S01001487",503,269,234
"S01001488",718,461,257
"S01001489",634,376,258
"S01001490",668,408,260
"S01001491",636,429,207
"S01001492",742,414,328
"S01001493",628,392,236
"S01001494",653,377,276
"S01001495",472,250,222
"S01001496",637,358,279
"S01001497",580,347,233
"S01001498",580,416,164
"S01001499",736,488,248
"S01001500",475,260,215
"S01001501",618,359,259
"S01001502",692,446,246
"S01001503",680,483,197
"S01001504",714,417,297
"S01001505",779,459,320
"S01001506",462,298,164
"S01001507",703,476,227
"S01001508",737,525,212
"S01001509",646,327,319
"S01001510",427,241,186
"S01001511",472,275,197
"S01001512",540,249,291
"S01001513",549,238,311
"S01001514",640,432,208
"S01001515",521,309,212
"S01001516",512,272,240
"S01001517",568,265,303
"S01001518",732,449,283
"S01001519",696,432,264
"S01001520",540,316,224
"S01001521",755,442,313
"S01001522",737,374,363
"S01001523",539,410,129
"S01001524",731,412,319
"S01001525",680,439,241
"S01001526",483,313,170
"S01001527",601,367,234
"S01001528",734,491,243
"S01001529",444,279,165
"S01001530",628,353,275
"S01001531",743,509,234
"S01001532",409,254,155
"S01001533",640,358,282
"S01001534",543,355,188
"S01001535",640,390,250
"S01001536",597,309,288
"S01001537",468,223,245
"S01001538",681,402,279
"S01001539",606,425,181
"S01001540",542,388,154
"S01001541",667,411,256
"S01001542",540,361,179
"S01001543",566,370,196
"S01001544",685,412,273
"S01001545",593,458,135
"S01001546",664,337,327
"S01001547",618,326,292
"S01001548",520,376,144
"S01001549",816,386,430
"S01001550",486,321,165
"S01001551",581,388,193
"S01001552",620,417,203
"S01001553",591,386,205
"S01001554",709,482,227
"S01001555",577,318,259
"S01001556",667,477,190
"S01001557",722,540,182
"S01001558",599,382,217
"S01001559",397,241,156
"S01001560",472,287,185
"S01001561",520,321,199
"S01001562",510,322,188
"S01001563",429,324,105
"S01001564",440,286,154
"S01001565",533,305,228
"S01001566",494,364,130
"S01001567",720,552,168
"S01001568",487,355,132
"S01001569",398,330,68
"S01001570",345,295,50
"S01001571",510,265,245
"S01001572",440,321,119
"S01001573",479,342,137
"S01001574",647,365,282
"S01001575",567,391,176
"S01001576",447,253,194
"S01001577",555,388,167
"S01001578",513,311,202
"S01001579",556,336,220
"S01001580",451,266,185
"S01001581",572,402,170
"S01001582",434,264,170
"S01001583",329,204,125
"S01001584",544,308,236
"S01001585",598,332,266
"S01001586",364,283,81
"S01001587",590,325,265
"S01001588",531,328,203
"S01001589",591,359,232
"S01001590",535,368,167
"S01001591",454,250,204
"S01001592",530,315,215
"S01001593",626,379,247
"S01001594",583,395,188
"S01001595",496,253,243
"S01001596",540,351,189
"S01001597",539,291,248
"S01001598",472,312,160
"S01001599",680,455,225
"S01001600",730,430,300
"S01001601",613,400,213
"S01001602",353,228,125
"S01001603",621,404,217
"S01001604",455,258,197
"S01001605",451,278,173
"S01001606",382,210,172
"S01001607",672,481,191
"S01001608",664,471,193
"S01001609",669,428,241
"S01001610",427,240,187
"S01001611",580,404,176
"S01001612",632,425,207
"S01001613",563,295,268
"S01001614",399,223,176
"S01001615",581,365,216
"S01001616",409,308,101
"S01001617",523,279,244
"S01001618",666,442,224
"S01001619",529,306,223
"S01001620",594,266,328
"S01001621",523,314,209
"S01001622",625,381,244
"S01001623",533,338,195
"S01001624",727,452,275
"S01001625",542,290,252
"S01001626",553,365,188
"S01001627",561,312,249
"S01001628",400,227,173
"S01001629",438,281,157
"S01001630",418,258,160
"S01001631",631,397,234
"S01001632",433,362,71
"S01001633",704,475,229
"S01001634",599,473,126
"S01001635",561,369,192
"S01001636",393,307,86
"S01001637",546,369,177
"S01001638",666,435,231
"S01001639",484,266,218
"S01001640",504,332,172
"S01001641",447,273,174
"S01001642",661,378,283
"S01001643",539,336,203
"S01001644",568,369,199
"S01001645",617,383,234
"S01001646",423,295,128
"S01001647",488,312,176
"S01001648",523,325,198
"S01001649",554,275,279
"S01001650",551,346,205
"S01001651",636,383,253
"S01001652",592,413,179
"S01001653",478,285,193
"S01001654",414,254,160
"S01001655",436,270,166
"S01001656",676,400,276
"S01001657",365,251,114
"S01001658",619,404,215
"S01001659",434,249,185
"S01001660",492,244,248
"S01001661",475,291,184
"S01001662",544,309,235
"S01001663",562,355,207
"S01001664",347,247,100
"S01001665",480,238,242
"S01001666",414,243,171
"S01001667",503,293,210
"S01001668",434,231,203
"S01001669",426,274,152
"S01001670",502,329,173
"S01001671",403,295,108
"S01001672",421,240,181
"S01001673",486,328,158
"S01001674",516,284,232
"S01001675",510,337,173
"S01001676",650,380,270
"S01001677",629,403,226
"S01001678",714,521,193
"S01001679",475,294,181
"S01001680",484,251,233
"S01001681",480,294,186
"S01001682",390,280,110
"S01001683",555,341,214
"S01001684",419,267,152
"S01001685",479,246,233
"S01001686",657,391,266
"S01001687",667,344,323
"S01001688",604,447,157
"S01001689",543,314,229
"S01001690",356,225,131
"S01001691",603,366,237
"S01001692",410,235,175
"S01001693",505,394,111
"S01001694",494,335,159
"S01001695",565,385,180
"S01001696",564,370,194
"S01001697",596,382,214
"S01001698",389,254,135
"S01001699",442,309,133
"S01001700",711,420,291
"S01001701",572,336,236
"S01001702",602,342,260
"S01001703",516,371,145
"S01001704",697,417,280
"S01001705",426,336,90
"S01001706",554,359,195
"S01001707",504,281,223
"S01001708",619,358,261
"S01001709",438,330,108
"S01001710",504,327,177
"S01001711",563,387,176
"S01001712",404,280,124
"S01001713",696,443,253
"S01001714",525,322,203
"S01001715",706,487,219
"S01001716",592,324,268
"S01001717",572,379,193
"S01001718",360,244,116
"S01001719",562,384,178
"S01001720",482,346,136
"S01001721",399,249,150
"S01001722",543,350,193
"S01001723",541,308,233
"S01001724",500,228,272
"S01001725",498,278,220
"S01001726",461,307,154
"S01001727",639,430,209
"S01001728",485,335,150
"S01001729",701,455,246
"S01001730",462,308,154
"S01001731",483,295,188
"S01001732",455,293,162
"S01001733",510,311,199
"S01001734",401,234,167
"S01001735",359,237,122
"S01001736",698,418,280
"S01001737",450,332,118
"S01001738",455,276,179
"S01001739",435,328,107
"S01001740",581,389,192
"S01001741",482,250,232
"S01001742",495,220,275
"S01001743",685,325,360
"S01001744",429,318,111
"S01001745",593,394,199
"S01001746",682,424,258
"S01001747",652,325,327
"S01001748",475,293,182
"S01001749",579,292,287
"S01001750",567,306,261
"S01001751",678,384,294
"S01001752",747,472,275
"S01001753",599,271,328
"S01001754",543,363,180
"S01001755",657,369,288
"S01001756",408,186,222
"S01001757",564,347,217
"S01001758",496,290,206
"S01001759",469,253,216
"S01001760",490,282,208
"S01001761",476,232,244
"S01001762",610,342,268
"S01001763",582,364,218
"S01001764",372,261,111
"S01001765",712,421,291
"S01001766",482,297,185
"S01001767",424,272,152
"S01001768",480,321,159
"S01001769",498,274,224
"S01001770",386,196,190
"S01001771",576,341,235
"S01001772",346,169,177
"S01001773",678,398,280
"S01001774",461,323,138
"S01001775",515,309,206
"S01001776",435,262,173
"S01001777",635,436,199
"S01001778",685,317,368
"S01001779",381,218,163
"S01001780",583,369,214
"S01001781",475,292,183
"S01001782",657,368,289
"S01001783",398,145,253
"S01001784",386,220,166
"S01001785",510,355,155
"S01001786",434,301,133
"S01001787",488,294,194
"S01001788",670,458,212
"S01001789",398,245,153
"S01001790",591,411,180
"S01001791",566,393,173
"S01001792",518,347,171
"S01001793",587,391,196
"S01001794",656,414,242
"S01001795",715,456,259
"S01001796",626,346,280
"S01001797",486,282,204
"S01001798",694,461,233
"S01001799",611,267,344
"S01001800",710,534,176
"S01001801",665,436,229
"S01001802",634,525,109
"S01001803",786,624,162
"S01001804",814,589,225
"S01001805",576,367,209
"S01001806",492,310,182
"S01001807",638,334,304
"S01001808",467,269,198
"S01001809",517,202,315
"S01001810",731,494,237
"S01001811",543,317,226
"S01001812",373,234,139
"S01001813",530,372,158
"S01001814",529,400,129
"S01001815",667,424,243
"S01001816",770,505,265
"S01001817",498,276,222
"S01001818",556,338,218
"S01001819",754,455,299
"S01001820",566,267,299
"S01001821",330,225,105
"S01001822",789,548,241
"S01001823",523,230,293
"S01001824",549,315,234
"S01001825",619,465,154
"S01001826",363,139,224
"S01001827",640,350,290
"S01001828",532,424,108
"S01001829",479,294,185
"S01001830",653,452,201
"S01001831",551,299,252
"S01001832",490,260,230
"S01001833",719,483,236
"S01001834",435,263,172
"S01001835",470,341,129
"S01001836",528,346,182
"S01001837",654,430,224
"S01001838",406,256,150
"S01001839",647,305,342
"S01001840",550,343,207
"S01001841",503,358,145
"S01001842",573,446,127
"S01001843",547,265,282
"S01001844",2371,530,1841
"S01001845",570,408,162
"S01001846",670,461,209
"S01001847",570,283,287
"S01001848",565,288,277
"S01001849",461,258,203
"S01001850",550,392,158
"S01001851",586,428,158
"S01001852",648,443,205
"S01001853",569,363,206
"S01001854",893,638,255
"S01001855",532,368,164
"S01001856",391,208,183
"S01001857",594,334,260
"S01001858",589,363,226
"S01001859",700,406,294
"S01001860",705,364,341
"S01001861",641,314,327
"S01001862",720,524,196
"S01001863",732,545,187
"S01001864",627,336,291
"S01001865",440,178,262
"S01001866",516,328,188
"S01001867",381,194,187
"S01001868",518,319,199
"S01001869",648,454,194
"S01001870",514,236,278
"S01001871",592,345,247
"S01001872",591,355,236
"S01001873",522,345,177
"S01001874",455,195,260
"S01001875",621,398,223
"S01001876",740,419,321
"S01001877",630,338,292
"S01001878",716,435,281
"S01001879",470,176,294
"S01001880",539,288,251
"S01001881",515,315,200
"S01001882",566,389,177
"S01001883",421,272,149
"S01001884",662,331,331
"S01001885",737,446,291
"S01001886",415,171,244
"S01001887",597,392,205
"S01001888",637,433,204
"S01001889",422,284,138
"S01001890",695,473,222
"S01001891",406,201,205
"S01001892",602,301,301
"S01001893",706,355,351
"S01001894",505,245,260
"S01001895",525,286,239
"S01001896",561,380,181
"S01001897",628,310,318
"S01001898",448,237,211
"S01001899",624,458,166
"S01001900",563,364,199
"S01001901",623,395,228
"S01001902",664,449,215
"S01001903",441,220,221
"S01001904",455,255,200
"S01001905",671,455,216
"S01001906",345,117,228
"S01001907",523,283,240
"S01001908",696,329,367
"S01001909",486,237,249
"S01001910",561,404,157
"S01001911",542,377,165
"S01001912",583,386,197
"S01001913",722,509,213
"S01001914",420,256,164
"S01001915",625,407,218
"S01001916",656,429,227
"S01001917",444,291,153
"S01001918",741,491,250
"S01001919",676,480,196
"S01001920",443,236,207
"S01001921",428,215,213
"S01001922",584,438,146
"S01001923",256,118,138
"S01001924",516,345,171
"S01001925",580,377,203
"S01001926",467,270,197
"S01001927",613,363,250
"S01001928",897,456,441
"S01001929",534,358,176
"S01001930",659,459,200
"S01001931",510,230,280
"S01001932",1083,495,588
"S01001933",618,412,206
"S01001934",572,323,249
"S01001935",499,225,274
"S01001936",651,383,268
"S01001937",679,436,243
"S01001938",462,283,179
"S01001939",384,218,166
"S01001940",563,348,215
"S01001941",726,433,293
"S01001942",428,235,193
"S01001943",451,244,207
"S01001944",428,233,195
"S01001945",485,313,172
"S01001946",556,279,277
"S01001947",587,329,258
"S01001948",491,235,256
"S01001949",495,279,216
"S01001950",717,502,215
"S01001951",574,290,284
"S01001952",584,359,225
"S01001953",601,382,219
"S01001954",362,241,121
"S01001955",545,295,250
"S01001956",535,275,260
"S01001957",232,123,109
"S01001958",664,285,379
"S01001959",464,289,175
"S01001960",681,395,286
"S01001961",770,553,217
"S01001962",640,429,211
"S01001963",604,386,218
"S01001964",617,503,114
"S01001965",596,296,300
"S01001966",543,207,336
"S01001967",529,421,108
"S01001968",587,378,209
"S01001969",498,298,200
"S01001970",425,241,184
"S01001971",544,237,307
"S01001972",588,421,167
"S01001973",524,392,132
"S01001974",633,369,264
"S01001975",578,280,298
"S01001976",621,298,323
"S01001977",533,285,248
"S01001978",508,238,270
"S01001979",479,293,186
"S01001980",583,440,143
"S01001981",611,369,242
"S01001982",212,88,124
"S01001983",619,375,244
"S01001984",415,254,161
"S01001985",532,366,166
"S01001986",584,463,121
"S01001987",735,300,435
"S01001988",583,407,176
"S01001989",667,402,265
"S01001990",855,363,492
"S01001991",556,427,129
"S01001992",620,332,288
"S01001993",577,349,228
"S01001994",721,433,288
"S01001995",526,437,89
"S01001996",785,401,384
"S01001997",587,368,219
"S01001998",497,387,110
"S01001999",687,232,455
"S01002000",571,373,198
"S01002001",695,535,160
"S01002002",671,232,439
"S01002003",610,426,184
"S01002004",698,445,253
"S01002005",576,303,273
"S01002006",688,540,148
"S01002007",881,673,208
"S01002008",739,463,276
"S01002009",699,330,369
"S01002010",458,204,254
"S01002011",794,642,152
"S01002012",665,386,279
"S01002013",598,340,258
"S01002014",686,274,412
"S01002015",663,428,235
"S01002016",507,379,128
"S01002017",734,260,474
"S01002018",633,400,233
"S01002019",718,279,439
"S01002020",414,139,275
"S01002021",673,339,334
"S01002022",552,386,166
"S01002023",669,414,255
"S01002024",638,397,241
"S01002025",772,536,236
"S01002026",506,305,201
"S01002027",962,367,595
"S01002028",2572,259,2313
"S01002029",692,256,436
"S01002030",687,479,208
"S01002031",534,358,176
"S01002032",631,387,244
"S01002033",671,432,239
"S01002034",642,323,319
"S01002035",559,377,182
"S01002036",741,524,217
"S01002037",619,253,366
"S01002038",510,250,260
"S01002039",456,280,176
"S01002040",450,261,189
"S01002041",779,514,265
"S01002042",627,335,292
"S01002043",538,337,201
"S01002044",479,232,247
"S01002045",601,399,202
"S01002046",528,315,213
"S01002047",555,287,268
"S01002048",808,264,544
"S01002049",993,469,524
"S01002050",519,280,239
"S01002051",597,306,291
"S01002052",691,465,226
"S01002053",695,279,416
"S01002054",550,238,312
"S01002055",684,469,215
"S01002056",675,381,294
"S01002057",638,425,213
"S01002058",592,365,227
"S01002059",601,352,249
"S01002060",670,247,423
"S01002061",603,339,264
"S01002062",469,246,223
"S01002063",929,338,591
"S01002064",673,451,222
"S01002065",641,325,316
"S01002066",624,275,349
"S01002067",606,359,247
"S01002068",832,528,304
"S01002069",406,266,140
"S01002070",581,311,270
"S01002071",567,274,293
"S01002072",777,516,261
"S01002073",559,314,245
"S01002074",470,283,187
"S01002075",705,515,190
"S01002076",764,340,424
"S01002077",645,409,236
"S01002078",680,469,211
"S01002079",665,406,259
"S01002080",716,448,268
"S01002081",602,320,282
"S01002082",694,498,196
"S01002083",383,162,221
"S01002084",470,261,209
"S01002085",620,209,411
"S01002086",506,232,274
"S01002087",772,318,454
"S01002088",597,362,235
"S01002089",726,460,266
"S01002090",781,445,336
"S01002091",723,389,334
"S01002092",649,402,247
"S01002093",678,368,310
"S01002094",566,336,230
"S01002095",409,250,159
"S01002096",576,376,200
"S01002097",559,339,220
"S01002098",487,271,216
"S01002099",731,500,231
"S01002100",454,301,153
"S01002101",707,301,406
"S01002102",449,284,165
"S01002103",567,396,171
"S01002104",889,291,598
"S01002105",709,482,227
"S01002106",922,353,569
"S01002107",417,269,148
"S01002108",896,271,625
"S01002109",810,467,343
"S01002110",503,346,157
"S01002111",778,466,312
"S01002112",740,502,238
"S01002113",543,312,231
"S01002114",525,358,167
"S01002115",877,587,290
"S01002116",559,372,187
"S01002117",573,356,217
"S01002118",799,287,512
"S01002119",385,216,169
"S01002120",572,431,141
"S01002121",496,310,186
"S01002122",595,332,263
"S01002123",1016,466,550
"S01002124",574,377,197
"S01002125",769,482,287
"S01002126",483,316,167
"S01002127",524,343,181
"S01002128",686,443,243
"S01002129",734,281,453
"S01002130",485,321,164
"S01002131",585,338,247
"S01002132",569,347,222
"S01002133",887,639,248
"S01002134",451,277,174
"S01002135",580,367,213
"S01002136",576,415,161
"S01002137",676,457,219
"S01002138",473,271,202
"S01002139",525,360,165
"S01002140",678,345,333
"S01002141",514,340,174
"S01002142",788,468,320
"S01002143",548,334,214
"S01002144",498,269,229
"S01002145",824,540,284
"S01002146",773,595,178
"S01002147",685,388,297
"S01002148",592,369,223
"S01002149",765,450,315
"S01002150",531,378,153
"S01002151",917,654,263
"S01002152",632,410,222
"S01002153",422,276,146
"S01002154",650,338,312
"S01002155",704,357,347
"S01002156",695,432,263
"S01002157",617,407,210
"S01002158",643,461,182
"S01002159",600,381,219
"S01002160",640,370,270
"S01002161",665,405,260
"S01002162",763,466,297
"S01002163",874,626,248
"S01002164",612,372,240
"S01002165",717,532,185
"S01002166",691,422,269
"S01002167",485,268,217
"S01002168",836,561,275
"S01002169",612,424,188
"S01002170",601,276,325
"S01002171",475,282,193
"S01002172",557,344,213
"S01002173",667,420,247
"S01002174",774,531,243
"S01002175",845,632,213
"S01002176",626,389,237
"S01002177",668,507,161
"S01002178",789,608,181
"S01002179",523,324,199
"S01002180",459,319,140
"S01002181",615,434,181
"S01002182",630,377,253
"S01002183",686,501,185
"S01002184",603,353,250
"S01002185",590,347,243
"S01002186",650,475,175
"S01002187",791,533,258
"S01002188",554,368,186
"S01002189",615,394,221
"S01002190",645,414,231
"S01002191",575,261,314
"S01002192",569,322,247
"S01002193",615,397,218
"S01002194",499,272,227
"S01002195",760,524,236
"S01002196",482,323,159
"S01002197",494,356,138
"S01002198",729,510,219
"S01002199",654,432,222
"S01002200",569,353,216
"S01002201",789,564,225
"S01002202",608,422,186
"S01002203",402,304,98
"S01002204",540,278,262
"S01002205",674,516,158
"S01002206",463,303,160
"S01002207",628,431,197
"S01002208",492,352,140
"S01002209",813,584,229
"S01002210",511,368,143
"S01002211",428,175,253
"S01002212",739,417,322
"S01002213",578,375,203
"S01002214",658,483,175
"S01002215",656,395,261
"S01002216",665,461,204
"S01002217",753,495,258
"S01002218",481,370,111
"S01002219",488,285,203
"S01002220",585,389,196
"S01002221",648,426,222
"S01002222",587,354,233
"S01002223",516,309,207
"S01002224",495,288,207
"S01002225",607,409,198
"S01002226",867,581,286
"S01002227",589,271,318
"S01002228",718,429,289
"S01002229",506,278,228
"S01002230",794,562,232
"S01002231",753,429,324
"S01002232",487,255,232
"S01002233",785,471,314
"S01002234",663,409,254
"S01002235",805,608,197
"S01002236",660,377,283
"S01002237",833,605,228
"S01002238",419,166,253
"S01002239",620,262,358
"S01002240",593,359,234
"S01002241",648,338,310
"S01002242",579,357,222
"S01002243",602,405,197
"S01002244",605,417,188
"S01002245",794,601,193
"S01002246",710,505,205
"S01002247",586,261,325
"S01002248",810,541,269
"S01002249",566,348,218
"S01002250",746,563,183
"S01002251",544,419,125
"S01002252",434,239,195
"S01002253",735,413,322
"S01002254",680,445,235
"S01002255",870,567,303
"S01002256",662,461,201
"S01002257",498,356,142
"S01002258",589,296,293
"S01002259",406,238,168
"S01002260",616,390,226
"S01002261",755,524,231
"S01002262",601,355,246
"S01002263",584,305,279
"S01002264",649,457,192
"S01002265",698,286,412
"S01002266",474,306,168
"S01002267",746,409,337
"S01002268",504,286,218
"S01002269",644,463,181
"S01002270",768,479,289
"S01002271",643,409,234
"S01002272",412,309,103
"S01002273",657,419,238
"S01002274",563,368,195
"S01002275",635,317,318
"S01002276",592,349,243
"S01002277",561,325,236
"S01002278",760,416,344
"S01002279",685,322,363
"S01002280",573,374,199
"S01002281",436,183,253
"S01002282",253,99,154
"S01002283",531,337,194
"S01002284",694,463,231
"S01002285",604,313,291
"S01002286",574,443,131
"S01002287",543,363,180
"S01002288",630,482,148
"S01002289",598,293,305
"S01002290",650,372,278
"S01002291",646,227,419
"S01002292",652,421,231
"S01002293",643,484,159
"S01002294",434,306,128
"S01002295",550,350,200
"S01002297",675,387,288
"S01002298",519,376,143
"S01002299",598,366,232
"S01002300",568,349,219
"S01002301",651,482,169
"S01002302",503,280,223
"S01002303",606,375,231
"S01002304",709,518,191
"S01002305",683,386,297
"S01002306",363,247,116
"S01002307",596,465,131
"S01002308",707,509,198
"S01002309",529,265,264
"S01002310",695,349,346
"S01002311",559,226,333
"S01002312",480,250,230
"S01002313",529,369,160
"S01002314",643,400,243
"S01002315",411,257,154
"S01002316",506,334,172
"S01002317",727,522,205
"S01002318",660,409,251
"S01002319",784,351,433
"S01002320",456,331,125
"S01002321",646,237,409
"S01002322",542,379,163
"S01002323",571,371,200
"S01002324",573,255,318
"S01002325",456,211,245
"S01002326",651,399,252
"S01002327",486,312,174
"S01002328",597,456,141
"S01002329",538,393,145
"S01002330",571,378,193
"S01002331",514,307,207
"S01002332",670,528,142
"S01002333",627,471,156
"S01002334",596,406,190
"S01002335",757,511,246
"S01002336",740,578,162
"S01002337",724,551,173
"S01002338",390,226,164
"S01002339",423,235,188
"S01002340",408,231,177
"S01002341",398,209,189
"S01002342",425,259,166
"S01002343",557,351,206
"S01002344",394,268,126
"S01002345",519,342,177
"S01002346",661,419,242
"S01002347",527,329,198
"S01002348",643,354,289
"S01002349",682,380,302
"S01002350",700,404,296
"S01002351",456,230,226
"S01002352",613,339,274
"S01002353",529,348,181
"S01002354",575,371,204
"S01002355",625,383,242
"S01002356",552,342,210
"S01002357",531,309,222
"S01002358",374,195,179
"S01002359",659,354,305
"S01002360",482,287,195
"S01002361",464,286,178
"S01002362",492,317,175
"S01002363",694,454,240
"S01002364",539,311,228
"S01002365",420,259,161
"S01002366",426,283,143
"S01002367",599,352,247
"S01002368",599,382,217
"S01002369",377,217,160
"S01002370",501,264,237
"S01002371",457,269,188
"S01002372",582,326,256
"S01002373",467,237,230
"S01002374",509,252,257
"S01002375",658,335,323
"S01002376",625,360,265
"S01002377",608,316,292
"S01002378",425,286,139
"S01002379",670,386,284
"S01002380",496,296,200
"S01002381",572,358,214
"S01002382",453,204,249
"S01002383",397,293,104
"S01002384",390,253,137
"S01002385",583,321,262
"S01002386",710,508,202
"S01002387",441,308,133
"S01002388",570,462,108
"S01002389",584,397,187
"S01002390",540,327,213
"S01002391",686,404,282
"S01002392",670,438,232
"S01002393",387,231,156
"S01002394",502,307,195
"S01002395",557,371,186
"S01002396",549,328,221
"S01002397",898,509,389
"S01002398",701,474,227
"S01002399",767,444,323
"S01002400",684,531,153
"S01002401",693,565,128
"S01002402",668,388,280
"S01002403",552,308,244
"S01002404",708,481,227
"S01002405",592,448,144
"S01002406",559,312,247
"S01002407",603,388,215
"S01002408",648,351,297
"S01002409",513,331,182
"S01002410",419,293,126
"S01002411",489,303,186
"S01002412",760,579,181
"S01002413",515,315,200
"S01002414",429,187,242
"S01002415",554,302,252
"S01002416",412,296,116
"S01002417",541,304,237
"S01002418",678,417,261
"S01002419",388,244,144
"S01002420",462,251,211
"S01002421",659,475,184
"S01002422",429,248,181
"S01002423",468,239,229
"S01002424",666,413,253
"S01002425",621,415,206
"S01002426",490,256,234
"S01002427",618,340,278
"S01002428",417,230,187
"S01002429",501,87,414
"S01002430",408,256,152
"S01002431",556,322,234
"S01002432",549,357,192
"S01002433",388,208,180
"S01002434",686,379,307
"S01002435",552,337,215
"S01002436",516,244,272
"S01002437",371,214,157
"S01002438",508,323,185
"S01002439",667,349,318
"S01002440",671,420,251
"S01002441",507,310,197
"S01002442",376,229,147
"S01002443",403,218,185
"S01002444",393,177,216
"S01002445",531,267,264
"S01002446",604,377,227
"S01002447",527,306,221
"S01002448",398,209,189
"S01002449",335,258,77
"S01002450",554,303,251
"S01002451",833,561,272
"S01002452",400,213,187
"S01002453",627,402,225
"S01002454",617,373,244
"S01002455",474,321,153
"S01002456",684,325,359
"S01002457",601,333,268
"S01002458",631,292,339
"S01002459",431,266,165
"S01002460",603,277,326
"S01002461",348,282,66
"S01002462",521,313,208
"S01002463",722,345,377
"S01002464",383,208,175
"S01002465",459,328,131
"S01002466",708,417,291
"S01002467",349,194,155
"S01002468",445,247,198
"S01002469",500,294,206
"S01002470",606,355,251
"S01002471",378,197,181
"S01002472",442,234,208
"S01002473",647,328,319
"S01002474",383,261,122
"S01002475",392,224,168
"S01002476",651,478,173
"S01002477",598,364,234
"S01002478",655,399,256
"S01002479",497,256,241
"S01002480",411,209,202
"S01002481",734,387,347
"S01002482",627,305,322
"S01002483",544,252,292
"S01002484",605,323,282
"S01002485",714,477,237
"S01002486",390,176,214
"S01002487",330,185,145
"S01002488",485,246,239
"S01002489",404,174,230
"S01002490",476,227,249
"S01002491",362,178,184
"S01002492",489,290,199
"S01002493",714,420,294
"S01002494",528,394,134
"S01002495",503,272,231
"S01002496",513,300,213
"S01002497",495,305,190
"S01002498",549,431,118
"S01002499",665,317,348
"S01002500",426,222,204
"S01002501",373,224,149
"S01002502",626,304,322
"S01002503",445,246,199
"S01002504",648,367,281
"S01002505",562,273,289
"S01002506",664,441,223
"S01002507",439,228,211
"S01002508",617,409,208
"S01002509",721,487,234
"S01002510",770,494,276
"S01002511",384,189,195
"S01002512",417,245,172
"S01002513",545,446,99
"S01002514",446,232,214
"S01002515",441,206,235
"S01002516",560,368,192
"S01002517",477,300,177
"S01002518",537,329,208
"S01002519",586,255,331
"S01002520",362,172,190
"S01002521",441,265,176
"S01002522",567,379,188
"S01002523",558,308,250
"S01002524",480,351,129
"S01002525",490,255,235
"S01002526",434,271,163
"S01002527",589,465,124
"S01002528",593,409,184
"S01002529",626,309,317
"S01002530",548,321,227
"S01002531",560,330,230
"S01002532",572,323,249
"S01002533",566,286,280
"S01002534",711,399,312
"S01002535",368,224,144
"S01002536",396,184,212
"S01002537",413,247,166
"S01002538",716,521,195
"S01002539",551,277,274
"S01002540",369,178,191
"S01002541",710,500,210
"S01002542",445,329,116
"S01002543",422,173,249
"S01002544",567,375,192
"S01002545",490,254,236
"S01002546",506,317,189
"S01002547",454,321,133
"S01002548",729,422,307
"S01002549",438,308,130
"S01002550",412,287,125
"S01002551",436,251,185
"S01002552",430,253,177
"S01002553",559,347,212
"S01002554",423,358,65
"S01002555",535,339,196
"S01002556",548,293,255
"S01002557",585,349,236
"S01002558",396,203,193
"S01002559",526,340,186
"S01002560",399,226,173
"S01002561",492,302,190
"S01002562",483,298,185
"S01002563",923,409,514
"S01002564",483,294,189
"S01002565",677,525,152
"S01002566",560,440,120
"S01002567",397,325,72
"S01002568",595,389,206
"S01002569",730,452,278
"S01002570",451,311,140
"S01002571",406,222,184
"S01002572",436,299,137
"S01002573",382,246,136
"S01002574",615,392,223
"S01002575",558,402,156
"S01002576",568,393,175
"S01002577",653,333,320
"S01002578",610,410,200
"S01002579",634,460,174
"S01002580",579,312,267
"S01002581",528,400,128
"S01002582",519,293,226
"S01002583",501,355,146
"S01002584",530,378,152
"S01002585",665,455,210
"S01002586",427,277,150
"S01002587",562,412,150
"S01002588",599,404,195
"S01002589",590,361,229
"S01002590",573,364,209
"S01002591",429,259,170
"S01002592",588,374,214
"S01002593",556,358,198
"S01002594",494,433,61
"S01002595",486,298,188
"S01002596",572,349,223
"S01002597",342,209,133
"S01002598",683,486,197
"S01002599",390,252,138
"S01002600",625,510,115
"S01002601",486,280,206
"S01002602",386,250,136
"S01002603",538,320,218
"S01002604",739,477,262
"S01002605",437,266,171
"S01002606",445,304,141
"S01002607",654,437,217
"S01002608",431,322,109
"S01002609",559,321,238
"S01002610",673,429,244
"S01002611",618,455,163
"S01002612",591,347,244
"S01002613",652,388,264
"S01002614",653,441,212
"S01002615",329,217,112
"S01002616",473,327,146
"S01002617",680,334,346
"S01002618",559,270,289
"S01002619",575,399,176
"S01002620",598,336,262
"S01002621",516,360,156
"S01002622",657,504,153
"S01002623",513,383,130
"S01002624",540,395,145
"S01002625",672,470,202
"S01002626",519,302,217
"S01002627",799,567,232
"S01002628",569,411,158
"S01002629",626,415,211
"S01002630",467,261,206
"S01002631",559,372,187
"S01002632",468,320,148
"S01002633",749,512,237
"S01002634",548,365,183
"S01002635",438,268,170
"S01002636",405,237,168
"S01002637",597,355,242
"S01002638",504,271,233
"S01002639",685,479,206
"S01002640",570,396,174
"S01002641",713,536,177
"S01002642",388,215,173
"S01002643",388,206,182
"S01002644",534,296,238
"S01002645",480,247,233
"S01002646",514,365,149
"S01002647",660,283,377
"S01002648",575,426,149
"S01002649",508,279,229
"S01002650",509,320,189
"S01002651",464,260,204
"S01002652",529,375,154
"S01002653",524,346,178
"S01002654",533,269,264
"S01002655",474,228,246
"S01002656",489,221,268
"S01002657",599,360,239
"S01002658",779,540,239
"S01002659",695,439,256
"S01002660",613,336,277
"S01002661",602,359,243
"S01002662",593,335,258
"S01002663",524,367,157
"S01002664",708,503,205
"S01002665",604,340,264
"S01002666",633,400,233
"S01002667",468,255,213
"S01002668",387,240,147
"S01002669",644,430,214
"S01002670",466,322,144
"S01002671",752,507,245
"S01002672",457,221,236
"S01002673",410,253,157
"S01002674",541,346,195
"S01002675",699,402,297
"S01002676",591,366,225
"S01002677",695,432,263
"S01002678",741,512,229
"S01002679",676,378,298
"S01002680",729,492,237
"S01002681",540,364,176
"S01002682",406,222,184
"S01002683",465,281,184
"S01002684",524,320,204
"S01002685",651,336,315
"S01002686",638,413,225
"S01002687",617,390,227
"S01002688",559,419,140
"S01002689",545,421,124
"S01002690",435,255,180
"S01002691",776,606,170
"S01002692",694,466,228
"S01002693",324,224,100
"S01002694",529,291,238
"S01002695",458,312,146
"S01002696",563,356,207
"S01002697",706,489,217
"S01002698",543,335,208
"S01002699",350,202,148
"S01002700",610,297,313
"S01002701",696,533,163
"S01002702",440,212,228
"S01002703",638,399,239
"S01002704",513,302,211
"S01002705",505,261,244
"S01002706",604,307,297
"S01002707",624,341,283
"S01002708",526,311,215
"S01002709",481,242,239
"S01002710",462,302,160
"S01002711",630,370,260
"S01002712",586,335,251
"S01002713",527,215,312
"S01002714",637,336,301
"S01002715",698,384,314
"S01002716",449,318,131
"S01002717",543,347,196
"S01002718",627,341,286
"S01002719",563,325,238
"S01002720",561,310,251
"S01002721",572,298,274
"S01002722",513,317,196
"S01002723",471,223,248
"S01002724",626,321,305
"S01002725",688,413,275
"S01002726",545,345,200
"S01002727",751,571,180
"S01002728",625,402,223
"S01002729",698,538,160
"S01002730",613,402,211
"S01002731",580,286,294
"S01002732",497,326,171
"S01002733",439,197,242
"S01002734",683,371,312
"S01002735",700,348,352
"S01002736",553,354,199
"S01002737",572,421,151
"S01002738",495,280,215
"S01002739",614,380,234
"S01002740",398,289,109
"S01002741",641,440,201
"S01002742",597,313,284
"S01002743",400,188,212
"S01002744",406,258,148
"S01002745",440,224,216
"S01002746",632,373,259
"S01002747",422,209,213
"S01002748",437,273,164
"S01002749",512,277,235
"S01002750",657,312,345
"S01002751",669,337,332
"S01002752",416,208,208
"S01002753",531,386,145
"S01002754",419,280,139
"S01002755",536,227,309
"S01002756",607,311,296
"S01002757",430,252,178
"S01002758",514,260,254
"S01002759",523,248,275
"S01002760",380,196,184
"S01002761",560,282,278
"S01002762",457,241,216
"S01002763",663,354,309
"S01002764",462,196,266
"S01002765",511,204,307
"S01002766",625,336,289
"S01002767",743,509,234
"S01002768",637,373,264
"S01002769",578,349,229
"S01002770",412,208,204
"S01002771",542,266,276
"S01002772",788,505,283
"S01002773",668,358,310
"S01002774",553,295,258
"S01002775",519,218,301
"S01002776",462,284,178
"S01002777",700,394,306
"S01002778",488,237,251
"S01002779",436,186,250
"S01002780",609,296,313
"S01002781",664,381,283
"S01002782",627,308,319
"S01002783",567,322,245
"S01002784",368,208,160
"S01002785",498,260,238
"S01002786",555,395,160
"S01002787",561,353,208
"S01002788",622,438,184
"S01002789",583,399,184
"S01002790",554,292,262
"S01002791",466,221,245
"S01002792",685,402,283
"S01002793",577,289,288
"S01002794",641,348,293
"S01002795",508,303,205
"S01002796",403,263,140
"S01002797",655,476,179
"S01002798",405,220,185
"S01002799",434,223,211
"S01002800",619,445,174
"S01002801",714,333,381
"S01002802",503,336,167
"S01002803",604,349,255
"S01002804",382,218,164
"S01002805",607,312,295
"S01002806",426,244,182
"S01002807",492,232,260
"S01002808",603,299,304
"S01002809",493,225,268
"S01002810",732,418,314
"S01002811",717,418,299
"S01002812",469,286,183
"S01002813",539,267,272
"S01002814",553,331,222
"S01002815",526,228,298
"S01002816",406,224,182
"S01002817",428,193,235
"S01002818",421,276,145
"S01002819",583,230,353
"S01002820",636,287,349
"S01002821",714,385,329
"S01002822",615,277,338
"S01002823",572,261,311
"S01002824",573,349,224
"S01002825",712,365,347
"S01002826",389,178,211
"S01002827",477,267,210
"S01002828",461,268,193
"S01002829",572,257,315
"S01002830",448,229,219
"S01002831",621,355,266
"S01002832",585,373,212
"S01002833",856,612,244
"S01002834",671,330,341
"S01002835",539,319,220
"S01002836",412,262,150
"S01002837",477,227,250
"S01002838",430,218,212
"S01002839",394,161,233
"S01002840",502,290,212
"S01002841",514,376,138
"S01002842",416,173,243
"S01002843",535,216,319
"S01002844",471,304,167
"S01002845",566,295,271
"S01002846",668,418,250
"S01002847",703,451,252
"S01002848",615,382,233
"S01002849",769,505,264
"S01002850",688,388,300
"S01002851",352,204,148
"S01002852",691,357,334
"S01002853",287,140,147
"S01002854",585,256,329
"S01002855",426,164,262
"S01002856",552,279,273
"S01002857",389,239,150
"S01002858",377,207,170
"S01002859",573,250,323
"S01002860",697,460,237
"S01002861",722,479,243
"S01002862",458,258,200
"S01002863",569,260,309
"S01002864",434,183,251
"S01002865",642,386,256
"S01002866",788,384,404
"S01002867",422,278,144
"S01002868",557,248,309
"S01002869",413,243,170
"S01002870",683,378,305
"S01002871",439,274,165
"S01002872",449,235,214
"S01002873",560,334,226
"S01002874",664,389,275
"S01002875",482,247,235
"S01002876",492,263,229
"S01002877",583,361,222
"S01002878",423,273,150
"S01002879",647,380,267
"S01002880",400,264,136
"S01002881",619,347,272
"S01002882",550,286,264
"S01002883",757,421,336
"S01002884",595,346,249
"S01002885",542,384,158
"S01002886",495,283,212
"S01002887",433,219,214
"S01002888",427,234,193
"S01002889",640,390,250
"S01002890",517,279,238
"S01002891",586,343,243
"S01002892",470,256,214
"S01002893",566,288,278
"S01002894",549,329,220
"S01002895",443,195,248
"S01002896",513,292,221
"S01002897",369,160,209
"S01002898",761,450,311
"S01002899",388,247,141
"S01002900",527,276,251
"S01002901",613,318,295
"S01002902",552,331,221
"S01002903",615,312,303
"S01002904",487,330,157
"S01002905",560,340,220
"S01002906",625,378,247
"S01002907",417,253,164
"S01002908",608,335,273
"S01002909",567,329,238
"S01002910",555,277,278
"S01002911",646,327,319
"S01002912",781,518,263
"S01002913",652,453,199
"S01002914",449,228,221
"S01002915",779,467,312
"S01002916",565,239,326
"S01002917",485,278,207
"S01002918",502,267,235
"S01002919",607,316,291
"S01002920",448,251,197
"S01002921",459,266,193
"S01002922",424,240,184
"S01002923",491,252,239
"S01002924",499,303,196
"S01002925",743,462,281
"S01002926",555,330,225
"S01002927",546,281,265
"S01002928",400,248,152
"S01002929",593,350,243
"S01002930",495,340,155
"S01002931",566,305,261
"S01002932",568,434,134
"S01002933",663,385,278
"S01002934",690,397,293
"S01002935",617,376,241
"S01002936",540,435,105
"S01002937",448,284,164
"S01002938",532,299,233
"S01002939",406,277,129
"S01002940",377,236,141
"S01002941",726,449,277
"S01002942",377,229,148
"S01002943",402,292,110
"S01002944",722,426,296
"S01002945",425,254,171
"S01002946",463,314,149
"S01002947",347,229,118
"S01002948",585,379,206
"S01002949",363,237,126
"S01002950",557,379,178
"S01002951",626,351,275
"S01002952",465,306,159
"S01002953",630,336,294
"S01002954",648,425,223
"S01002955",730,472,258
"S01002956",536,353,183
"S01002957",677,455,222
"S01002958",440,282,158
"S01002959",712,494,218
"S01002960",523,335,188
"S01002961",561,363,198
"S01002962",426,255,171
"S01002963",538,336,202
"S01002964",601,365,236
"S01002965",625,439,186
"S01002966",595,315,280
"S01002967",623,396,227
"S01002968",536,329,207
"S01002969",652,386,266
"S01002970",429,273,156
"S01002971",773,501,272
"S01002972",643,376,267
"S01002973",632,374,258
"S01002974",413,297,116
"S01002975",389,247,142
"S01002976",624,299,325
"S01002977",511,340,171
"S01002978",768,454,314
"S01002979",490,311,179
"S01002980",587,359,228
"S01002981",602,379,223
"S01002982",494,279,215
"S01002983",565,326,239
"S01002984",563,308,255
"S01002985",415,208,207
"S01002986",541,292,249
"S01002987",462,246,216
"S01002988",540,356,184
"S01002989",717,314,403
"S01002990",502,146,356
"S01002991",551,286,265
"S01002992",556,221,335
"S01002993",662,278,384
"S01002994",898,188,710
"S01002995",709,68,641
"S01002996",837,109,728
"S01002997",560,126,434
"S01002998",578,377,201
"S01002999",810,105,705
"S01003000",718,306,412
"S01003001",460,273,187
"S01003002",559,353,206
"S01003003",435,295,140
"S01003004",413,289,124
"S01003005",432,300,132
"S01003006",544,353,191
"S01003007",535,391,144
"S01003008",695,595,100
"S01003009",387,232,155
"S01003010",463,318,145
"S01003011",339,224,115
"S01003012",724,457,267
"S01003013",441,310,131
"S01003014",469,315,154
"S01003015",548,345,203
"S01003016",338,214,124
"S01003017",432,269,163
"S01003018",541,345,196
"S01003019",596,360,236
"S01003020",426,246,180
"S01003021",468,305,163
"S01003022",676,426,250
"S01003023",605,418,187
"S01003024",463,289,174
"S01003025",532,311,221
"S01003026",428,202,226
"S01003027",823,604,219
"S01003028",570,184,386
"S01003029",575,189,386
"S01003030",602,195,407
"S01003032",358,131,227
"S01003033",376,149,227
"S01003034",694,478,216
"S01003035",531,230,301
"S01003036",574,156,418
"S01003037",587,432,155
"S01003038",654,462,192
"S01003039",595,208,387
"S01003040",622,251,371
"S01003041",536,365,171
"S01003042",425,153,272
"S01003043",353,93,260
"S01003044",636,204,432
"S01003045",567,232,335
"S01003046",514,297,217
"S01003047",698,259,439
"S01003048",315,106,209
"S01003049",415,123,292
"S01003050",619,401,218
"S01003051",681,342,339
"S01003052",558,213,345
"S01003053",650,440,210
"S01003054",684,402,282
"S01003055",616,215,401
"S01003056",611,224,387
"S01003057",493,350,143
"S01003058",534,255,279
"S01003059",545,326,219
"S01003060",444,178,266
"S01003061",660,437,223
"S01003062",653,378,275
"S01003063",580,382,198
"S01003064",708,230,478
"S01003065",756,466,290
"S01003066",704,471,233
"S01003067",485,292,193
"S01003068",654,444,210
"S01003069",434,228,206
"S01003070",567,285,282
"S01003071",462,259,203
"S01003072",743,282,461
"S01003073",553,391,162
"S01003074",572,328,244
"S01003075",504,318,186
"S01003076",647,189,458
"S01003077",734,310,424
"S01003078",496,267,229
"S01003079",683,445,238
"S01003080",619,429,190
"S01003081",680,519,161
"S01003082",459,166,293
"S01003083",759,360,399
"S01003084",671,224,447
"S01003085",752,459,293
"S01003086",514,296,218
"S01003087",467,323,144
"S01003088",657,216,441
"S01003089",455,298,157
"S01003090",539,257,282
"S01003091",478,324,154
"S01003092",568,276,292
"S01003093",720,273,447
"S01003094",679,376,303
"S01003095",622,390,232
"S01003096",533,296,237
"S01003097",201,77,124
"S01003098",841,509,332
"S01003099",454,140,314
"S01003100",605,294,311
"S01003101",449,166,283
"S01003102",578,344,234
"S01003103",578,328,250
"S01003104",724,268,456
"S01003105",533,340,193
"S01003106",546,360,186
"S01003107",576,205,371
"S01003108",589,352,237
"S01003109",775,535,240
"S01003110",615,393,222
"S01003111",658,249,409
"S01003112",700,440,260
"S01003113",563,398,165
"S01003114",687,405,282
"S01003115",413,254,159
"S01003116",655,377,278
"S01003117",637,374,263
"S01003118",326,97,229
"S01003119",517,332,185
"S01003120",776,556,220
"S01003121",720,250,470
"S01003122",555,273,282
"S01003123",642,399,243
"S01003124",699,507,192
"S01003125",640,427,213
"S01003126",107,17,90
"S01003127",627,414,213
"S01003128",547,305,242
"S01003129",873,557,316
"S01003130",627,400,227
"S01003131",680,461,219
"S01003132",456,153,303
"S01003133",888,636,252
"S01003134",523,228,295
"S01003135",557,245,312
"S01003136",663,400,263
"S01003137",534,335,199
"S01003138",782,315,467
"S01003139",834,624,210
"S01003140",692,236,456
"S01003141",644,534,110
"S01003142",531,179,352
"S01003143",702,414,288
"S01003144",672,283,389
"S01003145",583,271,312
"S01003146",578,427,151
"S01003147",685,310,375
"S01003148",578,315,263
"S01003149",766,481,285
"S01003150",548,174,374
"S01003151",559,310,249
"S01003152",665,293,372
"S01003153",571,345,226
"S01003154",724,454,270
"S01003155",829,648,181
"S01003156",630,435,195
"S01003157",755,410,345
"S01003158",367,76,291
"S01003159",163,46,117
"S01003160",497,184,313
"S01003161",461,222,239
"S01003162",507,216,291
"S01003163",502,313,189
"S01003164",699,350,349
"S01003165",732,384,348
"S01003166",570,399,171
"S01003167",600,211,389
"S01003168",699,492,207
"S01003169",798,458,340
"S01003170",701,332,369
"S01003171",466,244,222
"S01003172",573,330,243
"S01003173",391,254,137
"S01003174",604,344,260
"S01003175",598,222,376
"S01003176",650,423,227
"S01003177",782,520,262
"S01003178",477,152,325
"S01003179",523,239,284
"S01003180",543,375,168
"S01003181",695,313,382
"S01003182",489,158,331
"S01003183",542,299,243
"S01003184",578,180,398
"S01003185",373,129,244
"S01003186",693,447,246
"S01003187",737,489,248
"S01003188",649,270,379
"S01003189",664,315,349
"S01003190",585,247,338
"S01003191",405,192,213
"S01003192",621,357,264
"S01003193",449,273,176
"S01003194",613,204,409
"S01003195",598,347,251
"S01003196",712,403,309
"S01003197",498,313,185
"S01003198",669,279,390
"S01003199",645,389,256
"S01003200",543,256,287
"S01003201",170,60,110
"S01003202",220,58,162
"S01003203",608,290,318
"S01003204",717,338,379
"S01003205",580,245,335
"S01003206",612,278,334
"S01003207",585,308,277
"S01003208",569,169,400
"S01003209",419,206,213
"S01003210",590,355,235
"S01003211",597,276,321
"S01003212",568,368,200
"S01003213",391,208,183
"S01003214",620,287,333
"S01003215",718,336,382
"S01003216",521,228,293
"S01003217",480,119,361
"S01003218",536,307,229
"S01003219",538,277,261
"S01003220",558,234,324
"S01003221",596,260,336
"S01003222",553,245,308
"S01003223",663,241,422
"S01003224",574,349,225
"S01003225",615,191,424
"S01003226",553,210,343
"S01003227",661,352,309
"S01003228",644,258,386
"S01003229",732,463,269
"S01003230",569,260,309
"S01003231",738,293,445
"S01003232",595,243,352
"S01003233",735,451,284
"S01003234",618,358,260
"S01003235",572,302,270
"S01003236",570,230,340
"S01003237",770,296,474
"S01003238",548,352,196
"S01003239",715,389,326
"S01003240",528,360,168
"S01003241",603,335,268
"S01003242",716,350,366
"S01003243",636,301,335
"S01003244",746,274,472
"S01003245",654,180,474
"S01003246",777,196,581
"S01003247",522,233,289
"S01003248",614,235,379
"S01003249",556,312,244
"S01003250",391,178,213
"S01003251",619,183,436
"S01003252",568,323,245
"S01003253",577,134,443
"S01003254",449,117,332
"S01003255",584,306,278
"S01003256",625,222,403
"S01003257",587,276,311
"S01003258",715,425,290
"S01003259",781,511,270
"S01003260",597,362,235
"S01003261",745,430,315
"S01003262",573,294,279
"S01003263",593,164,429
"S01003264",412,192,220
"S01003265",513,254,259
"S01003266",545,192,353
"S01003267",656,282,374
"S01003268",667,318,349
"S01003269",678,316,362
"S01003270",610,284,326
"S01003271",708,381,327
"S01003272",658,222,436
"S01003273",534,179,355
"S01003274",405,124,281
"S01003275",711,287,424
"S01003276",578,382,196
"S01003277",518,228,290
"S01003278",613,331,282
"S01003279",315,88,227
"S01003280",698,383,315
"S01003281",392,193,199
"S01003282",609,352,257
"S01003283",534,351,183
"S01003284",647,315,332
"S01003285",292,138,154
"S01003286",743,289,454
"S01003287",355,118,237
"S01003288",568,335,233
"S01003289",208,68,140
"S01003290",578,323,255
"S01003291",564,171,393
"S01003292",584,361,223
"S01003293",669,196,473
"S01003294",586,247,339
"S01003295",769,508,261
"S01003296",453,136,317
"S01003297",409,113,296
"S01003298",765,439,326
"S01003299",292,91,201
"S01003300",601,367,234
"S01003301",572,263,309
"S01003302",493,148,345
"S01003303",827,559,268
"S01003304",604,314,290
"S01003305",601,471,130
"S01003306",682,264,418
"S01003307",805,307,498
"S01003308",652,251,401
"S01003309",543,190,353
"S01003310",583,275,308
"S01003311",588,392,196
"S01003312",451,164,287
"S01003313",711,316,395
"S01003314",455,160,295
"S01003315",459,288,171
"S01003316",542,298,244
"S01003317",513,366,147
"S01003318",636,419,217
"S01003320",510,283,227
"S01003321",597,331,266
"S01003322",678,363,315
"S01003323",474,317,157
"S01003324",454,215,239
"S01003325",597,424,173
"S01003326",573,252,321
"S01003327",535,243,292
"S01003328",549,329,220
"S01003329",627,339,288
"S01003330",674,502,172
"S01003331",478,112,366
"S01003332",305,107,198
"S01003333",739,197,542
"S01003334",598,247,351
"S01003335",504,258,246
"S01003336",689,224,465
"S01003337",615,175,440
"S01003338",717,398,319
"S01003339",581,348,233
"S01003340",822,362,460
"S01003341",541,411,130
"S01003342",517,145,372
"S01003343",431,139,292
"S01003344",380,155,225
"S01003345",706,400,306
"S01003346",675,304,371
"S01003347",605,168,437
"S01003348",626,409,217
"S01003349",597,201,396
"S01003350",477,156,321
"S01003351",804,394,410
"S01003352",582,228,354
"S01003353",511,180,331
"S01003354",640,168,472
"S01003355",684,294,390
"S01003356",680,253,427
"S01003357",308,79,229
"S01003358",799,411,388
"S01003359",703,551,152
"S01003360",553,328,225
"S01003361",553,170,383
"S01003362",577,245,332
"S01003363",587,210,377
"S01003364",461,168,293
"S01003365",541,195,346
"S01003366",527,341,186
"S01003367",766,251,515
"S01003368",928,323,605
"S01003369",554,167,387
"S01003370",664,350,314
"S01003371",604,331,273
"S01003372",549,213,336
"S01003373",566,246,320
"S01003374",353,132,221
"S01003375",561,278,283
"S01003376",388,137,251
"S01003377",560,204,356
"S01003378",576,182,394
"S01003379",424,111,313
"S01003380",627,331,296
"S01003381",552,315,237
"S01003382",572,227,345
"S01003383",699,283,416
"S01003384",750,322,428
"S01003385",722,434,288
"S01003386",464,181,283
"S01003387",603,290,313
"S01003388",738,278,460
"S01003389",763,341,422
"S01003390",647,210,437
"S01003391",649,256,393
"S01003392",637,311,326
"S01003393",769,253,516
"S01003394",465,236,229
"S01003395",620,347,273
"S01003396",605,239,366
"S01003397",566,169,397
"S01003398",641,349,292
"S01003399",1455,215,1240
"S01003400",452,171,281
"S01003401",548,153,395
"S01003402",464,145,319
"S01003403",654,236,418
"S01003404",379,124,255
"S01003405",637,286,351
"S01003406",568,268,300
"S01003407",523,232,291
"S01003408",471,201,270
"S01003409",606,326,280
"S01003410",698,273,425
"S01003411",584,294,290
"S01003412",689,314,375
"S01003413",542,279,263
"S01003414",387,130,257
"S01003415",1060,140,920
"S01003416",702,195,507
"S01003417",643,341,302
"S01003418",721,228,493
"S01003419",698,235,463
"S01003420",341,97,244
"S01003421",398,149,249
"S01003422",606,212,394
"S01003423",521,344,177
"S01003424",769,386,383
"S01003425",807,323,484
"S01003426",776,387,389
"S01003427",675,248,427
"S01003428",500,135,365
"S01003429",888,176,712
"S01003430",682,355,327
"S01003431",477,161,316
"S01003432",845,391,454
"S01003433",909,309,600
"S01003434",690,197,493
"S01003435",460,138,322
"S01003436",452,313,139
"S01003437",557,268,289
"S01003438",805,452,353
"S01003439",651,152,499
"S01003440",353,175,178
"S01003441",818,350,468
"S01003442",522,149,373
"S01003443",712,232,480
"S01003444",495,148,347
"S01003445",612,261,351
"S01003446",477,189,288
"S01003447",1527,202,1325
"S01003448",524,211,313
"S01003449",775,313,462
"S01003450",665,332,333
"S01003451",660,364,296
"S01003452",935,270,665
"S01003453",640,320,320
"S01003454",575,230,345
"S01003455",424,138,286
"S01003456",253,50,203
"S01003457",698,182,516
"S01003458",663,332,331
"S01003459",629,307,322
"S01003460",799,365,434
"S01003461",563,248,315
"S01003462",424,174,250
"S01003463",605,160,445
"S01003464",831,327,504
"S01003465",681,458,223
"S01003466",587,276,311
"S01003467",623,254,369
"S01003468",610,190,420
"S01003469",707,363,344
"S01003470",725,340,385
"S01003471",497,146,351
"S01003472",573,152,421
"S01003473",747,305,442
"S01003474",650,256,394
"S01003475",614,245,369
"S01003476",548,382,166
"S01003477",863,560,303
"S01003478",664,332,332
"S01003479",684,360,324
"S01003480",454,182,272
"S01003481",797,447,350
"S01003482",492,131,361
"S01003483",471,210,261
"S01003484",786,366,420
"S01003485",864,383,481
"S01003486",547,201,346
"S01003487",854,317,537
"S01003488",497,162,335
"S01003489",704,221,483
"S01003490",508,213,295
"S01003491",103,38,65
"S01003492",690,292,398
"S01003493",554,230,324
"S01003494",575,234,341
"S01003495",552,283,269
"S01003496",747,467,280
"S01003497",807,456,351
"S01003498",740,328,412
"S01003499",817,457,360
"S01003500",421,101,320
"S01003501",561,266,295
"S01003502",448,203,245
"S01003503",575,349,226
"S01003504",656,312,344
"S01003506",864,457,407
"S01003507",474,214,260
"S01003508",611,239,372
"S01003509",714,398,316
"S01003510",295,164,131
"S01003511",801,540,261
"S01003512",475,185,290
"S01003513",638,237,401
"S01003514",703,330,373
"S01003515",555,186,369
"S01003516",566,362,204
"S01003517",577,356,221
"S01003518",754,424,330
"S01003519",434,187,247
"S01003520",555,323,232
"S01003521",486,205,281
"S01003522",685,454,231
"S01003523",453,149,304
"S01003524",834,599,235
"S01003525",789,513,276
"S01003526",807,499,308
"S01003527",638,401,237
"S01003528",417,287,130
"S01003529",372,274,98
"S01003530",706,436,270
"S01003531",621,266,355
"S01003532",727,466,261
"S01003533",269,90,179
"S01003534",750,484,266
"S01003535",553,319,234
"S01003536",839,581,258
"S01003537",639,291,348
"S01003538",474,172,302
"S01003539",721,502,219
"S01003540",394,120,274
"S01003541",547,233,314
"S01003542",657,432,225
"S01003543",420,166,254
"S01003544",454,263,191
"S01003545",830,495,335
"S01003546",616,277,339
"S01003547",663,388,275
"S01003549",510,187,323
"S01003550",541,348,193
"S01003551",576,237,339
"S01003552",779,574,205
"S01003553",521,162,359
"S01003554",646,365,281
"S01003555",699,386,313
"S01003556",498,332,166
"S01003557",526,167,359
"S01003558",756,551,205
"S01003559",647,436,211
"S01003560",768,502,266
"S01003561",752,257,495
"S01003562",455,148,307
"S01003563",448,178,270
"S01003564",534,164,370
"S01003565",633,228,405
"S01003566",639,376,263
"S01003567",608,165,443
"S01003568",570,374,196
"S01003569",434,259,175
"S01003570",537,316,221
"S01003571",664,320,344
"S01003572",636,211,425
"S01003573",633,261,372
"S01003574",788,491,297
"S01003575",616,201,415
"S01003576",659,390,269
"S01003577",559,235,324
"S01003578",194,68,126
"S01003579",443,121,322
"S01003580",681,337,344
"S01003581",1615,306,1309
"S01003582",432,85,347
"S01003583",382,115,267
"S01003584",479,120,359
"S01003585",451,195,256
"S01003586",631,217,414
"S01003587",713,456,257
"S01003588",541,380,161
"S01003589",1058,555,503
"S01003590",534,293,241
"S01003591",885,470,415
"S01003592",607,242,365
"S01003593",471,227,244
"S01003594",711,492,219
"S01003595",531,136,395
"S01003596",659,238,421
"S01003597",462,251,211
"S01003598",544,245,299
"S01003599",448,190,258
"S01003600",602,203,399
"S01003601",595,255,340
"S01003602",542,237,305
"S01003603",586,209,377
"S01003604",581,277,304
"S01003605",478,181,297
"S01003606",674,302,372
"S01003607",412,193,219
"S01003608",399,166,233
"S01003609",761,493,268
"S01003610",555,277,278
"S01003611",575,158,417
"S01003612",677,330,347
"S01003613",609,460,149
"S01003614",381,202,179
"S01003615",359,149,210
"S01003616",526,425,101
"S01003617",703,222,481
"S01003618",517,276,241
"S01003619",611,181,430
"S01003620",740,473,267
"S01003621",718,220,498
"S01003622",545,223,322
"S01003623",672,442,230
"S01003624",728,262,466
"S01003625",309,142,167
"S01003626",597,453,144
"S01003627",432,147,285
"S01003628",554,238,316
"S01003629",620,193,427
"S01003630",540,189,351
"S01003631",555,286,269
"S01003632",591,369,222
"S01003633",729,471,258
"S01003634",817,298,519
"S01003635",449,241,208
"S01003636",725,218,507
"S01003637",527,238,289
"S01003638",583,332,251
"S01003639",623,269,354
"S01003640",689,272,417
"S01003641",545,431,114
"S01003642",576,290,286
"S01003643",463,301,162
"S01003644",621,265,356
"S01003645",415,187,228
"S01003646",507,139,368
"S01003647",503,243,260
"S01003648",655,386,269
"S01003649",815,502,313
"S01003650",530,203,327
"S01003651",556,217,339
"S01003652",464,188,276
"S01003653",582,165,417
"S01003654",707,297,410
"S01003655",636,246,390
"S01003656",393,167,226
"S01003657",609,236,373
"S01003658",655,341,314
"S01003659",653,420,233
"S01003660",649,536,113
"S01003661",661,480,181
"S01003662",428,162,266
"S01003663",447,176,271
"S01003664",393,164,229
"S01003665",477,118,359
"S01003666",527,175,352
"S01003667",662,378,284
"S01003668",507,205,302
"S01003669",451,181,270
"S01003670",631,234,397
"S01003671",485,195,290
"S01003672",568,192,376
"S01003673",209,60,149
"S01003674",618,271,347
"S01003675",559,430,129
"S01003676",338,202,136
"S01003677",578,242,336
"S01003678",488,213,275
"S01003679",749,297,452
"S01003680",566,193,373
"S01003681",389,170,219
"S01003682",798,548,250
"S01003683",423,212,211
"S01003684",549,226,323
"S01003685",376,210,166
"S01003686",730,345,385
"S01003687",502,153,349
"S01003688",716,345,371
"S01003689",432,145,287
"S01003690",651,227,424
"S01003691",837,522,315
"S01003692",744,368,376
"S01003693",478,223,255
"S01003694",614,328,286
"S01003695",758,273,485
"S01003696",814,367,447
"S01003697",735,485,250
"S01003698",633,327,306
"S01003699",739,555,184
"S01003700",815,404,411
"S01003701",695,280,415
"S01003702",563,247,316
"S01003703",634,295,339
"S01003704",525,193,332
"S01003705",581,210,371
"S01003706",501,184,317
"S01003707",506,165,341
"S01003708",436,128,308
"S01003709",593,147,446
"S01003710",647,241,406
"S01003711",559,186,373
"S01003712",508,248,260
"S01003713",349,113,236
"S01003714",564,297,267
"S01003715",616,357,259
"S01003716",368,123,245
"S01003717",561,190,371
"S01003718",362,149,213
"S01003719",413,279,134
"S01003720",687,434,253
"S01003721",548,377,171
"S01003722",651,335,316
"S01003723",431,291,140
"S01003724",600,348,252
"S01003725",481,336,145
"S01003726",517,368,149
"S01003727",515,337,178
"S01003728",359,222,137
"S01003729",479,314,165
"S01003730",422,219,203
"S01003731",395,271,124
"S01003732",578,393,185
"S01003733",625,396,229
"S01003734",520,339,181
"S01003735",536,342,194
"S01003736",614,397,217
"S01003737",451,271,180
"S01003738",506,338,168
"S01003739",404,257,147
"S01003740",437,268,169
"S01003741",637,450,187
"S01003742",396,266,130
"S01003743",444,288,156
"S01003744",463,321,142
"S01003745",539,354,185
"S01003746",563,344,219
"S01003747",721,447,274
"S01003748",416,268,148
"S01003749",587,397,190
"S01003750",419,281,138
"S01003751",785,584,201
"S01003752",601,367,234
"S01003753",639,368,271
"S01003754",622,412,210
"S01003755",542,378,164
"S01003756",533,336,197
"S01003757",434,258,176
"S01003758",560,343,217
"S01003759",456,283,173
"S01003760",558,379,179
"S01003761",615,422,193
"S01003762",553,392,161
"S01003763",679,432,247
"S01003764",587,378,209
"S01003765",529,322,207
"S01003766",420,258,162
"S01003767",491,314,177
"S01003768",429,252,177
"S01003769",485,286,199
"S01003770",470,317,153
"S01003771",497,318,179
"S01003772",423,268,155
"S01003773",499,327,172
"S01003774",464,283,181
"S01003775",577,356,221
"S01003776",427,277,150
"S01003777",673,436,237
"S01003778",386,269,117
"S01003779",346,220,126
"S01003780",675,455,220
"S01003781",490,378,112
"S01003782",419,291,128
"S01003783",811,498,313
"S01003784",454,336,118
"S01003785",600,386,214
"S01003786",688,448,240
"S01003787",461,304,157
"S01003788",515,259,256
"S01003789",357,232,125
"S01003790",431,268,163
"S01003791",497,395,102
"S01003792",556,419,137
"S01003793",389,225,164
"S01003794",526,322,204
"S01003795",441,307,134
"S01003796",468,240,228
"S01003797",762,502,260
"S01003798",570,371,199
"S01003799",625,482,143
"S01003800",457,261,196
"S01003801",570,335,235
"S01003802",591,393,198
"S01003803",491,339,152
"S01003804",467,317,150
"S01003805",705,433,272
"S01003806",490,272,218
"S01003807",709,524,185
"S01003808",458,299,159
"S01003809",567,372,195
"S01003810",635,361,274
"S01003811",531,366,165
"S01003812",655,338,317
"S01003813",686,484,202
"S01003814",605,362,243
"S01003815",551,379,172
"S01003816",639,489,150
"S01003817",619,302,317
"S01003818",576,314,262
"S01003819",452,317,135
"S01003820",771,478,293
"S01003821",637,401,236
"S01003822",593,360,233
"S01003823",634,398,236
"S01003824",564,392,172
"S01003825",502,345,157
"S01003826",529,354,175
"S01003827",580,376,204
"S01003828",519,353,166
"S01003829",472,265,207
"S01003830",616,368,248
"S01003831",504,367,137
"S01003832",642,416,226
"S01003833",399,234,165
"S01003834",522,355,167
"S01003835",432,324,108
"S01003836",474,367,107
"S01003837",543,263,280
"S01003838",414,281,133
"S01003839",501,293,208
"S01003840",519,372,147
"S01003841",409,217,192
"S01003842",421,284,137
"S01003843",491,301,190
"S01003844",592,452,140
"S01003845",718,384,334
"S01003846",609,323,286
"S01003847",426,250,176
"S01003848",522,378,144
"S01003849",565,245,320
"S01003850",428,341,87
"S01003851",622,395,227
"S01003852",420,305,115
"S01003853",648,417,231
"S01003854",433,276,157
"S01003855",681,313,368
"S01003856",519,360,159
"S01003857",534,357,177
"S01003858",451,286,165
"S01003859",402,287,115
"S01003860",461,159,302
"S01003861",639,514,125
"S01003862",387,163,224
"S01003863",505,327,178
"S01003864",675,416,259
"S01003865",575,380,195
"S01003866",568,371,197
"S01003867",707,408,299
"S01003868",471,332,139
"S01003869",503,312,191
"S01003870",606,368,238
"S01003871",575,347,228
"S01003872",634,413,221
"S01003873",751,453,298
"S01003874",698,527,171
"S01003875",370,251,119
"S01003876",473,321,152
"S01003877",414,260,154
"S01003878",675,386,289
"S01003879",458,308,150
"S01003880",656,394,262
"S01003881",553,369,184
"S01003882",386,196,190
"S01003883",384,227,157
"S01003884",524,299,225
"S01003885",486,279,207
"S01003886",432,248,184
"S01003887",539,283,256
"S01003888",441,294,147
"S01003889",431,279,152
"S01003890",454,280,174
"S01003891",585,365,220
"S01003892",438,246,192
"S01003893",452,270,182
"S01003894",598,372,226
"S01003895",478,322,156
"S01003896",480,298,182
"S01003897",486,262,224
"S01003898",493,279,214
"S01003899",548,293,255
"S01003900",554,328,226
"S01003901",404,237,167
"S01003902",578,355,223
"S01003903",474,323,151
"S01003904",544,331,213
"S01003905",632,408,224
"S01003906",532,325,207
"S01003907",513,283,230
"S01003908",590,387,203
"S01003909",504,328,176
"S01003910",485,277,208
"S01003911",433,262,171
"S01003912",540,374,166
"S01003913",531,324,207
"S01003914",637,359,278
"S01003915",482,301,181
"S01003916",585,370,215
"S01003917",623,329,294
"S01003918",618,395,223
"S01003919",404,201,203
"S01003920",472,252,220
"S01003921",574,326,248
"S01003922",554,264,290
"S01003923",511,261,250
"S01003924",375,193,182
"S01003925",533,337,196
"S01003926",404,183,221
"S01003927",504,323,181
"S01003928",623,335,288
"S01003929",413,239,174
"S01003930",564,336,228
"S01003931",641,349,292
"S01003932",625,410,215
"S01003933",475,272,203
"S01003934",646,362,284
"S01003935",544,277,267
"S01003936",667,429,238
"S01003937",560,221,339
"S01003938",393,262,131
"S01003939",449,263,186
"S01003940",616,345,271
"S01003941",428,261,167
"S01003942",515,281,234
"S01003943",475,271,204
"S01003944",462,261,201
"S01003945",520,331,189
"S01003946",597,356,241
"S01003947",393,230,163
"S01003948",471,290,181
"S01003949",446,253,193
"S01003950",407,241,166
"S01003951",358,186,172
"S01003952",394,232,162
"S01003953",407,219,188
"S01003954",399,234,165
"S01003955",441,280,161
"S01003956",435,305,130
"S01003957",467,236,231
"S01003958",526,271,255
"S01003959",549,322,227
"S01003960",628,396,232
"S01003961",408,174,234
"S01003962",426,213,213
"S01003963",382,230,152
"S01003964",342,214,128
"S01003965",402,225,177
"S01003966",675,344,331
"S01003967",384,255,129
"S01003968",671,327,344
"S01003969",589,321,268
"S01003970",441,255,186
"S01003971",472,237,235
"S01003972",489,285,204
"S01003973",386,256,130
"S01003974",592,331,261
"S01003975",512,374,138
"S01003976",521,257,264
"S01003977",413,209,204
"S01003978",425,241,184
"S01003979",412,234,178
"S01003980",404,280,124
"S01003981",435,253,182
"S01003982",524,367,157
"S01003983",552,364,188
"S01003984",460,256,204
"S01003985",581,311,270
"S01003986",430,253,177
"S01003987",364,237,127
"S01003988",385,209,176
"S01003989",608,372,236
"S01003990",356,208,148
"S01003991",453,306,147
"S01003992",678,447,231
"S01003993",468,319,149
"S01003994",484,333,151
"S01003995",677,436,241
"S01003996",393,268,125
"S01003997",677,396,281
"S01003998",453,291,162
"S01003999",655,439,216
"S01004000",563,333,230
"S01004001",491,291,200
"S01004002",651,366,285
"S01004003",418,267,151
"S01004004",607,381,226
"S01004005",466,298,168
"S01004006",407,269,138
"S01004007",403,205,198
"S01004008",467,296,171
"S01004009",473,325,148
"S01004010",603,375,228
"S01004011",831,472,359
"S01004012",536,338,198
"S01004013",417,265,152
"S01004014",404,249,155
"S01004015",684,425,259
"S01004016",454,305,149
"S01004017",720,464,256
"S01004018",589,426,163
"S01004019",369,274,95
"S01004020",509,262,247
"S01004021",559,460,99
"S01004022",397,246,151
"S01004023",438,297,141
"S01004024",627,377,250
"S01004025",658,304,354
"S01004026",524,283,241
"S01004027",613,322,291
"S01004028",588,254,334
"S01004029",719,384,335
"S01004030",602,246,356
"S01004031",450,211,239
"S01004032",315,110,205
"S01004033",645,309,336
"S01004034",604,400,204
"S01004035",541,270,271
"S01004036",545,247,298
"S01004037",551,371,180
"S01004038",563,283,280
"S01004039",263,95,168
"S01004040",515,322,193
"S01004041",486,233,253
"S01004042",481,218,263
"S01004043",580,429,151
"S01004044",498,182,316
"S01004045",473,224,249
"S01004046",402,165,237
"S01004047",541,317,224
"S01004048",667,364,303
"S01004049",609,325,284
"S01004050",368,156,212
"S01004051",429,171,258
"S01004052",415,222,193
"S01004053",700,340,360
"S01004054",740,425,315
"S01004055",449,292,157
"S01004056",597,297,300
"S01004057",697,366,331
"S01004058",458,205,253
"S01004059",446,246,200
"S01004060",386,187,199
"S01004061",459,186,273
"S01004062",624,423,201
"S01004063",555,263,292
"S01004064",494,256,238
"S01004065",687,360,327
"S01004066",428,223,205
"S01004067",598,378,220
"S01004068",581,273,308
"S01004069",467,266,201
"S01004070",316,141,175
"S01004071",661,311,350
"S01004072",813,375,438
"S01004073",589,273,316
"S01004074",614,290,324
"S01004075",320,132,188
"S01004076",491,271,220
"S01004077",612,410,202
"S01004078",579,316,263
"S01004079",569,299,270
"S01004080",518,195,323
"S01004081",495,388,107
"S01004082",581,377,204
"S01004083",634,241,393
"S01004084",552,216,336
"S01004085",465,268,197
"S01004086",537,176,361
"S01004087",386,175,211
"S01004088",413,214,199
"S01004089",583,268,315
"S01004090",304,124,180
"S01004091",561,360,201
"S01004092",538,336,202
"S01004093",370,182,188
"S01004094",293,114,179
"S01004095",385,264,121
"S01004096",514,294,220
"S01004097",602,294,308
"S01004098",492,272,220
"S01004099",594,385,209
"S01004100",579,332,247
"S01004101",543,347,196
"S01004102",585,388,197
"S01004103",576,326,250
"S01004104",575,370,205
"S01004105",574,321,253
"S01004106",590,380,210
"S01004107",526,316,210
"S01004108",556,315,241
"S01004109",479,293,186
"S01004110",378,233,145
"S01004111",641,431,210
"S01004112",580,318,262
"S01004113",542,299,243
"S01004114",474,271,203
"S01004115",518,269,249
"S01004116",466,301,165
"S01004117",566,367,199
"S01004118",594,295,299
"S01004119",462,278,184
"S01004120",538,314,224
"S01004121",356,237,119
"S01004122",481,350,131
"S01004123",383,248,135
"S01004124",753,539,214
"S01004125",472,280,192
"S01004126",468,276,192
"S01004127",724,516,208
"S01004128",571,399,172
"S01004129",632,446,186
"S01004130",409,279,130
"S01004131",538,290,248
"S01004132",418,281,137
"S01004133",658,391,267
"S01004134",565,423,142
"S01004135",433,259,174
"S01004136",472,317,155
"S01004137",393,274,119
"S01004138",495,303,192
"S01004139",404,282,122
"S01004140",465,339,126
"S01004141",554,380,174
"S01004142",396,303,93
"S01004143",678,435,243
"S01004144",603,388,215
"S01004145",506,338,168
"S01004146",537,420,117
"S01004147",563,330,233
"S01004148",727,502,225
"S01004149",409,194,215
"S01004150",446,347,99
"S01004151",465,318,147
"S01004152",507,291,216
"S01004153",553,367,186
"S01004154",480,330,150
"S01004155",627,337,290
"S01004156",577,359,218
"S01004157",479,346,133
"S01004158",451,323,128
"S01004159",306,173,133
"S01004160",441,293,148
"S01004161",437,316,121
"S01004162",523,366,157
"S01004163",468,292,176
"S01004164",675,416,259
"S01004165",737,561,176
"S01004166",370,222,148
"S01004167",390,219,171
"S01004168",525,323,202
"S01004169",380,261,119
"S01004170",451,256,195
"S01004171",439,302,137
"S01004172",564,332,232
"S01004173",447,307,140
"S01004174",552,351,201
"S01004175",449,296,153
"S01004176",456,346,110
"S01004177",340,208,132
"S01004178",417,233,184
"S01004179",405,264,141
"S01004180",595,490,105
"S01004181",575,381,194
"S01004182",608,323,285
"S01004183",703,495,208
"S01004184",609,362,247
"S01004185",586,375,211
"S01004186",499,303,196
"S01004187",536,301,235
"S01004188",531,291,240
"S01004189",429,350,79
"S01004190",557,326,231
"S01004191",546,342,204
"S01004192",602,341,261
"S01004193",464,297,167
"S01004194",590,349,241
"S01004195",438,250,188
"S01004196",488,289,199
"S01004197",479,275,204
"S01004198",471,300,171
"S01004199",606,387,219
"S01004200",643,465,178
"S01004201",580,371,209
"S01004202",444,292,152
"S01004203",654,393,261
"S01004204",562,342,220
"S01004205",488,237,251
"S01004206",476,318,158
"S01004207",557,349,208
"S01004208",571,407,164
"S01004209",423,313,110
"S01004210",489,310,179
"S01004211",540,373,167
"S01004212",620,416,204
"S01004213",497,291,206
"S01004214",534,323,211
"S01004215",402,270,132
"S01004216",662,493,169
"S01004217",388,240,148
"S01004218",616,362,254
"S01004219",447,287,160
"S01004220",593,376,217
"S01004221",679,427,252
"S01004222",391,222,169
"S01004223",529,256,273
"S01004224",538,310,228
"S01004225",596,316,280
"S01004226",538,310,228
"S01004227",454,299,155
"S01004228",588,396,192
"S01004229",532,357,175
"S01004230",521,309,212
"S01004231",566,334,232
"S01004232",499,363,136
"S01004233",473,292,181
"S01004234",694,437,257
"S01004235",467,301,166
"S01004236",642,372,270
"S01004237",481,285,196
"S01004238",411,247,164
"S01004239",465,281,184
"S01004240",483,310,173
"S01004241",382,259,123
"S01004242",623,423,200
"S01004243",428,277,151
"S01004244",458,267,191
"S01004245",529,307,222
"S01004246",414,269,145
"S01004247",624,376,248
"S01004248",704,374,330
"S01004249",640,398,242
"S01004250",733,472,261
"S01004251",604,385,219
"S01004252",403,262,141
"S01004253",413,239,174
"S01004254",556,349,207
"S01004255",507,350,157
"S01004256",385,256,129
"S01004257",412,287,125
"S01004258",525,357,168
"S01004259",407,296,111
"S01004260",411,284,127
"S01004261",642,402,240
"S01004262",548,353,195
"S01004263",539,322,217
"S01004264",513,302,211
"S01004265",663,429,234
"S01004266",380,178,202
"S01004267",373,235,138
"S01004268",479,350,129
"S01004269",524,330,194
"S01004270",401,226,175
"S01004271",403,224,179
"S01004272",489,351,138
"S01004273",576,420,156
"S01004274",586,370,216
"S01004275",437,282,155
"S01004276",540,308,232
"S01004277",622,448,174
"S01004278",686,401,285
"S01004279",652,408,244
"S01004280",735,425,310
"S01004281",411,248,163
"S01004282",694,405,289
"S01004283",542,342,200
"S01004284",716,455,261
"S01004285",581,455,126
"S01004286",495,356,139
"S01004287",462,289,173
"S01004288",556,376,180
"S01004289",411,273,138
"S01004290",518,317,201
"S01004291",635,430,205
"S01004292",526,390,136
"S01004293",594,353,241
"S01004294",580,383,197
"S01004295",571,370,201
"S01004296",576,358,218
"S01004297",503,335,168
"S01004298",739,524,215
"S01004299",433,265,168
"S01004300",401,223,178
"S01004301",482,319,163
"S01004302",594,329,265
"S01004303",433,255,178
"S01004304",679,414,265
"S01004305",491,319,172
"S01004306",441,231,210
"S01004307",712,599,113
"S01004308",725,439,286
"S01004309",574,374,200
"S01004310",578,375,203
"S01004311",563,354,209
"S01004312",553,321,232
"S01004313",712,489,223
"S01004314",523,292,231
"S01004315",380,274,106
"S01004316",318,210,108
"S01004317",622,336,286
"S01004318",383,193,190
"S01004319",611,397,214
"S01004320",648,390,258
"S01004321",536,285,251
"S01004322",731,421,310
"S01004323",456,282,174
"S01004324",613,341,272
"S01004325",738,435,303
"S01004326",577,329,248
"S01004327",508,304,204
"S01004328",466,285,181
"S01004329",368,216,152
"S01004330",753,451,302
"S01004331",399,205,194
"S01004332",407,235,172
"S01004333",356,185,171
"S01004334",1348,934,414
"S01004335",371,200,171
"S01004336",733,430,303
"S01004337",564,378,186
"S01004338",506,320,186
"S01004339",653,418,235
"S01004340",408,255,153
"S01004341",437,291,146
"S01004342",557,439,118
"S01004343",359,233,126
"S01004344",581,352,229
"S01004345",631,400,231
"S01004346",410,240,170
"S01004347",572,370,202
"S01004348",458,305,153
"S01004349",594,378,216
"S01004350",400,235,165
"S01004351",353,180,173
"S01004352",434,224,210
"S01004353",658,388,270
"S01004354",425,269,156
"S01004355",421,240,181
"S01004356",728,421,307
"S01004357",585,413,172
"S01004358",626,418,208
"S01004359",390,222,168
"S01004360",426,204,222
"S01004361",451,274,177
"S01004362",395,152,243
"S01004363",740,253,487
"S01004364",617,315,302
"S01004365",547,296,251
"S01004366",478,265,213
"S01004367",623,369,254
"S01004368",402,158,244
"S01004369",585,388,197
"S01004370",560,337,223
"S01004371",543,298,245
"S01004372",711,459,252
"S01004373",397,185,212
"S01004374",448,231,217
"S01004375",518,324,194
"S01004376",670,391,279
"S01004377",578,341,237
"S01004378",710,375,335
"S01004379",673,366,307
"S01004380",502,186,316
"S01004381",590,341,249
"S01004382",519,234,285
"S01004383",589,309,280
"S01004384",504,247,257
"S01004385",626,410,216
"S01004386",669,386,283
"S01004387",733,375,358
"S01004388",567,183,384
"S01004389",467,281,186
"S01004390",626,316,310
"S01004391",460,298,162
"S01004392",659,368,291
"S01004393",703,345,358
"S01004394",589,251,338
"S01004395",384,171,213
"S01004396",587,311,276
"S01004397",678,520,158
"S01004398",628,357,271
"S01004399",367,146,221
"S01004400",430,257,173
"S01004401",783,538,245
"S01004402",674,328,346
"S01004403",382,211,171
"S01004404",468,339,129
"S01004405",517,304,213
"S01004406",585,205,380
"S01004407",465,187,278
"S01004408",427,312,115
"S01004409",471,283,188
"S01004410",699,381,318
"S01004411",480,250,230
"S01004412",685,361,324
"S01004413",592,244,348
"S01004414",525,204,321
"S01004415",469,195,274
"S01004416",510,274,236
"S01004417",537,198,339
"S01004418",697,322,375
"S01004419",652,336,316
"S01004420",569,303,266
"S01004421",519,164,355
"S01004422",420,206,214
"S01004423",578,283,295
"S01004424",487,198,289
"S01004425",467,269,198
"S01004426",433,204,229
"S01004427",549,205,344
"S01004428",526,239,287
"S01004429",554,200,354
"S01004430",353,176,177
"S01004431",556,213,343
"S01004432",665,305,360
"S01004433",743,322,421
"S01004434",610,306,304
"S01004435",469,257,212
"S01004436",579,321,258
"S01004437",665,339,326
"S01004438",482,236,246
"S01004439",475,239,236
"S01004440",530,242,288
"S01004441",620,391,229
"S01004442",670,272,398
"S01004443",480,194,286
"S01004444",610,265,345
"S01004445",455,220,235
"S01004446",561,295,266
"S01004447",535,294,241
"S01004448",494,351,143
"S01004449",650,280,370
"S01004450",657,255,402
"S01004451",604,240,364
"S01004452",550,363,187
"S01004453",767,531,236
"S01004454",669,346,323
"S01004455",586,297,289
"S01004456",438,345,93
"S01004457",616,296,320
"S01004458",591,271,320
"S01004459",446,223,223
"S01004460",527,356,171
"S01004461",480,294,186
"S01004462",480,340,140
"S01004463",598,348,250
"S01004464",586,243,343
"S01004465",557,370,187
"S01004466",725,394,331
"S01004467",704,320,384
"S01004468",571,418,153
"S01004469",445,186,259
"S01004470",404,303,101
"S01004471",445,281,164
"S01004472",569,336,233
"S01004473",756,452,304
"S01004474",703,300,403
"S01004475",388,263,125
"S01004476",499,284,215
"S01004477",642,398,244
"S01004478",454,254,200
"S01004479",502,332,170
"S01004480",718,359,359
"S01004481",409,199,210
"S01004482",673,306,367
"S01004483",476,231,245
"S01004484",748,509,239
"S01004485",402,256,146
"S01004486",698,464,234
"S01004487",705,408,297
"S01004488",565,301,264
"S01004489",614,457,157
"S01004490",530,351,179
"S01004491",563,279,284
"S01004492",700,374,326
"S01004493",755,414,341
"S01004494",661,310,351
"S01004495",485,244,241
"S01004496",453,254,199
"S01004497",602,309,293
"S01004498",427,285,142
"S01004499",532,330,202
"S01004500",563,301,262
"S01004501",427,280,147
"S01004502",575,308,267
"S01004503",541,209,332
"S01004504",508,229,279
"S01004505",427,215,212
"S01004506",397,220,177
"S01004507",543,283,260
"S01004508",460,237,223
"S01004509",568,399,169
"S01004510",546,266,280
"S01004511",590,291,299
"S01004512",625,331,294
"S01004513",357,178,179
"S01004514",405,268,137
"S01004515",542,291,251
"S01004516",383,210,173
"S01004517",522,280,242
"S01004518",494,293,201
"S01004519",606,308,298
"S01004520",558,293,265
"S01004521",598,316,282
"S01004522",447,249,198
"S01004523",487,253,234
"S01004524",474,228,246
"S01004525",540,337,203
"S01004526",556,337,219
"S01004527",417,214,203
"S01004528",627,320,307
"S01004529",594,358,236
"S01004530",385,318,67
"S01004531",562,315,247
"S01004532",460,194,266
"S01004533",311,101,210
"S01004534",480,238,242
"S01004535",564,316,248
"S01004536",520,290,230
"S01004537",636,297,339
"S01004538",577,282,295
"S01004539",488,206,282
"S01004540",553,337,216
"S01004541",587,291,296
"S01004542",436,312,124
"S01004543",569,309,260
"S01004544",739,396,343
"S01004545",529,268,261
"S01004546",688,315,373
"S01004547",644,317,327
"S01004548",563,283,280
"S01004549",629,306,323
"S01004550",546,229,317
"S01004551",701,411,290
"S01004552",529,198,331
"S01004553",408,238,170
"S01004554",464,293,171
"S01004555",530,326,204
"S01004556",503,242,261
"S01004557",316,239,77
"S01004558",733,363,370
"S01004559",746,349,397
"S01004560",409,178,231
"S01004561",737,326,411
"S01004562",399,221,178
"S01004563",605,310,295
"S01004564",416,253,163
"S01004565",522,376,146
"S01004566",503,389,114
"S01004567",369,167,202
"S01004568",496,260,236
"S01004569",475,151,324
"S01004570",544,390,154
"S01004571",496,250,246
"S01004572",558,317,241
"S01004573",454,230,224
"S01004574",379,261,118
"S01004575",535,313,222
"S01004576",451,352,99
"S01004577",465,277,188
"S01004578",744,513,231
"S01004579",468,188,280
"S01004580",652,298,354
"S01004581",810,435,375
"S01004582",464,270,194
"S01004583",549,256,293
"S01004584",436,184,252
"S01004585",479,237,242
"S01004586",810,522,288
"S01004587",700,249,451
"S01004588",500,236,264
"S01004589",568,345,223
"S01004590",525,263,262
"S01004591",442,221,221
"S01004592",467,210,257
"S01004593",673,442,231
"S01004594",419,187,232
"S01004595",693,428,265
"S01004596",514,229,285
"S01004597",448,324,124
"S01004598",506,240,266
"S01004599",445,246,199
"S01004600",651,280,371
"S01004601",624,299,325
"S01004602",743,447,296
"S01004603",719,318,401
"S01004604",358,183,175
"S01004605",751,310,441
"S01004606",556,292,264
"S01004607",497,268,229
"S01004608",458,248,210
"S01004609",418,203,215
"S01004610",536,238,298
"S01004611",937,420,517
"S01004612",528,227,301
"S01004613",597,397,200
"S01004614",588,312,276
"S01004615",605,305,300
"S01004616",602,405,197
"S01004617",485,205,280
"S01004618",430,168,262
"S01004619",408,194,214
"S01004620",575,335,240
"S01004621",712,437,275
"S01004622",601,337,264
"S01004623",726,464,262
"S01004624",795,351,444
"S01004625",608,302,306
"S01004626",473,198,275
"S01004627",465,332,133
"S01004628",389,145,244
"S01004629",740,545,195
"S01004630",709,428,281
"S01004631",604,288,316
"S01004632",710,347,363
"S01004633",413,268,145
"S01004634",714,523,191
"S01004635",568,247,321
"S01004636",507,235,272
"S01004637",397,220,177
"S01004638",447,207,240
"S01004639",513,236,277
"S01004640",581,275,306
"S01004641",503,315,188
"S01004642",703,336,367
"S01004643",346,147,199
"S01004644",554,300,254
"S01004645",708,321,387
"S01004646",580,308,272
"S01004647",1244,521,723
"S01004648",699,312,387
"S01004649",450,252,198
"S01004650",627,290,337
"S01004651",699,324,375
"S01004652",708,445,263
"S01004653",486,257,229
"S01004654",630,409,221
"S01004655",635,330,305
"S01004656",354,143,211
"S01004657",599,402,197
"S01004658",735,481,254
"S01004659",383,191,192
"S01004660",515,413,102
"S01004661",536,311,225
"S01004662",687,338,349
"S01004663",425,228,197
"S01004664",481,242,239
"S01004665",547,254,293
"S01004666",599,331,268
"S01004667",496,263,233
"S01004668",672,480,192
"S01004669",598,298,300
"S01004670",655,333,322
"S01004671",650,400,250
"S01004672",492,279,213
"S01004673",604,288,316
"S01004674",668,386,282
"S01004675",610,400,210
"S01004676",575,294,281
"S01004677",614,288,326
"S01004678",588,377,211
"S01004679",357,168,189
"S01004680",624,265,359
"S01004681",551,385,166
"S01004682",433,189,244
"S01004683",548,394,154
"S01004684",547,312,235
"S01004685",376,173,203
"S01004686",591,250,341
"S01004687",592,306,286
"S01004688",560,393,167
"S01004689",759,441,318
"S01004690",416,326,90
"S01004691",631,425,206
"S01004692",532,243,289
"S01004693",644,389,255
"S01004694",495,247,248
"S01004695",518,416,102
"S01004696",617,279,338
"S01004697",699,435,264
"S01004698",396,352,44
"S01004699",567,238,329
"S01004700",589,283,306
"S01004701",444,385,59
"S01004702",447,212,235
"S01004703",584,422,162
"S01004704",469,221,248
"S01004705",711,461,250
"S01004706",403,317,86
"S01004707",739,379,360
"S01004708",543,272,271
"S01004709",539,370,169
"S01004710",661,290,371
"S01004711",598,317,281
"S01004712",404,194,210
"S01004713",543,257,286
"S01004714",542,295,247
"S01004715",606,323,283
"S01004716",668,354,314
"S01004717",546,290,256
"S01004718",696,354,342
"S01004719",557,284,273
"S01004720",515,247,268
"S01004721",485,366,119
"S01004722",473,221,252
"S01004723",445,299,146
"S01004724",749,304,445
"S01004725",443,306,137
"S01004726",424,219,205
"S01004727",639,247,392
"S01004728",500,391,109
"S01004729",485,231,254
"S01004730",756,321,435
"S01004731",584,295,289
"S01004732",452,301,151
"S01004733",621,286,335
"S01004734",393,215,178
"S01004735",693,361,332
"S01004736",554,277,277
"S01004737",547,275,272
"S01004738",509,222,287
"S01004739",555,380,175
"S01004740",536,320,216
"S01004741",461,241,220
"S01004742",755,396,359
"S01004743",671,508,163
"S01004744",442,224,218
"S01004745",599,220,379
"S01004746",578,249,329
"S01004747",606,393,213
"S01004748",440,241,199
"S01004749",479,311,168
"S01004750",497,224,273
"S01004751",586,204,382
"S01004752",582,331,251
"S01004753",501,262,239
"S01004754",526,329,197
"S01004755",563,285,278
"S01004756",454,264,190
"S01004757",600,316,284
"S01004758",735,370,365
"S01004759",420,321,99
"S01004760",526,244,282
"S01004761",429,204,225
"S01004762",484,251,233
"S01004763",615,484,131
"S01004764",578,284,294
"S01004765",698,283,415
"S01004766",535,264,271
"S01004767",511,259,252
"S01004768",707,311,396
"S01004769",436,291,145
"S01004770",436,225,211
"S01004771",543,290,253
"S01004772",447,242,205
"S01004773",591,277,314
"S01004774",736,459,277
"S01004775",568,181,387
"S01004776",618,347,271
"S01004777",460,400,60
"S01004778",492,238,254
"S01004779",587,290,297
"S01004780",365,197,168
"S01004781",603,331,272
"S01004782",550,300,250
"S01004783",723,456,267
"S01004784",541,331,210
"S01004785",474,239,235
"S01004786",367,207,160
"S01004787",811,489,322
"S01004788",563,379,184
"S01004789",734,384,350
"S01004790",542,388,154
"S01004791",479,359,120
"S01004792",543,376,167
"S01004793",707,499,208
"S01004794",533,278,255
"S01004795",681,328,353
"S01004796",558,324,234
"S01004797",511,280,231
"S01004798",654,293,361
"S01004799",432,206,226
"S01004800",486,235,251
"S01004801",544,260,284
"S01004802",691,357,334
"S01004803",578,297,281
"S01004804",691,288,403
"S01004805",467,181,286
"S01004806",409,200,209
"S01004807",376,157,219
"S01004808",525,233,292
"S01004809",371,217,154
"S01004810",444,208,236
"S01004811",463,221,242
"S01004812",579,259,320
"S01004813",669,350,319
"S01004814",698,352,346
"S01004815",530,322,208
"S01004816",563,245,318
"S01004817",410,176,234
"S01004818",605,277,328
"S01004819",464,243,221
"S01004820",872,366,506
"S01004821",706,420,286
"S01004822",525,239,286
"S01004823",587,268,319
"S01004824",615,400,215
"S01004825",473,212,261
"S01004826",549,259,290
"S01004827",500,236,264
"S01004828",747,482,265
"S01004829",556,246,310
"S01004830",547,232,315
"S01004831",691,462,229
"S01004832",492,303,189
"S01004833",619,322,297
"S01004834",583,306,277
"S01004835",521,315,206
"S01004836",529,365,164
"S01004837",622,326,296
"S01004838",706,408,298
"S01004839",657,378,279
"S01004840",515,249,266
"S01004841",636,293,343
"S01004842",432,313,119
"S01004843",484,243,241
"S01004844",653,349,304
"S01004845",583,307,276
"S01004846",548,322,226
"S01004847",683,444,239
"S01004848",559,346,213
"S01004849",446,264,182
"S01004850",616,370,246
"S01004851",465,230,235
"S01004852",507,188,319
"S01004853",564,330,234
"S01004854",713,495,218
"S01004855",460,211,249
"S01004856",540,306,234
"S01004857",708,417,291
"S01004858",718,470,248
"S01004859",676,551,125
"S01004860",372,295,77
"S01004861",673,443,230
"S01004862",508,391,117
"S01004863",830,562,268
"S01004864",480,326,154
"S01004865",546,319,227
"S01004866",688,422,266
"S01004867",658,431,227
"S01004868",571,274,297
"S01004869",705,505,200
"S01004870",716,461,255
"S01004871",583,365,218
"S01004872",647,368,279
"S01004873",624,367,257
"S01004874",632,364,268
"S01004875",579,344,235
"S01004876",796,498,298
"S01004877",606,374,232
"S01004878",557,335,222
"S01004879",531,287,244
"S01004880",497,251,246
"S01004881",610,357,253
"S01004882",409,231,178
"S01004883",546,395,151
"S01004884",439,356,83
"S01004885",449,240,209
"S01004886",629,359,270
"S01004887",312,203,109
"S01004888",461,385,76
"S01004889",692,399,293
"S01004890",541,320,221
"S01004891",711,335,376
"S01004892",582,401,181
"S01004893",551,249,302
"S01004894",557,256,301
"S01004895",643,340,303
"S01004896",731,459,272
"S01004897",457,335,122
"S01004898",779,499,280
"S01004899",547,327,220
"S01004900",560,388,172
"S01004901",566,332,234
"S01004902",590,306,284
"S01004903",485,340,145
"S01004904",784,404,380
"S01004905",809,497,312
"S01004906",634,388,246
"S01004907",576,411,165
"S01004908",513,314,199
"S01004909",718,446,272
"S01004910",680,423,257
"S01004911",536,435,101
"S01004912",559,331,228
"S01004913",493,228,265
"S01004914",444,355,89
"S01004915",442,246,196
"S01004916",597,314,283
"S01004917",401,326,75
"S01004918",456,354,102
"S01004919",379,212,167
"S01004920",742,458,284
"S01004921",534,305,229
"S01004922",501,396,105
"S01004923",571,387,184
"S01004924",675,431,244
"S01004925",407,256,151
"S01004926",668,471,197
"S01004927",748,580,168
"S01004928",485,375,110
"S01004929",535,399,136
"S01004930",468,239,229
"S01004931",665,335,330
"S01004932",532,296,236
"S01004933",633,365,268
"S01004934",496,272,224
"S01004935",450,293,157
"S01004936",631,341,290
"S01004937",371,155,216
"S01004938",561,270,291
"S01004939",435,238,197
"S01004940",417,248,169
"S01004941",456,270,186
"S01004942",793,531,262
"S01004943",636,377,259
"S01004944",409,255,154
"S01004945",443,274,169
"S01004946",433,289,144
"S01004947",478,345,133
"S01004948",418,273,145
"S01004949",429,305,124
"S01004950",373,274,99
"S01004951",464,294,170
"S01004952",672,481,191
"S01004953",659,426,233
"S01004954",535,363,172
"S01004955",482,300,182
"S01004956",487,304,183
"S01004957",476,340,136
"S01004958",590,356,234
"S01004959",445,297,148
"S01004960",411,234,177
"S01004961",474,328,146
"S01004962",420,285,135
"S01004963",392,247,145
"S01004964",716,502,214
"S01004965",596,388,208
"S01004966",579,397,182
"S01004967",396,264,132
"S01004968",414,258,156
"S01004969",653,389,264
"S01004970",538,394,144
"S01004971",707,431,276
"S01004972",530,326,204
"S01004973",610,390,220
"S01004974",668,426,242
"S01004975",564,358,206
"S01004976",538,325,213
"S01004977",713,424,289
"S01004978",711,497,214
"S01004979",656,432,224
"S01004980",768,519,249
"S01004981",704,489,215
"S01004982",468,322,146
"S01004983",651,390,261
"S01004984",584,379,205
"S01004985",536,352,184
"S01004986",432,286,146
"S01004987",378,272,106
"S01004988",389,280,109
"S01004989",508,339,169
"S01004990",378,264,114
"S01004991",416,281,135
"S01004992",628,389,239
"S01004993",471,260,211
"S01004994",556,330,226
"S01004995",626,408,218
"S01004996",475,327,148
"S01004997",635,430,205
"S01004998",587,410,177
"S01004999",578,368,210
"S01005000",439,285,154
"S01005001",736,496,240
"S01005002",504,251,253
"S01005003",659,444,215
"S01005004",410,270,140
"S01005005",659,401,258
"S01005006",379,250,129
"S01005007",582,288,294
"S01005008",903,501,402
"S01005009",481,311,170
"S01005010",428,266,162
"S01005011",389,207,182
"S01005012",509,330,179
"S01005013",481,297,184
"S01005014",589,329,260
"S01005015",454,292,162
"S01005016",514,323,191
"S01005017",524,333,191
"S01005018",443,274,169
"S01005019",806,368,438
"S01005020",601,333,268
"S01005021",592,346,246
"S01005022",482,289,193
"S01005023",453,300,153
"S01005024",586,343,243
"S01005025",478,307,171
"S01005026",430,260,170
"S01005027",545,378,167
"S01005028",409,253,156
"S01005029",735,572,163
"S01005030",704,450,254
"S01005031",542,346,196
"S01005032",618,392,226
"S01005033",544,379,165
"S01005034",638,414,224
"S01005035",702,480,222
"S01005036",361,210,151
"S01005037",805,503,302
"S01005038",628,422,206
"S01005039",783,464,319
"S01005040",699,411,288
"S01005041",498,322,176
"S01005042",609,371,238
"S01005043",512,285,227
"S01005044",704,489,215
"S01005045",619,442,177
"S01005046",765,479,286
"S01005047",680,441,239
"S01005048",454,239,215
"S01005049",585,356,229
"S01005050",666,368,298
"S01005051",668,495,173
"S01005052",512,336,176
"S01005053",594,339,255
"S01005054",401,231,170
"S01005055",572,333,239
"S01005056",542,346,196
"S01005057",519,291,228
"S01005058",500,305,195
"S01005059",393,246,147
"S01005060",494,263,231
"S01005061",666,417,249
"S01005062",364,233,131
"S01005063",412,320,92
"S01005064",573,361,212
"S01005065",655,427,228
"S01005066",544,255,289
"S01005067",354,220,134
"S01005068",502,295,207
"S01005069",452,257,195
"S01005070",622,376,246
"S01005071",181,89,92
"S01005072",459,289,170
"S01005073",468,274,194
"S01005074",563,380,183
"S01005075",295,138,157
"S01005076",573,349,224
"S01005077",510,438,72
"S01005078",520,343,177
"S01005079",504,319,185
"S01005080",332,202,130
"S01005081",502,327,175
"S01005082",521,349,172
"S01005083",690,421,269
"S01005084",471,302,169
"S01005085",439,305,134
"S01005086",517,308,209
"S01005087",361,215,146
"S01005088",432,247,185
"S01005089",560,335,225
"S01005090",623,389,234
"S01005091",512,310,202
"S01005092",498,287,211
"S01005093",611,433,178
"S01005094",409,270,139
"S01005095",762,455,307
"S01005096",436,316,120
"S01005097",551,326,225
"S01005098",443,271,172
"S01005099",593,359,234
"S01005100",403,285,118
"S01005101",631,405,226
"S01005102",734,466,268
"S01005103",794,481,313
"S01005104",700,395,305
"S01005105",597,401,196
"S01005106",393,248,145
"S01005107",331,245,86
"S01005108",416,283,133
"S01005109",713,483,230
"S01005110",779,502,277
"S01005111",365,240,125
"S01005112",650,439,211
"S01005113",772,471,301
"S01005114",655,398,257
"S01005115",644,378,266
"S01005116",487,313,174
"S01005117",491,295,196
"S01005118",530,323,207
"S01005119",497,277,220
"S01005120",475,259,216
"S01005121",578,375,203
"S01005122",556,321,235
"S01005123",530,292,238
"S01005124",523,304,219
"S01005125",541,320,221
"S01005126",424,270,154
"S01005127",422,213,209
"S01005128",575,354,221
"S01005129",618,381,237
"S01005130",458,230,228
"S01005131",567,349,218
"S01005132",481,301,180
"S01005133",281,200,81
"S01005134",674,363,311
"S01005135",500,306,194
"S01005136",549,369,180
"S01005137",684,418,266
"S01005138",780,476,304
"S01005139",493,345,148
"S01005140",505,289,216
"S01005141",637,368,269
"S01005142",453,274,179
"S01005143",718,448,270
"S01005144",800,507,293
"S01005145",563,363,200
"S01005146",502,334,168
"S01005147",678,471,207
"S01005148",451,313,138
"S01005149",417,256,161
"S01005150",481,308,173
"S01005151",497,285,212
"S01005152",565,395,170
"S01005153",596,450,146
"S01005154",462,316,146
"S01005155",552,366,186
"S01005156",508,254,254
"S01005157",680,347,333
"S01005158",586,373,213
"S01005159",731,410,321
"S01005160",749,392,357
"S01005161",691,499,192
"S01005162",725,363,362
"S01005163",428,219,209
"S01005164",701,390,311
"S01005165",575,303,272
"S01005166",739,343,396
"S01005167",488,260,228
"S01005168",496,372,124
"S01005169",475,327,148
"S01005170",619,381,238
"S01005171",611,307,304
"S01005172",809,497,312
"S01005173",498,342,156
"S01005174",542,240,302
"S01005175",513,334,179
"S01005176",511,247,264
"S01005177",674,344,330
"S01005178",682,353,329
"S01005179",728,529,199
"S01005180",726,531,195
"S01005181",660,474,186
"S01005182",570,292,278
"S01005183",669,335,334
"S01005184",518,212,306
"S01005185",399,199,200
"S01005186",546,248,298
"S01005187",691,343,348
"S01005188",799,526,273
"S01005189",612,276,336
"S01005190",692,429,263
"S01005191",631,322,309
"S01005192",581,406,175
"S01005193",623,386,237
"S01005194",460,236,224
"S01005195",791,538,253
"S01005196",537,280,257
"S01005197",586,308,278
"S01005198",717,446,271
"S01005199",660,345,315
"S01005200",503,362,141
"S01005201",651,360,291
"S01005202",700,368,332
"S01005203",598,380,218
"S01005204",443,325,118
"S01005205",685,486,199
"S01005206",690,425,265
"S01005207",685,272,413
"S01005208",370,191,179
"S01005209",618,314,304
"S01005210",674,253,421
"S01005211",548,235,313
"S01005212",485,332,153
"S01005213",702,418,284
"S01005214",582,313,269
"S01005215",634,306,328
"S01005216",413,226,187
"S01005217",594,434,160
"S01005218",637,299,338
"S01005219",629,305,324
"S01005220",506,339,167
"S01005221",545,325,220
"S01005222",470,246,224
"S01005223",544,311,233
"S01005224",549,442,107
"S01005225",712,430,282
"S01005226",413,233,180
"S01005227",633,342,291
"S01005228",950,532,418
"S01005229",657,416,241
"S01005230",564,323,241
"S01005231",587,454,133
"S01005232",652,295,357
"S01005233",393,196,197
"S01005234",801,556,245
"S01005235",439,292,147
"S01005236",693,472,221
"S01005237",705,412,293
"S01005238",607,341,266
"S01005239",735,400,335
"S01005240",633,309,324
"S01005241",717,424,293
"S01005242",662,337,325
"S01005243",585,287,298
"S01005244",685,430,255
"S01005245",550,293,257
"S01005246",738,383,355
"S01005247",431,108,323
"S01005248",429,228,201
"S01005249",637,420,217
"S01005250",610,348,262
"S01005251",648,378,270
"S01005252",409,199,210
"S01005253",415,325,90
"S01005254",679,388,291
"S01005255",412,148,264
"S01005256",541,411,130
"S01005257",719,444,275
"S01005258",785,522,263
"S01005259",468,253,215
"S01005260",498,214,284
"S01005261",363,168,195
"S01005262",728,454,274
"S01005263",346,135,211
"S01005264",545,242,303
"S01005265",351,164,187
"S01005266",651,282,369
"S01005267",672,322,350
"S01005268",737,441,296
"S01005269",489,253,236
"S01005270",756,451,305
"S01005271",437,287,150
"S01005272",431,125,306
"S01005273",617,395,222
"S01005274",523,246,277
"S01005275",400,228,172
"S01005276",491,231,260
"S01005277",470,285,185
"S01005278",669,351,318
"S01005279",405,238,167
"S01005280",553,275,278
"S01005281",650,365,285
"S01005282",549,283,266
"S01005283",578,410,168
"S01005284",523,260,263
"S01005285",517,325,192
"S01005286",547,336,211
"S01005287",605,379,226
"S01005288",622,271,351
"S01005289",610,391,219
"S01005290",442,247,195
"S01005291",546,422,124
"S01005292",529,232,297
"S01005293",612,308,304
"S01005294",464,303,161
"S01005295",436,248,188
"S01005296",631,458,173
"S01005297",521,297,224
"S01005298",765,556,209
"S01005299",468,318,150
"S01005300",711,527,184
"S01005301",650,477,173
"S01005302",776,452,324
"S01005303",561,313,248
"S01005304",578,405,173
"S01005305",631,360,271
"S01005306",705,564,141
"S01005307",678,481,197
"S01005308",383,177,206
"S01005309",710,410,300
"S01005310",762,364,398
"S01005311",737,544,193
"S01005312",477,338,139
"S01005313",735,527,208
"S01005314",426,282,144
"S01005315",448,194,254
"S01005316",696,423,273
"S01005317",463,339,124
"S01005318",383,185,198
"S01005319",534,376,158
"S01005320",495,294,201
"S01005321",461,257,204
"S01005322",629,460,169
"S01005323",519,274,245
"S01005324",579,350,229
"S01005325",581,365,216
"S01005326",670,342,328
"S01005327",468,285,183
"S01005328",523,321,202
"S01005329",409,271,138
"S01005330",523,270,253
"S01005331",540,289,251
"S01005332",377,237,140
"S01005333",655,463,192
"S01005334",518,359,159
"S01005335",429,267,162
"S01005336",462,299,163
"S01005337",708,508,200
"S01005338",394,315,79
"S01005339",573,366,207
"S01005340",414,321,93
"S01005341",501,301,200
"S01005342",597,374,223
"S01005343",681,511,170
"S01005344",557,317,240
"S01005345",523,381,142
"S01005346",607,446,161
"S01005347",571,435,136
"S01005348",650,442,208
"S01005349",666,491,175
"S01005350",574,397,177
"S01005351",612,370,242
"S01005352",647,395,252
"S01005353",765,435,330
"S01005354",735,522,213
"S01005355",553,309,244
"S01005356",558,352,206
"S01005357",497,274,223
"S01005358",631,357,274
"S01005359",752,533,219
"S01005360",709,494,215
"S01005361",700,466,234
"S01005362",510,274,236
"S01005363",492,309,183
"S01005364",659,428,231
"S01005365",504,312,192
"S01005366",567,370,197
"S01005367",564,317,247
"S01005368",495,301,194
"S01005369",761,451,310
"S01005370",632,403,229
"S01005371",773,515,258
"S01005372",608,398,210
"S01005373",500,297,203
"S01005374",678,454,224
"S01005375",737,429,308
"S01005376",713,447,266
"S01005377",653,375,278
"S01005378",532,267,265
"S01005379",720,477,243
"S01005380",487,277,210
"S01005381",481,253,228
"S01005382",490,197,293
"S01005383",487,336,151
"S01005384",632,422,210
"S01005385",594,416,178
"S01005386",461,283,178
"S01005387",716,449,267
"S01005388",543,338,205
"S01005389",537,330,207
"S01005390",583,389,194
"S01005391",525,341,184
"S01005392",661,446,215
"S01005393",594,405,189
"S01005394",617,414,203
"S01005395",632,441,191
"S01005396",498,343,155
"S01005397",422,235,187
"S01005398",725,502,223
"S01005399",655,424,231
"S01005400",660,376,284
"S01005401",657,408,249
"S01005402",696,491,205
"S01005403",669,441,228
"S01005404",624,400,224
"S01005405",377,232,145
"S01005406",386,232,154
"S01005407",706,434,272
"S01005408",409,270,139
"S01005409",483,329,154
"S01005410",549,371,178
"S01005411",668,446,222
"S01005412",648,444,204
"S01005413",615,400,215
"S01005414",637,396,241
"S01005415",524,355,169
"S01005416",650,351,299
"S01005417",558,367,191
"S01005418",598,329,269
"S01005419",522,329,193
"S01005420",626,431,195
"S01005421",677,490,187
"S01005422",673,318,355
"S01005423",697,533,164
"S01005424",581,378,203
"S01005425",676,289,387
"S01005426",533,304,229
"S01005427",553,326,227
"S01005428",719,449,270
"S01005429",514,286,228
"S01005430",480,325,155
"S01005431",530,318,212
"S01005432",576,390,186
"S01005433",650,426,224
"S01005434",514,333,181
"S01005435",568,343,225
"S01005436",656,438,218
"S01005437",700,495,205
"S01005438",596,375,221
"S01005439",486,280,206
"S01005440",665,462,203
"S01005441",668,441,227
"S01005442",658,449,209
"S01005443",696,444,252
"S01005444",677,462,215
"S01005445",655,441,214
"S01005446",552,338,214
"S01005447",598,389,209
"S01005448",697,473,224
"S01005449",627,450,177
"S01005450",654,386,268
"S01005451",684,426,258
"S01005452",631,375,256
"S01005453",613,375,238
"S01005454",568,398,170
"S01005455",650,438,212
"S01005456",577,411,166
"S01005457",656,401,255
"S01005458",588,370,218
"S01005459",609,455,154
"S01005460",586,385,201
"S01005461",525,329,196
"S01005462",727,474,253
"S01005463",383,258,125
"S01005464",411,262,149
"S01005465",398,277,121
"S01005466",627,465,162
"S01005467",387,261,126
"S01005468",639,443,196
"S01005469",626,392,234
"S01005470",462,291,171
"S01005471",528,403,125
"S01005472",589,413,176
"S01005473",558,350,208
"S01005474",574,307,267
"S01005475",592,386,206
"S01005476",680,482,198
"S01005477",655,447,208
"S01005478",612,368,244
"S01005479",381,242,139
"S01005480",603,379,224
"S01005481",449,255,194
"S01005482",442,288,154
"S01005483",519,325,194
"S01005484",403,228,175
"S01005485",555,315,240
"S01005486",625,348,277
"S01005487",465,265,200
"S01005488",634,395,239
"S01005489",680,433,247
"S01005490",421,228,193
"S01005491",679,437,242
"S01005492",684,472,212
"S01005493",472,356,116
"S01005494",483,362,121
"S01005495",461,337,124
"S01005496",713,535,178
"S01005497",421,325,96
"S01005498",644,439,205
"S01005499",480,333,147
"S01005500",565,420,145
"S01005501",597,436,161
"S01005502",634,402,232
"S01005503",419,286,133
"S01005504",467,316,151
"S01005505",463,315,148
"S01005506",611,432,179
"S01005507",384,264,120
"S01005508",607,423,184
"S01005509",379,313,66
"S01005510",436,349,87
"S01005511",408,294,114
"S01005512",443,322,121
"S01005513",485,358,127
"S01005514",413,295,118
"S01005515",398,272,126
"S01005516",377,256,121
"S01005517",632,438,194
"S01005518",684,501,183
"S01005519",465,305,160
"S01005520",689,442,247
"S01005521",578,399,179
"S01005522",460,259,201
"S01005523",669,388,281
"S01005524",527,303,224
"S01005525",550,278,272
"S01005526",524,272,252
"S01005527",379,181,198
"S01005528",377,180,197
"S01005529",653,362,291
"S01005530",466,179,287
"S01005531",417,255,162
"S01005532",574,325,249
"S01005533",552,281,271
"S01005534",486,272,214
"S01005535",621,348,273
"S01005536",675,448,227
"S01005537",526,303,223
"S01005538",647,417,230
"S01005539",705,416,289
"S01005540",596,306,290
"S01005541",470,244,226
"S01005542",549,311,238
"S01005543",531,310,221
"S01005544",525,274,251
"S01005545",614,374,240
"S01005546",500,302,198
"S01005547",533,314,219
"S01005548",745,389,356
"S01005549",700,430,270
"S01005550",447,249,198
"S01005551",707,381,326
"S01005552",635,369,266
"S01005553",622,336,286
"S01005554",537,316,221
"S01005555",475,283,192
"S01005556",396,208,188
"S01005557",600,365,235
"S01005558",563,308,255
"S01005559",516,303,213
"S01005560",505,293,212
"S01005561",638,418,220
"S01005562",671,305,366
"S01005563",620,293,327
"S01005564",580,333,247
"S01005565",453,271,182
"S01005566",385,222,163
"S01005567",760,368,392
"S01005568",436,227,209
"S01005569",534,354,180
"S01005570",587,352,235
"S01005571",545,383,162
"S01005572",543,340,203
"S01005573",506,296,210
"S01005574",593,355,238
"S01005575",573,383,190
"S01005576",580,304,276
"S01005577",589,338,251
"S01005578",687,349,338
"S01005579",626,423,203
"S01005580",374,185,189
"S01005581",530,265,265
"S01005582",586,334,252
"S01005583",463,242,221
"S01005584",442,275,167
"S01005585",559,272,287
"S01005586",553,276,277
"S01005587",754,370,384
"S01005588",463,209,254
"S01005589",669,366,303
"S01005590",587,221,366
"S01005591",677,356,321
"S01005592",333,147,186
"S01005593",621,286,335
"S01005594",650,288,362
"S01005595",583,238,345
"S01005596",399,168,231
"S01005597",759,396,363
"S01005598",685,333,352
"S01005599",393,195,198
"S01005600",507,174,333
"S01005601",516,275,241
"S01005602",529,234,295
"S01005603",395,217,178
"S01005604",379,175,204
"S01005605",755,447,308
"S01005606",474,279,195
"S01005607",484,303,181
"S01005608",694,463,231
"S01005609",574,372,202
"S01005610",425,265,160
"S01005611",493,189,304
"S01005612",589,481,108
"S01005613",551,276,275
"S01005614",589,337,252
"S01005615",716,379,337
"S01005616",461,281,180
"S01005617",708,349,359
"S01005618",400,200,200
"S01005619",447,338,109
"S01005620",344,193,151
"S01005621",493,266,227
"S01005622",665,369,296
"S01005623",587,335,252
"S01005624",652,383,269
"S01005625",647,380,267
"S01005626",576,326,250
"S01005627",523,274,249
"S01005628",670,352,318
"S01005629",569,329,240
"S01005630",413,242,171
"S01005631",569,327,242
"S01005632",373,207,166
"S01005633",523,300,223
"S01005634",583,371,212
"S01005635",574,365,209
"S01005636",635,387,248
"S01005637",774,492,282
"S01005638",614,341,273
"S01005639",542,284,258
"S01005640",391,228,163
"S01005641",655,420,235
"S01005642",463,269,194
"S01005643",439,244,195
"S01005644",444,253,191
"S01005645",618,370,248
"S01005646",596,317,279
"S01005647",491,287,204
"S01005648",673,330,343
"S01005649",651,384,267
"S01005650",433,226,207
"S01005651",600,341,259
"S01005652",528,342,186
"S01005653",647,365,282
"S01005654",559,324,235
"S01005655",659,395,264
"S01005656",396,186,210
"S01005657",429,244,185
"S01005658",663,429,234
"S01005659",679,420,259
"S01005660",485,268,217
"S01005661",494,355,139
"S01005662",463,316,147
"S01005663",487,268,219
"S01005664",425,303,122
"S01005665",384,244,140
"S01005666",654,334,320
"S01005667",588,337,251
"S01005668",614,358,256
"S01005669",454,271,183
"S01005670",496,292,204
"S01005671",389,257,132
"S01005672",607,291,316
"S01005673",469,304,165
"S01005674",661,408,253
"S01005675",668,297,371
"S01005676",643,340,303
"S01005677",649,439,210
"S01005678",622,406,216
"S01005679",570,326,244
"S01005680",553,345,208
"S01005681",612,371,241
"S01005682",482,299,183
"S01005683",644,308,336
"S01005684",711,348,363
"S01005685",496,338,158
"S01005686",433,298,135
"S01005687",406,281,125
"S01005688",584,377,207
"S01005689",389,283,106
"S01005690",572,372,200
"S01005691",476,296,180
"S01005692",459,289,170
"S01005693",595,388,207
"S01005694",439,203,236
"S01005695",399,241,158
"S01005696",464,274,190
"S01005697",482,228,254
"S01005698",440,281,159
"S01005699",603,344,259
"S01005700",405,284,121
"S01005701",521,247,274
"S01005702",506,266,240
"S01005703",502,330,172
"S01005704",456,252,204
"S01005705",424,263,161
"S01005706",585,361,224
"S01005707",403,233,170
"S01005708",541,299,242
"S01005709",584,327,257
"S01005710",316,217,99
"S01005711",637,411,226
"S01005712",449,237,212
"S01005713",493,274,219
"S01005714",595,374,221
"S01005715",605,362,243
"S01005716",483,264,219
"S01005717",424,284,140
"S01005718",597,341,256
"S01005719",407,228,179
"S01005720",515,335,180
"S01005721",557,274,283
"S01005722",405,273,132
"S01005723",485,307,178
"S01005724",511,361,150
"S01005725",479,309,170
"S01005726",677,432,245
"S01005727",438,280,158
"S01005728",569,347,222
"S01005729",450,248,202
"S01005730",552,313,239
"S01005731",419,209,210
"S01005732",625,334,291
"S01005733",552,373,179
"S01005734",503,314,189
"S01005735",580,426,154
"S01005736",535,336,199
"S01005737",566,319,247
"S01005738",603,313,290
"S01005739",796,358,438
"S01005740",562,385,177
"S01005741",730,445,285
"S01005742",517,317,200
"S01005743",457,362,95
"S01005744",624,321,303
"S01005745",725,360,365
"S01005746",639,411,228
"S01005747",684,427,257
"S01005748",347,150,197
"S01005749",675,439,236
"S01005750",615,336,279
"S01005751",603,367,236
"S01005752",598,253,345
"S01005753",534,314,220
"S01005754",684,432,252
"S01005755",593,260,333
"S01005756",610,323,287
"S01005757",448,169,279
"S01005758",624,348,276
"S01005759",591,283,308
"S01005760",468,310,158
"S01005761",500,327,173
"S01005762",607,279,328
"S01005763",620,424,196
"S01005764",463,212,251
"S01005765",644,315,329
"S01005766",502,310,192
"S01005767",566,407,159
"S01005768",643,344,299
"S01005769",587,296,291
"S01005770",411,212,199
"S01005771",633,413,220
"S01005772",562,352,210
"S01005773",666,487,179
"S01005774",543,308,235
"S01005775",647,327,320
"S01005776",559,343,216
"S01005777",460,266,194
"S01005778",552,284,268
"S01005779",543,370,173
"S01005780",500,372,128
"S01005781",641,392,249
"S01005782",596,287,309
"S01005783",404,248,156
"S01005784",355,280,75
"S01005785",606,444,162
"S01005786",494,277,217
"S01005787",563,417,146
"S01005788",375,186,189
"S01005789",681,453,228
"S01005790",481,310,171
"S01005791",382,264,118
"S01005792",607,371,236
"S01005793",449,307,142
"S01005794",762,498,264
"S01005795",563,355,208
"S01005796",368,234,134
"S01005797",578,466,112
"S01005798",476,288,188
"S01005799",578,358,220
"S01005800",525,309,216
"S01005801",523,305,218
"S01005802",495,343,152
"S01005803",496,293,203
"S01005804",499,284,215
"S01005805",430,316,114
"S01005806",515,234,281
"S01005807",665,399,266
"S01005808",573,364,209
"S01005809",447,283,164
"S01005810",384,229,155
"S01005811",455,278,177
"S01005812",466,359,107
"S01005813",649,414,235
"S01005814",516,266,250
"S01005815",739,420,319
"S01005816",587,304,283
"S01005817",402,317,85
"S01005818",526,417,109
"S01005819",512,277,235
"S01005820",528,333,195
"S01005821",372,221,151
"S01005822",668,445,223
"S01005823",488,295,193
"S01005824",541,392,149
"S01005825",555,302,253
"S01005826",759,553,206
"S01005827",608,446,162
"S01005828",574,320,254
"S01005829",616,383,233
"S01005830",753,414,339
"S01005831",747,447,300
"S01005832",591,302,289
"S01005833",538,341,197
"S01005834",456,264,192
"S01005835",553,408,145
"S01005836",536,384,152
"S01005837",381,283,98
"S01005838",552,301,251
"S01005839",639,410,229
"S01005840",601,336,265
"S01005841",509,291,218
"S01005842",466,244,222
"S01005843",428,296,132
"S01005844",582,388,194
"S01005845",424,271,153
"S01005846",649,369,280
"S01005847",574,296,278
"S01005848",501,284,217
"S01005849",613,323,290
"S01005850",535,253,282
"S01005851",564,289,275
"S01005852",460,301,159
"S01005853",733,407,326
"S01005854",636,307,329
"S01005855",706,329,377
"S01005856",550,313,237
"S01005857",508,281,227
"S01005858",621,373,248
"S01005859",596,414,182
"S01005860",589,321,268
"S01005861",438,347,91
"S01005862",623,409,214
"S01005863",694,395,299
"S01005864",671,345,326
"S01005865",577,253,324
"S01005866",545,340,205
"S01005867",748,490,258
"S01005868",574,370,204
"S01005869",552,230,322
"S01005870",566,276,290
"S01005871",547,332,215
"S01005872",604,348,256
"S01005873",768,419,349
"S01005874",601,236,365
"S01005875",585,412,173
"S01005876",699,415,284
"S01005877",624,335,289
"S01005878",536,419,117
"S01005879",540,315,225
"S01005880",585,247,338
"S01005881",574,292,282
"S01005882",457,268,189
"S01005883",378,212,166
"S01005884",632,341,291
"S01005885",512,325,187
"S01005886",614,413,201
"S01005887",376,202,174
"S01005888",469,246,223
"S01005889",580,291,289
"S01005890",604,438,166
"S01005891",484,222,262
"S01005892",548,249,299
"S01005893",587,346,241
"S01005894",477,270,207
"S01005895",529,339,190
"S01005896",526,324,202
"S01005897",588,330,258
"S01005898",539,342,197
"S01005899",531,292,239
"S01005900",522,298,224
"S01005901",569,409,160
"S01005902",688,414,274
"S01005903",706,377,329
"S01005904",581,358,223
"S01005905",544,376,168
"S01005906",693,379,314
"S01005907",581,319,262
"S01005908",633,381,252
"S01005909",394,242,152
"S01005910",553,400,153
"S01005911",748,434,314
"S01005912",605,337,268
"S01005913",635,258,377
"S01005914",588,347,241
"S01005915",549,281,268
"S01005916",514,395,119
"S01005917",619,303,316
"S01005918",665,381,284
"S01005919",411,287,124
"S01005920",692,381,311
"S01005921",482,310,172
"S01005922",748,506,242
"S01005923",597,393,204
"S01005924",453,323,130
"S01005925",573,418,155
"S01005926",555,337,218
"S01005927",625,368,257
"S01005928",591,306,285
"S01005929",452,250,202
"S01005930",469,271,198
"S01005931",605,397,208
"S01005932",510,222,288
"S01005933",558,428,130
"S01005934",554,292,262
"S01005935",456,284,172
"S01005936",702,293,409
"S01005937",441,334,107
"S01005938",516,230,286
"S01005939",527,239,288
"S01005940",508,298,210
"S01005941",347,275,72
"S01005942",648,339,309
"S01005943",704,408,296
"S01005944",695,389,306
"S01005945",646,390,256
"S01005946",699,376,323
"S01005947",578,240,338
"S01005948",522,276,246
"S01005949",470,266,204
"S01005950",417,214,203
"S01005951",633,247,386
"S01005952",703,344,359
"S01005953",681,413,268
"S01005954",382,179,203
"S01005955",435,289,146
"S01005956",676,358,318
"S01005957",731,279,452
"S01005958",455,246,209
"S01005959",350,136,214
"S01005960",385,177,208
"S01005961",586,307,279
"S01005962",397,188,209
"S01005963",419,221,198
"S01005964",574,270,304
"S01005965",548,241,307
"S01005966",669,250,419
"S01005967",675,268,407
"S01005968",530,331,199
"S01005969",608,343,265
"S01005970",635,333,302
"S01005971",392,215,177
"S01005972",578,303,275
"S01005973",580,343,237
"S01005974",577,291,286
"S01005975",578,282,296
"S01005976",595,368,227
"S01005977",546,309,237
"S01005978",524,319,205
"S01005979",720,387,333
"S01005980",541,361,180
"S01005981",407,236,171
"S01005982",457,235,222
"S01005983",773,536,237
"S01005984",500,336,164
"S01005985",578,298,280
"S01005986",581,360,221
"S01005987",428,184,244
"S01005988",409,193,216
"S01005989",609,423,186
"S01005990",695,268,427
"S01005991",530,269,261
"S01005992",447,192,255
"S01005993",618,454,164
"S01005994",693,345,348
"S01005995",489,171,318
"S01005996",573,456,117
"S01005997",492,236,256
"S01005998",488,208,280
"S01005999",676,477,199
"S01006000",591,264,327
"S01006001",678,342,336
"S01006002",355,162,193
"S01006003",503,244,259
"S01006004",475,376,99
"S01006005",460,246,214
"S01006006",626,380,246
"S01006007",405,181,224
"S01006008",564,226,338
"S01006009",466,334,132
"S01006010",711,472,239
"S01006011",586,282,304
"S01006012",636,312,324
"S01006013",376,245,131
"S01006014",508,244,264
"S01006015",576,332,244
"S01006016",734,516,218
"S01006017",522,241,281
"S01006018",616,454,162
"S01006019",609,379,230
"S01006020",612,366,246
"S01006021",657,385,272
"S01006022",386,175,211
"S01006023",560,377,183
"S01006024",617,253,364
"S01006025",640,319,321
"S01006026",613,274,339
"S01006027",463,298,165
"S01006028",498,335,163
"S01006029",537,340,197
"S01006030",700,403,297
"S01006031",627,325,302
"S01006032",637,359,278
"S01006033",535,334,201
"S01006034",531,245,286
"S01006035",745,416,329
"S01006036",600,480,120
"S01006037",697,448,249
"S01006038",515,273,242
"S01006039",643,364,279
"S01006040",575,239,336
"S01006041",639,285,354
"S01006042",632,328,304
"S01006043",443,274,169
"S01006044",586,355,231
"S01006045",520,340,180
"S01006046",579,388,191
"S01006047",581,257,324
"S01006048",623,410,213
"S01006049",574,294,280
"S01006050",629,362,267
"S01006051",711,504,207
"S01006052",580,414,166
"S01006053",682,402,280
"S01006054",538,359,179
"S01006055",464,341,123
"S01006056",740,447,293
"S01006057",380,202,178
"S01006058",611,220,391
"S01006059",588,248,340
"S01006060",481,232,249
"S01006061",410,163,247
"S01006062",547,245,302
"S01006063",417,135,282
"S01006064",496,265,231
"S01006065",612,275,337
"S01006066",647,388,259
"S01006067",715,439,276
"S01006068",350,200,150
"S01006069",583,370,213
"S01006070",482,299,183
"S01006071",668,457,211
"S01006072",427,287,140
"S01006073",362,203,159
"S01006074",495,321,174
"S01006075",723,354,369
"S01006076",670,386,284
"S01006077",598,325,273
"S01006078",752,492,260
"S01006079",580,333,247
"S01006080",597,387,210
"S01006081",531,334,197
"S01006082",660,336,324
"S01006083",591,340,251
"S01006084",579,408,171
"S01006085",573,405,168
"S01006086",539,340,199
"S01006087",543,336,207
"S01006088",576,428,148
"S01006089",530,331,199
"S01006090",595,330,265
"S01006091",433,290,143
"S01006092",477,267,210
"S01006093",430,274,156
"S01006094",656,358,298
"S01006095",649,459,190
"S01006096",457,266,191
"S01006097",686,313,373
"S01006098",519,295,224
"S01006099",441,338,103
"S01006100",439,209,230
"S01006101",503,301,202
"S01006102",570,273,297
"S01006103",579,454,125
"S01006104",583,320,263
"S01006105",494,279,215
"S01006106",457,297,160
"S01006107",502,273,229
"S01006108",680,401,279
"S01006109",599,325,274
"S01006110",552,264,288
"S01006111",617,360,257
"S01006112",581,444,137
"S01006113",692,372,320
"S01006114",502,256,246
"S01006115",580,318,262
"S01006116",707,462,245
"S01006117",600,364,236
"S01006118",385,266,119
"S01006119",685,433,252
"S01006120",727,374,353
"S01006121",406,255,151
"S01006122",588,411,177
"S01006123",524,269,255
"S01006124",501,230,271
"S01006125",421,275,146
"S01006126",621,307,314
"S01006127",558,342,216
"S01006128",743,269,474
"S01006129",533,340,193
"S01006130",420,166,254
"S01006131",664,446,218
"S01006132",618,240,378
"S01006133",408,253,155
"S01006134",364,231,133
"S01006135",380,143,237
"S01006136",587,204,383
"S01006137",530,126,404
"S01006138",517,314,203
"S01006139",306,152,154
"S01006140",629,331,298
"S01006141",621,296,325
"S01006142",532,355,177
"S01006143",391,236,155
"S01006144",760,473,287
"S01006145",680,296,384
"S01006146",618,381,237
"S01006147",587,357,230
"S01006148",574,365,209
"S01006149",754,482,272
"S01006150",647,422,225
"S01006151",679,25,654
"S01006152",542,318,224
"S01006153",454,312,142
"S01006154",561,401,160
"S01006155",636,401,235
"S01006156",430,264,166
"S01006157",541,333,208
"S01006158",615,375,240
"S01006159",576,361,215
"S01006160",560,349,211
"S01006161",558,359,199
"S01006162",475,302,173
"S01006163",775,522,253
"S01006164",456,276,180
"S01006165",501,278,223
"S01006166",666,437,229
"S01006167",633,429,204
"S01006168",549,333,216
"S01006169",500,340,160
"S01006170",682,439,243
"S01006171",644,408,236
"S01006172",364,226,138
"S01006173",484,303,181
"S01006174",444,319,125
"S01006175",595,338,257
"S01006176",412,300,112
"S01006177",478,184,294
"S01006178",628,374,254
"S01006179",567,342,225
"S01006180",587,348,239
"S01006181",513,231,282
"S01006182",471,301,170
"S01006183",529,219,310
"S01006184",594,281,313
"S01006185",742,392,350
"S01006186",637,322,315
"S01006187",591,286,305
"S01006188",523,300,223
"S01006189",519,241,278
"S01006190",619,331,288
"S01006191",389,200,189
"S01006192",514,260,254
"S01006193",423,156,267
"S01006194",664,296,368
"S01006195",536,169,367
"S01006196",668,378,290
"S01006197",647,297,350
"S01006198",387,155,232
"S01006199",510,227,283
"S01006200",651,373,278
"S01006201",728,357,371
"S01006202",508,226,282
"S01006203",461,225,236
"S01006204",712,362,350
"S01006205",533,292,241
"S01006206",594,365,229
"S01006207",652,279,373
"S01006208",536,251,285
"S01006209",558,404,154
"S01006210",567,347,220
"S01006211",400,196,204
"S01006212",604,449,155
"S01006213",654,333,321
"S01006214",582,348,234
"S01006215",625,338,287
"S01006216",535,344,191
"S01006217",710,385,325
"S01006218",440,277,163
"S01006219",692,421,271
"S01006220",624,444,180
"S01006221",658,307,351
"S01006222",730,397,333
"S01006223",606,402,204
"S01006224",484,327,157
"S01006225",573,237,336
"S01006226",571,402,169
"S01006227",516,300,216
"S01006228",618,440,178
"S01006229",658,347,311
"S01006230",577,273,304
"S01006231",597,272,325
"S01006232",581,399,182
"S01006233",501,320,181
"S01006234",439,281,158
"S01006235",574,341,233
"S01006236",501,336,165
"S01006237",649,342,307
"S01006238",671,400,271
"S01006239",374,274,100
"S01006240",589,236,353
"S01006241",631,401,230
"S01006242",547,237,310
"S01006243",456,303,153
"S01006244",453,231,222
"S01006245",468,221,247
"S01006246",530,290,240
"S01006247",688,415,273
"S01006248",669,430,239
"S01006249",597,431,166
"S01006250",513,288,225
"S01006251",467,277,190
"S01006252",475,268,207
"S01006253",501,234,267
"S01006254",547,388,159
"S01006255",684,412,272
"S01006256",506,236,270
"S01006257",589,271,318
"S01006258",536,263,273
"S01006259",497,264,233
"S01006260",499,215,284
"S01006261",616,297,319
"S01006262",511,284,227
"S01006263",630,331,299
"S01006264",668,520,148
"S01006265",641,449,192
"S01006266",500,274,226
"S01006267",476,285,191
"S01006268",551,335,216
"S01006269",470,246,224
"S01006270",701,445,256
"S01006271",523,258,265
"S01006272",566,300,266
"S01006273",488,260,228
"S01006274",467,258,209
"S01006275",573,383,190
"S01006276",637,362,275
"S01006277",575,380,195
"S01006278",529,244,285
"S01006279",722,327,395
"S01006280",505,247,258
"S01006281",568,321,247
"S01006282",555,295,260
"S01006283",563,257,306
"S01006284",606,338,268
"S01006285",577,368,209
"S01006286",686,443,243
"S01006287",490,280,210
"S01006288",545,225,320
"S01006289",691,430,261
"S01006290",661,272,389
"S01006291",376,135,241
"S01006292",712,397,315
"S01006293",738,479,259
"S01006294",480,323,157
"S01006295",440,287,153
"S01006296",734,533,201
"S01006297",575,319,256
"S01006298",663,405,258
"S01006299",579,339,240
"S01006300",533,272,261
"S01006301",478,221,257
"S01006302",704,425,279
"S01006303",534,313,221
"S01006304",522,257,265
"S01006305",520,345,175
"S01006306",524,342,182
"S01006307",586,327,259
"S01006308",493,251,242
"S01006309",734,567,167
"S01006310",602,419,183
"S01006311",593,378,215
"S01006312",482,299,183
"S01006313",721,466,255
"S01006314",489,329,160
"S01006315",619,334,285
"S01006316",734,506,228
"S01006317",644,397,247
"S01006318",561,308,253
"S01006319",703,379,324
"S01006320",672,353,319
"S01006321",485,387,98
"S01006322",440,341,99
"S01006323",644,499,145
"S01006324",426,326,100
"S01006325",519,240,279
"S01006326",647,297,350
"S01006327",442,248,194
"S01006328",429,235,194
"S01006329",741,530,211
"S01006330",537,296,241
"S01006331",535,362,173
"S01006332",504,279,225
"S01006333",645,365,280
"S01006334",628,358,270
"S01006335",632,402,230
"S01006336",526,428,98
"S01006337",520,404,116
"S01006338",666,524,142
"S01006339",610,396,214
"S01006340",555,385,170
"S01006341",565,430,135
"S01006342",540,300,240
"S01006343",549,308,241
"S01006344",567,370,197
"S01006345",452,274,178
"S01006346",461,310,151
"S01006347",453,388,65
"S01006348",488,321,167
"S01006349",376,194,182
"S01006350",540,261,279
"S01006351",664,394,270
"S01006352",543,317,226
"S01006353",438,279,159
"S01006354",721,455,266
"S01006355",536,317,219
"S01006356",519,429,90
"S01006357",581,419,162
"S01006358",484,276,208
"S01006359",670,402,268
"S01006360",502,386,116
"S01006361",592,400,192
"S01006362",588,464,124
"S01006363",547,442,105
"S01006364",475,324,151
"S01006365",725,583,142
"S01006366",550,433,117
"S01006367",559,415,144
"S01006368",571,456,115
"S01006369",604,357,247
"S01006370",683,536,147
"S01006371",426,348,78
"S01006372",563,322,241
"S01006373",618,453,165
"S01006374",520,324,196
"S01006375",499,338,161
"S01006376",544,416,128
"S01006377",463,297,166
"S01006378",366,311,55
"S01006379",418,284,134
"S01006380",450,270,180
"S01006381",381,246,135
"S01006382",529,329,200
"S01006383",429,267,162
"S01006384",526,395,131
"S01006385",675,407,268
"S01006386",695,403,292
"S01006387",607,377,230
"S01006388",765,452,313
"S01006389",531,287,244
"S01006390",491,304,187
"S01006391",638,520,118
"S01006392",620,338,282
"S01006393",522,232,290
"S01006394",566,335,231
"S01006395",624,386,238
"S01006396",436,243,193
"S01006397",532,326,206
"S01006398",673,393,280
"S01006399",542,355,187
"S01006400",663,500,163
"S01006401",600,354,246
"S01006402",488,246,242
"S01006403",559,311,248
"S01006404",614,372,242
"S01006405",645,397,248
"S01006406",317,161,156
"S01006407",531,443,88
"S01006408",714,434,280
"S01006409",422,334,88
"S01006410",532,270,262
"S01006411",567,350,217
"S01006412",524,302,222
"S01006413",428,245,183
"S01006414",413,296,117
"S01006415",591,418,173
"S01006416",426,237,189
"S01006417",518,357,161
"S01006418",498,269,229
"S01006419",424,221,203
"S01006420",625,366,259
"S01006421",395,254,141
"S01006422",487,259,228
"S01006423",436,357,79
"S01006424",444,242,202
"S01006425",485,271,214
"S01006426",407,284,123
"S01006427",569,342,227
"S01006428",622,422,200
"S01006429",424,249,175
"S01006430",513,399,114
"S01006431",405,309,96
"S01006432",536,338,198
"S01006433",509,333,176
"S01006434",623,446,177
"S01006435",353,254,99
"S01006436",535,335,200
"S01006437",699,484,215
"S01006438",451,219,232
"S01006439",577,321,256
"S01006440",609,360,249
"S01006441",502,314,188
"S01006442",572,343,229
"S01006443",380,245,135
"S01006444",453,326,127
"S01006445",552,396,156
"S01006446",682,484,198
"S01006447",448,222,226
"S01006448",686,513,173
"S01006449",401,302,99
"S01006450",438,238,200
"S01006451",511,315,196
"S01006452",426,260,166
"S01006453",566,341,225
"S01006454",436,338,98
"S01006455",446,232,214
"S01006456",666,404,262
"S01006457",451,291,160
"S01006458",671,482,189
"S01006459",502,362,140
"S01006460",383,265,118
"S01006461",554,404,150
"S01006462",575,430,145
"S01006463",488,312,176
"S01006464",586,399,187
"S01006465",661,393,268
"S01006466",597,388,209
"S01006467",702,434,268
"S01006468",756,558,198
"S01006469",500,333,167
"S01006470",567,342,225
"S01006471",574,339,235
"S01006472",414,252,162
"S01006473",575,378,197
"S01006474",611,412,199
"S01006475",640,341,299
"S01006476",538,349,189
"S01006477",582,338,244
"S01006478",605,388,217
"S01006479",548,305,243
"S01006480",644,503,141
"S01006481",433,257,176
"S01006482",593,407,186
"S01006483",651,378,273
"S01006484",582,383,199
"S01006485",487,336,151
"S01006486",565,430,135
"S01006487",534,289,245
"S01006488",472,346,126
"S01006489",532,342,190
"S01006490",561,366,195
"S01006491",646,438,208
"S01006492",440,286,154
"S01006493",434,275,159
"S01006494",439,285,154
"S01006495",606,442,164
"S01006496",648,387,261
"S01006497",394,260,134
"S01006498",706,473,233
"S01006499",642,435,207
"S01006500",541,344,197
"S01006501",627,489,138
"S01006502",480,379,101
"S01006503",515,390,125
"S01006504",549,393,156
"S01006505",501,379,122
