"dz_2001","total","employed","nonemployed"
"S01000001",692,486,206
"S01000002",484,402,82
"S01000003",655,543,112
"S01000004",472,395,77
"S01000005",530,411,119
"S01000006",455,279,176
"S01000007",551,322,229
"S01000008",420,300,120
"S01000009",520,387,133
"S01000010",443,329,114
"S01000011",709,441,268
"S01000012",1113,812,301
"S01000013",640,429,211
"S01000014",705,506,199
"S01000015",543,453,90
"S01000016",423,254,169
"S01000017",690,524,166
"S01000018",414,305,109
"S01000019",417,261,156
"S01000020",618,358,260
"S01000021",669,464,205
"S01000022",464,288,176
"S01000023",537,351,186
"S01000024",340,237,103
"S01000025",625,399,226
"S01000026",625,376,249
"S01000027",566,349,217
"S01000028",654,421,233
"S01000029",497,320,177
"S01000030",328,219,109
"S01000031",655,430,225
"S01000032",772,510,262
"S01000033",548,354,194
"S01000034",897,598,299
"S01000035",805,410,395
"S01000036",496,288,208
"S01000037",584,405,179
"S01000038",538,328,210
"S01000039",676,390,286
"S01000040",695,471,224
"S01000041",618,384,234
"S01000042",618,347,271
"S01000043",696,425,271
"S01000044",718,377,341
"S01000045",410,278,132
"S01000046",538,344,194
"S01000047",648,405,243
"S01000048",723,507,216
"S01000049",521,348,173
"S01000050",519,331,188
"S01000051",526,355,171
"S01000052",459,273,186
"S01000053",798,571,227
"S01000054",513,353,160
"S01000055",568,340,228
"S01000056",727,479,248
"S01000057",503,286,217
"S01000058",539,377,162
"S01000059",766,558,208
"S01000060",445,263,182
"S01000061",707,451,256
"S01000062",871,635,236
"S01000063",663,475,188
"S01000064",510,352,158
"S01000065",847,600,247
"S01000066",857,501,356
"S01000067",759,541,218
"S01000068",606,409,197
"S01000069",548,360,188
"S01000070",485,313,172
"S01000071",624,384,240
"S01000072",638,393,245
"S01000073",470,299,171
"S01000074",603,350,253
"S01000075",446,301,145
"S01000076",503,323,180
"S01000077",721,511,210
"S01000078",954,666,288
"S01000079",1277,985,292
"S01000080",882,673,209
"S01000081",670,453,217
"S01000082",711,477,234
"S01000083",599,443,156
"S01000084",753,538,215
"S01000085",488,362,126
"S01000086",590,465,125
"S01000087",811,613,198
"S01000088",828,635,193
"S01000089",659,400,259
"S01000090",651,482,169
"S01000091",952,680,272
"S01000092",827,591,236
"S01000093",649,475,174
"S01000094",666,413,253
"S01000095",615,458,157
"S01000096",492,302,190
"S01000097",741,486,255
"S01000098",1145,758,387
"S01000099",606,382,224
"S01000100",797,533,264
"S01000101",697,493,204
"S01000102",691,409,282
"S01000103",561,368,193
"S01000104",643,435,208
"S01000105",700,499,201
"S01000106",534,362,172
"S01000107",1175,673,502
"S01000108",619,390,229
"S01000109",929,542,387
"S01000110",550,340,210
"S01000111",609,421,188
"S01000112",818,533,285
"S01000113",472,306,166
"S01000114",621,437,184
"S01000115",569,363,206
"S01000116",863,629,234
"S01000117",706,491,215
"S01000118",521,360,161
"S01000119",735,429,306
"S01000120",470,324,146
"S01000121",531,332,199
"S01000122",525,336,189
"S01000123",495,327,168
"S01000124",925,523,402
"S01000125",529,297,232
"S01000126",805,417,388
"S01000127",558,380,178
"S01000128",1719,603,1116
"S01000129",943,264,679
"S01000130",1441,838,603
"S01000131",511,392,119
"S01000132",663,447,216
"S01000133",619,391,228
"S01000134",507,323,184
"S01000135",547,305,242
"S01000136",468,311,157
"S01000137",834,532,302
"S01000138",1306,379,927
"S01000139",558,366,192
"S01000140",640,438,202
"S01000141",602,395,207
"S01000142",506,317,189
"S01000143",431,267,164
"S01000144",701,345,356
"S01000145",602,383,219
"S01000146",1418,827,591
"S01000147",940,565,375
"S01000148",446,265,181
"S01000149",1069,557,512
"S01000150",451,310,141
"S01000151",555,314,241
"S01000152",1120,665,455
"S01000153",893,471,422
"S01000154",381,244,137
"S01000155",546,343,203
"S01000156",854,421,433
"S01000157",511,297,214
"S01000158",691,447,244
"S01000159",693,510,183
"S01000160",563,386,177
"S01000161",822,368,454
"S01000162",658,386,272
"S01000163",776,522,254
"S01000164",839,271,568
"S01000165",728,419,309
"S01000166",1167,425,742
"S01000167",513,324,189
"S01000168",705,463,242
"S01000169",535,346,189
"S01000170",1025,449,576
"S01000171",762,633,129
"S01000172",377,246,131
"S01000173",608,355,253
"S01000174",625,448,177
"S01000175",474,281,193
"S01000176",717,270,447
"S01000177",466,286,180
"S01000178",585,357,228
"S01000179",651,338,313
"S01000180",506,317,189
"S01000181",478,299,179
"S01000182",691,439,252
"S01000183",1154,436,718
"S01000184",594,354,240
"S01000185",727,372,355
"S01000186",672,384,288
"S01000187",471,294,177
"S01000188",1101,312,789
"S01000189",416,241,175
"S01000190",644,411,233
"S01000191",1001,640,361
"S01000192",648,303,345
"S01000193",538,338,200
"S01000194",684,397,287
"S01000195",597,318,279
"S01000196",676,384,292
"S01000197",446,300,146
"S01000198",596,351,245
"S01000199",629,367,262
"S01000200",647,418,229
"S01000201",472,309,163
"S01000202",780,523,257
"S01000203",526,302,224
"S01000204",468,284,184
"S01000205",815,397,418
"S01000206",547,377,170
"S01000207",662,371,291
"S01000208",704,382,322
"S01000209",975,555,420
"S01000210",589,356,233
"S01000211",569,307,262
"S01000212",542,350,192
"S01000213",597,380,217
"S01000214",328,201,127
"S01000215",859,531,328
"S01000216",548,357,191
"S01000217",625,363,262
"S01000218",496,307,189
"S01000219",630,392,238
"S01000220",2516,299,2217
"S01000221",588,393,195
"S01000222",557,377,180
"S01000223",510,397,113
"S01000224",592,402,190
"S01000225",458,303,155
"S01000226",502,355,147
"S01000227",1010,758,252
"S01000228",684,562,122
"S01000229",601,399,202
"S01000230",509,356,153
"S01000231",575,437,138
"S01000232",438,279,159
"S01000233",352,244,108
"S01000234",584,422,162
"S01000235",629,461,168
"S01000236",505,302,203
"S01000237",621,390,231
"S01000238",398,306,92
"S01000239",543,333,210
"S01000240",525,347,178
"S01000241",495,352,143
"S01000242",590,436,154
"S01000243",534,357,177
"S01000244",920,674,246
"S01000245",749,537,212
"S01000246",544,399,145
"S01000247",544,385,159
"S01000248",608,463,145
"S01000249",522,343,179
"S01000250",595,445,150
"S01000251",373,266,107
"S01000252",656,514,142
"S01000253",534,396,138
"S01000254",645,464,181
"S01000255",487,393,94
"S01000256",573,373,200
"S01000257",701,473,228
"S01000258",487,367,120
"S01000259",487,353,134
"S01000260",662,538,124
"S01000261",745,470,275
"S01000262",706,469,237
"S01000263",611,455,156
"S01000264",702,504,198
"S01000265",521,339,182
"S01000266",906,659,247
"S01000267",539,344,195
"S01000268",581,366,215
"S01000269",467,321,146
"S01000270",794,561,233
"S01000271",656,431,225
"S01000272",821,588,233
"S01000273",472,337,135
"S01000274",498,356,142
"S01000275",1022,729,293
"S01000276",594,396,198
"S01000277",533,355,178
"S01000278",408,280,128
"S01000279",671,471,200
"S01000280",565,400,165
"S01000281",493,339,154
"S01000282",575,432,143
"S01000283",787,567,220
"S01000284",909,703,206
"S01000285",544,405,139
"S01000286",702,492,210
"S01000287",536,355,181
"S01000288",646,450,196
"S01000289",665,447,218
"S01000290",601,404,197
"S01000291",683,459,224
"S01000292",765,500,265
"S01000293",583,387,196
"S01000294",485,353,132
"S01000295",423,256,167
"S01000296",685,500,185
"S01000297",571,373,198
"S01000298",816,587,229
"S01000299",691,434,257
"S01000300",584,432,152
"S01000301",414,311,103
"S01000302",452,342,110
"S01000303",444,307,137
"S01000304",606,416,190
"S01000305",786,567,219
"S01000306",572,413,159
"S01000307",710,525,185
"S01000308",956,701,255
"S01000309",870,612,258
"S01000310",753,561,192
"S01000311",716,481,235
"S01000312",390,262,128
"S01000313",502,349,153
"S01000314",438,330,108
"S01000315",491,292,199
"S01000316",610,389,221
"S01000317",393,277,116
"S01000318",413,239,174
"S01000319",518,383,135
"S01000320",560,430,130
"S01000321",468,322,146
"S01000322",740,501,239
"S01000323",624,421,203
"S01000324",642,480,162
"S01000325",895,649,246
"S01000326",589,399,190
"S01000327",643,470,173
"S01000328",415,328,87
"S01000329",623,501,122
"S01000330",907,644,263
"S01000331",436,267,169
"S01000332",520,317,203
"S01000333",712,504,208
"S01000334",623,426,197
"S01000335",591,388,203
"S01000336",1061,745,316
"S01000337",566,365,201
"S01000338",381,254,127
"S01000339",831,553,278
"S01000340",805,593,212
"S01000341",728,487,241
"S01000342",333,219,114
"S01000343",447,324,123
"S01000344",702,514,188
"S01000345",458,321,137
"S01000346",480,327,153
"S01000347",1082,832,250
"S01000348",565,415,150
"S01000349",382,287,95
"S01000350",793,563,230
"S01000351",743,519,224
"S01000352",535,370,165
"S01000353",409,284,125
"S01000354",1145,859,286
"S01000355",481,346,135
"S01000356",483,345,138
"S01000357",474,363,111
"S01000358",719,490,229
"S01000359",623,435,188
"S01000360",390,268,122
"S01000361",483,361,122
"S01000362",744,552,192
"S01000363",873,658,215
"S01000364",703,516,187
"S01000365",1476,1202,274
"S01000366",1448,1129,319
"S01000367",661,454,207
"S01000368",911,655,256
"S01000369",741,524,217
"S01000370",1103,836,267
"S01000371",644,438,206
"S01000372",693,492,201
"S01000373",487,352,135
"S01000374",463,313,150
"S01000375",458,317,141
"S01000376",624,400,224
"S01000377",665,507,158
"S01000378",390,259,131
"S01000379",489,367,122
"S01000380",735,553,182
"S01000381",1105,837,268
"S01000382",575,398,177
"S01000383",861,689,172
"S01000384",520,373,147
"S01000385",455,336,119
"S01000386",912,669,243
"S01000387",657,466,191
"S01000388",779,592,187
"S01000389",609,508,101
"S01000390",587,413,174
"S01000391",491,339,152
"S01000392",621,470,151
"S01000393",645,427,218
"S01000394",502,356,146
"S01000395",596,428,168
"S01000396",582,376,206
"S01000397",718,462,256
"S01000398",1746,1387,359
"S01000399",480,369,111
"S01000400",618,433,185
"S01000401",682,503,179
"S01000402",559,419,140
"S01000403",606,428,178
"S01000404",572,415,157
"S01000405",406,298,108
"S01000406",411,304,107
"S01000407",460,333,127
"S01000408",462,374,88
"S01000409",467,361,106
"S01000410",557,430,127
"S01000411",543,408,135
"S01000412",621,470,151
"S01000413",671,451,220
"S01000414",542,413,129
"S01000415",692,490,202
"S01000416",640,493,147
"S01000417",755,539,216
"S01000418",550,399,151
"S01000419",1084,844,240
"S01000420",950,676,274
"S01000421",575,445,130
"S01000422",668,449,219
"S01000423",768,570,198
"S01000424",560,410,150
"S01000425",614,424,190
"S01000426",609,454,155
"S01000427",621,468,153
"S01000428",543,358,185
"S01000429",675,467,208
"S01000430",395,247,148
"S01000431",484,306,178
"S01000432",665,427,238
"S01000433",385,242,143
"S01000434",444,308,136
"S01000435",402,294,108
"S01000436",489,367,122
"S01000437",692,486,206
"S01000438",446,329,117
"S01000439",621,467,154
"S01000440",829,626,203
"S01000441",675,445,230
"S01000442",652,464,188
"S01000443",487,348,139
"S01000444",1776,1410,366
"S01000445",933,660,273
"S01000446",740,572,168
"S01000447",554,414,140
"S01000448",638,492,146
"S01000449",545,355,190
"S01000450",451,311,140
"S01000451",656,463,193
"S01000452",471,340,131
"S01000453",434,325,109
"S01000454",307,205,102
"S01000455",665,462,203
"S01000456",813,587,226
"S01000457",535,346,189
"S01000458",711,543,168
"S01000459",766,500,266
"S01000460",504,294,210
"S01000461",599,394,205
"S01000462",728,491,237
"S01000463",513,333,180
"S01000464",632,442,190
"S01000465",539,399,140
"S01000466",690,505,185
"S01000467",482,315,167
"S01000468",414,300,114
"S01000469",493,361,132
"S01000470",838,483,355
"S01000471",602,455,147
"S01000472",580,404,176
"S01000473",517,355,162
"S01000474",478,345,133
"S01000475",537,359,178
"S01000476",502,368,134
"S01000477",522,351,171
"S01000478",557,336,221
"S01000479",642,378,264
"S01000480",496,332,164
"S01000481",1565,1097,468
"S01000482",660,432,228
"S01000483",726,440,286
"S01000484",637,434,203
"S01000485",749,517,232
"S01000486",871,545,326
"S01000487",435,277,158
"S01000488",449,280,169
"S01000489",697,385,312
"S01000490",414,326,88
"S01000491",408,225,183
"S01000492",690,456,234
"S01000493",477,307,170
"S01000494",410,272,138
"S01000495",679,462,217
"S01000496",404,268,136
"S01000497",570,414,156
"S01000498",383,230,153
"S01000499",723,473,250
"S01000500",463,264,199
"S01000501",401,250,151
"S01000502",478,341,137
"S01000503",383,254,129
"S01000504",556,377,179
"S01000505",561,381,180
"S01000506",743,559,184
"S01000507",705,482,223
"S01000508",726,491,235
"S01000509",735,476,259
"S01000510",500,326,174
"S01000511",442,297,145
"S01000512",690,465,225
"S01000513",638,409,229
"S01000514",698,474,224
"S01000515",419,282,137
"S01000516",649,470,179
"S01000517",514,335,179
"S01000518",691,460,231
"S01000519",404,299,105
"S01000520",857,543,314
"S01000521",701,450,251
"S01000522",519,357,162
"S01000523",611,384,227
"S01000524",553,351,202
"S01000525",766,504,262
"S01000526",766,571,195
"S01000527",505,347,158
"S01000528",685,463,222
"S01000529",632,414,218
"S01000530",377,234,143
"S01000531",472,320,152
"S01000532",551,324,227
"S01000533",550,319,231
"S01000534",554,341,213
"S01000535",747,481,266
"S01000536",355,225,130
"S01000537",756,530,226
"S01000538",548,346,202
"S01000539",720,420,300
"S01000540",555,358,197
"S01000541",443,284,159
"S01000542",466,291,175
"S01000543",607,403,204
"S01000544",504,300,204
"S01000545",570,383,187
"S01000546",632,397,235
"S01000547",384,232,152
"S01000548",766,487,279
"S01000549",891,584,307
"S01000550",364,236,128
"S01000551",637,376,261
"S01000552",434,271,163
"S01000553",659,429,230
"S01000554",516,322,194
"S01000555",625,397,228
"S01000556",625,380,245
"S01000557",666,464,202
"S01000558",402,248,154
"S01000559",468,299,169
"S01000560",862,523,339
"S01000561",713,428,285
"S01000562",618,341,277
"S01000563",877,579,298
"S01000564",681,386,295
"S01000565",558,356,202
"S01000566",622,359,263
"S01000567",614,372,242
"S01000568",398,246,152
"S01000569",517,317,200
"S01000570",635,371,264
"S01000571",513,318,195
"S01000572",538,329,209
"S01000573",414,253,161
"S01000574",500,265,235
"S01000575",445,278,167
"S01000576",426,241,185
"S01000577",410,250,160
"S01000578",456,283,173
"S01000579",640,409,231
"S01000580",698,479,219
"S01000581",517,338,179
"S01000582",468,328,140
"S01000583",698,482,216
"S01000584",621,382,239
"S01000585",884,544,340
"S01000586",549,343,206
"S01000587",496,270,226
"S01000588",419,250,169
"S01000589",487,296,191
"S01000590",578,371,207
"S01000591",576,381,195
"S01000592",642,379,263
"S01000593",1124,794,330
"S01000594",909,627,282
"S01000595",551,356,195
"S01000596",615,374,241
"S01000597",746,472,274
"S01000598",957,717,240
"S01000599",840,576,264
"S01000600",568,376,192
"S01000601",910,628,282
"S01000602",542,383,159
"S01000603",783,485,298
"S01000604",754,471,283
"S01000605",607,328,279
"S01000606",600,325,275
"S01000607",521,302,219
"S01000608",936,555,381
"S01000609",769,431,338
"S01000610",614,354,260
"S01000611",458,242,216
"S01000612",810,465,345
"S01000613",785,486,299
"S01000614",511,360,151
"S01000615",530,290,240
"S01000616",1088,768,320
"S01000617",438,259,179
"S01000618",595,333,262
"S01000619",501,303,198
"S01000620",812,437,375
"S01000621",788,474,314
"S01000622",522,294,228
"S01000623",558,325,233
"S01000624",456,290,166
"S01000625",432,211,221
"S01000626",573,284,289
"S01000627",667,434,233
"S01000628",400,211,189
"S01000629",609,397,212
"S01000630",557,314,243
"S01000631",451,263,188
"S01000632",440,286,154
"S01000633",410,294,116
"S01000634",571,326,245
"S01000635",485,302,183
"S01000636",402,283,119
"S01000637",514,344,170
"S01000638",447,250,197
"S01000639",485,327,158
"S01000640",569,341,228
"S01000641",600,403,197
"S01000642",689,435,254
"S01000643",529,336,193
"S01000644",528,313,215
"S01000645",778,488,290
"S01000646",603,356,247
"S01000647",580,356,224
"S01000648",663,387,276
"S01000649",461,303,158
"S01000650",533,331,202
"S01000651",618,359,259
"S01000652",544,338,206
"S01000653",692,429,263
"S01000654",669,432,237
"S01000655",562,331,231
"S01000656",563,375,188
"S01000657",574,334,240
"S01000658",450,267,183
"S01000659",940,591,349
"S01000660",744,425,319
"S01000661",627,440,187
"S01000662",568,387,181
"S01000663",586,382,204
"S01000664",624,413,211
"S01000665",500,341,159
"S01000666",387,229,158
"S01000667",733,477,256
"S01000668",596,349,247
"S01000669",602,371,231
"S01000670",496,311,185
"S01000671",398,239,159
"S01000672",506,321,185
"S01000673",542,333,209
"S01000674",825,498,327
"S01000675",508,321,187
"S01000676",345,258,87
"S01000677",664,416,248
"S01000678",685,427,258
"S01000679",565,362,203
"S01000680",724,395,329
"S01000681",729,423,306
"S01000682",560,344,216
"S01000683",421,272,149
"S01000684",544,314,230
"S01000685",643,379,264
"S01000686",569,356,213
"S01000687",615,349,266
"S01000688",524,331,193
"S01000689",480,315,165
"S01000690",744,485,259
"S01000691",617,370,247
"S01000692",536,306,230
"S01000693",710,376,334
"S01000694",511,326,185
"S01000695",596,384,212
"S01000696",572,349,223
"S01000697",663,426,237
"S01000698",452,305,147
"S01000699",431,258,173
"S01000700",604,375,229
"S01000701",720,441,279
"S01000702",378,242,136
"S01000703",558,353,205
"S01000704",766,484,282
"S01000705",786,526,260
"S01000706",653,454,199
"S01000707",480,329,151
"S01000708",421,299,122
"S01000709",687,373,314
"S01000710",832,566,266
"S01000711",385,229,156
"S01000712",437,273,164
"S01000713",554,358,196
"S01000714",732,506,226
"S01000715",454,258,196
"S01000716",400,222,178
"S01000717",638,356,282
"S01000718",586,339,247
"S01000719",445,265,180
"S01000720",571,337,234
"S01000721",507,329,178
"S01000722",633,407,226
"S01000723",344,215,129
"S01000724",563,361,202
"S01000725",482,306,176
"S01000726",547,340,207
"S01000727",422,235,187
"S01000728",483,313,170
"S01000729",379,182,197
"S01000730",316,177,139
"S01000731",400,220,180
"S01000732",416,213,203
"S01000733",510,277,233
"S01000734",622,364,258
"S01000735",320,181,139
"S01000736",538,266,272
"S01000737",349,180,169
"S01000738",342,246,96
"S01000739",552,360,192
"S01000740",467,261,206
"S01000741",583,307,276
"S01000742",475,261,214
"S01000743",608,352,256
"S01000744",588,360,228
"S01000745",508,323,185
"S01000746",588,355,233
"S01000747",420,242,178
"S01000748",328,144,184
"S01000749",376,184,192
"S01000750",497,248,249
"S01000751",516,324,192
"S01000752",695,356,339
"S01000753",443,276,167
"S01000754",526,314,212
"S01000755",558,379,179
"S01000756",733,408,325
"S01000757",566,311,255
"S01000758",963,637,326
"S01000759",707,375,332
"S01000760",408,261,147
"S01000761",473,257,216
"S01000762",458,295,163
"S01000763",557,368,189
"S01000764",514,335,179
"S01000765",534,397,137
"S01000766",522,320,202
"S01000767",485,244,241
"S01000768",614,371,243
"S01000769",610,377,233
"S01000770",492,281,211
"S01000771",698,418,280
"S01000772",429,238,191
"S01000773",611,345,266
"S01000774",537,374,163
"S01000775",485,241,244
"S01000776",444,275,169
"S01000777",208,128,80
"S01000778",345,199,146
"S01000779",557,374,183
"S01000780",631,352,279
"S01000781",599,342,257
"S01000782",530,325,205
"S01000783",354,197,157
"S01000784",600,354,246
"S01000785",552,287,265
"S01000786",571,342,229
"S01000787",411,241,170
"S01000788",494,319,175
"S01000789",546,366,180
"S01000790",343,192,151
"S01000791",439,287,152
"S01000792",507,333,174
"S01000793",490,352,138
"S01000794",648,382,266
"S01000795",700,489,211
"S01000796",326,220,106
"S01000797",326,226,100
"S01000798",338,205,133
"S01000799",1429,1219,210
"S01000800",734,422,312
"S01000801",493,363,130
"S01000802",543,337,206
"S01000803",753,499,254
"S01000804",712,504,208
"S01000805",573,365,208
"S01000806",601,345,256
"S01000807",592,438,154
"S01000808",585,391,194
"S01000809",477,340,137
"S01000810",545,362,183
"S01000811",626,434,192
"S01000812",910,614,296
"S01000813",593,410,183
"S01000814",547,399,148
"S01000815",370,224,146
"S01000816",464,311,153
"S01000817",684,460,224
"S01000818",728,531,197
"S01000819",687,449,238
"S01000820",438,299,139
"S01000821",650,462,188
"S01000822",395,269,126
"S01000823",355,242,113
"S01000824",551,361,190
"S01000825",548,377,171
"S01000826",465,303,162
"S01000827",544,386,158
"S01000828",658,444,214
"S01000829",501,322,179
"S01000830",639,427,212
"S01000831",601,405,196
"S01000832",707,485,222
"S01000833",832,544,288
"S01000834",757,426,331
"S01000835",549,292,257
"S01000836",567,232,335
"S01000837",802,389,413
"S01000838",477,294,183
"S01000839",1014,736,278
"S01000840",497,237,260
"S01000841",698,313,385
"S01000842",674,412,262
"S01000843",649,427,222
"S01000844",626,425,201
"S01000845",403,264,139
"S01000846",529,245,284
"S01000847",720,409,311
"S01000848",475,286,189
"S01000849",353,238,115
"S01000850",492,268,224
"S01000851",578,392,186
"S01000852",568,318,250
"S01000853",406,212,194
"S01000854",639,351,288
"S01000855",534,359,175
"S01000856",399,246,153
"S01000857",362,222,140
"S01000858",704,513,191
"S01000859",882,591,291
"S01000860",624,355,269
"S01000861",474,283,191
"S01000862",385,267,118
"S01000863",411,247,164
"S01000864",860,587,273
"S01000865",796,467,329
"S01000866",634,361,273
"S01000867",639,334,305
"S01000868",502,244,258
"S01000869",411,193,218
"S01000870",632,345,287
"S01000871",661,378,283
"S01000872",605,350,255
"S01000873",2526,1360,1166
"S01000874",384,212,172
"S01000875",1051,747,304
"S01000876",532,331,201
"S01000877",504,282,222
"S01000878",448,285,163
"S01000879",657,395,262
"S01000880",602,390,212
"S01000881",496,256,240
"S01000882",660,397,263
"S01000883",643,411,232
"S01000884",429,270,159
"S01000885",382,242,140
"S01000886",481,298,183
"S01000887",548,333,215
"S01000888",480,278,202
"S01000889",547,317,230
"S01000890",579,332,247
"S01000891",649,331,318
"S01000892",382,243,139
"S01000893",472,275,197
"S01000894",397,236,161
"S01000895",718,438,280
"S01000896",384,226,158
"S01000897",528,262,266
"S01000898",394,225,169
"S01000899",612,294,318
"S01000900",479,283,196
"S01000901",448,236,212
"S01000902",695,432,263
"S01000903",723,382,341
"S01000904",545,328,217
"S01000905",518,323,195
"S01000906",375,231,144
"S01000907",521,276,245
"S01000908",544,354,190
"S01000909",721,459,262
"S01000910",635,405,230
"S01000911",755,449,306
"S01000912",477,295,182
"S01000913",437,251,186
"S01000914",474,237,237
"S01000915",691,387,304
"S01000916",758,429,329
"S01000917",523,315,208
"S01000918",416,236,180
"S01000919",459,259,200
"S01000920",438,278,160
"S01000921",491,280,211
"S01000922",650,419,231
"S01000923",642,404,238
"S01000924",663,397,266
"S01000925",735,470,265
"S01000926",683,441,242
"S01000927",650,349,301
"S01000928",706,390,316
"S01000929",336,164,172
"S01000930",353,140,213
"S01000931",497,289,208
"S01000932",735,432,303
"S01000933",756,479,277
"S01000934",692,376,316
"S01000935",568,353,215
"S01000936",618,381,237
"S01000937",416,221,195
"S01000938",574,360,214
"S01000939",526,310,216
"S01000940",622,393,229
"S01000941",325,180,145
"S01000942",736,446,290
"S01000943",610,333,277
"S01000944",573,348,225
"S01000945",535,342,193
"S01000946",568,329,239
"S01000947",512,286,226
"S01000948",626,421,205
"S01000949",407,249,158
"S01000950",583,353,230
"S01000951",638,388,250
"S01000952",612,379,233
"S01000953",654,373,281
"S01000954",798,466,332
"S01000955",478,303,175
"S01000956",634,387,247
"S01000957",404,251,153
"S01000958",590,352,238
"S01000959",540,383,157
"S01000960",398,213,185
"S01000961",624,382,242
"S01000962",492,318,174
"S01000963",602,304,298
"S01000964",729,452,277
"S01000965",456,253,203
"S01000966",757,460,297
"S01000967",430,265,165
"S01000968",811,549,262
"S01000969",630,369,261
"S01000970",575,329,246
"S01000971",503,290,213
"S01000972",710,479,231
"S01000973",457,309,148
"S01000974",890,603,287
"S01000975",487,314,173
"S01000976",382,239,143
"S01000977",664,450,214
"S01000978",585,351,234
"S01000979",528,325,203
"S01000980",528,310,218
"S01000981",513,373,140
"S01000982",553,378,175
"S01000983",404,232,172
"S01000984",442,245,197
"S01000985",497,315,182
"S01000986",426,239,187
"S01000987",501,311,190
"S01000988",416,277,139
"S01000989",652,449,203
"S01000990",641,406,235
"S01000991",336,234,102
"S01000992",783,486,297
"S01000993",615,421,194
"S01000994",804,489,315
"S01000995",616,471,145
"S01000996",811,502,309
"S01000997",666,445,221
"S01000998",524,319,205
"S01000999",501,353,148
"S01001000",452,315,137
"S01001001",425,297,128
"S01001002",503,393,110
"S01001003",640,441,199
"S01001004",449,276,173
"S01001005",609,377,232
"S01001006",536,381,155
"S01001007",683,408,275
"S01001008",610,397,213
"S01001009",471,301,170
"S01001010",683,372,311
"S01001011",428,301,127
"S01001012",566,390,176
"S01001013",682,355,327
"S01001014",715,406,309
"S01001015",356,212,144
"S01001016",627,371,256
"S01001017",611,363,248
"S01001018",587,386,201
"S01001019",755,399,356
"S01001020",371,247,124
"S01001021",740,485,255
"S01001022",656,413,243
"S01001023",760,481,279
"S01001024",1281,937,344
"S01001025",896,612,284
"S01001026",690,453,237
"S01001027",640,401,239
"S01001028",567,339,228
"S01001029",541,277,264
"S01001030",500,315,185
"S01001031",701,415,286
"S01001032",494,268,226
"S01001033",505,267,238
"S01001034",498,224,274
"S01001035",368,213,155
"S01001036",456,269,187
"S01001037",616,330,286
"S01001038",584,410,174
"S01001039",413,279,134
"S01001040",527,350,177
"S01001041",526,332,194
"S01001042",739,552,187
"S01001043",506,382,124
"S01001044",650,357,293
"S01001045",473,321,152
"S01001046",619,420,199
"S01001047",601,324,277
"S01001048",459,311,148
"S01001049",456,294,162
"S01001050",713,467,246
"S01001051",418,252,166
"S01001052",401,242,159
"S01001053",556,344,212
"S01001054",538,324,214
"S01001055",590,354,236
"S01001056",506,334,172
"S01001057",451,311,140
"S01001058",565,350,215
"S01001059",460,307,153
"S01001060",537,365,172
"S01001061",558,373,185
"S01001062",457,308,149
"S01001063",633,397,236
"S01001064",536,330,206
"S01001065",551,361,190
"S01001066",580,364,216
"S01001067",613,392,221
"S01001068",688,423,265
"S01001069",666,427,239
"S01001070",636,381,255
"S01001071",527,317,210
"S01001072",695,460,235
"S01001073",869,506,363
"S01001074",377,252,125
"S01001075",649,375,274
"S01001076",631,387,244
"S01001077",625,390,235
"S01001078",707,473,234
"S01001079",400,283,117
"S01001080",550,324,226
"S01001081",464,251,213
"S01001082",667,436,231
"S01001083",605,342,263
"S01001084",682,378,304
"S01001085",584,337,247
"S01001086",535,227,308
"S01001087",379,181,198
"S01001088",762,411,351
"S01001089",684,382,302
"S01001090",717,366,351
"S01001091",498,228,270
"S01001092",908,410,498
"S01001093",792,235,557
"S01001094",680,428,252
"S01001095",1473,169,1304
"S01001096",835,255,580
"S01001097",507,298,209
"S01001098",746,323,423
"S01001099",1763,418,1345
"S01001100",757,359,398
"S01001101",1488,311,1177
"S01001102",1325,123,1202
"S01001103",522,306,216
"S01001104",693,182,511
"S01001105",573,336,237
"S01001106",696,466,230
"S01001107",767,370,397
"S01001108",1489,704,785
"S01001109",1533,373,1160
"S01001110",672,286,386
"S01001111",949,426,523
"S01001112",566,353,213
"S01001113",904,332,572
"S01001114",765,238,527
"S01001115",568,303,265
"S01001116",487,220,267
"S01001117",487,214,273
"S01001118",380,221,159
"S01001119",733,432,301
"S01001120",470,277,193
"S01001121",505,295,210
"S01001122",590,273,317
"S01001123",777,478,299
"S01001124",453,259,194
"S01001125",271,155,116
"S01001126",602,362,240
"S01001127",624,337,287
"S01001128",516,326,190
"S01001129",713,398,315
"S01001130",564,329,235
"S01001131",396,187,209
"S01001132",499,306,193
"S01001133",757,456,301
"S01001134",639,420,219
"S01001135",251,123,128
"S01001136",845,366,479
"S01001137",811,328,483
"S01001138",1153,681,472
"S01001139",508,256,252
"S01001140",720,386,334
"S01001141",397,184,213
"S01001142",628,351,277
"S01001143",491,262,229
"S01001144",504,294,210
"S01001145",421,212,209
"S01001146",594,349,245
"S01001147",674,308,366
"S01001148",532,296,236
"S01001149",523,318,205
"S01001150",552,274,278
"S01001151",402,142,260
"S01001152",697,339,358
"S01001153",495,296,199
"S01001154",522,322,200
"S01001155",405,238,167
"S01001156",654,343,311
"S01001157",588,389,199
"S01001158",390,204,186
"S01001159",449,258,191
"S01001160",335,170,165
"S01001161",422,248,174
"S01001162",616,396,220
"S01001163",576,260,316
"S01001164",489,241,248
"S01001165",647,317,330
"S01001166",213,84,129
"S01001167",595,331,264
"S01001168",661,406,255
"S01001169",780,353,427
"S01001170",586,275,311
"S01001171",477,322,155
"S01001172",453,237,216
"S01001173",629,356,273
"S01001174",519,256,263
"S01001175",606,318,288
"S01001176",634,368,266
"S01001177",633,279,354
"S01001178",519,218,301
"S01001179",653,386,267
"S01001180",566,259,307
"S01001181",589,328,261
"S01001182",666,386,280
"S01001183",667,313,354
"S01001184",642,425,217
"S01001185",376,197,179
"S01001186",537,323,214
"S01001187",658,374,284
"S01001188",631,320,311
"S01001189",682,387,295
"S01001190",496,282,214
"S01001191",496,299,197
"S01001192",726,328,398
"S01001193",637,396,241
"S01001194",658,406,252
"S01001195",628,340,288
"S01001196",774,402,372
"S01001197",382,216,166
"S01001198",514,282,232
"S01001199",614,297,317
"S01001200",728,308,420
"S01001201",499,237,262
"S01001202",411,223,188
"S01001203",534,254,280
"S01001204",581,362,219
"S01001205",543,368,175
"S01001206",578,335,243
"S01001207",542,283,259
"S01001208",389,199,190
"S01001209",398,322,76
"S01001210",570,283,287
"S01001211",735,450,285
"S01001212",425,207,218
"S01001213",752,245,507
"S01001214",521,248,273
"S01001215",533,335,198
"S01001216",672,382,290
"S01001217",778,389,389
"S01001218",587,422,165
"S01001219",564,388,176
"S01001220",388,202,186
"S01001221",1019,729,290
"S01001222",745,383,362
"S01001223",577,395,182
"S01001224",655,306,349
"S01001225",675,448,227
"S01001226",337,165,172
"S01001227",515,353,162
"S01001228",542,327,215
"S01001229",538,356,182
"S01001230",588,211,377
"S01001231",463,272,191
"S01001232",1695,1333,362
"S01001233",646,290,356
"S01001234",352,183,169
"S01001235",615,363,252
"S01001236",630,291,339
"S01001237",419,269,150
"S01001238",376,173,203
"S01001239",404,179,225
"S01001240",556,310,246
"S01001241",435,261,174
"S01001242",722,526,196
"S01001243",799,453,346
"S01001244",618,410,208
"S01001245",578,278,300
"S01001246",730,388,342
"S01001247",435,250,185
"S01001248",629,457,172
"S01001249",489,272,217
"S01001250",649,348,301
"S01001251",369,179,190
"S01001252",427,227,200
"S01001253",455,194,261
"S01001254",495,262,233
"S01001255",606,344,262
"S01001256",538,286,252
"S01001257",547,275,272
"S01001258",455,217,238
"S01001259",594,381,213
"S01001260",551,279,272
"S01001261",641,297,344
"S01001262",687,448,239
"S01001263",355,182,173
"S01001264",1387,1076,311
"S01001265",441,358,83
"S01001266",569,380,189
"S01001267",683,373,310
"S01001268",523,349,174
"S01001269",412,263,149
"S01001270",485,203,282
"S01001271",529,216,313
"S01001272",506,302,204
"S01001273",550,282,268
"S01001274",558,268,290
"S01001275",471,241,230
"S01001276",467,296,171
"S01001277",588,315,273
"S01001278",311,191,120
"S01001279",509,226,283
"S01001280",428,211,217
"S01001281",526,254,272
"S01001282",574,297,277
"S01001283",396,247,149
"S01001284",732,460,272
"S01001285",486,267,219
"S01001286",358,218,140
"S01001287",594,299,295
"S01001288",652,369,283
"S01001289",535,307,228
"S01001290",486,279,207
"S01001291",291,180,111
"S01001292",558,282,276
"S01001293",605,339,266
"S01001294",476,231,245
"S01001295",584,296,288
"S01001296",449,235,214
"S01001297",631,366,265
"S01001298",642,368,274
"S01001299",648,360,288
"S01001300",1127,758,369
"S01001301",408,210,198
"S01001302",575,361,214
"S01001303",463,310,153
"S01001304",1034,724,310
"S01001305",554,359,195
"S01001306",521,280,241
"S01001307",876,545,331
"S01001308",690,350,340
"S01001309",482,235,247
"S01001310",567,258,309
"S01001311",483,293,190
"S01001312",567,262,305
"S01001313",677,385,292
"S01001314",567,367,200
"S01001315",764,467,297
"S01001316",690,320,370
"S01001317",685,433,252
"S01001318",402,229,173
"S01001319",479,223,256
"S01001320",635,326,309
"S01001321",429,293,136
"S01001322",656,388,268
"S01001323",418,235,183
"S01001324",668,245,423
"S01001325",516,260,256
"S01001326",614,362,252
"S01001327",569,285,284
"S01001328",589,286,303
"S01001329",414,226,188
"S01001330",678,451,227
"S01001331",590,352,238
"S01001332",625,387,238
"S01001333",610,313,297
"S01001334",606,363,243
"S01001335",659,372,287
"S01001336",600,375,225
"S01001337",597,367,230
"S01001338",553,271,282
"S01001339",561,351,210
"S01001340",533,305,228
"S01001341",629,329,300
"S01001342",702,383,319
"S01001343",710,424,286
"S01001344",605,359,246
"S01001345",467,242,225
"S01001346",542,337,205
"S01001347",550,349,201
"S01001348",470,269,201
"S01001349",1122,489,633
"S01001350",484,219,265
"S01001351",359,262,97
"S01001352",597,381,216
"S01001353",1006,785,221
"S01001354",608,329,279
"S01001355",572,320,252
"S01001356",489,295,194
"S01001357",536,290,246
"S01001358",694,400,294
"S01001359",537,353,184
"S01001360",829,504,325
"S01001361",518,365,153
"S01001362",426,247,179
"S01001363",456,296,160
"S01001364",631,335,296
"S01001365",474,266,208
"S01001366",638,377,261
"S01001367",528,325,203
"S01001368",899,625,274
"S01001369",687,393,294
"S01001370",639,419,220
"S01001371",470,301,169
"S01001372",565,375,190
"S01001373",517,301,216
"S01001374",400,233,167
"S01001375",513,342,171
"S01001376",646,400,246
"S01001377",556,269,287
"S01001378",487,309,178
"S01001379",761,468,293
"S01001380",587,343,244
"S01001381",615,341,274
"S01001382",477,242,235
"S01001383",433,257,176
"S01001384",698,337,361
"S01001385",585,336,249
"S01001386",722,378,344
"S01001387",699,379,320
"S01001388",1007,537,470
"S01001389",370,196,174
"S01001390",586,371,215
"S01001391",532,313,219
"S01001392",531,236,295
"S01001393",399,252,147
"S01001394",327,163,164
"S01001395",665,436,229
"S01001396",531,321,210
"S01001397",584,279,305
"S01001398",593,365,228
"S01001399",610,277,333
"S01001400",627,339,288
"S01001401",496,306,190
"S01001402",676,453,223
"S01001403",923,681,242
"S01001404",484,367,117
"S01001405",882,648,234
"S01001406",1887,1445,442
"S01001407",616,355,261
"S01001408",662,392,270
"S01001409",691,428,263
"S01001410",739,461,278
"S01001411",494,348,146
"S01001412",620,340,280
"S01001413",663,477,186
"S01001414",502,269,233
"S01001415",593,358,235
"S01001416",500,305,195
"S01001417",735,490,245
"S01001418",650,373,277
"S01001419",559,336,223
"S01001420",864,609,255
"S01001421",821,492,329
"S01001422",541,385,156
"S01001423",599,411,188
"S01001424",780,450,330
"S01001425",1189,766,423
"S01001426",607,362,245
"S01001427",652,456,196
"S01001428",659,388,271
"S01001429",452,282,170
"S01001430",671,381,290
"S01001431",726,457,269
"S01001432",531,370,161
"S01001433",614,359,255
"S01001434",638,403,235
"S01001435",778,486,292
"S01001436",719,465,254
"S01001437",683,415,268
"S01001438",401,215,186
"S01001439",539,357,182
"S01001440",686,450,236
"S01001441",554,317,237
"S01001442",510,323,187
"S01001443",699,466,233
"S01001444",734,486,248
"S01001445",518,361,157
"S01001446",630,361,269
"S01001447",948,608,340
"S01001448",557,329,228
"S01001449",441,264,177
"S01001450",558,338,220
"S01001451",497,325,172
"S01001452",607,383,224
"S01001453",635,406,229
"S01001454",701,444,257
"S01001455",541,354,187
"S01001456",418,219,199
"S01001457",675,411,264
"S01001458",682,399,283
"S01001459",648,375,273
"S01001460",494,296,198
"S01001461",582,353,229
"S01001462",570,340,230
"S01001463",352,208,144
"S01001464",659,427,232
"S01001465",515,329,186
"S01001466",540,320,220
"S01001467",644,435,209
"S01001468",488,298,190
"S01001469",595,352,243
"S01001470",659,401,258
"S01001471",529,325,204
"S01001472",582,345,237
"S01001473",528,321,207
"S01001474",587,373,214
"S01001475",419,241,178
"S01001476",720,458,262
"S01001477",703,439,264
"S01001478",475,290,185
"S01001479",431,263,168
"S01001480",367,243,124
"S01001481",606,388,218
"S01001482",522,299,223
"S01001483",748,463,285
"S01001484",602,415,187
"S01001485",468,289,179
"S01001486",494,290,204
"S01001487",496,265,231
"S01001488",638,417,221
"S01001489",495,362,133
"S01001490",748,447,301
"S01001491",619,407,212
"S01001492",674,379,295
"S01001493",695,407,288
"S01001494",684,418,266
"S01001495",437,241,196
"S01001496",637,413,224
"S01001497",596,337,259
"S01001498",527,325,202
"S01001499",812,554,258
"S01001500",381,212,169
"S01001501",596,351,245
"S01001502",643,403,240
"S01001503",636,426,210
"S01001504",681,423,258
"S01001505",716,446,270
"S01001506",470,313,157
"S01001507",695,453,242
"S01001508",696,436,260
"S01001509",610,330,280
"S01001510",450,239,211
"S01001511",425,223,202
"S01001512",613,313,300
"S01001513",634,312,322
"S01001514",620,396,224
"S01001515",489,288,201
"S01001516",509,303,206
"S01001517",549,296,253
"S01001518",752,458,294
"S01001519",686,444,242
"S01001520",528,322,206
"S01001521",698,409,289
"S01001522",755,419,336
"S01001523",578,409,169
"S01001524",686,397,289
"S01001525",621,391,230
"S01001526",485,300,185
"S01001527",656,401,255
"S01001528",744,496,248
"S01001529",485,288,197
"S01001530",530,353,177
"S01001531",861,574,287
"S01001532",397,248,149
"S01001533",640,422,218
"S01001534",515,316,199
"S01001535",654,393,261
"S01001536",600,368,232
"S01001537",376,196,180
"S01001538",568,340,228
"S01001539",667,436,231
"S01001540",600,420,180
"S01001541",635,363,272
"S01001542",537,331,206
"S01001543",564,367,197
"S01001544",704,415,289
"S01001545",602,439,163
"S01001546",713,363,350
"S01001547",663,371,292
"S01001548",778,588,190
"S01001549",756,506,250
"S01001550",612,425,187
"S01001551",665,415,250
"S01001552",647,410,237
"S01001553",674,441,233
"S01001554",715,498,217
"S01001555",544,324,220
"S01001556",627,405,222
"S01001557",714,500,214
"S01001558",597,391,206
"S01001559",298,167,131
"S01001560",1292,332,960
"S01001561",947,674,273
"S01001562",1861,1399,462
"S01001563",439,312,127
"S01001564",414,257,157
"S01001565",527,334,193
"S01001566",491,342,149
"S01001567",731,533,198
"S01001568",563,374,189
"S01001569",604,470,134
"S01001570",387,277,110
"S01001571",521,301,220
"S01001572",412,296,116
"S01001573",492,346,146
"S01001574",642,377,265
"S01001575",579,402,177
"S01001576",434,241,193
"S01001577",558,365,193
"S01001578",551,333,218
"S01001579",596,358,238
"S01001580",431,263,168
"S01001581",512,289,223
"S01001582",531,361,170
"S01001583",357,213,144
"S01001584",552,330,222
"S01001585",643,362,281
"S01001586",374,275,99
"S01001587",521,312,209
"S01001588",555,343,212
"S01001589",621,368,253
"S01001590",476,309,167
"S01001591",428,236,192
"S01001592",590,368,222
"S01001593",637,418,219
"S01001594",606,371,235
"S01001595",500,280,220
"S01001596",560,376,184
"S01001597",618,314,304
"S01001598",515,317,198
"S01001599",754,504,250
"S01001600",762,489,273
"S01001601",905,628,277
"S01001602",479,326,153
"S01001603",752,507,245
"S01001604",440,256,184
"S01001605",570,403,167
"S01001606",454,284,170
"S01001607",1961,1495,466
"S01001608",646,460,186
"S01001609",659,419,240
"S01001610",558,382,176
"S01001611",773,522,251
"S01001612",612,390,222
"S01001613",581,325,256
"S01001614",401,250,151
"S01001615",611,380,231
"S01001616",518,369,149
"S01001617",441,240,201
"S01001618",689,468,221
"S01001619",514,311,203
"S01001620",640,328,312
"S01001621",512,324,188
"S01001622",615,388,227
"S01001623",550,349,201
"S01001624",710,432,278
"S01001625",582,321,261
"S01001626",527,349,178
"S01001627",1026,717,309
"S01001628",434,270,164
"S01001629",425,261,164
"S01001630",424,233,191
"S01001631",1032,730,302
"S01001632",433,331,102
"S01001633",666,388,278
"S01001634",745,517,228
"S01001635",553,368,185
"S01001636",396,283,113
"S01001637",544,379,165
"S01001638",665,422,243
"S01001639",506,283,223
"S01001640",501,291,210
"S01001641",1088,763,325
"S01001642",645,371,274
"S01001643",522,322,200
"S01001644",1212,828,384
"S01001645",702,446,256
"S01001646",467,322,145
"S01001647",451,273,178
"S01001648",537,345,192
"S01001649",552,310,242
"S01001650",567,361,206
"S01001651",630,395,235
"S01001652",569,362,207
"S01001653",495,337,158
"S01001654",647,453,194
"S01001655",410,235,175
"S01001656",932,619,313
"S01001657",371,261,110
"S01001658",737,462,275
"S01001659",453,269,184
"S01001660",473,270,203
"S01001661",606,401,205
"S01001662",516,293,223
"S01001663",593,355,238
"S01001664",402,270,132
"S01001665",507,274,233
"S01001666",392,248,144
"S01001667",516,290,226
"S01001668",595,359,236
"S01001669",507,309,198
"S01001670",446,293,153
"S01001671",389,256,133
"S01001672",405,241,164
"S01001673",483,330,153
"S01001674",493,290,203
"S01001675",502,326,176
"S01001676",833,532,301
"S01001677",637,384,253
"S01001678",666,443,223
"S01001679",603,363,240
"S01001680",416,228,188
"S01001681",463,274,189
"S01001682",490,350,140
"S01001683",520,291,229
"S01001684",387,229,158
"S01001685",511,283,228
"S01001686",626,398,228
"S01001687",636,375,261
"S01001688",672,474,198
"S01001689",510,277,233
"S01001690",620,448,172
"S01001691",611,361,250
"S01001692",455,280,175
"S01001693",576,426,150
"S01001694",492,326,166
"S01001695",564,341,223
"S01001696",552,341,211
"S01001697",656,385,271
"S01001698",383,237,146
"S01001699",481,345,136
"S01001700",682,423,259
"S01001701",578,343,235
"S01001702",651,363,288
"S01001703",622,441,181
"S01001704",674,370,304
"S01001705",486,357,129
"S01001706",570,370,200
"S01001707",549,315,234
"S01001708",650,393,257
"S01001709",453,324,129
"S01001710",499,316,183
"S01001711",583,364,219
"S01001712",360,235,125
"S01001713",660,427,233
"S01001714",503,329,174
"S01001715",657,435,222
"S01001716",644,343,301
"S01001717",567,359,208
"S01001718",380,249,131
"S01001719",579,387,192
"S01001720",479,343,136
"S01001721",511,311,200
"S01001722",528,363,165
"S01001723",631,388,243
"S01001724",551,267,284
"S01001725",545,319,226
"S01001726",484,316,168
"S01001727",680,442,238
"S01001728",465,335,130
"S01001729",714,472,242
"S01001730",452,285,167
"S01001731",475,295,180
"S01001732",429,283,146
"S01001733",616,421,195
"S01001734",375,206,169
"S01001735",342,234,108
"S01001736",774,466,308
"S01001737",441,314,127
"S01001738",431,254,177
"S01001739",475,353,122
"S01001740",567,363,204
"S01001741",469,269,200
"S01001742",530,294,236
"S01001743",710,385,325
"S01001744",420,286,134
"S01001745",609,391,218
"S01001746",617,385,232
"S01001747",623,364,259
"S01001748",457,296,161
"S01001749",529,297,232
"S01001750",495,256,239
"S01001751",700,423,277
"S01001752",713,439,274
"S01001753",576,287,289
"S01001754",545,363,182
"S01001755",772,460,312
"S01001756",372,197,175
"S01001757",572,343,229
"S01001758",492,289,203
"S01001759",523,290,233
"S01001760",593,372,221
"S01001761",522,261,261
"S01001762",599,343,256
"S01001763",566,388,178
"S01001764",395,275,120
"S01001765",693,422,271
"S01001766",471,284,187
"S01001767",408,253,155
"S01001768",455,292,163
"S01001769",421,244,177
"S01001770",454,254,200
"S01001771",621,412,209
"S01001772",355,203,152
"S01001773",724,407,317
"S01001774",467,314,153
"S01001775",534,328,206
"S01001776",465,279,186
"S01001777",663,444,219
"S01001778",675,327,348
"S01001779",368,210,158
"S01001780",603,361,242
"S01001781",476,293,183
"S01001782",672,423,249
"S01001783",410,181,229
"S01001784",399,226,173
"S01001785",510,329,181
"S01001786",420,303,117
"S01001787",448,268,180
"S01001788",619,401,218
"S01001789",551,339,212
"S01001790",536,362,174
"S01001791",548,336,212
"S01001792",510,337,173
"S01001793",630,419,211
"S01001794",631,404,227
"S01001795",335,240,95
"S01001796",583,315,268
"S01001797",457,290,167
"S01001798",621,378,243
"S01001799",738,370,368
"S01001800",728,509,219
"S01001801",721,450,271
"S01001802",641,480,161
"S01001803",786,566,220
"S01001804",736,487,249
"S01001805",530,340,190
"S01001806",469,286,183
"S01001807",601,373,228
"S01001808",411,243,168
"S01001809",755,372,383
"S01001810",676,416,260
"S01001811",508,303,205
"S01001812",626,399,227
"S01001813",543,350,193
"S01001814",549,362,187
"S01001815",602,364,238
"S01001816",783,514,269
"S01001817",492,288,204
"S01001818",518,318,200
"S01001819",688,427,261
"S01001820",522,273,249
"S01001821",360,250,110
"S01001822",771,520,251
"S01001823",584,293,291
"S01001824",518,302,216
"S01001825",630,410,220
"S01001826",430,204,226
"S01001827",612,350,262
"S01001828",542,387,155
"S01001829",506,335,171
"S01001830",670,453,217
"S01001831",532,350,182
"S01001832",495,277,218
"S01001833",852,597,255
"S01001834",467,262,205
"S01001835",479,319,160
"S01001836",619,389,230
"S01001837",658,446,212
"S01001838",472,283,189
"S01001839",618,344,274
"S01001840",497,284,213
"S01001841",505,338,167
"S01001842",576,409,167
"S01001843",516,304,212
"S01001844",2209,446,1763
"S01001845",555,396,159
"S01001846",618,422,196
"S01001847",653,348,305
"S01001848",547,323,224
"S01001849",422,244,178
"S01001850",545,379,166
"S01001851",606,413,193
"S01001852",606,351,255
"S01001853",510,329,181
"S01001854",623,360,263
"S01001855",594,381,213
"S01001856",548,274,274
"S01001857",492,272,220
"S01001858",575,362,213
"S01001859",774,438,336
"S01001860",726,389,337
"S01001861",599,344,255
"S01001862",630,405,225
"S01001863",645,432,213
"S01001864",957,503,454
"S01001865",497,215,282
"S01001866",503,331,172
"S01001867",541,310,231
"S01001868",506,280,226
"S01001869",648,419,229
"S01001870",665,344,321
"S01001871",1242,811,431
"S01001872",629,352,277
"S01001873",527,342,185
"S01001874",807,465,342
"S01001875",640,411,229
"S01001876",749,434,315
"S01001877",674,335,339
"S01001878",751,464,287
"S01001879",492,220,272
"S01001880",590,288,302
"S01001881",578,353,225
"S01001882",593,403,190
"S01001883",398,240,158
"S01001884",672,377,295
"S01001885",821,508,313
"S01001886",457,187,270
"S01001887",613,391,222
"S01001888",626,392,234
"S01001889",417,265,152
"S01001890",747,451,296
"S01001891",519,289,230
"S01001892",747,339,408
"S01001893",770,338,432
"S01001894",552,244,308
"S01001895",607,335,272
"S01001896",564,375,189
"S01001897",686,346,340
"S01001898",477,236,241
"S01001899",602,365,237
"S01001900",556,349,207
"S01001901",588,387,201
"S01001902",684,464,220
"S01001903",433,251,182
"S01001904",463,262,201
"S01001905",672,438,234
"S01001906",505,254,251
"S01001907",582,314,268
"S01001908",718,336,382
"S01001909",538,267,271
"S01001910",564,337,227
"S01001911",522,382,140
"S01001912",559,377,182
"S01001913",753,467,286
"S01001914",417,254,163
"S01001915",671,431,240
"S01001916",681,414,267
"S01001917",475,320,155
"S01001918",775,496,279
"S01001919",637,407,230
"S01001920",534,291,243
"S01001921",446,245,201
"S01001922",621,433,188
"S01001923",455,277,178
"S01001924",539,321,218
"S01001925",544,343,201
"S01001926",454,246,208
"S01001927",609,375,234
"S01001928",780,432,348
"S01001929",730,497,233
"S01001930",695,465,230
"S01001931",549,267,282
"S01001932",1351,452,899
"S01001933",627,419,208
"S01001934",1253,845,408
"S01001935",679,279,400
"S01001936",766,454,312
"S01001937",656,369,287
"S01001938",491,294,197
"S01001939",460,238,222
"S01001940",627,355,272
"S01001941",808,457,351
"S01001942",438,267,171
"S01001943",508,274,234
"S01001944",486,259,227
"S01001945",514,302,212
"S01001946",607,334,273
"S01001947",642,341,301
"S01001948",588,254,334
"S01001949",520,292,228
"S01001950",734,507,227
"S01001951",661,315,346
"S01001952",573,361,212
"S01001953",683,364,319
"S01001954",336,208,128
"S01001955",861,477,384
"S01001956",525,274,251
"S01001957",360,192,168
"S01001958",674,305,369
"S01001959",424,268,156
"S01001960",754,397,357
"S01001961",916,651,265
"S01001962",698,444,254
"S01001963",777,444,333
"S01001964",625,501,124
"S01001965",570,307,263
"S01001966",1217,613,604
"S01001967",522,402,120
"S01001968",591,386,205
"S01001969",494,281,213
"S01001970",428,257,171
"S01001971",584,320,264
"S01001972",571,419,152
"S01001973",525,375,150
"S01001974",681,398,283
"S01001975",570,289,281
"S01001976",706,277,429
"S01001977",568,306,262
"S01001978",968,477,491
"S01001979",527,311,216
"S01001980",728,536,192
"S01001981",798,376,422
"S01001982",296,151,145
"S01001983",609,327,282
"S01001984",806,536,270
"S01001985",567,376,191
"S01001986",597,396,201
"S01001987",735,206,529
"S01001988",570,386,184
"S01001989",638,410,228
"S01001990",800,300,500
"S01001991",592,411,181
"S01001992",597,307,290
"S01001993",571,304,267
"S01001994",780,470,310
"S01001995",540,418,122
"S01001996",765,376,389
"S01001997",608,348,260
"S01001998",551,388,163
"S01001999",669,199,470
"S01002000",581,368,213
"S01002001",738,515,223
"S01002002",671,211,460
"S01002003",660,453,207
"S01002004",707,450,257
"S01002005",599,350,249
"S01002006",661,450,211
"S01002007",910,611,299
"S01002008",806,476,330
"S01002009",744,320,424
"S01002010",474,196,278
"S01002011",831,617,214
"S01002012",690,381,309
"S01002013",627,311,316
"S01002014",739,271,468
"S01002015",611,405,206
"S01002016",537,373,164
"S01002017",775,302,473
"S01002018",534,374,160
"S01002019",756,268,488
"S01002020",542,118,424
"S01002021",739,446,293
"S01002022",734,541,193
"S01002023",687,405,282
"S01002024",590,400,190
"S01002025",792,540,252
"S01002026",459,285,174
"S01002027",1119,338,781
"S01002028",2442,240,2202
"S01002029",699,218,481
"S01002030",693,455,238
"S01002031",558,348,210
"S01002032",644,363,281
"S01002033",709,454,255
"S01002034",713,305,408
"S01002035",556,369,187
"S01002036",841,528,313
"S01002037",624,209,415
"S01002038",456,219,237
"S01002039",477,286,191
"S01002040",548,349,199
"S01002041",765,503,262
"S01002042",622,380,242
"S01002043",539,366,173
"S01002044",438,238,200
"S01002045",725,453,272
"S01002046",538,345,193
"S01002047",649,318,331
"S01002048",822,170,652
"S01002049",1041,402,639
"S01002050",505,301,204
"S01002051",548,301,247
"S01002052",805,470,335
"S01002053",925,302,623
"S01002054",586,233,353
"S01002055",721,467,254
"S01002056",639,400,239
"S01002057",685,481,204
"S01002058",998,425,573
"S01002059",614,338,276
"S01002060",717,181,536
"S01002061",653,367,286
"S01002062",417,220,197
"S01002063",1099,493,606
"S01002064",1014,615,399
"S01002065",893,276,617
"S01002066",967,339,628
"S01002067",605,378,227
"S01002068",871,520,351
"S01002069",445,317,128
"S01002070",599,263,336
"S01002071",620,213,407
"S01002072",794,550,244
"S01002073",591,338,253
"S01002074",486,307,179
"S01002075",747,536,211
"S01002076",774,326,448
"S01002077",571,371,200
"S01002078",799,556,243
"S01002079",954,421,533
"S01002080",710,428,282
"S01002081",670,349,321
"S01002082",702,483,219
"S01002083",364,215,149
"S01002084",732,442,290
"S01002085",726,205,521
"S01002086",590,195,395
"S01002087",938,280,658
"S01002088",646,425,221
"S01002089",752,523,229
"S01002090",749,432,317
"S01002091",773,335,438
"S01002092",672,426,246
"S01002093",916,354,562
"S01002094",532,321,211
"S01002095",395,235,160
"S01002096",1014,737,277
"S01002097",540,320,220
"S01002098",534,298,236
"S01002099",743,439,304
"S01002100",410,265,145
"S01002101",921,405,516
"S01002102",480,287,193
"S01002103",481,326,155
"S01002104",1259,310,949
"S01002105",679,412,267
"S01002106",911,280,631
"S01002107",377,228,149
"S01002108",1154,241,913
"S01002109",866,402,464
"S01002110",533,387,146
"S01002111",711,464,247
"S01002112",799,546,253
"S01002113",516,310,206
"S01002114",522,361,161
"S01002115",933,581,352
"S01002116",616,401,215
"S01002117",665,343,322
"S01002118",1078,286,792
"S01002119",421,268,153
"S01002120",570,361,209
"S01002121",481,304,177
"S01002122",589,365,224
"S01002123",707,468,239
"S01002124",730,470,260
"S01002125",777,492,285
"S01002126",425,273,152
"S01002127",511,319,192
"S01002128",716,476,240
"S01002129",920,353,567
"S01002130",424,255,169
"S01002131",768,374,394
"S01002132",580,383,197
"S01002133",860,596,264
"S01002134",411,281,130
"S01002135",620,377,243
"S01002136",638,470,168
"S01002137",652,440,212
"S01002138",516,324,192
"S01002139",515,357,158
"S01002140",609,371,238
"S01002141",548,367,181
"S01002142",766,516,250
"S01002143",505,321,184
"S01002144",462,262,200
"S01002145",816,511,305
"S01002146",855,631,224
"S01002147",624,386,238
"S01002148",596,394,202
"S01002149",790,475,315
"S01002150",545,378,167
"S01002151",1338,914,424
"S01002152",637,393,244
"S01002153",361,229,132
"S01002154",623,377,246
"S01002155",732,396,336
"S01002156",630,408,222
"S01002157",583,397,186
"S01002158",640,473,167
"S01002159",578,349,229
"S01002160",749,399,350
"S01002161",722,384,338
"S01002162",738,454,284
"S01002163",957,697,260
"S01002164",566,344,222
"S01002165",692,494,198
"S01002166",699,395,304
"S01002167",431,251,180
"S01002168",869,555,314
"S01002169",666,481,185
"S01002170",577,342,235
"S01002171",440,280,160
"S01002172",515,312,203
"S01002173",684,446,238
"S01002174",756,530,226
"S01002175",870,620,250
"S01002176",581,343,238
"S01002177",670,543,127
"S01002178",794,599,195
"S01002179",480,302,178
"S01002180",523,315,208
"S01002181",666,493,173
"S01002182",683,430,253
"S01002183",743,526,217
"S01002184",532,351,181
"S01002185",750,489,261
"S01002186",632,450,182
"S01002187",821,499,322
"S01002188",546,364,182
"S01002189",568,397,171
"S01002190",765,500,265
"S01002191",582,291,291
"S01002192",613,386,227
"S01002193",623,421,202
"S01002194",579,373,206
"S01002195",902,679,223
"S01002196",476,333,143
"S01002197",590,397,193
"S01002198",712,503,209
"S01002199",719,442,277
"S01002200",730,485,245
"S01002201",949,684,265
"S01002202",778,438,340
"S01002203",424,284,140
"S01002204",567,315,252
"S01002205",592,456,136
"S01002206",897,639,258
"S01002207",598,402,196
"S01002208",599,414,185
"S01002209",855,607,248
"S01002210",467,338,129
"S01002211",491,203,288
"S01002212",917,564,353
"S01002213",608,375,233
"S01002214",655,494,161
"S01002215",732,458,274
"S01002216",1507,1079,428
"S01002217",1059,637,422
"S01002218",494,367,127
"S01002219",462,294,168
"S01002220",558,384,174
"S01002221",861,565,296
"S01002222",598,369,229
"S01002223",497,330,167
"S01002224",636,369,267
"S01002225",886,572,314
"S01002226",871,604,267
"S01002227",611,326,285
"S01002228",728,451,277
"S01002229",446,287,159
"S01002230",876,628,248
"S01002231",778,401,377
"S01002232",601,363,238
"S01002233",831,540,291
"S01002234",678,438,240
"S01002235",881,642,239
"S01002236",713,450,263
"S01002237",1024,692,332
"S01002238",414,210,204
"S01002239",723,357,366
"S01002240",793,476,317
"S01002241",753,452,301
"S01002242",562,373,189
"S01002243",696,455,241
"S01002244",791,584,207
"S01002245",1853,1301,552
"S01002246",834,552,282
"S01002247",590,322,268
"S01002248",837,559,278
"S01002249",756,482,274
"S01002250",719,571,148
"S01002251",604,397,207
"S01002252",535,287,248
"S01002253",697,421,276
"S01002254",776,524,252
"S01002255",1480,1076,404
"S01002256",928,674,254
"S01002257",547,386,161
"S01002258",662,407,255
"S01002259",420,275,145
"S01002260",601,355,246
"S01002261",750,501,249
"S01002262",551,349,202
"S01002263",538,309,229
"S01002264",653,482,171
"S01002265",1209,752,457
"S01002266",628,397,231
"S01002267",780,421,359
"S01002268",478,313,165
"S01002269",732,480,252
"S01002270",1501,982,519
"S01002271",608,397,211
"S01002272",619,477,142
"S01002273",651,449,202
"S01002274",1066,713,353
"S01002275",1058,607,451
"S01002276",592,324,268
"S01002277",681,374,307
"S01002278",815,394,421
"S01002279",1018,482,536
"S01002280",592,414,178
"S01002281",433,196,237
"S01002282",201,95,106
"S01002283",493,304,189
"S01002284",1571,1167,404
"S01002285",803,459,344
"S01002286",571,439,132
"S01002287",476,329,147
"S01002288",1129,867,262
"S01002289",979,651,328
"S01002290",849,558,291
"S01002291",611,214,397
"S01002292",910,598,312
"S01002293",610,393,217
"S01002294",453,324,129
"S01002295",508,350,158
"S01002297",630,422,208
"S01002298",524,373,151
"S01002299",548,332,216
"S01002300",552,332,220
"S01002301",1609,1133,476
"S01002302",675,345,330
"S01002303",587,320,267
"S01002304",1527,1166,361
"S01002305",701,397,304
"S01002306",391,271,120
"S01002307",995,737,258
"S01002308",749,547,202
"S01002309",544,321,223
"S01002310",901,463,438
"S01002311",564,360,204
"S01002312",532,267,265
"S01002313",536,364,172
"S01002314",666,460,206
"S01002315",411,271,140
"S01002316",491,316,175
"S01002317",3121,2314,807
"S01002318",769,503,266
"S01002319",778,379,399
"S01002320",451,344,107
"S01002321",808,369,439
"S01002322",536,378,158
"S01002323",593,400,193
"S01002324",543,252,291
"S01002325",1481,999,482
"S01002326",856,592,264
"S01002327",593,414,179
"S01002328",554,371,183
"S01002329",508,367,141
"S01002330",546,316,230
"S01002331",491,310,181
"S01002332",675,524,151
"S01002333",581,425,156
"S01002334",705,497,208
"S01002335",681,436,245
"S01002336",798,586,212
"S01002337",700,486,214
"S01002338",327,200,127
"S01002339",446,302,144
"S01002340",459,279,180
"S01002341",367,229,138
"S01002342",447,278,169
"S01002343",559,380,179
"S01002344",391,274,117
"S01002345",598,444,154
"S01002346",675,433,242
"S01002347",560,369,191
"S01002348",700,413,287
"S01002349",710,433,277
"S01002350",669,427,242
"S01002351",565,334,231
"S01002352",679,413,266
"S01002353",618,410,208
"S01002354",641,422,219
"S01002355",620,414,206
"S01002356",638,428,210
"S01002357",478,321,157
"S01002358",374,232,142
"S01002359",563,355,208
"S01002360",467,303,164
"S01002361",490,308,182
"S01002362",586,403,183
"S01002363",793,530,263
"S01002364",500,324,176
"S01002365",452,290,162
"S01002366",660,455,205
"S01002367",752,508,244
"S01002368",669,449,220
"S01002369",457,284,173
"S01002370",540,350,190
"S01002371",496,306,190
"S01002372",566,358,208
"S01002373",484,276,208
"S01002374",565,345,220
"S01002375",652,389,263
"S01002376",661,414,247
"S01002377",628,346,282
"S01002378",387,244,143
"S01002379",873,588,285
"S01002380",609,376,233
"S01002381",657,412,245
"S01002382",442,216,226
"S01002383",373,274,99
"S01002384",413,249,164
"S01002385",551,325,226
"S01002386",754,520,234
"S01002387",541,379,162
"S01002388",585,431,154
"S01002389",549,345,204
"S01002390",817,534,283
"S01002391",1007,733,274
"S01002392",1341,1028,313
"S01002393",745,531,214
"S01002394",599,379,220
"S01002395",557,369,188
"S01002396",528,315,213
"S01002397",1400,709,691
"S01002398",629,380,249
"S01002399",742,457,285
"S01002400",663,474,189
"S01002401",840,648,192
"S01002402",629,375,254
"S01002403",549,312,237
"S01002404",741,502,239
"S01002405",587,434,153
"S01002406",637,397,240
"S01002407",522,319,203
"S01002408",618,347,271
"S01002409",458,284,174
"S01002410",388,276,112
"S01002411",1903,1449,454
"S01002412",752,536,216
"S01002413",468,304,164
"S01002414",460,241,219
"S01002415",538,313,225
"S01002416",429,291,138
"S01002417",478,257,221
"S01002418",692,430,262
"S01002419",419,267,152
"S01002420",447,251,196
"S01002421",641,413,228
"S01002422",388,246,142
"S01002423",587,332,255
"S01002424",607,385,222
"S01002425",687,430,257
"S01002426",505,285,220
"S01002427",607,363,244
"S01002428",418,242,176
"S01002429",455,93,362
"S01002430",485,311,174
"S01002431",634,381,253
"S01002432",1113,816,297
"S01002433",395,259,136
"S01002434",685,408,277
"S01002435",517,324,193
"S01002436",528,246,282
"S01002437",610,394,216
"S01002438",518,308,210
"S01002439",581,299,282
"S01002440",643,426,217
"S01002441",508,308,200
"S01002442",373,266,107
"S01002443",475,278,197
"S01002444",379,192,187
"S01002445",700,429,271
"S01002446",684,437,247
"S01002447",517,299,218
"S01002448",389,232,157
"S01002449",483,362,121
"S01002450",579,328,251
"S01002451",742,485,257
"S01002452",377,222,155
"S01002453",532,314,218
"S01002454",570,355,215
"S01002455",435,256,179
"S01002456",721,424,297
"S01002457",557,332,225
"S01002458",644,354,290
"S01002459",421,255,166
"S01002460",627,325,302
"S01002461",348,269,79
"S01002462",569,354,215
"S01002463",663,346,317
"S01002464",399,248,151
"S01002465",554,381,173
"S01002466",749,500,249
"S01002467",369,219,150
"S01002468",510,293,217
"S01002469",484,297,187
"S01002470",611,384,227
"S01002471",410,252,158
"S01002472",430,215,215
"S01002473",690,405,285
"S01002474",336,204,132
"S01002475",385,213,172
"S01002476",679,474,205
"S01002477",606,378,228
"S01002478",670,444,226
"S01002479",543,287,256
"S01002480",390,249,141
"S01002481",688,405,283
"S01002482",735,378,357
"S01002483",495,243,252
"S01002484",610,369,241
"S01002485",670,419,251
"S01002486",397,224,173
"S01002487",356,211,145
"S01002488",468,238,230
"S01002489",435,230,205
"S01002490",408,222,186
"S01002491",345,161,184
"S01002492",693,480,213
"S01002493",689,460,229
"S01002494",494,342,152
"S01002495",478,278,200
"S01002496",990,673,317
"S01002497",640,375,265
"S01002498",510,369,141
"S01002499",690,391,299
"S01002500",450,270,180
"S01002501",354,215,139
"S01002502",595,307,288
"S01002503",531,330,201
"S01002504",1029,704,325
"S01002505",553,304,249
"S01002506",632,420,212
"S01002507",425,256,169
"S01002508",640,418,222
"S01002509",890,630,260
"S01002510",734,473,261
"S01002511",351,211,140
"S01002512",516,355,161
"S01002513",1190,911,279
"S01002514",415,252,163
"S01002515",437,227,210
"S01002516",593,379,214
"S01002517",433,258,175
"S01002518",781,576,205
"S01002519",587,309,278
"S01002520",428,222,206
"S01002521",430,263,167
"S01002522",569,374,195
"S01002523",489,286,203
"S01002524",469,337,132
"S01002525",476,261,215
"S01002526",386,230,156
"S01002527",615,445,170
"S01002528",643,444,199
"S01002529",841,512,329
"S01002530",485,265,220
"S01002531",627,415,212
"S01002532",539,318,221
"S01002533",572,324,248
"S01002534",706,430,276
"S01002535",657,441,216
"S01002536",444,238,206
"S01002537",415,215,200
"S01002538",681,452,229
"S01002539",539,307,232
"S01002540",403,231,172
"S01002541",1336,988,348
"S01002542",525,383,142
"S01002543",402,184,218
"S01002544",639,439,200
"S01002545",594,345,249
"S01002546",592,407,185
"S01002547",597,437,160
"S01002548",780,472,308
"S01002549",437,257,180
"S01002550",387,255,132
"S01002551",403,270,133
"S01002552",444,265,179
"S01002553",564,342,222
"S01002554",459,352,107
"S01002555",572,382,190
"S01002556",560,324,236
"S01002557",603,365,238
"S01002558",408,248,160
"S01002559",491,309,182
"S01002560",432,285,147
"S01002561",570,358,212
"S01002562",453,276,177
"S01002563",782,505,277
"S01002564",421,263,158
"S01002565",668,490,178
"S01002566",546,353,193
"S01002567",1780,1396,384
"S01002568",585,383,202
"S01002569",1054,701,353
"S01002570",483,329,154
"S01002571",490,289,201
"S01002572",434,283,151
"S01002573",381,254,127
"S01002574",638,405,233
"S01002575",978,818,160
"S01002576",534,346,188
"S01002577",692,372,320
"S01002578",562,320,242
"S01002579",695,456,239
"S01002580",563,320,243
"S01002581",543,413,130
"S01002582",530,306,224
"S01002583",717,479,238
"S01002584",1145,797,348
"S01002585",657,394,263
"S01002586",399,231,168
"S01002587",533,368,165
"S01002588",534,362,172
"S01002589",543,324,219
"S01002590",498,283,215
"S01002591",446,258,188
"S01002592",653,379,274
"S01002593",606,343,263
"S01002594",509,403,106
"S01002595",508,320,188
"S01002596",504,272,232
"S01002597",407,254,153
"S01002598",765,512,253
"S01002599",397,251,146
"S01002600",722,541,181
"S01002601",473,298,175
"S01002602",390,246,144
"S01002603",534,314,220
"S01002604",693,410,283
"S01002605",431,289,142
"S01002606",428,273,155
"S01002607",633,393,240
"S01002608",400,276,124
"S01002609",549,330,219
"S01002610",668,401,267
"S01002611",672,465,207
"S01002612",587,343,244
"S01002613",615,392,223
"S01002614",658,409,249
"S01002615",337,257,80
"S01002616",459,275,184
"S01002617",697,343,354
"S01002618",606,317,289
"S01002619",592,380,212
"S01002620",649,360,289
"S01002621",463,298,165
"S01002622",6030,4861,1169
"S01002623",1199,879,320
"S01002624",551,364,187
"S01002625",694,455,239
"S01002626",531,284,247
"S01002627",766,507,259
"S01002628",614,439,175
"S01002629",646,420,226
"S01002630",481,290,191
"S01002631",590,376,214
"S01002632",433,287,146
"S01002633",697,458,239
"S01002634",570,344,226
"S01002635",428,263,165
"S01002636",440,256,184
"S01002637",547,344,203
"S01002638",526,279,247
"S01002639",720,450,270
"S01002640",535,360,175
"S01002641",675,463,212
"S01002642",477,272,205
"S01002643",411,240,171
"S01002644",483,280,203
"S01002645",470,272,198
"S01002646",535,380,155
"S01002647",629,283,346
"S01002648",896,608,288
"S01002649",434,258,176
"S01002650",471,275,196
"S01002651",447,251,196
"S01002652",510,320,190
"S01002653",535,354,181
"S01002654",565,321,244
"S01002655",590,317,273
"S01002656",547,262,285
"S01002657",619,350,269
"S01002658",965,697,268
"S01002659",673,422,251
"S01002660",592,337,255
"S01002661",612,382,230
"S01002662",997,652,345
"S01002663",570,393,177
"S01002664",650,425,225
"S01002665",587,335,252
"S01002666",999,652,347
"S01002667",473,231,242
"S01002668",360,212,148
"S01002669",713,497,216
"S01002670",467,321,146
"S01002671",817,527,290
"S01002672",485,222,263
"S01002673",413,273,140
"S01002674",593,362,231
"S01002675",636,378,258
"S01002676",564,346,218
"S01002677",730,411,319
"S01002678",678,431,247
"S01002679",740,426,314
"S01002680",828,557,271
"S01002681",485,313,172
"S01002682",410,226,184
"S01002683",455,282,173
"S01002684",573,357,216
"S01002685",650,361,289
"S01002686",1219,820,399
"S01002687",910,628,282
"S01002688",511,350,161
"S01002689",652,468,184
"S01002690",414,235,179
"S01002691",1013,678,335
"S01002692",613,408,205
"S01002693",414,289,125
"S01002694",526,305,221
"S01002695",445,298,147
"S01002696",537,336,201
"S01002697",692,403,289
"S01002698",551,340,211
"S01002699",385,226,159
"S01002700",624,342,282
"S01002701",718,476,242
"S01002702",430,234,196
"S01002703",961,634,327
"S01002704",491,288,203
"S01002705",518,299,219
"S01002706",649,366,283
"S01002707",667,399,268
"S01002708",723,447,276
"S01002709",684,364,320
"S01002710",610,370,240
"S01002711",641,367,274
"S01002712",492,280,212
"S01002713",469,207,262
"S01002714",673,346,327
"S01002715",644,392,252
"S01002716",418,275,143
"S01002717",591,385,206
"S01002718",623,306,317
"S01002719",572,327,245
"S01002720",502,280,222
"S01002721",586,313,273
"S01002722",614,358,256
"S01002723",491,234,257
"S01002724",579,295,284
"S01002725",672,403,269
"S01002726",513,331,182
"S01002727",714,509,205
"S01002728",702,397,305
"S01002729",696,481,215
"S01002730",691,442,249
"S01002731",565,298,267
"S01002732",477,314,163
"S01002733",445,270,175
"S01002734",834,496,338
"S01002735",890,571,319
"S01002736",503,291,212
"S01002737",576,407,169
"S01002738",486,306,180
"S01002739",582,347,235
"S01002740",419,288,131
"S01002741",693,486,207
"S01002742",561,333,228
"S01002743",492,256,236
"S01002744",429,286,143
"S01002745",444,233,211
"S01002746",597,334,263
"S01002747",398,215,183
"S01002748",506,301,205
"S01002749",498,268,230
"S01002750",660,349,311
"S01002751",715,399,316
"S01002752",375,208,167
"S01002753",507,302,205
"S01002754",412,253,159
"S01002755",555,267,288
"S01002756",579,322,257
"S01002757",441,280,161
"S01002758",474,249,225
"S01002759",713,402,311
"S01002760",391,220,171
"S01002761",588,342,246
"S01002762",431,223,208
"S01002763",615,370,245
"S01002764",434,209,225
"S01002765",587,270,317
"S01002766",636,369,267
"S01002767",736,460,276
"S01002768",585,366,219
"S01002769",537,348,189
"S01002770",399,208,191
"S01002771",527,289,238
"S01002772",766,456,310
"S01002773",650,395,255
"S01002774",552,308,244
"S01002775",515,239,276
"S01002776",713,474,239
"S01002777",738,421,317
"S01002778",526,256,270
"S01002779",457,226,231
"S01002780",632,315,317
"S01002781",623,346,277
"S01002782",591,266,325
"S01002783",1114,713,401
"S01002784",378,216,162
"S01002785",522,270,252
"S01002786",637,443,194
"S01002787",525,299,226
"S01002788",639,414,225
"S01002789",538,320,218
"S01002790",566,304,262
"S01002791",459,224,235
"S01002792",1471,1029,442
"S01002793",528,243,285
"S01002794",697,399,298
"S01002795",440,273,167
"S01002796",441,271,170
"S01002797",583,389,194
"S01002798",428,234,194
"S01002799",433,224,209
"S01002800",553,388,165
"S01002801",690,346,344
"S01002802",443,266,177
"S01002803",584,351,233
"S01002804",415,252,163
"S01002805",635,322,313
"S01002806",1761,1350,411
"S01002807",464,252,212
"S01002808",582,331,251
"S01002809",477,268,209
"S01002810",687,419,268
"S01002811",721,416,305
"S01002812",463,296,167
"S01002813",547,289,258
"S01002814",659,361,298
"S01002815",514,258,256
"S01002816",430,225,205
"S01002817",398,198,200
"S01002818",458,275,183
"S01002819",544,253,291
"S01002820",590,281,309
"S01002821",866,530,336
"S01002822",584,298,286
"S01002823",536,264,272
"S01002824",601,388,213
"S01002825",591,319,272
"S01002826",355,191,164
"S01002827",510,297,213
"S01002828",673,412,261
"S01002829",570,298,272
"S01002830",464,239,225
"S01002831",824,547,277
"S01002832",574,365,209
"S01002833",823,516,307
"S01002834",602,317,285
"S01002835",528,313,215
"S01002836",381,230,151
"S01002837",455,208,247
"S01002838",398,203,195
"S01002839",425,177,248
"S01002840",494,257,237
"S01002841",883,643,240
"S01002842",394,171,223
"S01002843",528,238,290
"S01002844",421,243,178
"S01002845",637,380,257
"S01002846",804,554,250
"S01002847",679,398,281
"S01002848",582,342,240
"S01002849",730,468,262
"S01002850",654,371,283
"S01002851",286,144,142
"S01002852",712,391,321
"S01002853",326,147,179
"S01002854",587,315,272
"S01002855",424,186,238
"S01002856",545,248,297
"S01002857",400,237,163
"S01002858",468,302,166
"S01002859",582,281,301
"S01002860",780,513,267
"S01002861",663,389,274
"S01002862",426,214,212
"S01002863",513,305,208
"S01002864",425,199,226
"S01002865",677,427,250
"S01002866",761,396,365
"S01002867",374,246,128
"S01002868",537,262,275
"S01002869",400,232,168
"S01002870",669,416,253
"S01002871",485,299,186
"S01002872",424,226,198
"S01002873",522,298,224
"S01002874",574,344,230
"S01002875",383,206,177
"S01002876",511,251,260
"S01002877",557,286,271
"S01002878",391,235,156
"S01002879",601,353,248
"S01002880",388,250,138
"S01002881",706,443,263
"S01002882",563,300,263
"S01002883",725,440,285
"S01002884",551,305,246
"S01002885",969,703,266
"S01002886",604,333,271
"S01002887",430,240,190
"S01002888",330,162,168
"S01002889",654,353,301
"S01002890",486,244,242
"S01002891",547,316,231
"S01002892",474,273,201
"S01002893",835,537,298
"S01002894",560,326,234
"S01002895",424,212,212
"S01002896",465,268,197
"S01002897",420,212,208
"S01002898",732,450,282
"S01002899",404,259,145
"S01002900",493,255,238
"S01002901",564,319,245
"S01002902",549,348,201
"S01002903",626,339,287
"S01002904",518,331,187
"S01002905",571,354,217
"S01002906",610,362,248
"S01002907",427,282,145
"S01002908",565,332,233
"S01002909",599,364,235
"S01002910",793,431,362
"S01002911",641,339,302
"S01002912",1045,671,374
"S01002913",607,379,228
"S01002914",453,233,220
"S01002915",687,404,283
"S01002916",529,216,313
"S01002917",455,282,173
"S01002918",495,275,220
"S01002919",619,317,302
"S01002920",414,252,162
"S01002921",451,264,187
"S01002922",384,221,163
"S01002923",440,271,169
"S01002924",488,295,193
"S01002925",1061,728,333
"S01002926",556,338,218
"S01002927",580,298,282
"S01002928",389,268,121
"S01002929",535,336,199
"S01002930",442,286,156
"S01002931",652,352,300
"S01002932",529,378,151
"S01002933",618,362,256
"S01002934",663,348,315
"S01002935",690,414,276
"S01002936",592,435,157
"S01002937",359,249,110
"S01002938",549,333,216
"S01002939",425,289,136
"S01002940",442,253,189
"S01002941",682,421,261
"S01002942",324,200,124
"S01002943",492,338,154
"S01002944",862,526,336
"S01002945",407,255,152
"S01002946",846,576,270
"S01002947",485,327,158
"S01002948",586,385,201
"S01002949",399,258,141
"S01002950",597,384,213
"S01002951",662,365,297
"S01002952",447,279,168
"S01002953",653,345,308
"S01002954",585,402,183
"S01002955",813,524,289
"S01002956",561,350,211
"S01002957",682,432,250
"S01002958",458,300,158
"S01002959",698,448,250
"S01002960",463,284,179
"S01002961",590,367,223
"S01002962",458,275,183
"S01002963",581,371,210
"S01002964",500,312,188
"S01002965",688,447,241
"S01002966",530,310,220
"S01002967",651,419,232
"S01002968",1058,585,473
"S01002969",694,409,285
"S01002970",458,298,160
"S01002971",885,554,331
"S01002972",816,487,329
"S01002973",608,339,269
"S01002974",793,547,246
"S01002975",452,290,162
"S01002976",636,344,292
"S01002977",531,345,186
"S01002978",750,439,311
"S01002979",523,337,186
"S01002980",571,318,253
"S01002981",562,332,230
"S01002982",454,255,199
"S01002983",611,314,297
"S01002984",532,262,270
"S01002985",410,173,237
"S01002986",563,286,277
"S01002987",858,212,646
"S01002988",525,337,188
"S01002989",813,274,539
"S01002990",627,97,530
"S01002991",975,260,715
"S01002992",661,180,481
"S01002993",519,312,207
"S01002994",1012,136,876
"S01002995",551,68,483
"S01002996",2500,98,2402
"S01002997",703,94,609
"S01002998",606,396,210
"S01002999",988,102,886
"S01003000",531,351,180
"S01003001",442,284,158
"S01003002",676,424,252
"S01003003",446,293,153
"S01003004",343,238,105
"S01003005",431,282,149
"S01003006",803,529,274
"S01003007",590,413,177
"S01003008",681,570,111
"S01003009",402,240,162
"S01003010",536,329,207
"S01003011",566,416,150
"S01003012",694,432,262
"S01003013",502,322,180
"S01003014",495,302,193
"S01003015",566,353,213
"S01003016",327,212,115
"S01003017",461,289,172
"S01003018",603,367,236
"S01003019",627,400,227
"S01003020",488,314,174
"S01003021",495,320,175
"S01003022",721,457,264
"S01003023",550,334,216
"S01003024",506,327,179
"S01003025",626,364,262
"S01003026",578,352,226
"S01003027",779,541,238
"S01003028",580,204,376
"S01003029",834,424,410
"S01003030",987,536,451
"S01003032",408,159,249
"S01003033",372,177,195
"S01003034",699,447,252
"S01003035",747,346,401
"S01003036",738,237,501
"S01003037",1496,1017,479
"S01003038",652,413,239
"S01003039",615,303,312
"S01003040",618,304,314
"S01003041",545,338,207
"S01003042",456,197,259
"S01003043",418,155,263
"S01003044",977,390,587
"S01003045",711,330,381
"S01003046",567,314,253
"S01003047",655,285,370
"S01003048",388,141,247
"S01003049",409,147,262
"S01003050",546,351,195
"S01003051",804,418,386
"S01003052",512,213,299
"S01003053",668,422,246
"S01003054",612,370,242
"S01003055",631,252,379
"S01003056",661,292,369
"S01003057",524,354,170
"S01003058",891,592,299
"S01003059",611,376,235
"S01003060",748,412,336
"S01003061",597,383,214
"S01003062",644,418,226
"S01003063",601,394,207
"S01003064",636,258,378
"S01003065",810,554,256
"S01003066",605,411,194
"S01003067",468,305,163
"S01003068",626,407,219
"S01003069",416,222,194
"S01003070",590,319,271
"S01003071",468,277,191
"S01003072",763,348,415
"S01003073",512,345,167
"S01003074",547,348,199
"S01003075",542,340,202
"S01003076",664,199,465
"S01003077",683,366,317
"S01003078",508,290,218
"S01003079",701,461,240
"S01003080",626,438,188
"S01003081",739,434,305
"S01003082",827,440,387
"S01003083",910,502,408
"S01003084",623,229,394
"S01003085",724,477,247
"S01003086",493,277,216
"S01003087",517,343,174
"S01003088",794,338,456
"S01003089",555,357,198
"S01003090",539,300,239
"S01003091",441,292,149
"S01003092",619,322,297
"S01003093",709,329,380
"S01003094",716,427,289
"S01003095",576,353,223
"S01003096",507,287,220
"S01003097",200,82,118
"S01003098",1042,743,299
"S01003099",392,187,205
"S01003100",590,320,270
"S01003101",388,188,200
"S01003102",540,317,223
"S01003103",546,333,213
"S01003104",681,299,382
"S01003105",567,357,210
"S01003106",525,340,185
"S01003107",559,241,318
"S01003108",620,400,220
"S01003109",694,506,188
"S01003110",558,377,181
"S01003111",631,260,371
"S01003112",719,498,221
"S01003113",546,357,189
"S01003114",624,375,249
"S01003115",800,557,243
"S01003116",727,493,234
"S01003117",632,430,202
"S01003118",336,132,204
"S01003119",476,315,161
"S01003120",1128,803,325
"S01003121",642,298,344
"S01003122",513,284,229
"S01003123",684,419,265
"S01003124",715,583,132
"S01003125",726,540,186
"S01003126",111,45,66
"S01003127",608,377,231
"S01003128",601,362,239
"S01003129",938,674,264
"S01003130",659,440,219
"S01003131",717,561,156
"S01003132",617,310,307
"S01003133",1079,768,311
"S01003134",555,263,292
"S01003135",547,306,241
"S01003136",823,584,239
"S01003137",606,411,195
"S01003138",806,407,399
"S01003139",893,676,217
"S01003140",684,298,386
"S01003141",671,533,138
"S01003142",695,373,322
"S01003143",703,451,252
"S01003144",648,325,323
"S01003145",444,217,227
"S01003146",584,450,134
"S01003147",600,322,278
"S01003148",507,287,220
"S01003149",728,492,236
"S01003150",522,225,297
"S01003151",593,355,238
"S01003152",680,313,367
"S01003153",546,340,206
"S01003154",805,561,244
"S01003155",1019,794,225
"S01003156",659,480,179
"S01003157",851,499,352
"S01003158",458,151,307
"S01003159",139,54,85
"S01003160",478,218,260
"S01003161",468,276,192
"S01003162",472,223,249
"S01003163",536,381,155
"S01003164",639,399,240
"S01003165",715,391,324
"S01003166",576,427,149
"S01003167",696,349,347
"S01003168",741,574,167
"S01003169",1892,1289,603
"S01003170",703,376,327
"S01003171",568,335,233
"S01003172",605,337,268
"S01003173",444,328,116
"S01003174",601,312,289
"S01003175",623,273,350
"S01003176",743,514,229
"S01003177",747,484,263
"S01003178",657,370,287
"S01003179",506,248,258
"S01003180",546,386,160
"S01003181",640,307,333
"S01003182",576,272,304
"S01003183",543,346,197
"S01003184",600,281,319
"S01003185",432,182,250
"S01003186",686,449,237
"S01003187",827,599,228
"S01003188",749,361,388
"S01003189",650,372,278
"S01003190",595,270,325
"S01003191",419,192,227
"S01003192",711,378,333
"S01003193",1258,952,306
"S01003194",549,266,283
"S01003195",573,338,235
"S01003196",733,457,276
"S01003197",614,395,219
"S01003198",727,309,418
"S01003199",745,507,238
"S01003200",577,307,270
"S01003201",210,94,116
"S01003202",788,347,441
"S01003203",592,323,269
"S01003204",685,374,311
"S01003205",606,291,315
"S01003206",675,319,356
"S01003207",615,358,257
"S01003208",912,447,465
"S01003209",426,270,156
"S01003210",660,397,263
"S01003211",621,308,313
"S01003212",532,339,193
"S01003213",398,218,180
"S01003214",541,261,280
"S01003215",663,336,327
"S01003216",486,276,210
"S01003217",517,215,302
"S01003218",509,325,184
"S01003219",550,322,228
"S01003220",571,261,310
"S01003221",637,298,339
"S01003222",590,285,305
"S01003223",689,327,362
"S01003224",499,290,209
"S01003225",485,172,313
"S01003226",570,231,339
"S01003227",1316,821,495
"S01003228",920,511,409
"S01003229",661,420,241
"S01003230",629,363,266
"S01003231",654,338,316
"S01003232",728,356,372
"S01003233",710,446,264
"S01003234",684,398,286
"S01003235",610,373,237
"S01003236",517,239,278
"S01003237",702,329,373
"S01003238",547,343,204
"S01003239",727,411,316
"S01003240",545,373,172
"S01003241",555,358,197
"S01003242",782,419,363
"S01003243",611,362,249
"S01003244",715,297,418
"S01003245",873,380,493
"S01003246",760,245,515
"S01003247",590,302,288
"S01003248",890,493,397
"S01003249",592,356,236
"S01003250",416,223,193
"S01003251",615,243,372
"S01003252",449,259,190
"S01003253",733,287,446
"S01003254",381,139,242
"S01003255",605,342,263
"S01003256",1010,414,596
"S01003257",568,283,285
"S01003258",599,368,231
"S01003259",870,575,295
"S01003260",546,309,237
"S01003261",716,383,333
"S01003262",557,316,241
"S01003263",786,332,454
"S01003264",460,234,226
"S01003265",456,235,221
"S01003266",517,263,254
"S01003267",666,339,327
"S01003268",1395,810,585
"S01003269",713,371,342
"S01003270",615,292,323
"S01003271",1606,957,649
"S01003272",1311,675,636
"S01003273",528,205,323
"S01003274",437,165,272
"S01003275",780,386,394
"S01003276",534,342,192
"S01003277",486,260,226
"S01003278",614,341,273
"S01003279",278,107,171
"S01003280",684,374,310
"S01003281",396,213,183
"S01003282",565,348,217
"S01003283",497,327,170
"S01003284",697,392,305
"S01003285",362,123,239
"S01003286",719,343,376
"S01003287",383,159,224
"S01003288",511,319,192
"S01003289",293,164,129
"S01003290",648,357,291
"S01003291",551,234,317
"S01003292",543,331,212
"S01003293",613,271,342
"S01003294",518,282,236
"S01003295",733,455,278
"S01003296",561,239,322
"S01003297",438,169,269
"S01003298",717,444,273
"S01003299",351,161,190
"S01003300",676,410,266
"S01003301",614,295,319
"S01003302",545,197,348
"S01003303",2294,1054,1240
"S01003304",580,333,247
"S01003305",582,394,188
"S01003306",663,354,309
"S01003307",793,391,402
"S01003308",624,317,307
"S01003309",718,302,416
"S01003310",538,278,260
"S01003311",534,356,178
"S01003312",402,206,196
"S01003313",874,376,498
"S01003314",515,234,281
"S01003315",558,358,200
"S01003316",494,258,236
"S01003317",495,317,178
"S01003318",566,361,205
"S01003320",455,268,187
"S01003321",522,302,220
"S01003322",662,347,315
"S01003323",567,368,199
"S01003324",375,216,159
"S01003325",560,382,178
"S01003326",596,280,316
"S01003327",481,241,240
"S01003328",977,537,440
"S01003329",608,346,262
"S01003330",738,517,221
"S01003331",476,184,292
"S01003332",299,131,168
"S01003333",726,333,393
"S01003334",723,399,324
"S01003335",608,322,286
"S01003336",713,276,437
"S01003337",973,515,458
"S01003338",723,438,285
"S01003339",576,349,227
"S01003340",743,366,377
"S01003341",701,508,193
"S01003342",523,210,313
"S01003343",513,258,255
"S01003344",334,202,132
"S01003345",712,434,278
"S01003346",666,330,336
"S01003347",741,251,490
"S01003348",877,610,267
"S01003349",982,579,403
"S01003350",594,352,242
"S01003351",866,431,435
"S01003352",857,422,435
"S01003353",591,216,375
"S01003354",464,193,271
"S01003355",841,414,427
"S01003356",676,306,370
"S01003357",274,92,182
"S01003358",1802,864,938
"S01003359",758,554,204
"S01003360",563,350,213
"S01003361",530,222,308
"S01003362",501,246,255
"S01003363",544,257,287
"S01003364",511,240,271
"S01003365",528,266,262
"S01003366",713,360,353
"S01003367",893,350,543
"S01003368",2231,534,1697
"S01003369",431,165,266
"S01003370",676,406,270
"S01003371",617,326,291
"S01003372",550,254,296
"S01003373",2080,1025,1055
"S01003374",336,133,203
"S01003375",723,436,287
"S01003376",399,174,225
"S01003377",513,248,265
"S01003378",649,280,369
"S01003379",456,164,292
"S01003380",1079,674,405
"S01003381",581,347,234
"S01003382",1384,832,552
"S01003383",667,332,335
"S01003384",731,372,359
"S01003385",738,447,291
"S01003386",481,262,219
"S01003387",644,326,318
"S01003388",806,315,491
"S01003389",833,423,410
"S01003390",877,421,456
"S01003391",555,233,322
"S01003392",704,413,291
"S01003393",629,274,355
"S01003394",448,231,217
"S01003395",543,348,195
"S01003396",651,315,336
"S01003397",744,309,435
"S01003398",604,315,289
"S01003399",1780,462,1318
"S01003400",511,257,254
"S01003401",542,207,335
"S01003402",711,298,413
"S01003403",1015,528,487
"S01003404",423,159,264
"S01003405",571,320,251
"S01003406",580,331,249
"S01003407",620,316,304
"S01003408",472,246,226
"S01003409",1286,786,500
"S01003410",1347,554,793
"S01003411",563,304,259
"S01003412",691,344,347
"S01003413",551,305,246
"S01003414",316,143,173
"S01003415",1089,200,889
"S01003416",676,191,485
"S01003417",793,465,328
"S01003418",715,271,444
"S01003419",678,252,426
"S01003420",345,116,229
"S01003421",654,301,353
"S01003422",612,287,325
"S01003423",719,396,323
"S01003424",795,400,395
"S01003425",719,339,380
"S01003426",830,461,369
"S01003427",688,327,361
"S01003428",638,268,370
"S01003429",1443,349,1094
"S01003430",719,398,321
"S01003431",501,231,270
"S01003432",810,357,453
"S01003433",1056,427,629
"S01003434",595,253,342
"S01003435",531,221,310
"S01003436",441,289,152
"S01003437",745,381,364
"S01003438",1339,560,779
"S01003439",972,326,646
"S01003440",344,180,164
"S01003441",1055,555,500
"S01003442",712,352,360
"S01003443",705,267,438
"S01003444",569,217,352
"S01003445",792,354,438
"S01003446",421,172,249
"S01003447",2373,196,2177
"S01003448",495,240,255
"S01003449",753,310,443
"S01003450",841,438,403
"S01003451",821,440,381
"S01003452",1251,310,941
"S01003453",1172,703,469
"S01003454",560,228,332
"S01003455",567,219,348
"S01003456",191,63,128
"S01003457",772,277,495
"S01003458",787,413,374
"S01003459",611,328,283
"S01003460",943,548,395
"S01003461",529,288,241
"S01003462",374,171,203
"S01003463",454,148,306
"S01003464",870,342,528
"S01003465",2304,1577,727
"S01003466",680,317,363
"S01003467",551,258,293
"S01003468",723,281,442
"S01003469",867,440,427
"S01003470",1041,477,564
"S01003471",541,222,319
"S01003472",565,207,358
"S01003473",804,366,438
"S01003474",631,200,431
"S01003475",685,292,393
"S01003476",871,601,270
"S01003477",981,660,321
"S01003478",708,369,339
"S01003479",749,392,357
"S01003480",635,320,315
"S01003481",863,470,393
"S01003482",495,160,335
"S01003483",416,210,206
"S01003484",1044,319,725
"S01003485",831,401,430
"S01003486",708,300,408
"S01003487",975,331,644
"S01003488",499,211,288
"S01003489",1026,530,496
"S01003490",483,178,305
"S01003491",66,21,45
"S01003492",901,456,445
"S01003493",661,332,329
"S01003494",616,282,334
"S01003495",734,388,346
"S01003496",880,577,303
"S01003497",847,465,382
"S01003498",776,402,374
"S01003499",840,502,338
"S01003500",477,152,325
"S01003501",659,279,380
"S01003502",1371,974,397
"S01003503",625,366,259
"S01003504",851,285,566
"S01003506",919,509,410
"S01003507",457,214,243
"S01003508",640,291,349
"S01003509",792,474,318
"S01003510",348,199,149
"S01003511",891,581,310
"S01003512",480,187,293
"S01003513",678,203,475
"S01003514",819,329,490
"S01003515",450,189,261
"S01003516",552,366,186
"S01003517",675,357,318
"S01003518",819,431,388
"S01003519",456,178,278
"S01003520",592,333,259
"S01003521",492,152,340
"S01003522",735,441,294
"S01003523",507,262,245
"S01003524",894,630,264
"S01003525",909,599,310
"S01003526",872,501,371
"S01003527",637,407,230
"S01003528",381,250,131
"S01003529",406,266,140
"S01003530",732,456,276
"S01003531",634,296,338
"S01003532",778,470,308
"S01003533",228,27,201
"S01003534",745,446,299
"S01003535",582,335,247
"S01003536",855,583,272
"S01003537",694,335,359
"S01003538",462,210,252
"S01003539",772,536,236
"S01003540",356,154,202
"S01003541",569,133,436
"S01003542",622,428,194
"S01003543",540,240,300
"S01003544",431,285,146
"S01003545",660,467,193
"S01003546",770,329,441
"S01003547",654,426,228
"S01003549",589,245,344
"S01003550",501,329,172
"S01003551",534,279,255
"S01003552",946,665,281
"S01003553",529,199,330
"S01003554",654,389,265
"S01003555",618,399,219
"S01003556",514,341,173
"S01003557",520,192,328
"S01003558",836,546,290
"S01003559",725,505,220
"S01003560",951,653,298
"S01003561",1034,382,652
"S01003562",473,219,254
"S01003563",374,178,196
"S01003564",556,194,362
"S01003565",634,251,383
"S01003566",660,376,284
"S01003567",727,296,431
"S01003568",543,365,178
"S01003569",476,294,182
"S01003570",507,325,182
"S01003571",698,367,331
"S01003572",779,318,461
"S01003573",657,346,311
"S01003574",914,581,333
"S01003575",645,304,341
"S01003576",694,463,231
"S01003577",660,380,280
"S01003578",168,75,93
"S01003579",647,237,410
"S01003580",790,437,353
"S01003581",2121,577,1544
"S01003582",522,180,342
"S01003583",391,180,211
"S01003584",537,186,351
"S01003585",594,284,310
"S01003586",703,305,398
"S01003587",738,487,251
"S01003588",528,370,158
"S01003589",1413,513,900
"S01003590",587,371,216
"S01003591",915,602,313
"S01003592",1092,589,503
"S01003593",443,259,184
"S01003594",782,533,249
"S01003595",651,233,418
"S01003596",672,247,425
"S01003597",503,293,210
"S01003598",487,255,232
"S01003599",706,388,318
"S01003600",621,266,355
"S01003601",598,268,330
"S01003602",472,231,241
"S01003603",600,263,337
"S01003604",634,343,291
"S01003605",513,220,293
"S01003606",641,331,310
"S01003607",390,197,193
"S01003608",406,209,197
"S01003609",771,486,285
"S01003610",772,461,311
"S01003611",608,233,375
"S01003612",596,333,263
"S01003613",1134,803,331
"S01003614",369,224,145
"S01003615",592,308,284
"S01003616",627,463,164
"S01003617",627,212,415
"S01003618",567,334,233
"S01003619",553,224,329
"S01003620",850,546,304
"S01003621",666,274,392
"S01003622",569,314,255
"S01003623",700,439,261
"S01003624",1095,602,493
"S01003625",288,140,148
"S01003626",575,388,187
"S01003627",464,203,261
"S01003628",561,245,316
"S01003629",566,251,315
"S01003630",557,241,316
"S01003631",901,601,300
"S01003632",726,450,276
"S01003633",1045,700,345
"S01003634",748,325,423
"S01003635",473,258,215
"S01003636",643,303,340
"S01003637",747,433,314
"S01003638",607,382,225
"S01003639",571,284,287
"S01003640",712,370,342
"S01003641",521,384,137
"S01003642",572,317,255
"S01003643",539,349,190
"S01003644",677,343,334
"S01003645",409,189,220
"S01003646",614,178,436
"S01003647",559,323,236
"S01003648",672,391,281
"S01003649",717,417,300
"S01003650",582,303,279
"S01003651",519,235,284
"S01003652",562,261,301
"S01003653",549,230,319
"S01003654",712,326,386
"S01003655",500,246,254
"S01003656",636,383,253
"S01003657",573,251,322
"S01003658",644,380,264
"S01003659",630,394,236
"S01003660",730,561,169
"S01003661",769,546,223
"S01003662",466,232,234
"S01003663",468,205,263
"S01003664",395,187,208
"S01003665",479,170,309
"S01003666",474,195,279
"S01003667",649,384,265
"S01003668",536,322,214
"S01003669",674,400,274
"S01003670",668,301,367
"S01003671",472,242,230
"S01003672",537,213,324
"S01003673",227,69,158
"S01003674",605,309,296
"S01003675",753,497,256
"S01003676",1009,719,290
"S01003677",489,219,270
"S01003678",496,250,246
"S01003679",747,335,412
"S01003680",485,241,244
"S01003681",386,220,166
"S01003682",783,544,239
"S01003683",417,229,188
"S01003684",547,308,239
"S01003685",378,232,146
"S01003686",700,392,308
"S01003687",471,181,290
"S01003688",666,355,311
"S01003689",459,197,262
"S01003690",697,289,408
"S01003691",798,502,296
"S01003692",735,395,340
"S01003693",428,240,188
"S01003694",684,417,267
"S01003695",885,352,533
"S01003696",758,429,329
"S01003697",709,477,232
"S01003698",683,417,266
"S01003699",745,541,204
"S01003700",707,418,289
"S01003701",776,395,381
"S01003702",559,270,289
"S01003703",719,364,355
"S01003704",503,235,268
"S01003705",610,255,355
"S01003706",508,210,298
"S01003707",732,326,406
"S01003708",670,251,419
"S01003709",586,162,424
"S01003710",879,465,414
"S01003711",673,285,388
"S01003712",673,359,314
"S01003713",354,164,190
"S01003714",464,260,204
"S01003715",599,373,226
"S01003716",395,131,264
"S01003717",624,265,359
"S01003718",547,266,281
"S01003719",486,301,185
"S01003720",736,484,252
"S01003721",581,408,173
"S01003722",658,409,249
"S01003723",415,288,127
"S01003724",563,394,169
"S01003725",477,327,150
"S01003726",510,348,162
"S01003727",542,361,181
"S01003728",423,276,147
"S01003729",642,424,218
"S01003730",433,271,162
"S01003731",441,292,149
"S01003732",667,482,185
"S01003733",620,411,209
"S01003734",504,357,147
"S01003735",571,376,195
"S01003736",600,404,196
"S01003737",420,265,155
"S01003738",576,404,172
"S01003739",389,256,133
"S01003740",445,309,136
"S01003741",735,529,206
"S01003742",528,357,171
"S01003743",411,272,139
"S01003744",501,351,150
"S01003745",588,406,182
"S01003746",629,435,194
"S01003747",803,575,228
"S01003748",419,281,138
"S01003749",654,439,215
"S01003750",524,348,176
"S01003751",913,701,212
"S01003752",713,429,284
"S01003753",834,529,305
"S01003754",631,441,190
"S01003755",1215,901,314
"S01003756",673,446,227
"S01003757",417,275,142
"S01003758",686,427,259
"S01003759",475,313,162
"S01003760",649,442,207
"S01003761",715,477,238
"S01003762",798,572,226
"S01003763",696,451,245
"S01003764",625,421,204
"S01003765",468,295,173
"S01003766",509,327,182
"S01003767",544,368,176
"S01003768",480,299,181
"S01003769",680,437,243
"S01003770",619,428,191
"S01003771",567,368,199
"S01003772",470,341,129
"S01003773",522,350,172
"S01003774",576,355,221
"S01003775",657,461,196
"S01003776",523,371,152
"S01003777",833,558,275
"S01003778",2305,1819,486
"S01003779",363,219,144
"S01003780",795,548,247
"S01003781",869,631,238
"S01003782",486,321,165
"S01003783",982,606,376
"S01003784",1170,840,330
"S01003785",600,420,180
"S01003786",668,442,226
"S01003787",446,300,146
"S01003788",450,281,169
"S01003789",344,235,109
"S01003790",429,283,146
"S01003791",639,481,158
"S01003792",1636,1280,356
"S01003793",411,249,162
"S01003794",525,320,205
"S01003795",501,321,180
"S01003796",477,270,207
"S01003797",717,503,214
"S01003798",603,439,164
"S01003799",600,459,141
"S01003800",472,311,161
"S01003801",581,378,203
"S01003802",567,388,179
"S01003803",562,364,198
"S01003804",482,354,128
"S01003805",903,622,281
"S01003806",522,316,206
"S01003807",688,518,170
"S01003808",643,432,211
"S01003809",533,344,189
"S01003810",619,383,236
"S01003811",527,362,165
"S01003812",681,414,267
"S01003813",640,459,181
"S01003814",578,364,214
"S01003815",637,450,187
"S01003816",742,549,193
"S01003817",704,414,290
"S01003818",577,350,227
"S01003819",1766,1344,422
"S01003820",792,529,263
"S01003821",603,400,203
"S01003822",519,325,194
"S01003823",654,418,236
"S01003824",693,494,199
"S01003825",548,377,171
"S01003826",537,351,186
"S01003827",625,433,192
"S01003828",806,559,247
"S01003829",476,313,163
"S01003830",659,421,238
"S01003831",482,355,127
"S01003832",741,489,252
"S01003833",445,290,155
"S01003834",522,349,173
"S01003835",445,341,104
"S01003836",444,316,128
"S01003837",585,352,233
"S01003838",436,324,112
"S01003839",469,304,165
"S01003840",522,372,150
"S01003841",472,275,197
"S01003842",554,385,169
"S01003843",709,470,239
"S01003844",580,416,164
"S01003845",871,540,331
"S01003846",557,329,228
"S01003847",437,286,151
"S01003848",520,359,161
"S01003849",726,413,313
"S01003850",402,314,88
"S01003851",613,415,198
"S01003852",415,296,119
"S01003853",1044,705,339
"S01003854",449,319,130
"S01003855",686,384,302
"S01003856",590,404,186
"S01003857",582,393,189
"S01003858",406,308,98
"S01003859",416,304,112
"S01003860",492,234,258
"S01003861",626,484,142
"S01003862",511,289,222
"S01003863",511,335,176
"S01003864",697,417,280
"S01003865",742,515,227
"S01003866",731,495,236
"S01003867",961,600,361
"S01003868",554,378,176
"S01003869",560,368,192
"S01003870",769,504,265
"S01003871",612,383,229
"S01003872",692,470,222
"S01003873",845,515,330
"S01003874",675,515,160
"S01003875",487,290,197
"S01003876",558,391,167
"S01003877",540,367,173
"S01003878",777,497,280
"S01003879",544,378,166
"S01003880",605,398,207
"S01003881",635,461,174
"S01003882",386,210,176
"S01003883",397,268,129
"S01003884",553,337,216
"S01003885",492,274,218
"S01003886",390,258,132
"S01003887",670,356,314
"S01003888",1145,790,355
"S01003889",412,285,127
"S01003890",487,322,165
"S01003891",553,383,170
"S01003892",440,268,172
"S01003893",477,310,167
"S01003894",711,462,249
"S01003895",534,388,146
"S01003896",495,317,178
"S01003897",520,310,210
"S01003898",491,284,207
"S01003899",586,309,277
"S01003900",563,372,191
"S01003901",460,310,150
"S01003902",721,506,215
"S01003903",671,470,201
"S01003904",649,441,208
"S01003905",879,547,332
"S01003906",511,330,181
"S01003907",531,301,230
"S01003908",585,416,169
"S01003909",472,309,163
"S01003910",525,344,181
"S01003911",472,306,166
"S01003912",702,490,212
"S01003913",545,373,172
"S01003914",738,451,287
"S01003915",560,344,216
"S01003916",651,437,214
"S01003917",679,429,250
"S01003918",702,484,218
"S01003919",465,275,190
"S01003920",516,330,186
"S01003921",804,459,345
"S01003922",665,378,287
"S01003923",499,273,226
"S01003924",361,185,176
"S01003925",590,374,216
"S01003926",414,230,184
"S01003927",529,368,161
"S01003928",621,338,283
"S01003929",411,258,153
"S01003930",643,406,237
"S01003931",838,491,347
"S01003932",645,383,262
"S01003933",523,342,181
"S01003934",777,498,279
"S01003935",622,367,255
"S01003936",747,500,247
"S01003937",534,277,257
"S01003938",463,328,135
"S01003939",481,279,202
"S01003940",765,439,326
"S01003941",467,283,184
"S01003942",544,329,215
"S01003943",473,283,190
"S01003944",456,298,158
"S01003945",477,320,157
"S01003946",607,376,231
"S01003947",479,290,189
"S01003948",563,382,181
"S01003949",435,268,167
"S01003950",439,286,153
"S01003951",397,218,179
"S01003952",402,267,135
"S01003953",425,236,189
"S01003954",506,290,216
"S01003955",466,328,138
"S01003956",538,400,138
"S01003957",475,302,173
"S01003958",560,307,253
"S01003959",569,346,223
"S01003960",646,419,227
"S01003961",410,228,182
"S01003962",506,284,222
"S01003963",363,246,117
"S01003964",381,221,160
"S01003965",429,261,168
"S01003966",746,442,304
"S01003967",424,268,156
"S01003968",621,331,290
"S01003969",617,327,290
"S01003970",484,318,166
"S01003971",529,308,221
"S01003972",604,373,231
"S01003973",341,235,106
"S01003974",659,424,235
"S01003975",630,434,196
"S01003976",564,301,263
"S01003977",356,187,169
"S01003978",380,219,161
"S01003979",406,251,155
"S01003980",494,369,125
"S01003981",402,256,146
"S01003982",600,398,202
"S01003983",532,349,183
"S01003984",439,239,200
"S01003985",529,315,214
"S01003986",419,238,181
"S01003987",485,341,144
"S01003988",370,198,172
"S01003989",655,435,220
"S01003990",373,235,138
"S01003991",461,343,118
"S01003992",727,432,295
"S01003993",494,318,176
"S01003994",551,342,209
"S01003995",993,697,296
"S01003996",485,332,153
"S01003997",678,386,292
"S01003998",419,289,130
"S01003999",637,398,239
"S01004000",525,320,205
"S01004001",461,287,174
"S01004002",681,414,267
"S01004003",408,269,139
"S01004004",537,352,185
"S01004005",431,279,152
"S01004006",388,256,132
"S01004007",428,246,182
"S01004008",512,336,176
"S01004009",584,402,182
"S01004010",642,388,254
"S01004011",1003,584,419
"S01004012",581,336,245
"S01004013",396,254,142
"S01004014",419,244,175
"S01004015",656,395,261
"S01004016",476,316,160
"S01004017",698,449,249
"S01004018",619,463,156
"S01004019",750,543,207
"S01004020",581,350,231
"S01004021",844,617,227
"S01004022",647,391,256
"S01004023",442,275,167
"S01004024",801,518,283
"S01004025",619,303,316
"S01004026",472,257,215
"S01004027",614,303,311
"S01004028",526,251,275
"S01004029",687,339,348
"S01004030",483,222,261
"S01004031",418,229,189
"S01004032",296,136,160
"S01004033",630,287,343
"S01004034",575,373,202
"S01004035",532,268,264
"S01004036",486,246,240
"S01004037",528,363,165
"S01004038",528,275,253
"S01004039",267,102,165
"S01004040",504,314,190
"S01004041",498,284,214
"S01004042",433,169,264
"S01004043",593,413,180
"S01004044",483,191,292
"S01004045",473,235,238
"S01004046",399,170,229
"S01004047",493,250,243
"S01004048",786,436,350
"S01004049",987,649,338
"S01004050",325,146,179
"S01004051",622,295,327
"S01004052",430,204,226
"S01004053",742,393,349
"S01004054",663,398,265
"S01004055",441,285,156
"S01004056",565,326,239
"S01004057",1210,711,499
"S01004058",660,356,304
"S01004059",403,211,192
"S01004060",358,154,204
"S01004061",603,257,346
"S01004062",664,433,231
"S01004063",491,206,285
"S01004064",455,258,197
"S01004065",709,321,388
"S01004066",412,228,184
"S01004067",655,433,222
"S01004068",534,229,305
"S01004069",383,201,182
"S01004070",464,275,189
"S01004071",633,318,315
"S01004072",892,407,485
"S01004073",562,277,285
"S01004074",609,284,325
"S01004075",335,132,203
"S01004076",487,269,218
"S01004077",629,405,224
"S01004078",630,333,297
"S01004079",503,259,244
"S01004080",604,236,368
"S01004081",509,358,151
"S01004082",796,515,281
"S01004083",659,278,381
"S01004084",697,328,369
"S01004085",438,211,227
"S01004086",515,214,301
"S01004087",331,181,150
"S01004088",368,211,157
"S01004089",522,289,233
"S01004090",238,123,115
"S01004091",733,409,324
"S01004092",552,308,244
"S01004093",364,170,194
"S01004094",308,102,206
"S01004095",395,261,134
"S01004096",510,292,218
"S01004097",538,281,257
"S01004098",477,272,205
"S01004099",607,377,230
"S01004100",596,362,234
"S01004101",571,324,247
"S01004102",589,380,209
"S01004103",501,275,226
"S01004104",565,356,209
"S01004105",610,401,209
"S01004106",626,408,218
"S01004107",512,304,208
"S01004108",566,322,244
"S01004109",431,279,152
"S01004110",565,365,200
"S01004111",616,380,236
"S01004112",580,313,267
"S01004113",504,298,206
"S01004114",480,267,213
"S01004115",482,259,223
"S01004116",472,282,190
"S01004117",603,371,232
"S01004118",659,305,354
"S01004119",376,221,155
"S01004120",536,289,247
"S01004121",331,215,116
"S01004122",666,504,162
"S01004123",655,480,175
"S01004124",779,530,249
"S01004125",473,251,222
"S01004126",526,340,186
"S01004127",668,438,230
"S01004128",520,350,170
"S01004129",573,401,172
"S01004130",402,249,153
"S01004131",572,320,252
"S01004132",404,245,159
"S01004133",600,389,211
"S01004134",523,320,203
"S01004135",431,259,172
"S01004136",469,295,174
"S01004137",432,292,140
"S01004138",530,301,229
"S01004139",438,303,135
"S01004140",415,280,135
"S01004141",510,315,195
"S01004142",392,290,102
"S01004143",616,367,249
"S01004144",973,645,328
"S01004145",469,313,156
"S01004146",603,418,185
"S01004147",503,290,213
"S01004148",732,487,245
"S01004149",523,269,254
"S01004150",517,380,137
"S01004151",691,462,229
"S01004152",523,300,223
"S01004153",598,393,205
"S01004154",476,306,170
"S01004155",622,336,286
"S01004156",685,405,280
"S01004157",443,295,148
"S01004158",442,283,159
"S01004159",268,153,115
"S01004160",495,330,165
"S01004161",433,292,141
"S01004162",1496,1197,299
"S01004163",486,305,181
"S01004164",625,414,211
"S01004165",766,537,229
"S01004166",544,353,191
"S01004167",477,290,187
"S01004168",473,286,187
"S01004169",560,352,208
"S01004170",515,304,211
"S01004171",480,353,127
"S01004172",559,291,268
"S01004173",452,266,186
"S01004174",535,359,176
"S01004175",449,257,192
"S01004176",471,327,144
"S01004177",350,208,142
"S01004178",411,265,146
"S01004179",389,232,157
"S01004180",613,461,152
"S01004181",596,366,230
"S01004182",626,374,252
"S01004183",772,539,233
"S01004184",594,343,251
"S01004185",536,336,200
"S01004186",518,321,197
"S01004187",522,333,189
"S01004188",547,313,234
"S01004189",648,500,148
"S01004190",592,364,228
"S01004191",538,331,207
"S01004192",744,467,277
"S01004193",536,322,214
"S01004194",535,304,231
"S01004195",444,289,155
"S01004196",468,281,187
"S01004197",487,297,190
"S01004198",425,259,166
"S01004199",578,383,195
"S01004200",575,384,191
"S01004201",535,331,204
"S01004202",406,245,161
"S01004203",704,468,236
"S01004204",506,263,243
"S01004205",535,291,244
"S01004206",459,302,157
"S01004207",525,352,173
"S01004208",624,440,184
"S01004209",432,308,124
"S01004210",444,267,177
"S01004211",781,514,267
"S01004212",1256,906,350
"S01004213",462,257,205
"S01004214",482,277,205
"S01004215",419,275,144
"S01004216",647,445,202
"S01004217",360,231,129
"S01004218",583,358,225
"S01004219",395,278,117
"S01004220",650,369,281
"S01004221",600,353,247
"S01004222",450,257,193
"S01004223",506,267,239
"S01004224",480,286,194
"S01004225",586,306,280
"S01004226",500,286,214
"S01004227",746,540,206
"S01004228",645,430,215
"S01004229",482,303,179
"S01004230",485,309,176
"S01004231",521,321,200
"S01004232",452,334,118
"S01004233",582,379,203
"S01004234",724,457,267
"S01004235",680,448,232
"S01004236",709,458,251
"S01004237",512,345,167
"S01004238",428,295,133
"S01004239",572,363,209
"S01004240",595,401,194
"S01004241",400,272,128
"S01004242",656,424,232
"S01004243",501,360,141
"S01004244",478,290,188
"S01004245",687,472,215
"S01004246",476,317,159
"S01004247",619,415,204
"S01004248",736,451,285
"S01004249",660,465,195
"S01004250",750,503,247
"S01004251",594,384,210
"S01004252",487,336,151
"S01004253",439,307,132
"S01004254",566,352,214
"S01004255",2048,1478,570
"S01004256",1025,695,330
"S01004257",491,355,136
"S01004258",548,359,189
"S01004259",515,328,187
"S01004260",373,222,151
"S01004261",619,397,222
"S01004262",607,412,195
"S01004263",541,303,238
"S01004264",556,328,228
"S01004265",680,468,212
"S01004266",389,218,171
"S01004267",374,225,149
"S01004268",469,295,174
"S01004269",603,382,221
"S01004270",418,241,177
"S01004271",457,268,189
"S01004272",451,298,153
"S01004273",461,298,163
"S01004274",692,419,273
"S01004275",429,283,146
"S01004276",642,369,273
"S01004277",575,390,185
"S01004278",898,590,308
"S01004279",627,401,226
"S01004280",696,473,223
"S01004281",524,320,204
"S01004282",648,409,239
"S01004283",539,352,187
"S01004284",691,446,245
"S01004285",318,247,71
"S01004286",412,271,141
"S01004287",475,301,174
"S01004288",501,323,178
"S01004289",418,285,133
"S01004290",740,508,232
"S01004291",619,427,192
"S01004292",637,443,194
"S01004293",666,414,252
"S01004294",546,355,191
"S01004295",577,367,210
"S01004296",597,406,191
"S01004297",492,306,186
"S01004298",968,692,276
"S01004299",408,283,125
"S01004300",441,264,177
"S01004301",591,360,231
"S01004302",510,288,222
"S01004303",459,265,194
"S01004304",623,378,245
"S01004305",480,331,149
"S01004306",444,270,174
"S01004307",690,538,152
"S01004308",691,467,224
"S01004309",623,429,194
"S01004310",562,350,212
"S01004311",823,587,236
"S01004312",509,325,184
"S01004313",951,675,276
"S01004314",570,367,203
"S01004315",337,247,90
"S01004316",324,237,87
"S01004317",795,508,287
"S01004318",336,208,128
"S01004319",675,429,246
"S01004320",598,370,228
"S01004321",537,294,243
"S01004322",733,449,284
"S01004323",462,284,178
"S01004324",562,343,219
"S01004325",775,530,245
"S01004326",637,371,266
"S01004327",528,346,182
"S01004328",456,309,147
"S01004329",374,227,147
"S01004330",1035,667,368
"S01004331",394,232,162
"S01004332",455,303,152
"S01004333",418,240,178
"S01004334",926,471,455
"S01004335",389,233,156
"S01004336",770,524,246
"S01004337",567,369,198
"S01004338",534,356,178
"S01004339",694,442,252
"S01004340",407,268,139
"S01004341",414,275,139
"S01004342",1102,967,135
"S01004343",450,327,123
"S01004344",589,391,198
"S01004345",830,545,285
"S01004346",338,214,124
"S01004347",683,452,231
"S01004348",508,350,158
"S01004349",570,344,226
"S01004350",407,231,176
"S01004351",366,213,153
"S01004352",401,219,182
"S01004353",628,414,214
"S01004354",359,213,146
"S01004355",430,257,173
"S01004356",714,410,304
"S01004357",605,411,194
"S01004358",573,322,251
"S01004359",398,236,162
"S01004360",466,257,209
"S01004361",616,388,228
"S01004362",440,204,236
"S01004363",698,259,439
"S01004364",777,434,343
"S01004365",531,274,257
"S01004366",476,266,210
"S01004367",570,340,230
"S01004368",383,159,224
"S01004369",537,327,210
"S01004370",518,309,209
"S01004371",533,264,269
"S01004372",677,457,220
"S01004373",502,214,288
"S01004374",595,292,303
"S01004375",463,257,206
"S01004376",630,301,329
"S01004377",545,309,236
"S01004378",686,369,317
"S01004379",657,348,309
"S01004380",513,246,267
"S01004381",595,355,240
"S01004382",506,254,252
"S01004383",570,346,224
"S01004384",496,271,225
"S01004385",582,338,244
"S01004386",703,393,310
"S01004387",696,410,286
"S01004388",471,204,267
"S01004389",472,279,193
"S01004390",600,305,295
"S01004391",436,282,154
"S01004392",630,369,261
"S01004393",677,355,322
"S01004394",585,286,299
"S01004395",432,196,236
"S01004396",571,312,259
"S01004397",691,500,191
"S01004398",596,364,232
"S01004399",341,181,160
"S01004400",406,219,187
"S01004401",844,548,296
"S01004402",629,302,327
"S01004403",419,236,183
"S01004404",548,385,163
"S01004405",570,342,228
"S01004406",640,274,366
"S01004407",499,217,282
"S01004408",1049,742,307
"S01004409",319,185,134
"S01004410",706,353,353
"S01004411",438,230,208
"S01004412",783,393,390
"S01004413",546,244,302
"S01004414",564,237,327
"S01004415",523,273,250
"S01004416",564,306,258
"S01004417",603,273,330
"S01004418",670,328,342
"S01004419",598,284,314
"S01004420",549,288,261
"S01004421",675,276,399
"S01004422",441,205,236
"S01004423",570,290,280
"S01004424",512,231,281
"S01004425",445,252,193
"S01004426",445,235,210
"S01004427",576,272,304
"S01004428",637,335,302
"S01004429",579,260,319
"S01004430",367,197,170
"S01004431",535,237,298
"S01004432",698,357,341
"S01004433",662,367,295
"S01004434",619,321,298
"S01004435",681,399,282
"S01004436",555,310,245
"S01004437",626,300,326
"S01004438",457,238,219
"S01004439",485,258,227
"S01004440",529,283,246
"S01004441",979,628,351
"S01004442",659,296,363
"S01004443",496,222,274
"S01004444",641,305,336
"S01004445",590,337,253
"S01004446",601,315,286
"S01004447",528,299,229
"S01004448",463,288,175
"S01004449",641,311,330
"S01004450",609,269,340
"S01004451",638,308,330
"S01004452",504,314,190
"S01004453",756,497,259
"S01004454",734,402,332
"S01004455",587,327,260
"S01004456",400,298,102
"S01004457",659,352,307
"S01004458",612,295,317
"S01004459",434,211,223
"S01004460",487,268,219
"S01004461",463,283,180
"S01004462",495,328,167
"S01004463",588,368,220
"S01004464",622,347,275
"S01004465",568,354,214
"S01004466",741,413,328
"S01004467",662,341,321
"S01004468",671,477,194
"S01004469",460,222,238
"S01004470",543,409,134
"S01004471",1420,1012,408
"S01004472",527,325,202
"S01004473",828,457,371
"S01004474",728,396,332
"S01004475",388,256,132
"S01004476",524,317,207
"S01004477",807,495,312
"S01004478",411,196,215
"S01004479",543,320,223
"S01004480",708,352,356
"S01004481",608,353,255
"S01004482",639,286,353
"S01004483",497,263,234
"S01004484",754,508,246
"S01004485",440,267,173
"S01004486",735,511,224
"S01004487",780,422,358
"S01004488",509,289,220
"S01004489",717,540,177
"S01004490",503,305,198
"S01004491",558,296,262
"S01004492",669,360,309
"S01004493",698,425,273
"S01004494",636,312,324
"S01004495",526,259,267
"S01004496",474,294,180
"S01004497",626,320,306
"S01004498",539,324,215
"S01004499",487,291,196
"S01004500",522,305,217
"S01004501",552,321,231
"S01004502",542,321,221
"S01004503",516,231,285
"S01004504",504,260,244
"S01004505",421,220,201
"S01004506",380,211,169
"S01004507",502,280,222
"S01004508",501,271,230
"S01004509",781,522,259
"S01004510",522,252,270
"S01004511",636,347,289
"S01004512",566,296,270
"S01004513",376,204,172
"S01004514",465,321,144
"S01004515",544,268,276
"S01004516",330,183,147
"S01004517",563,283,280
"S01004518",468,285,183
"S01004519",674,395,279
"S01004520",634,321,313
"S01004521",519,299,220
"S01004522",636,364,272
"S01004523",520,256,264
"S01004524",404,182,222
"S01004525",703,356,347
"S01004526",545,301,244
"S01004527",437,256,181
"S01004528",564,291,273
"S01004529",646,368,278
"S01004530",426,310,116
"S01004531",777,521,256
"S01004532",646,344,302
"S01004533",346,147,199
"S01004534",484,272,212
"S01004535",650,390,260
"S01004536",511,272,239
"S01004537",609,327,282
"S01004538",528,301,227
"S01004539",513,277,236
"S01004540",806,518,288
"S01004541",628,348,280
"S01004542",553,400,153
"S01004543",606,334,272
"S01004544",1387,930,457
"S01004545",567,318,249
"S01004546",634,322,312
"S01004547",626,354,272
"S01004548",555,305,250
"S01004549",1568,1153,415
"S01004550",504,245,259
"S01004551",1099,755,344
"S01004552",608,294,314
"S01004553",400,264,136
"S01004554",547,317,230
"S01004555",471,274,197
"S01004556",509,243,266
"S01004557",314,228,86
"S01004558",710,371,339
"S01004559",647,346,301
"S01004560",403,198,205
"S01004561",702,349,353
"S01004562",430,245,185
"S01004563",570,335,235
"S01004564",451,298,153
"S01004565",703,498,205
"S01004566",526,378,148
"S01004567",352,198,154
"S01004568",510,292,218
"S01004569",502,200,302
"S01004570",517,338,179
"S01004571",443,267,176
"S01004572",528,297,231
"S01004573",422,266,156
"S01004574",379,257,122
"S01004575",525,329,196
"S01004576",445,314,131
"S01004577",482,294,188
"S01004578",670,398,272
"S01004579",409,183,226
"S01004580",589,353,236
"S01004581",959,608,351
"S01004582",430,268,162
"S01004583",582,274,308
"S01004584",461,217,244
"S01004585",429,218,211
"S01004586",784,532,252
"S01004587",945,476,469
"S01004588",455,296,159
"S01004589",616,386,230
"S01004590",587,331,256
"S01004591",425,250,175
"S01004592",457,220,237
"S01004593",735,464,271
"S01004594",380,181,199
"S01004595",738,515,223
"S01004596",493,214,279
"S01004597",421,276,145
"S01004598",470,297,173
"S01004599",685,412,273
"S01004600",642,340,302
"S01004601",666,357,309
"S01004602",659,416,243
"S01004603",625,288,337
"S01004604",416,221,195
"S01004605",705,324,381
"S01004606",622,375,247
"S01004607",435,241,194
"S01004608",1137,843,294
"S01004609",389,176,213
"S01004610",484,229,255
"S01004611",799,436,363
"S01004612",809,468,341
"S01004613",1240,870,370
"S01004614",581,325,256
"S01004615",864,522,342
"S01004616",629,420,209
"S01004617",485,247,238
"S01004618",472,252,220
"S01004619",385,209,176
"S01004620",488,277,211
"S01004621",705,451,254
"S01004622",645,398,247
"S01004623",747,471,276
"S01004624",916,513,403
"S01004625",559,309,250
"S01004626",1428,1030,398
"S01004627",436,303,133
"S01004628",406,205,201
"S01004629",705,509,196
"S01004630",701,443,258
"S01004631",552,297,255
"S01004632",685,382,303
"S01004633",430,259,171
"S01004634",855,624,231
"S01004635",572,298,274
"S01004636",473,266,207
"S01004637",406,253,153
"S01004638",394,205,189
"S01004639",487,232,255
"S01004640",559,291,268
"S01004641",489,312,177
"S01004642",642,333,309
"S01004643",336,179,157
"S01004644",525,309,216
"S01004645",669,305,364
"S01004646",593,335,258
"S01004647",1397,681,716
"S01004648",779,422,357
"S01004649",443,262,181
"S01004650",571,329,242
"S01004651",691,398,293
"S01004652",755,510,245
"S01004653",463,271,192
"S01004654",783,526,257
"S01004655",700,378,322
"S01004656",422,206,216
"S01004657",564,389,175
"S01004658",737,503,234
"S01004659",358,214,144
"S01004660",616,467,149
"S01004661",586,358,228
"S01004662",696,384,312
"S01004663",391,249,142
"S01004664",423,263,160
"S01004665",498,263,235
"S01004666",566,341,225
"S01004667",518,291,227
"S01004668",720,509,211
"S01004669",660,374,286
"S01004670",738,429,309
"S01004671",619,439,180
"S01004672",479,279,200
"S01004673",640,338,302
"S01004674",643,361,282
"S01004675",614,396,218
"S01004676",553,327,226
"S01004677",671,377,294
"S01004678",689,471,218
"S01004679",350,191,159
"S01004680",640,268,372
"S01004681",597,411,186
"S01004682",362,190,172
"S01004683",555,383,172
"S01004684",1050,738,312
"S01004685",369,209,160
"S01004686",568,295,273
"S01004687",791,504,287
"S01004688",532,341,191
"S01004689",781,475,306
"S01004690",435,328,107
"S01004691",564,359,205
"S01004692",515,277,238
"S01004693",557,324,233
"S01004694",452,256,196
"S01004695",547,412,135
"S01004696",678,393,285
"S01004697",625,387,238
"S01004698",432,325,107
"S01004699",591,319,272
"S01004700",543,327,216
"S01004701",624,489,135
"S01004702",406,246,160
"S01004703",683,490,193
"S01004704",442,260,182
"S01004705",698,439,259
"S01004706",1176,965,211
"S01004707",699,402,297
"S01004708",437,252,185
"S01004709",568,369,199
"S01004710",574,280,294
"S01004711",673,362,311
"S01004712",378,223,155
"S01004713",526,282,244
"S01004714",582,328,254
"S01004715",1229,840,389
"S01004716",622,360,262
"S01004717",705,454,251
"S01004718",657,389,268
"S01004719",711,468,243
"S01004720",623,369,254
"S01004721",469,324,145
"S01004722",460,252,208
"S01004723",507,333,174
"S01004724",715,391,324
"S01004725",460,327,133
"S01004726",428,262,166
"S01004727",566,277,289
"S01004728",726,547,179
"S01004729",471,243,228
"S01004730",1022,539,483
"S01004731",612,390,222
"S01004732",516,340,176
"S01004733",537,300,237
"S01004734",378,202,176
"S01004735",743,438,305
"S01004736",580,328,252
"S01004737",550,343,207
"S01004738",498,274,224
"S01004739",520,340,180
"S01004740",646,369,277
"S01004741",443,258,185
"S01004742",951,606,345
"S01004743",673,476,197
"S01004744",438,251,187
"S01004745",576,250,326
"S01004746",602,298,304
"S01004747",550,332,218
"S01004748",451,263,188
"S01004749",783,535,248
"S01004750",463,250,213
"S01004751",589,280,309
"S01004752",598,332,266
"S01004753",603,347,256
"S01004754",509,326,183
"S01004755",492,271,221
"S01004756",412,245,167
"S01004757",642,356,286
"S01004758",657,378,279
"S01004759",438,297,141
"S01004760",520,273,247
"S01004761",400,204,196
"S01004762",464,240,224
"S01004763",644,471,173
"S01004764",515,271,244
"S01004765",940,518,422
"S01004766",862,586,276
"S01004767",508,276,232
"S01004768",614,290,324
"S01004769",428,258,170
"S01004770",424,244,180
"S01004771",570,348,222
"S01004772",429,250,179
"S01004773",541,326,215
"S01004774",698,444,254
"S01004775",646,256,390
"S01004776",528,326,202
"S01004777",516,414,102
"S01004778",525,284,241
"S01004779",596,353,243
"S01004780",469,264,205
"S01004781",693,424,269
"S01004782",842,517,325
"S01004783",698,478,220
"S01004784",524,323,201
"S01004785",450,240,210
"S01004786",382,214,168
"S01004787",779,491,288
"S01004788",518,345,173
"S01004789",723,383,340
"S01004790",556,380,176
"S01004791",436,306,130
"S01004792",475,332,143
"S01004793",612,398,214
"S01004794",536,313,223
"S01004795",661,361,300
"S01004796",529,301,228
"S01004797",507,289,218
"S01004798",646,334,312
"S01004799",425,243,182
"S01004800",502,284,218
"S01004801",513,312,201
"S01004802",661,357,304
"S01004803",657,336,321
"S01004804",655,306,349
"S01004805",464,219,245
"S01004806",457,235,222
"S01004807",405,195,210
"S01004808",508,272,236
"S01004809",344,197,147
"S01004810",417,239,178
"S01004811",536,327,209
"S01004812",591,309,282
"S01004813",637,368,269
"S01004814",614,352,262
"S01004815",1277,897,380
"S01004816",568,318,250
"S01004817",483,256,227
"S01004818",584,307,277
"S01004819",362,219,143
"S01004820",789,365,424
"S01004821",1336,843,493
"S01004822",511,290,221
"S01004823",685,378,307
"S01004824",617,382,235
"S01004825",477,241,236
"S01004826",735,394,341
"S01004827",462,222,240
"S01004828",879,587,292
"S01004829",516,262,254
"S01004830",502,252,250
"S01004831",657,450,207
"S01004832",1000,715,285
"S01004833",556,320,236
"S01004834",578,331,247
"S01004835",602,408,194
"S01004836",550,355,195
"S01004837",698,452,246
"S01004838",1310,939,371
"S01004839",649,375,274
"S01004840",602,370,232
"S01004841",627,340,287
"S01004842",1034,822,212
"S01004843",478,260,218
"S01004844",697,409,288
"S01004845",609,329,280
"S01004846",783,521,262
"S01004847",729,488,241
"S01004848",548,336,212
"S01004849",422,269,153
"S01004850",1083,749,334
"S01004851",459,258,201
"S01004852",497,260,237
"S01004853",548,322,226
"S01004854",773,535,238
"S01004855",456,253,203
"S01004856",1149,815,334
"S01004857",643,382,261
"S01004858",690,441,249
"S01004859",686,484,202
"S01004860",957,787,170
"S01004861",584,376,208
"S01004862",524,399,125
"S01004863",713,442,271
"S01004864",442,283,159
"S01004865",540,309,231
"S01004866",630,390,240
"S01004867",576,333,243
"S01004868",518,274,244
"S01004869",658,433,225
"S01004870",650,396,254
"S01004871",549,350,199
"S01004872",599,316,283
"S01004873",585,361,224
"S01004874",819,472,347
"S01004875",505,267,238
"S01004876",717,469,248
"S01004877",543,319,224
"S01004878",595,382,213
"S01004879",493,282,211
"S01004880",532,261,271
"S01004881",561,331,230
"S01004882",383,231,152
"S01004883",1463,1111,352
"S01004884",418,318,100
"S01004885",388,226,162
"S01004886",619,351,268
"S01004887",326,192,134
"S01004888",489,378,111
"S01004889",615,368,247
"S01004890",552,282,270
"S01004891",704,360,344
"S01004892",556,359,197
"S01004893",488,262,226
"S01004894",603,353,250
"S01004895",642,353,289
"S01004896",634,410,224
"S01004897",464,298,166
"S01004898",728,463,265
"S01004899",543,316,227
"S01004900",709,490,219
"S01004901",567,361,206
"S01004902",546,310,236
"S01004903",437,286,151
"S01004904",704,363,341
"S01004905",745,448,297
"S01004906",602,421,181
"S01004907",595,400,195
"S01004908",479,302,177
"S01004909",602,365,237
"S01004910",627,358,269
"S01004911",627,502,125
"S01004912",520,304,216
"S01004913",473,254,219
"S01004914",465,336,129
"S01004915",490,296,194
"S01004916",532,312,220
"S01004917",439,344,95
"S01004918",460,338,122
"S01004919",492,307,185
"S01004920",697,415,282
"S01004921",503,284,219
"S01004922",522,373,149
"S01004923",678,470,208
"S01004924",603,368,235
"S01004925",421,256,165
"S01004926",683,434,249
"S01004927",706,496,210
"S01004928",1061,784,277
"S01004929",488,342,146
"S01004930",477,263,214
"S01004931",755,400,355
"S01004932",554,311,243
"S01004933",663,397,266
"S01004934",547,307,240
"S01004935",403,264,139
"S01004936",638,344,294
"S01004937",398,217,181
"S01004938",494,280,214
"S01004939",411,235,176
"S01004940",378,248,130
"S01004941",440,213,227
"S01004942",704,425,279
"S01004943",833,526,307
"S01004944",381,219,162
"S01004945",518,316,202
"S01004946",517,389,128
"S01004947",572,416,156
"S01004948",418,274,144
"S01004949",556,395,161
"S01004950",579,425,154
"S01004951",547,367,180
"S01004952",800,582,218
"S01004953",665,459,206
"S01004954",520,374,146
"S01004955",456,319,137
"S01004956",560,367,193
"S01004957",550,416,134
"S01004958",853,554,299
"S01004959",544,394,150
"S01004960",409,277,132
"S01004961",495,362,133
"S01004962",476,344,132
"S01004963",455,318,137
"S01004964",831,596,235
"S01004965",709,491,218
"S01004966",776,541,235
"S01004967",491,341,150
"S01004968",439,287,152
"S01004969",666,388,278
"S01004970",628,435,193
"S01004971",791,464,327
"S01004972",639,467,172
"S01004973",712,438,274
"S01004974",863,617,246
"S01004975",609,370,239
"S01004976",662,440,222
"S01004977",700,437,263
"S01004978",738,502,236
"S01004979",641,396,245
"S01004980",735,484,251
"S01004981",754,500,254
"S01004982",502,317,185
"S01004983",700,455,245
"S01004984",562,378,184
"S01004985",597,437,160
"S01004986",512,334,178
"S01004987",376,251,125
"S01004988",415,259,156
"S01004989",524,349,175
"S01004990",444,291,153
"S01004991",483,339,144
"S01004992",615,412,203
"S01004993",494,269,225
"S01004994",564,357,207
"S01004995",702,478,224
"S01004996",525,370,155
"S01004997",698,480,218
"S01004998",928,635,293
"S01004999",639,429,210
"S01005000",418,279,139
"S01005001",857,548,309
"S01005002",673,386,287
"S01005003",799,549,250
"S01005004",618,460,158
"S01005005",679,435,244
"S01005006",444,320,124
"S01005007",586,308,278
"S01005008",917,504,413
"S01005009",717,519,198
"S01005010",508,303,205
"S01005011",586,405,181
"S01005012",681,463,218
"S01005013",563,376,187
"S01005014",606,403,203
"S01005015",431,266,165
"S01005016",610,406,204
"S01005017",521,323,198
"S01005018",419,279,140
"S01005019",1049,358,691
"S01005020",552,329,223
"S01005021",699,384,315
"S01005022",514,355,159
"S01005023",721,480,241
"S01005024",628,393,235
"S01005025",494,337,157
"S01005026",510,293,217
"S01005027",608,428,180
"S01005028",651,438,213
"S01005029",771,596,175
"S01005030",710,465,245
"S01005031",539,366,173
"S01005032",625,415,210
"S01005033",549,377,172
"S01005034",601,366,235
"S01005035",759,511,248
"S01005036",448,259,189
"S01005037",979,628,351
"S01005038",559,372,187
"S01005039",787,493,294
"S01005040",946,540,406
"S01005041",627,441,186
"S01005042",573,363,210
"S01005043",561,308,253
"S01005044",708,494,214
"S01005045",745,524,221
"S01005046",977,669,308
"S01005047",1203,801,402
"S01005048",435,242,193
"S01005049",686,463,223
"S01005050",659,391,268
"S01005051",630,452,178
"S01005052",674,467,207
"S01005053",586,362,224
"S01005054",420,263,157
"S01005055",591,373,218
"S01005056",554,376,178
"S01005057",534,338,196
"S01005058",724,426,298
"S01005059",372,239,133
"S01005060",515,358,157
"S01005061",789,469,320
"S01005062",354,209,145
"S01005063",380,302,78
"S01005064",524,349,175
"S01005065",1013,700,313
"S01005066",564,306,258
"S01005067",484,373,111
"S01005068",462,313,149
"S01005069",419,264,155
"S01005070",821,511,310
"S01005071",144,98,46
"S01005072",475,312,163
"S01005073",456,290,166
"S01005074",871,600,271
"S01005075",313,164,149
"S01005076",581,375,206
"S01005077",775,661,114
"S01005078",531,346,185
"S01005079",476,306,170
"S01005080",329,207,122
"S01005081",483,317,166
"S01005082",496,358,138
"S01005083",686,445,241
"S01005084",468,278,190
"S01005085",419,273,146
"S01005086",1187,828,359
"S01005087",350,222,128
"S01005088",391,241,150
"S01005089",514,299,215
"S01005090",602,376,226
"S01005091",427,227,200
"S01005092",470,296,174
"S01005093",565,354,211
"S01005094",603,459,144
"S01005095",1153,766,387
"S01005096",531,388,143
"S01005097",600,378,222
"S01005098",530,331,199
"S01005099",549,317,232
"S01005100",678,466,212
"S01005101",752,498,254
"S01005102",665,413,252
"S01005103",909,548,361
"S01005104",708,382,326
"S01005105",668,447,221
"S01005106",404,262,142
"S01005107",335,242,93
"S01005108",459,330,129
"S01005109",1069,742,327
"S01005110",886,577,309
"S01005111",392,271,121
"S01005112",657,446,211
"S01005113",762,486,276
"S01005114",711,471,240
"S01005115",707,490,217
"S01005116",477,346,131
"S01005117",724,507,217
"S01005118",580,373,207
"S01005119",518,247,271
"S01005120",501,277,224
"S01005121",705,478,227
"S01005122",616,401,215
"S01005123",527,302,225
"S01005124",521,339,182
"S01005125",625,403,222
"S01005126",463,312,151
"S01005127",468,290,178
"S01005128",673,424,249
"S01005129",703,418,285
"S01005130",480,272,208
"S01005131",655,444,211
"S01005132",526,356,170
"S01005133",318,204,114
"S01005134",708,421,287
"S01005135",573,355,218
"S01005136",600,426,174
"S01005137",717,508,209
"S01005138",880,533,347
"S01005139",557,419,138
"S01005140",484,307,177
"S01005141",645,429,216
"S01005142",412,242,170
"S01005143",824,565,259
"S01005144",872,589,283
"S01005145",548,358,190
"S01005146",583,414,169
"S01005147",716,506,210
"S01005148",616,420,196
"S01005149",436,257,179
"S01005150",495,329,166
"S01005151",510,299,211
"S01005152",1151,757,394
"S01005153",654,454,200
"S01005154",503,343,160
"S01005155",524,345,179
"S01005156",489,294,195
"S01005157",667,352,315
"S01005158",539,346,193
"S01005159",675,398,277
"S01005160",759,434,325
"S01005161",718,478,240
"S01005162",670,372,298
"S01005163",466,271,195
"S01005164",646,381,265
"S01005165",504,297,207
"S01005166",697,365,332
"S01005167",474,252,222
"S01005168",535,374,161
"S01005169",440,301,139
"S01005170",604,384,220
"S01005171",583,308,275
"S01005172",1041,823,218
"S01005173",524,342,182
"S01005174",478,239,239
"S01005175",757,390,367
"S01005176",505,257,248
"S01005177",615,310,305
"S01005178",740,384,356
"S01005179",722,497,225
"S01005180",648,432,216
"S01005181",676,484,192
"S01005182",542,276,266
"S01005183",662,353,309
"S01005184",607,278,329
"S01005185",379,227,152
"S01005186",535,293,242
"S01005187",738,432,306
"S01005188",708,421,287
"S01005189",622,349,273
"S01005190",664,425,239
"S01005191",658,352,306
"S01005192",841,566,275
"S01005193",582,384,198
"S01005194",431,268,163
"S01005195",705,435,270
"S01005196",549,294,255
"S01005197",541,300,241
"S01005198",665,381,284
"S01005199",617,352,265
"S01005200",429,290,139
"S01005201",671,371,300
"S01005202",628,341,287
"S01005203",592,347,245
"S01005204",407,273,134
"S01005205",832,590,242
"S01005206",742,465,277
"S01005207",654,293,361
"S01005208",417,222,195
"S01005209",660,412,248
"S01005210",610,306,304
"S01005211",502,232,270
"S01005212",435,278,157
"S01005213",694,407,287
"S01005214",714,410,304
"S01005215",684,375,309
"S01005216",561,326,235
"S01005217",673,450,223
"S01005218",667,341,326
"S01005219",665,348,317
"S01005220",527,324,203
"S01005221",510,310,200
"S01005222",435,242,193
"S01005223",531,351,180
"S01005224",574,415,159
"S01005225",760,455,305
"S01005226",393,254,139
"S01005227",828,465,363
"S01005228",668,412,256
"S01005229",929,557,372
"S01005230",602,375,227
"S01005231",545,396,149
"S01005232",774,414,360
"S01005233",512,261,251
"S01005234",1101,776,325
"S01005235",538,367,171
"S01005236",893,572,321
"S01005237",720,427,293
"S01005238",622,370,252
"S01005239",935,409,526
"S01005240",663,325,338
"S01005241",693,421,272
"S01005242",863,418,445
"S01005243",836,397,439
"S01005244",645,400,245
"S01005245",561,285,276
"S01005246",702,336,366
"S01005247",409,144,265
"S01005248",469,222,247
"S01005249",713,394,319
"S01005250",699,349,350
"S01005251",619,349,270
"S01005252",367,213,154
"S01005253",398,278,120
"S01005254",778,393,385
"S01005255",546,235,311
"S01005256",656,458,198
"S01005257",681,430,251
"S01005258",755,463,292
"S01005259",375,168,207
"S01005260",470,224,246
"S01005261",468,188,280
"S01005262",861,513,348
"S01005263",405,174,231
"S01005264",468,241,227
"S01005265",387,172,215
"S01005266",611,296,315
"S01005267",750,446,304
"S01005268",1070,549,521
"S01005269",656,411,245
"S01005270",743,477,266
"S01005271",397,260,137
"S01005272",403,117,286
"S01005273",538,334,204
"S01005274",524,275,249
"S01005275",461,247,214
"S01005276",510,276,234
"S01005277",496,300,196
"S01005278",602,328,274
"S01005279",387,244,143
"S01005280",572,271,301
"S01005281",544,339,205
"S01005282",540,250,290
"S01005283",587,358,229
"S01005284",474,236,238
"S01005285",511,326,185
"S01005286",580,352,228
"S01005287",797,478,319
"S01005288",553,283,270
"S01005289",742,475,267
"S01005290",455,265,190
"S01005291",542,382,160
"S01005292",565,274,291
"S01005293",552,284,268
"S01005294",418,253,165
"S01005295",444,240,204
"S01005296",619,415,204
"S01005297",482,277,205
"S01005298",811,549,262
"S01005299",411,239,172
"S01005300",692,477,215
"S01005301",637,431,206
"S01005302",762,458,304
"S01005303",616,334,282
"S01005304",525,341,184
"S01005305",550,304,246
"S01005306",706,532,174
"S01005307",714,453,261
"S01005308",376,209,167
"S01005309",639,351,288
"S01005310",697,413,284
"S01005311",656,454,202
"S01005312",843,585,258
"S01005313",704,458,246
"S01005314",356,195,161
"S01005315",609,361,248
"S01005316",611,386,225
"S01005317",431,276,155
"S01005318",407,215,192
"S01005319",502,308,194
"S01005320",451,280,171
"S01005321",429,244,185
"S01005322",1355,972,383
"S01005323",553,316,237
"S01005324",649,389,260
"S01005325",1788,1250,538
"S01005326",670,356,314
"S01005327",473,298,175
"S01005328",613,345,268
"S01005329",512,355,157
"S01005330",501,263,238
"S01005331",517,283,234
"S01005332",398,249,149
"S01005333",617,392,225
"S01005334",814,611,203
"S01005335",397,251,146
"S01005336",441,285,156
"S01005337",693,458,235
"S01005338",422,335,87
"S01005339",556,335,221
"S01005340",424,319,105
"S01005341",486,281,205
"S01005342",568,332,236
"S01005343",702,483,219
"S01005344",529,303,226
"S01005345",566,395,171
"S01005346",646,452,194
"S01005347",548,378,170
"S01005348",647,411,236
"S01005349",650,471,179
"S01005350",551,365,186
"S01005351",897,573,324
"S01005352",642,383,259
"S01005353",731,446,285
"S01005354",687,454,233
"S01005355",537,318,219
"S01005356",502,318,184
"S01005357",527,303,224
"S01005358",577,354,223
"S01005359",669,412,257
"S01005360",619,365,254
"S01005361",711,440,271
"S01005362",545,326,219
"S01005363",529,346,183
"S01005364",729,485,244
"S01005365",681,470,211
"S01005366",524,323,201
"S01005367",550,318,232
"S01005368",473,274,199
"S01005369",751,395,356
"S01005370",629,376,253
"S01005371",721,498,223
"S01005372",671,419,252
"S01005373",543,316,227
"S01005374",670,421,249
"S01005375",685,417,268
"S01005376",746,446,300
"S01005377",613,386,227
"S01005378",561,304,257
"S01005379",659,455,204
"S01005380",487,257,230
"S01005381",447,230,217
"S01005382",556,297,259
"S01005383",456,291,165
"S01005384",739,495,244
"S01005385",739,514,225
"S01005386",478,294,184
"S01005387",679,422,257
"S01005388",553,324,229
"S01005389",561,356,205
"S01005390",610,394,216
"S01005391",547,336,211
"S01005392",613,378,235
"S01005393",661,431,230
"S01005394",641,446,195
"S01005395",743,483,260
"S01005396",558,348,210
"S01005397",405,209,196
"S01005398",725,493,232
"S01005399",664,396,268
"S01005400",762,458,304
"S01005401",601,381,220
"S01005402",795,536,259
"S01005403",673,448,225
"S01005404",740,490,250
"S01005405",406,253,153
"S01005406",383,230,153
"S01005407",1022,674,348
"S01005408",454,296,158
"S01005409",520,345,175
"S01005410",764,527,237
"S01005411",705,465,240
"S01005412",677,440,237
"S01005413",691,434,257
"S01005414",672,429,243
"S01005415",664,401,263
"S01005416",654,412,242
"S01005417",882,607,275
"S01005418",824,473,351
"S01005419",503,301,202
"S01005420",550,348,202
"S01005421",667,443,224
"S01005422",709,302,407
"S01005423",745,548,197
"S01005424",629,413,216
"S01005425",698,358,340
"S01005426",573,300,273
"S01005427",569,325,244
"S01005428",821,440,381
"S01005429",530,299,231
"S01005430",416,251,165
"S01005431",499,313,186
"S01005432",527,384,143
"S01005433",670,430,240
"S01005434",681,405,276
"S01005435",770,478,292
"S01005436",703,467,236
"S01005437",718,495,223
"S01005438",564,352,212
"S01005439",547,359,188
"S01005440",939,651,288
"S01005441",774,523,251
"S01005442",1406,978,428
"S01005443",872,550,322
"S01005444",1000,643,357
"S01005445",711,484,227
"S01005446",550,358,192
"S01005447",675,441,234
"S01005448",653,442,211
"S01005449",724,487,237
"S01005450",834,421,413
"S01005451",649,372,277
"S01005452",614,361,253
"S01005453",570,353,217
"S01005454",627,398,229
"S01005455",665,427,238
"S01005456",621,419,202
"S01005457",671,437,234
"S01005458",510,347,163
"S01005459",695,492,203
"S01005460",638,432,206
"S01005461",567,379,188
"S01005462",814,501,313
"S01005463",437,307,130
"S01005464",480,292,188
"S01005465",446,315,131
"S01005466",856,612,244
"S01005467",377,249,128
"S01005468",679,480,199
"S01005469",658,418,240
"S01005470",503,322,181
"S01005471",550,384,166
"S01005472",1044,794,250
"S01005473",735,515,220
"S01005474",593,325,268
"S01005475",724,493,231
"S01005476",709,488,221
"S01005477",642,419,223
"S01005478",564,371,193
"S01005479",420,221,199
"S01005480",991,611,380
"S01005481",492,319,173
"S01005482",506,329,177
"S01005483",682,449,233
"S01005484",398,250,148
"S01005485",605,371,234
"S01005486",628,359,269
"S01005487",527,293,234
"S01005488",602,372,230
"S01005489",751,494,257
"S01005490",495,273,222
"S01005491",668,419,249
"S01005492",692,517,175
"S01005493",516,396,120
"S01005494",630,477,153
"S01005495",583,430,153
"S01005496",793,633,160
"S01005497",621,474,147
"S01005498",736,543,193
"S01005499",475,330,145
"S01005500",553,420,133
"S01005501",763,557,206
"S01005502",636,444,192
"S01005503",439,332,107
"S01005504",468,333,135
"S01005505",451,329,122
"S01005506",665,525,140
"S01005507",455,347,108
"S01005508",556,417,139
"S01005509",466,376,90
"S01005510",529,415,114
"S01005511",460,337,123
"S01005512",497,367,130
"S01005513",589,455,134
"S01005514",461,331,130
"S01005515",402,268,134
"S01005516",408,273,135
"S01005517",718,530,188
"S01005518",795,605,190
"S01005519",487,351,136
"S01005520",696,479,217
"S01005521",522,340,182
"S01005522",469,258,211
"S01005523",610,368,242
"S01005524",572,333,239
"S01005525",486,283,203
"S01005526",485,241,244
"S01005527",343,161,182
"S01005528",407,201,206
"S01005529",671,412,259
"S01005530",433,185,248
"S01005531",414,241,173
"S01005532",589,317,272
"S01005533",513,239,274
"S01005534",454,270,184
"S01005535",625,375,250
"S01005536",688,448,240
"S01005537",555,340,215
"S01005538",624,379,245
"S01005539",645,390,255
"S01005540",542,289,253
"S01005541",485,277,208
"S01005542",565,325,240
"S01005543",559,291,268
"S01005544",512,297,215
"S01005545",913,558,355
"S01005546",571,385,186
"S01005547",749,468,281
"S01005548",1014,574,440
"S01005549",1111,721,390
"S01005550",430,228,202
"S01005551",658,306,352
"S01005552",546,283,263
"S01005553",566,315,251
"S01005554",474,263,211
"S01005555",599,363,236
"S01005556",404,250,154
"S01005557",542,307,235
"S01005558",498,272,226
"S01005559",476,275,201
"S01005560",451,246,205
"S01005561",649,428,221
"S01005562",623,300,323
"S01005563",556,306,250
"S01005564",605,357,248
"S01005565",410,225,185
"S01005566",370,224,146
"S01005567",683,397,286
"S01005568",376,250,126
"S01005569",540,372,168
"S01005570",550,340,210
"S01005571",533,367,166
"S01005572",556,335,221
"S01005573",496,295,201
"S01005574",607,396,211
"S01005575",524,338,186
"S01005576",582,321,261
"S01005577",588,356,232
"S01005578",676,387,289
"S01005579",755,479,276
"S01005580",368,186,182
"S01005581",534,283,251
"S01005582",579,337,242
"S01005583",450,264,186
"S01005584",414,261,153
"S01005585",698,352,346
"S01005586",561,293,268
"S01005587",792,406,386
"S01005588",463,201,262
"S01005589",1121,651,470
"S01005590",631,234,397
"S01005591",685,368,317
"S01005592",343,161,182
"S01005593",571,298,273
"S01005594",779,399,380
"S01005595",592,264,328
"S01005596",378,185,193
"S01005597",783,415,368
"S01005598",801,401,400
"S01005599",446,235,211
"S01005600",574,244,330
"S01005601",525,318,207
"S01005602",467,230,237
"S01005603",499,267,232
"S01005604",347,175,172
"S01005605",693,418,275
"S01005606",476,297,179
"S01005607",514,318,196
"S01005608",659,440,219
"S01005609",640,395,245
"S01005610",401,251,150
"S01005611",499,245,254
"S01005612",596,475,121
"S01005613",558,350,208
"S01005614",576,342,234
"S01005615",730,415,315
"S01005616",466,256,210
"S01005617",620,292,328
"S01005618",434,234,200
"S01005619",423,298,125
"S01005620",360,204,156
"S01005621",480,276,204
"S01005622",608,377,231
"S01005623",539,322,217
"S01005624",651,383,268
"S01005625",638,403,235
"S01005626",616,386,230
"S01005627",448,270,178
"S01005628",791,452,339
"S01005629",574,334,240
"S01005630",386,235,151
"S01005631",523,325,198
"S01005632",371,243,128
"S01005633",522,308,214
"S01005634",564,368,196
"S01005635",564,345,219
"S01005636",582,346,236
"S01005637",792,506,286
"S01005638",701,413,288
"S01005639",528,277,251
"S01005640",517,339,178
"S01005641",808,538,270
"S01005642",559,303,256
"S01005643",436,224,212
"S01005644",475,231,244
"S01005645",608,345,263
"S01005646",544,335,209
"S01005647",538,306,232
"S01005648",702,379,323
"S01005649",792,455,337
"S01005650",399,237,162
"S01005651",568,320,248
"S01005652",522,343,179
"S01005653",621,362,259
"S01005654",549,303,246
"S01005655",785,488,297
"S01005656",538,284,254
"S01005657",392,208,184
"S01005658",624,428,196
"S01005659",706,438,268
"S01005660",454,270,184
"S01005661",468,321,147
"S01005662",437,270,167
"S01005663",447,252,195
"S01005664",416,264,152
"S01005665",357,215,142
"S01005666",916,571,345
"S01005667",565,290,275
"S01005668",602,362,240
"S01005669",405,265,140
"S01005670",586,363,223
"S01005671",408,257,151
"S01005672",612,334,278
"S01005673",474,322,152
"S01005674",630,365,265
"S01005675",703,323,380
"S01005676",620,381,239
"S01005677",633,434,199
"S01005678",654,440,214
"S01005679",678,387,291
"S01005680",612,400,212
"S01005681",661,398,263
"S01005682",545,372,173
"S01005683",601,286,315
"S01005684",816,488,328
"S01005685",702,391,311
"S01005686",576,374,202
"S01005687",551,370,181
"S01005688",706,486,220
"S01005689",380,260,120
"S01005690",569,398,171
"S01005691",527,323,204
"S01005692",522,334,188
"S01005693",1144,792,352
"S01005694",411,223,188
"S01005695",412,230,182
"S01005696",505,293,212
"S01005697",472,255,217
"S01005698",466,299,167
"S01005699",614,344,270
"S01005700",406,264,142
"S01005701",558,320,238
"S01005702",526,291,235
"S01005703",451,289,162
"S01005704",506,293,213
"S01005705",690,475,215
"S01005706",566,353,213
"S01005707",407,222,185
"S01005708",522,321,201
"S01005709",579,355,224
"S01005710",377,272,105
"S01005711",711,484,227
"S01005712",401,250,151
"S01005713",437,246,191
"S01005714",924,609,315
"S01005715",540,336,204
"S01005716",384,200,184
"S01005717",374,233,141
"S01005718",591,366,225
"S01005719",358,225,133
"S01005720",548,343,205
"S01005721",521,311,210
"S01005722",391,254,137
"S01005723",557,332,225
"S01005724",457,317,140
"S01005725",555,350,205
"S01005726",824,520,304
"S01005727",991,748,243
"S01005728",595,380,215
"S01005729",439,241,198
"S01005730",525,341,184
"S01005731",594,367,227
"S01005732",610,379,231
"S01005733",533,348,185
"S01005734",515,328,187
"S01005735",553,400,153
"S01005736",520,322,198
"S01005737",568,339,229
"S01005738",671,390,281
"S01005739",751,441,310
"S01005740",588,409,179
"S01005741",786,530,256
"S01005742",688,428,260
"S01005743",852,687,165
"S01005744",685,433,252
"S01005745",816,475,341
"S01005746",614,382,232
"S01005747",659,388,271
"S01005748",506,231,275
"S01005749",590,384,206
"S01005750",569,278,291
"S01005751",596,371,225
"S01005752",497,247,250
"S01005753",521,311,210
"S01005754",799,471,328
"S01005755",521,249,272
"S01005756",614,353,261
"S01005757",414,180,234
"S01005758",613,376,237
"S01005759",604,315,289
"S01005760",480,314,166
"S01005761",530,369,161
"S01005762",497,248,249
"S01005763",1804,1329,475
"S01005764",445,215,230
"S01005765",691,372,319
"S01005766",494,299,195
"S01005767",571,385,186
"S01005768",634,392,242
"S01005769",547,310,237
"S01005770",434,233,201
"S01005771",569,342,227
"S01005772",545,331,214
"S01005773",691,494,197
"S01005774",514,292,222
"S01005775",567,297,270
"S01005776",545,327,218
"S01005777",386,201,185
"S01005778",531,291,240
"S01005779",576,387,189
"S01005780",1033,796,237
"S01005781",691,449,242
"S01005782",595,331,264
"S01005783",420,283,137
"S01005784",458,304,154
"S01005785",582,411,171
"S01005786",449,303,146
"S01005787",518,371,147
"S01005788",395,227,168
"S01005789",628,461,167
"S01005790",383,256,127
"S01005791",361,208,153
"S01005792",628,361,267
"S01005793",416,283,133
"S01005794",747,464,283
"S01005795",504,323,181
"S01005796",830,582,248
"S01005797",746,568,178
"S01005798",431,263,168
"S01005799",512,309,203
"S01005800",492,291,201
"S01005801",533,360,173
"S01005802",655,450,205
"S01005803",572,351,221
"S01005804",2786,2118,668
"S01005805",456,337,119
"S01005806",566,328,238
"S01005807",618,353,265
"S01005808",541,333,208
"S01005809",476,319,157
"S01005810",364,200,164
"S01005811",401,226,175
"S01005812",455,337,118
"S01005813",587,378,209
"S01005814",563,327,236
"S01005815",703,394,309
"S01005816",771,532,239
"S01005817",400,279,121
"S01005818",574,440,134
"S01005819",516,297,219
"S01005820",494,316,178
"S01005821",346,225,121
"S01005822",619,406,213
"S01005823",478,297,181
"S01005824",553,381,172
"S01005825",475,303,172
"S01005826",699,490,209
"S01005827",541,379,162
"S01005828",585,390,195
"S01005829",566,351,215
"S01005830",681,357,324
"S01005831",882,557,325
"S01005832",548,292,256
"S01005833",493,310,183
"S01005834",429,266,163
"S01005835",562,381,181
"S01005836",526,350,176
"S01005837",380,273,107
"S01005838",510,326,184
"S01005839",574,379,195
"S01005840",561,349,212
"S01005841",472,327,145
"S01005842",379,209,170
"S01005843",493,331,162
"S01005844",541,340,201
"S01005845",378,237,141
"S01005846",656,399,257
"S01005847",549,334,215
"S01005848",428,250,178
"S01005849",576,346,230
"S01005850",592,333,259
"S01005851",494,289,205
"S01005852",395,260,135
"S01005853",683,364,319
"S01005854",571,340,231
"S01005855",626,325,301
"S01005856",539,336,203
"S01005857",534,324,210
"S01005858",520,302,218
"S01005859",558,362,196
"S01005860",560,354,206
"S01005861",672,481,191
"S01005862",582,355,227
"S01005863",1180,769,411
"S01005864",620,370,250
"S01005865",577,267,310
"S01005866",596,382,214
"S01005867",707,476,231
"S01005868",537,349,188
"S01005869",528,264,264
"S01005870",500,287,213
"S01005871",510,280,230
"S01005872",541,334,207
"S01005873",663,426,237
"S01005874",556,279,277
"S01005875",608,437,171
"S01005876",613,350,263
"S01005877",616,406,210
"S01005878",471,357,114
"S01005879",472,294,178
"S01005880",576,269,307
"S01005881",555,337,218
"S01005882",1109,809,300
"S01005883",334,198,136
"S01005884",526,312,214
"S01005885",449,302,147
"S01005886",551,372,179
"S01005887",352,246,106
"S01005888",474,283,191
"S01005889",607,362,245
"S01005890",556,412,144
"S01005891",477,239,238
"S01005892",510,281,229
"S01005893",511,318,193
"S01005894",524,343,181
"S01005895",466,247,219
"S01005896",532,338,194
"S01005897",536,321,215
"S01005898",526,329,197
"S01005899",556,325,231
"S01005900",441,254,187
"S01005901",538,377,161
"S01005902",611,347,264
"S01005903",707,439,268
"S01005904",719,472,247
"S01005905",614,432,182
"S01005906",629,368,261
"S01005907",551,351,200
"S01005908",698,451,247
"S01005909",368,252,116
"S01005910",528,294,234
"S01005911",1024,674,350
"S01005912",597,383,214
"S01005913",591,305,286
"S01005914",725,421,304
"S01005915",476,272,204
"S01005916",538,378,160
"S01005917",645,330,315
"S01005918",623,391,232
"S01005919",379,238,141
"S01005920",607,376,231
"S01005921",514,324,190
"S01005922",693,480,213
"S01005923",523,324,199
"S01005924",477,307,170
"S01005925",555,397,158
"S01005926",726,463,263
"S01005927",523,301,222
"S01005928",588,322,266
"S01005929",578,370,208
"S01005930",745,538,207
"S01005931",585,367,218
"S01005932",464,238,226
"S01005933",658,471,187
"S01005934",524,283,241
"S01005935",411,254,157
"S01005936",596,327,269
"S01005937",460,318,142
"S01005938",565,351,214
"S01005939",524,285,239
"S01005940",644,381,263
"S01005941",365,242,123
"S01005942",654,353,301
"S01005943",619,378,241
"S01005944",696,408,288
"S01005945",573,360,213
"S01005946",676,440,236
"S01005947",543,277,266
"S01005948",638,393,245
"S01005949",465,275,190
"S01005950",444,238,206
"S01005951",984,550,434
"S01005952",951,474,477
"S01005953",939,640,299
"S01005954",371,191,180
"S01005955",614,415,199
"S01005956",594,336,258
"S01005957",787,405,382
"S01005958",438,234,204
"S01005959",387,166,221
"S01005960",378,199,179
"S01005961",859,523,336
"S01005962",359,201,158
"S01005963",450,250,200
"S01005964",549,293,256
"S01005965",682,377,305
"S01005966",1040,694,346
"S01005967",696,352,344
"S01005968",780,531,249
"S01005969",567,343,224
"S01005970",599,363,236
"S01005971",326,191,135
"S01005972",554,318,236
"S01005973",628,381,247
"S01005974",569,321,248
"S01005975",505,280,225
"S01005976",555,362,193
"S01005977",553,333,220
"S01005978",518,325,193
"S01005979",674,386,288
"S01005980",458,302,156
"S01005981",651,471,180
"S01005982",529,265,264
"S01005983",692,468,224
"S01005984",674,429,245
"S01005985",561,339,222
"S01005986",758,471,287
"S01005987",408,237,171
"S01005988",414,241,173
"S01005989",544,343,201
"S01005990",1050,544,506
"S01005991",526,299,227
"S01005992",420,185,235
"S01005993",551,397,154
"S01005994",664,403,261
"S01005995",456,182,274
"S01005996",624,476,148
"S01005997",452,239,213
"S01005998",505,222,283
"S01005999",1041,769,272
"S01006000",529,284,245
"S01006001",550,338,212
"S01006002",352,187,165
"S01006003",466,228,238
"S01006004",1045,806,239
"S01006005",407,251,156
"S01006006",573,369,204
"S01006007",347,188,159
"S01006008",529,251,278
"S01006009",393,289,104
"S01006010",707,464,243
"S01006011",583,317,266
"S01006012",590,295,295
"S01006013",436,299,137
"S01006014",491,278,213
"S01006015",542,341,201
"S01006016",726,495,231
"S01006017",884,593,291
"S01006018",652,446,206
"S01006019",971,643,328
"S01006020",588,348,240
"S01006021",757,486,271
"S01006022",455,261,194
"S01006023",521,355,166
"S01006024",584,304,280
"S01006025",679,386,293
"S01006026",552,307,245
"S01006027",535,339,196
"S01006028",494,308,186
"S01006029",511,317,194
"S01006030",659,408,251
"S01006031",1069,713,356
"S01006032",648,358,290
"S01006033",875,672,203
"S01006034",1291,796,495
"S01006035",729,429,300
"S01006036",1703,1330,373
"S01006037",635,381,254
"S01006038",604,357,247
"S01006039",587,340,247
"S01006040",607,331,276
"S01006041",695,336,359
"S01006042",611,350,261
"S01006043",403,250,153
"S01006044",669,358,311
"S01006045",520,369,151
"S01006046",552,365,187
"S01006047",529,290,239
"S01006048",534,338,196
"S01006049",557,310,247
"S01006050",589,356,233
"S01006051",621,421,200
"S01006052",646,462,184
"S01006053",593,365,228
"S01006054",628,392,236
"S01006055",517,387,130
"S01006056",693,418,275
"S01006057",378,222,156
"S01006058",559,256,303
"S01006059",578,302,276
"S01006060",506,283,223
"S01006061",421,204,217
"S01006062",558,291,267
"S01006063",405,189,216
"S01006064",571,324,247
"S01006065",635,335,300
"S01006066",797,480,317
"S01006067",654,393,261
"S01006068",408,255,153
"S01006069",619,363,256
"S01006070",486,298,188
"S01006071",653,417,236
"S01006072",427,282,145
"S01006073",317,194,123
"S01006074",487,348,139
"S01006075",776,423,353
"S01006076",706,416,290
"S01006077",906,628,278
"S01006078",1048,737,311
"S01006079",522,323,199
"S01006080",695,453,242
"S01006081",528,345,183
"S01006082",640,376,264
"S01006083",730,454,276
"S01006084",639,448,191
"S01006085",581,397,184
"S01006086",712,490,222
"S01006087",556,343,213
"S01006088",566,394,172
"S01006089",537,353,184
"S01006090",596,330,266
"S01006091",642,464,178
"S01006092",437,257,180
"S01006093",527,345,182
"S01006094",601,351,250
"S01006095",631,432,199
"S01006096",451,308,143
"S01006097",693,415,278
"S01006098",494,282,212
"S01006099",417,307,110
"S01006100",280,137,143
"S01006101",527,276,251
"S01006102",620,354,266
"S01006103",530,398,132
"S01006104",529,280,249
"S01006105",639,406,233
"S01006106",619,444,175
"S01006107",500,296,204
"S01006108",692,421,271
"S01006109",611,367,244
"S01006110",558,311,247
"S01006111",704,424,280
"S01006112",562,410,152
"S01006113",612,373,239
"S01006114",514,297,217
"S01006115",543,287,256
"S01006116",628,371,257
"S01006117",612,397,215
"S01006118",450,281,169
"S01006119",786,476,310
"S01006120",952,405,547
"S01006121",449,255,194
"S01006122",719,513,206
"S01006123",649,245,404
"S01006124",587,267,320
"S01006125",760,448,312
"S01006126",807,267,540
"S01006127",663,317,346
"S01006128",826,243,583
"S01006129",523,331,192
"S01006130",354,173,181
"S01006131",687,447,240
"S01006132",579,263,316
"S01006133",441,285,156
"S01006134",351,216,135
"S01006135",387,162,225
"S01006136",823,424,399
"S01006137",797,285,512
"S01006138",479,317,162
"S01006139",299,150,149
"S01006140",598,330,268
"S01006141",1488,806,682
"S01006142",492,302,190
"S01006143",508,304,204
"S01006144",724,467,257
"S01006145",719,337,382
"S01006146",600,350,250
"S01006147",605,361,244
"S01006148",574,323,251
"S01006149",824,561,263
"S01006150",757,508,249
"S01006151",1955,60,1895
"S01006152",541,323,218
"S01006153",437,306,131
"S01006154",588,397,191
"S01006155",562,355,207
"S01006156",434,295,139
"S01006157",546,318,228
"S01006158",607,363,244
"S01006159",566,360,206
"S01006160",572,324,248
"S01006161",553,334,219
"S01006162",461,286,175
"S01006163",567,401,166
"S01006164",436,252,184
"S01006165",543,318,225
"S01006166",626,401,225
"S01006167",1095,777,318
"S01006168",712,466,246
"S01006169",526,358,168
"S01006170",683,400,283
"S01006171",627,384,243
"S01006172",343,211,132
"S01006173",486,316,170
"S01006174",485,354,131
"S01006175",581,371,210
"S01006176",489,348,141
"S01006177",446,203,243
"S01006178",587,312,275
"S01006179",537,324,213
"S01006180",568,319,249
"S01006181",547,251,296
"S01006182",517,313,204
"S01006183",585,258,327
"S01006184",565,300,265
"S01006185",699,380,319
"S01006186",858,489,369
"S01006187",559,277,282
"S01006188",484,290,194
"S01006189",492,239,253
"S01006190",601,365,236
"S01006191",429,232,197
"S01006192",515,254,261
"S01006193",611,317,294
"S01006194",647,285,362
"S01006195",566,247,319
"S01006196",651,373,278
"S01006197",598,283,315
"S01006198",502,237,265
"S01006199",461,242,219
"S01006200",643,385,258
"S01006201",658,327,331
"S01006202",503,242,261
"S01006203",426,254,172
"S01006204",666,359,307
"S01006205",480,267,213
"S01006206",574,335,239
"S01006207",596,307,289
"S01006208",528,283,245
"S01006209",537,369,168
"S01006210",565,374,191
"S01006211",387,196,191
"S01006212",600,443,157
"S01006213",783,428,355
"S01006214",619,405,214
"S01006215",582,330,252
"S01006216",493,317,176
"S01006217",702,404,298
"S01006218",424,293,131
"S01006219",671,409,262
"S01006220",613,438,175
"S01006221",610,330,280
"S01006222",765,493,272
"S01006223",553,347,206
"S01006224",485,326,159
"S01006225",621,299,322
"S01006226",561,376,185
"S01006227",659,408,251
"S01006228",558,379,179
"S01006229",651,337,314
"S01006230",694,355,339
"S01006231",619,324,295
"S01006232",789,558,231
"S01006233",575,361,214
"S01006234",504,356,148
"S01006235",546,348,198
"S01006236",471,309,162
"S01006237",687,390,297
"S01006238",706,424,282
"S01006239",354,238,116
"S01006240",557,257,300
"S01006241",763,504,259
"S01006242",536,298,238
"S01006243",419,281,138
"S01006244",596,362,234
"S01006245",428,195,233
"S01006246",529,293,236
"S01006247",653,392,261
"S01006248",657,433,224
"S01006249",549,397,152
"S01006250",538,290,248
"S01006251",412,245,167
"S01006252",480,296,184
"S01006253",440,210,230
"S01006254",610,407,203
"S01006255",675,443,232
"S01006256",489,250,239
"S01006257",556,300,256
"S01006258",617,340,277
"S01006259",496,287,209
"S01006260",416,205,211
"S01006261",562,312,250
"S01006262",612,354,258
"S01006263",596,338,258
"S01006264",738,533,205
"S01006265",636,427,209
"S01006266",717,378,339
"S01006267",441,255,186
"S01006268",521,321,200
"S01006269",445,230,215
"S01006270",680,447,233
"S01006271",491,241,250
"S01006272",621,369,252
"S01006273",405,217,188
"S01006274",422,227,195
"S01006275",594,409,185
"S01006276",638,398,240
"S01006277",515,307,208
"S01006278",745,415,330
"S01006279",977,595,382
"S01006280",507,250,257
"S01006281",580,328,252
"S01006282",479,277,202
"S01006283",527,289,238
"S01006284",559,338,221
"S01006285",617,409,208
"S01006286",878,572,306
"S01006287",435,282,153
"S01006288",563,246,317
"S01006289",659,422,237
"S01006290",660,329,331
"S01006291",403,194,209
"S01006292",628,348,280
"S01006293",665,433,232
"S01006294",451,287,164
"S01006295",643,445,198
"S01006296",719,488,231
"S01006297",569,324,245
"S01006298",753,493,260
"S01006299",544,277,267
"S01006300",557,315,242
"S01006301",471,251,220
"S01006302",682,453,229
"S01006303",521,303,218
"S01006304",593,332,261
"S01006305",537,329,208
"S01006306",605,381,224
"S01006307",603,356,247
"S01006308",469,251,218
"S01006309",843,597,246
"S01006310",620,394,226
"S01006311",544,337,207
"S01006312",1036,342,694
"S01006313",950,588,362
"S01006314",516,329,187
"S01006315",589,349,240
"S01006316",664,416,248
"S01006317",750,441,309
"S01006318",534,320,214
"S01006319",667,371,296
"S01006320",732,378,354
"S01006321",593,456,137
"S01006322",551,394,157
"S01006323",790,556,234
"S01006324",497,363,134
"S01006325",467,239,228
"S01006326",667,324,343
"S01006327",429,258,171
"S01006328",435,227,208
"S01006329",823,571,252
"S01006330",513,314,199
"S01006331",559,380,179
"S01006332",435,244,191
"S01006333",636,340,296
"S01006334",558,300,258
"S01006335",660,403,257
"S01006336",861,671,190
"S01006337",1004,749,255
"S01006338",651,435,216
"S01006339",715,453,262
"S01006340",524,358,166
"S01006341",508,351,157
"S01006342",521,284,237
"S01006343",915,558,357
"S01006344",537,324,213
"S01006345",541,306,235
"S01006346",482,309,173
"S01006347",488,361,127
"S01006348",412,264,148
"S01006349",341,194,147
"S01006350",503,253,250
"S01006351",865,547,318
"S01006352",523,314,209
"S01006353",448,305,143
"S01006354",677,404,273
"S01006355",527,296,231
"S01006356",516,405,111
"S01006357",526,333,193
"S01006358",505,304,201
"S01006359",845,557,288
"S01006360",522,383,139
"S01006361",858,591,267
"S01006362",609,451,158
"S01006363",534,390,144
"S01006364",3044,2416,628
"S01006365",723,494,229
"S01006366",559,398,161
"S01006367",573,396,177
"S01006368",618,460,158
"S01006369",1202,865,337
"S01006370",770,597,173
"S01006371",466,347,119
"S01006372",534,308,226
"S01006373",657,443,214
"S01006374",482,307,175
"S01006375",464,293,171
"S01006376",778,562,216
"S01006377",424,244,180
"S01006378",371,293,78
"S01006379",524,326,198
"S01006380",504,336,168
"S01006381",358,212,146
"S01006382",510,289,221
"S01006383",439,297,142
"S01006384",602,415,187
"S01006385",753,439,314
"S01006386",784,456,328
"S01006387",649,433,216
"S01006388",829,437,392
"S01006389",500,272,228
"S01006390",509,302,207
"S01006391",789,592,197
"S01006392",717,453,264
"S01006393",989,667,322
"S01006394",541,330,211
"S01006395",835,522,313
"S01006396",448,244,204
"S01006397",717,467,250
"S01006398",629,407,222
"S01006399",540,340,200
"S01006400",981,744,237
"S01006401",756,431,325
"S01006402",499,265,234
"S01006403",547,326,221
"S01006404",674,420,254
"S01006405",797,501,296
"S01006406",284,173,111
"S01006407",503,386,117
"S01006408",792,453,339
"S01006409",1082,807,275
"S01006410",505,271,234
"S01006411",780,517,263
"S01006412",504,299,205
"S01006413",384,229,155
"S01006414",372,255,117
"S01006415",628,406,222
"S01006416",605,369,236
"S01006417",574,398,176
"S01006418",456,261,195
"S01006419",386,238,148
"S01006420",639,389,250
"S01006421",552,380,172
"S01006422",454,252,202
"S01006423",475,361,114
"S01006424",407,231,176
"S01006425",974,592,382
"S01006426",864,657,207
"S01006427",534,316,218
"S01006428",579,394,185
"S01006429",505,331,174
"S01006430",521,351,170
"S01006431",370,261,109
"S01006432",499,315,184
"S01006433",448,286,162
"S01006434",588,394,194
"S01006435",332,215,117
"S01006436",573,357,216
"S01006437",674,447,227
"S01006438",489,245,244
"S01006439",673,414,259
"S01006440",615,352,263
"S01006441",488,301,187
"S01006442",566,333,233
"S01006443",353,224,129
"S01006444",442,281,161
"S01006445",559,362,197
"S01006446",680,452,228
"S01006447",452,259,193
"S01006448",680,465,215
"S01006449",373,247,126
"S01006450",435,228,207
"S01006451",807,503,304
"S01006452",445,255,190
"S01006453",719,421,298
"S01006454",485,330,155
"S01006455",436,237,199
"S01006456",1330,877,453
"S01006457",808,566,242
"S01006458",649,453,196
"S01006459",593,416,177
"S01006460",369,243,126
"S01006461",1267,944,323
"S01006462",589,393,196
"S01006463",494,317,177
"S01006464",514,300,214
"S01006465",1046,709,337
"S01006466",585,374,211
"S01006467",613,400,213
"S01006468",935,650,285
"S01006469",496,305,191
"S01006470",610,380,230
"S01006471",655,398,257
"S01006472",459,280,179
"S01006473",549,367,182
"S01006474",563,336,227
"S01006475",597,369,228
"S01006476",643,447,196
"S01006477",599,361,238
"S01006478",781,554,227
"S01006479",570,328,242
"S01006480",657,501,156
"S01006481",730,398,332
"S01006482",564,370,194
"S01006483",655,388,267
"S01006484",591,350,241
"S01006485",503,315,188
"S01006486",573,422,151
"S01006487",547,314,233
"S01006488",498,352,146
"S01006489",615,418,197
"S01006490",542,329,213
"S01006491",580,342,238
"S01006492",523,359,164
"S01006493",430,250,180
"S01006494",464,314,150
"S01006495",607,430,177
"S01006496",703,456,247
"S01006497",427,281,146
"S01006498",792,543,249
"S01006499",671,426,245
"S01006500",508,322,186
"S01006501",656,469,187
"S01006502",451,330,121
"S01006503",499,359,140
"S01006504",580,395,185
"S01006505",564,430,134
