"dz_2001","total","good","not_good"
"S01000001",765,720,45
"S01000002",687,674,13
"S01000003",838,808,30
"S01000004",641,626,15
"S01000005",663,629,34
"S01000006",626,573,53
"S01000007",735,652,83
"S01000008",584,535,49
"S01000009",710,664,46
"S01000010",568,543,25
"S01000011",918,875,43
"S01000012",816,779,37
"S01000013",898,849,49
"S01000014",919,864,55
"S01000015",655,636,19
"S01000016",564,543,21
"S01000017",937,884,53
"S01000018",577,540,37
"S01000019",531,506,25
"S01000020",877,814,63
"S01000021",862,788,74
"S01000022",663,640,23
"S01000023",805,781,24
"S01000024",512,496,16
"S01000025",874,840,34
"S01000026",930,835,95
"S01000027",815,779,36
"S01000028",969,864,105
"S01000029",742,729,13
"S01000030",500,442,58
"S01000031",866,809,57
"S01000032",1089,965,124
"S01000033",796,685,111
"S01000034",1012,956,56
"S01000035",1009,915,94
"S01000036",744,653,91
"S01000037",800,710,90
"S01000038",684,612,72
"S01000039",942,841,101
"S01000040",970,878,92
"S01000041",838,754,84
"S01000042",790,714,76
"S01000043",837,743,94
"S01000044",951,826,125
"S01000045",581,546,35
"S01000046",768,738,30
"S01000047",759,649,110
"S01000048",925,874,51
"S01000049",764,698,66
"S01000050",618,574,44
"S01000051",788,732,56
"S01000052",677,576,101
"S01000053",1014,928,86
"S01000054",777,712,65
"S01000055",754,661,93
"S01000056",1049,1017,32
"S01000057",700,610,90
"S01000058",710,683,27
"S01000059",806,770,36
"S01000060",577,506,71
"S01000061",963,912,51
"S01000062",991,944,47
"S01000063",983,930,53
"S01000064",648,573,75
"S01000065",953,892,61
"S01000066",800,712,88
"S01000067",897,847,50
"S01000068",862,802,60
"S01000069",684,583,101
"S01000070",646,579,67
"S01000071",740,645,95
"S01000072",832,750,82
"S01000073",619,597,22
"S01000074",763,656,107
"S01000075",547,513,34
"S01000076",770,743,27
"S01000077",917,881,36
"S01000078",817,750,67
"S01000079",952,899,53
"S01000080",927,877,50
"S01000081",924,879,45
"S01000082",954,828,126
"S01000083",757,725,32
"S01000084",674,600,74
"S01000085",555,529,26
"S01000086",745,686,59
"S01000087",820,794,26
"S01000088",639,605,34
"S01000089",1003,950,53
"S01000090",800,770,30
"S01000091",929,866,63
"S01000092",851,818,33
"S01000093",404,388,16
"S01000094",575,550,25
"S01000095",703,665,38
"S01000096",706,619,87
"S01000097",967,918,49
"S01000098",1022,926,96
"S01000099",762,727,35
"S01000100",760,717,43
"S01000101",885,849,36
"S01000102",747,652,95
"S01000103",603,588,15
"S01000104",863,809,54
"S01000105",885,854,31
"S01000106",706,686,20
"S01000107",889,836,53
"S01000108",606,553,53
"S01000109",895,804,91
"S01000110",820,741,79
"S01000111",762,726,36
"S01000112",970,875,95
"S01000113",545,513,32
"S01000114",876,647,229
"S01000115",873,762,111
"S01000116",901,860,41
"S01000117",1056,999,57
"S01000118",704,631,73
"S01000119",786,704,82
"S01000120",574,544,30
"S01000121",796,720,76
"S01000122",764,670,94
"S01000123",648,623,25
"S01000124",985,905,80
"S01000125",701,614,87
"S01000126",867,722,145
"S01000127",798,775,23
"S01000128",1538,1437,101
"S01000129",549,537,12
"S01000130",865,761,104
"S01000131",659,622,37
"S01000132",784,747,37
"S01000133",737,653,84
"S01000134",762,681,81
"S01000135",721,591,130
"S01000136",706,617,89
"S01000137",786,738,48
"S01000138",822,760,62
"S01000139",817,695,122
"S01000140",943,842,101
"S01000141",945,875,70
"S01000142",772,691,81
"S01000143",633,609,24
"S01000144",547,518,29
"S01000145",905,768,137
"S01000146",963,857,106
"S01000147",735,612,123
"S01000148",694,606,88
"S01000149",1011,910,101
"S01000150",636,571,65
"S01000151",907,770,137
"S01000152",1083,865,218
"S01000153",529,471,58
"S01000154",557,486,71
"S01000155",784,699,85
"S01000156",970,887,83
"S01000157",692,561,131
"S01000158",933,842,91
"S01000159",1014,990,24
"S01000160",813,722,91
"S01000161",959,922,37
"S01000162",886,799,87
"S01000163",1022,912,110
"S01000164",471,378,93
"S01000165",861,730,131
"S01000166",1147,1076,71
"S01000167",712,625,87
"S01000168",956,852,104
"S01000169",761,660,101
"S01000170",1035,971,64
"S01000171",892,878,14
"S01000172",501,470,31
"S01000173",811,721,90
"S01000174",873,857,16
"S01000175",528,496,32
"S01000176",744,689,55
"S01000177",554,528,26
"S01000178",760,678,82
"S01000179",757,614,143
"S01000180",693,619,74
"S01000181",654,601,53
"S01000182",873,763,110
"S01000183",1000,891,109
"S01000184",793,715,78
"S01000185",787,650,137
"S01000186",957,832,125
"S01000187",713,640,73
"S01000188",1079,915,164
"S01000189",624,565,59
"S01000190",887,797,90
"S01000191",1057,981,76
"S01000192",767,678,89
"S01000193",802,707,95
"S01000194",745,680,65
"S01000195",697,598,99
"S01000196",924,843,81
"S01000197",610,554,56
"S01000198",746,649,97
"S01000199",716,614,102
"S01000200",846,742,104
"S01000201",654,552,102
"S01000202",888,806,82
"S01000203",453,400,53
"S01000204",622,545,77
"S01000205",960,881,79
"S01000206",714,644,70
"S01000207",883,771,112
"S01000208",857,684,173
"S01000209",987,878,109
"S01000210",578,485,93
"S01000211",713,575,138
"S01000212",788,709,79
"S01000213",672,559,113
"S01000214",507,462,45
"S01000215",736,700,36
"S01000216",619,565,54
"S01000217",698,624,74
"S01000218",718,638,80
"S01000219",698,605,93
"S01000220",1399,1315,84
"S01000221",897,724,173
"S01000222",758,684,74
"S01000223",525,487,38
"S01000224",768,707,61
"S01000225",595,555,40
"S01000226",618,584,34
"S01000227",646,611,35
"S01000228",660,620,40
"S01000229",795,690,105
"S01000230",678,614,64
"S01000231",710,683,27
"S01000232",669,609,60
"S01000233",567,490,77
"S01000234",762,719,43
"S01000235",888,832,56
"S01000236",680,633,47
"S01000237",916,868,48
"S01000238",516,495,21
"S01000239",733,690,43
"S01000240",721,677,44
"S01000241",746,728,18
"S01000242",690,653,37
"S01000243",739,717,22
"S01000244",1045,948,97
"S01000245",953,884,69
"S01000246",750,702,48
"S01000247",767,740,27
"S01000248",868,826,42
"S01000249",738,689,49
"S01000250",805,778,27
"S01000251",501,484,17
"S01000252",867,844,23
"S01000253",745,733,12
"S01000254",808,782,26
"S01000255",632,609,23
"S01000256",919,833,86
"S01000257",826,765,61
"S01000258",666,653,13
"S01000259",614,588,26
"S01000260",890,876,14
"S01000261",1007,950,57
"S01000262",946,875,71
"S01000263",794,761,33
"S01000264",1033,943,90
"S01000265",778,697,81
"S01000266",984,919,65
"S01000267",691,622,69
"S01000268",779,726,53
"S01000269",561,533,28
"S01000270",964,907,57
"S01000271",906,821,85
"S01000272",940,883,57
"S01000273",524,502,22
"S01000274",594,548,46
"S01000275",982,918,64
"S01000276",740,716,24
"S01000277",674,646,28
"S01000278",537,482,55
"S01000279",613,544,69
"S01000280",620,586,34
"S01000281",679,638,41
"S01000282",663,630,33
"S01000283",881,837,44
"S01000284",819,788,31
"S01000285",672,646,26
"S01000286",880,833,47
"S01000287",724,663,61
"S01000288",897,860,37
"S01000289",849,790,59
"S01000290",775,722,53
"S01000291",831,785,46
"S01000292",980,930,50
"S01000293",765,682,83
"S01000294",699,661,38
"S01000295",607,577,30
"S01000296",532,512,20
"S01000297",736,699,37
"S01000298",528,509,19
"S01000299",953,872,81
"S01000300",774,748,26
"S01000301",579,542,37
"S01000302",566,542,24
"S01000303",485,458,27
"S01000304",791,772,19
"S01000305",1040,983,57
"S01000306",746,724,22
"S01000307",991,960,31
"S01000308",991,943,48
"S01000309",646,622,24
"S01000310",899,872,27
"S01000311",947,895,52
"S01000312",646,579,67
"S01000313",709,664,45
"S01000314",572,540,32
"S01000315",661,626,35
"S01000316",800,749,51
"S01000317",551,491,60
"S01000318",577,557,20
"S01000319",723,684,39
"S01000320",722,682,40
"S01000321",581,560,21
"S01000322",1083,1059,24
"S01000323",888,839,49
"S01000324",870,839,31
"S01000325",618,578,40
"S01000326",763,707,56
"S01000327",898,857,41
"S01000328",601,571,30
"S01000329",546,520,26
"S01000330",733,685,48
"S01000331",621,573,48
"S01000332",687,649,38
"S01000333",841,808,33
"S01000334",823,749,74
"S01000335",652,620,32
"S01000336",852,800,52
"S01000337",690,643,47
"S01000338",508,458,50
"S01000339",1094,1037,57
"S01000340",971,924,47
"S01000341",748,708,40
"S01000342",387,350,37
"S01000343",644,585,59
"S01000344",894,848,46
"S01000345",646,613,33
"S01000346",683,657,26
"S01000347",478,449,29
"S01000348",816,783,33
"S01000349",592,569,23
"S01000350",1002,966,36
"S01000351",1023,992,31
"S01000352",798,775,23
"S01000353",663,645,18
"S01000354",648,564,84
"S01000355",707,684,23
"S01000356",611,594,17
"S01000357",682,666,16
"S01000358",1030,1000,30
"S01000359",856,840,16
"S01000360",514,489,25
"S01000361",614,586,28
"S01000362",920,888,32
"S01000363",960,926,34
"S01000364",900,847,53
"S01000365",677,639,38
"S01000366",761,724,37
"S01000367",753,716,37
"S01000368",797,758,39
"S01000369",975,926,49
"S01000370",796,757,39
"S01000371",931,862,69
"S01000372",983,922,61
"S01000373",588,566,22
"S01000374",611,579,32
"S01000375",646,595,51
"S01000376",899,837,62
"S01000377",721,694,27
"S01000378",581,557,24
"S01000379",574,557,17
"S01000380",748,719,29
"S01000381",884,841,43
"S01000382",755,722,33
"S01000383",655,625,30
"S01000384",731,669,62
"S01000385",574,535,39
"S01000386",766,719,47
"S01000387",853,805,48
"S01000388",775,742,33
"S01000389",667,649,18
"S01000390",727,671,56
"S01000391",636,573,63
"S01000392",723,696,27
"S01000393",857,777,80
"S01000394",688,658,30
"S01000395",588,559,29
"S01000396",940,834,106
"S01000397",1024,969,55
"S01000398",749,719,30
"S01000399",577,539,38
"S01000400",705,650,55
"S01000401",824,793,31
"S01000402",709,668,41
"S01000403",797,757,40
"S01000404",756,718,38
"S01000405",474,457,17
"S01000406",629,575,54
"S01000407",658,620,38
"S01000408",513,493,20
"S01000409",666,645,21
"S01000410",664,637,27
"S01000411",631,609,22
"S01000412",787,756,31
"S01000413",786,751,35
"S01000414",721,697,24
"S01000415",615,561,54
"S01000416",670,648,22
"S01000417",1005,943,62
"S01000418",723,683,40
"S01000419",672,653,19
"S01000420",998,945,53
"S01000421",601,580,21
"S01000422",725,642,83
"S01000423",904,877,27
"S01000424",727,694,33
"S01000425",695,661,34
"S01000426",797,772,25
"S01000427",785,759,26
"S01000428",777,754,23
"S01000429",782,739,43
"S01000430",570,544,26
"S01000431",693,630,63
"S01000432",973,921,52
"S01000433",468,443,25
"S01000434",680,635,45
"S01000435",555,524,31
"S01000436",695,675,20
"S01000437",1024,945,79
"S01000438",698,678,20
"S01000439",700,672,28
"S01000440",868,827,41
"S01000441",871,791,80
"S01000442",808,771,37
"S01000443",581,550,31
"S01000444",573,548,25
"S01000445",971,900,71
"S01000446",946,897,49
"S01000447",539,515,24
"S01000448",622,593,29
"S01000449",784,691,93
"S01000450",645,618,27
"S01000451",790,749,41
"S01000452",561,537,24
"S01000453",547,504,43
"S01000454",493,452,41
"S01000455",870,797,73
"S01000456",718,676,42
"S01000457",872,805,67
"S01000458",853,809,44
"S01000459",1037,969,68
"S01000460",769,696,73
"S01000461",863,780,83
"S01000462",1035,940,95
"S01000463",816,766,50
"S01000464",741,697,44
"S01000465",629,585,44
"S01000466",799,768,31
"S01000467",626,547,79
"S01000468",520,492,28
"S01000469",689,666,23
"S01000470",1263,1158,105
"S01000471",603,571,32
"S01000472",836,790,46
"S01000473",745,695,50
"S01000474",648,618,30
"S01000475",887,813,74
"S01000476",581,544,37
"S01000477",777,732,45
"S01000478",869,763,106
"S01000479",967,857,110
"S01000480",665,626,39
"S01000481",784,741,43
"S01000482",837,662,175
"S01000483",920,825,95
"S01000484",806,752,54
"S01000485",1080,1031,49
"S01000486",798,688,110
"S01000487",590,517,73
"S01000488",703,615,88
"S01000489",904,766,138
"S01000490",541,518,23
"S01000491",593,516,77
"S01000492",954,860,94
"S01000493",588,542,46
"S01000494",566,514,52
"S01000495",935,864,71
"S01000496",587,565,22
"S01000497",630,577,53
"S01000498",548,507,41
"S01000499",803,754,49
"S01000500",675,622,53
"S01000501",621,565,56
"S01000502",540,505,35
"S01000503",533,467,66
"S01000504",708,644,64
"S01000505",757,715,42
"S01000506",654,589,65
"S01000507",1087,991,96
"S01000508",877,824,53
"S01000509",1058,987,71
"S01000510",658,618,40
"S01000511",556,511,45
"S01000512",892,843,49
"S01000513",862,792,70
"S01000514",516,494,22
"S01000515",484,453,31
"S01000516",654,610,44
"S01000517",651,602,49
"S01000518",879,811,68
"S01000519",476,444,32
"S01000520",1010,942,68
"S01000521",927,821,106
"S01000522",612,552,60
"S01000523",793,720,73
"S01000524",647,593,54
"S01000525",987,884,103
"S01000526",966,893,73
"S01000527",587,547,40
"S01000528",843,782,61
"S01000529",723,661,62
"S01000530",477,447,30
"S01000531",523,476,47
"S01000532",809,704,105
"S01000533",760,678,82
"S01000534",813,748,65
"S01000535",985,909,76
"S01000536",519,483,36
"S01000537",559,507,52
"S01000538",789,734,55
"S01000539",1028,919,109
"S01000540",784,701,83
"S01000541",552,502,50
"S01000542",672,607,65
"S01000543",814,741,73
"S01000544",733,667,66
"S01000545",717,657,60
"S01000546",609,557,52
"S01000547",544,481,63
"S01000548",1012,888,124
"S01000549",1136,1050,86
"S01000550",557,541,16
"S01000551",830,770,60
"S01000552",554,521,33
"S01000553",867,805,62
"S01000554",791,725,66
"S01000555",904,815,89
"S01000556",880,792,88
"S01000557",880,800,80
"S01000558",564,495,69
"S01000559",707,617,90
"S01000560",1044,928,116
"S01000561",1034,902,132
"S01000562",909,783,126
"S01000563",640,560,80
"S01000564",860,749,111
"S01000565",709,640,69
"S01000566",759,678,81
"S01000567",769,677,92
"S01000568",542,499,43
"S01000569",742,691,51
"S01000570",939,863,76
"S01000571",780,690,90
"S01000572",800,739,61
"S01000573",600,578,22
"S01000574",814,761,53
"S01000575",608,551,57
"S01000576",654,612,42
"S01000577",595,564,31
"S01000578",706,647,59
"S01000579",807,702,105
"S01000580",681,645,36
"S01000581",707,666,41
"S01000582",728,687,41
"S01000583",758,707,51
"S01000584",781,699,82
"S01000585",945,843,102
"S01000586",775,715,60
"S01000587",702,634,68
"S01000588",627,577,50
"S01000589",645,594,51
"S01000590",773,715,58
"S01000591",496,456,40
"S01000592",924,856,68
"S01000593",571,533,38
"S01000594",655,590,65
"S01000595",839,792,47
"S01000596",945,909,36
"S01000597",1065,996,69
"S01000598",519,483,36
"S01000599",775,710,65
"S01000600",742,691,51
"S01000601",1072,990,82
"S01000602",679,631,48
"S01000603",822,762,60
"S01000604",1000,945,55
"S01000605",871,810,61
"S01000606",820,727,93
"S01000607",784,723,61
"S01000608",972,862,110
"S01000609",1009,911,98
"S01000610",773,654,119
"S01000611",624,576,48
"S01000612",995,905,90
"S01000613",1004,918,86
"S01000614",722,659,63
"S01000615",764,632,132
"S01000616",1220,1160,60
"S01000617",634,584,50
"S01000618",827,757,70
"S01000619",714,664,50
"S01000620",819,724,95
"S01000621",1009,922,87
"S01000622",547,504,43
"S01000623",780,703,77
"S01000624",604,540,64
"S01000625",629,574,55
"S01000626",822,740,82
"S01000627",931,848,83
"S01000628",559,497,62
"S01000629",662,593,69
"S01000630",732,686,46
"S01000631",637,574,63
"S01000632",589,545,44
"S01000633",632,598,34
"S01000634",822,750,72
"S01000635",678,637,41
"S01000636",501,463,38
"S01000637",595,544,51
"S01000638",503,480,23
"S01000639",606,566,40
"S01000640",635,588,47
"S01000641",785,723,62
"S01000642",807,749,58
"S01000643",609,566,43
"S01000644",680,623,57
"S01000645",898,845,53
"S01000646",826,782,44
"S01000647",877,804,73
"S01000648",910,824,86
"S01000649",582,537,45
"S01000650",737,663,74
"S01000651",806,736,70
"S01000652",812,731,81
"S01000653",909,809,100
"S01000654",943,866,77
"S01000655",797,716,81
"S01000656",678,622,56
"S01000657",760,670,90
"S01000658",578,527,51
"S01000659",1066,985,81
"S01000660",974,914,60
"S01000661",765,705,60
"S01000662",530,494,36
"S01000663",702,658,44
"S01000664",774,711,63
"S01000665",675,608,67
"S01000666",493,465,28
"S01000667",981,889,92
"S01000668",909,823,86
"S01000669",785,705,80
"S01000670",566,521,45
"S01000671",622,545,77
"S01000672",628,583,45
"S01000673",750,720,30
"S01000674",984,924,60
"S01000675",722,687,35
"S01000676",501,465,36
"S01000677",822,724,98
"S01000678",942,869,73
"S01000679",750,691,59
"S01000680",778,705,73
"S01000681",802,729,73
"S01000682",644,547,97
"S01000683",525,487,38
"S01000684",687,609,78
"S01000685",843,779,64
"S01000686",703,656,47
"S01000687",789,726,63
"S01000688",792,734,58
"S01000689",611,567,44
"S01000690",787,737,50
"S01000691",772,704,68
"S01000692",753,676,77
"S01000693",872,770,102
"S01000694",724,669,55
"S01000695",745,700,45
"S01000696",731,657,74
"S01000697",492,452,40
"S01000698",642,595,47
"S01000699",658,596,62
"S01000700",879,828,51
"S01000701",920,861,59
"S01000702",522,490,32
"S01000703",741,696,45
"S01000704",880,824,56
"S01000705",1146,1084,62
"S01000706",823,778,45
"S01000707",537,507,30
"S01000708",562,526,36
"S01000709",888,791,97
"S01000710",1083,1017,66
"S01000711",620,569,51
"S01000712",595,558,37
"S01000713",832,754,78
"S01000714",832,779,53
"S01000715",671,571,100
"S01000716",541,459,82
"S01000717",870,751,119
"S01000718",952,860,92
"S01000719",660,609,51
"S01000720",858,800,58
"S01000721",658,611,47
"S01000722",819,742,77
"S01000723",527,487,40
"S01000724",862,777,85
"S01000725",633,571,62
"S01000726",687,609,78
"S01000727",706,622,84
"S01000728",768,696,72
"S01000729",542,494,48
"S01000730",407,375,32
"S01000731",547,455,92
"S01000732",536,448,88
"S01000733",732,620,112
"S01000734",851,767,84
"S01000735",445,390,55
"S01000736",720,646,74
"S01000737",511,447,64
"S01000738",579,524,55
"S01000739",759,707,52
"S01000740",673,615,58
"S01000741",806,717,89
"S01000742",541,493,48
"S01000743",726,650,76
"S01000744",733,653,80
"S01000745",681,621,60
"S01000746",738,644,94
"S01000747",568,503,65
"S01000748",514,410,104
"S01000749",559,476,83
"S01000750",694,614,80
"S01000751",713,659,54
"S01000752",992,842,150
"S01000753",646,588,58
"S01000754",650,570,80
"S01000755",730,678,52
"S01000756",1104,967,137
"S01000757",694,601,93
"S01000758",992,935,57
"S01000759",861,760,101
"S01000760",565,527,38
"S01000761",492,436,56
"S01000762",670,632,38
"S01000763",861,816,45
"S01000764",707,669,38
"S01000765",671,653,18
"S01000766",758,659,99
"S01000767",596,514,82
"S01000768",826,739,87
"S01000769",956,851,105
"S01000770",595,526,69
"S01000771",983,928,55
"S01000772",652,611,41
"S01000773",962,844,118
"S01000774",598,568,30
"S01000775",704,615,89
"S01000776",620,601,19
"S01000777",555,529,26
"S01000778",464,441,23
"S01000779",793,737,56
"S01000780",931,837,94
"S01000781",877,834,43
"S01000782",712,684,28
"S01000783",506,468,38
"S01000784",871,819,52
"S01000785",734,654,80
"S01000786",784,717,67
"S01000787",526,478,48
"S01000788",705,651,54
"S01000789",653,601,52
"S01000790",514,462,52
"S01000791",630,586,44
"S01000792",690,640,50
"S01000793",812,693,119
"S01000794",842,761,81
"S01000795",771,709,62
"S01000796",485,448,37
"S01000797",476,438,38
"S01000798",535,480,55
"S01000799",2813,2780,33
"S01000800",1004,887,117
"S01000801",639,598,41
"S01000802",754,692,62
"S01000803",875,814,61
"S01000804",985,913,72
"S01000805",822,743,79
"S01000806",838,769,69
"S01000807",769,716,53
"S01000808",725,683,42
"S01000809",553,517,36
"S01000810",630,591,39
"S01000811",834,793,41
"S01000812",662,571,91
"S01000813",758,724,34
"S01000814",919,851,68
"S01000815",544,477,67
"S01000816",584,519,65
"S01000817",918,846,72
"S01000818",696,659,37
"S01000819",812,742,70
"S01000820",573,528,45
"S01000821",883,825,58
"S01000822",554,517,37
"S01000823",591,559,32
"S01000824",554,500,54
"S01000825",698,655,43
"S01000826",730,640,90
"S01000827",703,656,47
"S01000828",879,819,60
"S01000829",577,528,49
"S01000830",715,664,51
"S01000831",882,818,64
"S01000832",926,874,52
"S01000833",572,518,54
"S01000834",911,784,127
"S01000835",702,608,94
"S01000836",847,719,128
"S01000837",763,643,120
"S01000838",723,660,63
"S01000839",963,868,95
"S01000840",773,649,124
"S01000841",970,840,130
"S01000842",834,765,69
"S01000843",773,705,68
"S01000844",689,614,75
"S01000845",573,531,42
"S01000846",739,618,121
"S01000847",995,867,128
"S01000848",699,647,52
"S01000849",539,479,60
"S01000850",657,544,113
"S01000851",686,642,44
"S01000852",717,626,91
"S01000853",553,473,80
"S01000854",933,804,129
"S01000855",778,705,73
"S01000856",626,526,100
"S01000857",614,554,60
"S01000858",717,676,41
"S01000859",837,744,93
"S01000860",873,747,126
"S01000861",656,576,80
"S01000862",559,518,41
"S01000863",485,425,60
"S01000864",668,592,76
"S01000865",692,602,90
"S01000866",944,795,149
"S01000867",739,602,137
"S01000868",718,602,116
"S01000869",566,493,73
"S01000870",872,766,106
"S01000871",730,667,63
"S01000872",650,571,79
"S01000873",1341,1162,179
"S01000874",545,483,62
"S01000875",736,653,83
"S01000876",744,676,68
"S01000877",741,644,97
"S01000878",588,552,36
"S01000879",876,823,53
"S01000880",778,729,49
"S01000881",703,609,94
"S01000882",939,844,95
"S01000883",923,864,59
"S01000884",569,513,56
"S01000885",524,502,22
"S01000886",734,673,61
"S01000887",781,733,48
"S01000888",724,641,83
"S01000889",796,706,90
"S01000890",796,700,96
"S01000891",925,855,70
"S01000892",586,561,25
"S01000893",730,698,32
"S01000894",523,495,28
"S01000895",900,842,58
"S01000896",485,457,28
"S01000897",685,596,89
"S01000898",576,513,63
"S01000899",867,763,104
"S01000900",657,589,68
"S01000901",675,598,77
"S01000902",979,912,67
"S01000903",968,844,124
"S01000904",689,615,74
"S01000905",701,644,57
"S01000906",565,501,64
"S01000907",773,693,80
"S01000908",773,713,60
"S01000909",934,865,69
"S01000910",870,791,79
"S01000911",966,891,75
"S01000912",754,687,67
"S01000913",722,660,62
"S01000914",855,781,74
"S01000915",960,858,102
"S01000916",991,885,106
"S01000917",683,622,61
"S01000918",643,568,75
"S01000919",522,465,57
"S01000920",505,479,26
"S01000921",738,653,85
"S01000922",818,765,53
"S01000923",751,677,74
"S01000924",841,766,75
"S01000925",943,864,79
"S01000926",650,580,70
"S01000927",1010,890,120
"S01000928",979,885,94
"S01000929",511,454,57
"S01000930",601,512,89
"S01000931",708,647,61
"S01000932",931,839,92
"S01000933",870,779,91
"S01000934",931,786,145
"S01000935",808,725,83
"S01000936",926,832,94
"S01000937",586,527,59
"S01000938",846,755,91
"S01000939",740,652,88
"S01000940",838,747,91
"S01000941",542,469,73
"S01000942",937,839,98
"S01000943",845,796,49
"S01000944",790,717,73
"S01000945",760,682,78
"S01000946",756,682,74
"S01000947",730,643,87
"S01000948",721,670,51
"S01000949",613,557,56
"S01000950",810,726,84
"S01000951",708,629,79
"S01000952",807,733,74
"S01000953",906,840,66
"S01000954",888,820,68
"S01000955",527,486,41
"S01000956",858,762,96
"S01000957",511,466,45
"S01000958",827,758,69
"S01000959",688,630,58
"S01000960",554,473,81
"S01000961",853,781,72
"S01000962",572,505,67
"S01000963",744,658,86
"S01000964",877,806,71
"S01000965",665,610,55
"S01000966",1080,952,128
"S01000967",576,491,85
"S01000968",956,886,70
"S01000969",849,740,109
"S01000970",793,697,96
"S01000971",685,621,64
"S01000972",977,919,58
"S01000973",592,548,44
"S01000974",848,777,71
"S01000975",646,605,41
"S01000976",494,446,48
"S01000977",769,705,64
"S01000978",755,696,59
"S01000979",647,594,53
"S01000980",752,649,103
"S01000981",648,603,45
"S01000982",595,509,86
"S01000983",559,487,72
"S01000984",635,582,53
"S01000985",710,639,71
"S01000986",525,475,50
"S01000987",627,579,48
"S01000988",488,454,34
"S01000989",833,786,47
"S01000990",636,550,86
"S01000991",507,468,39
"S01000992",908,764,144
"S01000993",897,788,109
"S01000994",1031,904,127
"S01000995",831,817,14
"S01000996",1030,903,127
"S01000997",992,930,62
"S01000998",621,551,70
"S01000999",696,666,30
"S01001000",531,474,57
"S01001001",546,503,43
"S01001002",673,652,21
"S01001003",929,866,63
"S01001004",653,597,56
"S01001005",895,846,49
"S01001006",771,727,44
"S01001007",792,719,73
"S01001008",737,683,54
"S01001009",614,571,43
"S01001010",780,654,126
"S01001011",617,566,51
"S01001012",845,800,45
"S01001013",893,824,69
"S01001014",794,711,83
"S01001015",613,518,95
"S01001016",956,855,101
"S01001017",710,632,78
"S01001018",783,662,121
"S01001019",979,842,137
"S01001020",523,467,56
"S01001021",855,765,90
"S01001022",828,742,86
"S01001023",986,915,71
"S01001024",881,764,117
"S01001025",915,860,55
"S01001026",823,776,47
"S01001027",851,774,77
"S01001028",783,675,108
"S01001029",748,673,75
"S01001030",741,706,35
"S01001031",949,860,89
"S01001032",733,641,92
"S01001033",716,651,65
"S01001034",823,718,105
"S01001035",543,492,51
"S01001036",538,486,52
"S01001037",879,757,122
"S01001038",669,628,41
"S01001039",549,498,51
"S01001040",613,580,33
"S01001041",527,492,35
"S01001042",865,819,46
"S01001043",699,656,43
"S01001044",991,911,80
"S01001045",567,519,48
"S01001046",499,436,63
"S01001047",691,633,58
"S01001048",624,575,49
"S01001049",689,617,72
"S01001050",942,857,85
"S01001051",694,604,90
"S01001052",567,515,52
"S01001053",800,724,76
"S01001054",666,625,41
"S01001055",776,699,77
"S01001056",747,683,64
"S01001057",667,601,66
"S01001058",771,689,82
"S01001059",634,605,29
"S01001060",766,705,61
"S01001061",790,721,69
"S01001062",547,521,26
"S01001063",787,721,66
"S01001064",773,716,57
"S01001065",753,709,44
"S01001066",732,669,63
"S01001067",777,707,70
"S01001068",857,776,81
"S01001069",871,809,62
"S01001070",876,801,75
"S01001071",667,622,45
"S01001072",761,695,66
"S01001073",994,909,85
"S01001074",511,476,35
"S01001075",847,742,105
"S01001076",783,719,64
"S01001077",793,716,77
"S01001078",814,749,65
"S01001079",501,474,27
"S01001080",540,488,52
"S01001081",620,554,66
"S01001082",883,797,86
"S01001083",798,733,65
"S01001084",894,825,69
"S01001085",873,789,84
"S01001086",743,614,129
"S01001087",524,424,100
"S01001088",984,852,132
"S01001089",948,821,127
"S01001090",963,908,55
"S01001091",662,614,48
"S01001092",964,910,54
"S01001093",1045,995,50
"S01001094",953,893,60
"S01001095",1166,1120,46
"S01001096",884,838,46
"S01001097",643,600,43
"S01001098",933,899,34
"S01001099",860,758,102
"S01001100",922,775,147
"S01001101",1120,1050,70
"S01001102",265,233,32
"S01001103",854,826,28
"S01001104",702,645,57
"S01001105",923,869,54
"S01001106",787,754,33
"S01001107",987,860,127
"S01001108",658,598,60
"S01001109",854,768,86
"S01001110",820,742,78
"S01001111",1020,936,84
"S01001112",825,732,93
"S01001113",1073,954,119
"S01001114",902,745,157
"S01001115",811,706,105
"S01001116",511,416,95
"S01001117",547,482,65
"S01001118",633,559,74
"S01001119",955,835,120
"S01001120",655,586,69
"S01001121",783,702,81
"S01001122",613,557,56
"S01001123",939,873,66
"S01001124",641,566,75
"S01001125",402,357,45
"S01001126",1078,1009,69
"S01001127",805,722,83
"S01001128",737,711,26
"S01001129",961,870,91
"S01001130",836,743,93
"S01001131",533,456,77
"S01001132",735,670,65
"S01001133",916,823,93
"S01001134",990,939,51
"S01001135",403,358,45
"S01001136",771,674,97
"S01001137",903,733,170
"S01001138",950,822,128
"S01001139",753,632,121
"S01001140",1024,860,164
"S01001141",452,376,76
"S01001142",966,871,95
"S01001143",771,708,63
"S01001144",674,597,77
"S01001145",598,510,88
"S01001146",916,863,53
"S01001147",664,591,73
"S01001148",740,693,47
"S01001149",673,606,67
"S01001150",726,639,87
"S01001151",559,457,102
"S01001152",977,839,138
"S01001153",742,657,85
"S01001154",761,728,33
"S01001155",653,620,33
"S01001156",772,697,75
"S01001157",862,817,45
"S01001158",573,493,80
"S01001159",795,707,88
"S01001160",593,493,100
"S01001161",582,539,43
"S01001162",865,807,58
"S01001163",675,583,92
"S01001164",589,499,90
"S01001165",781,658,123
"S01001166",292,243,49
"S01001167",955,896,59
"S01001168",675,621,54
"S01001169",1013,851,162
"S01001170",829,701,128
"S01001171",634,581,53
"S01001172",663,569,94
"S01001173",892,777,115
"S01001174",623,557,66
"S01001175",890,785,105
"S01001176",749,679,70
"S01001177",707,599,108
"S01001178",862,713,149
"S01001179",982,931,51
"S01001180",713,582,131
"S01001181",894,844,50
"S01001182",908,761,147
"S01001183",874,692,182
"S01001184",939,886,53
"S01001185",583,548,35
"S01001186",818,757,61
"S01001187",914,760,154
"S01001188",784,641,143
"S01001189",984,852,132
"S01001190",731,697,34
"S01001191",669,545,124
"S01001192",997,761,236
"S01001193",865,805,60
"S01001194",934,861,73
"S01001195",971,821,150
"S01001196",981,817,164
"S01001197",545,455,90
"S01001198",695,616,79
"S01001199",976,841,135
"S01001200",897,726,171
"S01001201",660,579,81
"S01001202",605,514,91
"S01001203",795,667,128
"S01001204",830,790,40
"S01001205",767,706,61
"S01001206",747,642,105
"S01001207",852,745,107
"S01001208",648,531,117
"S01001209",600,581,19
"S01001210",866,743,123
"S01001211",960,860,100
"S01001212",595,516,79
"S01001213",1030,865,165
"S01001214",723,601,122
"S01001215",805,738,67
"S01001216",963,828,135
"S01001217",922,803,119
"S01001218",759,732,27
"S01001219",556,531,25
"S01001220",546,474,72
"S01001221",652,536,116
"S01001222",778,637,141
"S01001223",782,723,59
"S01001224",938,804,134
"S01001225",974,889,85
"S01001226",483,433,50
"S01001227",752,711,41
"S01001228",834,741,93
"S01001229",762,706,56
"S01001230",786,593,193
"S01001231",736,655,81
"S01001232",693,664,29
"S01001233",991,855,136
"S01001234",397,347,50
"S01001235",851,787,64
"S01001236",933,797,136
"S01001237",575,514,61
"S01001238",715,628,87
"S01001239",557,475,82
"S01001240",810,714,96
"S01001241",793,696,97
"S01001242",919,871,48
"S01001243",252,227,25
"S01001244",700,664,36
"S01001245",813,727,86
"S01001246",975,874,101
"S01001247",663,591,72
"S01001248",876,824,52
"S01001249",700,609,91
"S01001250",974,855,119
"S01001251",721,615,106
"S01001252",642,576,66
"S01001253",674,566,108
"S01001254",702,627,75
"S01001255",947,841,106
"S01001256",747,660,87
"S01001257",805,719,86
"S01001258",538,479,59
"S01001259",809,729,80
"S01001260",659,601,58
"S01001261",933,811,122
"S01001262",924,862,62
"S01001263",511,473,38
"S01001264",568,533,35
"S01001265",594,576,18
"S01001266",766,721,45
"S01001267",988,855,133
"S01001268",764,724,40
"S01001269",544,471,73
"S01001270",817,671,146
"S01001271",748,626,122
"S01001272",706,580,126
"S01001273",701,549,152
"S01001274",734,631,103
"S01001275",702,588,114
"S01001276",508,470,38
"S01001277",685,582,103
"S01001278",503,454,49
"S01001279",729,649,80
"S01001280",608,522,86
"S01001281",835,683,152
"S01001282",735,645,90
"S01001283",491,448,43
"S01001284",790,701,89
"S01001285",644,554,90
"S01001286",528,473,55
"S01001287",901,802,99
"S01001288",922,778,144
"S01001289",629,553,76
"S01001290",549,467,82
"S01001291",421,377,44
"S01001292",948,854,94
"S01001293",787,668,119
"S01001294",769,672,97
"S01001295",905,766,139
"S01001296",694,606,88
"S01001297",790,723,67
"S01001298",909,770,139
"S01001299",943,833,110
"S01001300",980,897,83
"S01001301",632,557,75
"S01001302",694,640,54
"S01001303",611,565,46
"S01001304",722,682,40
"S01001305",693,614,79
"S01001306",701,589,112
"S01001307",891,764,127
"S01001308",999,843,156
"S01001309",706,564,142
"S01001310",747,643,104
"S01001311",606,533,73
"S01001312",774,654,120
"S01001313",673,572,101
"S01001314",724,660,64
"S01001315",961,892,69
"S01001316",981,803,178
"S01001317",932,861,71
"S01001318",553,503,50
"S01001319",649,513,136
"S01001320",935,823,112
"S01001321",545,507,38
"S01001322",822,734,88
"S01001323",623,550,73
"S01001324",946,829,117
"S01001325",731,659,72
"S01001326",985,888,97
"S01001327",775,686,89
"S01001328",823,728,95
"S01001329",603,529,74
"S01001330",979,943,36
"S01001331",869,782,87
"S01001332",908,809,99
"S01001333",860,726,134
"S01001334",881,793,88
"S01001335",985,849,136
"S01001336",920,829,91
"S01001337",772,725,47
"S01001338",814,716,98
"S01001339",677,610,67
"S01001340",778,714,64
"S01001341",920,789,131
"S01001342",867,737,130
"S01001343",990,873,117
"S01001344",833,782,51
"S01001345",623,534,89
"S01001346",694,660,34
"S01001347",813,781,32
"S01001348",730,625,105
"S01001349",1251,1111,140
"S01001350",730,625,105
"S01001351",504,473,31
"S01001352",878,794,84
"S01001353",679,661,18
"S01001354",794,681,113
"S01001355",766,700,66
"S01001356",635,594,41
"S01001357",663,559,104
"S01001358",873,769,104
"S01001359",747,692,55
"S01001360",854,756,98
"S01001361",558,516,42
"S01001362",622,589,33
"S01001363",595,534,61
"S01001364",880,774,106
"S01001365",644,569,75
"S01001366",969,905,64
"S01001367",725,643,82
"S01001368",1020,959,61
"S01001369",960,839,121
"S01001370",735,678,57
"S01001371",604,505,99
"S01001372",773,717,56
"S01001373",635,551,84
"S01001374",601,568,33
"S01001375",674,639,35
"S01001376",741,651,90
"S01001377",805,698,107
"S01001378",600,549,51
"S01001379",998,894,104
"S01001380",825,699,126
"S01001381",858,770,88
"S01001382",618,493,125
"S01001383",683,596,87
"S01001384",950,838,112
"S01001385",785,692,93
"S01001386",872,764,108
"S01001387",860,777,83
"S01001388",917,771,146
"S01001389",510,456,54
"S01001390",854,791,63
"S01001391",828,763,65
"S01001392",520,451,69
"S01001393",550,515,35
"S01001394",545,500,45
"S01001395",964,904,60
"S01001396",777,697,80
"S01001397",827,727,100
"S01001398",916,862,54
"S01001399",902,788,114
"S01001400",927,813,114
"S01001401",699,622,77
"S01001402",928,893,35
"S01001403",990,972,18
"S01001404",610,587,23
"S01001405",865,847,18
"S01001406",607,559,48
"S01001407",845,783,62
"S01001408",848,762,86
"S01001409",908,832,76
"S01001410",1058,962,96
"S01001411",578,551,27
"S01001412",946,853,93
"S01001413",763,738,25
"S01001414",668,573,95
"S01001415",796,699,97
"S01001416",685,617,68
"S01001417",1034,984,50
"S01001418",944,889,55
"S01001419",746,688,58
"S01001420",604,573,31
"S01001421",839,765,74
"S01001422",549,519,30
"S01001423",812,751,61
"S01001424",1085,905,180
"S01001425",980,842,138
"S01001426",787,713,74
"S01001427",930,881,49
"S01001428",1014,902,112
"S01001429",616,515,101
"S01001430",985,910,75
"S01001431",1027,963,64
"S01001432",731,685,46
"S01001433",917,863,54
"S01001434",974,903,71
"S01001435",1007,930,77
"S01001436",990,951,39
"S01001437",894,833,61
"S01001438",620,580,40
"S01001439",784,727,57
"S01001440",980,912,68
"S01001441",829,751,78
"S01001442",744,702,42
"S01001443",954,874,80
"S01001444",1015,967,48
"S01001445",749,699,50
"S01001446",912,829,83
"S01001447",875,804,71
"S01001448",714,667,47
"S01001449",602,568,34
"S01001450",805,740,65
"S01001451",702,656,46
"S01001452",797,753,44
"S01001453",886,847,39
"S01001454",963,908,55
"S01001455",798,724,74
"S01001456",659,616,43
"S01001457",930,871,59
"S01001458",974,924,50
"S01001459",918,873,45
"S01001460",706,657,49
"S01001461",915,865,50
"S01001462",914,853,61
"S01001463",510,477,33
"S01001464",924,877,47
"S01001465",660,630,30
"S01001466",775,726,49
"S01001467",898,866,32
"S01001468",653,624,29
"S01001469",835,801,34
"S01001470",1009,988,21
"S01001471",747,724,23
"S01001472",876,806,70
"S01001473",807,755,52
"S01001474",1194,1036,158
"S01001475",579,552,27
"S01001476",1063,1010,53
"S01001477",1060,1020,40
"S01001478",695,659,36
"S01001479",643,576,67
"S01001480",532,496,36
"S01001481",998,946,52
"S01001482",772,695,77
"S01001483",906,876,30
"S01001484",855,805,50
"S01001485",731,696,35
"S01001486",848,740,108
"S01001487",678,576,102
"S01001488",941,880,61
"S01001489",949,900,49
"S01001490",881,789,92
"S01001491",907,866,41
"S01001492",1003,882,121
"S01001493",841,793,48
"S01001494",892,776,116
"S01001495",612,569,43
"S01001496",910,860,50
"S01001497",762,665,97
"S01001498",770,735,35
"S01001499",1038,965,73
"S01001500",733,638,95
"S01001501",834,780,54
"S01001502",912,843,69
"S01001503",911,864,47
"S01001504",932,793,139
"S01001505",1018,937,81
"S01001506",591,537,54
"S01001507",962,919,43
"S01001508",1005,969,36
"S01001509",941,810,131
"S01001510",594,510,84
"S01001511",624,597,27
"S01001512",761,651,110
"S01001513",868,743,125
"S01001514",836,764,72
"S01001515",729,692,37
"S01001516",691,586,105
"S01001517",887,753,134
"S01001518",1014,904,110
"S01001519",955,898,57
"S01001520",712,627,85
"S01001521",1027,955,72
"S01001522",995,843,152
"S01001523",801,777,24
"S01001524",963,849,114
"S01001525",844,745,99
"S01001526",645,606,39
"S01001527",865,803,62
"S01001528",1014,963,51
"S01001529",661,598,63
"S01001530",883,786,97
"S01001531",1004,837,167
"S01001532",587,551,36
"S01001533",848,808,40
"S01001534",705,669,36
"S01001535",851,795,56
"S01001536",842,721,121
"S01001537",619,526,93
"S01001538",892,846,46
"S01001539",869,785,84
"S01001540",838,818,20
"S01001541",878,813,65
"S01001542",740,693,47
"S01001543",762,715,47
"S01001544",949,860,89
"S01001545",799,764,35
"S01001546",935,807,128
"S01001547",938,770,168
"S01001548",700,664,36
"S01001549",1048,953,95
"S01001550",657,618,39
"S01001551",832,773,59
"S01001552",862,810,52
"S01001553",809,764,45
"S01001554",993,920,73
"S01001555",781,682,99
"S01001556",925,865,60
"S01001557",1056,969,87
"S01001558",829,750,79
"S01001559",514,453,61
"S01001560",669,587,82
"S01001561",731,678,53
"S01001562",664,589,75
"S01001563",638,591,47
"S01001564",582,534,48
"S01001565",774,674,100
"S01001566",672,630,42
"S01001567",962,926,36
"S01001568",675,650,25
"S01001569",536,515,21
"S01001570",539,530,9
"S01001571",752,647,105
"S01001572",581,548,33
"S01001573",658,628,30
"S01001574",924,810,114
"S01001575",780,721,59
"S01001576",593,505,88
"S01001577",776,713,63
"S01001578",689,629,60
"S01001579",848,761,87
"S01001580",601,543,58
"S01001581",729,695,34
"S01001582",610,540,70
"S01001583",484,445,39
"S01001584",769,674,95
"S01001585",875,740,135
"S01001586",518,499,19
"S01001587",823,706,117
"S01001588",782,714,68
"S01001589",784,695,89
"S01001590",766,715,51
"S01001591",629,539,90
"S01001592",768,690,78
"S01001593",880,802,78
"S01001594",793,701,92
"S01001595",733,661,72
"S01001596",805,730,75
"S01001597",702,638,64
"S01001598",637,597,40
"S01001599",887,777,110
"S01001600",1043,906,137
"S01001601",783,721,62
"S01001602",449,423,26
"S01001603",880,794,86
"S01001604",682,614,68
"S01001605",607,550,57
"S01001606",547,492,55
"S01001607",972,887,85
"S01001608",900,843,57
"S01001609",942,865,77
"S01001610",568,508,60
"S01001611",777,744,33
"S01001612",848,819,29
"S01001613",861,757,104
"S01001614",634,554,80
"S01001615",774,706,68
"S01001616",587,568,19
"S01001617",714,616,98
"S01001618",922,846,76
"S01001619",723,635,88
"S01001620",813,652,161
"S01001621",763,676,87
"S01001622",907,819,88
"S01001623",725,637,88
"S01001624",1051,948,103
"S01001625",756,651,105
"S01001626",806,752,54
"S01001627",715,617,98
"S01001628",585,536,49
"S01001629",615,544,71
"S01001630",548,481,67
"S01001631",941,839,102
"S01001632",619,591,28
"S01001633",941,907,34
"S01001634",834,799,35
"S01001635",742,679,63
"S01001636",575,551,24
"S01001637",741,694,47
"S01001638",883,778,105
"S01001639",675,595,80
"S01001640",689,667,22
"S01001641",612,547,65
"S01001642",950,839,111
"S01001643",762,709,53
"S01001644",765,724,41
"S01001645",919,842,77
"S01001646",581,549,32
"S01001647",660,608,52
"S01001648",776,697,79
"S01001649",759,663,96
"S01001650",898,857,41
"S01001651",908,832,76
"S01001652",816,776,40
"S01001653",669,603,66
"S01001654",601,560,41
"S01001655",609,569,40
"S01001656",968,845,123
"S01001657",512,483,29
"S01001658",925,874,51
"S01001659",645,605,40
"S01001660",652,625,27
"S01001661",648,592,56
"S01001662",769,698,71
"S01001663",782,743,39
"S01001664",543,519,24
"S01001665",761,710,51
"S01001666",612,571,41
"S01001667",771,714,57
"S01001668",692,644,48
"S01001669",639,591,48
"S01001670",689,653,36
"S01001671",568,542,26
"S01001672",589,529,60
"S01001673",666,631,35
"S01001674",711,622,89
"S01001675",677,637,40
"S01001676",966,880,86
"S01001677",835,805,30
"S01001678",942,902,40
"S01001679",696,678,18
"S01001680",601,572,29
"S01001681",649,617,32
"S01001682",522,503,19
"S01001683",736,699,37
"S01001684",575,554,21
"S01001685",680,612,68
"S01001686",937,886,51
"S01001687",992,912,80
"S01001688",838,803,35
"S01001689",727,697,30
"S01001690",545,495,50
"S01001691",819,779,40
"S01001692",608,538,70
"S01001693",808,782,26
"S01001694",644,599,45
"S01001695",744,698,46
"S01001696",762,721,41
"S01001697",807,752,55
"S01001698",523,484,39
"S01001699",666,648,18
"S01001700",980,930,50
"S01001701",889,781,108
"S01001702",954,830,124
"S01001703",757,730,27
"S01001704",937,890,47
"S01001705",590,567,23
"S01001706",784,751,33
"S01001707",693,599,94
"S01001708",943,872,71
"S01001709",605,580,25
"S01001710",663,616,47
"S01001711",765,741,24
"S01001712",517,488,29
"S01001713",957,910,47
"S01001714",707,671,36
"S01001715",960,908,52
"S01001716",785,700,85
"S01001717",776,738,38
"S01001718",505,485,20
"S01001719",795,764,31
"S01001720",690,666,24
"S01001721",584,542,42
"S01001722",754,712,42
"S01001723",709,679,30
"S01001724",732,620,112
"S01001725",715,622,93
"S01001726",662,635,27
"S01001727",880,842,38
"S01001728",672,647,25
"S01001729",970,900,70
"S01001730",630,586,44
"S01001731",635,610,25
"S01001732",596,561,35
"S01001733",733,664,69
"S01001734",527,490,37
"S01001735",506,485,21
"S01001736",999,958,41
"S01001737",614,595,19
"S01001738",619,586,33
"S01001739",628,598,30
"S01001740",788,719,69
"S01001741",650,567,83
"S01001742",707,612,95
"S01001743",911,790,121
"S01001744",616,584,32
"S01001745",830,772,58
"S01001746",1019,938,81
"S01001747",874,741,133
"S01001748",640,600,40
"S01001749",761,654,107
"S01001750",731,660,71
"S01001751",914,796,118
"S01001752",994,958,36
"S01001753",851,721,130
"S01001754",820,803,17
"S01001755",918,854,64
"S01001756",653,574,79
"S01001757",762,706,56
"S01001758",766,706,60
"S01001759",609,527,82
"S01001760",698,627,71
"S01001761",691,592,99
"S01001762",987,876,111
"S01001763",840,814,26
"S01001764",530,509,21
"S01001765",993,881,112
"S01001766",696,645,51
"S01001767",628,582,46
"S01001768",617,585,32
"S01001769",718,669,49
"S01001770",542,458,84
"S01001771",804,729,75
"S01001772",539,488,51
"S01001773",956,842,114
"S01001774",631,602,29
"S01001775",751,703,48
"S01001776",613,543,70
"S01001777",924,876,48
"S01001778",904,745,159
"S01001779",538,476,62
"S01001780",807,726,81
"S01001781",669,629,40
"S01001782",936,880,56
"S01001783",638,539,99
"S01001784",587,523,64
"S01001785",679,650,29
"S01001786",629,571,58
"S01001787",642,599,43
"S01001788",874,819,55
"S01001789",531,470,61
"S01001790",762,727,35
"S01001791",748,723,25
"S01001792",736,691,45
"S01001793",851,790,61
"S01001794",924,879,45
"S01001795",875,840,35
"S01001796",813,771,42
"S01001797",701,629,72
"S01001798",909,871,38
"S01001799",1022,885,137
"S01001800",999,947,52
"S01001801",954,897,57
"S01001802",819,788,31
"S01001803",1003,956,47
"S01001804",1076,993,83
"S01001805",784,732,52
"S01001806",657,611,46
"S01001807",844,779,65
"S01001808",633,562,71
"S01001809",758,632,126
"S01001810",947,896,51
"S01001811",716,695,21
"S01001812",566,546,20
"S01001813",715,679,36
"S01001814",753,727,26
"S01001815",879,836,43
"S01001816",1076,1042,34
"S01001817",694,605,89
"S01001818",767,726,41
"S01001819",1032,976,56
"S01001820",800,693,107
"S01001821",524,504,20
"S01001822",1014,965,49
"S01001823",798,662,136
"S01001824",780,712,68
"S01001825",815,781,34
"S01001826",571,477,94
"S01001827",922,818,104
"S01001828",791,775,16
"S01001829",705,645,60
"S01001830",936,910,26
"S01001831",765,681,84
"S01001832",677,562,115
"S01001833",969,933,36
"S01001834",576,487,89
"S01001835",645,613,32
"S01001836",740,688,52
"S01001837",938,898,40
"S01001838",583,531,52
"S01001839",956,846,110
"S01001840",736,713,23
"S01001841",740,697,43
"S01001842",814,759,55
"S01001843",755,660,95
"S01001844",2647,2579,68
"S01001845",848,824,24
"S01001846",943,911,32
"S01001847",823,699,124
"S01001848",788,682,106
"S01001849",631,601,30
"S01001850",784,734,50
"S01001851",786,744,42
"S01001852",808,769,39
"S01001853",776,727,49
"S01001854",1295,1196,99
"S01001855",758,729,29
"S01001856",588,506,82
"S01001857",806,736,70
"S01001858",890,824,66
"S01001859",966,844,122
"S01001860",1074,1039,35
"S01001861",895,774,121
"S01001862",909,867,42
"S01001863",916,866,50
"S01001864",894,812,82
"S01001865",707,631,76
"S01001866",704,677,27
"S01001867",548,482,66
"S01001868",673,644,29
"S01001869",845,798,47
"S01001870",733,623,110
"S01001871",864,769,95
"S01001872",809,708,101
"S01001873",809,760,49
"S01001874",720,651,69
"S01001875",880,834,46
"S01001876",1055,903,152
"S01001877",986,875,111
"S01001878",953,924,29
"S01001879",676,565,111
"S01001880",745,643,102
"S01001881",674,630,44
"S01001882",771,723,48
"S01001883",569,549,20
"S01001884",998,836,162
"S01001885",1098,1035,63
"S01001886",548,451,97
"S01001887",795,740,55
"S01001888",907,876,31
"S01001889",577,535,42
"S01001890",927,841,86
"S01001891",665,564,101
"S01001892",769,657,112
"S01001893",973,844,129
"S01001894",739,657,82
"S01001895",756,667,89
"S01001896",844,802,42
"S01001897",884,775,109
"S01001898",590,504,86
"S01001899",796,741,55
"S01001900",783,711,72
"S01001901",982,908,74
"S01001902",902,883,19
"S01001903",588,519,69
"S01001904",637,555,82
"S01001905",920,889,31
"S01001906",429,341,88
"S01001907",794,666,128
"S01001908",884,842,42
"S01001909",669,579,90
"S01001910",766,726,40
"S01001911",760,726,34
"S01001912",793,732,61
"S01001913",983,924,59
"S01001914",603,580,23
"S01001915",849,805,44
"S01001916",815,763,52
"S01001917",724,664,60
"S01001918",866,811,55
"S01001919",908,852,56
"S01001920",720,645,75
"S01001921",602,515,87
"S01001922",782,750,32
"S01001923",341,293,48
"S01001924",729,689,40
"S01001925",807,775,32
"S01001926",644,592,52
"S01001927",913,853,60
"S01001928",1097,872,225
"S01001929",754,718,36
"S01001930",772,736,36
"S01001931",754,642,112
"S01001932",1338,1194,144
"S01001933",866,826,40
"S01001934",793,691,102
"S01001935",720,614,106
"S01001936",945,874,71
"S01001937",900,794,106
"S01001938",595,560,35
"S01001939",475,443,32
"S01001940",740,709,31
"S01001941",947,915,32
"S01001942",562,523,39
"S01001943",621,551,70
"S01001944",680,574,106
"S01001945",729,675,54
"S01001946",838,741,97
"S01001947",843,776,67
"S01001948",766,672,94
"S01001949",724,646,78
"S01001950",907,827,80
"S01001951",833,683,150
"S01001952",764,729,35
"S01001953",795,763,32
"S01001954",447,402,45
"S01001955",800,689,111
"S01001956",789,700,89
"S01001957",292,235,57
"S01001958",876,742,134
"S01001959",624,578,46
"S01001960",879,840,39
"S01001961",955,902,53
"S01001962",833,762,71
"S01001963",766,686,80
"S01001964",778,742,36
"S01001965",830,722,108
"S01001966",773,655,118
"S01001967",675,639,36
"S01001968",836,773,63
"S01001969",648,587,61
"S01001970",614,576,38
"S01001971",774,655,119
"S01001972",765,739,26
"S01001973",704,672,32
"S01001974",797,761,36
"S01001975",845,800,45
"S01001976",753,698,55
"S01001977",783,659,124
"S01001978",741,623,118
"S01001979",630,609,21
"S01001980",685,659,26
"S01001981",724,683,41
"S01001982",302,259,43
"S01001983",765,715,50
"S01001984",531,483,48
"S01001985",777,729,48
"S01001986",622,608,14
"S01001987",825,802,23
"S01001988",794,741,53
"S01001989",879,806,73
"S01001990",999,973,26
"S01001991",792,761,31
"S01001992",916,841,75
"S01001993",761,741,20
"S01001994",845,816,29
"S01001995",687,665,22
"S01001996",867,835,32
"S01001997",744,679,65
"S01001998",716,670,46
"S01001999",748,726,22
"S01002000",762,690,72
"S01002001",766,712,54
"S01002002",738,725,13
"S01002003",827,747,80
"S01002004",799,747,52
"S01002005",796,676,120
"S01002006",938,890,48
"S01002007",934,877,57
"S01002008",863,831,32
"S01002009",799,766,33
"S01002010",514,494,20
"S01002011",1088,1064,24
"S01002012",778,738,40
"S01002013",796,746,50
"S01002014",814,775,39
"S01002015",878,836,42
"S01002016",550,534,16
"S01002017",1069,870,199
"S01002018",832,790,42
"S01002019",788,759,29
"S01002020",431,423,8
"S01002021",965,808,157
"S01002022",765,715,50
"S01002023",760,731,29
"S01002024",745,716,29
"S01002025",828,766,62
"S01002026",680,638,42
"S01002027",1047,1003,44
"S01002028",2692,2598,94
"S01002029",756,740,16
"S01002030",771,727,44
"S01002031",659,614,45
"S01002032",711,680,31
"S01002033",753,675,78
"S01002034",717,684,33
"S01002035",772,721,51
"S01002036",825,767,58
"S01002037",680,654,26
"S01002038",580,563,17
"S01002039",638,593,45
"S01002040",532,488,44
"S01002041",929,866,63
"S01002042",934,808,126
"S01002043",784,719,65
"S01002044",703,620,83
"S01002045",871,800,71
"S01002046",573,512,61
"S01002047",761,666,95
"S01002048",866,824,42
"S01002049",1096,1028,68
"S01002050",710,658,52
"S01002051",818,702,116
"S01002052",752,699,53
"S01002053",760,727,33
"S01002054",595,568,27
"S01002055",902,865,37
"S01002056",942,839,103
"S01002057",858,808,50
"S01002058",668,602,66
"S01002059",711,654,57
"S01002060",742,701,41
"S01002061",663,609,54
"S01002062",625,564,61
"S01002063",984,916,68
"S01002064",803,734,69
"S01002065",764,721,43
"S01002066",703,640,63
"S01002067",809,746,63
"S01002068",896,819,77
"S01002069",600,559,41
"S01002070",662,585,77
"S01002071",605,580,25
"S01002072",1099,1023,76
"S01002073",634,564,70
"S01002074",660,626,34
"S01002075",876,809,67
"S01002076",838,764,74
"S01002077",839,803,36
"S01002078",862,801,61
"S01002079",751,678,73
"S01002080",979,919,60
"S01002081",697,635,62
"S01002082",835,784,51
"S01002083",544,453,91
"S01002084",554,511,43
"S01002085",654,615,39
"S01002086",547,500,47
"S01002087",935,809,126
"S01002088",908,847,61
"S01002089",991,929,62
"S01002090",1076,980,96
"S01002091",796,730,66
"S01002092",1004,868,136
"S01002093",767,711,56
"S01002094",742,669,73
"S01002095",572,522,50
"S01002096",832,798,34
"S01002097",801,734,67
"S01002098",707,626,81
"S01002099",851,824,27
"S01002100",596,558,38
"S01002101",900,779,121
"S01002102",655,608,47
"S01002103",744,704,40
"S01002104",1031,887,144
"S01002105",1021,981,40
"S01002106",965,873,92
"S01002107",546,518,28
"S01002108",959,910,49
"S01002109",866,830,36
"S01002110",687,671,16
"S01002111",1023,974,49
"S01002112",1044,987,57
"S01002113",762,724,38
"S01002114",715,688,27
"S01002115",1055,1005,50
"S01002116",804,731,73
"S01002117",631,571,60
"S01002118",895,792,103
"S01002119",602,534,68
"S01002120",762,735,27
"S01002121",705,649,56
"S01002122",986,909,77
"S01002123",1268,1222,46
"S01002124",763,720,43
"S01002125",1093,994,99
"S01002126",669,621,48
"S01002127",728,664,64
"S01002128",738,704,34
"S01002129",835,720,115
"S01002130",656,628,28
"S01002131",652,611,41
"S01002132",790,714,76
"S01002133",1096,1052,44
"S01002134",618,590,28
"S01002135",863,834,29
"S01002136",705,671,34
"S01002137",885,816,69
"S01002138",628,563,65
"S01002139",703,667,36
"S01002140",906,795,111
"S01002141",688,647,41
"S01002142",1050,983,67
"S01002143",763,696,67
"S01002144",721,681,40
"S01002145",976,936,40
"S01002146",913,869,44
"S01002147",965,844,121
"S01002148",864,820,44
"S01002149",1022,899,123
"S01002150",689,644,45
"S01002151",1106,1004,102
"S01002152",821,776,45
"S01002153",540,507,33
"S01002154",895,771,124
"S01002155",1012,879,133
"S01002156",759,735,24
"S01002157",816,791,25
"S01002158",771,739,32
"S01002159",754,706,48
"S01002160",791,684,107
"S01002161",710,653,57
"S01002162",1018,948,70
"S01002163",1003,926,77
"S01002164",854,795,59
"S01002165",957,895,62
"S01002166",804,773,31
"S01002167",660,576,84
"S01002168",1005,919,86
"S01002169",783,747,36
"S01002170",871,721,150
"S01002171",624,571,53
"S01002172",736,689,47
"S01002173",953,885,68
"S01002174",913,845,68
"S01002175",973,907,66
"S01002176",800,744,56
"S01002177",790,758,32
"S01002178",916,864,52
"S01002179",692,649,43
"S01002180",504,483,21
"S01002181",762,706,56
"S01002182",731,693,38
"S01002183",842,775,67
"S01002184",792,756,36
"S01002185",802,698,104
"S01002186",737,705,32
"S01002187",903,876,27
"S01002188",783,732,51
"S01002189",732,663,69
"S01002190",780,725,55
"S01002191",801,668,133
"S01002192",866,766,100
"S01002193",916,880,36
"S01002194",744,646,98
"S01002195",909,825,84
"S01002196",667,619,48
"S01002197",566,521,45
"S01002198",852,781,71
"S01002199",745,699,46
"S01002200",795,747,48
"S01002201",888,863,25
"S01002202",688,665,23
"S01002203",475,461,14
"S01002204",711,590,121
"S01002205",767,731,36
"S01002206",546,495,51
"S01002207",844,796,48
"S01002208",557,535,22
"S01002209",916,843,73
"S01002210",610,586,24
"S01002211",570,438,132
"S01002212",1012,880,132
"S01002213",829,793,36
"S01002214",768,733,35
"S01002215",995,905,90
"S01002216",774,684,90
"S01002217",914,813,101
"S01002218",556,527,29
"S01002219",672,638,34
"S01002220",792,768,24
"S01002221",767,677,90
"S01002222",836,789,47
"S01002223",719,682,37
"S01002224",746,711,35
"S01002225",721,663,58
"S01002226",1037,989,48
"S01002227",835,700,135
"S01002228",978,897,81
"S01002229",785,750,35
"S01002230",972,898,74
"S01002231",1136,1094,42
"S01002232",715,622,93
"S01002233",931,810,121
"S01002234",783,706,77
"S01002235",968,915,53
"S01002236",907,776,131
"S01002237",1103,1039,64
"S01002238",567,477,90
"S01002239",939,794,145
"S01002240",748,666,82
"S01002241",890,779,111
"S01002242",788,742,46
"S01002243",767,716,51
"S01002244",724,651,73
"S01002245",949,912,37
"S01002246",834,752,82
"S01002247",866,718,148
"S01002248",1169,1112,57
"S01002249",784,663,121
"S01002250",973,930,43
"S01002251",744,710,34
"S01002252",607,559,48
"S01002253",1005,881,124
"S01002254",788,697,91
"S01002255",1039,916,123
"S01002256",768,725,43
"S01002257",713,662,51
"S01002258",777,698,79
"S01002259",537,498,39
"S01002260",853,815,38
"S01002261",1022,953,69
"S01002262",789,732,57
"S01002263",794,763,31
"S01002264",867,820,47
"S01002265",1038,924,114
"S01002266",592,535,57
"S01002267",972,853,119
"S01002268",715,681,34
"S01002269",910,848,62
"S01002270",914,836,78
"S01002271",853,790,63
"S01002272",560,531,29
"S01002273",792,705,87
"S01002274",719,632,87
"S01002275",897,794,103
"S01002276",813,784,29
"S01002277",781,678,103
"S01002278",1064,949,115
"S01002279",961,833,128
"S01002280",797,732,65
"S01002281",709,619,90
"S01002282",341,275,66
"S01002283",744,682,62
"S01002284",1023,906,117
"S01002285",782,663,119
"S01002286",783,694,89
"S01002287",772,721,51
"S01002288",749,704,45
"S01002289",799,670,129
"S01002290",795,695,100
"S01002291",838,689,149
"S01002292",810,690,120
"S01002293",874,826,48
"S01002294",632,584,48
"S01002295",758,722,36
"S01002297",929,825,104
"S01002298",744,708,36
"S01002299",841,797,44
"S01002300",792,752,40
"S01002301",860,811,49
"S01002302",749,669,80
"S01002303",832,733,99
"S01002304",798,721,77
"S01002305",834,738,96
"S01002306",475,449,26
"S01002307",634,588,46
"S01002308",911,858,53
"S01002309",741,638,103
"S01002310",848,673,175
"S01002311",731,706,25
"S01002312",653,555,98
"S01002313",737,710,27
"S01002314",831,762,69
"S01002315",558,525,33
"S01002316",751,708,43
"S01002317",879,789,90
"S01002318",845,736,109
"S01002319",1105,920,185
"S01002320",638,599,39
"S01002321",892,735,157
"S01002322",689,643,46
"S01002323",785,707,78
"S01002324",761,623,138
"S01002325",577,476,101
"S01002326",827,746,81
"S01002327",682,627,55
"S01002328",765,731,34
"S01002329",708,669,39
"S01002330",798,736,62
"S01002331",709,644,65
"S01002332",958,930,28
"S01002333",834,801,33
"S01002334",827,778,49
"S01002335",983,935,48
"S01002336",1019,986,33
"S01002337",977,932,45
"S01002338",579,516,63
"S01002339",632,569,63
"S01002340",540,494,46
"S01002341",560,527,33
"S01002342",614,571,43
"S01002343",777,718,59
"S01002344",532,502,30
"S01002345",717,669,48
"S01002346",921,866,55
"S01002347",736,688,48
"S01002348",958,881,77
"S01002349",960,888,72
"S01002350",965,878,87
"S01002351",652,588,64
"S01002352",849,758,91
"S01002353",745,693,52
"S01002354",782,729,53
"S01002355",881,801,80
"S01002356",774,690,84
"S01002357",710,628,82
"S01002358",530,482,48
"S01002359",948,849,99
"S01002360",717,574,143
"S01002361",606,554,52
"S01002362",691,642,49
"S01002363",928,848,80
"S01002364",748,678,70
"S01002365",544,491,53
"S01002366",559,512,47
"S01002367",871,781,90
"S01002368",867,803,64
"S01002369",528,476,52
"S01002370",724,667,57
"S01002371",644,592,52
"S01002372",798,734,64
"S01002373",631,573,58
"S01002374",710,625,85
"S01002375",895,775,120
"S01002376",868,773,95
"S01002377",850,745,105
"S01002378",556,500,56
"S01002379",945,858,87
"S01002380",702,638,64
"S01002381",829,740,89
"S01002382",666,558,108
"S01002383",544,518,26
"S01002384",554,515,39
"S01002385",819,716,103
"S01002386",995,926,69
"S01002387",617,561,56
"S01002388",824,795,29
"S01002389",746,702,44
"S01002390",735,672,63
"S01002391",883,839,44
"S01002392",897,839,58
"S01002393",520,483,37
"S01002394",662,597,65
"S01002395",768,729,39
"S01002396",754,683,71
"S01002397",1120,1051,69
"S01002398",834,790,44
"S01002399",1017,889,128
"S01002400",887,853,34
"S01002401",964,945,19
"S01002402",895,825,70
"S01002403",773,690,83
"S01002404",990,916,74
"S01002405",777,744,33
"S01002406",790,714,76
"S01002407",803,733,70
"S01002408",885,744,141
"S01002409",715,658,57
"S01002410",532,514,18
"S01002411",667,605,62
"S01002412",1006,943,63
"S01002413",703,645,58
"S01002414",613,514,99
"S01002415",773,662,111
"S01002416",533,498,35
"S01002417",722,663,59
"S01002418",945,856,89
"S01002419",542,515,27
"S01002420",694,548,146
"S01002421",876,847,29
"S01002422",604,565,39
"S01002423",679,596,83
"S01002424",900,823,77
"S01002425",811,722,89
"S01002426",634,517,117
"S01002427",805,727,78
"S01002428",532,470,62
"S01002429",724,523,201
"S01002430",565,482,83
"S01002431",760,663,97
"S01002432",716,653,63
"S01002433",534,478,56
"S01002434",923,807,116
"S01002435",717,654,63
"S01002436",760,634,126
"S01002437",501,434,67
"S01002438",710,639,71
"S01002439",812,724,88
"S01002440",913,831,82
"S01002441",638,587,51
"S01002442",459,405,54
"S01002443",573,497,76
"S01002444",531,440,91
"S01002445",749,628,121
"S01002446",818,773,45
"S01002447",737,666,71
"S01002448",574,495,79
"S01002449",480,454,26
"S01002450",712,611,101
"S01002451",1092,1006,86
"S01002452",568,497,71
"S01002453",799,745,54
"S01002454",807,756,51
"S01002455",627,571,56
"S01002456",1019,871,148
"S01002457",822,714,108
"S01002458",877,750,127
"S01002459",525,450,75
"S01002460",846,697,149
"S01002461",477,468,9
"S01002462",673,594,79
"S01002463",1013,889,124
"S01002464",545,468,77
"S01002465",582,546,36
"S01002466",996,882,114
"S01002467",454,410,44
"S01002468",610,467,143
"S01002469",651,576,75
"S01002470",856,757,99
"S01002471",510,431,79
"S01002472",581,493,88
"S01002473",847,762,85
"S01002474",479,420,59
"S01002475",531,491,40
"S01002476",827,786,41
"S01002477",835,742,93
"S01002478",935,849,86
"S01002479",739,657,82
"S01002480",568,471,97
"S01002481",1001,894,107
"S01002482",859,766,93
"S01002483",701,602,99
"S01002484",851,744,107
"S01002485",892,825,67
"S01002486",557,469,88
"S01002487",463,402,61
"S01002488",671,574,97
"S01002489",553,461,92
"S01002490",619,534,85
"S01002491",499,417,82
"S01002492",634,575,59
"S01002493",943,848,95
"S01002494",697,652,45
"S01002495",696,579,117
"S01002496",629,540,89
"S01002497",648,541,107
"S01002498",723,690,33
"S01002499",858,693,165
"S01002500",580,485,95
"S01002501",497,460,37
"S01002502",890,751,139
"S01002503",575,487,88
"S01002504",914,757,157
"S01002505",772,669,103
"S01002506",875,787,88
"S01002507",607,508,99
"S01002508",831,783,48
"S01002509",1000,913,87
"S01002510",1022,951,71
"S01002511",498,462,36
"S01002512",544,471,73
"S01002513",848,780,68
"S01002514",593,507,86
"S01002515",615,523,92
"S01002516",744,674,70
"S01002517",609,560,49
"S01002518",729,675,54
"S01002519",821,675,146
"S01002520",520,442,78
"S01002521",582,525,57
"S01002522",704,647,57
"S01002523",712,676,36
"S01002524",590,553,37
"S01002525",699,630,69
"S01002526",578,547,31
"S01002527",781,753,28
"S01002528",735,667,68
"S01002529",902,778,124
"S01002530",755,688,67
"S01002531",730,621,109
"S01002532",774,688,86
"S01002533",864,771,93
"S01002534",978,862,116
"S01002535",500,433,67
"S01002536",510,440,70
"S01002537",604,548,56
"S01002538",956,871,85
"S01002539",811,686,125
"S01002540",557,489,68
"S01002541",989,920,69
"S01002542",586,551,35
"S01002543",602,524,78
"S01002544",790,721,69
"S01002545",635,545,90
"S01002546",683,607,76
"S01002547",655,612,43
"S01002548",991,858,133
"S01002549",570,545,25
"S01002550",544,517,27
"S01002551",595,538,57
"S01002552",593,527,66
"S01002553",819,738,81
"S01002554",661,639,22
"S01002555",726,656,70
"S01002556",778,691,87
"S01002557",839,742,97
"S01002558",530,469,61
"S01002559",687,642,45
"S01002560",570,519,51
"S01002561",685,616,69
"S01002562",654,600,54
"S01002563",1163,1033,130
"S01002564",620,580,40
"S01002565",911,860,51
"S01002566",779,738,41
"S01002567",571,552,19
"S01002568",732,686,46
"S01002569",977,875,102
"S01002570",619,566,53
"S01002571",604,515,89
"S01002572",579,542,37
"S01002573",523,487,36
"S01002574",781,700,81
"S01002575",846,787,59
"S01002576",741,706,35
"S01002577",965,860,105
"S01002578",779,749,30
"S01002579",809,770,39
"S01002580",799,719,80
"S01002581",783,769,14
"S01002582",720,624,96
"S01002583",790,742,48
"S01002584",780,736,44
"S01002585",877,813,64
"S01002586",556,497,59
"S01002587",718,674,44
"S01002588",787,739,48
"S01002589",789,733,56
"S01002590",757,709,48
"S01002591",576,497,79
"S01002592",815,727,88
"S01002593",777,707,70
"S01002594",680,662,18
"S01002595",621,565,56
"S01002596",752,709,43
"S01002597",517,473,44
"S01002598",916,859,57
"S01002599",551,491,60
"S01002600",882,857,25
"S01002601",668,586,82
"S01002602",528,482,46
"S01002603",744,660,84
"S01002604",993,922,71
"S01002605",632,567,65
"S01002606",601,546,55
"S01002607",872,794,78
"S01002608",600,565,35
"S01002609",791,709,82
"S01002610",928,857,71
"S01002611",854,792,62
"S01002612",762,718,44
"S01002613",904,840,64
"S01002614",943,887,56
"S01002615",467,416,51
"S01002616",633,611,22
"S01002617",940,817,123
"S01002618",793,700,93
"S01002619",789,734,55
"S01002620",826,728,98
"S01002621",630,599,31
"S01002622",903,873,30
"S01002623",684,655,29
"S01002624",723,687,36
"S01002625",856,820,36
"S01002626",759,670,89
"S01002627",1064,1023,41
"S01002628",805,765,40
"S01002629",821,765,56
"S01002630",638,562,76
"S01002631",741,704,37
"S01002632",596,551,45
"S01002633",1000,922,78
"S01002634",781,726,55
"S01002635",594,549,45
"S01002636",562,519,43
"S01002637",800,723,77
"S01002638",790,697,93
"S01002639",956,907,49
"S01002640",765,720,45
"S01002641",961,917,44
"S01002642",573,476,97
"S01002643",521,467,54
"S01002644",761,708,53
"S01002645",652,585,67
"S01002646",659,602,57
"S01002647",939,774,165
"S01002648",760,697,63
"S01002649",755,678,77
"S01002650",673,622,51
"S01002651",667,602,65
"S01002652",733,695,38
"S01002653",762,689,73
"S01002654",725,645,80
"S01002655",702,629,73
"S01002656",676,586,90
"S01002657",815,712,103
"S01002658",1004,911,93
"S01002659",929,875,54
"S01002660",865,759,106
"S01002661",822,730,92
"S01002662",814,715,99
"S01002663",709,690,19
"S01002664",940,891,49
"S01002665",787,702,85
"S01002666",816,725,91
"S01002667",647,563,84
"S01002668",521,473,48
"S01002669",886,810,76
"S01002670",655,618,37
"S01002671",963,894,69
"S01002672",616,536,80
"S01002673",532,489,43
"S01002674",755,691,64
"S01002675",931,861,70
"S01002676",835,734,101
"S01002677",991,882,109
"S01002678",1010,934,76
"S01002679",943,802,141
"S01002680",940,862,78
"S01002681",756,691,65
"S01002682",588,509,79
"S01002683",627,571,56
"S01002684",725,649,76
"S01002685",914,771,143
"S01002686",863,795,68
"S01002687",832,761,71
"S01002688",718,686,32
"S01002689",697,678,19
"S01002690",565,508,57
"S01002691",1096,967,129
"S01002692",926,862,64
"S01002693",450,416,34
"S01002694",764,679,85
"S01002695",624,560,64
"S01002696",778,706,72
"S01002697",916,867,49
"S01002698",729,662,67
"S01002699",531,478,53
"S01002700",909,809,100
"S01002701",916,869,47
"S01002702",618,526,92
"S01002703",848,761,87
"S01002704",682,612,70
"S01002705",679,581,98
"S01002706",810,715,95
"S01002707",909,814,95
"S01002708",724,642,82
"S01002709",615,546,69
"S01002710",580,543,37
"S01002711",894,778,116
"S01002712",790,686,104
"S01002713",797,678,119
"S01002714",929,846,83
"S01002715",922,819,103
"S01002716",575,542,33
"S01002717",766,707,59
"S01002718",895,782,113
"S01002719",788,705,83
"S01002720",773,734,39
"S01002721",804,708,96
"S01002722",668,617,51
"S01002723",637,527,110
"S01002724",822,744,78
"S01002725",912,816,96
"S01002726",796,751,45
"S01002727",978,936,42
"S01002728",857,778,79
"S01002729",941,902,39
"S01002730",772,701,71
"S01002731",790,677,113
"S01002732",684,612,72
"S01002733",627,546,81
"S01002734",939,802,137
"S01002735",933,840,93
"S01002736",715,644,71
"S01002737",743,692,51
"S01002738",720,665,55
"S01002739",805,741,64
"S01002740",570,536,34
"S01002741",865,789,76
"S01002742",837,729,108
"S01002743",580,486,94
"S01002744",567,522,45
"S01002745",609,531,78
"S01002746",834,771,63
"S01002747",595,532,63
"S01002748",589,527,62
"S01002749",779,709,70
"S01002750",918,780,138
"S01002751",970,856,114
"S01002752",555,471,84
"S01002753",662,627,35
"S01002754",610,555,55
"S01002755",792,706,86
"S01002756",833,703,130
"S01002757",580,507,73
"S01002758",733,644,89
"S01002759",750,674,76
"S01002760",515,434,81
"S01002761",764,647,117
"S01002762",633,539,94
"S01002763",917,826,91
"S01002764",658,575,83
"S01002765",751,629,122
"S01002766",893,797,96
"S01002767",950,886,64
"S01002768",849,766,83
"S01002769",787,722,65
"S01002770",544,488,56
"S01002771",778,704,74
"S01002772",1077,985,92
"S01002773",973,859,114
"S01002774",787,702,85
"S01002775",818,687,131
"S01002776",698,637,61
"S01002777",1000,851,149
"S01002778",759,645,114
"S01002779",637,562,75
"S01002780",916,825,91
"S01002781",947,853,94
"S01002782",848,720,128
"S01002783",792,697,95
"S01002784",567,511,56
"S01002785",709,620,89
"S01002786",742,696,46
"S01002787",773,702,71
"S01002788",816,766,50
"S01002789",774,736,38
"S01002790",812,693,119
"S01002791",676,595,81
"S01002792",916,820,96
"S01002793",801,692,109
"S01002794",876,755,121
"S01002795",673,643,30
"S01002796",573,491,82
"S01002797",840,798,42
"S01002798",595,534,61
"S01002799",622,525,97
"S01002800",811,780,31
"S01002801",986,836,150
"S01002802",652,621,31
"S01002803",836,756,80
"S01002804",539,458,81
"S01002805",856,722,134
"S01002806",590,526,64
"S01002807",720,626,94
"S01002808",848,732,116
"S01002809",683,588,95
"S01002810",967,840,127
"S01002811",959,838,121
"S01002812",630,558,72
"S01002813",728,604,124
"S01002814",721,644,77
"S01002815",786,651,135
"S01002816",568,512,56
"S01002817",575,474,101
"S01002818",582,536,46
"S01002819",828,722,106
"S01002820",924,814,110
"S01002821",975,857,118
"S01002822",908,780,128
"S01002823",825,712,113
"S01002824",777,703,74
"S01002825",975,854,121
"S01002826",546,466,80
"S01002827",670,589,81
"S01002828",633,570,63
"S01002829",812,683,129
"S01002830",663,573,90
"S01002831",800,708,92
"S01002832",816,743,73
"S01002833",1119,1007,112
"S01002834",911,795,116
"S01002835",751,652,99
"S01002836",581,517,64
"S01002837",598,499,99
"S01002838",568,468,100
"S01002839",541,464,77
"S01002840",683,616,67
"S01002841",626,604,22
"S01002842",628,509,119
"S01002843",820,676,144
"S01002844",605,542,63
"S01002845",782,679,103
"S01002846",905,816,89
"S01002847",926,859,67
"S01002848",853,777,76
"S01002849",1051,944,107
"S01002850",903,801,102
"S01002851",499,470,29
"S01002852",1000,881,119
"S01002853",443,388,55
"S01002854",839,725,114
"S01002855",629,531,98
"S01002856",776,683,93
"S01002857",505,459,46
"S01002858",480,450,30
"S01002859",851,726,125
"S01002860",919,844,75
"S01002861",965,901,64
"S01002862",640,575,65
"S01002863",793,688,105
"S01002864",612,525,87
"S01002865",919,844,75
"S01002866",1083,952,131
"S01002867",578,546,32
"S01002868",754,635,119
"S01002869",545,479,66
"S01002870",925,837,88
"S01002871",606,553,53
"S01002872",627,555,72
"S01002873",784,703,81
"S01002874",909,845,64
"S01002875",678,603,75
"S01002876",697,613,84
"S01002877",782,704,78
"S01002878",567,516,51
"S01002879",861,787,74
"S01002880",513,464,49
"S01002881",878,774,104
"S01002882",748,629,119
"S01002883",1133,1006,127
"S01002884",804,718,86
"S01002885",792,723,69
"S01002886",678,610,68
"S01002887",635,562,73
"S01002888",603,554,49
"S01002889",847,761,86
"S01002890",752,680,72
"S01002891",792,721,71
"S01002892",664,577,87
"S01002893",729,640,89
"S01002894",782,682,100
"S01002895",659,551,108
"S01002896",719,660,59
"S01002897",521,416,105
"S01002898",993,893,100
"S01002899",506,476,30
"S01002900",744,679,65
"S01002901",835,758,77
"S01002902",785,724,61
"S01002903",869,770,99
"S01002904",651,606,45
"S01002905",745,682,63
"S01002906",845,756,89
"S01002907",610,552,58
"S01002908",787,723,64
"S01002909",727,653,74
"S01002910",780,682,98
"S01002911",915,809,106
"S01002912",980,896,84
"S01002913",805,733,72
"S01002914",718,619,99
"S01002915",1019,910,109
"S01002916",779,661,118
"S01002917",671,632,39
"S01002918",736,670,66
"S01002919",945,855,90
"S01002920",639,568,71
"S01002921",679,614,65
"S01002922",560,503,57
"S01002923",705,637,68
"S01002924",699,623,76
"S01002925",1034,943,91
"S01002926",819,733,86
"S01002927",790,703,87
"S01002928",561,532,29
"S01002929",801,720,81
"S01002930",663,617,46
"S01002931",793,694,99
"S01002932",771,746,25
"S01002933",865,795,70
"S01002934",953,853,100
"S01002935",828,766,62
"S01002936",713,694,19
"S01002937",642,593,49
"S01002938",805,709,96
"S01002939",546,500,46
"S01002940",526,458,68
"S01002941",968,887,81
"S01002942",538,499,39
"S01002943",530,499,31
"S01002944",952,890,62
"S01002945",588,552,36
"S01002946",641,586,55
"S01002947",492,460,32
"S01002948",875,808,67
"S01002949",507,465,42
"S01002950",747,692,55
"S01002951",898,818,80
"S01002952",620,565,55
"S01002953",904,825,79
"S01002954",869,822,47
"S01002955",988,905,83
"S01002956",767,700,67
"S01002957",960,910,50
"S01002958",562,518,44
"S01002959",978,912,66
"S01002960",697,659,38
"S01002961",774,695,79
"S01002962",628,541,87
"S01002963",778,706,72
"S01002964",819,761,58
"S01002965",816,761,55
"S01002966",838,684,154
"S01002967",832,778,54
"S01002968",712,679,33
"S01002969",941,872,69
"S01002970",522,484,38
"S01002971",1082,1036,46
"S01002972",905,812,93
"S01002973",895,833,62
"S01002974",560,531,29
"S01002975",550,500,50
"S01002976",939,817,122
"S01002977",711,652,59
"S01002978",1071,992,79
"S01002979",710,643,67
"S01002980",790,718,72
"S01002981",827,787,40
"S01002982",680,637,43
"S01002983",777,685,92
"S01002984",743,700,43
"S01002985",564,536,28
"S01002986",756,697,59
"S01002987",638,568,70
"S01002988",698,651,47
"S01002989",975,884,91
"S01002990",580,554,26
"S01002991",802,756,46
"S01002992",694,662,32
"S01002993",820,782,38
"S01002994",1117,1055,62
"S01002995",745,719,26
"S01002996",1028,965,63
"S01002997",667,613,54
"S01002998",788,740,48
"S01002999",906,856,50
"S01003000",900,855,45
"S01003001",604,560,44
"S01003002",764,682,82
"S01003003",555,515,40
"S01003004",524,498,26
"S01003005",561,537,24
"S01003006",737,693,44
"S01003007",781,730,51
"S01003008",963,932,31
"S01003009",534,499,35
"S01003010",601,571,30
"S01003011",470,453,17
"S01003012",989,917,72
"S01003013",582,551,31
"S01003014",683,639,44
"S01003015",772,725,47
"S01003016",470,436,34
"S01003017",646,587,59
"S01003018",782,734,48
"S01003019",799,720,79
"S01003020",662,601,61
"S01003021",691,636,55
"S01003022",980,895,85
"S01003023",792,742,50
"S01003024",629,557,72
"S01003025",751,701,50
"S01003026",627,511,116
"S01003027",1148,1087,61
"S01003028",768,576,192
"S01003029",770,613,157
"S01003030",850,696,154
"S01003032",454,364,90
"S01003033",514,415,99
"S01003034",902,827,75
"S01003035",766,647,119
"S01003036",773,564,209
"S01003037",799,709,90
"S01003038",896,852,44
"S01003039",883,741,142
"S01003040",850,671,179
"S01003041",729,679,50
"S01003042",652,544,108
"S01003043",577,479,98
"S01003044",936,759,177
"S01003045",843,708,135
"S01003046",754,658,96
"S01003047",1008,788,220
"S01003048",489,387,102
"S01003049",584,454,130
"S01003050",798,748,50
"S01003051",938,814,124
"S01003052",759,584,175
"S01003053",929,827,102
"S01003054",896,796,100
"S01003055",865,671,194
"S01003056",890,776,114
"S01003057",709,658,51
"S01003058",766,653,113
"S01003059",838,772,66
"S01003060",692,581,111
"S01003061",849,794,55
"S01003062",961,788,173
"S01003063",799,732,67
"S01003064",926,691,235
"S01003065",919,819,100
"S01003066",943,883,60
"S01003067",661,601,60
"S01003068",859,798,61
"S01003069",606,530,76
"S01003070",790,670,120
"S01003071",649,623,26
"S01003072",993,827,166
"S01003073",763,707,56
"S01003074",788,738,50
"S01003075",735,660,75
"S01003076",912,751,161
"S01003077",1016,825,191
"S01003078",722,644,78
"S01003079",914,839,75
"S01003080",859,817,42
"S01003081",936,881,55
"S01003082",742,627,115
"S01003083",1072,930,142
"S01003084",873,663,210
"S01003085",1010,932,78
"S01003086",715,682,33
"S01003087",679,629,50
"S01003088",1000,829,171
"S01003089",620,597,23
"S01003090",768,649,119
"S01003091",634,590,44
"S01003092",808,698,110
"S01003093",1018,840,178
"S01003094",1013,890,123
"S01003095",837,806,31
"S01003096",714,654,60
"S01003097",253,203,50
"S01003098",1037,908,129
"S01003099",590,464,126
"S01003100",860,746,114
"S01003101",607,504,103
"S01003102",799,746,53
"S01003103",789,740,49
"S01003104",999,775,224
"S01003105",798,717,81
"S01003106",737,683,54
"S01003107",843,710,133
"S01003108",735,642,93
"S01003109",991,930,61
"S01003110",827,793,34
"S01003111",928,732,196
"S01003112",952,881,71
"S01003113",756,711,45
"S01003114",947,883,64
"S01003115",546,488,58
"S01003116",872,727,145
"S01003117",788,691,97
"S01003118",493,373,120
"S01003119",722,662,60
"S01003120",1073,1014,59
"S01003121",964,763,201
"S01003122",777,635,142
"S01003123",846,746,100
"S01003124",819,753,66
"S01003125",796,715,81
"S01003126",153,103,50
"S01003127",850,784,66
"S01003128",720,591,129
"S01003129",1080,942,138
"S01003130",786,721,65
"S01003131",846,779,67
"S01003132",594,463,131
"S01003133",1206,1064,142
"S01003134",754,627,127
"S01003135",759,624,135
"S01003136",809,745,64
"S01003137",668,593,75
"S01003138",1017,792,225
"S01003139",979,902,77
"S01003140",945,748,197
"S01003141",725,690,35
"S01003142",727,569,158
"S01003143",877,760,117
"S01003144",910,734,176
"S01003145",741,589,152
"S01003146",672,628,44
"S01003147",923,734,189
"S01003148",775,659,116
"S01003149",907,792,115
"S01003150",781,628,153
"S01003151",790,671,119
"S01003152",917,742,175
"S01003153",796,697,99
"S01003154",891,818,73
"S01003155",1081,1031,50
"S01003156",838,749,89
"S01003157",982,819,163
"S01003158",541,414,127
"S01003159",242,186,56
"S01003160",716,579,137
"S01003161",609,501,108
"S01003162",688,541,147
"S01003163",655,602,53
"S01003164",951,864,87
"S01003165",985,840,145
"S01003166",660,601,59
"S01003167",800,647,153
"S01003168",842,763,79
"S01003169",1025,861,164
"S01003170",935,852,83
"S01003171",635,604,31
"S01003172",718,640,78
"S01003173",485,444,41
"S01003174",803,689,114
"S01003175",797,641,156
"S01003176",770,697,73
"S01003177",1060,953,107
"S01003178",695,552,143
"S01003179",716,626,90
"S01003180",752,694,58
"S01003181",927,769,158
"S01003182",696,554,142
"S01003183",701,629,72
"S01003184",875,703,172
"S01003185",530,402,128
"S01003186",908,858,50
"S01003187",904,831,73
"S01003188",828,696,132
"S01003189",841,716,125
"S01003190",758,607,151
"S01003191",529,455,74
"S01003192",737,634,103
"S01003193",611,528,83
"S01003194",795,609,186
"S01003195",818,713,105
"S01003196",947,890,57
"S01003197",668,593,75
"S01003198",932,748,184
"S01003199",876,776,100
"S01003200",696,572,124
"S01003201",231,183,48
"S01003202",298,222,76
"S01003203",862,732,130
"S01003204",1021,853,168
"S01003205",719,542,177
"S01003206",745,599,146
"S01003207",814,747,67
"S01003208",900,687,213
"S01003209",596,512,84
"S01003210",903,808,95
"S01003211",920,781,139
"S01003212",779,719,60
"S01003213",592,516,76
"S01003214",799,652,147
"S01003215",1011,845,166
"S01003216",744,623,121
"S01003217",691,477,214
"S01003218",744,651,93
"S01003219",760,625,135
"S01003220",798,704,94
"S01003221",876,727,149
"S01003222",775,697,78
"S01003223",980,725,255
"S01003224",749,675,74
"S01003225",794,629,165
"S01003226",792,640,152
"S01003227",925,842,83
"S01003228",916,716,200
"S01003229",1061,984,77
"S01003230",826,683,143
"S01003231",984,763,221
"S01003232",779,627,152
"S01003233",1017,928,89
"S01003234",843,779,64
"S01003235",798,670,128
"S01003236",832,750,82
"S01003237",1025,816,209
"S01003238",749,669,80
"S01003239",999,865,134
"S01003240",775,720,55
"S01003241",828,705,123
"S01003242",1036,892,144
"S01003243",884,747,137
"S01003244",999,757,242
"S01003245",849,612,237
"S01003246",1007,701,306
"S01003247",757,644,113
"S01003248",809,602,207
"S01003249",707,602,105
"S01003250",582,473,109
"S01003251",834,588,246
"S01003252",697,636,61
"S01003253",822,617,205
"S01003254",613,476,137
"S01003255",885,716,169
"S01003256",924,770,154
"S01003257",822,754,68
"S01003258",919,840,79
"S01003259",1111,1007,104
"S01003260",781,711,70
"S01003261",925,833,92
"S01003262",778,672,106
"S01003263",753,543,210
"S01003264",584,476,108
"S01003265",726,626,100
"S01003266",749,556,193
"S01003267",970,738,232
"S01003268",793,674,119
"S01003269",910,730,180
"S01003270",792,645,147
"S01003271",819,689,130
"S01003272",931,711,220
"S01003273",694,527,167
"S01003274",538,392,146
"S01003275",967,759,208
"S01003276",784,712,72
"S01003277",678,523,155
"S01003278",854,750,104
"S01003279",459,370,89
"S01003280",926,817,109
"S01003281",554,473,81
"S01003282",862,788,74
"S01003283",776,687,89
"S01003284",908,727,181
"S01003285",367,294,73
"S01003286",1048,836,212
"S01003287",603,526,77
"S01003288",778,720,58
"S01003289",302,233,69
"S01003290",767,647,120
"S01003291",756,572,184
"S01003292",784,709,75
"S01003293",942,711,231
"S01003294",790,627,163
"S01003295",1061,904,157
"S01003296",617,463,154
"S01003297",537,406,131
"S01003298",1015,881,134
"S01003299",420,323,97
"S01003300",839,742,97
"S01003301",781,636,145
"S01003302",585,425,160
"S01003303",883,801,82
"S01003304",781,701,80
"S01003305",750,699,51
"S01003306",943,739,204
"S01003307",1075,840,235
"S01003308",900,737,163
"S01003309",791,611,180
"S01003310",796,651,145
"S01003311",794,734,60
"S01003312",649,534,115
"S01003313",944,769,175
"S01003314",598,438,160
"S01003315",615,567,48
"S01003316",736,647,89
"S01003317",718,652,66
"S01003318",843,750,93
"S01003320",646,596,50
"S01003321",790,684,106
"S01003322",799,692,107
"S01003323",668,615,53
"S01003324",561,465,96
"S01003325",852,799,53
"S01003326",799,644,155
"S01003327",692,580,112
"S01003328",586,510,76
"S01003329",832,712,120
"S01003330",986,944,42
"S01003331",636,447,189
"S01003332",439,335,104
"S01003333",940,645,295
"S01003334",865,718,147
"S01003335",543,446,97
"S01003336",905,671,234
"S01003337",949,661,288
"S01003338",900,757,143
"S01003339",827,729,98
"S01003340",1072,847,225
"S01003341",795,739,56
"S01003342",677,498,179
"S01003343",611,498,113
"S01003344",596,528,68
"S01003345",1019,883,136
"S01003346",902,723,179
"S01003347",822,602,220
"S01003348",759,647,112
"S01003349",881,696,185
"S01003350",731,588,143
"S01003351",1079,888,191
"S01003352",831,641,190
"S01003353",635,514,121
"S01003354",832,595,237
"S01003355",879,698,181
"S01003356",919,754,165
"S01003357",424,285,139
"S01003358",859,700,159
"S01003359",977,911,66
"S01003360",807,709,98
"S01003361",759,586,173
"S01003362",813,641,172
"S01003363",793,604,189
"S01003364",664,532,132
"S01003365",755,624,131
"S01003366",548,506,42
"S01003367",1058,811,247
"S01003368",973,884,89
"S01003369",734,511,223
"S01003370",776,690,86
"S01003371",754,660,94
"S01003372",741,613,128
"S01003373",667,536,131
"S01003374",529,453,76
"S01003375",756,629,127
"S01003376",530,424,106
"S01003377",789,606,183
"S01003378",823,636,187
"S01003379",650,521,129
"S01003380",786,685,101
"S01003381",705,606,99
"S01003382",704,537,167
"S01003383",954,739,215
"S01003384",1025,818,207
"S01003385",851,755,96
"S01003386",689,547,142
"S01003387",794,659,135
"S01003388",1011,763,248
"S01003389",980,819,161
"S01003390",956,779,177
"S01003391",818,631,187
"S01003392",793,661,132
"S01003393",1036,765,271
"S01003394",725,602,123
"S01003395",744,659,85
"S01003396",815,648,167
"S01003397",878,743,135
"S01003398",884,740,144
"S01003399",1573,1421,152
"S01003400",688,517,171
"S01003401",792,646,146
"S01003402",695,582,113
"S01003403",755,640,115
"S01003404",482,369,113
"S01003405",838,678,160
"S01003406",721,598,123
"S01003407",734,570,164
"S01003408",662,555,107
"S01003409",835,711,124
"S01003410",770,706,64
"S01003411",777,646,131
"S01003412",915,746,169
"S01003413",806,699,107
"S01003414",547,458,89
"S01003415",1334,1126,208
"S01003416",882,650,232
"S01003417",803,672,131
"S01003418",948,705,243
"S01003419",970,767,203
"S01003420",519,418,101
"S01003421",559,433,126
"S01003422",794,615,179
"S01003423",552,522,30
"S01003424",994,842,152
"S01003425",931,848,83
"S01003426",1001,851,150
"S01003427",943,702,241
"S01003428",666,514,152
"S01003429",947,899,48
"S01003430",759,694,65
"S01003431",660,473,187
"S01003432",936,845,91
"S01003433",981,929,52
"S01003434",910,691,219
"S01003435",672,550,122
"S01003436",583,495,88
"S01003437",610,570,40
"S01003438",902,835,67
"S01003439",897,575,322
"S01003440",500,419,81
"S01003441",1025,846,179
"S01003442",731,562,169
"S01003443",959,749,210
"S01003444",654,514,140
"S01003445",870,736,134
"S01003446",530,483,47
"S01003447",1785,1427,358
"S01003448",743,587,156
"S01003449",883,807,76
"S01003450",787,653,134
"S01003451",763,673,90
"S01003452",1077,886,191
"S01003453",737,665,72
"S01003454",723,637,86
"S01003455",591,455,136
"S01003456",387,321,66
"S01003457",945,719,226
"S01003458",904,752,152
"S01003459",915,798,117
"S01003460",897,809,88
"S01003461",791,637,154
"S01003462",611,513,98
"S01003463",799,668,131
"S01003464",924,869,55
"S01003465",790,718,72
"S01003466",750,612,138
"S01003467",757,598,159
"S01003468",732,663,69
"S01003469",863,741,122
"S01003470",811,719,92
"S01003471",720,596,124
"S01003472",811,659,152
"S01003473",931,763,168
"S01003474",746,693,53
"S01003475",764,645,119
"S01003476",819,753,66
"S01003477",972,892,80
"S01003478",763,665,98
"S01003479",791,684,107
"S01003480",611,483,128
"S01003481",1001,888,113
"S01003482",657,489,168
"S01003483",634,518,116
"S01003484",906,837,69
"S01003485",990,940,50
"S01003486",833,698,135
"S01003487",998,889,109
"S01003488",691,497,194
"S01003489",983,788,195
"S01003490",640,508,132
"S01003491",126,87,39
"S01003492",838,714,124
"S01003493",728,588,140
"S01003494",776,632,144
"S01003495",723,610,113
"S01003496",859,774,85
"S01003497",966,899,67
"S01003498",997,805,192
"S01003499",991,879,112
"S01003500",645,515,130
"S01003501",633,577,56
"S01003502",669,590,79
"S01003503",670,630,40
"S01003504",725,691,34
"S01003506",979,917,62
"S01003507",528,502,26
"S01003508",810,664,146
"S01003509",849,798,51
"S01003510",365,308,57
"S01003511",979,931,48
"S01003512",642,500,142
"S01003513",717,679,38
"S01003514",799,749,50
"S01003515",750,599,151
"S01003516",707,630,77
"S01003517",681,627,54
"S01003518",979,855,124
"S01003519",542,433,109
"S01003520",673,627,46
"S01003521",524,493,31
"S01003522",756,717,39
"S01003523",577,443,134
"S01003524",1055,988,67
"S01003525",974,906,68
"S01003526",925,871,54
"S01003527",910,855,55
"S01003528",604,541,63
"S01003529",543,513,30
"S01003530",791,738,53
"S01003531",795,626,169
"S01003532",1057,973,84
"S01003533",353,268,85
"S01003534",943,843,100
"S01003535",709,619,90
"S01003536",1031,979,52
"S01003537",796,643,153
"S01003538",670,535,135
"S01003539",975,915,60
"S01003540",490,341,149
"S01003541",734,627,107
"S01003542",838,778,60
"S01003543",615,501,114
"S01003544",553,521,32
"S01003545",980,947,33
"S01003546",828,664,164
"S01003547",790,695,95
"S01003549",770,644,126
"S01003550",713,650,63
"S01003551",745,603,142
"S01003552",882,844,38
"S01003553",691,525,166
"S01003554",776,708,68
"S01003555",818,775,43
"S01003556",723,679,44
"S01003557",785,647,138
"S01003558",949,905,44
"S01003559",897,839,58
"S01003560",1029,969,60
"S01003561",1003,784,219
"S01003562",697,572,125
"S01003563",608,485,123
"S01003564",708,536,172
"S01003565",856,670,186
"S01003566",750,691,59
"S01003567",924,686,238
"S01003568",734,662,72
"S01003569",725,679,46
"S01003570",772,699,73
"S01003571",897,767,130
"S01003572",925,709,216
"S01003573",919,704,215
"S01003574",886,823,63
"S01003575",887,723,164
"S01003576",846,733,113
"S01003577",742,590,152
"S01003578",279,224,55
"S01003579",632,507,125
"S01003580",881,742,139
"S01003581",1783,1608,175
"S01003582",584,405,179
"S01003583",527,411,116
"S01003584",767,626,141
"S01003585",557,424,133
"S01003586",921,731,190
"S01003587",1060,1022,38
"S01003588",721,667,54
"S01003589",1250,1182,68
"S01003590",688,606,82
"S01003591",1149,1088,61
"S01003592",841,681,160
"S01003593",694,564,130
"S01003594",1013,902,111
"S01003595",769,606,163
"S01003596",775,585,190
"S01003597",638,576,62
"S01003598",725,590,135
"S01003599",606,486,120
"S01003600",840,637,203
"S01003601",844,712,132
"S01003602",728,598,130
"S01003603",835,665,170
"S01003604",787,585,202
"S01003605",668,543,125
"S01003606",879,709,170
"S01003607",557,478,79
"S01003608",540,442,98
"S01003609",1049,974,75
"S01003610",748,646,102
"S01003611",756,550,206
"S01003612",911,816,95
"S01003613",848,756,92
"S01003614",568,489,79
"S01003615",542,442,100
"S01003616",701,674,27
"S01003617",953,743,210
"S01003618",770,644,126
"S01003619",886,700,186
"S01003620",960,911,49
"S01003621",969,731,238
"S01003622",783,619,164
"S01003623",947,880,67
"S01003624",1072,823,249
"S01003625",398,317,81
"S01003626",889,798,91
"S01003627",588,473,115
"S01003628",742,608,134
"S01003629",808,601,207
"S01003630",754,611,143
"S01003631",748,638,110
"S01003632",785,746,39
"S01003633",921,815,106
"S01003634",1117,893,224
"S01003635",572,488,84
"S01003636",995,715,280
"S01003637",745,608,137
"S01003638",763,685,78
"S01003639",794,640,154
"S01003640",961,725,236
"S01003641",752,705,47
"S01003642",832,662,170
"S01003643",608,548,60
"S01003644",880,717,163
"S01003645",572,462,110
"S01003646",756,612,144
"S01003647",712,579,133
"S01003648",804,722,82
"S01003649",1072,967,105
"S01003650",719,546,173
"S01003651",754,611,143
"S01003652",633,497,136
"S01003653",786,642,144
"S01003654",1106,787,319
"S01003655",844,689,155
"S01003656",575,478,97
"S01003657",891,692,199
"S01003658",895,772,123
"S01003659",822,746,76
"S01003660",874,845,29
"S01003661",839,773,66
"S01003662",610,493,117
"S01003663",582,464,118
"S01003664",548,431,117
"S01003665",657,509,148
"S01003666",743,575,168
"S01003667",915,788,127
"S01003668",789,609,180
"S01003669",569,432,137
"S01003670",889,707,182
"S01003671",699,557,142
"S01003672",884,718,166
"S01003673",311,249,62
"S01003674",843,700,143
"S01003675",696,645,51
"S01003676",426,368,58
"S01003677",774,633,141
"S01003678",699,555,144
"S01003679",1064,864,200
"S01003680",840,681,159
"S01003681",590,463,127
"S01003682",1103,1021,82
"S01003683",610,511,99
"S01003684",749,623,126
"S01003685",548,451,97
"S01003686",1028,867,161
"S01003687",702,566,136
"S01003688",950,768,182
"S01003689",623,517,106
"S01003690",961,744,217
"S01003691",1094,950,144
"S01003692",1023,817,206
"S01003693",619,505,114
"S01003694",893,777,116
"S01003695",958,830,128
"S01003696",1095,898,197
"S01003697",988,906,82
"S01003698",942,784,158
"S01003699",1044,976,68
"S01003700",1049,859,190
"S01003701",962,731,231
"S01003702",838,710,128
"S01003703",996,755,241
"S01003704",713,570,143
"S01003705",875,747,128
"S01003706",779,652,127
"S01003707",778,648,130
"S01003708",658,530,128
"S01003709",899,681,218
"S01003710",894,682,212
"S01003711",843,686,157
"S01003712",756,610,146
"S01003713",550,444,106
"S01003714",797,657,140
"S01003715",861,773,88
"S01003716",589,471,118
"S01003717",827,675,152
"S01003718",568,477,91
"S01003719",564,513,51
"S01003720",931,863,68
"S01003721",749,679,70
"S01003722",897,765,132
"S01003723",548,515,33
"S01003724",786,714,72
"S01003725",613,565,48
"S01003726",684,655,29
"S01003727",750,700,50
"S01003728",500,453,47
"S01003729",653,593,60
"S01003730",646,581,65
"S01003731",573,509,64
"S01003732",820,759,61
"S01003733",826,753,73
"S01003734",713,651,62
"S01003735",741,647,94
"S01003736",832,758,74
"S01003737",633,597,36
"S01003738",660,625,35
"S01003739",528,507,21
"S01003740",577,539,38
"S01003741",851,793,58
"S01003742",527,485,42
"S01003743",580,548,32
"S01003744",586,549,37
"S01003745",720,671,49
"S01003746",796,748,48
"S01003747",982,921,61
"S01003748",591,523,68
"S01003749",819,774,45
"S01003750",557,538,19
"S01003751",951,894,57
"S01003752",795,747,48
"S01003753",913,838,75
"S01003754",891,809,82
"S01003755",724,673,51
"S01003756",728,685,43
"S01003757",592,554,38
"S01003758",749,687,62
"S01003759",615,580,35
"S01003760",758,720,38
"S01003761",817,765,52
"S01003762",742,701,41
"S01003763",917,813,104
"S01003764",859,805,54
"S01003765",739,673,66
"S01003766",611,569,42
"S01003767",696,599,97
"S01003768",576,539,37
"S01003769",671,618,53
"S01003770",631,606,25
"S01003771",678,629,49
"S01003772",574,538,36
"S01003773",710,652,58
"S01003774",650,610,40
"S01003775",768,709,59
"S01003776",578,549,29
"S01003777",927,852,75
"S01003778",512,489,23
"S01003779",491,470,21
"S01003780",979,906,73
"S01003781",648,617,31
"S01003782",560,520,40
"S01003783",1033,907,126
"S01003784",580,556,24
"S01003785",830,788,42
"S01003786",928,867,61
"S01003787",613,582,31
"S01003788",724,662,62
"S01003789",522,502,20
"S01003790",618,580,38
"S01003791",633,591,42
"S01003792",680,647,33
"S01003793",544,492,52
"S01003794",711,642,69
"S01003795",580,554,26
"S01003796",659,594,65
"S01003797",957,879,78
"S01003798",818,779,39
"S01003799",841,808,33
"S01003800",697,642,55
"S01003801",808,736,72
"S01003802",765,709,56
"S01003803",653,575,78
"S01003804",632,568,64
"S01003805",1022,918,104
"S01003806",672,586,86
"S01003807",934,907,27
"S01003808",666,582,84
"S01003809",768,691,77
"S01003810",892,810,82
"S01003811",702,667,35
"S01003812",898,793,105
"S01003813",946,906,40
"S01003814",773,719,54
"S01003815",716,666,50
"S01003816",846,808,38
"S01003817",926,812,114
"S01003818",830,740,90
"S01003819",613,587,26
"S01003820",999,935,64
"S01003821",837,742,95
"S01003822",739,690,49
"S01003823",937,848,89
"S01003824",685,645,40
"S01003825",812,787,25
"S01003826",721,659,62
"S01003827",792,729,63
"S01003828",696,649,47
"S01003829",665,586,79
"S01003830",917,817,100
"S01003831",641,609,32
"S01003832",851,775,76
"S01003833",521,461,60
"S01003834",675,625,50
"S01003835",536,504,32
"S01003836",589,557,32
"S01003837",764,656,108
"S01003838",623,587,36
"S01003839",674,600,74
"S01003840",712,651,61
"S01003841",577,511,66
"S01003842",588,540,48
"S01003843",651,612,39
"S01003844",781,741,40
"S01003845",921,821,100
"S01003846",796,734,62
"S01003847",578,533,45
"S01003848",681,652,29
"S01003849",756,620,136
"S01003850",560,536,24
"S01003851",872,822,50
"S01003852",563,524,39
"S01003853",763,684,79
"S01003854",586,543,43
"S01003855",1000,888,112
"S01003856",726,667,59
"S01003857",738,703,35
"S01003858",621,572,49
"S01003859",570,544,26
"S01003860",669,555,114
"S01003861",806,770,36
"S01003862",610,527,83
"S01003863",696,656,40
"S01003864",887,827,60
"S01003865",810,751,59
"S01003866",818,755,63
"S01003867",1009,904,105
"S01003868",639,613,26
"S01003869",671,623,48
"S01003870",803,748,55
"S01003871",797,733,64
"S01003872",844,803,41
"S01003873",978,913,65
"S01003874",844,801,43
"S01003875",514,486,28
"S01003876",645,603,42
"S01003877",566,537,29
"S01003878",968,898,70
"S01003879",634,609,25
"S01003880",891,817,74
"S01003881",759,715,44
"S01003882",530,459,71
"S01003883",535,510,25
"S01003884",754,692,62
"S01003885",673,619,54
"S01003886",580,539,41
"S01003887",871,783,88
"S01003888",633,589,44
"S01003889",586,561,25
"S01003890",652,598,54
"S01003891",789,735,54
"S01003892",627,586,41
"S01003893",632,596,36
"S01003894",826,764,62
"S01003895",687,647,40
"S01003896",683,639,44
"S01003897",678,623,55
"S01003898",762,706,56
"S01003899",717,679,38
"S01003900",708,642,66
"S01003901",608,558,50
"S01003902",859,792,67
"S01003903",664,636,28
"S01003904",708,640,68
"S01003905",864,807,57
"S01003906",723,647,76
"S01003907",718,617,101
"S01003908",823,760,63
"S01003909",681,651,30
"S01003910",712,648,64
"S01003911",613,581,32
"S01003912",685,646,39
"S01003913",693,656,37
"S01003914",891,814,77
"S01003915",638,596,42
"S01003916",775,725,50
"S01003917",886,803,83
"S01003918",886,828,58
"S01003919",521,459,62
"S01003920",648,581,67
"S01003921",775,662,113
"S01003922",827,696,131
"S01003923",765,698,67
"S01003924",505,438,67
"S01003925",772,706,66
"S01003926",579,505,74
"S01003927",672,624,48
"S01003928",890,778,112
"S01003929",502,448,54
"S01003930",746,663,83
"S01003931",882,787,95
"S01003932",896,809,87
"S01003933",644,584,60
"S01003934",898,830,68
"S01003935",761,676,85
"S01003936",878,780,98
"S01003937",808,723,85
"S01003938",526,497,29
"S01003939",589,532,57
"S01003940",865,790,75
"S01003941",583,537,46
"S01003942",749,677,72
"S01003943",675,616,59
"S01003944",639,583,56
"S01003945",690,650,40
"S01003946",836,779,57
"S01003947",511,471,40
"S01003948",629,577,52
"S01003949",594,541,53
"S01003950",587,552,35
"S01003951",543,493,50
"S01003952",524,500,24
"S01003953",576,530,46
"S01003954",546,499,47
"S01003955",610,560,50
"S01003956",629,597,32
"S01003957",687,619,68
"S01003958",762,693,69
"S01003959",730,686,44
"S01003960",890,827,63
"S01003961",565,507,58
"S01003962",575,517,58
"S01003963",535,494,41
"S01003964",459,423,36
"S01003965",543,501,42
"S01003966",916,825,91
"S01003967",513,471,42
"S01003968",902,797,105
"S01003969",775,705,70
"S01003970",593,544,49
"S01003971",652,591,61
"S01003972",632,553,79
"S01003973",544,506,38
"S01003974",813,741,72
"S01003975",655,620,35
"S01003976",708,637,71
"S01003977",595,541,54
"S01003978",610,548,62
"S01003979",589,538,51
"S01003980",558,522,36
"S01003981",579,533,46
"S01003982",726,688,38
"S01003983",725,676,49
"S01003984",654,586,68
"S01003985",862,794,68
"S01003986",582,518,64
"S01003987",546,510,36
"S01003988",525,458,67
"S01003989",800,746,54
"S01003990",506,454,52
"S01003991",593,548,45
"S01003992",923,866,57
"S01003993",652,600,52
"S01003994",679,641,38
"S01003995",876,825,51
"S01003996",512,482,30
"S01003997",938,869,69
"S01003998",599,569,30
"S01003999",868,823,45
"S01004000",769,701,68
"S01004001",708,669,39
"S01004002",879,798,81
"S01004003",549,500,49
"S01004004",785,729,56
"S01004005",635,605,30
"S01004006",576,548,28
"S01004007",584,531,53
"S01004008",645,592,53
"S01004009",648,587,61
"S01004010",775,706,69
"S01004011",1115,1035,80
"S01004012",729,676,53
"S01004013",530,491,39
"S01004014",606,557,49
"S01004015",944,880,64
"S01004016",608,567,41
"S01004017",972,915,57
"S01004018",854,819,35
"S01004019",527,515,12
"S01004020",697,603,94
"S01004021",810,788,22
"S01004022",540,503,37
"S01004023",603,574,29
"S01004024",949,821,128
"S01004025",853,718,135
"S01004026",668,583,85
"S01004027",778,663,115
"S01004028",775,663,112
"S01004029",928,816,112
"S01004030",832,718,114
"S01004031",596,502,94
"S01004032",455,368,87
"S01004033",898,771,127
"S01004034",792,724,68
"S01004035",751,654,97
"S01004036",710,602,108
"S01004037",717,666,51
"S01004038",715,619,96
"S01004039",402,340,62
"S01004040",661,600,61
"S01004041",623,522,101
"S01004042",644,547,97
"S01004043",805,754,51
"S01004044",739,592,147
"S01004045",656,558,98
"S01004046",592,465,127
"S01004047",746,671,75
"S01004048",953,854,99
"S01004049",844,737,107
"S01004050",529,448,81
"S01004051",627,532,95
"S01004052",585,493,92
"S01004053",932,793,139
"S01004054",950,840,110
"S01004055",600,562,38
"S01004056",769,660,109
"S01004057",983,892,91
"S01004058",657,576,81
"S01004059",610,549,61
"S01004060",502,425,77
"S01004061",634,505,129
"S01004062",958,899,59
"S01004063",707,597,110
"S01004064",691,609,82
"S01004065",918,798,120
"S01004066",564,481,83
"S01004067",787,706,81
"S01004068",763,656,107
"S01004069",636,555,81
"S01004070",429,348,81
"S01004071",858,719,139
"S01004072",1083,958,125
"S01004073",823,699,124
"S01004074",886,768,118
"S01004075",447,354,93
"S01004076",630,552,78
"S01004077",872,816,56
"S01004078",712,639,73
"S01004079",818,726,92
"S01004080",705,578,127
"S01004081",683,655,28
"S01004082",740,703,37
"S01004083",896,742,154
"S01004084",757,595,162
"S01004085",559,483,76
"S01004086",773,610,163
"S01004087",538,470,68
"S01004088",569,511,58
"S01004089",792,697,95
"S01004090",408,351,57
"S01004091",712,659,53
"S01004092",697,630,67
"S01004093",553,436,117
"S01004094",413,307,106
"S01004095",520,490,30
"S01004096",681,651,30
"S01004097",844,734,110
"S01004098",630,568,62
"S01004099",774,728,46
"S01004100",800,720,80
"S01004101",694,642,52
"S01004102",785,749,36
"S01004103",787,717,70
"S01004104",796,771,25
"S01004105",799,726,73
"S01004106",801,739,62
"S01004107",689,636,53
"S01004108",786,711,75
"S01004109",615,595,20
"S01004110",563,518,45
"S01004111",851,771,80
"S01004112",874,794,80
"S01004113",736,685,51
"S01004114",644,548,96
"S01004115",773,676,97
"S01004116",683,619,64
"S01004117",736,669,67
"S01004118",893,738,155
"S01004119",592,527,65
"S01004120",720,681,39
"S01004121",461,436,25
"S01004122",626,594,32
"S01004123",509,471,38
"S01004124",973,929,44
"S01004125",632,574,58
"S01004126",642,581,61
"S01004127",963,936,27
"S01004128",741,705,36
"S01004129",842,798,44
"S01004130",572,536,36
"S01004131",796,705,91
"S01004132",580,534,46
"S01004133",908,840,68
"S01004134",712,683,29
"S01004135",660,574,86
"S01004136",633,589,44
"S01004137",530,512,18
"S01004138",707,622,85
"S01004139",555,502,53
"S01004140",600,560,40
"S01004141",710,657,53
"S01004142",577,549,28
"S01004143",888,820,68
"S01004144",784,686,98
"S01004145",691,637,54
"S01004146",722,688,34
"S01004147",778,698,80
"S01004148",976,933,43
"S01004149",634,551,83
"S01004150",579,558,21
"S01004151",650,613,37
"S01004152",754,667,87
"S01004153",736,646,90
"S01004154",670,622,48
"S01004155",929,805,124
"S01004156",804,709,95
"S01004157",654,622,32
"S01004158",627,579,48
"S01004159",422,381,41
"S01004160",629,577,52
"S01004161",557,517,40
"S01004162",708,669,39
"S01004163",719,645,74
"S01004164",956,880,76
"S01004165",1000,932,68
"S01004166",529,467,62
"S01004167",573,478,95
"S01004168",695,636,59
"S01004169",592,537,55
"S01004170",600,530,70
"S01004171",626,565,61
"S01004172",751,675,76
"S01004173",588,517,71
"S01004174",760,687,73
"S01004175",631,571,60
"S01004176",640,598,42
"S01004177",509,460,49
"S01004178",563,493,70
"S01004179",523,477,46
"S01004180",869,834,35
"S01004181",739,661,78
"S01004182",906,803,103
"S01004183",959,911,48
"S01004184",874,783,91
"S01004185",828,760,68
"S01004186",724,638,86
"S01004187",721,624,97
"S01004188",781,696,85
"S01004189",630,605,25
"S01004190",806,714,92
"S01004191",759,691,68
"S01004192",863,742,121
"S01004193",652,575,77
"S01004194",794,704,90
"S01004195",612,535,77
"S01004196",694,599,95
"S01004197",698,616,82
"S01004198",702,642,60
"S01004199",823,750,73
"S01004200",806,777,29
"S01004201",755,697,58
"S01004202",561,514,47
"S01004203",873,781,92
"S01004204",734,683,51
"S01004205",718,599,119
"S01004206",714,666,48
"S01004207",793,708,85
"S01004208",793,730,63
"S01004209",587,564,23
"S01004210",696,624,72
"S01004211",730,695,35
"S01004212",809,763,46
"S01004213",599,518,81
"S01004214",711,664,47
"S01004215",620,576,44
"S01004216",886,825,61
"S01004217",574,507,67
"S01004218",855,747,108
"S01004219",615,547,68
"S01004220",786,730,56
"S01004221",902,805,97
"S01004222",495,446,49
"S01004223",809,684,125
"S01004224",750,686,64
"S01004225",836,717,119
"S01004226",752,649,103
"S01004227",603,547,56
"S01004228",760,691,69
"S01004229",703,636,67
"S01004230",729,649,80
"S01004231",766,685,81
"S01004232",680,638,42
"S01004233",633,587,46
"S01004234",979,930,49
"S01004235",623,581,42
"S01004236",888,814,74
"S01004237",658,605,53
"S01004238",562,522,40
"S01004239",676,623,53
"S01004240",642,616,26
"S01004241",514,482,32
"S01004242",865,810,55
"S01004243",580,542,38
"S01004244",611,557,54
"S01004245",741,673,68
"S01004246",575,535,40
"S01004247",850,776,74
"S01004248",928,836,92
"S01004249",895,836,59
"S01004250",1014,936,78
"S01004251",910,811,99
"S01004252",552,509,43
"S01004253",557,509,48
"S01004254",729,661,68
"S01004255",695,659,36
"S01004256",565,533,32
"S01004257",531,498,33
"S01004258",709,671,38
"S01004259",609,576,33
"S01004260",563,519,44
"S01004261",861,798,63
"S01004262",751,714,37
"S01004263",759,692,67
"S01004264",703,647,56
"S01004265",921,873,48
"S01004266",536,474,62
"S01004267",515,483,32
"S01004268",655,617,38
"S01004269",796,747,49
"S01004270",537,484,53
"S01004271",578,513,65
"S01004272",646,613,33
"S01004273",712,681,31
"S01004274",796,737,59
"S01004275",585,541,44
"S01004276",700,636,64
"S01004277",794,749,45
"S01004278",916,840,76
"S01004279",929,868,61
"S01004280",998,896,102
"S01004281",583,527,56
"S01004282",989,907,82
"S01004283",738,681,57
"S01004284",960,880,80
"S01004285",886,869,17
"S01004286",759,726,33
"S01004287",646,597,49
"S01004288",735,697,38
"S01004289",613,577,36
"S01004290",700,652,48
"S01004291",827,784,43
"S01004292",774,758,16
"S01004293",817,748,69
"S01004294",774,730,44
"S01004295",850,756,94
"S01004296",815,767,48
"S01004297",629,576,53
"S01004298",997,945,52
"S01004299",548,493,55
"S01004300",550,482,68
"S01004301",634,593,41
"S01004302",762,725,37
"S01004303",606,555,51
"S01004304",938,863,75
"S01004305",660,616,44
"S01004306",576,509,67
"S01004307",830,809,21
"S01004308",990,916,74
"S01004309",870,791,79
"S01004310",810,740,70
"S01004311",783,738,45
"S01004312",705,656,49
"S01004313",966,916,50
"S01004314",771,697,74
"S01004315",557,525,32
"S01004316",535,522,13
"S01004317",884,818,66
"S01004318",618,521,97
"S01004319",872,819,53
"S01004320",918,838,80
"S01004321",785,738,47
"S01004322",976,878,98
"S01004323",648,586,62
"S01004324",849,769,80
"S01004325",996,918,78
"S01004326",804,744,60
"S01004327",700,655,45
"S01004328",667,617,50
"S01004329",524,484,40
"S01004330",992,925,67
"S01004331",569,516,53
"S01004332",575,530,45
"S01004333",531,492,39
"S01004334",1690,1638,52
"S01004335",528,475,53
"S01004336",995,909,86
"S01004337",700,636,64
"S01004338",703,654,49
"S01004339",921,858,63
"S01004340",577,517,60
"S01004341",600,550,50
"S01004342",801,778,23
"S01004343",547,506,41
"S01004344",769,694,75
"S01004345",883,815,68
"S01004346",555,510,45
"S01004347",793,726,67
"S01004348",580,535,45
"S01004349",800,749,51
"S01004350",562,506,56
"S01004351",508,452,56
"S01004352",575,528,47
"S01004353",921,851,70
"S01004354",587,539,48
"S01004355",565,514,51
"S01004356",982,891,91
"S01004357",775,746,29
"S01004358",774,716,58
"S01004359",515,458,57
"S01004360",637,547,90
"S01004361",580,508,72
"S01004362",547,445,102
"S01004363",1017,828,189
"S01004364",787,671,116
"S01004365",765,687,78
"S01004366",620,546,74
"S01004367",874,801,73
"S01004368",537,459,78
"S01004369",778,723,55
"S01004370",733,691,42
"S01004371",761,685,76
"S01004372",974,919,55
"S01004373",564,469,95
"S01004374",600,521,79
"S01004375",748,668,80
"S01004376",931,846,85
"S01004377",737,653,84
"S01004378",964,848,116
"S01004379",959,846,113
"S01004380",688,609,79
"S01004381",816,724,92
"S01004382",687,578,109
"S01004383",811,715,96
"S01004384",681,595,86
"S01004385",830,759,71
"S01004386",908,810,98
"S01004387",968,843,125
"S01004388",809,702,107
"S01004389",609,546,63
"S01004390",824,714,110
"S01004391",593,548,45
"S01004392",893,795,98
"S01004393",911,805,106
"S01004394",795,683,112
"S01004395",530,454,76
"S01004396",797,698,99
"S01004397",958,919,39
"S01004398",852,757,95
"S01004399",507,422,85
"S01004400",558,506,52
"S01004401",1099,1033,66
"S01004402",974,826,148
"S01004403",513,465,48
"S01004404",669,622,47
"S01004405",758,683,75
"S01004406",869,742,127
"S01004407",651,543,108
"S01004408",572,530,42
"S01004409",656,595,61
"S01004410",935,822,113
"S01004411",628,543,85
"S01004412",958,835,123
"S01004413",815,687,128
"S01004414",695,537,158
"S01004415",626,526,100
"S01004416",691,606,85
"S01004417",764,651,113
"S01004418",924,803,121
"S01004419",839,742,97
"S01004420",756,666,90
"S01004421",741,602,139
"S01004422",570,475,95
"S01004423",829,722,107
"S01004424",715,583,132
"S01004425",630,587,43
"S01004426",559,486,73
"S01004427",737,613,124
"S01004428",745,628,117
"S01004429",867,760,107
"S01004430",512,447,65
"S01004431",714,608,106
"S01004432",947,845,102
"S01004433",968,838,130
"S01004434",792,689,103
"S01004435",595,524,71
"S01004436",797,721,76
"S01004437",926,830,96
"S01004438",684,586,98
"S01004439",686,622,64
"S01004440",723,609,114
"S01004441",832,793,39
"S01004442",928,798,130
"S01004443",684,594,90
"S01004444",902,810,92
"S01004445",769,644,125
"S01004446",797,699,98
"S01004447",763,663,100
"S01004448",614,578,36
"S01004449",914,725,189
"S01004450",886,708,178
"S01004451",907,789,118
"S01004452",691,650,41
"S01004453",1014,968,46
"S01004454",925,826,99
"S01004455",807,726,81
"S01004456",568,540,28
"S01004457",871,756,115
"S01004458",846,759,87
"S01004459",573,486,87
"S01004460",652,622,30
"S01004461",603,551,52
"S01004462",643,621,22
"S01004463",791,709,82
"S01004464",868,756,112
"S01004465",771,722,49
"S01004466",897,813,84
"S01004467",996,903,93
"S01004468",796,750,46
"S01004469",694,626,68
"S01004470",580,549,31
"S01004471",616,574,42
"S01004472",735,680,55
"S01004473",1018,975,43
"S01004474",1015,876,139
"S01004475",501,460,41
"S01004476",721,652,69
"S01004477",904,843,61
"S01004478",635,569,66
"S01004479",650,620,30
"S01004480",984,876,108
"S01004481",569,501,68
"S01004482",922,807,115
"S01004483",706,655,51
"S01004484",993,918,75
"S01004485",510,463,47
"S01004486",938,876,62
"S01004487",952,841,111
"S01004488",708,605,103
"S01004489",848,805,43
"S01004490",708,666,42
"S01004491",817,728,89
"S01004492",976,862,114
"S01004493",1042,947,95
"S01004494",889,772,117
"S01004495",684,569,115
"S01004496",645,578,67
"S01004497",783,676,107
"S01004498",599,524,75
"S01004499",690,626,64
"S01004500",747,688,59
"S01004501",574,525,49
"S01004502",753,679,74
"S01004503",730,612,118
"S01004504",721,624,97
"S01004505",603,542,61
"S01004506",538,495,43
"S01004507",763,687,76
"S01004508",636,550,86
"S01004509",712,668,44
"S01004510",841,761,80
"S01004511",868,772,96
"S01004512",942,860,82
"S01004513",502,445,57
"S01004514",561,520,41
"S01004515",747,647,100
"S01004516",513,462,51
"S01004517",689,598,91
"S01004518",691,627,64
"S01004519",886,769,117
"S01004520",831,721,110
"S01004521",787,726,61
"S01004522",608,569,39
"S01004523",692,636,56
"S01004524",626,581,45
"S01004525",753,703,50
"S01004526",726,673,53
"S01004527",558,492,66
"S01004528",791,653,138
"S01004529",789,704,85
"S01004530",602,580,22
"S01004531",737,636,101
"S01004532",649,552,97
"S01004533",387,318,69
"S01004534",702,612,90
"S01004535",714,629,85
"S01004536",742,661,81
"S01004537",846,704,142
"S01004538",801,701,100
"S01004539",659,574,85
"S01004540",869,765,104
"S01004541",768,646,122
"S01004542",589,552,37
"S01004543",773,676,97
"S01004544",997,855,142
"S01004545",687,589,98
"S01004546",966,815,151
"S01004547",860,723,137
"S01004548",785,655,130
"S01004549",845,688,157
"S01004550",702,582,120
"S01004551",944,841,103
"S01004552",733,605,128
"S01004553",535,482,53
"S01004554",637,580,57
"S01004555",745,660,85
"S01004556",674,576,98
"S01004557",432,396,36
"S01004558",959,801,158
"S01004559",1021,885,136
"S01004560",626,548,78
"S01004561",1044,892,152
"S01004562",520,444,76
"S01004563",809,713,96
"S01004564",567,528,39
"S01004565",707,672,35
"S01004566",733,699,34
"S01004567",506,417,89
"S01004568",669,583,86
"S01004569",700,573,127
"S01004570",696,651,45
"S01004571",660,602,58
"S01004572",739,663,76
"S01004573",617,542,75
"S01004574",505,477,28
"S01004575",719,633,86
"S01004576",618,586,32
"S01004577",575,515,60
"S01004578",941,881,60
"S01004579",656,533,123
"S01004580",877,770,107
"S01004581",1091,938,153
"S01004582",588,541,47
"S01004583",778,638,140
"S01004584",590,496,94
"S01004585",610,504,106
"S01004586",1118,1017,101
"S01004587",906,688,218
"S01004588",637,564,73
"S01004589",752,697,55
"S01004590",701,629,72
"S01004591",604,521,83
"S01004592",652,545,107
"S01004593",858,762,96
"S01004594",567,478,89
"S01004595",938,888,50
"S01004596",656,531,125
"S01004597",567,542,25
"S01004598",687,586,101
"S01004599",575,451,124
"S01004600",889,760,129
"S01004601",861,753,108
"S01004602",971,897,74
"S01004603",906,765,141
"S01004604",561,487,74
"S01004605",1025,862,163
"S01004606",736,627,109
"S01004607",625,559,66
"S01004608",646,549,97
"S01004609",589,502,87
"S01004610",752,636,116
"S01004611",1251,1011,240
"S01004612",770,673,97
"S01004613",874,802,72
"S01004614",826,735,91
"S01004615",814,718,96
"S01004616",889,810,79
"S01004617",767,684,83
"S01004618",658,553,105
"S01004619",583,475,108
"S01004620",800,695,105
"S01004621",997,893,104
"S01004622",818,732,86
"S01004623",979,848,131
"S01004624",1048,884,164
"S01004625",866,743,123
"S01004626",650,572,78
"S01004627",586,530,56
"S01004628",596,487,109
"S01004629",989,915,74
"S01004630",952,845,107
"S01004631",801,677,124
"S01004632",981,866,115
"S01004633",530,476,54
"S01004634",1069,996,73
"S01004635",735,596,139
"S01004636",668,546,122
"S01004637",545,467,78
"S01004638",605,513,92
"S01004639",713,578,135
"S01004640",796,686,110
"S01004641",656,593,63
"S01004642",907,783,124
"S01004643",562,501,61
"S01004644",740,635,105
"S01004645",1004,853,151
"S01004646",775,645,130
"S01004647",1544,1333,211
"S01004648",975,819,156
"S01004649",615,558,57
"S01004650",856,749,107
"S01004651",957,820,137
"S01004652",911,822,89
"S01004653",653,569,84
"S01004654",861,774,87
"S01004655",862,732,130
"S01004656",560,462,98
"S01004657",759,688,71
"S01004658",949,860,89
"S01004659",517,440,77
"S01004660",757,725,32
"S01004661",707,598,109
"S01004662",978,804,174
"S01004663",561,499,62
"S01004664",654,546,108
"S01004665",753,628,125
"S01004666",788,693,95
"S01004667",704,602,102
"S01004668",883,801,82
"S01004669",787,647,140
"S01004670",877,732,145
"S01004671",920,819,101
"S01004672",671,572,99
"S01004673",918,797,121
"S01004674",854,728,126
"S01004675",855,778,77
"S01004676",778,659,119
"S01004677",820,693,127
"S01004678",805,694,111
"S01004679",495,425,70
"S01004680",866,706,160
"S01004681",747,683,64
"S01004682",574,482,92
"S01004683",719,692,27
"S01004684",750,654,96
"S01004685",539,460,79
"S01004686",747,601,146
"S01004687",813,662,151
"S01004688",723,679,44
"S01004689",998,883,115
"S01004690",540,517,23
"S01004691",812,765,47
"S01004692",697,560,137
"S01004693",815,753,62
"S01004694",627,527,100
"S01004695",793,749,44
"S01004696",872,757,115
"S01004697",881,808,73
"S01004698",605,587,18
"S01004699",813,674,139
"S01004700",753,628,125
"S01004701",572,553,19
"S01004702",591,513,78
"S01004703",785,722,63
"S01004704",636,567,69
"S01004705",938,862,76
"S01004706",558,526,32
"S01004707",1012,869,143
"S01004708",739,641,98
"S01004709",745,691,54
"S01004710",861,728,133
"S01004711",810,704,106
"S01004712",570,485,85
"S01004713",736,605,131
"S01004714",734,642,92
"S01004715",807,655,152
"S01004716",894,752,142
"S01004717",747,647,100
"S01004718",972,820,152
"S01004719",726,607,119
"S01004720",708,604,104
"S01004721",622,582,40
"S01004722",705,623,82
"S01004723",582,535,47
"S01004724",938,743,195
"S01004725",619,574,45
"S01004726",564,489,75
"S01004727",872,711,161
"S01004728",637,597,40
"S01004729",657,535,122
"S01004730",1063,907,156
"S01004731",825,724,101
"S01004732",622,574,48
"S01004733",818,672,146
"S01004734",544,444,100
"S01004735",900,758,142
"S01004736",720,595,125
"S01004737",745,610,135
"S01004738",659,501,158
"S01004739",750,694,56
"S01004740",671,620,51
"S01004741",629,525,104
"S01004742",942,806,136
"S01004743",901,851,50
"S01004744",640,548,92
"S01004745",822,650,172
"S01004746",795,656,139
"S01004747",785,739,46
"S01004748",610,539,71
"S01004749",667,575,92
"S01004750",719,601,118
"S01004751",824,669,155
"S01004752",796,704,92
"S01004753",675,581,94
"S01004754",683,610,73
"S01004755",705,590,115
"S01004756",603,524,79
"S01004757",920,793,127
"S01004758",960,807,153
"S01004759",609,576,33
"S01004760",732,614,118
"S01004761",552,457,95
"S01004762",664,557,107
"S01004763",859,813,46
"S01004764",767,667,100
"S01004765",982,773,209
"S01004766",770,654,116
"S01004767",691,573,118
"S01004768",991,831,160
"S01004769",568,504,64
"S01004770",548,456,92
"S01004771",779,657,122
"S01004772",609,523,86
"S01004773",797,669,128
"S01004774",987,924,63
"S01004775",790,606,184
"S01004776",801,731,70
"S01004777",619,599,20
"S01004778",727,618,109
"S01004779",780,664,116
"S01004780",532,453,79
"S01004781",824,708,116
"S01004782",776,649,127
"S01004783",978,885,93
"S01004784",769,626,143
"S01004785",625,526,99
"S01004786",502,438,64
"S01004787",1054,940,114
"S01004788",797,710,87
"S01004789",999,823,176
"S01004790",748,698,50
"S01004791",605,572,33
"S01004792",677,615,62
"S01004793",912,860,52
"S01004794",705,594,111
"S01004795",971,844,127
"S01004796",769,674,95
"S01004797",723,625,98
"S01004798",885,729,156
"S01004799",612,526,86
"S01004800",632,519,113
"S01004801",717,604,113
"S01004802",891,769,122
"S01004803",853,739,114
"S01004804",926,775,151
"S01004805",676,565,111
"S01004806",530,440,90
"S01004807",536,435,101
"S01004808",744,628,116
"S01004809",487,421,66
"S01004810",676,574,102
"S01004811",638,546,92
"S01004812",851,718,133
"S01004813",903,767,136
"S01004814",900,774,126
"S01004815",728,642,86
"S01004816",795,644,151
"S01004817",544,434,110
"S01004818",843,725,118
"S01004819",698,557,141
"S01004820",1090,885,205
"S01004821",984,873,111
"S01004822",717,591,126
"S01004823",811,674,137
"S01004824",785,722,63
"S01004825",634,522,112
"S01004826",742,630,112
"S01004827",697,584,113
"S01004828",1000,896,104
"S01004829",783,666,117
"S01004830",710,573,137
"S01004831",866,784,82
"S01004832",638,544,94
"S01004833",823,707,116
"S01004834",791,668,123
"S01004835",713,631,82
"S01004836",718,670,48
"S01004837",834,730,104
"S01004838",967,859,108
"S01004839",914,793,121
"S01004840",698,593,105
"S01004841",850,729,121
"S01004842",561,516,45
"S01004843",715,630,85
"S01004844",879,758,121
"S01004845",781,655,126
"S01004846",745,660,85
"S01004847",894,834,60
"S01004848",688,635,53
"S01004849",576,468,108
"S01004850",820,717,103
"S01004851",620,520,100
"S01004852",730,592,138
"S01004853",738,653,85
"S01004854",984,898,86
"S01004855",645,554,91
"S01004856",697,613,84
"S01004857",929,821,108
"S01004858",931,812,119
"S01004859",985,935,50
"S01004860",501,468,33
"S01004861",824,744,80
"S01004862",691,662,29
"S01004863",986,887,99
"S01004864",587,551,36
"S01004865",686,568,118
"S01004866",954,831,123
"S01004867",800,726,74
"S01004868",766,636,130
"S01004869",900,851,49
"S01004870",936,840,96
"S01004871",779,701,78
"S01004872",863,750,113
"S01004873",791,708,83
"S01004874",863,776,87
"S01004875",775,706,69
"S01004876",1018,905,113
"S01004877",760,661,99
"S01004878",746,673,73
"S01004879",711,618,93
"S01004880",718,645,73
"S01004881",795,717,78
"S01004882",525,455,70
"S01004883",787,745,42
"S01004884",577,551,26
"S01004885",616,546,70
"S01004886",869,773,96
"S01004887",428,374,54
"S01004888",640,625,15
"S01004889",922,814,108
"S01004890",752,672,80
"S01004891",963,814,149
"S01004892",771,728,43
"S01004893",757,631,126
"S01004894",756,627,129
"S01004895",864,746,118
"S01004896",958,829,129
"S01004897",595,563,32
"S01004898",1038,936,102
"S01004899",722,647,75
"S01004900",730,688,42
"S01004901",785,711,74
"S01004902",767,660,107
"S01004903",650,612,38
"S01004904",1061,850,211
"S01004905",1072,968,104
"S01004906",835,739,96
"S01004907",734,670,64
"S01004908",710,632,78
"S01004909",880,806,74
"S01004910",870,757,113
"S01004911",792,745,47
"S01004912",748,633,115
"S01004913",658,564,94
"S01004914",663,613,50
"S01004915",618,503,115
"S01004916",783,674,109
"S01004917",566,547,19
"S01004918",586,553,33
"S01004919",536,455,81
"S01004920",966,849,117
"S01004921",721,650,71
"S01004922",701,673,28
"S01004923",837,773,64
"S01004924",868,761,107
"S01004925",551,488,63
"S01004926",950,905,45
"S01004927",995,939,56
"S01004928",634,608,26
"S01004929",705,657,48
"S01004930",642,536,106
"S01004931",900,757,143
"S01004932",762,655,107
"S01004933",905,815,90
"S01004934",680,595,85
"S01004935",621,575,46
"S01004936",907,743,164
"S01004937",529,443,86
"S01004938",771,680,91
"S01004939",605,523,82
"S01004940",547,496,51
"S01004941",651,571,80
"S01004942",1008,940,68
"S01004943",870,786,84
"S01004944",521,456,65
"S01004945",611,526,85
"S01004946",604,576,28
"S01004947",693,661,32
"S01004948",533,496,37
"S01004949",566,531,35
"S01004950",509,478,31
"S01004951",656,616,40
"S01004952",926,878,48
"S01004953",877,814,63
"S01004954",785,730,55
"S01004955",670,622,48
"S01004956",678,639,39
"S01004957",645,619,26
"S01004958",909,806,103
"S01004959",592,549,43
"S01004960",582,544,38
"S01004961",637,602,35
"S01004962",570,547,23
"S01004963",559,515,44
"S01004964",989,941,48
"S01004965",827,772,55
"S01004966",779,730,49
"S01004967",555,523,32
"S01004968",567,517,50
"S01004969",906,821,85
"S01004970",749,708,41
"S01004971",935,857,78
"S01004972",749,691,58
"S01004973",869,807,62
"S01004974",878,828,50
"S01004975",741,703,38
"S01004976",756,683,73
"S01004977",983,886,97
"S01004978",976,934,42
"S01004979",915,874,41
"S01004980",1051,1002,49
"S01004981",951,897,54
"S01004982",710,655,55
"S01004983",911,842,69
"S01004984",776,736,40
"S01004985",718,676,42
"S01004986",646,616,30
"S01004987",517,497,20
"S01004988",539,512,27
"S01004989",633,606,27
"S01004990",509,476,33
"S01004991",565,526,39
"S01004992",874,804,70
"S01004993",673,636,37
"S01004994",811,768,43
"S01004995",931,862,69
"S01004996",656,625,31
"S01004997",881,815,66
"S01004998",803,748,55
"S01004999",822,757,65
"S01005000",569,529,40
"S01005001",1040,1001,39
"S01005002",790,730,60
"S01005003",882,838,44
"S01005004",589,552,37
"S01005005",954,859,95
"S01005006",573,520,53
"S01005007",852,771,81
"S01005008",1319,1267,52
"S01005009",642,592,50
"S01005010",594,534,60
"S01005011",570,504,66
"S01005012",704,645,59
"S01005013",676,624,52
"S01005014",833,767,66
"S01005015",648,602,46
"S01005016",733,667,66
"S01005017",721,681,40
"S01005018",617,576,41
"S01005019",1020,891,129
"S01005020",917,831,86
"S01005021",964,904,60
"S01005022",673,617,56
"S01005023",596,551,45
"S01005024",932,831,101
"S01005025",672,619,53
"S01005026",577,544,33
"S01005027",702,657,45
"S01005028",571,539,32
"S01005029",940,895,45
"S01005030",993,942,51
"S01005031",656,588,68
"S01005032",873,807,66
"S01005033",711,677,34
"S01005034",832,786,46
"S01005035",911,849,62
"S01005036",549,519,30
"S01005037",965,845,120
"S01005038",898,814,84
"S01005039",1078,988,90
"S01005040",860,744,116
"S01005041",558,495,63
"S01005042",840,795,45
"S01005043",753,686,67
"S01005044",907,839,68
"S01005045",896,865,31
"S01005046",1038,964,74
"S01005047",916,800,116
"S01005048",604,522,82
"S01005049",706,635,71
"S01005050",949,866,83
"S01005051",889,857,32
"S01005052",663,632,31
"S01005053",893,812,81
"S01005054",599,536,63
"S01005055",790,703,87
"S01005056",740,669,71
"S01005057",754,668,86
"S01005058",699,628,71
"S01005059",540,499,41
"S01005060",725,649,76
"S01005061",961,885,76
"S01005062",495,465,30
"S01005063",544,523,21
"S01005064",792,741,51
"S01005065",860,759,101
"S01005066",793,703,90
"S01005067",488,451,37
"S01005068",702,637,65
"S01005069",614,542,72
"S01005070",853,784,69
"S01005071",296,269,27
"S01005072",602,551,51
"S01005073",638,597,41
"S01005074",769,721,48
"S01005075",504,458,46
"S01005076",765,689,76
"S01005077",693,674,19
"S01005078",730,664,66
"S01005079",685,626,59
"S01005080",449,405,44
"S01005081",661,598,63
"S01005082",696,658,38
"S01005083",935,842,93
"S01005084",621,553,68
"S01005085",568,519,49
"S01005086",732,664,68
"S01005087",508,457,51
"S01005088",594,527,67
"S01005089",817,729,88
"S01005090",863,805,58
"S01005091",696,656,40
"S01005092",668,621,47
"S01005093",785,714,71
"S01005094",519,495,24
"S01005095",988,932,56
"S01005096",607,574,33
"S01005097",753,699,54
"S01005098",605,555,50
"S01005099",834,769,65
"S01005100",593,554,39
"S01005101",825,763,62
"S01005102",973,912,61
"S01005103",999,942,57
"S01005104",1039,1006,33
"S01005105",878,820,58
"S01005106",559,507,52
"S01005107",463,436,27
"S01005108",569,534,35
"S01005109",912,854,58
"S01005110",999,942,57
"S01005111",527,490,37
"S01005112",880,840,40
"S01005113",1043,944,99
"S01005114",939,862,77
"S01005115",889,825,64
"S01005116",647,603,44
"S01005117",682,633,49
"S01005118",762,692,70
"S01005119",669,609,60
"S01005120",650,574,76
"S01005121",784,738,46
"S01005122",773,725,48
"S01005123",746,692,54
"S01005124",750,681,69
"S01005125",790,690,100
"S01005126",559,517,42
"S01005127",633,559,74
"S01005128",834,779,55
"S01005129",873,812,61
"S01005130",651,575,76
"S01005131",853,804,49
"S01005132",699,637,62
"S01005133",389,370,19
"S01005134",969,885,84
"S01005135",674,625,49
"S01005136",814,748,66
"S01005137",862,810,52
"S01005138",1079,999,80
"S01005139",657,625,32
"S01005140",703,674,29
"S01005141",858,800,58
"S01005142",636,587,49
"S01005143",993,905,88
"S01005144",1036,973,63
"S01005145",793,735,58
"S01005146",651,608,43
"S01005147",925,878,47
"S01005148",600,548,52
"S01005149",600,536,64
"S01005150",641,576,65
"S01005151",725,632,93
"S01005152",738,664,74
"S01005153",756,713,43
"S01005154",605,571,34
"S01005155",746,680,66
"S01005156",719,621,98
"S01005157",913,774,139
"S01005158",757,686,71
"S01005159",940,831,109
"S01005160",1023,888,135
"S01005161",953,893,60
"S01005162",973,842,131
"S01005163",581,488,93
"S01005164",924,807,117
"S01005165",765,685,80
"S01005166",1040,909,131
"S01005167",722,646,76
"S01005168",687,649,38
"S01005169",619,577,42
"S01005170",837,793,44
"S01005171",993,825,168
"S01005172",1198,934,264
"S01005173",705,652,53
"S01005174",769,662,107
"S01005175",690,658,32
"S01005176",684,587,97
"S01005177",948,839,109
"S01005178",857,729,128
"S01005179",979,913,66
"S01005180",910,870,40
"S01005181",907,863,44
"S01005182",722,609,113
"S01005183",938,811,127
"S01005184",825,701,124
"S01005185",533,467,66
"S01005186",747,621,126
"S01005187",945,803,142
"S01005188",990,935,55
"S01005189",851,694,157
"S01005190",930,870,60
"S01005191",880,756,124
"S01005192",788,739,49
"S01005193",889,811,78
"S01005194",593,529,64
"S01005195",1007,957,50
"S01005196",804,703,101
"S01005197",768,642,126
"S01005198",920,860,60
"S01005199",908,799,109
"S01005200",632,605,27
"S01005201",873,780,93
"S01005202",905,766,139
"S01005203",815,727,88
"S01005204",551,533,18
"S01005205",883,852,31
"S01005206",932,873,59
"S01005207",954,750,204
"S01005208",543,462,81
"S01005209",801,690,111
"S01005210",961,784,177
"S01005211",723,591,132
"S01005212",588,541,47
"S01005213",943,860,83
"S01005214",778,677,101
"S01005215",899,759,140
"S01005216",593,523,70
"S01005217",835,784,51
"S01005218",888,707,181
"S01005219",857,702,155
"S01005220",674,608,66
"S01005221",789,645,144
"S01005222",696,617,79
"S01005223",735,645,90
"S01005224",780,755,25
"S01005225",922,851,71
"S01005226",553,504,49
"S01005227",844,737,107
"S01005228",1299,1149,150
"S01005229",852,738,114
"S01005230",789,707,82
"S01005231",751,719,32
"S01005232",911,748,163
"S01005233",600,502,98
"S01005234",1014,915,99
"S01005235",578,521,57
"S01005236",945,837,108
"S01005237",961,898,63
"S01005238",822,732,90
"S01005239",921,783,138
"S01005240",837,698,139
"S01005241",950,880,70
"S01005242",842,702,140
"S01005243",750,619,131
"S01005244",958,914,44
"S01005245",671,607,64
"S01005246",945,795,150
"S01005247",735,633,102
"S01005248",574,493,81
"S01005249",728,648,80
"S01005250",795,711,84
"S01005251",935,836,99
"S01005252",548,483,65
"S01005253",555,531,24
"S01005254",789,702,87
"S01005255",557,436,121
"S01005256",721,681,40
"S01005257",958,848,110
"S01005258",1035,962,73
"S01005259",653,578,75
"S01005260",645,527,118
"S01005261",519,442,77
"S01005262",1008,885,123
"S01005263",517,451,66
"S01005264",733,600,133
"S01005265",437,378,59
"S01005266",860,722,138
"S01005267",929,806,123
"S01005268",899,751,148
"S01005269",711,606,105
"S01005270",1059,981,78
"S01005271",594,563,31
"S01005272",660,543,117
"S01005273",809,712,97
"S01005274",733,610,123
"S01005275",487,417,70
"S01005276",660,573,87
"S01005277",655,600,55
"S01005278",840,725,115
"S01005279",546,500,46
"S01005280",762,639,123
"S01005281",890,801,89
"S01005282",764,658,106
"S01005283",813,783,30
"S01005284",681,562,119
"S01005285",696,627,69
"S01005286",743,713,30
"S01005287",862,769,93
"S01005288",886,741,145
"S01005289",778,697,81
"S01005290",594,522,72
"S01005291",672,622,50
"S01005292",708,597,111
"S01005293",848,720,128
"S01005294",574,550,24
"S01005295",602,525,77
"S01005296",890,859,31
"S01005297",703,650,53
"S01005298",1069,1017,52
"S01005299",578,551,27
"S01005300",949,893,56
"S01005301",891,856,35
"S01005302",1014,888,126
"S01005303",763,674,89
"S01005304",726,680,46
"S01005305",826,720,106
"S01005306",1021,980,41
"S01005307",919,879,40
"S01005308",529,453,76
"S01005309",945,826,119
"S01005310",1010,869,141
"S01005311",940,883,57
"S01005312",642,603,39
"S01005313",918,856,62
"S01005314",543,507,36
"S01005315",646,527,119
"S01005316",900,832,68
"S01005317",569,535,34
"S01005318",567,490,77
"S01005319",691,650,41
"S01005320",677,612,65
"S01005321",644,559,85
"S01005322",806,750,56
"S01005323",707,613,94
"S01005324",727,628,99
"S01005325",815,713,102
"S01005326",961,829,132
"S01005327",649,583,66
"S01005328",625,522,103
"S01005329",551,508,43
"S01005330",700,595,105
"S01005331",738,609,129
"S01005332",553,484,69
"S01005333",820,767,53
"S01005334",678,623,55
"S01005335",549,510,39
"S01005336",614,550,64
"S01005337",966,915,51
"S01005338",580,561,19
"S01005339",763,673,90
"S01005340",589,552,37
"S01005341",699,626,73
"S01005342",777,683,94
"S01005343",970,914,56
"S01005344",775,668,107
"S01005345",774,740,34
"S01005346",840,813,27
"S01005347",740,694,46
"S01005348",892,809,83
"S01005349",889,820,69
"S01005350",766,743,23
"S01005351",985,834,151
"S01005352",912,802,110
"S01005353",1024,875,149
"S01005354",966,926,40
"S01005355",750,645,105
"S01005356",735,693,42
"S01005357",745,665,80
"S01005358",871,779,92
"S01005359",930,892,38
"S01005360",889,852,37
"S01005361",903,868,35
"S01005362",667,590,77
"S01005363",687,656,31
"S01005364",934,855,79
"S01005365",681,606,75
"S01005366",759,715,44
"S01005367",817,716,101
"S01005368",747,649,98
"S01005369",988,871,117
"S01005370",870,792,78
"S01005371",991,938,53
"S01005372",813,740,73
"S01005373",701,626,75
"S01005374",875,798,77
"S01005375",992,906,86
"S01005376",956,889,67
"S01005377",900,824,76
"S01005378",778,704,74
"S01005379",973,888,85
"S01005380",693,607,86
"S01005381",682,612,70
"S01005382",762,678,84
"S01005383",669,645,24
"S01005384",823,777,46
"S01005385",778,742,36
"S01005386",608,568,40
"S01005387",960,907,53
"S01005388",756,695,61
"S01005389",740,678,62
"S01005390",846,791,55
"S01005391",737,684,53
"S01005392",885,842,43
"S01005393",883,834,49
"S01005394",841,794,47
"S01005395",859,813,46
"S01005396",660,621,39
"S01005397",591,543,48
"S01005398",974,929,45
"S01005399",969,867,102
"S01005400",990,886,104
"S01005401",950,864,86
"S01005402",924,855,69
"S01005403",935,868,67
"S01005404",854,761,93
"S01005405",537,498,39
"S01005406",549,508,41
"S01005407",943,871,72
"S01005408",555,515,40
"S01005409",644,599,45
"S01005410",737,701,36
"S01005411",903,867,36
"S01005412",927,872,55
"S01005413",841,778,63
"S01005414",963,903,60
"S01005415",770,716,54
"S01005416",964,843,121
"S01005417",767,711,56
"S01005418",801,744,57
"S01005419",712,670,42
"S01005420",836,786,50
"S01005421",941,864,77
"S01005422",927,847,80
"S01005423",978,937,41
"S01005424",828,753,75
"S01005425",903,786,117
"S01005426",760,704,56
"S01005427",782,704,78
"S01005428",953,869,84
"S01005429",698,623,75
"S01005430",639,596,43
"S01005431",747,684,63
"S01005432",790,725,65
"S01005433",858,794,64
"S01005434",655,601,54
"S01005435",812,737,75
"S01005436",897,837,60
"S01005437",909,851,58
"S01005438",857,790,67
"S01005439",647,585,62
"S01005440",943,898,45
"S01005441",892,821,71
"S01005442",878,837,41
"S01005443",917,838,79
"S01005444",908,852,56
"S01005445",928,882,46
"S01005446",783,717,66
"S01005447",835,794,41
"S01005448",952,902,50
"S01005449",856,798,58
"S01005450",908,804,104
"S01005451",999,912,87
"S01005452",912,866,46
"S01005453",905,849,56
"S01005454",780,711,69
"S01005455",896,811,85
"S01005456",864,818,46
"S01005457",945,866,79
"S01005458",828,762,66
"S01005459",845,804,41
"S01005460",791,745,46
"S01005461",762,709,53
"S01005462",967,916,51
"S01005463",548,509,39
"S01005464",579,513,66
"S01005465",565,528,37
"S01005466",864,829,35
"S01005467",516,485,31
"S01005468",913,835,78
"S01005469",835,766,69
"S01005470",688,651,37
"S01005471",771,737,34
"S01005472",817,777,40
"S01005473",728,676,52
"S01005474",860,779,81
"S01005475",792,728,64
"S01005476",910,889,21
"S01005477",898,834,64
"S01005478",836,776,60
"S01005479",558,513,45
"S01005480",778,716,62
"S01005481",646,607,39
"S01005482",609,579,30
"S01005483",713,629,84
"S01005484",557,514,43
"S01005485",796,741,55
"S01005486",856,765,91
"S01005487",624,564,60
"S01005488",891,818,73
"S01005489",927,857,70
"S01005490",600,545,55
"S01005491",935,832,103
"S01005492",948,874,74
"S01005493",683,636,47
"S01005494",683,641,42
"S01005495",658,618,40
"S01005496",983,918,65
"S01005497",590,573,17
"S01005498",869,785,84
"S01005499",738,692,46
"S01005500",781,739,42
"S01005501",801,759,42
"S01005502",859,787,72
"S01005503",594,540,54
"S01005504",610,577,33
"S01005505",655,610,45
"S01005506",879,769,110
"S01005507",533,483,50
"S01005508",765,718,47
"S01005509",508,493,15
"S01005510",610,584,26
"S01005511",577,545,32
"S01005512",660,619,41
"S01005513",722,679,43
"S01005514",570,542,28
"S01005515",590,562,28
"S01005516",520,495,25
"S01005517",920,859,61
"S01005518",974,918,56
"S01005519",681,618,63
"S01005520",957,869,88
"S01005521",806,754,52
"S01005522",628,569,59
"S01005523",879,787,92
"S01005524",754,690,64
"S01005525",753,697,56
"S01005526",718,645,73
"S01005527",525,460,65
"S01005528",498,420,78
"S01005529",861,767,94
"S01005530",660,559,101
"S01005531",576,508,68
"S01005532",877,768,109
"S01005533",785,697,88
"S01005534",658,588,70
"S01005535",845,768,77
"S01005536",925,853,72
"S01005537",726,651,75
"S01005538",885,832,53
"S01005539",908,815,93
"S01005540",799,711,88
"S01005541",663,581,82
"S01005542",732,664,68
"S01005543",797,693,104
"S01005544",728,652,76
"S01005545",851,797,54
"S01005546",683,627,56
"S01005547",697,643,54
"S01005548",1003,885,118
"S01005549",980,910,70
"S01005550",627,603,24
"S01005551",902,836,66
"S01005552",848,793,55
"S01005553",831,793,38
"S01005554",726,690,36
"S01005555",714,659,55
"S01005556",540,505,35
"S01005557",796,716,80
"S01005558",747,692,55
"S01005559",698,637,61
"S01005560",662,607,55
"S01005561",872,816,56
"S01005562",927,830,97
"S01005563",782,683,99
"S01005564",804,761,43
"S01005565",596,561,35
"S01005566",543,481,62
"S01005567",994,859,135
"S01005568",573,523,50
"S01005569",720,672,48
"S01005570",797,716,81
"S01005571",733,704,29
"S01005572",827,773,54
"S01005573",711,634,77
"S01005574",836,751,85
"S01005575",750,704,46
"S01005576",796,724,72
"S01005577",864,761,103
"S01005578",962,853,109
"S01005579",809,752,57
"S01005580",662,520,142
"S01005581",743,650,93
"S01005582",799,731,68
"S01005583",610,554,56
"S01005584",576,546,30
"S01005585",755,649,106
"S01005586",715,634,81
"S01005587",1037,932,105
"S01005588",697,591,106
"S01005589",814,736,78
"S01005590",790,671,119
"S01005591",914,788,126
"S01005592",502,424,78
"S01005593",893,787,106
"S01005594",827,695,132
"S01005595",838,737,101
"S01005596",539,462,77
"S01005597",972,827,145
"S01005598",940,803,137
"S01005599",500,425,75
"S01005600",720,618,102
"S01005601",710,608,102
"S01005602",729,619,110
"S01005603",550,502,48
"S01005604",559,509,50
"S01005605",977,846,131
"S01005606",620,539,81
"S01005607",626,573,53
"S01005608",907,842,65
"S01005609",777,708,69
"S01005610",581,532,49
"S01005611",725,640,85
"S01005612",766,743,23
"S01005613",742,655,87
"S01005614",793,682,111
"S01005615",963,851,112
"S01005616",658,604,54
"S01005617",875,788,87
"S01005618",622,523,99
"S01005619",605,576,29
"S01005620",480,417,63
"S01005621",725,669,56
"S01005622",924,844,80
"S01005623",830,722,108
"S01005624",891,851,40
"S01005625",887,817,70
"S01005626",839,751,88
"S01005627",692,628,64
"S01005628",940,823,117
"S01005629",781,737,44
"S01005630",542,488,54
"S01005631",758,686,72
"S01005632",509,453,56
"S01005633",735,641,94
"S01005634",796,742,54
"S01005635",862,799,63
"S01005636",858,787,71
"S01005637",996,901,95
"S01005638",848,758,90
"S01005639",768,684,84
"S01005640",536,487,49
"S01005641",869,805,64
"S01005642",712,653,59
"S01005643",628,585,43
"S01005644",610,574,36
"S01005645",838,786,52
"S01005646",802,710,92
"S01005647",748,684,64
"S01005648",871,803,68
"S01005649",920,830,90
"S01005650",628,563,65
"S01005651",760,684,76
"S01005652",717,673,44
"S01005653",900,799,101
"S01005654",761,690,71
"S01005655",883,816,67
"S01005656",613,513,100
"S01005657",608,555,53
"S01005658",886,842,44
"S01005659",889,844,45
"S01005660",647,579,68
"S01005661",639,601,38
"S01005662",621,593,28
"S01005663",663,620,43
"S01005664",592,574,18
"S01005665",512,490,22
"S01005666",913,776,137
"S01005667",778,706,72
"S01005668",842,779,63
"S01005669",615,547,68
"S01005670",683,601,82
"S01005671",516,478,38
"S01005672",856,770,86
"S01005673",643,600,43
"S01005674",941,844,97
"S01005675",929,774,155
"S01005676",876,757,119
"S01005677",842,787,55
"S01005678",848,790,58
"S01005679",880,790,90
"S01005680",730,661,69
"S01005681",879,802,77
"S01005682",656,593,63
"S01005683",881,778,103
"S01005684",923,804,119
"S01005685",667,631,36
"S01005686",715,639,76
"S01005687",551,511,40
"S01005688",812,756,56
"S01005689",505,476,29
"S01005690",751,703,48
"S01005691",622,584,38
"S01005692",667,618,49
"S01005693",887,820,67
"S01005694",598,502,96
"S01005695",564,509,55
"S01005696",691,621,70
"S01005697",640,542,98
"S01005698",578,524,54
"S01005699",799,713,86
"S01005700",582,542,40
"S01005701",732,625,107
"S01005702",683,583,100
"S01005703",629,586,43
"S01005704",620,529,91
"S01005705",625,574,51
"S01005706",772,727,45
"S01005707",563,500,63
"S01005708",721,634,87
"S01005709",812,721,91
"S01005710",426,392,34
"S01005711",867,809,58
"S01005712",566,506,60
"S01005713",651,603,48
"S01005714",782,710,72
"S01005715",795,700,95
"S01005716",600,565,35
"S01005717",563,534,29
"S01005718",794,710,84
"S01005719",556,523,33
"S01005720",719,683,36
"S01005721",792,696,96
"S01005722",542,497,45
"S01005723",697,632,65
"S01005724",715,682,33
"S01005725",638,583,55
"S01005726",902,819,83
"S01005727",572,517,55
"S01005728",828,751,77
"S01005729",623,541,82
"S01005730",743,654,89
"S01005731",575,488,87
"S01005732",889,799,90
"S01005733",771,724,47
"S01005734",674,621,53
"S01005735",824,778,46
"S01005736",767,666,101
"S01005737",787,712,75
"S01005738",875,767,108
"S01005739",1000,870,130
"S01005740",732,682,50
"S01005741",996,897,99
"S01005742",711,613,98
"S01005743",668,641,27
"S01005744",873,738,135
"S01005745",978,820,158
"S01005746",903,840,63
"S01005747",894,820,74
"S01005748",451,356,95
"S01005749",857,796,61
"S01005750",843,750,93
"S01005751",817,711,106
"S01005752",810,685,125
"S01005753",731,658,73
"S01005754",966,867,99
"S01005755",834,674,160
"S01005756",884,781,103
"S01005757",622,515,107
"S01005758",853,769,84
"S01005759",828,698,130
"S01005760",636,588,48
"S01005761",682,625,57
"S01005762",781,638,143
"S01005763",790,739,51
"S01005764",611,524,87
"S01005765",873,744,129
"S01005766",644,587,57
"S01005767",728,702,26
"S01005768",900,775,125
"S01005769",786,666,120
"S01005770",642,534,108
"S01005771",817,758,59
"S01005772",716,655,61
"S01005773",860,811,49
"S01005774",719,655,64
"S01005775",861,736,125
"S01005776",713,640,73
"S01005777",600,538,62
"S01005778",699,594,105
"S01005779",716,663,53
"S01005780",683,647,36
"S01005781",868,757,111
"S01005782",802,660,142
"S01005783",576,538,38
"S01005784",509,485,24
"S01005785",826,781,45
"S01005786",661,594,67
"S01005787",765,723,42
"S01005788",537,433,104
"S01005789",931,840,91
"S01005790",655,608,47
"S01005791",507,460,47
"S01005792",918,843,75
"S01005793",550,500,50
"S01005794",972,882,90
"S01005795",726,640,86
"S01005796",494,447,47
"S01005797",799,767,32
"S01005798",663,569,94
"S01005799",791,692,99
"S01005800",694,619,75
"S01005801",787,738,49
"S01005802",667,607,60
"S01005803",667,594,73
"S01005804",626,549,77
"S01005805",627,592,35
"S01005806",698,592,106
"S01005807",948,834,114
"S01005808",808,731,77
"S01005809",587,541,46
"S01005810",522,462,60
"S01005811",612,546,66
"S01005812",660,633,27
"S01005813",869,779,90
"S01005814",711,599,112
"S01005815",958,850,108
"S01005816",784,705,79
"S01005817",538,509,29
"S01005818",755,728,27
"S01005819",723,627,96
"S01005820",713,656,57
"S01005821",527,464,63
"S01005822",891,821,70
"S01005823",697,649,48
"S01005824",747,707,40
"S01005825",734,648,86
"S01005826",984,945,39
"S01005827",790,753,37
"S01005828",787,688,99
"S01005829",791,729,62
"S01005830",925,801,124
"S01005831",953,875,78
"S01005832",804,699,105
"S01005833",719,644,75
"S01005834",653,569,84
"S01005835",719,691,28
"S01005836",724,697,27
"S01005837",513,487,26
"S01005838",748,659,89
"S01005839",884,826,58
"S01005840",812,724,88
"S01005841",690,631,59
"S01005842",616,541,75
"S01005843",579,534,45
"S01005844",768,708,60
"S01005845",549,518,31
"S01005846",914,798,116
"S01005847",784,690,94
"S01005848",622,530,92
"S01005849",845,750,95
"S01005850",725,614,111
"S01005851",760,660,100
"S01005852",571,523,48
"S01005853",999,864,135
"S01005854",864,738,126
"S01005855",965,799,166
"S01005856",781,685,96
"S01005857",708,599,109
"S01005858",789,685,104
"S01005859",765,712,53
"S01005860",778,693,85
"S01005861",598,586,12
"S01005862",827,738,89
"S01005863",938,830,108
"S01005864",903,769,134
"S01005865",747,623,124
"S01005866",773,712,61
"S01005867",954,847,107
"S01005868",786,737,49
"S01005869",731,608,123
"S01005870",762,665,97
"S01005871",757,681,76
"S01005872",800,747,53
"S01005873",1036,913,123
"S01005874",903,760,143
"S01005875",740,676,64
"S01005876",885,835,50
"S01005877",901,809,92
"S01005878",686,651,35
"S01005879",675,587,88
"S01005880",797,614,183
"S01005881",803,698,105
"S01005882",575,550,25
"S01005883",509,451,58
"S01005884",830,768,62
"S01005885",681,637,44
"S01005886",789,755,34
"S01005887",527,459,68
"S01005888",622,533,89
"S01005889",810,670,140
"S01005890",786,751,35
"S01005891",634,508,126
"S01005892",738,582,156
"S01005893",770,685,85
"S01005894",638,581,57
"S01005895",644,613,31
"S01005896",658,606,52
"S01005897",796,719,77
"S01005898",739,676,63
"S01005899",713,612,101
"S01005900",663,615,48
"S01005901",762,722,40
"S01005902",903,792,111
"S01005903",918,799,119
"S01005904",761,689,72
"S01005905",714,665,49
"S01005906",943,850,93
"S01005907",763,665,98
"S01005908",830,745,85
"S01005909",548,509,39
"S01005910",784,740,44
"S01005911",995,858,137
"S01005912",846,762,84
"S01005913",944,788,156
"S01005914",789,672,117
"S01005915",733,645,88
"S01005916",759,737,22
"S01005917",886,759,127
"S01005918",932,824,108
"S01005919",555,532,23
"S01005920",902,782,120
"S01005921",623,551,72
"S01005922",952,880,72
"S01005923",769,704,65
"S01005924",666,625,41
"S01005925",770,741,29
"S01005926",748,678,70
"S01005927",848,765,83
"S01005928",784,680,104
"S01005929",616,535,81
"S01005930",650,550,100
"S01005931",795,729,66
"S01005932",710,589,121
"S01005933",808,776,32
"S01005934",747,652,95
"S01005935",651,579,72
"S01005936",883,751,132
"S01005937",646,626,20
"S01005938",698,570,128
"S01005939",772,632,140
"S01005940",633,555,78
"S01005941",513,506,7
"S01005942",845,692,153
"S01005943",934,864,70
"S01005944",979,756,223
"S01005945",868,794,74
"S01005946",1012,840,172
"S01005947",806,639,167
"S01005948",693,590,103
"S01005949",711,641,70
"S01005950",543,464,79
"S01005951",849,658,191
"S01005952",937,778,159
"S01005953",936,812,124
"S01005954",540,454,86
"S01005955",517,471,46
"S01005956",860,747,113
"S01005957",968,795,173
"S01005958",593,495,98
"S01005959",490,382,108
"S01005960",513,425,88
"S01005961",800,680,120
"S01005962",519,427,92
"S01005963",545,469,76
"S01005964",744,622,122
"S01005965",808,685,123
"S01005966",927,763,164
"S01005967",957,754,203
"S01005968",826,714,112
"S01005969",750,655,95
"S01005970",797,677,120
"S01005971",512,437,75
"S01005972",791,672,119
"S01005973",789,675,114
"S01005974",776,633,143
"S01005975",760,634,126
"S01005976",786,716,70
"S01005977",781,695,86
"S01005978",745,665,80
"S01005979",950,818,132
"S01005980",677,632,45
"S01005981",571,519,52
"S01005982",638,540,98
"S01005983",987,914,73
"S01005984",689,646,43
"S01005985",829,724,105
"S01005986",776,736,40
"S01005987",584,472,112
"S01005988",558,476,82
"S01005989",810,764,46
"S01005990",965,801,164
"S01005991",714,600,114
"S01005992",607,500,107
"S01005993",797,743,54
"S01005994",943,808,135
"S01005995",674,522,152
"S01005996",761,727,34
"S01005997",674,593,81
"S01005998",690,582,108
"S01005999",869,805,64
"S01006000",792,663,129
"S01006001",907,822,85
"S01006002",564,479,85
"S01006003",668,546,122
"S01006004",623,590,33
"S01006005",646,575,71
"S01006006",808,748,60
"S01006007",559,458,101
"S01006008",780,629,151
"S01006009",579,548,31
"S01006010",907,855,52
"S01006011",840,714,126
"S01006012",878,691,187
"S01006013",540,514,26
"S01006014",705,584,121
"S01006015",744,690,54
"S01006016",958,916,42
"S01006017",734,607,127
"S01006018",852,795,57
"S01006019",822,719,103
"S01006020",841,781,60
"S01006021",901,817,84
"S01006022",557,466,91
"S01006023",786,757,29
"S01006024",849,683,166
"S01006025",861,720,141
"S01006026",786,633,153
"S01006027",691,643,48
"S01006028",634,587,47
"S01006029",755,703,52
"S01006030",962,894,68
"S01006031",870,725,145
"S01006032",940,770,170
"S01006033",700,602,98
"S01006034",737,630,107
"S01006035",980,877,103
"S01006036",809,767,42
"S01006037",896,814,82
"S01006038",704,644,60
"S01006039",833,739,94
"S01006040",765,631,134
"S01006041",895,670,225
"S01006042",842,716,126
"S01006043",621,542,79
"S01006044",954,697,257
"S01006045",662,612,50
"S01006046",827,765,62
"S01006047",754,623,131
"S01006048",830,752,78
"S01006049",775,632,143
"S01006050",861,753,108
"S01006051",959,890,69
"S01006052",756,701,55
"S01006053",867,790,77
"S01006054",733,681,52
"S01006055",616,576,40
"S01006056",960,897,63
"S01006057",488,394,94
"S01006058",820,631,189
"S01006059",804,645,159
"S01006060",634,491,143
"S01006061",551,430,121
"S01006062",686,535,151
"S01006063",614,493,121
"S01006064",699,568,131
"S01006065",779,631,148
"S01006066",837,718,119
"S01006067",971,891,80
"S01006068",497,455,42
"S01006069",736,694,42
"S01006070",644,622,22
"S01006071",966,938,28
"S01006072",637,601,36
"S01006073",504,471,33
"S01006074",705,672,33
"S01006075",983,818,165
"S01006076",966,820,146
"S01006077",800,703,97
"S01006078",997,937,60
"S01006079",788,699,89
"S01006080",863,790,73
"S01006081",775,702,73
"S01006082",950,808,142
"S01006083",830,762,68
"S01006084",825,758,67
"S01006085",800,742,58
"S01006086",716,643,73
"S01006087",743,644,99
"S01006088",822,777,45
"S01006089",762,670,92
"S01006090",899,807,92
"S01006091",606,580,26
"S01006092",655,581,74
"S01006093",602,547,55
"S01006094",944,821,123
"S01006095",937,839,98
"S01006096",641,565,76
"S01006097",948,791,157
"S01006098",681,596,85
"S01006099",578,544,34
"S01006100",612,546,66
"S01006101",646,566,80
"S01006102",781,687,94
"S01006103",701,659,42
"S01006104",777,700,77
"S01006105",706,623,83
"S01006106",626,570,56
"S01006107",697,600,97
"S01006108",944,833,111
"S01006109",775,722,53
"S01006110",779,667,112
"S01006111",799,701,98
"S01006112",750,707,43
"S01006113",879,840,39
"S01006114",722,607,115
"S01006115",782,732,50
"S01006116",944,904,40
"S01006117",826,751,75
"S01006118",551,511,40
"S01006119",1015,958,57
"S01006120",875,818,57
"S01006121",500,452,48
"S01006122",824,782,42
"S01006123",653,586,67
"S01006124",632,559,73
"S01006125",553,518,35
"S01006126",705,655,50
"S01006127",644,607,37
"S01006128",812,757,55
"S01006129",712,658,54
"S01006130",562,471,91
"S01006131",922,878,44
"S01006132",823,665,158
"S01006133",584,552,32
"S01006134",501,446,55
"S01006135",571,464,107
"S01006136",975,758,217
"S01006137",650,594,56
"S01006138",636,594,42
"S01006139",410,353,57
"S01006140",867,807,60
"S01006141",813,710,103
"S01006142",657,616,41
"S01006143",500,473,27
"S01006144",1002,938,64
"S01006145",965,883,82
"S01006146",849,824,25
"S01006147",799,748,51
"S01006148",784,721,63
"S01006149",1025,957,68
"S01006150",928,873,55
"S01006151",689,678,11
"S01006152",715,682,33
"S01006153",603,572,31
"S01006154",794,772,22
"S01006155",869,781,88
"S01006156",576,545,31
"S01006157",771,693,78
"S01006158",873,828,45
"S01006159",808,761,47
"S01006160",785,745,40
"S01006161",750,705,45
"S01006162",649,616,33
"S01006163",980,910,70
"S01006164",666,617,49
"S01006165",861,824,37
"S01006166",909,861,48
"S01006167",880,823,57
"S01006168",783,723,60
"S01006169",677,639,38
"S01006170",970,890,80
"S01006171",906,819,87
"S01006172",523,496,27
"S01006173",622,567,55
"S01006174",585,539,46
"S01006175",778,718,60
"S01006176",571,540,31
"S01006177",660,518,142
"S01006178",869,781,88
"S01006179",796,687,109
"S01006180",817,731,86
"S01006181",754,631,123
"S01006182",560,486,74
"S01006183",714,618,96
"S01006184",795,682,113
"S01006185",980,830,150
"S01006186",862,740,122
"S01006187",891,753,138
"S01006188",744,657,87
"S01006189",780,674,106
"S01006190",823,713,110
"S01006191",587,506,81
"S01006192",790,688,102
"S01006193",689,496,193
"S01006194",918,759,159
"S01006195",769,590,179
"S01006196",912,789,123
"S01006197",861,736,125
"S01006198",537,431,106
"S01006199",744,638,106
"S01006200",899,784,115
"S01006201",1012,840,172
"S01006202",703,591,112
"S01006203",617,520,97
"S01006204",942,811,131
"S01006205",713,627,86
"S01006206",841,762,79
"S01006207",908,721,187
"S01006208",740,637,103
"S01006209",755,715,40
"S01006210",766,692,74
"S01006211",594,504,90
"S01006212",856,825,31
"S01006213",891,777,114
"S01006214",766,680,86
"S01006215",822,715,107
"S01006216",790,727,63
"S01006217",989,856,133
"S01006218",572,527,45
"S01006219",937,820,117
"S01006220",858,802,56
"S01006221",818,686,132
"S01006222",994,887,107
"S01006223",759,715,44
"S01006224",655,613,42
"S01006225",828,706,122
"S01006226",753,711,42
"S01006227",715,621,94
"S01006228",793,757,36
"S01006229",971,878,93
"S01006230",835,723,112
"S01006231",931,810,121
"S01006232",774,734,40
"S01006233",648,582,66
"S01006234",556,500,56
"S01006235",759,690,69
"S01006236",641,575,66
"S01006237",880,749,131
"S01006238",1004,890,114
"S01006239",523,494,29
"S01006240",813,688,125
"S01006241",846,720,126
"S01006242",764,644,120
"S01006243",647,579,68
"S01006244",628,544,84
"S01006245",653,551,102
"S01006246",750,655,95
"S01006247",896,824,72
"S01006248",828,753,75
"S01006249",778,714,64
"S01006250",707,629,78
"S01006251",624,567,57
"S01006252",640,573,67
"S01006253",706,601,105
"S01006254",700,650,50
"S01006255",938,856,82
"S01006256",669,565,104
"S01006257",813,694,119
"S01006258",739,637,102
"S01006259",705,617,88
"S01006260",748,663,85
"S01006261",869,749,120
"S01006262",688,589,99
"S01006263",854,727,127
"S01006264",958,917,41
"S01006265",822,740,82
"S01006266",680,599,81
"S01006267",652,587,65
"S01006268",723,660,63
"S01006269",659,594,65
"S01006270",937,837,100
"S01006271",731,642,89
"S01006272",786,682,104
"S01006273",681,618,63
"S01006274",605,521,84
"S01006275",801,730,71
"S01006276",846,746,100
"S01006277",761,695,66
"S01006278",751,611,140
"S01006279",969,829,140
"S01006280",650,553,97
"S01006281",779,685,94
"S01006282",727,615,112
"S01006283",732,621,111
"S01006284",820,742,78
"S01006285",796,718,78
"S01006286",927,770,157
"S01006287",620,563,57
"S01006288",792,640,152
"S01006289",899,785,114
"S01006290",928,795,133
"S01006291",534,429,105
"S01006292",890,827,63
"S01006293",976,929,47
"S01006294",650,621,29
"S01006295",618,562,56
"S01006296",969,907,62
"S01006297",762,662,100
"S01006298",877,779,98
"S01006299",781,673,108
"S01006300",806,698,108
"S01006301",626,516,110
"S01006302",933,839,94
"S01006303",684,600,84
"S01006304",716,599,117
"S01006305",677,605,72
"S01006306",746,672,74
"S01006307",835,697,138
"S01006308",655,556,99
"S01006309",937,879,58
"S01006310",786,737,49
"S01006311",782,693,89
"S01006312",664,590,74
"S01006313",1020,893,127
"S01006314",597,578,19
"S01006315",882,758,124
"S01006316",929,842,87
"S01006317",873,798,75
"S01006318",774,665,109
"S01006319",881,755,126
"S01006320",913,779,134
"S01006321",698,673,25
"S01006322",673,651,22
"S01006323",904,856,48
"S01006324",612,587,25
"S01006325",671,563,108
"S01006326",930,776,154
"S01006327",563,490,73
"S01006328",586,500,86
"S01006329",965,907,58
"S01006330",754,654,100
"S01006331",752,696,56
"S01006332",654,564,90
"S01006333",905,811,94
"S01006334",803,700,103
"S01006335",881,786,95
"S01006336",787,756,31
"S01006337",732,702,30
"S01006338",876,837,39
"S01006339",808,705,103
"S01006340",744,685,59
"S01006341",796,735,61
"S01006342",737,621,116
"S01006343",739,636,103
"S01006344",785,705,80
"S01006345",594,543,51
"S01006346",633,570,63
"S01006347",633,610,23
"S01006348",656,582,74
"S01006349",513,442,71
"S01006350",715,620,95
"S01006351",976,845,131
"S01006352",759,667,92
"S01006353",583,522,61
"S01006354",955,847,108
"S01006355",738,651,87
"S01006356",679,655,24
"S01006357",749,705,44
"S01006358",702,627,75
"S01006359",868,744,124
"S01006360",664,635,29
"S01006361",807,731,76
"S01006362",795,763,32
"S01006363",725,692,33
"S01006364",615,560,55
"S01006365",920,867,53
"S01006366",743,710,33
"S01006367",769,716,53
"S01006368",855,827,28
"S01006369",815,690,125
"S01006370",974,921,53
"S01006371",545,529,16
"S01006372",768,679,89
"S01006373",858,808,50
"S01006374",695,627,68
"S01006375",679,601,78
"S01006376",715,671,44
"S01006377",610,559,51
"S01006378",524,514,10
"S01006379",595,548,47
"S01006380",596,523,73
"S01006381",528,478,50
"S01006382",710,628,82
"S01006383",624,559,65
"S01006384",768,727,41
"S01006385",942,832,110
"S01006386",930,790,140
"S01006387",800,696,104
"S01006388",1005,881,124
"S01006389",701,622,79
"S01006390",666,598,68
"S01006391",960,931,29
"S01006392",864,777,87
"S01006393",794,681,113
"S01006394",794,715,79
"S01006395",935,839,96
"S01006396",596,525,71
"S01006397",751,698,53
"S01006398",883,814,69
"S01006399",782,717,65
"S01006400",947,866,81
"S01006401",785,700,85
"S01006402",671,576,95
"S01006403",776,649,127
"S01006404",775,678,97
"S01006405",863,782,81
"S01006406",433,370,63
"S01006407",688,652,36
"S01006408",981,877,104
"S01006409",619,590,29
"S01006410",716,587,129
"S01006411",819,732,87
"S01006412",705,607,98
"S01006413",576,497,79
"S01006414",524,478,46
"S01006415",826,768,58
"S01006416",587,508,79
"S01006417",701,641,60
"S01006418",678,593,85
"S01006419",570,507,63
"S01006420",937,832,105
"S01006421",568,513,55
"S01006422",662,582,80
"S01006423",571,548,23
"S01006424",634,516,118
"S01006425",710,636,74
"S01006426",548,478,70
"S01006427",761,643,118
"S01006428",829,751,78
"S01006429",573,510,63
"S01006430",618,583,35
"S01006431",573,546,27
"S01006432",722,652,70
"S01006433",669,604,65
"S01006434",813,748,65
"S01006435",456,438,18
"S01006436",755,667,88
"S01006437",959,882,77
"S01006438",606,466,140
"S01006439",733,645,88
"S01006440",818,731,87
"S01006441",709,624,85
"S01006442",796,719,77
"S01006443",519,456,63
"S01006444",568,512,56
"S01006445",780,705,75
"S01006446",871,797,74
"S01006447",588,477,111
"S01006448",887,841,46
"S01006449",511,480,31
"S01006450",682,617,65
"S01006451",714,659,55
"S01006452",567,504,63
"S01006453",810,729,81
"S01006454",572,546,26
"S01006455",667,601,66
"S01006456",867,806,61
"S01006457",645,595,50
"S01006458",931,890,41
"S01006459",683,654,29
"S01006460",521,462,59
"S01006461",706,666,40
"S01006462",741,693,48
"S01006463",678,592,86
"S01006464",747,692,55
"S01006465",960,855,105
"S01006466",742,688,54
"S01006467",920,821,99
"S01006468",1001,938,63
"S01006469",679,627,52
"S01006470",799,694,105
"S01006471",820,719,101
"S01006472",562,480,82
"S01006473",778,728,50
"S01006474",818,747,71
"S01006475",853,748,105
"S01006476",761,693,68
"S01006477",789,677,112
"S01006478",849,780,69
"S01006479",714,606,108
"S01006480",867,819,48
"S01006481",597,523,74
"S01006482",758,712,46
"S01006483",911,823,88
"S01006484",784,692,92
"S01006485",659,639,20
"S01006486",862,850,12
"S01006487",765,694,71
"S01006488",629,604,25
"S01006489",784,703,81
"S01006490",765,737,28
"S01006491",828,792,36
"S01006492",593,544,49
"S01006493",582,539,43
"S01006494",581,534,47
"S01006495",788,748,40
"S01006496",894,775,119
"S01006497",502,465,37
"S01006498",1102,979,123
"S01006499",831,798,33
"S01006500",741,679,62
"S01006501",972,949,23
"S01006502",631,606,25
"S01006503",691,664,27
"S01006504",784,762,22
"S01006505",772,749,23
