"dz_2001","total","good","not_good"
"S01000001",872,759,113
"S01000002",678,645,33
"S01000003",788,731,57
"S01000004",612,571,41
"S01000005",643,570,73
"S01000006",644,537,107
"S01000007",751,643,108
"S01000008",580,501,79
"S01000009",681,581,100
"S01000010",514,451,63
"S01000011",1043,939,104
"S01000012",1528,1406,122
"S01000013",836,716,120
"S01000014",881,758,123
"S01000015",669,619,50
"S01000016",540,503,37
"S01000017",848,711,137
"S01000018",520,454,66
"S01000019",648,551,97
"S01000020",914,754,160
"S01000021",861,716,145
"S01000022",627,584,43
"S01000023",762,709,53
"S01000024",519,479,40
"S01000025",865,793,72
"S01000026",849,654,195
"S01000027",798,728,70
"S01000028",919,715,204
"S01000029",729,699,30
"S01000030",449,358,91
"S01000031",941,831,110
"S01000032",1063,847,216
"S01000033",802,625,177
"S01000034",1238,1172,66
"S01000035",1034,898,136
"S01000036",683,551,132
"S01000037",765,619,146
"S01000038",678,534,144
"S01000039",902,735,167
"S01000040",934,772,162
"S01000041",831,676,155
"S01000042",755,578,177
"S01000043",896,746,150
"S01000044",959,754,205
"S01000045",569,507,62
"S01000046",754,677,77
"S01000047",807,644,163
"S01000048",960,858,102
"S01000049",747,639,108
"S01000050",744,637,107
"S01000051",797,701,96
"S01000052",627,476,151
"S01000053",1100,895,205
"S01000054",801,686,115
"S01000055",803,594,209
"S01000056",1014,906,108
"S01000057",699,581,118
"S01000058",712,662,50
"S01000059",957,895,62
"S01000060",634,502,132
"S01000061",1001,885,116
"S01000062",1038,960,78
"S01000063",910,838,72
"S01000064",623,518,105
"S01000065",1002,877,125
"S01000066",959,774,185
"S01000067",1065,912,153
"S01000068",879,752,127
"S01000069",718,555,163
"S01000070",658,560,98
"S01000071",812,641,171
"S01000072",907,734,173
"S01000073",630,571,59
"S01000074",870,690,180
"S01000075",539,462,77
"S01000076",721,665,56
"S01000077",951,879,72
"S01000078",1097,933,164
"S01000079",1448,1355,93
"S01000080",1015,945,70
"S01000081",889,822,67
"S01000082",933,737,196
"S01000083",774,704,70
"S01000084",859,716,143
"S01000085",520,473,47
"S01000086",725,643,82
"S01000087",1071,939,132
"S01000088",934,867,67
"S01000089",947,836,111
"S01000090",769,715,54
"S01000091",1096,967,129
"S01000092",906,838,68
"S01000093",735,680,55
"S01000094",712,665,47
"S01000095",717,645,72
"S01000096",690,562,128
"S01000097",1001,929,72
"S01000098",1240,1117,123
"S01000099",811,735,76
"S01000100",871,789,82
"S01000101",888,822,66
"S01000102",795,667,128
"S01000103",628,581,47
"S01000104",905,844,61
"S01000105",870,782,88
"S01000106",724,675,49
"S01000107",1269,1163,106
"S01000108",753,583,170
"S01000109",1019,833,186
"S01000110",846,662,184
"S01000111",791,724,67
"S01000112",983,837,146
"S01000113",607,568,39
"S01000114",814,672,142
"S01000115",838,631,207
"S01000116",923,859,64
"S01000117",1033,924,109
"S01000118",712,588,124
"S01000119",835,709,126
"S01000120",566,518,48
"S01000121",718,595,123
"S01000122",701,552,149
"S01000123",673,617,56
"S01000124",988,861,127
"S01000125",648,555,93
"S01000126",945,736,209
"S01000127",766,706,60
"S01000128",1804,1648,156
"S01000129",1005,901,104
"S01000130",1557,1375,182
"S01000131",622,556,66
"S01000132",757,701,56
"S01000133",878,725,153
"S01000134",728,591,137
"S01000135",687,550,137
"S01000136",675,541,134
"S01000137",967,855,112
"S01000138",1373,1255,118
"S01000139",790,603,187
"S01000140",853,643,210
"S01000141",826,726,100
"S01000142",685,557,128
"S01000143",618,556,62
"S01000144",730,675,55
"S01000145",815,583,232
"S01000146",1537,1346,191
"S01000147",1042,901,141
"S01000148",605,459,146
"S01000149",1180,1036,144
"S01000150",619,516,103
"S01000151",865,613,252
"S01000152",1288,1140,148
"S01000153",963,840,123
"S01000154",524,398,126
"S01000155",739,567,172
"S01000156",1031,900,131
"S01000157",691,521,170
"S01000158",926,769,157
"S01000159",976,865,111
"S01000160",761,605,156
"S01000161",915,843,72
"S01000162",830,679,151
"S01000163",1057,799,258
"S01000164",929,805,124
"S01000165",914,717,197
"S01000166",1274,1144,130
"S01000167",701,571,130
"S01000168",975,736,239
"S01000169",712,565,147
"S01000170",1133,1024,109
"S01000171",1079,1026,53
"S01000172",471,415,56
"S01000173",849,689,160
"S01000174",900,847,53
"S01000175",536,483,53
"S01000176",762,709,53
"S01000177",559,508,51
"S01000178",774,624,150
"S01000179",877,626,251
"S01000180",663,522,141
"S01000181",606,480,126
"S01000182",916,721,195
"S01000183",1362,1204,158
"S01000184",742,646,96
"S01000185",887,700,187
"S01000186",950,722,228
"S01000187",627,523,104
"S01000188",1219,997,222
"S01000189",623,515,108
"S01000190",835,660,175
"S01000191",1223,1097,126
"S01000192",810,678,132
"S01000193",727,562,165
"S01000194",872,762,110
"S01000195",723,590,133
"S01000196",1005,830,175
"S01000197",587,484,103
"S01000198",831,676,155
"S01000199",853,697,156
"S01000200",833,668,165
"S01000201",622,489,133
"S01000202",1015,886,129
"S01000203",712,579,133
"S01000204",577,460,117
"S01000205",973,852,121
"S01000206",704,584,120
"S01000207",928,674,254
"S01000208",1015,776,239
"S01000209",1391,1165,226
"S01000210",684,543,141
"S01000211",747,588,159
"S01000212",754,638,116
"S01000213",740,579,161
"S01000214",460,371,89
"S01000215",1160,1057,103
"S01000216",654,543,111
"S01000217",810,663,147
"S01000218",666,516,150
"S01000219",851,698,153
"S01000220",2648,2453,195
"S01000221",840,590,250
"S01000222",737,612,125
"S01000223",607,527,80
"S01000224",846,684,162
"S01000225",576,492,84
"S01000226",608,530,78
"S01000227",1334,1213,121
"S01000228",829,729,100
"S01000229",822,640,182
"S01000230",618,529,89
"S01000231",694,630,64
"S01000232",615,479,136
"S01000233",496,368,128
"S01000234",697,618,79
"S01000235",837,686,151
"S01000236",672,561,111
"S01000237",816,705,111
"S01000238",493,450,43
"S01000239",691,602,89
"S01000240",634,529,105
"S01000241",599,550,49
"S01000242",744,681,63
"S01000243",649,589,60
"S01000244",1139,952,187
"S01000245",959,838,121
"S01000246",689,591,98
"S01000247",655,597,58
"S01000248",741,666,75
"S01000249",650,553,97
"S01000250",832,720,112
"S01000251",465,432,33
"S01000252",790,724,66
"S01000253",651,609,42
"S01000254",832,759,73
"S01000255",586,538,48
"S01000256",805,617,188
"S01000257",917,776,141
"S01000258",608,560,48
"S01000259",611,568,43
"S01000260",865,825,40
"S01000261",900,799,101
"S01000262",913,791,122
"S01000263",820,729,91
"S01000264",909,741,168
"S01000265",712,579,133
"S01000266",1248,1078,170
"S01000267",720,584,136
"S01000268",816,683,133
"S01000269",628,564,64
"S01000270",1031,901,130
"S01000271",877,748,129
"S01000272",1122,1030,92
"S01000273",620,549,71
"S01000274",678,572,106
"S01000275",1435,1272,163
"S01000276",786,705,81
"S01000277",723,613,110
"S01000278",577,471,106
"S01000279",956,818,138
"S01000280",761,682,79
"S01000281",675,590,85
"S01000282",750,682,68
"S01000283",1090,989,101
"S01000284",1266,1178,88
"S01000285",719,639,80
"S01000286",916,773,143
"S01000287",732,647,85
"S01000288",807,719,88
"S01000289",888,747,141
"S01000290",822,705,117
"S01000291",951,808,143
"S01000292",1029,888,141
"S01000293",843,663,180
"S01000294",648,586,62
"S01000295",538,482,56
"S01000296",969,886,83
"S01000297",729,637,92
"S01000298",1131,1049,82
"S01000299",1019,887,132
"S01000300",759,689,70
"S01000301",554,481,73
"S01000302",630,570,60
"S01000303",584,523,61
"S01000304",829,776,53
"S01000305",1040,904,136
"S01000306",790,722,68
"S01000307",922,846,76
"S01000308",1218,1123,95
"S01000309",1203,1108,95
"S01000310",946,874,72
"S01000311",938,825,113
"S01000312",539,459,80
"S01000313",681,605,76
"S01000314",551,477,74
"S01000315",667,599,68
"S01000316",901,757,144
"S01000317",542,442,100
"S01000318",549,498,51
"S01000319",712,621,91
"S01000320",671,599,72
"S01000321",595,515,80
"S01000322",996,910,86
"S01000323",879,765,114
"S01000324",835,758,77
"S01000325",1291,1190,101
"S01000326",805,660,145
"S01000327",811,742,69
"S01000328",534,479,55
"S01000329",836,763,73
"S01000330",1322,1221,101
"S01000331",560,464,96
"S01000332",745,653,92
"S01000333",948,881,67
"S01000334",903,773,130
"S01000335",792,701,91
"S01000336",1440,1308,132
"S01000337",841,735,106
"S01000338",495,420,75
"S01000339",1236,1094,142
"S01000340",1058,966,92
"S01000341",1009,849,160
"S01000342",478,414,64
"S01000343",584,523,61
"S01000344",992,878,114
"S01000345",626,566,60
"S01000346",643,579,64
"S01000347",1606,1482,124
"S01000348",730,652,78
"S01000349",537,471,66
"S01000350",1082,995,87
"S01000351",939,866,73
"S01000352",699,623,76
"S01000353",508,466,42
"S01000354",1576,1494,82
"S01000355",615,568,47
"S01000356",642,594,48
"S01000357",580,548,32
"S01000358",889,816,73
"S01000359",836,782,54
"S01000360",536,468,68
"S01000361",678,621,57
"S01000362",971,871,100
"S01000363",1178,1066,112
"S01000364",955,828,127
"S01000365",2070,1921,149
"S01000366",2125,2011,114
"S01000367",845,770,75
"S01000368",1286,1144,142
"S01000369",938,817,121
"S01000370",1511,1390,121
"S01000371",927,777,150
"S01000372",951,794,157
"S01000373",667,612,55
"S01000374",647,560,87
"S01000375",612,511,101
"S01000376",826,700,126
"S01000377",852,798,54
"S01000378",543,477,66
"S01000379",655,603,52
"S01000380",957,890,67
"S01000381",1621,1476,145
"S01000382",733,656,77
"S01000383",1166,1062,104
"S01000384",706,599,107
"S01000385",622,540,82
"S01000386",1260,1130,130
"S01000387",871,753,118
"S01000388",1083,1000,83
"S01000389",861,809,52
"S01000390",822,691,131
"S01000391",726,600,126
"S01000392",800,744,56
"S01000393",891,749,142
"S01000394",693,605,88
"S01000395",800,718,82
"S01000396",843,651,192
"S01000397",938,796,142
"S01000398",2417,2288,129
"S01000399",598,510,88
"S01000400",803,647,156
"S01000401",904,830,74
"S01000402",751,648,103
"S01000403",787,691,96
"S01000404",708,645,63
"S01000405",522,469,53
"S01000406",534,455,79
"S01000407",595,498,97
"S01000408",609,557,52
"S01000409",579,522,57
"S01000410",748,691,57
"S01000411",702,647,55
"S01000412",798,721,77
"S01000413",871,773,98
"S01000414",694,639,55
"S01000415",927,806,121
"S01000416",910,835,75
"S01000417",1008,896,112
"S01000418",718,632,86
"S01000419",1523,1405,118
"S01000420",1339,1186,153
"S01000421",786,733,53
"S01000422",947,809,138
"S01000423",1026,953,73
"S01000424",743,651,92
"S01000425",842,726,116
"S01000426",826,749,77
"S01000427",743,661,82
"S01000428",666,592,74
"S01000429",871,762,109
"S01000430",501,437,64
"S01000431",722,554,168
"S01000432",881,750,131
"S01000433",510,422,88
"S01000434",602,508,94
"S01000435",514,453,61
"S01000436",629,589,40
"S01000437",947,763,184
"S01000438",594,537,57
"S01000439",823,738,85
"S01000440",1091,985,106
"S01000441",900,755,145
"S01000442",843,770,73
"S01000443",608,543,65
"S01000444",2534,2412,122
"S01000445",1201,1056,145
"S01000446",951,868,83
"S01000447",782,700,82
"S01000448",859,777,82
"S01000449",740,577,163
"S01000450",553,468,85
"S01000451",855,737,118
"S01000452",573,509,64
"S01000453",584,502,82
"S01000454",443,368,75
"S01000455",846,726,120
"S01000456",1132,1022,110
"S01000457",819,662,157
"S01000458",930,846,84
"S01000459",1013,858,155
"S01000460",707,572,135
"S01000461",865,698,167
"S01000462",1034,833,201
"S01000463",733,617,116
"S01000464",848,750,98
"S01000465",665,587,78
"S01000466",880,793,87
"S01000467",614,479,135
"S01000468",535,475,60
"S01000469",641,573,68
"S01000470",1064,872,192
"S01000471",837,749,88
"S01000472",759,661,98
"S01000473",661,574,87
"S01000474",625,559,66
"S01000475",727,598,129
"S01000476",627,534,93
"S01000477",674,558,116
"S01000478",790,602,188
"S01000479",847,659,188
"S01000480",670,560,110
"S01000481",2138,1935,203
"S01000482",896,691,205
"S01000483",983,757,226
"S01000484",805,684,121
"S01000485",987,824,163
"S01000486",1132,922,210
"S01000487",621,460,161
"S01000488",624,458,166
"S01000489",937,715,222
"S01000490",540,478,62
"S01000491",539,403,136
"S01000492",951,791,160
"S01000493",641,533,108
"S01000494",551,443,108
"S01000495",903,742,161
"S01000496",529,473,56
"S01000497",768,684,84
"S01000498",520,440,80
"S01000499",1020,866,154
"S01000500",604,504,100
"S01000501",577,449,128
"S01000502",638,559,79
"S01000503",494,417,77
"S01000504",770,639,131
"S01000505",727,620,107
"S01000506",1024,926,98
"S01000507",995,815,180
"S01000508",889,750,139
"S01000509",1045,844,201
"S01000510",665,555,110
"S01000511",573,501,72
"S01000512",990,862,128
"S01000513",881,737,144
"S01000514",941,834,107
"S01000515",551,483,68
"S01000516",883,774,109
"S01000517",737,617,120
"S01000518",963,781,182
"S01000519",515,464,51
"S01000520",1129,977,152
"S01000521",945,754,191
"S01000522",665,559,106
"S01000523",851,678,173
"S01000524",706,586,120
"S01000525",1047,856,191
"S01000526",1000,868,132
"S01000527",685,589,96
"S01000528",946,796,150
"S01000529",805,668,137
"S01000530",486,404,82
"S01000531",574,443,131
"S01000532",788,649,139
"S01000533",715,551,164
"S01000534",760,609,151
"S01000535",1020,835,185
"S01000536",494,413,81
"S01000537",1056,924,132
"S01000538",740,604,136
"S01000539",990,775,215
"S01000540",727,605,122
"S01000541",592,486,106
"S01000542",647,531,116
"S01000543",832,697,135
"S01000544",667,552,115
"S01000545",755,641,114
"S01000546",860,724,136
"S01000547",543,435,108
"S01000548",1085,887,198
"S01000549",1219,1058,161
"S01000550",471,419,52
"S01000551",892,707,185
"S01000552",540,454,86
"S01000553",888,765,123
"S01000554",679,545,134
"S01000555",860,690,170
"S01000556",812,676,136
"S01000557",913,775,138
"S01000558",547,439,108
"S01000559",668,508,160
"S01000560",1086,875,211
"S01000561",1012,772,240
"S01000562",847,629,218
"S01000563",1145,910,235
"S01000564",927,735,192
"S01000565",796,681,115
"S01000566",867,694,173
"S01000567",824,647,177
"S01000568",526,439,87
"S01000569",759,640,119
"S01000570",892,748,144
"S01000571",803,603,200
"S01000572",711,608,103
"S01000573",538,486,52
"S01000574",750,576,174
"S01000575",640,537,103
"S01000576",542,446,96
"S01000577",567,484,83
"S01000578",633,529,104
"S01000579",884,768,116
"S01000580",956,889,67
"S01000581",700,634,66
"S01000582",648,551,97
"S01000583",939,847,92
"S01000584",840,678,162
"S01000585",1224,1025,199
"S01000586",722,610,112
"S01000587",658,529,129
"S01000588",576,481,95
"S01000589",709,611,98
"S01000590",846,707,139
"S01000591",775,664,111
"S01000592",875,732,143
"S01000593",1555,1405,150
"S01000594",1331,1189,142
"S01000595",758,643,115
"S01000596",795,689,106
"S01000597",965,860,105
"S01000598",1348,1242,106
"S01000599",1145,1018,127
"S01000600",776,672,104
"S01000601",1232,1091,141
"S01000602",743,627,116
"S01000603",1022,899,123
"S01000604",976,797,179
"S01000605",813,689,124
"S01000606",860,658,202
"S01000607",752,638,114
"S01000608",1195,953,242
"S01000609",1051,862,189
"S01000610",804,606,198
"S01000611",631,512,119
"S01000612",1039,822,217
"S01000613",1047,874,173
"S01000614",678,555,123
"S01000615",809,577,232
"S01000616",1442,1289,153
"S01000617",665,561,104
"S01000618",815,665,150
"S01000619",708,627,81
"S01000620",1169,981,188
"S01000621",1082,860,222
"S01000622",768,669,99
"S01000623",769,623,146
"S01000624",616,506,110
"S01000625",641,518,123
"S01000626",804,657,147
"S01000627",849,723,126
"S01000628",580,475,105
"S01000629",911,813,98
"S01000630",738,609,129
"S01000631",612,507,105
"S01000632",539,456,83
"S01000633",523,474,49
"S01000634",735,589,146
"S01000635",643,541,102
"S01000636",521,463,58
"S01000637",648,579,69
"S01000638",589,495,94
"S01000639",641,553,88
"S01000640",721,608,113
"S01000641",814,711,103
"S01000642",908,794,114
"S01000643",675,581,94
"S01000644",711,600,111
"S01000645",980,813,167
"S01000646",782,658,124
"S01000647",777,651,126
"S01000648",896,751,145
"S01000649",596,508,88
"S01000650",712,594,118
"S01000651",886,727,159
"S01000652",774,640,134
"S01000653",994,776,218
"S01000654",971,750,221
"S01000655",792,633,159
"S01000656",799,654,145
"S01000657",816,625,191
"S01000658",606,485,121
"S01000659",1321,1096,225
"S01000660",1026,873,153
"S01000661",822,690,132
"S01000662",734,637,97
"S01000663",811,711,100
"S01000664",851,717,134
"S01000665",669,543,126
"S01000666",528,443,85
"S01000667",987,821,166
"S01000668",864,715,149
"S01000669",827,663,164
"S01000670",669,583,86
"S01000671",590,472,118
"S01000672",713,604,109
"S01000673",721,629,92
"S01000674",1080,921,159
"S01000675",714,632,82
"S01000676",457,394,63
"S01000677",877,732,145
"S01000678",901,758,143
"S01000679",779,651,128
"S01000680",967,769,198
"S01000681",990,812,178
"S01000682",768,612,156
"S01000683",546,466,80
"S01000684",740,545,195
"S01000685",912,747,165
"S01000686",770,628,142
"S01000687",827,662,165
"S01000688",722,595,127
"S01000689",648,559,89
"S01000690",992,886,106
"S01000691",808,661,147
"S01000692",750,639,111
"S01000693",1015,793,222
"S01000694",701,589,112
"S01000695",788,666,122
"S01000696",774,625,149
"S01000697",958,849,109
"S01000698",620,527,93
"S01000699",630,505,125
"S01000700",806,698,108
"S01000701",1017,860,157
"S01000702",514,454,60
"S01000703",739,603,136
"S01000704",979,878,101
"S01000705",1146,984,162
"S01000706",859,763,96
"S01000707",625,549,76
"S01000708",565,493,72
"S01000709",1023,816,207
"S01000710",1108,962,146
"S01000711",505,427,78
"S01000712",621,496,125
"S01000713",752,622,130
"S01000714",986,834,152
"S01000715",658,487,171
"S01000716",535,403,132
"S01000717",915,700,215
"S01000718",810,640,170
"S01000719",641,501,140
"S01000720",778,624,154
"S01000721",702,577,125
"S01000722",846,699,147
"S01000723",460,376,84
"S01000724",784,603,181
"S01000725",595,488,107
"S01000726",760,630,130
"S01000727",610,472,138
"S01000728",651,515,136
"S01000729",491,358,133
"S01000730",457,376,81
"S01000731",595,447,148
"S01000732",543,380,163
"S01000733",672,488,184
"S01000734",826,683,143
"S01000735",443,333,110
"S01000736",740,561,179
"S01000737",470,341,129
"S01000738",449,366,83
"S01000739",730,597,133
"S01000740",658,498,160
"S01000741",786,594,192
"S01000742",642,542,100
"S01000743",901,707,194
"S01000744",740,582,158
"S01000745",716,594,122
"S01000746",786,634,152
"S01000747",562,418,144
"S01000748",465,297,168
"S01000749",541,424,117
"S01000750",687,513,174
"S01000751",722,619,103
"S01000752",977,753,224
"S01000753",596,501,95
"S01000754",787,606,181
"S01000755",706,599,107
"S01000756",1043,836,207
"S01000757",770,614,156
"S01000758",1286,1140,146
"S01000759",985,746,239
"S01000760",531,468,63
"S01000761",606,468,138
"S01000762",610,522,88
"S01000763",747,658,89
"S01000764",676,580,96
"S01000765",825,782,43
"S01000766",699,565,134
"S01000767",642,461,181
"S01000768",783,611,172
"S01000769",787,626,161
"S01000770",703,572,131
"S01000771",943,797,146
"S01000772",640,510,130
"S01000773",826,681,145
"S01000774",831,772,59
"S01000775",810,651,159
"S01000776",572,520,52
"S01000777",325,291,34
"S01000778",466,392,74
"S01000779",793,706,87
"S01000780",849,679,170
"S01000781",806,717,89
"S01000782",680,597,83
"S01000783",464,391,73
"S01000784",803,710,93
"S01000785",714,548,166
"S01000786",749,641,108
"S01000787",498,407,91
"S01000788",656,570,86
"S01000789",742,616,126
"S01000790",512,434,78
"S01000791",607,506,101
"S01000792",664,559,105
"S01000793",675,567,108
"S01000794",861,677,184
"S01000795",940,782,158
"S01000796",428,361,67
"S01000797",449,382,67
"S01000798",484,373,111
"S01000799",1589,1466,123
"S01000800",947,726,221
"S01000801",635,565,70
"S01000802",770,638,132
"S01000803",972,838,134
"S01000804",912,773,139
"S01000805",803,663,140
"S01000806",808,677,131
"S01000807",769,634,135
"S01000808",749,642,107
"S01000809",616,534,82
"S01000810",735,650,85
"S01000811",798,719,79
"S01000812",1347,1107,240
"S01000813",771,664,107
"S01000814",786,701,85
"S01000815",520,388,132
"S01000816",563,460,103
"S01000817",916,756,160
"S01000818",911,803,108
"S01000819",882,738,144
"S01000820",554,469,85
"S01000821",854,730,124
"S01000822",532,445,87
"S01000823",502,395,107
"S01000824",756,651,105
"S01000825",739,639,100
"S01000826",625,497,128
"S01000827",736,638,98
"S01000828",925,753,172
"S01000829",693,580,113
"S01000830",872,743,129
"S01000831",848,705,143
"S01000832",954,808,146
"S01000833",1164,1040,124
"S01000834",980,791,189
"S01000835",774,582,192
"S01000836",785,582,203
"S01000837",984,708,276
"S01000838",623,499,124
"S01000839",1355,1167,188
"S01000840",686,524,162
"S01000841",988,781,207
"S01000842",867,732,135
"S01000843",910,745,165
"S01000844",787,649,138
"S01000845",540,458,82
"S01000846",680,512,168
"S01000847",974,755,219
"S01000848",651,524,127
"S01000849",479,409,70
"S01000850",699,535,164
"S01000851",714,623,91
"S01000852",725,544,181
"S01000853",554,402,152
"S01000854",846,645,201
"S01000855",716,557,159
"S01000856",512,403,109
"S01000857",507,416,91
"S01000858",910,820,90
"S01000859",1129,962,167
"S01000860",891,708,183
"S01000861",643,512,131
"S01000862",523,448,75
"S01000863",542,419,123
"S01000864",1172,1017,155
"S01000865",1080,859,221
"S01000866",853,648,205
"S01000867",895,672,223
"S01000868",703,519,184
"S01000869",595,482,113
"S01000870",865,697,168
"S01000871",818,633,185
"S01000872",798,632,166
"S01000873",3097,2572,525
"S01000874",496,390,106
"S01000875",1427,1251,176
"S01000876",681,558,123
"S01000877",675,529,146
"S01000878",554,488,66
"S01000879",945,786,159
"S01000880",787,679,108
"S01000881",642,496,146
"S01000882",887,717,170
"S01000883",813,672,141
"S01000884",590,468,122
"S01000885",480,421,59
"S01000886",649,547,102
"S01000887",723,612,111
"S01000888",661,530,131
"S01000889",686,547,139
"S01000890",748,607,141
"S01000891",924,794,130
"S01000892",541,498,43
"S01000893",625,560,65
"S01000894",493,409,84
"S01000895",916,808,108
"S01000896",485,439,46
"S01000897",680,499,181
"S01000898",526,404,122
"S01000899",829,611,218
"S01000900",627,500,127
"S01000901",605,450,155
"S01000902",943,802,141
"S01000903",1014,749,265
"S01000904",696,532,164
"S01000905",692,586,106
"S01000906",536,416,120
"S01000907",734,564,170
"S01000908",751,617,134
"S01000909",951,789,162
"S01000910",842,672,170
"S01000911",1034,862,172
"S01000912",653,522,131
"S01000913",611,504,107
"S01000914",701,559,142
"S01000915",900,705,195
"S01000916",1046,804,242
"S01000917",677,523,154
"S01000918",551,417,134
"S01000919",631,477,154
"S01000920",597,499,98
"S01000921",667,525,142
"S01000922",965,788,177
"S01000923",862,689,173
"S01000924",861,665,196
"S01000925",1005,849,156
"S01000926",1010,815,195
"S01000927",913,680,233
"S01000928",980,783,197
"S01000929",481,348,133
"S01000930",540,418,122
"S01000931",654,518,136
"S01000932",1027,802,225
"S01000933",1032,834,198
"S01000934",903,672,231
"S01000935",767,616,151
"S01000936",856,678,178
"S01000937",558,440,118
"S01000938",783,620,163
"S01000939",739,555,184
"S01000940",902,739,163
"S01000941",478,344,134
"S01000942",1018,795,223
"S01000943",830,691,139
"S01000944",837,683,154
"S01000945",739,597,142
"S01000946",775,652,123
"S01000947",687,505,182
"S01000948",844,690,154
"S01000949",610,505,105
"S01000950",825,625,200
"S01000951",861,679,182
"S01000952",876,680,196
"S01000953",874,694,180
"S01000954",1116,927,189
"S01000955",627,503,124
"S01000956",851,661,190
"S01000957",542,458,84
"S01000958",797,610,187
"S01000959",700,588,112
"S01000960",566,405,161
"S01000961",843,672,171
"S01000962",660,513,147
"S01000963",843,637,206
"S01000964",989,844,145
"S01000965",642,524,118
"S01000966",1086,872,214
"S01000967",578,430,148
"S01000968",1056,886,170
"S01000969",908,684,224
"S01000970",788,576,212
"S01000971",729,585,144
"S01000972",922,795,127
"S01000973",660,566,94
"S01000974",1227,1012,215
"S01000975",647,562,85
"S01000976",507,412,95
"S01000977",921,751,170
"S01000978",820,663,157
"S01000979",703,582,121
"S01000980",677,523,154
"S01000981",686,588,98
"S01000982",736,611,125
"S01000983",534,418,116
"S01000984",620,495,125
"S01000985",714,588,126
"S01000986",611,494,117
"S01000987",637,529,108
"S01000988",565,474,91
"S01000989",813,703,110
"S01000990",840,669,171
"S01000991",435,374,61
"S01000992",1095,874,221
"S01000993",843,678,165
"S01000994",1104,869,235
"S01000995",778,707,71
"S01000996",1122,875,247
"S01000997",891,774,117
"S01000998",694,534,160
"S01000999",650,580,70
"S01001000",576,479,97
"S01001001",551,464,87
"S01001002",631,559,72
"S01001003",828,711,117
"S01001004",661,569,92
"S01001005",844,732,112
"S01001006",702,595,107
"S01001007",917,730,187
"S01001008",756,631,125
"S01001009",614,520,94
"S01001010",917,671,246
"S01001011",588,513,75
"S01001012",744,629,115
"S01001013",895,713,182
"S01001014",844,638,206
"S01001015",515,359,156
"S01001016",823,637,186
"S01001017",858,684,174
"S01001018",798,644,154
"S01001019",1056,809,247
"S01001020",548,445,103
"S01001021",1022,847,175
"S01001022",835,691,144
"S01001023",999,827,172
"S01001024",1862,1597,265
"S01001025",1264,1086,178
"S01001026",886,731,155
"S01001027",906,733,173
"S01001028",774,616,158
"S01001029",754,576,178
"S01001030",716,587,129
"S01001031",957,755,202
"S01001032",692,524,168
"S01001033",724,573,151
"S01001034",718,528,190
"S01001035",509,410,99
"S01001036",663,527,136
"S01001037",860,638,222
"S01001038",772,680,92
"S01001039",539,440,99
"S01001040",699,606,93
"S01001041",682,563,119
"S01001042",991,852,139
"S01001043",664,574,90
"S01001044",923,704,219
"S01001045",656,551,105
"S01001046",847,702,145
"S01001047",864,685,179
"S01001048",579,500,79
"S01001049",630,489,141
"S01001050",956,755,201
"S01001051",638,490,148
"S01001052",519,402,117
"S01001053",773,652,121
"S01001054",714,575,139
"S01001055",858,656,202
"S01001056",711,577,134
"S01001057",639,502,137
"S01001058",768,587,181
"S01001059",660,573,87
"S01001060",706,581,125
"S01001061",741,590,151
"S01001062",588,521,67
"S01001063",884,749,135
"S01001064",717,583,134
"S01001065",756,630,126
"S01001066",772,622,150
"S01001067",781,637,144
"S01001068",867,704,163
"S01001069",856,723,133
"S01001070",890,736,154
"S01001071",707,620,87
"S01001072",898,762,136
"S01001073",1133,921,212
"S01001074",492,425,67
"S01001075",926,703,223
"S01001076",854,715,139
"S01001077",930,724,206
"S01001078",957,803,154
"S01001079",554,490,64
"S01001080",722,604,118
"S01001081",629,475,154
"S01001082",945,742,203
"S01001083",813,639,174
"S01001084",961,794,167
"S01001085",833,642,191
"S01001086",748,533,215
"S01001087",476,315,161
"S01001088",1009,777,232
"S01001089",931,692,239
"S01001090",885,806,79
"S01001091",613,524,89
"S01001092",1015,937,78
"S01001093",875,785,90
"S01001094",882,787,95
"S01001095",1508,1424,84
"S01001096",939,830,109
"S01001097",673,593,80
"S01001098",906,834,72
"S01001099",1964,1739,225
"S01001100",963,760,203
"S01001101",1530,1421,109
"S01001102",1393,1259,134
"S01001103",701,637,64
"S01001104",800,694,106
"S01001105",801,715,86
"S01001106",955,847,108
"S01001107",948,754,194
"S01001108",1679,1500,179
"S01001109",1686,1500,186
"S01001110",808,696,112
"S01001111",1093,962,131
"S01001112",814,661,153
"S01001113",1050,859,191
"S01001114",907,668,239
"S01001115",742,587,155
"S01001116",702,508,194
"S01001117",582,448,134
"S01001118",522,408,114
"S01001119",964,743,221
"S01001120",649,537,112
"S01001121",644,514,130
"S01001122",687,568,119
"S01001123",990,861,129
"S01001124",624,473,151
"S01001125",363,295,68
"S01001126",845,711,134
"S01001127",783,645,138
"S01001128",644,579,65
"S01001129",935,766,169
"S01001130",762,609,153
"S01001131",484,395,89
"S01001132",695,570,125
"S01001133",1062,865,197
"S01001134",853,752,101
"S01001135",342,269,73
"S01001136",1023,817,206
"S01001137",1041,749,292
"S01001138",1406,1196,210
"S01001139",753,535,218
"S01001140",977,703,274
"S01001141",516,415,101
"S01001142",899,761,138
"S01001143",790,672,118
"S01001144",711,585,126
"S01001145",579,420,159
"S01001146",778,667,111
"S01001147",773,644,129
"S01001148",733,623,110
"S01001149",643,528,115
"S01001150",770,633,137
"S01001151",578,365,213
"S01001152",928,686,242
"S01001153",732,601,131
"S01001154",738,669,69
"S01001155",618,523,95
"S01001156",772,639,133
"S01001157",756,677,79
"S01001158",591,422,169
"S01001159",747,589,158
"S01001160",545,383,162
"S01001161",575,443,132
"S01001162",821,697,124
"S01001163",723,579,144
"S01001164",629,479,150
"S01001165",786,616,170
"S01001166",280,211,69
"S01001167",815,694,121
"S01001168",764,649,115
"S01001169",1125,839,286
"S01001170",819,603,216
"S01001171",583,506,77
"S01001172",583,439,144
"S01001173",934,759,175
"S01001174",648,528,120
"S01001175",903,706,197
"S01001176",857,706,151
"S01001177",888,642,246
"S01001178",792,537,255
"S01001179",914,802,112
"S01001180",689,486,203
"S01001181",840,719,121
"S01001182",895,714,181
"S01001183",840,587,253
"S01001184",853,768,85
"S01001185",532,463,69
"S01001186",709,602,107
"S01001187",917,706,211
"S01001188",773,576,197
"S01001189",964,727,237
"S01001190",683,592,91
"S01001191",694,508,186
"S01001192",952,641,311
"S01001193",827,705,122
"S01001194",884,762,122
"S01001195",940,709,231
"S01001196",960,685,275
"S01001197",535,405,130
"S01001198",744,578,166
"S01001199",884,654,230
"S01001200",1087,774,313
"S01001201",667,539,128
"S01001202",629,469,160
"S01001203",766,550,216
"S01001204",734,644,90
"S01001205",723,611,112
"S01001206",730,572,158
"S01001207",754,564,190
"S01001208",598,423,175
"S01001209",547,500,47
"S01001210",877,647,230
"S01001211",1013,825,188
"S01001212",590,433,157
"S01001213",973,683,290
"S01001214",705,494,211
"S01001215",727,609,118
"S01001216",889,682,207
"S01001217",1147,899,248
"S01001218",812,752,60
"S01001219",841,695,146
"S01001220",505,398,107
"S01001221",1429,1293,136
"S01001222",1052,754,298
"S01001223",701,591,110
"S01001224",956,696,260
"S01001225",919,788,131
"S01001226",486,397,89
"S01001227",707,614,93
"S01001228",734,594,140
"S01001229",696,587,109
"S01001230",782,519,263
"S01001231",634,488,146
"S01001232",2408,2244,164
"S01001233",959,713,246
"S01001234",492,381,111
"S01001235",848,706,142
"S01001236",883,662,221
"S01001237",552,469,83
"S01001238",522,394,128
"S01001239",603,455,148
"S01001240",763,592,171
"S01001241",606,504,102
"S01001242",899,789,110
"S01001243",1165,932,233
"S01001244",838,741,97
"S01001245",850,680,170
"S01001246",980,793,187
"S01001247",565,446,119
"S01001248",795,705,90
"S01001249",676,558,118
"S01001250",879,674,205
"S01001251",548,432,116
"S01001252",567,472,95
"S01001253",708,564,144
"S01001254",674,532,142
"S01001255",871,716,155
"S01001256",701,565,136
"S01001257",799,629,170
"S01001258",624,505,119
"S01001259",803,662,141
"S01001260",895,751,144
"S01001261",895,707,188
"S01001262",916,769,147
"S01001263",449,348,101
"S01001264",1966,1795,171
"S01001265",586,552,34
"S01001266",753,646,107
"S01001267",938,740,198
"S01001268",669,574,95
"S01001269",537,405,132
"S01001270",669,465,204
"S01001271",705,490,215
"S01001272",688,496,192
"S01001273",723,494,229
"S01001274",764,586,178
"S01001275",669,452,217
"S01001276",607,510,97
"S01001277",773,570,203
"S01001278",382,299,83
"S01001279",687,493,194
"S01001280",536,377,159
"S01001281",724,458,266
"S01001282",752,516,236
"S01001283",526,428,98
"S01001284",1009,826,183
"S01001285",656,497,159
"S01001286",468,370,98
"S01001287",793,609,184
"S01001288",920,688,232
"S01001289",705,535,170
"S01001290",646,496,150
"S01001291",401,315,86
"S01001292",803,637,166
"S01001293",757,530,227
"S01001294",628,494,134
"S01001295",810,558,252
"S01001296",616,455,161
"S01001297",835,651,184
"S01001298",828,638,190
"S01001299",847,623,224
"S01001300",1484,1247,237
"S01001301",549,423,126
"S01001302",788,652,136
"S01001303",615,520,95
"S01001304",1325,1153,172
"S01001305",737,584,153
"S01001306",711,539,172
"S01001307",1158,902,256
"S01001308",932,674,258
"S01001309",644,456,188
"S01001310",795,553,242
"S01001311",639,521,118
"S01001312",730,517,213
"S01001313",867,653,214
"S01001314",738,600,138
"S01001315",1036,855,181
"S01001316",883,609,274
"S01001317",916,761,155
"S01001318",542,451,91
"S01001319",645,437,208
"S01001320",867,668,199
"S01001321",578,483,95
"S01001322",849,705,144
"S01001323",597,502,95
"S01001324",1003,755,248
"S01001325",738,592,146
"S01001326",869,653,216
"S01001327",791,608,183
"S01001328",878,653,225
"S01001329",576,450,126
"S01001330",816,727,89
"S01001331",840,639,201
"S01001332",874,681,193
"S01001333",807,579,228
"S01001334",833,689,144
"S01001335",927,679,248
"S01001336",828,649,179
"S01001337",760,663,97
"S01001338",728,540,188
"S01001339",755,625,130
"S01001340",745,612,133
"S01001341",883,641,242
"S01001342",928,678,250
"S01001343",938,741,197
"S01001344",751,636,115
"S01001345",617,423,194
"S01001346",709,613,96
"S01001347",728,643,85
"S01001348",655,488,167
"S01001349",1301,1026,275
"S01001350",660,495,165
"S01001351",449,397,52
"S01001352",761,604,157
"S01001353",1423,1350,73
"S01001354",787,598,189
"S01001355",756,600,156
"S01001356",634,549,85
"S01001357",703,483,220
"S01001358",915,716,199
"S01001359",741,642,99
"S01001360",1168,944,224
"S01001361",645,556,89
"S01001362",547,445,102
"S01001363",559,443,116
"S01001364",850,631,219
"S01001365",607,468,139
"S01001366",900,752,148
"S01001367",701,566,135
"S01001368",1187,1023,164
"S01001369",933,727,206
"S01001370",830,697,133
"S01001371",697,511,186
"S01001372",685,562,123
"S01001373",693,508,185
"S01001374",514,423,91
"S01001375",631,540,91
"S01001376",772,631,141
"S01001377",777,570,207
"S01001378",622,508,114
"S01001379",1026,785,241
"S01001380",781,580,201
"S01001381",825,680,145
"S01001382",657,421,236
"S01001383",565,437,128
"S01001384",923,715,208
"S01001385",776,610,166
"S01001386",862,697,165
"S01001387",909,740,169
"S01001388",1430,1166,264
"S01001389",484,376,108
"S01001390",759,635,124
"S01001391",722,591,131
"S01001392",786,623,163
"S01001393",522,436,86
"S01001394",430,333,97
"S01001395",928,798,130
"S01001396",788,602,186
"S01001397",781,597,184
"S01001398",780,673,107
"S01001399",858,651,207
"S01001400",913,681,232
"S01001401",656,515,141
"S01001402",818,724,94
"S01001403",1249,1148,101
"S01001404",657,623,34
"S01001405",1167,1070,97
"S01001406",2581,2387,194
"S01001407",788,613,175
"S01001408",881,705,176
"S01001409",898,732,166
"S01001410",1038,871,167
"S01001411",617,538,79
"S01001412",896,712,184
"S01001413",890,811,79
"S01001414",642,498,144
"S01001415",805,658,147
"S01001416",720,610,110
"S01001417",923,794,129
"S01001418",831,711,120
"S01001419",779,684,95
"S01001420",1185,1060,125
"S01001421",1127,947,180
"S01001422",727,670,57
"S01001423",795,699,96
"S01001424",1072,806,266
"S01001425",1694,1397,297
"S01001426",819,666,153
"S01001427",881,772,109
"S01001428",864,677,187
"S01001429",610,462,148
"S01001430",946,754,192
"S01001431",940,817,123
"S01001432",655,580,75
"S01001433",816,698,118
"S01001434",869,711,158
"S01001435",1037,917,120
"S01001436",976,873,103
"S01001437",891,756,135
"S01001438",613,541,72
"S01001439",750,652,98
"S01001440",878,760,118
"S01001441",790,654,136
"S01001442",685,592,93
"S01001443",932,792,140
"S01001444",915,810,105
"S01001445",702,610,92
"S01001446",908,765,143
"S01001447",1321,1145,176
"S01001448",744,627,117
"S01001449",599,537,62
"S01001450",809,661,148
"S01001451",699,602,97
"S01001452",820,726,94
"S01001453",835,770,65
"S01001454",914,787,127
"S01001455",771,669,102
"S01001456",656,541,115
"S01001457",904,794,110
"S01001458",917,767,150
"S01001459",905,794,111
"S01001460",653,573,80
"S01001461",856,730,126
"S01001462",831,735,96
"S01001463",516,405,111
"S01001464",881,777,104
"S01001465",691,621,70
"S01001466",727,639,88
"S01001467",812,750,62
"S01001468",667,587,80
"S01001469",860,763,97
"S01001470",937,878,59
"S01001471",759,700,59
"S01001472",800,662,138
"S01001473",778,652,126
"S01001474",882,733,149
"S01001475",610,527,83
"S01001476",993,908,85
"S01001477",933,833,100
"S01001478",662,579,83
"S01001479",635,532,103
"S01001480",489,409,80
"S01001481",874,785,89
"S01001482",701,585,116
"S01001483",1049,970,79
"S01001484",829,754,75
"S01001485",614,538,76
"S01001486",755,636,119
"S01001487",665,504,161
"S01001488",872,748,124
"S01001489",801,674,127
"S01001490",961,765,196
"S01001491",884,809,75
"S01001492",913,713,200
"S01001493",886,779,107
"S01001494",891,697,194
"S01001495",618,541,77
"S01001496",936,820,116
"S01001497",766,610,156
"S01001498",678,616,62
"S01001499",1091,971,120
"S01001500",583,435,148
"S01001501",858,768,90
"S01001502",840,715,125
"S01001503",802,716,86
"S01001504",875,675,200
"S01001505",1029,885,144
"S01001506",602,505,97
"S01001507",895,834,61
"S01001508",903,835,68
"S01001509",814,614,200
"S01001510",630,473,157
"S01001511",575,514,61
"S01001512",852,636,216
"S01001513",911,713,198
"S01001514",747,625,122
"S01001515",697,615,82
"S01001516",704,564,140
"S01001517",847,564,283
"S01001518",1014,783,231
"S01001519",962,855,107
"S01001520",707,579,128
"S01001521",977,834,143
"S01001522",1057,790,267
"S01001523",790,729,61
"S01001524",941,733,208
"S01001525",788,635,153
"S01001526",627,549,78
"S01001527",898,747,151
"S01001528",973,871,102
"S01001529",707,569,138
"S01001530",761,616,145
"S01001531",1175,996,179
"S01001532",597,517,80
"S01001533",962,859,103
"S01001534",669,593,76
"S01001535",853,735,118
"S01001536",808,614,194
"S01001537",499,385,114
"S01001538",814,700,114
"S01001539",892,717,175
"S01001540",810,760,50
"S01001541",828,698,130
"S01001542",670,597,73
"S01001543",746,648,98
"S01001544",919,767,152
"S01001545",715,658,57
"S01001546",989,731,258
"S01001547",995,763,232
"S01001548",1035,923,112
"S01001549",996,832,164
"S01001550",789,699,90
"S01001551",936,823,113
"S01001552",864,743,121
"S01001553",903,791,112
"S01001554",992,845,147
"S01001555",758,561,197
"S01001556",845,703,142
"S01001557",989,875,114
"S01001558",829,642,187
"S01001559",387,282,105
"S01001560",1450,1306,144
"S01001561",1347,1165,182
"S01001562",2633,2385,248
"S01001563",597,503,94
"S01001564",557,463,94
"S01001565",733,588,145
"S01001566",664,571,93
"S01001567",907,777,130
"S01001568",727,657,70
"S01001569",811,742,69
"S01001570",512,477,35
"S01001571",724,579,145
"S01001572",532,457,75
"S01001573",658,579,79
"S01001574",877,689,188
"S01001575",750,640,110
"S01001576",597,444,153
"S01001577",714,606,108
"S01001578",756,590,166
"S01001579",849,648,201
"S01001580",565,470,95
"S01001581",640,556,84
"S01001582",711,560,151
"S01001583",482,402,80
"S01001584",776,607,169
"S01001585",920,702,218
"S01001586",473,441,32
"S01001587",755,564,191
"S01001588",796,656,140
"S01001589",819,644,175
"S01001590",642,569,73
"S01001591",641,497,144
"S01001592",796,661,135
"S01001593",784,652,132
"S01001594",798,603,195
"S01001595",718,582,136
"S01001596",826,696,130
"S01001597",851,706,145
"S01001598",678,573,105
"S01001599",924,740,184
"S01001600",1012,805,207
"S01001601",1213,1068,145
"S01001602",640,546,94
"S01001603",1009,802,207
"S01001604",644,538,106
"S01001605",762,658,104
"S01001606",617,502,115
"S01001607",2654,2339,315
"S01001608",809,701,108
"S01001609",901,735,166
"S01001610",777,654,123
"S01001611",1024,914,110
"S01001612",835,749,86
"S01001613",776,597,179
"S01001614",672,498,174
"S01001615",780,641,139
"S01001616",754,702,52
"S01001617",628,462,166
"S01001618",946,810,136
"S01001619",693,552,141
"S01001620",875,589,286
"S01001621",680,537,143
"S01001622",838,702,136
"S01001623",766,562,204
"S01001624",996,806,190
"S01001625",797,612,185
"S01001626",737,630,107
"S01001627",1394,1146,248
"S01001628",618,516,102
"S01001629",567,437,130
"S01001630",556,432,124
"S01001631",1415,1207,208
"S01001632",583,538,45
"S01001633",885,799,86
"S01001634",1029,932,97
"S01001635",735,605,130
"S01001636",515,460,55
"S01001637",709,622,87
"S01001638",887,714,173
"S01001639",710,518,192
"S01001640",648,578,70
"S01001641",1566,1411,155
"S01001642",900,698,202
"S01001643",733,623,110
"S01001644",1768,1574,194
"S01001645",987,821,166
"S01001646",612,539,73
"S01001647",647,520,127
"S01001648",747,610,137
"S01001649",754,578,176
"S01001650",852,737,115
"S01001651",901,730,171
"S01001652",774,697,77
"S01001653",617,495,122
"S01001654",936,838,98
"S01001655",578,500,78
"S01001656",1352,1120,232
"S01001657",502,456,46
"S01001658",1002,860,142
"S01001659",706,633,73
"S01001660",678,605,73
"S01001661",818,712,106
"S01001662",729,607,122
"S01001663",841,737,104
"S01001664",557,500,57
"S01001665",868,692,176
"S01001666",558,470,88
"S01001667",819,682,137
"S01001668",878,800,78
"S01001669",669,537,132
"S01001670",639,565,74
"S01001671",516,462,54
"S01001672",583,473,110
"S01001673",662,575,87
"S01001674",697,552,145
"S01001675",706,614,92
"S01001676",1223,1097,126
"S01001677",844,762,82
"S01001678",832,731,101
"S01001679",934,818,116
"S01001680",589,508,81
"S01001681",674,603,71
"S01001682",601,535,66
"S01001683",734,630,104
"S01001684",516,452,64
"S01001685",763,619,144
"S01001686",900,786,114
"S01001687",980,813,167
"S01001688",956,855,101
"S01001689",674,584,90
"S01001690",906,814,92
"S01001691",848,768,80
"S01001692",662,531,131
"S01001693",915,835,80
"S01001694",657,566,91
"S01001695",761,677,84
"S01001696",739,658,81
"S01001697",853,733,120
"S01001698",529,458,71
"S01001699",700,669,31
"S01001700",1023,932,91
"S01001701",926,739,187
"S01001702",990,774,216
"S01001703",822,753,69
"S01001704",916,834,82
"S01001705",629,584,45
"S01001706",789,714,75
"S01001707",727,575,152
"S01001708",953,769,184
"S01001709",602,558,44
"S01001710",692,614,78
"S01001711",790,715,75
"S01001712",458,398,60
"S01001713",871,778,93
"S01001714",705,632,73
"S01001715",883,806,77
"S01001716",846,667,179
"S01001717",808,745,63
"S01001718",550,490,60
"S01001719",795,738,57
"S01001720",699,639,60
"S01001721",731,628,103
"S01001722",746,672,74
"S01001723",872,797,75
"S01001724",813,625,188
"S01001725",779,637,142
"S01001726",649,594,55
"S01001727",1015,891,124
"S01001728",649,603,46
"S01001729",976,844,132
"S01001730",650,567,83
"S01001731",674,592,82
"S01001732",571,501,70
"S01001733",908,741,167
"S01001734",530,464,66
"S01001735",480,434,46
"S01001736",1092,949,143
"S01001737",609,534,75
"S01001738",610,556,54
"S01001739",637,584,53
"S01001740",745,636,109
"S01001741",651,538,113
"S01001742",764,622,142
"S01001743",990,795,195
"S01001744",546,484,62
"S01001745",795,694,101
"S01001746",967,808,159
"S01001747",857,660,197
"S01001748",619,551,68
"S01001749",739,550,189
"S01001750",633,483,150
"S01001751",963,774,189
"S01001752",935,855,80
"S01001753",799,631,168
"S01001754",771,716,55
"S01001755",1062,902,160
"S01001756",652,516,136
"S01001757",757,654,103
"S01001758",785,654,131
"S01001759",684,535,149
"S01001760",797,661,136
"S01001761",727,525,202
"S01001762",978,770,208
"S01001763",832,779,53
"S01001764",531,478,53
"S01001765",949,744,205
"S01001766",651,562,89
"S01001767",587,499,88
"S01001768",604,523,81
"S01001769",626,503,123
"S01001770",566,452,114
"S01001771",841,723,118
"S01001772",522,398,124
"S01001773",941,757,184
"S01001774",673,609,64
"S01001775",836,708,128
"S01001776",624,485,139
"S01001777",916,829,87
"S01001778",877,609,268
"S01001779",539,441,98
"S01001780",867,670,197
"S01001781",690,602,88
"S01001782",968,826,142
"S01001783",598,449,149
"S01001784",589,467,122
"S01001785",611,540,71
"S01001786",640,524,116
"S01001787",566,496,70
"S01001788",791,683,108
"S01001789",738,612,126
"S01001790",692,612,80
"S01001791",726,657,69
"S01001792",684,590,94
"S01001793",903,808,95
"S01001794",948,824,124
"S01001795",443,399,44
"S01001796",835,746,89
"S01001797",676,529,147
"S01001798",806,728,78
"S01001799",1090,875,215
"S01001800",942,869,73
"S01001801",1008,939,69
"S01001802",835,748,87
"S01001803",1010,900,110
"S01001804",952,782,170
"S01001805",699,593,106
"S01001806",666,586,80
"S01001807",841,737,104
"S01001808",528,432,96
"S01001809",1036,827,209
"S01001810",876,777,99
"S01001811",673,626,47
"S01001812",898,830,68
"S01001813",709,644,65
"S01001814",723,656,67
"S01001815",842,727,115
"S01001816",1120,1047,73
"S01001817",699,547,152
"S01001818",752,673,79
"S01001819",997,893,104
"S01001820",778,622,156
"S01001821",549,498,51
"S01001822",984,839,145
"S01001823",928,701,227
"S01001824",739,605,134
"S01001825",798,715,83
"S01001826",675,494,181
"S01001827",830,666,164
"S01001828",750,717,33
"S01001829",710,607,103
"S01001830",942,873,69
"S01001831",724,592,132
"S01001832",715,541,174
"S01001833",1153,1078,75
"S01001834",587,431,156
"S01001835",634,571,63
"S01001836",870,768,102
"S01001837",900,815,85
"S01001838",674,561,113
"S01001839",912,714,198
"S01001840",701,634,67
"S01001841",720,634,86
"S01001842",757,676,81
"S01001843",724,594,130
"S01001844",2465,2299,166
"S01001845",780,706,74
"S01001846",886,831,55
"S01001847",930,733,197
"S01001848",748,574,174
"S01001849",582,523,59
"S01001850",726,628,98
"S01001851",892,752,140
"S01001852",766,700,66
"S01001853",724,620,104
"S01001854",1037,870,167
"S01001855",802,725,77
"S01001856",840,636,204
"S01001857",679,538,141
"S01001858",903,725,178
"S01001859",1066,841,225
"S01001860",1128,1057,71
"S01001861",802,652,150
"S01001862",801,725,76
"S01001863",807,701,106
"S01001864",1387,1116,271
"S01001865",699,558,141
"S01001866",675,624,51
"S01001867",744,588,156
"S01001868",753,580,173
"S01001869",823,719,104
"S01001870",961,782,179
"S01001871",1700,1494,206
"S01001872",888,695,193
"S01001873",806,692,114
"S01001874",1137,965,172
"S01001875",907,838,69
"S01001876",1020,812,208
"S01001877",951,765,186
"S01001878",1076,1003,73
"S01001879",640,496,144
"S01001880",741,566,175
"S01001881",755,657,98
"S01001882",793,692,101
"S01001883",532,490,42
"S01001884",894,680,214
"S01001885",1211,1089,122
"S01001886",564,348,216
"S01001887",830,711,119
"S01001888",881,797,84
"S01001889",542,463,79
"S01001890",994,832,162
"S01001891",713,563,150
"S01001892",973,749,224
"S01001893",1000,811,189
"S01001894",805,634,171
"S01001895",859,721,138
"S01001896",809,741,68
"S01001897",914,706,208
"S01001898",616,455,161
"S01001899",785,672,113
"S01001900",754,613,141
"S01001901",934,778,156
"S01001902",919,860,59
"S01001903",598,466,132
"S01001904",598,437,161
"S01001905",905,845,60
"S01001906",709,521,188
"S01001907",811,604,207
"S01001908",914,817,97
"S01001909",670,521,149
"S01001910",744,646,98
"S01001911",747,699,48
"S01001912",742,634,108
"S01001913",1015,884,131
"S01001914",573,522,51
"S01001915",906,825,81
"S01001916",860,766,94
"S01001917",759,687,72
"S01001918",901,797,104
"S01001919",850,717,133
"S01001920",760,648,112
"S01001921",614,468,146
"S01001922",804,726,78
"S01001923",577,498,79
"S01001924",775,703,72
"S01001925",780,705,75
"S01001926",678,514,164
"S01001927",977,816,161
"S01001928",918,740,178
"S01001929",994,900,94
"S01001930",786,720,66
"S01001931",728,535,193
"S01001932",1615,1243,372
"S01001933",851,769,82
"S01001934",1523,1300,223
"S01001935",928,637,291
"S01001936",1149,996,153
"S01001937",867,679,188
"S01001938",630,544,86
"S01001939",556,508,48
"S01001940",824,738,86
"S01001941",1038,947,91
"S01001942",571,510,61
"S01001943",714,579,135
"S01001944",781,614,167
"S01001945",751,637,114
"S01001946",858,706,152
"S01001947",952,820,132
"S01001948",862,679,183
"S01001949",700,556,144
"S01001950",893,758,135
"S01001951",905,625,280
"S01001952",767,719,48
"S01001953",861,794,67
"S01001954",440,367,73
"S01001955",1137,930,207
"S01001956",763,592,171
"S01001957",500,377,123
"S01001958",852,664,188
"S01001959",562,456,106
"S01001960",919,858,61
"S01001961",1112,1036,76
"S01001962",905,756,149
"S01001963",914,817,97
"S01001964",737,680,57
"S01001965",762,574,188
"S01001966",1556,1236,320
"S01001967",650,593,57
"S01001968",854,710,144
"S01001969",620,496,124
"S01001970",630,558,72
"S01001971",779,574,205
"S01001972",711,645,66
"S01001973",679,597,82
"S01001974",850,779,71
"S01001975",848,740,108
"S01001976",837,753,84
"S01001977",840,627,213
"S01001978",1395,1085,310
"S01001979",710,619,91
"S01001980",833,778,55
"S01001981",933,858,75
"S01001982",396,310,86
"S01001983",702,652,50
"S01001984",944,830,114
"S01001985",764,683,81
"S01001986",635,595,40
"S01001987",829,792,37
"S01001988",801,691,110
"S01001989",880,759,121
"S01001990",954,889,65
"S01001991",834,744,90
"S01001992",847,773,74
"S01001993",727,661,66
"S01001994",897,833,64
"S01001995",653,595,58
"S01001996",825,776,49
"S01001997",793,641,152
"S01001998",743,681,62
"S01001999",739,703,36
"S01002000",768,626,142
"S01002001",786,694,92
"S01002002",733,707,26
"S01002003",850,726,124
"S01002004",812,741,71
"S01002005",773,562,211
"S01002006",888,799,89
"S01002007",956,849,107
"S01002008",932,877,55
"S01002009",864,786,78
"S01002010",520,475,45
"S01002011",1057,971,86
"S01002012",825,767,58
"S01002013",798,731,67
"S01002014",869,800,69
"S01002015",822,730,92
"S01002016",589,551,38
"S01002017",1143,763,380
"S01002018",802,697,105
"S01002019",815,771,44
"S01002020",557,519,38
"S01002021",1002,771,231
"S01002022",984,853,131
"S01002023",776,727,49
"S01002024",712,660,52
"S01002025",901,753,148
"S01002026",663,590,73
"S01002027",1198,1117,81
"S01002028",2533,2425,108
"S01002029",770,742,28
"S01002030",731,658,73
"S01002031",688,579,109
"S01002032",771,669,102
"S01002033",772,651,121
"S01002034",779,702,77
"S01002035",730,658,72
"S01002036",891,787,104
"S01002037",677,631,46
"S01002038",517,490,27
"S01002039",694,608,86
"S01002040",610,547,63
"S01002041",888,810,78
"S01002042",958,750,208
"S01002043",719,624,95
"S01002044",635,500,135
"S01002045",1058,858,200
"S01002046",567,469,98
"S01002047",854,681,173
"S01002048",879,827,52
"S01002049",1121,1003,118
"S01002050",738,626,112
"S01002051",763,565,198
"S01002052",875,756,119
"S01002053",994,927,67
"S01002054",650,592,58
"S01002055",918,820,98
"S01002056",907,743,164
"S01002057",908,807,101
"S01002058",1040,917,123
"S01002059",684,569,115
"S01002060",751,677,74
"S01002061",705,629,76
"S01002062",568,431,137
"S01002063",1186,1076,110
"S01002064",1130,1013,117
"S01002065",984,913,71
"S01002066",1064,955,109
"S01002067",885,741,144
"S01002068",937,813,124
"S01002069",626,532,94
"S01002070",658,562,96
"S01002071",686,610,76
"S01002072",1135,1006,129
"S01002073",644,519,125
"S01002074",670,573,97
"S01002075",917,797,120
"S01002076",846,728,118
"S01002077",783,688,95
"S01002078",1068,938,130
"S01002079",1036,880,156
"S01002080",996,882,114
"S01002081",758,682,76
"S01002082",848,761,87
"S01002083",545,397,148
"S01002084",796,709,87
"S01002085",745,695,50
"S01002086",631,549,82
"S01002087",1053,848,205
"S01002088",968,836,132
"S01002089",1014,920,94
"S01002090",1058,868,190
"S01002091",825,742,83
"S01002092",1027,842,185
"S01002093",990,859,131
"S01002094",717,595,122
"S01002095",581,491,90
"S01002096",1441,1326,115
"S01002097",782,681,101
"S01002098",724,574,150
"S01002099",853,801,52
"S01002100",564,488,76
"S01002101",1119,903,216
"S01002102",628,516,112
"S01002103",616,537,79
"S01002104",1429,1184,245
"S01002105",978,903,75
"S01002106",955,874,81
"S01002107",507,439,68
"S01002108",1200,1102,98
"S01002109",936,860,76
"S01002110",692,648,44
"S01002111",1045,936,109
"S01002112",1098,972,126
"S01002113",742,645,97
"S01002114",697,640,57
"S01002115",1079,1003,76
"S01002116",890,786,104
"S01002117",732,633,99
"S01002118",1164,951,213
"S01002119",594,489,105
"S01002120",715,637,78
"S01002121",651,540,111
"S01002122",965,823,142
"S01002123",997,888,109
"S01002124",957,854,103
"S01002125",1102,919,183
"S01002126",601,529,72
"S01002127",728,622,106
"S01002128",771,723,48
"S01002129",1025,834,191
"S01002130",553,489,64
"S01002131",821,748,73
"S01002132",802,691,111
"S01002133",998,901,97
"S01002134",590,528,62
"S01002135",868,789,79
"S01002136",780,677,103
"S01002137",859,727,132
"S01002138",722,584,138
"S01002139",675,612,63
"S01002140",803,640,163
"S01002141",730,655,75
"S01002142",1088,939,149
"S01002143",731,587,144
"S01002144",706,627,79
"S01002145",1002,919,83
"S01002146",1000,894,106
"S01002147",903,713,190
"S01002148",888,832,56
"S01002149",1018,824,194
"S01002150",703,643,60
"S01002151",1544,1344,200
"S01002152",843,756,87
"S01002153",501,443,58
"S01002154",822,643,179
"S01002155",946,759,187
"S01002156",727,679,48
"S01002157",765,702,63
"S01002158",800,737,63
"S01002159",714,623,91
"S01002160",891,697,194
"S01002161",779,735,44
"S01002162",1010,871,139
"S01002163",1050,923,127
"S01002164",804,674,130
"S01002165",878,791,87
"S01002166",818,763,55
"S01002167",622,478,144
"S01002168",1022,872,150
"S01002169",850,777,73
"S01002170",880,660,220
"S01002171",603,500,103
"S01002172",704,603,101
"S01002173",971,822,149
"S01002174",882,788,94
"S01002175",990,873,117
"S01002176",765,641,124
"S01002177",798,736,62
"S01002178",877,793,84
"S01002179",667,576,91
"S01002180",585,554,31
"S01002181",793,686,107
"S01002182",772,711,61
"S01002183",860,736,124
"S01002184",763,672,91
"S01002185",941,751,190
"S01002186",733,683,50
"S01002187",910,846,64
"S01002188",770,676,94
"S01002189",663,571,92
"S01002190",844,779,65
"S01002191",787,573,214
"S01002192",876,711,165
"S01002193",910,825,85
"S01002194",816,668,148
"S01002195",1113,962,151
"S01002196",637,571,66
"S01002197",685,560,125
"S01002198",792,673,119
"S01002199",821,750,71
"S01002200",1096,1011,85
"S01002201",1060,979,81
"S01002202",853,803,50
"S01002203",471,440,31
"S01002204",708,522,186
"S01002205",733,663,70
"S01002206",1019,928,91
"S01002207",812,716,96
"S01002208",680,628,52
"S01002209",936,806,130
"S01002210",552,501,51
"S01002211",638,407,231
"S01002212",1126,871,255
"S01002213",824,723,101
"S01002214",764,698,66
"S01002215",1135,933,202
"S01002216",1700,1541,159
"S01002217",1275,1028,247
"S01002218",562,517,45
"S01002219",689,626,63
"S01002220",782,698,84
"S01002221",958,825,133
"S01002222",870,793,77
"S01002223",717,620,97
"S01002224",912,806,106
"S01002225",991,906,85
"S01002226",1074,979,95
"S01002227",823,625,198
"S01002228",983,850,133
"S01002229",720,625,95
"S01002230",1027,920,107
"S01002231",1166,1079,87
"S01002232",846,664,182
"S01002233",952,795,157
"S01002234",787,648,139
"S01002235",1009,898,111
"S01002236",948,760,188
"S01002237",1346,1141,205
"S01002238",564,412,152
"S01002239",949,695,254
"S01002240",970,804,166
"S01002241",1019,824,195
"S01002242",797,708,89
"S01002243",842,757,85
"S01002244",926,829,97
"S01002245",2145,1979,166
"S01002246",947,796,151
"S01002247",843,653,190
"S01002248",1130,976,154
"S01002249",968,746,222
"S01002250",925,835,90
"S01002251",888,814,74
"S01002252",755,642,113
"S01002253",962,751,211
"S01002254",908,783,125
"S01002255",1690,1451,239
"S01002256",1134,1040,94
"S01002257",714,622,92
"S01002258",888,699,189
"S01002259",542,464,78
"S01002260",870,794,76
"S01002261",1057,926,131
"S01002262",807,697,110
"S01002263",833,726,107
"S01002264",852,766,86
"S01002265",1661,1385,276
"S01002266",749,615,134
"S01002267",1073,868,205
"S01002268",750,672,78
"S01002269",989,864,125
"S01002270",1718,1506,212
"S01002271",813,691,122
"S01002272",775,710,65
"S01002273",782,659,123
"S01002274",1287,1059,228
"S01002275",1478,1219,259
"S01002276",884,809,75
"S01002277",929,748,181
"S01002278",1116,883,233
"S01002279",1505,1207,298
"S01002280",792,701,91
"S01002281",647,489,158
"S01002282",266,195,71
"S01002283",715,621,94
"S01002284",2078,1843,235
"S01002285",998,807,191
"S01002286",756,643,113
"S01002287",692,612,80
"S01002288",1345,1171,174
"S01002289",1223,997,226
"S01002290",1000,848,152
"S01002291",762,541,221
"S01002292",1119,913,206
"S01002293",797,698,99
"S01002294",675,600,75
"S01002295",727,652,75
"S01002297",868,689,179
"S01002298",712,657,55
"S01002299",781,666,115
"S01002300",774,684,90
"S01002301",2097,1847,250
"S01002302",982,799,183
"S01002303",785,607,178
"S01002304",1693,1527,166
"S01002305",863,654,209
"S01002306",477,413,64
"S01002307",1086,966,120
"S01002308",961,837,124
"S01002309",749,576,173
"S01002310",1014,708,306
"S01002311",881,810,71
"S01002312",690,525,165
"S01002313",734,667,67
"S01002314",884,793,91
"S01002315",569,508,61
"S01002316",732,658,74
"S01002317",3728,3277,451
"S01002318",901,742,159
"S01002319",1094,779,315
"S01002320",619,549,70
"S01002321",1128,864,264
"S01002322",664,547,117
"S01002323",785,675,110
"S01002324",755,550,205
"S01002325",1784,1508,276
"S01002326",1025,847,178
"S01002327",827,735,92
"S01002328",730,644,86
"S01002329",680,599,81
"S01002330",766,645,121
"S01002331",701,590,111
"S01002332",870,809,61
"S01002333",752,682,70
"S01002334",961,871,90
"S01002335",916,786,130
"S01002336",1021,936,85
"S01002337",893,805,88
"S01002338",476,361,115
"S01002339",621,519,102
"S01002340",643,556,87
"S01002341",530,447,83
"S01002342",622,498,124
"S01002343",745,618,127
"S01002344",519,433,86
"S01002345",811,678,133
"S01002346",888,734,154
"S01002347",731,619,112
"S01002348",936,770,166
"S01002349",980,787,193
"S01002350",918,747,171
"S01002351",773,608,165
"S01002352",892,701,191
"S01002353",837,697,140
"S01002354",872,719,153
"S01002355",849,698,151
"S01002356",872,686,186
"S01002357",625,480,145
"S01002358",496,404,92
"S01002359",869,637,232
"S01002360",653,521,132
"S01002361",654,512,142
"S01002362",805,677,128
"S01002363",1090,914,176
"S01002364",661,541,120
"S01002365",616,510,106
"S01002366",893,789,104
"S01002367",1074,924,150
"S01002368",930,772,158
"S01002369",621,493,128
"S01002370",733,589,144
"S01002371",709,585,124
"S01002372",761,590,171
"S01002373",660,529,131
"S01002374",795,638,157
"S01002375",892,700,192
"S01002376",892,706,186
"S01002377",871,666,205
"S01002378",512,433,79
"S01002379",1164,976,188
"S01002380",810,669,141
"S01002381",895,750,145
"S01002382",633,453,180
"S01002383",525,485,40
"S01002384",520,439,81
"S01002385",776,601,175
"S01002386",1002,849,153
"S01002387",726,621,105
"S01002388",737,672,65
"S01002389",693,613,80
"S01002390",1156,1021,135
"S01002391",1456,1316,140
"S01002392",1884,1733,151
"S01002393",1027,925,102
"S01002394",797,653,144
"S01002395",730,630,100
"S01002396",693,576,117
"S01002397",1752,1557,195
"S01002398",760,663,97
"S01002399",984,752,232
"S01002400",807,724,83
"S01002401",1141,1077,64
"S01002402",817,645,172
"S01002403",743,616,127
"S01002404",1010,873,137
"S01002405",702,626,76
"S01002406",894,676,218
"S01002407",683,554,129
"S01002408",829,633,196
"S01002409",656,518,138
"S01002410",498,437,61
"S01002411",2706,2430,276
"S01002412",918,788,130
"S01002413",628,543,85
"S01002414",623,469,154
"S01002415",721,570,151
"S01002416",572,501,71
"S01002417",631,505,126
"S01002418",886,692,194
"S01002419",554,501,53
"S01002420",651,478,173
"S01002421",814,713,101
"S01002422",548,469,79
"S01002423",890,673,217
"S01002424",838,681,157
"S01002425",916,743,173
"S01002426",667,477,190
"S01002427",821,661,160
"S01002428",536,405,131
"S01002429",747,361,386
"S01002430",669,575,94
"S01002431",859,678,181
"S01002432",1456,1275,181
"S01002433",558,441,117
"S01002434",926,741,185
"S01002435",664,559,105
"S01002436",761,490,271
"S01002437",799,646,153
"S01002438",677,560,117
"S01002439",742,593,149
"S01002440",867,713,154
"S01002441",634,549,85
"S01002442",472,391,81
"S01002443",630,473,157
"S01002444",511,364,147
"S01002445",911,725,186
"S01002446",972,802,170
"S01002447",694,553,141
"S01002448",548,427,121
"S01002449",645,577,68
"S01002450",709,522,187
"S01002451",1003,824,179
"S01002452",538,435,103
"S01002453",688,573,115
"S01002454",725,621,104
"S01002455",553,450,103
"S01002456",1022,766,256
"S01002457",750,594,156
"S01002458",931,710,221
"S01002459",501,374,127
"S01002460",839,605,234
"S01002461",478,457,21
"S01002462",700,546,154
"S01002463",895,666,229
"S01002464",574,458,116
"S01002465",712,623,89
"S01002466",1010,812,198
"S01002467",488,375,113
"S01002468",674,488,186
"S01002469",638,485,153
"S01002470",833,659,174
"S01002471",556,426,130
"S01002472",581,436,145
"S01002473",921,717,204
"S01002474",406,328,78
"S01002475",550,429,121
"S01002476",861,758,103
"S01002477",813,621,192
"S01002478",895,737,158
"S01002479",720,552,168
"S01002480",536,402,134
"S01002481",934,715,219
"S01002482",1021,810,211
"S01002483",672,511,161
"S01002484",810,632,178
"S01002485",830,704,126
"S01002486",604,461,143
"S01002487",481,386,95
"S01002488",647,474,173
"S01002489",600,409,191
"S01002490",568,419,149
"S01002491",476,333,143
"S01002492",942,812,130
"S01002493",920,766,154
"S01002494",627,542,85
"S01002495",627,478,149
"S01002496",1243,1056,187
"S01002497",824,587,237
"S01002498",631,575,56
"S01002499",909,649,260
"S01002500",567,429,138
"S01002501",478,376,102
"S01002502",822,610,212
"S01002503",684,551,133
"S01002504",1387,1155,232
"S01002505",738,566,172
"S01002506",810,684,126
"S01002507",589,428,161
"S01002508",869,723,146
"S01002509",1149,978,171
"S01002510",958,789,169
"S01002511",483,376,107
"S01002512",633,507,126
"S01002513",1685,1506,179
"S01002514",532,401,131
"S01002515",602,446,156
"S01002516",787,644,143
"S01002517",583,472,111
"S01002518",1069,952,117
"S01002519",806,558,248
"S01002520",592,465,127
"S01002521",583,475,108
"S01002522",733,625,108
"S01002523",682,600,82
"S01002524",566,475,91
"S01002525",686,557,129
"S01002526",527,452,75
"S01002527",822,731,91
"S01002528",807,680,127
"S01002529",1147,958,189
"S01002530",647,515,132
"S01002531",811,622,189
"S01002532",693,553,140
"S01002533",819,666,153
"S01002534",935,724,211
"S01002535",901,786,115
"S01002536",626,490,136
"S01002537",554,424,130
"S01002538",927,744,183
"S01002539",781,556,225
"S01002540",555,434,121
"S01002541",1917,1649,268
"S01002542",684,594,90
"S01002543",532,404,128
"S01002544",857,713,144
"S01002545",786,595,191
"S01002546",796,658,138
"S01002547",786,681,105
"S01002548",1047,828,219
"S01002549",570,489,81
"S01002550",464,405,59
"S01002551",551,441,110
"S01002552",583,460,123
"S01002553",755,594,161
"S01002554",632,588,44
"S01002555",740,612,128
"S01002556",752,588,164
"S01002557",775,633,142
"S01002558",530,409,121
"S01002559",612,539,73
"S01002560",619,524,95
"S01002561",775,633,142
"S01002562",607,485,122
"S01002563",1024,884,140
"S01002564",560,474,86
"S01002565",848,741,107
"S01002566",670,590,80
"S01002567",2509,2355,154
"S01002568",792,632,160
"S01002569",1421,1201,220
"S01002570",663,539,124
"S01002571",713,532,181
"S01002572",564,494,70
"S01002573",512,447,65
"S01002574",816,642,174
"S01002575",1284,1165,119
"S01002576",703,613,90
"S01002577",989,819,170
"S01002578",736,648,88
"S01002579",943,805,138
"S01002580",767,633,134
"S01002581",777,738,39
"S01002582",691,523,168
"S01002583",994,870,124
"S01002584",1566,1398,168
"S01002585",824,665,159
"S01002586",509,407,102
"S01002587",688,602,86
"S01002588",705,616,89
"S01002589",754,656,98
"S01002590",677,574,103
"S01002591",577,433,144
"S01002592",853,629,224
"S01002593",797,638,159
"S01002594",695,644,51
"S01002595",656,522,134
"S01002596",681,569,112
"S01002597",521,437,84
"S01002598",975,821,154
"S01002599",526,419,107
"S01002600",1038,961,77
"S01002601",628,499,129
"S01002602",519,436,83
"S01002603",708,539,169
"S01002604",944,803,141
"S01002605",598,493,105
"S01002606",581,469,112
"S01002607",833,679,154
"S01002608",539,476,63
"S01002609",760,586,174
"S01002610",838,644,194
"S01002611",860,747,113
"S01002612",829,704,125
"S01002613",848,727,121
"S01002614",912,811,101
"S01002615",444,396,48
"S01002616",592,516,76
"S01002617",931,696,235
"S01002618",856,684,172
"S01002619",768,657,111
"S01002620",865,682,183
"S01002621",593,518,75
"S01002622",8698,8211,487
"S01002623",1613,1496,117
"S01002624",691,615,76
"S01002625",866,758,108
"S01002626",753,595,158
"S01002627",979,852,127
"S01002628",822,736,86
"S01002629",835,715,120
"S01002630",687,559,128
"S01002631",737,630,107
"S01002632",574,482,92
"S01002633",942,809,133
"S01002634",793,677,116
"S01002635",572,479,93
"S01002636",609,509,100
"S01002637",742,598,144
"S01002638",743,571,172
"S01002639",932,782,150
"S01002640",697,613,84
"S01002641",906,806,100
"S01002642",646,485,161
"S01002643",542,419,123
"S01002644",667,550,117
"S01002645",630,473,157
"S01002646",650,557,93
"S01002647",898,646,252
"S01002648",1143,992,151
"S01002649",596,459,137
"S01002650",646,576,70
"S01002651",583,449,134
"S01002652",650,560,90
"S01002653",738,598,140
"S01002654",748,551,197
"S01002655",853,668,185
"S01002656",725,497,228
"S01002657",812,693,119
"S01002658",1247,1070,177
"S01002659",871,737,134
"S01002660",772,593,179
"S01002661",840,662,178
"S01002662",1430,1216,214
"S01002663",756,689,67
"S01002664",847,751,96
"S01002665",792,633,159
"S01002666",1304,1087,217
"S01002667",636,499,137
"S01002668",471,382,89
"S01002669",986,843,143
"S01002670",619,560,59
"S01002671",1018,848,170
"S01002672",658,510,148
"S01002673",510,421,89
"S01002674",791,661,130
"S01002675",903,753,150
"S01002676",787,623,164
"S01002677",967,741,226
"S01002678",922,782,140
"S01002679",971,689,282
"S01002680",1094,919,175
"S01002681",713,539,174
"S01002682",546,435,111
"S01002683",578,491,87
"S01002684",736,569,167
"S01002685",845,643,202
"S01002686",1683,1520,163
"S01002687",1229,1070,159
"S01002688",611,531,80
"S01002689",826,755,71
"S01002690",579,497,82
"S01002691",1494,1252,242
"S01002692",828,715,113
"S01002693",506,453,53
"S01002694",704,549,155
"S01002695",627,501,126
"S01002696",702,563,139
"S01002697",889,753,136
"S01002698",780,612,168
"S01002699",511,393,118
"S01002700",892,710,182
"S01002701",885,784,101
"S01002702",595,425,170
"S01002703",1287,1095,192
"S01002704",634,505,129
"S01002705",665,492,173
"S01002706",900,774,126
"S01002707",877,697,180
"S01002708",1002,829,173
"S01002709",902,718,184
"S01002710",801,659,142
"S01002711",875,663,212
"S01002712",665,508,157
"S01002713",659,407,252
"S01002714",939,737,202
"S01002715",848,632,216
"S01002716",527,460,67
"S01002717",822,664,158
"S01002718",853,658,195
"S01002719",740,590,150
"S01002720",707,602,105
"S01002721",816,600,216
"S01002722",846,672,174
"S01002723",698,490,208
"S01002724",776,591,185
"S01002725",868,686,182
"S01002726",744,605,139
"S01002727",947,841,106
"S01002728",934,710,224
"S01002729",871,775,96
"S01002730",832,711,121
"S01002731",786,613,173
"S01002732",642,531,111
"S01002733",650,523,127
"S01002734",1080,791,289
"S01002735",1170,920,250
"S01002736",682,528,154
"S01002737",724,633,91
"S01002738",705,605,100
"S01002739",773,644,129
"S01002740",528,450,78
"S01002741",922,760,162
"S01002742",789,597,192
"S01002743",675,529,146
"S01002744",576,502,74
"S01002745",601,440,161
"S01002746",796,655,141
"S01002747",532,400,132
"S01002748",639,499,140
"S01002749",695,543,152
"S01002750",935,739,196
"S01002751",1015,812,203
"S01002752",528,396,132
"S01002753",643,550,93
"S01002754",578,463,115
"S01002755",817,640,177
"S01002756",785,542,243
"S01002757",569,418,151
"S01002758",677,500,177
"S01002759",1042,843,199
"S01002760",486,363,123
"S01002761",783,568,215
"S01002762",588,429,159
"S01002763",823,645,178
"S01002764",584,418,166
"S01002765",856,643,213
"S01002766",815,624,191
"S01002767",975,808,167
"S01002768",785,626,159
"S01002769",729,589,140
"S01002770",539,421,118
"S01002771",735,551,184
"S01002772",989,786,203
"S01002773",866,649,217
"S01002774",778,591,187
"S01002775",756,573,183
"S01002776",1020,880,140
"S01002777",1023,734,289
"S01002778",753,508,245
"S01002779",630,494,136
"S01002780",876,689,187
"S01002781",883,625,258
"S01002782",779,518,261
"S01002783",1527,1271,256
"S01002784",559,458,101
"S01002785",722,573,149
"S01002786",846,724,122
"S01002787",673,526,147
"S01002788",837,700,137
"S01002789",700,608,92
"S01002790",776,555,221
"S01002791",632,498,134
"S01002792",1975,1694,281
"S01002793",705,517,188
"S01002794",929,688,241
"S01002795",597,513,84
"S01002796",591,448,143
"S01002797",771,681,90
"S01002798",574,442,132
"S01002799",608,426,182
"S01002800",706,622,84
"S01002801",923,693,230
"S01002802",575,494,81
"S01002803",810,632,178
"S01002804",551,430,121
"S01002805",872,631,241
"S01002806",2516,2255,261
"S01002807",672,478,194
"S01002808",836,662,174
"S01002809",672,498,174
"S01002810",918,676,242
"S01002811",965,718,247
"S01002812",616,471,145
"S01002813",737,551,186
"S01002814",876,686,190
"S01002815",704,477,227
"S01002816",666,480,186
"S01002817",543,394,149
"S01002818",616,509,107
"S01002819",774,594,180
"S01002820",826,627,199
"S01002821",1165,939,226
"S01002822",817,603,214
"S01002823",729,532,197
"S01002824",804,671,133
"S01002825",777,572,205
"S01002826",495,372,123
"S01002827",660,511,149
"S01002828",856,701,155
"S01002829",797,562,235
"S01002830",623,429,194
"S01002831",1114,921,193
"S01002832",771,626,145
"S01002833",1022,874,148
"S01002834",792,573,219
"S01002835",682,527,155
"S01002836",523,410,113
"S01002837",572,374,198
"S01002838",531,357,174
"S01002839",633,429,204
"S01002840",681,489,192
"S01002841",1161,1042,119
"S01002842",558,392,166
"S01002843",802,571,231
"S01002844",562,432,130
"S01002845",841,633,208
"S01002846",1059,898,161
"S01002847",890,711,179
"S01002848",812,678,134
"S01002849",969,802,167
"S01002850",842,654,188
"S01002851",448,350,98
"S01002852",1006,804,202
"S01002853",456,333,123
"S01002854",825,622,203
"S01002855",601,443,158
"S01002856",717,541,176
"S01002857",537,438,99
"S01002858",678,586,92
"S01002859",811,613,198
"S01002860",1070,910,160
"S01002861",882,735,147
"S01002862",588,485,103
"S01002863",737,576,161
"S01002864",643,506,137
"S01002865",954,773,181
"S01002866",1030,776,254
"S01002867",515,447,68
"S01002868",743,566,177
"S01002869",563,446,117
"S01002870",897,695,202
"S01002871",626,508,118
"S01002872",663,444,219
"S01002873",736,561,175
"S01002874",767,628,139
"S01002875",536,410,126
"S01002876",686,534,152
"S01002877",748,587,161
"S01002878",533,446,87
"S01002879",812,633,179
"S01002880",510,410,100
"S01002881",912,725,187
"S01002882",770,531,239
"S01002883",1062,760,302
"S01002884",793,618,175
"S01002885",1271,1108,163
"S01002886",815,636,179
"S01002887",596,465,131
"S01002888",468,385,83
"S01002889",857,667,190
"S01002890",673,534,139
"S01002891",743,605,138
"S01002892",649,511,138
"S01002893",1127,936,191
"S01002894",815,646,169
"S01002895",595,435,160
"S01002896",681,533,148
"S01002897",586,404,182
"S01002898",982,770,212
"S01002899",528,463,65
"S01002900",675,525,150
"S01002901",788,599,189
"S01002902",732,566,166
"S01002903",852,643,209
"S01002904",707,605,102
"S01002905",735,606,129
"S01002906",807,660,147
"S01002907",606,491,115
"S01002908",773,640,133
"S01002909",763,630,133
"S01002910",1037,833,204
"S01002911",846,644,202
"S01002912",1349,1186,163
"S01002913",740,629,111
"S01002914",634,463,171
"S01002915",892,694,198
"S01002916",728,494,234
"S01002917",584,498,86
"S01002918",723,580,143
"S01002919",875,698,177
"S01002920",569,434,135
"S01002921",647,525,122
"S01002922",480,367,113
"S01002923",625,520,105
"S01002924",649,529,120
"S01002925",1445,1181,264
"S01002926",765,629,136
"S01002927",765,576,189
"S01002928",530,464,66
"S01002929",738,567,171
"S01002930",560,467,93
"S01002931",912,711,201
"S01002932",680,602,78
"S01002933",796,643,153
"S01002934",837,652,185
"S01002935",920,770,150
"S01002936",770,708,62
"S01002937",477,405,72
"S01002938",789,606,183
"S01002939",535,457,78
"S01002940",609,474,135
"S01002941",918,756,162
"S01002942",430,369,61
"S01002943",677,595,82
"S01002944",1160,962,198
"S01002945",562,464,98
"S01002946",1089,918,171
"S01002947",626,556,70
"S01002948",777,649,128
"S01002949",534,446,88
"S01002950",771,662,109
"S01002951",922,771,151
"S01002952",578,486,92
"S01002953",890,720,170
"S01002954",833,712,121
"S01002955",1125,962,163
"S01002956",758,624,134
"S01002957",882,756,126
"S01002958",572,497,75
"S01002959",953,822,131
"S01002960",623,543,80
"S01002961",810,680,130
"S01002962",644,531,113
"S01002963",807,638,169
"S01002964",638,542,96
"S01002965",895,796,99
"S01002966",681,492,189
"S01002967",875,744,131
"S01002968",1438,1256,182
"S01002969",1002,810,192
"S01002970",624,548,76
"S01002971",1243,1067,176
"S01002972",1123,912,211
"S01002973",865,707,158
"S01002974",1085,989,96
"S01002975",605,494,111
"S01002976",904,725,179
"S01002977",708,605,103
"S01002978",1062,862,200
"S01002979",723,624,99
"S01002980",745,592,153
"S01002981",727,641,86
"S01002982",620,533,87
"S01002983",797,627,170
"S01002984",726,623,103
"S01002985",585,512,73
"S01002986",731,607,124
"S01002987",1009,869,140
"S01002988",702,599,103
"S01002989",980,821,159
"S01002990",680,631,49
"S01002991",1232,1119,113
"S01002992",799,709,90
"S01002993",703,621,82
"S01002994",1134,1049,85
"S01002995",580,552,28
"S01002996",2672,2504,168
"S01002997",772,705,67
"S01002998",817,700,117
"S01002999",1042,984,58
"S01003000",672,575,97
"S01003001",591,486,105
"S01003002",899,722,177
"S01003003",592,505,87
"S01003004",420,358,62
"S01003005",557,491,66
"S01003006",1078,948,130
"S01003007",782,679,103
"S01003008",946,905,41
"S01003009",541,439,102
"S01003010",698,598,100
"S01003011",764,712,52
"S01003012",946,825,121
"S01003013",634,566,68
"S01003014",665,604,61
"S01003015",740,661,79
"S01003016",459,400,59
"S01003017",715,577,138
"S01003018",852,704,148
"S01003019",823,675,148
"S01003020",679,551,128
"S01003021",673,583,90
"S01003022",954,813,141
"S01003023",703,584,119
"S01003024",656,532,124
"S01003025",857,743,114
"S01003026",848,658,190
"S01003027",1030,862,168
"S01003028",800,491,309
"S01003029",1093,778,315
"S01003030",1340,1017,323
"S01003032",584,340,244
"S01003033",490,341,149
"S01003034",910,757,153
"S01003035",1019,749,270
"S01003036",926,505,421
"S01003037",2167,1955,212
"S01003038",888,770,118
"S01003039",893,667,226
"S01003040",880,582,298
"S01003041",711,603,108
"S01003042",615,480,135
"S01003043",579,442,137
"S01003044",1339,909,430
"S01003045",926,702,224
"S01003046",756,608,148
"S01003047",946,661,285
"S01003048",497,316,181
"S01003049",552,352,200
"S01003050",718,598,120
"S01003051",1121,845,276
"S01003052",695,455,240
"S01003053",1019,798,221
"S01003054",808,631,177
"S01003055",841,555,286
"S01003056",934,742,192
"S01003057",673,573,100
"S01003058",1243,995,248
"S01003059",902,764,138
"S01003060",1030,807,223
"S01003061",776,651,125
"S01003062",827,681,146
"S01003063",800,693,107
"S01003064",837,552,285
"S01003065",991,814,177
"S01003066",802,694,108
"S01003067",608,499,109
"S01003068",801,699,102
"S01003069",567,439,128
"S01003070",799,610,189
"S01003071",657,585,72
"S01003072",1022,727,295
"S01003073",725,615,110
"S01003074",727,666,61
"S01003075",744,598,146
"S01003076",901,622,279
"S01003077",963,705,258
"S01003078",674,533,141
"S01003079",925,807,118
"S01003080",826,713,113
"S01003081",1033,906,127
"S01003082",1164,932,232
"S01003083",1223,925,298
"S01003084",822,494,328
"S01003085",975,838,137
"S01003086",636,563,73
"S01003087",653,558,95
"S01003088",1195,865,330
"S01003089",733,654,79
"S01003090",750,594,156
"S01003091",575,497,78
"S01003092",815,627,188
"S01003093",968,699,269
"S01003094",1010,815,195
"S01003095",769,711,58
"S01003096",702,587,115
"S01003097",277,186,91
"S01003098",1174,969,205
"S01003099",548,378,170
"S01003100",821,662,159
"S01003101",524,377,147
"S01003102",733,617,116
"S01003103",730,624,106
"S01003104",938,606,332
"S01003105",798,665,133
"S01003106",733,630,103
"S01003107",756,524,232
"S01003108",748,593,155
"S01003109",915,809,106
"S01003110",760,694,66
"S01003111",802,531,271
"S01003112",959,818,141
"S01003113",712,617,95
"S01003114",843,716,127
"S01003115",1065,906,159
"S01003116",874,690,184
"S01003117",776,632,144
"S01003118",531,374,157
"S01003119",616,523,93
"S01003120",1498,1331,167
"S01003121",867,574,293
"S01003122",724,523,201
"S01003123",885,697,188
"S01003124",829,752,77
"S01003125",850,743,107
"S01003126",157,78,79
"S01003127",779,652,127
"S01003128",730,506,224
"S01003129",1130,946,184
"S01003130",781,663,118
"S01003131",864,760,104
"S01003132",768,555,213
"S01003133",1355,1159,196
"S01003134",748,540,208
"S01003135",742,537,205
"S01003136",964,848,116
"S01003137",773,659,114
"S01003138",1028,674,354
"S01003139",1016,904,112
"S01003140",963,710,253
"S01003141",751,672,79
"S01003142",945,643,302
"S01003143",854,688,166
"S01003144",896,646,250
"S01003145",624,378,246
"S01003146",658,586,72
"S01003147",833,568,265
"S01003148",686,506,180
"S01003149",855,699,156
"S01003150",725,477,248
"S01003151",806,588,218
"S01003152",914,631,283
"S01003153",709,601,108
"S01003154",957,798,159
"S01003155",1358,1250,108
"S01003156",834,689,145
"S01003157",1099,908,191
"S01003158",618,448,170
"S01003159",188,123,65
"S01003160",664,485,179
"S01003161",629,461,168
"S01003162",614,410,204
"S01003163",709,616,93
"S01003164",823,711,112
"S01003165",940,709,231
"S01003166",627,550,77
"S01003167",962,723,239
"S01003168",831,726,105
"S01003169",2517,2139,378
"S01003170",985,824,161
"S01003171",719,620,99
"S01003172",749,645,104
"S01003173",532,475,57
"S01003174",814,650,164
"S01003175",823,576,247
"S01003176",849,723,126
"S01003177",1014,825,189
"S01003178",896,706,190
"S01003179",719,578,141
"S01003180",665,566,99
"S01003181",894,672,222
"S01003182",801,601,200
"S01003183",667,569,98
"S01003184",848,587,261
"S01003185",626,445,181
"S01003186",861,741,120
"S01003187",1027,916,111
"S01003188",976,798,178
"S01003189",837,692,145
"S01003190",724,483,241
"S01003191",553,394,159
"S01003192",779,592,187
"S01003193",1691,1502,189
"S01003194",725,460,265
"S01003195",777,593,184
"S01003196",984,884,100
"S01003197",799,682,117
"S01003198",968,677,291
"S01003199",951,754,197
"S01003200",734,554,180
"S01003201",247,160,87
"S01003202",1040,719,321
"S01003203",876,655,221
"S01003204",945,739,206
"S01003205",747,481,266
"S01003206",796,547,249
"S01003207",815,699,116
"S01003208",1249,924,325
"S01003209",572,455,117
"S01003210",962,788,174
"S01003211",899,736,163
"S01003212",692,569,123
"S01003213",552,403,149
"S01003214",716,499,217
"S01003215",904,724,180
"S01003216",690,512,178
"S01003217",707,445,262
"S01003218",685,537,148
"S01003219",746,555,191
"S01003220",813,676,137
"S01003221",918,735,183
"S01003222",824,690,134
"S01003223",873,603,270
"S01003224",651,537,114
"S01003225",668,413,255
"S01003226",753,503,250
"S01003227",1617,1401,216
"S01003228",1260,938,322
"S01003229",910,807,103
"S01003230",907,689,218
"S01003231",878,586,292
"S01003232",923,717,206
"S01003233",923,754,169
"S01003234",896,742,154
"S01003235",796,576,220
"S01003236",705,586,119
"S01003237",915,612,303
"S01003238",710,577,133
"S01003239",1008,784,224
"S01003240",705,588,117
"S01003241",780,574,206
"S01003242",1048,828,220
"S01003243",865,669,196
"S01003244",983,636,347
"S01003245",1195,740,455
"S01003246",941,519,422
"S01003247",781,579,202
"S01003248",1137,779,358
"S01003249",733,557,176
"S01003250",608,452,156
"S01003251",828,503,325
"S01003252",573,449,124
"S01003253",993,655,338
"S01003254",550,352,198
"S01003255",901,638,263
"S01003256",1436,1149,287
"S01003257",797,670,127
"S01003258",760,629,131
"S01003259",1156,944,212
"S01003260",701,571,130
"S01003261",926,755,171
"S01003262",700,531,169
"S01003263",1028,746,282
"S01003264",635,463,172
"S01003265",664,495,169
"S01003266",739,452,287
"S01003267",967,619,348
"S01003268",1719,1427,292
"S01003269",908,638,270
"S01003270",770,578,192
"S01003271",1836,1529,307
"S01003272",1610,1187,423
"S01003273",703,409,294
"S01003274",583,338,245
"S01003275",1024,681,343
"S01003276",727,605,122
"S01003277",614,419,195
"S01003278",840,668,172
"S01003279",404,280,124
"S01003280",913,692,221
"S01003281",502,375,127
"S01003282",755,637,118
"S01003283",687,553,134
"S01003284",935,622,313
"S01003285",416,341,75
"S01003286",984,694,290
"S01003287",613,494,119
"S01003288",699,575,124
"S01003289",407,305,102
"S01003290",848,637,211
"S01003291",767,464,303
"S01003292",735,595,140
"S01003293",807,515,292
"S01003294",734,477,257
"S01003295",974,751,223
"S01003296",807,543,264
"S01003297",548,359,189
"S01003298",1003,799,204
"S01003299",451,326,125
"S01003300",869,700,169
"S01003301",765,568,197
"S01003302",687,479,208
"S01003303",2392,2171,221
"S01003304",724,602,122
"S01003305",753,634,119
"S01003306",924,616,308
"S01003307",1063,720,343
"S01003308",854,632,222
"S01003309",953,658,295
"S01003310",744,544,200
"S01003311",696,586,110
"S01003312",582,433,149
"S01003313",1126,727,399
"S01003314",648,434,214
"S01003315",711,569,142
"S01003316",594,471,123
"S01003317",646,525,121
"S01003318",744,576,168
"S01003320",530,473,57
"S01003321",692,527,165
"S01003322",796,604,192
"S01003323",752,637,115
"S01003324",449,348,101
"S01003325",779,666,113
"S01003326",855,619,236
"S01003327",605,492,113
"S01003328",1035,927,108
"S01003329",809,585,224
"S01003330",939,844,95
"S01003331",642,373,269
"S01003332",416,273,143
"S01003333",919,613,306
"S01003334",1006,748,258
"S01003335",650,514,136
"S01003336",969,621,348
"S01003337",1383,1001,382
"S01003338",882,682,200
"S01003339",770,614,156
"S01003340",995,659,336
"S01003341",949,846,103
"S01003342",718,514,204
"S01003343",733,559,174
"S01003344",479,393,86
"S01003345",967,757,210
"S01003346",866,591,275
"S01003347",952,597,355
"S01003348",1014,817,197
"S01003349",1367,1040,327
"S01003350",893,705,188
"S01003351",1109,769,340
"S01003352",1168,810,358
"S01003353",735,496,239
"S01003354",612,367,245
"S01003355",1054,752,302
"S01003356",859,597,262
"S01003357",369,267,102
"S01003358",1861,1658,203
"S01003359",974,881,93
"S01003360",730,554,176
"S01003361",713,423,290
"S01003362",728,520,208
"S01003363",768,492,276
"S01003364",671,524,147
"S01003365",734,530,204
"S01003366",740,682,58
"S01003367",1213,839,374
"S01003368",2295,2078,217
"S01003369",625,354,271
"S01003370",771,676,95
"S01003371",668,561,107
"S01003372",799,528,271
"S01003373",2232,1848,384
"S01003374",492,353,139
"S01003375",961,711,250
"S01003376",526,388,138
"S01003377",735,463,272
"S01003378",841,620,221
"S01003379",678,474,204
"S01003380",1291,1168,123
"S01003381",728,536,192
"S01003382",1603,1352,251
"S01003383",913,584,329
"S01003384",965,642,323
"S01003385",834,714,120
"S01003386",689,448,241
"S01003387",793,591,202
"S01003388",1038,705,333
"S01003389",1019,785,234
"S01003390",1218,903,315
"S01003391",716,501,215
"S01003392",826,689,137
"S01003393",883,530,353
"S01003394",637,452,185
"S01003395",644,538,106
"S01003396",814,577,237
"S01003397",1045,752,293
"S01003398",793,581,212
"S01003399",1873,1671,202
"S01003400",744,469,275
"S01003401",846,577,269
"S01003402",949,675,274
"S01003403",1144,970,174
"S01003404",569,349,220
"S01003405",733,490,243
"S01003406",691,545,146
"S01003407",851,619,232
"S01003408",650,511,139
"S01003409",1535,1321,214
"S01003410",1452,1292,160
"S01003411",757,554,203
"S01003412",862,641,221
"S01003413",741,558,183
"S01003414",442,294,148
"S01003415",1269,1015,254
"S01003416",845,512,333
"S01003417",940,773,167
"S01003418",920,597,323
"S01003419",959,676,283
"S01003420",464,272,192
"S01003421",923,615,308
"S01003422",790,552,238
"S01003423",779,700,79
"S01003424",974,748,226
"S01003425",838,749,89
"S01003426",1019,753,266
"S01003427",941,605,336
"S01003428",843,619,224
"S01003429",1525,1414,111
"S01003430",783,702,81
"S01003431",696,423,273
"S01003432",880,808,72
"S01003433",1165,1073,92
"S01003434",805,485,320
"S01003435",731,506,225
"S01003436",555,435,120
"S01003437",816,756,60
"S01003438",1411,1283,128
"S01003439",1153,707,446
"S01003440",480,343,137
"S01003441",1339,1043,296
"S01003442",1013,741,272
"S01003443",970,730,240
"S01003444",777,512,265
"S01003445",1074,832,242
"S01003446",452,386,66
"S01003447",2551,2247,304
"S01003448",705,480,225
"S01003449",831,717,114
"S01003450",976,769,207
"S01003451",916,756,160
"S01003452",1407,995,412
"S01003453",1317,1211,106
"S01003454",664,554,110
"S01003455",795,531,264
"S01003456",255,155,100
"S01003457",1005,710,295
"S01003458",1016,733,283
"S01003459",890,672,218
"S01003460",1057,914,143
"S01003461",764,554,210
"S01003462",551,404,147
"S01003463",692,549,143
"S01003464",974,872,102
"S01003465",2510,2285,225
"S01003466",787,591,196
"S01003467",714,482,232
"S01003468",839,723,116
"S01003469",1016,765,251
"S01003470",1139,971,168
"S01003471",776,587,189
"S01003472",816,645,171
"S01003473",969,683,286
"S01003474",690,619,71
"S01003475",845,646,199
"S01003476",1136,998,138
"S01003477",1076,944,132
"S01003478",814,683,131
"S01003479",844,694,150
"S01003480",834,585,249
"S01003481",1033,847,186
"S01003482",669,428,241
"S01003483",533,376,157
"S01003484",1127,1026,101
"S01003485",890,809,81
"S01003486",1033,749,284
"S01003487",1075,930,145
"S01003488",695,393,302
"S01003489",1397,1038,359
"S01003490",625,432,193
"S01003491",85,53,32
"S01003492",1077,896,181
"S01003493",831,621,210
"S01003494",815,590,225
"S01003495",936,707,229
"S01003496",999,849,150
"S01003497",964,847,117
"S01003498",1019,735,284
"S01003499",1006,827,179
"S01003500",676,495,181
"S01003501",708,646,62
"S01003502",1848,1627,221
"S01003503",700,629,71
"S01003504",936,853,83
"S01003506",1040,946,94
"S01003507",522,470,52
"S01003508",807,524,283
"S01003509",950,885,65
"S01003510",407,320,87
"S01003511",1101,995,106
"S01003512",641,409,232
"S01003513",730,682,48
"S01003514",897,831,66
"S01003515",631,419,212
"S01003516",667,538,129
"S01003517",752,659,93
"S01003518",1032,737,295
"S01003519",542,390,152
"S01003520",717,629,88
"S01003521",531,494,37
"S01003522",830,733,97
"S01003523",657,455,202
"S01003524",1072,979,93
"S01003525",1090,977,113
"S01003526",1013,949,64
"S01003527",889,796,93
"S01003528",516,427,89
"S01003529",547,473,74
"S01003530",821,745,76
"S01003531",778,575,203
"S01003532",1088,929,159
"S01003533",340,264,76
"S01003534",903,674,229
"S01003535",708,566,142
"S01003536",1031,933,98
"S01003537",807,584,223
"S01003538",630,445,185
"S01003539",993,890,103
"S01003540",419,241,178
"S01003541",935,730,205
"S01003542",786,709,77
"S01003543",706,527,179
"S01003544",529,462,67
"S01003545",789,721,68
"S01003546",1004,669,335
"S01003547",767,679,88
"S01003549",800,532,268
"S01003550",647,538,109
"S01003551",658,475,183
"S01003552",1036,962,74
"S01003553",654,430,224
"S01003554",761,659,102
"S01003555",725,673,52
"S01003556",700,620,80
"S01003557",783,590,193
"S01003558",1036,927,109
"S01003559",978,855,123
"S01003560",1264,1123,141
"S01003561",1248,913,335
"S01003562",623,478,145
"S01003563",530,352,178
"S01003564",721,445,276
"S01003565",858,557,301
"S01003566",725,635,90
"S01003567",1036,734,302
"S01003568",729,645,84
"S01003569",717,605,112
"S01003570",736,624,112
"S01003571",880,681,199
"S01003572",1083,717,366
"S01003573",924,611,313
"S01003574",1028,940,88
"S01003575",854,635,219
"S01003576",845,721,124
"S01003577",947,705,242
"S01003578",217,159,58
"S01003579",868,572,296
"S01003580",1018,767,251
"S01003581",2299,2045,254
"S01003582",671,401,270
"S01003583",566,375,191
"S01003584",803,661,142
"S01003585",675,522,153
"S01003586",1053,780,273
"S01003587",1104,1041,63
"S01003588",635,527,108
"S01003589",1639,1502,137
"S01003590",741,613,128
"S01003591",1301,1161,140
"S01003592",1423,1116,307
"S01003593",634,456,178
"S01003594",1013,901,112
"S01003595",919,620,299
"S01003596",783,506,277
"S01003597",714,613,101
"S01003598",690,475,215
"S01003599",969,684,285
"S01003600",842,548,294
"S01003601",817,630,187
"S01003602",628,447,181
"S01003603",864,587,277
"S01003604",837,565,272
"S01003605",666,504,162
"S01003606",885,631,254
"S01003607",531,406,125
"S01003608",557,405,152
"S01003609",1066,891,175
"S01003610",986,826,160
"S01003611",850,545,305
"S01003612",883,690,193
"S01003613",1454,1271,183
"S01003614",547,430,117
"S01003615",854,691,163
"S01003616",869,781,88
"S01003617",828,586,242
"S01003618",796,620,176
"S01003619",816,557,259
"S01003620",1025,904,121
"S01003621",939,568,371
"S01003622",813,566,247
"S01003623",915,793,122
"S01003624",1555,1081,474
"S01003625",350,242,108
"S01003626",808,647,161
"S01003627",621,411,210
"S01003628",739,493,246
"S01003629",759,466,293
"S01003630",771,559,212
"S01003631",1265,1032,233
"S01003632",949,835,114
"S01003633",1267,1060,207
"S01003634",1027,689,338
"S01003635",559,422,137
"S01003636",923,555,368
"S01003637",1048,796,252
"S01003638",758,645,113
"S01003639",779,541,238
"S01003640",962,688,274
"S01003641",736,672,64
"S01003642",851,569,282
"S01003643",682,577,105
"S01003644",966,655,311
"S01003645",539,383,156
"S01003646",899,693,206
"S01003647",724,535,189
"S01003648",820,699,121
"S01003649",967,745,222
"S01003650",742,527,215
"S01003651",732,495,237
"S01003652",733,512,221
"S01003653",715,496,219
"S01003654",1123,704,419
"S01003655",660,456,204
"S01003656",878,700,178
"S01003657",831,542,289
"S01003658",859,667,192
"S01003659",756,621,135
"S01003660",976,890,86
"S01003661",947,817,130
"S01003662",642,464,178
"S01003663",585,401,184
"S01003664",506,343,163
"S01003665",645,455,190
"S01003666",663,466,197
"S01003667",838,635,203
"S01003668",783,545,238
"S01003669",927,695,232
"S01003670",950,684,266
"S01003671",666,504,162
"S01003672",751,523,228
"S01003673",316,170,146
"S01003674",783,543,240
"S01003675",879,781,98
"S01003676",1198,1072,126
"S01003677",692,493,199
"S01003678",685,497,188
"S01003679",1028,718,310
"S01003680",623,394,229
"S01003681",565,396,169
"S01003682",1043,855,188
"S01003683",623,440,183
"S01003684",794,576,218
"S01003685",550,416,134
"S01003686",948,719,229
"S01003687",657,437,220
"S01003688",883,632,251
"S01003689",667,515,152
"S01003690",942,594,348
"S01003691",1028,829,199
"S01003692",1022,754,268
"S01003693",550,414,136
"S01003694",986,779,207
"S01003695",1125,902,223
"S01003696",1036,734,302
"S01003697",930,806,124
"S01003698",1010,798,212
"S01003699",938,821,117
"S01003700",980,708,272
"S01003701",991,677,314
"S01003702",822,628,194
"S01003703",1052,693,359
"S01003704",655,440,215
"S01003705",906,691,215
"S01003706",749,590,159
"S01003707",1078,832,246
"S01003708",964,687,277
"S01003709",856,543,313
"S01003710",1179,890,289
"S01003711",944,680,264
"S01003712",928,661,267
"S01003713",512,376,136
"S01003714",628,502,126
"S01003715",803,652,151
"S01003716",575,400,175
"S01003717",839,599,240
"S01003718",749,583,166
"S01003719",660,567,93
"S01003720",989,826,163
"S01003721",814,638,176
"S01003722",896,682,214
"S01003723",519,445,74
"S01003724",769,662,107
"S01003725",614,521,93
"S01003726",656,555,101
"S01003727",748,643,105
"S01003728",558,480,78
"S01003729",868,751,117
"S01003730",644,537,107
"S01003731",617,483,134
"S01003732",945,795,150
"S01003733",870,715,155
"S01003734",709,593,116
"S01003735",820,626,194
"S01003736",799,658,141
"S01003737",611,488,123
"S01003738",767,675,92
"S01003739",531,454,77
"S01003740",618,523,95
"S01003741",946,810,136
"S01003742",711,609,102
"S01003743",557,494,63
"S01003744",665,589,76
"S01003745",806,686,120
"S01003746",837,728,109
"S01003747",1094,929,165
"S01003748",591,481,110
"S01003749",885,771,114
"S01003750",715,629,86
"S01003751",1108,971,137
"S01003752",913,791,122
"S01003753",1105,931,174
"S01003754",848,691,157
"S01003755",1626,1446,180
"S01003756",905,790,115
"S01003757",608,519,89
"S01003758",954,803,151
"S01003759",628,529,99
"S01003760",840,748,92
"S01003761",957,845,112
"S01003762",1090,962,128
"S01003763",912,749,163
"S01003764",878,772,106
"S01003765",649,523,126
"S01003766",738,636,102
"S01003767",812,668,144
"S01003768",628,530,98
"S01003769",946,793,153
"S01003770",819,721,98
"S01003771",757,662,95
"S01003772",606,526,80
"S01003773",692,592,100
"S01003774",760,667,93
"S01003775",916,800,116
"S01003776",700,611,89
"S01003777",1114,972,142
"S01003778",3225,3029,196
"S01003779",501,434,67
"S01003780",1074,936,138
"S01003781",1129,1024,105
"S01003782",621,538,83
"S01003783",1234,1025,209
"S01003784",1655,1492,163
"S01003785",809,702,107
"S01003786",891,772,119
"S01003787",591,517,74
"S01003788",708,556,152
"S01003789",494,448,46
"S01003790",570,479,91
"S01003791",824,729,95
"S01003792",2286,2099,187
"S01003793",542,443,99
"S01003794",690,587,103
"S01003795",648,569,79
"S01003796",673,540,133
"S01003797",925,756,169
"S01003798",846,758,88
"S01003799",756,682,74
"S01003800",633,495,138
"S01003801",816,691,125
"S01003802",781,670,111
"S01003803",732,643,89
"S01003804",620,517,103
"S01003805",1202,983,219
"S01003806",698,532,166
"S01003807",904,811,93
"S01003808",936,784,152
"S01003809",674,529,145
"S01003810",908,742,166
"S01003811",687,616,71
"S01003812",958,738,220
"S01003813",856,751,105
"S01003814",786,664,122
"S01003815",842,715,127
"S01003816",986,881,105
"S01003817",1035,812,223
"S01003818",803,631,172
"S01003819",2446,2270,176
"S01003820",1011,871,140
"S01003821",763,614,149
"S01003822",666,548,118
"S01003823",977,783,194
"S01003824",816,709,107
"S01003825",867,809,58
"S01003826",749,596,153
"S01003827",817,699,118
"S01003828",1145,1005,140
"S01003829",665,534,131
"S01003830",901,748,153
"S01003831",584,493,91
"S01003832",944,825,119
"S01003833",537,397,140
"S01003834",651,555,96
"S01003835",534,457,77
"S01003836",513,430,83
"S01003837",836,591,245
"S01003838",576,479,97
"S01003839",648,510,138
"S01003840",696,556,140
"S01003841",609,491,118
"S01003842",758,671,87
"S01003843",953,830,123
"S01003844",736,630,106
"S01003845",1140,885,255
"S01003846",757,619,138
"S01003847",608,499,109
"S01003848",669,575,94
"S01003849",1015,759,256
"S01003850",522,466,56
"S01003851",822,699,123
"S01003852",593,469,124
"S01003853",1253,1067,186
"S01003854",578,462,116
"S01003855",978,772,206
"S01003856",765,623,142
"S01003857",783,684,99
"S01003858",534,450,84
"S01003859",609,542,67
"S01003860",672,479,193
"S01003861",776,674,102
"S01003862",741,595,146
"S01003863",686,604,82
"S01003864",921,775,146
"S01003865",996,858,138
"S01003866",967,854,113
"S01003867",1357,1110,247
"S01003868",691,609,82
"S01003869",712,619,93
"S01003870",1046,900,146
"S01003871",771,651,120
"S01003872",902,760,142
"S01003873",1122,939,183
"S01003874",831,733,98
"S01003875",679,587,92
"S01003876",723,627,96
"S01003877",688,578,110
"S01003878",1089,901,188
"S01003879",778,699,79
"S01003880",867,729,138
"S01003881",887,776,111
"S01003882",500,360,140
"S01003883",535,469,66
"S01003884",766,615,151
"S01003885",654,537,117
"S01003886",519,439,80
"S01003887",1032,767,265
"S01003888",1633,1484,149
"S01003889",547,465,82
"S01003890",663,564,99
"S01003891",731,627,104
"S01003892",641,544,97
"S01003893",633,549,84
"S01003894",935,780,155
"S01003895",745,659,86
"S01003896",724,609,115
"S01003897",734,615,119
"S01003898",791,630,161
"S01003899",800,674,126
"S01003900",776,656,120
"S01003901",680,551,129
"S01003902",1036,894,142
"S01003903",901,833,68
"S01003904",888,691,197
"S01003905",1166,1016,150
"S01003906",701,581,120
"S01003907",748,569,179
"S01003908",799,690,109
"S01003909",621,548,73
"S01003910",727,622,105
"S01003911",626,507,119
"S01003912",945,837,108
"S01003913",727,637,90
"S01003914",975,810,165
"S01003915",764,628,136
"S01003916",845,755,90
"S01003917",906,753,153
"S01003918",954,826,128
"S01003919",612,498,114
"S01003920",731,590,141
"S01003921",1038,787,251
"S01003922",937,745,192
"S01003923",761,636,125
"S01003924",507,372,135
"S01003925",801,672,129
"S01003926",580,453,127
"S01003927",720,618,102
"S01003928",840,659,181
"S01003929",548,420,128
"S01003930",870,708,162
"S01003931",1144,965,179
"S01003932",897,686,211
"S01003933",701,565,136
"S01003934",1016,871,145
"S01003935",827,657,170
"S01003936",999,809,190
"S01003937",745,573,172
"S01003938",605,535,70
"S01003939",626,507,119
"S01003940",1047,876,171
"S01003941",614,512,102
"S01003942",758,631,127
"S01003943",695,521,174
"S01003944",646,506,140
"S01003945",661,581,80
"S01003946",838,692,146
"S01003947",631,524,107
"S01003948",745,648,97
"S01003949",598,477,121
"S01003950",606,513,93
"S01003951",608,461,147
"S01003952",536,457,79
"S01003953",577,437,140
"S01003954",702,551,151
"S01003955",681,562,119
"S01003956",749,623,126
"S01003957",686,569,117
"S01003958",784,624,160
"S01003959",747,609,138
"S01003960",877,722,155
"S01003961",576,437,139
"S01003962",706,568,138
"S01003963",474,411,63
"S01003964",483,412,71
"S01003965",576,478,98
"S01003966",1009,818,191
"S01003967",539,449,90
"S01003968",864,663,201
"S01003969",762,551,211
"S01003970",631,540,91
"S01003971",721,553,168
"S01003972",785,626,159
"S01003973",450,362,88
"S01003974",854,705,149
"S01003975",829,710,119
"S01003976",772,633,139
"S01003977",491,378,113
"S01003978",512,379,133
"S01003979",569,457,112
"S01003980",643,551,92
"S01003981",544,439,105
"S01003982",779,684,95
"S01003983",683,594,89
"S01003984",623,503,120
"S01003985",743,601,142
"S01003986",550,440,110
"S01003987",688,585,103
"S01003988",490,378,112
"S01003989",913,768,145
"S01003990",522,428,94
"S01003991",622,530,92
"S01003992",982,822,160
"S01003993",694,595,99
"S01003994",729,620,109
"S01003995",1312,1139,173
"S01003996",649,556,93
"S01003997",916,713,203
"S01003998",565,507,58
"S01003999",853,730,123
"S01004000",708,556,152
"S01004001",620,527,93
"S01004002",896,674,222
"S01004003",570,482,88
"S01004004",731,587,144
"S01004005",588,509,79
"S01004006",553,480,73
"S01004007",611,497,114
"S01004008",672,536,136
"S01004009",771,631,140
"S01004010",837,691,146
"S01004011",1369,1150,219
"S01004012",755,675,80
"S01004013",537,476,61
"S01004014",634,545,89
"S01004015",905,810,95
"S01004016",598,525,73
"S01004017",1014,870,144
"S01004018",824,748,76
"S01004019",1067,977,90
"S01004020",805,636,169
"S01004021",1177,1086,91
"S01004022",789,650,139
"S01004023",556,475,81
"S01004024",1077,900,177
"S01004025",858,670,188
"S01004026",607,447,160
"S01004027",785,596,189
"S01004028",739,562,177
"S01004029",879,649,230
"S01004030",660,491,169
"S01004031",577,425,152
"S01004032",396,309,87
"S01004033",865,620,245
"S01004034",736,623,113
"S01004035",737,543,194
"S01004036",630,469,161
"S01004037",660,575,85
"S01004038",678,502,176
"S01004039",368,254,114
"S01004040",642,533,109
"S01004041",650,505,145
"S01004042",576,415,161
"S01004043",730,631,99
"S01004044",674,404,270
"S01004045",596,447,149
"S01004046",541,330,211
"S01004047",688,567,121
"S01004048",1036,815,221
"S01004049",1314,1102,212
"S01004050",465,345,120
"S01004051",836,611,225
"S01004052",538,403,135
"S01004053",957,718,239
"S01004054",882,685,197
"S01004055",557,482,75
"S01004056",722,565,157
"S01004057",1604,1325,279
"S01004058",923,734,189
"S01004059",549,432,117
"S01004060",468,368,100
"S01004061",793,514,279
"S01004062",871,718,153
"S01004063",610,406,204
"S01004064",621,481,140
"S01004065",958,689,269
"S01004066",560,449,111
"S01004067",829,693,136
"S01004068",723,506,217
"S01004069",448,355,93
"S01004070",688,504,184
"S01004071",908,645,263
"S01004072",1189,892,297
"S01004073",785,606,179
"S01004074",872,596,276
"S01004075",449,270,179
"S01004076",626,492,134
"S01004077",842,734,108
"S01004078",768,582,186
"S01004079",665,541,124
"S01004080",821,537,284
"S01004081",649,584,65
"S01004082",1030,912,118
"S01004083",874,628,246
"S01004084",905,598,307
"S01004085",524,340,184
"S01004086",769,423,346
"S01004087",455,354,101
"S01004088",525,425,100
"S01004089",725,552,173
"S01004090",315,246,69
"S01004091",958,773,185
"S01004092",740,571,169
"S01004093",547,330,217
"S01004094",425,235,190
"S01004095",517,452,65
"S01004096",645,554,91
"S01004097",734,542,192
"S01004098",619,516,103
"S01004099",788,695,93
"S01004100",765,642,123
"S01004101",715,550,165
"S01004102",771,680,91
"S01004103",660,528,132
"S01004104",756,683,73
"S01004105",842,721,121
"S01004106",898,737,161
"S01004107",668,581,87
"S01004108",800,648,152
"S01004109",560,502,58
"S01004110",775,634,141
"S01004111",798,680,118
"S01004112",839,641,198
"S01004113",729,611,118
"S01004114",643,478,165
"S01004115",749,549,200
"S01004116",674,527,147
"S01004117",748,640,108
"S01004118",899,617,282
"S01004119",490,376,114
"S01004120",706,610,96
"S01004121",430,361,69
"S01004122",900,823,77
"S01004123",928,819,109
"S01004124",1039,919,120
"S01004125",656,534,122
"S01004126",682,542,140
"S01004127",860,772,88
"S01004128",683,608,75
"S01004129",728,604,124
"S01004130",514,451,63
"S01004131",809,638,171
"S01004132",536,439,97
"S01004133",820,676,144
"S01004134",646,569,77
"S01004135",633,477,156
"S01004136",623,529,94
"S01004137",575,496,79
"S01004138",694,559,135
"S01004139",561,466,95
"S01004140",540,460,80
"S01004141",673,549,124
"S01004142",540,484,56
"S01004143",846,691,155
"S01004144",1319,1100,219
"S01004145",626,538,88
"S01004146",818,705,113
"S01004147",709,582,127
"S01004148",995,861,134
"S01004149",851,640,211
"S01004150",609,547,62
"S01004151",1023,958,65
"S01004152",752,617,135
"S01004153",782,624,158
"S01004154",625,527,98
"S01004155",885,706,179
"S01004156",963,782,181
"S01004157",581,504,77
"S01004158",579,487,92
"S01004159",358,290,68
"S01004160",646,518,128
"S01004161",548,476,72
"S01004162",2023,1882,141
"S01004163",662,521,141
"S01004164",860,714,146
"S01004165",969,827,142
"S01004166",744,620,124
"S01004167",669,503,166
"S01004168",621,508,113
"S01004169",796,645,151
"S01004170",734,559,175
"S01004171",633,514,119
"S01004172",756,597,159
"S01004173",606,480,126
"S01004174",728,605,123
"S01004175",540,430,110
"S01004176",632,530,102
"S01004177",494,396,98
"S01004178",566,465,101
"S01004179",490,408,82
"S01004180",900,832,68
"S01004181",798,655,143
"S01004182",928,701,227
"S01004183",1056,930,126
"S01004184",782,613,169
"S01004185",680,557,123
"S01004186",739,579,160
"S01004187",696,521,175
"S01004188",782,641,141
"S01004189",922,880,42
"S01004190",821,684,137
"S01004191",727,593,134
"S01004192",1043,847,196
"S01004193",690,553,137
"S01004194",739,565,174
"S01004195",638,536,102
"S01004196",615,469,146
"S01004197",697,541,156
"S01004198",578,440,138
"S01004199",780,633,147
"S01004200",719,642,77
"S01004201",715,593,122
"S01004202",523,427,96
"S01004203",955,771,184
"S01004204",668,541,127
"S01004205",758,584,174
"S01004206",636,540,96
"S01004207",705,580,125
"S01004208",851,745,106
"S01004209",605,491,114
"S01004210",611,486,125
"S01004211",1102,958,144
"S01004212",1670,1496,174
"S01004213",530,386,144
"S01004214",637,558,79
"S01004215",615,548,67
"S01004216",807,665,142
"S01004217",447,355,92
"S01004218",802,633,169
"S01004219",508,419,89
"S01004220",903,754,149
"S01004221",783,628,155
"S01004222",569,433,136
"S01004223",722,555,167
"S01004224",684,531,153
"S01004225",768,534,234
"S01004226",660,494,166
"S01004227",1002,849,153
"S01004228",842,725,117
"S01004229",652,523,129
"S01004230",688,546,142
"S01004231",707,543,164
"S01004232",624,530,94
"S01004233",819,719,100
"S01004234",988,860,128
"S01004235",854,718,136
"S01004236",985,829,156
"S01004237",682,577,105
"S01004238",568,482,86
"S01004239",856,695,161
"S01004240",802,702,100
"S01004241",536,457,79
"S01004242",845,745,100
"S01004243",699,607,92
"S01004244",660,564,96
"S01004245",938,777,161
"S01004246",635,548,87
"S01004247",845,697,148
"S01004248",1036,839,197
"S01004249",917,793,124
"S01004250",1029,876,153
"S01004251",907,697,210
"S01004252",638,557,81
"S01004253",579,491,88
"S01004254",725,633,92
"S01004255",2886,2630,256
"S01004256",1460,1335,125
"S01004257",621,545,76
"S01004258",717,616,101
"S01004259",771,675,96
"S01004260",513,440,73
"S01004261",786,670,116
"S01004262",787,688,99
"S01004263",764,610,154
"S01004264",800,656,144
"S01004265",909,786,123
"S01004266",545,410,135
"S01004267",508,431,77
"S01004268",637,558,79
"S01004269",838,709,129
"S01004270",561,419,142
"S01004271",643,496,147
"S01004272",565,516,49
"S01004273",576,507,69
"S01004274",911,775,136
"S01004275",584,468,116
"S01004276",868,690,178
"S01004277",713,627,86
"S01004278",1207,1003,204
"S01004279",819,690,129
"S01004280",925,740,185
"S01004281",729,614,115
"S01004282",880,700,180
"S01004283",702,595,107
"S01004284",902,709,193
"S01004285",474,447,27
"S01004286",578,530,48
"S01004287",641,517,124
"S01004288",665,574,91
"S01004289",547,464,83
"S01004290",1000,878,122
"S01004291",807,684,123
"S01004292",988,918,70
"S01004293",931,795,136
"S01004294",744,646,98
"S01004295",855,632,223
"S01004296",886,767,119
"S01004297",648,518,130
"S01004298",1332,1128,204
"S01004299",520,411,109
"S01004300",574,454,120
"S01004301",774,674,100
"S01004302",674,578,96
"S01004303",626,511,115
"S01004304",798,652,146
"S01004305",647,554,93
"S01004306",597,466,131
"S01004307",871,809,62
"S01004308",965,809,156
"S01004309",937,831,106
"S01004310",718,606,112
"S01004311",1153,981,172
"S01004312",700,606,94
"S01004313",1298,1144,154
"S01004314",787,636,151
"S01004315",502,428,74
"S01004316",536,510,26
"S01004317",1149,969,180
"S01004318",527,381,146
"S01004319",889,761,128
"S01004320",824,695,129
"S01004321",777,659,118
"S01004322",980,809,171
"S01004323",657,533,124
"S01004324",803,657,146
"S01004325",1054,899,155
"S01004326",843,712,131
"S01004327",699,579,120
"S01004328",607,531,76
"S01004329",509,437,72
"S01004330",1412,1180,232
"S01004331",579,471,108
"S01004332",631,545,86
"S01004333",578,470,108
"S01004334",1363,1253,110
"S01004335",537,470,67
"S01004336",1005,832,173
"S01004337",748,642,106
"S01004338",769,657,112
"S01004339",955,823,132
"S01004340",537,435,102
"S01004341",558,458,100
"S01004342",1335,1262,73
"S01004343",641,551,90
"S01004344",746,607,139
"S01004345",1160,990,170
"S01004346",445,364,81
"S01004347",898,781,117
"S01004348",637,543,94
"S01004349",752,630,122
"S01004350",601,478,123
"S01004351",532,403,129
"S01004352",539,434,105
"S01004353",872,729,143
"S01004354",514,430,84
"S01004355",571,476,95
"S01004356",951,768,183
"S01004357",820,742,78
"S01004358",665,568,97
"S01004359",546,439,107
"S01004360",637,490,147
"S01004361",820,641,179
"S01004362",604,401,203
"S01004363",980,618,362
"S01004364",915,689,226
"S01004365",703,562,141
"S01004366",589,447,142
"S01004367",781,652,129
"S01004368",535,374,161
"S01004369",697,595,102
"S01004370",680,561,119
"S01004371",727,577,150
"S01004372",905,778,127
"S01004373",670,504,166
"S01004374",768,582,186
"S01004375",624,500,124
"S01004376",871,659,212
"S01004377",709,556,153
"S01004378",913,697,216
"S01004379",903,697,206
"S01004380",697,514,183
"S01004381",781,617,164
"S01004382",681,453,228
"S01004383",796,635,161
"S01004384",662,505,157
"S01004385",740,579,161
"S01004386",1003,790,213
"S01004387",947,753,194
"S01004388",700,552,148
"S01004389",586,469,117
"S01004390",782,572,210
"S01004391",555,497,58
"S01004392",844,643,201
"S01004393",889,660,229
"S01004394",799,620,179
"S01004395",596,429,167
"S01004396",758,598,160
"S01004397",907,809,98
"S01004398",806,655,151
"S01004399",482,376,106
"S01004400",548,442,106
"S01004401",1079,941,138
"S01004402",933,679,254
"S01004403",516,434,82
"S01004404",734,654,80
"S01004405",757,586,171
"S01004406",890,668,222
"S01004407",656,485,171
"S01004408",1402,1274,128
"S01004409",459,365,94
"S01004410",989,786,203
"S01004411",557,412,145
"S01004412",1042,738,304
"S01004413",717,483,234
"S01004414",690,464,226
"S01004415",680,510,170
"S01004416",763,574,189
"S01004417",807,587,220
"S01004418",902,710,192
"S01004419",821,570,251
"S01004420",718,587,131
"S01004421",881,592,289
"S01004422",594,433,161
"S01004423",775,589,186
"S01004424",697,502,195
"S01004425",576,465,111
"S01004426",585,448,137
"S01004427",728,550,178
"S01004428",888,708,180
"S01004429",809,629,180
"S01004430",495,389,106
"S01004431",666,472,194
"S01004432",978,765,213
"S01004433",908,686,222
"S01004434",815,602,213
"S01004435",842,659,183
"S01004436",757,616,141
"S01004437",901,725,176
"S01004438",637,492,145
"S01004439",688,565,123
"S01004440",736,548,188
"S01004441",1333,1178,155
"S01004442",848,600,248
"S01004443",711,573,138
"S01004444",900,700,200
"S01004445",898,699,199
"S01004446",807,636,171
"S01004447",729,582,147
"S01004448",546,468,78
"S01004449",917,611,306
"S01004450",863,546,317
"S01004451",855,650,205
"S01004452",651,527,124
"S01004453",955,840,115
"S01004454",1004,785,219
"S01004455",826,625,201
"S01004456",494,424,70
"S01004457",871,687,184
"S01004458",825,648,177
"S01004459",556,405,151
"S01004460",590,497,93
"S01004461",577,464,113
"S01004462",645,582,63
"S01004463",739,597,142
"S01004464",839,659,180
"S01004465",723,618,105
"S01004466",946,785,161
"S01004467",916,735,181
"S01004468",918,797,121
"S01004469",642,531,111
"S01004470",737,686,51
"S01004471",2067,1887,180
"S01004472",690,585,105
"S01004473",1103,947,156
"S01004474",1048,828,220
"S01004475",494,424,70
"S01004476",735,589,146
"S01004477",1097,940,157
"S01004478",590,469,121
"S01004479",705,619,86
"S01004480",944,716,228
"S01004481",829,683,146
"S01004482",856,559,297
"S01004483",708,554,154
"S01004484",1025,885,140
"S01004485",542,464,78
"S01004486",962,828,134
"S01004487",1043,774,269
"S01004488",678,501,177
"S01004489",923,826,97
"S01004490",669,555,114
"S01004491",794,641,153
"S01004492",921,715,206
"S01004493",964,775,189
"S01004494",883,670,213
"S01004495",696,508,188
"S01004496",651,510,141
"S01004497",826,603,223
"S01004498",702,589,113
"S01004499",650,481,169
"S01004500",718,624,94
"S01004501",721,574,147
"S01004502",730,595,135
"S01004503",678,453,225
"S01004504",694,535,159
"S01004505",582,470,112
"S01004506",522,427,95
"S01004507",706,581,125
"S01004508",698,543,155
"S01004509",1030,934,96
"S01004510",827,616,211
"S01004511",964,772,192
"S01004512",867,707,160
"S01004513",522,390,132
"S01004514",596,512,84
"S01004515",747,529,218
"S01004516",449,365,84
"S01004517",737,519,218
"S01004518",634,550,84
"S01004519",951,784,167
"S01004520",914,700,214
"S01004521",754,651,103
"S01004522",900,747,153
"S01004523",733,596,137
"S01004524",561,454,107
"S01004525",935,769,166
"S01004526",682,592,90
"S01004527",617,505,112
"S01004528",737,511,226
"S01004529",852,647,205
"S01004530",547,484,63
"S01004531",1066,870,196
"S01004532",852,680,172
"S01004533",441,298,143
"S01004534",645,501,144
"S01004535",898,719,179
"S01004536",680,538,142
"S01004537",815,612,203
"S01004538",752,584,168
"S01004539",716,551,165
"S01004540",1238,976,262
"S01004541",840,639,201
"S01004542",790,701,89
"S01004543",811,621,190
"S01004544",1844,1494,350
"S01004545",737,519,218
"S01004546",858,610,248
"S01004547",844,644,200
"S01004548",779,544,235
"S01004549",2152,1821,331
"S01004550",667,494,173
"S01004551",1565,1293,272
"S01004552",834,623,211
"S01004553",534,426,108
"S01004554",726,604,122
"S01004555",647,489,158
"S01004556",674,523,151
"S01004557",430,367,63
"S01004558",924,666,258
"S01004559",954,699,255
"S01004560",648,481,167
"S01004561",957,689,268
"S01004562",547,408,139
"S01004563",793,610,183
"S01004564",594,518,76
"S01004565",902,811,91
"S01004566",694,620,74
"S01004567",475,321,154
"S01004568",695,513,182
"S01004569",734,547,187
"S01004570",626,542,84
"S01004571",635,505,130
"S01004572",722,575,147
"S01004573",596,457,139
"S01004574",487,427,60
"S01004575",670,533,137
"S01004576",560,502,58
"S01004577",617,497,120
"S01004578",851,757,94
"S01004579",605,369,236
"S01004580",827,633,194
"S01004581",1240,966,274
"S01004582",580,469,111
"S01004583",798,528,270
"S01004584",679,511,168
"S01004585",552,388,164
"S01004586",1060,925,135
"S01004587",1217,847,370
"S01004588",628,488,140
"S01004589",783,660,123
"S01004590",839,645,194
"S01004591",558,395,163
"S01004592",637,492,145
"S01004593",973,779,194
"S01004594",491,371,120
"S01004595",1030,899,131
"S01004596",666,403,263
"S01004597",531,460,71
"S01004598",678,532,146
"S01004599",959,823,136
"S01004600",865,627,238
"S01004601",895,660,235
"S01004602",860,708,152
"S01004603",796,554,242
"S01004604",554,403,151
"S01004605",965,704,261
"S01004606",823,616,207
"S01004607",560,429,131
"S01004608",1562,1367,195
"S01004609",569,422,147
"S01004610",697,522,175
"S01004611",1041,748,293
"S01004612",1137,918,219
"S01004613",1722,1522,200
"S01004614",750,565,185
"S01004615",1182,929,253
"S01004616",877,772,105
"S01004617",669,537,132
"S01004618",649,496,153
"S01004619",514,385,129
"S01004620",666,521,145
"S01004621",900,731,169
"S01004622",858,667,191
"S01004623",1028,802,226
"S01004624",1212,946,266
"S01004625",821,636,185
"S01004626",2033,1803,230
"S01004627",522,418,104
"S01004628",544,413,131
"S01004629",887,778,109
"S01004630",897,699,198
"S01004631",731,527,204
"S01004632",954,730,224
"S01004633",574,439,135
"S01004634",1114,992,122
"S01004635",774,566,208
"S01004636",630,457,173
"S01004637",565,405,160
"S01004638",524,387,137
"S01004639",661,455,206
"S01004640",746,538,208
"S01004641",610,484,126
"S01004642",814,606,208
"S01004643",494,372,122
"S01004644",728,577,151
"S01004645",951,719,232
"S01004646",781,606,175
"S01004647",1691,1289,402
"S01004648",1122,921,201
"S01004649",578,456,122
"S01004650",802,619,183
"S01004651",917,715,202
"S01004652",962,792,170
"S01004653",612,461,151
"S01004654",1015,843,172
"S01004655",967,739,228
"S01004656",596,423,173
"S01004657",734,631,103
"S01004658",947,767,180
"S01004659",503,370,133
"S01004660",768,707,61
"S01004661",741,572,169
"S01004662",965,680,285
"S01004663",512,400,112
"S01004664",562,416,146
"S01004665",673,502,171
"S01004666",755,595,160
"S01004667",698,542,156
"S01004668",890,727,163
"S01004669",885,621,264
"S01004670",965,684,281
"S01004671",806,650,156
"S01004672",641,490,151
"S01004673",909,753,156
"S01004674",797,623,174
"S01004675",821,668,153
"S01004676",766,590,176
"S01004677",873,620,253
"S01004678",975,738,237
"S01004679",473,333,140
"S01004680",940,648,292
"S01004681",780,679,101
"S01004682",529,385,144
"S01004683",674,587,87
"S01004684",1470,1216,254
"S01004685",501,363,138
"S01004686",738,541,197
"S01004687",1052,811,241
"S01004688",655,573,82
"S01004689",1018,809,209
"S01004690",530,473,57
"S01004691",714,627,87
"S01004692",673,481,192
"S01004693",704,579,125
"S01004694",572,424,148
"S01004695",747,688,59
"S01004696",937,740,197
"S01004697",801,655,146
"S01004698",609,559,50
"S01004699",810,644,166
"S01004700",746,561,185
"S01004701",865,800,65
"S01004702",548,424,124
"S01004703",892,786,106
"S01004704",614,472,142
"S01004705",941,786,155
"S01004706",1629,1500,129
"S01004707",929,735,194
"S01004708",654,507,147
"S01004709",703,579,124
"S01004710",767,546,221
"S01004711",917,714,203
"S01004712",496,362,134
"S01004713",728,566,162
"S01004714",787,592,195
"S01004715",1672,1413,259
"S01004716",844,595,249
"S01004717",952,760,192
"S01004718",889,666,223
"S01004719",966,766,200
"S01004720",861,652,209
"S01004721",569,495,74
"S01004722",690,521,169
"S01004723",655,529,126
"S01004724",965,666,299
"S01004725",638,546,92
"S01004726",577,452,125
"S01004727",791,530,261
"S01004728",945,810,135
"S01004729",620,440,180
"S01004730",1409,1082,327
"S01004731",847,690,157
"S01004732",694,549,145
"S01004733",726,509,217
"S01004734",509,386,123
"S01004735",958,741,217
"S01004736",757,580,177
"S01004737",750,580,170
"S01004738",649,433,216
"S01004739",664,546,118
"S01004740",819,650,169
"S01004741",597,437,160
"S01004742",1328,1048,280
"S01004743",878,792,86
"S01004744",552,431,121
"S01004745",897,524,373
"S01004746",834,620,214
"S01004747",696,590,106
"S01004748",588,433,155
"S01004749",1084,896,188
"S01004750",641,486,155
"S01004751",799,586,213
"S01004752",827,663,164
"S01004753",763,557,206
"S01004754",637,543,94
"S01004755",683,472,211
"S01004756",577,446,131
"S01004757",845,672,173
"S01004758",872,654,218
"S01004759",584,514,70
"S01004760",720,560,160
"S01004761",528,380,148
"S01004762",622,443,179
"S01004763",848,756,92
"S01004764",736,556,180
"S01004765",1333,977,356
"S01004766",1196,992,204
"S01004767",674,505,169
"S01004768",852,631,221
"S01004769",548,430,118
"S01004770",550,386,164
"S01004771",830,625,205
"S01004772",572,405,167
"S01004773",754,591,163
"S01004774",924,783,141
"S01004775",785,533,252
"S01004776",721,586,135
"S01004777",733,671,62
"S01004778",686,525,161
"S01004779",823,623,200
"S01004780",639,486,153
"S01004781",926,735,191
"S01004782",1180,931,249
"S01004783",935,774,161
"S01004784",672,518,154
"S01004785",629,483,146
"S01004786",483,344,139
"S01004787",997,789,208
"S01004788",690,584,106
"S01004789",983,730,253
"S01004790",719,631,88
"S01004791",611,446,165
"S01004792",596,509,87
"S01004793",760,637,123
"S01004794",708,519,189
"S01004795",899,689,210
"S01004796",738,580,158
"S01004797",702,528,174
"S01004798",846,598,248
"S01004799",578,417,161
"S01004800",661,502,159
"S01004801",719,537,182
"S01004802",856,662,194
"S01004803",850,625,225
"S01004804",853,606,247
"S01004805",608,439,169
"S01004806",626,457,169
"S01004807",514,376,138
"S01004808",705,518,187
"S01004809",438,316,122
"S01004810",575,453,122
"S01004811",717,559,158
"S01004812",816,633,183
"S01004813",868,657,211
"S01004814",808,615,193
"S01004815",1728,1524,204
"S01004816",792,600,192
"S01004817",632,444,188
"S01004818",808,602,206
"S01004819",545,389,156
"S01004820",1044,745,299
"S01004821",1826,1469,357
"S01004822",689,513,176
"S01004823",911,675,236
"S01004824",753,635,118
"S01004825",597,420,177
"S01004826",961,772,189
"S01004827",619,452,167
"S01004828",1158,964,194
"S01004829",699,527,172
"S01004830",729,523,206
"S01004831",828,702,126
"S01004832",1342,1144,198
"S01004833",710,539,171
"S01004834",759,595,164
"S01004835",820,701,119
"S01004836",707,607,100
"S01004837",930,765,165
"S01004838",1819,1600,219
"S01004839",864,665,199
"S01004840",848,685,163
"S01004841",812,595,217
"S01004842",1491,1339,152
"S01004843",650,508,142
"S01004844",957,740,217
"S01004845",764,561,203
"S01004846",1021,842,179
"S01004847",994,865,129
"S01004848",713,597,116
"S01004849",530,395,135
"S01004850",1466,1252,214
"S01004851",647,521,126
"S01004852",683,493,190
"S01004853",733,587,146
"S01004854",1089,950,139
"S01004855",633,485,148
"S01004856",1538,1325,213
"S01004857",838,650,188
"S01004858",851,639,212
"S01004859",917,816,101
"S01004860",1366,1251,115
"S01004861",710,579,131
"S01004862",634,586,48
"S01004863",844,645,199
"S01004864",529,448,81
"S01004865",716,549,167
"S01004866",866,655,211
"S01004867",736,609,127
"S01004868",710,527,183
"S01004869",785,671,114
"S01004870",851,683,168
"S01004871",770,649,121
"S01004872",815,631,184
"S01004873",751,583,168
"S01004874",1109,894,215
"S01004875",727,590,137
"S01004876",929,770,159
"S01004877",705,523,182
"S01004878",797,662,135
"S01004879",657,501,156
"S01004880",729,553,176
"S01004881",758,620,138
"S01004882",502,378,124
"S01004883",2080,1911,169
"S01004884",552,499,53
"S01004885",539,417,122
"S01004886",878,705,173
"S01004887",403,335,68
"S01004888",634,574,60
"S01004889",793,619,174
"S01004890",769,619,150
"S01004891",992,771,221
"S01004892",683,592,91
"S01004893",711,452,259
"S01004894",849,631,218
"S01004895",876,697,179
"S01004896",873,650,223
"S01004897",575,494,81
"S01004898",939,756,183
"S01004899",764,593,171
"S01004900",939,834,105
"S01004901",753,605,148
"S01004902",729,545,184
"S01004903",584,510,74
"S01004904",937,653,284
"S01004905",990,812,178
"S01004906",792,630,162
"S01004907",793,688,105
"S01004908",624,513,111
"S01004909",777,639,138
"S01004910",836,620,216
"S01004911",904,850,54
"S01004912",731,557,174
"S01004913",641,484,157
"S01004914",634,561,73
"S01004915",680,525,155
"S01004916",687,522,165
"S01004917",596,566,30
"S01004918",645,576,69
"S01004919",720,604,116
"S01004920",884,700,184
"S01004921",656,513,143
"S01004922",667,612,55
"S01004923",941,827,114
"S01004924",773,586,187
"S01004925",568,446,122
"S01004926",882,796,86
"S01004927",860,755,105
"S01004928",1613,1473,140
"S01004929",627,542,85
"S01004930",627,446,181
"S01004931",1005,755,250
"S01004932",774,606,168
"S01004933",877,686,191
"S01004934",735,533,202
"S01004935",516,443,73
"S01004936",888,611,277
"S01004937",547,429,118
"S01004938",731,582,149
"S01004939",550,397,153
"S01004940",519,415,104
"S01004941",608,496,112
"S01004942",918,768,150
"S01004943",1100,903,197
"S01004944",498,374,124
"S01004945",685,522,163
"S01004946",721,650,71
"S01004947",760,679,81
"S01004948",535,490,45
"S01004949",719,645,74
"S01004950",816,741,75
"S01004951",752,655,97
"S01004952",1100,983,117
"S01004953",836,719,117
"S01004954",703,604,99
"S01004955",608,524,84
"S01004956",768,671,97
"S01004957",728,657,71
"S01004958",1203,978,225
"S01004959",712,594,118
"S01004960",535,469,66
"S01004961",654,586,68
"S01004962",638,578,60
"S01004963",623,541,82
"S01004964",1091,950,141
"S01004965",942,808,134
"S01004966",1056,928,128
"S01004967",669,579,90
"S01004968",578,481,97
"S01004969",919,744,175
"S01004970",838,682,156
"S01004971",1021,799,222
"S01004972",824,724,100
"S01004973",1016,880,136
"S01004974",1188,1081,107
"S01004975",760,655,105
"S01004976",950,784,166
"S01004977",966,784,182
"S01004978",1001,886,115
"S01004979",819,735,84
"S01004980",962,850,112
"S01004981",988,873,115
"S01004982",666,566,100
"S01004983",963,830,133
"S01004984",763,648,115
"S01004985",813,724,89
"S01004986",786,685,101
"S01004987",497,455,42
"S01004988",550,491,59
"S01004989",695,641,54
"S01004990",593,516,77
"S01004991",659,573,86
"S01004992",848,711,137
"S01004993",691,604,87
"S01004994",810,694,116
"S01004995",1012,854,158
"S01004996",708,635,73
"S01004997",958,828,130
"S01004998",1260,1132,128
"S01004999",898,763,135
"S01005000",546,456,90
"S01005001",1171,1077,94
"S01005002",1016,843,173
"S01005003",1089,958,131
"S01005004",881,763,118
"S01005005",941,753,188
"S01005006",680,557,123
"S01005007",839,650,189
"S01005008",1335,1222,113
"S01005009",1033,927,106
"S01005010",696,573,123
"S01005011",860,678,182
"S01005012",874,715,159
"S01005013",817,699,118
"S01005014",875,738,137
"S01005015",613,499,114
"S01005016",887,755,132
"S01005017",722,646,76
"S01005018",594,517,77
"S01005019",1260,989,271
"S01005020",833,666,167
"S01005021",1066,931,135
"S01005022",708,622,86
"S01005023",900,793,107
"S01005024",929,766,163
"S01005025",690,587,103
"S01005026",676,599,77
"S01005027",812,743,69
"S01005028",901,818,83
"S01005029",981,894,87
"S01005030",1027,913,114
"S01005031",682,566,116
"S01005032",866,767,99
"S01005033",735,661,74
"S01005034",779,704,75
"S01005035",983,856,127
"S01005036",664,566,98
"S01005037",1178,962,216
"S01005038",819,688,131
"S01005039",1064,935,129
"S01005040",1166,911,255
"S01005041",709,582,127
"S01005042",798,703,95
"S01005043",804,671,133
"S01005044",929,790,139
"S01005045",1032,894,138
"S01005046",1313,1178,135
"S01005047",1516,1215,301
"S01005048",595,514,81
"S01005049",823,682,141
"S01005050",910,739,171
"S01005051",823,739,84
"S01005052",914,837,77
"S01005053",878,747,131
"S01005054",592,483,109
"S01005055",811,664,147
"S01005056",766,614,152
"S01005057",739,581,158
"S01005058",890,768,122
"S01005059",510,421,89
"S01005060",727,595,132
"S01005061",1159,944,215
"S01005062",490,418,72
"S01005063",495,453,42
"S01005064",754,689,65
"S01005065",1252,1069,183
"S01005066",786,646,140
"S01005067",627,555,72
"S01005068",641,525,116
"S01005069",594,481,113
"S01005070",1124,974,150
"S01005071",190,166,24
"S01005072",622,499,123
"S01005073",616,537,79
"S01005074",1210,1076,134
"S01005075",435,340,95
"S01005076",768,618,150
"S01005077",1036,974,62
"S01005078",692,554,138
"S01005079",638,520,118
"S01005080",454,379,75
"S01005081",656,526,130
"S01005082",657,567,90
"S01005083",975,784,191
"S01005084",613,498,115
"S01005085",533,455,78
"S01005086",1696,1454,242
"S01005087",492,396,96
"S01005088",561,444,117
"S01005089",776,607,169
"S01005090",866,742,124
"S01005091",637,535,102
"S01005092",672,548,124
"S01005093",704,572,132
"S01005094",802,737,65
"S01005095",1566,1364,202
"S01005096",734,656,78
"S01005097",842,732,110
"S01005098",722,610,112
"S01005099",797,674,123
"S01005100",928,824,104
"S01005101",996,871,125
"S01005102",893,770,123
"S01005103",1155,986,169
"S01005104",1002,931,71
"S01005105",886,751,135
"S01005106",557,465,92
"S01005107",454,403,51
"S01005108",635,543,92
"S01005109",1470,1341,129
"S01005110",1115,953,162
"S01005111",577,506,71
"S01005112",876,768,108
"S01005113",1045,835,210
"S01005114",990,834,156
"S01005115",973,856,117
"S01005116",621,538,83
"S01005117",1014,876,138
"S01005118",813,670,143
"S01005119",712,590,122
"S01005120",665,512,153
"S01005121",918,804,114
"S01005122",866,740,126
"S01005123",750,638,112
"S01005124",710,604,106
"S01005125",839,665,174
"S01005126",656,538,118
"S01005127",678,547,131
"S01005128",991,818,173
"S01005129",948,792,156
"S01005130",666,523,143
"S01005131",984,851,133
"S01005132",718,590,128
"S01005133",401,357,44
"S01005134",989,815,174
"S01005135",780,666,114
"S01005136",846,697,149
"S01005137",943,816,127
"S01005138",1129,947,182
"S01005139",725,624,101
"S01005140",613,526,87
"S01005141",828,718,110
"S01005142",561,462,99
"S01005143",1122,953,169
"S01005144",1222,1011,211
"S01005145",731,631,100
"S01005146",745,638,107
"S01005147",945,813,132
"S01005148",846,750,96
"S01005149",593,469,124
"S01005150",660,567,93
"S01005151",670,573,97
"S01005152",1712,1414,298
"S01005153",868,757,111
"S01005154",645,555,90
"S01005155",690,563,127
"S01005156",695,546,149
"S01005157",871,647,224
"S01005158",677,554,123
"S01005159",917,727,190
"S01005160",1089,828,261
"S01005161",951,823,128
"S01005162",918,720,198
"S01005163",628,487,141
"S01005164",914,720,194
"S01005165",720,561,159
"S01005166",996,769,227
"S01005167",670,545,125
"S01005168",740,660,80
"S01005169",577,487,90
"S01005170",786,684,102
"S01005171",882,612,270
"S01005172",1468,1339,129
"S01005173",696,588,108
"S01005174",681,450,231
"S01005175",982,868,114
"S01005176",688,501,187
"S01005177",829,652,177
"S01005178",956,746,210
"S01005179",925,787,138
"S01005180",842,739,103
"S01005181",924,849,75
"S01005182",737,543,194
"S01005183",903,708,195
"S01005184",932,728,204
"S01005185",517,399,118
"S01005186",731,517,214
"S01005187",990,766,224
"S01005188",902,790,112
"S01005189",877,637,240
"S01005190",889,755,134
"S01005191",926,733,193
"S01005192",1126,972,154
"S01005193",788,667,121
"S01005194",591,473,118
"S01005195",900,769,131
"S01005196",809,649,160
"S01005197",700,500,200
"S01005198",846,731,115
"S01005199",772,601,171
"S01005200",537,463,74
"S01005201",917,704,213
"S01005202",870,649,221
"S01005203",785,637,148
"S01005204",506,444,62
"S01005205",1101,980,121
"S01005206",960,820,140
"S01005207",892,603,289
"S01005208",558,418,140
"S01005209",866,657,209
"S01005210",908,566,342
"S01005211",686,489,197
"S01005212",535,449,86
"S01005213",923,782,141
"S01005214",922,731,191
"S01005215",974,737,237
"S01005216",751,619,132
"S01005217",977,762,215
"S01005218",932,643,289
"S01005219",953,679,274
"S01005220",660,523,137
"S01005221",692,566,126
"S01005222",583,481,102
"S01005223",722,558,164
"S01005224",724,666,58
"S01005225",978,827,151
"S01005226",518,425,93
"S01005227",1069,820,249
"S01005228",891,792,99
"S01005229",1122,868,254
"S01005230",825,671,154
"S01005231",715,638,77
"S01005232",1068,701,367
"S01005233",769,549,220
"S01005234",1352,1134,218
"S01005235",705,611,94
"S01005236",1175,953,222
"S01005237",983,832,151
"S01005238",800,639,161
"S01005239",1106,847,259
"S01005240",834,608,226
"S01005241",952,811,141
"S01005242",1107,786,321
"S01005243",1057,746,311
"S01005244",909,797,112
"S01005245",686,531,155
"S01005246",878,623,255
"S01005247",624,472,152
"S01005248",619,440,179
"S01005249",850,679,171
"S01005250",835,647,188
"S01005251",852,670,182
"S01005252",506,405,101
"S01005253",547,482,65
"S01005254",903,771,132
"S01005255",710,480,230
"S01005256",846,747,99
"S01005257",904,723,181
"S01005258",1014,890,124
"S01005259",541,431,110
"S01005260",629,405,224
"S01005261",653,514,139
"S01005262",1183,923,260
"S01005263",534,379,155
"S01005264",628,455,173
"S01005265",479,324,155
"S01005266",846,602,244
"S01005267",1070,848,222
"S01005268",1315,965,350
"S01005269",940,728,212
"S01005270",1046,884,162
"S01005271",519,464,55
"S01005272",538,344,194
"S01005273",731,584,147
"S01005274",745,524,221
"S01005275",546,388,158
"S01005276",722,511,211
"S01005277",669,563,106
"S01005278",789,576,213
"S01005279",553,479,74
"S01005280",753,543,210
"S01005281",767,634,133
"S01005282",756,570,186
"S01005283",800,727,73
"S01005284",606,408,198
"S01005285",693,565,128
"S01005286",801,725,76
"S01005287",1089,885,204
"S01005288",778,581,197
"S01005289",989,813,176
"S01005290",604,455,149
"S01005291",684,596,88
"S01005292",744,556,188
"S01005293",760,543,217
"S01005294",569,517,52
"S01005295",586,450,136
"S01005296",831,781,50
"S01005297",710,555,155
"S01005298",1082,991,91
"S01005299",503,409,94
"S01005300",911,825,86
"S01005301",868,783,85
"S01005302",1000,795,205
"S01005303",842,650,192
"S01005304",662,568,94
"S01005305",744,571,173
"S01005306",956,884,72
"S01005307",953,856,97
"S01005308",532,411,121
"S01005309",851,628,223
"S01005310",975,696,279
"S01005311",818,704,114
"S01005312",1147,1006,141
"S01005313",841,711,130
"S01005314",457,391,66
"S01005315",881,684,197
"S01005316",848,695,153
"S01005317",519,458,61
"S01005318",573,411,162
"S01005319",617,526,91
"S01005320",610,521,89
"S01005321",607,465,142
"S01005322",1859,1647,212
"S01005323",757,564,193
"S01005324",788,616,172
"S01005325",2209,1881,328
"S01005326",921,711,210
"S01005327",604,490,114
"S01005328",704,524,180
"S01005329",658,573,85
"S01005330",706,524,182
"S01005331",669,495,174
"S01005332",565,440,125
"S01005333",772,672,100
"S01005334",1137,979,158
"S01005335",505,442,63
"S01005336",598,501,97
"S01005337",872,766,106
"S01005338",562,527,35
"S01005339",770,604,166
"S01005340",573,520,53
"S01005341",647,507,140
"S01005342",730,572,158
"S01005343",932,823,109
"S01005344",726,558,168
"S01005345",747,672,75
"S01005346",789,722,67
"S01005347",675,591,84
"S01005348",933,705,228
"S01005349",846,752,94
"S01005350",709,640,69
"S01005351",1349,985,364
"S01005352",926,745,181
"S01005353",1057,846,211
"S01005354",843,764,79
"S01005355",737,584,153
"S01005356",681,590,91
"S01005357",790,598,192
"S01005358",782,635,147
"S01005359",808,727,81
"S01005360",762,661,101
"S01005361",932,829,103
"S01005362",768,604,164
"S01005363",666,550,116
"S01005364",911,777,134
"S01005365",888,747,141
"S01005366",708,600,108
"S01005367",751,553,198
"S01005368",675,509,166
"S01005369",974,753,221
"S01005370",850,689,161
"S01005371",947,824,123
"S01005372",864,693,171
"S01005373",724,549,175
"S01005374",870,694,176
"S01005375",937,763,174
"S01005376",992,808,184
"S01005377",863,716,147
"S01005378",808,665,143
"S01005379",920,775,145
"S01005380",671,502,169
"S01005381",641,516,125
"S01005382",834,686,148
"S01005383",570,496,74
"S01005384",920,807,113
"S01005385",962,859,103
"S01005386",653,542,111
"S01005387",899,750,149
"S01005388",775,661,114
"S01005389",750,612,138
"S01005390",850,720,130
"S01005391",756,625,131
"S01005392",831,701,130
"S01005393",929,799,130
"S01005394",863,750,113
"S01005395",978,843,135
"S01005396",744,665,79
"S01005397",546,432,114
"S01005398",969,852,117
"S01005399",983,764,219
"S01005400",1078,859,219
"S01005401",847,688,159
"S01005402",1015,858,157
"S01005403",892,755,137
"S01005404",985,853,132
"S01005405",564,473,91
"S01005406",546,451,95
"S01005407",1435,1252,183
"S01005408",579,471,108
"S01005409",700,601,99
"S01005410",1016,898,118
"S01005411",968,818,150
"S01005412",999,844,155
"S01005413",909,700,209
"S01005414",1039,881,158
"S01005415",990,807,183
"S01005416",978,748,230
"S01005417",1231,1063,168
"S01005418",1127,959,168
"S01005419",718,586,132
"S01005420",768,626,142
"S01005421",870,727,143
"S01005422",946,792,154
"S01005423",989,878,111
"S01005424",874,751,123
"S01005425",980,797,183
"S01005426",769,623,146
"S01005427",779,631,148
"S01005428",1049,864,185
"S01005429",719,538,181
"S01005430",537,449,88
"S01005431",667,560,107
"S01005432",704,594,110
"S01005433",850,718,132
"S01005434",807,692,115
"S01005435",1060,860,200
"S01005436",953,791,162
"S01005437",916,799,117
"S01005438",788,654,134
"S01005439",700,591,109
"S01005440",1266,1152,114
"S01005441",1054,900,154
"S01005442",1983,1842,141
"S01005443",1183,1041,142
"S01005444",1322,1157,165
"S01005445",1002,852,150
"S01005446",777,643,134
"S01005447",932,837,95
"S01005448",876,780,96
"S01005449",984,851,133
"S01005450",1144,881,263
"S01005451",937,783,154
"S01005452",899,812,87
"S01005453",802,667,135
"S01005454",924,748,176
"S01005455",874,672,202
"S01005456",858,748,110
"S01005457",959,803,156
"S01005458",716,614,102
"S01005459",934,839,95
"S01005460",868,739,129
"S01005461",773,633,140
"S01005462",1073,937,136
"S01005463",622,526,96
"S01005464",653,527,126
"S01005465",610,523,87
"S01005466",1119,1020,99
"S01005467",509,437,72
"S01005468",925,824,101
"S01005469",889,742,147
"S01005470",734,621,113
"S01005471",813,756,57
"S01005472",1451,1323,128
"S01005473",993,867,126
"S01005474",889,699,190
"S01005475",950,836,114
"S01005476",961,900,61
"S01005477",863,753,110
"S01005478",760,615,145
"S01005479",599,489,110
"S01005480",1273,1078,195
"S01005481",687,572,115
"S01005482",663,580,83
"S01005483",939,808,131
"S01005484",535,427,108
"S01005485",851,688,163
"S01005486",874,693,181
"S01005487",733,540,193
"S01005488",792,650,142
"S01005489",962,800,162
"S01005490",664,520,144
"S01005491",836,664,172
"S01005492",936,820,116
"S01005493",704,597,107
"S01005494",882,781,101
"S01005495",769,658,111
"S01005496",1025,892,133
"S01005497",915,830,85
"S01005498",984,817,167
"S01005499",671,548,123
"S01005500",720,625,95
"S01005501",1043,916,127
"S01005502",845,680,165
"S01005503",618,523,95
"S01005504",647,542,105
"S01005505",621,516,105
"S01005506",877,725,152
"S01005507",587,507,80
"S01005508",697,573,124
"S01005509",659,592,67
"S01005510",726,668,58
"S01005511",652,581,71
"S01005512",700,592,108
"S01005513",813,691,122
"S01005514",624,548,76
"S01005515",576,504,72
"S01005516",559,488,71
"S01005517",957,811,146
"S01005518",1055,928,127
"S01005519",646,535,111
"S01005520",966,778,188
"S01005521",693,574,119
"S01005522",636,475,161
"S01005523",788,625,163
"S01005524",815,644,171
"S01005525",662,545,117
"S01005526",674,517,157
"S01005527",493,387,106
"S01005528",558,422,136
"S01005529",950,753,197
"S01005530",626,417,209
"S01005531",551,435,116
"S01005532",839,629,210
"S01005533",713,527,186
"S01005534",585,440,145
"S01005535",851,659,192
"S01005536",890,738,152
"S01005537",727,573,154
"S01005538",815,678,137
"S01005539",869,697,172
"S01005540",748,596,152
"S01005541",637,506,131
"S01005542",733,575,158
"S01005543",795,646,149
"S01005544",709,553,156
"S01005545",1224,1050,174
"S01005546",746,640,106
"S01005547",1000,862,138
"S01005548",1365,1132,233
"S01005549",1498,1287,211
"S01005550",612,549,63
"S01005551",840,720,120
"S01005552",785,665,120
"S01005553",813,718,95
"S01005554",662,563,99
"S01005555",858,750,108
"S01005556",589,483,106
"S01005557",701,567,134
"S01005558",719,618,101
"S01005559",625,503,122
"S01005560",578,453,125
"S01005561",860,732,128
"S01005562",916,742,174
"S01005563",757,573,184
"S01005564",835,735,100
"S01005565",546,474,72
"S01005566",501,380,121
"S01005567",962,741,221
"S01005568",545,435,110
"S01005569",735,661,74
"S01005570",757,603,154
"S01005571",688,632,56
"S01005572",799,681,118
"S01005573",699,572,127
"S01005574",840,686,154
"S01005575",674,593,81
"S01005576",782,627,155
"S01005577",869,752,117
"S01005578",941,747,194
"S01005579",981,835,146
"S01005580",655,467,188
"S01005581",714,540,174
"S01005582",820,674,146
"S01005583",630,531,99
"S01005584",554,472,82
"S01005585",881,634,247
"S01005586",816,616,200
"S01005587",1055,860,195
"S01005588",654,411,243
"S01005589",1318,1066,252
"S01005590",772,508,264
"S01005591",918,700,218
"S01005592",440,332,108
"S01005593",765,568,197
"S01005594",978,690,288
"S01005595",857,646,211
"S01005596",487,340,147
"S01005597",1019,754,265
"S01005598",1052,795,257
"S01005599",636,489,147
"S01005600",832,673,159
"S01005601",687,541,146
"S01005602",637,448,189
"S01005603",775,614,161
"S01005604",468,366,102
"S01005605",903,682,221
"S01005606",612,492,120
"S01005607",628,506,122
"S01005608",877,737,140
"S01005609",860,702,158
"S01005610",541,449,92
"S01005611",711,551,160
"S01005612",810,749,61
"S01005613",762,586,176
"S01005614",750,617,133
"S01005615",946,720,226
"S01005616",668,553,115
"S01005617",782,594,188
"S01005618",612,435,177
"S01005619",550,496,54
"S01005620",493,391,102
"S01005621",677,582,95
"S01005622",874,724,150
"S01005623",734,599,135
"S01005624",860,742,118
"S01005625",865,716,149
"S01005626",823,670,153
"S01005627",625,513,112
"S01005628",1128,883,245
"S01005629",775,665,110
"S01005630",516,400,116
"S01005631",701,562,139
"S01005632",515,436,79
"S01005633",757,559,198
"S01005634",714,601,113
"S01005635",826,697,129
"S01005636",787,641,146
"S01005637",1064,897,167
"S01005638",927,784,143
"S01005639",717,563,154
"S01005640",694,592,102
"S01005641",1066,906,160
"S01005642",806,676,130
"S01005643",617,513,104
"S01005644",630,555,75
"S01005645",824,722,102
"S01005646",716,553,163
"S01005647",779,634,145
"S01005648",943,770,173
"S01005649",1032,813,219
"S01005650",545,426,119
"S01005651",747,581,166
"S01005652",686,609,77
"S01005653",824,668,156
"S01005654",757,596,161
"S01005655",1058,897,161
"S01005656",767,547,220
"S01005657",562,436,126
"S01005658",815,715,100
"S01005659",905,789,116
"S01005660",577,463,114
"S01005661",611,542,69
"S01005662",545,476,69
"S01005663",636,565,71
"S01005664",541,489,52
"S01005665",458,411,47
"S01005666",1329,1068,261
"S01005667",746,609,137
"S01005668",807,672,135
"S01005669",509,418,91
"S01005670",756,615,141
"S01005671",520,429,91
"S01005672",848,651,197
"S01005673",657,575,82
"S01005674",872,683,189
"S01005675",944,682,262
"S01005676",844,658,186
"S01005677",838,722,116
"S01005678",886,771,115
"S01005679",1105,791,314
"S01005680",830,693,137
"S01005681",994,771,223
"S01005682",774,649,125
"S01005683",804,596,208
"S01005684",1178,922,256
"S01005685",861,765,96
"S01005686",826,625,201
"S01005687",726,596,130
"S01005688",972,813,159
"S01005689",509,449,60
"S01005690",770,679,91
"S01005691",679,583,96
"S01005692",718,611,107
"S01005693",1670,1447,223
"S01005694",554,425,129
"S01005695",526,426,100
"S01005696",674,538,136
"S01005697",649,491,158
"S01005698",587,454,133
"S01005699",823,630,193
"S01005700",573,473,100
"S01005701",760,597,163
"S01005702",685,523,162
"S01005703",580,496,84
"S01005704",649,506,143
"S01005705",923,804,119
"S01005706",746,636,110
"S01005707",546,391,155
"S01005708",715,584,131
"S01005709",779,626,153
"S01005710",465,400,65
"S01005711",949,819,130
"S01005712",524,397,127
"S01005713",578,479,99
"S01005714",1262,1060,202
"S01005715",732,595,137
"S01005716",538,462,76
"S01005717",478,406,72
"S01005718",791,633,158
"S01005719",487,434,53
"S01005720",766,678,88
"S01005721",747,598,149
"S01005722",532,446,86
"S01005723",754,595,159
"S01005724",609,554,55
"S01005725",739,590,149
"S01005726",1085,922,163
"S01005727",1346,1208,138
"S01005728",835,677,158
"S01005729",583,426,157
"S01005730",689,542,147
"S01005731",791,597,194
"S01005732",833,673,160
"S01005733",772,667,105
"S01005734",674,544,130
"S01005735",727,622,105
"S01005736",766,577,189
"S01005737",749,610,139
"S01005738",885,707,178
"S01005739",941,781,160
"S01005740",753,671,82
"S01005741",1045,872,173
"S01005742",964,784,180
"S01005743",1191,1087,104
"S01005744",931,709,222
"S01005745",1132,794,338
"S01005746",834,702,132
"S01005747",804,650,154
"S01005748",663,444,219
"S01005749",748,625,123
"S01005750",756,591,165
"S01005751",737,632,105
"S01005752",641,463,178
"S01005753",668,534,134
"S01005754",1032,813,219
"S01005755",717,513,204
"S01005756",834,628,206
"S01005757",582,408,174
"S01005758",801,639,162
"S01005759",766,556,210
"S01005760",610,494,116
"S01005761",669,582,87
"S01005762",650,445,205
"S01005763",2510,2246,264
"S01005764",580,424,156
"S01005765",949,705,244
"S01005766",660,534,126
"S01005767",692,595,97
"S01005768",844,639,205
"S01005769",761,574,187
"S01005770",588,387,201
"S01005771",722,604,118
"S01005772",696,564,132
"S01005773",889,784,105
"S01005774",664,525,139
"S01005775",732,528,204
"S01005776",691,530,161
"S01005777",515,406,109
"S01005778",650,464,186
"S01005779",767,647,120
"S01005780",1456,1349,107
"S01005781",946,739,207
"S01005782",821,584,237
"S01005783",529,447,82
"S01005784",742,576,166
"S01005785",731,645,86
"S01005786",579,458,121
"S01005787",754,624,130
"S01005788",542,404,138
"S01005789",795,665,130
"S01005790",493,398,95
"S01005791",470,376,94
"S01005792",833,700,133
"S01005793",502,419,83
"S01005794",938,764,174
"S01005795",660,567,93
"S01005796",1132,986,146
"S01005797",1066,981,85
"S01005798",618,470,148
"S01005799",688,541,147
"S01005800",616,467,149
"S01005801",651,548,103
"S01005802",862,726,136
"S01005803",797,628,169
"S01005804",3934,3599,335
"S01005805",606,549,57
"S01005806",788,620,168
"S01005807",808,642,166
"S01005808",719,601,118
"S01005809",669,544,125
"S01005810",487,406,81
"S01005811",522,436,86
"S01005812",572,511,61
"S01005813",790,620,170
"S01005814",772,613,159
"S01005815",1022,709,313
"S01005816",1055,912,143
"S01005817",521,456,65
"S01005818",780,719,61
"S01005819",687,521,166
"S01005820",668,559,109
"S01005821",479,375,104
"S01005822",820,690,130
"S01005823",602,506,96
"S01005824",681,609,72
"S01005825",642,497,145
"S01005826",898,787,111
"S01005827",685,609,76
"S01005828",748,617,131
"S01005829",745,634,111
"S01005830",840,603,237
"S01005831",1139,987,152
"S01005832",723,529,194
"S01005833",640,522,118
"S01005834",602,456,146
"S01005835",667,572,95
"S01005836",649,591,58
"S01005837",485,440,45
"S01005838",688,521,167
"S01005839",783,670,113
"S01005840",836,666,170
"S01005841",628,514,114
"S01005842",506,376,130
"S01005843",637,523,114
"S01005844",706,614,92
"S01005845",482,432,50
"S01005846",871,662,209
"S01005847",786,633,153
"S01005848",556,425,131
"S01005849",838,675,163
"S01005850",777,567,210
"S01005851",689,520,169
"S01005852",500,411,89
"S01005853",994,729,265
"S01005854",797,622,175
"S01005855",821,524,297
"S01005856",733,567,166
"S01005857",701,530,171
"S01005858",678,534,144
"S01005859",697,598,99
"S01005860",746,579,167
"S01005861",865,813,52
"S01005862",772,631,141
"S01005863",1574,1298,276
"S01005864",883,683,200
"S01005865",792,556,236
"S01005866",810,697,113
"S01005867",959,803,156
"S01005868",717,633,84
"S01005869",708,509,199
"S01005870",708,529,179
"S01005871",658,528,130
"S01005872",749,617,132
"S01005873",962,732,230
"S01005874",814,619,195
"S01005875",800,667,133
"S01005876",857,749,108
"S01005877",887,706,181
"S01005878",555,488,67
"S01005879",644,501,143
"S01005880",742,503,239
"S01005881",788,614,174
"S01005882",1554,1452,102
"S01005883",455,361,94
"S01005884",727,600,127
"S01005885",581,493,88
"S01005886",689,612,77
"S01005887",490,397,93
"S01005888",612,476,136
"S01005889",863,623,240
"S01005890",675,586,89
"S01005891",615,470,145
"S01005892",688,489,199
"S01005893",705,570,135
"S01005894",726,562,164
"S01005895",571,481,90
"S01005896",704,610,94
"S01005897",728,598,130
"S01005898",692,568,124
"S01005899",696,513,183
"S01005900",598,510,88
"S01005901",751,669,82
"S01005902",842,691,151
"S01005903",967,771,196
"S01005904",1012,853,159
"S01005905",772,674,98
"S01005906",831,680,151
"S01005907",728,559,169
"S01005908",881,705,176
"S01005909",512,443,69
"S01005910",691,590,101
"S01005911",1349,1108,241
"S01005912",803,655,148
"S01005913",829,583,246
"S01005914",945,683,262
"S01005915",673,490,183
"S01005916",749,685,64
"S01005917",876,696,180
"S01005918",882,682,200
"S01005919",525,474,51
"S01005920",858,647,211
"S01005921",655,522,133
"S01005922",900,757,143
"S01005923",689,562,127
"S01005924",651,603,48
"S01005925",698,635,63
"S01005926",989,770,219
"S01005927",720,610,110
"S01005928",788,613,175
"S01005929",764,627,137
"S01005930",1060,919,141
"S01005931",748,623,125
"S01005932",614,429,185
"S01005933",861,774,87
"S01005934",699,517,182
"S01005935",610,446,164
"S01005936",817,568,249
"S01005937",609,553,56
"S01005938",745,572,173
"S01005939",698,509,189
"S01005940",778,610,168
"S01005941",453,419,34
"S01005942",879,639,240
"S01005943",811,636,175
"S01005944",957,659,298
"S01005945",816,685,131
"S01005946",859,657,202
"S01005947",733,507,226
"S01005948",832,677,155
"S01005949",622,501,121
"S01005950",529,380,149
"S01005951",1242,935,307
"S01005952",1163,874,289
"S01005953",1255,1061,194
"S01005954",496,365,131
"S01005955",700,601,99
"S01005956",738,558,180
"S01005957",1052,745,307
"S01005958",538,379,159
"S01005959",524,329,195
"S01005960",496,316,180
"S01005961",1190,951,239
"S01005962",461,307,154
"S01005963",608,469,139
"S01005964",722,530,192
"S01005965",948,721,227
"S01005966",1383,1138,245
"S01005967",1008,727,281
"S01005968",1209,962,247
"S01005969",708,544,164
"S01005970",754,553,201
"S01005971",402,299,103
"S01005972",705,534,171
"S01005973",839,643,196
"S01005974",764,562,202
"S01005975",685,499,186
"S01005976",778,650,128
"S01005977",720,559,161
"S01005978",720,604,116
"S01005979",853,644,209
"S01005980",568,482,86
"S01005981",875,753,122
"S01005982",717,544,173
"S01005983",831,693,138
"S01005984",894,781,113
"S01005985",764,604,160
"S01005986",1038,910,128
"S01005987",548,393,155
"S01005988",546,404,142
"S01005989",675,599,76
"S01005990",1408,1072,336
"S01005991",690,500,190
"S01005992",561,393,168
"S01005993",666,549,117
"S01005994",912,722,190
"S01005995",634,411,223
"S01005996",836,733,103
"S01005997",603,451,152
"S01005998",660,478,182
"S01005999",1375,1226,149
"S01006000",746,555,191
"S01006001",734,616,118
"S01006002",531,381,150
"S01006003",630,402,228
"S01006004",1458,1324,134
"S01006005",544,449,95
"S01006006",766,660,106
"S01006007",446,316,130
"S01006008",714,502,212
"S01006009",475,402,73
"S01006010",979,862,117
"S01006011",778,588,190
"S01006012",755,516,239
"S01006013",587,537,50
"S01006014",675,487,188
"S01006015",734,623,111
"S01006016",927,824,103
"S01006017",1269,1035,234
"S01006018",908,780,128
"S01006019",1334,1138,196
"S01006020",826,689,137
"S01006021",1059,871,188
"S01006022",573,447,126
"S01006023",697,633,64
"S01006024",801,563,238
"S01006025",879,634,245
"S01006026",726,525,201
"S01006027",729,638,91
"S01006028",618,523,95
"S01006029",685,582,103
"S01006030",892,761,131
"S01006031",1456,1205,251
"S01006032",898,621,277
"S01006033",1159,1025,134
"S01006034",1784,1454,330
"S01006035",915,712,203
"S01006036",2362,2178,184
"S01006037",815,652,163
"S01006038",864,686,178
"S01006039",770,600,170
"S01006040",865,635,230
"S01006041",926,602,324
"S01006042",803,598,205
"S01006043",547,440,107
"S01006044",1067,692,375
"S01006045",666,572,94
"S01006046",726,623,103
"S01006047",710,466,244
"S01006048",696,607,89
"S01006049",779,563,216
"S01006050",749,569,180
"S01006051",801,662,139
"S01006052",797,685,112
"S01006053",772,610,162
"S01006054",791,650,141
"S01006055",642,559,83
"S01006056",884,773,111
"S01006057",494,349,145
"S01006058",720,443,277
"S01006059",859,553,306
"S01006060",667,437,230
"S01006061",484,315,169
"S01006062",681,471,210
"S01006063",546,407,139
"S01006064",696,516,180
"S01006065",775,587,188
"S01006066",1014,801,213
"S01006067",933,796,137
"S01006068",582,485,97
"S01006069",827,741,86
"S01006070",673,608,65
"S01006071",926,848,78
"S01006072",625,562,63
"S01006073",447,389,58
"S01006074",700,631,69
"S01006075",1013,735,278
"S01006076",1012,776,236
"S01006077",1217,1003,214
"S01006078",1442,1285,157
"S01006079",710,568,142
"S01006080",1007,874,133
"S01006081",715,623,92
"S01006082",895,680,215
"S01006083",1038,905,133
"S01006084",880,753,127
"S01006085",754,668,86
"S01006086",923,782,141
"S01006087",738,574,164
"S01006088",757,674,83
"S01006089",712,550,162
"S01006090",825,627,198
"S01006091",897,829,68
"S01006092",564,425,139
"S01006093",760,605,155
"S01006094",838,650,188
"S01006095",896,736,160
"S01006096",602,478,124
"S01006097",963,720,243
"S01006098",669,507,162
"S01006099",561,497,64
"S01006100",431,338,93
"S01006101",614,445,169
"S01006102",833,635,198
"S01006103",628,557,71
"S01006104",726,564,162
"S01006105",905,790,115
"S01006106",835,702,133
"S01006107",662,517,145
"S01006108",872,705,167
"S01006109",871,707,164
"S01006110",767,591,176
"S01006111",972,774,198
"S01006112",680,602,78
"S01006113",899,791,108
"S01006114",702,520,182
"S01006115",776,639,137
"S01006116",841,749,92
"S01006117",846,696,150
"S01006118",629,541,88
"S01006119",1147,1010,137
"S01006120",1123,966,157
"S01006121",548,459,89
"S01006122",1016,923,93
"S01006123",765,681,84
"S01006124",705,583,122
"S01006125",934,839,95
"S01006126",877,776,101
"S01006127",749,682,67
"S01006128",895,793,102
"S01006129",732,620,112
"S01006130",440,307,133
"S01006131",953,846,107
"S01006132",790,518,272
"S01006133",620,543,77
"S01006134",496,414,82
"S01006135",532,387,145
"S01006136",1133,893,240
"S01006137",988,877,111
"S01006138",616,540,76
"S01006139",413,304,109
"S01006140",809,660,149
"S01006141",1996,1631,365
"S01006142",620,525,95
"S01006143",658,587,71
"S01006144",971,838,133
"S01006145",1065,879,186
"S01006146",828,757,71
"S01006147",772,675,97
"S01006148",800,684,116
"S01006149",1090,965,125
"S01006150",1012,884,128
"S01006151",1999,1917,82
"S01006152",712,650,62
"S01006153",584,518,66
"S01006154",842,795,47
"S01006155",784,654,130
"S01006156",598,524,74
"S01006157",747,599,148
"S01006158",880,790,90
"S01006159",821,714,107
"S01006160",808,747,61
"S01006161",753,680,73
"S01006162",628,525,103
"S01006163",741,637,104
"S01006164",596,517,79
"S01006165",901,813,88
"S01006166",864,790,74
"S01006167",1687,1528,159
"S01006168",1044,913,131
"S01006169",710,621,89
"S01006170",896,749,147
"S01006171",869,671,198
"S01006172",471,388,83
"S01006173",622,538,84
"S01006174",611,530,81
"S01006175",753,620,133
"S01006176",643,544,99
"S01006177",598,447,151
"S01006178",798,564,234
"S01006179",719,541,178
"S01006180",774,622,152
"S01006181",743,545,198
"S01006182",624,440,184
"S01006183",853,640,213
"S01006184",745,541,204
"S01006185",928,688,240
"S01006186",1173,845,328
"S01006187",771,573,198
"S01006188",653,538,115
"S01006189",704,540,164
"S01006190",840,674,166
"S01006191",587,435,152
"S01006192",710,559,151
"S01006193",894,549,345
"S01006194",878,626,252
"S01006195",863,535,328
"S01006196",853,636,217
"S01006197",816,600,216
"S01006198",642,463,179
"S01006199",647,470,177
"S01006200",911,681,230
"S01006201",922,662,260
"S01006202",655,487,168
"S01006203",597,456,141
"S01006204",894,645,249
"S01006205",671,521,150
"S01006206",749,591,158
"S01006207",853,568,285
"S01006208",704,501,203
"S01006209",683,582,101
"S01006210",757,603,154
"S01006211",528,383,145
"S01006212",793,715,78
"S01006213",1064,819,245
"S01006214",824,668,156
"S01006215",759,572,187
"S01006216",679,587,92
"S01006217",979,766,213
"S01006218",569,483,86
"S01006219",893,674,219
"S01006220",867,742,125
"S01006221",815,581,234
"S01006222",1021,833,188
"S01006223",701,598,103
"S01006224",617,538,79
"S01006225",890,663,227
"S01006226",702,614,88
"S01006227",910,730,180
"S01006228",728,655,73
"S01006229",908,740,168
"S01006230",983,775,208
"S01006231",865,677,188
"S01006232",1055,955,100
"S01006233",719,579,140
"S01006234",649,531,118
"S01006235",718,580,138
"S01006236",568,464,104
"S01006237",907,663,244
"S01006238",952,720,232
"S01006239",434,378,56
"S01006240",741,521,220
"S01006241",991,731,260
"S01006242",743,531,212
"S01006243",600,494,106
"S01006244",805,632,173
"S01006245",574,447,127
"S01006246",727,551,176
"S01006247",789,634,155
"S01006248",834,700,134
"S01006249",680,563,117
"S01006250",717,554,163
"S01006251",577,459,118
"S01006252",618,516,102
"S01006253",629,483,146
"S01006254",793,670,123
"S01006255",885,749,136
"S01006256",627,479,148
"S01006257",749,542,207
"S01006258",825,654,171
"S01006259",673,556,117
"S01006260",572,455,117
"S01006261",810,633,177
"S01006262",823,621,202
"S01006263",787,571,216
"S01006264",917,833,84
"S01006265",762,610,152
"S01006266",919,694,225
"S01006267",588,484,104
"S01006268",676,550,126
"S01006269",609,477,132
"S01006270",859,679,180
"S01006271",696,531,165
"S01006272",819,595,224
"S01006273",527,406,121
"S01006274",536,409,127
"S01006275",809,689,120
"S01006276",814,631,183
"S01006277",657,519,138
"S01006278",1054,775,279
"S01006279",1326,1094,232
"S01006280",703,522,181
"S01006281",772,573,199
"S01006282",654,487,167
"S01006283",691,494,197
"S01006284",732,552,180
"S01006285",819,714,105
"S01006286",1085,885,200
"S01006287",579,451,128
"S01006288",767,536,231
"S01006289",822,647,175
"S01006290",885,669,216
"S01006291",534,391,143
"S01006292",810,680,130
"S01006293",821,703,118
"S01006294",603,520,83
"S01006295",881,765,116
"S01006296",922,799,123
"S01006297",735,580,155
"S01006298",1009,838,171
"S01006299",752,523,229
"S01006300",791,580,211
"S01006301",629,468,161
"S01006302",927,721,206
"S01006303",680,538,142
"S01006304",845,663,182
"S01006305",708,563,145
"S01006306",788,647,141
"S01006307",897,629,268
"S01006308",633,467,166
"S01006309",1092,908,184
"S01006310",820,705,115
"S01006311",747,598,149
"S01006312",1195,914,281
"S01006313",1275,1005,270
"S01006314",653,581,72
"S01006315",836,662,174
"S01006316",826,678,148
"S01006317",979,812,167
"S01006318",769,601,168
"S01006319",925,673,252
"S01006320",1008,774,234
"S01006321",829,766,63
"S01006322",786,737,49
"S01006323",1017,897,120
"S01006324",693,647,46
"S01006325",661,472,189
"S01006326",959,699,260
"S01006327",574,449,125
"S01006328",615,449,166
"S01006329",1105,970,135
"S01006330",706,531,175
"S01006331",731,609,122
"S01006332",594,432,162
"S01006333",911,695,216
"S01006334",772,572,200
"S01006335",849,668,181
"S01006336",1269,1176,93
"S01006337",1395,1303,92
"S01006338",793,689,104
"S01006339",945,738,207
"S01006340",701,594,107
"S01006341",727,616,111
"S01006342",687,509,178
"S01006343",1226,988,238
"S01006344",702,550,152
"S01006345",686,538,148
"S01006346",653,546,107
"S01006347",611,537,74
"S01006348",585,489,96
"S01006349",494,370,124
"S01006350",666,504,162
"S01006351",1268,982,286
"S01006352",703,561,142
"S01006353",557,443,114
"S01006354",963,771,192
"S01006355",740,601,139
"S01006356",651,592,59
"S01006357",733,603,130
"S01006358",685,562,123
"S01006359",1097,888,209
"S01006360",656,575,81
"S01006361",1070,909,161
"S01006362",746,657,89
"S01006363",667,585,82
"S01006364",4216,3903,313
"S01006365",867,754,113
"S01006366",714,645,69
"S01006367",729,632,97
"S01006368",784,729,55
"S01006369",1655,1415,240
"S01006370",1084,960,124
"S01006371",612,559,53
"S01006372",712,552,160
"S01006373",886,744,142
"S01006374",648,541,107
"S01006375",593,475,118
"S01006376",1041,919,122
"S01006377",576,476,100
"S01006378",526,486,40
"S01006379",688,569,119
"S01006380",637,514,123
"S01006381",501,414,87
"S01006382",687,540,147
"S01006383",603,508,95
"S01006384",726,658,68
"S01006385",996,818,178
"S01006386",991,773,218
"S01006387",858,690,168
"S01006388",1043,765,278
"S01006389",680,534,146
"S01006390",692,573,119
"S01006391",1166,1093,73
"S01006392",970,781,189
"S01006393",1417,1196,221
"S01006394",731,596,135
"S01006395",1139,909,230
"S01006396",604,483,121
"S01006397",961,848,113
"S01006398",843,679,164
"S01006399",724,591,133
"S01006400",1369,1238,131
"S01006401",1087,852,235
"S01006402",672,538,134
"S01006403",748,555,193
"S01006404",862,673,189
"S01006405",1016,840,176
"S01006406",386,292,94
"S01006407",650,581,69
"S01006408",1047,864,183
"S01006409",1445,1301,144
"S01006410",679,474,205
"S01006411",1058,899,159
"S01006412",660,540,120
"S01006413",513,414,99
"S01006414",485,402,83
"S01006415",820,701,119
"S01006416",878,624,254
"S01006417",760,658,102
"S01006418",612,471,141
"S01006419",534,420,114
"S01006420",877,718,159
"S01006421",776,641,135
"S01006422",658,516,142
"S01006423",647,602,45
"S01006424",612,476,136
"S01006425",1390,1158,232
"S01006426",1215,1035,180
"S01006427",759,555,204
"S01006428",747,626,121
"S01006429",687,563,124
"S01006430",669,581,88
"S01006431",494,451,43
"S01006432",673,547,126
"S01006433",625,526,99
"S01006434",757,614,143
"S01006435",429,375,54
"S01006436",779,639,140
"S01006437",897,762,135
"S01006438",649,464,185
"S01006439",821,639,182
"S01006440",830,640,190
"S01006441",669,518,151
"S01006442",752,594,158
"S01006443",459,349,110
"S01006444",586,492,94
"S01006445",775,668,107
"S01006446",869,733,136
"S01006447",576,442,134
"S01006448",897,764,133
"S01006449",459,403,56
"S01006450",662,538,124
"S01006451",1108,930,178
"S01006452",556,426,130
"S01006453",944,753,191
"S01006454",613,530,83
"S01006455",560,447,113
"S01006456",1888,1645,243
"S01006457",1094,956,138
"S01006458",849,765,84
"S01006459",763,669,94
"S01006460",490,403,87
"S01006461",1776,1588,188
"S01006462",764,656,108
"S01006463",673,537,136
"S01006464",669,544,125
"S01006465",1479,1216,263
"S01006466",744,627,117
"S01006467",816,675,141
"S01006468",1252,1113,139
"S01006469",626,512,114
"S01006470",837,622,215
"S01006471",899,725,174
"S01006472",605,472,133
"S01006473",746,637,109
"S01006474",745,593,152
"S01006475",849,706,143
"S01006476",860,723,137
"S01006477",786,592,194
"S01006478",1098,940,158
"S01006479",766,584,182
"S01006480",830,726,104
"S01006481",972,873,99
"S01006482",711,606,105
"S01006483",909,711,198
"S01006484",772,605,167
"S01006485",687,637,50
"S01006486",786,739,47
"S01006487",772,623,149
"S01006488",657,592,65
"S01006489",884,745,139
"S01006490",709,636,73
"S01006491",752,684,68
"S01006492",645,530,115
"S01006493",575,456,119
"S01006494",659,573,86
"S01006495",785,693,92
"S01006496",928,749,179
"S01006497",560,473,87
"S01006498",1236,1026,210
"S01006499",910,782,128
"S01006500",713,573,140
"S01006501",871,803,68
"S01006502",588,540,48
"S01006503",640,582,58
"S01006504",776,715,61
"S01006505",860,826,34
