dz_2001,total,owned,nonowned
S01000001,747,582,165
S01000002,687,653,34
S01000003,838,820,18
S01000004,641,611,30
S01000005,663,571,92
S01000006,593,408,185
S01000007,708,611,97
S01000008,584,402,182
S01000009,706,592,114
S01000010,568,549,19
S01000011,877,722,155
S01000012,814,792,22
S01000013,898,617,281
S01000014,919,788,131
S01000015,655,629,26
S01000016,560,370,190
S01000017,937,785,152
S01000018,577,497,80
S01000019,531,514,17
S01000020,805,550,255
S01000021,862,628,234
S01000022,663,609,54
S01000023,805,703,102
S01000024,488,425,63
S01000025,850,747,103
S01000026,930,453,477
S01000027,815,705,110
S01000028,969,521,448
S01000029,742,558,184
S01000030,500,253,247
S01000031,866,774,92
S01000032,1089,672,417
S01000033,796,279,517
S01000034,925,848,77
S01000035,1009,565,444
S01000036,702,283,419
S01000037,736,476,260
S01000038,682,461,221
S01000039,942,406,536
S01000040,970,614,356
S01000041,827,671,156
S01000042,790,407,383
S01000043,837,478,359
S01000044,946,411,535
S01000045,581,556,25
S01000046,763,739,24
S01000047,751,398,353
S01000048,925,839,86
S01000049,737,688,49
S01000050,588,554,34
S01000051,788,756,32
S01000052,677,292,385
S01000053,971,700,271
S01000054,777,652,125
S01000055,711,279,432
S01000056,1049,884,165
S01000057,700,196,504
S01000058,703,661,42
S01000059,785,724,61
S01000060,577,116,461
S01000061,955,855,100
S01000062,990,800,190
S01000063,944,803,141
S01000064,648,394,254
S01000065,947,680,267
S01000066,750,463,287
S01000067,893,754,139
S01000068,824,723,101
S01000069,684,231,453
S01000070,646,245,401
S01000071,740,156,584
S01000072,832,514,318
S01000073,611,578,33
S01000074,763,72,691
S01000075,547,392,155
S01000076,770,760,10
S01000077,909,819,90
S01000078,817,447,370
S01000079,920,685,235
S01000080,926,742,184
S01000081,924,848,76
S01000082,928,376,552
S01000083,757,608,149
S01000084,665,405,260
S01000085,543,353,190
S01000086,695,496,199
S01000087,582,515,67
S01000088,621,430,191
S01000089,962,902,60
S01000090,800,603,197
S01000091,870,586,284
S01000092,851,541,310
S01000093,390,258,132
S01000094,575,324,251
S01000095,703,557,146
S01000096,706,320,386
S01000097,929,761,168
S01000098,914,460,454
S01000099,762,718,44
S01000100,695,348,347
S01000101,885,692,193
S01000102,747,199,548
S01000103,603,401,202
S01000104,819,707,112
S01000105,885,818,67
S01000106,706,580,126
S01000107,889,379,510
S01000108,537,270,267
S01000109,885,330,555
S01000110,800,558,242
S01000111,754,604,150
S01000112,970,389,581
S01000113,545,463,82
S01000114,627,271,356
S01000115,873,401,472
S01000116,893,623,270
S01000117,987,849,138
S01000118,674,403,271
S01000119,786,337,449
S01000120,574,377,197
S01000121,760,557,203
S01000122,764,273,491
S01000123,648,556,92
S01000124,985,479,506
S01000125,701,188,513
S01000126,861,312,549
S01000127,798,754,44
S01000128,930,407,523
S01000129,549,214,335
S01000130,865,395,470
S01000131,659,539,120
S01000132,776,569,207
S01000133,737,411,326
S01000134,762,270,492
S01000135,721,113,608
S01000136,706,309,397
S01000137,786,412,374
S01000138,805,386,419
S01000139,817,421,396
S01000140,943,592,351
S01000141,833,660,173
S01000142,772,283,489
S01000143,633,596,37
S01000144,517,264,253
S01000145,905,496,409
S01000146,959,315,644
S01000147,671,350,321
S01000148,694,228,466
S01000149,1011,440,571
S01000150,636,301,335
S01000151,907,245,662
S01000152,835,632,203
S01000153,529,182,347
S01000154,557,346,211
S01000155,784,370,414
S01000156,967,207,760
S01000157,667,187,480
S01000158,933,401,532
S01000159,956,883,73
S01000160,813,474,339
S01000161,958,715,243
S01000162,886,483,403
S01000163,1022,515,507
S01000164,471,224,247
S01000165,861,353,508
S01000166,1047,552,495
S01000167,712,415,297
S01000168,954,500,454
S01000169,750,507,243
S01000170,1031,695,336
S01000171,892,834,58
S01000172,501,358,143
S01000173,811,345,466
S01000174,873,791,82
S01000175,528,241,287
S01000176,671,346,325
S01000177,554,449,105
S01000178,760,382,378
S01000179,757,90,667
S01000180,676,432,244
S01000181,654,274,380
S01000182,873,424,449
S01000183,951,228,723
S01000184,793,630,163
S01000185,782,130,652
S01000186,957,658,299
S01000187,713,299,414
S01000188,754,194,560
S01000189,624,215,409
S01000190,887,486,401
S01000191,873,655,218
S01000192,767,187,580
S01000193,793,376,417
S01000194,745,255,490
S01000195,697,235,462
S01000196,924,167,757
S01000197,610,287,323
S01000198,746,198,548
S01000199,716,88,628
S01000200,846,450,396
S01000201,654,307,347
S01000202,861,550,311
S01000203,453,32,421
S01000204,622,292,330
S01000205,729,200,529
S01000206,714,502,212
S01000207,883,95,788
S01000208,800,164,636
S01000209,987,134,853
S01000210,578,203,375
S01000211,678,125,553
S01000212,788,401,387
S01000213,672,252,420
S01000214,507,356,151
S01000215,606,470,136
S01000216,619,568,51
S01000217,698,216,482
S01000218,713,430,283
S01000219,698,97,601
S01000220,599,253,346
S01000221,785,416,369
S01000222,758,473,285
S01000223,525,466,59
S01000224,732,483,249
S01000225,595,452,143
S01000226,618,569,49
S01000227,646,609,37
S01000228,655,500,155
S01000229,795,379,416
S01000230,678,451,227
S01000231,710,685,25
S01000232,669,315,354
S01000233,567,278,289
S01000234,762,728,34
S01000235,795,753,42
S01000236,680,565,115
S01000237,916,814,102
S01000238,516,475,41
S01000239,733,665,68
S01000240,721,622,99
S01000241,746,726,20
S01000242,690,401,289
S01000243,739,731,8
S01000244,1045,788,257
S01000245,953,804,149
S01000246,750,618,132
S01000247,767,738,29
S01000248,868,853,15
S01000249,738,641,97
S01000250,805,787,18
S01000251,501,488,13
S01000252,867,844,23
S01000253,745,737,8
S01000254,808,783,25
S01000255,632,611,21
S01000256,919,721,198
S01000257,817,708,109
S01000258,666,642,24
S01000259,614,600,14
S01000260,890,821,69
S01000261,999,941,58
S01000262,946,816,130
S01000263,794,694,100
S01000264,1033,743,290
S01000265,778,530,248
S01000266,982,706,276
S01000267,669,468,201
S01000268,779,459,320
S01000269,561,495,66
S01000270,964,726,238
S01000271,898,615,283
S01000272,940,729,211
S01000273,523,379,144
S01000274,594,382,212
S01000275,982,600,382
S01000276,736,706,30
S01000277,654,534,120
S01000278,537,233,304
S01000279,552,422,130
S01000280,620,397,223
S01000281,679,264,415
S01000282,651,431,220
S01000283,881,625,256
S01000284,819,587,232
S01000285,672,528,144
S01000286,876,634,242
S01000287,681,653,28
S01000288,897,727,170
S01000289,849,510,339
S01000290,764,341,423
S01000291,786,677,109
S01000292,931,844,87
S01000293,763,514,249
S01000294,699,561,138
S01000295,607,590,17
S01000296,510,473,37
S01000297,733,532,201
S01000298,528,433,95
S01000299,902,724,178
S01000300,774,572,202
S01000301,557,296,261
S01000302,566,369,197
S01000303,480,176,304
S01000304,791,779,12
S01000305,1040,808,232
S01000306,746,536,210
S01000307,991,923,68
S01000308,991,819,172
S01000309,628,347,281
S01000310,899,865,34
S01000311,914,805,109
S01000312,571,441,130
S01000313,709,575,134
S01000314,572,492,80
S01000315,631,534,97
S01000316,794,475,319
S01000317,551,287,264
S01000318,577,558,19
S01000319,685,676,9
S01000320,722,707,15
S01000321,581,547,34
S01000322,1081,1024,57
S01000323,888,559,329
S01000324,870,853,17
S01000325,618,446,172
S01000326,763,514,249
S01000327,898,874,24
S01000328,601,481,120
S01000329,545,422,123
S01000330,705,503,202
S01000331,621,428,193
S01000332,683,630,53
S01000333,828,627,201
S01000334,791,507,284
S01000335,652,484,168
S01000336,802,606,196
S01000337,685,457,228
S01000338,480,268,212
S01000339,1092,881,211
S01000340,971,558,413
S01000341,713,389,324
S01000342,387,224,163
S01000343,609,441,168
S01000344,892,712,180
S01000345,646,588,58
S01000346,676,662,14
S01000347,478,268,210
S01000348,816,774,42
S01000349,592,498,94
S01000350,1002,936,66
S01000351,1023,979,44
S01000352,798,788,10
S01000353,663,640,23
S01000354,552,379,173
S01000355,707,681,26
S01000356,611,511,100
S01000357,682,672,10
S01000358,1030,1011,19
S01000359,856,835,21
S01000360,504,239,265
S01000361,614,378,236
S01000362,920,804,116
S01000363,960,756,204
S01000364,880,675,205
S01000365,677,559,118
S01000366,761,679,82
S01000367,748,639,109
S01000368,797,626,171
S01000369,975,783,192
S01000370,796,758,38
S01000371,921,667,254
S01000372,947,710,237
S01000373,588,576,12
S01000374,611,536,75
S01000375,646,328,318
S01000376,899,452,447
S01000377,721,628,93
S01000378,581,366,215
S01000379,574,532,42
S01000380,748,700,48
S01000381,866,798,68
S01000382,755,544,211
S01000383,655,589,66
S01000384,731,410,321
S01000385,574,372,202
S01000386,766,601,165
S01000387,853,734,119
S01000388,755,681,74
S01000389,667,600,67
S01000390,688,386,302
S01000391,597,416,181
S01000392,723,661,62
S01000393,824,643,181
S01000394,688,467,221
S01000395,588,482,106
S01000396,940,507,433
S01000397,1013,806,207
S01000398,745,588,157
S01000399,577,438,139
S01000400,705,473,232
S01000401,824,662,162
S01000402,709,634,75
S01000403,796,680,116
S01000404,756,691,65
S01000405,474,408,66
S01000406,629,390,239
S01000407,658,364,294
S01000408,513,495,18
S01000409,666,649,17
S01000410,664,579,85
S01000411,631,472,159
S01000412,787,556,231
S01000413,786,648,138
S01000414,721,661,60
S01000415,615,401,214
S01000416,670,507,163
S01000417,1005,750,255
S01000418,723,593,130
S01000419,672,528,144
S01000420,968,742,226
S01000421,601,505,96
S01000422,683,496,187
S01000423,904,793,111
S01000424,727,573,154
S01000425,695,533,162
S01000426,797,673,124
S01000427,785,730,55
S01000428,777,731,46
S01000429,782,735,47
S01000430,557,536,21
S01000431,658,401,257
S01000432,973,903,70
S01000433,468,275,193
S01000434,680,380,300
S01000435,555,435,120
S01000436,695,678,17
S01000437,972,874,98
S01000438,694,684,10
S01000439,700,425,275
S01000440,868,727,141
S01000441,871,556,315
S01000442,808,632,176
S01000443,581,479,102
S01000444,573,468,105
S01000445,971,797,174
S01000446,929,717,212
S01000447,539,386,153
S01000448,622,485,137
S01000449,754,455,299
S01000450,645,610,35
S01000451,790,553,237
S01000452,557,416,141
S01000453,528,397,131
S01000454,493,281,212
S01000455,870,632,238
S01000456,718,540,178
S01000457,823,677,146
S01000458,853,737,116
S01000459,1033,747,286
S01000460,769,330,439
S01000461,856,449,407
S01000462,993,533,460
S01000463,676,318,358
S01000464,741,537,204
S01000465,629,534,95
S01000466,799,572,227
S01000467,625,412,213
S01000468,520,423,97
S01000469,689,541,148
S01000470,974,769,205
S01000471,603,507,96
S01000472,836,602,234
S01000473,745,482,263
S01000474,648,406,242
S01000475,887,552,335
S01000476,556,418,138
S01000477,777,634,143
S01000478,869,515,354
S01000479,931,625,306
S01000480,665,587,78
S01000481,770,681,89
S01000482,771,469,302
S01000483,915,593,322
S01000484,806,574,232
S01000485,1080,1045,35
S01000486,796,339,457
S01000487,533,405,128
S01000488,703,401,302
S01000489,869,323,546
S01000490,541,515,26
S01000491,589,235,354
S01000492,954,524,430
S01000493,588,441,147
S01000494,566,348,218
S01000495,905,833,72
S01000496,587,569,18
S01000497,630,481,149
S01000498,548,488,60
S01000499,803,648,155
S01000500,675,297,378
S01000501,621,421,200
S01000502,518,430,88
S01000503,497,435,62
S01000504,708,497,211
S01000505,757,591,166
S01000506,620,495,125
S01000507,1087,635,452
S01000508,877,733,144
S01000509,1022,713,309
S01000510,658,466,192
S01000511,556,456,100
S01000512,892,775,117
S01000513,862,516,346
S01000514,516,448,68
S01000515,484,404,80
S01000516,654,531,123
S01000517,651,466,185
S01000518,876,642,234
S01000519,476,414,62
S01000520,988,778,210
S01000521,927,530,397
S01000522,612,505,107
S01000523,763,368,395
S01000524,647,470,177
S01000525,955,690,265
S01000526,933,688,245
S01000527,587,515,72
S01000528,736,529,207
S01000529,723,630,93
S01000530,477,395,82
S01000531,523,424,99
S01000532,764,535,229
S01000533,760,609,151
S01000534,813,438,375
S01000535,985,628,357
S01000536,519,292,227
S01000537,559,451,108
S01000538,782,507,275
S01000539,989,665,324
S01000540,784,571,213
S01000541,547,386,161
S01000542,672,411,261
S01000543,814,637,177
S01000544,733,590,143
S01000545,717,529,188
S01000546,609,350,259
S01000547,544,442,102
S01000548,1012,737,275
S01000549,1078,1058,20
S01000550,557,544,13
S01000551,791,646,145
S01000552,554,537,17
S01000553,867,731,136
S01000554,791,319,472
S01000555,868,490,378
S01000556,880,365,515
S01000557,880,622,258
S01000558,512,464,48
S01000559,655,437,218
S01000560,1043,527,516
S01000561,1034,709,325
S01000562,909,461,448
S01000563,640,393,247
S01000564,860,319,541
S01000565,709,406,303
S01000566,759,455,304
S01000567,769,392,377
S01000568,542,442,100
S01000569,742,643,99
S01000570,939,751,188
S01000571,770,587,183
S01000572,800,740,60
S01000573,600,590,10
S01000574,786,732,54
S01000575,608,525,83
S01000576,654,631,23
S01000577,566,526,40
S01000578,706,622,84
S01000579,687,659,28
S01000580,681,605,76
S01000581,707,679,28
S01000582,728,477,251
S01000583,758,635,123
S01000584,781,416,365
S01000585,945,692,253
S01000586,775,651,124
S01000587,702,477,225
S01000588,604,532,72
S01000589,641,525,116
S01000590,731,665,66
S01000591,496,433,63
S01000592,909,746,163
S01000593,571,366,205
S01000594,580,426,154
S01000595,839,703,136
S01000596,945,897,48
S01000597,1065,1048,17
S01000598,519,453,66
S01000599,775,608,167
S01000600,741,655,86
S01000601,987,878,109
S01000602,679,538,141
S01000603,822,607,215
S01000604,967,927,40
S01000605,791,721,70
S01000606,776,364,412
S01000607,782,692,90
S01000608,972,542,430
S01000609,1005,350,655
S01000610,773,351,422
S01000611,624,302,322
S01000612,995,662,333
S01000613,997,822,175
S01000614,690,470,220
S01000615,764,370,394
S01000616,924,602,322
S01000617,634,487,147
S01000618,786,620,166
S01000619,714,416,298
S01000620,819,239,580
S01000621,999,657,342
S01000622,547,261,286
S01000623,780,473,307
S01000624,604,386,218
S01000625,629,217,412
S01000626,822,221,601
S01000627,931,628,303
S01000628,559,270,289
S01000629,585,520,65
S01000630,732,510,222
S01000631,637,332,305
S01000632,589,334,255
S01000633,632,564,68
S01000634,822,491,331
S01000635,678,504,174
S01000636,499,212,287
S01000637,595,434,161
S01000638,481,404,77
S01000639,606,318,288
S01000640,635,468,167
S01000641,781,620,161
S01000642,794,651,143
S01000643,609,483,126
S01000644,680,609,71
S01000645,854,572,282
S01000646,826,727,99
S01000647,877,590,287
S01000648,910,398,512
S01000649,582,305,277
S01000650,737,481,256
S01000651,783,456,327
S01000652,778,600,178
S01000653,884,500,384
S01000654,912,570,342
S01000655,797,316,481
S01000656,678,370,308
S01000657,723,382,341
S01000658,578,242,336
S01000659,1066,906,160
S01000660,917,871,46
S01000661,751,574,177
S01000662,530,361,169
S01000663,681,527,154
S01000664,774,551,223
S01000665,675,444,231
S01000666,493,437,56
S01000667,960,771,189
S01000668,909,333,576
S01000669,785,479,306
S01000670,566,384,182
S01000671,589,413,176
S01000672,628,426,202
S01000673,750,698,52
S01000674,959,609,350
S01000675,722,690,32
S01000676,486,237,249
S01000677,822,269,553
S01000678,942,718,224
S01000679,750,342,408
S01000680,778,419,359
S01000681,790,391,399
S01000682,584,345,239
S01000683,525,432,93
S01000684,685,313,372
S01000685,807,653,154
S01000686,703,447,256
S01000687,789,424,365
S01000688,748,585,163
S01000689,611,309,302
S01000690,787,718,69
S01000691,772,464,308
S01000692,746,247,499
S01000693,872,357,515
S01000694,724,482,242
S01000695,745,506,239
S01000696,731,458,273
S01000697,492,353,139
S01000698,642,429,213
S01000699,623,380,243
S01000700,879,557,322
S01000701,861,760,101
S01000702,522,472,50
S01000703,741,495,246
S01000704,779,539,240
S01000705,1076,937,139
S01000706,810,622,188
S01000707,537,360,177
S01000708,557,372,185
S01000709,864,569,295
S01000710,1075,442,633
S01000711,620,494,126
S01000712,576,458,118
S01000713,832,517,315
S01000714,832,510,322
S01000715,651,358,293
S01000716,502,218,284
S01000717,870,270,600
S01000718,952,433,519
S01000719,643,515,128
S01000720,850,599,251
S01000721,658,356,302
S01000722,819,383,436
S01000723,527,296,231
S01000724,842,449,393
S01000725,618,419,199
S01000726,686,449,237
S01000727,680,278,402
S01000728,768,302,466
S01000729,542,293,249
S01000730,407,188,219
S01000731,547,146,401
S01000732,536,138,398
S01000733,732,372,360
S01000734,788,725,63
S01000735,445,358,87
S01000736,720,589,131
S01000737,511,319,192
S01000738,579,437,142
S01000739,759,471,288
S01000740,669,463,206
S01000741,806,649,157
S01000742,525,389,136
S01000743,657,590,67
S01000744,733,516,217
S01000745,681,577,104
S01000746,738,542,196
S01000747,554,388,166
S01000748,498,215,283
S01000749,559,175,384
S01000750,694,513,181
S01000751,713,650,63
S01000752,992,302,690
S01000753,646,416,230
S01000754,626,546,80
S01000755,723,306,417
S01000756,995,831,164
S01000757,666,539,127
S01000758,971,896,75
S01000759,861,570,291
S01000760,565,457,108
S01000761,492,442,50
S01000762,670,655,15
S01000763,858,591,267
S01000764,700,675,25
S01000765,671,236,435
S01000766,728,635,93
S01000767,596,133,463
S01000768,826,549,277
S01000769,955,573,382
S01000770,595,229,366
S01000771,923,788,135
S01000772,650,615,35
S01000773,930,772,158
S01000774,598,30,568
S01000775,610,495,115
S01000776,620,596,24
S01000777,555,6,549
S01000778,448,437,11
S01000779,793,520,273
S01000780,931,453,478
S01000781,877,860,17
S01000782,712,690,22
S01000783,506,443,63
S01000784,830,791,39
S01000785,717,505,212
S01000786,784,639,145
S01000787,526,338,188
S01000788,705,545,160
S01000789,632,442,190
S01000790,470,359,111
S01000791,628,363,265
S01000792,690,670,20
S01000793,707,453,254
S01000794,842,507,335
S01000795,768,553,215
S01000796,481,229,252
S01000797,476,264,212
S01000798,535,325,210
S01000799,515,417,98
S01000800,967,748,219
S01000801,639,501,138
S01000802,754,553,201
S01000803,871,628,243
S01000804,970,734,236
S01000805,822,596,226
S01000806,834,640,194
S01000807,744,346,398
S01000808,700,489,211
S01000809,531,347,184
S01000810,615,496,119
S01000811,823,750,73
S01000812,576,361,215
S01000813,757,654,103
S01000814,914,348,566
S01000815,544,87,457
S01000816,560,345,215
S01000817,862,663,199
S01000818,682,559,123
S01000819,783,516,267
S01000820,573,362,211
S01000821,828,522,306
S01000822,551,377,174
S01000823,561,273,288
S01000824,553,345,208
S01000825,681,523,158
S01000826,730,427,303
S01000827,678,492,186
S01000828,843,662,181
S01000829,569,399,170
S01000830,704,438,266
S01000831,880,603,277
S01000832,920,682,238
S01000833,569,245,324
S01000834,911,446,465
S01000835,698,288,410
S01000836,847,249,598
S01000837,758,331,427
S01000838,723,516,207
S01000839,963,737,226
S01000840,764,206,558
S01000841,970,227,743
S01000842,830,710,120
S01000843,765,666,99
S01000844,689,429,260
S01000845,560,488,72
S01000846,739,248,491
S01000847,958,637,321
S01000848,699,546,153
S01000849,539,341,198
S01000850,657,226,431
S01000851,686,664,22
S01000852,661,407,254
S01000853,553,281,272
S01000854,933,346,587
S01000855,728,608,120
S01000856,568,252,316
S01000857,614,378,236
S01000858,717,662,55
S01000859,836,699,137
S01000860,873,329,544
S01000861,656,503,153
S01000862,559,514,45
S01000863,485,191,294
S01000864,668,478,190
S01000865,692,314,378
S01000866,944,462,482
S01000867,739,307,432
S01000868,718,204,514
S01000869,566,160,406
S01000870,872,278,594
S01000871,730,527,203
S01000872,650,438,212
S01000873,806,495,311
S01000874,545,178,367
S01000875,736,390,346
S01000876,744,518,226
S01000877,741,292,449
S01000878,588,530,58
S01000879,846,726,120
S01000880,778,738,40
S01000881,703,382,321
S01000882,939,639,300
S01000883,923,597,326
S01000884,529,371,158
S01000885,524,501,23
S01000886,734,465,269
S01000887,781,596,185
S01000888,724,458,266
S01000889,796,567,229
S01000890,792,420,372
S01000891,853,646,207
S01000892,562,506,56
S01000893,730,702,28
S01000894,523,413,110
S01000895,900,754,146
S01000896,485,422,63
S01000897,685,442,243
S01000898,576,380,196
S01000899,867,427,440
S01000900,657,502,155
S01000901,675,265,410
S01000902,979,687,292
S01000903,958,614,344
S01000904,689,468,221
S01000905,680,398,282
S01000906,536,365,171
S01000907,772,454,318
S01000908,755,416,339
S01000909,918,569,349
S01000910,870,459,411
S01000911,962,760,202
S01000912,749,558,191
S01000913,708,424,284
S01000914,851,690,161
S01000915,921,644,277
S01000916,986,609,377
S01000917,683,440,243
S01000918,638,382,256
S01000919,522,303,219
S01000920,505,325,180
S01000921,709,343,366
S01000922,775,516,259
S01000923,751,548,203
S01000924,841,459,382
S01000925,943,583,360
S01000926,593,377,216
S01000927,988,603,385
S01000928,979,631,348
S01000929,511,91,420
S01000930,601,74,527
S01000931,708,323,385
S01000932,902,581,321
S01000933,857,702,155
S01000934,925,476,449
S01000935,808,576,232
S01000936,926,680,246
S01000937,568,358,210
S01000938,846,527,319
S01000939,740,493,247
S01000940,790,678,112
S01000941,542,317,225
S01000942,891,559,332
S01000943,845,808,37
S01000944,778,588,190
S01000945,755,575,180
S01000946,756,447,309
S01000947,720,471,249
S01000948,720,534,186
S01000949,613,543,70
S01000950,772,525,247
S01000951,700,465,235
S01000952,796,545,251
S01000953,906,869,37
S01000954,862,613,249
S01000955,527,472,55
S01000956,846,377,469
S01000957,506,277,229
S01000958,827,549,278
S01000959,688,610,78
S01000960,525,369,156
S01000961,851,693,158
S01000962,572,392,180
S01000963,744,296,448
S01000964,828,587,241
S01000965,665,217,448
S01000966,1051,592,459
S01000967,576,345,231
S01000968,932,638,294
S01000969,849,581,268
S01000970,793,510,283
S01000971,685,297,388
S01000972,977,942,35
S01000973,592,407,185
S01000974,842,802,40
S01000975,646,442,204
S01000976,493,329,164
S01000977,758,584,174
S01000978,755,430,325
S01000979,647,481,166
S01000980,746,421,325
S01000981,648,555,93
S01000982,553,461,92
S01000983,553,382,171
S01000984,633,405,228
S01000985,710,364,346
S01000986,504,322,182
S01000987,627,468,159
S01000988,488,370,118
S01000989,833,690,143
S01000990,616,390,226
S01000991,502,316,186
S01000992,856,627,229
S01000993,858,702,156
S01000994,970,546,424
S01000995,831,798,33
S01000996,911,709,202
S01000997,992,972,20
S01000998,621,293,328
S01000999,696,650,46
S01001000,531,367,164
S01001001,546,364,182
S01001002,673,605,68
S01001003,929,880,49
S01001004,653,618,35
S01001005,895,803,92
S01001006,771,745,26
S01001007,788,467,321
S01001008,737,550,187
S01001009,614,546,68
S01001010,780,371,409
S01001011,599,302,297
S01001012,831,790,41
S01001013,771,573,198
S01001014,794,292,502
S01001015,558,356,202
S01001016,935,598,337
S01001017,710,445,265
S01001018,783,488,295
S01001019,979,221,758
S01001020,523,302,221
S01001021,843,659,184
S01001022,771,567,204
S01001023,984,546,438
S01001024,799,587,212
S01001025,915,805,110
S01001026,823,633,190
S01001027,851,718,133
S01001028,757,383,374
S01001029,747,253,494
S01001030,741,690,51
S01001031,949,542,407
S01001032,733,284,449
S01001033,716,251,465
S01001034,823,188,635
S01001035,543,257,286
S01001036,538,246,292
S01001037,879,425,454
S01001038,669,594,75
S01001039,549,335,214
S01001040,613,464,149
S01001041,526,479,47
S01001042,865,836,29
S01001043,699,672,27
S01001044,988,662,326
S01001045,567,541,26
S01001046,499,275,224
S01001047,662,580,82
S01001048,615,585,30
S01001049,689,409,280
S01001050,942,543,399
S01001051,694,404,290
S01001052,567,258,309
S01001053,794,604,190
S01001054,666,365,301
S01001055,756,506,250
S01001056,747,461,286
S01001057,638,336,302
S01001058,771,552,219
S01001059,634,197,437
S01001060,766,440,326
S01001061,776,478,298
S01001062,547,395,152
S01001063,787,616,171
S01001064,770,551,219
S01001065,753,540,213
S01001066,732,484,248
S01001067,777,422,355
S01001068,849,545,304
S01001069,871,569,302
S01001070,813,543,270
S01001071,632,438,194
S01001072,741,302,439
S01001073,989,676,313
S01001074,511,249,262
S01001075,817,508,309
S01001076,783,451,332
S01001077,769,502,267
S01001078,814,435,379
S01001079,501,225,276
S01001080,540,372,168
S01001081,557,343,214
S01001082,879,635,244
S01001083,798,482,316
S01001084,876,659,217
S01001085,873,465,408
S01001086,743,282,461
S01001087,517,274,243
S01001088,984,456,528
S01001089,929,603,326
S01001090,938,649,289
S01001091,638,302,336
S01001092,920,368,552
S01001093,846,309,537
S01001094,951,811,140
S01001095,705,94,611
S01001096,884,359,525
S01001097,637,561,76
S01001098,699,639,60
S01001099,860,243,617
S01001100,905,398,507
S01001101,980,222,758
S01001102,261,51,210
S01001103,854,490,364
S01001104,702,198,504
S01001105,850,820,30
S01001106,743,728,15
S01001107,987,458,529
S01001108,644,136,508
S01001109,816,203,613
S01001110,820,256,564
S01001111,963,320,643
S01001112,787,529,258
S01001113,982,268,714
S01001114,902,188,714
S01001115,811,374,437
S01001116,483,308,175
S01001117,514,224,290
S01001118,633,477,156
S01001119,935,531,404
S01001120,653,498,155
S01001121,783,362,421
S01001122,561,321,240
S01001123,906,803,103
S01001124,641,417,224
S01001125,402,220,182
S01001126,923,847,76
S01001127,805,591,214
S01001128,737,720,17
S01001129,956,473,483
S01001130,836,509,327
S01001131,512,292,220
S01001132,735,575,160
S01001133,906,462,444
S01001134,982,910,72
S01001135,403,87,316
S01001136,760,296,464
S01001137,769,245,524
S01001138,913,416,497
S01001139,729,436,293
S01001140,972,517,455
S01001141,452,111,341
S01001142,921,823,98
S01001143,739,689,50
S01001144,674,332,342
S01001145,598,330,268
S01001146,916,909,7
S01001147,664,210,454
S01001148,711,654,57
S01001149,673,475,198
S01001150,726,287,439
S01001151,559,162,397
S01001152,977,543,434
S01001153,740,599,141
S01001154,761,724,37
S01001155,627,602,25
S01001156,772,330,442
S01001157,862,852,10
S01001158,573,309,264
S01001159,721,634,87
S01001160,593,306,287
S01001161,582,509,73
S01001162,865,734,131
S01001163,675,229,446
S01001164,589,291,298
S01001165,781,373,408
S01001166,284,68,216
S01001167,902,881,21
S01001168,675,384,291
S01001169,960,335,625
S01001170,829,282,547
S01001171,634,491,143
S01001172,663,266,397
S01001173,892,451,441
S01001174,618,313,305
S01001175,890,361,529
S01001176,735,596,139
S01001177,707,323,384
S01001178,862,491,371
S01001179,982,964,18
S01001180,713,257,456
S01001181,894,884,10
S01001182,908,524,384
S01001183,874,269,605
S01001184,907,827,80
S01001185,583,577,6
S01001186,818,782,36
S01001187,914,412,502
S01001188,784,343,441
S01001189,984,614,370
S01001190,731,725,6
S01001191,669,394,275
S01001192,997,352,645
S01001193,865,804,61
S01001194,934,912,22
S01001195,971,717,254
S01001196,981,422,559
S01001197,545,289,256
S01001198,695,388,307
S01001199,976,426,550
S01001200,866,260,606
S01001201,660,288,372
S01001202,605,310,295
S01001203,795,380,415
S01001204,830,809,21
S01001205,767,693,74
S01001206,747,377,370
S01001207,852,363,489
S01001208,626,100,526
S01001209,600,561,39
S01001210,866,390,476
S01001211,957,816,141
S01001212,595,212,383
S01001213,900,224,676
S01001214,723,381,342
S01001215,805,767,38
S01001216,963,506,457
S01001217,922,311,611
S01001218,759,714,45
S01001219,556,527,29
S01001220,546,341,205
S01001221,536,476,60
S01001222,747,136,611
S01001223,782,743,39
S01001224,938,328,610
S01001225,974,944,30
S01001226,483,249,234
S01001227,752,670,82
S01001228,806,689,117
S01001229,762,720,42
S01001230,786,210,576
S01001231,736,454,282
S01001232,637,622,15
S01001233,991,402,589
S01001234,397,162,235
S01001235,851,416,435
S01001236,933,433,500
S01001237,575,444,131
S01001238,715,290,425
S01001239,557,111,446
S01001240,810,554,256
S01001241,793,447,346
S01001242,919,696,223
S01001243,252,9,243
S01001244,700,601,99
S01001245,813,186,627
S01001246,975,675,300
S01001247,659,479,180
S01001248,876,829,47
S01001249,700,410,290
S01001250,974,691,283
S01001251,721,277,444
S01001252,642,471,171
S01001253,674,31,643
S01001254,702,385,317
S01001255,947,464,483
S01001256,747,469,278
S01001257,805,371,434
S01001258,538,58,480
S01001259,785,652,133
S01001260,659,97,562
S01001261,933,294,639
S01001262,876,850,26
S01001263,511,369,142
S01001264,511,488,23
S01001265,594,569,25
S01001266,766,662,104
S01001267,988,602,386
S01001268,764,741,23
S01001269,507,391,116
S01001270,817,109,708
S01001271,748,147,601
S01001272,666,423,243
S01001273,701,331,370
S01001274,734,321,413
S01001275,632,228,404
S01001276,508,387,121
S01001277,685,390,295
S01001278,503,386,117
S01001279,729,187,542
S01001280,608,269,339
S01001281,835,370,465
S01001282,735,559,176
S01001283,491,304,187
S01001284,790,472,318
S01001285,644,336,308
S01001286,528,299,229
S01001287,901,365,536
S01001288,922,466,456
S01001289,629,415,214
S01001290,549,327,222
S01001291,421,245,176
S01001292,948,440,508
S01001293,787,464,323
S01001294,769,345,424
S01001295,905,507,398
S01001296,694,324,370
S01001297,790,480,310
S01001298,867,560,307
S01001299,916,542,374
S01001300,980,784,196
S01001301,632,264,368
S01001302,694,610,84
S01001303,580,562,18
S01001304,722,646,76
S01001305,693,466,227
S01001306,701,291,410
S01001307,879,582,297
S01001308,988,327,661
S01001309,679,242,437
S01001310,747,259,488
S01001311,606,373,233
S01001312,770,254,516
S01001313,673,389,284
S01001314,724,609,115
S01001315,941,872,69
S01001316,981,259,722
S01001317,932,651,281
S01001318,553,426,127
S01001319,649,394,255
S01001320,935,412,523
S01001321,545,400,145
S01001322,783,512,271
S01001323,623,427,196
S01001324,946,170,776
S01001325,731,185,546
S01001326,985,627,358
S01001327,775,356,419
S01001328,823,294,529
S01001329,603,260,343
S01001330,979,975,4
S01001331,869,494,375
S01001332,908,500,408
S01001333,843,296,547
S01001334,881,358,523
S01001335,985,468,517
S01001336,920,528,392
S01001337,772,714,58
S01001338,814,268,546
S01001339,677,516,161
S01001340,766,355,411
S01001341,829,373,456
S01001342,852,541,311
S01001343,990,587,403
S01001344,833,724,109
S01001345,595,306,289
S01001346,694,630,64
S01001347,770,744,26
S01001348,730,400,330
S01001349,719,562,157
S01001350,730,260,470
S01001351,504,467,37
S01001352,873,726,147
S01001353,679,658,21
S01001354,779,542,237
S01001355,766,586,180
S01001356,635,612,23
S01001357,658,317,341
S01001358,873,510,363
S01001359,710,693,17
S01001360,854,646,208
S01001361,558,433,125
S01001362,622,605,17
S01001363,595,417,178
S01001364,880,590,290
S01001365,644,279,365
S01001366,951,940,11
S01001367,696,552,144
S01001368,1005,889,116
S01001369,960,637,323
S01001370,723,653,70
S01001371,552,404,148
S01001372,773,751,22
S01001373,557,380,177
S01001374,601,528,73
S01001375,674,652,22
S01001376,712,476,236
S01001377,805,346,459
S01001378,600,514,86
S01001379,998,592,406
S01001380,825,517,308
S01001381,858,666,192
S01001382,567,146,421
S01001383,662,295,367
S01001384,950,470,480
S01001385,785,455,330
S01001386,872,506,366
S01001387,860,618,242
S01001388,910,190,720
S01001389,510,303,207
S01001390,854,744,110
S01001391,828,557,271
S01001392,520,87,433
S01001393,536,499,37
S01001394,545,270,275
S01001395,964,703,261
S01001396,747,468,279
S01001397,827,177,650
S01001398,916,892,24
S01001399,902,230,672
S01001400,927,255,672
S01001401,699,269,430
S01001402,928,914,14
S01001403,990,962,28
S01001404,610,607,3
S01001405,863,841,22
S01001406,607,482,125
S01001407,845,657,188
S01001408,848,481,367
S01001409,899,552,347
S01001410,976,827,149
S01001411,578,471,107
S01001412,946,418,528
S01001413,763,741,22
S01001414,668,380,288
S01001415,796,483,313
S01001416,685,442,243
S01001417,1034,971,63
S01001418,944,890,54
S01001419,746,670,76
S01001420,596,532,64
S01001421,839,594,245
S01001422,549,495,54
S01001423,808,720,88
S01001424,1085,597,488
S01001425,980,566,414
S01001426,733,672,61
S01001427,930,896,34
S01001428,1014,600,414
S01001429,616,394,222
S01001430,985,944,41
S01001431,1027,1005,22
S01001432,731,719,12
S01001433,917,894,23
S01001434,974,935,39
S01001435,1007,990,17
S01001436,986,958,28
S01001437,894,852,42
S01001438,620,591,29
S01001439,784,762,22
S01001440,980,947,33
S01001441,829,811,18
S01001442,744,738,6
S01001443,954,902,52
S01001444,1015,983,32
S01001445,749,701,48
S01001446,912,866,46
S01001447,795,763,32
S01001448,714,699,15
S01001449,602,592,10
S01001450,805,783,22
S01001451,702,679,23
S01001452,797,754,43
S01001453,886,882,4
S01001454,963,924,39
S01001455,798,704,94
S01001456,626,600,26
S01001457,930,897,33
S01001458,974,932,42
S01001459,918,893,25
S01001460,706,695,11
S01001461,915,898,17
S01001462,914,872,42
S01001463,510,497,13
S01001464,917,878,39
S01001465,640,614,26
S01001466,775,754,21
S01001467,898,895,3
S01001468,653,629,24
S01001469,832,791,41
S01001470,1009,985,24
S01001471,735,709,26
S01001472,876,808,68
S01001473,766,620,146
S01001474,950,729,221
S01001475,579,558,21
S01001476,1059,1017,42
S01001477,1060,1046,14
S01001478,695,688,7
S01001479,643,507,136
S01001480,532,529,3
S01001481,998,958,40
S01001482,772,308,464
S01001483,906,877,29
S01001484,855,835,20
S01001485,731,704,27
S01001486,772,719,53
S01001487,678,316,362
S01001488,941,917,24
S01001489,705,674,31
S01001490,881,579,302
S01001491,902,881,21
S01001492,988,559,429
S01001493,841,782,59
S01001494,892,571,321
S01001495,612,586,26
S01001496,910,867,43
S01001497,762,419,343
S01001498,770,761,9
S01001499,1038,877,161
S01001500,733,326,407
S01001501,834,820,14
S01001502,912,891,21
S01001503,911,901,10
S01001504,932,650,282
S01001505,1013,1001,12
S01001506,591,505,86
S01001507,962,922,40
S01001508,1005,989,16
S01001509,941,507,434
S01001510,594,386,208
S01001511,624,610,14
S01001512,761,239,522
S01001513,868,128,740
S01001514,836,723,113
S01001515,729,691,38
S01001516,691,457,234
S01001517,873,448,425
S01001518,1014,479,535
S01001519,955,897,58
S01001520,712,532,180
S01001521,1025,888,137
S01001522,995,626,369
S01001523,801,783,18
S01001524,963,620,343
S01001525,844,555,289
S01001526,645,603,42
S01001527,863,508,355
S01001528,1014,959,55
S01001529,661,528,133
S01001530,883,416,467
S01001531,898,739,159
S01001532,587,557,30
S01001533,848,830,18
S01001534,705,692,13
S01001535,851,702,149
S01001536,842,325,517
S01001537,619,269,350
S01001538,892,777,115
S01001539,814,806,8
S01001540,838,776,62
S01001541,878,730,148
S01001542,740,639,101
S01001543,762,646,116
S01001544,949,698,251
S01001545,799,789,10
S01001546,935,372,563
S01001547,878,396,482
S01001548,700,639,61
S01001549,895,594,301
S01001550,657,417,240
S01001551,832,521,311
S01001552,862,507,355
S01001553,791,532,259
S01001554,993,803,190
S01001555,781,392,389
S01001556,925,629,296
S01001557,997,808,189
S01001558,829,503,326
S01001559,514,236,278
S01001560,669,356,313
S01001561,731,446,285
S01001562,664,353,311
S01001563,605,559,46
S01001564,582,438,144
S01001565,774,478,296
S01001566,672,566,106
S01001567,962,894,68
S01001568,675,603,72
S01001569,536,460,76
S01001570,539,529,10
S01001571,752,330,422
S01001572,581,498,83
S01001573,658,391,267
S01001574,897,360,537
S01001575,780,591,189
S01001576,589,273,316
S01001577,776,559,217
S01001578,689,399,290
S01001579,789,422,367
S01001580,601,438,163
S01001581,729,614,115
S01001582,610,301,309
S01001583,484,271,213
S01001584,769,439,330
S01001585,875,431,444
S01001586,518,495,23
S01001587,823,358,465
S01001588,782,424,358
S01001589,784,344,440
S01001590,766,648,118
S01001591,628,245,383
S01001592,768,264,504
S01001593,788,483,305
S01001594,783,519,264
S01001595,733,206,527
S01001596,763,541,222
S01001597,600,480,120
S01001598,637,601,36
S01001599,887,639,248
S01001600,1023,659,364
S01001601,783,555,228
S01001602,449,387,62
S01001603,821,610,211
S01001604,682,228,454
S01001605,607,361,246
S01001606,525,264,261
S01001607,928,735,193
S01001608,900,822,78
S01001609,942,476,466
S01001610,564,365,199
S01001611,777,507,270
S01001612,843,801,42
S01001613,861,216,645
S01001614,604,394,210
S01001615,774,404,370
S01001616,587,578,9
S01001617,714,252,462
S01001618,902,585,317
S01001619,723,426,297
S01001620,810,434,376
S01001621,763,390,373
S01001622,907,413,494
S01001623,715,463,252
S01001624,1000,617,383
S01001625,756,311,445
S01001626,806,630,176
S01001627,715,342,373
S01001628,585,185,400
S01001629,615,446,169
S01001630,548,239,309
S01001631,878,592,286
S01001632,619,581,38
S01001633,941,876,65
S01001634,834,735,99
S01001635,742,581,161
S01001636,575,548,27
S01001637,741,636,105
S01001638,880,569,311
S01001639,672,402,270
S01001640,689,669,20
S01001641,612,320,292
S01001642,950,560,390
S01001643,762,522,240
S01001644,765,571,194
S01001645,878,657,221
S01001646,581,359,222
S01001647,655,576,79
S01001648,757,383,374
S01001649,759,302,457
S01001650,807,446,361
S01001651,908,694,214
S01001652,816,694,122
S01001653,669,345,324
S01001654,601,369,232
S01001655,605,437,168
S01001656,932,623,309
S01001657,512,324,188
S01001658,925,623,302
S01001659,645,604,41
S01001660,652,571,81
S01001661,648,345,303
S01001662,769,409,360
S01001663,782,720,62
S01001664,543,467,76
S01001665,761,676,85
S01001666,612,498,114
S01001667,743,686,57
S01001668,632,559,73
S01001669,636,421,215
S01001670,689,645,44
S01001671,568,539,29
S01001672,589,390,199
S01001673,666,643,23
S01001674,711,492,219
S01001675,677,662,15
S01001676,894,821,73
S01001677,835,814,21
S01001678,942,928,14
S01001679,696,678,18
S01001680,601,594,7
S01001681,649,640,9
S01001682,522,510,12
S01001683,736,698,38
S01001684,575,519,56
S01001685,680,431,249
S01001686,929,903,26
S01001687,992,940,52
S01001688,838,806,32
S01001689,727,706,21
S01001690,545,397,148
S01001691,819,795,24
S01001692,577,404,173
S01001693,770,754,16
S01001694,644,583,61
S01001695,744,731,13
S01001696,762,725,37
S01001697,807,642,165
S01001698,523,432,91
S01001699,666,658,8
S01001700,980,966,14
S01001701,859,612,247
S01001702,896,759,137
S01001703,757,741,16
S01001704,937,888,49
S01001705,590,567,23
S01001706,784,761,23
S01001707,693,416,277
S01001708,863,818,45
S01001709,605,567,38
S01001710,663,583,80
S01001711,765,756,9
S01001712,517,468,49
S01001713,957,942,15
S01001714,707,696,11
S01001715,960,923,37
S01001716,785,528,257
S01001717,776,759,17
S01001718,505,488,17
S01001719,795,778,17
S01001720,690,646,44
S01001721,567,539,28
S01001722,754,725,29
S01001723,709,662,47
S01001724,732,250,482
S01001725,715,477,238
S01001726,662,653,9
S01001727,880,849,31
S01001728,672,661,11
S01001729,970,955,15
S01001730,630,622,8
S01001731,635,629,6
S01001732,596,525,71
S01001733,708,555,153
S01001734,527,523,4
S01001735,506,501,5
S01001736,998,976,22
S01001737,614,611,3
S01001738,619,611,8
S01001739,628,611,17
S01001740,788,738,50
S01001741,650,415,235
S01001742,707,361,346
S01001743,911,452,459
S01001744,616,602,14
S01001745,830,808,22
S01001746,958,926,32
S01001747,874,611,263
S01001748,640,632,8
S01001749,761,534,227
S01001750,731,620,111
S01001751,914,597,317
S01001752,994,980,14
S01001753,851,340,511
S01001754,820,814,6
S01001755,906,810,96
S01001756,625,558,67
S01001757,762,624,138
S01001758,766,683,83
S01001759,609,246,363
S01001760,695,517,178
S01001761,662,369,293
S01001762,987,793,194
S01001763,840,835,5
S01001764,530,517,13
S01001765,963,729,234
S01001766,696,604,92
S01001767,628,583,45
S01001768,617,548,69
S01001769,718,696,22
S01001770,542,159,383
S01001771,804,740,64
S01001772,516,451,65
S01001773,956,625,331
S01001774,623,578,45
S01001775,751,732,19
S01001776,613,457,156
S01001777,914,888,26
S01001778,864,457,407
S01001779,538,512,26
S01001780,807,669,138
S01001781,669,668,1
S01001782,936,918,18
S01001783,638,115,523
S01001784,587,555,32
S01001785,679,670,9
S01001786,569,541,28
S01001787,642,624,18
S01001788,874,866,8
S01001789,531,370,161
S01001790,762,681,81
S01001791,748,696,52
S01001792,733,661,72
S01001793,842,692,150
S01001794,924,777,147
S01001795,568,478,90
S01001796,813,795,18
S01001797,701,524,177
S01001798,909,893,16
S01001799,1002,207,795
S01001800,999,955,44
S01001801,911,791,120
S01001802,819,746,73
S01001803,1003,914,89
S01001804,1076,938,138
S01001805,784,630,154
S01001806,644,583,61
S01001807,844,810,34
S01001808,625,419,206
S01001809,748,169,579
S01001810,947,850,97
S01001811,716,709,7
S01001812,566,563,3
S01001813,715,707,8
S01001814,753,534,219
S01001815,879,796,83
S01001816,1076,1046,30
S01001817,694,475,219
S01001818,767,737,30
S01001819,1032,994,38
S01001820,800,431,369
S01001821,524,102,422
S01001822,999,947,52
S01001823,746,307,439
S01001824,780,574,206
S01001825,815,780,35
S01001826,571,156,415
S01001827,886,502,384
S01001828,791,757,34
S01001829,705,531,174
S01001830,936,906,30
S01001831,765,597,168
S01001832,677,455,222
S01001833,969,944,25
S01001834,576,415,161
S01001835,645,502,143
S01001836,716,652,64
S01001837,938,883,55
S01001838,583,430,153
S01001839,921,502,419
S01001840,736,710,26
S01001841,740,641,99
S01001842,758,736,22
S01001843,755,384,371
S01001844,1091,1013,78
S01001845,848,818,30
S01001846,943,895,48
S01001847,799,471,328
S01001848,788,421,367
S01001849,616,582,34
S01001850,784,682,102
S01001851,752,738,14
S01001852,808,796,12
S01001853,776,755,21
S01001854,961,357,604
S01001855,756,716,40
S01001856,588,312,276
S01001857,802,580,222
S01001858,791,760,31
S01001859,966,568,398
S01001860,806,700,106
S01001861,890,507,383
S01001862,909,891,18
S01001863,916,889,27
S01001864,862,360,502
S01001865,707,57,650
S01001866,704,658,46
S01001867,548,242,306
S01001868,673,632,41
S01001869,845,807,38
S01001870,733,290,443
S01001871,860,636,224
S01001872,737,591,146
S01001873,745,715,30
S01001874,720,104,616
S01001875,880,871,9
S01001876,1055,678,377
S01001877,986,240,746
S01001878,953,939,14
S01001879,676,73,603
S01001880,745,289,456
S01001881,674,628,46
S01001882,771,656,115
S01001883,569,507,62
S01001884,998,564,434
S01001885,1058,1026,32
S01001886,548,44,504
S01001887,795,502,293
S01001888,907,861,46
S01001889,577,454,123
S01001890,927,700,227
S01001891,665,407,258
S01001892,769,274,495
S01001893,939,407,532
S01001894,739,191,548
S01001895,756,451,305
S01001896,844,789,55
S01001897,884,256,628
S01001898,590,305,285
S01001899,796,725,71
S01001900,783,668,115
S01001901,924,836,88
S01001902,902,794,108
S01001903,588,357,231
S01001904,637,392,245
S01001905,920,803,117
S01001906,406,102,304
S01001907,794,522,272
S01001908,830,684,146
S01001909,669,242,427
S01001910,766,645,121
S01001911,760,701,59
S01001912,793,581,212
S01001913,983,694,289
S01001914,584,541,43
S01001915,845,817,28
S01001916,815,568,247
S01001917,650,598,52
S01001918,866,529,337
S01001919,908,811,97
S01001920,720,555,165
S01001921,602,397,205
S01001922,782,724,58
S01001923,341,247,94
S01001924,729,627,102
S01001925,794,738,56
S01001926,644,401,243
S01001927,860,749,111
S01001928,780,532,248
S01001929,754,707,47
S01001930,772,471,301
S01001931,754,298,456
S01001932,983,575,408
S01001933,866,782,84
S01001934,793,570,223
S01001935,720,143,577
S01001936,945,767,178
S01001937,900,729,171
S01001938,557,364,193
S01001939,475,275,200
S01001940,740,599,141
S01001941,816,707,109
S01001942,562,356,206
S01001943,621,357,264
S01001944,561,447,114
S01001945,682,624,58
S01001946,838,205,633
S01001947,770,666,104
S01001948,766,247,519
S01001949,724,335,389
S01001950,907,648,259
S01001951,776,423,353
S01001952,764,602,162
S01001953,789,608,181
S01001954,447,376,71
S01001955,800,462,338
S01001956,789,399,390
S01001957,292,178,114
S01001958,876,513,363
S01001959,624,448,176
S01001960,879,707,172
S01001961,949,790,159
S01001962,833,690,143
S01001963,766,497,269
S01001964,778,723,55
S01001965,822,536,286
S01001966,767,195,572
S01001967,675,549,126
S01001968,771,652,119
S01001969,648,427,221
S01001970,573,533,40
S01001971,774,331,443
S01001972,765,661,104
S01001973,704,616,88
S01001974,768,546,222
S01001975,845,673,172
S01001976,753,507,246
S01001977,748,418,330
S01001978,727,304,423
S01001979,571,396,175
S01001980,685,522,163
S01001981,724,531,193
S01001982,302,43,259
S01001983,743,522,221
S01001984,524,252,272
S01001985,777,649,128
S01001986,622,445,177
S01001987,825,388,437
S01001988,794,674,120
S01001989,879,816,63
S01001990,989,525,464
S01001991,792,696,96
S01001992,832,546,286
S01001993,756,580,176
S01001994,845,575,270
S01001995,687,638,49
S01001996,867,472,395
S01001997,744,473,271
S01001998,716,626,90
S01001999,748,278,470
S01002000,762,586,176
S01002001,766,529,237
S01002002,738,341,397
S01002003,826,692,134
S01002004,799,528,271
S01002005,796,504,292
S01002006,938,877,61
S01002007,934,633,301
S01002008,863,540,323
S01002009,799,458,341
S01002010,514,265,249
S01002011,1088,1033,55
S01002012,778,474,304
S01002013,796,545,251
S01002014,774,422,352
S01002015,878,872,6
S01002016,550,389,161
S01002017,1042,287,755
S01002018,832,823,9
S01002019,788,362,426
S01002020,431,108,323
S01002021,965,578,387
S01002022,765,544,221
S01002023,760,469,291
S01002024,739,497,242
S01002025,828,480,348
S01002026,680,659,21
S01002027,1047,407,640
S01002028,857,305,552
S01002029,756,310,446
S01002030,771,479,292
S01002031,659,423,236
S01002032,711,450,261
S01002033,753,430,323
S01002034,717,334,383
S01002035,772,695,77
S01002036,825,522,303
S01002037,680,314,366
S01002038,580,334,246
S01002039,636,533,103
S01002040,532,286,246
S01002041,875,562,313
S01002042,934,698,236
S01002043,784,684,100
S01002044,703,230,473
S01002045,760,565,195
S01002046,573,228,345
S01002047,699,312,387
S01002048,866,255,611
S01002049,1096,439,657
S01002050,705,656,49
S01002051,818,540,278
S01002052,752,399,353
S01002053,760,317,443
S01002054,595,226,369
S01002055,852,837,15
S01002056,942,751,191
S01002057,858,798,60
S01002058,668,303,365
S01002059,711,260,451
S01002060,742,271,471
S01002061,663,316,347
S01002062,625,398,227
S01002063,982,333,649
S01002064,803,336,467
S01002065,764,400,364
S01002066,688,133,555
S01002067,809,677,132
S01002068,896,408,488
S01002069,571,507,64
S01002070,662,304,358
S01002071,605,254,351
S01002072,1099,986,113
S01002073,634,253,381
S01002074,660,638,22
S01002075,876,591,285
S01002076,826,337,489
S01002077,839,756,83
S01002078,862,691,171
S01002079,750,361,389
S01002080,975,944,31
S01002081,697,264,433
S01002082,835,612,223
S01002083,544,337,207
S01002084,554,298,256
S01002085,654,121,533
S01002086,531,144,387
S01002087,935,307,628
S01002088,866,769,97
S01002089,989,948,41
S01002090,1071,914,157
S01002091,796,314,482
S01002092,842,779,63
S01002093,759,182,577
S01002094,738,606,132
S01002095,541,492,49
S01002096,832,810,22
S01002097,761,751,10
S01002098,705,556,149
S01002099,841,547,294
S01002100,596,506,90
S01002101,900,250,650
S01002102,655,412,243
S01002103,744,721,23
S01002104,924,213,711
S01002105,986,930,56
S01002106,739,245,494
S01002107,546,500,46
S01002108,959,224,735
S01002109,866,330,536
S01002110,687,607,80
S01002111,1023,980,43
S01002112,1043,933,110
S01002113,762,709,53
S01002114,715,704,11
S01002115,1031,751,280
S01002116,761,624,137
S01002117,581,207,374
S01002118,849,165,684
S01002119,602,431,171
S01002120,762,738,24
S01002121,705,625,80
S01002122,881,826,55
S01002123,976,964,12
S01002124,759,738,21
S01002125,1008,891,117
S01002126,669,657,12
S01002127,728,590,138
S01002128,737,325,412
S01002129,740,274,466
S01002130,656,643,13
S01002131,627,285,342
S01002132,788,667,121
S01002133,1041,675,366
S01002134,618,599,19
S01002135,863,838,25
S01002136,637,432,205
S01002137,885,726,159
S01002138,628,328,300
S01002139,703,660,43
S01002140,906,488,418
S01002141,680,540,140
S01002142,1050,966,84
S01002143,763,657,106
S01002144,721,690,31
S01002145,961,686,275
S01002146,913,732,181
S01002147,965,702,263
S01002148,864,842,22
S01002149,1022,700,322
S01002150,689,586,103
S01002151,1035,666,369
S01002152,773,640,133
S01002153,540,532,8
S01002154,883,553,330
S01002155,1010,383,627
S01002156,754,403,351
S01002157,797,669,128
S01002158,771,645,126
S01002159,740,425,315
S01002160,790,303,487
S01002161,678,275,403
S01002162,1018,683,335
S01002163,1003,653,350
S01002164,854,593,261
S01002165,957,823,134
S01002166,796,496,300
S01002167,660,472,188
S01002168,1005,517,488
S01002169,783,530,253
S01002170,832,531,301
S01002171,624,523,101
S01002172,735,694,41
S01002173,953,776,177
S01002174,913,608,305
S01002175,973,762,211
S01002176,800,694,106
S01002177,790,544,246
S01002178,916,518,398
S01002179,692,678,14
S01002180,504,253,251
S01002181,762,614,148
S01002182,726,414,312
S01002183,842,568,274
S01002184,792,753,39
S01002185,798,432,366
S01002186,737,491,246
S01002187,901,558,343
S01002188,763,707,56
S01002189,732,436,296
S01002190,780,465,315
S01002191,801,409,392
S01002192,866,673,193
S01002193,905,872,33
S01002194,744,562,182
S01002195,909,479,430
S01002196,667,568,99
S01002197,566,344,222
S01002198,852,510,342
S01002199,728,415,313
S01002200,795,767,28
S01002201,886,534,352
S01002202,688,364,324
S01002203,475,347,128
S01002204,711,337,374
S01002205,767,531,236
S01002206,546,351,195
S01002207,844,768,76
S01002208,557,349,208
S01002209,916,632,284
S01002210,610,473,137
S01002211,570,213,357
S01002212,1008,601,407
S01002213,829,558,271
S01002214,768,511,257
S01002215,914,821,93
S01002216,774,528,246
S01002217,797,401,396
S01002218,556,371,185
S01002219,672,648,24
S01002220,792,768,24
S01002221,767,405,362
S01002222,836,812,24
S01002223,718,701,17
S01002224,746,738,8
S01002225,714,460,254
S01002226,1037,847,190
S01002227,835,399,436
S01002228,974,938,36
S01002229,785,744,41
S01002230,971,692,279
S01002231,771,511,260
S01002232,715,425,290
S01002233,931,450,481
S01002234,779,473,306
S01002235,968,713,255
S01002236,907,645,262
S01002237,1077,977,100
S01002238,567,274,293
S01002239,932,302,630
S01002240,727,443,284
S01002241,890,514,376
S01002242,788,720,68
S01002243,766,551,215
S01002244,724,556,168
S01002245,941,753,188
S01002246,834,542,292
S01002247,866,390,476
S01002248,1095,953,142
S01002249,777,369,408
S01002250,973,901,72
S01002251,736,693,43
S01002252,537,463,74
S01002253,1005,700,305
S01002254,788,477,311
S01002255,1039,612,427
S01002256,768,617,151
S01002257,713,621,92
S01002258,777,240,537
S01002259,537,459,78
S01002260,853,817,36
S01002261,961,892,69
S01002262,789,759,30
S01002263,794,742,52
S01002264,864,762,102
S01002265,1033,284,749
S01002266,592,407,185
S01002267,972,511,461
S01002268,715,696,19
S01002269,910,717,193
S01002270,914,514,400
S01002271,853,770,83
S01002272,560,519,41
S01002273,787,532,255
S01002274,719,450,269
S01002275,897,382,515
S01002276,776,745,31
S01002277,781,471,310
S01002278,1064,455,609
S01002279,961,393,568
S01002280,797,701,96
S01002281,703,93,610
S01002282,341,66,275
S01002283,744,592,152
S01002284,964,796,168
S01002285,782,323,459
S01002286,712,598,114
S01002287,766,696,70
S01002288,749,415,334
S01002289,799,438,361
S01002290,795,314,481
S01002291,838,119,719
S01002292,789,464,325
S01002293,874,791,83
S01002294,572,541,31
S01002295,758,677,81
S01002297,929,778,151
S01002298,744,692,52
S01002299,841,809,32
S01002300,792,716,76
S01002301,860,750,110
S01002302,749,209,540
S01002303,832,570,262
S01002304,798,393,405
S01002305,834,396,438
S01002306,475,348,127
S01002307,634,364,270
S01002308,911,774,137
S01002309,741,347,394
S01002310,832,309,523
S01002311,551,414,137
S01002312,647,242,405
S01002313,731,688,43
S01002314,830,710,120
S01002315,558,521,37
S01002316,712,686,26
S01002317,840,569,271
S01002318,845,514,331
S01002319,1098,470,628
S01002320,631,590,41
S01002321,892,119,773
S01002322,689,510,179
S01002323,777,644,133
S01002324,761,245,516
S01002325,552,220,332
S01002326,820,563,257
S01002327,670,297,373
S01002328,765,702,63
S01002329,708,629,79
S01002330,798,667,131
S01002331,709,589,120
S01002332,958,937,21
S01002333,834,813,21
S01002334,827,737,90
S01002335,983,797,186
S01002336,1019,955,64
S01002337,977,901,76
S01002338,579,283,296
S01002339,622,403,219
S01002340,540,448,92
S01002341,560,473,87
S01002342,599,350,249
S01002343,775,608,167
S01002344,530,380,150
S01002345,697,401,296
S01002346,912,682,230
S01002347,736,551,185
S01002348,944,723,221
S01002349,936,639,297
S01002350,962,767,195
S01002351,651,531,120
S01002352,843,703,140
S01002353,745,659,86
S01002354,782,661,121
S01002355,841,500,341
S01002356,768,499,269
S01002357,690,379,311
S01002358,530,452,78
S01002359,875,577,298
S01002360,654,355,299
S01002361,601,402,199
S01002362,687,549,138
S01002363,915,709,206
S01002364,747,275,472
S01002365,544,443,101
S01002366,559,480,79
S01002367,871,683,188
S01002368,863,736,127
S01002369,528,457,71
S01002370,724,566,158
S01002371,644,574,70
S01002372,798,642,156
S01002373,629,560,69
S01002374,710,625,85
S01002375,895,339,556
S01002376,868,475,393
S01002377,845,370,475
S01002378,556,454,102
S01002379,945,438,507
S01002380,702,358,344
S01002381,829,394,435
S01002382,666,217,449
S01002383,535,509,26
S01002384,554,266,288
S01002385,819,284,535
S01002386,993,837,156
S01002387,617,517,100
S01002388,824,795,29
S01002389,733,722,11
S01002390,692,586,106
S01002391,876,827,49
S01002392,897,797,100
S01002393,520,455,65
S01002394,662,460,202
S01002395,768,633,135
S01002396,754,509,245
S01002397,811,740,71
S01002398,834,801,33
S01002399,1010,616,394
S01002400,887,869,18
S01002401,964,938,26
S01002402,895,454,441
S01002403,773,340,433
S01002404,960,783,177
S01002405,777,762,15
S01002406,790,440,350
S01002407,803,548,255
S01002408,885,476,409
S01002409,646,578,68
S01002410,532,502,30
S01002411,667,403,264
S01002412,1006,971,35
S01002413,703,451,252
S01002414,613,149,464
S01002415,773,238,535
S01002416,533,484,49
S01002417,722,577,145
S01002418,945,602,343
S01002419,542,528,14
S01002420,623,237,386
S01002421,876,845,31
S01002422,604,551,53
S01002423,679,460,219
S01002424,900,633,267
S01002425,811,482,329
S01002426,634,264,370
S01002427,805,605,200
S01002428,532,302,230
S01002429,724,56,668
S01002430,487,455,32
S01002431,760,377,383
S01002432,716,576,140
S01002433,534,316,218
S01002434,923,555,368
S01002435,717,417,300
S01002436,730,335,395
S01002437,501,382,119
S01002438,679,375,304
S01002439,795,565,230
S01002440,913,472,441
S01002441,629,600,29
S01002442,459,391,68
S01002443,573,358,215
S01002444,531,165,366
S01002445,740,380,360
S01002446,746,689,57
S01002447,737,371,366
S01002448,574,200,374
S01002449,480,463,17
S01002450,712,389,323
S01002451,1092,874,218
S01002452,568,294,274
S01002453,799,640,159
S01002454,807,692,115
S01002455,627,422,205
S01002456,965,360,605
S01002457,822,484,338
S01002458,877,378,499
S01002459,519,324,195
S01002460,846,306,540
S01002461,477,473,4
S01002462,670,385,285
S01002463,1013,376,637
S01002464,545,363,182
S01002465,582,530,52
S01002466,996,576,420
S01002467,447,349,98
S01002468,555,303,252
S01002469,651,381,270
S01002470,845,434,411
S01002471,510,339,171
S01002472,581,181,400
S01002473,847,480,367
S01002474,479,246,233
S01002475,531,300,231
S01002476,827,767,60
S01002477,835,519,316
S01002478,935,591,344
S01002479,739,255,484
S01002480,568,284,284
S01002481,1001,481,520
S01002482,859,257,602
S01002483,701,186,515
S01002484,851,366,485
S01002485,892,804,88
S01002486,557,141,416
S01002487,463,274,189
S01002488,671,230,441
S01002489,553,220,333
S01002490,596,424,172
S01002491,499,224,275
S01002492,634,510,124
S01002493,943,735,208
S01002494,697,659,38
S01002495,696,334,362
S01002496,629,424,205
S01002497,634,311,323
S01002498,723,717,6
S01002499,858,392,466
S01002500,580,269,311
S01002501,497,398,99
S01002502,890,251,639
S01002503,537,389,148
S01002504,843,587,256
S01002505,772,296,476
S01002506,875,589,286
S01002507,607,364,243
S01002508,831,802,29
S01002509,953,634,319
S01002510,1022,910,112
S01002511,498,442,56
S01002512,536,278,258
S01002513,735,675,60
S01002514,593,340,253
S01002515,615,302,313
S01002516,744,572,172
S01002517,609,373,236
S01002518,729,571,158
S01002519,821,205,616
S01002520,517,122,395
S01002521,579,399,180
S01002522,704,622,82
S01002523,712,689,23
S01002524,590,480,110
S01002525,699,296,403
S01002526,562,555,7
S01002527,781,734,47
S01002528,735,541,194
S01002529,902,311,591
S01002530,755,363,392
S01002531,730,475,255
S01002532,774,397,377
S01002533,864,194,670
S01002534,978,406,572
S01002535,486,361,125
S01002536,510,170,340
S01002537,604,247,357
S01002538,912,868,44
S01002539,811,327,484
S01002540,557,146,411
S01002541,989,828,161
S01002542,586,458,128
S01002543,602,128,474
S01002544,790,510,280
S01002545,635,382,253
S01002546,683,473,210
S01002547,655,459,196
S01002548,991,667,324
S01002549,570,561,9
S01002550,544,523,21
S01002551,595,420,175
S01002552,593,247,346
S01002553,803,559,244
S01002554,661,630,31
S01002555,726,555,171
S01002556,778,265,513
S01002557,839,504,335
S01002558,530,272,258
S01002559,687,632,55
S01002560,570,339,231
S01002561,685,411,274
S01002562,654,482,172
S01002563,874,684,190
S01002564,620,594,26
S01002565,911,806,105
S01002566,779,763,16
S01002567,571,560,11
S01002568,716,575,141
S01002569,975,498,477
S01002570,619,354,265
S01002571,566,311,255
S01002572,579,504,75
S01002573,523,421,102
S01002574,781,476,305
S01002575,782,349,433
S01002576,741,711,30
S01002577,953,298,655
S01002578,779,742,37
S01002579,753,705,48
S01002580,799,377,422
S01002581,783,762,21
S01002582,720,388,332
S01002583,790,314,476
S01002584,780,476,304
S01002585,877,712,165
S01002586,556,461,95
S01002587,718,687,31
S01002588,787,735,52
S01002589,789,745,44
S01002590,757,728,29
S01002591,576,357,219
S01002592,808,550,258
S01002593,777,520,257
S01002594,680,666,14
S01002595,621,477,144
S01002596,752,693,59
S01002597,517,328,189
S01002598,916,717,199
S01002599,551,434,117
S01002600,882,855,27
S01002601,668,418,250
S01002602,528,442,86
S01002603,744,440,304
S01002604,993,973,20
S01002605,632,480,152
S01002606,601,283,318
S01002607,872,632,240
S01002608,600,542,58
S01002609,791,593,198
S01002610,915,664,251
S01002611,854,741,113
S01002612,762,607,155
S01002613,902,778,124
S01002614,913,793,120
S01002615,467,344,123
S01002616,633,627,6
S01002617,940,530,410
S01002618,793,249,544
S01002619,789,697,92
S01002620,785,506,279
S01002621,630,622,8
S01002622,903,788,115
S01002623,684,677,7
S01002624,723,707,16
S01002625,856,838,18
S01002626,759,351,408
S01002627,1064,1029,35
S01002628,805,739,66
S01002629,816,740,76
S01002630,623,461,162
S01002631,741,719,22
S01002632,596,523,73
S01002633,1000,860,140
S01002634,766,710,56
S01002635,592,563,29
S01002636,562,408,154
S01002637,800,552,248
S01002638,790,353,437
S01002639,927,878,49
S01002640,765,690,75
S01002641,961,896,65
S01002642,573,327,246
S01002643,521,286,235
S01002644,761,549,212
S01002645,652,347,305
S01002646,659,478,181
S01002647,939,318,621
S01002648,756,660,96
S01002649,755,389,366
S01002650,673,658,15
S01002651,665,362,303
S01002652,733,643,90
S01002653,759,538,221
S01002654,725,401,324
S01002655,702,261,441
S01002656,676,249,427
S01002657,779,669,110
S01002658,998,734,264
S01002659,929,827,102
S01002660,865,483,382
S01002661,743,641,102
S01002662,805,553,252
S01002663,702,649,53
S01002664,940,933,7
S01002665,787,573,214
S01002666,816,648,168
S01002667,647,311,336
S01002668,521,351,170
S01002669,886,661,225
S01002670,655,629,26
S01002671,932,704,228
S01002672,616,256,360
S01002673,528,331,197
S01002674,755,571,184
S01002675,931,865,66
S01002676,773,694,79
S01002677,955,478,477
S01002678,913,891,22
S01002679,943,440,503
S01002680,930,696,234
S01002681,756,534,222
S01002682,588,274,314
S01002683,627,536,91
S01002684,725,515,210
S01002685,909,388,521
S01002686,863,705,158
S01002687,832,657,175
S01002688,718,702,16
S01002689,697,671,26
S01002690,565,548,17
S01002691,974,933,41
S01002692,926,773,153
S01002693,446,408,38
S01002694,764,378,386
S01002695,595,461,134
S01002696,778,563,215
S01002697,916,791,125
S01002698,703,543,160
S01002699,531,299,232
S01002700,909,302,607
S01002701,916,903,13
S01002702,618,327,291
S01002703,848,568,280
S01002704,669,515,154
S01002705,679,397,282
S01002706,781,410,371
S01002707,906,381,525
S01002708,724,456,268
S01002709,615,315,300
S01002710,580,482,98
S01002711,894,450,444
S01002712,790,511,279
S01002713,797,281,516
S01002714,905,501,404
S01002715,922,437,485
S01002716,575,519,56
S01002717,766,660,106
S01002718,891,321,570
S01002719,788,422,366
S01002720,747,734,13
S01002721,773,400,373
S01002722,656,523,133
S01002723,624,443,181
S01002724,774,538,236
S01002725,912,618,294
S01002726,742,640,102
S01002727,978,901,77
S01002728,832,628,204
S01002729,941,882,59
S01002730,758,515,243
S01002731,790,422,368
S01002732,610,522,88
S01002733,602,475,127
S01002734,939,528,411
S01002735,853,578,275
S01002736,715,544,171
S01002737,743,658,85
S01002738,720,538,182
S01002739,805,709,96
S01002740,570,546,24
S01002741,865,710,155
S01002742,837,509,328
S01002743,574,274,300
S01002744,567,551,16
S01002745,609,205,404
S01002746,834,616,218
S01002747,595,340,255
S01002748,589,332,257
S01002749,779,308,471
S01002750,899,428,471
S01002751,962,418,544
S01002752,555,352,203
S01002753,662,653,9
S01002754,573,496,77
S01002755,792,252,540
S01002756,746,335,411
S01002757,576,418,158
S01002758,707,315,392
S01002759,750,331,419
S01002760,515,308,207
S01002761,764,372,392
S01002762,633,326,307
S01002763,917,397,520
S01002764,658,253,405
S01002765,751,224,527
S01002766,893,429,464
S01002767,938,800,138
S01002768,849,518,331
S01002769,787,440,347
S01002770,544,315,229
S01002771,778,268,510
S01002772,999,852,147
S01002773,973,567,406
S01002774,787,355,432
S01002775,770,300,470
S01002776,698,423,275
S01002777,1000,631,369
S01002778,733,309,424
S01002779,634,146,488
S01002780,916,329,587
S01002781,897,591,306
S01002782,848,410,438
S01002783,792,474,318
S01002784,553,268,285
S01002785,709,259,450
S01002786,742,672,70
S01002787,773,532,241
S01002788,816,689,127
S01002789,774,771,3
S01002790,812,347,465
S01002791,676,162,514
S01002792,916,693,223
S01002793,801,378,423
S01002794,873,492,381
S01002795,673,652,21
S01002796,529,437,92
S01002797,840,820,20
S01002798,595,240,355
S01002799,616,268,348
S01002800,811,799,12
S01002801,986,343,643
S01002802,652,640,12
S01002803,836,562,274
S01002804,539,300,239
S01002805,856,429,427
S01002806,572,372,200
S01002807,685,303,382
S01002808,848,270,578
S01002809,683,428,255
S01002810,966,405,561
S01002811,930,706,224
S01002812,630,474,156
S01002813,728,405,323
S01002814,721,436,285
S01002815,786,345,441
S01002816,568,326,242
S01002817,575,261,314
S01002818,577,410,167
S01002819,828,201,627
S01002820,924,327,597
S01002821,975,499,476
S01002822,908,290,618
S01002823,825,304,521
S01002824,777,598,179
S01002825,957,594,363
S01002826,546,318,228
S01002827,647,317,330
S01002828,633,198,435
S01002829,809,404,405
S01002830,624,395,229
S01002831,800,490,310
S01002832,816,600,216
S01002833,1081,1008,73
S01002834,911,482,429
S01002835,751,490,261
S01002836,567,409,158
S01002837,598,219,379
S01002838,568,369,199
S01002839,541,261,280
S01002840,662,511,151
S01002841,626,605,21
S01002842,608,250,358
S01002843,794,286,508
S01002844,605,555,50
S01002845,782,459,323
S01002846,905,695,210
S01002847,926,710,216
S01002848,853,562,291
S01002849,1051,764,287
S01002850,903,616,287
S01002851,477,376,101
S01002852,1000,590,410
S01002853,443,157,286
S01002854,839,455,384
S01002855,629,209,420
S01002856,776,397,379
S01002857,505,419,86
S01002858,480,442,38
S01002859,851,354,497
S01002860,919,724,195
S01002861,965,734,231
S01002862,637,461,176
S01002863,793,391,402
S01002864,612,281,331
S01002865,919,598,321
S01002866,1066,531,535
S01002867,578,526,52
S01002868,754,404,350
S01002869,542,376,166
S01002870,887,571,316
S01002871,606,470,136
S01002872,599,424,175
S01002873,784,584,200
S01002874,909,504,405
S01002875,678,380,298
S01002876,697,355,342
S01002877,782,492,290
S01002878,567,477,90
S01002879,861,655,206
S01002880,513,404,109
S01002881,878,639,239
S01002882,748,484,264
S01002883,1040,774,266
S01002884,804,586,218
S01002885,740,688,52
S01002886,678,419,259
S01002887,635,340,295
S01002888,603,450,153
S01002889,846,463,383
S01002890,752,371,381
S01002891,756,595,161
S01002892,664,396,268
S01002893,729,449,280
S01002894,728,677,51
S01002895,641,284,357
S01002896,719,612,107
S01002897,521,250,271
S01002898,993,758,235
S01002899,506,489,17
S01002900,744,432,312
S01002901,835,509,326
S01002902,785,460,325
S01002903,869,378,491
S01002904,640,575,65
S01002905,745,527,218
S01002906,845,504,341
S01002907,610,406,204
S01002908,787,776,11
S01002909,714,541,173
S01002910,780,326,454
S01002911,915,406,509
S01002912,953,914,39
S01002913,768,753,15
S01002914,714,269,445
S01002915,1005,638,367
S01002916,779,363,416
S01002917,671,570,101
S01002918,712,650,62
S01002919,945,290,655
S01002920,639,409,230
S01002921,679,532,147
S01002922,560,388,172
S01002923,700,472,228
S01002924,699,417,282
S01002925,979,695,284
S01002926,819,399,420
S01002927,790,363,427
S01002928,561,550,11
S01002929,801,396,405
S01002930,663,538,125
S01002931,793,401,392
S01002932,771,755,16
S01002933,860,657,203
S01002934,953,356,597
S01002935,828,561,267
S01002936,713,700,13
S01002937,642,539,103
S01002938,777,437,340
S01002939,546,441,105
S01002940,505,430,75
S01002941,968,718,250
S01002942,538,380,158
S01002943,530,449,81
S01002944,952,731,221
S01002945,588,511,77
S01002946,630,494,136
S01002947,492,336,156
S01002948,855,611,244
S01002949,507,342,165
S01002950,747,598,149
S01002951,889,785,104
S01002952,620,462,158
S01002953,902,628,274
S01002954,869,567,302
S01002955,988,763,225
S01002956,767,548,219
S01002957,960,789,171
S01002958,562,427,135
S01002959,968,805,163
S01002960,697,572,125
S01002961,752,575,177
S01002962,591,329,262
S01002963,778,462,316
S01002964,819,520,299
S01002965,814,650,164
S01002966,626,432,194
S01002967,832,679,153
S01002968,712,573,139
S01002969,903,846,57
S01002970,522,458,64
S01002971,1082,904,178
S01002972,905,519,386
S01002973,864,752,112
S01002974,560,431,129
S01002975,550,340,210
S01002976,939,267,672
S01002977,711,559,152
S01002978,1039,920,119
S01002979,692,463,229
S01002980,790,433,357
S01002981,827,777,50
S01002982,680,627,53
S01002983,777,429,348
S01002984,743,595,148
S01002985,564,514,50
S01002986,756,378,378
S01002987,638,321,317
S01002988,698,555,143
S01002989,962,348,614
S01002990,580,277,303
S01002991,765,697,68
S01002992,688,382,306
S01002993,617,450,167
S01002994,777,317,460
S01002995,501,93,408
S01002996,618,266,352
S01002997,626,158,468
S01002998,788,535,253
S01002999,537,176,361
S01003000,657,563,94
S01003001,604,405,199
S01003002,764,503,261
S01003003,555,386,169
S01003004,524,294,230
S01003005,561,358,203
S01003006,737,632,105
S01003007,781,267,514
S01003008,609,70,539
S01003009,534,307,227
S01003010,601,538,63
S01003011,470,109,361
S01003012,989,856,133
S01003013,581,401,180
S01003014,683,635,48
S01003015,772,693,79
S01003016,460,424,36
S01003017,646,547,99
S01003018,748,611,137
S01003019,799,482,317
S01003020,662,438,224
S01003021,656,556,100
S01003022,980,835,145
S01003023,792,695,97
S01003024,629,457,172
S01003025,751,672,79
S01003026,602,379,223
S01003027,1088,1061,27
S01003028,768,125,643
S01003029,770,121,649
S01003030,850,124,726
S01003032,454,59,395
S01003033,509,190,319
S01003034,902,831,71
S01003035,766,310,456
S01003036,773,149,624
S01003037,750,724,26
S01003038,896,870,26
S01003039,883,307,576
S01003040,850,357,493
S01003041,729,693,36
S01003042,652,87,565
S01003043,577,41,536
S01003044,910,101,809
S01003045,838,102,736
S01003046,748,436,312
S01003047,1008,210,798
S01003048,489,106,383
S01003049,584,102,482
S01003050,798,777,21
S01003051,938,342,596
S01003052,759,186,573
S01003053,929,633,296
S01003054,890,710,180
S01003055,865,324,541
S01003056,890,110,780
S01003057,709,621,88
S01003058,766,238,528
S01003059,838,788,50
S01003060,658,167,491
S01003061,849,839,10
S01003062,845,616,229
S01003063,799,707,92
S01003064,926,282,644
S01003065,919,634,285
S01003066,943,920,23
S01003067,661,646,15
S01003068,859,797,62
S01003069,606,384,222
S01003070,790,538,252
S01003071,635,605,30
S01003072,993,435,558
S01003073,763,698,65
S01003074,788,760,28
S01003075,735,635,100
S01003076,912,66,846
S01003077,1016,494,522
S01003078,722,594,128
S01003079,914,847,67
S01003080,859,761,98
S01003081,936,915,21
S01003082,742,154,588
S01003083,1072,575,497
S01003084,873,274,599
S01003085,1010,935,75
S01003086,715,656,59
S01003087,679,576,103
S01003088,969,183,786
S01003089,619,610,9
S01003090,768,580,188
S01003091,634,578,56
S01003092,798,507,291
S01003093,1018,419,599
S01003094,946,784,162
S01003095,837,814,23
S01003096,714,621,93
S01003097,253,120,133
S01003098,1037,554,483
S01003099,590,148,442
S01003100,860,605,255
S01003101,603,143,460
S01003102,799,724,75
S01003103,789,767,22
S01003104,999,468,531
S01003105,798,648,150
S01003106,737,703,34
S01003107,843,93,750
S01003108,735,475,260
S01003109,991,951,40
S01003110,827,788,39
S01003111,898,311,587
S01003112,952,890,62
S01003113,756,713,43
S01003114,947,893,54
S01003115,546,485,61
S01003116,872,601,271
S01003117,788,539,249
S01003118,493,71,422
S01003119,722,593,129
S01003120,1073,1053,20
S01003121,964,350,614
S01003122,777,540,237
S01003123,846,785,61
S01003124,819,606,213
S01003125,796,525,271
S01003126,153,34,119
S01003127,850,763,87
S01003128,720,399,321
S01003129,1080,836,244
S01003130,786,535,251
S01003131,846,638,208
S01003132,594,85,509
S01003133,1090,968,122
S01003134,754,335,419
S01003135,759,487,272
S01003136,769,608,161
S01003137,668,498,170
S01003138,998,421,577
S01003139,979,766,213
S01003140,915,284,631
S01003141,725,621,104
S01003142,727,260,467
S01003143,877,650,227
S01003144,910,551,359
S01003145,741,486,255
S01003146,672,455,217
S01003147,923,694,229
S01003148,775,564,211
S01003149,907,622,285
S01003150,781,132,649
S01003151,790,594,196
S01003152,914,622,292
S01003153,766,709,57
S01003154,891,546,345
S01003155,1081,1051,30
S01003156,837,564,273
S01003157,982,633,349
S01003158,541,48,493
S01003159,242,54,188
S01003160,716,312,404
S01003161,609,427,182
S01003162,688,293,395
S01003163,655,629,26
S01003164,898,691,207
S01003165,985,701,284
S01003166,660,456,204
S01003167,800,330,470
S01003168,842,587,255
S01003169,889,804,85
S01003170,931,896,35
S01003171,632,591,41
S01003172,718,452,266
S01003173,485,336,149
S01003174,793,502,291
S01003175,797,200,597
S01003176,770,525,245
S01003177,987,860,127
S01003178,695,135,560
S01003179,716,433,283
S01003180,752,719,33
S01003181,927,443,484
S01003182,696,224,472
S01003183,701,424,277
S01003184,875,198,677
S01003185,530,216,314
S01003186,905,828,77
S01003187,904,680,224
S01003188,828,371,457
S01003189,841,552,289
S01003190,758,247,511
S01003191,529,125,404
S01003192,737,358,379
S01003193,611,348,263
S01003194,789,346,443
S01003195,729,699,30
S01003196,942,888,54
S01003197,663,617,46
S01003198,928,319,609
S01003199,876,750,126
S01003200,696,379,317
S01003201,231,67,164
S01003202,298,91,207
S01003203,862,626,236
S01003204,1021,572,449
S01003205,719,271,448
S01003206,745,152,593
S01003207,814,591,223
S01003208,898,121,777
S01003209,596,430,166
S01003210,841,759,82
S01003211,871,691,180
S01003212,779,690,89
S01003213,592,344,248
S01003214,799,521,278
S01003215,1011,438,573
S01003216,741,527,214
S01003217,691,139,552
S01003218,744,564,180
S01003219,760,550,210
S01003220,798,583,215
S01003221,842,465,377
S01003222,775,458,317
S01003223,914,184,730
S01003224,749,722,27
S01003225,794,288,506
S01003226,792,281,511
S01003227,925,559,366
S01003228,866,442,424
S01003229,975,924,51
S01003230,826,591,235
S01003231,984,532,452
S01003232,779,178,601
S01003233,998,963,35
S01003234,827,757,70
S01003235,798,631,167
S01003236,832,495,337
S01003237,1025,514,511
S01003238,749,628,121
S01003239,999,724,275
S01003240,775,670,105
S01003241,828,734,94
S01003242,1006,624,382
S01003243,884,666,218
S01003244,976,457,519
S01003245,849,109,740
S01003246,1007,251,756
S01003247,757,314,443
S01003248,773,345,428
S01003249,689,439,250
S01003250,582,397,185
S01003251,834,180,654
S01003252,697,687,10
S01003253,822,70,752
S01003254,613,110,503
S01003255,802,581,221
S01003256,924,197,727
S01003257,812,667,145
S01003258,919,853,66
S01003259,1053,964,89
S01003260,778,753,25
S01003261,925,897,28
S01003262,778,370,408
S01003263,629,154,475
S01003264,584,449,135
S01003265,687,567,120
S01003266,749,399,350
S01003267,970,590,380
S01003268,793,471,322
S01003269,891,340,551
S01003270,792,334,458
S01003271,819,464,355
S01003272,923,155,768
S01003273,694,177,517
S01003274,538,180,358
S01003275,967,500,467
S01003276,784,772,12
S01003277,678,468,210
S01003278,854,706,148
S01003279,459,22,437
S01003280,922,688,234
S01003281,554,310,244
S01003282,833,767,66
S01003283,776,714,62
S01003284,908,550,358
S01003285,367,135,232
S01003286,1030,473,557
S01003287,603,77,526
S01003288,778,743,35
S01003289,302,112,190
S01003290,767,536,231
S01003291,756,262,494
S01003292,784,709,75
S01003293,942,167,775
S01003294,790,516,274
S01003295,991,953,38
S01003296,617,82,535
S01003297,527,106,421
S01003298,1015,892,123
S01003299,420,45,375
S01003300,839,716,123
S01003301,781,297,484
S01003302,585,114,471
S01003303,767,492,275
S01003304,781,509,272
S01003305,750,666,84
S01003306,943,529,414
S01003307,1060,538,522
S01003308,900,479,421
S01003309,786,137,649
S01003310,796,510,286
S01003311,794,761,33
S01003312,649,313,336
S01003313,778,464,314
S01003314,579,166,413
S01003315,540,414,126
S01003316,726,344,382
S01003317,718,642,76
S01003318,822,780,42
S01003320,646,434,212
S01003321,790,719,71
S01003322,799,479,320
S01003323,668,644,24
S01003324,561,325,236
S01003325,852,766,86
S01003326,799,343,456
S01003327,691,336,355
S01003328,539,330,209
S01003329,818,655,163
S01003330,986,945,41
S01003331,636,165,471
S01003332,439,69,370
S01003333,799,268,531
S01003334,865,395,470
S01003335,543,232,311
S01003336,905,377,528
S01003337,842,244,598
S01003338,900,643,257
S01003339,827,631,196
S01003340,1066,580,486
S01003341,795,763,32
S01003342,653,71,582
S01003343,611,56,555
S01003344,596,208,388
S01003345,1019,699,320
S01003346,902,549,353
S01003347,822,45,777
S01003348,729,481,248
S01003349,881,176,705
S01003350,731,266,465
S01003351,987,330,657
S01003352,831,321,510
S01003353,635,140,495
S01003354,829,277,552
S01003355,879,303,576
S01003356,919,132,787
S01003357,386,60,326
S01003358,745,352,393
S01003359,977,954,23
S01003360,796,530,266
S01003361,759,285,474
S01003362,763,427,336
S01003363,793,405,388
S01003364,658,168,490
S01003365,735,217,518
S01003366,548,243,305
S01003367,1058,148,910
S01003368,939,330,609
S01003369,734,273,461
S01003370,776,555,221
S01003371,754,493,261
S01003372,741,344,397
S01003373,667,187,480
S01003374,529,70,459
S01003375,756,513,243
S01003376,530,90,440
S01003377,784,450,334
S01003378,813,134,679
S01003379,650,71,579
S01003380,786,544,242
S01003381,705,561,144
S01003382,596,204,392
S01003383,950,631,319
S01003384,1025,575,450
S01003385,851,626,225
S01003386,660,324,336
S01003387,794,291,503
S01003388,1011,268,743
S01003389,980,325,655
S01003390,956,106,850
S01003391,774,235,539
S01003392,793,525,268
S01003393,968,507,461
S01003394,636,393,243
S01003395,744,497,247
S01003396,766,124,642
S01003397,878,74,804
S01003398,884,470,414
S01003399,663,223,440
S01003400,688,400,288
S01003401,792,75,717
S01003402,695,63,632
S01003403,755,240,515
S01003404,482,70,412
S01003405,838,547,291
S01003406,721,366,355
S01003407,734,495,239
S01003408,662,102,560
S01003409,716,522,194
S01003410,770,246,524
S01003411,777,433,344
S01003412,915,369,546
S01003413,806,409,397
S01003414,547,179,368
S01003415,807,107,700
S01003416,882,260,622
S01003417,803,555,248
S01003418,948,253,695
S01003419,970,206,764
S01003420,519,77,442
S01003421,559,269,290
S01003422,794,287,507
S01003423,552,261,291
S01003424,987,242,745
S01003425,931,329,602
S01003426,999,577,422
S01003427,914,527,387
S01003428,666,51,615
S01003429,769,313,456
S01003430,759,269,490
S01003431,660,334,326
S01003432,931,500,431
S01003433,774,347,427
S01003434,910,171,739
S01003435,672,89,583
S01003436,541,461,80
S01003437,598,278,320
S01003438,902,442,460
S01003439,848,131,717
S01003440,500,342,158
S01003441,1014,142,872
S01003442,731,43,688
S01003443,959,150,809
S01003444,654,54,600
S01003445,870,231,639
S01003446,520,224,296
S01003447,936,317,619
S01003448,743,471,272
S01003449,792,349,443
S01003450,787,295,492
S01003451,763,330,433
S01003452,578,500,78
S01003453,664,337,327
S01003454,723,289,434
S01003455,591,94,497
S01003456,387,11,376
S01003457,945,122,823
S01003458,904,375,529
S01003459,915,361,554
S01003460,744,347,397
S01003461,791,518,273
S01003462,611,241,370
S01003463,799,94,705
S01003464,924,465,459
S01003465,790,465,325
S01003466,737,180,557
S01003467,757,359,398
S01003468,732,256,476
S01003469,858,349,509
S01003470,798,249,549
S01003471,720,106,614
S01003472,811,80,731
S01003473,931,315,616
S01003474,746,423,323
S01003475,685,212,473
S01003476,819,613,206
S01003477,972,578,394
S01003478,763,371,392
S01003479,791,346,445
S01003480,611,222,389
S01003481,1001,405,596
S01003482,657,97,560
S01003483,634,274,360
S01003484,906,378,528
S01003485,990,542,448
S01003486,833,103,730
S01003487,998,375,623
S01003488,635,206,429
S01003489,983,223,760
S01003490,640,184,456
S01003491,126,45,81
S01003492,797,249,548
S01003493,728,130,598
S01003494,737,230,507
S01003495,723,319,404
S01003496,815,598,217
S01003497,957,643,314
S01003498,997,486,511
S01003499,991,548,443
S01003500,645,38,607
S01003501,631,275,356
S01003502,669,338,331
S01003503,670,432,238
S01003504,709,321,388
S01003506,979,560,419
S01003507,528,341,187
S01003508,810,191,619
S01003509,831,588,243
S01003510,365,134,231
S01003511,979,795,184
S01003512,642,279,363
S01003513,715,297,418
S01003514,799,463,336
S01003515,750,258,492
S01003516,707,659,48
S01003517,681,444,237
S01003518,979,296,683
S01003519,542,151,391
S01003520,673,403,270
S01003521,523,228,295
S01003522,739,492,247
S01003523,577,232,345
S01003524,1040,888,152
S01003525,924,660,264
S01003526,906,610,296
S01003527,900,804,96
S01003528,604,475,129
S01003529,543,506,37
S01003530,791,507,284
S01003531,795,215,580
S01003532,1043,911,132
S01003533,353,21,332
S01003534,943,627,316
S01003535,709,405,304
S01003536,1031,810,221
S01003537,796,311,485
S01003538,670,260,410
S01003539,975,870,105
S01003540,490,102,388
S01003541,734,193,541
S01003542,795,591,204
S01003543,615,171,444
S01003544,553,422,131
S01003545,814,648,166
S01003546,823,290,533
S01003547,790,468,322
S01003549,770,218,552
S01003550,713,664,49
S01003551,745,329,416
S01003552,882,614,268
S01003553,691,74,617
S01003554,776,526,250
S01003555,735,494,241
S01003556,723,697,26
S01003557,785,80,705
S01003558,911,778,133
S01003559,897,850,47
S01003560,1029,952,77
S01003561,876,186,690
S01003562,697,139,558
S01003563,608,285,323
S01003564,708,145,563
S01003565,856,302,554
S01003566,750,418,332
S01003567,870,29,841
S01003568,665,564,101
S01003569,725,666,59
S01003570,765,661,104
S01003571,897,305,592
S01003572,882,195,687
S01003573,919,503,416
S01003574,886,592,294
S01003575,887,249,638
S01003576,679,512,167
S01003577,742,414,328
S01003578,279,79,200
S01003579,632,26,606
S01003580,881,372,509
S01003581,808,249,559
S01003582,584,10,574
S01003583,527,174,353
S01003584,767,81,686
S01003585,557,153,404
S01003586,921,406,515
S01003587,1060,1025,35
S01003588,721,679,42
S01003589,1052,889,163
S01003590,688,212,476
S01003591,982,927,55
S01003592,841,224,617
S01003593,694,469,225
S01003594,907,812,95
S01003595,769,103,666
S01003596,775,216,559
S01003597,609,562,47
S01003598,725,442,283
S01003599,606,396,210
S01003600,840,357,483
S01003601,844,228,616
S01003602,728,450,278
S01003603,820,326,494
S01003604,640,251,389
S01003605,668,202,466
S01003606,879,611,268
S01003607,557,419,138
S01003608,540,281,259
S01003609,1049,909,140
S01003610,748,259,489
S01003611,756,154,602
S01003612,792,622,170
S01003613,813,757,56
S01003614,568,445,123
S01003615,542,130,412
S01003616,701,672,29
S01003617,953,131,822
S01003618,770,602,168
S01003619,886,138,748
S01003620,960,849,111
S01003621,969,455,514
S01003622,783,518,265
S01003623,947,896,51
S01003624,961,328,633
S01003625,398,179,219
S01003626,796,752,44
S01003627,588,117,471
S01003628,691,322,369
S01003629,808,285,523
S01003630,754,412,342
S01003631,748,543,205
S01003632,785,664,121
S01003633,921,637,284
S01003634,1054,496,558
S01003635,572,276,296
S01003636,995,433,562
S01003637,713,482,231
S01003638,763,615,148
S01003639,794,500,294
S01003640,916,446,470
S01003641,752,713,39
S01003642,796,574,222
S01003643,608,422,186
S01003644,821,336,485
S01003645,572,381,191
S01003646,756,35,721
S01003647,712,527,185
S01003648,804,497,307
S01003649,1072,964,108
S01003650,719,211,508
S01003651,754,417,337
S01003652,633,243,390
S01003653,781,297,484
S01003654,926,364,562
S01003655,844,270,574
S01003656,575,212,363
S01003657,835,365,470
S01003658,895,727,168
S01003659,822,639,183
S01003660,874,840,34
S01003661,839,766,73
S01003662,610,339,271
S01003663,582,192,390
S01003664,548,240,308
S01003665,657,14,643
S01003666,743,198,545
S01003667,915,751,164
S01003668,702,470,232
S01003669,569,301,268
S01003670,889,253,636
S01003671,699,347,352
S01003672,884,256,628
S01003673,311,74,237
S01003674,843,503,340
S01003675,696,644,52
S01003676,426,307,119
S01003677,774,462,312
S01003678,699,434,265
S01003679,1064,437,627
S01003680,840,287,553
S01003681,590,406,184
S01003682,1044,891,153
S01003683,604,427,177
S01003684,749,467,282
S01003685,548,389,159
S01003686,1028,495,533
S01003687,702,77,625
S01003688,950,474,476
S01003689,623,200,423
S01003690,961,233,728
S01003691,1094,856,238
S01003692,1023,580,443
S01003693,619,319,300
S01003694,893,723,170
S01003695,771,211,560
S01003696,1095,703,392
S01003697,988,969,19
S01003698,942,686,256
S01003699,1044,977,67
S01003700,1049,649,400
S01003701,962,449,513
S01003702,838,232,606
S01003703,903,443,460
S01003704,713,174,539
S01003705,875,108,767
S01003706,779,126,653
S01003707,778,48,730
S01003708,658,8,650
S01003709,855,81,774
S01003710,894,200,694
S01003711,843,68,775
S01003712,756,318,438
S01003713,550,106,444
S01003714,797,359,438
S01003715,861,417,444
S01003716,589,37,552
S01003717,827,76,751
S01003718,568,66,502
S01003719,541,404,137
S01003720,927,522,405
S01003721,724,433,291
S01003722,897,439,458
S01003723,548,465,83
S01003724,786,372,414
S01003725,587,422,165
S01003726,684,492,192
S01003727,750,340,410
S01003728,500,299,201
S01003729,637,382,255
S01003730,646,126,520
S01003731,545,310,235
S01003732,820,713,107
S01003733,826,354,472
S01003734,713,416,297
S01003735,701,600,101
S01003736,832,432,400
S01003737,633,361,272
S01003738,660,582,78
S01003739,528,350,178
S01003740,576,359,217
S01003741,841,554,287
S01003742,518,382,136
S01003743,580,299,281
S01003744,572,365,207
S01003745,720,438,282
S01003746,792,557,235
S01003747,952,734,218
S01003748,524,428,96
S01003749,819,576,243
S01003750,557,335,222
S01003751,836,578,258
S01003752,749,548,201
S01003753,901,633,268
S01003754,891,481,410
S01003755,708,462,246
S01003756,689,499,190
S01003757,581,383,198
S01003758,749,543,206
S01003759,615,416,199
S01003760,758,532,226
S01003761,802,600,202
S01003762,742,452,290
S01003763,862,540,322
S01003764,859,550,309
S01003765,730,333,397
S01003766,599,441,158
S01003767,615,469,146
S01003768,565,446,119
S01003769,671,474,197
S01003770,631,566,65
S01003771,664,433,231
S01003772,524,346,178
S01003773,699,491,208
S01003774,619,460,159
S01003775,765,567,198
S01003776,576,471,105
S01003777,927,762,165
S01003778,512,371,141
S01003779,482,378,104
S01003780,887,790,97
S01003781,648,592,56
S01003782,560,287,273
S01003783,902,682,220
S01003784,580,552,28
S01003785,830,776,54
S01003786,928,901,27
S01003787,613,586,27
S01003788,689,627,62
S01003789,522,493,29
S01003790,618,332,286
S01003791,633,471,162
S01003792,680,604,76
S01003793,544,226,318
S01003794,675,574,101
S01003795,580,429,151
S01003796,659,243,416
S01003797,957,601,356
S01003798,802,738,64
S01003799,841,794,47
S01003800,642,312,330
S01003801,808,516,292
S01003802,765,648,117
S01003803,620,564,56
S01003804,632,373,259
S01003805,955,486,469
S01003806,670,371,299
S01003807,934,889,45
S01003808,630,404,226
S01003809,768,527,241
S01003810,811,718,93
S01003811,702,666,36
S01003812,898,515,383
S01003813,933,853,80
S01003814,751,698,53
S01003815,695,518,177
S01003816,846,799,47
S01003817,918,368,550
S01003818,830,412,418
S01003819,613,569,44
S01003820,902,736,166
S01003821,828,573,255
S01003822,569,351,218
S01003823,898,676,222
S01003824,641,444,197
S01003825,812,168,644
S01003826,693,459,234
S01003827,761,639,122
S01003828,648,592,56
S01003829,665,385,280
S01003830,917,369,548
S01003831,641,604,37
S01003832,814,615,199
S01003833,521,257,264
S01003834,675,585,90
S01003835,536,497,39
S01003836,536,410,126
S01003837,764,469,295
S01003838,623,398,225
S01003839,674,276,398
S01003840,654,606,48
S01003841,577,403,174
S01003842,588,500,88
S01003843,651,542,109
S01003844,781,754,27
S01003845,895,462,433
S01003846,784,603,181
S01003847,578,381,197
S01003848,681,649,32
S01003849,756,167,589
S01003850,560,516,44
S01003851,872,846,26
S01003852,539,480,59
S01003853,744,338,406
S01003854,583,361,222
S01003855,991,301,690
S01003856,726,472,254
S01003857,738,474,264
S01003858,621,373,248
S01003859,570,549,21
S01003860,661,85,576
S01003861,806,745,61
S01003862,610,87,523
S01003863,696,656,40
S01003864,887,762,125
S01003865,800,546,254
S01003866,811,672,139
S01003867,984,574,410
S01003868,639,521,118
S01003869,666,439,227
S01003870,803,635,168
S01003871,793,613,180
S01003872,844,705,139
S01003873,944,697,247
S01003874,636,430,206
S01003875,514,335,179
S01003876,645,558,87
S01003877,560,429,131
S01003878,962,494,468
S01003879,634,578,56
S01003880,891,669,222
S01003881,759,577,182
S01003882,530,185,345
S01003883,535,415,120
S01003884,754,327,427
S01003885,673,408,265
S01003886,580,328,252
S01003887,836,323,513
S01003888,609,478,131
S01003889,586,440,146
S01003890,645,597,48
S01003891,789,704,85
S01003892,627,379,248
S01003893,630,563,67
S01003894,826,624,202
S01003895,687,616,71
S01003896,659,609,50
S01003897,678,541,137
S01003898,691,609,82
S01003899,717,557,160
S01003900,708,542,166
S01003901,561,394,167
S01003902,840,600,240
S01003903,662,526,136
S01003904,706,487,219
S01003905,864,761,103
S01003906,723,445,278
S01003907,718,289,429
S01003908,823,499,324
S01003909,681,650,31
S01003910,712,357,355
S01003911,602,473,129
S01003912,685,568,117
S01003913,679,549,130
S01003914,876,696,180
S01003915,615,404,211
S01003916,766,635,131
S01003917,878,526,352
S01003918,886,604,282
S01003919,521,376,145
S01003920,648,386,262
S01003921,758,477,281
S01003922,798,230,568
S01003923,765,256,509
S01003924,505,88,417
S01003925,771,501,270
S01003926,579,135,444
S01003927,669,477,192
S01003928,890,335,555
S01003929,502,254,248
S01003930,740,504,236
S01003931,882,423,459
S01003932,830,654,176
S01003933,644,478,166
S01003934,898,618,280
S01003935,761,370,391
S01003936,827,713,114
S01003937,808,277,531
S01003938,526,377,149
S01003939,589,485,104
S01003940,865,472,393
S01003941,583,433,150
S01003942,749,377,372
S01003943,675,429,246
S01003944,618,384,234
S01003945,690,639,51
S01003946,822,606,216
S01003947,511,377,134
S01003948,628,450,178
S01003949,583,411,172
S01003950,587,340,247
S01003951,505,353,152
S01003952,514,408,106
S01003953,555,405,150
S01003954,525,434,91
S01003955,587,348,239
S01003956,594,385,209
S01003957,674,367,307
S01003958,751,488,263
S01003959,729,473,256
S01003960,875,538,337
S01003961,565,314,251
S01003962,575,301,274
S01003963,535,397,138
S01003964,459,378,81
S01003965,543,377,166
S01003966,916,607,309
S01003967,511,303,208
S01003968,902,530,372
S01003969,745,514,231
S01003970,593,416,177
S01003971,652,427,225
S01003972,632,515,117
S01003973,527,316,211
S01003974,812,553,259
S01003975,655,506,149
S01003976,708,379,329
S01003977,595,216,379
S01003978,594,278,316
S01003979,572,391,181
S01003980,543,476,67
S01003981,572,403,169
S01003982,718,600,118
S01003983,725,647,78
S01003984,610,404,206
S01003985,862,353,509
S01003986,582,329,253
S01003987,505,420,85
S01003988,521,354,167
S01003989,800,554,246
S01003990,502,336,166
S01003991,593,464,129
S01003992,922,719,203
S01003993,630,487,143
S01003994,679,486,193
S01003995,872,680,192
S01003996,512,434,78
S01003997,938,427,511
S01003998,599,436,163
S01003999,857,647,210
S01004000,769,493,276
S01004001,708,321,387
S01004002,879,581,298
S01004003,549,356,193
S01004004,785,424,361
S01004005,635,447,188
S01004006,576,392,184
S01004007,563,248,315
S01004008,640,499,141
S01004009,605,519,86
S01004010,771,668,103
S01004011,979,877,102
S01004012,729,678,51
S01004013,523,478,45
S01004014,606,546,60
S01004015,944,899,45
S01004016,608,591,17
S01004017,958,882,76
S01004018,854,802,52
S01004019,527,518,9
S01004020,692,563,129
S01004021,810,791,19
S01004022,511,459,52
S01004023,603,521,82
S01004024,764,619,145
S01004025,853,414,439
S01004026,668,351,317
S01004027,778,474,304
S01004028,772,363,409
S01004029,928,542,386
S01004030,832,303,529
S01004031,596,349,247
S01004032,455,57,398
S01004033,898,371,527
S01004034,792,705,87
S01004035,747,482,265
S01004036,710,324,386
S01004037,717,639,78
S01004038,715,442,273
S01004039,402,139,263
S01004040,661,556,105
S01004041,623,411,212
S01004042,644,292,352
S01004043,805,700,105
S01004044,739,212,527
S01004045,656,257,399
S01004046,592,283,309
S01004047,746,516,230
S01004048,902,641,261
S01004049,844,591,253
S01004050,529,153,376
S01004051,627,199,428
S01004052,576,281,295
S01004053,932,651,281
S01004054,950,696,254
S01004055,600,514,86
S01004056,769,449,320
S01004057,976,525,451
S01004058,657,279,378
S01004059,610,337,273
S01004060,502,250,252
S01004061,634,161,473
S01004062,902,742,160
S01004063,707,320,387
S01004064,691,523,168
S01004065,909,372,537
S01004066,564,346,218
S01004067,787,653,134
S01004068,763,372,391
S01004069,636,330,306
S01004070,416,148,268
S01004071,858,540,318
S01004072,971,736,235
S01004073,823,325,498
S01004074,886,395,491
S01004075,439,161,278
S01004076,630,476,154
S01004077,872,673,199
S01004078,712,469,243
S01004079,818,329,489
S01004080,705,339,366
S01004081,683,668,15
S01004082,736,701,35
S01004083,896,307,589
S01004084,727,343,384
S01004085,554,287,267
S01004086,773,323,450
S01004087,538,257,281
S01004088,569,300,269
S01004089,792,428,364
S01004090,408,177,231
S01004091,712,641,71
S01004092,697,392,305
S01004093,553,210,343
S01004094,413,116,297
S01004095,520,435,85
S01004096,678,669,9
S01004097,844,399,445
S01004098,630,541,89
S01004099,774,752,22
S01004100,800,511,289
S01004101,694,562,132
S01004102,775,731,44
S01004103,761,666,95
S01004104,792,756,36
S01004105,799,646,153
S01004106,799,699,100
S01004107,689,665,24
S01004108,737,664,73
S01004109,615,592,23
S01004110,557,482,75
S01004111,824,768,56
S01004112,738,648,90
S01004113,736,635,101
S01004114,644,406,238
S01004115,682,583,99
S01004116,652,573,79
S01004117,736,644,92
S01004118,893,441,452
S01004119,592,498,94
S01004120,720,689,31
S01004121,461,208,253
S01004122,624,476,148
S01004123,509,394,115
S01004124,965,864,101
S01004125,632,522,110
S01004126,642,416,226
S01004127,963,953,10
S01004128,741,726,15
S01004129,842,691,151
S01004130,572,477,95
S01004131,796,280,516
S01004132,580,312,268
S01004133,897,426,471
S01004134,712,704,8
S01004135,617,226,391
S01004136,633,348,285
S01004137,530,344,186
S01004138,697,335,362
S01004139,555,433,122
S01004140,600,349,251
S01004141,710,418,292
S01004142,577,491,86
S01004143,888,632,256
S01004144,768,436,332
S01004145,691,528,163
S01004146,719,642,77
S01004147,778,440,338
S01004148,976,964,12
S01004149,634,271,363
S01004150,579,563,16
S01004151,563,415,148
S01004152,754,368,386
S01004153,736,397,339
S01004154,670,510,160
S01004155,929,285,644
S01004156,804,387,417
S01004157,654,603,51
S01004158,627,462,165
S01004159,422,197,225
S01004160,629,460,169
S01004161,557,324,233
S01004162,699,560,139
S01004163,719,356,363
S01004164,945,457,488
S01004165,1000,900,100
S01004166,529,274,255
S01004167,573,314,259
S01004168,690,419,271
S01004169,522,352,170
S01004170,600,302,298
S01004171,626,469,157
S01004172,751,368,383
S01004173,588,328,260
S01004174,753,518,235
S01004175,631,206,425
S01004176,640,560,80
S01004177,502,191,311
S01004178,558,284,274
S01004179,523,450,73
S01004180,869,854,15
S01004181,739,524,215
S01004182,904,325,579
S01004183,959,795,164
S01004184,874,473,401
S01004185,828,272,556
S01004186,724,361,363
S01004187,721,331,390
S01004188,781,343,438
S01004189,630,605,25
S01004190,806,494,312
S01004191,759,474,285
S01004192,820,491,329
S01004193,637,475,162
S01004194,794,493,301
S01004195,612,387,225
S01004196,694,285,409
S01004197,698,339,359
S01004198,564,473,91
S01004199,823,586,237
S01004200,806,777,29
S01004201,755,646,109
S01004202,561,469,92
S01004203,873,597,276
S01004204,730,601,129
S01004205,718,376,342
S01004206,626,583,43
S01004207,793,426,367
S01004208,789,672,117
S01004209,583,527,56
S01004210,614,544,70
S01004211,725,684,41
S01004212,809,606,203
S01004213,599,523,76
S01004214,711,682,29
S01004215,563,532,31
S01004216,886,676,210
S01004217,512,275,237
S01004218,855,420,435
S01004219,615,236,379
S01004220,774,696,78
S01004221,902,430,472
S01004222,486,244,242
S01004223,809,180,629
S01004224,750,285,465
S01004225,818,287,531
S01004226,752,370,382
S01004227,603,380,223
S01004228,760,533,227
S01004229,693,424,269
S01004230,729,448,281
S01004231,766,428,338
S01004232,680,548,132
S01004233,633,362,271
S01004234,919,636,283
S01004235,623,336,287
S01004236,886,635,251
S01004237,653,422,231
S01004238,562,289,273
S01004239,649,476,173
S01004240,637,434,203
S01004241,514,373,141
S01004242,865,453,412
S01004243,575,431,144
S01004244,611,318,293
S01004245,740,427,313
S01004246,575,418,157
S01004247,850,407,443
S01004248,906,480,426
S01004249,889,638,251
S01004250,1014,713,301
S01004251,838,681,157
S01004252,552,463,89
S01004253,557,425,132
S01004254,647,560,87
S01004255,695,621,74
S01004256,565,279,286
S01004257,531,391,140
S01004258,709,546,163
S01004259,559,471,88
S01004260,563,509,54
S01004261,861,432,429
S01004262,727,426,301
S01004263,759,339,420
S01004264,699,397,302
S01004265,913,542,371
S01004266,536,299,237
S01004267,515,489,26
S01004268,652,373,279
S01004269,784,581,203
S01004270,537,265,272
S01004271,578,306,272
S01004272,646,613,33
S01004273,712,666,46
S01004274,796,567,229
S01004275,585,395,190
S01004276,674,450,224
S01004277,794,694,100
S01004278,916,679,237
S01004279,929,338,591
S01004280,998,706,292
S01004281,562,312,250
S01004282,989,422,567
S01004283,738,438,300
S01004284,955,514,441
S01004285,886,32,854
S01004286,759,126,633
S01004287,646,519,127
S01004288,735,576,159
S01004289,613,337,276
S01004290,700,538,162
S01004291,827,670,157
S01004292,774,132,642
S01004293,796,717,79
S01004294,770,583,187
S01004295,745,565,180
S01004296,815,680,135
S01004297,629,352,277
S01004298,963,676,287
S01004299,539,240,299
S01004300,550,284,266
S01004301,634,537,97
S01004302,762,711,51
S01004303,606,257,349
S01004304,938,401,537
S01004305,660,431,229
S01004306,576,353,223
S01004307,538,233,305
S01004308,990,617,373
S01004309,761,478,283
S01004310,777,483,294
S01004311,783,490,293
S01004312,705,512,193
S01004313,966,635,331
S01004314,771,529,242
S01004315,557,216,341
S01004316,535,25,510
S01004317,855,792,63
S01004318,569,295,274
S01004319,872,751,121
S01004320,918,546,372
S01004321,785,211,574
S01004322,961,786,175
S01004323,648,416,232
S01004324,849,341,508
S01004325,991,868,123
S01004326,804,675,129
S01004327,700,627,73
S01004328,667,522,145
S01004329,524,412,112
S01004330,992,762,230
S01004331,569,411,158
S01004332,575,444,131
S01004333,531,357,174
S01004334,807,564,243
S01004335,524,315,209
S01004336,995,764,231
S01004337,700,429,271
S01004338,703,529,174
S01004339,921,816,105
S01004340,577,227,350
S01004341,600,270,330
S01004342,796,432,364
S01004343,547,201,346
S01004344,769,538,231
S01004345,863,603,260
S01004346,555,331,224
S01004347,781,735,46
S01004348,580,492,88
S01004349,794,603,191
S01004350,534,462,72
S01004351,508,327,181
S01004352,556,480,76
S01004353,892,681,211
S01004354,587,322,265
S01004355,565,451,114
S01004356,982,647,335
S01004357,775,764,11
S01004358,774,716,58
S01004359,515,252,263
S01004360,632,283,349
S01004361,555,449,106
S01004362,547,235,312
S01004363,941,150,791
S01004364,740,209,531
S01004365,765,356,409
S01004366,620,326,294
S01004367,874,515,359
S01004368,537,250,287
S01004369,778,501,277
S01004370,733,700,33
S01004371,761,353,408
S01004372,950,708,242
S01004373,564,170,394
S01004374,600,352,248
S01004375,748,344,404
S01004376,931,475,456
S01004377,737,464,273
S01004378,956,687,269
S01004379,959,446,513
S01004380,686,222,464
S01004381,816,481,335
S01004382,687,373,314
S01004383,811,525,286
S01004384,681,356,325
S01004385,830,651,179
S01004386,889,778,111
S01004387,968,618,350
S01004388,805,166,639
S01004389,609,472,137
S01004390,824,386,438
S01004391,593,537,56
S01004392,893,616,277
S01004393,911,513,398
S01004394,795,384,411
S01004395,530,223,307
S01004396,797,388,409
S01004397,958,911,47
S01004398,852,623,229
S01004399,507,239,268
S01004400,558,253,305
S01004401,1099,915,184
S01004402,913,554,359
S01004403,503,419,84
S01004404,669,586,83
S01004405,749,463,286
S01004406,869,251,618
S01004407,651,306,345
S01004408,572,448,124
S01004409,625,424,201
S01004410,886,446,440
S01004411,588,381,207
S01004412,958,747,211
S01004413,770,375,395
S01004414,695,343,352
S01004415,626,280,346
S01004416,691,498,193
S01004417,764,287,477
S01004418,919,553,366
S01004419,839,566,273
S01004420,756,685,71
S01004421,708,156,552
S01004422,570,322,248
S01004423,787,535,252
S01004424,715,217,498
S01004425,620,554,66
S01004426,559,450,109
S01004427,732,302,430
S01004428,745,393,352
S01004429,867,252,615
S01004430,512,336,176
S01004431,714,261,453
S01004432,947,487,460
S01004433,968,597,371
S01004434,785,408,377
S01004435,595,478,117
S01004436,797,469,328
S01004437,926,476,450
S01004438,684,323,361
S01004439,686,276,410
S01004440,723,301,422
S01004441,832,812,20
S01004442,925,431,494
S01004443,684,213,471
S01004444,902,308,594
S01004445,634,271,363
S01004446,797,451,346
S01004447,763,362,401
S01004448,614,602,12
S01004449,845,397,448
S01004450,886,404,482
S01004451,907,235,672
S01004452,691,652,39
S01004453,1014,990,24
S01004454,925,582,343
S01004455,756,675,81
S01004456,568,544,24
S01004457,871,408,463
S01004458,846,302,544
S01004459,573,416,157
S01004460,652,630,22
S01004461,603,476,127
S01004462,643,627,16
S01004463,791,649,142
S01004464,868,351,517
S01004465,771,732,39
S01004466,897,767,130
S01004467,996,353,643
S01004468,796,676,120
S01004469,694,272,422
S01004470,580,558,22
S01004471,567,484,83
S01004472,722,690,32
S01004473,1017,990,27
S01004474,1015,441,574
S01004475,501,422,79
S01004476,721,594,127
S01004477,904,773,131
S01004478,635,398,237
S01004479,650,606,44
S01004480,984,413,571
S01004481,569,267,302
S01004482,922,516,406
S01004483,690,306,384
S01004484,993,935,58
S01004485,510,404,106
S01004486,938,779,159
S01004487,952,749,203
S01004488,708,430,278
S01004489,848,819,29
S01004490,708,679,29
S01004491,817,242,575
S01004492,976,460,516
S01004493,1003,687,316
S01004494,889,337,552
S01004495,684,284,400
S01004496,645,425,220
S01004497,783,371,412
S01004498,585,501,84
S01004499,690,380,310
S01004500,747,703,44
S01004501,565,406,159
S01004502,748,582,166
S01004503,694,486,208
S01004504,721,244,477
S01004505,603,289,314
S01004506,538,298,240
S01004507,763,558,205
S01004508,634,468,166
S01004509,712,620,92
S01004510,758,727,31
S01004511,849,777,72
S01004512,929,902,27
S01004513,502,423,79
S01004514,561,479,82
S01004515,747,470,277
S01004516,513,376,137
S01004517,689,456,233
S01004518,691,490,201
S01004519,857,536,321
S01004520,789,693,96
S01004521,781,746,35
S01004522,591,569,22
S01004523,692,636,56
S01004524,626,603,23
S01004525,753,701,52
S01004526,691,650,41
S01004527,558,381,177
S01004528,791,481,310
S01004529,789,653,136
S01004530,602,594,8
S01004531,719,498,221
S01004532,649,81,568
S01004533,387,5,382
S01004534,702,292,410
S01004535,714,607,107
S01004536,742,268,474
S01004537,846,338,508
S01004538,781,431,350
S01004539,659,286,373
S01004540,782,523,259
S01004541,768,452,316
S01004542,589,536,53
S01004543,773,465,308
S01004544,997,508,489
S01004545,687,390,297
S01004546,966,381,585
S01004547,860,261,599
S01004548,757,476,281
S01004549,789,472,317
S01004550,702,34,668
S01004551,944,754,190
S01004552,733,183,550
S01004553,535,383,152
S01004554,637,398,239
S01004555,707,505,202
S01004556,674,149,525
S01004557,432,371,61
S01004558,959,540,419
S01004559,1021,770,251
S01004560,626,129,497
S01004561,1044,403,641
S01004562,520,351,169
S01004563,809,600,209
S01004564,567,513,54
S01004565,707,695,12
S01004566,733,629,104
S01004567,506,51,455
S01004568,669,471,198
S01004569,700,74,626
S01004570,696,682,14
S01004571,650,457,193
S01004572,739,440,299
S01004573,617,408,209
S01004574,505,494,11
S01004575,695,442,253
S01004576,618,604,14
S01004577,575,460,115
S01004578,941,909,32
S01004579,656,92,564
S01004580,866,432,434
S01004581,1079,612,467
S01004582,588,531,57
S01004583,776,237,539
S01004584,590,212,378
S01004585,610,251,359
S01004586,1084,1032,52
S01004587,906,233,673
S01004588,637,408,229
S01004589,752,721,31
S01004590,701,233,468
S01004591,604,377,227
S01004592,652,256,396
S01004593,858,591,267
S01004594,567,187,380
S01004595,927,900,27
S01004596,643,191,452
S01004597,567,562,5
S01004598,687,385,302
S01004599,486,437,49
S01004600,884,350,534
S01004601,861,409,452
S01004602,971,960,11
S01004603,898,289,609
S01004604,514,297,217
S01004605,1025,361,664
S01004606,736,409,327
S01004607,625,340,285
S01004608,646,295,351
S01004609,589,178,411
S01004610,752,305,447
S01004611,1094,534,560
S01004612,710,324,386
S01004613,874,688,186
S01004614,826,570,256
S01004615,814,431,383
S01004616,887,589,298
S01004617,767,140,627
S01004618,658,119,539
S01004619,511,191,320
S01004620,800,413,387
S01004621,901,685,216
S01004622,818,545,273
S01004623,979,633,346
S01004624,1048,410,638
S01004625,866,333,533
S01004626,650,255,395
S01004627,586,509,77
S01004628,596,86,510
S01004629,973,960,13
S01004630,952,721,231
S01004631,801,345,456
S01004632,981,346,635
S01004633,530,421,109
S01004634,1069,941,128
S01004635,735,262,473
S01004636,668,228,440
S01004637,545,361,184
S01004638,605,232,373
S01004639,713,322,391
S01004640,796,387,409
S01004641,656,526,130
S01004642,907,387,520
S01004643,562,116,446
S01004644,740,545,195
S01004645,1004,210,794
S01004646,775,357,418
S01004647,1006,780,226
S01004648,975,414,561
S01004649,615,285,330
S01004650,856,382,474
S01004651,957,352,605
S01004652,911,652,259
S01004653,645,358,287
S01004654,824,722,102
S01004655,858,432,426
S01004656,560,159,401
S01004657,759,664,95
S01004658,949,738,211
S01004659,517,352,165
S01004660,757,718,39
S01004661,707,354,353
S01004662,935,515,420
S01004663,561,375,186
S01004664,654,395,259
S01004665,753,221,532
S01004666,788,447,341
S01004667,704,380,324
S01004668,883,781,102
S01004669,787,444,343
S01004670,877,461,416
S01004671,920,692,228
S01004672,671,427,244
S01004673,918,192,726
S01004674,854,483,371
S01004675,855,653,202
S01004676,778,446,332
S01004677,814,424,390
S01004678,664,467,197
S01004679,495,319,176
S01004680,856,200,656
S01004681,747,679,68
S01004682,574,161,413
S01004683,719,709,10
S01004684,750,572,178
S01004685,539,167,372
S01004686,747,304,443
S01004687,782,414,368
S01004688,723,719,4
S01004689,998,686,312
S01004690,540,519,21
S01004691,812,799,13
S01004692,697,257,440
S01004693,815,685,130
S01004694,627,340,287
S01004695,793,778,15
S01004696,872,249,623
S01004697,881,791,90
S01004698,605,584,21
S01004699,813,193,620
S01004700,753,553,200
S01004701,572,561,11
S01004702,591,469,122
S01004703,785,732,53
S01004704,636,334,302
S01004705,938,842,96
S01004706,558,539,19
S01004707,1007,449,558
S01004708,739,390,349
S01004709,745,695,50
S01004710,861,388,473
S01004711,810,302,508
S01004712,570,258,312
S01004713,736,356,380
S01004714,734,508,226
S01004715,807,416,391
S01004716,894,603,291
S01004717,747,351,396
S01004718,972,487,485
S01004719,726,480,246
S01004720,708,312,396
S01004721,622,619,3
S01004722,705,297,408
S01004723,582,489,93
S01004724,938,549,389
S01004725,619,440,179
S01004726,564,238,326
S01004727,872,353,519
S01004728,637,607,30
S01004729,657,311,346
S01004730,1063,326,737
S01004731,825,456,369
S01004732,622,565,57
S01004733,795,452,343
S01004734,544,235,309
S01004735,893,617,276
S01004736,720,339,381
S01004737,745,410,335
S01004738,659,238,421
S01004739,750,734,16
S01004740,671,587,84
S01004741,629,290,339
S01004742,942,581,361
S01004743,901,897,4
S01004744,640,294,346
S01004745,822,114,708
S01004746,795,351,444
S01004747,785,777,8
S01004748,595,329,266
S01004749,667,409,258
S01004750,719,270,449
S01004751,824,194,630
S01004752,796,311,485
S01004753,675,324,351
S01004754,683,503,180
S01004755,705,379,326
S01004756,603,436,167
S01004757,886,449,437
S01004758,944,557,387
S01004759,609,540,69
S01004760,732,337,395
S01004761,552,280,272
S01004762,664,331,333
S01004763,859,837,22
S01004764,767,296,471
S01004765,972,354,618
S01004766,770,270,500
S01004767,691,389,302
S01004768,991,249,742
S01004769,568,342,226
S01004770,548,290,258
S01004771,779,598,181
S01004772,581,373,208
S01004773,797,300,497
S01004774,987,956,31
S01004775,790,35,755
S01004776,801,571,230
S01004777,619,598,21
S01004778,727,379,348
S01004779,780,511,269
S01004780,532,314,218
S01004781,824,616,208
S01004782,776,409,367
S01004783,944,889,55
S01004784,707,458,249
S01004785,618,349,269
S01004786,502,355,147
S01004787,1022,820,202
S01004788,769,702,67
S01004789,966,550,416
S01004790,748,727,21
S01004791,605,557,48
S01004792,677,613,64
S01004793,912,822,90
S01004794,705,395,310
S01004795,971,473,498
S01004796,736,656,80
S01004797,723,427,296
S01004798,872,294,578
S01004799,591,310,281
S01004800,632,286,346
S01004801,717,458,259
S01004802,871,618,253
S01004803,853,373,480
S01004804,926,363,563
S01004805,676,170,506
S01004806,530,339,191
S01004807,536,222,314
S01004808,744,231,513
S01004809,487,324,163
S01004810,676,269,407
S01004811,638,383,255
S01004812,839,247,592
S01004813,874,656,218
S01004814,900,532,368
S01004815,728,537,191
S01004816,795,410,385
S01004817,544,219,325
S01004818,771,415,356
S01004819,576,287,289
S01004820,1067,436,631
S01004821,951,610,341
S01004822,717,338,379
S01004823,784,375,409
S01004824,785,713,72
S01004825,634,252,382
S01004826,742,178,564
S01004827,697,331,366
S01004828,1000,873,127
S01004829,783,332,451
S01004830,710,261,449
S01004831,866,824,42
S01004832,638,475,163
S01004833,823,502,321
S01004834,791,612,179
S01004835,713,532,181
S01004836,718,675,43
S01004837,768,421,347
S01004838,967,752,215
S01004839,914,530,384
S01004840,698,389,309
S01004841,850,429,421
S01004842,561,513,48
S01004843,715,332,383
S01004844,879,716,163
S01004845,781,495,286
S01004846,745,509,236
S01004847,894,829,65
S01004848,688,645,43
S01004849,540,322,218
S01004850,820,675,145
S01004851,620,219,401
S01004852,730,231,499
S01004853,738,530,208
S01004854,984,827,157
S01004855,645,245,400
S01004856,697,512,185
S01004857,929,692,237
S01004858,931,806,125
S01004859,985,925,60
S01004860,501,464,37
S01004861,824,806,18
S01004862,691,680,11
S01004863,986,906,80
S01004864,587,580,7
S01004865,686,553,133
S01004866,909,737,172
S01004867,800,774,26
S01004868,752,398,354
S01004869,900,895,5
S01004870,936,787,149
S01004871,779,669,110
S01004872,863,671,192
S01004873,791,657,134
S01004874,813,563,250
S01004875,775,527,248
S01004876,1018,799,219
S01004877,760,609,151
S01004878,746,607,139
S01004879,711,511,200
S01004880,718,371,347
S01004881,788,587,201
S01004882,525,411,114
S01004883,787,546,241
S01004884,577,574,3
S01004885,604,366,238
S01004886,869,539,330
S01004887,428,350,78
S01004888,640,640,0
S01004889,922,485,437
S01004890,752,361,391
S01004891,963,580,383
S01004892,771,760,11
S01004893,757,468,289
S01004894,756,478,278
S01004895,864,643,221
S01004896,958,727,231
S01004897,595,582,13
S01004898,1038,767,271
S01004899,722,566,156
S01004900,730,713,17
S01004901,785,463,322
S01004902,767,550,217
S01004903,650,641,9
S01004904,981,658,323
S01004905,1072,801,271
S01004906,835,626,209
S01004907,734,719,15
S01004908,710,539,171
S01004909,880,774,106
S01004910,870,699,171
S01004911,751,734,17
S01004912,733,530,203
S01004913,658,376,282
S01004914,663,552,111
S01004915,574,333,241
S01004916,783,491,292
S01004917,566,562,4
S01004918,586,526,60
S01004919,530,303,227
S01004920,966,723,243
S01004921,721,521,200
S01004922,701,696,5
S01004923,837,561,276
S01004924,868,661,207
S01004925,551,413,138
S01004926,950,920,30
S01004927,995,968,27
S01004928,634,620,14
S01004929,705,660,45
S01004930,642,321,321
S01004931,900,417,483
S01004932,762,337,425
S01004933,905,467,438
S01004934,680,403,277
S01004935,613,599,14
S01004936,884,539,345
S01004937,529,211,318
S01004938,771,398,373
S01004939,605,334,271
S01004940,547,344,203
S01004941,651,355,296
S01004942,1008,829,179
S01004943,870,557,313
S01004944,521,395,126
S01004945,588,465,123
S01004946,604,534,70
S01004947,675,570,105
S01004948,533,353,180
S01004949,566,484,82
S01004950,509,444,65
S01004951,629,377,252
S01004952,913,799,114
S01004953,877,556,321
S01004954,785,440,345
S01004955,670,438,232
S01004956,678,536,142
S01004957,645,581,64
S01004958,843,521,322
S01004959,592,350,242
S01004960,517,382,135
S01004961,628,429,199
S01004962,568,503,65
S01004963,559,410,149
S01004964,987,821,166
S01004965,823,688,135
S01004966,779,696,83
S01004967,555,452,103
S01004968,567,437,130
S01004969,901,691,210
S01004970,749,567,182
S01004971,935,718,217
S01004972,749,585,164
S01004973,828,683,145
S01004974,874,690,184
S01004975,736,693,43
S01004976,756,546,210
S01004977,983,592,391
S01004978,976,861,115
S01004979,906,877,29
S01004980,1051,977,74
S01004981,951,787,164
S01004982,640,557,83
S01004983,911,665,246
S01004984,776,597,179
S01004985,718,547,171
S01004986,614,530,84
S01004987,517,483,34
S01004988,533,499,34
S01004989,552,347,205
S01004990,509,378,131
S01004991,565,422,143
S01004992,874,455,419
S01004993,673,644,29
S01004994,722,559,163
S01004995,889,617,272
S01004996,614,491,123
S01004997,853,559,294
S01004998,799,629,170
S01004999,802,490,312
S01005000,569,423,146
S01005001,927,760,167
S01005002,767,661,106
S01005003,882,568,314
S01005004,588,416,172
S01005005,954,673,281
S01005006,540,459,81
S01005007,843,513,330
S01005008,934,587,347
S01005009,642,526,116
S01005010,586,377,209
S01005011,570,199,371
S01005012,704,490,214
S01005013,661,423,238
S01005014,808,482,326
S01005015,638,491,147
S01005016,717,516,201
S01005017,715,683,32
S01005018,617,442,175
S01005019,743,431,312
S01005020,757,572,185
S01005021,809,723,86
S01005022,673,567,106
S01005023,596,362,234
S01005024,879,720,159
S01005025,671,310,361
S01005026,552,496,56
S01005027,702,478,224
S01005028,571,524,47
S01005029,940,793,147
S01005030,989,856,133
S01005031,646,433,213
S01005032,873,744,129
S01005033,711,680,31
S01005034,832,792,40
S01005035,911,660,251
S01005036,522,495,27
S01005037,944,442,502
S01005038,827,812,15
S01005039,1068,996,72
S01005040,850,349,501
S01005041,533,249,284
S01005042,840,817,23
S01005043,734,460,274
S01005044,907,702,205
S01005045,851,828,23
S01005046,997,741,256
S01005047,916,420,496
S01005048,501,481,20
S01005049,695,408,287
S01005050,949,319,630
S01005051,889,853,36
S01005052,663,482,181
S01005053,893,264,629
S01005054,599,230,369
S01005055,790,445,345
S01005056,689,440,249
S01005057,754,274,480
S01005058,695,285,410
S01005059,540,342,198
S01005060,725,314,411
S01005061,893,665,228
S01005062,495,68,427
S01005063,544,505,39
S01005064,792,698,94
S01005065,860,582,278
S01005066,793,191,602
S01005067,486,233,253
S01005068,702,440,262
S01005069,614,270,344
S01005070,819,630,189
S01005071,296,39,257
S01005072,602,337,265
S01005073,633,476,157
S01005074,769,518,251
S01005075,504,53,451
S01005076,765,371,394
S01005077,693,669,24
S01005078,730,439,291
S01005079,668,358,310
S01005080,449,248,201
S01005081,661,388,273
S01005082,696,606,90
S01005083,926,686,240
S01005084,621,348,273
S01005085,568,408,160
S01005086,732,342,390
S01005087,508,321,187
S01005088,570,409,161
S01005089,783,557,226
S01005090,863,724,139
S01005091,696,678,18
S01005092,668,473,195
S01005093,785,447,338
S01005094,519,347,172
S01005095,954,648,306
S01005096,607,504,103
S01005097,753,666,87
S01005098,574,413,161
S01005099,834,682,152
S01005100,580,528,52
S01005101,825,647,178
S01005102,944,689,255
S01005103,875,725,150
S01005104,670,290,380
S01005105,877,599,278
S01005106,558,333,225
S01005107,463,400,63
S01005108,569,411,158
S01005109,901,575,326
S01005110,999,589,410
S01005111,527,453,74
S01005112,848,493,355
S01005113,1038,694,344
S01005114,939,460,479
S01005115,855,473,382
S01005116,647,309,338
S01005117,621,427,194
S01005118,742,520,222
S01005119,649,629,20
S01005120,595,542,53
S01005121,745,531,214
S01005122,773,654,119
S01005123,746,690,56
S01005124,724,545,179
S01005125,788,400,388
S01005126,537,376,161
S01005127,620,212,408
S01005128,807,695,112
S01005129,873,509,364
S01005130,651,205,446
S01005131,829,542,287
S01005132,646,554,92
S01005133,386,247,139
S01005134,969,652,317
S01005135,674,540,134
S01005136,762,430,332
S01005137,859,390,469
S01005138,1079,657,422
S01005139,618,251,367
S01005140,558,294,264
S01005141,850,470,380
S01005142,604,351,253
S01005143,935,612,323
S01005144,909,737,172
S01005145,776,463,313
S01005146,623,339,284
S01005147,871,400,471
S01005148,600,532,68
S01005149,600,442,158
S01005150,641,441,200
S01005151,712,457,255
S01005152,738,631,107
S01005153,748,670,78
S01005154,566,526,40
S01005155,746,567,179
S01005156,719,364,355
S01005157,913,526,387
S01005158,757,633,124
S01005159,940,615,325
S01005160,1023,535,488
S01005161,953,714,239
S01005162,973,534,439
S01005163,581,305,276
S01005164,924,696,228
S01005165,765,548,217
S01005166,1038,564,474
S01005167,722,264,458
S01005168,687,583,104
S01005169,619,572,47
S01005170,837,776,61
S01005171,874,341,533
S01005172,825,774,51
S01005173,705,639,66
S01005174,769,273,496
S01005175,690,626,64
S01005176,684,310,374
S01005177,948,352,596
S01005178,857,597,260
S01005179,979,826,153
S01005180,910,889,21
S01005181,907,685,222
S01005182,722,298,424
S01005183,938,431,507
S01005184,825,150,675
S01005185,533,334,199
S01005186,747,506,241
S01005187,945,723,222
S01005188,985,978,7
S01005189,851,397,454
S01005190,902,893,9
S01005191,880,395,485
S01005192,788,717,71
S01005193,793,765,28
S01005194,593,418,175
S01005195,1007,998,9
S01005196,804,227,577
S01005197,768,479,289
S01005198,920,896,24
S01005199,900,564,336
S01005200,632,617,15
S01005201,873,474,399
S01005202,905,502,403
S01005203,803,643,160
S01005204,551,543,8
S01005205,877,820,57
S01005206,932,878,54
S01005207,954,386,568
S01005208,543,244,299
S01005209,801,532,269
S01005210,961,352,609
S01005211,723,272,451
S01005212,588,570,18
S01005213,943,809,134
S01005214,778,335,443
S01005215,873,477,396
S01005216,593,365,228
S01005217,835,658,177
S01005218,888,362,526
S01005219,817,419,398
S01005220,674,550,124
S01005221,650,594,56
S01005222,696,328,368
S01005223,735,550,185
S01005224,780,766,14
S01005225,897,785,112
S01005226,553,381,172
S01005227,844,463,381
S01005228,1045,987,58
S01005229,852,569,283
S01005230,789,560,229
S01005231,751,672,79
S01005232,841,374,467
S01005233,565,272,293
S01005234,967,844,123
S01005235,570,368,202
S01005236,945,786,159
S01005237,961,937,24
S01005238,822,628,194
S01005239,921,517,404
S01005240,837,252,585
S01005241,950,928,22
S01005242,842,355,487
S01005243,750,327,423
S01005244,958,936,22
S01005245,671,368,303
S01005246,945,252,693
S01005247,735,48,687
S01005248,574,308,266
S01005249,728,420,308
S01005250,795,318,477
S01005251,935,465,470
S01005252,548,230,318
S01005253,555,527,28
S01005254,707,455,252
S01005255,557,124,433
S01005256,721,701,20
S01005257,958,792,166
S01005258,1035,995,40
S01005259,653,270,383
S01005260,645,292,353
S01005261,519,174,345
S01005262,933,785,148
S01005263,517,100,417
S01005264,733,371,362
S01005265,437,153,284
S01005266,860,422,438
S01005267,929,535,394
S01005268,896,412,484
S01005269,711,482,229
S01005270,1059,954,105
S01005271,594,563,31
S01005272,660,82,578
S01005273,809,732,77
S01005274,733,340,393
S01005275,487,249,238
S01005276,660,322,338
S01005277,655,577,78
S01005278,840,546,294
S01005279,546,513,33
S01005280,762,376,386
S01005281,882,567,315
S01005282,764,303,461
S01005283,813,800,13
S01005284,681,212,469
S01005285,687,634,53
S01005286,743,714,29
S01005287,807,551,256
S01005288,886,378,508
S01005289,778,467,311
S01005290,594,386,208
S01005291,672,649,23
S01005292,708,199,509
S01005293,832,442,390
S01005294,574,559,15
S01005295,602,338,264
S01005296,890,880,10
S01005297,703,693,10
S01005298,1069,985,84
S01005299,578,562,16
S01005300,949,925,24
S01005301,891,874,17
S01005302,1014,715,299
S01005303,763,569,194
S01005304,726,715,11
S01005305,826,538,288
S01005306,1021,990,31
S01005307,919,915,4
S01005308,529,159,370
S01005309,945,679,266
S01005310,1010,683,327
S01005311,940,926,14
S01005312,585,528,57
S01005313,918,908,10
S01005314,543,532,11
S01005315,646,161,485
S01005316,900,847,53
S01005317,569,560,9
S01005318,534,416,118
S01005319,691,679,12
S01005320,651,513,138
S01005321,640,483,157
S01005322,806,678,128
S01005323,703,537,166
S01005324,719,467,252
S01005325,815,555,260
S01005326,961,369,592
S01005327,649,412,237
S01005328,625,321,304
S01005329,551,369,182
S01005330,693,483,210
S01005331,724,429,295
S01005332,518,473,45
S01005333,820,804,16
S01005334,678,596,82
S01005335,549,549,0
S01005336,614,527,87
S01005337,966,949,17
S01005338,580,569,11
S01005339,763,602,161
S01005340,589,559,30
S01005341,699,547,152
S01005342,777,621,156
S01005343,970,899,71
S01005344,775,543,232
S01005345,774,749,25
S01005346,840,831,9
S01005347,740,730,10
S01005348,834,680,154
S01005349,889,833,56
S01005350,766,746,20
S01005351,770,544,226
S01005352,912,735,177
S01005353,1024,821,203
S01005354,966,962,4
S01005355,750,584,166
S01005356,735,714,21
S01005357,742,529,213
S01005358,871,639,232
S01005359,930,924,6
S01005360,889,885,4
S01005361,903,882,21
S01005362,667,473,194
S01005363,687,347,340
S01005364,914,631,283
S01005365,610,317,293
S01005366,759,587,172
S01005367,817,353,464
S01005368,663,422,241
S01005369,988,559,429
S01005370,815,671,144
S01005371,991,934,57
S01005372,813,623,190
S01005373,701,465,236
S01005374,870,680,190
S01005375,992,762,230
S01005376,940,755,185
S01005377,900,462,438
S01005378,778,216,562
S01005379,973,639,334
S01005380,693,242,451
S01005381,682,202,480
S01005382,762,100,662
S01005383,660,257,403
S01005384,823,629,194
S01005385,778,321,457
S01005386,608,458,150
S01005387,960,536,424
S01005388,756,486,270
S01005389,736,389,347
S01005390,846,504,342
S01005391,716,462,254
S01005392,880,410,470
S01005393,855,511,344
S01005394,841,557,284
S01005395,859,668,191
S01005396,659,330,329
S01005397,591,369,222
S01005398,974,825,149
S01005399,965,601,364
S01005400,950,323,627
S01005401,926,687,239
S01005402,924,751,173
S01005403,935,501,434
S01005404,813,512,301
S01005405,537,415,122
S01005406,549,354,195
S01005407,943,413,530
S01005408,555,270,285
S01005409,644,454,190
S01005410,730,252,478
S01005411,897,734,163
S01005412,927,676,251
S01005413,841,451,390
S01005414,933,763,170
S01005415,744,559,185
S01005416,924,390,534
S01005417,747,572,175
S01005418,747,681,66
S01005419,712,418,294
S01005420,836,665,171
S01005421,941,698,243
S01005422,784,585,199
S01005423,978,760,218
S01005424,799,625,174
S01005425,898,190,708
S01005426,760,288,472
S01005427,782,408,374
S01005428,953,498,455
S01005429,659,425,234
S01005430,639,560,79
S01005431,747,366,381
S01005432,790,616,174
S01005433,858,539,319
S01005434,655,408,247
S01005435,812,561,251
S01005436,867,641,226
S01005437,909,668,241
S01005438,857,474,383
S01005439,647,388,259
S01005440,918,554,364
S01005441,889,626,263
S01005442,874,611,263
S01005443,895,762,133
S01005444,906,640,266
S01005445,928,743,185
S01005446,783,509,274
S01005447,835,565,270
S01005448,952,787,165
S01005449,821,475,346
S01005450,893,495,398
S01005451,967,718,249
S01005452,912,903,9
S01005453,905,549,356
S01005454,725,549,176
S01005455,885,576,309
S01005456,864,684,180
S01005457,945,561,384
S01005458,828,443,385
S01005459,834,546,288
S01005460,791,454,337
S01005461,720,386,334
S01005462,967,599,368
S01005463,548,448,100
S01005464,579,400,179
S01005465,565,444,121
S01005466,864,569,295
S01005467,516,426,90
S01005468,848,662,186
S01005469,835,438,397
S01005470,688,565,123
S01005471,771,712,59
S01005472,817,548,269
S01005473,728,436,292
S01005474,842,487,355
S01005475,767,409,358
S01005476,840,704,136
S01005477,898,589,309
S01005478,826,463,363
S01005479,558,374,184
S01005480,778,625,153
S01005481,646,374,272
S01005482,609,388,221
S01005483,697,436,261
S01005484,557,397,160
S01005485,796,403,393
S01005486,856,511,345
S01005487,591,432,159
S01005488,891,426,465
S01005489,919,554,365
S01005490,600,505,95
S01005491,918,637,281
S01005492,939,598,341
S01005493,670,591,79
S01005494,683,501,182
S01005495,658,510,148
S01005496,981,813,168
S01005497,590,576,14
S01005498,853,516,337
S01005499,705,249,456
S01005500,781,502,279
S01005501,801,653,148
S01005502,853,550,303
S01005503,593,360,233
S01005504,596,375,221
S01005505,655,293,362
S01005506,821,456,365
S01005507,533,260,273
S01005508,740,400,340
S01005509,508,408,100
S01005510,607,575,32
S01005511,577,423,154
S01005512,645,462,183
S01005513,722,494,228
S01005514,570,451,119
S01005515,582,488,94
S01005516,520,451,69
S01005517,920,473,447
S01005518,961,590,371
S01005519,681,400,281
S01005520,950,662,288
S01005521,792,459,333
S01005522,628,370,258
S01005523,879,598,281
S01005524,710,528,182
S01005525,753,507,246
S01005526,718,343,375
S01005527,525,246,279
S01005528,498,388,110
S01005529,861,477,384
S01005530,660,241,419
S01005531,576,482,94
S01005532,796,646,150
S01005533,778,520,258
S01005534,650,471,179
S01005535,844,407,437
S01005536,925,743,182
S01005537,682,373,309
S01005538,885,696,189
S01005539,908,564,344
S01005540,799,424,375
S01005541,663,380,283
S01005542,726,473,253
S01005543,752,490,262
S01005544,728,454,274
S01005545,851,605,246
S01005546,683,431,252
S01005547,689,497,192
S01005548,846,705,141
S01005549,980,868,112
S01005550,627,603,24
S01005551,902,886,16
S01005552,813,794,19
S01005553,831,786,45
S01005554,726,711,15
S01005555,689,664,25
S01005556,540,520,20
S01005557,796,458,338
S01005558,747,742,5
S01005559,698,312,386
S01005560,662,362,300
S01005561,872,825,47
S01005562,833,805,28
S01005563,782,491,291
S01005564,782,762,20
S01005565,596,585,11
S01005566,543,350,193
S01005567,994,717,277
S01005568,573,398,175
S01005569,720,706,14
S01005570,797,658,139
S01005571,733,709,24
S01005572,799,762,37
S01005573,711,564,147
S01005574,836,615,221
S01005575,750,738,12
S01005576,796,592,204
S01005577,747,703,44
S01005578,962,685,277
S01005579,806,723,83
S01005580,527,503,24
S01005581,743,547,196
S01005582,746,665,81
S01005583,610,559,51
S01005584,576,555,21
S01005585,751,423,328
S01005586,701,536,165
S01005587,960,661,299
S01005588,697,396,301
S01005589,814,591,223
S01005590,790,269,521
S01005591,910,507,403
S01005592,500,146,354
S01005593,893,407,486
S01005594,827,377,450
S01005595,838,244,594
S01005596,539,260,279
S01005597,972,625,347
S01005598,940,372,568
S01005599,500,303,197
S01005600,720,209,511
S01005601,710,509,201
S01005602,729,312,417
S01005603,550,256,294
S01005604,559,227,332
S01005605,977,772,205
S01005606,620,453,167
S01005607,626,551,75
S01005608,907,830,77
S01005609,777,620,157
S01005610,563,504,59
S01005611,725,200,525
S01005612,766,723,43
S01005613,742,551,191
S01005614,793,497,296
S01005615,963,710,253
S01005616,658,499,159
S01005617,781,469,312
S01005618,622,320,302
S01005619,605,575,30
S01005620,459,384,75
S01005621,725,453,272
S01005622,924,886,38
S01005623,787,565,222
S01005624,891,860,31
S01005625,887,804,83
S01005626,839,537,302
S01005627,692,587,105
S01005628,907,591,316
S01005629,781,752,29
S01005630,542,449,93
S01005631,758,506,252
S01005632,509,441,68
S01005633,735,512,223
S01005634,796,770,26
S01005635,818,795,23
S01005636,849,788,61
S01005637,907,694,213
S01005638,831,737,94
S01005639,768,359,409
S01005640,534,376,158
S01005641,869,609,260
S01005642,680,660,20
S01005643,618,569,49
S01005644,610,606,4
S01005645,838,770,68
S01005646,802,514,288
S01005647,734,611,123
S01005648,765,643,122
S01005649,902,559,343
S01005650,628,298,330
S01005651,760,491,269
S01005652,717,576,141
S01005653,900,602,298
S01005654,761,606,155
S01005655,883,724,159
S01005656,613,278,335
S01005657,608,427,181
S01005658,886,877,9
S01005659,889,869,20
S01005660,647,391,256
S01005661,639,607,32
S01005662,621,611,10
S01005663,663,617,46
S01005664,592,585,7
S01005665,512,490,22
S01005666,868,500,368
S01005667,778,647,131
S01005668,842,608,234
S01005669,615,444,171
S01005670,683,432,251
S01005671,514,275,239
S01005672,856,291,565
S01005673,643,460,183
S01005674,936,605,331
S01005675,923,273,650
S01005676,876,460,416
S01005677,836,657,179
S01005678,848,702,146
S01005679,753,503,250
S01005680,646,575,71
S01005681,879,599,280
S01005682,635,528,107
S01005683,881,274,607
S01005684,923,486,437
S01005685,667,605,62
S01005686,584,462,122
S01005687,551,463,88
S01005688,812,662,150
S01005689,505,428,77
S01005690,749,541,208
S01005691,622,478,144
S01005692,667,431,236
S01005693,804,740,64
S01005694,598,251,347
S01005695,564,312,252
S01005696,651,481,170
S01005697,640,261,379
S01005698,578,528,50
S01005699,799,503,296
S01005700,508,446,62
S01005701,709,262,447
S01005702,683,399,284
S01005703,629,624,5
S01005704,620,329,291
S01005705,569,473,96
S01005706,772,745,27
S01005707,529,292,237
S01005708,721,467,254
S01005709,812,460,352
S01005710,426,402,24
S01005711,867,800,67
S01005712,566,337,229
S01005713,638,578,60
S01005714,782,689,93
S01005715,795,560,235
S01005716,600,582,18
S01005717,563,502,61
S01005718,794,591,203
S01005719,556,487,69
S01005720,712,689,23
S01005721,792,349,443
S01005722,542,497,45
S01005723,697,529,168
S01005724,715,690,25
S01005725,638,537,101
S01005726,864,634,230
S01005727,572,453,119
S01005728,828,549,279
S01005729,623,331,292
S01005730,743,400,343
S01005731,575,324,251
S01005732,889,439,450
S01005733,771,674,97
S01005734,674,542,132
S01005735,793,774,19
S01005736,710,640,70
S01005737,787,501,286
S01005738,875,459,416
S01005739,764,697,67
S01005740,732,512,220
S01005741,996,799,197
S01005742,653,524,129
S01005743,668,630,38
S01005744,873,567,306
S01005745,928,623,305
S01005746,879,782,97
S01005747,894,684,210
S01005748,451,247,204
S01005749,857,757,100
S01005750,843,528,315
S01005751,772,594,178
S01005752,810,264,546
S01005753,731,483,248
S01005754,921,790,131
S01005755,788,361,427
S01005756,884,335,549
S01005757,622,196,426
S01005758,853,535,318
S01005759,828,388,440
S01005760,607,585,22
S01005761,651,616,35
S01005762,781,363,418
S01005763,786,746,40
S01005764,611,290,321
S01005765,873,416,457
S01005766,644,562,82
S01005767,728,713,15
S01005768,900,529,371
S01005769,786,478,308
S01005770,597,334,263
S01005771,817,809,8
S01005772,716,702,14
S01005773,860,813,47
S01005774,719,448,271
S01005775,861,556,305
S01005776,713,696,17
S01005777,600,395,205
S01005778,699,400,299
S01005779,716,609,107
S01005780,683,670,13
S01005781,840,697,143
S01005782,802,488,314
S01005783,576,414,162
S01005784,509,492,17
S01005785,826,813,13
S01005786,661,424,237
S01005787,765,602,163
S01005788,537,381,156
S01005789,931,682,249
S01005790,655,507,148
S01005791,507,448,59
S01005792,918,472,446
S01005793,550,414,136
S01005794,972,930,42
S01005795,726,551,175
S01005796,494,419,75
S01005797,799,792,7
S01005798,663,413,250
S01005799,791,539,252
S01005800,694,506,188
S01005801,787,381,406
S01005802,667,557,110
S01005803,667,440,227
S01005804,626,414,212
S01005805,627,550,77
S01005806,698,296,402
S01005807,948,530,418
S01005808,808,492,316
S01005809,563,442,121
S01005810,522,308,214
S01005811,612,425,187
S01005812,660,528,132
S01005813,869,616,253
S01005814,711,364,347
S01005815,958,656,302
S01005816,784,529,255
S01005817,538,519,19
S01005818,755,750,5
S01005819,723,370,353
S01005820,713,481,232
S01005821,527,389,138
S01005822,891,679,212
S01005823,697,405,292
S01005824,747,737,10
S01005825,734,551,183
S01005826,984,971,13
S01005827,790,759,31
S01005828,787,513,274
S01005829,791,773,18
S01005830,925,459,466
S01005831,953,821,132
S01005832,804,432,372
S01005833,719,604,115
S01005834,653,464,189
S01005835,719,710,9
S01005836,724,718,6
S01005837,513,500,13
S01005838,748,390,358
S01005839,884,756,128
S01005840,812,616,196
S01005841,690,516,174
S01005842,616,376,240
S01005843,579,504,75
S01005844,768,663,105
S01005845,549,527,22
S01005846,914,594,320
S01005847,784,601,183
S01005848,622,306,316
S01005849,845,645,200
S01005850,725,353,372
S01005851,760,562,198
S01005852,571,473,98
S01005853,970,759,211
S01005854,864,503,361
S01005855,909,387,522
S01005856,781,550,231
S01005857,708,421,287
S01005858,789,495,294
S01005859,765,665,100
S01005860,778,555,223
S01005861,598,592,6
S01005862,827,708,119
S01005863,903,716,187
S01005864,903,659,244
S01005865,747,342,405
S01005866,773,695,78
S01005867,954,748,206
S01005868,786,743,43
S01005869,731,289,442
S01005870,762,544,218
S01005871,726,599,127
S01005872,800,703,97
S01005873,998,826,172
S01005874,903,179,724
S01005875,740,667,73
S01005876,885,868,17
S01005877,901,710,191
S01005878,686,676,10
S01005879,675,555,120
S01005880,797,359,438
S01005881,803,503,300
S01005882,575,552,23
S01005883,509,433,76
S01005884,830,755,75
S01005885,681,674,7
S01005886,789,772,17
S01005887,527,432,95
S01005888,622,413,209
S01005889,810,571,239
S01005890,786,766,20
S01005891,634,276,358
S01005892,738,331,407
S01005893,770,586,184
S01005894,638,503,135
S01005895,644,636,8
S01005896,658,651,7
S01005897,796,681,115
S01005898,739,559,180
S01005899,713,468,245
S01005900,663,649,14
S01005901,762,710,52
S01005902,861,808,53
S01005903,918,663,255
S01005904,761,650,111
S01005905,714,632,82
S01005906,937,658,279
S01005907,763,546,217
S01005908,830,623,207
S01005909,548,493,55
S01005910,784,730,54
S01005911,995,759,236
S01005912,834,632,202
S01005913,944,278,666
S01005914,789,491,298
S01005915,733,549,184
S01005916,710,685,25
S01005917,886,358,528
S01005918,932,757,175
S01005919,555,546,9
S01005920,902,727,175
S01005921,623,509,114
S01005922,952,822,130
S01005923,769,636,133
S01005924,666,654,12
S01005925,770,760,10
S01005926,748,641,107
S01005927,800,756,44
S01005928,784,383,401
S01005929,616,440,176
S01005930,643,450,193
S01005931,795,603,192
S01005932,710,310,400
S01005933,808,795,13
S01005934,747,581,166
S01005935,651,475,176
S01005936,883,608,275
S01005937,646,634,12
S01005938,698,352,346
S01005939,772,318,454
S01005940,633,419,214
S01005941,513,501,12
S01005942,806,438,368
S01005943,934,717,217
S01005944,869,631,238
S01005945,868,645,223
S01005946,894,565,329
S01005947,786,301,485
S01005948,693,338,355
S01005949,711,292,419
S01005950,543,206,337
S01005951,849,325,524
S01005952,884,422,462
S01005953,936,753,183
S01005954,540,190,350
S01005955,517,395,122
S01005956,860,489,371
S01005957,968,335,633
S01005958,593,364,229
S01005959,464,189,275
S01005960,513,322,191
S01005961,800,395,405
S01005962,519,289,230
S01005963,545,332,213
S01005964,744,385,359
S01005965,808,319,489
S01005966,927,263,664
S01005967,889,395,494
S01005968,695,630,65
S01005969,750,619,131
S01005970,797,502,295
S01005971,512,268,244
S01005972,791,514,277
S01005973,789,571,218
S01005974,776,410,366
S01005975,760,394,366
S01005976,786,717,69
S01005977,781,487,294
S01005978,720,618,102
S01005979,950,632,318
S01005980,677,670,7
S01005981,571,337,234
S01005982,606,328,278
S01005983,987,959,28
S01005984,669,627,42
S01005985,829,479,350
S01005986,776,753,23
S01005987,584,351,233
S01005988,558,308,250
S01005989,810,804,6
S01005990,965,59,906
S01005991,714,440,274
S01005992,607,281,326
S01005993,797,791,6
S01005994,943,549,394
S01005995,674,205,469
S01005996,761,749,12
S01005997,674,336,338
S01005998,690,125,565
S01005999,869,832,37
S01006000,792,415,377
S01006001,753,553,200
S01006002,564,303,261
S01006003,668,418,250
S01006004,623,589,34
S01006005,646,375,271
S01006006,795,771,24
S01006007,559,259,300
S01006008,780,250,530
S01006009,579,569,10
S01006010,907,893,14
S01006011,840,452,388
S01006012,846,497,349
S01006013,540,496,44
S01006014,648,368,280
S01006015,744,707,37
S01006016,958,946,12
S01006017,698,292,406
S01006018,852,805,47
S01006019,798,531,267
S01006020,820,782,38
S01006021,901,729,172
S01006022,557,265,292
S01006023,786,778,8
S01006024,849,418,431
S01006025,786,585,201
S01006026,786,551,235
S01006027,691,667,24
S01006028,624,492,132
S01006029,747,696,51
S01006030,947,875,72
S01006031,870,639,231
S01006032,888,414,474
S01006033,700,590,110
S01006034,737,269,468
S01006035,968,821,147
S01006036,809,719,90
S01006037,896,803,93
S01006038,695,654,41
S01006039,833,618,215
S01006040,765,338,427
S01006041,895,432,463
S01006042,842,649,193
S01006043,621,523,98
S01006044,726,643,83
S01006045,662,537,125
S01006046,827,720,107
S01006047,754,473,281
S01006048,799,775,24
S01006049,775,570,205
S01006050,861,644,217
S01006051,959,850,109
S01006052,756,721,35
S01006053,867,854,13
S01006054,733,700,33
S01006055,616,576,40
S01006056,960,937,23
S01006057,488,235,253
S01006058,820,396,424
S01006059,804,485,319
S01006060,620,360,260
S01006061,551,154,397
S01006062,686,358,328
S01006063,614,114,500
S01006064,652,297,355
S01006065,779,315,464
S01006066,837,642,195
S01006067,930,817,113
S01006068,497,347,150
S01006069,736,626,110
S01006070,644,560,84
S01006071,958,911,47
S01006072,607,511,96
S01006073,504,361,143
S01006074,705,592,113
S01006075,941,385,556
S01006076,911,409,502
S01006077,800,441,359
S01006078,997,762,235
S01006079,783,464,319
S01006080,853,581,272
S01006081,719,546,173
S01006082,950,359,591
S01006083,830,651,179
S01006084,825,468,357
S01006085,800,644,156
S01006086,716,468,248
S01006087,743,499,244
S01006088,822,744,78
S01006089,762,509,253
S01006090,899,318,581
S01006091,606,499,107
S01006092,641,321,320
S01006093,602,390,212
S01006094,909,625,284
S01006095,879,791,88
S01006096,641,448,193
S01006097,948,540,408
S01006098,673,478,195
S01006099,578,563,15
S01006100,612,134,478
S01006101,627,421,206
S01006102,781,423,358
S01006103,701,660,41
S01006104,777,510,267
S01006105,697,404,293
S01006106,626,404,222
S01006107,697,332,365
S01006108,944,423,521
S01006109,775,639,136
S01006110,779,295,484
S01006111,799,574,225
S01006112,750,665,85
S01006113,879,868,11
S01006114,722,413,309
S01006115,758,681,77
S01006116,934,897,37
S01006117,826,595,231
S01006118,551,404,147
S01006119,959,852,107
S01006120,835,404,431
S01006121,492,301,191
S01006122,824,734,90
S01006123,653,273,380
S01006124,632,279,353
S01006125,553,410,143
S01006126,705,288,417
S01006127,644,433,211
S01006128,812,263,549
S01006129,709,527,182
S01006130,562,72,490
S01006131,922,728,194
S01006132,823,159,664
S01006133,584,501,83
S01006134,501,415,86
S01006135,560,150,410
S01006136,888,124,764
S01006137,650,134,516
S01006138,636,614,22
S01006139,410,203,207
S01006140,849,588,261
S01006141,710,269,441
S01006142,657,633,24
S01006143,500,459,41
S01006144,1002,902,100
S01006145,948,585,363
S01006146,824,728,96
S01006147,791,556,235
S01006148,784,546,238
S01006149,974,740,234
S01006150,908,725,183
S01006151,406,35,371
S01006152,715,665,50
S01006153,599,425,174
S01006154,794,778,16
S01006155,869,687,182
S01006156,576,470,106
S01006157,769,538,231
S01006158,873,792,81
S01006159,791,666,125
S01006160,722,669,53
S01006161,750,712,38
S01006162,649,588,61
S01006163,924,701,223
S01006164,627,393,234
S01006165,579,373,206
S01006166,893,798,95
S01006167,878,724,154
S01006168,775,520,255
S01006169,674,468,206
S01006170,916,776,140
S01006171,847,594,253
S01006172,523,322,201
S01006173,586,448,138
S01006174,543,283,260
S01006175,769,559,210
S01006176,523,359,164
S01006177,660,171,489
S01006178,851,654,197
S01006179,796,498,298
S01006180,816,454,362
S01006181,754,190,564
S01006182,560,342,218
S01006183,714,196,518
S01006184,795,471,324
S01006185,980,613,367
S01006186,862,454,408
S01006187,891,204,687
S01006188,744,273,471
S01006189,780,162,618
S01006190,812,536,276
S01006191,587,129,458
S01006192,790,188,602
S01006193,537,56,481
S01006194,918,296,622
S01006195,769,62,707
S01006196,912,412,500
S01006197,861,347,514
S01006198,537,38,499
S01006199,744,327,417
S01006200,862,578,284
S01006201,982,522,460
S01006202,703,133,570
S01006203,617,411,206
S01006204,942,552,390
S01006205,713,569,144
S01006206,841,526,315
S01006207,908,442,466
S01006208,740,448,292
S01006209,755,643,112
S01006210,766,608,158
S01006211,594,242,352
S01006212,856,839,17
S01006213,891,517,374
S01006214,766,562,204
S01006215,818,528,290
S01006216,790,560,230
S01006217,989,502,487
S01006218,572,492,80
S01006219,910,640,270
S01006220,858,736,122
S01006221,818,390,428
S01006222,994,546,448
S01006223,759,721,38
S01006224,655,552,103
S01006225,828,266,562
S01006226,753,690,63
S01006227,715,529,186
S01006228,793,769,24
S01006229,971,273,698
S01006230,828,216,612
S01006231,931,207,724
S01006232,774,767,7
S01006233,648,450,198
S01006234,556,461,95
S01006235,759,678,81
S01006236,641,525,116
S01006237,866,564,302
S01006238,944,807,137
S01006239,523,505,18
S01006240,813,218,595
S01006241,830,456,374
S01006242,764,438,326
S01006243,593,549,44
S01006244,628,315,313
S01006245,629,323,306
S01006246,693,424,269
S01006247,896,653,243
S01006248,828,744,84
S01006249,778,667,111
S01006250,707,385,322
S01006251,598,507,91
S01006252,640,573,67
S01006253,706,213,493
S01006254,700,608,92
S01006255,938,745,193
S01006256,669,325,344
S01006257,779,482,297
S01006258,739,337,402
S01006259,705,325,380
S01006260,748,228,520
S01006261,869,459,410
S01006262,688,428,260
S01006263,827,493,334
S01006264,958,932,26
S01006265,822,655,167
S01006266,680,335,345
S01006267,647,347,300
S01006268,723,403,320
S01006269,659,234,425
S01006270,937,751,186
S01006271,731,356,375
S01006272,782,532,250
S01006273,681,246,435
S01006274,605,332,273
S01006275,801,553,248
S01006276,846,592,254
S01006277,761,647,114
S01006278,731,339,392
S01006279,969,377,592
S01006280,650,324,326
S01006281,779,478,301
S01006282,727,451,276
S01006283,732,449,283
S01006284,820,449,371
S01006285,791,635,156
S01006286,855,632,223
S01006287,619,482,137
S01006288,792,258,534
S01006289,896,731,165
S01006290,928,244,684
S01006291,524,173,351
S01006292,889,798,91
S01006293,958,910,48
S01006294,650,530,120
S01006295,618,344,274
S01006296,969,778,191
S01006297,762,378,384
S01006298,877,563,314
S01006299,781,393,388
S01006300,761,324,437
S01006301,626,217,409
S01006302,933,616,317
S01006303,684,397,287
S01006304,716,170,546
S01006305,677,454,223
S01006306,746,437,309
S01006307,799,518,281
S01006308,655,237,418
S01006309,882,831,51
S01006310,786,665,121
S01006311,782,552,230
S01006312,664,253,411
S01006313,978,597,381
S01006314,597,585,12
S01006315,882,334,548
S01006316,929,578,351
S01006317,873,533,340
S01006318,774,347,427
S01006319,881,507,374
S01006320,913,256,657
S01006321,698,677,21
S01006322,673,664,9
S01006323,904,786,118
S01006324,612,586,26
S01006325,671,362,309
S01006326,930,323,607
S01006327,563,302,261
S01006328,554,238,316
S01006329,965,798,167
S01006330,754,372,382
S01006331,752,568,184
S01006332,654,347,307
S01006333,905,370,535
S01006334,803,489,314
S01006335,881,588,293
S01006336,787,754,33
S01006337,732,696,36
S01006338,876,861,15
S01006339,808,579,229
S01006340,744,620,124
S01006341,744,722,22
S01006342,737,363,374
S01006343,739,342,397
S01006344,785,519,266
S01006345,594,318,276
S01006346,633,409,224
S01006347,633,620,13
S01006348,656,543,113
S01006349,513,279,234
S01006350,715,327,388
S01006351,843,519,324
S01006352,759,380,379
S01006353,583,428,155
S01006354,955,632,323
S01006355,738,322,416
S01006356,679,647,32
S01006357,745,663,82
S01006358,702,240,462
S01006359,868,581,287
S01006360,664,618,46
S01006361,807,491,316
S01006362,795,728,67
S01006363,725,697,28
S01006364,611,459,152
S01006365,905,870,35
S01006366,743,717,26
S01006367,769,676,93
S01006368,855,842,13
S01006369,815,493,322
S01006370,974,863,111
S01006371,545,497,48
S01006372,768,332,436
S01006373,847,656,191
S01006374,695,426,269
S01006375,679,450,229
S01006376,715,489,226
S01006377,610,313,297
S01006378,524,513,11
S01006379,595,487,108
S01006380,596,349,247
S01006381,528,370,158
S01006382,710,485,225
S01006383,624,427,197
S01006384,768,732,36
S01006385,942,491,451
S01006386,930,485,445
S01006387,800,503,297
S01006388,996,509,487
S01006389,701,311,390
S01006390,666,456,210
S01006391,960,937,23
S01006392,864,393,471
S01006393,794,161,633
S01006394,794,372,422
S01006395,851,409,442
S01006396,596,257,339
S01006397,721,517,204
S01006398,877,621,256
S01006399,782,476,306
S01006400,896,687,209
S01006401,785,469,316
S01006402,671,162,509
S01006403,772,441,331
S01006404,775,494,281
S01006405,863,510,353
S01006406,433,176,257
S01006407,688,658,30
S01006408,981,422,559
S01006409,619,489,130
S01006410,716,302,414
S01006411,814,379,435
S01006412,705,383,322
S01006413,565,283,282
S01006414,524,437,87
S01006415,826,655,171
S01006416,587,377,210
S01006417,701,408,293
S01006418,678,278,400
S01006419,570,299,271
S01006420,937,415,522
S01006421,565,425,140
S01006422,662,266,396
S01006423,571,486,85
S01006424,634,285,349
S01006425,710,335,375
S01006426,518,424,94
S01006427,761,480,281
S01006428,829,618,211
S01006429,573,221,352
S01006430,618,611,7
S01006431,573,552,21
S01006432,720,447,273
S01006433,669,394,275
S01006434,813,596,217
S01006435,450,376,74
S01006436,755,475,280
S01006437,959,695,264
S01006438,606,221,385
S01006439,722,391,331
S01006440,814,462,352
S01006441,709,388,321
S01006442,796,467,329
S01006443,519,303,216
S01006444,568,443,125
S01006445,780,521,259
S01006446,871,727,144
S01006447,588,228,360
S01006448,887,821,66
S01006449,511,500,11
S01006450,682,178,504
S01006451,711,342,369
S01006452,560,337,223
S01006453,810,372,438
S01006454,572,534,38
S01006455,667,247,420
S01006456,867,633,234
S01006457,645,335,310
S01006458,931,908,23
S01006459,683,591,92
S01006460,521,385,136
S01006461,698,568,130
S01006462,736,622,114
S01006463,652,401,251
S01006464,742,632,110
S01006465,867,620,247
S01006466,742,679,63
S01006467,863,723,140
S01006468,978,928,50
S01006469,679,559,120
S01006470,747,451,296
S01006471,820,413,407
S01006472,562,357,205
S01006473,778,610,168
S01006474,818,475,343
S01006475,850,463,387
S01006476,753,511,242
S01006477,781,350,431
S01006478,849,480,369
S01006479,714,465,249
S01006480,867,753,114
S01006481,571,314,257
S01006482,758,547,211
S01006483,911,461,450
S01006484,784,460,324
S01006485,659,609,50
S01006486,862,832,30
S01006487,765,153,612
S01006488,629,525,104
S01006489,784,448,336
S01006490,765,748,17
S01006491,828,820,8
S01006492,593,279,314
S01006493,582,307,275
S01006494,562,529,33
S01006495,788,701,87
S01006496,894,482,412
S01006497,502,331,171
S01006498,1000,897,103
S01006499,831,776,55
S01006500,741,508,233
S01006501,972,963,9
S01006502,631,619,12
S01006503,691,682,9
S01006504,784,740,44
S01006505,770,736,34
