"dz_2001","total","owned","nonowned"
"S01000001",852,621,231
"S01000002",678,628,50
"S01000003",788,709,79
"S01000004",612,555,57
"S01000005",643,546,97
"S01000006",577,401,176
"S01000007",749,636,113
"S01000008",580,430,150
"S01000009",681,609,72
"S01000010",514,485,29
"S01000011",940,759,181
"S01000012",1528,1332,196
"S01000013",836,591,245
"S01000014",881,779,102
"S01000015",669,607,62
"S01000016",467,378,89
"S01000017",848,693,155
"S01000018",520,460,60
"S01000019",568,506,62
"S01000020",711,534,177
"S01000021",861,690,171
"S01000022",627,563,64
"S01000023",762,629,133
"S01000024",496,398,98
"S01000025",807,741,66
"S01000026",820,414,406
"S01000027",798,681,117
"S01000028",919,536,383
"S01000029",729,522,207
"S01000030",449,267,182
"S01000031",941,805,136
"S01000032",1063,642,421
"S01000033",802,384,418
"S01000034",1237,1046,191
"S01000035",981,479,502
"S01000036",674,282,392
"S01000037",705,437,268
"S01000038",675,478,197
"S01000039",902,409,493
"S01000040",932,626,306
"S01000041",818,632,186
"S01000042",748,356,392
"S01000043",892,390,502
"S01000044",955,349,606
"S01000045",569,542,27
"S01000046",754,686,68
"S01000047",805,385,420
"S01000048",960,779,181
"S01000049",713,635,78
"S01000050",703,558,145
"S01000051",797,754,43
"S01000052",627,279,348
"S01000053",1058,644,414
"S01000054",801,665,136
"S01000055",724,222,502
"S01000056",1014,865,149
"S01000057",699,212,487
"S01000058",694,620,74
"S01000059",957,716,241
"S01000060",634,92,542
"S01000061",1000,828,172
"S01000062",1038,706,332
"S01000063",910,781,129
"S01000064",623,354,269
"S01000065",1002,647,355
"S01000066",806,355,451
"S01000067",1065,822,243
"S01000068",851,676,175
"S01000069",718,260,458
"S01000070",658,293,365
"S01000071",812,190,622
"S01000072",907,605,302
"S01000073",626,588,38
"S01000074",870,106,764
"S01000075",539,270,269
"S01000076",721,679,42
"S01000077",909,686,223
"S01000078",1097,332,765
"S01000079",1422,825,597
"S01000080",1013,611,402
"S01000081",889,758,131
"S01000082",904,360,544
"S01000083",772,541,231
"S01000084",843,304,539
"S01000085",513,243,270
"S01000086",678,404,274
"S01000087",1020,730,290
"S01000088",916,433,483
"S01000089",909,822,87
"S01000090",769,459,310
"S01000091",1032,511,521
"S01000092",906,367,539
"S01000093",705,402,303
"S01000094",712,264,448
"S01000095",712,432,280
"S01000096",690,344,346
"S01000097",977,742,235
"S01000098",1168,380,788
"S01000099",811,675,136
"S01000100",797,247,550
"S01000101",886,616,270
"S01000102",795,255,540
"S01000103",628,299,329
"S01000104",901,761,140
"S01000105",870,734,136
"S01000106",724,573,151
"S01000107",1268,274,994
"S01000108",706,264,442
"S01000109",1017,299,718
"S01000110",826,592,234
"S01000111",783,514,269
"S01000112",980,377,603
"S01000113",607,427,180
"S01000114",763,384,379
"S01000115",838,433,405
"S01000116",923,432,491
"S01000117",985,780,205
"S01000118",692,484,208
"S01000119",835,287,548
"S01000120",566,325,241
"S01000121",703,509,194
"S01000122",701,316,385
"S01000123",669,545,124
"S01000124",850,339,511
"S01000125",648,156,492
"S01000126",945,247,698
"S01000127",766,658,108
"S01000128",1078,272,806
"S01000129",550,118,432
"S01000130",1557,538,1019
"S01000131",622,443,179
"S01000132",748,418,330
"S01000133",878,412,466
"S01000134",728,317,411
"S01000135",687,124,563
"S01000136",675,345,330
"S01000137",954,333,621
"S01000138",830,294,536
"S01000139",790,488,302
"S01000140",853,565,288
"S01000141",824,597,227
"S01000142",685,288,397
"S01000143",618,552,66
"S01000144",730,256,474
"S01000145",815,434,381
"S01000146",1537,436,1101
"S01000147",1000,354,646
"S01000148",605,218,387
"S01000149",1180,343,837
"S01000150",619,333,286
"S01000151",865,260,605
"S01000152",1188,665,523
"S01000153",963,286,677
"S01000154",524,367,157
"S01000155",739,409,330
"S01000156",1019,192,827
"S01000157",691,204,487
"S01000158",926,464,462
"S01000159",910,792,118
"S01000160",761,528,233
"S01000161",915,446,469
"S01000162",830,445,385
"S01000163",1049,588,461
"S01000164",530,223,307
"S01000165",904,333,571
"S01000166",1146,372,774
"S01000167",682,420,262
"S01000168",974,535,439
"S01000169",712,484,228
"S01000170",1125,466,659
"S01000171",1079,955,124
"S01000172",471,325,146
"S01000173",849,372,477
"S01000174",900,813,87
"S01000175",536,203,333
"S01000176",582,232,350
"S01000177",559,344,215
"S01000178",774,454,320
"S01000179",877,94,783
"S01000180",645,392,253
"S01000181",606,294,312
"S01000182",916,518,398
"S01000183",1127,229,898
"S01000184",737,536,201
"S01000185",878,141,737
"S01000186",948,600,348
"S01000187",627,323,304
"S01000188",730,175,555
"S01000189",623,220,403
"S01000190",835,464,371
"S01000191",1223,833,390
"S01000192",752,172,580
"S01000193",717,348,369
"S01000194",872,189,683
"S01000195",723,218,505
"S01000196",1005,209,796
"S01000197",587,335,252
"S01000198",831,236,595
"S01000199",853,133,720
"S01000200",833,424,409
"S01000201",622,323,299
"S01000202",1001,490,511
"S01000203",712,51,661
"S01000204",577,313,264
"S01000205",830,230,600
"S01000206",704,479,225
"S01000207",928,106,822
"S01000208",956,152,804
"S01000209",1391,186,1205
"S01000210",684,170,514
"S01000211",747,149,598
"S01000212",754,379,375
"S01000213",740,275,465
"S01000214",460,306,154
"S01000215",1035,810,225
"S01000216",654,487,167
"S01000217",810,191,619
"S01000218",666,447,219
"S01000219",851,137,714
"S01000220",692,238,454
"S01000221",734,328,406
"S01000222",737,502,235
"S01000223",607,470,137
"S01000224",806,508,298
"S01000225",576,454,122
"S01000226",599,498,101
"S01000227",1253,1047,206
"S01000228",827,488,339
"S01000229",822,453,369
"S01000230",618,431,187
"S01000231",694,654,40
"S01000232",615,386,229
"S01000233",496,270,226
"S01000234",697,651,46
"S01000235",737,667,70
"S01000236",672,555,117
"S01000237",816,717,99
"S01000238",493,445,48
"S01000239",691,625,66
"S01000240",634,570,64
"S01000241",599,589,10
"S01000242",744,597,147
"S01000243",649,620,29
"S01000244",1139,853,286
"S01000245",959,837,122
"S01000246",689,586,103
"S01000247",655,630,25
"S01000248",741,697,44
"S01000249",650,537,113
"S01000250",770,709,61
"S01000251",465,429,36
"S01000252",790,713,77
"S01000253",651,626,25
"S01000254",832,751,81
"S01000255",586,544,42
"S01000256",805,597,208
"S01000257",906,727,179
"S01000258",608,575,33
"S01000259",611,563,48
"S01000260",865,781,84
"S01000261",892,801,91
"S01000262",913,775,138
"S01000263",746,649,97
"S01000264",909,667,242
"S01000265",712,499,213
"S01000266",1240,872,368
"S01000267",641,496,145
"S01000268",813,502,311
"S01000269",626,554,72
"S01000270",1031,797,234
"S01000271",877,622,255
"S01000272",1122,804,318
"S01000273",620,478,142
"S01000274",678,482,196
"S01000275",1435,1005,430
"S01000276",782,730,52
"S01000277",703,579,124
"S01000278",577,338,239
"S01000279",875,706,169
"S01000280",761,529,232
"S01000281",675,359,316
"S01000282",735,536,199
"S01000283",1090,805,285
"S01000284",1264,1084,180
"S01000285",719,604,115
"S01000286",914,613,301
"S01000287",676,577,99
"S01000288",807,691,116
"S01000289",884,550,334
"S01000290",813,414,399
"S01000291",884,728,156
"S01000292",1003,822,181
"S01000293",841,480,361
"S01000294",648,566,82
"S01000295",538,495,43
"S01000296",952,782,170
"S01000297",729,546,183
"S01000298",1131,948,183
"S01000299",972,805,167
"S01000300",759,594,165
"S01000301",506,286,220
"S01000302",625,395,230
"S01000303",566,266,300
"S01000304",829,798,31
"S01000305",1040,841,199
"S01000306",790,612,178
"S01000307",922,856,66
"S01000308",1217,1035,182
"S01000309",1188,774,414
"S01000310",942,889,53
"S01000311",902,693,209
"S01000312",512,364,148
"S01000313",681,515,166
"S01000314",551,485,66
"S01000315",659,572,87
"S01000316",889,552,337
"S01000317",542,301,241
"S01000318",549,489,60
"S01000319",659,643,16
"S01000320",671,625,46
"S01000321",595,535,60
"S01000322",992,923,69
"S01000323",879,606,273
"S01000324",835,797,38
"S01000325",1291,1042,249
"S01000326",805,585,220
"S01000327",809,771,38
"S01000328",534,434,100
"S01000329",836,691,145
"S01000330",1317,892,425
"S01000331",560,417,143
"S01000332",733,577,156
"S01000333",938,729,209
"S01000334",875,613,262
"S01000335",792,609,183
"S01000336",1380,1044,336
"S01000337",836,598,238
"S01000338",490,294,196
"S01000339",1194,966,228
"S01000340",1058,675,383
"S01000341",960,577,383
"S01000342",474,290,184
"S01000343",566,383,183
"S01000344",992,784,208
"S01000345",626,570,56
"S01000346",643,562,81
"S01000347",1544,1236,308
"S01000348",730,654,76
"S01000349",537,429,108
"S01000350",1082,995,87
"S01000351",939,840,99
"S01000352",699,658,41
"S01000353",508,478,30
"S01000354",1576,1217,359
"S01000355",615,584,31
"S01000356",642,553,89
"S01000357",580,558,22
"S01000358",889,861,28
"S01000359",836,776,60
"S01000360",529,255,274
"S01000361",678,439,239
"S01000362",971,802,169
"S01000363",1178,971,207
"S01000364",928,704,224
"S01000365",2070,1743,327
"S01000366",2123,1825,298
"S01000367",845,696,149
"S01000368",1286,1008,278
"S01000369",938,816,122
"S01000370",1511,1332,179
"S01000371",916,692,224
"S01000372",913,686,227
"S01000373",665,592,73
"S01000374",647,562,85
"S01000375",612,344,268
"S01000376",826,452,374
"S01000377",852,713,139
"S01000378",543,336,207
"S01000379",655,606,49
"S01000380",957,874,83
"S01000381",1604,1444,160
"S01000382",733,514,219
"S01000383",1166,944,222
"S01000384",704,451,253
"S01000385",622,420,202
"S01000386",1260,897,363
"S01000387",871,722,149
"S01000388",1053,916,137
"S01000389",861,725,136
"S01000390",778,469,309
"S01000391",694,448,246
"S01000392",800,721,79
"S01000393",878,692,186
"S01000394",693,411,282
"S01000395",800,679,121
"S01000396",843,430,413
"S01000397",934,734,200
"S01000398",2408,2070,338
"S01000399",594,349,245
"S01000400",803,491,312
"S01000401",904,735,169
"S01000402",751,578,173
"S01000403",768,589,179
"S01000404",708,628,80
"S01000405",522,449,73
"S01000406",534,322,212
"S01000407",595,348,247
"S01000408",609,559,50
"S01000409",579,529,50
"S01000410",743,577,166
"S01000411",702,566,136
"S01000412",798,608,190
"S01000413",865,737,128
"S01000414",694,589,105
"S01000415",927,707,220
"S01000416",910,746,164
"S01000417",1006,776,230
"S01000418",718,573,145
"S01000419",1517,1188,329
"S01000420",1311,1002,309
"S01000421",786,697,89
"S01000422",906,711,195
"S01000423",1026,923,103
"S01000424",743,618,125
"S01000425",842,631,211
"S01000426",826,706,120
"S01000427",741,614,127
"S01000428",663,602,61
"S01000429",871,793,78
"S01000430",488,417,71
"S01000431",680,401,279
"S01000432",876,796,80
"S01000433",510,304,206
"S01000434",602,402,200
"S01000435",514,393,121
"S01000436",629,604,25
"S01000437",889,732,157
"S01000438",590,559,31
"S01000439",823,534,289
"S01000440",1091,902,189
"S01000441",898,606,292
"S01000442",843,676,167
"S01000443",608,530,78
"S01000444",2528,2245,283
"S01000445",1201,1024,177
"S01000446",951,804,147
"S01000447",782,618,164
"S01000448",859,657,202
"S01000449",708,452,256
"S01000450",553,511,42
"S01000451",855,630,225
"S01000452",559,436,123
"S01000453",560,438,122
"S01000454",443,287,156
"S01000455",846,634,212
"S01000456",1129,793,336
"S01000457",781,584,197
"S01000458",930,790,140
"S01000459",1011,716,295
"S01000460",707,323,384
"S01000461",857,442,415
"S01000462",991,595,396
"S01000463",731,472,259
"S01000464",848,623,225
"S01000465",665,581,84
"S01000466",880,678,202
"S01000467",614,453,161
"S01000468",535,440,95
"S01000469",641,566,75
"S01000470",913,817,96
"S01000471",837,720,117
"S01000472",759,550,209
"S01000473",661,442,219
"S01000474",625,409,216
"S01000475",727,431,296
"S01000476",627,488,139
"S01000477",674,532,142
"S01000478",790,476,314
"S01000479",843,545,298
"S01000480",670,542,128
"S01000481",2120,1624,496
"S01000482",868,324,544
"S01000483",978,601,377
"S01000484",770,453,317
"S01000485",952,859,93
"S01000486",1118,281,837
"S01000487",559,430,129
"S01000488",624,375,249
"S01000489",904,315,589
"S01000490",540,457,83
"S01000491",535,191,344
"S01000492",951,484,467
"S01000493",641,515,126
"S01000494",551,324,227
"S01000495",893,773,120
"S01000496",529,487,42
"S01000497",768,582,186
"S01000498",520,452,68
"S01000499",1020,771,249
"S01000500",604,336,268
"S01000501",576,410,166
"S01000502",614,516,98
"S01000503",494,446,48
"S01000504",768,513,255
"S01000505",722,575,147
"S01000506",996,825,171
"S01000507",986,628,358
"S01000508",879,748,131
"S01000509",1001,762,239
"S01000510",665,449,216
"S01000511",573,481,92
"S01000512",990,815,175
"S01000513",881,521,360
"S01000514",941,719,222
"S01000515",551,481,70
"S01000516",883,775,108
"S01000517",737,558,179
"S01000518",957,693,264
"S01000519",515,445,70
"S01000520",1129,916,213
"S01000521",945,590,355
"S01000522",665,592,73
"S01000523",800,424,376
"S01000524",697,567,130
"S01000525",1014,769,245
"S01000526",964,712,252
"S01000527",685,627,58
"S01000528",904,704,200
"S01000529",799,689,110
"S01000530",486,397,89
"S01000531",574,494,80
"S01000532",775,485,290
"S01000533",713,578,135
"S01000534",760,441,319
"S01000535",1020,668,352
"S01000536",494,301,193
"S01000537",1056,887,169
"S01000538",740,471,269
"S01000539",966,559,407
"S01000540",713,518,195
"S01000541",592,386,206
"S01000542",647,402,245
"S01000543",832,669,163
"S01000544",667,532,135
"S01000545",755,518,237
"S01000546",860,589,271
"S01000547",543,446,97
"S01000548",1085,796,289
"S01000549",1168,1096,72
"S01000550",471,423,48
"S01000551",860,701,159
"S01000552",540,480,60
"S01000553",888,761,127
"S01000554",679,264,415
"S01000555",854,469,385
"S01000556",812,377,435
"S01000557",913,659,254
"S01000558",496,400,96
"S01000559",644,427,217
"S01000560",1078,480,598
"S01000561",1012,584,428
"S01000562",847,438,409
"S01000563",1122,348,774
"S01000564",919,257,662
"S01000565",796,514,282
"S01000566",867,482,385
"S01000567",824,431,393
"S01000568",525,428,97
"S01000569",759,611,148
"S01000570",892,757,135
"S01000571",776,565,211
"S01000572",711,653,58
"S01000573",538,501,37
"S01000574",700,639,61
"S01000575",640,533,107
"S01000576",542,513,29
"S01000577",543,489,54
"S01000578",633,548,85
"S01000579",859,807,52
"S01000580",956,848,108
"S01000581",700,652,48
"S01000582",648,435,213
"S01000583",939,793,146
"S01000584",840,547,293
"S01000585",1224,747,477
"S01000586",722,572,150
"S01000587",658,447,211
"S01000588",558,454,104
"S01000589",707,554,153
"S01000590",788,652,136
"S01000591",775,661,114
"S01000592",865,672,193
"S01000593",1428,1124,304
"S01000594",1250,1113,137
"S01000595",758,626,132
"S01000596",795,745,50
"S01000597",965,918,47
"S01000598",1348,1209,139
"S01000599",1145,984,161
"S01000600",776,645,131
"S01000601",1232,1080,152
"S01000602",743,582,161
"S01000603",1022,778,244
"S01000604",914,845,69
"S01000605",739,647,92
"S01000606",820,316,504
"S01000607",750,650,100
"S01000608",1195,518,677
"S01000609",1047,391,656
"S01000610",804,292,512
"S01000611",631,345,286
"S01000612",1039,608,431
"S01000613",1024,739,285
"S01000614",678,425,253
"S01000615",768,374,394
"S01000616",1389,1007,382
"S01000617",665,482,183
"S01000618",815,618,197
"S01000619",708,424,284
"S01000620",1169,341,828
"S01000621",1078,698,380
"S01000622",768,370,398
"S01000623",769,479,290
"S01000624",616,353,263
"S01000625",641,215,426
"S01000626",804,279,525
"S01000627",849,573,276
"S01000628",580,267,313
"S01000629",851,623,228
"S01000630",738,486,252
"S01000631",612,324,288
"S01000632",539,320,219
"S01000633",523,451,72
"S01000634",735,446,289
"S01000635",643,502,141
"S01000636",521,283,238
"S01000637",648,475,173
"S01000638",560,455,105
"S01000639",641,356,285
"S01000640",717,539,178
"S01000641",814,654,160
"S01000642",908,696,212
"S01000643",673,553,120
"S01000644",711,606,105
"S01000645",956,616,340
"S01000646",782,651,131
"S01000647",777,530,247
"S01000648",884,421,463
"S01000649",594,359,235
"S01000650",712,495,217
"S01000651",870,506,364
"S01000652",744,558,186
"S01000653",978,555,423
"S01000654",921,547,374
"S01000655",792,284,508
"S01000656",799,374,425
"S01000657",793,369,424
"S01000658",606,251,355
"S01000659",1321,968,353
"S01000660",970,842,128
"S01000661",822,525,297
"S01000662",734,578,156
"S01000663",798,539,259
"S01000664",851,652,199
"S01000665",669,445,224
"S01000666",528,421,107
"S01000667",957,751,206
"S01000668",864,367,497
"S01000669",826,471,355
"S01000670",668,452,216
"S01000671",551,430,121
"S01000672",713,518,195
"S01000673",721,650,71
"S01000674",1064,708,356
"S01000675",714,614,100
"S01000676",457,256,201
"S01000677",877,342,535
"S01000678",898,658,240
"S01000679",779,354,425
"S01000680",967,443,524
"S01000681",990,426,564
"S01000682",702,371,331
"S01000683",546,394,152
"S01000684",726,313,413
"S01000685",873,620,253
"S01000686",770,433,337
"S01000687",827,479,348
"S01000688",694,554,140
"S01000689",648,404,244
"S01000690",992,853,139
"S01000691",808,498,310
"S01000692",742,270,472
"S01000693",1015,384,631
"S01000694",701,477,224
"S01000695",788,515,273
"S01000696",774,401,373
"S01000697",954,777,177
"S01000698",619,425,194
"S01000699",613,374,239
"S01000700",806,512,294
"S01000701",969,804,165
"S01000702",514,434,80
"S01000703",739,466,273
"S01000704",885,619,266
"S01000705",1131,905,226
"S01000706",859,659,200
"S01000707",618,460,158
"S01000708",558,392,166
"S01000709",992,684,308
"S01000710",1106,515,591
"S01000711",505,420,85
"S01000712",610,460,150
"S01000713",752,518,234
"S01000714",986,695,291
"S01000715",654,371,283
"S01000716",500,223,277
"S01000717",915,295,620
"S01000718",810,407,403
"S01000719",616,524,92
"S01000720",766,570,196
"S01000721",702,405,297
"S01000722",846,459,387
"S01000723",457,306,151
"S01000724",763,440,323
"S01000725",586,453,133
"S01000726",755,511,244
"S01000727",600,280,320
"S01000728",649,352,297
"S01000729",491,287,204
"S01000730",457,233,224
"S01000731",595,225,370
"S01000732",533,179,354
"S01000733",663,348,315
"S01000734",797,709,88
"S01000735",438,326,112
"S01000736",730,593,137
"S01000737",470,280,190
"S01000738",448,326,122
"S01000739",730,470,260
"S01000740",650,483,167
"S01000741",786,618,168
"S01000742",642,516,126
"S01000743",814,680,134
"S01000744",738,461,277
"S01000745",716,576,140
"S01000746",786,558,228
"S01000747",556,359,197
"S01000748",465,203,262
"S01000749",541,263,278
"S01000750",679,500,179
"S01000751",722,630,92
"S01000752",977,428,549
"S01000753",596,427,169
"S01000754",729,542,187
"S01000755",701,357,344
"S01000756",983,787,196
"S01000757",719,587,132
"S01000758",1268,1144,124
"S01000759",985,648,337
"S01000760",531,434,97
"S01000761",605,536,69
"S01000762",610,567,43
"S01000763",743,526,217
"S01000764",676,589,87
"S01000765",825,391,434
"S01000766",699,595,104
"S01000767",642,235,407
"S01000768",783,472,311
"S01000769",785,430,355
"S01000770",703,337,366
"S01000771",937,748,189
"S01000772",640,541,99
"S01000773",826,676,150
"S01000774",831,291,540
"S01000775",653,521,132
"S01000776",572,530,42
"S01000777",325,21,304
"S01000778",450,421,29
"S01000779",793,566,227
"S01000780",844,475,369
"S01000781",806,752,54
"S01000782",680,628,52
"S01000783",464,408,56
"S01000784",778,724,54
"S01000785",714,541,173
"S01000786",749,594,155
"S01000787",488,319,169
"S01000788",650,540,110
"S01000789",725,494,231
"S01000790",470,374,96
"S01000791",607,364,243
"S01000792",664,619,45
"S01000793",639,439,200
"S01000794",861,488,373
"S01000795",937,727,210
"S01000796",426,236,190
"S01000797",449,283,166
"S01000798",484,309,175
"S01000799",680,562,118
"S01000800",916,707,209
"S01000801",635,498,137
"S01000802",770,589,181
"S01000803",965,780,185
"S01000804",843,681,162
"S01000805",793,575,218
"S01000806",808,580,228
"S01000807",734,404,330
"S01000808",713,491,222
"S01000809",562,361,201
"S01000810",731,497,234
"S01000811",792,707,85
"S01000812",1300,691,609
"S01000813",771,639,132
"S01000814",786,385,401
"S01000815",520,120,400
"S01000816",544,271,273
"S01000817",865,645,220
"S01000818",880,649,231
"S01000819",825,576,249
"S01000820",534,356,178
"S01000821",785,456,329
"S01000822",532,368,164
"S01000823",464,245,219
"S01000824",756,526,230
"S01000825",723,550,173
"S01000826",625,405,220
"S01000827",736,555,181
"S01000828",868,677,191
"S01000829",684,479,205
"S01000830",833,605,228
"S01000831",841,605,236
"S01000832",939,609,330
"S01000833",1158,845,313
"S01000834",980,592,388
"S01000835",774,356,418
"S01000836",785,164,621
"S01000837",984,307,677
"S01000838",623,481,142
"S01000839",1355,1057,298
"S01000840",686,217,469
"S01000841",988,261,727
"S01000842",867,736,131
"S01000843",901,648,253
"S01000844",774,458,316
"S01000845",540,437,103
"S01000846",680,188,492
"S01000847",974,564,410
"S01000848",651,525,126
"S01000849",479,315,164
"S01000850",699,271,428
"S01000851",714,635,79
"S01000852",717,436,281
"S01000853",554,319,235
"S01000854",846,336,510
"S01000855",669,537,132
"S01000856",512,283,229
"S01000857",507,324,183
"S01000858",910,791,119
"S01000859",1129,960,169
"S01000860",853,342,511
"S01000861",643,472,171
"S01000862",523,438,85
"S01000863",542,352,190
"S01000864",1172,935,237
"S01000865",1033,624,409
"S01000866",853,455,398
"S01000867",895,366,529
"S01000868",703,238,465
"S01000869",595,181,414
"S01000870",865,354,511
"S01000871",782,609,173
"S01000872",798,576,222
"S01000873",2440,1881,559
"S01000874",496,219,277
"S01000875",1427,1090,337
"S01000876",668,496,172
"S01000877",674,258,416
"S01000878",554,512,42
"S01000879",936,816,120
"S01000880",787,713,74
"S01000881",642,363,279
"S01000882",887,557,330
"S01000883",813,560,253
"S01000884",550,437,113
"S01000885",478,460,18
"S01000886",645,446,199
"S01000887",723,559,164
"S01000888",658,387,271
"S01000889",686,485,201
"S01000890",746,452,294
"S01000891",856,663,193
"S01000892",541,488,53
"S01000893",625,582,43
"S01000894",493,379,114
"S01000895",916,729,187
"S01000896",485,427,58
"S01000897",678,459,219
"S01000898",526,348,178
"S01000899",829,407,422
"S01000900",626,452,174
"S01000901",603,284,319
"S01000902",943,668,275
"S01000903",997,644,353
"S01000904",696,456,240
"S01000905",690,385,305
"S01000906",504,355,149
"S01000907",734,391,343
"S01000908",735,382,353
"S01000909",897,604,293
"S01000910",842,491,351
"S01000911",1031,800,231
"S01000912",653,460,193
"S01000913",611,388,223
"S01000914",695,582,113
"S01000915",900,642,258
"S01000916",1044,695,349
"S01000917",677,436,241
"S01000918",550,391,159
"S01000919",631,391,240
"S01000920",597,362,235
"S01000921",661,334,327
"S01000922",920,494,426
"S01000923",862,547,315
"S01000924",861,492,369
"S01000925",1005,670,335
"S01000926",953,564,389
"S01000927",883,579,304
"S01000928",978,651,327
"S01000929",481,90,391
"S01000930",540,97,443
"S01000931",654,327,327
"S01000932",992,657,335
"S01000933",1032,654,378
"S01000934",893,414,479
"S01000935",767,538,229
"S01000936",856,627,229
"S01000937",548,301,247
"S01000938",783,537,246
"S01000939",738,511,227
"S01000940",848,707,141
"S01000941",478,287,191
"S01000942",975,513,462
"S01000943",830,745,85
"S01000944",819,553,266
"S01000945",737,453,284
"S01000946",775,504,271
"S01000947",685,483,202
"S01000948",844,660,184
"S01000949",610,514,96
"S01000950",772,490,282
"S01000951",858,493,365
"S01000952",866,631,235
"S01000953",874,796,78
"S01000954",1102,672,430
"S01000955",627,542,85
"S01000956",851,364,487
"S01000957",540,358,182
"S01000958",797,523,274
"S01000959",697,590,107
"S01000960",527,371,156
"S01000961",841,655,186
"S01000962",652,421,231
"S01000963",843,471,372
"S01000964",984,759,225
"S01000965",642,202,440
"S01000966",1041,629,412
"S01000967",578,328,250
"S01000968",977,630,347
"S01000969",908,555,353
"S01000970",788,489,299
"S01000971",729,311,418
"S01000972",916,845,71
"S01000973",660,454,206
"S01000974",1219,1099,120
"S01000975",646,461,185
"S01000976",505,362,143
"S01000977",900,722,178
"S01000978",820,511,309
"S01000979",703,467,236
"S01000980",672,441,231
"S01000981",681,551,130
"S01000982",711,591,120
"S01000983",533,394,139
"S01000984",620,399,221
"S01000985",714,364,350
"S01000986",588,402,186
"S01000987",627,462,165
"S01000988",565,463,102
"S01000989",809,683,126
"S01000990",808,517,291
"S01000991",428,273,155
"S01000992",1047,814,233
"S01000993",799,658,141
"S01000994",1050,604,446
"S01000995",778,705,73
"S01000996",1037,772,265
"S01000997",891,837,54
"S01000998",694,278,416
"S01000999",650,572,78
"S01001000",574,402,172
"S01001001",549,383,166
"S01001002",631,500,131
"S01001003",828,746,82
"S01001004",661,615,46
"S01001005",844,724,120
"S01001006",702,649,53
"S01001007",917,479,438
"S01001008",751,509,242
"S01001009",614,506,108
"S01001010",917,379,538
"S01001011",585,338,247
"S01001012",731,672,59
"S01001013",699,501,198
"S01001014",842,282,560
"S01001015",456,250,206
"S01001016",821,610,211
"S01001017",858,465,393
"S01001018",798,503,295
"S01001019",1048,289,759
"S01001020",548,309,239
"S01001021",1012,722,290
"S01001022",794,530,264
"S01001023",998,559,439
"S01001024",1777,1336,441
"S01001025",1260,1059,201
"S01001026",886,698,188
"S01001027",906,762,144
"S01001028",774,395,379
"S01001029",754,275,479
"S01001030",715,657,58
"S01001031",957,561,396
"S01001032",692,240,452
"S01001033",695,280,415
"S01001034",718,190,528
"S01001035",509,270,239
"S01001036",663,222,441
"S01001037",854,419,435
"S01001038",772,657,115
"S01001039",539,366,173
"S01001040",696,542,154
"S01001041",680,495,185
"S01001042",991,846,145
"S01001043",664,593,71
"S01001044",915,595,320
"S01001045",656,583,73
"S01001046",847,617,230
"S01001047",818,629,189
"S01001048",579,515,64
"S01001049",629,405,224
"S01001050",949,629,320
"S01001051",638,394,244
"S01001052",519,295,224
"S01001053",763,603,160
"S01001054",711,450,261
"S01001055",819,534,285
"S01001056",711,467,244
"S01001057",602,285,317
"S01001058",768,511,257
"S01001059",660,292,368
"S01001060",706,403,303
"S01001061",729,460,269
"S01001062",588,444,144
"S01001063",884,628,256
"S01001064",717,518,199
"S01001065",756,488,268
"S01001066",772,514,258
"S01001067",780,484,296
"S01001068",856,631,225
"S01001069",856,606,250
"S01001070",889,553,336
"S01001071",690,494,196
"S01001072",896,434,462
"S01001073",1122,807,315
"S01001074",490,262,228
"S01001075",896,583,313
"S01001076",851,491,360
"S01001077",913,568,345
"S01001078",955,521,434
"S01001079",552,301,251
"S01001080",722,561,161
"S01001081",580,354,226
"S01001082",925,665,260
"S01001083",807,546,261
"S01001084",934,689,245
"S01001085",833,456,377
"S01001086",748,278,470
"S01001087",476,272,204
"S01001088",1009,487,522
"S01001089",883,585,298
"S01001090",869,538,331
"S01001091",579,204,375
"S01001092",1015,304,711
"S01001093",835,239,596
"S01001094",882,691,191
"S01001095",662,69,593
"S01001096",939,209,730
"S01001097",665,514,151
"S01001098",638,575,63
"S01001099",1453,182,1271
"S01001100",963,307,656
"S01001101",1316,122,1194
"S01001102",351,26,325
"S01001103",701,469,232
"S01001104",800,108,692
"S01001105",781,735,46
"S01001106",906,769,137
"S01001107",948,336,612
"S01001108",1665,322,1343
"S01001109",1220,322,898
"S01001110",808,180,628
"S01001111",1056,206,850
"S01001112",761,441,320
"S01001113",961,170,791
"S01001114",907,173,734
"S01001115",742,307,435
"S01001116",528,295,233
"S01001117",539,172,367
"S01001118",522,409,113
"S01001119",951,415,536
"S01001120",649,439,210
"S01001121",644,224,420
"S01001122",644,262,382
"S01001123",971,769,202
"S01001124",624,419,205
"S01001125",363,175,188
"S01001126",845,744,101
"S01001127",762,476,286
"S01001128",644,616,28
"S01001129",935,408,527
"S01001130",762,410,352
"S01001131",472,213,259
"S01001132",695,482,213
"S01001133",1062,566,496
"S01001134",849,725,124
"S01001135",342,106,236
"S01001136",1007,220,787
"S01001137",967,223,744
"S01001138",1406,467,939
"S01001139",753,393,360
"S01001140",924,431,493
"S01001141",516,149,367
"S01001142",899,758,141
"S01001143",737,671,66
"S01001144",711,338,373
"S01001145",579,311,268
"S01001146",778,743,35
"S01001147",694,175,519
"S01001148",708,640,68
"S01001149",637,355,282
"S01001150",770,226,544
"S01001151",578,110,468
"S01001152",928,438,490
"S01001153",730,549,181
"S01001154",738,640,98
"S01001155",588,545,43
"S01001156",772,212,560
"S01001157",756,711,45
"S01001158",591,335,256
"S01001159",689,565,124
"S01001160",545,254,291
"S01001161",541,432,109
"S01001162",821,656,165
"S01001163",723,173,550
"S01001164",629,310,319
"S01001165",786,272,514
"S01001166",274,36,238
"S01001167",794,718,76
"S01001168",764,221,543
"S01001169",1075,325,750
"S01001170",819,219,600
"S01001171",583,371,212
"S01001172",583,202,381
"S01001173",934,447,487
"S01001174",643,133,510
"S01001175",903,347,556
"S01001176",843,609,234
"S01001177",883,289,594
"S01001178",792,443,349
"S01001179",914,862,52
"S01001180",689,210,479
"S01001181",840,781,59
"S01001182",895,469,426
"S01001183",840,257,583
"S01001184",853,702,151
"S01001185",532,514,18
"S01001186",709,642,67
"S01001187",917,379,538
"S01001188",773,255,518
"S01001189",964,527,437
"S01001190",683,637,46
"S01001191",667,353,314
"S01001192",952,300,652
"S01001193",827,701,126
"S01001194",884,833,51
"S01001195",939,651,288
"S01001196",960,362,598
"S01001197",535,271,264
"S01001198",744,433,311
"S01001199",884,422,462
"S01001200",1087,227,860
"S01001201",667,262,405
"S01001202",629,306,323
"S01001203",766,292,474
"S01001204",734,705,29
"S01001205",723,594,129
"S01001206",730,315,415
"S01001207",754,398,356
"S01001208",573,167,406
"S01001209",547,480,67
"S01001210",877,365,512
"S01001211",1013,845,168
"S01001212",590,160,430
"S01001213",833,227,606
"S01001214",705,427,278
"S01001215",727,630,97
"S01001216",889,478,411
"S01001217",1147,315,832
"S01001218",812,722,90
"S01001219",740,666,74
"S01001220",505,254,251
"S01001221",1366,1161,205
"S01001222",1019,312,707
"S01001223",701,622,79
"S01001224",913,353,560
"S01001225",919,857,62
"S01001226",486,159,327
"S01001227",707,621,86
"S01001228",734,584,150
"S01001229",696,630,66
"S01001230",782,232,550
"S01001231",634,360,274
"S01001232",2362,2207,155
"S01001233",959,291,668
"S01001234",492,102,390
"S01001235",848,523,325
"S01001236",883,422,461
"S01001237",552,428,124
"S01001238",522,223,299
"S01001239",603,119,484
"S01001240",763,469,294
"S01001241",606,366,240
"S01001242",899,692,207
"S01001243",1165,416,749
"S01001244",838,518,320
"S01001245",850,223,627
"S01001246",954,675,279
"S01001247",565,409,156
"S01001248",795,711,84
"S01001249",676,366,310
"S01001250",879,595,284
"S01001251",548,242,306
"S01001252",567,399,168
"S01001253",708,27,681
"S01001254",674,433,241
"S01001255",871,475,396
"S01001256",701,430,271
"S01001257",799,319,480
"S01001258",624,80,544
"S01001259",803,676,127
"S01001260",895,93,802
"S01001261",895,294,601
"S01001262",856,784,72
"S01001263",449,351,98
"S01001264",1931,1675,256
"S01001265",586,545,41
"S01001266",753,607,146
"S01001267",938,578,360
"S01001268",669,580,89
"S01001269",505,389,116
"S01001270",669,176,493
"S01001271",705,179,526
"S01001272",639,422,217
"S01001273",723,414,309
"S01001274",764,352,412
"S01001275",598,299,299
"S01001276",607,484,123
"S01001277",773,488,285
"S01001278",382,321,61
"S01001279",687,247,440
"S01001280",536,298,238
"S01001281",724,327,397
"S01001282",752,567,185
"S01001283",526,373,153
"S01001284",1009,695,314
"S01001285",656,349,307
"S01001286",468,303,165
"S01001287",793,340,453
"S01001288",920,514,406
"S01001289",705,489,216
"S01001290",646,440,206
"S01001291",401,250,151
"S01001292",803,374,429
"S01001293",757,513,244
"S01001294",628,305,323
"S01001295",810,532,278
"S01001296",616,270,346
"S01001297",835,536,299
"S01001298",808,516,292
"S01001299",811,528,283
"S01001300",1484,1169,315
"S01001301",549,251,298
"S01001302",788,693,95
"S01001303",615,546,69
"S01001304",1318,1181,137
"S01001305",737,537,200
"S01001306",711,331,380
"S01001307",1143,862,281
"S01001308",922,389,533
"S01001309",644,249,395
"S01001310",742,313,429
"S01001311",639,436,203
"S01001312",730,269,461
"S01001313",867,611,256
"S01001314",738,582,156
"S01001315",1019,897,122
"S01001316",883,362,521
"S01001317",916,631,285
"S01001318",542,415,127
"S01001319",645,401,244
"S01001320",867,454,413
"S01001321",578,399,179
"S01001322",787,568,219
"S01001323",597,350,247
"S01001324",1003,158,845
"S01001325",738,213,525
"S01001326",869,616,253
"S01001327",791,368,423
"S01001328",878,331,547
"S01001329",576,284,292
"S01001330",816,790,26
"S01001331",840,534,306
"S01001332",874,504,370
"S01001333",784,368,416
"S01001334",833,424,409
"S01001335",927,499,428
"S01001336",828,536,292
"S01001337",760,660,100
"S01001338",728,295,433
"S01001339",755,573,182
"S01001340",745,389,356
"S01001341",809,388,421
"S01001342",928,544,384
"S01001343",938,607,331
"S01001344",751,634,117
"S01001345",617,296,321
"S01001346",709,596,113
"S01001347",728,692,36
"S01001348",655,391,264
"S01001349",792,606,186
"S01001350",660,297,363
"S01001351",449,380,69
"S01001352",761,674,87
"S01001353",1419,1323,96
"S01001354",780,522,258
"S01001355",756,593,163
"S01001356",634,553,81
"S01001357",703,355,348
"S01001358",915,617,298
"S01001359",695,627,68
"S01001360",1168,818,350
"S01001361",645,498,147
"S01001362",547,505,42
"S01001363",559,303,256
"S01001364",850,546,304
"S01001365",607,349,258
"S01001366",879,821,58
"S01001367",701,548,153
"S01001368",1173,988,185
"S01001369",933,668,265
"S01001370",829,689,140
"S01001371",605,346,259
"S01001372",685,647,38
"S01001373",602,429,173
"S01001374",514,448,66
"S01001375",631,587,44
"S01001376",760,407,353
"S01001377",777,366,411
"S01001378",622,481,141
"S01001379",1026,673,353
"S01001380",781,481,300
"S01001381",825,638,187
"S01001382",657,186,471
"S01001383",563,346,217
"S01001384",923,463,460
"S01001385",776,404,372
"S01001386",858,452,406
"S01001387",909,635,274
"S01001388",1430,399,1031
"S01001389",484,337,147
"S01001390",759,631,128
"S01001391",722,404,318
"S01001392",786,147,639
"S01001393",506,441,65
"S01001394",430,163,267
"S01001395",928,671,257
"S01001396",718,399,319
"S01001397",781,232,549
"S01001398",780,713,67
"S01001399",858,242,616
"S01001400",868,323,545
"S01001401",656,314,342
"S01001402",818,755,63
"S01001403",1249,1149,100
"S01001404",657,607,50
"S01001405",1167,1053,114
"S01001406",2581,2192,389
"S01001407",788,617,171
"S01001408",881,539,342
"S01001409",890,640,250
"S01001410",998,839,159
"S01001411",617,540,77
"S01001412",896,452,444
"S01001413",890,773,117
"S01001414",642,393,249
"S01001415",803,451,352
"S01001416",720,505,215
"S01001417",923,803,120
"S01001418",831,785,46
"S01001419",779,655,124
"S01001420",1185,1052,133
"S01001421",1124,829,295
"S01001422",722,641,81
"S01001423",790,649,141
"S01001424",1072,638,434
"S01001425",1694,1316,378
"S01001426",749,657,92
"S01001427",881,832,49
"S01001428",864,578,286
"S01001429",610,380,230
"S01001430",946,857,89
"S01001431",940,858,82
"S01001432",655,624,31
"S01001433",816,797,19
"S01001434",869,809,60
"S01001435",1018,968,50
"S01001436",972,938,34
"S01001437",891,829,62
"S01001438",613,574,39
"S01001439",750,711,39
"S01001440",878,854,24
"S01001441",790,758,32
"S01001442",685,666,19
"S01001443",932,872,60
"S01001444",913,815,98
"S01001445",702,660,42
"S01001446",908,870,38
"S01001447",1240,1111,129
"S01001448",744,664,80
"S01001449",599,572,27
"S01001450",809,761,48
"S01001451",699,661,38
"S01001452",820,767,53
"S01001453",835,801,34
"S01001454",914,850,64
"S01001455",771,710,61
"S01001456",624,577,47
"S01001457",904,827,77
"S01001458",917,837,80
"S01001459",905,869,36
"S01001460",653,631,22
"S01001461",856,824,32
"S01001462",831,800,31
"S01001463",516,488,28
"S01001464",881,801,80
"S01001465",691,649,42
"S01001466",727,693,34
"S01001467",812,793,19
"S01001468",667,638,29
"S01001469",860,781,79
"S01001470",937,906,31
"S01001471",752,699,53
"S01001472",800,720,80
"S01001473",769,639,130
"S01001474",882,735,147
"S01001475",610,581,29
"S01001476",993,957,36
"S01001477",933,882,51
"S01001478",662,655,7
"S01001479",635,512,123
"S01001480",489,455,34
"S01001481",874,834,40
"S01001482",701,375,326
"S01001483",1049,1011,38
"S01001484",829,802,27
"S01001485",614,578,36
"S01001486",755,695,60
"S01001487",665,358,307
"S01001488",872,816,56
"S01001489",704,671,33
"S01001490",955,575,380
"S01001491",884,844,40
"S01001492",899,577,322
"S01001493",880,807,73
"S01001494",891,554,337
"S01001495",618,579,39
"S01001496",936,853,83
"S01001497",766,410,356
"S01001498",678,652,26
"S01001499",1091,916,175
"S01001500",583,279,304
"S01001501",858,830,28
"S01001502",840,810,30
"S01001503",802,777,25
"S01001504",875,635,240
"S01001505",1025,960,65
"S01001506",602,449,153
"S01001507",895,837,58
"S01001508",903,857,46
"S01001509",814,530,284
"S01001510",630,413,217
"S01001511",575,554,21
"S01001512",852,268,584
"S01001513",900,197,703
"S01001514",747,620,127
"S01001515",697,661,36
"S01001516",704,489,215
"S01001517",847,490,357
"S01001518",1014,580,434
"S01001519",959,883,76
"S01001520",707,512,195
"S01001521",977,821,156
"S01001522",1057,636,421
"S01001523",790,765,25
"S01001524",941,632,309
"S01001525",788,579,209
"S01001526",627,548,79
"S01001527",898,643,255
"S01001528",973,915,58
"S01001529",707,558,149
"S01001530",761,467,294
"S01001531",1105,800,305
"S01001532",597,533,64
"S01001533",962,910,52
"S01001534",669,650,19
"S01001535",853,734,119
"S01001536",808,424,384
"S01001537",499,236,263
"S01001538",814,709,105
"S01001539",795,752,43
"S01001540",810,744,66
"S01001541",828,730,98
"S01001542",670,587,83
"S01001543",746,640,106
"S01001544",919,664,255
"S01001545",715,685,30
"S01001546",987,428,559
"S01001547",942,541,401
"S01001548",1035,915,120
"S01001549",993,740,253
"S01001550",789,582,207
"S01001551",936,544,392
"S01001552",864,517,347
"S01001553",883,633,250
"S01001554",992,804,188
"S01001555",758,380,378
"S01001556",845,579,266
"S01001557",933,745,188
"S01001558",829,484,345
"S01001559",387,227,160
"S01001560",650,377,273
"S01001561",1322,1025,297
"S01001562",2633,1909,724
"S01001563",575,517,58
"S01001564",557,427,130
"S01001565",733,415,318
"S01001566",664,567,97
"S01001567",907,798,109
"S01001568",727,599,128
"S01001569",811,689,122
"S01001570",512,490,22
"S01001571",724,307,417
"S01001572",532,467,65
"S01001573",658,407,251
"S01001574",877,426,451
"S01001575",750,509,241
"S01001576",597,330,267
"S01001577",714,515,199
"S01001578",756,435,321
"S01001579",816,402,414
"S01001580",565,431,134
"S01001581",640,529,111
"S01001582",711,436,275
"S01001583",478,265,213
"S01001584",776,504,272
"S01001585",920,428,492
"S01001586",473,447,26
"S01001587",755,354,401
"S01001588",796,393,403
"S01001589",819,396,423
"S01001590",642,498,144
"S01001591",641,316,325
"S01001592",796,399,397
"S01001593",773,460,313
"S01001594",798,476,322
"S01001595",718,229,489
"S01001596",790,586,204
"S01001597",628,389,239
"S01001598",678,616,62
"S01001599",924,540,384
"S01001600",1012,594,418
"S01001601",1190,932,258
"S01001602",639,510,129
"S01001603",933,607,326
"S01001604",644,267,377
"S01001605",760,529,231
"S01001606",617,335,282
"S01001607",2601,2071,530
"S01001608",809,676,133
"S01001609",901,479,422
"S01001610",777,501,276
"S01001611",1024,752,272
"S01001612",825,711,114
"S01001613",776,246,530
"S01001614",642,383,259
"S01001615",780,385,395
"S01001616",754,698,56
"S01001617",628,262,366
"S01001618",939,622,317
"S01001619",693,410,283
"S01001620",875,522,353
"S01001621",680,396,284
"S01001622",838,378,460
"S01001623",755,467,288
"S01001624",973,625,348
"S01001625",797,356,441
"S01001626",725,524,201
"S01001627",1394,891,503
"S01001628",618,230,388
"S01001629",567,388,179
"S01001630",556,213,343
"S01001631",1415,1105,310
"S01001632",583,518,65
"S01001633",885,796,89
"S01001634",1029,900,129
"S01001635",735,573,162
"S01001636",515,487,28
"S01001637",693,596,97
"S01001638",887,608,279
"S01001639",704,456,248
"S01001640",648,616,32
"S01001641",1566,1258,308
"S01001642",900,561,339
"S01001643",733,517,216
"S01001644",1768,1256,512
"S01001645",936,653,283
"S01001646",612,379,233
"S01001647",645,554,91
"S01001648",724,418,306
"S01001649",754,340,414
"S01001650",737,464,273
"S01001651",899,631,268
"S01001652",774,624,150
"S01001653",617,330,287
"S01001654",936,683,253
"S01001655",574,424,150
"S01001656",1311,853,458
"S01001657",502,338,164
"S01001658",1002,764,238
"S01001659",706,625,81
"S01001660",678,587,91
"S01001661",808,542,266
"S01001662",729,452,277
"S01001663",841,718,123
"S01001664",557,487,70
"S01001665",808,705,103
"S01001666",558,405,153
"S01001667",785,664,121
"S01001668",827,736,91
"S01001669",664,370,294
"S01001670",639,597,42
"S01001671",516,491,25
"S01001672",583,418,165
"S01001673",662,622,40
"S01001674",697,494,203
"S01001675",706,653,53
"S01001676",1223,1123,100
"S01001677",844,812,32
"S01001678",832,800,32
"S01001679",890,852,38
"S01001680",589,563,26
"S01001681",674,635,39
"S01001682",601,567,34
"S01001683",734,688,46
"S01001684",516,474,42
"S01001685",763,569,194
"S01001686",893,855,38
"S01001687",980,881,99
"S01001688",956,841,115
"S01001689",674,645,29
"S01001690",906,765,141
"S01001691",848,837,11
"S01001692",662,502,160
"S01001693",876,825,51
"S01001694",657,589,68
"S01001695",761,691,70
"S01001696",739,666,73
"S01001697",853,699,154
"S01001698",529,438,91
"S01001699",700,689,11
"S01001700",1023,991,32
"S01001701",897,681,216
"S01001702",943,800,143
"S01001703",822,758,64
"S01001704",916,884,32
"S01001705",629,592,37
"S01001706",789,775,14
"S01001707",727,464,263
"S01001708",884,799,85
"S01001709",602,512,90
"S01001710",692,612,80
"S01001711",790,757,33
"S01001712",458,404,54
"S01001713",871,821,50
"S01001714",705,659,46
"S01001715",883,842,41
"S01001716",846,536,310
"S01001717",808,786,22
"S01001718",550,514,36
"S01001719",795,787,8
"S01001720",699,646,53
"S01001721",731,688,43
"S01001722",746,695,51
"S01001723",872,818,54
"S01001724",813,365,448
"S01001725",779,537,242
"S01001726",649,639,10
"S01001727",1015,924,91
"S01001728",649,649,0
"S01001729",968,943,25
"S01001730",650,637,13
"S01001731",674,653,21
"S01001732",571,520,51
"S01001733",858,738,120
"S01001734",530,518,12
"S01001735",480,469,11
"S01001736",1092,1051,41
"S01001737",609,575,34
"S01001738",610,602,8
"S01001739",637,595,42
"S01001740",745,669,76
"S01001741",651,398,253
"S01001742",764,424,340
"S01001743",990,492,498
"S01001744",546,516,30
"S01001745",795,759,36
"S01001746",886,838,48
"S01001747",857,616,241
"S01001748",619,612,7
"S01001749",739,519,220
"S01001750",633,513,120
"S01001751",963,660,303
"S01001752",935,902,33
"S01001753",799,398,401
"S01001754",771,745,26
"S01001755",1062,915,147
"S01001756",621,561,60
"S01001757",757,616,141
"S01001758",785,684,101
"S01001759",684,229,455
"S01001760",797,570,227
"S01001761",706,335,371
"S01001762",966,737,229
"S01001763",832,814,18
"S01001764",531,516,15
"S01001765",949,684,265
"S01001766",651,582,69
"S01001767",587,534,53
"S01001768",604,547,57
"S01001769",626,610,16
"S01001770",566,158,408
"S01001771",841,720,121
"S01001772",522,415,107
"S01001773",941,628,313
"S01001774",667,608,59
"S01001775",836,793,43
"S01001776",624,438,186
"S01001777",906,878,28
"S01001778",834,461,373
"S01001779",536,496,40
"S01001780",832,625,207
"S01001781",690,651,39
"S01001782",968,934,34
"S01001783",598,160,438
"S01001784",589,538,51
"S01001785",611,580,31
"S01001786",589,533,56
"S01001787",566,532,34
"S01001788",791,757,34
"S01001789",738,457,281
"S01001790",692,601,91
"S01001791",726,635,91
"S01001792",684,610,74
"S01001793",878,719,159
"S01001794",948,823,125
"S01001795",437,350,87
"S01001796",835,811,24
"S01001797",676,523,153
"S01001798",806,789,17
"S01001799",1090,336,754
"S01001800",942,865,77
"S01001801",1008,891,117
"S01001802",835,656,179
"S01001803",1010,870,140
"S01001804",948,750,198
"S01001805",699,553,146
"S01001806",666,577,89
"S01001807",841,791,50
"S01001808",523,375,148
"S01001809",1027,286,741
"S01001810",876,745,131
"S01001811",673,641,32
"S01001812",898,832,66
"S01001813",709,680,29
"S01001814",723,497,226
"S01001815",842,760,82
"S01001816",1112,1043,69
"S01001817",699,416,283
"S01001818",752,728,24
"S01001819",997,932,65
"S01001820",778,359,419
"S01001821",541,110,431
"S01001822",969,869,100
"S01001823",914,331,583
"S01001824",739,559,180
"S01001825",798,691,107
"S01001826",675,143,532
"S01001827",805,433,372
"S01001828",750,712,38
"S01001829",708,528,180
"S01001830",942,901,41
"S01001831",724,544,180
"S01001832",715,447,268
"S01001833",1145,1050,95
"S01001834",587,409,178
"S01001835",623,432,191
"S01001836",836,759,77
"S01001837",896,828,68
"S01001838",674,380,294
"S01001839",912,474,438
"S01001840",701,660,41
"S01001841",720,513,207
"S01001842",727,665,62
"S01001843",724,354,370
"S01001844",955,869,86
"S01001845",780,733,47
"S01001846",886,831,55
"S01001847",928,471,457
"S01001848",748,386,362
"S01001849",582,532,50
"S01001850",726,528,198
"S01001851",819,709,110
"S01001852",766,713,53
"S01001853",724,684,40
"S01001854",1026,397,629
"S01001855",801,715,86
"S01001856",840,269,571
"S01001857",672,451,221
"S01001858",792,716,76
"S01001859",1064,618,446
"S01001860",781,736,45
"S01001861",798,356,442
"S01001862",801,744,57
"S01001863",807,764,43
"S01001864",1350,308,1042
"S01001865",699,87,612
"S01001866",675,620,55
"S01001867",744,413,331
"S01001868",639,573,66
"S01001869",820,706,114
"S01001870",961,312,649
"S01001871",1696,1362,334
"S01001872",817,589,228
"S01001873",741,693,48
"S01001874",1137,193,944
"S01001875",902,863,39
"S01001876",1020,635,385
"S01001877",951,163,788
"S01001878",1076,1011,65
"S01001879",640,77,563
"S01001880",741,227,514
"S01001881",755,678,77
"S01001882",793,590,203
"S01001883",532,464,68
"S01001884",894,504,390
"S01001885",1174,1141,33
"S01001886",564,57,507
"S01001887",830,540,290
"S01001888",879,803,76
"S01001889",542,393,149
"S01001890",994,564,430
"S01001891",713,393,320
"S01001892",973,280,693
"S01001893",1000,294,706
"S01001894",805,144,661
"S01001895",857,433,424
"S01001896",809,734,75
"S01001897",914,250,664
"S01001898",616,267,349
"S01001899",785,609,176
"S01001900",754,598,156
"S01001901",877,756,121
"S01001902",919,729,190
"S01001903",598,356,242
"S01001904",598,334,264
"S01001905",905,725,180
"S01001906",700,231,469
"S01001907",811,489,322
"S01001908",754,631,123
"S01001909",670,199,471
"S01001910",744,499,245
"S01001911",747,685,62
"S01001912",742,489,253
"S01001913",1015,606,409
"S01001914",566,508,58
"S01001915",904,801,103
"S01001916",860,467,393
"S01001917",695,630,65
"S01001918",901,463,438
"S01001919",850,632,218
"S01001920",760,502,258
"S01001921",607,365,242
"S01001922",804,708,96
"S01001923",577,353,224
"S01001924",775,644,131
"S01001925",776,718,58
"S01001926",615,336,279
"S01001927",900,764,136
"S01001928",711,399,312
"S01001929",994,843,151
"S01001930",786,396,390
"S01001931",728,286,442
"S01001932",983,594,389
"S01001933",847,751,96
"S01001934",1523,935,588
"S01001935",859,89,770
"S01001936",1149,874,275
"S01001937",867,606,261
"S01001938",581,339,242
"S01001939",556,270,286
"S01001940",807,599,208
"S01001941",961,745,216
"S01001942",571,336,235
"S01001943",714,330,384
"S01001944",683,568,115
"S01001945",706,597,109
"S01001946",858,172,686
"S01001947",928,729,199
"S01001948",862,206,656
"S01001949",700,286,414
"S01001950",893,572,321
"S01001951",842,401,441
"S01001952",763,587,176
"S01001953",861,547,314
"S01001954",440,330,110
"S01001955",1137,490,647
"S01001956",763,324,439
"S01001957",494,142,352
"S01001958",852,371,481
"S01001959",562,393,169
"S01001960",896,590,306
"S01001961",1107,792,315
"S01001962",905,604,301
"S01001963",914,428,486
"S01001964",737,560,177
"S01001965",755,419,336
"S01001966",1545,412,1133
"S01001967",650,444,206
"S01001968",788,568,220
"S01001969",620,406,214
"S01001970",628,528,100
"S01001971",779,269,510
"S01001972",711,579,132
"S01001973",679,562,117
"S01001974",824,560,264
"S01001975",848,616,232
"S01001976",812,354,458
"S01001977",803,362,441
"S01001978",1395,365,1030
"S01001979",679,428,251
"S01001980",833,486,347
"S01001981",863,455,408
"S01001982",396,89,307
"S01001983",702,374,328
"S01001984",944,430,514
"S01001985",764,548,216
"S01001986",635,246,389
"S01001987",829,291,538
"S01001988",801,552,249
"S01001989",880,758,122
"S01001990",869,463,406
"S01001991",834,555,279
"S01001992",797,470,327
"S01001993",727,519,208
"S01001994",755,483,272
"S01001995",653,490,163
"S01001996",825,330,495
"S01001997",793,421,372
"S01001998",743,526,217
"S01001999",739,233,506
"S01002000",768,555,213
"S01002001",786,321,465
"S01002002",733,245,488
"S01002003",850,675,175
"S01002004",812,419,393
"S01002005",773,410,363
"S01002006",888,724,164
"S01002007",956,340,616
"S01002008",932,508,424
"S01002009",831,394,437
"S01002010",520,208,312
"S01002011",1057,914,143
"S01002012",825,439,386
"S01002013",798,450,348
"S01002014",846,359,487
"S01002015",822,788,34
"S01002016",589,312,277
"S01002017",1038,287,751
"S01002018",802,735,67
"S01002019",815,258,557
"S01002020",280,71,209
"S01002021",1002,536,466
"S01002022",984,732,252
"S01002023",776,373,403
"S01002024",702,421,281
"S01002025",841,364,477
"S01002026",663,617,46
"S01002027",1135,270,865
"S01002028",752,245,507
"S01002029",770,266,504
"S01002030",731,311,420
"S01002031",688,297,391
"S01002032",769,337,432
"S01002033",764,301,463
"S01002034",779,188,591
"S01002035",730,589,141
"S01002036",891,306,585
"S01002037",677,182,495
"S01002038",517,254,263
"S01002039",694,536,158
"S01002040",610,201,409
"S01002041",866,471,395
"S01002042",958,701,257
"S01002043",719,550,169
"S01002044",635,171,464
"S01002045",941,625,316
"S01002046",567,151,416
"S01002047",798,269,529
"S01002048",757,162,595
"S01002049",1121,357,764
"S01002050",734,659,75
"S01002051",763,474,289
"S01002052",875,263,612
"S01002053",770,261,509
"S01002054",557,246,311
"S01002055",866,794,72
"S01002056",907,668,239
"S01002057",896,793,103
"S01002058",761,263,498
"S01002059",684,162,522
"S01002060",751,176,575
"S01002061",705,252,453
"S01002062",554,349,205
"S01002063",941,308,633
"S01002064",1130,277,853
"S01002065",725,296,429
"S01002066",1064,290,774
"S01002067",885,601,284
"S01002068",937,293,644
"S01002069",595,498,97
"S01002070",658,192,466
"S01002071",686,213,473
"S01002072",1135,981,154
"S01002073",644,180,464
"S01002074",670,625,45
"S01002075",917,500,417
"S01002076",829,228,601
"S01002077",783,709,74
"S01002078",1068,788,280
"S01002079",825,223,602
"S01002080",996,912,84
"S01002081",664,210,454
"S01002082",848,481,367
"S01002083",545,328,217
"S01002084",796,240,556
"S01002085",512,77,435
"S01002086",597,93,504
"S01002087",1053,230,823
"S01002088",934,787,147
"S01002089",1014,913,101
"S01002090",1057,891,166
"S01002091",825,183,642
"S01002092",907,782,125
"S01002093",754,127,627
"S01002094",713,498,215
"S01002095",520,431,89
"S01002096",1441,1306,135
"S01002097",754,725,29
"S01002098",720,544,176
"S01002099",851,431,420
"S01002100",564,455,109
"S01002101",1048,252,796
"S01002102",620,320,300
"S01002103",616,562,54
"S01002104",992,179,813
"S01002105",879,820,59
"S01002106",784,140,644
"S01002107",507,452,55
"S01002108",721,126,595
"S01002109",936,213,723
"S01002110",688,532,156
"S01002111",1045,1005,40
"S01002112",1095,958,137
"S01002113",742,700,42
"S01002114",697,659,38
"S01002115",1031,604,427
"S01002116",887,648,239
"S01002117",705,152,553
"S01002118",877,113,764
"S01002119",594,416,178
"S01002120",715,619,96
"S01002121",651,515,136
"S01002122",869,787,82
"S01002123",997,940,57
"S01002124",953,837,116
"S01002125",1034,846,188
"S01002126",601,564,37
"S01002127",728,553,175
"S01002128",726,283,443
"S01002129",777,248,529
"S01002130",553,512,41
"S01002131",731,186,545
"S01002132",802,602,200
"S01002133",998,530,468
"S01002134",590,556,34
"S01002135",868,816,52
"S01002136",757,445,312
"S01002137",859,677,182
"S01002138",722,420,302
"S01002139",675,601,74
"S01002140",803,419,384
"S01002141",723,521,202
"S01002142",1088,958,130
"S01002143",731,583,148
"S01002144",706,654,52
"S01002145",992,572,420
"S01002146",1000,612,388
"S01002147",903,600,303
"S01002148",888,813,75
"S01002149",1018,590,428
"S01002150",703,522,181
"S01002151",1455,671,784
"S01002152",804,599,205
"S01002153",501,441,60
"S01002154",822,458,364
"S01002155",946,316,630
"S01002156",727,316,411
"S01002157",760,607,153
"S01002158",800,594,206
"S01002159",708,329,379
"S01002160",883,229,654
"S01002161",690,227,463
"S01002162",1010,636,374
"S01002163",1050,494,556
"S01002164",804,551,253
"S01002165",878,702,176
"S01002166",818,415,403
"S01002167",622,425,197
"S01002168",1021,432,589
"S01002169",850,492,358
"S01002170",839,520,319
"S01002171",603,497,106
"S01002172",703,660,43
"S01002173",971,694,277
"S01002174",882,494,388
"S01002175",990,523,467
"S01002176",765,623,142
"S01002177",798,479,319
"S01002178",877,396,481
"S01002179",667,601,66
"S01002180",573,269,304
"S01002181",793,547,246
"S01002182",765,408,357
"S01002183",860,380,480
"S01002184",763,736,27
"S01002185",941,381,560
"S01002186",733,380,353
"S01002187",908,417,491
"S01002188",766,659,107
"S01002189",663,343,320
"S01002190",829,392,437
"S01002191",787,305,482
"S01002192",876,672,204
"S01002193",899,848,51
"S01002194",816,599,217
"S01002195",1103,414,689
"S01002196",637,529,108
"S01002197",627,294,333
"S01002198",792,405,387
"S01002199",807,398,409
"S01002200",1096,968,128
"S01002201",1056,539,517
"S01002202",851,330,521
"S01002203",471,246,225
"S01002204",708,340,368
"S01002205",733,449,284
"S01002206",1019,380,639
"S01002207",807,721,86
"S01002208",680,321,359
"S01002209",936,403,533
"S01002210",552,365,187
"S01002211",638,216,422
"S01002212",1126,548,578
"S01002213",824,540,284
"S01002214",764,462,302
"S01002215",1050,944,106
"S01002216",1700,667,1033
"S01002217",1158,360,798
"S01002218",562,277,285
"S01002219",689,630,59
"S01002220",782,739,43
"S01002221",958,392,566
"S01002222",870,824,46
"S01002223",716,661,55
"S01002224",912,818,94
"S01002225",881,417,464
"S01002226",1073,704,369
"S01002227",823,402,421
"S01002228",983,893,90
"S01002229",720,688,32
"S01002230",1024,624,400
"S01002231",721,419,302
"S01002232",846,524,322
"S01002233",952,298,654
"S01002234",783,357,426
"S01002235",1009,584,425
"S01002236",948,592,356
"S01002237",1298,839,459
"S01002238",564,263,301
"S01002239",941,333,608
"S01002240",955,379,576
"S01002241",1012,492,520
"S01002242",797,691,106
"S01002243",841,457,384
"S01002244",926,473,453
"S01002245",2145,1012,1133
"S01002246",947,443,504
"S01002247",843,390,453
"S01002248",1078,850,228
"S01002249",960,385,575
"S01002250",925,739,186
"S01002251",880,777,103
"S01002252",697,568,129
"S01002253",962,664,298
"S01002254",908,399,509
"S01002255",1690,858,832
"S01002256",1134,823,311
"S01002257",714,565,149
"S01002258",888,204,684
"S01002259",542,432,110
"S01002260",870,805,65
"S01002261",1013,888,125
"S01002262",807,725,82
"S01002263",833,758,75
"S01002264",850,670,180
"S01002265",1661,580,1081
"S01002266",749,349,400
"S01002267",1073,439,634
"S01002268",750,692,58
"S01002269",985,730,255
"S01002270",1704,649,1055
"S01002271",813,687,126
"S01002272",775,534,241
"S01002273",774,448,326
"S01002274",1287,595,692
"S01002275",1478,592,886
"S01002276",826,792,34
"S01002277",929,386,543
"S01002278",1104,317,787
"S01002279",1505,287,1218
"S01002280",792,675,117
"S01002281",647,89,558
"S01002282",266,38,228
"S01002283",715,561,154
"S01002284",2021,1207,814
"S01002285",998,276,722
"S01002286",705,482,223
"S01002287",689,591,98
"S01002288",1302,515,787
"S01002289",1223,512,711
"S01002290",969,301,668
"S01002291",762,65,697
"S01002292",1113,475,638
"S01002293",797,547,250
"S01002294",626,526,100
"S01002295",727,630,97
"S01002297",868,649,219
"S01002298",712,597,115
"S01002299",781,711,70
"S01002300",774,687,87
"S01002301",2097,1131,966
"S01002302",982,183,799
"S01002303",785,405,380
"S01002304",1693,751,942
"S01002305",799,313,486
"S01002306",471,356,115
"S01002307",1086,418,668
"S01002308",961,757,204
"S01002309",749,294,455
"S01002310",991,328,663
"S01002311",881,755,126
"S01002312",681,186,495
"S01002313",726,659,67
"S01002314",882,692,190
"S01002315",569,471,98
"S01002316",698,652,46
"S01002317",3680,1615,2065
"S01002318",897,389,508
"S01002319",1085,434,651
"S01002320",610,511,99
"S01002321",1128,126,1002
"S01002322",650,429,221
"S01002323",767,558,209
"S01002324",755,161,594
"S01002325",1684,753,931
"S01002326",1019,539,480
"S01002327",807,433,374
"S01002328",730,640,90
"S01002329",680,586,94
"S01002330",766,579,187
"S01002331",701,542,159
"S01002332",869,804,65
"S01002333",752,694,58
"S01002334",960,835,125
"S01002335",916,728,188
"S01002336",1021,815,206
"S01002337",893,800,93
"S01002338",476,239,237
"S01002339",609,435,174
"S01002340",637,462,175
"S01002341",528,409,119
"S01002342",604,396,208
"S01002343",743,536,207
"S01002344",517,394,123
"S01002345",807,504,303
"S01002346",873,683,190
"S01002347",731,601,130
"S01002348",908,736,172
"S01002349",959,675,284
"S01002350",918,757,161
"S01002351",768,654,114
"S01002352",892,754,138
"S01002353",837,748,89
"S01002354",868,715,153
"S01002355",808,524,284
"S01002356",846,490,356
"S01002357",600,352,248
"S01002358",494,431,63
"S01002359",801,519,282
"S01002360",620,363,257
"S01002361",630,431,199
"S01002362",802,675,127
"S01002363",1081,776,305
"S01002364",656,315,341
"S01002365",616,529,87
"S01002366",893,662,231
"S01002367",1074,793,281
"S01002368",927,782,145
"S01002369",617,487,130
"S01002370",733,588,145
"S01002371",709,596,113
"S01002372",761,602,159
"S01002373",656,556,100
"S01002374",795,697,98
"S01002375",888,458,430
"S01002376",890,527,363
"S01002377",858,441,417
"S01002378",512,418,94
"S01002379",1164,775,389
"S01002380",810,533,277
"S01002381",895,553,342
"S01002382",633,287,346
"S01002383",525,477,48
"S01002384",520,315,205
"S01002385",776,385,391
"S01002386",1002,847,155
"S01002387",726,624,102
"S01002388",737,706,31
"S01002389",693,662,31
"S01002390",1121,991,130
"S01002391",1448,1358,90
"S01002392",1870,1706,164
"S01002393",1027,902,125
"S01002394",791,588,203
"S01002395",730,637,93
"S01002396",693,508,185
"S01002397",1252,1092,160
"S01002398",760,721,39
"S01002399",984,629,355
"S01002400",807,741,66
"S01002401",1141,1081,60
"S01002402",817,472,345
"S01002403",743,377,366
"S01002404",972,826,146
"S01002405",702,654,48
"S01002406",836,494,342
"S01002407",683,475,208
"S01002408",829,505,324
"S01002409",597,530,67
"S01002410",498,449,49
"S01002411",2675,2232,443
"S01002412",918,836,82
"S01002413",628,434,194
"S01002414",623,241,382
"S01002415",721,328,393
"S01002416",569,468,101
"S01002417",631,503,128
"S01002418",886,580,306
"S01002419",554,538,16
"S01002420",585,280,305
"S01002421",809,747,62
"S01002422",548,480,68
"S01002423",890,522,368
"S01002424",838,681,157
"S01002425",916,591,325
"S01002426",667,220,447
"S01002427",821,614,207
"S01002428",536,348,188
"S01002429",747,147,600
"S01002430",652,534,118
"S01002431",859,529,330
"S01002432",1450,1199,251
"S01002433",558,386,172
"S01002434",926,579,347
"S01002435",664,428,236
"S01002436",746,379,367
"S01002437",799,588,211
"S01002438",677,389,288
"S01002439",726,540,186
"S01002440",866,462,404
"S01002441",634,591,43
"S01002442",472,296,176
"S01002443",630,412,218
"S01002444",511,162,349
"S01002445",904,445,459
"S01002446",899,700,199
"S01002447",694,388,306
"S01002448",548,270,278
"S01002449",645,599,46
"S01002450",709,345,364
"S01002451",1003,719,284
"S01002452",538,275,263
"S01002453",688,566,122
"S01002454",725,615,110
"S01002455",553,394,159
"S01002456",969,432,537
"S01002457",750,475,275
"S01002458",931,472,459
"S01002459",501,265,236
"S01002460",839,360,479
"S01002461",478,461,17
"S01002462",700,374,326
"S01002463",895,411,484
"S01002464",574,395,179
"S01002465",712,646,66
"S01002466",1010,624,386
"S01002467",465,346,119
"S01002468",618,312,306
"S01002469",638,426,212
"S01002470",819,515,304
"S01002471",556,367,189
"S01002472",581,194,387
"S01002473",921,474,447
"S01002474",406,141,265
"S01002475",550,327,223
"S01002476",861,713,148
"S01002477",803,519,284
"S01002478",895,612,283
"S01002479",720,308,412
"S01002480",536,371,165
"S01002481",934,559,375
"S01002482",1021,326,695
"S01002483",672,198,474
"S01002484",810,423,387
"S01002485",830,704,126
"S01002486",604,188,416
"S01002487",481,279,202
"S01002488",647,238,409
"S01002489",600,255,345
"S01002490",567,414,153
"S01002491",476,265,211
"S01002492",942,827,115
"S01002493",920,693,227
"S01002494",627,545,82
"S01002495",627,347,280
"S01002496",1243,948,295
"S01002497",780,306,474
"S01002498",631,618,13
"S01002499",909,515,394
"S01002500",567,279,288
"S01002501",478,371,107
"S01002502",822,301,521
"S01002503",640,407,233
"S01002504",1369,1112,257
"S01002505",738,286,452
"S01002506",810,590,220
"S01002507",589,358,231
"S01002508",847,763,84
"S01002509",1121,755,366
"S01002510",958,807,151
"S01002511",483,390,93
"S01002512",633,260,373
"S01002513",1598,1327,271
"S01002514",532,298,234
"S01002515",602,301,301
"S01002516",763,557,206
"S01002517",583,394,189
"S01002518",1069,901,168
"S01002519",806,268,538
"S01002520",579,174,405
"S01002521",579,399,180
"S01002522",733,635,98
"S01002523",682,635,47
"S01002524",558,422,136
"S01002525",686,327,359
"S01002526",509,469,40
"S01002527",822,679,143
"S01002528",807,661,146
"S01002529",1147,631,516
"S01002530",647,384,263
"S01002531",811,590,221
"S01002532",693,426,267
"S01002533",819,270,549
"S01002534",935,479,456
"S01002535",881,690,191
"S01002536",626,191,435
"S01002537",554,263,291
"S01002538",852,805,47
"S01002539",745,332,413
"S01002540",554,238,316
"S01002541",1842,1560,282
"S01002542",684,538,146
"S01002543",532,168,364
"S01002544",857,613,244
"S01002545",786,472,314
"S01002546",796,591,205
"S01002547",786,632,154
"S01002548",1047,760,287
"S01002549",570,517,53
"S01002550",464,445,19
"S01002551",551,384,167
"S01002552",583,366,217
"S01002553",755,520,235
"S01002554",632,587,45
"S01002555",740,599,141
"S01002556",752,403,349
"S01002557",775,486,289
"S01002558",530,335,195
"S01002559",612,564,48
"S01002560",619,411,208
"S01002561",775,412,363
"S01002562",607,463,144
"S01002563",1012,856,156
"S01002564",560,532,28
"S01002565",848,718,130
"S01002566",670,636,34
"S01002567",2452,2240,212
"S01002568",775,620,155
"S01002569",1414,1042,372
"S01002570",663,479,184
"S01002571",659,458,201
"S01002572",560,474,86
"S01002573",512,403,109
"S01002574",811,434,377
"S01002575",971,629,342
"S01002576",703,627,76
"S01002577",989,348,641
"S01002578",736,683,53
"S01002579",891,649,242
"S01002580",767,388,379
"S01002581",777,739,38
"S01002582",690,407,283
"S01002583",994,493,501
"S01002584",1535,1115,420
"S01002585",818,616,202
"S01002586",509,415,94
"S01002587",688,573,115
"S01002588",705,607,98
"S01002589",754,677,77
"S01002590",677,655,22
"S01002591",577,356,221
"S01002592",846,532,314
"S01002593",797,498,299
"S01002594",695,628,67
"S01002595",656,493,163
"S01002596",681,634,47
"S01002597",521,349,172
"S01002598",975,671,304
"S01002599",526,380,146
"S01002600",1038,976,62
"S01002601",628,392,236
"S01002602",519,444,75
"S01002603",708,403,305
"S01002604",944,891,53
"S01002605",598,424,174
"S01002606",581,310,271
"S01002607",833,600,233
"S01002608",539,471,68
"S01002609",758,536,222
"S01002610",828,628,200
"S01002611",860,699,161
"S01002612",829,632,197
"S01002613",847,727,120
"S01002614",878,710,168
"S01002615",444,350,94
"S01002616",592,564,28
"S01002617",931,482,449
"S01002618",854,261,593
"S01002619",768,649,119
"S01002620",865,535,330
"S01002621",593,560,33
"S01002622",8698,7460,1238
"S01002623",1613,1459,154
"S01002624",691,642,49
"S01002625",866,789,77
"S01002626",753,380,373
"S01002627",979,898,81
"S01002628",822,770,52
"S01002629",835,702,133
"S01002630",661,464,197
"S01002631",737,675,62
"S01002632",574,462,112
"S01002633",942,693,249
"S01002634",770,674,96
"S01002635",569,541,28
"S01002636",609,449,160
"S01002637",742,499,243
"S01002638",743,345,398
"S01002639",891,791,100
"S01002640",697,613,84
"S01002641",906,826,80
"S01002642",616,398,218
"S01002643",542,294,248
"S01002644",667,496,171
"S01002645",630,338,292
"S01002646",650,402,248
"S01002647",898,344,554
"S01002648",1140,957,183
"S01002649",596,325,271
"S01002650",646,636,10
"S01002651",583,358,225
"S01002652",650,573,77
"S01002653",738,485,253
"S01002654",748,473,275
"S01002655",853,329,524
"S01002656",725,328,397
"S01002657",791,638,153
"S01002658",1239,723,516
"S01002659",871,793,78
"S01002660",772,467,305
"S01002661",790,601,189
"S01002662",1415,1163,252
"S01002663",749,654,95
"S01002664",847,815,32
"S01002665",792,609,183
"S01002666",1304,1037,267
"S01002667",636,325,311
"S01002668",471,350,121
"S01002669",972,654,318
"S01002670",619,585,34
"S01002671",979,617,362
"S01002672",655,250,405
"S01002673",510,314,196
"S01002674",791,544,247
"S01002675",903,839,64
"S01002676",717,617,100
"S01002677",921,389,532
"S01002678",867,819,48
"S01002679",971,466,505
"S01002680",1094,657,437
"S01002681",704,517,187
"S01002682",546,292,254
"S01002683",578,487,91
"S01002684",736,517,219
"S01002685",845,310,535
"S01002686",1677,1436,241
"S01002687",1229,1070,159
"S01002688",611,578,33
"S01002689",826,761,65
"S01002690",579,497,82
"S01002691",1385,1166,219
"S01002692",828,684,144
"S01002693",506,463,43
"S01002694",704,383,321
"S01002695",587,444,143
"S01002696",702,496,206
"S01002697",889,741,148
"S01002698",704,538,166
"S01002699",511,319,192
"S01002700",892,375,517
"S01002701",885,844,41
"S01002702",595,297,298
"S01002703",1287,1011,276
"S01002704",622,479,143
"S01002705",664,425,239
"S01002706",900,454,446
"S01002707",877,401,476
"S01002708",1002,684,318
"S01002709",902,282,620
"S01002710",798,659,139
"S01002711",875,501,374
"S01002712",665,455,210
"S01002713",659,206,453
"S01002714",932,419,513
"S01002715",848,482,366
"S01002716",527,484,43
"S01002717",822,667,155
"S01002718",853,348,505
"S01002719",740,461,279
"S01002720",681,646,35
"S01002721",775,417,358
"S01002722",777,476,301
"S01002723",677,422,255
"S01002724",739,473,266
"S01002725",868,609,259
"S01002726",701,552,149
"S01002727",947,792,155
"S01002728",911,594,317
"S01002729",871,782,89
"S01002730",832,431,401
"S01002731",786,448,338
"S01002732",584,347,237
"S01002733",650,510,140
"S01002734",1078,641,437
"S01002735",1170,593,577
"S01002736",682,507,175
"S01002737",724,532,192
"S01002738",705,520,185
"S01002739",773,683,90
"S01002740",528,462,66
"S01002741",895,580,315
"S01002742",789,512,277
"S01002743",668,282,386
"S01002744",575,543,32
"S01002745",596,203,393
"S01002746",796,586,210
"S01002747",532,285,247
"S01002748",639,310,329
"S01002749",695,308,387
"S01002750",929,462,467
"S01002751",1006,523,483
"S01002752",528,340,188
"S01002753",643,611,32
"S01002754",535,444,91
"S01002755",817,263,554
"S01002756",708,282,426
"S01002757",565,409,156
"S01002758",654,355,299
"S01002759",1013,483,530
"S01002760",486,296,190
"S01002761",783,342,441
"S01002762",588,262,326
"S01002763",823,399,424
"S01002764",581,263,318
"S01002765",856,207,649
"S01002766",815,402,413
"S01002767",955,734,221
"S01002768",785,500,285
"S01002769",729,468,261
"S01002770",539,333,206
"S01002771",735,321,414
"S01002772",903,748,155
"S01002773",865,628,237
"S01002774",778,369,409
"S01002775",741,314,427
"S01002776",1020,644,376
"S01002777",981,590,391
"S01002778",727,295,432
"S01002779",629,163,466
"S01002780",876,332,544
"S01002781",839,577,262
"S01002782",779,369,410
"S01002783",1527,998,529
"S01002784",548,303,245
"S01002785",722,341,381
"S01002786",846,746,100
"S01002787",673,471,202
"S01002788",837,688,149
"S01002789",700,661,39
"S01002790",776,333,443
"S01002791",632,204,428
"S01002792",1975,1609,366
"S01002793",694,347,347
"S01002794",929,643,286
"S01002795",597,547,50
"S01002796",551,412,139
"S01002797",771,723,48
"S01002798",574,333,241
"S01002799",608,310,298
"S01002800",706,665,41
"S01002801",923,426,497
"S01002802",575,541,34
"S01002803",810,568,242
"S01002804",551,347,204
"S01002805",872,437,435
"S01002806",2496,2049,447
"S01002807",638,307,331
"S01002808",836,240,596
"S01002809",672,399,273
"S01002810",912,450,462
"S01002811",933,650,283
"S01002812",616,465,151
"S01002813",737,387,350
"S01002814",876,513,363
"S01002815",704,327,377
"S01002816",588,350,238
"S01002817",543,287,256
"S01002818",616,400,216
"S01002819",774,229,545
"S01002820",824,376,448
"S01002821",1164,590,574
"S01002822",809,320,489
"S01002823",729,263,466
"S01002824",804,578,226
"S01002825",768,468,300
"S01002826",495,290,205
"S01002827",642,380,262
"S01002828",856,451,405
"S01002829",797,391,406
"S01002830",609,369,240
"S01002831",1114,793,321
"S01002832",771,541,230
"S01002833",985,848,137
"S01002834",792,469,323
"S01002835",682,420,262
"S01002836",523,349,174
"S01002837",572,204,368
"S01002838",531,323,208
"S01002839",586,258,328
"S01002840",647,460,187
"S01002841",1161,1056,105
"S01002842",558,190,368
"S01002843",778,299,479
"S01002844",562,509,53
"S01002845",810,470,340
"S01002846",1059,840,219
"S01002847",890,607,283
"S01002848",812,510,302
"S01002849",969,673,296
"S01002850",842,556,286
"S01002851",426,306,120
"S01002852",1006,582,424
"S01002853",456,147,309
"S01002854",825,497,328
"S01002855",601,233,368
"S01002856",717,298,419
"S01002857",537,470,67
"S01002858",678,528,150
"S01002859",811,350,461
"S01002860",1070,787,283
"S01002861",882,577,305
"S01002862",588,362,226
"S01002863",737,408,329
"S01002864",643,295,348
"S01002865",954,660,294
"S01002866",1030,471,559
"S01002867",515,435,80
"S01002868",743,360,383
"S01002869",559,362,197
"S01002870",862,610,252
"S01002871",626,431,195
"S01002872",573,381,192
"S01002873",736,518,218
"S01002874",767,408,359
"S01002875",536,275,261
"S01002876",686,285,401
"S01002877",748,375,373
"S01002878",533,377,156
"S01002879",812,579,233
"S01002880",506,385,121
"S01002881",910,601,309
"S01002882",770,410,360
"S01002883",977,724,253
"S01002884",793,522,271
"S01002885",1268,1132,136
"S01002886",815,551,264
"S01002887",592,393,199
"S01002888",468,348,120
"S01002889",857,475,382
"S01002890",673,319,354
"S01002891",715,514,201
"S01002892",649,408,241
"S01002893",1126,795,331
"S01002894",755,679,76
"S01002895",562,288,274
"S01002896",681,525,156
"S01002897",586,282,304
"S01002898",982,721,261
"S01002899",528,478,50
"S01002900",675,312,363
"S01002901",788,507,281
"S01002902",732,440,292
"S01002903",852,400,452
"S01002904",705,555,150
"S01002905",735,517,218
"S01002906",807,478,329
"S01002907",606,419,187
"S01002908",755,720,35
"S01002909",763,566,197
"S01002910",1037,684,353
"S01002911",846,460,386
"S01002912",1349,1264,85
"S01002913",730,673,57
"S01002914",634,218,416
"S01002915",888,560,328
"S01002916",728,342,386
"S01002917",584,496,88
"S01002918",696,621,75
"S01002919",875,343,532
"S01002920",569,385,184
"S01002921",647,510,137
"S01002922",480,341,139
"S01002923",625,404,221
"S01002924",649,399,250
"S01002925",1402,1076,326
"S01002926",765,388,377
"S01002927",765,341,424
"S01002928",530,496,34
"S01002929",738,442,296
"S01002930",560,448,112
"S01002931",912,521,391
"S01002932",680,643,37
"S01002933",794,582,212
"S01002934",837,380,457
"S01002935",919,600,319
"S01002936",770,712,58
"S01002937",477,377,100
"S01002938",760,489,271
"S01002939",535,453,82
"S01002940",573,436,137
"S01002941",913,666,247
"S01002942",430,299,131
"S01002943",674,556,118
"S01002944",1160,851,309
"S01002945",562,460,102
"S01002946",1031,869,162
"S01002947",607,426,181
"S01002948",777,590,187
"S01002949",534,360,174
"S01002950",771,600,171
"S01002951",915,722,193
"S01002952",578,443,135
"S01002953",887,626,261
"S01002954",833,606,227
"S01002955",1125,886,239
"S01002956",758,561,197
"S01002957",882,717,165
"S01002958",564,411,153
"S01002959",945,748,197
"S01002960",623,497,126
"S01002961",779,598,181
"S01002962",608,359,249
"S01002963",807,501,306
"S01002964",638,391,247
"S01002965",889,675,214
"S01002966",558,410,148
"S01002967",875,693,182
"S01002968",1375,840,535
"S01002969",962,844,118
"S01002970",624,500,124
"S01002971",1243,1104,139
"S01002972",1123,578,545
"S01002973",765,618,147
"S01002974",1085,858,227
"S01002975",605,312,293
"S01002976",904,269,635
"S01002977",701,460,241
"S01002978",1034,865,169
"S01002979",723,487,236
"S01002980",745,393,352
"S01002981",727,624,103
"S01002982",620,555,65
"S01002983",797,371,426
"S01002984",726,500,226
"S01002985",585,468,117
"S01002986",731,349,382
"S01002987",701,255,446
"S01002988",702,552,150
"S01002989",959,229,730
"S01002990",680,173,507
"S01002991",741,638,103
"S01002992",798,370,428
"S01002993",693,497,196
"S01002994",831,217,614
"S01002995",580,102,478
"S01002996",710,209,501
"S01002997",638,123,515
"S01002998",817,560,257
"S01002999",557,140,417
"S01003000",667,554,113
"S01003001",591,446,145
"S01003002",875,542,333
"S01003003",592,450,142
"S01003004",420,263,157
"S01003005",557,374,183
"S01003006",1078,904,174
"S01003007",782,277,505
"S01003008",583,73,510
"S01003009",541,294,247
"S01003010",698,592,106
"S01003011",761,310,451
"S01003012",946,779,167
"S01003013",634,470,164
"S01003014",665,581,84
"S01003015",740,626,114
"S01003016",457,412,45
"S01003017",694,537,157
"S01003018",804,616,188
"S01003019",778,469,309
"S01003020",679,451,228
"S01003021",660,556,104
"S01003022",954,787,167
"S01003023",703,589,114
"S01003024",656,412,244
"S01003025",857,745,112
"S01003026",814,555,259
"S01003027",979,866,113
"S01003028",800,85,715
"S01003029",1093,397,696
"S01003030",1340,469,871
"S01003032",481,74,407
"S01003033",490,156,334
"S01003034",910,763,147
"S01003035",1019,249,770
"S01003036",926,130,796
"S01003037",2167,1972,195
"S01003038",888,815,73
"S01003039",893,285,608
"S01003040",880,317,563
"S01003041",711,615,96
"S01003042",611,69,542
"S01003043",579,12,567
"S01003044",1261,212,1049
"S01003045",921,113,808
"S01003046",750,382,368
"S01003047",946,197,749
"S01003048",497,106,391
"S01003049",552,88,464
"S01003050",718,654,64
"S01003051",1073,497,576
"S01003052",695,190,505
"S01003053",970,671,299
"S01003054",803,552,251
"S01003055",841,282,559
"S01003056",927,93,834
"S01003057",673,526,147
"S01003058",1144,690,454
"S01003059",902,784,118
"S01003060",1030,496,534
"S01003061",776,739,37
"S01003062",827,602,225
"S01003063",800,621,179
"S01003064",837,274,563
"S01003065",991,564,427
"S01003066",802,759,43
"S01003067",608,573,35
"S01003068",801,732,69
"S01003069",567,353,214
"S01003070",799,507,292
"S01003071",657,604,53
"S01003072",1022,418,604
"S01003073",725,544,181
"S01003074",727,672,55
"S01003075",744,507,237
"S01003076",901,58,843
"S01003077",963,460,503
"S01003078",674,527,147
"S01003079",925,782,143
"S01003080",826,637,189
"S01003081",1033,871,162
"S01003082",1164,371,793
"S01003083",1223,477,746
"S01003084",822,248,574
"S01003085",975,869,106
"S01003086",632,557,75
"S01003087",653,490,163
"S01003088",1128,193,935
"S01003089",733,662,71
"S01003090",750,518,232
"S01003091",575,453,122
"S01003092",815,549,266
"S01003093",968,434,534
"S01003094",948,754,194
"S01003095",769,698,71
"S01003096",702,603,99
"S01003097",277,124,153
"S01003098",1173,580,593
"S01003099",548,159,389
"S01003100",821,535,286
"S01003101",524,125,399
"S01003102",733,654,79
"S01003103",730,691,39
"S01003104",938,440,498
"S01003105",798,564,234
"S01003106",733,664,69
"S01003107",749,108,641
"S01003108",748,396,352
"S01003109",915,862,53
"S01003110",760,702,58
"S01003111",797,281,516
"S01003112",959,822,137
"S01003113",712,642,70
"S01003114",843,728,115
"S01003115",1065,668,397
"S01003116",874,499,375
"S01003117",776,459,317
"S01003118",531,61,470
"S01003119",616,458,158
"S01003120",1498,1369,129
"S01003121",867,339,528
"S01003122",723,503,220
"S01003123",885,747,138
"S01003124",829,556,273
"S01003125",850,497,353
"S01003126",157,33,124
"S01003127",779,613,166
"S01003128",730,332,398
"S01003129",1130,714,416
"S01003130",781,462,319
"S01003131",864,548,316
"S01003132",768,132,636
"S01003133",1296,1026,270
"S01003134",748,272,476
"S01003135",742,444,298
"S01003136",939,588,351
"S01003137",773,468,305
"S01003138",1014,367,647
"S01003139",1016,576,440
"S01003140",925,306,619
"S01003141",751,534,217
"S01003142",945,430,515
"S01003143",854,665,189
"S01003144",896,533,363
"S01003145",624,414,210
"S01003146",658,346,312
"S01003147",832,561,271
"S01003148",686,479,207
"S01003149",855,527,328
"S01003150",725,103,622
"S01003151",793,609,184
"S01003152",908,522,386
"S01003153",709,631,78
"S01003154",957,477,480
"S01003155",1358,1255,103
"S01003156",834,457,377
"S01003157",1099,441,658
"S01003158",618,38,580
"S01003159",188,54,134
"S01003160",661,296,365
"S01003161",629,430,199
"S01003162",614,307,307
"S01003163",709,579,130
"S01003164",813,614,199
"S01003165",940,583,357
"S01003166",627,365,262
"S01003167",956,471,485
"S01003168",831,481,350
"S01003169",2391,2052,339
"S01003170",985,866,119
"S01003171",719,599,120
"S01003172",749,351,398
"S01003173",532,279,253
"S01003174",805,344,461
"S01003175",823,174,649
"S01003176",821,460,361
"S01003177",945,784,161
"S01003178",896,458,438
"S01003179",719,326,393
"S01003180",665,619,46
"S01003181",894,418,476
"S01003182",801,341,460
"S01003183",667,336,331
"S01003184",834,220,614
"S01003185",611,245,366
"S01003186",861,758,103
"S01003187",1027,694,333
"S01003188",976,249,727
"S01003189",837,375,462
"S01003190",717,165,552
"S01003191",535,79,456
"S01003192",779,256,523
"S01003193",1687,1274,413
"S01003194",725,307,418
"S01003195",711,659,52
"S01003196",978,872,106
"S01003197",793,659,134
"S01003198",959,307,652
"S01003199",940,789,151
"S01003200",733,294,439
"S01003201",243,56,187
"S01003202",1040,287,753
"S01003203",876,583,293
"S01003204",945,509,436
"S01003205",747,234,513
"S01003206",781,132,649
"S01003207",815,527,288
"S01003208",1249,292,957
"S01003209",572,422,150
"S01003210",873,743,130
"S01003211",870,632,238
"S01003212",692,595,97
"S01003213",544,257,287
"S01003214",716,497,219
"S01003215",904,381,523
"S01003216",690,479,211
"S01003217",707,138,569
"S01003218",685,424,261
"S01003219",746,547,199
"S01003220",813,495,318
"S01003221",889,339,550
"S01003222",824,445,379
"S01003223",814,181,633
"S01003224",651,618,33
"S01003225",668,226,442
"S01003226",753,263,490
"S01003227",1617,700,917
"S01003228",1260,630,630
"S01003229",892,794,98
"S01003230",907,627,280
"S01003231",878,542,336
"S01003232",905,187,718
"S01003233",923,862,61
"S01003234",876,703,173
"S01003235",796,622,174
"S01003236",705,400,305
"S01003237",915,516,399
"S01003238",710,512,198
"S01003239",1008,590,418
"S01003240",705,574,131
"S01003241",780,687,93
"S01003242",1044,597,447
"S01003243",865,621,244
"S01003244",958,490,468
"S01003245",1195,220,975
"S01003246",941,204,737
"S01003247",781,274,507
"S01003248",1100,427,673
"S01003249",718,312,406
"S01003250",599,414,185
"S01003251",828,153,675
"S01003252",573,545,28
"S01003253",979,113,866
"S01003254",550,80,470
"S01003255",828,539,289
"S01003256",1436,262,1174
"S01003257",788,613,175
"S01003258",760,711,49
"S01003259",1123,843,280
"S01003260",701,639,62
"S01003261",926,867,59
"S01003262",700,235,465
"S01003263",1028,196,832
"S01003264",635,458,177
"S01003265",619,479,140
"S01003266",739,403,336
"S01003267",967,548,419
"S01003268",1719,724,995
"S01003269",901,297,604
"S01003270",770,238,532
"S01003271",1820,680,1140
"S01003272",1594,388,1206
"S01003273",699,135,564
"S01003274",583,186,397
"S01003275",1024,487,537
"S01003276",727,706,21
"S01003277",614,417,197
"S01003278",840,659,181
"S01003279",404,42,362
"S01003280",913,632,281
"S01003281",502,247,255
"S01003282",755,677,78
"S01003283",687,597,90
"S01003284",935,531,404
"S01003285",269,74,195
"S01003286",984,416,568
"S01003287",613,79,534
"S01003288",699,657,42
"S01003289",407,149,258
"S01003290",848,395,453
"S01003291",767,278,489
"S01003292",731,616,115
"S01003293",807,148,659
"S01003294",734,411,323
"S01003295",908,865,43
"S01003296",807,65,742
"S01003297",534,82,452
"S01003298",1003,740,263
"S01003299",451,43,408
"S01003300",869,696,173
"S01003301",765,216,549
"S01003302",686,101,585
"S01003303",2006,579,1427
"S01003304",724,381,343
"S01003305",753,465,288
"S01003306",924,514,410
"S01003307",1048,552,496
"S01003308",854,470,384
"S01003309",953,152,801
"S01003310",744,477,267
"S01003311",696,678,18
"S01003312",582,300,282
"S01003313",948,412,536
"S01003314",627,148,479
"S01003315",644,322,322
"S01003316",594,217,377
"S01003317",646,440,206
"S01003318",719,633,86
"S01003320",530,245,285
"S01003321",692,609,83
"S01003322",790,232,558
"S01003323",752,711,41
"S01003324",448,241,207
"S01003325",779,578,201
"S01003326",855,306,549
"S01003327",599,263,336
"S01003328",1016,327,689
"S01003329",809,601,208
"S01003330",939,883,56
"S01003331",642,222,420
"S01003332",416,100,316
"S01003333",919,280,639
"S01003334",1006,542,464
"S01003335",649,217,432
"S01003336",969,355,614
"S01003337",1283,548,735
"S01003338",882,527,355
"S01003339",770,509,261
"S01003340",995,523,472
"S01003341",949,886,63
"S01003342",718,101,617
"S01003343",733,100,633
"S01003344",479,351,128
"S01003345",967,567,400
"S01003346",866,456,410
"S01003347",952,70,882
"S01003348",994,460,534
"S01003349",1367,569,798
"S01003350",893,590,303
"S01003351",1007,242,765
"S01003352",1168,456,712
"S01003353",735,119,616
"S01003354",604,239,365
"S01003355",1054,331,723
"S01003356",859,106,753
"S01003357",369,41,328
"S01003358",1622,528,1094
"S01003359",974,930,44
"S01003360",730,491,239
"S01003361",713,272,441
"S01003362",680,386,294
"S01003363",768,405,363
"S01003364",662,162,500
"S01003365",655,170,485
"S01003366",651,208,443
"S01003367",1213,174,1039
"S01003368",1501,286,1215
"S01003369",625,249,376
"S01003370",771,356,415
"S01003371",668,323,345
"S01003372",749,365,384
"S01003373",2204,536,1668
"S01003374",492,44,448
"S01003375",951,725,226
"S01003376",526,81,445
"S01003377",723,423,300
"S01003378",841,107,734
"S01003379",678,48,630
"S01003380",1279,568,711
"S01003381",728,552,176
"S01003382",1603,469,1134
"S01003383",913,550,363
"S01003384",965,595,370
"S01003385",834,495,339
"S01003386",652,312,340
"S01003387",793,179,614
"S01003388",1038,305,733
"S01003389",1019,170,849
"S01003390",1218,140,1078
"S01003391",716,201,515
"S01003392",826,391,435
"S01003393",832,489,343
"S01003394",559,252,307
"S01003395",644,351,293
"S01003396",759,103,656
"S01003397",1045,130,915
"S01003398",793,303,490
"S01003399",1012,337,675
"S01003400",700,435,265
"S01003401",769,69,700
"S01003402",949,82,867
"S01003403",1144,279,865
"S01003404",569,76,493
"S01003405",733,469,264
"S01003406",691,265,426
"S01003407",851,546,305
"S01003408",650,110,540
"S01003409",1422,694,728
"S01003410",1397,384,1013
"S01003411",757,366,391
"S01003412",862,285,577
"S01003413",741,399,342
"S01003414",442,172,270
"S01003415",766,106,660
"S01003416",844,205,639
"S01003417",940,459,481
"S01003418",920,165,755
"S01003419",959,197,762
"S01003420",425,41,384
"S01003421",923,381,542
"S01003422",790,239,551
"S01003423",779,250,529
"S01003424",974,168,806
"S01003425",838,216,622
"S01003426",980,423,557
"S01003427",908,487,421
"S01003428",843,74,769
"S01003429",736,249,487
"S01003430",782,224,558
"S01003431",696,298,398
"S01003432",874,302,572
"S01003433",1129,307,822
"S01003434",805,182,623
"S01003435",731,130,601
"S01003436",525,390,135
"S01003437",810,302,508
"S01003438",1002,341,661
"S01003439",1100,207,893
"S01003440",480,293,187
"S01003441",1326,174,1152
"S01003442",1013,37,976
"S01003443",970,145,825
"S01003444",777,66,711
"S01003445",1074,196,878
"S01003446",446,115,331
"S01003447",905,166,739
"S01003448",705,408,297
"S01003449",728,269,459
"S01003450",976,276,700
"S01003451",916,237,679
"S01003452",583,464,119
"S01003453",1263,644,619
"S01003454",664,205,459
"S01003455",795,148,647
"S01003456",255,21,234
"S01003457",1005,71,934
"S01003458",1016,383,633
"S01003459",842,314,528
"S01003460",1054,441,613
"S01003461",764,551,213
"S01003462",551,143,408
"S01003463",692,39,653
"S01003464",974,353,621
"S01003465",2510,939,1571
"S01003466",771,183,588
"S01003467",714,387,327
"S01003468",839,225,614
"S01003469",1008,311,697
"S01003470",1139,245,894
"S01003471",776,139,637
"S01003472",816,74,742
"S01003473",969,303,666
"S01003474",690,259,431
"S01003475",800,213,587
"S01003476",1136,853,283
"S01003477",1076,480,596
"S01003478",814,269,545
"S01003479",844,262,582
"S01003480",834,319,515
"S01003481",1033,334,699
"S01003482",658,113,545
"S01003483",533,213,320
"S01003484",997,362,635
"S01003485",890,394,496
"S01003486",1033,122,911
"S01003487",1003,258,745
"S01003488",642,210,432
"S01003489",1397,575,822
"S01003490",625,142,483
"S01003491",85,27,58
"S01003492",1060,323,737
"S01003493",831,200,631
"S01003494",778,198,580
"S01003495",936,397,539
"S01003496",984,477,507
"S01003497",958,510,448
"S01003498",1004,497,507
"S01003499",1006,476,530
"S01003500",676,93,583
"S01003501",708,249,459
"S01003502",1848,1330,518
"S01003503",700,337,363
"S01003504",858,336,522
"S01003506",1024,464,560
"S01003507",516,180,336
"S01003508",807,183,624
"S01003509",950,562,388
"S01003510",407,113,294
"S01003511",1101,813,288
"S01003512",641,265,376
"S01003513",730,248,482
"S01003514",897,377,520
"S01003515",631,228,403
"S01003516",667,577,90
"S01003517",752,282,470
"S01003518",1032,244,788
"S01003519",542,156,386
"S01003520",717,374,343
"S01003521",531,157,374
"S01003522",822,463,359
"S01003523",657,323,334
"S01003524",1056,751,305
"S01003525",1052,631,421
"S01003526",992,616,376
"S01003527",882,791,91
"S01003528",516,375,141
"S01003529",547,426,121
"S01003530",821,421,400
"S01003531",778,178,600
"S01003532",1085,886,199
"S01003533",340,12,328
"S01003534",903,440,463
"S01003535",708,294,414
"S01003536",1031,703,328
"S01003537",797,274,523
"S01003538",624,228,396
"S01003539",993,809,184
"S01003540",419,148,271
"S01003541",935,93,842
"S01003542",783,583,200
"S01003543",706,141,565
"S01003544",529,375,154
"S01003545",789,575,214
"S01003546",936,214,722
"S01003547",767,361,406
"S01003549",800,205,595
"S01003550",647,583,64
"S01003551",658,309,349
"S01003552",1036,552,484
"S01003553",636,57,579
"S01003554",761,439,322
"S01003555",725,445,280
"S01003556",700,632,68
"S01003557",783,54,729
"S01003558",990,730,260
"S01003559",967,862,105
"S01003560",1264,1006,258
"S01003561",955,196,759
"S01003562",623,120,503
"S01003563",530,232,298
"S01003564",714,125,589
"S01003565",858,300,558
"S01003566",725,338,387
"S01003567",989,104,885
"S01003568",676,545,131
"S01003569",717,648,69
"S01003570",730,601,129
"S01003571",880,242,638
"S01003572",1030,190,840
"S01003573",924,483,441
"S01003574",1028,572,456
"S01003575",854,261,593
"S01003576",759,448,311
"S01003577",947,612,335
"S01003578",217,75,142
"S01003579",857,11,846
"S01003580",1018,349,669
"S01003581",1216,418,798
"S01003582",671,26,645
"S01003583",566,219,347
"S01003584",803,75,728
"S01003585",670,162,508
"S01003586",1053,425,628
"S01003587",1104,1006,98
"S01003588",635,563,72
"S01003589",1021,800,221
"S01003590",741,219,522
"S01003591",1301,1189,112
"S01003592",1423,483,940
"S01003593",634,401,233
"S01003594",976,797,179
"S01003595",918,138,780
"S01003596",783,158,625
"S01003597",714,604,110
"S01003598",690,460,230
"S01003599",969,608,361
"S01003600",842,292,550
"S01003601",817,135,682
"S01003602",628,465,163
"S01003603",829,331,498
"S01003604",695,233,462
"S01003605",664,197,467
"S01003606",885,607,278
"S01003607",531,361,170
"S01003608",557,310,247
"S01003609",1066,823,243
"S01003610",973,277,696
"S01003611",842,125,717
"S01003612",837,626,211
"S01003613",1421,1270,151
"S01003614",547,371,176
"S01003615",854,309,545
"S01003616",869,795,74
"S01003617",828,48,780
"S01003618",796,597,199
"S01003619",816,107,709
"S01003620",1025,818,207
"S01003621",939,421,518
"S01003622",813,516,297
"S01003623",915,842,73
"S01003624",1438,650,788
"S01003625",350,133,217
"S01003626",739,637,102
"S01003627",621,97,524
"S01003628",690,290,400
"S01003629",759,316,443
"S01003630",771,402,369
"S01003631",1265,969,296
"S01003632",949,722,227
"S01003633",1267,715,552
"S01003634",949,498,451
"S01003635",559,223,336
"S01003636",923,404,519
"S01003637",1015,687,328
"S01003638",758,517,241
"S01003639",779,483,296
"S01003640",962,475,487
"S01003641",736,657,79
"S01003642",789,563,226
"S01003643",682,398,284
"S01003644",880,361,519
"S01003645",539,386,153
"S01003646",899,31,868
"S01003647",724,523,201
"S01003648",820,372,448
"S01003649",967,760,207
"S01003650",742,250,492
"S01003651",732,370,362
"S01003652",733,252,481
"S01003653",708,335,373
"S01003654",943,441,502
"S01003655",660,229,431
"S01003656",878,403,475
"S01003657",793,414,379
"S01003658",859,679,180
"S01003659",756,491,265
"S01003660",976,910,66
"S01003661",947,774,173
"S01003662",642,333,309
"S01003663",585,183,402
"S01003664",506,240,266
"S01003665",645,40,605
"S01003666",663,182,481
"S01003667",838,659,179
"S01003668",718,473,245
"S01003669",927,549,378
"S01003670",950,259,691
"S01003671",666,351,315
"S01003672",751,206,545
"S01003673",316,61,255
"S01003674",783,489,294
"S01003675",879,650,229
"S01003676",1191,810,381
"S01003677",692,380,312
"S01003678",685,439,246
"S01003679",1028,416,612
"S01003680",623,305,318
"S01003681",565,354,211
"S01003682",981,847,134
"S01003683",616,455,161
"S01003684",794,540,254
"S01003685",550,369,181
"S01003686",948,448,500
"S01003687",657,76,581
"S01003688",883,494,389
"S01003689",667,192,475
"S01003690",942,243,699
"S01003691",1028,828,200
"S01003692",1022,597,425
"S01003693",550,289,261
"S01003694",986,739,247
"S01003695",919,279,640
"S01003696",1036,680,356
"S01003697",930,887,43
"S01003698",1010,746,264
"S01003699",938,870,68
"S01003700",980,575,405
"S01003701",991,443,548
"S01003702",822,213,609
"S01003703",932,415,517
"S01003704",655,142,513
"S01003705",906,102,804
"S01003706",749,164,585
"S01003707",1078,232,846
"S01003708",964,34,930
"S01003709",804,48,756
"S01003710",1179,573,606
"S01003711",944,125,819
"S01003712",928,370,558
"S01003713",481,115,366
"S01003714",628,337,291
"S01003715",803,392,411
"S01003716",575,30,545
"S01003717",839,108,731
"S01003718",749,252,497
"S01003719",624,503,121
"S01003720",962,615,347
"S01003721",787,522,265
"S01003722",889,473,416
"S01003723",504,389,115
"S01003724",750,414,336
"S01003725",557,365,192
"S01003726",656,414,242
"S01003727",748,353,395
"S01003728",558,382,176
"S01003729",858,486,372
"S01003730",644,162,482
"S01003731",581,267,314
"S01003732",945,732,213
"S01003733",870,387,483
"S01003734",709,458,251
"S01003735",777,606,171
"S01003736",799,485,314
"S01003737",611,412,199
"S01003738",757,624,133
"S01003739",531,350,181
"S01003740",611,380,231
"S01003741",922,665,257
"S01003742",698,529,169
"S01003743",545,326,219
"S01003744",645,497,148
"S01003745",794,490,304
"S01003746",828,616,212
"S01003747",1067,792,275
"S01003748",561,420,141
"S01003749",882,578,304
"S01003750",699,441,258
"S01003751",1005,626,379
"S01003752",846,592,254
"S01003753",1082,758,324
"S01003754",840,484,356
"S01003755",1517,783,734
"S01003756",880,621,259
"S01003757",602,457,145
"S01003758",952,717,235
"S01003759",626,466,160
"S01003760",819,587,232
"S01003761",951,679,272
"S01003762",1088,747,341
"S01003763",880,582,298
"S01003764",864,588,276
"S01003765",648,348,300
"S01003766",727,523,204
"S01003767",733,489,244
"S01003768",627,521,106
"S01003769",941,661,280
"S01003770",819,723,96
"S01003771",754,523,231
"S01003772",600,437,163
"S01003773",683,533,150
"S01003774",723,571,152
"S01003775",909,699,210
"S01003776",695,555,140
"S01003777",1114,927,187
"S01003778",3225,2346,879
"S01003779",499,408,91
"S01003780",983,895,88
"S01003781",1129,932,197
"S01003782",621,381,240
"S01003783",1170,829,341
"S01003784",1655,1461,194
"S01003785",809,692,117
"S01003786",891,790,101
"S01003787",591,536,55
"S01003788",676,567,109
"S01003789",494,463,31
"S01003790",570,328,242
"S01003791",824,554,270
"S01003792",2280,1541,739
"S01003793",542,274,268
"S01003794",639,537,102
"S01003795",648,522,126
"S01003796",673,259,414
"S01003797",925,599,326
"S01003798",846,746,100
"S01003799",756,684,72
"S01003800",621,329,292
"S01003801",816,491,325
"S01003802",781,603,178
"S01003803",732,616,116
"S01003804",620,375,245
"S01003805",1139,548,591
"S01003806",698,403,295
"S01003807",904,811,93
"S01003808",900,498,402
"S01003809",665,431,234
"S01003810",818,716,102
"S01003811",687,610,77
"S01003812",956,562,394
"S01003813",856,747,109
"S01003814",761,674,87
"S01003815",778,492,286
"S01003816",986,844,142
"S01003817",1035,476,559
"S01003818",803,437,366
"S01003819",2446,1996,450
"S01003820",904,596,308
"S01003821",763,548,215
"S01003822",546,336,210
"S01003823",914,623,291
"S01003824",792,376,416
"S01003825",867,196,671
"S01003826",719,451,268
"S01003827",808,604,204
"S01003828",1100,922,178
"S01003829",665,383,282
"S01003830",901,476,425
"S01003831",584,506,78
"S01003832",904,577,327
"S01003833",519,190,329
"S01003834",651,488,163
"S01003835",534,418,116
"S01003836",513,259,254
"S01003837",785,476,309
"S01003838",576,426,150
"S01003839",648,294,354
"S01003840",616,531,85
"S01003841",609,493,116
"S01003842",758,625,133
"S01003843",953,799,154
"S01003844",736,669,67
"S01003845",1121,517,604
"S01003846",754,554,200
"S01003847",606,427,179
"S01003848",669,562,107
"S01003849",1015,295,720
"S01003850",522,401,121
"S01003851",822,754,68
"S01003852",556,475,81
"S01003853",1233,392,841
"S01003854",568,347,221
"S01003855",978,325,653
"S01003856",765,444,321
"S01003857",783,517,266
"S01003858",534,385,149
"S01003859",609,559,50
"S01003860",665,137,528
"S01003861",776,633,143
"S01003862",741,172,569
"S01003863",686,612,74
"S01003864",921,754,167
"S01003865",977,722,255
"S01003866",963,796,167
"S01003867",1329,861,468
"S01003868",691,590,101
"S01003869",692,516,176
"S01003870",1046,822,224
"S01003871",756,610,146
"S01003872",899,709,190
"S01003873",1072,828,244
"S01003874",712,513,199
"S01003875",677,508,169
"S01003876",723,630,93
"S01003877",676,544,132
"S01003878",1089,585,504
"S01003879",778,689,89
"S01003880",867,631,236
"S01003881",887,636,251
"S01003882",500,212,288
"S01003883",535,375,160
"S01003884",766,377,389
"S01003885",654,472,182
"S01003886",519,334,185
"S01003887",926,431,495
"S01003888",1626,1255,371
"S01003889",546,429,117
"S01003890",663,582,81
"S01003891",731,637,94
"S01003892",641,424,217
"S01003893",630,534,96
"S01003894",924,577,347
"S01003895",745,640,105
"S01003896",697,593,104
"S01003897",731,608,123
"S01003898",728,617,111
"S01003899",800,575,225
"S01003900",776,510,266
"S01003901",634,468,166
"S01003902",970,745,225
"S01003903",901,744,157
"S01003904",834,470,364
"S01003905",1166,1019,147
"S01003906",701,456,245
"S01003907",748,349,399
"S01003908",799,504,295
"S01003909",621,572,49
"S01003910",723,407,316
"S01003911",610,510,100
"S01003912",945,727,218
"S01003913",707,577,130
"S01003914",956,774,182
"S01003915",757,467,290
"S01003916",845,729,116
"S01003917",891,598,293
"S01003918",954,660,294
"S01003919",612,382,230
"S01003920",730,463,267
"S01003921",1012,673,339
"S01003922",894,385,509
"S01003923",761,288,473
"S01003924",507,116,391
"S01003925",794,528,266
"S01003926",580,203,377
"S01003927",720,553,167
"S01003928",840,425,415
"S01003929",548,323,225
"S01003930",870,533,337
"S01003931",1144,610,534
"S01003932",820,659,161
"S01003933",690,515,175
"S01003934",1016,726,290
"S01003935",827,490,337
"S01003936",957,833,124
"S01003937",745,285,460
"S01003938",605,438,167
"S01003939",624,485,139
"S01003940",1047,627,420
"S01003941",614,471,143
"S01003942",756,367,389
"S01003943",695,440,255
"S01003944",626,394,232
"S01003945",659,546,113
"S01003946",805,614,191
"S01003947",631,472,159
"S01003948",743,562,181
"S01003949",598,461,137
"S01003950",606,413,193
"S01003951",566,399,167
"S01003952",527,393,134
"S01003953",554,421,133
"S01003954",677,513,164
"S01003955",651,416,235
"S01003956",711,464,247
"S01003957",681,454,227
"S01003958",779,529,250
"S01003959",743,530,213
"S01003960",862,555,307
"S01003961",576,376,200
"S01003962",706,412,294
"S01003963",472,383,89
"S01003964",483,388,95
"S01003965",576,436,140
"S01003966",1005,689,316
"S01003967",534,346,188
"S01003968",864,561,303
"S01003969",737,542,195
"S01003970",620,485,135
"S01003971",721,497,224
"S01003972",785,653,132
"S01003973",442,269,173
"S01003974",847,578,269
"S01003975",829,700,129
"S01003976",769,375,394
"S01003977",491,178,313
"S01003978",494,268,226
"S01003979",561,425,136
"S01003980",643,567,76
"S01003981",540,379,161
"S01003982",777,610,167
"S01003983",683,589,94
"S01003984",590,395,195
"S01003985",743,369,374
"S01003986",550,335,215
"S01003987",654,563,91
"S01003988",480,363,117
"S01003989",913,690,223
"S01003990",515,381,134
"S01003991",622,477,145
"S01003992",982,791,191
"S01003993",667,556,111
"S01003994",729,571,158
"S01003995",1312,1063,249
"S01003996",649,541,108
"S01003997",916,466,450
"S01003998",565,375,190
"S01003999",853,620,233
"S01004000",708,482,226
"S01004001",620,367,253
"S01004002",891,556,335
"S01004003",570,353,217
"S01004004",731,443,288
"S01004005",588,400,188
"S01004006",553,363,190
"S01004007",589,282,307
"S01004008",668,565,103
"S01004009",724,593,131
"S01004010",835,723,112
"S01004011",1260,1068,192
"S01004012",755,640,115
"S01004013",526,456,70
"S01004014",634,539,95
"S01004015",905,789,116
"S01004016",598,580,18
"S01004017",1014,861,153
"S01004018",824,802,22
"S01004019",1060,976,84
"S01004020",805,663,142
"S01004021",1177,1080,97
"S01004022",789,632,157
"S01004023",556,463,93
"S01004024",1019,811,208
"S01004025",858,436,422
"S01004026",607,422,185
"S01004027",785,436,349
"S01004028",739,367,372
"S01004029",879,578,301
"S01004030",660,305,355
"S01004031",577,392,185
"S01004032",396,116,280
"S01004033",821,407,414
"S01004034",736,599,137
"S01004035",728,497,231
"S01004036",630,349,281
"S01004037",660,602,58
"S01004038",678,443,235
"S01004039",368,130,238
"S01004040",642,506,136
"S01004041",650,466,184
"S01004042",576,250,326
"S01004043",730,631,99
"S01004044",674,225,449
"S01004045",596,285,311
"S01004046",541,249,292
"S01004047",688,350,338
"S01004048",994,611,383
"S01004049",1310,1030,280
"S01004050",465,141,324
"S01004051",836,242,594
"S01004052",528,230,298
"S01004053",957,625,332
"S01004054",882,688,194
"S01004055",557,473,84
"S01004056",722,558,164
"S01004057",1591,774,817
"S01004058",923,441,482
"S01004059",549,284,265
"S01004060",468,248,220
"S01004061",793,220,573
"S01004062",839,722,117
"S01004063",610,293,317
"S01004064",621,545,76
"S01004065",946,325,621
"S01004066",560,372,188
"S01004067",829,654,175
"S01004068",723,281,442
"S01004069",448,237,211
"S01004070",596,298,298
"S01004071",869,539,330
"S01004072",977,674,303
"S01004073",785,392,393
"S01004074",801,406,395
"S01004075",440,128,312
"S01004076",626,447,179
"S01004077",842,633,209
"S01004078",768,428,340
"S01004079",665,336,329
"S01004080",821,309,512
"S01004081",649,600,49
"S01004082",1030,992,38
"S01004083",874,297,577
"S01004084",890,380,510
"S01004085",524,166,358
"S01004086",769,341,428
"S01004087",455,252,203
"S01004088",525,285,240
"S01004089",725,475,250
"S01004090",315,138,177
"S01004091",958,580,378
"S01004092",740,286,454
"S01004093",547,132,415
"S01004094",397,83,314
"S01004095",517,342,175
"S01004096",645,629,16
"S01004097",734,448,286
"S01004098",619,544,75
"S01004099",788,741,47
"S01004100",765,575,190
"S01004101",715,481,234
"S01004102",771,643,128
"S01004103",660,581,79
"S01004104",756,707,49
"S01004105",842,703,139
"S01004106",853,628,225
"S01004107",668,636,32
"S01004108",747,625,122
"S01004109",560,523,37
"S01004110",771,564,207
"S01004111",771,662,109
"S01004112",702,605,97
"S01004113",729,625,104
"S01004114",643,365,278
"S01004115",657,556,101
"S01004116",632,527,105
"S01004117",748,581,167
"S01004118",899,417,482
"S01004119",490,379,111
"S01004120",699,630,69
"S01004121",428,216,212
"S01004122",887,696,191
"S01004123",927,644,283
"S01004124",1031,901,130
"S01004125",655,538,117
"S01004126",675,425,250
"S01004127",860,830,30
"S01004128",683,666,17
"S01004129",728,590,138
"S01004130",514,422,92
"S01004131",809,325,484
"S01004132",536,290,246
"S01004133",811,478,333
"S01004134",646,628,18
"S01004135",588,252,336
"S01004136",623,361,262
"S01004137",575,344,231
"S01004138",694,376,318
"S01004139",561,451,110
"S01004140",540,366,174
"S01004141",673,434,239
"S01004142",540,414,126
"S01004143",846,593,253
"S01004144",1301,910,391
"S01004145",626,477,149
"S01004146",813,652,161
"S01004147",707,415,292
"S01004148",927,883,44
"S01004149",789,270,519
"S01004150",512,456,56
"S01004151",1023,487,536
"S01004152",752,374,378
"S01004153",782,455,327
"S01004154",625,489,136
"S01004155",885,272,613
"S01004156",963,445,518
"S01004157",581,535,46
"S01004158",579,383,196
"S01004159",358,183,175
"S01004160",646,444,202
"S01004161",548,334,214
"S01004162",2023,1810,213
"S01004163",662,306,356
"S01004164",860,501,359
"S01004165",969,807,162
"S01004166",735,480,255
"S01004167",664,394,270
"S01004168",615,365,250
"S01004169",738,334,404
"S01004170",734,325,409
"S01004171",633,493,140
"S01004172",756,371,385
"S01004173",606,353,253
"S01004174",721,520,201
"S01004175",540,231,309
"S01004176",632,534,98
"S01004177",494,204,290
"S01004178",566,333,233
"S01004179",490,396,94
"S01004180",900,859,41
"S01004181",798,553,245
"S01004182",928,330,598
"S01004183",1056,848,208
"S01004184",778,432,346
"S01004185",680,264,416
"S01004186",739,343,396
"S01004187",696,388,308
"S01004188",782,313,469
"S01004189",922,894,28
"S01004190",821,458,363
"S01004191",727,473,254
"S01004192",1043,578,465
"S01004193",684,463,221
"S01004194",739,441,298
"S01004195",638,422,216
"S01004196",615,291,324
"S01004197",697,344,353
"S01004198",474,330,144
"S01004199",780,560,220
"S01004200",719,665,54
"S01004201",715,564,151
"S01004202",523,433,90
"S01004203",955,681,274
"S01004204",663,561,102
"S01004205",758,402,356
"S01004206",574,547,27
"S01004207",705,382,323
"S01004208",851,700,151
"S01004209",553,502,51
"S01004210",538,459,79
"S01004211",992,900,92
"S01004212",1668,1306,362
"S01004213",530,502,28
"S01004214",637,591,46
"S01004215",578,534,44
"S01004216",807,614,193
"S01004217",447,244,203
"S01004218",802,478,324
"S01004219",508,260,248
"S01004220",886,702,184
"S01004221",783,462,321
"S01004222",558,249,309
"S01004223",722,184,538
"S01004224",684,320,364
"S01004225",753,260,493
"S01004226",660,344,316
"S01004227",1002,682,320
"S01004228",842,595,247
"S01004229",643,433,210
"S01004230",688,417,271
"S01004231",707,406,301
"S01004232",624,524,100
"S01004233",815,447,368
"S01004234",988,734,254
"S01004235",854,568,286
"S01004236",975,680,295
"S01004237",680,481,199
"S01004238",566,340,226
"S01004239",812,581,231
"S01004240",800,596,204
"S01004241",536,383,153
"S01004242",845,493,352
"S01004243",699,598,101
"S01004244",656,399,257
"S01004245",937,666,271
"S01004246",635,479,156
"S01004247",843,457,386
"S01004248",1036,598,438
"S01004249",916,663,253
"S01004250",1025,758,267
"S01004251",833,668,165
"S01004252",638,543,95
"S01004253",579,457,122
"S01004254",640,535,105
"S01004255",2886,1887,999
"S01004256",1460,1013,447
"S01004257",621,483,138
"S01004258",715,566,149
"S01004259",718,484,234
"S01004260",513,434,79
"S01004261",786,436,350
"S01004262",763,478,285
"S01004263",748,334,414
"S01004264",793,437,356
"S01004265",909,564,345
"S01004266",545,307,238
"S01004267",505,463,42
"S01004268",636,355,281
"S01004269",838,634,204
"S01004270",559,307,252
"S01004271",643,400,243
"S01004272",565,504,61
"S01004273",575,524,51
"S01004274",910,619,291
"S01004275",584,424,160
"S01004276",848,523,325
"S01004277",713,602,111
"S01004278",1207,916,291
"S01004279",819,349,470
"S01004280",925,680,245
"S01004281",706,441,265
"S01004282",880,438,442
"S01004283",702,468,234
"S01004284",902,513,389
"S01004285",474,306,168
"S01004286",578,237,341
"S01004287",641,509,132
"S01004288",661,494,167
"S01004289",543,355,188
"S01004290",1000,752,248
"S01004291",807,640,167
"S01004292",988,229,759
"S01004293",928,741,187
"S01004294",730,558,172
"S01004295",734,487,247
"S01004296",880,674,206
"S01004297",645,350,295
"S01004298",1269,1014,255
"S01004299",520,220,300
"S01004300",568,232,336
"S01004301",774,641,133
"S01004302",669,637,32
"S01004303",626,270,356
"S01004304",798,344,454
"S01004305",647,429,218
"S01004306",597,364,233
"S01004307",679,296,383
"S01004308",965,661,304
"S01004309",887,577,310
"S01004310",709,435,274
"S01004311",1153,604,549
"S01004312",695,447,248
"S01004313",1272,912,360
"S01004314",787,608,179
"S01004315",502,210,292
"S01004316",536,42,494
"S01004317",1104,914,190
"S01004318",495,261,234
"S01004319",888,721,167
"S01004320",824,576,248
"S01004321",777,280,497
"S01004322",967,730,237
"S01004323",657,398,259
"S01004324",797,434,363
"S01004325",1046,866,180
"S01004326",843,722,121
"S01004327",682,603,79
"S01004328",607,474,133
"S01004329",504,364,140
"S01004330",1412,1024,388
"S01004331",575,431,144
"S01004332",625,490,135
"S01004333",578,403,175
"S01004334",925,689,236
"S01004335",535,343,192
"S01004336",995,782,213
"S01004337",740,474,266
"S01004338",769,597,172
"S01004339",950,831,119
"S01004340",537,328,209
"S01004341",558,274,284
"S01004342",764,380,384
"S01004343",635,245,390
"S01004344",744,511,233
"S01004345",1146,720,426
"S01004346",445,312,133
"S01004347",898,770,128
"S01004348",637,456,181
"S01004349",721,557,164
"S01004350",516,417,99
"S01004351",532,332,200
"S01004352",531,441,90
"S01004353",838,576,262
"S01004354",514,326,188
"S01004355",571,435,136
"S01004356",951,660,291
"S01004357",820,803,17
"S01004358",665,590,75
"S01004359",546,353,193
"S01004360",633,356,277
"S01004361",767,572,195
"S01004362",604,245,359
"S01004363",886,182,704
"S01004364",874,297,577
"S01004365",703,342,361
"S01004366",589,372,217
"S01004367",781,433,348
"S01004368",510,213,297
"S01004369",697,428,269
"S01004370",680,605,75
"S01004371",727,328,399
"S01004372",876,699,177
"S01004373",670,290,380
"S01004374",768,411,357
"S01004375",624,315,309
"S01004376",871,422,449
"S01004377",709,404,305
"S01004378",913,622,291
"S01004379",903,433,470
"S01004380",697,248,449
"S01004381",781,469,312
"S01004382",681,401,280
"S01004383",796,535,261
"S01004384",662,378,284
"S01004385",740,539,201
"S01004386",971,813,158
"S01004387",947,594,353
"S01004388",696,196,500
"S01004389",586,462,124
"S01004390",782,407,375
"S01004391",555,489,66
"S01004392",844,539,305
"S01004393",889,549,340
"S01004394",799,359,440
"S01004395",596,223,373
"S01004396",758,385,373
"S01004397",907,839,68
"S01004398",806,589,217
"S01004399",482,224,258
"S01004400",548,305,243
"S01004401",1079,912,167
"S01004402",852,460,392
"S01004403",504,386,118
"S01004404",734,609,125
"S01004405",757,488,269
"S01004406",890,342,548
"S01004407",656,297,359
"S01004408",1400,1191,209
"S01004409",434,302,132
"S01004410",969,520,449
"S01004411",542,339,203
"S01004412",997,667,330
"S01004413",689,340,349
"S01004414",684,269,415
"S01004415",680,277,403
"S01004416",763,512,251
"S01004417",807,296,511
"S01004418",895,544,351
"S01004419",760,461,299
"S01004420",718,630,88
"S01004421",862,245,617
"S01004422",594,319,275
"S01004423",737,486,251
"S01004424",692,271,421
"S01004425",565,488,77
"S01004426",585,467,118
"S01004427",728,370,358
"S01004428",888,447,441
"S01004429",809,346,463
"S01004430",495,308,187
"S01004431",666,241,425
"S01004432",978,564,414
"S01004433",908,637,271
"S01004434",815,462,353
"S01004435",842,625,217
"S01004436",757,447,310
"S01004437",901,473,428
"S01004438",637,284,353
"S01004439",688,325,363
"S01004440",736,376,360
"S01004441",1333,1223,110
"S01004442",846,391,455
"S01004443",711,223,488
"S01004444",900,349,551
"S01004445",779,447,332
"S01004446",807,404,403
"S01004447",729,308,421
"S01004448",546,497,49
"S01004449",805,418,387
"S01004450",833,364,469
"S01004451",855,329,526
"S01004452",651,560,91
"S01004453",955,908,47
"S01004454",1004,577,427
"S01004455",790,689,101
"S01004456",494,422,72
"S01004457",871,456,415
"S01004458",825,311,514
"S01004459",556,381,175
"S01004460",590,546,44
"S01004461",574,472,102
"S01004462",645,577,68
"S01004463",739,604,135
"S01004464",839,412,427
"S01004465",723,644,79
"S01004466",946,766,180
"S01004467",916,419,497
"S01004468",918,782,136
"S01004469",642,251,391
"S01004470",737,699,38
"S01004471",2065,1666,399
"S01004472",666,612,54
"S01004473",1103,1034,69
"S01004474",1048,579,469
"S01004475",489,412,77
"S01004476",735,595,140
"S01004477",1097,903,194
"S01004478",590,324,266
"S01004479",705,621,84
"S01004480",944,465,479
"S01004481",829,507,322
"S01004482",856,450,406
"S01004483",708,331,377
"S01004484",1004,885,119
"S01004485",542,449,93
"S01004486",962,838,124
"S01004487",1043,737,306
"S01004488",678,446,232
"S01004489",923,859,64
"S01004490",658,610,48
"S01004491",794,289,505
"S01004492",921,464,457
"S01004493",927,623,304
"S01004494",883,399,484
"S01004495",696,318,378
"S01004496",635,431,204
"S01004497",826,453,373
"S01004498",702,531,171
"S01004499",610,406,204
"S01004500",712,682,30
"S01004501",721,405,316
"S01004502",730,596,134
"S01004503",648,453,195
"S01004504",694,306,388
"S01004505",560,316,244
"S01004506",522,330,192
"S01004507",706,521,185
"S01004508",697,524,173
"S01004509",1028,861,167
"S01004510",752,693,59
"S01004511",919,752,167
"S01004512",856,795,61
"S01004513",522,412,110
"S01004514",596,496,100
"S01004515",747,419,328
"S01004516",449,370,79
"S01004517",737,424,313
"S01004518",634,511,123
"S01004519",917,593,324
"S01004520",914,698,216
"S01004521",754,696,58
"S01004522",863,803,60
"S01004523",733,662,71
"S01004524",561,537,24
"S01004525",934,823,111
"S01004526",682,622,60
"S01004527",617,445,172
"S01004528",737,487,250
"S01004529",852,642,210
"S01004530",547,496,51
"S01004531",1044,814,230
"S01004532",852,177,675
"S01004533",441,37,404
"S01004534",645,306,339
"S01004535",898,667,231
"S01004536",680,284,396
"S01004537",815,408,407
"S01004538",734,484,250
"S01004539",716,369,347
"S01004540",1151,794,357
"S01004541",840,487,353
"S01004542",790,703,87
"S01004543",811,520,291
"S01004544",1844,1159,685
"S01004545",737,336,401
"S01004546",854,385,469
"S01004547",844,260,584
"S01004548",762,396,366
"S01004549",2087,1608,479
"S01004550",667,82,585
"S01004551",1505,1252,253
"S01004552",810,309,501
"S01004553",534,357,177
"S01004554",726,421,305
"S01004555",614,445,169
"S01004556",674,191,483
"S01004557",430,368,62
"S01004558",924,537,387
"S01004559",954,725,229
"S01004560",588,161,427
"S01004561",957,369,588
"S01004562",541,385,156
"S01004563",793,630,163
"S01004564",594,531,63
"S01004565",902,824,78
"S01004566",694,519,175
"S01004567",475,40,435
"S01004568",693,497,196
"S01004569",734,142,592
"S01004570",626,584,42
"S01004571",635,453,182
"S01004572",722,422,300
"S01004573",596,432,164
"S01004574",487,448,39
"S01004575",665,392,273
"S01004576",560,509,51
"S01004577",617,462,155
"S01004578",851,813,38
"S01004579",605,85,520
"S01004580",827,512,315
"S01004581",1240,748,492
"S01004582",580,473,107
"S01004583",798,223,575
"S01004584",679,315,364
"S01004585",552,283,269
"S01004586",1060,933,127
"S01004587",1217,396,821
"S01004588",628,402,226
"S01004589",783,672,111
"S01004590",839,351,488
"S01004591",558,364,194
"S01004592",637,273,364
"S01004593",955,694,261
"S01004594",491,170,321
"S01004595",1019,870,149
"S01004596",662,169,493
"S01004597",531,494,37
"S01004598",678,466,212
"S01004599",959,654,305
"S01004600",865,402,463
"S01004601",895,464,431
"S01004602",860,812,48
"S01004603",796,270,526
"S01004604",554,303,251
"S01004605",965,396,569
"S01004606",823,475,348
"S01004607",560,325,235
"S01004608",1562,1251,311
"S01004609",562,175,387
"S01004610",697,299,398
"S01004611",1041,589,452
"S01004612",1090,448,642
"S01004613",1699,1319,380
"S01004614",750,488,262
"S01004615",1182,806,376
"S01004616",877,605,272
"S01004617",669,148,521
"S01004618",649,116,533
"S01004619",514,188,326
"S01004620",666,166,500
"S01004621",884,689,195
"S01004622",858,574,284
"S01004623",956,565,391
"S01004624",1212,668,544
"S01004625",821,374,447
"S01004626",2033,1498,535
"S01004627",522,412,110
"S01004628",544,141,403
"S01004629",887,786,101
"S01004630",897,703,194
"S01004631",731,385,346
"S01004632",954,422,532
"S01004633",574,419,155
"S01004634",1114,963,151
"S01004635",774,319,455
"S01004636",630,271,359
"S01004637",565,396,169
"S01004638",524,237,287
"S01004639",661,344,317
"S01004640",746,382,364
"S01004641",610,470,140
"S01004642",814,465,349
"S01004643",494,186,308
"S01004644",728,519,209
"S01004645",951,234,717
"S01004646",781,443,338
"S01004647",1114,896,218
"S01004648",1122,549,573
"S01004649",578,293,285
"S01004650",802,419,383
"S01004651",917,395,522
"S01004652",962,626,336
"S01004653",612,378,234
"S01004654",1015,852,163
"S01004655",967,426,541
"S01004656",596,203,393
"S01004657",734,582,152
"S01004658",947,755,192
"S01004659",503,371,132
"S01004660",768,712,56
"S01004661",741,387,354
"S01004662",908,521,387
"S01004663",512,375,137
"S01004664",562,387,175
"S01004665",673,241,432
"S01004666",755,469,286
"S01004667",698,328,370
"S01004668",890,735,155
"S01004669",885,492,393
"S01004670",965,471,494
"S01004671",806,598,208
"S01004672",641,446,195
"S01004673",909,258,651
"S01004674",797,494,303
"S01004675",821,637,184
"S01004676",766,432,334
"S01004677",873,470,403
"S01004678",873,704,169
"S01004679",473,289,184
"S01004680",862,233,629
"S01004681",780,640,140
"S01004682",529,190,339
"S01004683",674,627,47
"S01004684",1470,1134,336
"S01004685",501,199,302
"S01004686",738,418,320
"S01004687",1052,703,349
"S01004688",655,603,52
"S01004689",1018,723,295
"S01004690",530,474,56
"S01004691",714,686,28
"S01004692",673,370,303
"S01004693",704,575,129
"S01004694",572,350,222
"S01004695",747,726,21
"S01004696",937,366,571
"S01004697",801,714,87
"S01004698",609,551,58
"S01004699",810,320,490
"S01004700",746,582,164
"S01004701",865,798,67
"S01004702",548,424,124
"S01004703",892,795,97
"S01004704",614,310,304
"S01004705",941,778,163
"S01004706",1629,1499,130
"S01004707",929,517,412
"S01004708",654,397,257
"S01004709",703,646,57
"S01004710",767,400,367
"S01004711",917,398,519
"S01004712",496,322,174
"S01004713",728,409,319
"S01004714",787,499,288
"S01004715",1668,1314,354
"S01004716",844,616,228
"S01004717",952,537,415
"S01004718",889,503,386
"S01004719",966,683,283
"S01004720",861,536,325
"S01004721",569,530,39
"S01004722",690,353,337
"S01004723",655,556,99
"S01004724",965,579,386
"S01004725",638,496,142
"S01004726",577,277,300
"S01004727",791,349,442
"S01004728",945,825,120
"S01004729",620,330,290
"S01004730",1409,454,955
"S01004731",847,672,175
"S01004732",626,527,99
"S01004733",690,398,292
"S01004734",507,266,241
"S01004735",958,703,255
"S01004736",757,444,313
"S01004737",750,461,289
"S01004738",649,205,444
"S01004739",664,619,45
"S01004740",819,554,265
"S01004741",597,322,275
"S01004742",1328,964,364
"S01004743",878,798,80
"S01004744",552,305,247
"S01004745",779,191,588
"S01004746",834,451,383
"S01004747",696,668,28
"S01004748",588,270,318
"S01004749",1084,831,253
"S01004750",641,222,419
"S01004751",799,185,614
"S01004752",827,366,461
"S01004753",763,385,378
"S01004754",637,448,189
"S01004755",683,395,288
"S01004756",577,419,158
"S01004757",826,425,401
"S01004758",855,637,218
"S01004759",584,466,118
"S01004760",720,359,361
"S01004761",528,264,264
"S01004762",622,358,264
"S01004763",848,752,96
"S01004764",736,351,385
"S01004765",1320,733,587
"S01004766",1196,721,475
"S01004767",674,381,293
"S01004768",852,258,594
"S01004769",548,314,234
"S01004770",550,211,339
"S01004771",830,624,206
"S01004772",572,328,244
"S01004773",754,363,391
"S01004774",924,869,55
"S01004775",785,57,728
"S01004776",721,526,195
"S01004777",733,648,85
"S01004778",686,389,297
"S01004779",823,556,267
"S01004780",639,424,215
"S01004781",926,629,297
"S01004782",1176,752,424
"S01004783",903,825,78
"S01004784",672,371,301
"S01004785",629,406,223
"S01004786",483,300,183
"S01004787",980,653,327
"S01004788",677,618,59
"S01004789",983,455,528
"S01004790",719,663,56
"S01004791",525,413,112
"S01004792",596,483,113
"S01004793",747,638,109
"S01004794",708,458,250
"S01004795",899,530,369
"S01004796",710,550,160
"S01004797",696,380,316
"S01004798",846,319,527
"S01004799",556,285,271
"S01004800",661,366,295
"S01004801",719,453,266
"S01004802",854,590,264
"S01004803",850,352,498
"S01004804",853,355,498
"S01004805",608,196,412
"S01004806",605,376,229
"S01004807",514,194,320
"S01004808",705,220,485
"S01004809",438,284,154
"S01004810",575,260,315
"S01004811",717,511,206
"S01004812",816,292,524
"S01004813",868,645,223
"S01004814",808,521,287
"S01004815",1728,1400,328
"S01004816",792,426,366
"S01004817",626,309,317
"S01004818",787,387,400
"S01004819",477,248,229
"S01004820",1044,550,494
"S01004821",1753,1246,507
"S01004822",689,379,310
"S01004823",896,555,341
"S01004824",753,632,121
"S01004825",597,301,296
"S01004826",961,360,601
"S01004827",619,316,303
"S01004828",1158,957,201
"S01004829",699,367,332
"S01004830",729,307,422
"S01004831",828,754,74
"S01004832",1342,1089,253
"S01004833",710,518,192
"S01004834",759,607,152
"S01004835",820,632,188
"S01004836",707,649,58
"S01004837",930,640,290
"S01004838",1819,1480,339
"S01004839",864,522,342
"S01004840",848,545,303
"S01004841",812,469,343
"S01004842",1491,1381,110
"S01004843",650,373,277
"S01004844",916,740,176
"S01004845",764,505,259
"S01004846",1021,756,265
"S01004847",994,880,114
"S01004848",713,651,62
"S01004849",530,309,221
"S01004850",1466,1251,215
"S01004851",647,218,429
"S01004852",683,264,419
"S01004853",733,560,173
"S01004854",1089,940,149
"S01004855",633,340,293
"S01004856",1538,1320,218
"S01004857",838,640,198
"S01004858",851,697,154
"S01004859",917,818,99
"S01004860",1366,1273,93
"S01004861",710,675,35
"S01004862",634,593,41
"S01004863",844,762,82
"S01004864",529,484,45
"S01004865",716,600,116
"S01004866",824,680,144
"S01004867",736,698,38
"S01004868",710,391,319
"S01004869",785,756,29
"S01004870",851,703,148
"S01004871",770,562,208
"S01004872",815,607,208
"S01004873",751,616,135
"S01004874",1070,627,443
"S01004875",727,464,263
"S01004876",929,695,234
"S01004877",705,525,180
"S01004878",797,537,260
"S01004879",657,424,233
"S01004880",729,360,369
"S01004881",758,545,213
"S01004882",502,376,126
"S01004883",2080,1732,348
"S01004884",552,535,17
"S01004885",539,285,254
"S01004886",878,453,425
"S01004887",403,342,61
"S01004888",634,597,37
"S01004889",793,408,385
"S01004890",769,222,547
"S01004891",992,458,534
"S01004892",683,657,26
"S01004893",711,403,308
"S01004894",849,475,374
"S01004895",876,576,300
"S01004896",873,613,260
"S01004897",575,547,28
"S01004898",939,608,331
"S01004899",764,573,191
"S01004900",939,900,39
"S01004901",753,357,396
"S01004902",729,480,249
"S01004903",584,570,14
"S01004904",905,520,385
"S01004905",990,706,284
"S01004906",792,550,242
"S01004907",793,752,41
"S01004908",624,486,138
"S01004909",777,670,107
"S01004910",836,677,159
"S01004911",904,858,46
"S01004912",730,487,243
"S01004913",641,421,220
"S01004914",634,496,138
"S01004915",636,332,304
"S01004916",687,412,275
"S01004917",596,571,25
"S01004918",645,546,99
"S01004919",720,445,275
"S01004920",884,650,234
"S01004921",656,378,278
"S01004922",667,625,42
"S01004923",941,664,277
"S01004924",773,610,163
"S01004925",568,415,153
"S01004926",882,839,43
"S01004927",860,782,78
"S01004928",1557,1453,104
"S01004929",627,566,61
"S01004930",627,316,311
"S01004931",1005,555,450
"S01004932",774,331,443
"S01004933",877,590,287
"S01004934",735,402,333
"S01004935",505,487,18
"S01004936",888,527,361
"S01004937",547,235,312
"S01004938",731,447,284
"S01004939",550,332,218
"S01004940",519,340,179
"S01004941",608,324,284
"S01004942",918,763,155
"S01004943",1100,852,248
"S01004944",498,395,103
"S01004945",660,506,154
"S01004946",721,650,71
"S01004947",748,627,121
"S01004948",534,333,201
"S01004949",715,587,128
"S01004950",814,669,145
"S01004951",724,395,329
"S01004952",1091,828,263
"S01004953",835,560,275
"S01004954",703,390,313
"S01004955",608,404,204
"S01004956",768,594,174
"S01004957",724,635,89
"S01004958",1150,691,459
"S01004959",712,316,396
"S01004960",535,366,169
"S01004961",652,416,236
"S01004962",628,552,76
"S01004963",623,450,173
"S01004964",1063,879,184
"S01004965",940,790,150
"S01004966",1052,902,150
"S01004967",669,589,80
"S01004968",572,452,120
"S01004969",896,721,175
"S01004970",834,590,244
"S01004971",1021,802,219
"S01004972",819,672,147
"S01004973",959,849,110
"S01004974",1181,1052,129
"S01004975",756,686,70
"S01004976",950,656,294
"S01004977",965,627,338
"S01004978",1001,786,215
"S01004979",805,754,51
"S01004980",962,836,126
"S01004981",980,829,151
"S01004982",620,533,87
"S01004983",963,656,307
"S01004984",763,610,153
"S01004985",813,594,219
"S01004986",753,647,106
"S01004987",497,445,52
"S01004988",547,505,42
"S01004989",672,479,193
"S01004990",593,473,120
"S01004991",659,478,181
"S01004992",848,538,310
"S01004993",691,640,51
"S01004994",745,531,214
"S01004995",976,612,364
"S01004996",708,524,184
"S01004997",939,633,306
"S01004998",1258,951,307
"S01004999",870,537,333
"S01005000",546,399,147
"S01005001",1026,829,197
"S01005002",991,744,247
"S01005003",1087,675,412
"S01005004",881,730,151
"S01005005",941,655,286
"S01005006",654,491,163
"S01005007",839,536,303
"S01005008",947,605,342
"S01005009",1033,910,123
"S01005010",692,429,263
"S01005011",860,478,382
"S01005012",859,518,341
"S01005013",817,586,231
"S01005014",871,524,347
"S01005015",601,449,152
"S01005016",869,604,265
"S01005017",716,675,41
"S01005018",594,440,154
"S01005019",741,353,388
"S01005020",734,557,177
"S01005021",947,817,130
"S01005022",708,577,131
"S01005023",742,435,307
"S01005024",892,728,164
"S01005025",689,421,268
"S01005026",670,582,88
"S01005027",812,540,272
"S01005028",899,746,153
"S01005029",981,699,282
"S01005030",1027,852,175
"S01005031",670,342,328
"S01005032",866,698,168
"S01005033",735,708,27
"S01005034",779,716,63
"S01005035",980,735,245
"S01005036",632,564,68
"S01005037",1151,346,805
"S01005038",744,693,51
"S01005039",1056,974,82
"S01005040",1112,278,834
"S01005041",682,174,508
"S01005042",798,754,44
"S01005043",789,502,287
"S01005044",929,558,371
"S01005045",1003,875,128
"S01005046",1310,1025,285
"S01005047",1516,472,1044
"S01005048",541,515,26
"S01005049",793,284,509
"S01005050",910,318,592
"S01005051",823,744,79
"S01005052",914,704,210
"S01005053",865,298,567
"S01005054",592,263,329
"S01005055",811,460,351
"S01005056",679,349,330
"S01005057",739,330,409
"S01005058",809,371,438
"S01005059",510,332,178
"S01005060",727,383,344
"S01005061",1042,710,332
"S01005062",490,82,408
"S01005063",495,415,80
"S01005064",754,653,101
"S01005065",1252,602,650
"S01005066",786,186,600
"S01005067",506,237,269
"S01005068",641,425,216
"S01005069",594,257,337
"S01005070",1091,642,449
"S01005071",190,69,121
"S01005072",622,367,255
"S01005073",600,433,167
"S01005074",1210,1018,192
"S01005075",435,85,350
"S01005076",768,365,403
"S01005077",1036,877,159
"S01005078",692,432,260
"S01005079",638,340,298
"S01005080",454,258,196
"S01005081",656,405,251
"S01005082",657,542,115
"S01005083",959,672,287
"S01005084",613,358,255
"S01005085",533,385,148
"S01005086",1638,998,640
"S01005087",492,318,174
"S01005088",539,410,129
"S01005089",738,549,189
"S01005090",866,698,168
"S01005091",637,576,61
"S01005092",672,468,204
"S01005093",702,410,292
"S01005094",798,623,175
"S01005095",1558,1155,403
"S01005096",734,557,177
"S01005097",840,708,132
"S01005098",703,540,163
"S01005099",797,647,150
"S01005100",913,798,115
"S01005101",996,725,271
"S01005102",854,626,228
"S01005103",997,745,252
"S01005104",624,358,266
"S01005105",886,574,312
"S01005106",555,330,225
"S01005107",454,380,74
"S01005108",635,462,173
"S01005109",1458,1190,268
"S01005110",1115,713,402
"S01005111",576,483,93
"S01005112",843,535,308
"S01005113",1045,690,355
"S01005114",990,476,514
"S01005115",901,543,358
"S01005116",621,342,279
"S01005117",947,770,177
"S01005118",790,543,247
"S01005119",676,635,41
"S01005120",620,566,54
"S01005121",894,707,187
"S01005122",866,712,154
"S01005123",750,651,99
"S01005124",703,530,173
"S01005125",838,349,489
"S01005126",621,459,162
"S01005127",676,277,399
"S01005128",962,798,164
"S01005129",948,612,336
"S01005130",664,246,418
"S01005131",980,626,354
"S01005132",662,528,134
"S01005133",401,270,131
"S01005134",989,692,297
"S01005135",779,575,204
"S01005136",813,464,349
"S01005137",940,506,434
"S01005138",1111,683,428
"S01005139",642,344,298
"S01005140",593,367,226
"S01005141",811,508,303
"S01005142",553,360,193
"S01005143",1068,609,459
"S01005144",1079,787,292
"S01005145",695,429,266
"S01005146",682,450,232
"S01005147",890,482,408
"S01005148",846,718,128
"S01005149",593,454,139
"S01005150",660,529,131
"S01005151",670,485,185
"S01005152",1465,1316,149
"S01005153",868,756,112
"S01005154",637,572,65
"S01005155",687,559,128
"S01005156",695,457,238
"S01005157",871,599,272
"S01005158",677,561,116
"S01005159",917,633,284
"S01005160",1089,669,420
"S01005161",951,689,262
"S01005162",918,524,394
"S01005163",628,428,200
"S01005164",914,633,281
"S01005165",720,540,180
"S01005166",989,544,445
"S01005167",670,302,368
"S01005168",740,589,151
"S01005169",577,518,59
"S01005170",785,722,63
"S01005171",787,400,387
"S01005172",1468,1367,101
"S01005173",691,567,124
"S01005174",622,304,318
"S01005175",820,728,92
"S01005176",688,302,386
"S01005177",829,255,574
"S01005178",956,627,329
"S01005179",925,738,187
"S01005180",842,797,45
"S01005181",924,728,196
"S01005182",737,285,452
"S01005183",903,452,451
"S01005184",932,222,710
"S01005185",517,376,141
"S01005186",731,527,204
"S01005187",990,759,231
"S01005188",884,838,46
"S01005189",877,468,409
"S01005190",859,805,54
"S01005191",926,410,516
"S01005192",1115,939,176
"S01005193",751,715,36
"S01005194",591,478,113
"S01005195",900,858,42
"S01005196",809,228,581
"S01005197",700,411,289
"S01005198",846,786,60
"S01005199",764,567,197
"S01005200",537,498,39
"S01005201",917,517,400
"S01005202",870,535,335
"S01005203",776,626,150
"S01005204",506,470,36
"S01005205",1101,912,189
"S01005206",960,845,115
"S01005207",892,422,470
"S01005208",558,244,314
"S01005209",866,611,255
"S01005210",908,398,510
"S01005211",686,294,392
"S01005212",535,459,76
"S01005213",919,750,169
"S01005214",922,317,605
"S01005215",966,571,395
"S01005216",751,373,378
"S01005217",871,670,201
"S01005218",932,436,496
"S01005219",903,520,383
"S01005220",660,480,180
"S01005221",646,565,81
"S01005222",583,333,250
"S01005223",722,518,204
"S01005224",724,701,23
"S01005225",963,800,163
"S01005226",510,380,130
"S01005227",1060,523,537
"S01005228",885,761,124
"S01005229",1122,518,604
"S01005230",825,603,222
"S01005231",715,573,142
"S01005232",1002,484,518
"S01005233",740,269,471
"S01005234",1313,987,326
"S01005235",695,510,185
"S01005236",1175,856,319
"S01005237",983,947,36
"S01005238",800,659,141
"S01005239",962,395,567
"S01005240",834,243,591
"S01005241",952,914,38
"S01005242",1107,365,742
"S01005243",1057,281,776
"S01005244",905,856,49
"S01005245",684,250,434
"S01005246",878,177,701
"S01005247",624,60,564
"S01005248",619,256,363
"S01005249",849,316,533
"S01005250",835,192,643
"S01005251",852,421,431
"S01005252",506,201,305
"S01005253",547,444,103
"S01005254",750,434,316
"S01005255",710,162,548
"S01005256",846,763,83
"S01005257",904,720,184
"S01005258",1014,945,69
"S01005259",541,217,324
"S01005260",629,226,403
"S01005261",653,159,494
"S01005262",1090,807,283
"S01005263",534,88,446
"S01005264",628,399,229
"S01005265",479,136,343
"S01005266",846,468,378
"S01005267",1070,613,457
"S01005268",1315,373,942
"S01005269",940,736,204
"S01005270",1046,943,103
"S01005271",519,493,26
"S01005272",538,39,499
"S01005273",731,625,106
"S01005274",745,291,454
"S01005275",546,217,329
"S01005276",722,365,357
"S01005277",669,554,115
"S01005278",789,531,258
"S01005279",553,494,59
"S01005280",753,329,424
"S01005281",767,517,250
"S01005282",756,307,449
"S01005283",800,767,33
"S01005284",605,249,356
"S01005285",693,569,124
"S01005286",801,765,36
"S01005287",1034,606,428
"S01005288",778,446,332
"S01005289",989,555,434
"S01005290",604,418,186
"S01005291",684,596,88
"S01005292",744,267,477
"S01005293",760,430,330
"S01005294",569,511,58
"S01005295",586,345,241
"S01005296",831,793,38
"S01005297",647,630,17
"S01005298",1082,1006,76
"S01005299",503,485,18
"S01005300",911,854,57
"S01005301",868,839,29
"S01005302",1000,776,224
"S01005303",842,617,225
"S01005304",662,628,34
"S01005305",744,511,233
"S01005306",956,884,72
"S01005307",953,910,43
"S01005308",532,206,326
"S01005309",851,640,211
"S01005310",975,688,287
"S01005311",818,755,63
"S01005312",1068,837,231
"S01005313",841,777,64
"S01005314",457,436,21
"S01005315",795,379,416
"S01005316",848,780,68
"S01005317",519,498,21
"S01005318",573,450,123
"S01005319",617,572,45
"S01005320",610,476,134
"S01005321",604,437,167
"S01005322",1859,1357,502
"S01005323",757,567,190
"S01005324",781,518,263
"S01005325",2209,1569,640
"S01005326",921,385,536
"S01005327",604,350,254
"S01005328",704,288,416
"S01005329",641,467,174
"S01005330",694,490,204
"S01005331",669,361,308
"S01005332",523,448,75
"S01005333",772,756,16
"S01005334",1137,1019,118
"S01005335",505,475,30
"S01005336",598,506,92
"S01005337",872,827,45
"S01005338",562,548,14
"S01005339",770,583,187
"S01005340",573,515,58
"S01005341",647,505,142
"S01005342",730,553,177
"S01005343",932,877,55
"S01005344",726,557,169
"S01005345",747,712,35
"S01005346",789,762,27
"S01005347",675,636,39
"S01005348",859,632,227
"S01005349",846,759,87
"S01005350",709,661,48
"S01005351",1090,870,220
"S01005352",926,686,240
"S01005353",1057,782,275
"S01005354",843,808,35
"S01005355",737,548,189
"S01005356",681,660,21
"S01005357",790,541,249
"S01005358",782,612,170
"S01005359",808,779,29
"S01005360",762,737,25
"S01005361",932,877,55
"S01005362",763,524,239
"S01005363",654,412,242
"S01005364",893,637,256
"S01005365",828,594,234
"S01005366",708,577,131
"S01005367",751,373,378
"S01005368",617,380,237
"S01005369",974,479,495
"S01005370",814,611,203
"S01005371",947,829,118
"S01005372",862,594,268
"S01005373",722,422,300
"S01005374",870,559,311
"S01005375",935,660,275
"S01005376",981,727,254
"S01005377",863,462,401
"S01005378",808,246,562
"S01005379",920,672,248
"S01005380",671,250,421
"S01005381",641,213,428
"S01005382",834,148,686
"S01005383",567,298,269
"S01005384",918,712,206
"S01005385",962,555,407
"S01005386",653,502,151
"S01005387",899,542,357
"S01005388",773,466,307
"S01005389",744,346,398
"S01005390",850,531,319
"S01005391",734,494,240
"S01005392",831,400,431
"S01005393",884,543,341
"S01005394",863,597,266
"S01005395",975,772,203
"S01005396",741,450,291
"S01005397",544,353,191
"S01005398",969,845,124
"S01005399",981,606,375
"S01005400",1031,398,633
"S01005401",825,580,245
"S01005402",1013,739,274
"S01005403",892,539,353
"S01005404",970,667,303
"S01005405",563,403,160
"S01005406",546,357,189
"S01005407",1435,875,560
"S01005408",579,309,270
"S01005409",700,522,178
"S01005410",1009,499,510
"S01005411",968,743,225
"S01005412",988,699,289
"S01005413",906,408,498
"S01005414",1006,748,258
"S01005415",970,661,309
"S01005416",955,432,523
"S01005417",1208,826,382
"S01005418",1106,885,221
"S01005419",718,421,297
"S01005420",735,595,140
"S01005421",870,632,238
"S01005422",763,526,237
"S01005423",989,741,248
"S01005424",848,611,237
"S01005425",980,232,748
"S01005426",769,254,515
"S01005427",774,363,411
"S01005428",1049,581,468
"S01005429",687,335,352
"S01005430",537,426,111
"S01005431",667,404,263
"S01005432",704,451,253
"S01005433",850,494,356
"S01005434",800,307,493
"S01005435",1058,750,308
"S01005436",915,627,288
"S01005437",916,680,236
"S01005438",788,452,336
"S01005439",699,412,287
"S01005440",1266,765,501
"S01005441",1045,630,415
"S01005442",1971,1438,533
"S01005443",1154,923,231
"S01005444",1319,827,492
"S01005445",999,790,209
"S01005446",775,530,245
"S01005447",932,724,208
"S01005448",873,725,148
"S01005449",937,599,338
"S01005450",1130,674,456
"S01005451",910,673,237
"S01005452",899,861,38
"S01005453",802,452,350
"S01005454",859,600,259
"S01005455",871,509,362
"S01005456",858,623,235
"S01005457",957,575,382
"S01005458",713,443,270
"S01005459",931,619,312
"S01005460",868,566,302
"S01005461",755,378,377
"S01005462",1072,686,386
"S01005463",622,495,127
"S01005464",648,400,248
"S01005465",610,437,173
"S01005466",1119,787,332
"S01005467",508,411,97
"S01005468",896,729,167
"S01005469",889,488,401
"S01005470",734,571,163
"S01005471",813,696,117
"S01005472",1450,1083,367
"S01005473",991,627,364
"S01005474",888,476,412
"S01005475",924,612,312
"S01005476",911,738,173
"S01005477",863,568,295
"S01005478",753,435,318
"S01005479",599,396,203
"S01005480",1271,1002,269
"S01005481",687,375,312
"S01005482",663,446,217
"S01005483",939,608,331
"S01005484",535,369,166
"S01005485",851,454,397
"S01005486",874,504,370
"S01005487",699,411,288
"S01005488",792,440,352
"S01005489",959,587,372
"S01005490",652,538,114
"S01005491",823,609,214
"S01005492",930,609,321
"S01005493",691,629,62
"S01005494",882,674,208
"S01005495",769,625,144
"S01005496",1025,805,220
"S01005497",915,804,111
"S01005498",968,568,400
"S01005499",638,268,370
"S01005500",720,498,222
"S01005501",1043,695,348
"S01005502",833,545,288
"S01005503",607,413,194
"S01005504",638,381,257
"S01005505",621,324,297
"S01005506",849,461,388
"S01005507",587,269,318
"S01005508",697,385,312
"S01005509",659,490,169
"S01005510",726,655,71
"S01005511",652,546,106
"S01005512",688,493,195
"S01005513",813,571,242
"S01005514",624,500,124
"S01005515",566,479,87
"S01005516",559,463,96
"S01005517",957,554,403
"S01005518",1037,705,332
"S01005519",643,434,209
"S01005520",960,749,211
"S01005521",684,450,234
"S01005522",631,341,290
"S01005523",768,528,240
"S01005524",769,563,206
"S01005525",662,466,196
"S01005526",674,323,351
"S01005527",493,236,257
"S01005528",558,406,152
"S01005529",950,630,320
"S01005530",626,262,364
"S01005531",551,448,103
"S01005532",817,592,225
"S01005533",712,510,202
"S01005534",583,412,171
"S01005535",850,483,367
"S01005536",890,668,222
"S01005537",712,430,282
"S01005538",814,645,169
"S01005539",863,547,316
"S01005540",748,372,376
"S01005541",637,330,307
"S01005542",733,485,248
"S01005543",765,469,296
"S01005544",709,424,285
"S01005545",1217,956,261
"S01005546",746,556,190
"S01005547",964,716,248
"S01005548",1234,1065,169
"S01005549",1496,1263,233
"S01005550",612,563,49
"S01005551",840,797,43
"S01005552",751,679,72
"S01005553",813,737,76
"S01005554",662,639,23
"S01005555",821,778,43
"S01005556",589,535,54
"S01005557",701,441,260
"S01005558",719,667,52
"S01005559",625,335,290
"S01005560",578,356,222
"S01005561",860,794,66
"S01005562",868,801,67
"S01005563",757,448,309
"S01005564",805,740,65
"S01005565",546,512,34
"S01005566",491,299,192
"S01005567",962,682,280
"S01005568",545,400,145
"S01005569",735,643,92
"S01005570",757,604,153
"S01005571",688,639,49
"S01005572",769,738,31
"S01005573",699,510,189
"S01005574",840,591,249
"S01005575",674,632,42
"S01005576",782,583,199
"S01005577",790,645,145
"S01005578",941,672,269
"S01005579",961,804,157
"S01005580",532,493,39
"S01005581",714,508,206
"S01005582",780,633,147
"S01005583",630,526,104
"S01005584",554,496,58
"S01005585",881,398,483
"S01005586",762,580,182
"S01005587",967,674,293
"S01005588",651,319,332
"S01005589",1290,652,638
"S01005590",772,224,548
"S01005591",918,492,426
"S01005592",440,130,310
"S01005593",765,403,362
"S01005594",978,310,668
"S01005595",857,247,610
"S01005596",487,252,235
"S01005597",1014,599,415
"S01005598",1023,296,727
"S01005599",636,294,342
"S01005600",832,216,616
"S01005601",687,510,177
"S01005602",637,319,318
"S01005603",700,294,406
"S01005604",468,223,245
"S01005605",903,640,263
"S01005606",612,401,211
"S01005607",628,487,141
"S01005608",877,758,119
"S01005609",860,580,280
"S01005610",541,474,67
"S01005611",711,192,519
"S01005612",810,703,107
"S01005613",762,561,201
"S01005614",750,510,240
"S01005615",946,664,282
"S01005616",668,469,199
"S01005617",727,456,271
"S01005618",612,317,295
"S01005619",550,488,62
"S01005620",478,372,106
"S01005621",677,436,241
"S01005622",874,805,69
"S01005623",712,503,209
"S01005624",860,776,84
"S01005625",864,750,114
"S01005626",823,569,254
"S01005627",625,516,109
"S01005628",1081,727,354
"S01005629",775,728,47
"S01005630",516,392,124
"S01005631",701,503,198
"S01005632",515,394,121
"S01005633",699,480,219
"S01005634",714,644,70
"S01005635",783,722,61
"S01005636",779,690,89
"S01005637",1060,826,234
"S01005638",923,722,201
"S01005639",717,391,326
"S01005640",689,526,163
"S01005641",1066,720,346
"S01005642",738,681,57
"S01005643",617,545,72
"S01005644",630,601,29
"S01005645",824,756,68
"S01005646",716,424,292
"S01005647",779,618,161
"S01005648",870,707,163
"S01005649",1010,605,405
"S01005650",545,308,237
"S01005651",747,427,320
"S01005652",686,572,114
"S01005653",824,597,227
"S01005654",757,546,211
"S01005655",1058,933,125
"S01005656",767,366,401
"S01005657",562,396,166
"S01005658",815,773,42
"S01005659",905,844,61
"S01005660",577,362,215
"S01005661",611,549,62
"S01005662",545,504,41
"S01005663",636,564,72
"S01005664",541,484,57
"S01005665",458,415,43
"S01005666",1283,853,430
"S01005667",746,605,141
"S01005668",807,592,215
"S01005669",507,364,143
"S01005670",754,476,278
"S01005671",514,357,157
"S01005672",848,367,481
"S01005673",655,483,172
"S01005674",865,559,306
"S01005675",942,376,566
"S01005676",844,548,296
"S01005677",821,680,141
"S01005678",886,765,121
"S01005679",987,590,397
"S01005680",830,669,161
"S01005681",936,671,265
"S01005682",751,604,147
"S01005683",804,303,501
"S01005684",1178,702,476
"S01005685",689,613,76
"S01005686",781,547,234
"S01005687",726,622,104
"S01005688",972,812,160
"S01005689",509,436,73
"S01005690",768,583,185
"S01005691",679,536,143
"S01005692",718,469,249
"S01005693",1566,1390,176
"S01005694",554,293,261
"S01005695",524,282,242
"S01005696",641,447,194
"S01005697",649,288,361
"S01005698",587,488,99
"S01005699",823,495,328
"S01005700",528,462,66
"S01005701",760,351,409
"S01005702",685,465,220
"S01005703",580,552,28
"S01005704",649,376,273
"S01005705",919,737,182
"S01005706",746,688,58
"S01005707",513,285,228
"S01005708",715,463,252
"S01005709",779,535,244
"S01005710",465,415,50
"S01005711",941,790,151
"S01005712",524,343,181
"S01005713",563,482,81
"S01005714",1262,1054,208
"S01005715",732,564,168
"S01005716",538,525,13
"S01005717",478,426,52
"S01005718",791,557,234
"S01005719",481,428,53
"S01005720",766,716,50
"S01005721",747,373,374
"S01005722",532,457,75
"S01005723",736,562,174
"S01005724",609,587,22
"S01005725",737,587,150
"S01005726",1077,868,209
"S01005727",1346,1144,202
"S01005728",835,577,258
"S01005729",583,323,260
"S01005730",689,443,246
"S01005731",791,560,231
"S01005732",833,451,382
"S01005733",772,662,110
"S01005734",674,554,120
"S01005735",711,667,44
"S01005736",691,572,119
"S01005737",749,479,270
"S01005738",885,525,360
"S01005739",808,721,87
"S01005740",753,559,194
"S01005741",1045,856,189
"S01005742",928,736,192
"S01005743",1166,1105,61
"S01005744",898,611,287
"S01005745",1032,744,288
"S01005746",818,676,142
"S01005747",804,652,152
"S01005748",663,272,391
"S01005749",748,648,100
"S01005750",756,486,270
"S01005751",737,588,149
"S01005752",641,242,399
"S01005753",668,458,210
"S01005754",1001,762,239
"S01005755",717,328,389
"S01005756",834,450,384
"S01005757",582,267,315
"S01005758",801,505,296
"S01005759",766,395,371
"S01005760",610,524,86
"S01005761",661,570,91
"S01005762",650,355,295
"S01005763",2510,2102,408
"S01005764",580,285,295
"S01005765",920,399,521
"S01005766",660,532,128
"S01005767",692,641,51
"S01005768",844,549,295
"S01005769",761,470,291
"S01005770",558,293,265
"S01005771",722,699,23
"S01005772",696,664,32
"S01005773",889,826,63
"S01005774",664,455,209
"S01005775",732,456,276
"S01005776",691,615,76
"S01005777",515,355,160
"S01005778",650,403,247
"S01005779",767,626,141
"S01005780",1456,1359,97
"S01005781",900,694,206
"S01005782",821,515,306
"S01005783",529,395,134
"S01005784",645,480,165
"S01005785",731,688,43
"S01005786",579,389,190
"S01005787",690,567,123
"S01005788",542,361,181
"S01005789",795,629,166
"S01005790",493,386,107
"S01005791",470,407,63
"S01005792",833,440,393
"S01005793",502,397,105
"S01005794",938,865,73
"S01005795",660,447,213
"S01005796",1132,1024,108
"S01005797",1066,1009,57
"S01005798",618,359,259
"S01005799",688,463,225
"S01005800",616,468,148
"S01005801",651,464,187
"S01005802",862,754,108
"S01005803",797,446,351
"S01005804",3934,3413,521
"S01005805",606,519,87
"S01005806",788,474,314
"S01005807",808,521,287
"S01005808",719,496,223
"S01005809",640,503,137
"S01005810",487,345,142
"S01005811",522,337,185
"S01005812",572,509,63
"S01005813",790,618,172
"S01005814",772,494,278
"S01005815",919,646,273
"S01005816",1054,797,257
"S01005817",521,495,26
"S01005818",780,749,31
"S01005819",687,458,229
"S01005820",668,452,216
"S01005821",479,359,120
"S01005822",820,594,226
"S01005823",602,407,195
"S01005824",681,658,23
"S01005825",642,470,172
"S01005826",898,844,54
"S01005827",685,635,50
"S01005828",748,547,201
"S01005829",745,678,67
"S01005830",840,410,430
"S01005831",1139,968,171
"S01005832",723,452,271
"S01005833",640,501,139
"S01005834",602,391,211
"S01005835",667,620,47
"S01005836",649,609,40
"S01005837",485,452,33
"S01005838",688,381,307
"S01005839",783,690,93
"S01005840",811,605,206
"S01005841",628,525,103
"S01005842",506,336,170
"S01005843",637,567,70
"S01005844",706,570,136
"S01005845",482,432,50
"S01005846",871,490,381
"S01005847",786,601,185
"S01005848",556,327,229
"S01005849",838,656,182
"S01005850",777,458,319
"S01005851",689,459,230
"S01005852",500,381,119
"S01005853",926,682,244
"S01005854",797,517,280
"S01005855",768,366,402
"S01005856",733,508,225
"S01005857",697,406,291
"S01005858",678,483,195
"S01005859",697,539,158
"S01005860",746,521,225
"S01005861",865,812,53
"S01005862",772,612,160
"S01005863",1532,1215,317
"S01005864",883,625,258
"S01005865",792,422,370
"S01005866",810,714,96
"S01005867",959,732,227
"S01005868",717,656,61
"S01005869",708,327,381
"S01005870",708,478,230
"S01005871",651,487,164
"S01005872",749,661,88
"S01005873",920,735,185
"S01005874",814,218,596
"S01005875",800,674,126
"S01005876",857,802,55
"S01005877",887,695,192
"S01005878",555,516,39
"S01005879",644,510,134
"S01005880",742,414,328
"S01005881",788,458,330
"S01005882",1554,1482,72
"S01005883",455,363,92
"S01005884",727,641,86
"S01005885",581,547,34
"S01005886",689,636,53
"S01005887",490,357,133
"S01005888",612,427,185
"S01005889",823,513,310
"S01005890",675,633,42
"S01005891",615,320,295
"S01005892",688,366,322
"S01005893",705,523,182
"S01005894",726,499,227
"S01005895",571,550,21
"S01005896",704,669,35
"S01005897",728,590,138
"S01005898",692,518,174
"S01005899",696,436,260
"S01005900",598,572,26
"S01005901",751,667,84
"S01005902",802,688,114
"S01005903",967,625,342
"S01005904",1011,790,221
"S01005905",772,645,127
"S01005906",831,587,244
"S01005907",728,498,230
"S01005908",881,595,286
"S01005909",512,441,71
"S01005910",691,619,72
"S01005911",1327,1033,294
"S01005912",803,616,187
"S01005913",829,286,543
"S01005914",945,540,405
"S01005915",673,485,188
"S01005916",724,692,32
"S01005917",876,338,538
"S01005918",882,675,207
"S01005919",525,502,23
"S01005920",858,630,228
"S01005921",648,509,139
"S01005922",900,683,217
"S01005923",689,530,159
"S01005924",651,622,29
"S01005925",698,661,37
"S01005926",942,687,255
"S01005927",720,629,91
"S01005928",788,355,433
"S01005929",764,518,246
"S01005930",1055,793,262
"S01005931",748,550,198
"S01005932",614,271,343
"S01005933",861,751,110
"S01005934",699,490,209
"S01005935",610,394,216
"S01005936",817,549,268
"S01005937",609,599,10
"S01005938",745,435,310
"S01005939",698,360,338
"S01005940",771,429,342
"S01005941",453,441,12
"S01005942",834,439,395
"S01005943",811,606,205
"S01005944",842,567,275
"S01005945",816,570,246
"S01005946",825,555,270
"S01005947",711,274,437
"S01005948",832,499,333
"S01005949",622,256,366
"S01005950",529,233,296
"S01005951",1242,599,643
"S01005952",1031,527,504
"S01005953",1255,1010,245
"S01005954",496,218,278
"S01005955",700,406,294
"S01005956",738,465,273
"S01005957",1029,468,561
"S01005958",538,333,205
"S01005959",499,216,283
"S01005960",496,343,153
"S01005961",1190,647,543
"S01005962",461,278,183
"S01005963",608,423,185
"S01005964",722,403,319
"S01005965",948,419,529
"S01005966",1383,826,557
"S01005967",959,462,497
"S01005968",1010,870,140
"S01005969",708,588,120
"S01005970",754,523,231
"S01005971",402,267,135
"S01005972",705,518,187
"S01005973",839,594,245
"S01005974",764,465,299
"S01005975",685,391,294
"S01005976",778,657,121
"S01005977",717,495,222
"S01005978",720,637,83
"S01005979",853,632,221
"S01005980",568,540,28
"S01005981",875,731,144
"S01005982",717,358,359
"S01005983",831,791,40
"S01005984",894,787,107
"S01005985",764,486,278
"S01005986",1038,900,138
"S01005987",548,390,158
"S01005988",546,299,247
"S01005989",675,646,29
"S01005990",1408,487,921
"S01005991",690,464,226
"S01005992",561,248,313
"S01005993",666,637,29
"S01005994",912,603,309
"S01005995",634,250,384
"S01005996",836,774,62
"S01005997",603,308,295
"S01005998",660,93,567
"S01005999",1375,1258,117
"S01006000",746,378,368
"S01006001",715,534,181
"S01006002",531,292,239
"S01006003",630,388,242
"S01006004",1458,1204,254
"S01006005",544,361,183
"S01006006",766,676,90
"S01006007",446,183,263
"S01006008",714,312,402
"S01006009",475,435,40
"S01006010",979,916,63
"S01006011",777,472,305
"S01006012",755,445,310
"S01006013",587,550,37
"S01006014",616,387,229
"S01006015",734,691,43
"S01006016",925,851,74
"S01006017",1241,873,368
"S01006018",908,816,92
"S01006019",1321,951,370
"S01006020",808,744,64
"S01006021",1059,875,184
"S01006022",573,320,253
"S01006023",697,663,34
"S01006024",801,502,299
"S01006025",804,573,231
"S01006026",726,567,159
"S01006027",729,632,97
"S01006028",612,406,206
"S01006029",685,602,83
"S01006030",892,839,53
"S01006031",1456,987,469
"S01006032",836,397,439
"S01006033",1159,1012,147
"S01006034",1776,1029,747
"S01006035",915,754,161
"S01006036",2362,2098,264
"S01006037",815,686,129
"S01006038",832,735,97
"S01006039",770,608,162
"S01006040",865,416,449
"S01006041",926,413,513
"S01006042",803,664,139
"S01006043",547,443,104
"S01006044",808,687,121
"S01006045",666,549,117
"S01006046",726,564,162
"S01006047",710,519,191
"S01006048",696,644,52
"S01006049",779,565,214
"S01006050",749,561,188
"S01006051",801,634,167
"S01006052",797,737,60
"S01006053",772,722,50
"S01006054",791,669,122
"S01006055",642,529,113
"S01006056",884,850,34
"S01006057",494,229,265
"S01006058",720,366,354
"S01006059",807,486,321
"S01006060",667,420,247
"S01006061",484,116,368
"S01006062",681,352,329
"S01006063",546,143,403
"S01006064",689,322,367
"S01006065",775,286,489
"S01006066",1014,693,321
"S01006067",893,768,125
"S01006068",581,428,153
"S01006069",824,717,107
"S01006070",669,581,88
"S01006071",919,886,33
"S01006072",600,503,97
"S01006073",444,346,98
"S01006074",699,603,96
"S01006075",968,516,452
"S01006076",975,535,440
"S01006077",1217,894,323
"S01006078",1440,1068,372
"S01006079",697,413,284
"S01006080",998,708,290
"S01006081",711,524,187
"S01006082",895,401,494
"S01006083",1035,775,260
"S01006084",880,581,299
"S01006085",754,571,183
"S01006086",923,648,275
"S01006087",738,517,221
"S01006088",757,643,114
"S01006089",702,438,264
"S01006090",825,379,446
"S01006091",897,721,176
"S01006092",557,302,255
"S01006093",760,541,219
"S01006094",838,569,269
"S01006095",838,705,133
"S01006096",602,398,204
"S01006097",963,586,377
"S01006098",660,436,224
"S01006099",561,525,36
"S01006100",431,117,314
"S01006101",594,350,244
"S01006102",833,478,355
"S01006103",628,539,89
"S01006104",726,449,277
"S01006105",905,584,321
"S01006106",835,618,217
"S01006107",662,393,269
"S01006108",872,469,403
"S01006109",871,708,163
"S01006110",767,340,427
"S01006111",972,713,259
"S01006112",680,548,132
"S01006113",899,843,56
"S01006114",702,388,314
"S01006115",750,619,131
"S01006116",838,772,66
"S01006117",846,576,270
"S01006118",629,402,227
"S01006119",1093,898,195
"S01006120",1040,375,665
"S01006121",548,271,277
"S01006122",1016,831,185
"S01006123",734,132,602
"S01006124",701,218,483
"S01006125",934,441,493
"S01006126",813,179,634
"S01006127",748,273,475
"S01006128",683,138,545
"S01006129",732,509,223
"S01006130",440,98,342
"S01006131",953,794,159
"S01006132",784,234,550
"S01006133",620,527,93
"S01006134",496,341,155
"S01006135",532,149,383
"S01006136",1085,249,836
"S01006137",701,383,318
"S01006138",616,560,56
"S01006139",413,230,183
"S01006140",794,529,265
"S01006141",1694,1049,645
"S01006142",620,571,49
"S01006143",658,545,113
"S01006144",971,834,137
"S01006145",888,630,258
"S01006146",801,638,163
"S01006147",761,443,318
"S01006148",800,562,238
"S01006149",1037,837,200
"S01006150",990,746,244
"S01006151",123,95,28
"S01006152",712,656,56
"S01006153",579,460,119
"S01006154",842,821,21
"S01006155",784,642,142
"S01006156",598,480,118
"S01006157",747,530,217
"S01006158",878,790,88
"S01006159",821,649,172
"S01006160",798,766,32
"S01006161",753,716,37
"S01006162",626,552,74
"S01006163",672,473,199
"S01006164",596,399,197
"S01006165",640,468,172
"S01006166",852,762,90
"S01006167",1631,1458,173
"S01006168",1041,671,370
"S01006169",707,475,232
"S01006170",854,710,144
"S01006171",802,577,225
"S01006172",469,303,166
"S01006173",577,415,162
"S01006174",492,301,191
"S01006175",736,477,259
"S01006176",588,317,271
"S01006177",598,165,433
"S01006178",762,565,197
"S01006179",719,495,224
"S01006180",767,392,375
"S01006181",743,237,506
"S01006182",624,224,400
"S01006183",853,268,585
"S01006184",745,472,273
"S01006185",928,638,290
"S01006186",1100,667,433
"S01006187",771,226,545
"S01006188",653,249,404
"S01006189",704,188,516
"S01006190",840,584,256
"S01006191",587,119,468
"S01006192",710,208,502
"S01006193",756,264,492
"S01006194",878,327,551
"S01006195",863,108,755
"S01006196",853,516,337
"S01006197",816,392,424
"S01006198",642,101,541
"S01006199",647,286,361
"S01006200",883,640,243
"S01006201",891,468,423
"S01006202",655,139,516
"S01006203",597,436,161
"S01006204",894,589,305
"S01006205",671,502,169
"S01006206",749,491,258
"S01006207",853,467,386
"S01006208",704,491,213
"S01006209",683,548,135
"S01006210",757,580,177
"S01006211",528,229,299
"S01006212",793,755,38
"S01006213",1064,699,365
"S01006214",824,585,239
"S01006215",759,534,225
"S01006216",679,548,131
"S01006217",979,475,504
"S01006218",566,476,90
"S01006219",861,629,232
"S01006220",867,745,122
"S01006221",815,485,330
"S01006222",1021,673,348
"S01006223",701,618,83
"S01006224",617,559,58
"S01006225",890,323,567
"S01006226",702,596,106
"S01006227",910,671,239
"S01006228",728,684,44
"S01006229",908,220,688
"S01006230",983,296,687
"S01006231",865,200,665
"S01006232",1055,1019,36
"S01006233",719,562,157
"S01006234",649,506,143
"S01006235",718,621,97
"S01006236",568,397,171
"S01006237",897,570,327
"S01006238",895,731,164
"S01006239",434,395,39
"S01006240",741,242,499
"S01006241",977,561,416
"S01006242",743,485,258
"S01006243",555,499,56
"S01006244",805,537,268
"S01006245",552,275,277
"S01006246",695,415,280
"S01006247",781,548,233
"S01006248",834,740,94
"S01006249",680,496,184
"S01006250",717,392,325
"S01006251",555,452,103
"S01006252",618,543,75
"S01006253",629,239,390
"S01006254",793,651,142
"S01006255",885,704,181
"S01006256",627,319,308
"S01006257",714,453,261
"S01006258",825,428,397
"S01006259",673,304,369
"S01006260",572,177,395
"S01006261",810,442,368
"S01006262",823,425,398
"S01006263",766,437,329
"S01006264",917,864,53
"S01006265",762,543,219
"S01006266",919,394,525
"S01006267",579,312,267
"S01006268",676,448,228
"S01006269",609,223,386
"S01006270",859,665,194
"S01006271",696,372,324
"S01006272",819,520,299
"S01006273",527,228,299
"S01006274",536,323,213
"S01006275",809,562,247
"S01006276",814,507,307
"S01006277",657,547,110
"S01006278",1044,569,475
"S01006279",1324,773,551
"S01006280",703,307,396
"S01006281",772,431,341
"S01006282",654,422,232
"S01006283",691,424,267
"S01006284",732,444,288
"S01006285",813,649,164
"S01006286",1076,765,311
"S01006287",579,433,146
"S01006288",767,288,479
"S01006289",809,638,171
"S01006290",885,375,510
"S01006291",534,167,367
"S01006292",806,698,108
"S01006293",809,769,40
"S01006294",590,496,94
"S01006295",881,600,281
"S01006296",922,749,173
"S01006297",735,410,325
"S01006298",1009,744,265
"S01006299",752,402,350
"S01006300",741,380,361
"S01006301",629,268,361
"S01006302",927,670,257
"S01006303",680,420,260
"S01006304",845,324,521
"S01006305",708,462,246
"S01006306",788,539,249
"S01006307",853,494,359
"S01006308",633,268,365
"S01006309",1045,891,154
"S01006310",813,595,218
"S01006311",747,468,279
"S01006312",679,387,292
"S01006313",1236,831,405
"S01006314",653,609,44
"S01006315",836,365,471
"S01006316",826,574,252
"S01006317",973,617,356
"S01006318",769,406,363
"S01006319",925,518,407
"S01006320",1008,351,657
"S01006321",829,803,26
"S01006322",786,753,33
"S01006323",1017,862,155
"S01006324",693,643,50
"S01006325",661,375,286
"S01006326",959,290,669
"S01006327",574,330,244
"S01006328",582,258,324
"S01006329",1103,915,188
"S01006330",706,355,351
"S01006331",731,560,171
"S01006332",594,324,270
"S01006333",911,401,510
"S01006334",772,478,294
"S01006335",849,563,286
"S01006336",1269,1184,85
"S01006337",1395,1316,79
"S01006338",793,713,80
"S01006339",945,657,288
"S01006340",701,588,113
"S01006341",671,595,76
"S01006342",687,388,299
"S01006343",1221,558,663
"S01006344",702,451,251
"S01006345",686,426,260
"S01006346",653,441,212
"S01006347",611,550,61
"S01006348",585,466,119
"S01006349",494,305,189
"S01006350",666,284,382
"S01006351",1138,675,463
"S01006352",703,373,330
"S01006353",557,434,123
"S01006354",963,539,424
"S01006355",740,300,440
"S01006356",651,567,84
"S01006357",733,604,129
"S01006358",685,252,433
"S01006359",1097,828,269
"S01006360",656,560,96
"S01006361",1070,556,514
"S01006362",746,655,91
"S01006363",667,592,75
"S01006364",4216,3262,954
"S01006365",867,769,98
"S01006366",714,704,10
"S01006367",729,617,112
"S01006368",784,750,34
"S01006369",1655,1253,402
"S01006370",1084,970,114
"S01006371",612,535,77
"S01006372",712,369,343
"S01006373",868,585,283
"S01006374",648,382,266
"S01006375",593,374,219
"S01006376",1037,701,336
"S01006377",573,242,331
"S01006378",526,467,59
"S01006379",688,503,185
"S01006380",637,364,273
"S01006381",501,359,142
"S01006382",687,405,282
"S01006383",603,403,200
"S01006384",723,651,72
"S01006385",996,520,476
"S01006386",991,494,497
"S01006387",858,569,289
"S01006388",1032,458,574
"S01006389",680,345,335
"S01006390",692,378,314
"S01006391",1166,1024,142
"S01006392",965,524,441
"S01006393",1417,764,653
"S01006394",731,361,370
"S01006395",1055,469,586
"S01006396",604,262,342
"S01006397",946,679,267
"S01006398",827,583,244
"S01006399",724,443,281
"S01006400",1369,1118,251
"S01006401",1032,422,610
"S01006402",672,152,520
"S01006403",745,449,296
"S01006404",862,489,373
"S01006405",1016,511,505
"S01006406",386,197,189
"S01006407",650,581,69
"S01006408",1047,332,715
"S01006409",1445,782,663
"S01006410",679,344,335
"S01006411",1051,527,524
"S01006412",660,363,297
"S01006413",513,294,219
"S01006414",480,363,117
"S01006415",820,637,183
"S01006416",825,366,459
"S01006417",760,488,272
"S01006418",612,293,319
"S01006419",534,281,253
"S01006420",877,353,524
"S01006421",776,587,189
"S01006422",658,262,396
"S01006423",647,451,196
"S01006424",612,320,292
"S01006425",1380,843,537
"S01006426",1153,998,155
"S01006427",737,467,270
"S01006428",747,497,250
"S01006429",687,229,458
"S01006430",669,642,27
"S01006431",494,433,61
"S01006432",673,446,227
"S01006433",625,331,294
"S01006434",757,514,243
"S01006435",429,339,90
"S01006436",779,407,372
"S01006437",897,638,259
"S01006438",649,223,426
"S01006439",812,414,398
"S01006440",826,454,372
"S01006441",669,365,304
"S01006442",752,462,290
"S01006443",459,305,154
"S01006444",586,439,147
"S01006445",775,465,310
"S01006446",869,722,147
"S01006447",576,270,306
"S01006448",897,781,116
"S01006449",459,421,38
"S01006450",662,192,470
"S01006451",1103,538,565
"S01006452",556,381,175
"S01006453",944,459,485
"S01006454",613,494,119
"S01006455",560,174,386
"S01006456",1888,1294,594
"S01006457",1094,747,347
"S01006458",849,800,49
"S01006459",763,595,168
"S01006460",490,382,108
"S01006461",1752,1531,221
"S01006462",764,622,142
"S01006463",648,420,228
"S01006464",669,552,117
"S01006465",1408,1115,293
"S01006466",744,672,72
"S01006467",805,669,136
"S01006468",1252,1076,176
"S01006469",626,481,145
"S01006470",797,475,322
"S01006471",899,388,511
"S01006472",605,325,280
"S01006473",746,623,123
"S01006474",745,456,289
"S01006475",849,537,312
"S01006476",851,559,292
"S01006477",781,376,405
"S01006478",1098,689,409
"S01006479",766,514,252
"S01006480",830,688,142
"S01006481",811,525,286
"S01006482",711,508,203
"S01006483",909,520,389
"S01006484",772,484,288
"S01006485",675,610,65
"S01006486",786,727,59
"S01006487",772,269,503
"S01006488",657,545,112
"S01006489",884,607,277
"S01006490",709,676,33
"S01006491",752,715,37
"S01006492",645,410,235
"S01006493",575,292,283
"S01006494",633,559,74
"S01006495",785,656,129
"S01006496",928,478,450
"S01006497",560,333,227
"S01006498",1143,957,186
"S01006499",910,809,101
"S01006500",713,546,167
"S01006501",871,838,33
"S01006502",588,519,69
"S01006503",640,607,33
"S01006504",776,690,86
"S01006505",860,785,75
