dz_2001,total,active,inactive
S01000001,692,525,167
S01000002,484,423,61
S01000003,655,587,68
S01000004,472,412,60
S01000005,530,435,95
S01000006,455,305,150
S01000007,551,365,186
S01000008,420,320,100
S01000009,520,416,104
S01000010,443,342,101
S01000011,709,490,219
S01000012,1113,871,242
S01000013,640,469,171
S01000014,705,548,157
S01000015,543,471,72
S01000016,423,279,144
S01000017,690,560,130
S01000018,414,326,88
S01000019,417,278,139
S01000020,618,397,221
S01000021,669,518,151
S01000022,464,316,148
S01000023,537,376,161
S01000024,340,252,88
S01000025,625,437,188
S01000026,625,425,200
S01000027,566,383,183
S01000028,654,475,179
S01000029,497,348,149
S01000030,328,242,86
S01000031,655,468,187
S01000032,772,551,221
S01000033,548,399,149
S01000034,897,650,247
S01000035,805,531,274
S01000036,496,342,154
S01000037,584,440,144
S01000038,538,379,159
S01000039,676,488,188
S01000040,695,515,180
S01000041,618,422,196
S01000042,618,427,191
S01000043,696,511,185
S01000044,718,480,238
S01000045,410,301,109
S01000046,538,365,173
S01000047,648,475,173
S01000048,723,550,173
S01000049,521,376,145
S01000050,519,369,150
S01000051,526,383,143
S01000052,459,309,150
S01000053,798,622,176
S01000054,513,375,138
S01000055,568,408,160
S01000056,727,525,202
S01000057,503,338,165
S01000058,539,409,130
S01000059,766,586,180
S01000060,445,304,141
S01000061,707,478,229
S01000062,871,717,154
S01000063,663,502,161
S01000064,510,392,118
S01000065,847,681,166
S01000066,857,580,277
S01000067,759,577,182
S01000068,606,447,159
S01000069,548,412,136
S01000070,485,358,127
S01000071,624,452,172
S01000072,638,440,198
S01000073,470,322,148
S01000074,603,429,174
S01000075,446,346,100
S01000076,503,346,157
S01000077,721,562,159
S01000078,954,807,147
S01000079,1277,1093,184
S01000080,882,758,124
S01000081,670,492,178
S01000082,711,527,184
S01000083,599,502,97
S01000084,753,615,138
S01000085,488,420,68
S01000086,590,504,86
S01000087,811,652,159
S01000088,828,707,121
S01000089,659,440,219
S01000090,651,536,115
S01000091,952,780,172
S01000092,827,688,139
S01000093,649,554,95
S01000094,666,547,119
S01000095,615,512,103
S01000096,492,333,159
S01000097,741,532,209
S01000098,1145,924,221
S01000099,606,416,190
S01000100,797,659,138
S01000101,697,545,152
S01000102,691,511,180
S01000103,561,464,97
S01000104,643,464,179
S01000105,700,537,163
S01000106,534,403,131
S01000107,1175,942,233
S01000108,619,457,162
S01000109,929,681,248
S01000110,550,367,183
S01000111,609,464,145
S01000112,818,622,196
S01000113,472,336,136
S01000114,621,474,147
S01000115,569,408,161
S01000116,863,739,124
S01000117,706,533,173
S01000118,521,401,120
S01000119,735,548,187
S01000120,470,367,103
S01000121,531,364,167
S01000122,525,384,141
S01000123,495,352,143
S01000124,925,656,269
S01000125,529,383,146
S01000126,805,574,231
S01000127,558,411,147
S01000128,1719,1096,623
S01000129,943,568,375
S01000130,1441,1065,376
S01000131,511,412,99
S01000132,663,504,159
S01000133,619,443,176
S01000134,507,373,134
S01000135,547,387,160
S01000136,468,355,113
S01000137,834,650,184
S01000138,1306,771,535
S01000139,558,402,156
S01000140,640,462,178
S01000141,602,428,174
S01000142,506,361,145
S01000143,431,296,135
S01000144,701,528,173
S01000145,602,421,181
S01000146,1418,1077,341
S01000147,940,723,217
S01000148,446,297,149
S01000149,1069,770,299
S01000150,451,341,110
S01000151,555,348,207
S01000152,1120,770,350
S01000153,893,642,251
S01000154,381,264,117
S01000155,546,373,173
S01000156,854,611,243
S01000157,511,336,175
S01000158,691,495,196
S01000159,693,544,149
S01000160,563,431,132
S01000161,822,527,295
S01000162,658,449,209
S01000163,776,570,206
S01000164,839,543,296
S01000165,728,508,220
S01000166,1167,721,446
S01000167,513,365,148
S01000168,705,515,190
S01000169,535,373,162
S01000170,1025,673,352
S01000171,762,674,88
S01000172,377,287,90
S01000173,608,436,172
S01000174,625,482,143
S01000175,474,349,125
S01000176,717,464,253
S01000177,466,345,121
S01000178,585,406,179
S01000179,651,423,228
S01000180,506,350,156
S01000181,478,342,136
S01000182,691,491,200
S01000183,1154,687,467
S01000184,594,395,199
S01000185,727,487,240
S01000186,672,427,245
S01000187,471,343,128
S01000188,1101,519,582
S01000189,416,294,122
S01000190,644,463,181
S01000191,1001,750,251
S01000192,648,417,231
S01000193,538,377,161
S01000194,684,507,177
S01000195,597,416,181
S01000196,676,469,207
S01000197,446,339,107
S01000198,596,409,187
S01000199,629,458,171
S01000200,647,473,174
S01000201,472,347,125
S01000202,780,608,172
S01000203,526,387,139
S01000204,468,313,155
S01000205,815,552,263
S01000206,547,416,131
S01000207,662,451,211
S01000208,704,481,223
S01000209,975,715,260
S01000210,589,427,162
S01000211,569,384,185
S01000212,542,399,143
S01000213,597,455,142
S01000214,328,217,111
S01000215,859,624,235
S01000216,548,397,151
S01000217,625,454,171
S01000218,496,321,175
S01000219,630,468,162
S01000220,2516,1104,1412
S01000221,588,444,144
S01000222,557,417,140
S01000223,510,427,83
S01000224,592,451,141
S01000225,458,335,123
S01000226,502,398,104
S01000227,1010,807,203
S01000228,684,602,82
S01000229,601,428,173
S01000230,509,388,121
S01000231,575,469,106
S01000232,438,331,107
S01000233,352,261,91
S01000234,584,456,128
S01000235,629,517,112
S01000236,505,338,167
S01000237,621,424,197
S01000238,398,339,59
S01000239,543,376,167
S01000240,525,383,142
S01000241,495,386,109
S01000242,590,462,128
S01000243,534,390,144
S01000244,920,726,194
S01000245,749,579,170
S01000246,544,437,107
S01000247,544,403,141
S01000248,608,492,116
S01000249,522,376,146
S01000250,595,475,120
S01000251,373,297,76
S01000252,656,559,97
S01000253,534,432,102
S01000254,645,497,148
S01000255,487,414,73
S01000256,573,396,177
S01000257,701,499,202
S01000258,487,395,92
S01000259,487,390,97
S01000260,662,589,73
S01000261,745,507,238
S01000262,706,506,200
S01000263,611,489,122
S01000264,702,535,167
S01000265,521,362,159
S01000266,906,703,203
S01000267,539,373,166
S01000268,581,396,185
S01000269,467,335,132
S01000270,794,596,198
S01000271,656,467,189
S01000272,821,640,181
S01000273,472,366,106
S01000274,498,376,122
S01000275,1022,778,244
S01000276,594,423,171
S01000277,533,379,154
S01000278,408,307,101
S01000279,671,491,180
S01000280,565,434,131
S01000281,493,371,122
S01000282,575,452,123
S01000283,787,602,185
S01000284,909,744,165
S01000285,544,426,118
S01000286,702,530,172
S01000287,536,381,155
S01000288,646,492,154
S01000289,665,481,184
S01000290,601,441,160
S01000291,683,501,182
S01000292,765,545,220
S01000293,583,418,165
S01000294,485,376,109
S01000295,423,278,145
S01000296,685,532,153
S01000297,571,416,155
S01000298,816,630,186
S01000299,691,477,214
S01000300,584,466,118
S01000301,414,319,95
S01000302,452,361,91
S01000303,444,321,123
S01000304,606,456,150
S01000305,786,610,176
S01000306,572,434,138
S01000307,710,579,131
S01000308,956,757,199
S01000309,870,645,225
S01000310,753,620,133
S01000311,716,512,204
S01000312,390,276,114
S01000313,502,377,125
S01000314,438,355,83
S01000315,491,326,165
S01000316,610,420,190
S01000317,393,302,91
S01000318,413,259,154
S01000319,518,421,97
S01000320,560,463,97
S01000321,468,355,113
S01000322,740,541,199
S01000323,624,451,173
S01000324,642,527,115
S01000325,895,688,207
S01000326,589,446,143
S01000327,643,507,136
S01000328,415,356,59
S01000329,623,533,90
S01000330,907,685,222
S01000331,436,282,154
S01000332,520,344,176
S01000333,712,533,179
S01000334,623,460,163
S01000335,591,421,170
S01000336,1061,806,255
S01000337,566,382,184
S01000338,381,280,101
S01000339,831,607,224
S01000340,805,627,178
S01000341,728,534,194
S01000342,333,253,80
S01000343,447,342,105
S01000344,702,553,149
S01000345,458,347,111
S01000346,480,354,126
S01000347,1082,881,201
S01000348,565,457,108
S01000349,382,309,73
S01000350,793,616,177
S01000351,743,564,179
S01000352,535,400,135
S01000353,409,305,104
S01000354,1145,939,206
S01000355,481,372,109
S01000356,483,360,123
S01000357,474,394,80
S01000358,719,546,173
S01000359,623,479,144
S01000360,390,289,101
S01000361,483,384,99
S01000362,744,589,155
S01000363,873,692,181
S01000364,703,550,153
S01000365,1476,1271,205
S01000366,1448,1183,265
S01000367,661,475,186
S01000368,911,708,203
S01000369,741,566,175
S01000370,1103,904,199
S01000371,644,460,184
S01000372,693,530,163
S01000373,487,378,109
S01000374,463,337,126
S01000375,458,341,117
S01000376,624,440,184
S01000377,665,538,127
S01000378,390,285,105
S01000379,489,386,103
S01000380,735,599,136
S01000381,1105,881,224
S01000382,575,425,150
S01000383,861,726,135
S01000384,520,395,125
S01000385,455,360,95
S01000386,912,712,200
S01000387,657,489,168
S01000388,779,641,138
S01000389,609,543,66
S01000390,587,444,143
S01000391,491,376,115
S01000392,621,502,119
S01000393,645,448,197
S01000394,502,383,119
S01000395,596,453,143
S01000396,582,407,175
S01000397,718,491,227
S01000398,1746,1461,285
S01000399,480,386,94
S01000400,618,468,150
S01000401,682,536,146
S01000402,559,443,116
S01000403,606,459,147
S01000404,572,442,130
S01000405,406,321,85
S01000406,411,323,88
S01000407,460,361,99
S01000408,462,394,68
S01000409,467,379,88
S01000410,557,460,97
S01000411,543,434,109
S01000412,621,500,121
S01000413,671,488,183
S01000414,542,444,98
S01000415,692,526,166
S01000416,640,526,114
S01000417,755,573,182
S01000418,550,414,136
S01000419,1084,897,187
S01000420,950,729,221
S01000421,575,477,98
S01000422,668,483,185
S01000423,768,602,166
S01000424,560,441,119
S01000425,614,459,155
S01000426,609,482,127
S01000427,621,498,123
S01000428,543,401,142
S01000429,675,499,176
S01000430,395,270,125
S01000431,484,337,147
S01000432,665,455,210
S01000433,385,269,116
S01000434,444,347,97
S01000435,402,312,90
S01000436,489,394,95
S01000437,692,530,162
S01000438,446,352,94
S01000439,621,499,122
S01000440,829,659,170
S01000441,675,480,195
S01000442,652,501,151
S01000443,487,365,122
S01000444,1776,1496,280
S01000445,933,699,234
S01000446,740,600,140
S01000447,554,441,113
S01000448,638,517,121
S01000449,545,377,168
S01000450,451,334,117
S01000451,656,487,169
S01000452,471,359,112
S01000453,434,338,96
S01000454,307,212,95
S01000455,665,505,160
S01000456,813,624,189
S01000457,535,379,156
S01000458,711,572,139
S01000459,766,545,221
S01000460,504,337,167
S01000461,599,444,155
S01000462,728,523,205
S01000463,513,375,138
S01000464,632,472,160
S01000465,539,419,120
S01000466,690,543,147
S01000467,482,347,135
S01000468,414,317,97
S01000469,493,398,95
S01000470,838,520,318
S01000471,602,474,128
S01000472,580,439,141
S01000473,517,392,125
S01000474,478,363,115
S01000475,537,396,141
S01000476,502,391,111
S01000477,522,378,144
S01000478,557,385,172
S01000479,642,435,207
S01000480,496,359,137
S01000481,1565,1189,376
S01000482,660,494,166
S01000483,726,486,240
S01000484,637,490,147
S01000485,749,549,200
S01000486,871,662,209
S01000487,435,299,136
S01000488,449,308,141
S01000489,697,428,269
S01000490,414,345,69
S01000491,408,263,145
S01000492,690,499,191
S01000493,477,333,144
S01000494,410,298,112
S01000495,679,493,186
S01000496,404,283,121
S01000497,570,434,136
S01000498,383,249,134
S01000499,723,507,216
S01000500,463,315,148
S01000501,401,268,133
S01000502,478,372,106
S01000503,383,276,107
S01000504,556,406,150
S01000505,561,403,158
S01000506,743,598,145
S01000507,705,521,184
S01000508,726,529,197
S01000509,735,503,232
S01000510,500,351,149
S01000511,442,318,124
S01000512,690,496,194
S01000513,638,442,196
S01000514,698,504,194
S01000515,419,298,121
S01000516,649,503,146
S01000517,514,371,143
S01000518,691,502,189
S01000519,404,318,86
S01000520,857,592,265
S01000521,701,490,211
S01000522,519,374,145
S01000523,611,432,179
S01000524,553,384,169
S01000525,766,538,228
S01000526,766,595,171
S01000527,505,368,137
S01000528,685,493,192
S01000529,632,451,181
S01000530,377,246,131
S01000531,472,325,147
S01000532,551,354,197
S01000533,550,355,195
S01000534,554,371,183
S01000535,747,528,219
S01000536,355,245,110
S01000537,756,568,188
S01000538,548,380,168
S01000539,720,485,235
S01000540,555,402,153
S01000541,443,323,120
S01000542,466,323,143
S01000543,607,434,173
S01000544,504,320,184
S01000545,570,416,154
S01000546,632,435,197
S01000547,384,255,129
S01000548,766,525,241
S01000549,891,631,260
S01000550,364,252,112
S01000551,637,405,232
S01000552,434,298,136
S01000553,659,463,196
S01000554,516,364,152
S01000555,625,424,201
S01000556,625,422,203
S01000557,666,499,167
S01000558,402,268,134
S01000559,468,326,142
S01000560,862,590,272
S01000561,713,471,242
S01000562,618,391,227
S01000563,877,661,216
S01000564,681,452,229
S01000565,558,394,164
S01000566,622,416,206
S01000567,614,404,210
S01000568,398,268,130
S01000569,517,345,172
S01000570,635,412,223
S01000571,513,349,164
S01000572,538,362,176
S01000573,414,289,125
S01000574,500,289,211
S01000575,445,301,144
S01000576,426,264,162
S01000577,410,279,131
S01000578,456,303,153
S01000579,640,463,177
S01000580,698,514,184
S01000581,517,370,147
S01000582,468,364,104
S01000583,698,535,163
S01000584,621,430,191
S01000585,884,601,283
S01000586,549,381,168
S01000587,496,313,183
S01000588,419,277,142
S01000589,487,316,171
S01000590,578,405,173
S01000591,576,416,160
S01000592,642,411,231
S01000593,1124,852,272
S01000594,909,679,230
S01000595,551,390,161
S01000596,615,412,203
S01000597,746,516,230
S01000598,957,772,185
S01000599,840,618,222
S01000600,568,412,156
S01000601,910,670,240
S01000602,542,407,135
S01000603,783,522,261
S01000604,754,510,244
S01000605,607,371,236
S01000606,600,384,216
S01000607,521,330,191
S01000608,936,655,281
S01000609,769,516,253
S01000610,614,419,195
S01000611,458,298,160
S01000612,810,551,259
S01000613,785,530,255
S01000614,511,378,133
S01000615,530,346,184
S01000616,1088,824,264
S01000617,438,279,159
S01000618,595,360,235
S01000619,501,339,162
S01000620,812,565,247
S01000621,788,527,261
S01000622,522,368,154
S01000623,558,375,183
S01000624,456,335,121
S01000625,432,277,155
S01000626,573,364,209
S01000627,667,474,193
S01000628,400,258,142
S01000629,609,455,154
S01000630,557,352,205
S01000631,451,305,146
S01000632,440,305,135
S01000633,410,320,90
S01000634,571,384,187
S01000635,485,342,143
S01000636,402,307,95
S01000637,514,383,131
S01000638,447,272,175
S01000639,485,349,136
S01000640,569,368,201
S01000641,600,434,166
S01000642,689,485,204
S01000643,529,365,164
S01000644,528,354,174
S01000645,778,532,246
S01000646,603,396,207
S01000647,580,392,188
S01000648,663,488,175
S01000649,461,331,130
S01000650,533,385,148
S01000651,618,414,204
S01000652,544,363,181
S01000653,692,488,204
S01000654,669,478,191
S01000655,562,413,149
S01000656,563,427,136
S01000657,574,376,198
S01000658,450,313,137
S01000659,940,650,290
S01000660,744,465,279
S01000661,627,487,140
S01000662,568,408,160
S01000663,586,420,166
S01000664,624,447,177
S01000665,500,362,138
S01000666,387,250,137
S01000667,733,515,218
S01000668,596,404,192
S01000669,602,432,170
S01000670,496,338,158
S01000671,398,261,137
S01000672,506,356,150
S01000673,542,358,184
S01000674,825,543,282
S01000675,508,342,166
S01000676,345,274,71
S01000677,664,476,188
S01000678,685,476,209
S01000679,565,414,151
S01000680,724,457,267
S01000681,729,509,220
S01000682,560,391,169
S01000683,421,295,126
S01000684,544,355,189
S01000685,643,421,222
S01000686,569,402,167
S01000687,615,400,215
S01000688,524,370,154
S01000689,480,343,137
S01000690,744,524,220
S01000691,617,405,212
S01000692,536,364,172
S01000693,710,445,265
S01000694,511,363,148
S01000695,596,424,172
S01000696,572,393,179
S01000697,663,460,203
S01000698,452,333,119
S01000699,431,297,134
S01000700,604,417,187
S01000701,720,459,261
S01000702,378,260,118
S01000703,558,391,167
S01000704,766,520,246
S01000705,786,564,222
S01000706,653,482,171
S01000707,480,347,133
S01000708,421,316,105
S01000709,687,404,283
S01000710,832,613,219
S01000711,385,252,133
S01000712,437,285,152
S01000713,554,383,171
S01000714,732,541,191
S01000715,454,283,171
S01000716,400,269,131
S01000717,638,423,215
S01000718,586,377,209
S01000719,445,285,160
S01000720,571,363,208
S01000721,507,358,149
S01000722,633,444,189
S01000723,344,224,120
S01000724,563,392,171
S01000725,482,325,157
S01000726,547,361,186
S01000727,422,274,148
S01000728,483,327,156
S01000729,379,213,166
S01000730,316,203,113
S01000731,400,270,130
S01000732,416,257,159
S01000733,510,318,192
S01000734,622,381,241
S01000735,320,191,129
S01000736,538,292,246
S01000737,349,199,150
S01000738,342,264,78
S01000739,552,389,163
S01000740,467,278,189
S01000741,583,333,250
S01000742,475,284,191
S01000743,608,392,216
S01000744,588,431,157
S01000745,508,368,140
S01000746,588,394,194
S01000747,420,270,150
S01000748,328,173,155
S01000749,376,240,136
S01000750,497,282,215
S01000751,516,353,163
S01000752,695,449,246
S01000753,443,311,132
S01000754,526,346,180
S01000755,558,403,155
S01000756,733,473,260
S01000757,566,351,215
S01000758,963,677,286
S01000759,707,426,281
S01000760,408,285,123
S01000761,473,278,195
S01000762,458,318,140
S01000763,557,396,161
S01000764,514,371,143
S01000765,534,433,101
S01000766,522,360,162
S01000767,485,312,173
S01000768,614,408,206
S01000769,610,428,182
S01000770,492,329,163
S01000771,698,452,246
S01000772,429,260,169
S01000773,611,382,229
S01000774,537,418,119
S01000775,485,266,219
S01000776,444,300,144
S01000777,208,151,57
S01000778,345,214,131
S01000779,557,417,140
S01000780,631,415,216
S01000781,599,366,233
S01000782,530,366,164
S01000783,354,221,133
S01000784,600,375,225
S01000785,552,318,234
S01000786,571,366,205
S01000787,411,261,150
S01000788,494,335,159
S01000789,546,395,151
S01000790,343,207,136
S01000791,439,315,124
S01000792,507,354,153
S01000793,490,374,116
S01000794,648,427,221
S01000795,700,530,170
S01000796,326,238,88
S01000797,326,250,76
S01000798,338,234,104
S01000799,1429,1243,186
S01000800,734,455,279
S01000801,493,383,110
S01000802,543,366,177
S01000803,753,525,228
S01000804,712,531,181
S01000805,573,384,189
S01000806,601,377,224
S01000807,592,471,121
S01000808,585,417,168
S01000809,477,359,118
S01000810,545,381,164
S01000811,626,455,171
S01000812,910,682,228
S01000813,593,437,156
S01000814,547,446,101
S01000815,370,254,116
S01000816,464,349,115
S01000817,684,498,186
S01000818,728,563,165
S01000819,687,476,211
S01000820,438,314,124
S01000821,650,520,130
S01000822,395,293,102
S01000823,355,282,73
S01000824,551,388,163
S01000825,548,395,153
S01000826,465,343,122
S01000827,544,402,142
S01000828,658,474,184
S01000829,501,336,165
S01000830,639,445,194
S01000831,601,417,184
S01000832,707,512,195
S01000833,832,613,219
S01000834,757,515,242
S01000835,549,356,193
S01000836,567,324,243
S01000837,802,489,313
S01000838,477,329,148
S01000839,1014,806,208
S01000840,497,286,211
S01000841,698,416,282
S01000842,674,449,225
S01000843,649,474,175
S01000844,626,462,164
S01000845,403,289,114
S01000846,529,324,205
S01000847,720,469,251
S01000848,475,311,164
S01000849,353,264,89
S01000850,492,317,175
S01000851,578,427,151
S01000852,568,364,204
S01000853,406,256,150
S01000854,639,427,212
S01000855,534,389,145
S01000856,399,279,120
S01000857,362,258,104
S01000858,704,563,141
S01000859,882,647,235
S01000860,624,428,196
S01000861,474,312,162
S01000862,385,288,97
S01000863,411,279,132
S01000864,860,639,221
S01000865,796,551,245
S01000866,634,413,221
S01000867,639,410,229
S01000868,502,299,203
S01000869,411,245,166
S01000870,632,437,195
S01000871,661,414,247
S01000872,605,389,216
S01000873,2526,1515,1011
S01000874,384,261,123
S01000875,1051,808,243
S01000876,532,376,156
S01000877,504,334,170
S01000878,448,323,125
S01000879,657,424,233
S01000880,602,413,189
S01000881,496,312,184
S01000882,660,456,204
S01000883,643,474,169
S01000884,429,298,131
S01000885,382,256,126
S01000886,481,332,149
S01000887,548,384,164
S01000888,480,317,163
S01000889,547,352,195
S01000890,579,388,191
S01000891,649,377,272
S01000892,382,264,118
S01000893,472,296,176
S01000894,397,260,137
S01000895,718,494,224
S01000896,384,246,138
S01000897,528,292,236
S01000898,394,243,151
S01000899,612,346,266
S01000900,479,310,169
S01000901,448,259,189
S01000902,695,470,225
S01000903,723,411,312
S01000904,545,348,197
S01000905,518,338,180
S01000906,375,249,126
S01000907,521,309,212
S01000908,544,392,152
S01000909,721,490,231
S01000910,635,442,193
S01000911,755,478,277
S01000912,477,313,164
S01000913,437,281,156
S01000914,474,251,223
S01000915,691,413,278
S01000916,758,479,279
S01000917,523,348,175
S01000918,416,252,164
S01000919,459,286,173
S01000920,438,300,138
S01000921,491,298,193
S01000922,650,468,182
S01000923,642,442,200
S01000924,663,454,209
S01000925,735,513,222
S01000926,683,493,190
S01000927,650,393,257
S01000928,706,428,278
S01000929,336,210,126
S01000930,353,193,160
S01000931,497,330,167
S01000932,735,469,266
S01000933,756,532,224
S01000934,692,448,244
S01000935,568,408,160
S01000936,618,425,193
S01000937,416,276,140
S01000938,574,402,172
S01000939,526,341,185
S01000940,622,420,202
S01000941,325,195,130
S01000942,736,493,243
S01000943,610,357,253
S01000944,573,375,198
S01000945,535,374,161
S01000946,568,368,200
S01000947,512,314,198
S01000948,626,444,182
S01000949,407,261,146
S01000950,583,373,210
S01000951,638,426,212
S01000952,612,406,206
S01000953,654,393,261
S01000954,798,526,272
S01000955,478,326,152
S01000956,634,428,206
S01000957,404,272,132
S01000958,590,399,191
S01000959,540,404,136
S01000960,398,228,170
S01000961,624,414,210
S01000962,492,350,142
S01000963,602,352,250
S01000964,729,489,240
S01000965,456,306,150
S01000966,757,516,241
S01000967,430,292,138
S01000968,811,580,231
S01000969,630,421,209
S01000970,575,370,205
S01000971,503,355,148
S01000972,710,520,190
S01000973,457,340,117
S01000974,890,636,254
S01000975,487,343,144
S01000976,382,260,122
S01000977,664,487,177
S01000978,585,382,203
S01000979,528,359,169
S01000980,528,335,193
S01000981,513,396,117
S01000982,553,394,159
S01000983,404,255,149
S01000984,442,272,170
S01000985,497,351,146
S01000986,426,267,159
S01000987,501,351,150
S01000988,416,297,119
S01000989,652,480,172
S01000990,641,455,186
S01000991,336,247,89
S01000992,783,517,266
S01000993,615,452,163
S01000994,804,533,271
S01000995,616,502,114
S01000996,811,538,273
S01000997,666,466,200
S01000998,524,362,162
S01000999,501,383,118
S01001000,452,336,116
S01001001,425,314,111
S01001002,503,421,82
S01001003,640,465,175
S01001004,449,294,155
S01001005,609,410,199
S01001006,536,402,134
S01001007,683,467,216
S01001008,610,450,160
S01001009,471,331,140
S01001010,683,431,252
S01001011,428,323,105
S01001012,566,414,152
S01001013,682,397,285
S01001014,715,507,208
S01001015,356,243,113
S01001016,627,396,231
S01001017,611,421,190
S01001018,587,433,154
S01001019,755,490,265
S01001020,371,283,88
S01001021,740,533,207
S01001022,656,490,166
S01001023,760,515,245
S01001024,1281,998,283
S01001025,896,646,250
S01001026,690,491,199
S01001027,640,433,207
S01001028,567,400,167
S01001029,541,344,197
S01001030,500,334,166
S01001031,701,474,227
S01001032,494,324,170
S01001033,505,326,179
S01001034,498,318,180
S01001035,368,241,127
S01001036,456,328,128
S01001037,616,391,225
S01001038,584,435,149
S01001039,413,299,114
S01001040,527,379,148
S01001041,526,363,163
S01001042,739,592,147
S01001043,506,400,106
S01001044,650,380,270
S01001045,473,341,132
S01001046,619,445,174
S01001047,601,351,250
S01001048,459,324,135
S01001049,456,324,132
S01001050,713,511,202
S01001051,418,287,131
S01001052,401,276,125
S01001053,556,367,189
S01001054,538,359,179
S01001055,590,393,197
S01001056,506,363,143
S01001057,451,325,126
S01001058,565,391,174
S01001059,460,344,116
S01001060,537,405,132
S01001061,558,396,162
S01001062,457,334,123
S01001063,633,427,206
S01001064,536,357,179
S01001065,551,387,164
S01001066,580,401,179
S01001067,613,416,197
S01001068,688,452,236
S01001069,666,457,209
S01001070,636,418,218
S01001071,527,344,183
S01001072,695,495,200
S01001073,869,562,307
S01001074,377,265,112
S01001075,649,415,234
S01001076,631,420,211
S01001077,625,420,205
S01001078,707,525,182
S01001079,400,309,91
S01001080,550,358,192
S01001081,464,292,172
S01001082,667,468,199
S01001083,605,387,218
S01001084,682,412,270
S01001085,584,382,202
S01001086,535,288,247
S01001087,379,197,182
S01001088,762,480,282
S01001089,684,427,257
S01001090,717,461,256
S01001091,498,325,173
S01001092,908,556,352
S01001093,792,399,393
S01001094,680,478,202
S01001095,1473,559,914
S01001096,835,441,394
S01001097,507,341,166
S01001098,746,437,309
S01001099,1763,830,933
S01001100,757,458,299
S01001101,1488,785,703
S01001102,1325,556,769
S01001103,522,354,168
S01001104,693,340,353
S01001105,573,368,205
S01001106,696,518,178
S01001107,767,459,308
S01001108,1489,955,534
S01001109,1533,821,712
S01001110,672,427,245
S01001111,949,615,334
S01001112,566,395,171
S01001113,904,534,370
S01001114,765,436,329
S01001115,568,372,196
S01001116,487,281,206
S01001117,487,290,197
S01001118,380,247,133
S01001119,733,491,242
S01001120,470,310,160
S01001121,505,367,138
S01001122,590,370,220
S01001123,777,555,222
S01001124,453,288,165
S01001125,271,188,83
S01001126,602,401,201
S01001127,624,405,219
S01001128,516,372,144
S01001129,713,493,220
S01001130,564,376,188
S01001131,396,248,148
S01001132,499,351,148
S01001133,757,524,233
S01001134,639,461,178
S01001135,251,158,93
S01001136,845,506,339
S01001137,811,471,340
S01001138,1153,870,283
S01001139,508,305,203
S01001140,720,464,256
S01001141,397,249,148
S01001142,628,370,258
S01001143,491,288,203
S01001144,504,364,140
S01001145,421,231,190
S01001146,594,380,214
S01001147,674,437,237
S01001148,532,331,201
S01001149,523,376,147
S01001150,552,370,182
S01001151,402,204,198
S01001152,697,404,293
S01001153,495,340,155
S01001154,522,359,163
S01001155,405,254,151
S01001156,654,470,184
S01001157,588,427,161
S01001158,390,232,158
S01001159,449,279,170
S01001160,335,192,143
S01001161,422,269,153
S01001162,616,436,180
S01001163,576,349,227
S01001164,489,298,191
S01001165,647,421,226
S01001166,213,121,92
S01001167,595,361,234
S01001168,661,494,167
S01001169,780,482,298
S01001170,586,364,222
S01001171,477,368,109
S01001172,453,311,142
S01001173,629,421,208
S01001174,519,353,166
S01001175,606,387,219
S01001176,634,422,212
S01001177,633,348,285
S01001178,519,254,265
S01001179,653,431,222
S01001180,566,330,236
S01001181,589,360,229
S01001182,666,461,205
S01001183,667,390,277
S01001184,642,478,164
S01001185,376,219,157
S01001186,537,355,182
S01001187,658,437,221
S01001188,631,415,216
S01001189,682,455,227
S01001190,496,307,189
S01001191,496,349,147
S01001192,726,393,333
S01001193,637,451,186
S01001194,658,443,215
S01001195,628,376,252
S01001196,774,488,286
S01001197,382,251,131
S01001198,514,331,183
S01001199,614,372,242
S01001200,728,408,320
S01001201,499,328,171
S01001202,411,259,152
S01001203,534,317,217
S01001204,581,395,186
S01001205,543,412,131
S01001206,578,388,190
S01001207,542,341,201
S01001208,389,235,154
S01001209,398,348,50
S01001210,570,345,225
S01001211,735,509,226
S01001212,425,267,158
S01001213,752,398,354
S01001214,521,294,227
S01001215,533,358,175
S01001216,672,467,205
S01001217,778,490,288
S01001218,587,468,119
S01001219,564,426,138
S01001220,388,253,135
S01001221,1019,796,223
S01001222,745,473,272
S01001223,577,428,149
S01001224,655,402,253
S01001225,675,485,190
S01001226,337,229,108
S01001227,515,392,123
S01001228,542,359,183
S01001229,538,398,140
S01001230,588,285,303
S01001231,463,311,152
S01001232,1695,1418,277
S01001233,646,367,279
S01001234,352,215,137
S01001235,615,432,183
S01001236,630,359,271
S01001237,419,296,123
S01001238,376,225,151
S01001239,404,252,152
S01001240,556,352,204
S01001241,435,302,133
S01001242,722,580,142
S01001243,799,545,254
S01001244,618,481,137
S01001245,578,370,208
S01001246,730,458,272
S01001247,435,279,156
S01001248,629,500,129
S01001249,489,317,172
S01001250,649,424,225
S01001251,369,226,143
S01001252,427,275,152
S01001253,455,280,175
S01001254,495,318,177
S01001255,606,415,191
S01001256,538,345,193
S01001257,547,347,200
S01001258,455,288,167
S01001259,594,417,177
S01001260,551,361,190
S01001261,641,382,259
S01001262,687,499,188
S01001263,355,209,146
S01001264,1387,1179,208
S01001265,441,396,45
S01001266,569,414,155
S01001267,683,439,244
S01001268,523,375,148
S01001269,412,287,125
S01001270,485,264,221
S01001271,529,286,243
S01001272,506,329,177
S01001273,550,330,220
S01001274,558,318,240
S01001275,471,281,190
S01001276,467,330,137
S01001277,588,364,224
S01001278,311,209,102
S01001279,509,299,210
S01001280,428,246,182
S01001281,526,303,223
S01001282,574,342,232
S01001283,396,285,111
S01001284,732,516,216
S01001285,486,316,170
S01001286,358,247,111
S01001287,594,372,222
S01001288,652,435,217
S01001289,535,341,194
S01001290,486,308,178
S01001291,291,199,92
S01001292,558,358,200
S01001293,605,394,211
S01001294,476,294,182
S01001295,584,332,252
S01001296,449,274,175
S01001297,631,426,205
S01001298,642,429,213
S01001299,648,419,229
S01001300,1127,826,301
S01001301,408,248,160
S01001302,575,390,185
S01001303,463,327,136
S01001304,1034,775,259
S01001305,554,397,157
S01001306,521,334,187
S01001307,876,598,278
S01001308,690,418,272
S01001309,482,285,197
S01001310,567,329,238
S01001311,483,329,154
S01001312,567,345,222
S01001313,677,430,247
S01001314,567,402,165
S01001315,764,518,246
S01001316,690,369,321
S01001317,685,486,199
S01001318,402,258,144
S01001319,479,261,218
S01001320,635,384,251
S01001321,429,318,111
S01001322,656,414,242
S01001323,418,283,135
S01001324,668,369,299
S01001325,516,339,177
S01001326,614,418,196
S01001327,569,357,212
S01001328,589,357,232
S01001329,414,273,141
S01001330,678,485,193
S01001331,590,401,189
S01001332,625,450,175
S01001333,610,372,238
S01001334,606,441,165
S01001335,659,449,210
S01001336,600,447,153
S01001337,597,401,196
S01001338,553,337,216
S01001339,561,403,158
S01001340,533,375,158
S01001341,629,423,206
S01001342,702,435,267
S01001343,710,487,223
S01001344,605,398,207
S01001345,467,297,170
S01001346,542,374,168
S01001347,550,389,161
S01001348,470,321,149
S01001349,1122,527,595
S01001350,484,283,201
S01001351,359,281,78
S01001352,597,415,182
S01001353,1006,851,155
S01001354,608,400,208
S01001355,572,362,210
S01001356,489,319,170
S01001357,536,354,182
S01001358,694,465,229
S01001359,537,386,151
S01001360,829,573,256
S01001361,518,392,126
S01001362,426,266,160
S01001363,456,348,108
S01001364,631,398,233
S01001365,474,314,160
S01001366,638,424,214
S01001367,528,370,158
S01001368,899,676,223
S01001369,687,446,241
S01001370,639,469,170
S01001371,470,338,132
S01001372,565,404,161
S01001373,517,336,181
S01001374,400,260,140
S01001375,513,368,145
S01001376,646,460,186
S01001377,556,333,223
S01001378,487,349,138
S01001379,761,531,230
S01001380,587,393,194
S01001381,615,395,220
S01001382,477,309,168
S01001383,433,289,144
S01001384,698,427,271
S01001385,585,393,192
S01001386,722,485,237
S01001387,699,431,268
S01001388,1007,657,350
S01001389,370,218,152
S01001390,586,419,167
S01001391,532,369,163
S01001392,531,301,230
S01001393,399,274,125
S01001394,327,221,106
S01001395,665,509,156
S01001396,531,365,166
S01001397,584,376,208
S01001398,593,403,190
S01001399,610,367,243
S01001400,627,415,212
S01001401,496,353,143
S01001402,676,501,175
S01001403,923,742,181
S01001404,484,396,88
S01001405,882,707,175
S01001406,1887,1556,331
S01001407,616,399,217
S01001408,662,446,216
S01001409,691,472,219
S01001410,739,494,245
S01001411,494,371,123
S01001412,620,423,197
S01001413,663,515,148
S01001414,502,313,189
S01001415,593,417,176
S01001416,500,354,146
S01001417,735,528,207
S01001418,650,413,237
S01001419,559,389,170
S01001420,864,661,203
S01001421,821,534,287
S01001422,541,420,121
S01001423,599,459,140
S01001424,780,531,249
S01001425,1189,869,320
S01001426,607,414,193
S01001427,652,513,139
S01001428,659,449,210
S01001429,452,314,138
S01001430,671,429,242
S01001431,726,512,214
S01001432,531,410,121
S01001433,614,412,202
S01001434,638,442,196
S01001435,778,547,231
S01001436,719,514,205
S01001437,683,468,215
S01001438,401,234,167
S01001439,539,394,145
S01001440,686,503,183
S01001441,554,356,198
S01001442,510,356,154
S01001443,699,520,179
S01001444,734,551,183
S01001445,518,392,126
S01001446,630,417,213
S01001447,948,666,282
S01001448,557,371,186
S01001449,441,293,148
S01001450,558,377,181
S01001451,497,349,148
S01001452,607,421,186
S01001453,635,448,187
S01001454,701,488,213
S01001455,541,402,139
S01001456,418,236,182
S01001457,675,449,226
S01001458,682,440,242
S01001459,648,411,237
S01001460,494,331,163
S01001461,582,388,194
S01001462,570,368,202
S01001463,352,228,124
S01001464,659,468,191
S01001465,515,354,161
S01001466,540,351,189
S01001467,644,477,167
S01001468,488,330,158
S01001469,595,387,208
S01001470,659,442,217
S01001471,529,365,164
S01001472,582,397,185
S01001473,528,351,177
S01001474,587,416,171
S01001475,419,259,160
S01001476,720,508,212
S01001477,703,496,207
S01001478,475,313,162
S01001479,431,288,143
S01001480,367,267,100
S01001481,606,423,183
S01001482,522,362,160
S01001483,748,502,246
S01001484,602,444,158
S01001485,468,324,144
S01001486,494,321,173
S01001487,496,315,181
S01001488,638,442,196
S01001489,495,397,98
S01001490,748,530,218
S01001491,619,444,175
S01001492,674,448,226
S01001493,695,463,232
S01001494,684,473,211
S01001495,437,269,168
S01001496,637,448,189
S01001497,596,392,204
S01001498,527,357,170
S01001499,812,612,200
S01001500,381,254,127
S01001501,596,380,216
S01001502,643,444,199
S01001503,636,477,159
S01001504,681,469,212
S01001505,716,489,227
S01001506,470,348,122
S01001507,695,507,188
S01001508,696,481,215
S01001509,610,404,206
S01001510,450,265,185
S01001511,425,251,174
S01001512,613,389,224
S01001513,634,392,242
S01001514,620,445,175
S01001515,489,318,171
S01001516,509,353,156
S01001517,549,344,205
S01001518,752,511,241
S01001519,686,480,206
S01001520,528,373,155
S01001521,698,449,249
S01001522,755,491,264
S01001523,578,460,118
S01001524,686,447,239
S01001525,621,436,185
S01001526,485,332,153
S01001527,656,464,192
S01001528,744,548,196
S01001529,485,317,168
S01001530,530,400,130
S01001531,861,638,223
S01001532,397,261,136
S01001533,640,445,195
S01001534,515,355,160
S01001535,654,449,205
S01001536,600,432,168
S01001537,376,235,141
S01001538,568,375,193
S01001539,667,493,174
S01001540,600,467,133
S01001541,635,405,230
S01001542,537,377,160
S01001543,564,413,151
S01001544,704,482,222
S01001545,602,486,116
S01001546,713,445,268
S01001547,663,445,218
S01001548,778,627,151
S01001549,756,544,212
S01001550,612,451,161
S01001551,665,445,220
S01001552,647,462,185
S01001553,674,462,212
S01001554,715,521,194
S01001555,544,367,177
S01001556,627,452,175
S01001557,714,539,175
S01001558,597,418,179
S01001559,298,183,115
S01001560,1292,730,562
S01001561,947,749,198
S01001562,1861,1513,348
S01001563,439,339,100
S01001564,414,284,130
S01001565,527,373,154
S01001566,491,375,116
S01001567,731,581,150
S01001568,563,403,160
S01001569,604,511,93
S01001570,387,308,79
S01001571,521,362,159
S01001572,412,318,94
S01001573,492,367,125
S01001574,642,445,197
S01001575,579,439,140
S01001576,434,269,165
S01001577,558,395,163
S01001578,551,381,170
S01001579,596,409,187
S01001580,431,293,138
S01001581,512,322,190
S01001582,531,405,126
S01001583,357,247,110
S01001584,552,364,188
S01001585,643,432,211
S01001586,374,295,79
S01001587,521,365,156
S01001588,555,408,147
S01001589,621,396,225
S01001590,476,376,100
S01001591,428,272,156
S01001592,590,432,158
S01001593,637,470,167
S01001594,606,439,167
S01001595,500,355,145
S01001596,560,419,141
S01001597,618,369,249
S01001598,515,354,161
S01001599,754,576,178
S01001600,762,559,203
S01001601,905,688,217
S01001602,479,359,120
S01001603,752,567,185
S01001604,440,298,142
S01001605,570,422,148
S01001606,454,325,129
S01001607,1961,1628,333
S01001608,646,499,147
S01001609,659,474,185
S01001610,558,415,143
S01001611,773,552,221
S01001612,612,421,191
S01001613,581,378,203
S01001614,401,269,132
S01001615,611,420,191
S01001616,518,391,127
S01001617,441,276,165
S01001618,689,504,185
S01001619,514,345,169
S01001620,640,369,271
S01001621,512,365,147
S01001622,615,439,176
S01001623,550,378,172
S01001624,710,474,236
S01001625,582,386,196
S01001626,527,384,143
S01001627,1026,781,245
S01001628,434,310,124
S01001629,425,288,137
S01001630,424,294,130
S01001631,1032,797,235
S01001632,433,354,79
S01001633,666,422,244
S01001634,745,566,179
S01001635,553,405,148
S01001636,396,307,89
S01001637,544,414,130
S01001638,665,476,189
S01001639,506,316,190
S01001640,501,315,186
S01001641,1088,811,277
S01001642,645,410,235
S01001643,522,355,167
S01001644,1212,917,295
S01001645,702,491,211
S01001646,467,346,121
S01001647,451,296,155
S01001648,537,374,163
S01001649,552,355,197
S01001650,567,415,152
S01001651,630,430,200
S01001652,569,384,185
S01001653,495,365,130
S01001654,647,471,176
S01001655,410,256,154
S01001656,932,659,273
S01001657,371,277,94
S01001658,737,498,239
S01001659,453,288,165
S01001660,473,291,182
S01001661,606,422,184
S01001662,516,343,173
S01001663,593,384,209
S01001664,402,287,115
S01001665,507,294,213
S01001666,392,270,122
S01001667,516,315,201
S01001668,595,378,217
S01001669,507,353,154
S01001670,446,320,126
S01001671,389,286,103
S01001672,405,271,134
S01001673,483,365,118
S01001674,493,330,163
S01001675,502,354,148
S01001676,833,590,243
S01001677,637,436,201
S01001678,666,491,175
S01001679,603,404,199
S01001680,416,252,164
S01001681,463,303,160
S01001682,490,398,92
S01001683,520,334,186
S01001684,387,251,136
S01001685,511,330,181
S01001686,626,451,175
S01001687,636,433,203
S01001688,672,522,150
S01001689,510,312,198
S01001690,620,490,130
S01001691,611,424,187
S01001692,455,323,132
S01001693,576,477,99
S01001694,492,360,132
S01001695,564,387,177
S01001696,552,387,165
S01001697,656,438,218
S01001698,383,268,115
S01001699,481,391,90
S01001700,682,472,210
S01001701,578,394,184
S01001702,651,408,243
S01001703,622,491,131
S01001704,674,411,263
S01001705,486,404,82
S01001706,570,417,153
S01001707,549,369,180
S01001708,650,442,208
S01001709,453,357,96
S01001710,499,369,130
S01001711,583,411,172
S01001712,360,252,108
S01001713,660,495,165
S01001714,503,369,134
S01001715,657,487,170
S01001716,644,404,240
S01001717,567,403,164
S01001718,380,282,98
S01001719,579,437,142
S01001720,479,379,100
S01001721,511,342,169
S01001722,528,403,125
S01001723,631,430,201
S01001724,551,331,220
S01001725,545,369,176
S01001726,484,353,131
S01001727,680,493,187
S01001728,465,369,96
S01001729,714,520,194
S01001730,452,308,144
S01001731,475,332,143
S01001732,429,305,124
S01001733,616,456,160
S01001734,375,238,137
S01001735,342,265,77
S01001736,774,503,271
S01001737,441,341,100
S01001738,431,291,140
S01001739,475,381,94
S01001740,567,402,165
S01001741,469,309,160
S01001742,530,367,163
S01001743,710,456,254
S01001744,420,321,99
S01001745,609,445,164
S01001746,617,419,198
S01001747,623,424,199
S01001748,457,327,130
S01001749,529,333,196
S01001750,495,280,215
S01001751,700,467,233
S01001752,713,497,216
S01001753,576,352,224
S01001754,545,403,142
S01001755,772,534,238
S01001756,372,216,156
S01001757,572,397,175
S01001758,492,329,163
S01001759,523,345,178
S01001760,593,431,162
S01001761,522,323,199
S01001762,599,386,213
S01001763,566,415,151
S01001764,395,302,93
S01001765,693,481,212
S01001766,471,327,144
S01001767,408,274,134
S01001768,455,331,124
S01001769,421,266,155
S01001770,454,311,143
S01001771,621,467,154
S01001772,355,225,130
S01001773,724,489,235
S01001774,467,364,103
S01001775,534,356,178
S01001776,465,320,145
S01001777,663,499,164
S01001778,675,391,284
S01001779,368,230,138
S01001780,603,413,190
S01001781,476,334,142
S01001782,672,465,207
S01001783,410,234,176
S01001784,399,259,140
S01001785,510,369,141
S01001786,420,331,89
S01001787,448,293,155
S01001788,619,450,169
S01001789,551,389,162
S01001790,536,383,153
S01001791,548,363,185
S01001792,510,361,149
S01001793,630,459,171
S01001794,631,434,197
S01001795,335,249,86
S01001796,583,344,239
S01001797,457,312,145
S01001798,621,410,211
S01001799,738,462,276
S01001800,728,571,157
S01001801,721,490,231
S01001802,641,521,120
S01001803,786,622,164
S01001804,736,538,198
S01001805,530,370,160
S01001806,469,328,141
S01001807,601,403,198
S01001808,411,270,141
S01001809,755,470,285
S01001810,676,461,215
S01001811,508,330,178
S01001812,626,420,206
S01001813,543,392,151
S01001814,549,412,137
S01001815,602,403,199
S01001816,783,540,243
S01001817,492,332,160
S01001818,518,339,179
S01001819,688,455,233
S01001820,522,324,198
S01001821,360,267,93
S01001822,771,554,217
S01001823,584,357,227
S01001824,518,338,180
S01001825,630,442,188
S01001826,430,247,183
S01001827,612,398,214
S01001828,542,425,117
S01001829,506,369,137
S01001830,670,494,176
S01001831,532,399,133
S01001832,495,323,172
S01001833,852,630,222
S01001834,467,290,177
S01001835,479,357,122
S01001836,619,432,187
S01001837,658,488,170
S01001838,472,324,148
S01001839,618,399,219
S01001840,497,318,179
S01001841,505,385,120
S01001842,576,447,129
S01001843,516,345,171
S01001844,2209,856,1353
S01001845,555,425,130
S01001846,618,453,165
S01001847,653,413,240
S01001848,547,366,181
S01001849,422,269,153
S01001850,545,411,134
S01001851,606,452,154
S01001852,606,376,230
S01001853,510,353,157
S01001854,623,389,234
S01001855,594,414,180
S01001856,548,344,204
S01001857,492,310,182
S01001858,575,401,174
S01001859,774,497,277
S01001860,726,408,318
S01001861,599,416,183
S01001862,630,437,193
S01001863,645,460,185
S01001864,957,631,326
S01001865,497,308,189
S01001866,503,353,150
S01001867,541,351,190
S01001868,506,298,208
S01001869,648,460,188
S01001870,665,419,246
S01001871,1242,884,358
S01001872,629,394,235
S01001873,527,366,161
S01001874,807,569,238
S01001875,640,424,216
S01001876,749,503,246
S01001877,674,424,250
S01001878,751,496,255
S01001879,492,316,176
S01001880,590,382,208
S01001881,578,384,194
S01001882,593,441,152
S01001883,398,257,141
S01001884,672,434,238
S01001885,821,554,267
S01001886,457,238,219
S01001887,613,440,173
S01001888,626,418,208
S01001889,417,299,118
S01001890,747,516,231
S01001891,519,330,189
S01001892,747,466,281
S01001893,770,444,326
S01001894,552,344,208
S01001895,607,393,214
S01001896,564,399,165
S01001897,686,440,246
S01001898,477,282,195
S01001899,602,411,191
S01001900,556,387,169
S01001901,588,409,179
S01001902,684,495,189
S01001903,433,288,145
S01001904,463,299,164
S01001905,672,476,196
S01001906,505,303,202
S01001907,582,364,218
S01001908,718,409,309
S01001909,538,339,199
S01001910,564,386,178
S01001911,522,413,109
S01001912,559,413,146
S01001913,753,538,215
S01001914,417,272,145
S01001915,671,474,197
S01001916,681,500,181
S01001917,475,345,130
S01001918,775,571,204
S01001919,637,455,182
S01001920,534,333,201
S01001921,446,280,166
S01001922,621,469,152
S01001923,455,311,144
S01001924,539,364,175
S01001925,544,373,171
S01001926,454,283,171
S01001927,609,397,212
S01001928,780,494,286
S01001929,730,529,201
S01001930,695,538,157
S01001931,549,335,214
S01001932,1351,518,833
S01001933,627,450,177
S01001934,1253,931,322
S01001935,679,374,305
S01001936,766,493,273
S01001937,656,412,244
S01001938,491,346,145
S01001939,460,314,146
S01001940,627,412,215
S01001941,808,513,295
S01001942,438,309,129
S01001943,508,325,183
S01001944,486,273,213
S01001945,514,324,190
S01001946,607,411,196
S01001947,642,388,254
S01001948,588,324,264
S01001949,520,339,181
S01001950,734,583,151
S01001951,661,365,296
S01001952,573,392,181
S01001953,683,450,233
S01001954,336,236,100
S01001955,861,575,286
S01001956,525,320,205
S01001957,360,215,145
S01001958,674,394,280
S01001959,424,301,123
S01001960,754,482,272
S01001961,916,732,184
S01001962,698,502,196
S01001963,777,536,241
S01001964,625,535,90
S01001965,570,368,202
S01001966,1217,778,439
S01001967,522,434,88
S01001968,591,438,153
S01001969,494,339,155
S01001970,428,277,151
S01001971,584,371,213
S01001972,571,471,100
S01001973,525,419,106
S01001974,681,476,205
S01001975,570,347,223
S01001976,706,379,327
S01001977,568,354,214
S01001978,968,602,366
S01001979,527,356,171
S01001980,728,614,114
S01001981,798,458,340
S01001982,296,196,100
S01001983,609,400,209
S01001984,806,619,187
S01001985,567,426,141
S01001986,597,463,134
S01001987,735,338,397
S01001988,570,429,141
S01001989,638,446,192
S01001990,800,422,378
S01001991,592,454,138
S01001992,597,354,243
S01001993,571,375,196
S01001994,780,586,194
S01001995,540,459,81
S01001996,765,472,293
S01001997,608,419,189
S01001998,551,437,114
S01001999,669,328,341
S01002000,581,409,172
S01002001,738,617,121
S01002002,671,342,329
S01002003,660,499,161
S01002004,707,559,148
S01002005,599,382,217
S01002006,661,497,164
S01002007,910,718,192
S01002008,806,590,216
S01002009,744,417,327
S01002010,474,280,194
S01002011,831,679,152
S01002012,690,488,202
S01002013,627,380,247
S01002014,739,391,348
S01002015,611,439,172
S01002016,537,439,98
S01002017,775,380,395
S01002018,534,412,122
S01002019,756,397,359
S01002020,542,244,298
S01002021,739,493,246
S01002022,734,574,160
S01002023,687,484,203
S01002024,590,461,129
S01002025,792,625,167
S01002026,459,302,157
S01002027,1119,516,603
S01002028,2442,693,1749
S01002029,699,361,338
S01002030,693,545,148
S01002031,558,412,146
S01002032,644,440,204
S01002033,709,554,155
S01002034,713,408,305
S01002035,556,407,149
S01002036,841,650,191
S01002037,624,317,307
S01002038,456,275,181
S01002039,477,319,158
S01002040,548,419,129
S01002041,765,594,171
S01002042,622,412,210
S01002043,539,395,144
S01002044,438,294,144
S01002045,725,506,219
S01002046,538,422,116
S01002047,649,383,266
S01002048,822,342,480
S01002049,1041,581,460
S01002050,505,339,166
S01002051,548,343,205
S01002052,805,588,217
S01002053,925,483,442
S01002054,586,335,251
S01002055,721,520,201
S01002056,639,443,196
S01002057,685,511,174
S01002058,998,627,371
S01002059,614,431,183
S01002060,717,326,391
S01002061,653,470,183
S01002062,417,266,151
S01002063,1099,727,372
S01002064,1014,760,254
S01002065,893,420,473
S01002066,967,472,495
S01002067,605,408,197
S01002068,871,646,225
S01002069,445,344,101
S01002070,599,351,248
S01002071,620,308,312
S01002072,794,597,197
S01002073,591,426,165
S01002074,486,340,146
S01002075,747,602,145
S01002076,774,466,308
S01002077,571,403,168
S01002078,799,596,203
S01002079,954,618,336
S01002080,710,467,243
S01002081,670,458,212
S01002082,702,531,171
S01002083,364,241,123
S01002084,732,545,187
S01002085,726,421,305
S01002086,590,301,289
S01002087,938,426,512
S01002088,646,454,192
S01002089,752,560,192
S01002090,749,467,282
S01002091,773,520,253
S01002092,672,455,217
S01002093,916,530,386
S01002094,532,363,169
S01002095,395,262,133
S01002096,1014,797,217
S01002097,540,347,193
S01002098,534,341,193
S01002099,743,544,199
S01002100,410,284,126
S01002101,921,544,377
S01002102,480,322,158
S01002103,481,349,132
S01002104,1259,467,792
S01002105,679,430,249
S01002106,911,447,464
S01002107,377,257,120
S01002108,1154,488,666
S01002109,866,575,291
S01002110,533,416,117
S01002111,711,488,223
S01002112,799,599,200
S01002113,516,328,188
S01002114,522,382,140
S01002115,933,680,253
S01002116,616,445,171
S01002117,665,419,246
S01002118,1078,489,589
S01002119,421,302,119
S01002120,570,400,170
S01002121,481,342,139
S01002122,589,388,201
S01002123,707,513,194
S01002124,730,509,221
S01002125,777,534,243
S01002126,425,306,119
S01002127,511,351,160
S01002128,716,557,159
S01002129,920,521,399
S01002130,424,279,145
S01002131,768,483,285
S01002132,580,424,156
S01002133,860,648,212
S01002134,411,303,108
S01002135,620,411,209
S01002136,638,496,142
S01002137,652,474,178
S01002138,516,354,162
S01002139,515,391,124
S01002140,609,432,177
S01002141,548,420,128
S01002142,766,556,210
S01002143,505,342,163
S01002144,462,284,178
S01002145,816,565,251
S01002146,855,719,136
S01002147,624,442,182
S01002148,596,421,175
S01002149,790,544,246
S01002150,545,436,109
S01002151,1338,1055,283
S01002152,637,440,197
S01002153,361,245,116
S01002154,623,426,197
S01002155,732,490,242
S01002156,630,459,171
S01002157,583,426,157
S01002158,640,501,139
S01002159,578,407,171
S01002160,749,477,272
S01002161,722,468,254
S01002162,738,503,235
S01002163,957,787,170
S01002164,566,393,173
S01002165,692,549,143
S01002166,699,442,257
S01002167,431,287,144
S01002168,869,626,243
S01002169,666,524,142
S01002170,577,394,183
S01002171,440,311,129
S01002172,515,342,173
S01002173,684,490,194
S01002174,756,595,161
S01002175,870,713,157
S01002176,581,376,205
S01002177,670,573,97
S01002178,794,662,132
S01002179,480,327,153
S01002180,523,359,164
S01002181,666,533,133
S01002182,683,479,204
S01002183,743,611,132
S01002184,532,371,161
S01002185,750,561,189
S01002186,632,513,119
S01002187,821,574,247
S01002188,546,395,151
S01002189,568,443,125
S01002190,765,598,167
S01002191,582,353,229
S01002192,613,438,175
S01002193,623,451,172
S01002194,579,414,165
S01002195,902,744,158
S01002196,476,356,120
S01002197,590,463,127
S01002198,712,557,155
S01002199,719,507,212
S01002200,730,500,230
S01002201,949,737,212
S01002202,778,530,248
S01002203,424,337,87
S01002204,567,383,184
S01002205,592,483,109
S01002206,897,748,149
S01002207,598,439,159
S01002208,599,474,125
S01002209,855,706,149
S01002210,467,363,104
S01002211,491,257,234
S01002212,917,637,280
S01002213,608,415,193
S01002214,655,546,109
S01002215,732,500,232
S01002216,1507,1265,242
S01002217,1059,801,258
S01002218,494,410,84
S01002219,462,320,142
S01002220,558,401,157
S01002221,861,665,196
S01002222,598,408,190
S01002223,497,355,142
S01002224,636,401,235
S01002225,886,685,201
S01002226,871,684,187
S01002227,611,384,227
S01002228,728,491,237
S01002229,446,309,137
S01002230,876,679,197
S01002231,778,434,344
S01002232,601,404,197
S01002233,831,638,193
S01002234,678,507,171
S01002235,881,710,171
S01002236,713,511,202
S01002237,1024,770,254
S01002238,414,256,158
S01002239,723,432,291
S01002240,793,590,203
S01002241,753,514,239
S01002242,562,401,161
S01002243,696,564,132
S01002244,791,655,136
S01002245,1853,1513,340
S01002246,834,659,175
S01002247,590,389,201
S01002248,837,600,237
S01002249,756,569,187
S01002250,719,605,114
S01002251,604,421,183
S01002252,535,330,205
S01002253,697,465,232
S01002254,776,616,160
S01002255,1480,1197,283
S01002256,928,729,199
S01002257,547,428,119
S01002258,662,479,183
S01002259,420,305,115
S01002260,601,384,217
S01002261,750,548,202
S01002262,551,387,164
S01002263,538,338,200
S01002264,653,526,127
S01002265,1209,877,332
S01002266,628,465,163
S01002267,780,522,258
S01002268,478,341,137
S01002269,732,539,193
S01002270,1501,1175,326
S01002271,608,433,175
S01002272,619,514,105
S01002273,651,512,139
S01002274,1066,808,258
S01002275,1058,747,311
S01002276,592,356,236
S01002277,681,437,244
S01002278,815,504,311
S01002279,1018,631,387
S01002280,592,446,146
S01002281,433,274,159
S01002282,201,122,79
S01002283,493,340,153
S01002284,1571,1281,290
S01002285,803,564,239
S01002286,571,469,102
S01002287,476,358,118
S01002288,1129,950,179
S01002289,979,718,261
S01002290,849,640,209
S01002291,611,344,267
S01002292,910,692,218
S01002293,610,438,172
S01002294,453,347,106
S01002295,508,378,130
S01002297,630,456,174
S01002298,524,409,115
S01002299,548,377,171
S01002300,552,361,191
S01002301,1609,1270,339
S01002302,675,445,230
S01002303,587,384,203
S01002304,1527,1296,231
S01002305,701,485,216
S01002306,391,297,94
S01002307,995,836,159
S01002308,749,580,169
S01002309,544,378,166
S01002310,901,561,340
S01002311,564,380,184
S01002312,532,331,201
S01002313,536,393,143
S01002314,666,498,168
S01002315,411,293,118
S01002316,491,332,159
S01002317,3121,2561,560
S01002318,769,564,205
S01002319,778,461,317
S01002320,451,361,90
S01002321,808,510,298
S01002322,536,426,110
S01002323,593,437,156
S01002324,543,331,212
S01002325,1481,1170,311
S01002326,856,652,204
S01002327,593,448,145
S01002328,554,402,152
S01002329,508,387,121
S01002330,546,356,190
S01002331,491,347,144
S01002332,675,571,104
S01002333,581,455,126
S01002334,705,535,170
S01002335,681,468,213
S01002336,798,628,170
S01002337,700,546,154
S01002338,327,221,106
S01002339,446,331,115
S01002340,459,302,157
S01002341,367,248,119
S01002342,447,306,141
S01002343,559,406,153
S01002344,391,295,96
S01002345,598,485,113
S01002346,675,474,201
S01002347,560,393,167
S01002348,700,455,245
S01002349,710,464,246
S01002350,669,485,184
S01002351,565,357,208
S01002352,679,464,215
S01002353,618,440,178
S01002354,641,458,183
S01002355,620,463,157
S01002356,638,469,169
S01002357,478,355,123
S01002358,374,254,120
S01002359,563,382,181
S01002360,467,346,121
S01002361,490,337,153
S01002362,586,432,154
S01002363,793,581,212
S01002364,500,373,127
S01002365,452,307,145
S01002366,660,496,164
S01002367,752,559,193
S01002368,669,488,181
S01002369,457,314,143
S01002370,540,384,156
S01002371,496,323,173
S01002372,566,385,181
S01002373,484,302,182
S01002374,565,370,195
S01002375,652,446,206
S01002376,661,469,192
S01002377,628,416,212
S01002378,387,262,125
S01002379,873,658,215
S01002380,609,433,176
S01002381,657,484,173
S01002382,442,254,188
S01002383,373,296,77
S01002384,413,293,120
S01002385,551,379,172
S01002386,754,579,175
S01002387,541,416,125
S01002388,585,480,105
S01002389,549,383,166
S01002390,817,576,241
S01002391,1007,779,228
S01002392,1341,1101,240
S01002393,745,574,171
S01002394,599,418,181
S01002395,557,410,147
S01002396,528,360,168
S01002397,1400,776,624
S01002398,629,410,219
S01002399,742,510,232
S01002400,663,518,145
S01002401,840,695,145
S01002402,629,449,180
S01002403,549,389,160
S01002404,741,552,189
S01002405,587,474,113
S01002406,637,451,186
S01002407,522,372,150
S01002408,618,389,229
S01002409,458,302,156
S01002410,388,291,97
S01002411,1903,1563,340
S01002412,752,580,172
S01002413,468,338,130
S01002414,460,300,160
S01002415,538,378,160
S01002416,429,313,116
S01002417,478,294,184
S01002418,692,484,208
S01002419,419,291,128
S01002420,447,290,157
S01002421,641,434,207
S01002422,388,275,113
S01002423,587,369,218
S01002424,607,430,177
S01002425,687,481,206
S01002426,505,320,185
S01002427,607,404,203
S01002428,418,270,148
S01002429,455,100,355
S01002430,485,350,135
S01002431,634,438,196
S01002432,1113,874,239
S01002433,395,287,108
S01002434,685,475,210
S01002435,517,386,131
S01002436,528,278,250
S01002437,610,439,171
S01002438,518,362,156
S01002439,581,352,229
S01002440,643,474,169
S01002441,508,332,176
S01002442,373,297,76
S01002443,475,329,146
S01002444,379,229,150
S01002445,700,506,194
S01002446,684,479,205
S01002447,517,347,170
S01002448,389,273,116
S01002449,483,389,94
S01002450,579,375,204
S01002451,742,540,202
S01002452,377,263,114
S01002453,532,354,178
S01002454,570,406,164
S01002455,435,293,142
S01002456,721,501,220
S01002457,557,391,166
S01002458,644,418,226
S01002459,421,300,121
S01002460,627,406,221
S01002461,348,293,55
S01002462,569,395,174
S01002463,663,434,229
S01002464,399,286,113
S01002465,554,420,134
S01002466,749,570,179
S01002467,369,258,111
S01002468,510,344,166
S01002469,484,326,158
S01002470,611,438,173
S01002471,410,278,132
S01002472,430,288,142
S01002473,690,508,182
S01002474,336,253,83
S01002475,385,251,134
S01002476,679,515,164
S01002477,606,421,185
S01002478,670,497,173
S01002479,543,363,180
S01002480,390,278,112
S01002481,688,454,234
S01002482,735,489,246
S01002483,495,349,146
S01002484,610,415,195
S01002485,670,466,204
S01002486,397,260,137
S01002487,356,243,113
S01002488,468,306,162
S01002489,435,275,160
S01002490,408,266,142
S01002491,345,186,159
S01002492,693,520,173
S01002493,689,504,185
S01002494,494,370,124
S01002495,478,324,154
S01002496,990,720,270
S01002497,640,431,209
S01002498,510,391,119
S01002499,690,445,245
S01002500,450,304,146
S01002501,354,230,124
S01002502,595,372,223
S01002503,531,368,163
S01002504,1029,766,263
S01002505,553,347,206
S01002506,632,470,162
S01002507,425,280,145
S01002508,640,460,180
S01002509,890,689,201
S01002510,734,534,200
S01002511,351,230,121
S01002512,516,406,110
S01002513,1190,1008,182
S01002514,415,295,120
S01002515,437,283,154
S01002516,593,414,179
S01002517,433,298,135
S01002518,781,632,149
S01002519,587,373,214
S01002520,428,290,138
S01002521,430,298,132
S01002522,569,404,165
S01002523,489,302,187
S01002524,469,362,107
S01002525,476,324,152
S01002526,386,261,125
S01002527,615,493,122
S01002528,643,480,163
S01002529,841,601,240
S01002530,485,319,166
S01002531,627,448,179
S01002532,539,365,174
S01002533,572,405,167
S01002534,706,506,200
S01002535,657,505,152
S01002536,444,303,141
S01002537,415,258,157
S01002538,681,481,200
S01002539,539,336,203
S01002540,403,283,120
S01002541,1336,1060,276
S01002542,525,420,105
S01002543,402,249,153
S01002544,639,486,153
S01002545,594,386,208
S01002546,592,439,153
S01002547,597,481,116
S01002548,780,537,243
S01002549,437,290,147
S01002550,387,281,106
S01002551,403,298,105
S01002552,444,304,140
S01002553,564,381,183
S01002554,459,387,72
S01002555,572,413,159
S01002556,560,373,187
S01002557,603,407,196
S01002558,408,287,121
S01002559,491,338,153
S01002560,432,320,112
S01002561,570,417,153
S01002562,453,300,153
S01002563,782,541,241
S01002564,421,279,142
S01002565,668,536,132
S01002566,546,393,153
S01002567,1780,1484,296
S01002568,585,426,159
S01002569,1054,785,269
S01002570,483,358,125
S01002571,490,325,165
S01002572,434,303,131
S01002573,381,274,107
S01002574,638,466,172
S01002575,978,868,110
S01002576,534,384,150
S01002577,692,469,223
S01002578,562,344,218
S01002579,695,496,199
S01002580,563,379,184
S01002581,543,450,93
S01002582,530,351,179
S01002583,717,553,164
S01002584,1145,886,259
S01002585,657,442,215
S01002586,399,260,139
S01002587,533,398,135
S01002588,534,390,144
S01002589,543,340,203
S01002590,498,300,198
S01002591,446,285,161
S01002592,653,439,214
S01002593,606,404,202
S01002594,509,425,84
S01002595,508,354,154
S01002596,504,306,198
S01002597,407,293,114
S01002598,765,578,187
S01002599,397,276,121
S01002600,722,582,140
S01002601,473,329,144
S01002602,390,277,113
S01002603,534,366,168
S01002604,693,452,241
S01002605,431,322,109
S01002606,428,317,111
S01002607,633,445,188
S01002608,400,304,96
S01002609,549,369,180
S01002610,668,452,216
S01002611,672,526,146
S01002612,587,377,210
S01002613,615,420,195
S01002614,658,446,212
S01002615,337,281,56
S01002616,459,301,158
S01002617,697,402,295
S01002618,606,413,193
S01002619,592,417,175
S01002620,649,429,220
S01002621,463,320,143
S01002622,6030,5194,836
S01002623,1199,951,248
S01002624,551,403,148
S01002625,694,479,215
S01002626,531,339,192
S01002627,766,547,219
S01002628,614,474,140
S01002629,646,458,188
S01002630,481,322,159
S01002631,590,409,181
S01002632,433,322,111
S01002633,697,519,178
S01002634,570,375,195
S01002635,428,290,138
S01002636,440,296,144
S01002637,547,394,153
S01002638,526,339,187
S01002639,720,493,227
S01002640,535,391,144
S01002641,675,511,164
S01002642,477,313,164
S01002643,411,266,145
S01002644,483,315,168
S01002645,470,317,153
S01002646,535,430,105
S01002647,629,359,270
S01002648,896,667,229
S01002649,434,296,138
S01002650,471,293,178
S01002651,447,306,141
S01002652,510,354,156
S01002653,535,398,137
S01002654,565,361,204
S01002655,590,402,188
S01002656,547,347,200
S01002657,619,417,202
S01002658,965,776,189
S01002659,673,450,223
S01002660,592,392,200
S01002661,612,425,187
S01002662,997,708,289
S01002663,570,428,142
S01002664,650,464,186
S01002665,587,372,215
S01002666,999,696,303
S01002667,473,300,173
S01002668,360,234,126
S01002669,713,547,166
S01002670,467,355,112
S01002671,817,613,204
S01002672,485,313,172
S01002673,413,310,103
S01002674,593,426,167
S01002675,636,403,233
S01002676,564,386,178
S01002677,730,523,207
S01002678,678,473,205
S01002679,740,495,245
S01002680,828,638,190
S01002681,485,329,156
S01002682,410,270,140
S01002683,455,307,148
S01002684,573,415,158
S01002685,650,451,199
S01002686,1219,888,331
S01002687,910,674,236
S01002688,511,373,138
S01002689,652,505,147
S01002690,414,259,155
S01002691,1013,746,267
S01002692,613,434,179
S01002693,414,317,97
S01002694,526,374,152
S01002695,445,313,132
S01002696,537,377,160
S01002697,692,442,250
S01002698,551,376,175
S01002699,385,270,115
S01002700,624,431,193
S01002701,718,532,186
S01002702,430,278,152
S01002703,961,707,254
S01002704,491,318,173
S01002705,518,340,178
S01002706,649,477,172
S01002707,667,463,204
S01002708,723,503,220
S01002709,684,460,224
S01002710,610,402,208
S01002711,641,432,209
S01002712,492,324,168
S01002713,469,263,206
S01002714,673,450,223
S01002715,644,441,203
S01002716,418,297,121
S01002717,591,418,173
S01002718,623,396,227
S01002719,572,378,194
S01002720,502,304,198
S01002721,586,355,231
S01002722,614,429,185
S01002723,491,278,213
S01002724,579,352,227
S01002725,672,460,212
S01002726,513,359,154
S01002727,714,567,147
S01002728,702,483,219
S01002729,696,519,177
S01002730,691,527,164
S01002731,565,357,208
S01002732,477,361,116
S01002733,445,297,148
S01002734,834,556,278
S01002735,890,624,266
S01002736,503,325,178
S01002737,576,464,112
S01002738,486,355,131
S01002739,582,385,197
S01002740,419,307,112
S01002741,693,541,152
S01002742,561,380,181
S01002743,492,305,187
S01002744,429,305,124
S01002745,444,281,163
S01002746,597,384,213
S01002747,398,258,140
S01002748,506,359,147
S01002749,498,323,175
S01002750,660,431,229
S01002751,715,503,212
S01002752,375,228,147
S01002753,507,323,184
S01002754,412,290,122
S01002755,555,364,191
S01002756,579,386,193
S01002757,441,302,139
S01002758,474,316,158
S01002759,713,483,230
S01002760,391,261,130
S01002761,588,399,189
S01002762,431,271,160
S01002763,615,434,181
S01002764,434,261,173
S01002765,587,368,219
S01002766,636,435,201
S01002767,736,514,222
S01002768,585,395,190
S01002769,537,399,138
S01002770,399,250,149
S01002771,527,342,185
S01002772,766,490,276
S01002773,650,441,209
S01002774,552,362,190
S01002775,515,319,196
S01002776,713,531,182
S01002777,738,495,243
S01002778,526,325,201
S01002779,457,306,151
S01002780,632,415,217
S01002781,623,387,236
S01002782,591,307,284
S01002783,1114,801,313
S01002784,378,252,126
S01002785,522,333,189
S01002786,637,477,160
S01002787,525,348,177
S01002788,639,454,185
S01002789,538,355,183
S01002790,566,355,211
S01002791,459,273,186
S01002792,1471,1132,339
S01002793,528,304,224
S01002794,697,460,237
S01002795,440,295,145
S01002796,441,294,147
S01002797,583,411,172
S01002798,428,277,151
S01002799,433,271,162
S01002800,553,418,135
S01002801,690,418,272
S01002802,443,290,153
S01002803,584,405,179
S01002804,415,283,132
S01002805,635,386,249
S01002806,1761,1449,312
S01002807,464,299,165
S01002808,582,399,183
S01002809,477,311,166
S01002810,687,463,224
S01002811,721,467,254
S01002812,463,322,141
S01002813,547,344,203
S01002814,659,422,237
S01002815,514,307,207
S01002816,430,266,164
S01002817,398,243,155
S01002818,458,308,150
S01002819,544,341,203
S01002820,590,361,229
S01002821,866,639,227
S01002822,584,367,217
S01002823,536,333,203
S01002824,601,433,168
S01002825,591,369,222
S01002826,355,213,142
S01002827,510,344,166
S01002828,673,470,203
S01002829,570,348,222
S01002830,464,286,178
S01002831,824,613,211
S01002832,574,417,157
S01002833,823,567,256
S01002834,602,369,233
S01002835,528,354,174
S01002836,381,267,114
S01002837,455,260,195
S01002838,398,225,173
S01002839,425,234,191
S01002840,494,284,210
S01002841,883,690,193
S01002842,394,228,166
S01002843,528,306,222
S01002844,421,260,161
S01002845,637,437,200
S01002846,804,605,199
S01002847,679,466,213
S01002848,582,393,189
S01002849,730,514,216
S01002850,654,432,222
S01002851,286,158,128
S01002852,712,473,239
S01002853,326,190,136
S01002854,587,377,210
S01002855,424,236,188
S01002856,545,335,210
S01002857,400,256,144
S01002858,468,333,135
S01002859,582,367,215
S01002860,780,565,215
S01002861,663,452,211
S01002862,426,262,164
S01002863,513,355,158
S01002864,425,263,162
S01002865,677,486,191
S01002866,761,494,267
S01002867,374,270,104
S01002868,537,337,200
S01002869,400,259,141
S01002870,669,461,208
S01002871,485,344,141
S01002872,424,259,165
S01002873,522,333,189
S01002874,574,405,169
S01002875,383,246,137
S01002876,511,330,181
S01002877,557,345,212
S01002878,391,264,127
S01002879,601,388,213
S01002880,388,281,107
S01002881,706,503,203
S01002882,563,352,211
S01002883,725,490,235
S01002884,551,341,210
S01002885,969,755,214
S01002886,604,386,218
S01002887,430,277,153
S01002888,330,181,149
S01002889,654,428,226
S01002890,486,307,179
S01002891,547,366,181
S01002892,474,304,170
S01002893,835,623,212
S01002894,560,364,196
S01002895,424,262,162
S01002896,465,294,171
S01002897,420,240,180
S01002898,732,499,233
S01002899,404,278,126
S01002900,493,324,169
S01002901,564,372,192
S01002902,549,393,156
S01002903,626,413,213
S01002904,518,371,147
S01002905,571,414,157
S01002906,610,432,178
S01002907,427,315,112
S01002908,565,350,215
S01002909,599,418,181
S01002910,793,504,289
S01002911,641,408,233
S01002912,1045,723,322
S01002913,607,418,189
S01002914,453,283,170
S01002915,687,463,224
S01002916,529,276,253
S01002917,455,301,154
S01002918,495,298,197
S01002919,619,420,199
S01002920,414,267,147
S01002921,451,287,164
S01002922,384,266,118
S01002923,440,308,132
S01002924,488,324,164
S01002925,1061,782,279
S01002926,556,397,159
S01002927,580,346,234
S01002928,389,279,110
S01002929,535,378,157
S01002930,442,309,133
S01002931,652,414,238
S01002932,529,412,117
S01002933,618,396,222
S01002934,663,423,240
S01002935,690,487,203
S01002936,592,471,121
S01002937,359,271,88
S01002938,549,375,174
S01002939,425,309,116
S01002940,442,279,163
S01002941,682,464,218
S01002942,324,217,107
S01002943,492,371,121
S01002944,862,589,273
S01002945,407,271,136
S01002946,846,610,236
S01002947,485,361,124
S01002948,586,420,166
S01002949,399,279,120
S01002950,597,429,168
S01002951,662,412,250
S01002952,447,305,142
S01002953,653,391,262
S01002954,585,428,157
S01002955,813,570,243
S01002956,561,379,182
S01002957,682,477,205
S01002958,458,319,139
S01002959,698,484,214
S01002960,463,310,153
S01002961,590,406,184
S01002962,458,306,152
S01002963,581,415,166
S01002964,500,334,166
S01002965,688,497,191
S01002966,530,337,193
S01002967,651,456,195
S01002968,1058,672,386
S01002969,694,440,254
S01002970,458,318,140
S01002971,885,620,265
S01002972,816,571,245
S01002973,608,389,219
S01002974,793,587,206
S01002975,452,331,121
S01002976,636,418,218
S01002977,531,388,143
S01002978,750,484,266
S01002979,523,380,143
S01002980,571,374,197
S01002981,562,369,193
S01002982,454,272,182
S01002983,611,360,251
S01002984,532,298,234
S01002985,410,197,213
S01002986,563,353,210
S01002987,858,361,497
S01002988,525,365,160
S01002989,813,404,409
S01002990,627,237,390
S01002991,975,356,619
S01002992,661,288,373
S01002993,519,350,169
S01002994,1012,303,709
S01002995,551,176,375
S01002996,2500,490,2010
S01002997,703,230,473
S01002998,606,435,171
S01002999,988,291,697
S01003000,531,371,160
S01003001,442,305,137
S01003002,676,466,210
S01003003,446,320,126
S01003004,343,260,83
S01003005,431,302,129
S01003006,803,565,238
S01003007,590,449,141
S01003008,681,598,83
S01003009,402,265,137
S01003010,536,357,179
S01003011,566,454,112
S01003012,694,466,228
S01003013,502,345,157
S01003014,495,325,170
S01003015,566,382,184
S01003016,327,234,93
S01003017,461,311,150
S01003018,603,401,202
S01003019,627,454,173
S01003020,488,354,134
S01003021,495,353,142
S01003022,721,506,215
S01003023,550,364,186
S01003024,506,360,146
S01003025,626,405,221
S01003026,578,395,183
S01003027,779,613,166
S01003028,580,267,313
S01003029,834,525,309
S01003030,987,635,352
S01003032,408,209,199
S01003033,372,213,159
S01003034,699,503,196
S01003035,747,441,306
S01003036,738,325,413
S01003037,1496,1131,365
S01003038,652,475,177
S01003039,615,379,236
S01003040,618,370,248
S01003041,545,375,170
S01003042,456,266,190
S01003043,418,228,190
S01003044,977,529,448
S01003045,711,434,277
S01003046,567,388,179
S01003047,655,376,279
S01003048,388,195,193
S01003049,409,208,201
S01003050,546,400,146
S01003051,804,527,277
S01003052,512,279,233
S01003053,668,488,180
S01003054,612,434,178
S01003055,631,319,312
S01003056,661,406,255
S01003057,524,400,124
S01003058,891,684,207
S01003059,611,415,196
S01003060,748,497,251
S01003061,597,435,162
S01003062,644,474,170
S01003063,601,458,143
S01003064,636,326,310
S01003065,810,610,200
S01003066,605,442,163
S01003067,468,343,125
S01003068,626,448,178
S01003069,416,260,156
S01003070,590,379,211
S01003071,468,304,164
S01003072,763,448,315
S01003073,512,381,131
S01003074,547,388,159
S01003075,542,394,148
S01003076,664,341,323
S01003077,683,430,253
S01003078,508,334,174
S01003079,701,514,187
S01003080,626,490,136
S01003081,739,523,216
S01003082,827,567,260
S01003083,910,597,313
S01003084,623,286,337
S01003085,724,533,191
S01003086,493,324,169
S01003087,517,397,120
S01003088,794,467,327
S01003089,555,394,161
S01003090,539,355,184
S01003091,441,340,101
S01003092,619,386,233
S01003093,709,401,308
S01003094,716,484,232
S01003095,576,393,183
S01003096,507,331,176
S01003097,200,105,95
S01003098,1042,833,209
S01003099,392,228,164
S01003100,590,388,202
S01003101,388,236,152
S01003102,540,368,172
S01003103,546,391,155
S01003104,681,357,324
S01003105,567,404,163
S01003106,525,368,157
S01003107,559,309,250
S01003108,620,479,141
S01003109,694,539,155
S01003110,558,398,160
S01003111,631,328,303
S01003112,719,553,166
S01003113,546,393,153
S01003114,624,428,196
S01003115,800,622,178
S01003116,727,558,169
S01003117,632,489,143
S01003118,336,184,152
S01003119,476,362,114
S01003120,1128,899,229
S01003121,642,385,257
S01003122,513,325,188
S01003123,684,467,217
S01003124,715,634,81
S01003125,726,603,123
S01003126,111,54,57
S01003127,608,438,170
S01003128,601,411,190
S01003129,938,747,191
S01003130,659,515,144
S01003131,717,617,100
S01003132,617,398,219
S01003133,1079,844,235
S01003134,555,347,208
S01003135,547,348,199
S01003136,823,662,161
S01003137,606,456,150
S01003138,806,477,329
S01003139,893,739,154
S01003140,684,398,286
S01003141,671,585,86
S01003142,695,417,278
S01003143,703,506,197
S01003144,648,384,264
S01003145,444,252,192
S01003146,584,499,85
S01003147,600,368,232
S01003148,507,332,175
S01003149,728,550,178
S01003150,522,293,229
S01003151,593,397,196
S01003152,680,389,291
S01003153,546,370,176
S01003154,805,614,191
S01003155,1019,868,151
S01003156,659,526,133
S01003157,851,595,256
S01003158,458,228,230
S01003159,139,77,62
S01003160,478,284,194
S01003161,468,314,154
S01003162,472,259,213
S01003163,536,404,132
S01003164,639,457,182
S01003165,715,462,253
S01003166,576,493,83
S01003167,696,419,277
S01003168,741,620,121
S01003169,1892,1415,477
S01003170,703,424,279
S01003171,568,375,193
S01003172,605,430,175
S01003173,444,377,67
S01003174,601,371,230
S01003175,623,346,277
S01003176,743,589,154
S01003177,747,532,215
S01003178,657,440,217
S01003179,506,311,195
S01003180,546,431,115
S01003181,640,392,248
S01003182,576,333,243
S01003183,543,410,133
S01003184,600,358,242
S01003185,432,234,198
S01003186,686,502,184
S01003187,827,665,162
S01003188,749,463,286
S01003189,650,458,192
S01003190,595,344,251
S01003191,419,254,165
S01003192,711,500,211
S01003193,1258,1054,204
S01003194,549,311,238
S01003195,573,382,191
S01003196,733,511,222
S01003197,614,439,175
S01003198,727,395,332
S01003199,745,556,189
S01003200,577,382,195
S01003201,210,119,91
S01003202,788,431,357
S01003203,592,378,214
S01003204,685,445,240
S01003205,606,349,257
S01003206,675,401,274
S01003207,615,427,188
S01003208,912,571,341
S01003209,426,308,118
S01003210,660,443,217
S01003211,621,387,234
S01003212,532,391,141
S01003213,398,258,140
S01003214,541,309,232
S01003215,663,420,243
S01003216,486,317,169
S01003217,517,268,249
S01003218,509,368,141
S01003219,550,372,178
S01003220,571,333,238
S01003221,637,402,235
S01003222,590,374,216
S01003223,689,429,260
S01003224,499,325,174
S01003225,485,217,268
S01003226,570,300,270
S01003227,1316,1010,306
S01003228,920,611,309
S01003229,661,463,198
S01003230,629,409,220
S01003231,654,390,264
S01003232,728,463,265
S01003233,710,500,210
S01003234,684,437,247
S01003235,610,421,189
S01003236,517,311,206
S01003237,702,391,311
S01003238,547,392,155
S01003239,727,490,237
S01003240,545,415,130
S01003241,555,382,173
S01003242,782,496,286
S01003243,611,403,208
S01003244,715,354,361
S01003245,873,477,396
S01003246,760,351,409
S01003247,590,364,226
S01003248,890,584,306
S01003249,592,431,161
S01003250,416,256,160
S01003251,615,317,298
S01003252,449,284,165
S01003253,733,373,360
S01003254,381,179,202
S01003255,605,392,213
S01003256,1010,582,428
S01003257,568,338,230
S01003258,599,414,185
S01003259,870,654,216
S01003260,546,346,200
S01003261,716,441,275
S01003262,557,387,170
S01003263,786,450,336
S01003264,460,269,191
S01003265,456,267,189
S01003266,517,296,221
S01003267,666,400,266
S01003268,1395,980,415
S01003269,713,444,269
S01003270,615,403,212
S01003271,1606,1201,405
S01003272,1311,840,471
S01003273,528,268,260
S01003274,437,201,236
S01003275,780,465,315
S01003276,534,390,144
S01003277,486,299,187
S01003278,614,400,214
S01003279,278,149,129
S01003280,684,431,253
S01003281,396,261,135
S01003282,565,406,159
S01003283,497,357,140
S01003284,697,439,258
S01003285,362,228,134
S01003286,719,402,317
S01003287,383,237,146
S01003288,511,362,149
S01003289,293,197,96
S01003290,648,425,223
S01003291,551,303,248
S01003292,543,387,156
S01003293,613,333,280
S01003294,518,324,194
S01003295,733,509,224
S01003296,561,317,244
S01003297,438,230,208
S01003298,717,514,203
S01003299,351,202,149
S01003300,676,472,204
S01003301,614,394,220
S01003302,545,301,244
S01003303,2294,1598,696
S01003304,580,409,171
S01003305,582,452,130
S01003306,663,411,252
S01003307,793,458,335
S01003308,624,381,243
S01003309,718,409,309
S01003310,538,336,202
S01003311,534,393,141
S01003312,402,259,143
S01003313,874,497,377
S01003314,515,305,210
S01003315,558,416,142
S01003316,494,342,152
S01003317,495,368,127
S01003318,566,400,166
S01003320,455,339,116
S01003321,522,332,190
S01003322,662,437,225
S01003323,567,419,148
S01003324,375,255,120
S01003325,560,444,116
S01003326,596,365,231
S01003327,481,326,155
S01003328,977,697,280
S01003329,608,405,203
S01003330,738,591,147
S01003331,476,234,242
S01003332,299,158,141
S01003333,726,418,308
S01003334,723,487,236
S01003335,608,401,207
S01003336,713,356,357
S01003337,973,610,363
S01003338,723,514,209
S01003339,576,411,165
S01003340,743,425,318
S01003341,701,567,134
S01003342,523,311,212
S01003343,513,324,189
S01003344,334,239,95
S01003345,712,511,201
S01003346,666,407,259
S01003347,741,364,377
S01003348,877,691,186
S01003349,982,686,296
S01003350,594,412,182
S01003351,866,551,315
S01003352,857,510,347
S01003353,591,324,267
S01003354,464,232,232
S01003355,841,524,317
S01003356,676,410,266
S01003357,274,143,131
S01003358,1802,1189,613
S01003359,758,636,122
S01003360,563,394,169
S01003361,530,270,260
S01003362,501,305,196
S01003363,544,293,251
S01003364,511,327,184
S01003365,528,323,205
S01003366,713,485,228
S01003367,893,499,394
S01003368,2231,965,1266
S01003369,431,215,216
S01003370,676,521,155
S01003371,617,445,172
S01003372,550,314,236
S01003373,2080,1366,714
S01003374,336,181,155
S01003375,723,497,226
S01003376,399,226,173
S01003377,513,282,231
S01003378,649,361,288
S01003379,456,228,228
S01003380,1079,807,272
S01003381,581,396,185
S01003382,1384,970,414
S01003383,667,385,282
S01003384,731,442,289
S01003385,738,564,174
S01003386,481,301,180
S01003387,644,435,209
S01003388,806,433,373
S01003389,833,568,265
S01003390,877,556,321
S01003391,555,309,246
S01003392,704,521,183
S01003393,629,310,319
S01003394,448,292,156
S01003395,543,409,134
S01003396,651,411,240
S01003397,744,422,322
S01003398,604,377,227
S01003399,1780,807,973
S01003400,511,298,213
S01003401,542,310,232
S01003402,711,399,312
S01003403,1015,701,314
S01003404,423,226,197
S01003405,571,367,204
S01003406,580,396,184
S01003407,620,391,229
S01003408,472,310,162
S01003409,1286,998,288
S01003410,1347,850,497
S01003411,563,383,180
S01003412,691,439,252
S01003413,551,357,194
S01003414,316,179,137
S01003415,1089,453,636
S01003416,676,318,358
S01003417,793,552,241
S01003418,715,374,341
S01003419,678,366,312
S01003420,345,162,183
S01003421,654,374,280
S01003422,612,367,245
S01003423,719,502,217
S01003424,795,509,286
S01003425,719,465,254
S01003426,830,583,247
S01003427,688,386,302
S01003428,638,369,269
S01003429,1443,644,799
S01003430,719,536,183
S01003431,501,269,232
S01003432,810,507,303
S01003433,1056,644,412
S01003434,595,318,277
S01003435,531,294,237
S01003436,441,320,121
S01003437,745,496,249
S01003438,1339,728,611
S01003439,972,442,530
S01003440,344,212,132
S01003441,1055,724,331
S01003442,712,447,265
S01003443,705,398,307
S01003444,569,288,281
S01003445,792,509,283
S01003446,421,224,197
S01003447,2373,931,1442
S01003448,495,278,217
S01003449,753,466,287
S01003450,841,561,280
S01003451,821,553,268
S01003452,1251,381,870
S01003453,1172,838,334
S01003454,560,334,226
S01003455,567,311,256
S01003456,191,94,97
S01003457,772,442,330
S01003458,787,497,290
S01003459,611,411,200
S01003460,943,678,265
S01003461,529,332,197
S01003462,374,223,151
S01003463,454,243,211
S01003464,870,522,348
S01003465,2304,1807,497
S01003466,680,412,268
S01003467,551,313,238
S01003468,723,455,268
S01003469,867,554,313
S01003470,1041,657,384
S01003471,541,307,234
S01003472,565,316,249
S01003473,804,460,344
S01003474,631,338,293
S01003475,685,404,281
S01003476,871,692,179
S01003477,981,792,189
S01003478,708,498,210
S01003479,749,492,257
S01003480,635,399,236
S01003481,863,589,274
S01003482,495,249,246
S01003483,416,251,165
S01003484,1044,519,525
S01003485,831,535,296
S01003486,708,413,295
S01003487,975,518,457
S01003488,499,253,246
S01003489,1026,638,388
S01003490,483,245,238
S01003491,66,27,39
S01003492,901,615,286
S01003493,661,428,233
S01003494,616,373,243
S01003495,734,465,269
S01003496,880,669,211
S01003497,847,581,266
S01003498,776,488,288
S01003499,840,592,248
S01003500,477,230,247
S01003501,659,380,279
S01003502,1371,1087,284
S01003503,625,463,162
S01003504,851,443,408
S01003506,919,633,286
S01003507,457,305,152
S01003508,640,365,275
S01003509,792,560,232
S01003510,348,248,100
S01003511,891,669,222
S01003512,480,238,242
S01003513,678,348,330
S01003514,819,464,355
S01003515,450,253,197
S01003516,552,411,141
S01003517,675,472,203
S01003518,819,527,292
S01003519,456,255,201
S01003520,592,393,199
S01003521,492,248,244
S01003522,735,528,207
S01003523,507,325,182
S01003524,894,690,204
S01003525,909,694,215
S01003526,872,611,261
S01003527,637,455,182
S01003528,381,284,97
S01003529,406,311,95
S01003530,732,543,189
S01003531,634,393,241
S01003532,778,547,231
S01003533,228,55,173
S01003534,745,521,224
S01003535,582,405,177
S01003536,855,656,199
S01003537,694,429,265
S01003538,462,279,183
S01003539,772,579,193
S01003540,356,193,163
S01003541,569,209,360
S01003542,622,464,158
S01003543,540,329,211
S01003544,431,333,98
S01003545,660,511,149
S01003546,770,423,347
S01003547,654,501,153
S01003549,589,314,275
S01003550,501,369,132
S01003551,534,317,217
S01003552,946,766,180
S01003553,529,271,258
S01003554,654,461,193
S01003555,618,468,150
S01003556,514,378,136
S01003557,520,288,232
S01003558,836,610,226
S01003559,725,550,175
S01003560,951,715,236
S01003561,1034,541,493
S01003562,473,301,172
S01003563,374,216,158
S01003564,556,277,279
S01003565,634,317,317
S01003566,660,482,178
S01003567,727,406,321
S01003568,543,406,137
S01003569,476,328,148
S01003570,507,351,156
S01003571,698,442,256
S01003572,779,425,354
S01003573,657,389,268
S01003574,914,686,228
S01003575,645,389,256
S01003576,694,504,190
S01003577,660,449,211
S01003578,168,106,62
S01003579,647,327,320
S01003580,790,541,249
S01003581,2121,1076,1045
S01003582,522,265,257
S01003583,391,226,165
S01003584,537,314,223
S01003585,594,370,224
S01003586,703,407,296
S01003587,738,533,205
S01003588,528,416,112
S01003589,1413,702,711
S01003590,587,454,133
S01003591,915,660,255
S01003592,1092,729,363
S01003593,443,306,137
S01003594,782,582,200
S01003595,651,331,320
S01003596,672,385,287
S01003597,503,315,188
S01003598,487,290,197
S01003599,706,457,249
S01003600,621,350,271
S01003601,598,366,232
S01003602,472,283,189
S01003603,600,358,242
S01003604,634,441,193
S01003605,513,319,194
S01003606,641,391,250
S01003607,390,237,153
S01003608,406,257,149
S01003609,771,553,218
S01003610,772,556,216
S01003611,608,307,301
S01003612,596,378,218
S01003613,1134,902,232
S01003614,369,246,123
S01003615,592,387,205
S01003616,627,507,120
S01003617,627,369,258
S01003618,567,388,179
S01003619,553,307,246
S01003620,850,617,233
S01003621,666,329,337
S01003622,569,353,216
S01003623,700,490,210
S01003624,1095,707,388
S01003625,288,177,111
S01003626,575,425,150
S01003627,464,254,210
S01003628,561,316,245
S01003629,566,284,282
S01003630,557,306,251
S01003631,901,666,235
S01003632,726,519,207
S01003633,1045,807,238
S01003634,748,407,341
S01003635,473,315,158
S01003636,643,361,282
S01003637,747,498,249
S01003638,607,452,155
S01003639,571,326,245
S01003640,712,440,272
S01003641,521,414,107
S01003642,572,353,219
S01003643,539,409,130
S01003644,677,424,253
S01003645,409,215,194
S01003646,614,318,296
S01003647,559,370,189
S01003648,672,482,190
S01003649,717,483,234
S01003650,582,361,221
S01003651,519,298,221
S01003652,562,328,234
S01003653,549,293,256
S01003654,712,398,314
S01003655,500,310,190
S01003656,636,443,193
S01003657,573,315,258
S01003658,644,437,207
S01003659,630,447,183
S01003660,730,612,118
S01003661,769,602,167
S01003662,466,292,174
S01003663,468,266,202
S01003664,395,223,172
S01003665,479,243,236
S01003666,474,261,213
S01003667,649,436,213
S01003668,536,353,183
S01003669,674,443,231
S01003670,668,392,276
S01003671,472,294,178
S01003672,537,280,257
S01003673,227,95,132
S01003674,605,355,250
S01003675,753,569,184
S01003676,1009,795,214
S01003677,489,270,219
S01003678,496,310,186
S01003679,747,414,333
S01003680,485,283,202
S01003681,386,247,139
S01003682,783,588,195
S01003683,417,256,161
S01003684,547,359,188
S01003685,378,262,116
S01003686,700,482,218
S01003687,471,260,211
S01003688,666,405,261
S01003689,459,266,193
S01003690,697,359,338
S01003691,798,557,241
S01003692,735,470,265
S01003693,428,279,149
S01003694,684,480,204
S01003695,885,470,415
S01003696,758,476,282
S01003697,709,517,192
S01003698,683,479,204
S01003699,745,602,143
S01003700,707,468,239
S01003701,776,483,293
S01003702,559,350,209
S01003703,719,453,266
S01003704,503,276,227
S01003705,610,368,242
S01003706,508,296,212
S01003707,732,424,308
S01003708,670,388,282
S01003709,586,281,305
S01003710,879,561,318
S01003711,673,387,286
S01003712,673,434,239
S01003713,354,202,152
S01003714,464,320,144
S01003715,599,445,154
S01003716,395,197,198
S01003717,624,361,263
S01003718,547,351,196
S01003719,486,319,167
S01003720,736,514,222
S01003721,581,432,149
S01003722,658,462,196
S01003723,415,296,119
S01003724,563,428,135
S01003725,477,345,132
S01003726,510,396,114
S01003727,542,407,135
S01003728,423,296,127
S01003729,642,479,163
S01003730,433,303,130
S01003731,441,326,115
S01003732,667,511,156
S01003733,620,462,158
S01003734,504,373,131
S01003735,571,398,173
S01003736,600,438,162
S01003737,420,285,135
S01003738,576,428,148
S01003739,389,263,126
S01003740,445,336,109
S01003741,735,553,182
S01003742,528,382,146
S01003743,411,299,112
S01003744,501,369,132
S01003745,588,455,133
S01003746,629,462,167
S01003747,803,609,194
S01003748,419,294,125
S01003749,654,472,182
S01003750,524,372,152
S01003751,913,745,168
S01003752,713,459,254
S01003753,834,578,256
S01003754,631,475,156
S01003755,1215,978,237
S01003756,673,477,196
S01003757,417,298,119
S01003758,686,456,230
S01003759,475,338,137
S01003760,649,470,179
S01003761,715,515,200
S01003762,798,611,187
S01003763,696,485,211
S01003764,625,463,162
S01003765,468,336,132
S01003766,509,355,154
S01003767,544,397,147
S01003768,480,322,158
S01003769,680,473,207
S01003770,619,447,172
S01003771,567,394,173
S01003772,470,349,121
S01003773,522,376,146
S01003774,576,386,190
S01003775,657,486,171
S01003776,523,393,130
S01003777,833,602,231
S01003778,2305,1936,369
S01003779,363,237,126
S01003780,795,589,206
S01003781,869,685,184
S01003782,486,346,140
S01003783,982,669,313
S01003784,1170,892,278
S01003785,600,450,150
S01003786,668,467,201
S01003787,446,318,128
S01003788,450,299,151
S01003789,344,259,85
S01003790,429,310,119
S01003791,639,517,122
S01003792,1636,1354,282
S01003793,411,289,122
S01003794,525,359,166
S01003795,501,352,149
S01003796,477,324,153
S01003797,717,549,168
S01003798,603,466,137
S01003799,600,495,105
S01003800,472,337,135
S01003801,581,417,164
S01003802,567,420,147
S01003803,562,397,165
S01003804,482,377,105
S01003805,903,686,217
S01003806,522,339,183
S01003807,688,541,147
S01003808,643,489,154
S01003809,533,378,155
S01003810,619,401,218
S01003811,527,383,144
S01003812,681,460,221
S01003813,640,483,157
S01003814,578,386,192
S01003815,637,489,148
S01003816,742,583,159
S01003817,704,474,230
S01003818,577,396,181
S01003819,1766,1438,328
S01003820,792,587,205
S01003821,603,447,156
S01003822,519,363,156
S01003823,654,455,199
S01003824,693,542,151
S01003825,548,425,123
S01003826,537,398,139
S01003827,625,462,163
S01003828,806,605,201
S01003829,476,346,130
S01003830,659,473,186
S01003831,482,366,116
S01003832,741,543,198
S01003833,445,327,118
S01003834,522,388,134
S01003835,445,360,85
S01003836,444,331,113
S01003837,585,387,198
S01003838,436,351,85
S01003839,469,353,116
S01003840,522,405,117
S01003841,472,300,172
S01003842,554,407,147
S01003843,709,495,214
S01003844,580,442,138
S01003845,871,622,249
S01003846,557,348,209
S01003847,437,309,128
S01003848,520,388,132
S01003849,726,485,241
S01003850,402,334,68
S01003851,613,445,168
S01003852,415,314,101
S01003853,1044,841,203
S01003854,449,344,105
S01003855,686,459,227
S01003856,590,448,142
S01003857,582,422,160
S01003858,406,324,82
S01003859,416,326,90
S01003860,492,295,197
S01003861,626,515,111
S01003862,511,354,157
S01003863,511,373,138
S01003864,697,459,238
S01003865,742,548,194
S01003866,731,529,202
S01003867,961,655,306
S01003868,554,406,148
S01003869,560,387,173
S01003870,769,546,223
S01003871,612,408,204
S01003872,692,504,188
S01003873,845,544,301
S01003874,675,539,136
S01003875,487,313,174
S01003876,558,412,146
S01003877,540,386,154
S01003878,777,557,220
S01003879,544,392,152
S01003880,605,434,171
S01003881,635,487,148
S01003882,386,240,146
S01003883,397,293,104
S01003884,553,387,166
S01003885,492,311,181
S01003886,390,291,99
S01003887,670,411,259
S01003888,1145,837,308
S01003889,412,303,109
S01003890,487,343,144
S01003891,553,410,143
S01003892,440,304,136
S01003893,477,332,145
S01003894,711,522,189
S01003895,534,420,114
S01003896,495,336,159
S01003897,520,335,185
S01003898,491,306,185
S01003899,586,346,240
S01003900,563,404,159
S01003901,460,329,131
S01003902,721,538,183
S01003903,671,502,169
S01003904,649,491,158
S01003905,879,588,291
S01003906,511,366,145
S01003907,531,336,195
S01003908,585,451,134
S01003909,472,323,149
S01003910,525,383,142
S01003911,472,333,139
S01003912,702,528,174
S01003913,545,403,142
S01003914,738,486,252
S01003915,560,374,186
S01003916,651,469,182
S01003917,679,485,194
S01003918,702,523,179
S01003919,465,314,151
S01003920,516,365,151
S01003921,804,510,294
S01003922,665,435,230
S01003923,499,317,182
S01003924,361,220,141
S01003925,590,419,171
S01003926,414,267,147
S01003927,529,392,137
S01003928,621,394,227
S01003929,411,279,132
S01003930,643,457,186
S01003931,838,556,282
S01003932,645,414,231
S01003933,523,364,159
S01003934,777,548,229
S01003935,622,412,210
S01003936,747,533,214
S01003937,534,327,207
S01003938,463,349,114
S01003939,481,302,179
S01003940,765,508,257
S01003941,467,317,150
S01003942,544,374,170
S01003943,473,311,162
S01003944,456,320,136
S01003945,477,346,131
S01003946,607,404,203
S01003947,479,310,169
S01003948,563,404,159
S01003949,435,285,150
S01003950,439,306,133
S01003951,397,249,148
S01003952,402,292,110
S01003953,425,248,177
S01003954,506,314,192
S01003955,466,354,112
S01003956,538,418,120
S01003957,475,330,145
S01003958,560,343,217
S01003959,569,369,200
S01003960,646,457,189
S01003961,410,257,153
S01003962,506,322,184
S01003963,363,259,104
S01003964,381,236,145
S01003965,429,274,155
S01003966,746,477,269
S01003967,424,303,121
S01003968,621,373,248
S01003969,617,375,242
S01003970,484,340,144
S01003971,529,343,186
S01003972,604,404,200
S01003973,341,246,95
S01003974,659,464,195
S01003975,630,470,160
S01003976,564,359,205
S01003977,356,227,129
S01003978,380,261,119
S01003979,406,282,124
S01003980,494,388,106
S01003981,402,285,117
S01003982,600,430,170
S01003983,532,377,155
S01003984,439,275,164
S01003985,529,369,160
S01003986,419,267,152
S01003987,485,360,125
S01003988,370,213,157
S01003989,655,469,186
S01003990,373,268,105
S01003991,461,355,106
S01003992,727,490,237
S01003993,494,345,149
S01003994,551,381,170
S01003995,993,740,253
S01003996,485,355,130
S01003997,678,446,232
S01003998,419,317,102
S01003999,637,449,188
S01004000,525,346,179
S01004001,461,319,142
S01004002,681,453,228
S01004003,408,291,117
S01004004,537,386,151
S01004005,431,294,137
S01004006,388,269,119
S01004007,428,285,143
S01004008,512,349,163
S01004009,584,436,148
S01004010,642,420,222
S01004011,1003,628,375
S01004012,581,373,208
S01004013,396,270,126
S01004014,419,256,163
S01004015,656,427,229
S01004016,476,357,119
S01004017,698,485,213
S01004018,619,514,105
S01004019,750,589,161
S01004020,581,379,202
S01004021,844,677,167
S01004022,647,420,227
S01004023,442,325,117
S01004024,801,591,210
S01004025,619,365,254
S01004026,472,291,181
S01004027,614,364,250
S01004028,526,300,226
S01004029,687,394,293
S01004030,483,271,212
S01004031,418,252,166
S01004032,296,182,114
S01004033,630,349,281
S01004034,575,414,161
S01004035,532,306,226
S01004036,486,295,191
S01004037,528,403,125
S01004038,528,320,208
S01004039,267,129,138
S01004040,504,343,161
S01004041,498,324,174
S01004042,433,225,208
S01004043,593,468,125
S01004044,483,226,257
S01004045,473,284,189
S01004046,399,200,199
S01004047,493,307,186
S01004048,786,517,269
S01004049,987,716,271
S01004050,325,182,143
S01004051,622,365,257
S01004052,430,250,180
S01004053,742,461,281
S01004054,663,458,205
S01004055,441,331,110
S01004056,565,368,197
S01004057,1210,814,396
S01004058,660,426,234
S01004059,403,255,148
S01004060,358,190,168
S01004061,603,313,290
S01004062,664,504,160
S01004063,491,255,236
S01004064,455,296,159
S01004065,709,396,313
S01004066,412,269,143
S01004067,655,475,180
S01004068,534,284,250
S01004069,383,247,136
S01004070,464,322,142
S01004071,633,377,256
S01004072,892,469,423
S01004073,562,339,223
S01004074,609,346,263
S01004075,335,164,171
S01004076,487,312,175
S01004077,629,461,168
S01004078,630,388,242
S01004079,503,318,185
S01004080,604,303,301
S01004081,509,388,121
S01004082,796,551,245
S01004083,659,366,293
S01004084,697,390,307
S01004085,438,253,185
S01004086,515,261,254
S01004087,331,215,116
S01004088,368,243,125
S01004089,522,340,182
S01004090,238,151,87
S01004091,733,465,268
S01004092,552,367,185
S01004093,364,195,169
S01004094,308,142,166
S01004095,395,295,100
S01004096,510,326,184
S01004097,538,319,219
S01004098,477,312,165
S01004099,607,418,189
S01004100,596,423,173
S01004101,571,376,195
S01004102,589,432,157
S01004103,501,313,188
S01004104,565,397,168
S01004105,610,454,156
S01004106,626,459,167
S01004107,512,341,171
S01004108,566,367,199
S01004109,431,303,128
S01004110,565,408,157
S01004111,616,424,192
S01004112,580,351,229
S01004113,504,340,164
S01004114,480,301,179
S01004115,482,276,206
S01004116,472,310,162
S01004117,603,418,185
S01004118,659,356,303
S01004119,376,243,133
S01004120,536,310,226
S01004121,331,229,102
S01004122,666,544,122
S01004123,655,519,136
S01004124,779,571,208
S01004125,473,275,198
S01004126,526,372,154
S01004127,668,475,193
S01004128,520,385,135
S01004129,573,432,141
S01004130,402,291,111
S01004131,572,387,185
S01004132,404,272,132
S01004133,600,443,157
S01004134,523,345,178
S01004135,431,297,134
S01004136,469,344,125
S01004137,432,311,121
S01004138,530,353,177
S01004139,438,329,109
S01004140,415,311,104
S01004141,510,353,157
S01004142,392,315,77
S01004143,616,415,201
S01004144,973,696,277
S01004145,469,345,124
S01004146,603,458,145
S01004147,503,343,160
S01004148,732,525,207
S01004149,523,314,209
S01004150,517,403,114
S01004151,691,507,184
S01004152,523,351,172
S01004153,598,434,164
S01004154,476,325,151
S01004155,622,405,217
S01004156,685,470,215
S01004157,443,309,134
S01004158,442,322,120
S01004159,268,186,82
S01004160,495,362,133
S01004161,433,319,114
S01004162,1496,1273,223
S01004163,486,348,138
S01004164,625,449,176
S01004165,766,572,194
S01004166,544,403,141
S01004167,477,318,159
S01004168,473,322,151
S01004169,560,394,166
S01004170,515,341,174
S01004171,480,375,105
S01004172,559,337,222
S01004173,452,305,147
S01004174,535,391,144
S01004175,449,299,150
S01004176,471,352,119
S01004177,350,242,108
S01004178,411,290,121
S01004179,389,258,131
S01004180,613,498,115
S01004181,596,403,193
S01004182,626,442,184
S01004183,772,596,176
S01004184,594,406,188
S01004185,536,400,136
S01004186,518,370,148
S01004187,522,368,154
S01004188,547,365,182
S01004189,648,537,111
S01004190,592,421,171
S01004191,538,369,169
S01004192,744,522,222
S01004193,536,369,167
S01004194,535,337,198
S01004195,444,326,118
S01004196,468,332,136
S01004197,487,341,146
S01004198,425,275,150
S01004199,578,407,171
S01004200,575,421,154
S01004201,535,363,172
S01004202,406,266,140
S01004203,704,508,196
S01004204,506,283,223
S01004205,535,340,195
S01004206,459,321,138
S01004207,525,393,132
S01004208,624,487,137
S01004209,432,331,101
S01004210,444,290,154
S01004211,781,550,231
S01004212,1256,985,271
S01004213,462,274,188
S01004214,482,301,181
S01004215,419,302,117
S01004216,647,492,155
S01004217,360,260,100
S01004218,583,394,189
S01004219,395,305,90
S01004220,650,399,251
S01004221,600,401,199
S01004222,450,300,150
S01004223,506,328,178
S01004224,480,331,149
S01004225,586,367,219
S01004226,500,322,178
S01004227,746,576,170
S01004228,645,463,182
S01004229,482,335,147
S01004230,485,353,132
S01004231,521,356,165
S01004232,452,362,90
S01004233,582,424,158
S01004234,724,487,237
S01004235,680,479,201
S01004236,709,499,210
S01004237,512,365,147
S01004238,428,309,119
S01004239,572,386,186
S01004240,595,432,163
S01004241,400,291,109
S01004242,656,455,201
S01004243,501,379,122
S01004244,478,312,166
S01004245,687,496,191
S01004246,476,345,131
S01004247,619,459,160
S01004248,736,501,235
S01004249,660,502,158
S01004250,750,538,212
S01004251,594,409,185
S01004252,487,362,125
S01004253,439,323,116
S01004254,566,367,199
S01004255,2048,1620,428
S01004256,1025,770,255
S01004257,491,381,110
S01004258,548,379,169
S01004259,515,366,149
S01004260,373,245,128
S01004261,619,449,170
S01004262,607,438,169
S01004263,541,360,181
S01004264,556,378,178
S01004265,680,516,164
S01004266,389,240,149
S01004267,374,242,132
S01004268,469,333,136
S01004269,603,407,196
S01004270,418,282,136
S01004271,457,306,151
S01004272,451,324,127
S01004273,461,317,144
S01004274,692,469,223
S01004275,429,303,126
S01004276,642,429,213
S01004277,575,421,154
S01004278,898,648,250
S01004279,627,457,170
S01004280,696,509,187
S01004281,524,349,175
S01004282,648,456,192
S01004283,539,396,143
S01004284,691,501,190
S01004285,318,263,55
S01004286,412,311,101
S01004287,475,319,156
S01004288,501,355,146
S01004289,418,322,96
S01004290,740,545,195
S01004291,619,449,170
S01004292,637,498,139
S01004293,666,436,230
S01004294,546,385,161
S01004295,577,400,177
S01004296,597,435,162
S01004297,492,329,163
S01004298,968,738,230
S01004299,408,316,92
S01004300,441,305,136
S01004301,591,392,199
S01004302,510,305,205
S01004303,459,305,154
S01004304,623,431,192
S01004305,480,356,124
S01004306,444,292,152
S01004307,690,557,133
S01004308,691,510,181
S01004309,623,464,159
S01004310,562,389,173
S01004311,823,649,174
S01004312,509,352,157
S01004313,951,719,232
S01004314,570,400,170
S01004315,337,269,68
S01004316,324,251,73
S01004317,795,549,246
S01004318,336,236,100
S01004319,675,458,217
S01004320,598,411,187
S01004321,537,347,190
S01004322,733,506,227
S01004323,462,322,140
S01004324,562,382,180
S01004325,775,580,195
S01004326,637,418,219
S01004327,528,366,162
S01004328,456,335,121
S01004329,374,243,131
S01004330,1035,735,300
S01004331,394,255,139
S01004332,455,320,135
S01004333,418,257,161
S01004334,926,518,408
S01004335,389,255,134
S01004336,770,573,197
S01004337,567,414,153
S01004338,534,386,148
S01004339,694,478,216
S01004340,407,303,104
S01004341,414,316,98
S01004342,1102,1007,95
S01004343,450,364,86
S01004344,589,416,173
S01004345,830,613,217
S01004346,338,238,100
S01004347,683,488,195
S01004348,508,381,127
S01004349,570,374,196
S01004350,407,247,160
S01004351,366,237,129
S01004352,401,234,167
S01004353,628,439,189
S01004354,359,248,111
S01004355,430,296,134
S01004356,714,463,251
S01004357,605,451,154
S01004358,573,371,202
S01004359,398,266,132
S01004360,466,293,173
S01004361,616,440,176
S01004362,440,241,199
S01004363,698,365,333
S01004364,777,512,265
S01004365,531,333,198
S01004366,476,316,160
S01004367,570,403,167
S01004368,383,211,172
S01004369,537,377,160
S01004370,518,339,179
S01004371,533,352,181
S01004372,677,492,185
S01004373,502,280,222
S01004374,595,356,239
S01004375,463,305,158
S01004376,630,371,259
S01004377,545,365,180
S01004378,686,415,271
S01004379,657,415,242
S01004380,513,314,199
S01004381,595,415,180
S01004382,506,308,198
S01004383,570,406,164
S01004384,496,317,179
S01004385,582,388,194
S01004386,703,450,253
S01004387,696,483,213
S01004388,471,281,190
S01004389,472,323,149
S01004390,600,376,224
S01004391,436,312,124
S01004392,630,428,202
S01004393,677,421,256
S01004394,585,382,203
S01004395,432,260,172
S01004396,571,378,193
S01004397,691,554,137
S01004398,596,420,176
S01004399,341,234,107
S01004400,406,251,155
S01004401,844,612,232
S01004402,629,374,255
S01004403,419,266,153
S01004404,548,439,109
S01004405,570,376,194
S01004406,640,358,282
S01004407,499,275,224
S01004408,1049,807,242
S01004409,319,196,123
S01004410,706,454,252
S01004411,438,273,165
S01004412,783,471,312
S01004413,546,321,225
S01004414,564,331,233
S01004415,523,343,180
S01004416,564,363,201
S01004417,603,379,224
S01004418,670,413,257
S01004419,598,347,251
S01004420,549,335,214
S01004421,675,391,284
S01004422,441,253,188
S01004423,570,334,236
S01004424,512,320,192
S01004425,445,287,158
S01004426,445,270,175
S01004427,576,362,214
S01004428,637,417,220
S01004429,579,357,222
S01004430,367,232,135
S01004431,535,337,198
S01004432,698,460,238
S01004433,662,416,246
S01004434,619,383,236
S01004435,681,470,211
S01004436,555,368,187
S01004437,626,395,231
S01004438,457,300,157
S01004439,485,331,154
S01004440,529,348,181
S01004441,979,683,296
S01004442,659,385,274
S01004443,496,287,209
S01004444,641,426,215
S01004445,590,397,193
S01004446,601,396,205
S01004447,528,367,161
S01004448,463,326,137
S01004449,641,374,267
S01004450,609,345,264
S01004451,638,385,253
S01004452,504,344,160
S01004453,756,565,191
S01004454,734,492,242
S01004455,587,362,225
S01004456,400,324,76
S01004457,659,427,232
S01004458,612,382,230
S01004459,434,263,171
S01004460,487,300,187
S01004461,463,310,153
S01004462,495,377,118
S01004463,588,403,185
S01004464,622,420,202
S01004465,568,402,166
S01004466,741,469,272
S01004467,662,441,221
S01004468,671,528,143
S01004469,460,300,160
S01004470,543,450,93
S01004471,1420,1123,297
S01004472,527,346,181
S01004473,828,507,321
S01004474,728,468,260
S01004475,388,274,114
S01004476,524,353,171
S01004477,807,553,254
S01004478,411,251,160
S01004479,543,352,191
S01004480,708,430,278
S01004481,608,430,178
S01004482,639,356,283
S01004483,497,321,176
S01004484,754,545,209
S01004485,440,290,150
S01004486,735,542,193
S01004487,780,497,283
S01004488,509,332,177
S01004489,717,585,132
S01004490,503,333,170
S01004491,558,383,175
S01004492,669,444,225
S01004493,698,470,228
S01004494,636,407,229
S01004495,526,316,210
S01004496,474,345,129
S01004497,626,395,231
S01004498,539,359,180
S01004499,487,323,164
S01004500,522,323,199
S01004501,552,385,167
S01004502,542,363,179
S01004503,516,263,253
S01004504,504,315,189
S01004505,421,261,160
S01004506,380,263,117
S01004507,502,327,175
S01004508,501,293,208
S01004509,781,572,209
S01004510,522,287,235
S01004511,636,375,261
S01004512,566,337,229
S01004513,376,228,148
S01004514,465,348,117
S01004515,544,319,225
S01004516,330,210,120
S01004517,563,341,222
S01004518,468,319,149
S01004519,674,467,207
S01004520,634,367,267
S01004521,519,329,190
S01004522,636,394,242
S01004523,520,270,250
S01004524,404,195,209
S01004525,703,406,297
S01004526,545,336,209
S01004527,437,286,151
S01004528,564,340,224
S01004529,646,408,238
S01004530,426,353,73
S01004531,777,569,208
S01004532,646,449,197
S01004533,346,226,120
S01004534,484,321,163
S01004535,650,434,216
S01004536,511,348,163
S01004537,609,380,229
S01004538,528,364,164
S01004539,513,326,187
S01004540,806,605,201
S01004541,628,402,226
S01004542,553,440,113
S01004543,606,404,202
S01004544,1387,1071,316
S01004545,567,362,205
S01004546,634,409,225
S01004547,626,452,174
S01004548,555,349,206
S01004549,1568,1242,326
S01004550,504,334,170
S01004551,1099,812,287
S01004552,608,372,236
S01004553,400,300,100
S01004554,547,394,153
S01004555,471,302,169
S01004556,509,320,189
S01004557,314,255,59
S01004558,710,439,271
S01004559,647,399,248
S01004560,403,269,134
S01004561,702,426,276
S01004562,430,276,154
S01004563,570,380,190
S01004564,451,338,113
S01004565,703,548,155
S01004566,526,423,103
S01004567,352,229,123
S01004568,510,329,181
S01004569,502,295,207
S01004570,517,370,147
S01004571,443,306,137
S01004572,528,348,180
S01004573,422,308,114
S01004574,379,282,97
S01004575,525,372,153
S01004576,445,351,94
S01004577,482,330,152
S01004578,670,436,234
S01004579,409,235,174
S01004580,589,413,176
S01004581,959,685,274
S01004582,430,296,134
S01004583,582,339,243
S01004584,461,274,187
S01004585,429,257,172
S01004586,784,589,195
S01004587,945,586,359
S01004588,455,328,127
S01004589,616,425,191
S01004590,587,406,181
S01004591,425,282,143
S01004592,457,280,177
S01004593,735,526,209
S01004594,380,224,156
S01004595,738,546,192
S01004596,493,258,235
S01004597,421,309,112
S01004598,470,349,121
S01004599,685,479,206
S01004600,642,406,236
S01004601,666,417,249
S01004602,659,457,202
S01004603,625,364,261
S01004604,416,254,162
S01004605,705,417,288
S01004606,622,425,197
S01004607,435,284,151
S01004608,1137,938,199
S01004609,389,211,178
S01004610,484,287,197
S01004611,799,501,298
S01004612,809,546,263
S01004613,1240,978,262
S01004614,581,364,217
S01004615,864,593,271
S01004616,629,492,137
S01004617,485,317,168
S01004618,472,298,174
S01004619,385,259,126
S01004620,488,330,158
S01004621,705,512,193
S01004622,645,447,198
S01004623,747,523,224
S01004624,916,604,312
S01004625,559,361,198
S01004626,1428,1133,295
S01004627,436,340,96
S01004628,406,271,135
S01004629,705,560,145
S01004630,701,503,198
S01004631,552,354,198
S01004632,685,457,228
S01004633,430,289,141
S01004634,855,690,165
S01004635,572,370,202
S01004636,473,328,145
S01004637,406,279,127
S01004638,394,267,127
S01004639,487,276,211
S01004640,559,354,205
S01004641,489,350,139
S01004642,642,386,256
S01004643,336,224,112
S01004644,525,347,178
S01004645,669,393,276
S01004646,593,399,194
S01004647,1397,751,646
S01004648,779,525,254
S01004649,443,318,125
S01004650,571,384,187
S01004651,691,470,221
S01004652,755,587,168
S01004653,463,305,158
S01004654,783,592,191
S01004655,700,459,241
S01004656,422,260,162
S01004657,564,438,126
S01004658,737,548,189
S01004659,358,237,121
S01004660,616,514,102
S01004661,586,419,167
S01004662,696,457,239
S01004663,391,283,108
S01004664,423,298,125
S01004665,498,329,169
S01004666,566,402,164
S01004667,518,352,166
S01004668,720,561,159
S01004669,660,429,231
S01004670,738,502,236
S01004671,619,485,134
S01004672,479,316,163
S01004673,640,428,212
S01004674,643,423,220
S01004675,614,449,165
S01004676,553,363,190
S01004677,671,446,225
S01004678,689,492,197
S01004679,350,220,130
S01004680,640,359,281
S01004681,597,456,141
S01004682,362,240,122
S01004683,555,424,131
S01004684,1050,805,245
S01004685,369,249,120
S01004686,568,361,207
S01004687,791,551,240
S01004688,532,384,148
S01004689,781,532,249
S01004690,435,359,76
S01004691,564,401,163
S01004692,515,316,199
S01004693,557,365,192
S01004694,452,285,167
S01004695,547,459,88
S01004696,678,466,212
S01004697,625,439,186
S01004698,432,358,74
S01004699,591,392,199
S01004700,543,366,177
S01004701,624,531,93
S01004702,406,277,129
S01004703,683,539,144
S01004704,442,310,132
S01004705,698,496,202
S01004706,1176,1028,148
S01004707,699,463,236
S01004708,437,289,148
S01004709,568,422,146
S01004710,574,344,230
S01004711,673,453,220
S01004712,378,254,124
S01004713,526,335,191
S01004714,582,375,207
S01004715,1229,949,280
S01004716,622,424,198
S01004717,705,520,185
S01004718,657,452,205
S01004719,711,530,181
S01004720,623,416,207
S01004721,469,365,104
S01004722,460,316,144
S01004723,507,379,128
S01004724,715,451,264
S01004725,460,365,95
S01004726,428,305,123
S01004727,566,330,236
S01004728,726,599,127
S01004729,471,303,168
S01004730,1022,655,367
S01004731,612,445,167
S01004732,516,386,130
S01004733,537,331,206
S01004734,378,246,132
S01004735,743,486,257
S01004736,580,380,200
S01004737,550,382,168
S01004738,498,319,179
S01004739,520,362,158
S01004740,646,413,233
S01004741,443,287,156
S01004742,951,685,266
S01004743,673,525,148
S01004744,438,303,135
S01004745,576,324,252
S01004746,602,389,213
S01004747,550,374,176
S01004748,451,307,144
S01004749,783,594,189
S01004750,463,315,148
S01004751,589,369,220
S01004752,598,390,208
S01004753,603,417,186
S01004754,509,377,132
S01004755,492,312,180
S01004756,412,266,146
S01004757,642,445,197
S01004758,657,423,234
S01004759,438,348,90
S01004760,520,321,199
S01004761,400,249,151
S01004762,464,284,180
S01004763,644,521,123
S01004764,515,331,184
S01004765,940,604,336
S01004766,862,648,214
S01004767,508,329,179
S01004768,614,357,257
S01004769,428,299,129
S01004770,424,274,150
S01004771,570,381,189
S01004772,429,286,143
S01004773,541,379,162
S01004774,698,495,203
S01004775,646,400,246
S01004776,528,357,171
S01004777,516,441,75
S01004778,525,344,181
S01004779,596,406,190
S01004780,469,315,154
S01004781,693,478,215
S01004782,842,591,251
S01004783,698,520,178
S01004784,524,373,151
S01004785,450,290,160
S01004786,382,247,135
S01004787,779,567,212
S01004788,518,376,142
S01004789,723,473,250
S01004790,556,428,128
S01004791,436,348,88
S01004792,475,371,104
S01004793,612,451,161
S01004794,536,360,176
S01004795,661,440,221
S01004796,529,349,180
S01004797,507,340,167
S01004798,646,420,226
S01004799,425,299,126
S01004800,502,333,169
S01004801,513,349,164
S01004802,661,416,245
S01004803,657,397,260
S01004804,655,386,269
S01004805,464,294,170
S01004806,457,279,178
S01004807,405,259,146
S01004808,508,328,180
S01004809,344,227,117
S01004810,417,277,140
S01004811,536,366,170
S01004812,591,377,214
S01004813,637,418,219
S01004814,614,426,188
S01004815,1277,1018,259
S01004816,568,372,196
S01004817,483,296,187
S01004818,584,375,209
S01004819,362,257,105
S01004820,789,433,356
S01004821,1336,958,378
S01004822,511,339,172
S01004823,685,439,246
S01004824,617,436,181
S01004825,477,301,176
S01004826,735,508,227
S01004827,462,274,188
S01004828,879,646,233
S01004829,516,326,190
S01004830,502,303,199
S01004831,657,491,166
S01004832,1000,789,211
S01004833,556,368,188
S01004834,578,382,196
S01004835,602,453,149
S01004836,550,402,148
S01004837,698,500,198
S01004838,1310,1011,299
S01004839,649,431,218
S01004840,602,415,187
S01004841,627,387,240
S01004842,1034,864,170
S01004843,478,318,160
S01004844,697,469,228
S01004845,609,380,229
S01004846,783,595,188
S01004847,729,546,183
S01004848,548,366,182
S01004849,422,312,110
S01004850,1083,833,250
S01004851,459,320,139
S01004852,497,309,188
S01004853,548,366,182
S01004854,773,593,180
S01004855,456,284,172
S01004856,1149,895,254
S01004857,643,436,207
S01004858,690,482,208
S01004859,686,550,136
S01004860,957,842,115
S01004861,584,408,176
S01004862,524,444,80
S01004863,713,477,236
S01004864,442,309,133
S01004865,540,357,183
S01004866,630,441,189
S01004867,576,380,196
S01004868,518,335,183
S01004869,658,475,183
S01004870,650,445,205
S01004871,549,405,144
S01004872,599,377,222
S01004873,585,404,181
S01004874,819,559,260
S01004875,505,332,173
S01004876,717,519,198
S01004877,543,347,196
S01004878,595,423,172
S01004879,493,336,157
S01004880,532,331,201
S01004881,561,385,176
S01004882,383,279,104
S01004883,1463,1223,240
S01004884,418,338,80
S01004885,388,273,115
S01004886,619,421,198
S01004887,326,223,103
S01004888,489,419,70
S01004889,615,415,200
S01004890,552,371,181
S01004891,704,466,238
S01004892,556,397,159
S01004893,488,301,187
S01004894,603,406,197
S01004895,642,413,229
S01004896,634,449,185
S01004897,464,340,124
S01004898,728,529,199
S01004899,543,369,174
S01004900,709,537,172
S01004901,567,426,141
S01004902,546,374,172
S01004903,437,322,115
S01004904,704,439,265
S01004905,745,527,218
S01004906,602,478,124
S01004907,595,437,158
S01004908,479,343,136
S01004909,602,412,190
S01004910,627,403,224
S01004911,627,544,83
S01004912,520,342,178
S01004913,473,304,169
S01004914,465,381,84
S01004915,490,353,137
S01004916,532,363,169
S01004917,439,383,56
S01004918,460,361,99
S01004919,492,347,145
S01004920,697,474,223
S01004921,503,329,174
S01004922,522,418,104
S01004923,678,525,153
S01004924,603,414,189
S01004925,421,296,125
S01004926,683,484,199
S01004927,706,557,149
S01004928,1061,846,215
S01004929,488,367,121
S01004930,477,300,177
S01004931,755,462,293
S01004932,554,375,179
S01004933,663,454,209
S01004934,547,349,198
S01004935,403,292,111
S01004936,638,388,250
S01004937,398,267,131
S01004938,494,328,166
S01004939,411,269,142
S01004940,378,268,110
S01004941,440,273,167
S01004942,704,472,232
S01004943,833,602,231
S01004944,381,240,141
S01004945,518,357,161
S01004946,517,415,102
S01004947,572,441,131
S01004948,418,295,123
S01004949,556,408,148
S01004950,579,456,123
S01004951,547,391,156
S01004952,800,624,176
S01004953,665,486,179
S01004954,520,403,117
S01004955,456,335,121
S01004956,560,389,171
S01004957,550,442,108
S01004958,853,629,224
S01004959,544,430,114
S01004960,409,294,115
S01004961,495,387,108
S01004962,476,357,119
S01004963,455,346,109
S01004964,831,619,212
S01004965,709,516,193
S01004966,776,572,204
S01004967,491,359,132
S01004968,439,303,136
S01004969,666,416,250
S01004970,628,450,178
S01004971,791,490,301
S01004972,639,494,145
S01004973,712,485,227
S01004974,863,661,202
S01004975,609,399,210
S01004976,662,482,180
S01004977,700,488,212
S01004978,738,547,191
S01004979,641,428,213
S01004980,735,515,220
S01004981,754,531,223
S01004982,502,339,163
S01004983,700,499,201
S01004984,562,409,153
S01004985,597,467,130
S01004986,512,359,153
S01004987,376,262,114
S01004988,415,294,121
S01004989,524,375,149
S01004990,444,310,134
S01004991,483,358,125
S01004992,615,440,175
S01004993,494,294,200
S01004994,564,392,172
S01004995,702,517,185
S01004996,525,405,120
S01004997,698,514,184
S01004998,928,681,247
S01004999,639,480,159
S01005000,418,293,125
S01005001,857,579,278
S01005002,673,429,244
S01005003,799,599,200
S01005004,618,488,130
S01005005,679,477,202
S01005006,444,345,99
S01005007,586,339,247
S01005008,917,538,379
S01005009,717,542,175
S01005010,508,340,168
S01005011,586,436,150
S01005012,681,504,177
S01005013,563,402,161
S01005014,606,458,148
S01005015,431,295,136
S01005016,610,446,164
S01005017,521,347,174
S01005018,419,305,114
S01005019,1049,409,640
S01005020,552,366,186
S01005021,699,423,276
S01005022,514,395,119
S01005023,721,522,199
S01005024,628,421,207
S01005025,494,356,138
S01005026,510,321,189
S01005027,608,458,150
S01005028,651,474,177
S01005029,771,648,123
S01005030,710,502,208
S01005031,539,405,134
S01005032,625,448,177
S01005033,549,400,149
S01005034,601,388,213
S01005035,759,552,207
S01005036,448,287,161
S01005037,979,733,246
S01005038,559,390,169
S01005039,787,526,261
S01005040,946,690,256
S01005041,627,524,103
S01005042,573,385,188
S01005043,561,363,198
S01005044,708,537,171
S01005045,745,566,179
S01005046,977,736,241
S01005047,1203,934,269
S01005048,435,251,184
S01005049,686,546,140
S01005050,659,457,202
S01005051,630,482,148
S01005052,674,495,179
S01005053,586,432,154
S01005054,420,298,122
S01005055,591,418,173
S01005056,554,440,114
S01005057,534,380,154
S01005058,724,543,181
S01005059,372,269,103
S01005060,515,384,131
S01005061,789,514,275
S01005062,354,223,131
S01005063,380,320,60
S01005064,524,371,153
S01005065,1013,785,228
S01005066,564,379,185
S01005067,484,413,71
S01005068,462,337,125
S01005069,419,303,116
S01005070,821,585,236
S01005071,144,113,31
S01005072,475,356,119
S01005073,456,310,146
S01005074,871,636,235
S01005075,313,204,109
S01005076,581,423,158
S01005077,775,702,73
S01005078,531,378,153
S01005079,476,337,139
S01005080,329,235,94
S01005081,483,353,130
S01005082,496,379,117
S01005083,686,489,197
S01005084,468,319,149
S01005085,419,309,110
S01005086,1187,916,271
S01005087,350,248,102
S01005088,391,258,133
S01005089,514,319,195
S01005090,602,407,195
S01005091,427,246,181
S01005092,470,315,155
S01005093,565,385,180
S01005094,603,474,129
S01005095,1153,800,353
S01005096,531,423,108
S01005097,600,412,188
S01005098,530,365,165
S01005099,549,341,208
S01005100,678,511,167
S01005101,752,548,204
S01005102,665,441,224
S01005103,909,574,335
S01005104,708,416,292
S01005105,668,498,170
S01005106,404,288,116
S01005107,335,252,83
S01005108,459,350,109
S01005109,1069,785,284
S01005110,886,617,269
S01005111,392,294,98
S01005112,657,476,181
S01005113,762,517,245
S01005114,711,531,180
S01005115,707,525,182
S01005116,477,370,107
S01005117,724,533,191
S01005118,580,404,176
S01005119,518,268,250
S01005120,501,296,205
S01005121,705,502,203
S01005122,616,434,182
S01005123,527,334,193
S01005124,521,370,151
S01005125,625,445,180
S01005126,463,339,124
S01005127,468,317,151
S01005128,673,458,215
S01005129,703,469,234
S01005130,480,315,165
S01005131,655,482,173
S01005132,526,385,141
S01005133,318,217,101
S01005134,708,459,249
S01005135,573,393,180
S01005136,600,459,141
S01005137,717,537,180
S01005138,880,585,295
S01005139,557,442,115
S01005140,484,326,158
S01005141,645,449,196
S01005142,412,261,151
S01005143,824,612,212
S01005144,872,623,249
S01005145,548,385,163
S01005146,583,439,144
S01005147,716,533,183
S01005148,616,464,152
S01005149,436,284,152
S01005150,495,358,137
S01005151,510,345,165
S01005152,1151,828,323
S01005153,654,494,160
S01005154,503,369,134
S01005155,524,379,145
S01005156,489,338,151
S01005157,667,422,245
S01005158,539,384,155
S01005159,675,451,224
S01005160,759,508,251
S01005161,718,551,167
S01005162,670,451,219
S01005163,466,313,153
S01005164,646,431,215
S01005165,504,349,155
S01005166,697,444,253
S01005167,474,313,161
S01005168,535,423,112
S01005169,440,331,109
S01005170,604,438,166
S01005171,583,378,205
S01005172,1041,876,165
S01005173,524,385,139
S01005174,478,282,196
S01005175,757,463,294
S01005176,505,323,182
S01005177,615,422,193
S01005178,740,446,294
S01005179,722,567,155
S01005180,648,476,172
S01005181,676,528,148
S01005182,542,356,186
S01005183,662,426,236
S01005184,607,360,247
S01005185,379,243,136
S01005186,535,335,200
S01005187,738,476,262
S01005188,708,466,242
S01005189,622,404,218
S01005190,664,469,195
S01005191,658,421,237
S01005192,841,634,207
S01005193,582,415,167
S01005194,431,295,136
S01005195,705,474,231
S01005196,549,368,181
S01005197,541,353,188
S01005198,665,429,236
S01005199,617,413,204
S01005200,429,326,103
S01005201,671,445,226
S01005202,628,401,227
S01005203,592,385,207
S01005204,407,299,108
S01005205,832,647,185
S01005206,742,524,218
S01005207,654,353,301
S01005208,417,278,139
S01005209,660,457,203
S01005210,610,362,248
S01005211,502,288,214
S01005212,435,294,141
S01005213,694,468,226
S01005214,714,498,216
S01005215,684,445,239
S01005216,561,389,172
S01005217,673,515,158
S01005218,667,402,265
S01005219,665,422,243
S01005220,527,359,168
S01005221,510,346,164
S01005222,435,292,143
S01005223,531,386,145
S01005224,574,484,90
S01005225,760,513,247
S01005226,393,299,94
S01005227,828,558,270
S01005228,668,446,222
S01005229,929,669,260
S01005230,602,411,191
S01005231,545,443,102
S01005232,774,479,295
S01005233,512,306,206
S01005234,1101,861,240
S01005235,538,411,127
S01005236,893,654,239
S01005237,720,489,231
S01005238,622,414,208
S01005239,935,582,353
S01005240,663,422,241
S01005241,693,458,235
S01005242,863,536,327
S01005243,836,517,319
S01005244,645,441,204
S01005245,561,375,186
S01005246,702,433,269
S01005247,409,215,194
S01005248,469,281,188
S01005249,713,509,204
S01005250,699,466,233
S01005251,619,410,209
S01005252,367,261,106
S01005253,398,311,87
S01005254,778,494,284
S01005255,546,323,223
S01005256,656,509,147
S01005257,681,485,196
S01005258,755,515,240
S01005259,375,239,136
S01005260,470,273,197
S01005261,468,278,190
S01005262,861,602,259
S01005263,405,241,164
S01005264,468,280,188
S01005265,387,230,157
S01005266,611,352,259
S01005267,750,513,237
S01005268,1070,687,383
S01005269,656,455,201
S01005270,743,521,222
S01005271,397,287,110
S01005272,403,183,220
S01005273,538,383,155
S01005274,524,319,205
S01005275,461,312,149
S01005276,510,320,190
S01005277,496,342,154
S01005278,602,363,239
S01005279,387,265,122
S01005280,572,336,236
S01005281,544,386,158
S01005282,540,317,223
S01005283,587,397,190
S01005284,474,289,185
S01005285,511,361,150
S01005286,580,389,191
S01005287,797,538,259
S01005288,553,333,220
S01005289,742,544,198
S01005290,455,306,149
S01005291,542,428,114
S01005292,565,336,229
S01005293,552,329,223
S01005294,418,267,151
S01005295,444,287,157
S01005296,619,457,162
S01005297,482,305,177
S01005298,811,614,197
S01005299,411,271,140
S01005300,692,514,178
S01005301,637,472,165
S01005302,762,503,259
S01005303,616,382,234
S01005304,525,378,147
S01005305,550,342,208
S01005306,706,595,111
S01005307,714,499,215
S01005308,376,250,126
S01005309,639,393,246
S01005310,697,445,252
S01005311,656,502,154
S01005312,843,666,177
S01005313,704,511,193
S01005314,356,210,146
S01005315,609,421,188
S01005316,611,431,180
S01005317,431,302,129
S01005318,407,238,169
S01005319,502,342,160
S01005320,451,310,141
S01005321,429,283,146
S01005322,1355,1063,292
S01005323,553,362,191
S01005324,649,442,207
S01005325,1788,1397,391
S01005326,670,445,225
S01005327,473,337,136
S01005328,613,429,184
S01005329,512,391,121
S01005330,501,308,193
S01005331,517,344,173
S01005332,398,277,121
S01005333,617,438,179
S01005334,814,652,162
S01005335,397,279,118
S01005336,441,309,132
S01005337,693,505,188
S01005338,422,371,51
S01005339,556,376,180
S01005340,424,350,74
S01005341,486,322,164
S01005342,568,386,182
S01005343,702,547,155
S01005344,529,346,183
S01005345,566,444,122
S01005346,646,511,135
S01005347,548,417,131
S01005348,647,455,192
S01005349,650,527,123
S01005350,551,405,146
S01005351,897,648,249
S01005352,642,424,218
S01005353,731,498,233
S01005354,687,501,186
S01005355,537,373,164
S01005356,502,341,161
S01005357,527,341,186
S01005358,577,405,172
S01005359,669,453,216
S01005360,619,406,213
S01005361,711,489,222
S01005362,545,352,193
S01005363,529,357,172
S01005364,729,515,214
S01005365,681,490,191
S01005366,524,341,183
S01005367,550,352,198
S01005368,473,313,160
S01005369,751,477,274
S01005370,629,417,212
S01005371,721,523,198
S01005372,671,467,204
S01005373,543,360,183
S01005374,670,473,197
S01005375,685,467,218
S01005376,746,501,245
S01005377,613,446,167
S01005378,561,375,186
S01005379,659,496,163
S01005380,487,299,188
S01005381,447,287,160
S01005382,556,356,200
S01005383,456,305,151
S01005384,739,521,218
S01005385,739,548,191
S01005386,478,305,173
S01005387,679,462,217
S01005388,553,347,206
S01005389,561,406,155
S01005390,610,431,179
S01005391,547,361,186
S01005392,613,403,210
S01005393,661,460,201
S01005394,641,484,157
S01005395,743,529,214
S01005396,558,370,188
S01005397,405,224,181
S01005398,725,519,206
S01005399,664,432,232
S01005400,762,531,231
S01005401,601,404,197
S01005402,795,589,206
S01005403,673,484,189
S01005404,740,500,240
S01005405,406,271,135
S01005406,383,254,129
S01005407,1022,719,303
S01005408,454,334,120
S01005409,520,377,143
S01005410,764,562,202
S01005411,705,496,209
S01005412,677,478,199
S01005413,691,490,201
S01005414,672,462,210
S01005415,664,436,228
S01005416,654,457,197
S01005417,882,658,224
S01005418,824,508,316
S01005419,503,341,162
S01005420,550,365,185
S01005421,667,480,187
S01005422,709,409,300
S01005423,745,589,156
S01005424,629,464,165
S01005425,698,452,246
S01005426,573,399,174
S01005427,569,403,166
S01005428,821,517,304
S01005429,530,372,158
S01005430,416,271,145
S01005431,499,368,131
S01005432,527,418,109
S01005433,670,490,180
S01005434,681,516,165
S01005435,770,512,258
S01005436,703,520,183
S01005437,718,551,167
S01005438,564,394,170
S01005439,547,405,142
S01005440,939,698,241
S01005441,774,594,180
S01005442,1406,1051,355
S01005443,872,589,283
S01005444,1000,704,296
S01005445,711,515,196
S01005446,550,396,154
S01005447,675,476,199
S01005448,653,478,175
S01005449,724,515,209
S01005450,834,475,359
S01005451,649,405,244
S01005452,614,391,223
S01005453,570,387,183
S01005454,627,429,198
S01005455,665,467,198
S01005456,621,459,162
S01005457,671,497,174
S01005458,510,388,122
S01005459,695,538,157
S01005460,638,462,176
S01005461,567,407,160
S01005462,814,532,282
S01005463,437,330,107
S01005464,480,317,163
S01005465,446,339,107
S01005466,856,654,202
S01005467,377,262,115
S01005468,679,510,169
S01005469,658,440,218
S01005470,503,347,156
S01005471,550,406,144
S01005472,1044,831,213
S01005473,735,542,193
S01005474,593,354,239
S01005475,724,528,196
S01005476,709,516,193
S01005477,642,447,195
S01005478,564,393,171
S01005479,420,262,158
S01005480,991,651,340
S01005481,492,349,143
S01005482,506,342,164
S01005483,682,489,193
S01005484,398,263,135
S01005485,605,405,200
S01005486,628,399,229
S01005487,527,332,195
S01005488,602,406,196
S01005489,751,532,219
S01005490,495,295,200
S01005491,668,448,220
S01005492,692,539,153
S01005493,516,408,108
S01005494,630,499,131
S01005495,583,450,133
S01005496,793,661,132
S01005497,621,498,123
S01005498,736,581,155
S01005499,475,363,112
S01005500,553,435,118
S01005501,763,599,164
S01005502,636,476,160
S01005503,439,352,87
S01005504,468,353,115
S01005505,451,345,106
S01005506,665,552,113
S01005507,455,374,81
S01005508,556,442,114
S01005509,466,396,70
S01005510,529,430,99
S01005511,460,357,103
S01005512,497,389,108
S01005513,589,475,114
S01005514,461,345,116
S01005515,402,283,119
S01005516,408,286,122
S01005517,718,563,155
S01005518,795,643,152
S01005519,487,374,113
S01005520,696,489,207
S01005521,522,367,155
S01005522,469,275,194
S01005523,610,404,206
S01005524,572,370,202
S01005525,486,315,171
S01005526,485,286,199
S01005527,343,205,138
S01005528,407,226,181
S01005529,671,473,198
S01005530,433,208,225
S01005531,414,264,150
S01005532,589,365,224
S01005533,513,279,234
S01005534,454,294,160
S01005535,625,416,209
S01005536,688,480,208
S01005537,555,376,179
S01005538,624,419,205
S01005539,645,438,207
S01005540,542,349,193
S01005541,485,328,157
S01005542,565,370,195
S01005543,559,341,218
S01005544,512,347,165
S01005545,913,634,279
S01005546,571,421,150
S01005547,749,513,236
S01005548,1014,628,386
S01005549,1111,797,314
S01005550,430,253,177
S01005551,658,332,326
S01005552,546,316,230
S01005553,566,351,215
S01005554,474,289,185
S01005555,599,389,210
S01005556,404,264,140
S01005557,542,349,193
S01005558,498,295,203
S01005559,476,345,131
S01005560,451,291,160
S01005561,649,468,181
S01005562,623,327,296
S01005563,556,370,186
S01005564,605,385,220
S01005565,410,250,160
S01005566,370,257,113
S01005567,683,443,240
S01005568,376,278,98
S01005569,540,405,135
S01005570,550,377,173
S01005571,533,409,124
S01005572,556,360,196
S01005573,496,332,164
S01005574,607,438,169
S01005575,524,370,154
S01005576,582,371,211
S01005577,588,380,208
S01005578,676,447,229
S01005579,755,521,234
S01005580,368,203,165
S01005581,534,318,216
S01005582,579,373,206
S01005583,450,286,164
S01005584,414,284,130
S01005585,698,433,265
S01005586,561,356,205
S01005587,792,509,283
S01005588,463,228,235
S01005589,1121,777,344
S01005590,631,339,292
S01005591,685,450,235
S01005592,343,232,111
S01005593,571,368,203
S01005594,779,502,277
S01005595,592,348,244
S01005596,378,228,150
S01005597,783,501,282
S01005598,801,515,286
S01005599,446,292,154
S01005600,574,350,224
S01005601,525,361,164
S01005602,467,281,186
S01005603,499,333,166
S01005604,347,227,120
S01005605,693,470,223
S01005606,476,334,142
S01005607,514,357,157
S01005608,659,485,174
S01005609,640,453,187
S01005610,401,284,117
S01005611,499,296,203
S01005612,596,511,85
S01005613,558,404,154
S01005614,576,398,178
S01005615,730,465,265
S01005616,466,298,168
S01005617,620,386,234
S01005618,434,279,155
S01005619,423,324,99
S01005620,360,229,131
S01005621,480,325,155
S01005622,608,410,198
S01005623,539,371,168
S01005624,651,422,229
S01005625,638,451,187
S01005626,616,428,188
S01005627,448,294,154
S01005628,791,523,268
S01005629,574,365,209
S01005630,386,260,126
S01005631,523,365,158
S01005632,371,263,108
S01005633,522,342,180
S01005634,564,399,165
S01005635,564,383,181
S01005636,582,375,207
S01005637,792,571,221
S01005638,701,459,242
S01005639,528,332,196
S01005640,517,382,135
S01005641,808,593,215
S01005642,559,335,224
S01005643,436,252,184
S01005644,475,258,217
S01005645,608,369,239
S01005646,544,376,168
S01005647,538,330,208
S01005648,702,420,282
S01005649,792,522,270
S01005650,399,275,124
S01005651,568,377,191
S01005652,522,372,150
S01005653,621,417,204
S01005654,549,339,210
S01005655,785,532,253
S01005656,538,334,204
S01005657,392,230,162
S01005658,624,466,158
S01005659,706,479,227
S01005660,454,314,140
S01005661,468,351,117
S01005662,437,294,143
S01005663,447,286,161
S01005664,416,285,131
S01005665,357,245,112
S01005666,916,634,282
S01005667,565,322,243
S01005668,602,416,186
S01005669,405,285,120
S01005670,586,407,179
S01005671,408,286,122
S01005672,612,391,221
S01005673,474,353,121
S01005674,630,411,219
S01005675,703,426,277
S01005676,620,426,194
S01005677,633,449,184
S01005678,654,469,185
S01005679,678,450,228
S01005680,612,437,175
S01005681,661,430,231
S01005682,545,397,148
S01005683,601,359,242
S01005684,816,549,267
S01005685,702,434,268
S01005686,576,410,166
S01005687,551,388,163
S01005688,706,516,190
S01005689,380,269,111
S01005690,569,421,148
S01005691,527,362,165
S01005692,522,369,153
S01005693,1144,868,276
S01005694,411,264,147
S01005695,412,277,135
S01005696,505,338,167
S01005697,472,306,166
S01005698,466,320,146
S01005699,614,393,221
S01005700,406,284,122
S01005701,558,383,175
S01005702,526,332,194
S01005703,451,319,132
S01005704,506,324,182
S01005705,690,521,169
S01005706,566,385,181
S01005707,407,257,150
S01005708,522,366,156
S01005709,579,415,164
S01005710,377,296,81
S01005711,711,525,186
S01005712,401,286,115
S01005713,437,276,161
S01005714,924,682,242
S01005715,540,376,164
S01005716,384,217,167
S01005717,374,266,108
S01005718,591,408,183
S01005719,358,242,116
S01005720,548,388,160
S01005721,521,380,141
S01005722,391,272,119
S01005723,557,357,200
S01005724,457,350,107
S01005725,555,391,164
S01005726,824,572,252
S01005727,991,800,191
S01005728,595,448,147
S01005729,439,279,160
S01005730,525,387,138
S01005731,594,393,201
S01005732,610,435,175
S01005733,533,384,149
S01005734,515,356,159
S01005735,553,440,113
S01005736,520,353,167
S01005737,568,415,153
S01005738,671,467,204
S01005739,751,479,272
S01005740,588,440,148
S01005741,786,578,208
S01005742,688,479,209
S01005743,852,733,119
S01005744,685,473,212
S01005745,816,538,278
S01005746,614,427,187
S01005747,659,432,227
S01005748,506,274,232
S01005749,590,419,171
S01005750,569,338,231
S01005751,596,419,177
S01005752,497,305,192
S01005753,521,365,156
S01005754,799,537,262
S01005755,521,308,213
S01005756,614,404,210
S01005757,414,252,162
S01005758,613,434,179
S01005759,604,380,224
S01005760,480,355,125
S01005761,530,400,130
S01005762,497,295,202
S01005763,1804,1460,344
S01005764,445,267,178
S01005765,691,438,253
S01005766,494,332,162
S01005767,571,424,147
S01005768,634,431,203
S01005769,547,367,180
S01005770,434,271,163
S01005771,569,379,190
S01005772,545,352,193
S01005773,691,536,155
S01005774,514,333,181
S01005775,567,346,221
S01005776,545,357,188
S01005777,386,227,159
S01005778,531,337,194
S01005779,576,431,145
S01005780,1033,867,166
S01005781,691,518,173
S01005782,595,386,209
S01005783,420,311,109
S01005784,458,350,108
S01005785,582,448,134
S01005786,449,336,113
S01005787,518,419,99
S01005788,395,251,144
S01005789,628,503,125
S01005790,383,285,98
S01005791,361,224,137
S01005792,628,433,195
S01005793,416,315,101
S01005794,747,506,241
S01005795,504,365,139
S01005796,830,629,201
S01005797,746,608,138
S01005798,431,292,139
S01005799,512,355,157
S01005800,492,323,169
S01005801,533,422,111
S01005802,655,482,173
S01005803,572,395,177
S01005804,2786,2295,491
S01005805,456,382,74
S01005806,566,384,182
S01005807,618,427,191
S01005808,541,394,147
S01005809,476,349,127
S01005810,364,227,137
S01005811,401,266,135
S01005812,455,373,82
S01005813,587,419,168
S01005814,563,390,173
S01005815,703,456,247
S01005816,771,595,176
S01005817,400,311,89
S01005818,574,469,105
S01005819,516,348,168
S01005820,494,372,122
S01005821,346,254,92
S01005822,619,460,159
S01005823,478,348,130
S01005824,553,422,131
S01005825,475,343,132
S01005826,699,530,169
S01005827,541,417,124
S01005828,585,444,141
S01005829,566,396,170
S01005830,681,415,266
S01005831,882,613,269
S01005832,548,353,195
S01005833,493,345,148
S01005834,429,302,127
S01005835,562,424,138
S01005836,526,394,132
S01005837,380,307,73
S01005838,510,362,148
S01005839,574,425,149
S01005840,561,407,154
S01005841,472,368,104
S01005842,379,238,141
S01005843,493,352,141
S01005844,541,395,146
S01005845,378,271,107
S01005846,656,476,180
S01005847,549,394,155
S01005848,428,291,137
S01005849,576,398,178
S01005850,592,391,201
S01005851,494,333,161
S01005852,395,285,110
S01005853,683,430,253
S01005854,571,380,191
S01005855,626,395,231
S01005856,539,384,155
S01005857,534,365,169
S01005858,520,349,171
S01005859,558,409,149
S01005860,560,396,164
S01005861,672,542,130
S01005862,582,408,174
S01005863,1180,862,318
S01005864,620,421,199
S01005865,577,311,266
S01005866,596,433,163
S01005867,707,521,186
S01005868,537,386,151
S01005869,528,335,193
S01005870,500,317,183
S01005871,510,325,185
S01005872,541,369,172
S01005873,663,492,171
S01005874,556,345,211
S01005875,608,466,142
S01005876,613,394,219
S01005877,616,466,150
S01005878,471,383,88
S01005879,472,322,150
S01005880,576,326,250
S01005881,555,391,164
S01005882,1109,856,253
S01005883,334,223,111
S01005884,526,344,182
S01005885,449,332,117
S01005886,551,397,154
S01005887,352,277,75
S01005888,474,317,157
S01005889,607,409,198
S01005890,556,441,115
S01005891,477,300,177
S01005892,510,328,182
S01005893,511,368,143
S01005894,524,382,142
S01005895,466,282,184
S01005896,532,373,159
S01005897,536,365,171
S01005898,526,397,129
S01005899,556,370,186
S01005900,441,277,164
S01005901,538,410,128
S01005902,611,391,220
S01005903,707,486,221
S01005904,719,544,175
S01005905,614,474,140
S01005906,629,431,198
S01005907,551,381,170
S01005908,698,512,186
S01005909,368,280,88
S01005910,528,347,181
S01005911,1024,753,271
S01005912,597,428,169
S01005913,591,372,219
S01005914,725,482,243
S01005915,476,318,158
S01005916,538,420,118
S01005917,645,427,218
S01005918,623,435,188
S01005919,379,261,118
S01005920,607,426,181
S01005921,514,358,156
S01005922,693,534,159
S01005923,523,379,144
S01005924,477,359,118
S01005925,555,432,123
S01005926,726,508,218
S01005927,523,329,194
S01005928,588,402,186
S01005929,578,413,165
S01005930,745,599,146
S01005931,585,426,159
S01005932,464,291,173
S01005933,658,522,136
S01005934,524,338,186
S01005935,411,289,122
S01005936,596,376,220
S01005937,460,351,109
S01005938,565,408,157
S01005939,524,350,174
S01005940,644,448,196
S01005941,365,273,92
S01005942,654,419,235
S01005943,619,441,178
S01005944,696,465,231
S01005945,573,414,159
S01005946,676,515,161
S01005947,543,340,203
S01005948,638,451,187
S01005949,465,331,134
S01005950,444,280,164
S01005951,984,679,305
S01005952,951,590,361
S01005953,939,713,226
S01005954,371,226,145
S01005955,614,471,143
S01005956,594,391,203
S01005957,787,494,293
S01005958,438,279,159
S01005959,387,215,172
S01005960,378,217,161
S01005961,859,627,232
S01005962,359,229,130
S01005963,450,296,154
S01005964,549,345,204
S01005965,682,445,237
S01005966,1040,803,237
S01005967,696,435,261
S01005968,780,586,194
S01005969,567,372,195
S01005970,599,418,181
S01005971,326,210,116
S01005972,554,372,182
S01005973,628,431,197
S01005974,569,371,198
S01005975,505,333,172
S01005976,555,384,171
S01005977,553,378,175
S01005978,518,357,161
S01005979,674,437,237
S01005980,458,323,135
S01005981,651,507,144
S01005982,529,322,207
S01005983,692,499,193
S01005984,674,473,201
S01005985,561,391,170
S01005986,758,527,231
S01005987,408,265,143
S01005988,414,290,124
S01005989,544,383,161
S01005990,1050,712,338
S01005991,526,327,199
S01005992,420,229,191
S01005993,551,424,127
S01005994,664,478,186
S01005995,456,245,211
S01005996,624,513,111
S01005997,452,291,161
S01005998,505,315,190
S01005999,1041,834,207
S01006000,529,334,195
S01006001,550,385,165
S01006002,352,223,129
S01006003,466,262,204
S01006004,1045,875,170
S01006005,407,287,120
S01006006,573,409,164
S01006007,347,230,117
S01006008,529,306,223
S01006009,393,309,84
S01006010,707,511,196
S01006011,583,373,210
S01006012,590,354,236
S01006013,436,326,110
S01006014,491,331,160
S01006015,542,369,173
S01006016,726,547,179
S01006017,884,653,231
S01006018,652,493,159
S01006019,971,741,230
S01006020,588,393,195
S01006021,757,540,217
S01006022,455,310,145
S01006023,521,387,134
S01006024,584,348,236
S01006025,679,429,250
S01006026,552,345,207
S01006027,535,380,155
S01006028,494,350,144
S01006029,511,348,163
S01006030,659,461,198
S01006031,1069,792,277
S01006032,648,424,224
S01006033,875,724,151
S01006034,1291,923,368
S01006035,729,468,261
S01006036,1703,1449,254
S01006037,635,423,212
S01006038,604,401,203
S01006039,587,387,200
S01006040,607,396,211
S01006041,695,406,289
S01006042,611,394,217
S01006043,403,287,116
S01006044,669,399,270
S01006045,520,399,121
S01006046,552,414,138
S01006047,529,332,197
S01006048,534,381,153
S01006049,557,344,213
S01006050,589,412,177
S01006051,621,465,156
S01006052,646,512,134
S01006053,593,404,189
S01006054,628,454,174
S01006055,517,423,94
S01006056,693,451,242
S01006057,378,264,114
S01006058,559,299,260
S01006059,578,340,238
S01006060,506,323,183
S01006061,421,260,161
S01006062,558,355,203
S01006063,405,258,147
S01006064,571,370,201
S01006065,635,417,218
S01006066,797,564,233
S01006067,654,434,220
S01006068,408,284,124
S01006069,619,388,231
S01006070,486,321,165
S01006071,653,454,199
S01006072,427,304,123
S01006073,317,213,104
S01006074,487,380,107
S01006075,776,495,281
S01006076,706,475,231
S01006077,906,669,237
S01006078,1048,791,257
S01006079,522,362,160
S01006080,695,498,197
S01006081,528,381,147
S01006082,640,439,201
S01006083,730,493,237
S01006084,639,495,144
S01006085,581,459,122
S01006086,712,545,167
S01006087,556,382,174
S01006088,566,445,121
S01006089,537,391,146
S01006090,596,388,208
S01006091,642,495,147
S01006092,437,281,156
S01006093,527,394,133
S01006094,601,398,203
S01006095,631,472,159
S01006096,451,328,123
S01006097,693,477,216
S01006098,494,313,181
S01006099,417,328,89
S01006100,280,167,113
S01006101,527,319,208
S01006102,620,420,200
S01006103,530,435,95
S01006104,529,318,211
S01006105,639,484,155
S01006106,619,488,131
S01006107,500,337,163
S01006108,692,495,197
S01006109,611,410,201
S01006110,558,375,183
S01006111,704,466,238
S01006112,562,456,106
S01006113,612,392,220
S01006114,514,342,172
S01006115,543,321,222
S01006116,628,392,236
S01006117,612,438,174
S01006118,450,305,145
S01006119,786,520,266
S01006120,952,615,337
S01006121,449,324,125
S01006122,719,556,163
S01006123,649,423,226
S01006124,587,391,196
S01006125,760,559,201
S01006126,807,480,327
S01006127,663,450,213
S01006128,826,509,317
S01006129,523,359,164
S01006130,354,213,141
S01006131,687,494,193
S01006132,579,324,255
S01006133,441,299,142
S01006134,351,239,112
S01006135,387,218,169
S01006136,823,545,278
S01006137,797,472,325
S01006138,479,345,134
S01006139,299,178,121
S01006140,598,377,221
S01006141,1488,942,546
S01006142,492,327,165
S01006143,508,358,150
S01006144,724,511,213
S01006145,719,390,329
S01006146,600,402,198
S01006147,605,415,190
S01006148,574,368,206
S01006149,824,595,229
S01006150,757,546,211
S01006151,1955,914,1041
S01006152,541,340,201
S01006153,437,321,116
S01006154,588,436,152
S01006155,562,395,167
S01006156,434,321,113
S01006157,546,361,185
S01006158,607,387,220
S01006159,566,384,182
S01006160,572,347,225
S01006161,553,365,188
S01006162,461,307,154
S01006163,567,424,143
S01006164,436,276,160
S01006165,543,343,200
S01006166,626,428,198
S01006167,1095,821,274
S01006168,712,515,197
S01006169,526,393,133
S01006170,683,436,247
S01006171,627,427,200
S01006172,343,225,118
S01006173,486,335,151
S01006174,485,385,100
S01006175,581,396,185
S01006176,489,373,116
S01006177,446,286,160
S01006178,587,357,230
S01006179,537,359,178
S01006180,568,389,179
S01006181,547,340,207
S01006182,517,374,143
S01006183,585,343,242
S01006184,565,339,226
S01006185,699,434,265
S01006186,858,575,283
S01006187,559,348,211
S01006188,484,350,134
S01006189,492,320,172
S01006190,601,410,191
S01006191,429,289,140
S01006192,515,339,176
S01006193,611,379,232
S01006194,647,369,278
S01006195,566,310,256
S01006196,651,422,229
S01006197,598,348,250
S01006198,502,307,195
S01006199,461,293,168
S01006200,643,436,207
S01006201,658,403,255
S01006202,503,349,154
S01006203,426,286,140
S01006204,666,421,245
S01006205,480,311,169
S01006206,574,387,187
S01006207,596,357,239
S01006208,528,326,202
S01006209,537,404,133
S01006210,565,409,156
S01006211,387,251,136
S01006212,600,489,111
S01006213,783,499,284
S01006214,619,445,174
S01006215,582,376,206
S01006216,493,364,129
S01006217,702,508,194
S01006218,424,314,110
S01006219,671,463,208
S01006220,613,473,140
S01006221,610,384,226
S01006222,765,548,217
S01006223,553,387,166
S01006224,485,354,131
S01006225,621,375,246
S01006226,561,423,138
S01006227,659,460,199
S01006228,558,412,146
S01006229,651,438,213
S01006230,694,451,243
S01006231,619,401,218
S01006232,789,618,171
S01006233,575,402,173
S01006234,504,387,117
S01006235,546,384,162
S01006236,471,355,116
S01006237,687,434,253
S01006238,706,476,230
S01006239,354,273,81
S01006240,557,336,221
S01006241,763,567,196
S01006242,536,338,198
S01006243,419,308,111
S01006244,596,406,190
S01006245,428,268,160
S01006246,529,342,187
S01006247,653,438,215
S01006248,657,482,175
S01006249,549,441,108
S01006250,538,353,185
S01006251,412,270,142
S01006252,480,336,144
S01006253,440,278,162
S01006254,610,466,144
S01006255,675,499,176
S01006256,489,300,189
S01006257,556,355,201
S01006258,617,411,206
S01006259,496,354,142
S01006260,416,270,146
S01006261,562,385,177
S01006262,612,409,203
S01006263,596,389,207
S01006264,738,595,143
S01006265,636,481,155
S01006266,717,445,272
S01006267,441,305,136
S01006268,521,365,156
S01006269,445,281,164
S01006270,680,496,184
S01006271,491,297,194
S01006272,621,418,203
S01006273,405,274,131
S01006274,422,272,150
S01006275,594,456,138
S01006276,638,458,180
S01006277,515,360,155
S01006278,745,494,251
S01006279,977,692,285
S01006280,507,293,214
S01006281,580,381,199
S01006282,479,296,183
S01006283,527,320,207
S01006284,559,373,186
S01006285,617,457,160
S01006286,878,649,229
S01006287,435,308,127
S01006288,563,325,238
S01006289,659,459,200
S01006290,660,401,259
S01006291,403,249,154
S01006292,628,383,245
S01006293,665,469,196
S01006294,451,312,139
S01006295,643,495,148
S01006296,719,533,186
S01006297,569,378,191
S01006298,753,544,209
S01006299,544,317,227
S01006300,557,370,187
S01006301,471,314,157
S01006302,682,493,189
S01006303,521,349,172
S01006304,593,387,206
S01006305,537,374,163
S01006306,605,414,191
S01006307,603,393,210
S01006308,469,295,174
S01006309,843,643,200
S01006310,620,427,193
S01006311,544,384,160
S01006312,1036,395,641
S01006313,950,665,285
S01006314,516,347,169
S01006315,589,410,179
S01006316,664,465,199
S01006317,750,539,211
S01006318,534,367,167
S01006319,667,433,234
S01006320,732,482,250
S01006321,593,483,110
S01006322,551,435,116
S01006323,790,612,178
S01006324,497,389,108
S01006325,467,264,203
S01006326,667,415,252
S01006327,429,296,133
S01006328,435,273,162
S01006329,823,618,205
S01006330,513,345,168
S01006331,559,420,139
S01006332,435,279,156
S01006333,636,391,245
S01006334,558,357,201
S01006335,660,455,205
S01006336,861,730,131
S01006337,1004,826,178
S01006338,651,473,178
S01006339,715,497,218
S01006340,524,398,126
S01006341,508,382,126
S01006342,521,340,181
S01006343,915,649,266
S01006344,537,356,181
S01006345,541,362,179
S01006346,482,344,138
S01006347,488,402,86
S01006348,412,295,117
S01006349,341,220,121
S01006350,503,309,194
S01006351,865,626,239
S01006352,523,374,149
S01006353,448,326,122
S01006354,677,471,206
S01006355,527,352,175
S01006356,516,428,88
S01006357,526,360,166
S01006358,505,365,140
S01006359,845,606,239
S01006360,522,409,113
S01006361,858,669,189
S01006362,609,481,128
S01006363,534,419,115
S01006364,3044,2608,436
S01006365,723,543,180
S01006366,559,428,131
S01006367,573,443,130
S01006368,618,503,115
S01006369,1202,939,263
S01006370,770,647,123
S01006371,466,375,91
S01006372,534,358,176
S01006373,657,491,166
S01006374,482,350,132
S01006375,464,330,134
S01006376,778,618,160
S01006377,424,289,135
S01006378,371,316,55
S01006379,524,375,149
S01006380,504,376,128
S01006381,358,241,117
S01006382,510,337,173
S01006383,439,334,105
S01006384,602,474,128
S01006385,753,524,229
S01006386,784,545,239
S01006387,649,478,171
S01006388,829,530,299
S01006389,500,313,187
S01006390,509,343,166
S01006391,789,662,127
S01006392,717,526,191
S01006393,989,764,225
S01006394,541,390,151
S01006395,835,583,252
S01006396,448,290,158
S01006397,717,524,193
S01006398,629,439,190
S01006399,540,393,147
S01006400,981,812,169
S01006401,756,528,228
S01006402,499,326,173
S01006403,547,355,192
S01006404,674,466,208
S01006405,797,572,225
S01006406,284,200,84
S01006407,503,416,87
S01006408,792,552,240
S01006409,1082,893,189
S01006410,505,317,188
S01006411,780,594,186
S01006412,504,357,147
S01006413,384,260,124
S01006414,372,276,96
S01006415,628,449,179
S01006416,605,415,190
S01006417,574,448,126
S01006418,456,313,143
S01006419,386,265,121
S01006420,639,451,188
S01006421,552,406,146
S01006422,454,310,144
S01006423,475,403,72
S01006424,407,270,137
S01006425,974,649,325
S01006426,864,703,161
S01006427,534,346,188
S01006428,579,426,153
S01006429,505,386,119
S01006430,521,379,142
S01006431,370,283,87
S01006432,499,363,136
S01006433,448,325,123
S01006434,588,442,146
S01006435,332,234,98
S01006436,573,407,166
S01006437,674,495,179
S01006438,489,288,201
S01006439,673,477,196
S01006440,615,407,208
S01006441,488,341,147
S01006442,566,390,176
S01006443,353,250,103
S01006444,442,312,130
S01006445,559,416,143
S01006446,680,495,185
S01006447,452,305,147
S01006448,680,507,173
S01006449,373,268,105
S01006450,435,296,139
S01006451,807,599,208
S01006452,445,287,158
S01006453,719,491,228
S01006454,485,360,125
S01006455,436,294,142
S01006456,1330,993,337
S01006457,808,626,182
S01006458,649,501,148
S01006459,593,453,140
S01006460,369,273,96
S01006461,1267,1024,243
S01006462,589,432,157
S01006463,494,350,144
S01006464,514,333,181
S01006465,1046,768,278
S01006466,585,400,185
S01006467,613,429,184
S01006468,935,710,225
S01006469,496,340,156
S01006470,610,421,189
S01006471,655,458,197
S01006472,459,314,145
S01006473,549,391,158
S01006474,563,383,180
S01006475,597,413,184
S01006476,643,500,143
S01006477,599,403,196
S01006478,781,616,165
S01006479,570,371,199
S01006480,657,538,119
S01006481,730,492,238
S01006482,564,418,146
S01006483,655,447,208
S01006484,591,406,185
S01006485,503,335,168
S01006486,573,443,130
S01006487,547,367,180
S01006488,498,368,130
S01006489,615,457,158
S01006490,542,354,188
S01006491,580,369,211
S01006492,523,391,132
S01006493,430,286,144
S01006494,464,331,133
S01006495,607,450,157
S01006496,703,508,195
S01006497,427,306,121
S01006498,792,579,213
S01006499,671,454,217
S01006500,508,361,147
S01006501,656,522,134
S01006502,451,356,95
S01006503,499,380,119
S01006504,580,438,142
S01006505,564,457,107
