dz_2001,total,no_llti,llti
S01000001,872,736,136
S01000002,678,638,40
S01000003,788,733,55
S01000004,612,564,48
S01000005,643,567,76
S01000006,644,495,149
S01000007,751,615,136
S01000008,580,485,95
S01000009,681,568,113
S01000010,514,442,72
S01000011,1043,909,134
S01000012,1528,1379,149
S01000013,836,703,133
S01000014,881,748,133
S01000015,669,617,52
S01000016,540,468,72
S01000017,848,717,131
S01000018,520,448,72
S01000019,648,535,113
S01000020,914,664,250
S01000021,861,707,154
S01000022,627,554,73
S01000023,762,688,74
S01000024,519,448,71
S01000025,865,755,110
S01000026,849,643,206
S01000027,798,698,100
S01000028,919,697,222
S01000029,729,690,39
S01000030,449,358,91
S01000031,941,794,147
S01000032,1063,831,232
S01000033,802,602,200
S01000034,1238,1141,97
S01000035,1034,856,178
S01000036,683,540,143
S01000037,765,579,186
S01000038,678,522,156
S01000039,902,719,183
S01000040,934,745,189
S01000041,831,636,195
S01000042,755,570,185
S01000043,896,735,161
S01000044,959,736,223
S01000045,569,481,88
S01000046,754,647,107
S01000047,807,630,177
S01000048,960,833,127
S01000049,747,623,124
S01000050,744,583,161
S01000051,797,649,148
S01000052,627,472,155
S01000053,1100,866,234
S01000054,801,646,155
S01000055,803,601,202
S01000056,1014,878,136
S01000057,699,577,122
S01000058,712,627,85
S01000059,957,882,75
S01000060,634,521,113
S01000061,1001,850,151
S01000062,1038,955,83
S01000063,910,813,97
S01000064,623,509,114
S01000065,1002,884,118
S01000066,959,793,166
S01000067,1065,877,188
S01000068,879,732,147
S01000069,718,561,157
S01000070,658,549,109
S01000071,812,671,141
S01000072,907,724,183
S01000073,630,535,95
S01000074,870,709,161
S01000075,539,449,90
S01000076,721,619,102
S01000077,951,844,107
S01000078,1097,976,121
S01000079,1448,1344,104
S01000080,1015,919,96
S01000081,889,782,107
S01000082,933,720,213
S01000083,774,700,74
S01000084,859,726,133
S01000085,520,479,41
S01000086,725,641,84
S01000087,1071,919,152
S01000088,934,864,70
S01000089,947,769,178
S01000090,769,712,57
S01000091,1096,944,152
S01000092,906,834,72
S01000093,735,682,53
S01000094,712,667,45
S01000095,717,647,70
S01000096,690,524,166
S01000097,1001,884,117
S01000098,1240,1119,121
S01000099,811,683,128
S01000100,871,800,71
S01000101,888,801,87
S01000102,795,681,114
S01000103,628,595,33
S01000104,905,812,93
S01000105,870,752,118
S01000106,724,662,62
S01000107,1269,1156,113
S01000108,753,592,161
S01000109,1019,840,179
S01000110,846,621,225
S01000111,791,711,80
S01000112,983,821,162
S01000113,607,558,49
S01000114,814,656,158
S01000115,838,600,238
S01000116,923,866,57
S01000117,1033,861,172
S01000118,712,563,149
S01000119,835,691,144
S01000120,566,511,55
S01000121,718,557,161
S01000122,701,540,161
S01000123,673,590,83
S01000124,988,862,126
S01000125,648,551,97
S01000126,945,736,209
S01000127,766,667,99
S01000128,1804,1651,153
S01000129,1005,896,109
S01000130,1557,1372,185
S01000131,622,544,78
S01000132,757,679,78
S01000133,878,695,183
S01000134,728,587,141
S01000135,687,533,154
S01000136,675,533,142
S01000137,967,843,124
S01000138,1373,1257,116
S01000139,790,583,207
S01000140,853,616,237
S01000141,826,709,117
S01000142,685,544,141
S01000143,618,528,90
S01000144,730,683,47
S01000145,815,584,231
S01000146,1537,1351,186
S01000147,1042,908,134
S01000148,605,451,154
S01000149,1180,1027,153
S01000150,619,498,121
S01000151,865,582,283
S01000152,1288,1095,193
S01000153,963,828,135
S01000154,524,372,152
S01000155,739,553,186
S01000156,1031,922,109
S01000157,691,498,193
S01000158,926,757,169
S01000159,976,850,126
S01000160,761,602,159
S01000161,915,831,84
S01000162,830,649,181
S01000163,1057,787,270
S01000164,929,792,137
S01000165,914,701,213
S01000166,1274,1154,120
S01000167,701,539,162
S01000168,975,728,247
S01000169,712,548,164
S01000170,1133,1013,120
S01000171,1079,1026,53
S01000172,471,405,66
S01000173,849,657,192
S01000174,900,831,69
S01000175,536,484,52
S01000176,762,700,62
S01000177,559,496,63
S01000178,774,624,150
S01000179,877,629,248
S01000180,663,517,146
S01000181,606,486,120
S01000182,916,729,187
S01000183,1362,1185,177
S01000184,742,635,107
S01000185,887,688,199
S01000186,950,666,284
S01000187,627,497,130
S01000188,1219,1004,215
S01000189,623,518,105
S01000190,835,646,189
S01000191,1223,1076,147
S01000192,810,677,133
S01000193,727,562,165
S01000194,872,748,124
S01000195,723,592,131
S01000196,1005,835,170
S01000197,587,480,107
S01000198,831,645,186
S01000199,853,688,165
S01000200,833,649,184
S01000201,622,491,131
S01000202,1015,875,140
S01000203,712,608,104
S01000204,577,443,134
S01000205,973,845,128
S01000206,704,589,115
S01000207,928,687,241
S01000208,1015,763,252
S01000209,1391,1183,208
S01000210,684,547,137
S01000211,747,594,153
S01000212,754,625,129
S01000213,740,583,157
S01000214,460,345,115
S01000215,1160,1012,148
S01000216,654,534,120
S01000217,810,683,127
S01000218,666,480,186
S01000219,851,708,143
S01000220,2648,2459,189
S01000221,840,575,265
S01000222,737,586,151
S01000223,607,539,68
S01000224,846,653,193
S01000225,576,496,80
S01000226,608,519,89
S01000227,1334,1157,177
S01000228,829,737,92
S01000229,822,618,204
S01000230,618,509,109
S01000231,694,630,64
S01000232,615,485,130
S01000233,496,359,137
S01000234,697,608,89
S01000235,837,648,189
S01000236,672,549,123
S01000237,816,664,152
S01000238,493,441,52
S01000239,691,575,116
S01000240,634,526,108
S01000241,599,542,57
S01000242,744,664,80
S01000243,649,574,75
S01000244,1139,926,213
S01000245,959,832,127
S01000246,689,586,103
S01000247,655,584,71
S01000248,741,646,95
S01000249,650,533,117
S01000250,832,703,129
S01000251,465,428,37
S01000252,790,719,71
S01000253,651,597,54
S01000254,832,753,79
S01000255,586,532,54
S01000256,805,579,226
S01000257,917,764,153
S01000258,608,559,49
S01000259,611,559,52
S01000260,865,811,54
S01000261,900,771,129
S01000262,913,774,139
S01000263,820,690,130
S01000264,909,730,179
S01000265,712,575,137
S01000266,1248,1049,199
S01000267,720,561,159
S01000268,816,648,168
S01000269,628,543,85
S01000270,1031,897,134
S01000271,877,729,148
S01000272,1122,996,126
S01000273,620,534,86
S01000274,678,568,110
S01000275,1435,1230,205
S01000276,786,697,89
S01000277,723,588,135
S01000278,577,468,109
S01000279,956,753,203
S01000280,761,661,100
S01000281,675,561,114
S01000282,750,655,95
S01000283,1090,972,118
S01000284,1266,1157,109
S01000285,719,622,97
S01000286,916,746,170
S01000287,732,610,122
S01000288,807,719,88
S01000289,888,723,165
S01000290,822,687,135
S01000291,951,767,184
S01000292,1029,850,179
S01000293,843,610,233
S01000294,648,582,66
S01000295,538,470,68
S01000296,969,857,112
S01000297,729,627,102
S01000298,1131,1022,109
S01000299,1019,828,191
S01000300,759,673,86
S01000301,554,452,102
S01000302,630,552,78
S01000303,584,498,86
S01000304,829,758,71
S01000305,1040,878,162
S01000306,790,697,93
S01000307,922,835,87
S01000308,1218,1095,123
S01000309,1203,1068,135
S01000310,946,857,89
S01000311,938,804,134
S01000312,539,427,112
S01000313,681,568,113
S01000314,551,458,93
S01000315,667,569,98
S01000316,901,696,205
S01000317,542,423,119
S01000318,549,474,75
S01000319,712,599,113
S01000320,671,589,82
S01000321,595,518,77
S01000322,996,889,107
S01000323,879,744,135
S01000324,835,745,90
S01000325,1291,1161,130
S01000326,805,647,158
S01000327,811,717,94
S01000328,534,466,68
S01000329,836,747,89
S01000330,1322,1192,130
S01000331,560,445,115
S01000332,745,627,118
S01000333,948,872,76
S01000334,903,725,178
S01000335,792,667,125
S01000336,1440,1282,158
S01000337,841,688,153
S01000338,495,413,82
S01000339,1236,1058,178
S01000340,1058,935,123
S01000341,1009,806,203
S01000342,478,386,92
S01000343,584,507,77
S01000344,992,838,154
S01000345,626,559,67
S01000346,643,550,93
S01000347,1606,1432,174
S01000348,730,634,96
S01000349,537,446,91
S01000350,1082,990,92
S01000351,939,843,96
S01000352,699,594,105
S01000353,508,447,61
S01000354,1576,1456,120
S01000355,615,555,60
S01000356,642,572,70
S01000357,580,535,45
S01000358,889,786,103
S01000359,836,766,70
S01000360,536,433,103
S01000361,678,606,72
S01000362,971,859,112
S01000363,1178,1035,143
S01000364,955,828,127
S01000365,2070,1895,175
S01000366,2125,1974,151
S01000367,845,753,92
S01000368,1286,1112,174
S01000369,938,806,132
S01000370,1511,1372,139
S01000371,927,747,180
S01000372,951,767,184
S01000373,667,593,74
S01000374,647,533,114
S01000375,612,491,121
S01000376,826,683,143
S01000377,852,762,90
S01000378,543,474,69
S01000379,655,601,54
S01000380,957,877,80
S01000381,1621,1427,194
S01000382,733,633,100
S01000383,1166,1030,136
S01000384,706,576,130
S01000385,622,521,101
S01000386,1260,1109,151
S01000387,871,741,130
S01000388,1083,969,114
S01000389,861,796,65
S01000390,822,664,158
S01000391,726,576,150
S01000392,800,724,76
S01000393,891,733,158
S01000394,693,590,103
S01000395,800,694,106
S01000396,843,618,225
S01000397,938,770,168
S01000398,2417,2241,176
S01000399,598,494,104
S01000400,803,648,155
S01000401,904,800,104
S01000402,751,639,112
S01000403,787,660,127
S01000404,708,627,81
S01000405,522,458,64
S01000406,534,449,85
S01000407,595,495,100
S01000408,609,556,53
S01000409,579,512,67
S01000410,748,668,80
S01000411,702,627,75
S01000412,798,711,87
S01000413,871,741,130
S01000414,694,625,69
S01000415,927,794,133
S01000416,910,817,93
S01000417,1008,862,146
S01000418,718,606,112
S01000419,1523,1390,133
S01000420,1339,1139,200
S01000421,786,719,67
S01000422,947,783,164
S01000423,1026,929,97
S01000424,743,646,97
S01000425,842,710,132
S01000426,826,730,96
S01000427,743,654,89
S01000428,666,577,89
S01000429,871,739,132
S01000430,501,406,95
S01000431,722,514,208
S01000432,881,693,188
S01000433,510,413,97
S01000434,602,505,97
S01000435,514,447,67
S01000436,629,572,57
S01000437,947,748,199
S01000438,594,523,71
S01000439,823,719,104
S01000440,1091,951,140
S01000441,900,741,159
S01000442,843,737,106
S01000443,608,526,82
S01000444,2534,2364,170
S01000445,1201,1027,174
S01000446,951,837,114
S01000447,782,692,90
S01000448,859,752,107
S01000449,740,551,189
S01000450,553,472,81
S01000451,855,711,144
S01000452,573,483,90
S01000453,584,489,95
S01000454,443,357,86
S01000455,846,697,149
S01000456,1132,989,143
S01000457,819,614,205
S01000458,930,832,98
S01000459,1013,823,190
S01000460,707,588,119
S01000461,865,677,188
S01000462,1034,808,226
S01000463,733,612,121
S01000464,848,715,133
S01000465,665,578,87
S01000466,880,762,118
S01000467,614,473,141
S01000468,535,457,78
S01000469,641,569,72
S01000470,1064,875,189
S01000471,837,726,111
S01000472,759,651,108
S01000473,661,556,105
S01000474,625,535,90
S01000475,727,601,126
S01000476,627,519,108
S01000477,674,548,126
S01000478,790,582,208
S01000479,847,656,191
S01000480,670,543,127
S01000481,2138,1901,237
S01000482,896,689,207
S01000483,983,705,278
S01000484,805,677,128
S01000485,987,788,199
S01000486,1132,948,184
S01000487,621,435,186
S01000488,624,442,182
S01000489,937,679,258
S01000490,540,476,64
S01000491,539,406,133
S01000492,951,790,161
S01000493,641,515,126
S01000494,551,439,112
S01000495,903,745,158
S01000496,529,462,67
S01000497,768,669,99
S01000498,520,430,90
S01000499,1020,840,180
S01000500,604,489,115
S01000501,577,427,150
S01000502,638,527,111
S01000503,494,406,88
S01000504,770,600,170
S01000505,727,608,119
S01000506,1024,884,140
S01000507,995,810,185
S01000508,889,720,169
S01000509,1045,795,250
S01000510,665,535,130
S01000511,573,492,81
S01000512,990,847,143
S01000513,881,706,175
S01000514,941,799,142
S01000515,551,461,90
S01000516,883,754,129
S01000517,737,602,135
S01000518,963,755,208
S01000519,515,464,51
S01000520,1129,921,208
S01000521,945,753,192
S01000522,665,540,125
S01000523,851,655,196
S01000524,706,576,130
S01000525,1047,826,221
S01000526,1000,831,169
S01000527,685,573,112
S01000528,946,738,208
S01000529,805,655,150
S01000530,486,393,93
S01000531,574,437,137
S01000532,788,621,167
S01000533,715,535,180
S01000534,760,602,158
S01000535,1020,816,204
S01000536,494,390,104
S01000537,1056,882,174
S01000538,740,574,166
S01000539,990,749,241
S01000540,727,578,149
S01000541,592,469,123
S01000542,647,514,133
S01000543,832,688,144
S01000544,667,522,145
S01000545,755,626,129
S01000546,860,720,140
S01000547,543,420,123
S01000548,1085,849,236
S01000549,1219,1023,196
S01000550,471,407,64
S01000551,892,653,239
S01000552,540,450,90
S01000553,888,731,157
S01000554,679,545,134
S01000555,860,686,174
S01000556,812,663,149
S01000557,913,746,167
S01000558,547,404,143
S01000559,668,504,164
S01000560,1086,871,215
S01000561,1012,758,254
S01000562,847,619,228
S01000563,1145,932,213
S01000564,927,719,208
S01000565,796,672,124
S01000566,867,690,177
S01000567,824,650,174
S01000568,526,431,95
S01000569,759,630,129
S01000570,892,702,190
S01000571,803,557,246
S01000572,711,565,146
S01000573,538,473,65
S01000574,750,548,202
S01000575,640,499,141
S01000576,542,425,117
S01000577,567,445,122
S01000578,633,519,114
S01000579,884,749,135
S01000580,956,853,103
S01000581,700,607,93
S01000582,648,549,99
S01000583,939,813,126
S01000584,840,689,151
S01000585,1224,995,229
S01000586,722,599,123
S01000587,658,508,150
S01000588,576,451,125
S01000589,709,586,123
S01000590,846,659,187
S01000591,775,620,155
S01000592,875,710,165
S01000593,1555,1367,188
S01000594,1331,1136,195
S01000595,758,620,138
S01000596,795,650,145
S01000597,965,801,164
S01000598,1348,1204,144
S01000599,1145,974,171
S01000600,776,656,120
S01000601,1232,1045,187
S01000602,743,599,144
S01000603,1022,849,173
S01000604,976,757,219
S01000605,813,632,181
S01000606,860,630,230
S01000607,752,599,153
S01000608,1195,932,263
S01000609,1051,814,237
S01000610,804,594,210
S01000611,631,505,126
S01000612,1039,792,247
S01000613,1047,835,212
S01000614,678,530,148
S01000615,809,553,256
S01000616,1442,1252,190
S01000617,665,533,132
S01000618,815,632,183
S01000619,708,593,115
S01000620,1169,973,196
S01000621,1082,814,268
S01000622,768,675,93
S01000623,769,609,160
S01000624,616,491,125
S01000625,641,523,118
S01000626,804,638,166
S01000627,849,705,144
S01000628,580,472,108
S01000629,911,751,160
S01000630,738,592,146
S01000631,612,489,123
S01000632,539,435,104
S01000633,523,449,74
S01000634,735,575,160
S01000635,643,533,110
S01000636,521,451,70
S01000637,648,558,90
S01000638,589,482,107
S01000639,641,515,126
S01000640,721,590,131
S01000641,814,675,139
S01000642,908,753,155
S01000643,675,561,114
S01000644,711,574,137
S01000645,980,793,187
S01000646,782,639,143
S01000647,777,630,147
S01000648,896,743,153
S01000649,596,476,120
S01000650,712,579,133
S01000651,886,703,183
S01000652,774,598,176
S01000653,994,759,235
S01000654,971,723,248
S01000655,792,625,167
S01000656,799,650,149
S01000657,816,590,226
S01000658,606,500,106
S01000659,1321,1054,267
S01000660,1026,820,206
S01000661,822,675,147
S01000662,734,617,117
S01000663,811,683,128
S01000664,851,687,164
S01000665,669,531,138
S01000666,528,418,110
S01000667,987,796,191
S01000668,864,688,176
S01000669,827,622,205
S01000670,669,577,92
S01000671,590,441,149
S01000672,713,596,117
S01000673,721,604,117
S01000674,1080,905,175
S01000675,714,579,135
S01000676,457,388,69
S01000677,877,713,164
S01000678,901,752,149
S01000679,779,646,133
S01000680,967,748,219
S01000681,990,792,198
S01000682,768,573,195
S01000683,546,465,81
S01000684,740,532,208
S01000685,912,710,202
S01000686,770,606,164
S01000687,827,649,178
S01000688,722,566,156
S01000689,648,541,107
S01000690,992,847,145
S01000691,808,640,168
S01000692,750,614,136
S01000693,1015,776,239
S01000694,701,558,143
S01000695,788,653,135
S01000696,774,606,168
S01000697,958,813,145
S01000698,620,510,110
S01000699,630,512,118
S01000700,806,687,119
S01000701,1017,786,231
S01000702,514,425,89
S01000703,739,597,142
S01000704,979,856,123
S01000705,1146,961,185
S01000706,859,738,121
S01000707,625,536,89
S01000708,565,468,97
S01000709,1023,757,266
S01000710,1108,959,149
S01000711,505,411,94
S01000712,621,485,136
S01000713,752,603,149
S01000714,986,810,176
S01000715,658,473,185
S01000716,535,388,147
S01000717,915,671,244
S01000718,810,639,171
S01000719,641,490,151
S01000720,778,593,185
S01000721,702,546,156
S01000722,846,675,171
S01000723,460,361,99
S01000724,784,591,193
S01000725,595,465,130
S01000726,760,597,163
S01000727,610,472,138
S01000728,651,483,168
S01000729,491,355,136
S01000730,457,372,85
S01000731,595,446,149
S01000732,543,390,153
S01000733,672,469,203
S01000734,826,668,158
S01000735,443,308,135
S01000736,740,537,203
S01000737,470,325,145
S01000738,449,354,95
S01000739,730,605,125
S01000740,658,457,201
S01000741,786,557,229
S01000742,642,506,136
S01000743,901,669,232
S01000744,740,587,153
S01000745,716,572,144
S01000746,786,612,174
S01000747,562,411,151
S01000748,465,287,178
S01000749,541,422,119
S01000750,687,493,194
S01000751,722,596,126
S01000752,977,733,244
S01000753,596,487,109
S01000754,787,579,208
S01000755,706,571,135
S01000756,1043,807,236
S01000757,770,571,199
S01000758,1286,1093,193
S01000759,985,725,260
S01000760,531,457,74
S01000761,606,459,147
S01000762,610,518,92
S01000763,747,619,128
S01000764,676,561,115
S01000765,825,778,47
S01000766,699,545,154
S01000767,642,490,152
S01000768,783,602,181
S01000769,787,597,190
S01000770,703,571,132
S01000771,943,777,166
S01000772,640,483,157
S01000773,826,652,174
S01000774,831,759,72
S01000775,810,597,213
S01000776,572,511,61
S01000777,325,284,41
S01000778,466,386,80
S01000779,793,692,101
S01000780,849,662,187
S01000781,806,687,119
S01000782,680,585,95
S01000783,464,380,84
S01000784,803,664,139
S01000785,714,514,200
S01000786,749,614,135
S01000787,498,386,112
S01000788,656,560,96
S01000789,742,587,155
S01000790,512,414,98
S01000791,607,509,98
S01000792,664,536,128
S01000793,675,563,112
S01000794,861,655,206
S01000795,940,790,150
S01000796,428,348,80
S01000797,449,378,71
S01000798,484,367,117
S01000799,1589,1463,126
S01000800,947,688,259
S01000801,635,544,91
S01000802,770,600,170
S01000803,972,808,164
S01000804,912,765,147
S01000805,803,620,183
S01000806,808,653,155
S01000807,769,623,146
S01000808,749,612,137
S01000809,616,516,100
S01000810,735,620,115
S01000811,798,687,111
S01000812,1347,1083,264
S01000813,771,666,105
S01000814,786,691,95
S01000815,520,375,145
S01000816,563,452,111
S01000817,916,752,164
S01000818,911,789,122
S01000819,882,715,167
S01000820,554,454,100
S01000821,854,716,138
S01000822,532,427,105
S01000823,502,404,98
S01000824,756,646,110
S01000825,739,606,133
S01000826,625,496,129
S01000827,736,612,124
S01000828,925,713,212
S01000829,693,553,140
S01000830,872,717,155
S01000831,848,660,188
S01000832,954,790,164
S01000833,1164,1004,160
S01000834,980,777,203
S01000835,774,571,203
S01000836,785,585,200
S01000837,984,702,282
S01000838,623,496,127
S01000839,1355,1134,221
S01000840,686,508,178
S01000841,988,764,224
S01000842,867,701,166
S01000843,910,715,195
S01000844,787,643,144
S01000845,540,455,85
S01000846,680,485,195
S01000847,974,728,246
S01000848,651,498,153
S01000849,479,407,72
S01000850,699,513,186
S01000851,714,596,118
S01000852,725,548,177
S01000853,554,392,162
S01000854,846,655,191
S01000855,716,546,170
S01000856,512,383,129
S01000857,507,409,98
S01000858,910,804,106
S01000859,1129,968,161
S01000860,891,694,197
S01000861,643,487,156
S01000862,523,423,100
S01000863,542,405,137
S01000864,1172,993,179
S01000865,1080,845,235
S01000866,853,638,215
S01000867,895,654,241
S01000868,703,507,196
S01000869,595,473,122
S01000870,865,697,168
S01000871,818,614,204
S01000872,798,624,174
S01000873,3097,2549,548
S01000874,496,397,99
S01000875,1427,1214,213
S01000876,681,538,143
S01000877,675,532,143
S01000878,554,474,80
S01000879,945,755,190
S01000880,787,662,125
S01000881,642,478,164
S01000882,887,686,201
S01000883,813,678,135
S01000884,590,458,132
S01000885,480,398,82
S01000886,649,530,119
S01000887,723,614,109
S01000888,661,519,142
S01000889,686,531,155
S01000890,748,586,162
S01000891,924,763,161
S01000892,541,474,67
S01000893,625,554,71
S01000894,493,412,81
S01000895,916,782,134
S01000896,485,415,70
S01000897,680,487,193
S01000898,526,384,142
S01000899,829,592,237
S01000900,627,490,137
S01000901,605,421,184
S01000902,943,770,173
S01000903,1014,735,279
S01000904,696,516,180
S01000905,692,535,157
S01000906,536,383,153
S01000907,734,536,198
S01000908,751,596,155
S01000909,951,757,194
S01000910,842,663,179
S01000911,1034,816,218
S01000912,653,503,150
S01000913,611,477,134
S01000914,701,522,179
S01000915,900,687,213
S01000916,1046,780,266
S01000917,677,505,172
S01000918,551,390,161
S01000919,631,464,167
S01000920,597,482,115
S01000921,667,512,155
S01000922,965,753,212
S01000923,862,666,196
S01000924,861,657,204
S01000925,1005,829,176
S01000926,1010,805,205
S01000927,913,654,259
S01000928,980,746,234
S01000929,481,367,114
S01000930,540,409,131
S01000931,654,524,130
S01000932,1027,775,252
S01000933,1032,821,211
S01000934,903,649,254
S01000935,767,605,162
S01000936,856,653,203
S01000937,558,421,137
S01000938,783,615,168
S01000939,739,548,191
S01000940,902,690,212
S01000941,478,330,148
S01000942,1018,764,254
S01000943,830,645,185
S01000944,837,646,191
S01000945,739,576,163
S01000946,775,625,150
S01000947,687,495,192
S01000948,844,696,148
S01000949,610,469,141
S01000950,825,603,222
S01000951,861,654,207
S01000952,876,661,215
S01000953,874,672,202
S01000954,1116,889,227
S01000955,627,497,130
S01000956,851,655,196
S01000957,542,429,113
S01000958,797,617,180
S01000959,700,579,121
S01000960,566,363,203
S01000961,843,646,197
S01000962,660,512,148
S01000963,843,629,214
S01000964,989,811,178
S01000965,642,523,119
S01000966,1086,821,265
S01000967,578,433,145
S01000968,1056,849,207
S01000969,908,659,249
S01000970,788,567,221
S01000971,729,582,147
S01000972,922,778,144
S01000973,660,546,114
S01000974,1227,995,232
S01000975,647,536,111
S01000976,507,407,100
S01000977,921,723,198
S01000978,820,641,179
S01000979,703,558,145
S01000980,677,505,172
S01000981,686,574,112
S01000982,736,586,150
S01000983,534,397,137
S01000984,620,478,142
S01000985,714,563,151
S01000986,611,471,140
S01000987,637,517,120
S01000988,565,470,95
S01000989,813,673,140
S01000990,840,672,168
S01000991,435,359,76
S01000992,1095,820,275
S01000993,843,655,188
S01000994,1104,833,271
S01000995,778,699,79
S01000996,1122,848,274
S01000997,891,741,150
S01000998,694,516,178
S01000999,650,569,81
S01001000,576,472,104
S01001001,551,470,81
S01001002,631,553,78
S01001003,828,698,130
S01001004,661,544,117
S01001005,844,712,132
S01001006,702,576,126
S01001007,917,717,200
S01001008,756,601,155
S01001009,614,492,122
S01001010,917,635,282
S01001011,588,508,80
S01001012,744,612,132
S01001013,895,693,202
S01001014,844,651,193
S01001015,515,337,178
S01001016,823,609,214
S01001017,858,684,174
S01001018,798,631,167
S01001019,1056,802,254
S01001020,548,439,109
S01001021,1022,839,183
S01001022,835,671,164
S01001023,999,776,223
S01001024,1862,1563,299
S01001025,1264,1040,224
S01001026,886,714,172
S01001027,906,674,232
S01001028,774,614,160
S01001029,754,568,186
S01001030,716,577,139
S01001031,957,758,199
S01001032,692,533,159
S01001033,724,557,167
S01001034,718,543,175
S01001035,509,396,113
S01001036,663,543,120
S01001037,860,640,220
S01001038,772,668,104
S01001039,539,434,105
S01001040,699,591,108
S01001041,682,557,125
S01001042,991,853,138
S01001043,664,563,101
S01001044,923,661,262
S01001045,656,534,122
S01001046,847,684,163
S01001047,864,631,233
S01001048,579,486,93
S01001049,630,482,148
S01001050,956,747,209
S01001051,638,497,141
S01001052,519,399,120
S01001053,773,620,153
S01001054,714,560,154
S01001055,858,623,235
S01001056,711,567,144
S01001057,639,482,157
S01001058,768,581,187
S01001059,660,562,98
S01001060,706,577,129
S01001061,741,592,149
S01001062,588,510,78
S01001063,884,713,171
S01001064,717,567,150
S01001065,756,619,137
S01001066,772,586,186
S01001067,781,614,167
S01001068,867,678,189
S01001069,856,709,147
S01001070,890,706,184
S01001071,707,604,103
S01001072,898,745,153
S01001073,1133,895,238
S01001074,492,416,76
S01001075,926,669,257
S01001076,854,701,153
S01001077,930,691,239
S01001078,957,805,152
S01001079,554,474,80
S01001080,722,596,126
S01001081,629,488,141
S01001082,945,724,221
S01001083,813,607,206
S01001084,961,756,205
S01001085,833,632,201
S01001086,748,527,221
S01001087,476,306,170
S01001088,1009,766,243
S01001089,931,676,255
S01001090,885,791,94
S01001091,613,507,106
S01001092,1015,922,93
S01001093,875,741,134
S01001094,882,750,132
S01001095,1508,1421,87
S01001096,939,838,101
S01001097,673,573,100
S01001098,906,800,106
S01001099,1964,1683,281
S01001100,963,728,235
S01001101,1530,1425,105
S01001102,1393,1273,120
S01001103,701,622,79
S01001104,800,682,118
S01001105,801,661,140
S01001106,955,804,151
S01001107,948,728,220
S01001108,1679,1499,180
S01001109,1686,1487,199
S01001110,808,677,131
S01001111,1093,944,149
S01001112,814,600,214
S01001113,1050,849,201
S01001114,907,689,218
S01001115,742,569,173
S01001116,702,483,219
S01001117,582,444,138
S01001118,522,378,144
S01001119,964,705,259
S01001120,649,504,145
S01001121,644,510,134
S01001122,687,567,120
S01001123,990,826,164
S01001124,624,459,165
S01001125,363,291,72
S01001126,845,670,175
S01001127,783,629,154
S01001128,644,545,99
S01001129,935,752,183
S01001130,762,588,174
S01001131,484,380,104
S01001132,695,544,151
S01001133,1062,845,217
S01001134,853,715,138
S01001135,342,266,76
S01001136,1023,803,220
S01001137,1041,720,321
S01001138,1406,1201,205
S01001139,753,502,251
S01001140,977,665,312
S01001141,516,394,122
S01001142,899,715,184
S01001143,790,602,188
S01001144,711,582,129
S01001145,579,389,190
S01001146,778,614,164
S01001147,773,651,122
S01001148,733,575,158
S01001149,643,521,122
S01001150,770,622,148
S01001151,578,361,217
S01001152,928,649,279
S01001153,732,574,158
S01001154,738,634,104
S01001155,618,478,140
S01001156,772,655,117
S01001157,756,646,110
S01001158,591,394,197
S01001159,747,530,217
S01001160,545,353,192
S01001161,575,432,143
S01001162,821,659,162
S01001163,723,575,148
S01001164,629,446,183
S01001165,786,615,171
S01001166,280,198,82
S01001167,815,646,169
S01001168,764,648,116
S01001169,1125,803,322
S01001170,819,598,221
S01001171,583,495,88
S01001172,583,440,143
S01001173,934,761,173
S01001174,648,543,105
S01001175,903,696,207
S01001176,857,678,179
S01001177,888,616,272
S01001178,792,476,316
S01001179,914,757,157
S01001180,689,487,202
S01001181,840,666,174
S01001182,895,695,200
S01001183,840,596,244
S01001184,853,737,116
S01001185,532,429,103
S01001186,709,601,108
S01001187,917,690,227
S01001188,773,579,194
S01001189,964,674,290
S01001190,683,567,116
S01001191,694,497,197
S01001192,952,622,330
S01001193,827,669,158
S01001194,884,739,145
S01001195,940,630,310
S01001196,960,666,294
S01001197,535,403,132
S01001198,744,557,187
S01001199,884,629,255
S01001200,1087,761,326
S01001201,667,516,151
S01001202,629,447,182
S01001203,766,529,237
S01001204,734,609,125
S01001205,723,582,141
S01001206,730,547,183
S01001207,754,539,215
S01001208,598,396,202
S01001209,547,487,60
S01001210,877,629,248
S01001211,1013,807,206
S01001212,590,434,156
S01001213,973,668,305
S01001214,705,463,242
S01001215,727,573,154
S01001216,889,685,204
S01001217,1147,901,246
S01001218,812,742,70
S01001219,841,660,181
S01001220,505,396,109
S01001221,1429,1251,178
S01001222,1052,711,341
S01001223,701,555,146
S01001224,956,663,293
S01001225,919,750,169
S01001226,486,395,91
S01001227,707,590,117
S01001228,734,549,185
S01001229,696,553,143
S01001230,782,518,264
S01001231,634,462,172
S01001232,2408,2220,188
S01001233,959,713,246
S01001234,492,363,129
S01001235,848,683,165
S01001236,883,636,247
S01001237,552,448,104
S01001238,522,386,136
S01001239,603,456,147
S01001240,763,579,184
S01001241,606,496,110
S01001242,899,772,127
S01001243,1165,939,226
S01001244,838,727,111
S01001245,850,686,164
S01001246,980,735,245
S01001247,565,425,140
S01001248,795,694,101
S01001249,676,549,127
S01001250,879,661,218
S01001251,548,413,135
S01001252,567,478,89
S01001253,708,546,162
S01001254,674,510,164
S01001255,871,700,171
S01001256,701,547,154
S01001257,799,610,189
S01001258,624,485,139
S01001259,803,636,167
S01001260,895,749,146
S01001261,895,700,195
S01001262,916,719,197
S01001263,449,328,121
S01001264,1966,1735,231
S01001265,586,547,39
S01001266,753,615,138
S01001267,938,727,211
S01001268,669,567,102
S01001269,537,387,150
S01001270,669,464,205
S01001271,705,483,222
S01001272,688,466,222
S01001273,723,468,255
S01001274,764,562,202
S01001275,669,430,239
S01001276,607,490,117
S01001277,773,544,229
S01001278,382,294,88
S01001279,687,515,172
S01001280,536,372,164
S01001281,724,447,277
S01001282,752,507,245
S01001283,526,409,117
S01001284,1009,810,199
S01001285,656,487,169
S01001286,468,359,109
S01001287,793,611,182
S01001288,920,669,251
S01001289,705,511,194
S01001290,646,486,160
S01001291,401,324,77
S01001292,803,610,193
S01001293,757,538,219
S01001294,628,476,152
S01001295,810,530,280
S01001296,616,445,171
S01001297,835,647,188
S01001298,828,610,218
S01001299,847,603,244
S01001300,1484,1183,301
S01001301,549,415,134
S01001302,788,613,175
S01001303,615,520,95
S01001304,1325,1116,209
S01001305,737,573,164
S01001306,711,529,182
S01001307,1158,894,264
S01001308,932,658,274
S01001309,644,446,198
S01001310,795,525,270
S01001311,639,511,128
S01001312,730,514,216
S01001313,867,638,229
S01001314,738,581,157
S01001315,1036,842,194
S01001316,883,593,290
S01001317,916,726,190
S01001318,542,427,115
S01001319,645,417,228
S01001320,867,656,211
S01001321,578,468,110
S01001322,849,641,208
S01001323,597,481,116
S01001324,1003,751,252
S01001325,738,591,147
S01001326,869,642,227
S01001327,791,601,190
S01001328,878,650,228
S01001329,576,432,144
S01001330,816,685,131
S01001331,840,630,210
S01001332,874,668,206
S01001333,807,553,254
S01001334,833,690,143
S01001335,927,680,247
S01001336,828,631,197
S01001337,760,648,112
S01001338,728,533,195
S01001339,755,614,141
S01001340,745,599,146
S01001341,883,633,250
S01001342,928,663,265
S01001343,938,733,205
S01001344,751,607,144
S01001345,617,406,211
S01001346,709,588,121
S01001347,728,622,106
S01001348,655,485,170
S01001349,1301,995,306
S01001350,660,496,164
S01001351,449,380,69
S01001352,761,583,178
S01001353,1423,1321,102
S01001354,787,602,185
S01001355,756,602,154
S01001356,634,528,106
S01001357,703,484,219
S01001358,915,715,200
S01001359,741,622,119
S01001360,1168,918,250
S01001361,645,540,105
S01001362,547,445,102
S01001363,559,441,118
S01001364,850,602,248
S01001365,607,464,143
S01001366,900,721,179
S01001367,701,549,152
S01001368,1187,1030,157
S01001369,933,702,231
S01001370,830,689,141
S01001371,697,463,234
S01001372,685,561,124
S01001373,693,467,226
S01001374,514,419,95
S01001375,631,527,104
S01001376,772,612,160
S01001377,777,561,216
S01001378,622,504,118
S01001379,1026,798,228
S01001380,781,567,214
S01001381,825,659,166
S01001382,657,421,236
S01001383,565,441,124
S01001384,923,714,209
S01001385,776,583,193
S01001386,862,686,176
S01001387,909,734,175
S01001388,1430,1143,287
S01001389,484,372,112
S01001390,759,632,127
S01001391,722,586,136
S01001392,786,599,187
S01001393,522,417,105
S01001394,430,340,90
S01001395,928,799,129
S01001396,788,597,191
S01001397,781,601,180
S01001398,780,655,125
S01001399,858,646,212
S01001400,913,656,257
S01001401,656,512,144
S01001402,818,708,110
S01001403,1249,1137,112
S01001404,657,620,37
S01001405,1167,1051,116
S01001406,2581,2363,218
S01001407,788,593,195
S01001408,881,682,199
S01001409,898,704,194
S01001410,1038,837,201
S01001411,617,528,89
S01001412,896,697,199
S01001413,890,791,99
S01001414,642,496,146
S01001415,805,640,165
S01001416,720,583,137
S01001417,923,772,151
S01001418,831,685,146
S01001419,779,677,102
S01001420,1185,1069,116
S01001421,1127,914,213
S01001422,727,651,76
S01001423,795,683,112
S01001424,1072,787,285
S01001425,1694,1398,296
S01001426,819,633,186
S01001427,881,781,100
S01001428,864,679,185
S01001429,610,443,167
S01001430,946,732,214
S01001431,940,799,141
S01001432,655,577,78
S01001433,816,666,150
S01001434,869,702,167
S01001435,1037,890,147
S01001436,976,842,134
S01001437,891,746,145
S01001438,613,515,98
S01001439,750,628,122
S01001440,878,742,136
S01001441,790,620,170
S01001442,685,573,112
S01001443,932,766,166
S01001444,915,781,134
S01001445,702,591,111
S01001446,908,729,179
S01001447,1321,1088,233
S01001448,744,605,139
S01001449,599,524,75
S01001450,809,637,172
S01001451,699,574,125
S01001452,820,694,126
S01001453,835,750,85
S01001454,914,774,140
S01001455,771,645,126
S01001456,656,493,163
S01001457,904,769,135
S01001458,917,741,176
S01001459,905,777,128
S01001460,653,568,85
S01001461,856,717,139
S01001462,831,700,131
S01001463,516,392,124
S01001464,881,756,125
S01001465,691,594,97
S01001466,727,634,93
S01001467,812,735,77
S01001468,667,562,105
S01001469,860,733,127
S01001470,937,829,108
S01001471,759,670,89
S01001472,800,640,160
S01001473,778,625,153
S01001474,882,704,178
S01001475,610,513,97
S01001476,993,899,94
S01001477,933,817,116
S01001478,662,563,99
S01001479,635,504,131
S01001480,489,396,93
S01001481,874,748,126
S01001482,701,578,123
S01001483,1049,924,125
S01001484,829,738,91
S01001485,614,521,93
S01001486,755,606,149
S01001487,665,502,163
S01001488,872,723,149
S01001489,801,650,151
S01001490,961,758,203
S01001491,884,784,100
S01001492,913,702,211
S01001493,886,759,127
S01001494,891,691,200
S01001495,618,525,93
S01001496,936,782,154
S01001497,766,608,158
S01001498,678,604,74
S01001499,1091,935,156
S01001500,583,426,157
S01001501,858,745,113
S01001502,840,691,149
S01001503,802,706,96
S01001504,875,662,213
S01001505,1029,835,194
S01001506,602,491,111
S01001507,895,821,74
S01001508,903,800,103
S01001509,814,614,200
S01001510,630,461,169
S01001511,575,477,98
S01001512,852,629,223
S01001513,911,706,205
S01001514,747,618,129
S01001515,697,586,111
S01001516,704,550,154
S01001517,847,528,319
S01001518,1014,781,233
S01001519,962,823,139
S01001520,707,580,127
S01001521,977,797,180
S01001522,1057,778,279
S01001523,790,729,61
S01001524,941,720,221
S01001525,788,636,152
S01001526,627,535,92
S01001527,898,734,164
S01001528,973,860,113
S01001529,707,546,161
S01001530,761,625,136
S01001531,1175,996,179
S01001532,597,503,94
S01001533,962,835,127
S01001534,669,582,87
S01001535,853,719,134
S01001536,808,612,196
S01001537,499,385,114
S01001538,814,696,118
S01001539,892,685,207
S01001540,810,742,68
S01001541,828,662,166
S01001542,670,576,94
S01001543,746,645,101
S01001544,919,743,176
S01001545,715,639,76
S01001546,989,742,247
S01001547,995,748,247
S01001548,1035,917,118
S01001549,996,801,195
S01001550,789,667,122
S01001551,936,780,156
S01001552,864,711,153
S01001553,903,774,129
S01001554,992,827,165
S01001555,758,563,195
S01001556,845,692,153
S01001557,989,826,163
S01001558,829,615,214
S01001559,387,273,114
S01001560,1450,1285,165
S01001561,1347,1146,201
S01001562,2633,2329,304
S01001563,597,491,106
S01001564,557,456,101
S01001565,733,575,158
S01001566,664,558,106
S01001567,907,763,144
S01001568,727,633,94
S01001569,811,723,88
S01001570,512,461,51
S01001571,724,569,155
S01001572,532,448,84
S01001573,658,567,91
S01001574,877,683,194
S01001575,750,631,119
S01001576,597,408,189
S01001577,714,590,124
S01001578,756,582,174
S01001579,849,631,218
S01001580,565,457,108
S01001581,640,538,102
S01001582,711,558,153
S01001583,482,375,107
S01001584,776,595,181
S01001585,920,679,241
S01001586,473,432,41
S01001587,755,522,233
S01001588,796,633,163
S01001589,819,624,195
S01001590,642,549,93
S01001591,641,481,160
S01001592,796,663,133
S01001593,784,620,164
S01001594,798,585,213
S01001595,718,597,121
S01001596,826,663,163
S01001597,851,688,163
S01001598,678,559,119
S01001599,924,741,183
S01001600,1012,776,236
S01001601,1213,1024,189
S01001602,640,527,113
S01001603,1009,772,237
S01001604,644,519,125
S01001605,762,638,124
S01001606,617,484,133
S01001607,2654,2324,330
S01001608,809,667,142
S01001609,901,707,194
S01001610,777,648,129
S01001611,1024,877,147
S01001612,835,712,123
S01001613,776,591,185
S01001614,672,467,205
S01001615,780,626,154
S01001616,754,694,60
S01001617,628,453,175
S01001618,946,793,153
S01001619,693,550,143
S01001620,875,574,301
S01001621,680,531,149
S01001622,838,680,158
S01001623,766,541,225
S01001624,996,780,216
S01001625,797,596,201
S01001626,737,627,110
S01001627,1394,1127,267
S01001628,618,512,106
S01001629,567,424,143
S01001630,556,435,121
S01001631,1415,1192,223
S01001632,583,526,57
S01001633,885,755,130
S01001634,1029,914,115
S01001635,735,600,135
S01001636,515,435,80
S01001637,709,605,104
S01001638,887,696,191
S01001639,710,489,221
S01001640,648,561,87
S01001641,1566,1384,182
S01001642,900,653,247
S01001643,733,590,143
S01001644,1768,1530,238
S01001645,987,780,207
S01001646,612,511,101
S01001647,647,476,171
S01001648,747,585,162
S01001649,754,567,187
S01001650,852,742,110
S01001651,901,690,211
S01001652,774,672,102
S01001653,617,483,134
S01001654,936,815,121
S01001655,578,480,98
S01001656,1352,1079,273
S01001657,502,450,52
S01001658,1002,842,160
S01001659,706,592,114
S01001660,678,564,114
S01001661,818,698,120
S01001662,729,596,133
S01001663,841,703,138
S01001664,557,493,64
S01001665,868,643,225
S01001666,558,459,99
S01001667,819,627,192
S01001668,878,753,125
S01001669,669,527,142
S01001670,639,546,93
S01001671,516,455,61
S01001672,583,447,136
S01001673,662,572,90
S01001674,697,533,164
S01001675,706,605,101
S01001676,1223,1051,172
S01001677,844,744,100
S01001678,832,717,115
S01001679,934,800,134
S01001680,589,493,96
S01001681,674,592,82
S01001682,601,541,60
S01001683,734,609,125
S01001684,516,439,77
S01001685,763,606,157
S01001686,900,770,130
S01001687,980,783,197
S01001688,956,851,105
S01001689,674,576,98
S01001690,906,800,106
S01001691,848,737,111
S01001692,662,524,138
S01001693,915,815,100
S01001694,657,553,104
S01001695,761,656,105
S01001696,739,636,103
S01001697,853,698,155
S01001698,529,453,76
S01001699,700,655,45
S01001700,1023,909,114
S01001701,926,701,225
S01001702,990,722,268
S01001703,822,737,85
S01001704,916,810,106
S01001705,629,564,65
S01001706,789,687,102
S01001707,727,564,163
S01001708,953,738,215
S01001709,602,538,64
S01001710,692,595,97
S01001711,790,706,84
S01001712,458,383,75
S01001713,871,749,122
S01001714,705,612,93
S01001715,883,796,87
S01001716,846,652,194
S01001717,808,728,80
S01001718,550,495,55
S01001719,795,721,74
S01001720,699,628,71
S01001721,731,622,109
S01001722,746,654,92
S01001723,872,784,88
S01001724,813,607,206
S01001725,779,626,153
S01001726,649,586,63
S01001727,1015,841,174
S01001728,649,595,54
S01001729,976,830,146
S01001730,650,550,100
S01001731,674,574,100
S01001732,571,474,97
S01001733,908,712,196
S01001734,530,444,86
S01001735,480,419,61
S01001736,1092,934,158
S01001737,609,548,61
S01001738,610,539,71
S01001739,637,563,74
S01001740,745,620,125
S01001741,651,505,146
S01001742,764,617,147
S01001743,990,762,228
S01001744,546,484,62
S01001745,795,686,109
S01001746,967,784,183
S01001747,857,653,204
S01001748,619,533,86
S01001749,739,539,200
S01001750,633,462,171
S01001751,963,763,200
S01001752,935,848,87
S01001753,799,618,181
S01001754,771,713,58
S01001755,1062,878,184
S01001756,652,458,194
S01001757,757,627,130
S01001758,785,629,156
S01001759,684,524,160
S01001760,797,650,147
S01001761,727,506,221
S01001762,978,733,245
S01001763,832,765,67
S01001764,531,472,59
S01001765,949,708,241
S01001766,651,534,117
S01001767,587,470,117
S01001768,604,506,98
S01001769,626,492,134
S01001770,566,447,119
S01001771,841,683,158
S01001772,522,359,163
S01001773,941,750,191
S01001774,673,597,76
S01001775,836,673,163
S01001776,624,473,151
S01001777,916,805,111
S01001778,877,596,281
S01001779,539,429,110
S01001780,867,655,212
S01001781,690,595,95
S01001782,968,798,170
S01001783,598,448,150
S01001784,589,454,135
S01001785,611,520,91
S01001786,640,521,119
S01001787,566,478,88
S01001788,791,670,121
S01001789,738,596,142
S01001790,692,591,101
S01001791,726,631,95
S01001792,684,570,114
S01001793,903,778,125
S01001794,948,799,149
S01001795,443,378,65
S01001796,835,699,136
S01001797,676,507,169
S01001798,806,688,118
S01001799,1090,840,250
S01001800,942,840,102
S01001801,1008,884,124
S01001802,835,746,89
S01001803,1010,877,133
S01001804,952,760,192
S01001805,699,571,128
S01001806,666,554,112
S01001807,841,695,146
S01001808,528,413,115
S01001809,1036,826,210
S01001810,876,747,129
S01001811,673,594,79
S01001812,898,808,90
S01001813,709,623,86
S01001814,723,643,80
S01001815,842,694,148
S01001816,1120,1011,109
S01001817,699,536,163
S01001818,752,623,129
S01001819,997,854,143
S01001820,778,594,184
S01001821,549,496,53
S01001822,984,813,171
S01001823,928,701,227
S01001824,739,560,179
S01001825,798,705,93
S01001826,675,474,201
S01001827,830,684,146
S01001828,750,705,45
S01001829,710,568,142
S01001830,942,839,103
S01001831,724,561,163
S01001832,715,529,186
S01001833,1153,1024,129
S01001834,587,421,166
S01001835,634,553,81
S01001836,870,731,139
S01001837,900,798,102
S01001838,674,550,124
S01001839,912,695,217
S01001840,701,601,100
S01001841,720,618,102
S01001842,757,663,94
S01001843,724,572,152
S01001844,2465,2267,198
S01001845,780,693,87
S01001846,886,808,78
S01001847,930,715,215
S01001848,748,566,182
S01001849,582,501,81
S01001850,726,626,100
S01001851,892,719,173
S01001852,766,668,98
S01001853,724,609,115
S01001854,1037,828,209
S01001855,802,714,88
S01001856,840,594,246
S01001857,679,517,162
S01001858,903,661,242
S01001859,1066,817,249
S01001860,1128,1027,101
S01001861,802,630,172
S01001862,801,687,114
S01001863,807,691,116
S01001864,1387,1114,273
S01001865,699,552,147
S01001866,675,608,67
S01001867,744,581,163
S01001868,753,532,221
S01001869,823,696,127
S01001870,961,765,196
S01001871,1700,1434,266
S01001872,888,661,227
S01001873,806,635,171
S01001874,1137,981,156
S01001875,907,810,97
S01001876,1020,789,231
S01001877,951,741,210
S01001878,1076,946,130
S01001879,640,483,157
S01001880,741,570,171
S01001881,755,632,123
S01001882,793,693,100
S01001883,532,487,45
S01001884,894,656,238
S01001885,1211,1024,187
S01001886,564,351,213
S01001887,830,679,151
S01001888,881,774,107
S01001889,542,451,91
S01001890,994,813,181
S01001891,713,547,166
S01001892,973,760,213
S01001893,1000,804,196
S01001894,805,636,169
S01001895,859,703,156
S01001896,809,718,91
S01001897,914,733,181
S01001898,616,449,167
S01001899,785,657,128
S01001900,754,579,175
S01001901,934,744,190
S01001902,919,840,79
S01001903,598,478,120
S01001904,598,438,160
S01001905,905,810,95
S01001906,709,513,196
S01001907,811,583,228
S01001908,914,798,116
S01001909,670,519,151
S01001910,744,643,101
S01001911,747,673,74
S01001912,742,634,108
S01001913,1015,860,155
S01001914,573,491,82
S01001915,906,801,105
S01001916,860,732,128
S01001917,759,638,121
S01001918,901,774,127
S01001919,850,684,166
S01001920,760,620,140
S01001921,614,422,192
S01001922,804,723,81
S01001923,577,496,81
S01001924,775,660,115
S01001925,780,664,116
S01001926,678,518,160
S01001927,977,759,218
S01001928,918,635,283
S01001929,994,841,153
S01001930,786,720,66
S01001931,728,537,191
S01001932,1615,1229,386
S01001933,851,746,105
S01001934,1523,1290,233
S01001935,928,629,299
S01001936,1149,943,206
S01001937,867,648,219
S01001938,630,525,105
S01001939,556,494,62
S01001940,824,718,106
S01001941,1038,901,137
S01001942,571,480,91
S01001943,714,563,151
S01001944,781,564,217
S01001945,751,602,149
S01001946,858,672,186
S01001947,952,768,184
S01001948,862,672,190
S01001949,700,533,167
S01001950,893,759,134
S01001951,905,594,311
S01001952,767,698,69
S01001953,861,752,109
S01001954,440,358,82
S01001955,1137,919,218
S01001956,763,570,193
S01001957,500,375,125
S01001958,852,645,207
S01001959,562,439,123
S01001960,919,827,92
S01001961,1112,1018,94
S01001962,905,739,166
S01001963,914,798,116
S01001964,737,674,63
S01001965,762,557,205
S01001966,1556,1260,296
S01001967,650,586,64
S01001968,854,673,181
S01001969,620,475,145
S01001970,630,534,96
S01001971,779,567,212
S01001972,711,642,69
S01001973,679,577,102
S01001974,850,749,101
S01001975,848,687,161
S01001976,837,731,106
S01001977,840,589,251
S01001978,1395,1067,328
S01001979,710,599,111
S01001980,833,776,57
S01001981,933,854,79
S01001982,396,301,95
S01001983,702,653,49
S01001984,944,806,138
S01001985,764,671,93
S01001986,635,593,42
S01001987,829,789,40
S01001988,801,684,117
S01001989,880,718,162
S01001990,954,868,86
S01001991,834,735,99
S01001992,847,737,110
S01001993,727,654,73
S01001994,897,829,68
S01001995,653,594,59
S01001996,825,770,55
S01001997,793,623,170
S01001998,743,676,67
S01001999,739,692,47
S01002000,768,600,168
S01002001,786,688,98
S01002002,733,688,45
S01002003,850,711,139
S01002004,812,741,71
S01002005,773,544,229
S01002006,888,777,111
S01002007,956,862,94
S01002008,932,869,63
S01002009,864,788,76
S01002010,520,479,41
S01002011,1057,946,111
S01002012,825,764,61
S01002013,798,707,91
S01002014,869,789,80
S01002015,822,692,130
S01002016,589,544,45
S01002017,1143,719,424
S01002018,802,668,134
S01002019,815,764,51
S01002020,557,523,34
S01002021,1002,745,257
S01002022,984,828,156
S01002023,776,716,60
S01002024,712,643,69
S01002025,901,752,149
S01002026,663,541,122
S01002027,1198,1116,82
S01002028,2533,2410,123
S01002029,770,733,37
S01002030,731,643,88
S01002031,688,582,106
S01002032,771,678,93
S01002033,772,654,118
S01002034,779,686,93
S01002035,730,647,83
S01002036,891,802,89
S01002037,677,621,56
S01002038,517,487,30
S01002039,694,570,124
S01002040,610,546,64
S01002041,888,801,87
S01002042,958,689,269
S01002043,719,589,130
S01002044,635,504,131
S01002045,1058,801,257
S01002046,567,465,102
S01002047,854,662,192
S01002048,879,825,54
S01002049,1121,988,133
S01002050,738,589,149
S01002051,763,525,238
S01002052,875,765,110
S01002053,994,927,67
S01002054,650,573,77
S01002055,918,800,118
S01002056,907,691,216
S01002057,908,776,132
S01002058,1040,903,137
S01002059,684,579,105
S01002060,751,685,66
S01002061,705,619,86
S01002062,568,416,152
S01002063,1186,1069,117
S01002064,1130,1024,106
S01002065,984,900,84
S01002066,1064,954,110
S01002067,885,718,167
S01002068,937,821,116
S01002069,626,500,126
S01002070,658,550,108
S01002071,686,603,83
S01002072,1135,957,178
S01002073,644,541,103
S01002074,670,538,132
S01002075,917,784,133
S01002076,846,721,125
S01002077,783,652,131
S01002078,1068,922,146
S01002079,1036,877,159
S01002080,996,854,142
S01002081,758,653,105
S01002082,848,730,118
S01002083,545,378,167
S01002084,796,706,90
S01002085,745,686,59
S01002086,631,550,81
S01002087,1053,859,194
S01002088,968,791,177
S01002089,1014,888,126
S01002090,1058,818,240
S01002091,825,731,94
S01002092,1027,771,256
S01002093,990,847,143
S01002094,717,573,144
S01002095,581,466,115
S01002096,1441,1290,151
S01002097,782,648,134
S01002098,724,564,160
S01002099,853,788,65
S01002100,564,473,91
S01002101,1119,897,222
S01002102,628,502,126
S01002103,616,517,99
S01002104,1429,1188,241
S01002105,978,870,108
S01002106,955,876,79
S01002107,507,432,75
S01002108,1200,1080,120
S01002109,936,865,71
S01002110,692,633,59
S01002111,1045,872,173
S01002112,1098,937,161
S01002113,742,615,127
S01002114,697,627,70
S01002115,1079,990,89
S01002116,890,752,138
S01002117,732,615,117
S01002118,1164,958,206
S01002119,594,472,122
S01002120,715,618,97
S01002121,651,528,123
S01002122,965,761,204
S01002123,997,856,141
S01002124,957,808,149
S01002125,1102,870,232
S01002126,601,505,96
S01002127,728,608,120
S01002128,771,734,37
S01002129,1025,811,214
S01002130,553,474,79
S01002131,821,736,85
S01002132,802,661,141
S01002133,998,876,122
S01002134,590,508,82
S01002135,868,761,107
S01002136,780,671,109
S01002137,859,702,157
S01002138,722,543,179
S01002139,675,598,77
S01002140,803,639,164
S01002141,730,638,92
S01002142,1088,895,193
S01002143,731,550,181
S01002144,706,592,114
S01002145,1002,894,108
S01002146,1000,884,116
S01002147,903,681,222
S01002148,888,793,95
S01002149,1018,797,221
S01002150,703,631,72
S01002151,1544,1321,223
S01002152,843,735,108
S01002153,501,412,89
S01002154,822,622,200
S01002155,946,740,206
S01002156,727,679,48
S01002157,765,681,84
S01002158,800,722,78
S01002159,714,610,104
S01002160,891,673,218
S01002161,779,722,57
S01002162,1010,816,194
S01002163,1050,905,145
S01002164,804,643,161
S01002165,878,759,119
S01002166,818,749,69
S01002167,622,461,161
S01002168,1022,844,178
S01002169,850,745,105
S01002170,880,614,266
S01002171,603,462,141
S01002172,704,560,144
S01002173,971,784,187
S01002174,882,760,122
S01002175,990,870,120
S01002176,765,604,161
S01002177,798,723,75
S01002178,877,781,96
S01002179,667,554,113
S01002180,585,553,32
S01002181,793,675,118
S01002182,772,703,69
S01002183,860,711,149
S01002184,763,639,124
S01002185,941,743,198
S01002186,733,672,61
S01002187,910,843,67
S01002188,770,635,135
S01002189,663,562,101
S01002190,844,765,79
S01002191,787,542,245
S01002192,876,666,210
S01002193,910,787,123
S01002194,816,634,182
S01002195,1113,922,191
S01002196,637,555,82
S01002197,685,527,158
S01002198,792,666,126
S01002199,821,746,75
S01002200,1096,978,118
S01002201,1060,951,109
S01002202,853,796,57
S01002203,471,435,36
S01002204,708,518,190
S01002205,733,649,84
S01002206,1019,912,107
S01002207,812,692,120
S01002208,680,638,42
S01002209,936,825,111
S01002210,552,495,57
S01002211,638,412,226
S01002212,1126,871,255
S01002213,824,691,133
S01002214,764,684,80
S01002215,1135,881,254
S01002216,1700,1512,188
S01002217,1275,1015,260
S01002218,562,512,50
S01002219,689,579,110
S01002220,782,671,111
S01002221,958,827,131
S01002222,870,766,104
S01002223,717,593,124
S01002224,912,781,131
S01002225,991,910,81
S01002226,1074,961,113
S01002227,823,594,229
S01002228,983,806,177
S01002229,720,581,139
S01002230,1027,915,112
S01002231,1166,1048,118
S01002232,846,653,193
S01002233,952,795,157
S01002234,787,645,142
S01002235,1009,883,126
S01002236,948,748,200
S01002237,1346,1124,222
S01002238,564,397,167
S01002239,949,672,277
S01002240,970,784,186
S01002241,1019,807,212
S01002242,797,687,110
S01002243,842,740,102
S01002244,926,809,117
S01002245,2145,1966,179
S01002246,947,800,147
S01002247,843,624,219
S01002248,1130,929,201
S01002249,968,708,260
S01002250,925,824,101
S01002251,888,784,104
S01002252,755,611,144
S01002253,962,733,229
S01002254,908,767,141
S01002255,1690,1447,243
S01002256,1134,1008,126
S01002257,714,606,108
S01002258,888,707,181
S01002259,542,442,100
S01002260,870,764,106
S01002261,1057,876,181
S01002262,807,671,136
S01002263,833,695,138
S01002264,852,739,113
S01002265,1661,1374,287
S01002266,749,619,130
S01002267,1073,873,200
S01002268,750,627,123
S01002269,989,811,178
S01002270,1718,1501,217
S01002271,813,661,152
S01002272,775,697,78
S01002273,782,655,127
S01002274,1287,1069,218
S01002275,1478,1222,256
S01002276,884,783,101
S01002277,929,750,179
S01002278,1116,882,234
S01002279,1505,1176,329
S01002280,792,675,117
S01002281,647,481,166
S01002282,266,198,68
S01002283,715,612,103
S01002284,2078,1836,242
S01002285,998,803,195
S01002286,756,618,138
S01002287,692,572,120
S01002288,1345,1147,198
S01002289,1223,956,267
S01002290,1000,855,145
S01002291,762,549,213
S01002292,1119,902,217
S01002293,797,683,114
S01002294,675,550,125
S01002295,727,621,106
S01002297,868,659,209
S01002298,712,653,59
S01002299,781,647,134
S01002300,774,647,127
S01002301,2097,1827,270
S01002302,982,793,189
S01002303,785,577,208
S01002304,1693,1524,169
S01002305,863,640,223
S01002306,477,411,66
S01002307,1086,968,118
S01002308,961,828,133
S01002309,749,581,168
S01002310,1014,694,320
S01002311,881,780,101
S01002312,690,517,173
S01002313,734,645,89
S01002314,884,750,134
S01002315,569,481,88
S01002316,732,627,105
S01002317,3728,3268,460
S01002318,901,739,162
S01002319,1094,749,345
S01002320,619,531,88
S01002321,1128,902,226
S01002322,664,544,120
S01002323,785,647,138
S01002324,755,557,198
S01002325,1784,1471,313
S01002326,1025,835,190
S01002327,827,705,122
S01002328,730,626,104
S01002329,680,590,90
S01002330,766,630,136
S01002331,701,570,131
S01002332,870,801,69
S01002333,752,670,82
S01002334,961,843,118
S01002335,916,740,176
S01002336,1021,915,106
S01002337,893,793,100
S01002338,476,351,125
S01002339,621,519,102
S01002340,643,539,104
S01002341,530,416,114
S01002342,622,501,121
S01002343,745,621,124
S01002344,519,412,107
S01002345,811,677,134
S01002346,888,721,167
S01002347,731,582,149
S01002348,936,724,212
S01002349,980,749,231
S01002350,918,721,197
S01002351,773,596,177
S01002352,892,685,207
S01002353,837,686,151
S01002354,872,696,176
S01002355,849,667,182
S01002356,872,655,217
S01002357,625,487,138
S01002358,496,384,112
S01002359,869,610,259
S01002360,653,510,143
S01002361,654,502,152
S01002362,805,669,136
S01002363,1090,914,176
S01002364,661,553,108
S01002365,616,495,121
S01002366,893,759,134
S01002367,1074,893,181
S01002368,930,751,179
S01002369,621,458,163
S01002370,733,585,148
S01002371,709,557,152
S01002372,761,589,172
S01002373,660,510,150
S01002374,795,608,187
S01002375,892,677,215
S01002376,892,709,183
S01002377,871,658,213
S01002378,512,412,100
S01002379,1164,963,201
S01002380,810,665,145
S01002381,895,732,163
S01002382,633,444,189
S01002383,525,465,60
S01002384,520,444,76
S01002385,776,591,185
S01002386,1002,842,160
S01002387,726,611,115
S01002388,737,662,75
S01002389,693,600,93
S01002390,1156,972,184
S01002391,1456,1274,182
S01002392,1884,1691,193
S01002393,1027,887,140
S01002394,797,632,165
S01002395,730,631,99
S01002396,693,554,139
S01002397,1752,1555,197
S01002398,760,633,127
S01002399,984,754,230
S01002400,807,695,112
S01002401,1141,1062,79
S01002402,817,648,169
S01002403,743,597,146
S01002404,1010,824,186
S01002405,702,618,84
S01002406,894,655,239
S01002407,683,535,148
S01002408,829,598,231
S01002409,656,487,169
S01002410,498,426,72
S01002411,2706,2369,337
S01002412,918,779,139
S01002413,628,539,89
S01002414,623,463,160
S01002415,721,572,149
S01002416,572,475,97
S01002417,631,490,141
S01002418,886,680,206
S01002419,554,486,68
S01002420,651,463,188
S01002421,814,694,120
S01002422,548,453,95
S01002423,890,630,260
S01002424,838,679,159
S01002425,916,719,197
S01002426,667,468,199
S01002427,821,658,163
S01002428,536,399,137
S01002429,747,322,425
S01002430,669,538,131
S01002431,859,658,201
S01002432,1456,1245,211
S01002433,558,444,114
S01002434,926,714,212
S01002435,664,550,114
S01002436,761,464,297
S01002437,799,635,164
S01002438,677,547,130
S01002439,742,589,153
S01002440,867,691,176
S01002441,634,528,106
S01002442,472,383,89
S01002443,630,469,161
S01002444,511,363,148
S01002445,911,725,186
S01002446,972,744,228
S01002447,694,555,139
S01002448,548,419,129
S01002449,645,556,89
S01002450,709,509,200
S01002451,1003,811,192
S01002452,538,426,112
S01002453,688,557,131
S01002454,725,606,119
S01002455,553,457,96
S01002456,1022,736,286
S01002457,750,575,175
S01002458,931,678,253
S01002459,501,376,125
S01002460,839,598,241
S01002461,478,449,29
S01002462,700,542,158
S01002463,895,680,215
S01002464,574,447,127
S01002465,712,623,89
S01002466,1010,819,191
S01002467,488,347,141
S01002468,674,466,208
S01002469,638,503,135
S01002470,833,643,190
S01002471,556,421,135
S01002472,581,445,136
S01002473,921,728,193
S01002474,406,334,72
S01002475,550,416,134
S01002476,861,747,114
S01002477,813,619,194
S01002478,895,716,179
S01002479,720,558,162
S01002480,536,396,140
S01002481,934,702,232
S01002482,1021,815,206
S01002483,672,511,161
S01002484,810,621,189
S01002485,830,680,150
S01002486,604,458,146
S01002487,481,366,115
S01002488,647,451,196
S01002489,600,413,187
S01002490,568,419,149
S01002491,476,325,151
S01002492,942,793,149
S01002493,920,738,182
S01002494,627,537,90
S01002495,627,478,149
S01002496,1243,1051,192
S01002497,824,574,250
S01002498,631,556,75
S01002499,909,647,262
S01002500,567,420,147
S01002501,478,363,115
S01002502,822,602,220
S01002503,684,542,142
S01002504,1387,1115,272
S01002505,738,551,187
S01002506,810,667,143
S01002507,589,417,172
S01002508,869,690,179
S01002509,1149,959,190
S01002510,958,767,191
S01002511,483,358,125
S01002512,633,502,131
S01002513,1685,1451,234
S01002514,532,401,131
S01002515,602,441,161
S01002516,787,601,186
S01002517,583,477,106
S01002518,1069,933,136
S01002519,806,547,259
S01002520,592,446,146
S01002521,583,465,118
S01002522,733,624,109
S01002523,682,571,111
S01002524,566,458,108
S01002525,686,539,147
S01002526,527,436,91
S01002527,822,722,100
S01002528,807,660,147
S01002529,1147,920,227
S01002530,647,494,153
S01002531,811,608,203
S01002532,693,539,154
S01002533,819,660,159
S01002534,935,716,219
S01002535,901,762,139
S01002536,626,491,135
S01002537,554,401,153
S01002538,927,731,196
S01002539,781,544,237
S01002540,555,434,121
S01002541,1917,1629,288
S01002542,684,594,90
S01002543,532,396,136
S01002544,857,693,164
S01002545,786,587,199
S01002546,796,652,144
S01002547,786,680,106
S01002548,1047,802,245
S01002549,570,462,108
S01002550,464,401,63
S01002551,551,422,129
S01002552,583,460,123
S01002553,755,574,181
S01002554,632,571,61
S01002555,740,596,144
S01002556,752,578,174
S01002557,775,599,176
S01002558,530,398,132
S01002559,612,525,87
S01002560,619,514,105
S01002561,775,634,141
S01002562,607,468,139
S01002563,1024,851,173
S01002564,560,469,91
S01002565,848,722,126
S01002566,670,581,89
S01002567,2509,2306,203
S01002568,792,615,177
S01002569,1421,1178,243
S01002570,663,544,119
S01002571,713,508,205
S01002572,564,469,95
S01002573,512,422,90
S01002574,816,654,162
S01002575,1284,1139,145
S01002576,703,599,104
S01002577,989,823,166
S01002578,736,626,110
S01002579,943,758,185
S01002580,767,629,138
S01002581,777,716,61
S01002582,691,509,182
S01002583,994,843,151
S01002584,1566,1378,188
S01002585,824,642,182
S01002586,509,403,106
S01002587,688,581,107
S01002588,705,592,113
S01002589,754,609,145
S01002590,677,555,122
S01002591,577,416,161
S01002592,853,623,230
S01002593,797,620,177
S01002594,695,650,45
S01002595,656,518,138
S01002596,681,559,122
S01002597,521,440,81
S01002598,975,797,178
S01002599,526,420,106
S01002600,1038,943,95
S01002601,628,514,114
S01002602,519,425,94
S01002603,708,531,177
S01002604,944,779,165
S01002605,598,467,131
S01002606,581,487,94
S01002607,833,673,160
S01002608,539,450,89
S01002609,760,571,189
S01002610,838,636,202
S01002611,860,722,138
S01002612,829,663,166
S01002613,848,692,156
S01002614,912,780,132
S01002615,444,385,59
S01002616,592,507,85
S01002617,931,666,265
S01002618,856,681,175
S01002619,768,627,141
S01002620,865,669,196
S01002621,593,489,104
S01002622,8698,8126,572
S01002623,1613,1469,144
S01002624,691,598,93
S01002625,866,744,122
S01002626,753,575,178
S01002627,979,831,148
S01002628,822,716,106
S01002629,835,692,143
S01002630,687,520,167
S01002631,737,610,127
S01002632,574,484,90
S01002633,942,801,141
S01002634,793,650,143
S01002635,572,465,107
S01002636,609,505,104
S01002637,742,596,146
S01002638,743,568,175
S01002639,932,756,176
S01002640,697,585,112
S01002641,906,798,108
S01002642,646,464,182
S01002643,542,390,152
S01002644,667,530,137
S01002645,630,465,165
S01002646,650,547,103
S01002647,898,638,260
S01002648,1143,971,172
S01002649,596,452,144
S01002650,646,530,116
S01002651,583,452,131
S01002652,650,545,105
S01002653,738,588,150
S01002654,748,543,205
S01002655,853,670,183
S01002656,725,502,223
S01002657,812,648,164
S01002658,1247,1052,195
S01002659,871,702,169
S01002660,772,585,187
S01002661,840,646,194
S01002662,1430,1221,209
S01002663,756,667,89
S01002664,847,727,120
S01002665,792,601,191
S01002666,1304,1046,258
S01002667,636,487,149
S01002668,471,357,114
S01002669,986,818,168
S01002670,619,556,63
S01002671,1018,831,187
S01002672,658,497,161
S01002673,510,416,94
S01002674,791,630,161
S01002675,903,713,190
S01002676,787,603,184
S01002677,967,724,243
S01002678,922,753,169
S01002679,971,683,288
S01002680,1094,901,193
S01002681,713,515,198
S01002682,546,418,128
S01002683,578,481,97
S01002684,736,554,182
S01002685,845,652,193
S01002686,1683,1473,210
S01002687,1229,1045,184
S01002688,611,521,90
S01002689,826,731,95
S01002690,579,463,116
S01002691,1494,1216,278
S01002692,828,700,128
S01002693,506,440,66
S01002694,704,567,137
S01002695,627,474,153
S01002696,702,555,147
S01002697,889,731,158
S01002698,780,554,226
S01002699,511,379,132
S01002700,892,696,196
S01002701,885,748,137
S01002702,595,424,171
S01002703,1287,1050,237
S01002704,634,477,157
S01002705,665,485,180
S01002706,900,752,148
S01002707,877,703,174
S01002708,1002,800,202
S01002709,902,714,188
S01002710,801,635,166
S01002711,875,664,211
S01002712,665,493,172
S01002713,659,396,263
S01002714,939,759,180
S01002715,848,634,214
S01002716,527,445,82
S01002717,822,631,191
S01002718,853,644,209
S01002719,740,583,157
S01002720,707,559,148
S01002721,816,576,240
S01002722,846,611,235
S01002723,698,475,223
S01002724,776,577,199
S01002725,868,677,191
S01002726,744,581,163
S01002727,947,818,129
S01002728,934,699,235
S01002729,871,774,97
S01002730,832,695,137
S01002731,786,582,204
S01002732,642,499,143
S01002733,650,507,143
S01002734,1080,789,291
S01002735,1170,892,278
S01002736,682,529,153
S01002737,724,640,84
S01002738,705,591,114
S01002739,773,609,164
S01002740,528,439,89
S01002741,922,733,189
S01002742,789,577,212
S01002743,675,504,171
S01002744,576,469,107
S01002745,601,444,157
S01002746,796,627,169
S01002747,532,409,123
S01002748,639,499,140
S01002749,695,544,151
S01002750,935,699,236
S01002751,1015,810,205
S01002752,528,397,131
S01002753,643,526,117
S01002754,578,439,139
S01002755,817,636,181
S01002756,785,532,253
S01002757,569,412,157
S01002758,677,493,184
S01002759,1042,840,202
S01002760,486,358,128
S01002761,783,575,208
S01002762,588,421,167
S01002763,823,642,181
S01002764,584,433,151
S01002765,856,644,212
S01002766,815,617,198
S01002767,975,792,183
S01002768,785,606,179
S01002769,729,596,133
S01002770,539,412,127
S01002771,735,546,189
S01002772,989,741,248
S01002773,866,636,230
S01002774,778,575,203
S01002775,756,570,186
S01002776,1020,862,158
S01002777,1023,683,340
S01002778,753,497,256
S01002779,630,496,134
S01002780,876,689,187
S01002781,883,601,282
S01002782,779,506,273
S01002783,1527,1239,288
S01002784,559,444,115
S01002785,722,574,148
S01002786,846,684,162
S01002787,673,515,158
S01002788,837,701,136
S01002789,700,576,124
S01002790,776,537,239
S01002791,632,486,146
S01002792,1975,1636,339
S01002793,705,505,200
S01002794,929,688,241
S01002795,597,480,117
S01002796,591,412,179
S01002797,771,666,105
S01002798,574,437,137
S01002799,608,421,187
S01002800,706,620,86
S01002801,923,681,242
S01002802,575,482,93
S01002803,810,600,210
S01002804,551,413,138
S01002805,872,628,244
S01002806,2516,2216,300
S01002807,672,452,220
S01002808,836,658,178
S01002809,672,475,197
S01002810,918,677,241
S01002811,965,675,290
S01002812,616,457,159
S01002813,737,546,191
S01002814,876,666,210
S01002815,704,465,239
S01002816,666,450,216
S01002817,543,383,160
S01002818,616,499,117
S01002819,774,583,191
S01002820,826,624,202
S01002821,1165,948,217
S01002822,817,598,219
S01002823,729,530,199
S01002824,804,632,172
S01002825,777,557,220
S01002826,495,373,122
S01002827,660,498,162
S01002828,856,687,169
S01002829,797,556,241
S01002830,623,421,202
S01002831,1114,915,199
S01002832,771,616,155
S01002833,1022,828,194
S01002834,792,563,229
S01002835,682,518,164
S01002836,523,403,120
S01002837,572,379,193
S01002838,531,351,180
S01002839,633,409,224
S01002840,681,456,225
S01002841,1161,1022,139
S01002842,558,392,166
S01002843,802,547,255
S01002844,562,412,150
S01002845,841,623,218
S01002846,1059,840,219
S01002847,890,702,188
S01002848,812,666,146
S01002849,969,795,174
S01002850,842,643,199
S01002851,448,326,122
S01002852,1006,802,204
S01002853,456,321,135
S01002854,825,616,209
S01002855,601,436,165
S01002856,717,547,170
S01002857,537,422,115
S01002858,678,570,108
S01002859,811,604,207
S01002860,1070,902,168
S01002861,882,709,173
S01002862,588,467,121
S01002863,737,581,156
S01002864,643,493,150
S01002865,954,760,194
S01002866,1030,769,261
S01002867,515,422,93
S01002868,743,545,198
S01002869,563,429,134
S01002870,897,691,206
S01002871,626,489,137
S01002872,663,402,261
S01002873,736,566,170
S01002874,767,612,155
S01002875,536,411,125
S01002876,686,528,158
S01002877,748,571,177
S01002878,533,442,91
S01002879,812,624,188
S01002880,510,394,116
S01002881,912,716,196
S01002882,770,530,240
S01002883,1062,734,328
S01002884,793,598,195
S01002885,1271,1086,185
S01002886,815,614,201
S01002887,596,462,134
S01002888,468,364,104
S01002889,857,664,193
S01002890,673,526,147
S01002891,743,598,145
S01002892,649,495,154
S01002893,1127,917,210
S01002894,815,620,195
S01002895,595,410,185
S01002896,681,522,159
S01002897,586,381,205
S01002898,982,750,232
S01002899,528,459,69
S01002900,675,533,142
S01002901,788,564,224
S01002902,732,548,184
S01002903,852,649,203
S01002904,707,583,124
S01002905,735,588,147
S01002906,807,660,147
S01002907,606,486,120
S01002908,773,592,181
S01002909,763,602,161
S01002910,1037,806,231
S01002911,846,643,203
S01002912,1349,1138,211
S01002913,740,596,144
S01002914,634,438,196
S01002915,892,682,210
S01002916,728,486,242
S01002917,584,478,106
S01002918,723,542,181
S01002919,875,701,174
S01002920,569,421,148
S01002921,647,506,141
S01002922,480,364,116
S01002923,625,508,117
S01002924,649,512,137
S01002925,1445,1159,286
S01002926,765,632,133
S01002927,765,545,220
S01002928,530,440,90
S01002929,738,582,156
S01002930,560,444,116
S01002931,912,705,207
S01002932,680,589,91
S01002933,796,618,178
S01002934,837,634,203
S01002935,920,744,176
S01002936,770,677,93
S01002937,477,393,84
S01002938,789,580,209
S01002939,535,453,82
S01002940,609,448,161
S01002941,918,695,223
S01002942,430,370,60
S01002943,677,587,90
S01002944,1160,924,236
S01002945,562,442,120
S01002946,1089,885,204
S01002947,626,532,94
S01002948,777,626,151
S01002949,534,433,101
S01002950,771,641,130
S01002951,922,721,201
S01002952,578,469,109
S01002953,890,689,201
S01002954,833,682,151
S01002955,1125,927,198
S01002956,758,577,181
S01002957,882,725,157
S01002958,572,481,91
S01002959,953,777,176
S01002960,623,520,103
S01002961,810,633,177
S01002962,644,496,148
S01002963,807,636,171
S01002964,638,514,124
S01002965,895,772,123
S01002966,681,455,226
S01002967,875,731,144
S01002968,1438,1209,229
S01002969,1002,763,239
S01002970,624,537,87
S01002971,1243,1020,223
S01002972,1123,904,219
S01002973,865,653,212
S01002974,1085,966,119
S01002975,605,474,131
S01002976,904,701,203
S01002977,708,564,144
S01002978,1062,816,246
S01002979,723,601,122
S01002980,745,596,149
S01002981,727,622,105
S01002982,620,507,113
S01002983,797,631,166
S01002984,726,594,132
S01002985,585,464,121
S01002986,731,606,125
S01002987,1009,860,149
S01002988,702,554,148
S01002989,980,791,189
S01002990,680,603,77
S01002991,1232,1078,154
S01002992,799,683,116
S01002993,703,598,105
S01002994,1134,1018,116
S01002995,580,537,43
S01002996,2672,2449,223
S01002997,772,684,88
S01002998,817,667,150
S01002999,1042,959,83
S01003000,672,558,114
S01003001,591,473,118
S01003002,899,697,202
S01003003,592,483,109
S01003004,420,356,64
S01003005,557,475,82
S01003006,1078,918,160
S01003007,782,666,116
S01003008,946,881,65
S01003009,541,435,106
S01003010,698,584,114
S01003011,764,699,65
S01003012,946,793,153
S01003013,634,557,77
S01003014,665,565,100
S01003015,740,642,98
S01003016,459,390,69
S01003017,715,545,170
S01003018,852,665,187
S01003019,823,660,163
S01003020,679,537,142
S01003021,673,557,116
S01003022,954,779,175
S01003023,703,579,124
S01003024,656,516,140
S01003025,857,713,144
S01003026,848,641,207
S01003027,1030,850,180
S01003028,800,487,313
S01003029,1093,793,300
S01003030,1340,1023,317
S01003032,584,305,279
S01003033,490,350,140
S01003034,910,762,148
S01003035,1019,748,271
S01003036,926,524,402
S01003037,2167,1963,204
S01003038,888,774,114
S01003039,893,671,222
S01003040,880,576,304
S01003041,711,607,104
S01003042,615,478,137
S01003043,579,434,145
S01003044,1339,879,460
S01003045,926,709,217
S01003046,756,604,152
S01003047,946,670,276
S01003048,497,298,199
S01003049,552,356,196
S01003050,718,583,135
S01003051,1121,850,271
S01003052,695,438,257
S01003053,1019,794,225
S01003054,808,646,162
S01003055,841,594,247
S01003056,934,773,161
S01003057,673,558,115
S01003058,1243,984,259
S01003059,902,725,177
S01003060,1030,829,201
S01003061,776,633,143
S01003062,827,674,153
S01003063,800,687,113
S01003064,837,553,284
S01003065,991,812,179
S01003066,802,680,122
S01003067,608,486,122
S01003068,801,670,131
S01003069,567,431,136
S01003070,799,596,203
S01003071,657,565,92
S01003072,1022,724,298
S01003073,725,617,108
S01003074,727,647,80
S01003075,744,600,144
S01003076,901,694,207
S01003077,963,713,250
S01003078,674,513,161
S01003079,925,782,143
S01003080,826,699,127
S01003081,1033,906,127
S01003082,1164,943,221
S01003083,1223,937,286
S01003084,822,518,304
S01003085,975,807,168
S01003086,636,542,94
S01003087,653,556,97
S01003088,1195,850,345
S01003089,733,637,96
S01003090,750,572,178
S01003091,575,491,84
S01003092,815,615,200
S01003093,968,690,278
S01003094,1010,765,245
S01003095,769,696,73
S01003096,702,579,123
S01003097,277,191,86
S01003098,1174,974,200
S01003099,548,380,168
S01003100,821,647,174
S01003101,524,375,149
S01003102,733,599,134
S01003103,730,607,123
S01003104,938,604,334
S01003105,798,665,133
S01003106,733,612,121
S01003107,756,537,219
S01003108,748,576,172
S01003109,915,796,119
S01003110,760,673,87
S01003111,802,520,282
S01003112,959,824,135
S01003113,712,613,99
S01003114,843,705,138
S01003115,1065,916,149
S01003116,874,701,173
S01003117,776,617,159
S01003118,531,378,153
S01003119,616,524,92
S01003120,1498,1320,178
S01003121,867,578,289
S01003122,724,500,224
S01003123,885,683,202
S01003124,829,732,97
S01003125,850,738,112
S01003126,157,83,74
S01003127,779,646,133
S01003128,730,507,223
S01003129,1130,945,185
S01003130,781,645,136
S01003131,864,772,92
S01003132,768,582,186
S01003133,1355,1121,234
S01003134,748,541,207
S01003135,742,533,209
S01003136,964,860,104
S01003137,773,655,118
S01003138,1028,674,354
S01003139,1016,890,126
S01003140,963,718,245
S01003141,751,687,64
S01003142,945,664,281
S01003143,854,694,160
S01003144,896,638,258
S01003145,624,382,242
S01003146,658,577,81
S01003147,833,548,285
S01003148,686,506,180
S01003149,855,716,139
S01003150,725,500,225
S01003151,806,569,237
S01003152,914,617,297
S01003153,709,605,104
S01003154,957,785,172
S01003155,1358,1230,128
S01003156,834,690,144
S01003157,1099,893,206
S01003158,618,460,158
S01003159,188,127,61
S01003160,664,478,186
S01003161,629,462,167
S01003162,614,409,205
S01003163,709,608,101
S01003164,823,707,116
S01003165,940,706,234
S01003166,627,548,79
S01003167,962,731,231
S01003168,831,722,109
S01003169,2517,2093,424
S01003170,985,818,167
S01003171,719,636,83
S01003172,749,676,73
S01003173,532,473,59
S01003174,814,638,176
S01003175,823,570,253
S01003176,849,735,114
S01003177,1014,814,200
S01003178,896,726,170
S01003179,719,603,116
S01003180,665,568,97
S01003181,894,671,223
S01003182,801,592,209
S01003183,667,593,74
S01003184,848,588,260
S01003185,626,441,185
S01003186,861,728,133
S01003187,1027,911,116
S01003188,976,801,175
S01003189,837,709,128
S01003190,724,506,218
S01003191,553,413,140
S01003192,779,619,160
S01003193,1691,1497,194
S01003194,725,463,262
S01003195,777,569,208
S01003196,984,854,130
S01003197,799,650,149
S01003198,968,685,283
S01003199,951,765,186
S01003200,734,558,176
S01003201,247,162,85
S01003202,1040,727,313
S01003203,876,660,216
S01003204,945,730,215
S01003205,747,498,249
S01003206,796,556,240
S01003207,815,691,124
S01003208,1249,908,341
S01003209,572,431,141
S01003210,962,762,200
S01003211,899,727,172
S01003212,692,571,121
S01003213,552,413,139
S01003214,716,495,221
S01003215,904,698,206
S01003216,690,494,196
S01003217,707,454,253
S01003218,685,537,148
S01003219,746,547,199
S01003220,813,656,157
S01003221,918,747,171
S01003222,824,714,110
S01003223,873,593,280
S01003224,651,536,115
S01003225,668,407,261
S01003226,753,511,242
S01003227,1617,1442,175
S01003228,1260,954,306
S01003229,910,789,121
S01003230,907,656,251
S01003231,878,569,309
S01003232,923,730,193
S01003233,923,732,191
S01003234,896,708,188
S01003235,796,566,230
S01003236,705,577,128
S01003237,915,601,314
S01003238,710,567,143
S01003239,1008,793,215
S01003240,705,594,111
S01003241,780,575,205
S01003242,1048,811,237
S01003243,865,637,228
S01003244,983,630,353
S01003245,1195,765,430
S01003246,941,531,410
S01003247,781,599,182
S01003248,1137,808,329
S01003249,733,565,168
S01003250,608,431,177
S01003251,828,513,315
S01003252,573,442,131
S01003253,993,645,348
S01003254,550,349,201
S01003255,901,603,298
S01003256,1436,1158,278
S01003257,797,662,135
S01003258,760,613,147
S01003259,1156,939,217
S01003260,701,549,152
S01003261,926,719,207
S01003262,700,548,152
S01003263,1028,761,267
S01003264,635,444,191
S01003265,664,462,202
S01003266,739,463,276
S01003267,967,625,342
S01003268,1719,1401,318
S01003269,908,644,264
S01003270,770,575,195
S01003271,1836,1544,292
S01003272,1610,1194,416
S01003273,703,438,265
S01003274,583,340,243
S01003275,1024,661,363
S01003276,727,589,138
S01003277,614,424,190
S01003278,840,643,197
S01003279,404,297,107
S01003280,913,679,234
S01003281,502,361,141
S01003282,755,630,125
S01003283,687,523,164
S01003284,935,611,324
S01003285,416,349,67
S01003286,984,667,317
S01003287,613,482,131
S01003288,699,562,137
S01003289,407,317,90
S01003290,848,622,226
S01003291,767,483,284
S01003292,735,588,147
S01003293,807,520,287
S01003294,734,473,261
S01003295,974,742,232
S01003296,807,576,231
S01003297,548,362,186
S01003298,1003,779,224
S01003299,451,334,117
S01003300,869,689,180
S01003301,765,568,197
S01003302,687,477,210
S01003303,2392,2205,187
S01003304,724,627,97
S01003305,753,646,107
S01003306,924,597,327
S01003307,1063,692,371
S01003308,854,616,238
S01003309,953,675,278
S01003310,744,526,218
S01003311,696,580,116
S01003312,582,423,159
S01003313,1126,753,373
S01003314,648,447,201
S01003315,711,575,136
S01003316,594,456,138
S01003317,646,539,107
S01003318,744,579,165
S01003320,530,479,51
S01003321,692,507,185
S01003322,796,613,183
S01003323,752,611,141
S01003324,449,343,106
S01003325,779,669,110
S01003326,855,622,233
S01003327,605,510,95
S01003328,1035,935,100
S01003329,809,575,234
S01003330,939,828,111
S01003331,642,400,242
S01003332,416,278,138
S01003333,919,639,280
S01003334,1006,753,253
S01003335,650,513,137
S01003336,969,624,345
S01003337,1383,990,393
S01003338,882,680,202
S01003339,770,617,153
S01003340,995,665,330
S01003341,949,844,105
S01003342,718,533,185
S01003343,733,556,177
S01003344,479,383,96
S01003345,967,750,217
S01003346,866,611,255
S01003347,952,608,344
S01003348,1014,828,186
S01003349,1367,1046,321
S01003350,893,707,186
S01003351,1109,763,346
S01003352,1168,826,342
S01003353,735,514,221
S01003354,612,361,251
S01003355,1054,756,298
S01003356,859,612,247
S01003357,369,267,102
S01003358,1861,1696,165
S01003359,974,880,94
S01003360,730,564,166
S01003361,713,413,300
S01003362,728,484,244
S01003363,768,467,301
S01003364,671,524,147
S01003365,734,531,203
S01003366,740,682,58
S01003367,1213,850,363
S01003368,2295,2091,204
S01003369,625,343,282
S01003370,771,693,78
S01003371,668,575,93
S01003372,799,530,269
S01003373,2232,1879,353
S01003374,492,374,118
S01003375,961,715,246
S01003376,526,386,140
S01003377,735,446,289
S01003378,841,641,200
S01003379,678,481,197
S01003380,1291,1165,126
S01003381,728,533,195
S01003382,1603,1371,232
S01003383,913,599,314
S01003384,965,623,342
S01003385,834,717,117
S01003386,689,433,256
S01003387,793,600,193
S01003388,1038,713,325
S01003389,1019,783,236
S01003390,1218,919,299
S01003391,716,498,218
S01003392,826,684,142
S01003393,883,504,379
S01003394,637,454,183
S01003395,644,530,114
S01003396,814,593,221
S01003397,1045,753,292
S01003398,793,601,192
S01003399,1873,1685,188
S01003400,744,452,292
S01003401,846,581,265
S01003402,949,649,300
S01003403,1144,981,163
S01003404,569,338,231
S01003405,733,501,232
S01003406,691,544,147
S01003407,851,604,247
S01003408,650,515,135
S01003409,1535,1295,240
S01003410,1452,1297,155
S01003411,757,548,209
S01003412,862,644,218
S01003413,741,562,179
S01003414,442,309,133
S01003415,1269,1026,243
S01003416,845,522,323
S01003417,940,756,184
S01003418,920,603,317
S01003419,959,685,274
S01003420,464,264,200
S01003421,923,609,314
S01003422,790,561,229
S01003423,779,715,64
S01003424,974,761,213
S01003425,838,746,92
S01003426,1019,742,277
S01003427,941,581,360
S01003428,843,633,210
S01003429,1525,1433,92
S01003430,783,700,83
S01003431,696,417,279
S01003432,880,821,59
S01003433,1165,1069,96
S01003434,805,504,301
S01003435,731,533,198
S01003436,555,421,134
S01003437,816,751,65
S01003438,1411,1294,117
S01003439,1153,703,450
S01003440,480,346,134
S01003441,1339,1048,291
S01003442,1013,744,269
S01003443,970,740,230
S01003444,777,514,263
S01003445,1074,848,226
S01003446,452,385,67
S01003447,2551,2287,264
S01003448,705,479,226
S01003449,831,715,116
S01003450,976,765,211
S01003451,916,771,145
S01003452,1407,979,428
S01003453,1317,1193,124
S01003454,664,571,93
S01003455,795,537,258
S01003456,255,170,85
S01003457,1005,758,247
S01003458,1016,747,269
S01003459,890,679,211
S01003460,1057,895,162
S01003461,764,540,224
S01003462,551,402,149
S01003463,692,565,127
S01003464,974,880,94
S01003465,2510,2275,235
S01003466,787,596,191
S01003467,714,488,226
S01003468,839,723,116
S01003469,1016,778,238
S01003470,1139,965,174
S01003471,776,588,188
S01003472,816,640,176
S01003473,969,707,262
S01003474,690,625,65
S01003475,845,619,226
S01003476,1136,1001,135
S01003477,1076,928,148
S01003478,814,668,146
S01003479,844,700,144
S01003480,834,596,238
S01003481,1033,838,195
S01003482,669,449,220
S01003483,533,396,137
S01003484,1127,1017,110
S01003485,890,818,72
S01003486,1033,795,238
S01003487,1075,923,152
S01003488,695,391,304
S01003489,1397,1039,358
S01003490,625,432,193
S01003491,85,50,35
S01003492,1077,905,172
S01003493,831,604,227
S01003494,815,567,248
S01003495,936,747,189
S01003496,999,826,173
S01003497,964,842,122
S01003498,1019,727,292
S01003499,1006,817,189
S01003500,676,538,138
S01003501,708,638,70
S01003502,1848,1634,214
S01003503,700,618,82
S01003504,936,856,80
S01003506,1040,943,97
S01003507,522,477,45
S01003508,807,528,279
S01003509,950,864,86
S01003510,407,311,96
S01003511,1101,977,124
S01003512,641,428,213
S01003513,730,692,38
S01003514,897,830,67
S01003515,631,412,219
S01003516,667,532,135
S01003517,752,655,97
S01003518,1032,730,302
S01003519,542,380,162
S01003520,717,609,108
S01003521,531,497,34
S01003522,830,746,84
S01003523,657,457,200
S01003524,1072,930,142
S01003525,1090,954,136
S01003526,1013,931,82
S01003527,889,784,105
S01003528,516,423,93
S01003529,547,476,71
S01003530,821,749,72
S01003531,778,567,211
S01003532,1088,894,194
S01003533,340,294,46
S01003534,903,703,200
S01003535,708,545,163
S01003536,1031,923,108
S01003537,807,570,237
S01003538,630,449,181
S01003539,993,862,131
S01003540,419,264,155
S01003541,935,759,176
S01003542,786,678,108
S01003543,706,561,145
S01003544,529,461,68
S01003545,789,701,88
S01003546,1004,644,360
S01003547,767,668,99
S01003549,800,562,238
S01003550,647,540,107
S01003551,658,467,191
S01003552,1036,963,73
S01003553,654,439,215
S01003554,761,659,102
S01003555,725,669,56
S01003556,700,616,84
S01003557,783,605,178
S01003558,1036,897,139
S01003559,978,851,127
S01003560,1264,1074,190
S01003561,1248,897,351
S01003562,623,469,154
S01003563,530,363,167
S01003564,721,469,252
S01003565,858,571,287
S01003566,725,620,105
S01003567,1036,735,301
S01003568,729,596,133
S01003569,717,574,143
S01003570,736,608,128
S01003571,880,694,186
S01003572,1083,739,344
S01003573,924,609,315
S01003574,1028,923,105
S01003575,854,616,238
S01003576,845,695,150
S01003577,947,711,236
S01003578,217,161,56
S01003579,868,594,274
S01003580,1018,789,229
S01003581,2299,2039,260
S01003582,671,425,246
S01003583,566,364,202
S01003584,803,671,132
S01003585,675,529,146
S01003586,1053,777,276
S01003587,1104,1016,88
S01003588,635,537,98
S01003589,1639,1501,138
S01003590,741,609,132
S01003591,1301,1146,155
S01003592,1423,1123,300
S01003593,634,447,187
S01003594,1013,869,144
S01003595,919,635,284
S01003596,783,523,260
S01003597,714,583,131
S01003598,690,469,221
S01003599,969,676,293
S01003600,842,554,288
S01003601,817,632,185
S01003602,628,433,195
S01003603,864,608,256
S01003604,837,549,288
S01003605,666,509,157
S01003606,885,636,249
S01003607,531,403,128
S01003608,557,400,157
S01003609,1066,886,180
S01003610,986,797,189
S01003611,850,565,285
S01003612,883,660,223
S01003613,1454,1261,193
S01003614,547,422,125
S01003615,854,689,165
S01003616,869,790,79
S01003617,828,592,236
S01003618,796,604,192
S01003619,816,558,258
S01003620,1025,875,150
S01003621,939,556,383
S01003622,813,554,259
S01003623,915,779,136
S01003624,1555,1078,477
S01003625,350,247,103
S01003626,808,619,189
S01003627,621,417,204
S01003628,739,502,237
S01003629,759,474,285
S01003630,771,555,216
S01003631,1265,1025,240
S01003632,949,816,133
S01003633,1267,1035,232
S01003634,1027,678,349
S01003635,559,422,137
S01003636,923,561,362
S01003637,1048,763,285
S01003638,758,636,122
S01003639,779,540,239
S01003640,962,682,280
S01003641,736,669,67
S01003642,851,550,301
S01003643,682,576,106
S01003644,966,624,342
S01003645,539,362,177
S01003646,899,719,180
S01003647,724,529,195
S01003648,820,702,118
S01003649,967,745,222
S01003650,742,540,202
S01003651,732,473,259
S01003652,733,514,219
S01003653,715,490,225
S01003654,1123,687,436
S01003655,660,464,196
S01003656,878,713,165
S01003657,831,551,280
S01003658,859,649,210
S01003659,756,633,123
S01003660,976,895,81
S01003661,947,811,136
S01003662,642,464,178
S01003663,585,406,179
S01003664,506,352,154
S01003665,645,467,178
S01003666,663,459,204
S01003667,838,637,201
S01003668,783,536,247
S01003669,927,710,217
S01003670,950,694,256
S01003671,666,492,174
S01003672,751,515,236
S01003673,316,178,138
S01003674,783,523,260
S01003675,879,769,110
S01003676,1198,1066,132
S01003677,692,495,197
S01003678,685,486,199
S01003679,1028,724,304
S01003680,623,412,211
S01003681,565,386,179
S01003682,1043,823,220
S01003683,623,440,183
S01003684,794,552,242
S01003685,550,409,141
S01003686,948,741,207
S01003687,657,442,215
S01003688,883,630,253
S01003689,667,491,176
S01003690,942,582,360
S01003691,1028,824,204
S01003692,1022,728,294
S01003693,550,410,140
S01003694,986,769,217
S01003695,1125,902,223
S01003696,1036,733,303
S01003697,930,792,138
S01003698,1010,774,236
S01003699,938,820,118
S01003700,980,724,256
S01003701,991,659,332
S01003702,822,637,185
S01003703,1052,702,350
S01003704,655,448,207
S01003705,906,667,239
S01003706,749,570,179
S01003707,1078,839,239
S01003708,964,712,252
S01003709,856,545,311
S01003710,1179,893,286
S01003711,944,681,263
S01003712,928,671,257
S01003713,512,334,178
S01003714,628,502,126
S01003715,803,635,168
S01003716,575,397,178
S01003717,839,621,218
S01003718,749,584,165
S01003719,660,543,117
S01003720,989,804,185
S01003721,814,617,197
S01003722,896,676,220
S01003723,519,421,98
S01003724,769,637,132
S01003725,614,519,95
S01003726,656,555,101
S01003727,748,630,118
S01003728,558,466,92
S01003729,868,728,140
S01003730,644,535,109
S01003731,617,461,156
S01003732,945,777,168
S01003733,870,714,156
S01003734,709,575,134
S01003735,820,612,208
S01003736,799,631,168
S01003737,611,465,146
S01003738,767,669,98
S01003739,531,430,101
S01003740,618,503,115
S01003741,946,789,157
S01003742,711,594,117
S01003743,557,485,72
S01003744,665,565,100
S01003745,806,675,131
S01003746,837,705,132
S01003747,1094,888,206
S01003748,591,456,135
S01003749,885,749,136
S01003750,715,611,104
S01003751,1108,965,143
S01003752,913,755,158
S01003753,1105,900,205
S01003754,848,683,165
S01003755,1626,1422,204
S01003756,905,735,170
S01003757,608,495,113
S01003758,954,782,172
S01003759,628,523,105
S01003760,840,724,116
S01003761,957,815,142
S01003762,1090,915,175
S01003763,912,726,186
S01003764,878,758,120
S01003765,649,517,132
S01003766,738,597,141
S01003767,812,609,203
S01003768,628,499,129
S01003769,946,755,191
S01003770,819,695,124
S01003771,757,638,119
S01003772,606,509,97
S01003773,692,569,123
S01003774,760,653,107
S01003775,916,764,152
S01003776,700,584,116
S01003777,1114,929,185
S01003778,3225,2985,240
S01003779,501,411,90
S01003780,1074,878,196
S01003781,1129,999,130
S01003782,621,520,101
S01003783,1234,982,252
S01003784,1655,1451,204
S01003785,809,673,136
S01003786,891,733,158
S01003787,591,484,107
S01003788,708,533,175
S01003789,494,431,63
S01003790,570,472,98
S01003791,824,724,100
S01003792,2286,2079,207
S01003793,542,426,116
S01003794,690,557,133
S01003795,648,558,90
S01003796,673,539,134
S01003797,925,743,182
S01003798,846,717,129
S01003799,756,684,72
S01003800,633,480,153
S01003801,816,666,150
S01003802,781,664,117
S01003803,732,625,107
S01003804,620,500,120
S01003805,1202,948,254
S01003806,698,527,171
S01003807,904,790,114
S01003808,936,763,173
S01003809,674,519,155
S01003810,908,681,227
S01003811,687,579,108
S01003812,958,709,249
S01003813,856,718,138
S01003814,786,632,154
S01003815,842,676,166
S01003816,986,864,122
S01003817,1035,790,245
S01003818,803,635,168
S01003819,2446,2201,245
S01003820,1011,828,183
S01003821,763,617,146
S01003822,666,550,116
S01003823,977,741,236
S01003824,816,700,116
S01003825,867,795,72
S01003826,749,583,166
S01003827,817,676,141
S01003828,1145,957,188
S01003829,665,507,158
S01003830,901,743,158
S01003831,584,466,118
S01003832,944,783,161
S01003833,537,403,134
S01003834,651,526,125
S01003835,534,466,68
S01003836,513,415,98
S01003837,836,573,263
S01003838,576,484,92
S01003839,648,518,130
S01003840,696,514,182
S01003841,609,470,139
S01003842,758,644,114
S01003843,953,812,141
S01003844,736,620,116
S01003845,1140,869,271
S01003846,757,560,197
S01003847,608,479,129
S01003848,669,560,109
S01003849,1015,762,253
S01003850,522,459,63
S01003851,822,676,146
S01003852,593,441,152
S01003853,1253,1052,201
S01003854,578,456,122
S01003855,978,759,219
S01003856,765,624,141
S01003857,783,661,122
S01003858,534,442,92
S01003859,609,519,90
S01003860,672,476,196
S01003861,776,663,113
S01003862,741,589,152
S01003863,686,586,100
S01003864,921,773,148
S01003865,996,847,149
S01003866,967,822,145
S01003867,1357,1068,289
S01003868,691,581,110
S01003869,712,598,114
S01003870,1046,876,170
S01003871,771,599,172
S01003872,902,748,154
S01003873,1122,908,214
S01003874,831,711,120
S01003875,679,551,128
S01003876,723,623,100
S01003877,688,565,123
S01003878,1089,862,227
S01003879,778,671,107
S01003880,867,693,174
S01003881,887,751,136
S01003882,500,354,146
S01003883,535,458,77
S01003884,766,618,148
S01003885,654,513,141
S01003886,519,443,76
S01003887,1032,733,299
S01003888,1633,1415,218
S01003889,547,453,94
S01003890,663,537,126
S01003891,731,609,122
S01003892,641,529,112
S01003893,633,529,104
S01003894,935,774,161
S01003895,745,651,94
S01003896,724,584,140
S01003897,734,572,162
S01003898,791,583,208
S01003899,800,630,170
S01003900,776,632,144
S01003901,680,523,157
S01003902,1036,855,181
S01003903,901,805,96
S01003904,888,673,215
S01003905,1166,986,180
S01003906,701,562,139
S01003907,748,570,178
S01003908,799,680,119
S01003909,621,531,90
S01003910,727,623,104
S01003911,626,470,156
S01003912,945,809,136
S01003913,727,617,110
S01003914,975,765,210
S01003915,764,614,150
S01003916,845,730,115
S01003917,906,723,183
S01003918,954,792,162
S01003919,612,479,133
S01003920,731,583,148
S01003921,1038,784,254
S01003922,937,714,223
S01003923,761,623,138
S01003924,507,373,134
S01003925,801,649,152
S01003926,580,462,118
S01003927,720,608,112
S01003928,840,644,196
S01003929,548,427,121
S01003930,870,696,174
S01003931,1144,963,181
S01003932,897,656,241
S01003933,701,555,146
S01003934,1016,863,153
S01003935,827,668,159
S01003936,999,788,211
S01003937,745,543,202
S01003938,605,506,99
S01003939,626,495,131
S01003940,1047,853,194
S01003941,614,499,115
S01003942,758,614,144
S01003943,695,507,188
S01003944,646,493,153
S01003945,661,550,111
S01003946,838,645,193
S01003947,631,504,127
S01003948,745,625,120
S01003949,598,456,142
S01003950,606,509,97
S01003951,608,439,169
S01003952,536,430,106
S01003953,577,404,173
S01003954,702,530,172
S01003955,681,526,155
S01003956,749,613,136
S01003957,686,546,140
S01003958,784,593,191
S01003959,747,570,177
S01003960,877,694,183
S01003961,576,433,143
S01003962,706,545,161
S01003963,474,377,97
S01003964,483,384,99
S01003965,576,449,127
S01003966,1009,781,228
S01003967,539,445,94
S01003968,864,620,244
S01003969,762,529,233
S01003970,631,521,110
S01003971,721,547,174
S01003972,785,591,194
S01003973,450,360,90
S01003974,854,670,184
S01003975,829,690,139
S01003976,772,626,146
S01003977,491,383,108
S01003978,512,370,142
S01003979,569,437,132
S01003980,643,536,107
S01003981,544,432,112
S01003982,779,643,136
S01003983,683,573,110
S01003984,623,471,152
S01003985,743,613,130
S01003986,550,431,119
S01003987,688,571,117
S01003988,490,356,134
S01003989,913,742,171
S01003990,522,416,106
S01003991,622,517,105
S01003992,982,796,186
S01003993,694,567,127
S01003994,729,625,104
S01003995,1312,1118,194
S01003996,649,539,110
S01003997,916,709,207
S01003998,565,486,79
S01003999,853,717,136
S01004000,708,545,163
S01004001,620,510,110
S01004002,896,658,238
S01004003,570,461,109
S01004004,731,596,135
S01004005,588,485,103
S01004006,553,463,90
S01004007,611,486,125
S01004008,672,527,145
S01004009,771,607,164
S01004010,837,649,188
S01004011,1369,1071,298
S01004012,755,652,103
S01004013,537,448,89
S01004014,634,507,127
S01004015,905,785,120
S01004016,598,513,85
S01004017,1014,834,180
S01004018,824,741,83
S01004019,1067,954,113
S01004020,805,609,196
S01004021,1177,1067,110
S01004022,789,638,151
S01004023,556,460,96
S01004024,1077,883,194
S01004025,858,653,205
S01004026,607,447,160
S01004027,785,583,202
S01004028,739,545,194
S01004029,879,663,216
S01004030,660,479,181
S01004031,577,424,153
S01004032,396,300,96
S01004033,865,595,270
S01004034,736,611,125
S01004035,737,537,200
S01004036,630,456,174
S01004037,660,563,97
S01004038,678,486,192
S01004039,368,252,116
S01004040,642,526,116
S01004041,650,480,170
S01004042,576,397,179
S01004043,730,622,108
S01004044,674,400,274
S01004045,596,434,162
S01004046,541,334,207
S01004047,688,541,147
S01004048,1036,787,249
S01004049,1314,1092,222
S01004050,465,324,141
S01004051,836,592,244
S01004052,538,380,158
S01004053,957,697,260
S01004054,882,671,211
S01004055,557,470,87
S01004056,722,547,175
S01004057,1604,1298,306
S01004058,923,702,221
S01004059,549,401,148
S01004060,468,348,120
S01004061,793,507,286
S01004062,871,696,175
S01004063,610,389,221
S01004064,621,453,168
S01004065,958,664,294
S01004066,560,435,125
S01004067,829,670,159
S01004068,723,516,207
S01004069,448,339,109
S01004070,688,472,216
S01004071,908,608,300
S01004072,1189,839,350
S01004073,785,579,206
S01004074,872,564,308
S01004075,449,253,196
S01004076,626,477,149
S01004077,842,722,120
S01004078,768,563,205
S01004079,665,522,143
S01004080,821,527,294
S01004081,649,566,83
S01004082,1030,888,142
S01004083,874,630,244
S01004084,905,554,351
S01004085,524,327,197
S01004086,769,421,348
S01004087,455,341,114
S01004088,525,406,119
S01004089,725,538,187
S01004090,315,235,80
S01004091,958,743,215
S01004092,740,557,183
S01004093,547,301,246
S01004094,425,230,195
S01004095,517,435,82
S01004096,645,537,108
S01004097,734,523,211
S01004098,619,508,111
S01004099,788,678,110
S01004100,765,629,136
S01004101,715,546,169
S01004102,771,676,95
S01004103,660,509,151
S01004104,756,656,100
S01004105,842,702,140
S01004106,898,693,205
S01004107,668,564,104
S01004108,800,627,173
S01004109,560,484,76
S01004110,775,607,168
S01004111,798,661,137
S01004112,839,573,266
S01004113,729,600,129
S01004114,643,455,188
S01004115,749,506,243
S01004116,674,498,176
S01004117,748,615,133
S01004118,899,590,309
S01004119,490,365,125
S01004120,706,576,130
S01004121,430,349,81
S01004122,900,802,98
S01004123,928,808,120
S01004124,1039,897,142
S01004125,656,488,168
S01004126,682,519,163
S01004127,860,745,115
S01004128,683,596,87
S01004129,728,595,133
S01004130,514,431,83
S01004131,809,614,195
S01004132,536,424,112
S01004133,820,649,171
S01004134,646,564,82
S01004135,633,458,175
S01004136,623,516,107
S01004137,575,487,88
S01004138,694,546,148
S01004139,561,465,96
S01004140,540,443,97
S01004141,673,535,138
S01004142,540,471,69
S01004143,846,670,176
S01004144,1319,1039,280
S01004145,626,535,91
S01004146,818,699,119
S01004147,709,564,145
S01004148,995,814,181
S01004149,851,617,234
S01004150,609,552,57
S01004151,1023,932,91
S01004152,752,615,137
S01004153,782,613,169
S01004154,625,496,129
S01004155,885,690,195
S01004156,963,776,187
S01004157,581,480,101
S01004158,579,469,110
S01004159,358,277,81
S01004160,646,505,141
S01004161,548,454,94
S01004162,2023,1846,177
S01004163,662,520,142
S01004164,860,695,165
S01004165,969,797,172
S01004166,744,618,126
S01004167,669,470,199
S01004168,621,480,141
S01004169,796,582,214
S01004170,734,567,167
S01004171,633,505,128
S01004172,756,577,179
S01004173,606,471,135
S01004174,728,570,158
S01004175,540,425,115
S01004176,632,520,112
S01004177,494,378,116
S01004178,566,440,126
S01004179,490,384,106
S01004180,900,807,93
S01004181,798,632,166
S01004182,928,696,232
S01004183,1056,920,136
S01004184,782,606,176
S01004185,680,551,129
S01004186,739,553,186
S01004187,696,510,186
S01004188,782,645,137
S01004189,922,861,61
S01004190,821,661,160
S01004191,727,580,147
S01004192,1043,847,196
S01004193,690,510,180
S01004194,739,557,182
S01004195,638,531,107
S01004196,615,468,147
S01004197,697,531,166
S01004198,578,406,172
S01004199,780,614,166
S01004200,719,632,87
S01004201,715,570,145
S01004202,523,406,117
S01004203,955,763,192
S01004204,668,515,153
S01004205,758,565,193
S01004206,636,496,140
S01004207,705,565,140
S01004208,851,729,122
S01004209,605,485,120
S01004210,611,441,170
S01004211,1102,895,207
S01004212,1670,1445,225
S01004213,530,373,157
S01004214,637,537,100
S01004215,615,519,96
S01004216,807,674,133
S01004217,447,355,92
S01004218,802,601,201
S01004219,508,417,91
S01004220,903,726,177
S01004221,783,628,155
S01004222,569,414,155
S01004223,722,540,182
S01004224,684,525,159
S01004225,768,527,241
S01004226,660,495,165
S01004227,1002,864,138
S01004228,842,703,139
S01004229,652,505,147
S01004230,688,541,147
S01004231,707,519,188
S01004232,624,522,102
S01004233,819,690,129
S01004234,988,839,149
S01004235,854,705,149
S01004236,985,794,191
S01004237,682,552,130
S01004238,568,480,88
S01004239,856,678,178
S01004240,802,673,129
S01004241,536,447,89
S01004242,845,732,113
S01004243,699,580,119
S01004244,660,541,119
S01004245,938,762,176
S01004246,635,534,101
S01004247,845,689,156
S01004248,1036,823,213
S01004249,917,753,164
S01004250,1029,859,170
S01004251,907,662,245
S01004252,638,528,110
S01004253,579,487,92
S01004254,725,583,142
S01004255,2886,2574,312
S01004256,1460,1295,165
S01004257,621,543,78
S01004258,717,581,136
S01004259,771,628,143
S01004260,513,415,98
S01004261,786,645,141
S01004262,787,667,120
S01004263,764,586,178
S01004264,800,647,153
S01004265,909,755,154
S01004266,545,391,154
S01004267,508,391,117
S01004268,637,534,103
S01004269,838,668,170
S01004270,561,406,155
S01004271,643,474,169
S01004272,565,482,83
S01004273,576,482,94
S01004274,911,739,172
S01004275,584,454,130
S01004276,868,671,197
S01004277,713,625,88
S01004278,1207,969,238
S01004279,819,695,124
S01004280,925,729,196
S01004281,729,588,141
S01004282,880,691,189
S01004283,702,581,121
S01004284,902,700,202
S01004285,474,448,26
S01004286,578,527,51
S01004287,641,499,142
S01004288,665,552,113
S01004289,547,453,94
S01004290,1000,854,146
S01004291,807,675,132
S01004292,988,904,84
S01004293,931,753,178
S01004294,744,616,128
S01004295,855,587,268
S01004296,886,709,177
S01004297,648,512,136
S01004298,1332,1098,234
S01004299,520,403,117
S01004300,574,435,139
S01004301,774,642,132
S01004302,674,540,134
S01004303,626,507,119
S01004304,798,650,148
S01004305,647,550,97
S01004306,597,447,150
S01004307,871,789,82
S01004308,965,799,166
S01004309,937,812,125
S01004310,718,590,128
S01004311,1153,972,181
S01004312,700,571,129
S01004313,1298,1102,196
S01004314,787,606,181
S01004315,502,418,84
S01004316,536,508,28
S01004317,1149,932,217
S01004318,527,366,161
S01004319,889,724,165
S01004320,824,678,146
S01004321,777,646,131
S01004322,980,755,225
S01004323,657,510,147
S01004324,803,653,150
S01004325,1054,861,193
S01004326,843,669,174
S01004327,699,553,146
S01004328,607,511,96
S01004329,509,405,104
S01004330,1412,1162,250
S01004331,579,448,131
S01004332,631,518,113
S01004333,578,451,127
S01004334,1363,1239,124
S01004335,537,453,84
S01004336,1005,833,172
S01004337,748,609,139
S01004338,769,626,143
S01004339,955,792,163
S01004340,537,433,104
S01004341,558,464,94
S01004342,1335,1242,93
S01004343,641,538,103
S01004344,746,585,161
S01004345,1160,951,209
S01004346,445,348,97
S01004347,898,765,133
S01004348,637,527,110
S01004349,752,585,167
S01004350,601,449,152
S01004351,532,381,151
S01004352,539,412,127
S01004353,872,694,178
S01004354,514,404,110
S01004355,571,469,102
S01004356,951,756,195
S01004357,820,717,103
S01004358,665,557,108
S01004359,546,432,114
S01004360,637,475,162
S01004361,820,618,202
S01004362,604,409,195
S01004363,980,585,395
S01004364,915,696,219
S01004365,703,564,139
S01004366,589,443,146
S01004367,781,664,117
S01004368,535,357,178
S01004369,697,570,127
S01004370,680,538,142
S01004371,727,584,143
S01004372,905,751,154
S01004373,670,498,172
S01004374,768,565,203
S01004375,624,486,138
S01004376,871,658,213
S01004377,709,549,160
S01004378,913,674,239
S01004379,903,685,218
S01004380,697,505,192
S01004381,781,604,177
S01004382,681,463,218
S01004383,796,626,170
S01004384,662,507,155
S01004385,740,575,165
S01004386,1003,746,257
S01004387,947,742,205
S01004388,700,549,151
S01004389,586,451,135
S01004390,782,562,220
S01004391,555,470,85
S01004392,844,643,201
S01004393,889,649,240
S01004394,799,598,201
S01004395,596,440,156
S01004396,758,583,175
S01004397,907,804,103
S01004398,806,621,185
S01004399,482,375,107
S01004400,548,431,117
S01004401,1079,923,156
S01004402,933,664,269
S01004403,516,427,89
S01004404,734,632,102
S01004405,757,560,197
S01004406,890,659,231
S01004407,656,477,179
S01004408,1402,1224,178
S01004409,459,328,131
S01004410,989,783,206
S01004411,557,396,161
S01004412,1042,700,342
S01004413,717,476,241
S01004414,690,455,235
S01004415,680,506,174
S01004416,763,550,213
S01004417,807,608,199
S01004418,902,687,215
S01004419,821,563,258
S01004420,718,548,170
S01004421,881,607,274
S01004422,594,419,175
S01004423,775,553,222
S01004424,697,495,202
S01004425,576,456,120
S01004426,585,435,150
S01004427,728,522,206
S01004428,888,700,188
S01004429,809,623,186
S01004430,495,365,130
S01004431,666,471,195
S01004432,978,760,218
S01004433,908,679,229
S01004434,815,604,211
S01004435,842,636,206
S01004436,757,602,155
S01004437,901,749,152
S01004438,637,495,142
S01004439,688,550,138
S01004440,736,547,189
S01004441,1333,1153,180
S01004442,848,591,257
S01004443,711,568,143
S01004444,900,697,203
S01004445,898,666,232
S01004446,807,621,186
S01004447,729,571,158
S01004448,546,463,83
S01004449,917,572,345
S01004450,863,554,309
S01004451,855,633,222
S01004452,651,519,132
S01004453,955,829,126
S01004454,1004,766,238
S01004455,826,600,226
S01004456,494,437,57
S01004457,871,665,206
S01004458,825,644,181
S01004459,556,398,158
S01004460,590,489,101
S01004461,577,446,131
S01004462,645,562,83
S01004463,739,595,144
S01004464,839,653,186
S01004465,723,614,109
S01004466,946,768,178
S01004467,916,738,178
S01004468,918,798,120
S01004469,642,525,117
S01004470,737,673,64
S01004471,2067,1855,212
S01004472,690,545,145
S01004473,1103,903,200
S01004474,1048,802,246
S01004475,494,403,91
S01004476,735,568,167
S01004477,1097,907,190
S01004478,590,458,132
S01004479,705,594,111
S01004480,944,721,223
S01004481,829,674,155
S01004482,856,542,314
S01004483,708,578,130
S01004484,1025,849,176
S01004485,542,454,88
S01004486,962,814,148
S01004487,1043,764,279
S01004488,678,512,166
S01004489,923,796,127
S01004490,669,532,137
S01004491,794,643,151
S01004492,921,709,212
S01004493,964,739,225
S01004494,883,668,215
S01004495,696,502,194
S01004496,651,493,158
S01004497,826,603,223
S01004498,702,585,117
S01004499,650,474,176
S01004500,718,576,142
S01004501,721,571,150
S01004502,730,588,142
S01004503,678,421,257
S01004504,694,518,176
S01004505,582,446,136
S01004506,522,437,85
S01004507,706,567,139
S01004508,698,525,173
S01004509,1030,916,114
S01004510,827,583,244
S01004511,964,721,243
S01004512,867,664,203
S01004513,522,370,152
S01004514,596,506,90
S01004515,747,512,235
S01004516,449,352,97
S01004517,737,512,225
S01004518,634,553,81
S01004519,951,747,204
S01004520,914,671,243
S01004521,754,617,137
S01004522,900,710,190
S01004523,733,558,175
S01004524,561,431,130
S01004525,935,734,201
S01004526,682,563,119
S01004527,617,491,126
S01004528,737,494,243
S01004529,852,639,213
S01004530,547,479,68
S01004531,1066,861,205
S01004532,852,702,150
S01004533,441,316,125
S01004534,645,499,146
S01004535,898,701,197
S01004536,680,541,139
S01004537,815,603,212
S01004538,752,549,203
S01004539,716,531,185
S01004540,1238,976,262
S01004541,840,629,211
S01004542,790,696,94
S01004543,811,632,179
S01004544,1844,1505,339
S01004545,737,497,240
S01004546,858,620,238
S01004547,844,643,201
S01004548,779,527,252
S01004549,2152,1797,355
S01004550,667,491,176
S01004551,1565,1234,331
S01004552,834,597,237
S01004553,534,440,94
S01004554,726,597,129
S01004555,647,470,177
S01004556,674,526,148
S01004557,430,363,67
S01004558,924,670,254
S01004559,954,663,291
S01004560,648,481,167
S01004561,957,700,257
S01004562,547,410,137
S01004563,793,609,184
S01004564,594,501,93
S01004565,902,781,121
S01004566,694,612,82
S01004567,475,313,162
S01004568,695,495,200
S01004569,734,557,177
S01004570,626,546,80
S01004571,635,503,132
S01004572,722,566,156
S01004573,596,462,134
S01004574,487,423,64
S01004575,670,516,154
S01004576,560,504,56
S01004577,617,480,137
S01004578,851,749,102
S01004579,605,377,228
S01004580,827,629,198
S01004581,1240,958,282
S01004582,580,453,127
S01004583,798,521,277
S01004584,679,504,175
S01004585,552,378,174
S01004586,1060,905,155
S01004587,1217,837,380
S01004588,628,479,149
S01004589,783,629,154
S01004590,839,638,201
S01004591,558,396,162
S01004592,637,481,156
S01004593,973,764,209
S01004594,491,354,137
S01004595,1030,881,149
S01004596,666,403,263
S01004597,531,453,78
S01004598,678,533,145
S01004599,959,808,151
S01004600,865,631,234
S01004601,895,660,235
S01004602,860,679,181
S01004603,796,561,235
S01004604,554,398,156
S01004605,965,706,259
S01004606,823,619,204
S01004607,560,419,141
S01004608,1562,1342,220
S01004609,569,414,155
S01004610,697,515,182
S01004611,1041,753,288
S01004612,1137,866,271
S01004613,1722,1518,204
S01004614,750,557,193
S01004615,1182,908,274
S01004616,877,763,114
S01004617,669,531,138
S01004618,649,502,147
S01004619,514,390,124
S01004620,666,524,142
S01004621,900,719,181
S01004622,858,655,203
S01004623,1028,764,264
S01004624,1212,936,276
S01004625,821,624,197
S01004626,2033,1802,231
S01004627,522,426,96
S01004628,544,424,120
S01004629,887,781,106
S01004630,897,696,201
S01004631,731,526,205
S01004632,954,729,225
S01004633,574,445,129
S01004634,1114,989,125
S01004635,774,579,195
S01004636,630,466,164
S01004637,565,428,137
S01004638,524,393,131
S01004639,661,457,204
S01004640,746,553,193
S01004641,610,490,120
S01004642,814,591,223
S01004643,494,378,116
S01004644,728,562,166
S01004645,951,737,214
S01004646,781,602,179
S01004647,1691,1332,359
S01004648,1122,907,215
S01004649,578,458,120
S01004650,802,623,179
S01004651,917,715,202
S01004652,962,811,151
S01004653,612,451,161
S01004654,1015,823,192
S01004655,967,753,214
S01004656,596,427,169
S01004657,734,608,126
S01004658,947,771,176
S01004659,503,364,139
S01004660,768,704,64
S01004661,741,586,155
S01004662,965,670,295
S01004663,512,393,119
S01004664,562,416,146
S01004665,673,487,186
S01004666,755,591,164
S01004667,698,537,161
S01004668,890,723,167
S01004669,885,622,263
S01004670,965,695,270
S01004671,806,647,159
S01004672,641,493,148
S01004673,909,750,159
S01004674,797,616,181
S01004675,821,668,153
S01004676,766,587,179
S01004677,873,633,240
S01004678,975,731,244
S01004679,473,334,139
S01004680,940,604,336
S01004681,780,670,110
S01004682,529,380,149
S01004683,674,583,91
S01004684,1470,1209,261
S01004685,501,371,130
S01004686,738,543,195
S01004687,1052,810,242
S01004688,655,571,84
S01004689,1018,821,197
S01004690,530,472,58
S01004691,714,615,99
S01004692,673,482,191
S01004693,704,573,131
S01004694,572,419,153
S01004695,747,690,57
S01004696,937,746,191
S01004697,801,654,147
S01004698,609,556,53
S01004699,810,633,177
S01004700,746,570,176
S01004701,865,788,77
S01004702,548,424,124
S01004703,892,769,123
S01004704,614,470,144
S01004705,941,782,159
S01004706,1629,1497,132
S01004707,929,728,201
S01004708,654,515,139
S01004709,703,580,123
S01004710,767,543,224
S01004711,917,722,195
S01004712,496,371,125
S01004713,728,566,162
S01004714,787,590,197
S01004715,1672,1403,269
S01004716,844,620,224
S01004717,952,771,181
S01004718,889,662,227
S01004719,966,760,206
S01004720,861,660,201
S01004721,569,496,73
S01004722,690,533,157
S01004723,655,514,141
S01004724,965,667,298
S01004725,638,548,90
S01004726,577,451,126
S01004727,791,519,272
S01004728,945,825,120
S01004729,620,458,162
S01004730,1409,1102,307
S01004731,847,677,170
S01004732,694,526,168
S01004733,726,505,221
S01004734,509,385,124
S01004735,958,734,224
S01004736,757,571,186
S01004737,750,582,168
S01004738,649,437,212
S01004739,664,543,121
S01004740,819,636,183
S01004741,597,440,157
S01004742,1328,1075,253
S01004743,878,781,97
S01004744,552,437,115
S01004745,897,538,359
S01004746,834,620,214
S01004747,696,588,108
S01004748,588,448,140
S01004749,1084,884,200
S01004750,641,485,156
S01004751,799,589,210
S01004752,827,646,181
S01004753,763,567,196
S01004754,637,538,99
S01004755,683,475,208
S01004756,577,452,125
S01004757,845,660,185
S01004758,872,637,235
S01004759,584,508,76
S01004760,720,557,163
S01004761,528,382,146
S01004762,622,441,181
S01004763,848,770,78
S01004764,736,562,174
S01004765,1333,960,373
S01004766,1196,997,199
S01004767,674,509,165
S01004768,852,630,222
S01004769,548,424,124
S01004770,550,381,169
S01004771,830,608,222
S01004772,572,404,168
S01004773,754,580,174
S01004774,924,764,160
S01004775,785,536,249
S01004776,721,591,130
S01004777,733,670,63
S01004778,686,515,171
S01004779,823,625,198
S01004780,639,489,150
S01004781,926,722,204
S01004782,1180,919,261
S01004783,935,757,178
S01004784,672,536,136
S01004785,629,489,140
S01004786,483,343,140
S01004787,997,781,216
S01004788,690,573,117
S01004789,983,724,259
S01004790,719,625,94
S01004791,611,445,166
S01004792,596,493,103
S01004793,760,625,135
S01004794,708,531,177
S01004795,899,699,200
S01004796,738,549,189
S01004797,702,527,175
S01004798,846,605,241
S01004799,578,427,151
S01004800,661,496,165
S01004801,719,532,187
S01004802,856,654,202
S01004803,850,613,237
S01004804,853,597,256
S01004805,608,444,164
S01004806,626,460,166
S01004807,514,385,129
S01004808,705,523,182
S01004809,438,315,123
S01004810,575,453,122
S01004811,717,557,160
S01004812,816,640,176
S01004813,868,652,216
S01004814,808,610,198
S01004815,1728,1504,224
S01004816,792,605,187
S01004817,632,446,186
S01004818,808,606,202
S01004819,545,392,153
S01004820,1044,748,296
S01004821,1826,1446,380
S01004822,689,510,179
S01004823,911,665,246
S01004824,753,627,126
S01004825,597,411,186
S01004826,961,784,177
S01004827,619,444,175
S01004828,1158,954,204
S01004829,699,518,181
S01004830,729,523,206
S01004831,828,697,131
S01004832,1342,1124,218
S01004833,710,525,185
S01004834,759,575,184
S01004835,820,690,130
S01004836,707,603,104
S01004837,930,748,182
S01004838,1819,1585,234
S01004839,864,652,212
S01004840,848,681,167
S01004841,812,604,208
S01004842,1491,1333,158
S01004843,650,516,134
S01004844,957,706,251
S01004845,764,572,192
S01004846,1021,850,171
S01004847,994,844,150
S01004848,713,595,118
S01004849,530,404,126
S01004850,1466,1222,244
S01004851,647,521,126
S01004852,683,486,197
S01004853,733,562,171
S01004854,1089,917,172
S01004855,633,474,159
S01004856,1538,1317,221
S01004857,838,640,198
S01004858,851,643,208
S01004859,917,802,115
S01004860,1366,1242,124
S01004861,710,569,141
S01004862,634,591,43
S01004863,844,653,191
S01004864,529,435,94
S01004865,716,551,165
S01004866,866,661,205
S01004867,736,601,135
S01004868,710,532,178
S01004869,785,675,110
S01004870,851,650,201
S01004871,770,645,125
S01004872,815,607,208
S01004873,751,585,166
S01004874,1109,876,233
S01004875,727,594,133
S01004876,929,763,166
S01004877,705,527,178
S01004878,797,646,151
S01004879,657,496,161
S01004880,729,556,173
S01004881,758,627,131
S01004882,502,392,110
S01004883,2080,1878,202
S01004884,552,493,59
S01004885,539,420,119
S01004886,878,729,149
S01004887,403,334,69
S01004888,634,578,56
S01004889,793,610,183
S01004890,769,629,140
S01004891,992,778,214
S01004892,683,558,125
S01004893,711,454,257
S01004894,849,634,215
S01004895,876,674,202
S01004896,873,655,218
S01004897,575,487,88
S01004898,939,747,192
S01004899,764,588,176
S01004900,939,815,124
S01004901,753,615,138
S01004902,729,528,201
S01004903,584,510,74
S01004904,937,660,277
S01004905,990,798,192
S01004906,792,639,153
S01004907,793,675,118
S01004908,624,504,120
S01004909,777,639,138
S01004910,836,633,203
S01004911,904,832,72
S01004912,731,546,185
S01004913,641,477,164
S01004914,634,546,88
S01004915,680,521,159
S01004916,687,532,155
S01004917,596,555,41
S01004918,645,563,82
S01004919,720,602,118
S01004920,884,689,195
S01004921,656,524,132
S01004922,667,594,73
S01004923,941,804,137
S01004924,773,572,201
S01004925,568,437,131
S01004926,882,774,108
S01004927,860,745,115
S01004928,1613,1441,172
S01004929,627,542,85
S01004930,627,452,175
S01004931,1005,744,261
S01004932,774,608,166
S01004933,877,698,179
S01004934,735,532,203
S01004935,516,416,100
S01004936,888,585,303
S01004937,547,424,123
S01004938,731,558,173
S01004939,550,414,136
S01004940,519,408,111
S01004941,608,486,122
S01004942,918,760,158
S01004943,1100,916,184
S01004944,498,352,146
S01004945,685,513,172
S01004946,721,603,118
S01004947,760,638,122
S01004948,535,449,86
S01004949,719,591,128
S01004950,816,722,94
S01004951,752,596,156
S01004952,1100,922,178
S01004953,836,672,164
S01004954,703,590,113
S01004955,608,490,118
S01004956,768,621,147
S01004957,728,633,95
S01004958,1203,928,275
S01004959,712,566,146
S01004960,535,435,100
S01004961,654,539,115
S01004962,638,543,95
S01004963,623,498,125
S01004964,1091,902,189
S01004965,942,747,195
S01004966,1056,884,172
S01004967,669,546,123
S01004968,578,461,117
S01004969,919,689,230
S01004970,838,642,196
S01004971,1021,748,273
S01004972,824,665,159
S01004973,1016,846,170
S01004974,1188,1040,148
S01004975,760,636,124
S01004976,950,763,187
S01004977,966,772,194
S01004978,1001,864,137
S01004979,819,702,117
S01004980,962,821,141
S01004981,988,849,139
S01004982,666,535,131
S01004983,963,803,160
S01004984,763,653,110
S01004985,813,698,115
S01004986,786,647,139
S01004987,497,434,63
S01004988,550,481,69
S01004989,695,620,75
S01004990,593,503,90
S01004991,659,551,108
S01004992,848,681,167
S01004993,691,576,115
S01004994,810,635,175
S01004995,1012,807,205
S01004996,708,608,100
S01004997,958,803,155
S01004998,1260,1082,178
S01004999,898,733,165
S01005000,546,444,102
S01005001,1171,1011,160
S01005002,1016,801,215
S01005003,1089,936,153
S01005004,881,750,131
S01005005,941,721,220
S01005006,680,535,145
S01005007,839,606,233
S01005008,1335,1171,164
S01005009,1033,898,135
S01005010,696,551,145
S01005011,860,680,180
S01005012,874,695,179
S01005013,817,679,138
S01005014,875,707,168
S01005015,613,470,143
S01005016,887,729,158
S01005017,722,604,118
S01005018,594,495,99
S01005019,1260,972,288
S01005020,833,617,216
S01005021,1066,881,185
S01005022,708,570,138
S01005023,900,759,141
S01005024,929,721,208
S01005025,690,548,142
S01005026,676,577,99
S01005027,812,718,94
S01005028,901,792,109
S01005029,981,866,115
S01005030,1027,876,151
S01005031,682,557,125
S01005032,866,718,148
S01005033,735,633,102
S01005034,779,680,99
S01005035,983,813,170
S01005036,664,506,158
S01005037,1178,963,215
S01005038,819,651,168
S01005039,1064,860,204
S01005040,1166,900,266
S01005041,709,589,120
S01005042,798,654,144
S01005043,804,638,166
S01005044,929,761,168
S01005045,1032,884,148
S01005046,1313,1143,170
S01005047,1516,1175,341
S01005048,595,478,117
S01005049,823,681,142
S01005050,910,740,170
S01005051,823,717,106
S01005052,914,811,103
S01005053,878,742,136
S01005054,592,461,131
S01005055,811,643,168
S01005056,766,587,179
S01005057,739,578,161
S01005058,890,751,139
S01005059,510,383,127
S01005060,727,558,169
S01005061,1159,856,303
S01005062,490,387,103
S01005063,495,441,54
S01005064,754,657,97
S01005065,1252,1055,197
S01005066,786,630,156
S01005067,627,532,95
S01005068,641,506,135
S01005069,594,478,116
S01005070,1124,922,202
S01005071,190,161,29
S01005072,622,492,130
S01005073,616,495,121
S01005074,1210,1032,178
S01005075,435,337,98
S01005076,768,618,150
S01005077,1036,967,69
S01005078,692,540,152
S01005079,638,512,126
S01005080,454,371,83
S01005081,656,533,123
S01005082,657,554,103
S01005083,975,751,224
S01005084,613,478,135
S01005085,533,435,98
S01005086,1696,1441,255
S01005087,492,383,109
S01005088,561,402,159
S01005089,776,563,213
S01005090,866,708,158
S01005091,637,485,152
S01005092,672,528,144
S01005093,704,560,144
S01005094,802,707,95
S01005095,1566,1310,256
S01005096,734,628,106
S01005097,842,704,138
S01005098,722,567,155
S01005099,797,632,165
S01005100,928,786,142
S01005101,996,827,169
S01005102,893,716,177
S01005103,1155,963,192
S01005104,1002,894,108
S01005105,886,719,167
S01005106,557,447,110
S01005107,454,396,58
S01005108,635,528,107
S01005109,1470,1286,184
S01005110,1115,916,199
S01005111,577,486,91
S01005112,876,734,142
S01005113,1045,808,237
S01005114,990,827,163
S01005115,973,811,162
S01005116,621,523,98
S01005117,1014,838,176
S01005118,813,617,196
S01005119,712,541,171
S01005120,665,462,203
S01005121,918,777,141
S01005122,866,714,152
S01005123,750,585,165
S01005124,710,570,140
S01005125,839,635,204
S01005126,656,523,133
S01005127,678,516,162
S01005128,991,765,226
S01005129,948,762,186
S01005130,666,511,155
S01005131,984,828,156
S01005132,718,544,174
S01005133,401,343,58
S01005134,989,758,231
S01005135,780,630,150
S01005136,846,651,195
S01005137,943,782,161
S01005138,1129,878,251
S01005139,725,612,113
S01005140,613,499,114
S01005141,828,680,148
S01005142,561,428,133
S01005143,1122,922,200
S01005144,1222,969,253
S01005145,731,591,140
S01005146,745,629,116
S01005147,945,790,155
S01005148,846,714,132
S01005149,593,464,129
S01005150,660,537,123
S01005151,670,533,137
S01005152,1712,1356,356
S01005153,868,755,113
S01005154,645,527,118
S01005155,690,550,140
S01005156,695,536,159
S01005157,871,635,236
S01005158,677,539,138
S01005159,917,713,204
S01005160,1089,829,260
S01005161,951,810,141
S01005162,918,694,224
S01005163,628,499,129
S01005164,914,719,195
S01005165,720,525,195
S01005166,996,768,228
S01005167,670,551,119
S01005168,740,648,92
S01005169,577,484,93
S01005170,786,661,125
S01005171,882,579,303
S01005172,1468,1329,139
S01005173,696,579,117
S01005174,681,422,259
S01005175,982,865,117
S01005176,688,499,189
S01005177,829,651,178
S01005178,956,718,238
S01005179,925,775,150
S01005180,842,721,121
S01005181,924,843,81
S01005182,737,560,177
S01005183,903,696,207
S01005184,932,730,202
S01005185,517,385,132
S01005186,731,506,225
S01005187,990,751,239
S01005188,902,770,132
S01005189,877,608,269
S01005190,889,709,180
S01005191,926,735,191
S01005192,1126,939,187
S01005193,788,638,150
S01005194,591,454,137
S01005195,900,750,150
S01005196,809,659,150
S01005197,700,481,219
S01005198,846,697,149
S01005199,772,591,181
S01005200,537,456,81
S01005201,917,674,243
S01005202,870,620,250
S01005203,785,607,178
S01005204,506,434,72
S01005205,1101,971,130
S01005206,960,800,160
S01005207,892,583,309
S01005208,558,425,133
S01005209,866,646,220
S01005210,908,551,357
S01005211,686,489,197
S01005212,535,445,90
S01005213,923,753,170
S01005214,922,712,210
S01005215,974,695,279
S01005216,751,610,141
S01005217,977,771,206
S01005218,932,644,288
S01005219,953,675,278
S01005220,660,513,147
S01005221,692,540,152
S01005222,583,457,126
S01005223,722,540,182
S01005224,724,665,59
S01005225,978,785,193
S01005226,518,415,103
S01005227,1069,794,275
S01005228,891,755,136
S01005229,1122,861,261
S01005230,825,677,148
S01005231,715,626,89
S01005232,1068,696,372
S01005233,769,531,238
S01005234,1352,1127,225
S01005235,705,611,94
S01005236,1175,945,230
S01005237,983,801,182
S01005238,800,611,189
S01005239,1106,834,272
S01005240,834,600,234
S01005241,952,789,163
S01005242,1107,787,320
S01005243,1057,758,299
S01005244,909,773,136
S01005245,686,525,161
S01005246,878,635,243
S01005247,624,456,168
S01005248,619,422,197
S01005249,850,696,154
S01005250,835,634,201
S01005251,852,685,167
S01005252,506,390,116
S01005253,547,466,81
S01005254,903,782,121
S01005255,710,484,226
S01005256,846,727,119
S01005257,904,708,196
S01005258,1014,857,157
S01005259,541,416,125
S01005260,629,411,218
S01005261,653,500,153
S01005262,1183,902,281
S01005263,534,390,144
S01005264,628,452,176
S01005265,479,337,142
S01005266,846,584,262
S01005267,1070,848,222
S01005268,1315,963,352
S01005269,940,700,240
S01005270,1046,844,202
S01005271,519,456,63
S01005272,538,355,183
S01005273,731,596,135
S01005274,745,513,232
S01005275,546,388,158
S01005276,722,522,200
S01005277,669,560,109
S01005278,789,549,240
S01005279,553,470,83
S01005280,753,539,214
S01005281,767,621,146
S01005282,756,552,204
S01005283,800,711,89
S01005284,606,398,208
S01005285,693,551,142
S01005286,801,714,87
S01005287,1089,853,236
S01005288,778,568,210
S01005289,989,805,184
S01005290,604,457,147
S01005291,684,568,116
S01005292,744,518,226
S01005293,760,526,234
S01005294,569,498,71
S01005295,586,439,147
S01005296,831,756,75
S01005297,710,507,203
S01005298,1082,968,114
S01005299,503,403,100
S01005300,911,811,100
S01005301,868,769,99
S01005302,1000,777,223
S01005303,842,637,205
S01005304,662,550,112
S01005305,744,579,165
S01005306,956,862,94
S01005307,953,839,114
S01005308,532,410,122
S01005309,851,611,240
S01005310,975,653,322
S01005311,818,700,118
S01005312,1147,999,148
S01005313,841,701,140
S01005314,457,376,81
S01005315,881,676,205
S01005316,848,678,170
S01005317,519,445,74
S01005318,573,406,167
S01005319,617,507,110
S01005320,610,506,104
S01005321,607,469,138
S01005322,1859,1615,244
S01005323,757,555,202
S01005324,788,611,177
S01005325,2209,1865,344
S01005326,921,714,207
S01005327,604,493,111
S01005328,704,553,151
S01005329,658,556,102
S01005330,706,513,193
S01005331,669,480,189
S01005332,565,403,162
S01005333,772,637,135
S01005334,1137,964,173
S01005335,505,433,72
S01005336,598,491,107
S01005337,872,755,117
S01005338,562,513,49
S01005339,770,598,172
S01005340,573,509,64
S01005341,647,499,148
S01005342,730,562,168
S01005343,932,810,122
S01005344,726,548,178
S01005345,747,654,93
S01005346,789,714,75
S01005347,675,584,91
S01005348,933,676,257
S01005349,846,740,106
S01005350,709,626,83
S01005351,1349,929,420
S01005352,926,719,207
S01005353,1057,838,219
S01005354,843,729,114
S01005355,737,576,161
S01005356,681,576,105
S01005357,790,574,216
S01005358,782,610,172
S01005359,808,705,103
S01005360,762,637,125
S01005361,932,800,132
S01005362,768,571,197
S01005363,666,534,132
S01005364,911,760,151
S01005365,888,717,171
S01005366,708,595,113
S01005367,751,549,202
S01005368,675,501,174
S01005369,974,730,244
S01005370,850,672,178
S01005371,947,814,133
S01005372,864,682,182
S01005373,724,540,184
S01005374,870,690,180
S01005375,937,749,188
S01005376,992,785,207
S01005377,863,723,140
S01005378,808,666,142
S01005379,920,748,172
S01005380,671,510,161
S01005381,641,502,139
S01005382,834,686,148
S01005383,570,473,97
S01005384,920,805,115
S01005385,962,827,135
S01005386,653,536,117
S01005387,899,732,167
S01005388,775,639,136
S01005389,750,600,150
S01005390,850,699,151
S01005391,756,593,163
S01005392,831,668,163
S01005393,929,745,184
S01005394,863,732,131
S01005395,978,821,157
S01005396,744,635,109
S01005397,546,416,130
S01005398,969,823,146
S01005399,983,740,243
S01005400,1078,840,238
S01005401,847,659,188
S01005402,1015,848,167
S01005403,892,748,144
S01005404,985,826,159
S01005405,564,454,110
S01005406,546,435,111
S01005407,1435,1215,220
S01005408,579,454,125
S01005409,700,575,125
S01005410,1016,882,134
S01005411,968,793,175
S01005412,999,819,180
S01005413,909,688,221
S01005414,1039,829,210
S01005415,990,751,239
S01005416,978,734,244
S01005417,1231,1027,204
S01005418,1127,923,204
S01005419,718,564,154
S01005420,768,612,156
S01005421,870,690,180
S01005422,946,764,182
S01005423,989,860,129
S01005424,874,708,166
S01005425,980,773,207
S01005426,769,606,163
S01005427,779,608,171
S01005428,1049,868,181
S01005429,719,508,211
S01005430,537,417,120
S01005431,667,543,124
S01005432,704,576,128
S01005433,850,701,149
S01005434,807,675,132
S01005435,1060,828,232
S01005436,953,746,207
S01005437,916,767,149
S01005438,788,637,151
S01005439,700,573,127
S01005440,1266,1122,144
S01005441,1054,885,169
S01005442,1983,1803,180
S01005443,1183,982,201
S01005444,1322,1110,212
S01005445,1002,829,173
S01005446,777,638,139
S01005447,932,816,116
S01005448,876,752,124
S01005449,984,827,157
S01005450,1144,850,294
S01005451,937,737,200
S01005452,899,757,142
S01005453,802,654,148
S01005454,924,721,203
S01005455,874,667,207
S01005456,858,724,134
S01005457,959,781,178
S01005458,716,585,131
S01005459,934,812,122
S01005460,868,719,149
S01005461,773,611,162
S01005462,1073,886,187
S01005463,622,515,107
S01005464,653,514,139
S01005465,610,522,88
S01005466,1119,974,145
S01005467,509,419,90
S01005468,925,788,137
S01005469,889,715,174
S01005470,734,595,139
S01005471,813,735,78
S01005472,1451,1278,173
S01005473,993,834,159
S01005474,889,660,229
S01005475,950,801,149
S01005476,961,852,109
S01005477,863,721,142
S01005478,760,608,152
S01005479,599,471,128
S01005480,1273,1046,227
S01005481,687,562,125
S01005482,663,555,108
S01005483,939,786,153
S01005484,535,405,130
S01005485,851,671,180
S01005486,874,673,201
S01005487,733,508,225
S01005488,792,648,144
S01005489,962,782,180
S01005490,664,482,182
S01005491,836,659,177
S01005492,936,781,155
S01005493,704,570,134
S01005494,882,762,120
S01005495,769,643,126
S01005496,1025,850,175
S01005497,915,809,106
S01005498,984,803,181
S01005499,671,543,128
S01005500,720,598,122
S01005501,1043,879,164
S01005502,845,658,187
S01005503,618,502,116
S01005504,647,526,121
S01005505,621,503,118
S01005506,877,691,186
S01005507,587,486,101
S01005508,697,569,128
S01005509,659,575,84
S01005510,726,640,86
S01005511,652,561,91
S01005512,700,564,136
S01005513,813,677,136
S01005514,624,517,107
S01005515,576,490,86
S01005516,559,464,95
S01005517,957,800,157
S01005518,1055,892,163
S01005519,646,521,125
S01005520,966,738,228
S01005521,693,544,149
S01005522,636,455,181
S01005523,788,589,199
S01005524,815,610,205
S01005525,662,518,144
S01005526,674,520,154
S01005527,493,379,114
S01005528,558,396,162
S01005529,950,747,203
S01005530,626,411,215
S01005531,551,423,128
S01005532,839,595,244
S01005533,713,498,215
S01005534,585,420,165
S01005535,851,648,203
S01005536,890,707,183
S01005537,727,551,176
S01005538,815,630,185
S01005539,869,683,186
S01005540,748,589,159
S01005541,637,491,146
S01005542,733,579,154
S01005543,795,632,163
S01005544,709,533,176
S01005545,1224,1036,188
S01005546,746,635,111
S01005547,1000,838,162
S01005548,1365,1089,276
S01005549,1498,1234,264
S01005550,612,533,79
S01005551,840,685,155
S01005552,785,632,153
S01005553,813,700,113
S01005554,662,529,133
S01005555,858,727,131
S01005556,589,470,119
S01005557,701,560,141
S01005558,719,569,150
S01005559,625,501,124
S01005560,578,442,136
S01005561,860,710,150
S01005562,916,689,227
S01005563,757,562,195
S01005564,835,681,154
S01005565,546,454,92
S01005566,501,378,123
S01005567,962,711,251
S01005568,545,428,117
S01005569,735,637,98
S01005570,757,589,168
S01005571,688,601,87
S01005572,799,638,161
S01005573,699,545,154
S01005574,840,672,168
S01005575,674,579,95
S01005576,782,606,176
S01005577,869,662,207
S01005578,941,730,211
S01005579,981,811,170
S01005580,655,411,244
S01005581,714,507,207
S01005582,820,635,185
S01005583,630,490,140
S01005584,554,453,101
S01005585,881,616,265
S01005586,816,572,244
S01005587,1055,831,224
S01005588,654,397,257
S01005589,1318,1036,282
S01005590,772,521,251
S01005591,918,676,242
S01005592,440,340,100
S01005593,765,552,213
S01005594,978,687,291
S01005595,857,636,221
S01005596,487,335,152
S01005597,1019,732,287
S01005598,1052,803,249
S01005599,636,485,151
S01005600,832,652,180
S01005601,687,532,155
S01005602,637,450,187
S01005603,775,565,210
S01005604,468,356,112
S01005605,903,662,241
S01005606,612,477,135
S01005607,628,502,126
S01005608,877,732,145
S01005609,860,679,181
S01005610,541,438,103
S01005611,711,543,168
S01005612,810,747,63
S01005613,762,562,200
S01005614,750,611,139
S01005615,946,704,242
S01005616,668,536,132
S01005617,782,590,192
S01005618,612,417,195
S01005619,550,484,66
S01005620,493,356,137
S01005621,677,568,109
S01005622,874,713,161
S01005623,734,585,149
S01005624,860,709,151
S01005625,865,689,176
S01005626,823,649,174
S01005627,625,484,141
S01005628,1128,847,281
S01005629,775,644,131
S01005630,516,404,112
S01005631,701,563,138
S01005632,515,409,106
S01005633,757,514,243
S01005634,714,588,126
S01005635,826,632,194
S01005636,787,590,197
S01005637,1064,869,195
S01005638,927,753,174
S01005639,717,554,163
S01005640,694,584,110
S01005641,1066,884,182
S01005642,806,618,188
S01005643,617,510,107
S01005644,630,527,103
S01005645,824,675,149
S01005646,716,543,173
S01005647,779,592,187
S01005648,943,700,243
S01005649,1032,797,235
S01005650,545,432,113
S01005651,747,565,182
S01005652,686,608,78
S01005653,824,668,156
S01005654,757,576,181
S01005655,1058,888,170
S01005656,767,521,246
S01005657,562,431,131
S01005658,815,695,120
S01005659,905,769,136
S01005660,577,440,137
S01005661,611,530,81
S01005662,545,454,91
S01005663,636,533,103
S01005664,541,486,55
S01005665,458,408,50
S01005666,1329,1029,300
S01005667,746,583,163
S01005668,807,671,136
S01005669,509,412,97
S01005670,756,593,163
S01005671,520,424,96
S01005672,848,651,197
S01005673,657,550,107
S01005674,872,666,206
S01005675,944,690,254
S01005676,844,656,188
S01005677,838,699,139
S01005678,886,734,152
S01005679,1105,723,382
S01005680,830,688,142
S01005681,994,722,272
S01005682,774,632,142
S01005683,804,594,210
S01005684,1178,908,270
S01005685,861,722,139
S01005686,826,615,211
S01005687,726,585,141
S01005688,972,823,149
S01005689,509,442,67
S01005690,770,651,119
S01005691,679,562,117
S01005692,718,597,121
S01005693,1670,1380,290
S01005694,554,432,122
S01005695,526,428,98
S01005696,674,532,142
S01005697,649,481,168
S01005698,587,438,149
S01005699,823,592,231
S01005700,573,456,117
S01005701,760,593,167
S01005702,685,513,172
S01005703,580,486,94
S01005704,649,497,152
S01005705,923,786,137
S01005706,746,628,118
S01005707,546,366,180
S01005708,715,566,149
S01005709,779,617,162
S01005710,465,392,73
S01005711,949,799,150
S01005712,524,393,131
S01005713,578,450,128
S01005714,1262,1017,245
S01005715,732,586,146
S01005716,538,448,90
S01005717,478,391,87
S01005718,791,612,179
S01005719,487,423,64
S01005720,766,657,109
S01005721,747,596,151
S01005722,532,428,104
S01005723,754,585,169
S01005724,609,537,72
S01005725,739,590,149
S01005726,1085,913,172
S01005727,1346,1190,156
S01005728,835,673,162
S01005729,583,431,152
S01005730,689,530,159
S01005731,791,582,209
S01005732,833,662,171
S01005733,772,651,121
S01005734,674,541,133
S01005735,727,613,114
S01005736,766,549,217
S01005737,749,602,147
S01005738,885,695,190
S01005739,941,746,195
S01005740,753,642,111
S01005741,1045,862,183
S01005742,964,762,202
S01005743,1191,1072,119
S01005744,931,706,225
S01005745,1132,784,348
S01005746,834,677,157
S01005747,804,634,170
S01005748,663,440,223
S01005749,748,604,144
S01005750,756,581,175
S01005751,737,609,128
S01005752,641,474,167
S01005753,668,530,138
S01005754,1032,795,237
S01005755,717,509,208
S01005756,834,618,216
S01005757,582,426,156
S01005758,801,629,172
S01005759,766,563,203
S01005760,610,485,125
S01005761,669,563,106
S01005762,650,444,206
S01005763,2510,2205,305
S01005764,580,426,154
S01005765,949,681,268
S01005766,660,519,141
S01005767,692,597,95
S01005768,844,634,210
S01005769,761,587,174
S01005770,588,380,208
S01005771,722,597,125
S01005772,696,553,143
S01005773,889,757,132
S01005774,664,513,151
S01005775,732,505,227
S01005776,691,541,150
S01005777,515,393,122
S01005778,650,471,179
S01005779,767,632,135
S01005780,1456,1336,120
S01005781,946,715,231
S01005782,821,570,251
S01005783,529,443,86
S01005784,742,554,188
S01005785,731,632,99
S01005786,579,445,134
S01005787,754,603,151
S01005788,542,402,140
S01005789,795,642,153
S01005790,493,404,89
S01005791,470,375,95
S01005792,833,690,143
S01005793,502,406,96
S01005794,938,738,200
S01005795,660,562,98
S01005796,1132,980,152
S01005797,1066,972,94
S01005798,618,464,154
S01005799,688,526,162
S01005800,616,468,148
S01005801,651,555,96
S01005802,862,716,146
S01005803,797,638,159
S01005804,3934,3564,370
S01005805,606,547,59
S01005806,788,613,175
S01005807,808,627,181
S01005808,719,608,111
S01005809,669,535,134
S01005810,487,384,103
S01005811,522,424,98
S01005812,572,498,74
S01005813,790,611,179
S01005814,772,589,183
S01005815,1022,690,332
S01005816,1055,898,157
S01005817,521,459,62
S01005818,780,710,70
S01005819,687,521,166
S01005820,668,559,109
S01005821,479,391,88
S01005822,820,691,129
S01005823,602,494,108
S01005824,681,607,74
S01005825,642,494,148
S01005826,898,786,112
S01005827,685,601,84
S01005828,748,617,131
S01005829,745,617,128
S01005830,840,570,270
S01005831,1139,958,181
S01005832,723,543,180
S01005833,640,524,116
S01005834,602,445,157
S01005835,667,562,105
S01005836,649,572,77
S01005837,485,431,54
S01005838,688,516,172
S01005839,783,661,122
S01005840,836,663,173
S01005841,628,517,111
S01005842,506,368,138
S01005843,637,527,110
S01005844,706,597,109
S01005845,482,423,59
S01005846,871,655,216
S01005847,786,597,189
S01005848,556,436,120
S01005849,838,656,182
S01005850,777,568,209
S01005851,689,511,178
S01005852,500,419,81
S01005853,994,719,275
S01005854,797,626,171
S01005855,821,522,299
S01005856,733,558,175
S01005857,701,520,181
S01005858,678,536,142
S01005859,697,599,98
S01005860,746,589,157
S01005861,865,798,67
S01005862,772,633,139
S01005863,1574,1268,306
S01005864,883,662,221
S01005865,792,562,230
S01005866,810,679,131
S01005867,959,781,178
S01005868,717,627,90
S01005869,708,514,194
S01005870,708,516,192
S01005871,658,518,140
S01005872,749,596,153
S01005873,962,722,240
S01005874,814,615,199
S01005875,800,685,115
S01005876,857,723,134
S01005877,887,703,184
S01005878,555,501,54
S01005879,644,504,140
S01005880,742,494,248
S01005881,788,614,174
S01005882,1554,1428,126
S01005883,455,350,105
S01005884,727,574,153
S01005885,581,479,102
S01005886,689,599,90
S01005887,490,387,103
S01005888,612,478,134
S01005889,863,610,253
S01005890,675,589,86
S01005891,615,465,150
S01005892,688,496,192
S01005893,705,564,141
S01005894,726,547,179
S01005895,571,461,110
S01005896,704,582,122
S01005897,728,559,169
S01005898,692,568,124
S01005899,696,517,179
S01005900,598,469,129
S01005901,751,660,91
S01005902,842,647,195
S01005903,967,767,200
S01005904,1012,823,189
S01005905,772,659,113
S01005906,831,676,155
S01005907,728,546,182
S01005908,881,706,175
S01005909,512,422,90
S01005910,691,580,111
S01005911,1349,1076,273
S01005912,803,659,144
S01005913,829,584,245
S01005914,945,673,272
S01005915,673,479,194
S01005916,749,669,80
S01005917,876,678,198
S01005918,882,686,196
S01005919,525,452,73
S01005920,858,630,228
S01005921,655,519,136
S01005922,900,738,162
S01005923,689,575,114
S01005924,651,597,54
S01005925,698,629,69
S01005926,989,753,236
S01005927,720,586,134
S01005928,788,608,180
S01005929,764,611,153
S01005930,1060,914,146
S01005931,748,620,128
S01005932,614,436,178
S01005933,861,755,106
S01005934,699,514,185
S01005935,610,455,155
S01005936,817,557,260
S01005937,609,548,61
S01005938,745,562,183
S01005939,698,531,167
S01005940,778,612,166
S01005941,453,412,41
S01005942,879,609,270
S01005943,811,651,160
S01005944,957,637,320
S01005945,816,677,139
S01005946,859,662,197
S01005947,733,498,235
S01005948,832,643,189
S01005949,622,498,124
S01005950,529,379,150
S01005951,1242,938,304
S01005952,1163,853,310
S01005953,1255,1031,224
S01005954,496,365,131
S01005955,700,588,112
S01005956,738,550,188
S01005957,1052,744,308
S01005958,538,373,165
S01005959,524,343,181
S01005960,496,308,188
S01005961,1190,953,237
S01005962,461,320,141
S01005963,608,473,135
S01005964,722,531,191
S01005965,948,725,223
S01005966,1383,1152,231
S01005967,1008,721,287
S01005968,1209,919,290
S01005969,708,551,157
S01005970,754,561,193
S01005971,402,304,98
S01005972,705,545,160
S01005973,839,648,191
S01005974,764,567,197
S01005975,685,514,171
S01005976,778,624,154
S01005977,720,567,153
S01005978,720,596,124
S01005979,853,635,218
S01005980,568,474,94
S01005981,875,748,127
S01005982,717,551,166
S01005983,831,688,143
S01005984,894,773,121
S01005985,764,599,165
S01005986,1038,868,170
S01005987,548,397,151
S01005988,546,400,146
S01005989,675,588,87
S01005990,1408,1109,299
S01005991,690,496,194
S01005992,561,381,180
S01005993,666,550,116
S01005994,912,703,209
S01005995,634,397,237
S01005996,836,734,102
S01005997,603,451,152
S01005998,660,476,184
S01005999,1375,1220,155
S01006000,746,555,191
S01006001,734,604,130
S01006002,531,380,151
S01006003,630,399,231
S01006004,1458,1316,142
S01006005,544,441,103
S01006006,766,637,129
S01006007,446,314,132
S01006008,714,513,201
S01006009,475,401,74
S01006010,979,832,147
S01006011,778,566,212
S01006012,755,529,226
S01006013,587,519,68
S01006014,675,488,187
S01006015,734,611,123
S01006016,927,820,107
S01006017,1269,1039,230
S01006018,908,753,155
S01006019,1334,1132,202
S01006020,826,670,156
S01006021,1059,854,205
S01006022,573,440,133
S01006023,697,605,92
S01006024,801,562,239
S01006025,879,604,275
S01006026,726,517,209
S01006027,729,606,123
S01006028,618,514,104
S01006029,685,551,134
S01006030,892,731,161
S01006031,1456,1199,257
S01006032,898,613,285
S01006033,1159,1021,138
S01006034,1784,1449,335
S01006035,915,690,225
S01006036,2362,2175,187
S01006037,815,634,181
S01006038,864,644,220
S01006039,770,590,180
S01006040,865,645,220
S01006041,926,624,302
S01006042,803,576,227
S01006043,547,442,105
S01006044,1067,647,420
S01006045,666,574,92
S01006046,726,618,108
S01006047,710,476,234
S01006048,696,601,95
S01006049,779,552,227
S01006050,749,587,162
S01006051,801,656,145
S01006052,797,672,125
S01006053,772,600,172
S01006054,791,619,172
S01006055,642,551,91
S01006056,884,753,131
S01006057,494,360,134
S01006058,720,441,279
S01006059,859,532,327
S01006060,667,436,231
S01006061,484,315,169
S01006062,681,476,205
S01006063,546,413,133
S01006064,696,493,203
S01006065,775,585,190
S01006066,1014,808,206
S01006067,933,762,171
S01006068,582,463,119
S01006069,827,713,114
S01006070,673,584,89
S01006071,926,817,109
S01006072,625,554,71
S01006073,447,365,82
S01006074,700,610,90
S01006075,1013,737,276
S01006076,1012,760,252
S01006077,1217,1009,208
S01006078,1442,1249,193
S01006079,710,566,144
S01006080,1007,841,166
S01006081,715,605,110
S01006082,895,708,187
S01006083,1038,846,192
S01006084,880,749,131
S01006085,754,658,96
S01006086,923,776,147
S01006087,738,561,177
S01006088,757,654,103
S01006089,712,539,173
S01006090,825,617,208
S01006091,897,796,101
S01006092,564,434,130
S01006093,760,606,154
S01006094,838,624,214
S01006095,896,711,185
S01006096,602,459,143
S01006097,963,713,250
S01006098,669,492,177
S01006099,561,489,72
S01006100,431,332,99
S01006101,614,427,187
S01006102,833,626,207
S01006103,628,540,88
S01006104,726,545,181
S01006105,905,768,137
S01006106,835,699,136
S01006107,662,508,154
S01006108,872,696,176
S01006109,871,689,182
S01006110,767,598,169
S01006111,972,763,209
S01006112,680,594,86
S01006113,899,740,159
S01006114,702,525,177
S01006115,776,594,182
S01006116,841,734,107
S01006117,846,660,186
S01006118,629,511,118
S01006119,1147,946,201
S01006120,1123,956,167
S01006121,548,453,95
S01006122,1016,903,113
S01006123,765,668,97
S01006124,705,570,135
S01006125,934,811,123
S01006126,877,790,87
S01006127,749,673,76
S01006128,895,800,95
S01006129,732,591,141
S01006130,440,312,128
S01006131,953,811,142
S01006132,790,514,276
S01006133,620,525,95
S01006134,496,394,102
S01006135,532,372,160
S01006136,1133,880,253
S01006137,988,875,113
S01006138,616,522,94
S01006139,413,297,116
S01006140,809,632,177
S01006141,1996,1621,375
S01006142,620,518,102
S01006143,658,584,74
S01006144,971,830,141
S01006145,1065,845,220
S01006146,828,713,115
S01006147,772,658,114
S01006148,800,654,146
S01006149,1090,907,183
S01006150,1012,859,153
S01006151,1999,1916,83
S01006152,712,622,90
S01006153,584,508,76
S01006154,842,778,64
S01006155,784,631,153
S01006156,598,509,89
S01006157,747,575,172
S01006158,880,758,122
S01006159,821,672,149
S01006160,808,699,109
S01006161,753,630,123
S01006162,628,513,115
S01006163,741,622,119
S01006164,596,506,90
S01006165,901,776,125
S01006166,864,761,103
S01006167,1687,1490,197
S01006168,1044,879,165
S01006169,710,599,111
S01006170,896,706,190
S01006171,869,642,227
S01006172,471,373,98
S01006173,622,522,100
S01006174,611,522,89
S01006175,753,588,165
S01006176,643,527,116
S01006177,598,432,166
S01006178,798,559,239
S01006179,719,531,188
S01006180,774,613,161
S01006181,743,553,190
S01006182,624,441,183
S01006183,853,622,231
S01006184,745,535,210
S01006185,928,675,253
S01006186,1173,834,339
S01006187,771,574,197
S01006188,653,541,112
S01006189,704,546,158
S01006190,840,658,182
S01006191,587,437,150
S01006192,710,547,163
S01006193,894,541,353
S01006194,878,614,264
S01006195,863,518,345
S01006196,853,629,224
S01006197,816,565,251
S01006198,642,465,177
S01006199,647,463,184
S01006200,911,666,245
S01006201,922,663,259
S01006202,655,487,168
S01006203,597,453,144
S01006204,894,637,257
S01006205,671,507,164
S01006206,749,590,159
S01006207,853,572,281
S01006208,704,497,207
S01006209,683,579,104
S01006210,757,607,150
S01006211,528,383,145
S01006212,793,713,80
S01006213,1064,802,262
S01006214,824,649,175
S01006215,759,559,200
S01006216,679,575,104
S01006217,979,754,225
S01006218,569,469,100
S01006219,893,657,236
S01006220,867,731,136
S01006221,815,573,242
S01006222,1021,819,202
S01006223,701,601,100
S01006224,617,518,99
S01006225,890,667,223
S01006226,702,616,86
S01006227,910,705,205
S01006228,728,643,85
S01006229,908,750,158
S01006230,983,785,198
S01006231,865,669,196
S01006232,1055,923,132
S01006233,719,559,160
S01006234,649,528,121
S01006235,718,562,156
S01006236,568,483,85
S01006237,907,647,260
S01006238,952,703,249
S01006239,434,386,48
S01006240,741,519,222
S01006241,991,724,267
S01006242,743,528,215
S01006243,600,482,118
S01006244,805,628,177
S01006245,574,439,135
S01006246,727,550,177
S01006247,789,620,169
S01006248,834,681,153
S01006249,680,568,112
S01006250,717,570,147
S01006251,577,423,154
S01006252,618,510,108
S01006253,629,482,147
S01006254,793,678,115
S01006255,885,733,152
S01006256,627,479,148
S01006257,749,531,218
S01006258,825,639,186
S01006259,673,555,118
S01006260,572,465,107
S01006261,810,631,179
S01006262,823,613,210
S01006263,787,551,236
S01006264,917,814,103
S01006265,762,613,149
S01006266,919,695,224
S01006267,588,483,105
S01006268,676,549,127
S01006269,609,492,117
S01006270,859,686,173
S01006271,696,526,170
S01006272,819,595,224
S01006273,527,400,127
S01006274,536,406,130
S01006275,809,669,140
S01006276,814,636,178
S01006277,657,519,138
S01006278,1054,760,294
S01006279,1326,1064,262
S01006280,703,515,188
S01006281,772,584,188
S01006282,654,486,168
S01006283,691,481,210
S01006284,732,541,191
S01006285,819,684,135
S01006286,1085,889,196
S01006287,579,437,142
S01006288,767,524,243
S01006289,822,640,182
S01006290,885,681,204
S01006291,534,392,142
S01006292,810,664,146
S01006293,821,690,131
S01006294,603,498,105
S01006295,881,742,139
S01006296,922,777,145
S01006297,735,574,161
S01006298,1009,819,190
S01006299,752,506,246
S01006300,791,557,234
S01006301,629,468,161
S01006302,927,738,189
S01006303,680,530,150
S01006304,845,653,192
S01006305,708,557,151
S01006306,788,625,163
S01006307,897,602,295
S01006308,633,466,167
S01006309,1092,889,203
S01006310,820,670,150
S01006311,747,574,173
S01006312,1195,918,277
S01006313,1275,999,276
S01006314,653,548,105
S01006315,836,630,206
S01006316,826,690,136
S01006317,979,808,171
S01006318,769,589,180
S01006319,925,691,234
S01006320,1008,762,246
S01006321,829,771,58
S01006322,786,725,61
S01006323,1017,885,132
S01006324,693,628,65
S01006325,661,469,192
S01006326,959,690,269
S01006327,574,436,138
S01006328,615,443,172
S01006329,1105,930,175
S01006330,706,510,196
S01006331,731,606,125
S01006332,594,443,151
S01006333,911,681,230
S01006334,772,560,212
S01006335,849,671,178
S01006336,1269,1148,121
S01006337,1395,1286,109
S01006338,793,679,114
S01006339,945,720,225
S01006340,701,587,114
S01006341,727,594,133
S01006342,687,497,190
S01006343,1226,948,278
S01006344,702,530,172
S01006345,686,526,160
S01006346,653,530,123
S01006347,611,537,74
S01006348,585,467,118
S01006349,494,372,122
S01006350,666,503,163
S01006351,1268,928,340
S01006352,703,546,157
S01006353,557,444,113
S01006354,963,746,217
S01006355,740,588,152
S01006356,651,588,63
S01006357,733,596,137
S01006358,685,555,130
S01006359,1097,878,219
S01006360,656,572,84
S01006361,1070,907,163
S01006362,746,653,93
S01006363,667,564,103
S01006364,4216,3847,369
S01006365,867,751,116
S01006366,714,629,85
S01006367,729,610,119
S01006368,784,706,78
S01006369,1655,1407,248
S01006370,1084,967,117
S01006371,612,543,69
S01006372,712,543,169
S01006373,886,739,147
S01006374,648,521,127
S01006375,593,475,118
S01006376,1041,900,141
S01006377,576,458,118
S01006378,526,485,41
S01006379,688,539,149
S01006380,637,520,117
S01006381,501,399,102
S01006382,687,553,134
S01006383,603,493,110
S01006384,726,637,89
S01006385,996,788,208
S01006386,991,739,252
S01006387,858,689,169
S01006388,1043,758,285
S01006389,680,522,158
S01006390,692,556,136
S01006391,1166,1089,77
S01006392,970,783,187
S01006393,1417,1200,217
S01006394,731,586,145
S01006395,1139,855,284
S01006396,604,467,137
S01006397,961,828,133
S01006398,843,651,192
S01006399,724,576,148
S01006400,1369,1196,173
S01006401,1087,840,247
S01006402,672,523,149
S01006403,748,540,208
S01006404,862,667,195
S01006405,1016,807,209
S01006406,386,284,102
S01006407,650,571,79
S01006408,1047,856,191
S01006409,1445,1284,161
S01006410,679,445,234
S01006411,1058,887,171
S01006412,660,530,130
S01006413,513,411,102
S01006414,485,408,77
S01006415,820,672,148
S01006416,878,592,286
S01006417,760,646,114
S01006418,612,468,144
S01006419,534,397,137
S01006420,877,709,168
S01006421,776,611,165
S01006422,658,517,141
S01006423,647,584,63
S01006424,612,468,144
S01006425,1390,1119,271
S01006426,1215,1007,208
S01006427,759,554,205
S01006428,747,603,144
S01006429,687,573,114
S01006430,669,568,101
S01006431,494,437,57
S01006432,673,528,145
S01006433,625,514,111
S01006434,757,621,136
S01006435,429,360,69
S01006436,779,625,154
S01006437,897,750,147
S01006438,649,439,210
S01006439,821,634,187
S01006440,830,638,192
S01006441,669,517,152
S01006442,752,579,173
S01006443,459,349,110
S01006444,586,489,97
S01006445,775,651,124
S01006446,869,718,151
S01006447,576,436,140
S01006448,897,762,135
S01006449,459,379,80
S01006450,662,538,124
S01006451,1108,912,196
S01006452,556,414,142
S01006453,944,740,204
S01006454,613,514,99
S01006455,560,441,119
S01006456,1888,1627,261
S01006457,1094,928,166
S01006458,849,748,101
S01006459,763,655,108
S01006460,490,391,99
S01006461,1776,1559,217
S01006462,764,651,113
S01006463,673,530,143
S01006464,669,518,151
S01006465,1479,1189,290
S01006466,744,610,134
S01006467,816,646,170
S01006468,1252,1088,164
S01006469,626,509,117
S01006470,837,591,246
S01006471,899,724,175
S01006472,605,474,131
S01006473,746,625,121
S01006474,745,580,165
S01006475,849,680,169
S01006476,860,703,157
S01006477,786,596,190
S01006478,1098,940,158
S01006479,766,571,195
S01006480,830,720,110
S01006481,972,869,103
S01006482,711,602,109
S01006483,909,688,221
S01006484,772,594,178
S01006485,687,607,80
S01006486,786,722,64
S01006487,772,609,163
S01006488,657,568,89
S01006489,884,738,146
S01006490,709,619,90
S01006491,752,672,80
S01006492,645,533,112
S01006493,575,447,128
S01006494,659,540,119
S01006495,785,675,110
S01006496,928,733,195
S01006497,560,458,102
S01006498,1236,984,252
S01006499,910,735,175
S01006500,713,576,137
S01006501,871,776,95
S01006502,588,538,50
S01006503,640,573,67
S01006504,776,699,77
S01006505,860,812,48
