dz_2001,total,no_llti,llti
S01000001,765,654,111
S01000002,687,649,38
S01000003,838,778,60
S01000004,641,596,45
S01000005,663,593,70
S01000006,626,482,144
S01000007,735,579,156
S01000008,584,472,112
S01000009,710,605,105
S01000010,568,517,51
S01000011,918,765,153
S01000012,816,727,89
S01000013,898,768,130
S01000014,919,813,106
S01000015,655,614,41
S01000016,564,468,96
S01000017,937,815,122
S01000018,577,501,76
S01000019,531,476,55
S01000020,877,622,255
S01000021,862,698,164
S01000022,663,603,60
S01000023,805,749,56
S01000024,512,451,61
S01000025,874,789,85
S01000026,930,702,228
S01000027,815,725,90
S01000028,969,751,218
S01000029,742,721,21
S01000030,500,389,111
S01000031,866,739,127
S01000032,1089,838,251
S01000033,796,581,215
S01000034,1012,849,163
S01000035,1009,820,189
S01000036,744,565,179
S01000037,800,600,200
S01000038,684,556,128
S01000039,942,731,211
S01000040,970,760,210
S01000041,838,650,188
S01000042,790,646,144
S01000043,837,642,195
S01000044,951,677,274
S01000045,581,497,84
S01000046,768,668,100
S01000047,759,533,226
S01000048,925,819,106
S01000049,764,623,141
S01000050,618,504,114
S01000051,788,635,153
S01000052,677,504,173
S01000053,1014,795,219
S01000054,777,598,179
S01000055,754,576,178
S01000056,1049,940,109
S01000057,700,545,155
S01000058,710,626,84
S01000059,806,703,103
S01000060,577,463,114
S01000061,963,821,142
S01000062,991,908,83
S01000063,983,858,125
S01000064,648,513,135
S01000065,953,833,120
S01000066,800,646,154
S01000067,897,757,140
S01000068,862,717,145
S01000069,684,510,174
S01000070,646,526,120
S01000071,740,555,185
S01000072,832,645,187
S01000073,619,531,88
S01000074,763,595,168
S01000075,547,462,85
S01000076,770,673,97
S01000077,917,812,105
S01000078,817,682,135
S01000079,952,821,131
S01000080,927,831,96
S01000081,924,790,134
S01000082,954,694,260
S01000083,757,669,88
S01000084,674,544,130
S01000085,555,482,73
S01000086,745,633,112
S01000087,820,710,110
S01000088,639,582,57
S01000089,1003,846,157
S01000090,800,732,68
S01000091,929,793,136
S01000092,851,781,70
S01000093,404,381,23
S01000094,575,530,45
S01000095,703,634,69
S01000096,706,506,200
S01000097,967,855,112
S01000098,1022,850,172
S01000099,762,662,100
S01000100,760,677,83
S01000101,885,794,91
S01000102,747,582,165
S01000103,603,551,52
S01000104,863,722,141
S01000105,885,799,86
S01000106,706,656,50
S01000107,889,795,94
S01000108,606,456,150
S01000109,895,725,170
S01000110,820,599,221
S01000111,762,679,83
S01000112,970,767,203
S01000113,545,485,60
S01000114,876,549,327
S01000115,873,645,228
S01000116,901,820,81
S01000117,1056,868,188
S01000118,704,546,158
S01000119,786,625,161
S01000120,574,507,67
S01000121,796,632,164
S01000122,764,602,162
S01000123,648,569,79
S01000124,985,842,143
S01000125,701,541,160
S01000126,867,624,243
S01000127,798,720,78
S01000128,1538,1356,182
S01000129,549,528,21
S01000130,865,688,177
S01000131,659,585,74
S01000132,784,699,85
S01000133,737,595,142
S01000134,762,598,164
S01000135,721,514,207
S01000136,706,552,154
S01000137,786,682,104
S01000138,822,695,127
S01000139,817,598,219
S01000140,943,739,204
S01000141,945,797,148
S01000142,772,605,167
S01000143,633,573,60
S01000144,547,497,50
S01000145,905,623,282
S01000146,963,776,187
S01000147,735,558,177
S01000148,694,522,172
S01000149,1011,837,174
S01000150,636,511,125
S01000151,907,619,288
S01000152,1083,742,341
S01000153,529,439,90
S01000154,557,411,146
S01000155,784,606,178
S01000156,970,836,134
S01000157,692,422,270
S01000158,933,728,205
S01000159,1014,911,103
S01000160,813,636,177
S01000161,959,856,103
S01000162,886,714,172
S01000163,1022,798,224
S01000164,471,290,181
S01000165,861,607,254
S01000166,1147,1006,141
S01000167,712,515,197
S01000168,956,748,208
S01000169,761,568,193
S01000170,1035,892,143
S01000171,892,847,45
S01000172,501,435,66
S01000173,811,617,194
S01000174,873,823,50
S01000175,528,462,66
S01000176,744,660,84
S01000177,554,497,57
S01000178,760,588,172
S01000179,757,492,265
S01000180,693,537,156
S01000181,654,539,115
S01000182,873,658,215
S01000183,1000,817,183
S01000184,793,644,149
S01000185,787,547,240
S01000186,957,675,282
S01000187,713,569,144
S01000188,1079,798,281
S01000189,624,507,117
S01000190,887,690,197
S01000191,1057,875,182
S01000192,767,609,158
S01000193,802,624,178
S01000194,745,627,118
S01000195,697,526,171
S01000196,924,777,147
S01000197,610,476,134
S01000198,746,545,201
S01000199,716,524,192
S01000200,846,625,221
S01000201,654,472,182
S01000202,888,724,164
S01000203,453,367,86
S01000204,622,484,138
S01000205,960,836,124
S01000206,714,589,125
S01000207,883,647,236
S01000208,857,588,269
S01000209,987,803,184
S01000210,578,428,150
S01000211,713,509,204
S01000212,788,630,158
S01000213,672,476,196
S01000214,507,399,108
S01000215,736,625,111
S01000216,619,494,125
S01000217,698,544,154
S01000218,718,531,187
S01000219,698,534,164
S01000220,1399,1234,165
S01000221,897,586,311
S01000222,758,597,161
S01000223,525,461,64
S01000224,768,572,196
S01000225,595,498,97
S01000226,618,529,89
S01000227,646,589,57
S01000228,660,584,76
S01000229,795,610,185
S01000230,678,557,121
S01000231,710,661,49
S01000232,669,508,161
S01000233,567,412,155
S01000234,762,660,102
S01000235,888,735,153
S01000236,680,571,109
S01000237,916,777,139
S01000238,516,478,38
S01000239,733,628,105
S01000240,721,625,96
S01000241,746,700,46
S01000242,690,609,81
S01000243,739,676,63
S01000244,1045,834,211
S01000245,953,821,132
S01000246,750,654,96
S01000247,767,702,65
S01000248,868,774,94
S01000249,738,630,108
S01000250,805,739,66
S01000251,501,465,36
S01000252,867,817,50
S01000253,745,718,27
S01000254,808,740,68
S01000255,632,597,35
S01000256,919,713,206
S01000257,826,710,116
S01000258,666,625,41
S01000259,614,571,43
S01000260,890,859,31
S01000261,1007,889,118
S01000262,946,783,163
S01000263,794,729,65
S01000264,1033,848,185
S01000265,778,618,160
S01000266,984,850,134
S01000267,691,556,135
S01000268,779,639,140
S01000269,561,500,61
S01000270,964,822,142
S01000271,906,756,150
S01000272,940,818,122
S01000273,524,461,63
S01000274,594,485,109
S01000275,982,826,156
S01000276,740,675,65
S01000277,674,574,100
S01000278,537,417,120
S01000279,613,495,118
S01000280,620,554,66
S01000281,679,575,104
S01000282,663,585,78
S01000283,881,791,90
S01000284,819,751,68
S01000285,672,608,64
S01000286,880,731,149
S01000287,724,620,104
S01000288,897,814,83
S01000289,849,708,141
S01000290,775,661,114
S01000291,831,709,122
S01000292,980,825,155
S01000293,765,551,214
S01000294,699,632,67
S01000295,607,541,66
S01000296,532,455,77
S01000297,736,649,87
S01000298,528,481,47
S01000299,953,792,161
S01000300,774,707,67
S01000301,579,489,90
S01000302,566,498,68
S01000303,485,420,65
S01000304,791,738,53
S01000305,1040,901,139
S01000306,746,685,61
S01000307,991,925,66
S01000308,991,883,108
S01000309,646,564,82
S01000310,899,826,73
S01000311,947,803,144
S01000312,646,513,133
S01000313,709,599,110
S01000314,572,503,69
S01000315,661,554,107
S01000316,800,619,181
S01000317,551,434,117
S01000318,577,517,60
S01000319,723,642,81
S01000320,722,645,77
S01000321,581,524,57
S01000322,1083,1004,79
S01000323,888,756,132
S01000324,870,793,77
S01000325,618,510,108
S01000326,763,634,129
S01000327,898,807,91
S01000328,601,533,68
S01000329,546,486,60
S01000330,733,638,95
S01000331,621,507,114
S01000332,687,586,101
S01000333,841,766,75
S01000334,823,629,194
S01000335,652,549,103
S01000336,852,734,118
S01000337,690,604,86
S01000338,508,414,94
S01000339,1094,956,138
S01000340,971,846,125
S01000341,748,621,127
S01000342,387,297,90
S01000343,644,558,86
S01000344,894,769,125
S01000345,646,562,84
S01000346,683,611,72
S01000347,478,413,65
S01000348,816,746,70
S01000349,592,518,74
S01000350,1002,924,78
S01000351,1023,943,80
S01000352,798,728,70
S01000353,663,612,51
S01000354,648,510,138
S01000355,707,666,41
S01000356,611,555,56
S01000357,682,644,38
S01000358,1030,942,88
S01000359,856,819,37
S01000360,514,435,79
S01000361,614,538,76
S01000362,920,824,96
S01000363,960,873,87
S01000364,900,780,120
S01000365,677,596,81
S01000366,761,676,85
S01000367,753,654,99
S01000368,797,687,110
S01000369,975,859,116
S01000370,796,718,78
S01000371,931,758,173
S01000372,983,809,174
S01000373,588,533,55
S01000374,611,527,84
S01000375,646,534,112
S01000376,899,759,140
S01000377,721,642,79
S01000378,581,513,68
S01000379,574,519,55
S01000380,748,692,56
S01000381,884,750,134
S01000382,755,665,90
S01000383,655,561,94
S01000384,731,596,135
S01000385,574,502,72
S01000386,766,664,102
S01000387,853,760,93
S01000388,775,691,84
S01000389,667,631,36
S01000390,727,572,155
S01000391,636,511,125
S01000392,723,657,66
S01000393,857,667,190
S01000394,688,605,83
S01000395,588,517,71
S01000396,940,685,255
S01000397,1024,866,158
S01000398,749,671,78
S01000399,577,479,98
S01000400,705,578,127
S01000401,824,723,101
S01000402,709,626,83
S01000403,797,686,111
S01000404,756,668,88
S01000405,474,432,42
S01000406,629,539,90
S01000407,658,551,107
S01000408,513,472,41
S01000409,666,612,54
S01000410,664,608,56
S01000411,631,560,71
S01000412,787,710,77
S01000413,786,692,94
S01000414,721,661,60
S01000415,615,505,110
S01000416,670,592,78
S01000417,1005,882,123
S01000418,723,635,88
S01000419,672,618,54
S01000420,998,830,168
S01000421,601,544,57
S01000422,725,569,156
S01000423,904,833,71
S01000424,727,634,93
S01000425,695,602,93
S01000426,797,727,70
S01000427,785,712,73
S01000428,777,697,80
S01000429,782,658,124
S01000430,570,500,70
S01000431,693,516,177
S01000432,973,822,151
S01000433,468,401,67
S01000434,680,587,93
S01000435,555,471,84
S01000436,695,650,45
S01000437,1024,850,174
S01000438,698,649,49
S01000439,700,638,62
S01000440,868,740,128
S01000441,871,700,171
S01000442,808,723,85
S01000443,581,522,59
S01000444,573,522,51
S01000445,971,834,137
S01000446,946,804,142
S01000447,539,475,64
S01000448,622,539,83
S01000449,784,627,157
S01000450,645,565,80
S01000451,790,685,105
S01000452,561,496,65
S01000453,547,471,76
S01000454,493,389,104
S01000455,870,741,129
S01000456,718,616,102
S01000457,872,666,206
S01000458,853,769,84
S01000459,1037,865,172
S01000460,769,627,142
S01000461,863,676,187
S01000462,1035,818,217
S01000463,816,709,107
S01000464,741,642,99
S01000465,629,541,88
S01000466,799,716,83
S01000467,626,476,150
S01000468,520,466,54
S01000469,689,628,61
S01000470,1263,1037,226
S01000471,603,526,77
S01000472,836,736,100
S01000473,745,630,115
S01000474,648,573,75
S01000475,887,749,138
S01000476,581,479,102
S01000477,777,652,125
S01000478,869,656,213
S01000479,967,752,215
S01000480,665,564,101
S01000481,784,676,108
S01000482,837,592,245
S01000483,920,691,229
S01000484,806,677,129
S01000485,1080,985,95
S01000486,798,587,211
S01000487,590,419,171
S01000488,703,518,185
S01000489,904,611,293
S01000490,541,496,45
S01000491,593,462,131
S01000492,954,797,157
S01000493,588,486,102
S01000494,566,458,108
S01000495,935,776,159
S01000496,587,538,49
S01000497,630,510,120
S01000498,548,459,89
S01000499,803,708,95
S01000500,675,577,98
S01000501,621,490,131
S01000502,540,448,92
S01000503,533,409,124
S01000504,708,565,143
S01000505,757,643,114
S01000506,654,540,114
S01000507,1087,882,205
S01000508,877,747,130
S01000509,1058,855,203
S01000510,658,556,102
S01000511,556,476,80
S01000512,892,777,115
S01000513,862,693,169
S01000514,516,453,63
S01000515,484,423,61
S01000516,654,548,106
S01000517,651,538,113
S01000518,879,710,169
S01000519,476,411,65
S01000520,1010,834,176
S01000521,927,717,210
S01000522,612,491,121
S01000523,793,643,150
S01000524,647,535,112
S01000525,987,765,222
S01000526,966,790,176
S01000527,587,500,87
S01000528,843,620,223
S01000529,723,592,131
S01000530,477,407,70
S01000531,523,409,114
S01000532,809,588,221
S01000533,760,596,164
S01000534,813,658,155
S01000535,985,815,170
S01000536,519,429,90
S01000537,559,455,104
S01000538,789,623,166
S01000539,1028,785,243
S01000540,784,634,150
S01000541,552,426,126
S01000542,672,517,155
S01000543,814,676,138
S01000544,733,602,131
S01000545,717,593,124
S01000546,609,489,120
S01000547,544,426,118
S01000548,1012,757,255
S01000549,1136,974,162
S01000550,557,502,55
S01000551,830,623,207
S01000552,554,494,60
S01000553,867,742,125
S01000554,791,653,138
S01000555,904,682,222
S01000556,880,726,154
S01000557,880,696,184
S01000558,564,413,151
S01000559,707,506,201
S01000560,1044,819,225
S01000561,1034,765,269
S01000562,909,687,222
S01000563,640,475,165
S01000564,860,653,207
S01000565,709,574,135
S01000566,759,597,162
S01000567,769,587,182
S01000568,542,436,106
S01000569,742,628,114
S01000570,939,754,185
S01000571,780,540,240
S01000572,800,686,114
S01000573,600,553,47
S01000574,814,631,183
S01000575,608,485,123
S01000576,654,552,102
S01000577,595,488,107
S01000578,706,581,125
S01000579,807,608,199
S01000580,681,612,69
S01000581,707,604,103
S01000582,728,648,80
S01000583,758,660,98
S01000584,781,606,175
S01000585,945,735,210
S01000586,775,670,105
S01000587,702,547,155
S01000588,627,510,117
S01000589,645,529,116
S01000590,773,640,133
S01000591,496,409,87
S01000592,924,762,162
S01000593,571,491,80
S01000594,655,514,141
S01000595,839,700,139
S01000596,945,837,108
S01000597,1065,917,148
S01000598,519,445,74
S01000599,775,635,140
S01000600,742,625,117
S01000601,1072,828,244
S01000602,679,565,114
S01000603,822,712,110
S01000604,1000,847,153
S01000605,871,683,188
S01000606,820,593,227
S01000607,784,624,160
S01000608,972,754,218
S01000609,1009,775,234
S01000610,773,545,228
S01000611,624,484,140
S01000612,995,785,210
S01000613,1004,816,188
S01000614,722,573,149
S01000615,764,485,279
S01000616,1220,1067,153
S01000617,634,532,102
S01000618,827,643,184
S01000619,714,604,110
S01000620,819,623,196
S01000621,1009,787,222
S01000622,547,452,95
S01000623,780,633,147
S01000624,604,477,127
S01000625,629,497,132
S01000626,822,668,154
S01000627,931,757,174
S01000628,559,433,126
S01000629,662,548,114
S01000630,732,609,123
S01000631,637,508,129
S01000632,589,501,88
S01000633,632,557,75
S01000634,822,678,144
S01000635,678,579,99
S01000636,501,435,66
S01000637,595,508,87
S01000638,503,406,97
S01000639,606,509,97
S01000640,635,536,99
S01000641,785,656,129
S01000642,807,663,144
S01000643,609,511,98
S01000644,680,565,115
S01000645,898,720,178
S01000646,826,723,103
S01000647,877,732,145
S01000648,910,745,165
S01000649,582,488,94
S01000650,737,600,137
S01000651,806,658,148
S01000652,812,638,174
S01000653,909,708,201
S01000654,943,767,176
S01000655,797,634,163
S01000656,678,545,133
S01000657,760,550,210
S01000658,578,465,113
S01000659,1066,863,203
S01000660,974,762,212
S01000661,765,607,158
S01000662,530,461,69
S01000663,702,579,123
S01000664,774,638,136
S01000665,675,543,132
S01000666,493,418,75
S01000667,981,792,189
S01000668,909,732,177
S01000669,785,586,199
S01000670,566,462,104
S01000671,622,476,146
S01000672,628,533,95
S01000673,750,638,112
S01000674,984,841,143
S01000675,722,637,85
S01000676,501,387,114
S01000677,822,634,188
S01000678,942,793,149
S01000679,750,607,143
S01000680,778,627,151
S01000681,802,637,165
S01000682,644,466,178
S01000683,525,443,82
S01000684,687,486,201
S01000685,843,674,169
S01000686,703,576,127
S01000687,789,653,136
S01000688,792,625,167
S01000689,611,511,100
S01000690,787,670,117
S01000691,772,629,143
S01000692,753,617,136
S01000693,872,684,188
S01000694,724,592,132
S01000695,745,623,122
S01000696,731,570,161
S01000697,492,403,89
S01000698,642,538,104
S01000699,658,509,149
S01000700,879,766,113
S01000701,920,738,182
S01000702,522,434,88
S01000703,741,605,136
S01000704,880,747,133
S01000705,1146,940,206
S01000706,823,715,108
S01000707,537,467,70
S01000708,562,487,75
S01000709,888,681,207
S01000710,1083,923,160
S01000711,620,511,109
S01000712,595,480,115
S01000713,832,664,168
S01000714,832,704,128
S01000715,671,467,204
S01000716,541,406,135
S01000717,870,663,207
S01000718,952,752,200
S01000719,660,516,144
S01000720,858,686,172
S01000721,658,536,122
S01000722,819,651,168
S01000723,527,429,98
S01000724,862,657,205
S01000725,633,498,135
S01000726,687,516,171
S01000727,706,518,188
S01000728,768,604,164
S01000729,542,420,122
S01000730,407,340,67
S01000731,547,374,173
S01000732,536,363,173
S01000733,732,504,228
S01000734,851,662,189
S01000735,445,325,120
S01000736,720,533,187
S01000737,511,365,146
S01000738,579,456,123
S01000739,759,633,126
S01000740,673,508,165
S01000741,806,615,191
S01000742,541,401,140
S01000743,726,509,217
S01000744,733,573,160
S01000745,681,557,124
S01000746,738,570,168
S01000747,568,415,153
S01000748,514,295,219
S01000749,559,395,164
S01000750,694,522,172
S01000751,713,590,123
S01000752,992,701,291
S01000753,646,514,132
S01000754,650,481,169
S01000755,730,609,121
S01000756,1104,811,293
S01000757,694,495,199
S01000758,992,845,147
S01000759,861,635,226
S01000760,565,467,98
S01000761,492,372,120
S01000762,670,573,97
S01000763,861,725,136
S01000764,707,602,105
S01000765,671,623,48
S01000766,758,566,192
S01000767,596,454,142
S01000768,826,650,176
S01000769,956,752,204
S01000770,595,468,127
S01000771,983,815,168
S01000772,652,511,141
S01000773,962,744,218
S01000774,598,553,45
S01000775,704,522,182
S01000776,620,573,47
S01000777,555,506,49
S01000778,464,397,67
S01000779,793,698,95
S01000780,931,744,187
S01000781,877,749,128
S01000782,712,636,76
S01000783,506,428,78
S01000784,871,734,137
S01000785,734,546,188
S01000786,784,627,157
S01000787,526,414,112
S01000788,705,591,114
S01000789,653,511,142
S01000790,514,422,92
S01000791,630,513,117
S01000792,690,584,106
S01000793,812,609,203
S01000794,842,653,189
S01000795,771,633,138
S01000796,485,395,90
S01000797,476,393,83
S01000798,535,414,121
S01000799,2813,2678,135
S01000800,1004,737,267
S01000801,639,533,106
S01000802,754,600,154
S01000803,875,732,143
S01000804,985,827,158
S01000805,822,629,193
S01000806,838,686,152
S01000807,769,637,132
S01000808,725,591,134
S01000809,553,460,93
S01000810,630,532,98
S01000811,834,745,89
S01000812,662,459,203
S01000813,758,675,83
S01000814,919,803,116
S01000815,544,398,146
S01000816,584,473,111
S01000817,918,752,166
S01000818,696,607,89
S01000819,812,658,154
S01000820,573,463,110
S01000821,883,716,167
S01000822,554,467,87
S01000823,591,512,79
S01000824,554,440,114
S01000825,698,583,115
S01000826,730,553,177
S01000827,703,560,143
S01000828,879,718,161
S01000829,577,451,126
S01000830,715,567,148
S01000831,882,707,175
S01000832,926,769,157
S01000833,572,464,108
S01000834,911,652,259
S01000835,702,525,177
S01000836,847,650,197
S01000837,763,555,208
S01000838,723,598,125
S01000839,963,783,180
S01000840,773,582,191
S01000841,970,743,227
S01000842,834,674,160
S01000843,773,606,167
S01000844,689,540,149
S01000845,573,453,120
S01000846,739,541,198
S01000847,995,708,287
S01000848,699,547,152
S01000849,539,417,122
S01000850,657,443,214
S01000851,686,608,78
S01000852,717,497,220
S01000853,553,393,160
S01000854,933,705,228
S01000855,778,590,188
S01000856,626,435,191
S01000857,614,492,122
S01000858,717,639,78
S01000859,837,681,156
S01000860,873,648,225
S01000861,656,507,149
S01000862,559,465,94
S01000863,485,373,112
S01000864,668,522,146
S01000865,692,513,179
S01000866,944,668,276
S01000867,739,498,241
S01000868,718,507,211
S01000869,566,450,116
S01000870,872,684,188
S01000871,730,585,145
S01000872,650,498,152
S01000873,1341,1006,335
S01000874,545,437,108
S01000875,736,561,175
S01000876,744,606,138
S01000877,741,571,170
S01000878,588,513,75
S01000879,876,743,133
S01000880,778,658,120
S01000881,703,525,178
S01000882,939,727,212
S01000883,923,759,164
S01000884,569,438,131
S01000885,524,466,58
S01000886,734,584,150
S01000887,781,666,115
S01000888,724,572,152
S01000889,796,616,180
S01000890,796,618,178
S01000891,925,769,156
S01000892,586,507,79
S01000893,730,657,73
S01000894,523,450,73
S01000895,900,772,128
S01000896,485,421,64
S01000897,685,505,180
S01000898,576,442,134
S01000899,867,631,236
S01000900,657,512,145
S01000901,675,507,168
S01000902,979,786,193
S01000903,968,724,244
S01000904,689,525,164
S01000905,701,576,125
S01000906,565,441,124
S01000907,773,600,173
S01000908,773,608,165
S01000909,934,784,150
S01000910,870,725,145
S01000911,966,787,179
S01000912,754,601,153
S01000913,722,594,128
S01000914,855,652,203
S01000915,960,760,200
S01000916,991,752,239
S01000917,683,529,154
S01000918,643,481,162
S01000919,522,406,116
S01000920,505,414,91
S01000921,738,575,163
S01000922,818,660,158
S01000923,751,600,151
S01000924,841,676,165
S01000925,943,769,174
S01000926,650,483,167
S01000927,1010,782,228
S01000928,979,749,230
S01000929,511,399,112
S01000930,601,446,155
S01000931,708,564,144
S01000932,931,691,240
S01000933,870,691,179
S01000934,931,656,275
S01000935,808,640,168
S01000936,926,704,222
S01000937,586,451,135
S01000938,846,666,180
S01000939,740,544,196
S01000940,838,618,220
S01000941,542,400,142
S01000942,937,722,215
S01000943,845,684,161
S01000944,790,616,174
S01000945,760,590,170
S01000946,756,605,151
S01000947,730,556,174
S01000948,721,596,125
S01000949,613,480,133
S01000950,810,598,212
S01000951,708,530,178
S01000952,807,629,178
S01000953,906,745,161
S01000954,888,718,170
S01000955,527,438,89
S01000956,858,665,193
S01000957,511,410,101
S01000958,827,671,156
S01000959,688,569,119
S01000960,554,384,170
S01000961,853,686,167
S01000962,572,456,116
S01000963,744,564,180
S01000964,877,684,193
S01000965,665,550,115
S01000966,1080,820,260
S01000967,576,426,150
S01000968,956,767,189
S01000969,849,630,219
S01000970,793,596,197
S01000971,685,571,114
S01000972,977,835,142
S01000973,592,480,112
S01000974,848,688,160
S01000975,646,530,116
S01000976,494,392,102
S01000977,769,630,139
S01000978,755,612,143
S01000979,647,528,119
S01000980,752,567,185
S01000981,648,538,110
S01000982,595,456,139
S01000983,559,432,127
S01000984,635,500,135
S01000985,710,558,152
S01000986,525,425,100
S01000987,627,516,111
S01000988,488,411,77
S01000989,833,706,127
S01000990,636,480,156
S01000991,507,435,72
S01000992,908,663,245
S01000993,897,717,180
S01000994,1031,794,237
S01000995,831,770,61
S01000996,1030,742,288
S01000997,992,849,143
S01000998,621,489,132
S01000999,696,608,88
S01001000,531,408,123
S01001001,546,464,82
S01001002,673,617,56
S01001003,929,814,115
S01001004,653,531,122
S01001005,895,757,138
S01001006,771,684,87
S01001007,792,634,158
S01001008,737,607,130
S01001009,614,511,103
S01001010,780,547,233
S01001011,617,503,114
S01001012,845,713,132
S01001013,893,713,180
S01001014,794,619,175
S01001015,613,411,202
S01001016,956,726,230
S01001017,710,566,144
S01001018,783,583,200
S01001019,979,760,219
S01001020,523,397,126
S01001021,855,664,191
S01001022,828,638,190
S01001023,986,805,181
S01001024,881,659,222
S01001025,915,772,143
S01001026,823,696,127
S01001027,851,644,207
S01001028,783,586,197
S01001029,748,606,142
S01001030,741,625,116
S01001031,949,799,150
S01001032,733,574,159
S01001033,716,579,137
S01001034,823,638,185
S01001035,543,437,106
S01001036,538,420,118
S01001037,879,640,239
S01001038,669,578,91
S01001039,549,453,96
S01001040,613,513,100
S01001041,527,446,81
S01001042,865,778,87
S01001043,699,609,90
S01001044,991,780,211
S01001045,567,459,108
S01001046,499,387,112
S01001047,691,540,151
S01001048,624,518,106
S01001049,689,534,155
S01001050,942,750,192
S01001051,694,520,174
S01001052,567,472,95
S01001053,800,638,162
S01001054,666,556,110
S01001055,776,572,204
S01001056,747,586,161
S01001057,667,522,145
S01001058,771,618,153
S01001059,634,554,80
S01001060,766,638,128
S01001061,790,651,139
S01001062,547,471,76
S01001063,787,644,143
S01001064,773,645,128
S01001065,753,625,128
S01001066,732,584,148
S01001067,777,652,125
S01001068,857,665,192
S01001069,871,719,152
S01001070,876,700,176
S01001071,667,523,144
S01001072,761,639,122
S01001073,994,800,194
S01001074,511,433,78
S01001075,847,619,228
S01001076,783,654,129
S01001077,793,609,184
S01001078,814,668,146
S01001079,501,445,56
S01001080,540,424,116
S01001081,620,499,121
S01001082,883,672,211
S01001083,798,618,180
S01001084,894,749,145
S01001085,873,687,186
S01001086,743,533,210
S01001087,524,329,195
S01001088,984,720,264
S01001089,948,695,253
S01001090,963,838,125
S01001091,662,543,119
S01001092,964,844,120
S01001093,1045,911,134
S01001094,953,802,151
S01001095,1166,1075,91
S01001096,884,792,92
S01001097,643,545,98
S01001098,933,826,107
S01001099,860,694,166
S01001100,922,647,275
S01001101,1120,989,131
S01001102,265,205,60
S01001103,854,775,79
S01001104,702,578,124
S01001105,923,774,149
S01001106,787,669,118
S01001107,987,728,259
S01001108,658,547,111
S01001109,854,694,160
S01001110,820,681,139
S01001111,1020,823,197
S01001112,825,608,217
S01001113,1073,834,239
S01001114,902,623,279
S01001115,811,603,208
S01001116,511,318,193
S01001117,547,404,143
S01001118,633,466,167
S01001119,955,682,273
S01001120,655,509,146
S01001121,783,606,177
S01001122,613,492,121
S01001123,939,778,161
S01001124,641,455,186
S01001125,402,316,86
S01001126,1078,900,178
S01001127,805,639,166
S01001128,737,663,74
S01001129,961,781,180
S01001130,836,650,186
S01001131,533,383,150
S01001132,735,581,154
S01001133,916,700,216
S01001134,990,875,115
S01001135,403,299,104
S01001136,771,592,179
S01001137,903,564,339
S01001138,950,683,267
S01001139,753,489,264
S01001140,1024,667,357
S01001141,452,336,116
S01001142,966,721,245
S01001143,771,605,166
S01001144,674,527,147
S01001145,598,387,211
S01001146,916,778,138
S01001147,664,533,131
S01001148,740,595,145
S01001149,673,544,129
S01001150,726,587,139
S01001151,559,342,217
S01001152,977,680,297
S01001153,742,539,203
S01001154,761,655,106
S01001155,653,523,130
S01001156,772,666,106
S01001157,862,770,92
S01001158,573,368,205
S01001159,795,584,211
S01001160,593,390,203
S01001161,582,485,97
S01001162,865,711,154
S01001163,675,510,165
S01001164,589,394,195
S01001165,781,600,181
S01001166,292,190,102
S01001167,955,784,171
S01001168,675,566,109
S01001169,1013,666,347
S01001170,829,584,245
S01001171,634,537,97
S01001172,663,475,188
S01001173,892,653,239
S01001174,623,517,106
S01001175,890,689,201
S01001176,749,614,135
S01001177,707,498,209
S01001178,862,527,335
S01001179,982,857,125
S01001180,713,468,245
S01001181,894,739,155
S01001182,908,635,273
S01001183,874,548,326
S01001184,939,801,138
S01001185,583,493,90
S01001186,818,715,103
S01001187,914,661,253
S01001188,784,520,264
S01001189,984,677,307
S01001190,731,631,100
S01001191,669,437,232
S01001192,997,591,406
S01001193,865,732,133
S01001194,934,779,155
S01001195,971,653,318
S01001196,981,658,323
S01001197,545,387,158
S01001198,695,526,169
S01001199,976,726,250
S01001200,897,600,297
S01001201,660,517,143
S01001202,605,424,181
S01001203,795,545,250
S01001204,830,707,123
S01001205,767,623,144
S01001206,747,538,209
S01001207,852,622,230
S01001208,648,438,210
S01001209,600,560,40
S01001210,866,612,254
S01001211,960,746,214
S01001212,595,444,151
S01001213,1030,720,310
S01001214,723,466,257
S01001215,805,655,150
S01001216,963,725,238
S01001217,922,713,209
S01001218,759,704,55
S01001219,556,493,63
S01001220,546,427,119
S01001221,652,477,175
S01001222,778,486,292
S01001223,782,680,102
S01001224,938,704,234
S01001225,974,784,190
S01001226,483,396,87
S01001227,752,655,97
S01001228,834,629,205
S01001229,762,645,117
S01001230,786,497,289
S01001231,736,574,162
S01001232,693,595,98
S01001233,991,713,278
S01001234,397,295,102
S01001235,851,705,146
S01001236,933,682,251
S01001237,575,450,125
S01001238,715,552,163
S01001239,557,400,157
S01001240,810,595,215
S01001241,793,630,163
S01001242,919,826,93
S01001243,252,213,39
S01001244,700,644,56
S01001245,813,653,160
S01001246,975,749,226
S01001247,663,537,126
S01001248,876,787,89
S01001249,700,532,168
S01001250,974,755,219
S01001251,721,544,177
S01001252,642,521,121
S01001253,674,516,158
S01001254,702,547,155
S01001255,947,733,214
S01001256,747,571,176
S01001257,805,638,167
S01001258,538,439,99
S01001259,809,616,193
S01001260,659,566,93
S01001261,933,708,225
S01001262,924,757,167
S01001263,511,412,99
S01001264,568,451,117
S01001265,594,556,38
S01001266,766,676,90
S01001267,988,728,260
S01001268,764,668,96
S01001269,544,402,142
S01001270,817,515,302
S01001271,748,520,228
S01001272,706,477,229
S01001273,701,424,277
S01001274,734,530,204
S01001275,702,439,263
S01001276,508,424,84
S01001277,685,476,209
S01001278,503,402,101
S01001279,729,564,165
S01001280,608,432,176
S01001281,835,543,292
S01001282,735,506,229
S01001283,491,363,128
S01001284,790,616,174
S01001285,644,478,166
S01001286,528,430,98
S01001287,901,691,210
S01001288,922,655,267
S01001289,629,462,167
S01001290,549,395,154
S01001291,421,330,91
S01001292,948,757,191
S01001293,787,549,238
S01001294,769,594,175
S01001295,905,602,303
S01001296,694,487,207
S01001297,790,625,165
S01001298,909,645,264
S01001299,943,706,237
S01001300,980,815,165
S01001301,632,484,148
S01001302,694,569,125
S01001303,611,505,106
S01001304,722,632,90
S01001305,693,528,165
S01001306,701,524,177
S01001307,891,654,237
S01001308,999,706,293
S01001309,706,455,251
S01001310,747,531,216
S01001311,606,473,133
S01001312,774,553,221
S01001313,673,460,213
S01001314,724,574,150
S01001315,961,804,157
S01001316,981,669,312
S01001317,932,758,174
S01001318,553,462,91
S01001319,649,420,229
S01001320,935,702,233
S01001321,545,446,99
S01001322,822,613,209
S01001323,623,493,130
S01001324,946,730,216
S01001325,731,588,143
S01001326,985,801,184
S01001327,775,594,181
S01001328,823,626,197
S01001329,603,456,147
S01001330,979,875,104
S01001331,869,683,186
S01001332,908,711,197
S01001333,860,590,270
S01001334,881,714,167
S01001335,985,701,284
S01001336,920,711,209
S01001337,772,664,108
S01001338,814,643,171
S01001339,677,533,144
S01001340,778,600,178
S01001341,920,644,276
S01001342,867,600,267
S01001343,990,764,226
S01001344,833,711,122
S01001345,623,443,180
S01001346,694,591,103
S01001347,813,691,122
S01001348,730,537,193
S01001349,1251,937,314
S01001350,730,532,198
S01001351,504,437,67
S01001352,878,711,167
S01001353,679,636,43
S01001354,794,597,197
S01001355,766,599,167
S01001356,635,531,104
S01001357,663,449,214
S01001358,873,678,195
S01001359,747,625,122
S01001360,854,650,204
S01001361,558,473,85
S01001362,622,523,99
S01001363,595,490,105
S01001364,880,670,210
S01001365,644,485,159
S01001366,969,809,160
S01001367,725,516,209
S01001368,1020,883,137
S01001369,960,731,229
S01001370,735,593,142
S01001371,604,414,190
S01001372,773,663,110
S01001373,635,448,187
S01001374,601,527,74
S01001375,674,599,75
S01001376,741,565,176
S01001377,805,583,222
S01001378,600,494,106
S01001379,998,772,226
S01001380,825,598,227
S01001381,858,674,184
S01001382,618,329,289
S01001383,683,525,158
S01001384,950,759,191
S01001385,785,589,196
S01001386,872,664,208
S01001387,860,713,147
S01001388,917,677,240
S01001389,510,422,88
S01001390,854,713,141
S01001391,828,701,127
S01001392,520,373,147
S01001393,550,457,93
S01001394,545,452,93
S01001395,964,854,110
S01001396,777,619,158
S01001397,827,646,181
S01001398,916,800,116
S01001399,902,679,223
S01001400,927,717,210
S01001401,699,535,164
S01001402,928,832,96
S01001403,990,943,47
S01001404,610,572,38
S01001405,865,800,65
S01001406,607,501,106
S01001407,845,685,160
S01001408,848,653,195
S01001409,908,733,175
S01001410,1058,826,232
S01001411,578,509,69
S01001412,946,725,221
S01001413,763,700,63
S01001414,668,479,189
S01001415,796,616,180
S01001416,685,542,143
S01001417,1034,915,119
S01001418,944,803,141
S01001419,746,643,103
S01001420,604,517,87
S01001421,839,675,164
S01001422,549,473,76
S01001423,812,694,118
S01001424,1085,803,282
S01001425,980,727,253
S01001426,787,620,167
S01001427,930,802,128
S01001428,1014,748,266
S01001429,616,448,168
S01001430,985,822,163
S01001431,1027,902,125
S01001432,731,670,61
S01001433,917,793,124
S01001434,974,824,150
S01001435,1007,842,165
S01001436,990,867,123
S01001437,894,777,117
S01001438,620,518,102
S01001439,784,666,118
S01001440,980,869,111
S01001441,829,649,180
S01001442,744,655,89
S01001443,954,813,141
S01001444,1015,912,103
S01001445,749,650,99
S01001446,912,721,191
S01001447,875,731,144
S01001448,714,612,102
S01001449,602,529,73
S01001450,805,666,139
S01001451,702,612,90
S01001452,797,690,107
S01001453,886,801,85
S01001454,963,822,141
S01001455,798,649,149
S01001456,659,504,155
S01001457,930,796,134
S01001458,974,833,141
S01001459,918,779,139
S01001460,706,619,87
S01001461,915,790,125
S01001462,914,774,140
S01001463,510,449,61
S01001464,924,818,106
S01001465,660,590,70
S01001466,775,686,89
S01001467,898,809,89
S01001468,653,556,97
S01001469,835,745,90
S01001470,1009,946,63
S01001471,747,667,80
S01001472,876,716,160
S01001473,807,639,168
S01001474,1194,893,301
S01001475,579,492,87
S01001476,1063,951,112
S01001477,1060,965,95
S01001478,695,597,98
S01001479,643,516,127
S01001480,532,446,86
S01001481,998,882,116
S01001482,772,630,142
S01001483,906,803,103
S01001484,855,739,116
S01001485,731,659,72
S01001486,848,643,205
S01001487,678,518,160
S01001488,941,799,142
S01001489,949,842,107
S01001490,881,691,190
S01001491,907,817,90
S01001492,1003,778,225
S01001493,841,723,118
S01001494,892,660,232
S01001495,612,514,98
S01001496,910,744,166
S01001497,762,603,159
S01001498,770,700,70
S01001499,1038,869,169
S01001500,733,547,186
S01001501,834,708,126
S01001502,912,774,138
S01001503,911,811,100
S01001504,932,683,249
S01001505,1018,823,195
S01001506,591,488,103
S01001507,962,883,79
S01001508,1005,931,74
S01001509,941,709,232
S01001510,594,444,150
S01001511,624,554,70
S01001512,761,555,206
S01001513,868,662,206
S01001514,836,703,133
S01001515,729,627,102
S01001516,691,513,178
S01001517,887,569,318
S01001518,1014,832,182
S01001519,955,828,127
S01001520,712,575,137
S01001521,1027,871,156
S01001522,995,718,277
S01001523,801,758,43
S01001524,963,749,214
S01001525,844,678,166
S01001526,645,557,88
S01001527,865,740,125
S01001528,1014,904,110
S01001529,661,521,140
S01001530,883,721,162
S01001531,1004,770,234
S01001532,587,501,86
S01001533,848,727,121
S01001534,705,621,84
S01001535,851,715,136
S01001536,842,634,208
S01001537,619,449,170
S01001538,892,781,111
S01001539,869,736,133
S01001540,838,799,39
S01001541,878,729,149
S01001542,740,644,96
S01001543,762,653,109
S01001544,949,766,183
S01001545,799,738,61
S01001546,935,713,222
S01001547,938,697,241
S01001548,700,622,78
S01001549,1048,710,338
S01001550,657,558,99
S01001551,832,702,130
S01001552,862,736,126
S01001553,809,686,123
S01001554,993,834,159
S01001555,781,593,188
S01001556,925,764,161
S01001557,1056,903,153
S01001558,829,637,192
S01001559,514,388,126
S01001560,669,534,135
S01001561,731,604,127
S01001562,664,527,137
S01001563,638,541,97
S01001564,582,475,107
S01001565,774,586,188
S01001566,672,591,81
S01001567,962,873,89
S01001568,675,595,80
S01001569,536,491,45
S01001570,539,514,25
S01001571,752,571,181
S01001572,581,506,75
S01001573,658,587,71
S01001574,924,704,220
S01001575,780,647,133
S01001576,593,402,191
S01001577,776,646,130
S01001578,689,553,136
S01001579,848,624,224
S01001580,601,470,131
S01001581,729,639,90
S01001582,610,474,136
S01001583,484,384,100
S01001584,769,580,189
S01001585,875,623,252
S01001586,518,484,34
S01001587,823,588,235
S01001588,782,648,134
S01001589,784,606,178
S01001590,766,674,92
S01001591,629,444,185
S01001592,768,609,159
S01001593,880,717,163
S01001594,793,585,208
S01001595,733,593,140
S01001596,805,637,168
S01001597,702,573,129
S01001598,637,523,114
S01001599,887,679,208
S01001600,1043,763,280
S01001601,783,655,128
S01001602,449,375,74
S01001603,880,670,210
S01001604,682,563,119
S01001605,607,486,121
S01001606,547,413,134
S01001607,972,815,157
S01001608,900,783,117
S01001609,942,776,166
S01001610,568,443,125
S01001611,777,686,91
S01001612,848,760,88
S01001613,861,692,169
S01001614,634,451,183
S01001615,774,618,156
S01001616,587,544,43
S01001617,714,536,178
S01001618,922,752,170
S01001619,723,554,169
S01001620,813,519,294
S01001621,763,599,164
S01001622,907,741,166
S01001623,725,543,182
S01001624,1051,814,237
S01001625,756,550,206
S01001626,806,672,134
S01001627,715,524,191
S01001628,585,496,89
S01001629,615,467,148
S01001630,548,418,130
S01001631,941,690,251
S01001632,619,575,44
S01001633,941,816,125
S01001634,834,738,96
S01001635,742,607,135
S01001636,575,525,50
S01001637,741,634,107
S01001638,883,690,193
S01001639,675,489,186
S01001640,689,603,86
S01001641,612,493,119
S01001642,950,706,244
S01001643,762,641,121
S01001644,765,650,115
S01001645,919,735,184
S01001646,581,505,76
S01001647,660,534,126
S01001648,776,606,170
S01001649,759,561,198
S01001650,898,804,94
S01001651,908,724,184
S01001652,816,729,87
S01001653,669,560,109
S01001654,601,489,112
S01001655,609,508,101
S01001656,968,735,233
S01001657,512,442,70
S01001658,925,779,146
S01001659,645,524,121
S01001660,652,564,88
S01001661,648,519,129
S01001662,769,608,161
S01001663,782,671,111
S01001664,543,484,59
S01001665,761,596,165
S01001666,612,508,104
S01001667,771,598,173
S01001668,692,540,152
S01001669,639,512,127
S01001670,689,601,88
S01001671,568,523,45
S01001672,589,456,133
S01001673,666,596,70
S01001674,711,544,167
S01001675,677,580,97
S01001676,966,762,204
S01001677,835,755,80
S01001678,942,861,81
S01001679,696,654,42
S01001680,601,534,67
S01001681,649,588,61
S01001682,522,477,45
S01001683,736,634,102
S01001684,575,508,67
S01001685,680,534,146
S01001686,937,803,134
S01001687,992,789,203
S01001688,838,755,83
S01001689,727,635,92
S01001690,545,456,89
S01001691,819,724,95
S01001692,608,487,121
S01001693,808,746,62
S01001694,644,542,102
S01001695,744,662,82
S01001696,762,681,81
S01001697,807,713,94
S01001698,523,447,76
S01001699,666,637,29
S01001700,980,860,120
S01001701,889,651,238
S01001702,954,695,259
S01001703,757,697,60
S01001704,937,840,97
S01001705,590,556,34
S01001706,784,686,98
S01001707,693,527,166
S01001708,943,718,225
S01001709,605,557,48
S01001710,663,568,95
S01001711,765,694,71
S01001712,517,452,65
S01001713,957,861,96
S01001714,707,615,92
S01001715,960,878,82
S01001716,785,622,163
S01001717,776,695,81
S01001718,505,451,54
S01001719,795,719,76
S01001720,690,636,54
S01001721,584,483,101
S01001722,754,666,88
S01001723,709,646,63
S01001724,732,510,222
S01001725,715,556,159
S01001726,662,591,71
S01001727,880,792,88
S01001728,672,597,75
S01001729,970,840,130
S01001730,630,541,89
S01001731,635,558,77
S01001732,596,523,73
S01001733,733,593,140
S01001734,527,446,81
S01001735,506,439,67
S01001736,999,881,118
S01001737,614,561,53
S01001738,619,556,63
S01001739,628,574,54
S01001740,788,670,118
S01001741,650,483,167
S01001742,707,530,177
S01001743,911,725,186
S01001744,616,555,61
S01001745,830,713,117
S01001746,1019,813,206
S01001747,874,636,238
S01001748,640,559,81
S01001749,761,557,204
S01001750,731,571,160
S01001751,914,703,211
S01001752,994,887,107
S01001753,851,643,208
S01001754,820,771,49
S01001755,918,756,162
S01001756,653,488,165
S01001757,762,644,118
S01001758,766,616,150
S01001759,609,460,149
S01001760,698,543,155
S01001761,691,489,202
S01001762,987,729,258
S01001763,840,765,75
S01001764,530,488,42
S01001765,993,712,281
S01001766,696,597,99
S01001767,628,537,91
S01001768,617,535,82
S01001769,718,599,119
S01001770,542,424,118
S01001771,804,659,145
S01001772,539,360,179
S01001773,956,763,193
S01001774,631,565,66
S01001775,751,626,125
S01001776,613,470,143
S01001777,924,820,104
S01001778,904,600,304
S01001779,538,412,126
S01001780,807,655,152
S01001781,669,578,91
S01001782,936,793,143
S01001783,638,495,143
S01001784,587,467,120
S01001785,679,598,81
S01001786,629,510,119
S01001787,642,544,98
S01001788,874,754,120
S01001789,531,430,101
S01001790,762,682,80
S01001791,748,691,57
S01001792,736,639,97
S01001793,851,725,126
S01001794,924,788,136
S01001795,875,766,109
S01001796,813,705,108
S01001797,701,543,158
S01001798,909,815,94
S01001799,1022,789,233
S01001800,999,903,96
S01001801,954,848,106
S01001802,819,746,73
S01001803,1003,895,108
S01001804,1076,918,158
S01001805,784,634,150
S01001806,657,541,116
S01001807,844,686,158
S01001808,633,505,128
S01001809,758,542,216
S01001810,947,845,102
S01001811,716,646,70
S01001812,566,507,59
S01001813,715,632,83
S01001814,753,694,59
S01001815,879,755,124
S01001816,1076,986,90
S01001817,694,500,194
S01001818,767,647,120
S01001819,1032,897,135
S01001820,800,600,200
S01001821,524,462,62
S01001822,1014,869,145
S01001823,798,544,254
S01001824,780,608,172
S01001825,815,736,79
S01001826,571,401,170
S01001827,922,737,185
S01001828,791,759,32
S01001829,705,566,139
S01001830,936,853,83
S01001831,765,580,185
S01001832,677,468,209
S01001833,969,867,102
S01001834,576,406,170
S01001835,645,580,65
S01001836,740,612,128
S01001837,938,839,99
S01001838,583,449,134
S01001839,956,694,262
S01001840,736,648,88
S01001841,740,648,92
S01001842,814,713,101
S01001843,755,569,186
S01001844,2647,2449,198
S01001845,848,778,70
S01001846,943,861,82
S01001847,823,586,237
S01001848,788,574,214
S01001849,631,531,100
S01001850,784,680,104
S01001851,786,669,117
S01001852,808,716,92
S01001853,776,671,105
S01001854,1295,1075,220
S01001855,758,690,68
S01001856,588,399,189
S01001857,806,619,187
S01001858,890,669,221
S01001859,966,718,248
S01001860,1074,962,112
S01001861,895,667,228
S01001862,909,823,86
S01001863,916,807,109
S01001864,894,708,186
S01001865,707,553,154
S01001866,704,625,79
S01001867,548,411,137
S01001868,673,591,82
S01001869,845,724,121
S01001870,733,549,184
S01001871,864,656,208
S01001872,809,596,213
S01001873,809,654,155
S01001874,720,590,130
S01001875,880,777,103
S01001876,1055,771,284
S01001877,986,806,180
S01001878,953,839,114
S01001879,676,480,196
S01001880,745,588,157
S01001881,674,582,92
S01001882,771,666,105
S01001883,569,523,46
S01001884,998,684,314
S01001885,1098,909,189
S01001886,548,368,180
S01001887,795,675,120
S01001888,907,801,106
S01001889,577,470,107
S01001890,927,767,160
S01001891,665,455,210
S01001892,769,581,188
S01001893,973,724,249
S01001894,739,559,180
S01001895,756,574,182
S01001896,844,750,94
S01001897,884,696,188
S01001898,590,403,187
S01001899,796,670,126
S01001900,783,622,161
S01001901,982,790,192
S01001902,902,824,78
S01001903,588,446,142
S01001904,637,460,177
S01001905,920,827,93
S01001906,429,237,192
S01001907,794,549,245
S01001908,884,793,91
S01001909,669,499,170
S01001910,766,678,88
S01001911,760,698,62
S01001912,793,656,137
S01001913,983,860,123
S01001914,603,509,94
S01001915,849,732,117
S01001916,815,691,124
S01001917,724,597,127
S01001918,866,736,130
S01001919,908,760,148
S01001920,720,526,194
S01001921,602,422,180
S01001922,782,706,76
S01001923,341,249,92
S01001924,729,614,115
S01001925,807,702,105
S01001926,644,506,138
S01001927,913,720,193
S01001928,1097,702,395
S01001929,754,648,106
S01001930,772,687,85
S01001931,754,538,216
S01001932,1338,1018,320
S01001933,866,749,117
S01001934,793,570,223
S01001935,720,523,197
S01001936,945,779,166
S01001937,900,701,199
S01001938,595,498,97
S01001939,475,398,77
S01001940,740,655,85
S01001941,947,822,125
S01001942,562,452,110
S01001943,621,492,129
S01001944,680,472,208
S01001945,729,579,150
S01001946,838,646,192
S01001947,843,654,189
S01001948,766,598,168
S01001949,724,572,152
S01001950,907,734,173
S01001951,833,534,299
S01001952,764,671,93
S01001953,795,687,108
S01001954,447,371,76
S01001955,800,598,202
S01001956,789,605,184
S01001957,292,205,87
S01001958,876,609,267
S01001959,624,509,115
S01001960,879,795,84
S01001961,955,847,108
S01001962,833,681,152
S01001963,766,614,152
S01001964,778,711,67
S01001965,830,575,255
S01001966,773,561,212
S01001967,675,603,72
S01001968,836,652,184
S01001969,648,513,135
S01001970,614,484,130
S01001971,774,546,228
S01001972,765,699,66
S01001973,704,631,73
S01001974,797,703,94
S01001975,845,688,157
S01001976,753,629,124
S01001977,783,532,251
S01001978,741,533,208
S01001979,630,522,108
S01001980,685,615,70
S01001981,724,640,84
S01001982,302,220,82
S01001983,765,681,84
S01001984,531,433,98
S01001985,777,656,121
S01001986,622,594,28
S01001987,825,774,51
S01001988,794,667,127
S01001989,879,717,162
S01001990,999,916,83
S01001991,792,705,87
S01001992,916,743,173
S01001993,761,697,64
S01001994,845,779,66
S01001995,687,625,62
S01001996,867,792,75
S01001997,744,595,149
S01001998,716,629,87
S01001999,748,701,47
S01002000,762,612,150
S01002001,766,676,90
S01002002,738,698,40
S01002003,827,690,137
S01002004,799,712,87
S01002005,796,535,261
S01002006,938,847,91
S01002007,934,836,98
S01002008,863,791,72
S01002009,799,713,86
S01002010,514,456,58
S01002011,1088,1031,57
S01002012,778,709,69
S01002013,796,681,115
S01002014,814,738,76
S01002015,878,765,113
S01002016,550,514,36
S01002017,1069,718,351
S01002018,832,723,109
S01002019,788,729,59
S01002020,431,412,19
S01002021,965,634,331
S01002022,765,640,125
S01002023,760,701,59
S01002024,745,678,67
S01002025,828,739,89
S01002026,680,555,125
S01002027,1047,978,69
S01002028,2692,2531,161
S01002029,756,711,45
S01002030,771,686,85
S01002031,659,556,103
S01002032,711,648,63
S01002033,753,619,134
S01002034,717,636,81
S01002035,772,656,116
S01002036,825,712,113
S01002037,680,617,63
S01002038,580,553,27
S01002039,638,530,108
S01002040,532,451,81
S01002041,929,811,118
S01002042,934,678,256
S01002043,784,645,139
S01002044,703,535,168
S01002045,871,642,229
S01002046,573,466,107
S01002047,761,575,186
S01002048,866,793,73
S01002049,1096,953,143
S01002050,710,564,146
S01002051,818,571,247
S01002052,752,647,105
S01002053,760,707,53
S01002054,595,541,54
S01002055,902,821,81
S01002056,942,714,228
S01002057,858,738,120
S01002058,668,556,112
S01002059,711,589,122
S01002060,742,655,87
S01002061,663,573,90
S01002062,625,474,151
S01002063,984,858,126
S01002064,803,703,100
S01002065,764,670,94
S01002066,703,589,114
S01002067,809,656,153
S01002068,896,783,113
S01002069,600,486,114
S01002070,662,544,118
S01002071,605,561,44
S01002072,1099,929,170
S01002073,634,513,121
S01002074,660,547,113
S01002075,876,738,138
S01002076,838,683,155
S01002077,839,719,120
S01002078,862,729,133
S01002079,751,613,138
S01002080,979,836,143
S01002081,697,587,110
S01002082,835,708,127
S01002083,544,352,192
S01002084,554,478,76
S01002085,654,597,57
S01002086,547,453,94
S01002087,935,707,228
S01002088,908,732,176
S01002089,991,834,157
S01002090,1076,823,253
S01002091,796,695,101
S01002092,1004,763,241
S01002093,767,651,116
S01002094,742,581,161
S01002095,572,474,98
S01002096,832,740,92
S01002097,801,649,152
S01002098,707,535,172
S01002099,851,776,75
S01002100,596,496,100
S01002101,900,685,215
S01002102,655,523,132
S01002103,744,654,90
S01002104,1031,757,274
S01002105,1021,915,106
S01002106,965,832,133
S01002107,546,475,71
S01002108,959,874,85
S01002109,866,796,70
S01002110,687,622,65
S01002111,1023,884,139
S01002112,1044,904,140
S01002113,762,648,114
S01002114,715,638,77
S01002115,1055,952,103
S01002116,804,626,178
S01002117,631,522,109
S01002118,895,711,184
S01002119,602,438,164
S01002120,762,676,86
S01002121,705,579,126
S01002122,986,774,212
S01002123,1268,1143,125
S01002124,763,653,110
S01002125,1093,852,241
S01002126,669,569,100
S01002127,728,601,127
S01002128,738,683,55
S01002129,835,642,193
S01002130,656,589,67
S01002131,652,557,95
S01002132,790,634,156
S01002133,1096,940,156
S01002134,618,538,80
S01002135,863,775,88
S01002136,705,612,93
S01002137,885,751,134
S01002138,628,450,178
S01002139,703,627,76
S01002140,906,691,215
S01002141,688,599,89
S01002142,1050,867,183
S01002143,763,594,169
S01002144,721,606,115
S01002145,976,870,106
S01002146,913,808,105
S01002147,965,714,251
S01002148,864,757,107
S01002149,1022,786,236
S01002150,689,592,97
S01002151,1106,892,214
S01002152,821,734,87
S01002153,540,455,85
S01002154,895,643,252
S01002155,1012,762,250
S01002156,759,700,59
S01002157,816,719,97
S01002158,771,694,77
S01002159,754,647,107
S01002160,791,583,208
S01002161,710,607,103
S01002162,1018,877,141
S01002163,1003,858,145
S01002164,854,691,163
S01002165,957,848,109
S01002166,804,737,67
S01002167,660,474,186
S01002168,1005,804,201
S01002169,783,673,110
S01002170,871,578,293
S01002171,624,487,137
S01002172,736,595,141
S01002173,953,757,196
S01002174,913,765,148
S01002175,973,833,140
S01002176,800,659,141
S01002177,790,722,68
S01002178,916,805,111
S01002179,692,577,115
S01002180,504,463,41
S01002181,762,634,128
S01002182,731,648,83
S01002183,842,690,152
S01002184,792,684,108
S01002185,802,591,211
S01002186,737,675,62
S01002187,903,821,82
S01002188,783,662,121
S01002189,732,608,124
S01002190,780,667,113
S01002191,801,544,257
S01002192,866,633,233
S01002193,916,807,109
S01002194,744,541,203
S01002195,909,732,177
S01002196,667,561,106
S01002197,566,481,85
S01002198,852,726,126
S01002199,745,670,75
S01002200,795,681,114
S01002201,888,816,72
S01002202,688,630,58
S01002203,475,440,35
S01002204,711,487,224
S01002205,767,689,78
S01002206,546,447,99
S01002207,844,717,127
S01002208,557,508,49
S01002209,916,795,121
S01002210,610,536,74
S01002211,570,359,211
S01002212,1012,745,267
S01002213,829,725,104
S01002214,768,688,80
S01002215,995,762,233
S01002216,774,619,155
S01002217,914,685,229
S01002218,556,506,50
S01002219,672,570,102
S01002220,792,732,60
S01002221,767,604,163
S01002222,836,717,119
S01002223,719,607,112
S01002224,746,636,110
S01002225,721,626,95
S01002226,1037,916,121
S01002227,835,562,273
S01002228,978,790,188
S01002229,785,668,117
S01002230,972,825,147
S01002231,1136,991,145
S01002232,715,494,221
S01002233,931,737,194
S01002234,783,604,179
S01002235,968,842,126
S01002236,907,696,211
S01002237,1103,963,140
S01002238,567,371,196
S01002239,939,687,252
S01002240,748,604,144
S01002241,890,662,228
S01002242,788,654,134
S01002243,767,653,114
S01002244,724,602,122
S01002245,949,857,92
S01002246,834,681,153
S01002247,866,625,241
S01002248,1169,975,194
S01002249,784,552,232
S01002250,973,845,128
S01002251,744,654,90
S01002252,607,482,125
S01002253,1005,731,274
S01002254,788,630,158
S01002255,1039,825,214
S01002256,768,673,95
S01002257,713,615,98
S01002258,777,628,149
S01002259,537,447,90
S01002260,853,758,95
S01002261,1022,838,184
S01002262,789,659,130
S01002263,794,688,106
S01002264,867,764,103
S01002265,1038,776,262
S01002266,592,484,108
S01002267,972,767,205
S01002268,715,617,98
S01002269,910,750,160
S01002270,914,764,150
S01002271,853,713,140
S01002272,560,492,68
S01002273,792,629,163
S01002274,719,577,142
S01002275,897,697,200
S01002276,813,738,75
S01002277,781,610,171
S01002278,1064,834,230
S01002279,961,745,216
S01002280,797,677,120
S01002281,709,552,157
S01002282,341,240,101
S01002283,744,618,126
S01002284,1023,835,188
S01002285,782,549,233
S01002286,783,624,159
S01002287,772,658,114
S01002288,749,665,84
S01002289,799,533,266
S01002290,795,612,183
S01002291,838,562,276
S01002292,810,615,195
S01002293,874,766,108
S01002294,632,508,124
S01002295,758,658,100
S01002297,929,695,234
S01002298,744,665,79
S01002299,841,722,119
S01002300,792,671,121
S01002301,860,750,110
S01002302,749,594,155
S01002303,832,639,193
S01002304,798,679,119
S01002305,834,637,197
S01002306,475,418,57
S01002307,634,562,72
S01002308,911,790,121
S01002309,741,532,209
S01002310,848,591,257
S01002311,731,664,67
S01002312,653,485,168
S01002313,737,663,74
S01002314,831,702,129
S01002315,558,473,85
S01002316,751,655,96
S01002317,879,729,150
S01002318,845,663,182
S01002319,1105,729,376
S01002320,638,540,98
S01002321,892,646,246
S01002322,689,603,86
S01002323,785,606,179
S01002324,761,532,229
S01002325,577,377,200
S01002326,827,638,189
S01002327,682,577,105
S01002328,765,672,93
S01002329,708,621,87
S01002330,798,657,141
S01002331,709,551,158
S01002332,958,899,59
S01002333,834,758,76
S01002334,827,722,105
S01002335,983,869,114
S01002336,1019,941,78
S01002337,977,882,95
S01002338,579,460,119
S01002339,632,496,136
S01002340,540,432,108
S01002341,560,468,92
S01002342,614,512,102
S01002343,777,663,114
S01002344,532,454,78
S01002345,717,596,121
S01002346,921,749,172
S01002347,736,610,126
S01002348,958,766,192
S01002349,960,741,219
S01002350,965,771,194
S01002351,652,503,149
S01002352,849,646,203
S01002353,745,603,142
S01002354,782,626,156
S01002355,881,708,173
S01002356,774,569,205
S01002357,710,556,154
S01002358,530,406,124
S01002359,948,680,268
S01002360,717,486,231
S01002361,606,487,119
S01002362,691,583,108
S01002363,928,737,191
S01002364,748,607,141
S01002365,544,422,122
S01002366,559,445,114
S01002367,871,703,168
S01002368,867,730,137
S01002369,528,416,112
S01002370,724,587,137
S01002371,644,511,133
S01002372,798,643,155
S01002373,631,495,136
S01002374,710,543,167
S01002375,895,678,217
S01002376,868,679,189
S01002377,850,629,221
S01002378,556,466,90
S01002379,945,748,197
S01002380,702,565,137
S01002381,829,688,141
S01002382,666,465,201
S01002383,544,480,64
S01002384,554,475,79
S01002385,819,625,194
S01002386,995,855,140
S01002387,617,504,113
S01002388,824,750,74
S01002389,746,651,95
S01002390,735,601,134
S01002391,883,739,144
S01002392,897,768,129
S01002393,520,425,95
S01002394,662,521,141
S01002395,768,676,92
S01002396,754,587,167
S01002397,1120,975,145
S01002398,834,747,87
S01002399,1017,778,239
S01002400,887,800,87
S01002401,964,910,54
S01002402,895,749,146
S01002403,773,634,139
S01002404,990,843,147
S01002405,777,688,89
S01002406,790,618,172
S01002407,803,675,128
S01002408,885,643,242
S01002409,715,542,173
S01002410,532,479,53
S01002411,667,548,119
S01002412,1006,865,141
S01002413,703,605,98
S01002414,613,432,181
S01002415,773,599,174
S01002416,533,460,73
S01002417,722,598,124
S01002418,945,740,205
S01002419,542,466,76
S01002420,694,476,218
S01002421,876,785,91
S01002422,604,511,93
S01002423,679,483,196
S01002424,900,690,210
S01002425,811,656,155
S01002426,634,414,220
S01002427,805,622,183
S01002428,532,406,126
S01002429,724,317,407
S01002430,565,422,143
S01002431,760,580,180
S01002432,716,588,128
S01002433,534,397,137
S01002434,923,681,242
S01002435,717,611,106
S01002436,760,483,277
S01002437,501,378,123
S01002438,710,549,161
S01002439,812,644,168
S01002440,913,767,146
S01002441,638,526,112
S01002442,459,363,96
S01002443,573,420,153
S01002444,531,375,156
S01002445,749,542,207
S01002446,818,655,163
S01002447,737,598,139
S01002448,574,430,144
S01002449,480,430,50
S01002450,712,524,188
S01002451,1092,906,186
S01002452,568,441,127
S01002453,799,691,108
S01002454,807,683,124
S01002455,627,527,100
S01002456,1019,696,323
S01002457,822,623,199
S01002458,877,630,247
S01002459,525,400,125
S01002460,846,579,267
S01002461,477,457,20
S01002462,673,526,147
S01002463,1013,807,206
S01002464,545,399,146
S01002465,582,508,74
S01002466,996,755,241
S01002467,454,333,121
S01002468,610,387,223
S01002469,651,502,149
S01002470,856,649,207
S01002471,510,362,148
S01002472,581,457,124
S01002473,847,678,169
S01002474,479,387,92
S01002475,531,427,104
S01002476,827,734,93
S01002477,835,631,204
S01002478,935,756,179
S01002479,739,580,159
S01002480,568,402,166
S01002481,1001,768,233
S01002482,859,674,185
S01002483,701,514,187
S01002484,851,622,229
S01002485,892,744,148
S01002486,557,394,163
S01002487,463,343,120
S01002488,671,474,197
S01002489,553,379,174
S01002490,619,447,172
S01002491,499,325,174
S01002492,634,502,132
S01002493,943,749,194
S01002494,697,613,84
S01002495,696,504,192
S01002496,629,453,176
S01002497,648,469,179
S01002498,723,668,55
S01002499,858,571,287
S01002500,580,411,169
S01002501,497,405,92
S01002502,890,659,231
S01002503,575,419,156
S01002504,914,648,266
S01002505,772,559,213
S01002506,875,740,135
S01002507,607,409,198
S01002508,831,710,121
S01002509,1000,790,210
S01002510,1022,841,181
S01002511,498,401,97
S01002512,544,390,154
S01002513,848,674,174
S01002514,593,420,173
S01002515,615,436,179
S01002516,744,589,155
S01002517,609,511,98
S01002518,729,613,116
S01002519,821,537,284
S01002520,520,371,149
S01002521,582,466,116
S01002522,704,596,108
S01002523,712,615,97
S01002524,590,521,69
S01002525,699,534,165
S01002526,578,504,74
S01002527,781,721,60
S01002528,735,583,152
S01002529,902,674,228
S01002530,755,602,153
S01002531,730,537,193
S01002532,774,617,157
S01002533,864,687,177
S01002534,978,758,220
S01002535,500,375,125
S01002536,510,379,131
S01002537,604,482,122
S01002538,956,790,166
S01002539,811,531,280
S01002540,557,406,151
S01002541,989,846,143
S01002542,586,513,73
S01002543,602,448,154
S01002544,790,646,144
S01002545,635,461,174
S01002546,683,535,148
S01002547,655,560,95
S01002548,991,726,265
S01002549,570,505,65
S01002550,544,480,64
S01002551,595,468,127
S01002552,593,450,143
S01002553,819,629,190
S01002554,661,621,40
S01002555,726,567,159
S01002556,778,599,179
S01002557,839,635,204
S01002558,530,402,128
S01002559,687,578,109
S01002560,570,464,106
S01002561,685,536,149
S01002562,654,525,129
S01002563,1163,714,449
S01002564,620,517,103
S01002565,911,812,99
S01002566,779,699,80
S01002567,571,535,36
S01002568,732,602,130
S01002569,977,779,198
S01002570,619,528,91
S01002571,604,417,187
S01002572,579,492,87
S01002573,523,447,76
S01002574,781,610,171
S01002575,846,731,115
S01002576,741,638,103
S01002577,965,738,227
S01002578,779,704,75
S01002579,809,664,145
S01002580,799,639,160
S01002581,783,746,37
S01002582,720,530,190
S01002583,790,704,86
S01002584,780,696,84
S01002585,877,724,153
S01002586,556,453,103
S01002587,718,618,100
S01002588,787,679,108
S01002589,789,679,110
S01002590,757,637,120
S01002591,576,430,146
S01002592,815,624,191
S01002593,777,618,159
S01002594,680,645,35
S01002595,621,507,114
S01002596,752,646,106
S01002597,517,421,96
S01002598,916,781,135
S01002599,551,436,115
S01002600,882,828,54
S01002601,668,502,166
S01002602,528,436,92
S01002603,744,562,182
S01002604,993,842,151
S01002605,632,504,128
S01002606,601,505,96
S01002607,872,713,159
S01002608,600,532,68
S01002609,791,596,195
S01002610,928,734,194
S01002611,854,740,114
S01002612,762,617,145
S01002613,904,747,157
S01002614,943,810,133
S01002615,467,384,83
S01002616,633,573,60
S01002617,940,703,237
S01002618,793,611,182
S01002619,789,677,112
S01002620,826,614,212
S01002621,630,544,86
S01002622,903,848,55
S01002623,684,611,73
S01002624,723,642,81
S01002625,856,756,100
S01002626,759,583,176
S01002627,1064,957,107
S01002628,805,723,82
S01002629,821,696,125
S01002630,638,471,167
S01002631,741,640,101
S01002632,596,503,93
S01002633,1000,834,166
S01002634,781,653,128
S01002635,594,474,120
S01002636,562,478,84
S01002637,800,620,180
S01002638,790,615,175
S01002639,956,826,130
S01002640,765,646,119
S01002641,961,852,109
S01002642,573,385,188
S01002643,521,363,158
S01002644,761,641,120
S01002645,652,487,165
S01002646,659,557,102
S01002647,939,646,293
S01002648,760,644,116
S01002649,755,596,159
S01002650,673,564,109
S01002651,667,497,170
S01002652,733,630,103
S01002653,762,599,163
S01002654,725,540,185
S01002655,702,534,168
S01002656,676,495,181
S01002657,815,636,179
S01002658,1004,835,169
S01002659,929,795,134
S01002660,865,665,200
S01002661,822,607,215
S01002662,814,628,186
S01002663,709,639,70
S01002664,940,852,88
S01002665,787,600,187
S01002666,816,650,166
S01002667,647,496,151
S01002668,521,411,110
S01002669,886,720,166
S01002670,655,578,77
S01002671,963,798,165
S01002672,616,470,146
S01002673,532,431,101
S01002674,755,617,138
S01002675,931,758,173
S01002676,835,623,212
S01002677,991,783,208
S01002678,1010,812,198
S01002679,943,664,279
S01002680,940,760,180
S01002681,756,594,162
S01002682,588,456,132
S01002683,627,494,133
S01002684,725,550,175
S01002685,914,650,264
S01002686,863,720,143
S01002687,832,679,153
S01002688,718,644,74
S01002689,697,636,61
S01002690,565,447,118
S01002691,1096,903,193
S01002692,926,788,138
S01002693,450,376,74
S01002694,764,614,150
S01002695,624,497,127
S01002696,778,617,161
S01002697,916,793,123
S01002698,729,569,160
S01002699,531,407,124
S01002700,909,705,204
S01002701,916,809,107
S01002702,618,415,203
S01002703,848,677,171
S01002704,682,539,143
S01002705,679,468,211
S01002706,810,639,171
S01002707,909,716,193
S01002708,724,555,169
S01002709,615,465,150
S01002710,580,491,89
S01002711,894,670,224
S01002712,790,581,209
S01002713,797,520,277
S01002714,929,756,173
S01002715,922,685,237
S01002716,575,500,75
S01002717,766,625,141
S01002718,895,686,209
S01002719,788,632,156
S01002720,773,635,138
S01002721,804,571,233
S01002722,668,553,115
S01002723,637,416,221
S01002724,822,650,172
S01002725,912,707,205
S01002726,796,617,179
S01002727,978,882,96
S01002728,857,672,185
S01002729,941,850,91
S01002730,772,649,123
S01002731,790,579,211
S01002732,684,518,166
S01002733,627,433,194
S01002734,939,657,282
S01002735,933,699,234
S01002736,715,577,138
S01002737,743,629,114
S01002738,720,576,144
S01002739,805,656,149
S01002740,570,488,82
S01002741,865,686,179
S01002742,837,600,237
S01002743,580,413,167
S01002744,567,476,91
S01002745,609,443,166
S01002746,834,667,167
S01002747,595,447,148
S01002748,589,452,137
S01002749,779,617,162
S01002750,918,635,283
S01002751,970,729,241
S01002752,555,385,170
S01002753,662,577,85
S01002754,610,472,138
S01002755,792,616,176
S01002756,833,576,257
S01002757,580,410,170
S01002758,733,549,184
S01002759,750,600,150
S01002760,515,371,144
S01002761,764,535,229
S01002762,633,478,155
S01002763,917,713,204
S01002764,658,491,167
S01002765,751,493,258
S01002766,893,661,232
S01002767,950,813,137
S01002768,849,669,180
S01002769,787,647,140
S01002770,544,403,141
S01002771,778,584,194
S01002772,1077,833,244
S01002773,973,722,251
S01002774,787,586,201
S01002775,818,578,240
S01002776,698,595,103
S01002777,1000,709,291
S01002778,759,503,256
S01002779,637,478,159
S01002780,916,727,189
S01002781,947,682,265
S01002782,848,561,287
S01002783,792,595,197
S01002784,567,455,112
S01002785,709,567,142
S01002786,742,629,113
S01002787,773,647,126
S01002788,816,713,103
S01002789,774,683,91
S01002790,812,579,233
S01002791,676,513,163
S01002792,916,702,214
S01002793,801,576,225
S01002794,876,635,241
S01002795,673,587,86
S01002796,573,407,166
S01002797,840,744,96
S01002798,595,456,139
S01002799,622,434,188
S01002800,811,731,80
S01002801,986,694,292
S01002802,652,588,64
S01002803,836,646,190
S01002804,539,386,153
S01002805,856,587,269
S01002806,590,431,159
S01002807,720,476,244
S01002808,848,649,199
S01002809,683,474,209
S01002810,967,743,224
S01002811,959,715,244
S01002812,630,482,148
S01002813,728,498,230
S01002814,721,562,159
S01002815,786,535,251
S01002816,568,428,140
S01002817,575,387,188
S01002818,582,471,111
S01002819,828,592,236
S01002820,924,696,228
S01002821,975,751,224
S01002822,908,680,228
S01002823,825,610,215
S01002824,777,622,155
S01002825,975,733,242
S01002826,546,384,162
S01002827,670,481,189
S01002828,633,520,113
S01002829,812,548,264
S01002830,663,437,226
S01002831,800,612,188
S01002832,816,681,135
S01002833,1119,951,168
S01002834,911,656,255
S01002835,751,552,199
S01002836,581,451,130
S01002837,598,414,184
S01002838,568,391,177
S01002839,541,368,173
S01002840,683,509,174
S01002841,626,556,70
S01002842,628,411,217
S01002843,820,550,270
S01002844,605,470,135
S01002845,782,599,183
S01002846,905,713,192
S01002847,926,751,175
S01002848,853,698,155
S01002849,1051,860,191
S01002850,903,691,212
S01002851,499,406,93
S01002852,1000,788,212
S01002853,443,333,110
S01002854,839,599,240
S01002855,629,452,177
S01002856,776,588,188
S01002857,505,410,95
S01002858,480,386,94
S01002859,851,626,225
S01002860,919,762,157
S01002861,965,794,171
S01002862,640,513,127
S01002863,793,596,197
S01002864,612,441,171
S01002865,919,747,172
S01002866,1083,817,266
S01002867,578,499,79
S01002868,754,553,201
S01002869,545,417,128
S01002870,925,703,222
S01002871,606,491,115
S01002872,627,454,173
S01002873,784,608,176
S01002874,909,778,131
S01002875,678,523,155
S01002876,697,551,146
S01002877,782,642,140
S01002878,567,459,108
S01002879,861,689,172
S01002880,513,410,103
S01002881,878,677,201
S01002882,748,529,219
S01002883,1133,817,316
S01002884,804,589,215
S01002885,792,657,135
S01002886,678,520,158
S01002887,635,482,153
S01002888,603,480,123
S01002889,847,687,160
S01002890,752,604,148
S01002891,792,630,162
S01002892,664,475,189
S01002893,729,538,191
S01002894,782,610,172
S01002895,659,446,213
S01002896,719,569,150
S01002897,521,328,193
S01002898,993,784,209
S01002899,506,438,68
S01002900,744,584,160
S01002901,835,650,185
S01002902,785,646,139
S01002903,869,655,214
S01002904,651,524,127
S01002905,745,608,137
S01002906,845,693,152
S01002907,610,473,137
S01002908,787,626,161
S01002909,727,543,184
S01002910,780,597,183
S01002911,915,698,217
S01002912,980,797,183
S01002913,805,665,140
S01002914,718,536,182
S01002915,1019,828,191
S01002916,779,523,256
S01002917,671,560,111
S01002918,736,583,153
S01002919,945,780,165
S01002920,639,473,166
S01002921,679,543,136
S01002922,560,429,131
S01002923,705,557,148
S01002924,699,563,136
S01002925,1034,813,221
S01002926,819,672,147
S01002927,790,600,190
S01002928,561,472,89
S01002929,801,649,152
S01002930,663,576,87
S01002931,793,613,180
S01002932,771,716,55
S01002933,865,679,186
S01002934,953,775,178
S01002935,828,678,150
S01002936,713,670,43
S01002937,642,540,102
S01002938,805,601,204
S01002939,546,464,82
S01002940,526,412,114
S01002941,968,783,185
S01002942,538,459,79
S01002943,530,455,75
S01002944,952,785,167
S01002945,588,491,97
S01002946,641,524,117
S01002947,492,423,69
S01002948,875,723,152
S01002949,507,418,89
S01002950,747,621,126
S01002951,898,718,180
S01002952,620,506,114
S01002953,904,729,175
S01002954,869,742,127
S01002955,988,782,206
S01002956,767,612,155
S01002957,960,825,135
S01002958,562,476,86
S01002959,978,834,144
S01002960,697,594,103
S01002961,774,592,182
S01002962,628,466,162
S01002963,778,626,152
S01002964,819,664,155
S01002965,816,679,137
S01002966,838,547,291
S01002967,832,699,133
S01002968,712,629,83
S01002969,941,752,189
S01002970,522,444,78
S01002971,1082,950,132
S01002972,905,703,202
S01002973,895,729,166
S01002974,560,490,70
S01002975,550,419,131
S01002976,939,709,230
S01002977,711,585,126
S01002978,1071,829,242
S01002979,710,560,150
S01002980,790,644,146
S01002981,827,727,100
S01002982,680,572,108
S01002983,777,575,202
S01002984,743,598,145
S01002985,564,467,97
S01002986,756,598,158
S01002987,638,503,135
S01002988,698,560,138
S01002989,975,727,248
S01002990,580,532,48
S01002991,802,667,135
S01002992,694,597,97
S01002993,820,730,90
S01002994,1117,984,133
S01002995,745,688,57
S01002996,1028,852,176
S01002997,667,554,113
S01002998,788,675,113
S01002999,906,817,89
S01003000,900,778,122
S01003001,604,487,117
S01003002,764,610,154
S01003003,555,466,89
S01003004,524,457,67
S01003005,561,492,69
S01003006,737,626,111
S01003007,781,671,110
S01003008,963,899,64
S01003009,534,427,107
S01003010,601,530,71
S01003011,470,434,36
S01003012,989,835,154
S01003013,582,511,71
S01003014,683,593,90
S01003015,772,658,114
S01003016,470,404,66
S01003017,646,517,129
S01003018,782,653,129
S01003019,799,626,173
S01003020,662,513,149
S01003021,691,555,136
S01003022,980,789,191
S01003023,792,671,121
S01003024,629,500,129
S01003025,751,603,148
S01003026,627,422,205
S01003027,1148,987,161
S01003028,768,474,294
S01003029,770,533,237
S01003030,850,604,246
S01003032,454,300,154
S01003033,514,359,155
S01003034,902,766,136
S01003035,766,594,172
S01003036,773,463,310
S01003037,799,659,140
S01003038,896,802,94
S01003039,883,623,260
S01003040,850,543,307
S01003041,729,651,78
S01003042,652,474,178
S01003043,577,411,166
S01003044,936,642,294
S01003045,843,632,211
S01003046,754,612,142
S01003047,1008,650,358
S01003048,489,299,190
S01003049,584,395,189
S01003050,798,693,105
S01003051,938,742,196
S01003052,759,477,282
S01003053,929,756,173
S01003054,896,694,202
S01003055,865,562,303
S01003056,890,668,222
S01003057,709,619,90
S01003058,766,584,182
S01003059,838,679,159
S01003060,692,511,181
S01003061,849,738,111
S01003062,961,675,286
S01003063,799,682,117
S01003064,926,578,348
S01003065,919,748,171
S01003066,943,816,127
S01003067,661,552,109
S01003068,859,726,133
S01003069,606,456,150
S01003070,790,577,213
S01003071,649,544,105
S01003072,993,713,280
S01003073,763,651,112
S01003074,788,682,106
S01003075,735,605,130
S01003076,912,658,254
S01003077,1016,699,317
S01003078,722,567,155
S01003079,914,776,138
S01003080,859,766,93
S01003081,936,851,85
S01003082,742,566,176
S01003083,1072,834,238
S01003084,873,532,341
S01003085,1010,833,177
S01003086,715,610,105
S01003087,679,586,93
S01003088,1000,696,304
S01003089,620,558,62
S01003090,768,554,214
S01003091,634,543,91
S01003092,808,573,235
S01003093,1018,705,313
S01003094,1013,734,279
S01003095,837,764,73
S01003096,714,598,116
S01003097,253,169,84
S01003098,1037,817,220
S01003099,590,412,178
S01003100,860,627,233
S01003101,607,422,185
S01003102,799,676,123
S01003103,789,676,113
S01003104,999,591,408
S01003105,798,661,137
S01003106,737,631,106
S01003107,843,614,229
S01003108,735,565,170
S01003109,991,870,121
S01003110,827,736,91
S01003111,928,621,307
S01003112,952,819,133
S01003113,756,670,86
S01003114,947,789,158
S01003115,546,440,106
S01003116,872,626,246
S01003117,788,628,160
S01003118,493,303,190
S01003119,722,640,82
S01003120,1073,954,119
S01003121,964,642,322
S01003122,777,525,252
S01003123,846,660,186
S01003124,819,699,120
S01003125,796,648,148
S01003126,153,63,90
S01003127,850,720,130
S01003128,720,480,240
S01003129,1080,851,229
S01003130,786,649,137
S01003131,846,734,112
S01003132,594,396,198
S01003133,1206,966,240
S01003134,754,534,220
S01003135,759,532,227
S01003136,809,701,108
S01003137,668,565,103
S01003138,1017,643,374
S01003139,979,838,141
S01003140,945,668,277
S01003141,725,659,66
S01003142,727,452,275
S01003143,877,704,173
S01003144,910,586,324
S01003145,741,489,252
S01003146,672,601,71
S01003147,923,585,338
S01003148,775,572,203
S01003149,907,725,182
S01003150,781,548,233
S01003151,790,575,215
S01003152,917,588,329
S01003153,796,646,150
S01003154,891,770,121
S01003155,1081,1000,81
S01003156,838,689,149
S01003157,982,699,283
S01003158,541,376,165
S01003159,242,152,90
S01003160,716,509,207
S01003161,609,435,174
S01003162,688,473,215
S01003163,655,550,105
S01003164,951,764,187
S01003165,985,737,248
S01003166,660,566,94
S01003167,800,546,254
S01003168,842,700,142
S01003169,1025,767,258
S01003170,935,764,171
S01003171,635,562,73
S01003172,718,612,106
S01003173,485,424,61
S01003174,803,634,169
S01003175,797,517,280
S01003176,770,649,121
S01003177,1060,863,197
S01003178,695,477,218
S01003179,716,585,131
S01003180,752,661,91
S01003181,927,671,256
S01003182,696,465,231
S01003183,701,594,107
S01003184,875,597,278
S01003185,530,324,206
S01003186,908,780,128
S01003187,904,785,119
S01003188,828,630,198
S01003189,841,657,184
S01003190,758,528,230
S01003191,529,417,112
S01003192,737,560,177
S01003193,611,476,135
S01003194,795,480,315
S01003195,818,582,236
S01003196,947,836,111
S01003197,668,520,148
S01003198,932,684,248
S01003199,876,710,166
S01003200,696,477,219
S01003201,231,142,89
S01003202,298,166,132
S01003203,862,595,267
S01003204,1021,751,270
S01003205,719,454,265
S01003206,745,532,213
S01003207,814,680,134
S01003208,900,574,326
S01003209,596,432,164
S01003210,903,677,226
S01003211,920,723,197
S01003212,779,660,119
S01003213,592,467,125
S01003214,799,522,277
S01003215,1011,755,256
S01003216,744,522,222
S01003217,691,360,331
S01003218,744,578,166
S01003219,760,522,238
S01003220,798,636,162
S01003221,876,650,226
S01003222,775,653,122
S01003223,980,642,338
S01003224,749,601,148
S01003225,794,481,313
S01003226,792,576,216
S01003227,925,778,147
S01003228,916,571,345
S01003229,1061,901,160
S01003230,826,555,271
S01003231,984,636,348
S01003232,779,520,259
S01003233,1017,845,172
S01003234,843,695,148
S01003235,798,532,266
S01003236,832,680,152
S01003237,1025,672,353
S01003238,749,598,151
S01003239,999,775,224
S01003240,775,676,99
S01003241,828,587,241
S01003242,1036,765,271
S01003243,884,633,251
S01003244,999,606,393
S01003245,849,501,348
S01003246,1007,542,465
S01003247,757,574,183
S01003248,809,499,310
S01003249,707,545,162
S01003250,582,366,216
S01003251,834,503,331
S01003252,697,570,127
S01003253,822,492,330
S01003254,613,396,217
S01003255,885,566,319
S01003256,924,679,245
S01003257,822,679,143
S01003258,919,729,190
S01003259,1111,872,239
S01003260,781,637,144
S01003261,925,751,174
S01003262,778,589,189
S01003263,753,448,305
S01003264,584,363,221
S01003265,726,502,224
S01003266,749,413,336
S01003267,970,599,371
S01003268,793,601,192
S01003269,910,616,294
S01003270,792,568,224
S01003271,819,632,187
S01003272,931,596,335
S01003273,694,403,291
S01003274,538,296,242
S01003275,967,580,387
S01003276,784,663,121
S01003277,678,437,241
S01003278,854,651,203
S01003279,459,333,126
S01003280,926,733,193
S01003281,554,402,152
S01003282,862,693,169
S01003283,776,613,163
S01003284,908,588,320
S01003285,367,262,105
S01003286,1048,658,390
S01003287,603,469,134
S01003288,778,659,119
S01003289,302,196,106
S01003290,767,552,215
S01003291,756,435,321
S01003292,784,642,142
S01003293,942,587,355
S01003294,790,485,305
S01003295,1061,836,225
S01003296,617,395,222
S01003297,537,334,203
S01003298,1015,765,250
S01003299,420,289,131
S01003300,839,654,185
S01003301,781,595,186
S01003302,585,388,197
S01003303,883,774,109
S01003304,781,645,136
S01003305,750,677,73
S01003306,943,563,380
S01003307,1075,656,419
S01003308,900,592,308
S01003309,791,522,269
S01003310,796,554,242
S01003311,794,672,122
S01003312,649,460,189
S01003313,944,638,306
S01003314,598,365,233
S01003315,615,469,146
S01003316,736,593,143
S01003317,718,625,93
S01003318,843,664,179
S01003320,646,563,83
S01003321,790,610,180
S01003322,799,616,183
S01003323,668,570,98
S01003324,561,420,141
S01003325,852,741,111
S01003326,799,546,253
S01003327,692,534,158
S01003328,586,479,107
S01003329,832,597,235
S01003330,986,898,88
S01003331,636,337,299
S01003332,439,278,161
S01003333,940,537,403
S01003334,865,612,253
S01003335,543,396,147
S01003336,905,543,362
S01003337,949,554,395
S01003338,900,672,228
S01003339,827,668,159
S01003340,1072,714,358
S01003341,795,708,87
S01003342,677,429,248
S01003343,611,441,170
S01003344,596,445,151
S01003345,1019,752,267
S01003346,902,603,299
S01003347,822,502,320
S01003348,759,570,189
S01003349,881,587,294
S01003350,731,500,231
S01003351,1079,736,343
S01003352,831,550,281
S01003353,635,431,204
S01003354,832,450,382
S01003355,879,581,298
S01003356,919,629,290
S01003357,424,249,175
S01003358,859,627,232
S01003359,977,894,83
S01003360,807,641,166
S01003361,759,464,295
S01003362,813,542,271
S01003363,793,477,316
S01003364,664,465,199
S01003365,755,557,198
S01003366,548,487,61
S01003367,1058,680,378
S01003368,973,839,134
S01003369,734,379,355
S01003370,776,639,137
S01003371,754,573,181
S01003372,741,500,241
S01003373,667,465,202
S01003374,529,399,130
S01003375,756,540,216
S01003376,530,362,168
S01003377,789,487,302
S01003378,823,560,263
S01003379,650,455,195
S01003380,786,620,166
S01003381,705,540,165
S01003382,704,443,261
S01003383,954,599,355
S01003384,1025,661,364
S01003385,851,701,150
S01003386,689,392,297
S01003387,794,599,195
S01003388,1011,624,387
S01003389,980,722,258
S01003390,956,689,267
S01003391,818,530,288
S01003392,793,584,209
S01003393,1036,549,487
S01003394,725,510,215
S01003395,744,605,139
S01003396,815,520,295
S01003397,878,688,190
S01003398,884,659,225
S01003399,1573,1345,228
S01003400,688,386,302
S01003401,792,564,228
S01003402,695,515,180
S01003403,755,594,161
S01003404,482,310,172
S01003405,838,602,236
S01003406,721,518,203
S01003407,734,463,271
S01003408,662,484,178
S01003409,835,571,264
S01003410,770,666,104
S01003411,777,545,232
S01003412,915,684,231
S01003413,806,623,183
S01003414,547,396,151
S01003415,1334,1007,327
S01003416,882,508,374
S01003417,803,584,219
S01003418,948,590,358
S01003419,970,662,308
S01003420,519,359,160
S01003421,559,346,213
S01003422,794,493,301
S01003423,552,485,67
S01003424,994,751,243
S01003425,931,794,137
S01003426,1001,715,286
S01003427,943,546,397
S01003428,666,420,246
S01003429,947,865,82
S01003430,759,639,120
S01003431,660,340,320
S01003432,936,807,129
S01003433,981,886,95
S01003434,910,558,352
S01003435,672,470,202
S01003436,583,456,127
S01003437,610,528,82
S01003438,902,788,114
S01003439,897,380,517
S01003440,500,367,133
S01003441,1025,725,300
S01003442,731,458,273
S01003443,959,665,294
S01003444,654,431,223
S01003445,870,661,209
S01003446,530,438,92
S01003447,1785,1278,507
S01003448,743,447,296
S01003449,883,730,153
S01003450,787,594,193
S01003451,763,621,142
S01003452,1077,741,336
S01003453,737,627,110
S01003454,723,591,132
S01003455,591,366,225
S01003456,387,280,107
S01003457,945,607,338
S01003458,904,673,231
S01003459,915,721,194
S01003460,897,766,131
S01003461,791,521,270
S01003462,611,461,150
S01003463,799,585,214
S01003464,924,844,80
S01003465,790,680,110
S01003466,750,558,192
S01003467,757,493,264
S01003468,732,621,111
S01003469,863,659,204
S01003470,811,657,154
S01003471,720,520,200
S01003472,811,576,235
S01003473,931,647,284
S01003474,746,671,75
S01003475,764,506,258
S01003476,819,721,98
S01003477,972,835,137
S01003478,763,609,154
S01003479,791,602,189
S01003480,611,399,212
S01003481,1001,777,224
S01003482,657,417,240
S01003483,634,449,185
S01003484,906,794,112
S01003485,990,896,94
S01003486,833,620,213
S01003487,998,823,175
S01003488,691,363,328
S01003489,983,672,311
S01003490,640,439,201
S01003491,126,66,60
S01003492,838,643,195
S01003493,728,494,234
S01003494,776,486,290
S01003495,723,545,178
S01003496,859,707,152
S01003497,966,810,156
S01003498,997,690,307
S01003499,991,792,199
S01003500,645,447,198
S01003501,633,554,79
S01003502,669,518,151
S01003503,670,579,91
S01003504,725,652,73
S01003506,979,874,105
S01003507,528,496,32
S01003508,810,534,276
S01003509,849,763,86
S01003510,365,278,87
S01003511,979,876,103
S01003512,642,402,240
S01003513,717,641,76
S01003514,799,724,75
S01003515,750,516,234
S01003516,707,564,143
S01003517,681,576,105
S01003518,979,767,212
S01003519,542,384,158
S01003520,673,558,115
S01003521,524,462,62
S01003522,756,674,82
S01003523,577,344,233
S01003524,1055,926,129
S01003525,974,818,156
S01003526,925,824,101
S01003527,910,786,124
S01003528,604,516,88
S01003529,543,510,33
S01003530,791,707,84
S01003531,795,552,243
S01003532,1057,881,176
S01003533,353,234,119
S01003534,943,759,184
S01003535,709,570,139
S01003536,1031,917,114
S01003537,796,534,262
S01003538,670,445,225
S01003539,975,843,132
S01003540,490,297,193
S01003541,734,570,164
S01003542,838,720,118
S01003543,615,446,169
S01003544,553,485,68
S01003545,980,885,95
S01003546,828,552,276
S01003547,790,651,139
S01003549,770,560,210
S01003550,713,618,95
S01003551,745,508,237
S01003552,882,822,60
S01003553,691,454,237
S01003554,776,645,131
S01003555,818,750,68
S01003556,723,639,84
S01003557,785,588,197
S01003558,949,843,106
S01003559,897,789,108
S01003560,1029,872,157
S01003561,1003,607,396
S01003562,697,507,190
S01003563,608,429,179
S01003564,708,459,249
S01003565,856,546,310
S01003566,750,644,106
S01003567,924,616,308
S01003568,734,608,126
S01003569,725,595,130
S01003570,772,634,138
S01003571,897,679,218
S01003572,925,582,343
S01003573,919,571,348
S01003574,886,781,105
S01003575,887,610,277
S01003576,846,611,235
S01003577,742,491,251
S01003578,279,204,75
S01003579,632,445,187
S01003580,881,632,249
S01003581,1783,1495,288
S01003582,584,320,264
S01003583,527,326,201
S01003584,767,576,191
S01003585,557,361,196
S01003586,921,604,317
S01003587,1060,963,97
S01003588,721,625,96
S01003589,1250,1121,129
S01003590,688,549,139
S01003591,1149,1026,123
S01003592,841,606,235
S01003593,694,478,216
S01003594,1013,810,203
S01003595,769,511,258
S01003596,775,475,300
S01003597,638,499,139
S01003598,725,480,245
S01003599,606,375,231
S01003600,840,502,338
S01003601,844,662,182
S01003602,728,492,236
S01003603,835,538,297
S01003604,787,482,305
S01003605,668,464,204
S01003606,879,600,279
S01003607,557,399,158
S01003608,540,371,169
S01003609,1049,866,183
S01003610,748,587,161
S01003611,756,421,335
S01003612,911,695,216
S01003613,848,714,134
S01003614,568,409,159
S01003615,542,398,144
S01003616,701,655,46
S01003617,953,609,344
S01003618,770,539,231
S01003619,886,565,321
S01003620,960,823,137
S01003621,969,544,425
S01003622,783,484,299
S01003623,947,794,153
S01003624,1072,661,411
S01003625,398,283,115
S01003626,889,717,172
S01003627,588,401,187
S01003628,742,481,261
S01003629,808,471,337
S01003630,754,472,282
S01003631,748,540,208
S01003632,785,706,79
S01003633,921,731,190
S01003634,1117,678,439
S01003635,572,422,150
S01003636,995,559,436
S01003637,745,505,240
S01003638,763,609,154
S01003639,794,515,279
S01003640,961,586,375
S01003641,752,691,61
S01003642,832,514,318
S01003643,608,519,89
S01003644,880,590,290
S01003645,572,370,202
S01003646,756,540,216
S01003647,712,485,227
S01003648,804,633,171
S01003649,1072,848,224
S01003650,719,475,244
S01003651,754,481,273
S01003652,633,430,203
S01003653,786,526,260
S01003654,1106,660,446
S01003655,844,598,246
S01003656,575,415,160
S01003657,891,532,359
S01003658,895,640,255
S01003659,822,684,138
S01003660,874,811,63
S01003661,839,741,98
S01003662,610,404,206
S01003663,582,385,197
S01003664,548,347,201
S01003665,657,432,225
S01003666,743,498,245
S01003667,915,700,215
S01003668,789,445,344
S01003669,569,348,221
S01003670,889,618,271
S01003671,699,449,250
S01003672,884,611,273
S01003673,311,210,101
S01003674,843,581,262
S01003675,696,611,85
S01003676,426,314,112
S01003677,774,547,227
S01003678,699,445,254
S01003679,1064,726,338
S01003680,840,544,296
S01003681,590,357,233
S01003682,1103,926,177
S01003683,610,414,196
S01003684,749,505,244
S01003685,548,387,161
S01003686,1028,753,275
S01003687,702,498,204
S01003688,950,670,280
S01003689,623,446,177
S01003690,961,539,422
S01003691,1094,865,229
S01003692,1023,677,346
S01003693,619,442,177
S01003694,893,666,227
S01003695,958,713,245
S01003696,1095,729,366
S01003697,988,843,145
S01003698,942,627,315
S01003699,1044,930,114
S01003700,1049,724,325
S01003701,962,587,375
S01003702,838,634,204
S01003703,996,634,362
S01003704,713,474,239
S01003705,875,638,237
S01003706,779,591,188
S01003707,778,589,189
S01003708,658,460,198
S01003709,899,497,402
S01003710,894,595,299
S01003711,843,602,241
S01003712,756,519,237
S01003713,550,352,198
S01003714,797,613,184
S01003715,861,711,150
S01003716,589,404,185
S01003717,827,609,218
S01003718,568,429,139
S01003719,564,455,109
S01003720,931,777,154
S01003721,749,593,156
S01003722,897,650,247
S01003723,548,460,88
S01003724,786,619,167
S01003725,613,499,114
S01003726,684,607,77
S01003727,750,635,115
S01003728,500,409,91
S01003729,653,513,140
S01003730,646,525,121
S01003731,573,436,137
S01003732,820,686,134
S01003733,826,664,162
S01003734,713,594,119
S01003735,741,568,173
S01003736,832,668,164
S01003737,633,514,119
S01003738,660,566,94
S01003739,528,458,70
S01003740,577,457,120
S01003741,851,721,130
S01003742,527,441,86
S01003743,580,486,94
S01003744,586,489,97
S01003745,720,625,95
S01003746,796,662,134
S01003747,982,804,178
S01003748,591,442,149
S01003749,819,708,111
S01003750,557,484,73
S01003751,951,829,122
S01003752,795,482,313
S01003753,913,724,189
S01003754,891,731,160
S01003755,724,614,110
S01003756,728,601,127
S01003757,592,508,84
S01003758,749,625,124
S01003759,615,508,107
S01003760,758,683,75
S01003761,817,683,134
S01003762,742,648,94
S01003763,917,726,191
S01003764,859,726,133
S01003765,739,614,125
S01003766,611,482,129
S01003767,696,526,170
S01003768,576,460,116
S01003769,671,539,132
S01003770,631,536,95
S01003771,678,569,109
S01003772,574,452,122
S01003773,710,597,113
S01003774,650,544,106
S01003775,768,632,136
S01003776,578,499,79
S01003777,927,760,167
S01003778,512,456,56
S01003779,491,419,72
S01003780,979,792,187
S01003781,648,575,73
S01003782,560,486,74
S01003783,1033,779,254
S01003784,580,526,54
S01003785,830,725,105
S01003786,928,780,148
S01003787,613,540,73
S01003788,724,554,170
S01003789,522,468,54
S01003790,618,535,83
S01003791,633,568,65
S01003792,680,613,67
S01003793,544,429,115
S01003794,711,554,157
S01003795,580,504,76
S01003796,659,535,124
S01003797,957,774,183
S01003798,818,683,135
S01003799,841,763,78
S01003800,697,564,133
S01003801,808,651,157
S01003802,765,631,134
S01003803,653,514,139
S01003804,632,520,112
S01003805,1022,791,231
S01003806,672,501,171
S01003807,934,826,108
S01003808,666,511,155
S01003809,768,623,145
S01003810,892,693,199
S01003811,702,606,96
S01003812,898,646,252
S01003813,946,829,117
S01003814,773,616,157
S01003815,716,592,124
S01003816,846,762,84
S01003817,926,695,231
S01003818,830,632,198
S01003819,613,544,69
S01003820,999,817,182
S01003821,837,661,176
S01003822,739,632,107
S01003823,937,714,223
S01003824,685,558,127
S01003825,812,753,59
S01003826,721,575,146
S01003827,792,636,156
S01003828,696,588,108
S01003829,665,511,154
S01003830,917,707,210
S01003831,641,573,68
S01003832,851,682,169
S01003833,521,378,143
S01003834,675,560,115
S01003835,536,482,54
S01003836,589,494,95
S01003837,764,531,233
S01003838,623,527,96
S01003839,674,519,155
S01003840,712,567,145
S01003841,577,433,144
S01003842,588,491,97
S01003843,651,551,100
S01003844,781,690,91
S01003845,921,719,202
S01003846,796,624,172
S01003847,578,471,107
S01003848,681,597,84
S01003849,756,504,252
S01003850,560,502,58
S01003851,872,745,127
S01003852,563,476,87
S01003853,763,600,163
S01003854,586,484,102
S01003855,1000,796,204
S01003856,726,627,99
S01003857,738,628,110
S01003858,621,514,107
S01003859,570,501,69
S01003860,669,456,213
S01003861,806,724,82
S01003862,610,486,124
S01003863,696,608,88
S01003864,887,737,150
S01003865,810,688,122
S01003866,818,674,144
S01003867,1009,782,227
S01003868,639,538,101
S01003869,671,554,117
S01003870,803,667,136
S01003871,797,641,156
S01003872,844,723,121
S01003873,978,816,162
S01003874,844,735,109
S01003875,514,440,74
S01003876,645,566,79
S01003877,566,471,95
S01003878,968,769,199
S01003879,634,544,90
S01003880,891,721,170
S01003881,759,631,128
S01003882,530,405,125
S01003883,535,451,84
S01003884,754,614,140
S01003885,673,556,117
S01003886,580,483,97
S01003887,871,649,222
S01003888,633,540,93
S01003889,586,512,74
S01003890,652,540,112
S01003891,789,665,124
S01003892,627,544,83
S01003893,632,527,105
S01003894,826,666,160
S01003895,687,592,95
S01003896,683,554,129
S01003897,678,521,157
S01003898,762,562,200
S01003899,717,596,121
S01003900,708,568,140
S01003901,608,462,146
S01003902,859,710,149
S01003903,664,592,72
S01003904,708,570,138
S01003905,864,737,127
S01003906,723,578,145
S01003907,718,530,188
S01003908,823,695,128
S01003909,681,593,88
S01003910,712,608,104
S01003911,613,510,103
S01003912,685,589,96
S01003913,693,560,133
S01003914,891,701,190
S01003915,638,512,126
S01003916,775,655,120
S01003917,886,695,191
S01003918,886,774,112
S01003919,521,385,136
S01003920,648,516,132
S01003921,775,545,230
S01003922,827,619,208
S01003923,765,636,129
S01003924,505,365,140
S01003925,772,651,121
S01003926,579,439,140
S01003927,672,576,96
S01003928,890,688,202
S01003929,502,387,115
S01003930,746,592,154
S01003931,882,702,180
S01003932,896,690,206
S01003933,644,513,131
S01003934,898,734,164
S01003935,761,590,171
S01003936,878,700,178
S01003937,808,624,184
S01003938,526,451,75
S01003939,589,464,125
S01003940,865,706,159
S01003941,583,482,101
S01003942,749,590,159
S01003943,675,547,128
S01003944,639,492,147
S01003945,690,597,93
S01003946,836,678,158
S01003947,511,418,93
S01003948,629,521,108
S01003949,594,474,120
S01003950,587,491,96
S01003951,543,397,146
S01003952,524,442,82
S01003953,576,439,137
S01003954,546,419,127
S01003955,610,488,122
S01003956,629,533,96
S01003957,687,552,135
S01003958,762,596,166
S01003959,730,586,144
S01003960,890,697,193
S01003961,565,424,141
S01003962,575,453,122
S01003963,535,438,97
S01003964,459,373,86
S01003965,543,415,128
S01003966,916,727,189
S01003967,513,420,93
S01003968,902,666,236
S01003969,775,592,183
S01003970,593,469,124
S01003971,652,500,152
S01003972,632,491,141
S01003973,544,457,87
S01003974,813,628,185
S01003975,655,564,91
S01003976,708,548,160
S01003977,595,480,115
S01003978,610,468,142
S01003979,589,464,125
S01003980,558,457,101
S01003981,579,458,121
S01003982,726,621,105
S01003983,725,610,115
S01003984,654,485,169
S01003985,862,716,146
S01003986,582,461,121
S01003987,546,442,104
S01003988,525,413,112
S01003989,800,635,165
S01003990,506,400,106
S01003991,593,490,103
S01003992,923,768,155
S01003993,652,541,111
S01003994,679,564,115
S01003995,876,744,132
S01003996,512,430,82
S01003997,938,780,158
S01003998,599,524,75
S01003999,868,757,111
S01004000,769,614,155
S01004001,708,616,92
S01004002,879,659,220
S01004003,549,448,101
S01004004,785,662,123
S01004005,635,543,92
S01004006,576,493,83
S01004007,584,473,111
S01004008,645,525,120
S01004009,648,518,130
S01004010,775,626,149
S01004011,1115,872,243
S01004012,729,610,119
S01004013,530,443,87
S01004014,606,490,116
S01004015,944,825,119
S01004016,608,529,79
S01004017,972,859,113
S01004018,854,780,74
S01004019,527,485,42
S01004020,697,519,178
S01004021,810,761,49
S01004022,540,431,109
S01004023,603,521,82
S01004024,949,693,256
S01004025,853,618,235
S01004026,668,508,160
S01004027,778,579,199
S01004028,775,572,203
S01004029,928,705,223
S01004030,832,628,204
S01004031,596,436,160
S01004032,455,319,136
S01004033,898,654,244
S01004034,792,675,117
S01004035,751,568,183
S01004036,710,537,173
S01004037,717,621,96
S01004038,715,543,172
S01004039,402,279,123
S01004040,661,552,109
S01004041,623,447,176
S01004042,644,470,174
S01004043,805,725,80
S01004044,739,470,269
S01004045,656,505,151
S01004046,592,368,224
S01004047,746,606,140
S01004048,953,727,226
S01004049,844,636,208
S01004050,529,398,131
S01004051,627,467,160
S01004052,585,447,138
S01004053,932,673,259
S01004054,950,731,219
S01004055,600,537,63
S01004056,769,580,189
S01004057,983,815,168
S01004058,657,506,151
S01004059,610,488,122
S01004060,502,370,132
S01004061,634,383,251
S01004062,958,785,173
S01004063,707,498,209
S01004064,691,507,184
S01004065,918,672,246
S01004066,564,424,140
S01004067,787,644,143
S01004068,763,566,197
S01004069,636,506,130
S01004070,429,301,128
S01004071,858,593,265
S01004072,1083,784,299
S01004073,823,622,201
S01004074,886,684,202
S01004075,447,269,178
S01004076,630,506,124
S01004077,872,758,114
S01004078,712,557,155
S01004079,818,651,167
S01004080,705,464,241
S01004081,683,633,50
S01004082,740,654,86
S01004083,896,634,262
S01004084,757,442,315
S01004085,559,429,130
S01004086,773,406,367
S01004087,538,411,127
S01004088,569,468,101
S01004089,792,587,205
S01004090,408,302,106
S01004091,712,611,101
S01004092,697,588,109
S01004093,553,331,222
S01004094,413,236,177
S01004095,520,455,65
S01004096,681,590,91
S01004097,844,640,204
S01004098,630,509,121
S01004099,774,679,95
S01004100,800,648,152
S01004101,694,570,124
S01004102,785,675,110
S01004103,787,639,148
S01004104,796,713,83
S01004105,799,625,174
S01004106,801,652,149
S01004107,689,568,121
S01004108,786,623,163
S01004109,615,540,75
S01004110,563,437,126
S01004111,851,694,157
S01004112,874,602,272
S01004113,736,571,165
S01004114,644,458,186
S01004115,773,536,237
S01004116,683,542,141
S01004117,736,616,120
S01004118,893,570,323
S01004119,592,465,127
S01004120,720,595,125
S01004121,461,396,65
S01004122,626,557,69
S01004123,509,428,81
S01004124,973,864,109
S01004125,632,491,141
S01004126,642,474,168
S01004127,963,880,83
S01004128,741,646,95
S01004129,842,732,110
S01004130,572,505,67
S01004131,796,588,208
S01004132,580,479,101
S01004133,908,736,172
S01004134,712,650,62
S01004135,660,498,162
S01004136,633,537,96
S01004137,530,467,63
S01004138,707,538,169
S01004139,555,471,84
S01004140,600,516,84
S01004141,710,586,124
S01004142,577,522,55
S01004143,888,733,155
S01004144,784,585,199
S01004145,691,571,120
S01004146,722,645,77
S01004147,778,605,173
S01004148,976,878,98
S01004149,634,469,165
S01004150,579,533,46
S01004151,650,546,104
S01004152,754,588,166
S01004153,736,561,175
S01004154,670,552,118
S01004155,929,723,206
S01004156,804,604,200
S01004157,654,587,67
S01004158,627,521,106
S01004159,422,342,80
S01004160,629,512,117
S01004161,557,488,69
S01004162,708,615,93
S01004163,719,571,148
S01004164,956,777,179
S01004165,1000,881,119
S01004166,529,416,113
S01004167,573,395,178
S01004168,695,549,146
S01004169,592,428,164
S01004170,600,447,153
S01004171,626,484,142
S01004172,751,586,165
S01004173,588,458,130
S01004174,760,593,167
S01004175,631,527,104
S01004176,640,554,86
S01004177,509,401,108
S01004178,563,438,125
S01004179,523,419,104
S01004180,869,806,63
S01004181,739,587,152
S01004182,906,682,224
S01004183,959,860,99
S01004184,874,663,211
S01004185,828,687,141
S01004186,724,560,164
S01004187,721,542,179
S01004188,781,615,166
S01004189,630,588,42
S01004190,806,618,188
S01004191,759,600,159
S01004192,863,625,238
S01004193,652,497,155
S01004194,794,617,177
S01004195,612,465,147
S01004196,694,531,163
S01004197,698,532,166
S01004198,702,472,230
S01004199,823,666,157
S01004200,806,729,77
S01004201,755,637,118
S01004202,561,455,106
S01004203,873,690,183
S01004204,734,584,150
S01004205,718,498,220
S01004206,714,555,159
S01004207,793,629,164
S01004208,793,673,120
S01004209,587,527,60
S01004210,696,498,198
S01004211,730,657,73
S01004212,809,701,108
S01004213,599,431,168
S01004214,711,613,98
S01004215,620,514,106
S01004216,886,770,116
S01004217,574,418,156
S01004218,855,618,237
S01004219,615,491,124
S01004220,786,652,134
S01004221,902,727,175
S01004222,495,363,132
S01004223,809,603,206
S01004224,750,590,160
S01004225,836,573,263
S01004226,752,571,181
S01004227,603,479,124
S01004228,760,642,118
S01004229,703,536,167
S01004230,729,565,164
S01004231,766,585,181
S01004232,680,593,87
S01004233,633,534,99
S01004234,979,837,142
S01004235,623,537,86
S01004236,888,710,178
S01004237,658,535,123
S01004238,562,466,96
S01004239,676,559,117
S01004240,642,553,89
S01004241,514,431,83
S01004242,865,735,130
S01004243,580,483,97
S01004244,611,504,107
S01004245,741,590,151
S01004246,575,501,74
S01004247,850,713,137
S01004248,928,725,203
S01004249,895,738,157
S01004250,1014,835,179
S01004251,910,716,194
S01004252,552,450,102
S01004253,557,460,97
S01004254,729,598,131
S01004255,695,619,76
S01004256,565,492,73
S01004257,531,456,75
S01004258,709,595,114
S01004259,609,508,101
S01004260,563,484,79
S01004261,861,708,153
S01004262,751,647,104
S01004263,759,603,156
S01004264,703,562,141
S01004265,921,806,115
S01004266,536,395,141
S01004267,515,437,78
S01004268,655,585,70
S01004269,796,672,124
S01004270,537,407,130
S01004271,578,423,155
S01004272,646,572,74
S01004273,712,628,84
S01004274,796,668,128
S01004275,585,491,94
S01004276,700,557,143
S01004277,794,716,78
S01004278,916,733,183
S01004279,929,800,129
S01004280,998,773,225
S01004281,583,470,113
S01004282,989,823,166
S01004283,738,617,121
S01004284,960,784,176
S01004285,886,846,40
S01004286,759,682,77
S01004287,646,532,114
S01004288,735,642,93
S01004289,613,523,90
S01004290,700,599,101
S01004291,827,724,103
S01004292,774,723,51
S01004293,817,650,167
S01004294,774,653,121
S01004295,850,616,234
S01004296,815,677,138
S01004297,629,521,108
S01004298,997,847,150
S01004299,548,419,129
S01004300,550,379,171
S01004301,634,517,117
S01004302,762,645,117
S01004303,606,508,98
S01004304,938,785,153
S01004305,660,551,109
S01004306,576,452,124
S01004307,830,785,45
S01004308,990,809,181
S01004309,870,700,170
S01004310,810,652,158
S01004311,783,676,107
S01004312,705,574,131
S01004313,966,837,129
S01004314,771,599,172
S01004315,557,487,70
S01004316,535,508,27
S01004317,884,712,172
S01004318,618,430,188
S01004319,872,738,134
S01004320,918,754,164
S01004321,785,669,116
S01004322,976,776,200
S01004323,648,501,147
S01004324,849,669,180
S01004325,996,825,171
S01004326,804,652,152
S01004327,700,603,97
S01004328,667,551,116
S01004329,524,432,92
S01004330,992,836,156
S01004331,569,434,135
S01004332,575,473,102
S01004333,531,434,97
S01004334,1690,1551,139
S01004335,528,419,109
S01004336,995,809,186
S01004337,700,573,127
S01004338,703,582,121
S01004339,921,780,141
S01004340,577,468,109
S01004341,600,509,91
S01004342,801,738,63
S01004343,547,465,82
S01004344,769,608,161
S01004345,883,715,168
S01004346,555,475,80
S01004347,793,653,140
S01004348,580,488,92
S01004349,800,667,133
S01004350,562,413,149
S01004351,508,368,140
S01004352,575,462,113
S01004353,921,742,179
S01004354,587,497,90
S01004355,565,478,87
S01004356,982,783,199
S01004357,775,703,72
S01004358,774,673,101
S01004359,515,399,116
S01004360,637,453,184
S01004361,580,445,135
S01004362,547,366,181
S01004363,1017,657,360
S01004364,787,611,176
S01004365,765,632,133
S01004366,620,494,126
S01004367,874,741,133
S01004368,537,360,177
S01004369,778,679,99
S01004370,733,627,106
S01004371,761,636,125
S01004372,974,824,150
S01004373,564,412,152
S01004374,600,445,155
S01004375,748,614,134
S01004376,931,769,162
S01004377,737,585,152
S01004378,964,742,222
S01004379,959,767,192
S01004380,688,530,158
S01004381,816,664,152
S01004382,687,451,236
S01004383,811,621,190
S01004384,681,496,185
S01004385,830,682,148
S01004386,908,703,205
S01004387,968,763,205
S01004388,809,599,210
S01004389,609,481,128
S01004390,824,620,204
S01004391,593,501,92
S01004392,893,698,195
S01004393,911,694,217
S01004394,795,583,212
S01004395,530,402,128
S01004396,797,623,174
S01004397,958,874,84
S01004398,852,683,169
S01004399,507,385,122
S01004400,558,465,93
S01004401,1099,989,110
S01004402,974,719,255
S01004403,513,433,80
S01004404,669,591,78
S01004405,758,600,158
S01004406,869,633,236
S01004407,651,460,191
S01004408,572,473,99
S01004409,656,503,153
S01004410,935,721,214
S01004411,628,432,196
S01004412,958,686,272
S01004413,815,550,265
S01004414,695,412,283
S01004415,626,437,189
S01004416,691,515,176
S01004417,764,562,202
S01004418,924,687,237
S01004419,839,654,185
S01004420,756,572,184
S01004421,741,468,273
S01004422,570,400,170
S01004423,829,606,223
S01004424,715,500,215
S01004425,630,528,102
S01004426,559,423,136
S01004427,737,501,236
S01004428,745,543,202
S01004429,867,651,216
S01004430,512,371,141
S01004431,714,516,198
S01004432,947,748,199
S01004433,968,718,250
S01004434,792,598,194
S01004435,595,441,154
S01004436,797,662,135
S01004437,926,745,181
S01004438,684,521,163
S01004439,686,555,131
S01004440,723,515,208
S01004441,832,717,115
S01004442,928,659,269
S01004443,684,510,174
S01004444,902,721,181
S01004445,769,506,263
S01004446,797,612,185
S01004447,763,607,156
S01004448,614,543,71
S01004449,914,631,283
S01004450,886,552,334
S01004451,907,676,231
S01004452,691,582,109
S01004453,1014,906,108
S01004454,925,694,231
S01004455,807,626,181
S01004456,568,521,47
S01004457,871,634,237
S01004458,846,670,176
S01004459,573,405,168
S01004460,652,588,64
S01004461,603,503,100
S01004462,643,582,61
S01004463,791,649,142
S01004464,868,675,193
S01004465,771,672,99
S01004466,897,707,190
S01004467,996,804,192
S01004468,796,698,98
S01004469,694,576,118
S01004470,580,534,46
S01004471,616,531,85
S01004472,735,606,129
S01004473,1018,882,136
S01004474,1015,756,259
S01004475,501,420,81
S01004476,721,563,158
S01004477,904,764,140
S01004478,635,516,119
S01004479,650,562,88
S01004480,984,774,210
S01004481,569,440,129
S01004482,922,619,303
S01004483,706,578,128
S01004484,993,846,147
S01004485,510,417,93
S01004486,938,805,133
S01004487,952,710,242
S01004488,708,524,184
S01004489,848,774,74
S01004490,708,600,108
S01004491,817,656,161
S01004492,976,770,206
S01004493,1042,816,226
S01004494,889,701,188
S01004495,684,487,197
S01004496,645,509,136
S01004497,783,578,205
S01004498,599,457,142
S01004499,690,554,136
S01004500,747,624,123
S01004501,574,463,111
S01004502,753,614,139
S01004503,730,472,258
S01004504,721,517,204
S01004505,603,489,114
S01004506,538,444,94
S01004507,763,609,154
S01004508,636,478,158
S01004509,712,612,100
S01004510,841,599,242
S01004511,868,650,218
S01004512,942,736,206
S01004513,502,380,122
S01004514,561,481,80
S01004515,747,542,205
S01004516,513,403,110
S01004517,689,494,195
S01004518,691,575,116
S01004519,886,693,193
S01004520,831,614,217
S01004521,787,664,123
S01004522,608,510,98
S01004523,692,561,131
S01004524,626,509,117
S01004525,753,646,107
S01004526,726,590,136
S01004527,558,427,131
S01004528,791,553,238
S01004529,789,641,148
S01004530,602,551,51
S01004531,737,548,189
S01004532,649,487,162
S01004533,387,265,122
S01004534,702,521,181
S01004535,714,523,191
S01004536,742,576,166
S01004537,846,592,254
S01004538,801,588,213
S01004539,659,475,184
S01004540,869,613,256
S01004541,768,538,230
S01004542,589,507,82
S01004543,773,576,197
S01004544,997,726,271
S01004545,687,478,209
S01004546,966,686,280
S01004547,860,625,235
S01004548,785,527,258
S01004549,845,555,290
S01004550,702,494,208
S01004551,944,719,225
S01004552,733,513,220
S01004553,535,430,105
S01004554,637,516,121
S01004555,745,569,176
S01004556,674,483,191
S01004557,432,369,63
S01004558,959,654,305
S01004559,1021,716,305
S01004560,626,503,123
S01004561,1044,748,296
S01004562,520,382,138
S01004563,809,585,224
S01004564,567,474,93
S01004565,707,637,70
S01004566,733,665,68
S01004567,506,330,176
S01004568,669,474,195
S01004569,700,509,191
S01004570,696,614,82
S01004571,660,520,140
S01004572,739,559,180
S01004573,617,457,160
S01004574,505,441,64
S01004575,719,522,197
S01004576,618,554,64
S01004577,575,454,121
S01004578,941,822,119
S01004579,656,451,205
S01004580,877,637,240
S01004581,1091,799,292
S01004582,588,473,115
S01004583,778,494,284
S01004584,590,415,175
S01004585,610,429,181
S01004586,1118,921,197
S01004587,906,541,365
S01004588,637,468,169
S01004589,752,604,148
S01004590,701,574,127
S01004591,604,444,160
S01004592,652,469,183
S01004593,858,678,180
S01004594,567,407,160
S01004595,938,800,138
S01004596,656,422,234
S01004597,567,519,48
S01004598,687,497,190
S01004599,575,399,176
S01004600,889,627,262
S01004601,861,632,229
S01004602,971,806,165
S01004603,906,631,275
S01004604,561,372,189
S01004605,1025,754,271
S01004606,736,551,185
S01004607,625,469,156
S01004608,646,483,163
S01004609,589,444,145
S01004610,752,534,218
S01004611,1251,763,488
S01004612,770,530,240
S01004613,874,762,112
S01004614,826,636,190
S01004615,814,624,190
S01004616,889,755,134
S01004617,767,615,152
S01004618,658,509,149
S01004619,583,379,204
S01004620,800,642,158
S01004621,997,734,263
S01004622,818,634,184
S01004623,979,752,227
S01004624,1048,751,297
S01004625,866,659,207
S01004626,650,502,148
S01004627,586,491,95
S01004628,596,435,161
S01004629,989,874,115
S01004630,952,756,196
S01004631,801,570,231
S01004632,981,771,210
S01004633,530,421,109
S01004634,1069,953,116
S01004635,735,497,238
S01004636,668,469,199
S01004637,545,382,163
S01004638,605,444,161
S01004639,713,462,251
S01004640,796,577,219
S01004641,656,539,117
S01004642,907,671,236
S01004643,562,441,121
S01004644,740,554,186
S01004645,1004,750,254
S01004646,775,543,232
S01004647,1544,1154,390
S01004648,975,725,250
S01004649,615,489,126
S01004650,856,653,203
S01004651,957,725,232
S01004652,911,753,158
S01004653,653,460,193
S01004654,861,677,184
S01004655,862,624,238
S01004656,560,369,191
S01004657,759,621,138
S01004658,949,778,171
S01004659,517,365,152
S01004660,757,701,56
S01004661,707,543,164
S01004662,978,700,278
S01004663,561,450,111
S01004664,654,457,197
S01004665,753,545,208
S01004666,788,614,174
S01004667,704,521,183
S01004668,883,743,140
S01004669,787,522,265
S01004670,877,635,242
S01004671,920,736,184
S01004672,671,516,155
S01004673,918,722,196
S01004674,854,642,212
S01004675,855,712,143
S01004676,778,555,223
S01004677,820,573,247
S01004678,805,541,264
S01004679,495,358,137
S01004680,866,614,252
S01004681,747,631,116
S01004682,574,409,165
S01004683,719,653,66
S01004684,750,555,195
S01004685,539,385,154
S01004686,747,512,235
S01004687,813,561,252
S01004688,723,641,82
S01004689,998,780,218
S01004690,540,487,53
S01004691,812,705,107
S01004692,697,470,227
S01004693,815,672,143
S01004694,627,443,184
S01004695,793,725,68
S01004696,872,670,202
S01004697,881,724,157
S01004698,605,572,33
S01004699,813,609,204
S01004700,753,537,216
S01004701,572,540,32
S01004702,591,439,152
S01004703,785,687,98
S01004704,636,506,130
S01004705,938,806,132
S01004706,558,514,44
S01004707,1012,762,250
S01004708,739,562,177
S01004709,745,642,103
S01004710,861,610,251
S01004711,810,639,171
S01004712,570,413,157
S01004713,736,524,212
S01004714,734,551,183
S01004715,807,573,234
S01004716,894,636,258
S01004717,747,570,177
S01004718,972,692,280
S01004719,726,515,211
S01004720,708,521,187
S01004721,622,553,69
S01004722,705,535,170
S01004723,582,487,95
S01004724,938,598,340
S01004725,619,533,86
S01004726,564,435,129
S01004727,872,559,313
S01004728,637,562,75
S01004729,657,477,180
S01004730,1063,789,274
S01004731,825,639,186
S01004732,622,525,97
S01004733,818,544,274
S01004734,544,400,144
S01004735,900,653,247
S01004736,720,524,196
S01004737,745,529,216
S01004738,659,420,239
S01004739,750,645,105
S01004740,671,575,96
S01004741,629,455,174
S01004742,942,713,229
S01004743,901,828,73
S01004744,640,476,164
S01004745,822,569,253
S01004746,795,556,239
S01004747,785,701,84
S01004748,610,468,142
S01004749,667,525,142
S01004750,719,532,187
S01004751,824,557,267
S01004752,796,640,156
S01004753,675,500,175
S01004754,683,564,119
S01004755,705,496,209
S01004756,603,461,142
S01004757,920,703,217
S01004758,960,688,272
S01004759,609,547,62
S01004760,732,528,204
S01004761,552,400,152
S01004762,664,476,188
S01004763,859,781,78
S01004764,767,571,196
S01004765,982,632,350
S01004766,770,591,179
S01004767,691,509,182
S01004768,991,740,251
S01004769,568,465,103
S01004770,548,391,157
S01004771,779,531,248
S01004772,609,425,184
S01004773,797,599,198
S01004774,987,852,135
S01004775,790,524,266
S01004776,801,654,147
S01004777,619,582,37
S01004778,727,517,210
S01004779,780,555,225
S01004780,532,401,131
S01004781,824,628,196
S01004782,776,551,225
S01004783,978,802,176
S01004784,769,546,223
S01004785,625,442,183
S01004786,502,375,127
S01004787,1054,828,226
S01004788,797,653,144
S01004789,999,702,297
S01004790,748,651,97
S01004791,605,539,66
S01004792,677,563,114
S01004793,912,808,104
S01004794,705,516,189
S01004795,971,747,224
S01004796,769,585,184
S01004797,723,524,199
S01004798,885,613,272
S01004799,612,443,169
S01004800,632,444,188
S01004801,717,517,200
S01004802,891,663,228
S01004803,853,633,220
S01004804,926,654,272
S01004805,676,488,188
S01004806,530,368,162
S01004807,536,373,163
S01004808,744,548,196
S01004809,487,367,120
S01004810,676,504,172
S01004811,638,450,188
S01004812,851,636,215
S01004813,903,643,260
S01004814,900,668,232
S01004815,728,587,141
S01004816,795,560,235
S01004817,544,365,179
S01004818,843,573,270
S01004819,698,451,247
S01004820,1090,762,328
S01004821,984,777,207
S01004822,717,509,208
S01004823,811,558,253
S01004824,785,678,107
S01004825,634,463,171
S01004826,742,569,173
S01004827,697,495,202
S01004828,1000,835,165
S01004829,783,572,211
S01004830,710,472,238
S01004831,866,728,138
S01004832,638,485,153
S01004833,823,618,205
S01004834,791,570,221
S01004835,713,577,136
S01004836,718,622,96
S01004837,834,623,211
S01004838,967,758,209
S01004839,914,710,204
S01004840,698,515,183
S01004841,850,626,224
S01004842,561,484,77
S01004843,715,549,166
S01004844,879,664,215
S01004845,781,552,229
S01004846,745,589,156
S01004847,894,752,142
S01004848,688,587,101
S01004849,576,389,187
S01004850,820,624,196
S01004851,620,468,152
S01004852,730,504,226
S01004853,738,574,164
S01004854,984,821,163
S01004855,645,477,168
S01004856,697,543,154
S01004857,929,710,219
S01004858,931,745,186
S01004859,985,886,99
S01004860,501,443,58
S01004861,824,681,143
S01004862,691,640,51
S01004863,986,827,159
S01004864,587,523,64
S01004865,686,514,172
S01004866,954,726,228
S01004867,800,667,133
S01004868,766,534,232
S01004869,900,802,98
S01004870,936,749,187
S01004871,779,646,133
S01004872,863,660,203
S01004873,791,629,162
S01004874,863,669,194
S01004875,775,657,118
S01004876,1018,824,194
S01004877,760,575,185
S01004878,746,593,153
S01004879,711,563,148
S01004880,718,574,144
S01004881,795,629,166
S01004882,525,405,120
S01004883,787,718,69
S01004884,577,543,34
S01004885,616,479,137
S01004886,869,722,147
S01004887,428,338,90
S01004888,640,609,31
S01004889,922,715,207
S01004890,752,619,133
S01004891,963,722,241
S01004892,771,689,82
S01004893,757,511,246
S01004894,756,517,239
S01004895,864,639,225
S01004896,958,743,215
S01004897,595,537,58
S01004898,1038,853,185
S01004899,722,579,143
S01004900,730,648,82
S01004901,785,657,128
S01004902,767,565,202
S01004903,650,570,80
S01004904,1061,722,339
S01004905,1072,882,190
S01004906,835,665,170
S01004907,734,617,117
S01004908,710,564,146
S01004909,880,742,138
S01004910,870,680,190
S01004911,792,698,94
S01004912,748,550,198
S01004913,658,472,186
S01004914,663,582,81
S01004915,618,457,161
S01004916,783,606,177
S01004917,566,536,30
S01004918,586,530,56
S01004919,536,416,120
S01004920,966,765,201
S01004921,721,589,132
S01004922,701,647,54
S01004923,837,724,113
S01004924,868,670,198
S01004925,551,431,120
S01004926,950,866,84
S01004927,995,882,113
S01004928,634,584,50
S01004929,705,623,82
S01004930,642,455,187
S01004931,900,663,237
S01004932,762,576,186
S01004933,905,716,189
S01004934,680,527,153
S01004935,621,523,98
S01004936,907,581,326
S01004937,529,381,148
S01004938,771,576,195
S01004939,605,469,136
S01004940,547,416,131
S01004941,651,531,120
S01004942,1008,842,166
S01004943,870,717,153
S01004944,521,400,121
S01004945,611,441,170
S01004946,604,511,93
S01004947,693,601,92
S01004948,533,441,92
S01004949,566,469,97
S01004950,509,436,73
S01004951,656,499,157
S01004952,926,811,115
S01004953,877,711,166
S01004954,785,671,114
S01004955,670,549,121
S01004956,678,569,109
S01004957,645,572,73
S01004958,909,663,246
S01004959,592,474,118
S01004960,582,468,114
S01004961,637,536,101
S01004962,570,510,60
S01004963,559,456,103
S01004964,989,856,133
S01004965,827,690,137
S01004966,779,664,115
S01004967,555,466,89
S01004968,567,451,116
S01004969,906,703,203
S01004970,749,610,139
S01004971,935,745,190
S01004972,749,604,145
S01004973,869,738,131
S01004974,878,765,113
S01004975,741,635,106
S01004976,756,614,142
S01004977,983,776,207
S01004978,976,871,105
S01004979,915,817,98
S01004980,1051,916,135
S01004981,951,817,134
S01004982,710,573,137
S01004983,911,759,152
S01004984,776,682,94
S01004985,718,605,113
S01004986,646,529,117
S01004987,517,453,64
S01004988,539,497,42
S01004989,633,571,62
S01004990,509,431,78
S01004991,565,477,88
S01004992,874,698,176
S01004993,673,569,104
S01004994,811,624,187
S01004995,931,730,201
S01004996,656,542,114
S01004997,881,742,139
S01004998,803,684,119
S01004999,822,679,143
S01005000,569,486,83
S01005001,1040,917,123
S01005002,790,604,186
S01005003,882,777,105
S01005004,589,501,88
S01005005,954,754,200
S01005006,573,442,131
S01005007,852,650,202
S01005008,1319,1206,113
S01005009,642,530,112
S01005010,594,475,119
S01005011,570,428,142
S01005012,704,581,123
S01005013,676,537,139
S01005014,833,677,156
S01005015,648,517,131
S01005016,733,590,143
S01005017,721,621,100
S01005018,617,514,103
S01005019,1020,746,274
S01005020,917,701,216
S01005021,964,801,163
S01005022,673,558,115
S01005023,596,494,102
S01005024,932,709,223
S01005025,672,549,123
S01005026,577,482,95
S01005027,702,629,73
S01005028,571,482,89
S01005029,940,838,102
S01005030,993,836,157
S01005031,656,512,144
S01005032,873,702,171
S01005033,711,616,95
S01005034,832,707,125
S01005035,911,772,139
S01005036,549,441,108
S01005037,965,771,194
S01005038,898,742,156
S01005039,1078,864,214
S01005040,860,623,237
S01005041,558,447,111
S01005042,840,709,131
S01005043,753,579,174
S01005044,907,751,156
S01005045,896,781,115
S01005046,1038,877,161
S01005047,916,673,243
S01005048,604,469,135
S01005049,706,530,176
S01005050,949,770,179
S01005051,889,799,90
S01005052,663,589,74
S01005053,893,718,175
S01005054,599,474,125
S01005055,790,612,178
S01005056,740,562,178
S01005057,754,591,163
S01005058,699,573,126
S01005059,540,445,95
S01005060,725,581,144
S01005061,961,714,247
S01005062,495,417,78
S01005063,544,497,47
S01005064,792,659,133
S01005065,860,683,177
S01005066,793,625,168
S01005067,488,408,80
S01005068,702,553,149
S01005069,614,473,141
S01005070,853,669,184
S01005071,296,251,45
S01005072,602,481,121
S01005073,638,546,92
S01005074,769,646,123
S01005075,504,416,88
S01005076,765,621,144
S01005077,693,661,32
S01005078,730,592,138
S01005079,685,529,156
S01005080,449,360,89
S01005081,661,532,129
S01005082,696,605,91
S01005083,935,734,201
S01005084,621,486,135
S01005085,568,472,96
S01005086,732,601,131
S01005087,508,396,112
S01005088,594,437,157
S01005089,817,634,183
S01005090,863,715,148
S01005091,696,588,108
S01005092,668,535,133
S01005093,785,645,140
S01005094,519,451,68
S01005095,988,823,165
S01005096,607,529,78
S01005097,753,626,127
S01005098,605,462,143
S01005099,834,667,167
S01005100,593,507,86
S01005101,825,677,148
S01005102,973,796,177
S01005103,999,846,153
S01005104,1039,935,104
S01005105,878,740,138
S01005106,559,453,106
S01005107,463,403,60
S01005108,569,471,98
S01005109,912,787,125
S01005110,999,850,149
S01005111,527,440,87
S01005112,880,769,111
S01005113,1043,866,177
S01005114,939,767,172
S01005115,889,710,179
S01005116,647,535,112
S01005117,682,525,157
S01005118,762,576,186
S01005119,669,528,141
S01005120,650,481,169
S01005121,784,672,112
S01005122,773,651,122
S01005123,746,597,149
S01005124,750,595,155
S01005125,790,600,190
S01005126,559,460,99
S01005127,633,468,165
S01005128,834,673,161
S01005129,873,747,126
S01005130,651,495,156
S01005131,853,694,159
S01005132,699,545,154
S01005133,389,342,47
S01005134,969,753,216
S01005135,674,560,114
S01005136,814,637,177
S01005137,862,733,129
S01005138,1079,895,184
S01005139,657,561,96
S01005140,703,609,94
S01005141,858,708,150
S01005142,636,510,126
S01005143,993,787,206
S01005144,1036,859,177
S01005145,793,658,135
S01005146,651,535,116
S01005147,925,795,130
S01005148,600,504,96
S01005149,600,475,125
S01005150,641,523,118
S01005151,725,581,144
S01005152,738,613,125
S01005153,756,649,107
S01005154,605,490,115
S01005155,746,604,142
S01005156,719,564,155
S01005157,913,663,250
S01005158,757,619,138
S01005159,940,735,205
S01005160,1023,774,249
S01005161,953,833,120
S01005162,973,748,225
S01005163,581,421,160
S01005164,924,723,201
S01005165,765,587,178
S01005166,1040,790,250
S01005167,722,564,158
S01005168,687,616,71
S01005169,619,541,78
S01005170,837,726,111
S01005171,993,667,326
S01005172,1198,825,373
S01005173,705,608,97
S01005174,769,519,250
S01005175,690,615,75
S01005176,684,499,185
S01005177,948,747,201
S01005178,857,622,235
S01005179,979,841,138
S01005180,910,816,94
S01005181,907,816,91
S01005182,722,510,212
S01005183,938,733,205
S01005184,825,634,191
S01005185,533,372,161
S01005186,747,503,244
S01005187,945,665,280
S01005188,990,882,108
S01005189,851,574,277
S01005190,930,761,169
S01005191,880,669,211
S01005192,788,688,100
S01005193,889,698,191
S01005194,593,445,148
S01005195,1007,887,120
S01005196,804,641,163
S01005197,768,552,216
S01005198,920,781,139
S01005199,908,698,210
S01005200,632,568,64
S01005201,873,686,187
S01005202,905,652,253
S01005203,815,659,156
S01005204,551,505,46
S01005205,883,783,100
S01005206,932,791,141
S01005207,954,622,332
S01005208,543,390,153
S01005209,801,563,238
S01005210,961,578,383
S01005211,723,497,226
S01005212,588,496,92
S01005213,943,771,172
S01005214,778,606,172
S01005215,899,615,284
S01005216,593,472,121
S01005217,835,732,103
S01005218,888,549,339
S01005219,857,601,256
S01005220,674,545,129
S01005221,789,563,226
S01005222,696,547,149
S01005223,735,561,174
S01005224,780,728,52
S01005225,922,732,190
S01005226,553,460,93
S01005227,844,631,213
S01005228,1299,932,367
S01005229,852,666,186
S01005230,789,634,155
S01005231,751,679,72
S01005232,911,522,389
S01005233,600,379,221
S01005234,1014,826,188
S01005235,578,490,88
S01005236,945,757,188
S01005237,961,823,138
S01005238,822,647,175
S01005239,921,677,244
S01005240,837,594,243
S01005241,950,790,160
S01005242,842,580,262
S01005243,750,527,223
S01005244,958,835,123
S01005245,671,561,110
S01005246,945,675,270
S01005247,735,567,168
S01005248,574,415,159
S01005249,728,600,128
S01005250,795,666,129
S01005251,935,769,166
S01005252,548,429,119
S01005253,555,494,61
S01005254,789,639,150
S01005255,557,338,219
S01005256,721,643,78
S01005257,958,743,215
S01005258,1035,891,144
S01005259,653,524,129
S01005260,645,425,220
S01005261,519,396,123
S01005262,1008,733,275
S01005263,517,408,109
S01005264,733,471,262
S01005265,437,326,111
S01005266,860,579,281
S01005267,929,703,226
S01005268,899,660,239
S01005269,711,472,239
S01005270,1059,850,209
S01005271,594,514,80
S01005272,660,466,194
S01005273,809,666,143
S01005274,733,478,255
S01005275,487,361,126
S01005276,660,488,172
S01005277,655,541,114
S01005278,840,622,218
S01005279,546,473,73
S01005280,762,545,217
S01005281,890,715,175
S01005282,764,558,206
S01005283,813,726,87
S01005284,681,465,216
S01005285,696,570,126
S01005286,743,681,62
S01005287,862,660,202
S01005288,886,647,239
S01005289,778,611,167
S01005290,594,448,146
S01005291,672,595,77
S01005292,708,497,211
S01005293,848,621,227
S01005294,574,516,58
S01005295,602,460,142
S01005296,890,816,74
S01005297,703,580,123
S01005298,1069,958,111
S01005299,578,499,79
S01005300,949,852,97
S01005301,891,811,80
S01005302,1014,785,229
S01005303,763,591,172
S01005304,726,618,108
S01005305,826,636,190
S01005306,1021,934,87
S01005307,919,840,79
S01005308,529,399,130
S01005309,945,710,235
S01005310,1010,711,299
S01005311,940,830,110
S01005312,642,551,91
S01005313,918,799,119
S01005314,543,467,76
S01005315,646,485,161
S01005316,900,727,173
S01005317,569,501,68
S01005318,567,368,199
S01005319,691,604,87
S01005320,677,522,155
S01005321,644,480,164
S01005322,806,695,111
S01005323,707,523,184
S01005324,727,558,169
S01005325,815,650,165
S01005326,961,738,223
S01005327,649,538,111
S01005328,625,476,149
S01005329,551,471,80
S01005330,700,500,200
S01005331,738,521,217
S01005332,553,407,146
S01005333,820,703,117
S01005334,678,554,124
S01005335,549,472,77
S01005336,614,509,105
S01005337,966,865,101
S01005338,580,535,45
S01005339,763,590,173
S01005340,589,537,52
S01005341,699,531,168
S01005342,777,594,183
S01005343,970,860,110
S01005344,775,585,190
S01005345,774,695,79
S01005346,840,779,61
S01005347,740,661,79
S01005348,892,703,189
S01005349,889,768,121
S01005350,766,686,80
S01005351,985,643,342
S01005352,912,675,237
S01005353,1024,751,273
S01005354,966,877,89
S01005355,750,562,188
S01005356,735,636,99
S01005357,745,551,194
S01005358,871,671,200
S01005359,930,829,101
S01005360,889,783,106
S01005361,903,809,94
S01005362,667,506,161
S01005363,687,601,86
S01005364,934,763,171
S01005365,681,549,132
S01005366,759,669,90
S01005367,817,601,216
S01005368,747,554,193
S01005369,988,783,205
S01005370,870,700,170
S01005371,991,841,150
S01005372,813,655,158
S01005373,701,543,158
S01005374,875,705,170
S01005375,992,792,200
S01005376,956,787,169
S01005377,900,734,166
S01005378,778,625,153
S01005379,973,820,153
S01005380,693,551,142
S01005381,682,544,138
S01005382,762,621,141
S01005383,669,589,80
S01005384,823,729,94
S01005385,778,679,99
S01005386,608,488,120
S01005387,960,818,142
S01005388,756,634,122
S01005389,740,574,166
S01005390,846,721,125
S01005391,737,591,146
S01005392,885,757,128
S01005393,883,735,148
S01005394,841,739,102
S01005395,859,746,113
S01005396,660,567,93
S01005397,591,478,113
S01005398,974,856,118
S01005399,969,747,222
S01005400,990,792,198
S01005401,950,757,193
S01005402,924,793,131
S01005403,935,781,154
S01005404,854,692,162
S01005405,537,438,99
S01005406,549,446,103
S01005407,943,778,165
S01005408,555,450,105
S01005409,644,541,103
S01005410,737,639,98
S01005411,903,785,118
S01005412,927,785,142
S01005413,841,692,149
S01005414,963,793,170
S01005415,770,645,125
S01005416,964,712,252
S01005417,767,632,135
S01005418,801,641,160
S01005419,712,587,125
S01005420,836,727,109
S01005421,941,785,156
S01005422,927,732,195
S01005423,978,888,90
S01005424,828,660,168
S01005425,903,686,217
S01005426,760,627,133
S01005427,782,618,164
S01005428,953,780,173
S01005429,698,515,183
S01005430,639,542,97
S01005431,747,623,124
S01005432,790,663,127
S01005433,858,717,141
S01005434,655,546,109
S01005435,812,648,164
S01005436,897,725,172
S01005437,909,793,116
S01005438,857,708,149
S01005439,647,523,124
S01005440,943,801,142
S01005441,892,737,155
S01005442,878,771,107
S01005443,917,753,164
S01005444,908,782,126
S01005445,928,782,146
S01005446,783,636,147
S01005447,835,708,127
S01005448,952,829,123
S01005449,856,750,106
S01005450,908,698,210
S01005451,999,799,200
S01005452,912,788,124
S01005453,905,747,158
S01005454,780,628,152
S01005455,896,700,196
S01005456,864,744,120
S01005457,945,787,158
S01005458,828,693,135
S01005459,845,754,91
S01005460,791,676,115
S01005461,762,615,147
S01005462,967,822,145
S01005463,548,455,93
S01005464,579,446,133
S01005465,565,478,87
S01005466,864,775,89
S01005467,516,432,84
S01005468,913,756,157
S01005469,835,688,147
S01005470,688,569,119
S01005471,771,705,66
S01005472,817,714,103
S01005473,728,612,116
S01005474,860,642,218
S01005475,792,650,142
S01005476,910,812,98
S01005477,898,757,141
S01005478,836,680,156
S01005479,558,461,97
S01005480,778,630,148
S01005481,646,534,112
S01005482,609,516,93
S01005483,713,569,144
S01005484,557,445,112
S01005485,796,647,149
S01005486,856,679,177
S01005487,624,494,130
S01005488,891,753,138
S01005489,927,763,164
S01005490,600,458,142
S01005491,935,747,188
S01005492,948,793,155
S01005493,683,564,119
S01005494,683,584,99
S01005495,658,558,100
S01005496,983,828,155
S01005497,590,538,52
S01005498,869,695,174
S01005499,738,605,133
S01005500,781,700,81
S01005501,801,705,96
S01005502,859,703,156
S01005503,594,483,111
S01005504,610,503,107
S01005505,655,549,106
S01005506,879,667,212
S01005507,533,428,105
S01005508,765,665,100
S01005509,508,454,54
S01005510,610,551,59
S01005511,577,491,86
S01005512,660,556,104
S01005513,722,615,107
S01005514,570,497,73
S01005515,590,517,73
S01005516,520,449,71
S01005517,920,790,130
S01005518,974,842,132
S01005519,681,562,119
S01005520,957,744,213
S01005521,806,658,148
S01005522,628,486,142
S01005523,879,684,195
S01005524,754,577,177
S01005525,753,606,147
S01005526,718,586,132
S01005527,525,404,121
S01005528,498,349,149
S01005529,861,681,180
S01005530,660,462,198
S01005531,576,454,122
S01005532,877,651,226
S01005533,785,583,202
S01005534,658,491,167
S01005535,845,680,165
S01005536,925,760,165
S01005537,726,538,188
S01005538,885,724,161
S01005539,908,702,206
S01005540,799,637,162
S01005541,663,498,165
S01005542,732,593,139
S01005543,797,604,193
S01005544,728,558,170
S01005545,851,727,124
S01005546,683,565,118
S01005547,697,574,123
S01005548,1003,745,258
S01005549,980,809,171
S01005550,627,557,70
S01005551,902,757,145
S01005552,848,713,135
S01005553,831,713,118
S01005554,726,618,108
S01005555,714,584,130
S01005556,540,440,100
S01005557,796,656,140
S01005558,747,609,138
S01005559,698,601,97
S01005560,662,543,119
S01005561,872,746,126
S01005562,927,630,297
S01005563,782,573,209
S01005564,804,670,134
S01005565,596,500,96
S01005566,543,419,124
S01005567,994,719,275
S01005568,573,452,121
S01005569,720,612,108
S01005570,797,613,184
S01005571,733,654,79
S01005572,827,662,165
S01005573,711,550,161
S01005574,836,635,201
S01005575,750,654,96
S01005576,796,616,180
S01005577,864,635,229
S01005578,962,725,237
S01005579,809,687,122
S01005580,662,409,253
S01005581,743,527,216
S01005582,799,631,168
S01005583,610,482,128
S01005584,576,494,82
S01005585,755,546,209
S01005586,715,532,183
S01005587,1037,807,230
S01005588,697,448,249
S01005589,814,657,157
S01005590,790,531,259
S01005591,914,678,236
S01005592,502,401,101
S01005593,893,654,239
S01005594,827,569,258
S01005595,838,618,220
S01005596,539,379,160
S01005597,972,718,254
S01005598,940,695,245
S01005599,500,365,135
S01005600,720,543,177
S01005601,710,536,174
S01005602,729,519,210
S01005603,550,443,107
S01005604,559,452,107
S01005605,977,722,255
S01005606,620,488,132
S01005607,626,518,108
S01005608,907,764,143
S01005609,777,623,154
S01005610,581,449,132
S01005611,725,559,166
S01005612,766,724,42
S01005613,742,532,210
S01005614,793,609,184
S01005615,963,704,259
S01005616,658,532,126
S01005617,875,684,191
S01005618,622,412,210
S01005619,605,549,56
S01005620,480,359,121
S01005621,725,616,109
S01005622,924,722,202
S01005623,830,641,189
S01005624,891,753,138
S01005625,887,719,168
S01005626,839,649,190
S01005627,692,538,154
S01005628,940,685,255
S01005629,781,666,115
S01005630,542,431,111
S01005631,758,598,160
S01005632,509,393,116
S01005633,735,540,195
S01005634,796,654,142
S01005635,862,694,168
S01005636,858,668,190
S01005637,996,781,215
S01005638,848,636,212
S01005639,768,597,171
S01005640,536,436,100
S01005641,869,741,128
S01005642,712,597,115
S01005643,628,513,115
S01005644,610,508,102
S01005645,838,712,126
S01005646,802,618,184
S01005647,748,580,168
S01005648,871,624,247
S01005649,920,692,228
S01005650,628,496,132
S01005651,760,596,164
S01005652,717,616,101
S01005653,900,707,193
S01005654,761,608,153
S01005655,883,720,163
S01005656,613,419,194
S01005657,608,485,123
S01005658,886,791,95
S01005659,889,783,106
S01005660,647,516,131
S01005661,639,563,76
S01005662,621,558,63
S01005663,663,558,105
S01005664,592,530,62
S01005665,512,475,37
S01005666,913,668,245
S01005667,778,625,153
S01005668,842,715,127
S01005669,615,478,137
S01005670,683,542,141
S01005671,516,428,88
S01005672,856,648,208
S01005673,643,551,92
S01005674,941,762,179
S01005675,929,655,274
S01005676,876,642,234
S01005677,842,702,140
S01005678,848,697,151
S01005679,880,586,294
S01005680,730,553,177
S01005681,879,674,205
S01005682,656,519,137
S01005683,881,674,207
S01005684,923,708,215
S01005685,667,576,91
S01005686,715,481,234
S01005687,551,465,86
S01005688,812,686,126
S01005689,505,443,62
S01005690,751,626,125
S01005691,622,526,96
S01005692,667,547,120
S01005693,887,709,178
S01005694,598,448,150
S01005695,564,448,116
S01005696,691,517,174
S01005697,640,452,188
S01005698,578,470,108
S01005699,799,579,220
S01005700,582,451,131
S01005701,732,539,193
S01005702,683,520,163
S01005703,629,545,84
S01005704,620,471,149
S01005705,625,484,141
S01005706,772,661,111
S01005707,563,403,160
S01005708,721,531,190
S01005709,812,634,178
S01005710,426,374,52
S01005711,867,715,152
S01005712,566,430,136
S01005713,651,514,137
S01005714,782,624,158
S01005715,795,625,170
S01005716,600,517,83
S01005717,563,482,81
S01005718,794,615,179
S01005719,556,477,79
S01005720,719,633,86
S01005721,792,601,191
S01005722,542,472,70
S01005723,697,548,149
S01005724,715,639,76
S01005725,638,522,116
S01005726,902,722,180
S01005727,572,476,96
S01005728,828,658,170
S01005729,623,456,167
S01005730,743,568,175
S01005731,575,412,163
S01005732,889,688,201
S01005733,771,681,90
S01005734,674,565,109
S01005735,824,711,113
S01005736,767,540,227
S01005737,787,647,140
S01005738,875,690,185
S01005739,1000,688,312
S01005740,732,622,110
S01005741,996,818,178
S01005742,711,529,182
S01005743,668,605,63
S01005744,873,616,257
S01005745,978,664,314
S01005746,903,754,149
S01005747,894,734,160
S01005748,451,289,162
S01005749,857,711,146
S01005750,843,656,187
S01005751,817,628,189
S01005752,810,608,202
S01005753,731,601,130
S01005754,966,738,228
S01005755,834,554,280
S01005756,884,670,214
S01005757,622,427,195
S01005758,853,670,183
S01005759,828,598,230
S01005760,636,510,126
S01005761,682,572,110
S01005762,781,538,243
S01005763,790,677,113
S01005764,611,458,153
S01005765,873,641,232
S01005766,644,530,114
S01005767,728,664,64
S01005768,900,667,233
S01005769,786,568,218
S01005770,642,407,235
S01005771,817,701,116
S01005772,716,581,135
S01005773,860,764,96
S01005774,719,571,148
S01005775,861,614,247
S01005776,713,562,151
S01005777,600,478,122
S01005778,699,486,213
S01005779,716,606,110
S01005780,683,632,51
S01005781,868,617,251
S01005782,802,554,248
S01005783,576,488,88
S01005784,509,464,45
S01005785,826,736,90
S01005786,661,542,119
S01005787,765,673,92
S01005788,537,362,175
S01005789,931,802,129
S01005790,655,559,96
S01005791,507,414,93
S01005792,918,780,138
S01005793,550,461,89
S01005794,972,780,192
S01005795,726,592,134
S01005796,494,398,96
S01005797,799,745,54
S01005798,663,513,150
S01005799,791,619,172
S01005800,694,533,161
S01005801,787,690,97
S01005802,667,548,119
S01005803,667,534,133
S01005804,626,487,139
S01005805,627,568,59
S01005806,698,519,179
S01005807,948,768,180
S01005808,808,677,131
S01005809,587,469,118
S01005810,522,417,105
S01005811,612,497,115
S01005812,660,600,60
S01005813,869,697,172
S01005814,711,527,184
S01005815,958,764,194
S01005816,784,628,156
S01005817,538,484,54
S01005818,755,715,40
S01005819,723,543,180
S01005820,713,606,107
S01005821,527,419,108
S01005822,891,764,127
S01005823,697,591,106
S01005824,747,681,66
S01005825,734,548,186
S01005826,984,902,82
S01005827,790,718,72
S01005828,787,620,167
S01005829,791,664,127
S01005830,925,685,240
S01005831,953,790,163
S01005832,804,601,203
S01005833,719,586,133
S01005834,653,494,159
S01005835,719,659,60
S01005836,724,652,72
S01005837,513,458,55
S01005838,748,580,168
S01005839,884,750,134
S01005840,812,645,167
S01005841,690,558,132
S01005842,616,469,147
S01005843,579,470,109
S01005844,768,649,119
S01005845,549,486,63
S01005846,914,695,219
S01005847,784,593,191
S01005848,622,482,140
S01005849,845,643,202
S01005850,725,506,219
S01005851,760,546,214
S01005852,571,479,92
S01005853,999,729,270
S01005854,864,631,233
S01005855,965,660,305
S01005856,781,601,180
S01005857,708,504,204
S01005858,789,619,170
S01005859,765,653,112
S01005860,778,583,195
S01005861,598,566,32
S01005862,827,682,145
S01005863,938,739,199
S01005864,903,655,248
S01005865,747,518,229
S01005866,773,651,122
S01005867,954,771,183
S01005868,786,687,99
S01005869,731,524,207
S01005870,762,558,204
S01005871,757,592,165
S01005872,800,657,143
S01005873,1036,811,225
S01005874,903,702,201
S01005875,740,620,120
S01005876,885,765,120
S01005877,901,709,192
S01005878,686,625,61
S01005879,675,521,154
S01005880,797,496,301
S01005881,803,618,185
S01005882,575,504,71
S01005883,509,396,113
S01005884,830,654,176
S01005885,681,569,112
S01005886,789,723,66
S01005887,527,408,119
S01005888,622,462,160
S01005889,810,533,277
S01005890,786,722,64
S01005891,634,446,188
S01005892,738,499,239
S01005893,770,622,148
S01005894,638,517,121
S01005895,644,553,91
S01005896,658,558,100
S01005897,796,620,176
S01005898,739,605,134
S01005899,713,527,186
S01005900,663,553,110
S01005901,762,672,90
S01005902,903,713,190
S01005903,918,693,225
S01005904,761,630,131
S01005905,714,612,102
S01005906,943,760,183
S01005907,763,544,219
S01005908,830,652,178
S01005909,548,465,83
S01005910,784,679,105
S01005911,995,782,213
S01005912,846,663,183
S01005913,944,706,238
S01005914,789,575,214
S01005915,733,543,190
S01005916,759,666,93
S01005917,886,673,213
S01005918,932,713,219
S01005919,555,495,60
S01005920,902,678,224
S01005921,623,493,130
S01005922,952,792,160
S01005923,769,650,119
S01005924,666,609,57
S01005925,770,712,58
S01005926,748,581,167
S01005927,848,661,187
S01005928,784,610,174
S01005929,616,464,152
S01005930,650,478,172
S01005931,795,654,141
S01005932,710,518,192
S01005933,808,748,60
S01005934,747,553,194
S01005935,651,498,153
S01005936,883,613,270
S01005937,646,593,53
S01005938,698,489,209
S01005939,772,531,241
S01005940,633,496,137
S01005941,513,491,22
S01005942,845,584,261
S01005943,934,785,149
S01005944,979,626,353
S01005945,868,701,167
S01005946,1012,695,317
S01005947,806,520,286
S01005948,693,524,169
S01005949,711,591,120
S01005950,543,418,125
S01005951,849,554,295
S01005952,937,630,307
S01005953,936,716,220
S01005954,540,403,137
S01005955,517,427,90
S01005956,860,665,195
S01005957,968,675,293
S01005958,593,439,154
S01005959,490,287,203
S01005960,513,316,197
S01005961,800,621,179
S01005962,519,362,157
S01005963,545,417,128
S01005964,744,547,197
S01005965,808,605,203
S01005966,927,661,266
S01005967,957,626,331
S01005968,826,603,223
S01005969,750,585,165
S01005970,797,579,218
S01005971,512,389,123
S01005972,791,572,219
S01005973,789,578,211
S01005974,776,541,235
S01005975,760,550,210
S01005976,786,621,165
S01005977,781,645,136
S01005978,745,610,135
S01005979,950,694,256
S01005980,677,599,78
S01005981,571,485,86
S01005982,638,447,191
S01005983,987,850,137
S01005984,689,589,100
S01005985,829,639,190
S01005986,776,704,72
S01005987,584,379,205
S01005988,558,410,148
S01005989,810,727,83
S01005990,965,711,254
S01005991,714,511,203
S01005992,607,425,182
S01005993,797,685,112
S01005994,943,697,246
S01005995,674,433,241
S01005996,761,688,73
S01005997,674,532,142
S01005998,690,527,163
S01005999,869,744,125
S01006000,792,566,226
S01006001,907,616,291
S01006002,564,387,177
S01006003,668,441,227
S01006004,623,557,66
S01006005,646,514,132
S01006006,808,680,128
S01006007,559,403,156
S01006008,780,535,245
S01006009,579,517,62
S01006010,907,793,114
S01006011,840,610,230
S01006012,878,588,290
S01006013,540,492,48
S01006014,705,485,220
S01006015,744,615,129
S01006016,958,862,96
S01006017,734,531,203
S01006018,852,741,111
S01006019,822,628,194
S01006020,841,706,135
S01006021,901,714,187
S01006022,557,405,152
S01006023,786,702,84
S01006024,849,570,279
S01006025,861,551,310
S01006026,786,516,270
S01006027,691,582,109
S01006028,634,541,93
S01006029,755,640,115
S01006030,962,804,158
S01006031,870,612,258
S01006032,940,647,293
S01006033,700,548,152
S01006034,737,538,199
S01006035,980,761,219
S01006036,809,743,66
S01006037,896,741,155
S01006038,704,549,155
S01006039,833,654,179
S01006040,765,523,242
S01006041,895,555,340
S01006042,842,597,245
S01006043,621,486,135
S01006044,954,612,342
S01006045,662,570,92
S01006046,827,701,126
S01006047,754,507,247
S01006048,830,685,145
S01006049,775,528,247
S01006050,861,671,190
S01006051,959,815,144
S01006052,756,639,117
S01006053,867,693,174
S01006054,733,597,136
S01006055,616,535,81
S01006056,960,825,135
S01006057,488,338,150
S01006058,820,494,326
S01006059,804,500,304
S01006060,634,389,245
S01006061,551,338,213
S01006062,686,420,266
S01006063,614,421,193
S01006064,699,455,244
S01006065,779,543,236
S01006066,837,647,190
S01006067,971,787,184
S01006068,497,403,94
S01006069,736,651,85
S01006070,644,576,68
S01006071,966,860,106
S01006072,637,548,89
S01006073,504,429,75
S01006074,705,607,98
S01006075,983,693,290
S01006076,966,714,252
S01006077,800,626,174
S01006078,997,823,174
S01006079,788,614,174
S01006080,863,686,177
S01006081,775,599,176
S01006082,950,718,232
S01006083,830,647,183
S01006084,825,701,124
S01006085,800,689,111
S01006086,716,568,148
S01006087,743,558,185
S01006088,822,732,90
S01006089,762,576,186
S01006090,899,692,207
S01006091,606,549,57
S01006092,655,494,161
S01006093,602,480,122
S01006094,944,676,268
S01006095,937,759,178
S01006096,641,489,152
S01006097,948,650,298
S01006098,681,490,191
S01006099,578,518,60
S01006100,612,482,130
S01006101,646,487,159
S01006102,781,569,212
S01006103,701,626,75
S01006104,777,603,174
S01006105,706,552,154
S01006106,626,517,109
S01006107,697,527,170
S01006108,944,746,198
S01006109,775,606,169
S01006110,779,588,191
S01006111,799,590,209
S01006112,750,657,93
S01006113,879,736,143
S01006114,722,517,205
S01006115,782,621,161
S01006116,944,840,104
S01006117,826,651,175
S01006118,551,468,83
S01006119,1015,830,185
S01006120,875,720,155
S01006121,500,421,79
S01006122,824,722,102
S01006123,653,533,120
S01006124,632,504,128
S01006125,553,480,73
S01006126,705,617,88
S01006127,644,573,71
S01006128,812,705,107
S01006129,712,574,138
S01006130,562,404,158
S01006131,922,816,106
S01006132,823,531,292
S01006133,584,505,79
S01006134,501,389,112
S01006135,571,375,196
S01006136,975,653,322
S01006137,650,540,110
S01006138,636,549,87
S01006139,410,294,116
S01006140,867,705,162
S01006141,813,642,171
S01006142,657,564,93
S01006143,500,419,81
S01006144,1002,856,146
S01006145,965,754,211
S01006146,849,758,91
S01006147,799,669,130
S01006148,784,653,131
S01006149,1025,843,182
S01006150,928,791,137
S01006151,689,661,28
S01006152,715,639,76
S01006153,603,505,98
S01006154,794,726,68
S01006155,869,700,169
S01006156,576,502,74
S01006157,771,596,175
S01006158,873,764,109
S01006159,808,667,141
S01006160,785,654,131
S01006161,750,639,111
S01006162,649,549,100
S01006163,980,828,152
S01006164,666,547,119
S01006165,861,766,95
S01006166,909,800,109
S01006167,880,756,124
S01006168,783,640,143
S01006169,677,559,118
S01006170,970,777,193
S01006171,906,693,213
S01006172,523,435,88
S01006173,622,517,105
S01006174,585,484,101
S01006175,778,619,159
S01006176,571,476,95
S01006177,660,431,229
S01006178,869,667,202
S01006179,796,607,189
S01006180,817,651,166
S01006181,754,568,186
S01006182,560,444,116
S01006183,714,535,179
S01006184,795,588,207
S01006185,980,718,262
S01006186,862,616,246
S01006187,891,659,232
S01006188,744,598,146
S01006189,780,595,185
S01006190,823,625,198
S01006191,587,441,146
S01006192,790,628,162
S01006193,689,339,350
S01006194,918,660,258
S01006195,769,449,320
S01006196,912,705,207
S01006197,861,623,238
S01006198,537,372,165
S01006199,744,529,215
S01006200,899,666,233
S01006201,1012,706,306
S01006202,703,524,179
S01006203,617,440,177
S01006204,942,677,265
S01006205,713,542,171
S01006206,841,695,146
S01006207,908,563,345
S01006208,740,520,220
S01006209,755,657,98
S01006210,766,611,155
S01006211,594,432,162
S01006212,856,787,69
S01006213,891,655,236
S01006214,766,604,162
S01006215,822,623,199
S01006216,790,679,111
S01006217,989,724,265
S01006218,572,486,86
S01006219,937,681,256
S01006220,858,745,113
S01006221,818,565,253
S01006222,994,809,185
S01006223,759,674,85
S01006224,655,549,106
S01006225,828,604,224
S01006226,753,672,81
S01006227,715,520,195
S01006228,793,721,72
S01006229,971,801,170
S01006230,835,631,204
S01006231,931,739,192
S01006232,774,698,76
S01006233,648,525,123
S01006234,556,450,106
S01006235,759,592,167
S01006236,641,535,106
S01006237,880,631,249
S01006238,1004,748,256
S01006239,523,473,50
S01006240,813,601,212
S01006241,846,636,210
S01006242,764,540,224
S01006243,647,507,140
S01006244,628,449,179
S01006245,653,478,175
S01006246,750,574,176
S01006247,896,750,146
S01006248,828,700,128
S01006249,778,634,144
S01006250,707,566,141
S01006251,624,482,142
S01006252,640,517,123
S01006253,706,539,167
S01006254,700,609,91
S01006255,938,784,154
S01006256,669,481,188
S01006257,813,569,244
S01006258,739,571,168
S01006259,705,550,155
S01006260,748,587,161
S01006261,869,665,204
S01006262,688,524,164
S01006263,854,606,248
S01006264,958,882,76
S01006265,822,697,125
S01006266,680,545,135
S01006267,652,556,96
S01006268,723,605,118
S01006269,659,535,124
S01006270,937,771,166
S01006271,731,571,160
S01006272,786,573,213
S01006273,681,575,106
S01006274,605,463,142
S01006275,801,664,137
S01006276,846,663,183
S01006277,761,624,137
S01006278,751,490,261
S01006279,969,735,234
S01006280,650,492,158
S01006281,779,600,179
S01006282,727,533,194
S01006283,732,501,231
S01006284,820,646,174
S01006285,796,665,131
S01006286,927,702,225
S01006287,620,483,137
S01006288,792,541,251
S01006289,899,708,191
S01006290,928,684,244
S01006291,534,378,156
S01006292,890,743,147
S01006293,976,846,130
S01006294,650,566,84
S01006295,618,516,102
S01006296,969,853,116
S01006297,762,603,159
S01006298,877,694,183
S01006299,781,570,211
S01006300,806,583,223
S01006301,626,441,185
S01006302,933,723,210
S01006303,684,542,142
S01006304,716,544,172
S01006305,677,536,141
S01006306,746,600,146
S01006307,835,577,258
S01006308,655,478,177
S01006309,937,798,139
S01006310,786,665,121
S01006311,782,620,162
S01006312,664,527,137
S01006313,1020,748,272
S01006314,597,540,57
S01006315,882,667,215
S01006316,929,790,139
S01006317,873,731,142
S01006318,774,582,192
S01006319,881,663,218
S01006320,913,689,224
S01006321,698,654,44
S01006322,673,615,58
S01006323,904,817,87
S01006324,612,564,48
S01006325,671,457,214
S01006326,930,650,280
S01006327,563,428,135
S01006328,586,426,160
S01006329,965,807,158
S01006330,754,569,185
S01006331,752,657,95
S01006332,654,489,165
S01006333,905,702,203
S01006334,803,610,193
S01006335,881,702,179
S01006336,787,719,68
S01006337,732,674,58
S01006338,876,793,83
S01006339,808,613,195
S01006340,744,621,123
S01006341,796,663,133
S01006342,737,530,207
S01006343,739,550,189
S01006344,785,624,161
S01006345,594,483,111
S01006346,633,514,119
S01006347,633,573,60
S01006348,656,528,128
S01006349,513,351,162
S01006350,715,540,175
S01006351,976,690,286
S01006352,759,606,153
S01006353,583,473,110
S01006354,955,751,204
S01006355,738,594,144
S01006356,679,624,55
S01006357,749,642,107
S01006358,702,568,134
S01006359,868,658,210
S01006360,664,597,67
S01006361,807,679,128
S01006362,795,721,74
S01006363,725,664,61
S01006364,615,523,92
S01006365,920,807,113
S01006366,743,673,70
S01006367,769,667,102
S01006368,855,791,64
S01006369,815,609,206
S01006370,974,871,103
S01006371,545,501,44
S01006372,768,595,173
S01006373,858,745,113
S01006374,695,564,131
S01006375,679,527,152
S01006376,715,626,89
S01006377,610,511,99
S01006378,524,490,34
S01006379,595,465,130
S01006380,596,468,128
S01006381,528,409,119
S01006382,710,554,156
S01006383,624,524,100
S01006384,768,692,76
S01006385,942,742,200
S01006386,930,699,231
S01006387,800,630,170
S01006388,1005,784,221
S01006389,701,527,174
S01006390,666,534,132
S01006391,960,900,60
S01006392,864,691,173
S01006393,794,626,168
S01006394,794,661,133
S01006395,935,723,212
S01006396,596,461,135
S01006397,751,642,109
S01006398,883,678,205
S01006399,782,649,133
S01006400,947,766,181
S01006401,785,634,151
S01006402,671,510,161
S01006403,776,536,240
S01006404,775,602,173
S01006405,863,686,177
S01006406,433,315,118
S01006407,688,623,65
S01006408,981,784,197
S01006409,619,547,72
S01006410,716,490,226
S01006411,819,704,115
S01006412,705,551,154
S01006413,576,437,139
S01006414,524,447,77
S01006415,826,709,117
S01006416,587,416,171
S01006417,701,609,92
S01006418,678,519,159
S01006419,570,443,127
S01006420,937,765,172
S01006421,568,437,131
S01006422,662,496,166
S01006423,571,519,52
S01006424,634,454,180
S01006425,710,537,173
S01006426,548,429,119
S01006427,761,544,217
S01006428,829,671,158
S01006429,573,474,99
S01006430,618,540,78
S01006431,573,519,54
S01006432,722,591,131
S01006433,669,548,121
S01006434,813,682,131
S01006435,456,396,60
S01006436,755,604,151
S01006437,959,801,158
S01006438,606,368,238
S01006439,733,551,182
S01006440,818,629,189
S01006441,709,556,153
S01006442,796,636,160
S01006443,519,392,127
S01006444,568,477,91
S01006445,780,667,113
S01006446,871,724,147
S01006447,588,410,178
S01006448,887,791,96
S01006449,511,448,63
S01006450,682,563,119
S01006451,714,575,139
S01006452,567,419,148
S01006453,810,658,152
S01006454,572,511,61
S01006455,667,537,130
S01006456,867,719,148
S01006457,645,535,110
S01006458,931,820,111
S01006459,683,615,68
S01006460,521,423,98
S01006461,706,599,107
S01006462,741,641,100
S01006463,678,532,146
S01006464,747,623,124
S01006465,960,705,255
S01006466,742,618,124
S01006467,920,722,198
S01006468,1001,871,130
S01006469,679,569,110
S01006470,799,581,218
S01006471,820,629,191
S01006472,562,415,147
S01006473,778,666,112
S01006474,818,653,165
S01006475,853,657,196
S01006476,761,638,123
S01006477,789,609,180
S01006478,849,708,141
S01006479,714,507,207
S01006480,867,789,78
S01006481,597,480,117
S01006482,758,658,100
S01006483,911,722,189
S01006484,784,608,176
S01006485,659,606,53
S01006486,862,824,38
S01006487,765,606,159
S01006488,629,556,73
S01006489,784,633,151
S01006490,765,695,70
S01006491,828,744,84
S01006492,593,497,96
S01006493,582,469,113
S01006494,581,495,86
S01006495,788,714,74
S01006496,894,665,229
S01006497,502,411,91
S01006498,1102,834,268
S01006499,831,731,100
S01006500,741,631,110
S01006501,972,913,59
S01006502,631,590,41
S01006503,691,633,58
S01006504,784,726,58
S01006505,772,724,48
