dz_2001,total,married,single
S01000001,623,296,327
S01000002,520,344,176
S01000003,604,386,218
S01000004,496,331,165
S01000005,530,248,282
S01000006,529,280,249
S01000007,619,397,222
S01000008,500,245,255
S01000009,566,327,239
S01000010,458,290,168
S01000011,713,460,253
S01000012,655,451,204
S01000013,716,443,273
S01000014,732,431,301
S01000015,508,274,234
S01000016,430,250,180
S01000017,778,461,317
S01000018,487,289,198
S01000019,396,290,106
S01000020,729,323,406
S01000021,692,375,317
S01000022,510,375,135
S01000023,573,423,150
S01000024,360,247,113
S01000025,664,454,210
S01000026,742,364,378
S01000027,668,443,225
S01000028,788,415,373
S01000029,479,385,94
S01000030,398,217,181
S01000031,674,441,233
S01000032,907,494,413
S01000033,617,255,362
S01000034,789,509,280
S01000035,846,372,474
S01000036,606,259,347
S01000037,674,267,407
S01000038,556,314,242
S01000039,752,325,427
S01000040,766,395,371
S01000041,725,397,328
S01000042,646,263,383
S01000043,763,239,524
S01000044,776,298,478
S01000045,491,323,168
S01000046,629,432,197
S01000047,701,243,458
S01000048,774,451,323
S01000049,639,362,277
S01000050,516,292,224
S01000051,662,430,232
S01000052,531,243,288
S01000053,898,371,527
S01000054,650,390,260
S01000055,585,184,401
S01000056,811,540,271
S01000057,511,201,310
S01000058,544,369,175
S01000059,675,354,321
S01000060,417,120,297
S01000061,836,514,322
S01000062,875,290,585
S01000063,814,415,399
S01000064,547,262,285
S01000065,878,263,615
S01000066,727,230,497
S01000067,765,391,374
S01000068,710,347,363
S01000069,568,203,365
S01000070,502,221,281
S01000071,595,162,433
S01000072,714,401,313
S01000073,497,310,187
S01000074,561,180,381
S01000075,517,133,384
S01000076,631,479,152
S01000077,746,400,346
S01000078,746,143,603
S01000079,839,254,585
S01000080,848,242,606
S01000081,760,461,299
S01000082,779,262,517
S01000083,619,272,347
S01000084,610,132,478
S01000085,536,72,464
S01000086,655,209,446
S01000087,714,287,427
S01000088,586,176,410
S01000089,846,584,262
S01000090,692,237,455
S01000091,879,191,688
S01000092,819,130,689
S01000093,353,76,277
S01000094,549,95,454
S01000095,623,216,407
S01000096,620,264,356
S01000097,773,453,320
S01000098,961,149,812
S01000099,639,431,208
S01000100,715,106,609
S01000101,735,352,383
S01000102,687,171,516
S01000103,555,121,434
S01000104,704,450,254
S01000105,729,435,294
S01000106,514,299,215
S01000107,842,122,720
S01000108,546,179,367
S01000109,861,168,693
S01000110,716,396,320
S01000111,636,292,344
S01000112,846,205,641
S01000113,425,218,207
S01000114,723,207,516
S01000115,729,345,384
S01000116,843,122,721
S01000117,837,425,412
S01000118,582,296,286
S01000119,744,128,616
S01000120,504,144,360
S01000121,637,361,276
S01000122,597,226,371
S01000123,520,340,180
S01000124,942,125,817
S01000125,597,171,426
S01000126,815,148,667
S01000127,637,395,242
S01000128,1496,119,1377
S01000129,527,50,477
S01000130,794,170,624
S01000131,574,214,360
S01000132,716,202,514
S01000133,573,304,269
S01000134,584,246,338
S01000135,636,168,468
S01000136,553,260,293
S01000137,700,130,570
S01000138,778,131,647
S01000139,708,388,320
S01000140,824,415,409
S01000141,807,383,424
S01000142,583,212,371
S01000143,491,374,117
S01000144,526,59,467
S01000145,773,333,440
S01000146,880,105,775
S01000147,677,93,584
S01000148,503,197,306
S01000149,973,193,780
S01000150,486,226,260
S01000151,785,347,438
S01000152,1002,324,678
S01000153,479,101,378
S01000154,488,283,205
S01000155,658,309,349
S01000156,828,161,667
S01000157,618,227,391
S01000158,758,379,379
S01000159,739,463,276
S01000160,690,381,309
S01000161,878,259,619
S01000162,763,364,399
S01000163,829,437,392
S01000164,443,160,283
S01000165,741,234,507
S01000166,1090,259,831
S01000167,610,306,304
S01000168,785,414,371
S01000169,663,386,277
S01000170,959,250,709
S01000171,639,416,223
S01000172,396,212,184
S01000173,650,283,367
S01000174,592,432,160
S01000175,476,85,391
S01000176,710,88,622
S01000177,484,197,287
S01000178,606,300,306
S01000179,645,208,437
S01000180,560,289,271
S01000181,481,221,260
S01000182,701,366,335
S01000183,819,152,667
S01000184,700,324,376
S01000185,706,191,515
S01000186,860,445,415
S01000187,530,291,239
S01000188,1054,284,770
S01000189,446,194,252
S01000190,730,364,366
S01000191,968,338,630
S01000192,645,195,450
S01000193,621,321,300
S01000194,571,139,432
S01000195,608,178,430
S01000196,590,231,359
S01000197,487,237,250
S01000198,584,239,345
S01000199,535,137,398
S01000200,714,297,417
S01000201,540,241,299
S01000202,772,275,497
S01000203,338,87,251
S01000204,490,239,251
S01000205,861,185,676
S01000206,542,305,237
S01000207,756,234,522
S01000208,635,202,433
S01000209,623,195,428
S01000210,500,123,377
S01000211,598,194,404
S01000212,590,312,278
S01000213,582,181,401
S01000214,423,238,185
S01000215,623,329,294
S01000216,547,310,237
S01000217,565,191,374
S01000218,629,348,281
S01000219,548,155,393
S01000220,1308,218,1090
S01000221,792,239,553
S01000222,638,351,287
S01000223,450,219,231
S01000224,652,354,298
S01000225,498,275,223
S01000226,547,289,258
S01000227,496,345,151
S01000228,575,210,365
S01000229,698,328,370
S01000230,551,253,298
S01000231,569,340,229
S01000232,553,257,296
S01000233,499,251,248
S01000234,630,411,219
S01000235,724,351,373
S01000236,570,372,198
S01000237,791,543,248
S01000238,418,208,210
S01000239,597,419,178
S01000240,598,362,236
S01000241,558,389,169
S01000242,535,312,223
S01000243,612,425,187
S01000244,898,460,438
S01000245,760,459,301
S01000246,597,375,222
S01000247,641,416,225
S01000248,733,425,308
S01000249,616,390,226
S01000250,611,410,201
S01000251,358,263,95
S01000252,662,365,297
S01000253,569,395,174
S01000254,643,423,220
S01000255,491,253,238
S01000256,798,481,317
S01000257,709,440,269
S01000258,502,318,184
S01000259,446,324,122
S01000260,641,372,269
S01000261,855,556,299
S01000262,803,477,326
S01000263,626,353,273
S01000264,843,463,380
S01000265,653,379,274
S01000266,787,439,348
S01000267,616,325,291
S01000268,601,341,260
S01000269,421,292,129
S01000270,759,467,292
S01000271,690,417,273
S01000272,712,439,273
S01000273,387,228,159
S01000274,480,257,223
S01000275,792,485,307
S01000276,530,381,149
S01000277,533,325,208
S01000278,441,239,202
S01000279,473,281,192
S01000280,474,270,204
S01000281,538,306,232
S01000282,526,302,224
S01000283,657,398,259
S01000284,594,401,193
S01000285,529,352,177
S01000286,751,356,395
S01000287,593,342,251
S01000288,689,462,227
S01000289,718,341,377
S01000290,622,245,377
S01000291,640,421,219
S01000292,763,458,305
S01000293,670,291,379
S01000294,493,341,152
S01000295,505,329,176
S01000296,427,274,153
S01000297,556,348,208
S01000298,388,259,129
S01000299,747,486,261
S01000300,597,381,216
S01000301,489,295,194
S01000302,436,279,157
S01000303,419,228,191
S01000304,590,450,140
S01000305,830,516,314
S01000306,598,414,184
S01000307,693,498,195
S01000308,793,523,270
S01000309,503,324,179
S01000310,674,410,264
S01000311,791,429,362
S01000312,554,285,269
S01000313,585,361,224
S01000314,448,280,168
S01000315,528,328,200
S01000316,653,377,276
S01000317,468,258,210
S01000318,439,306,133
S01000319,505,332,173
S01000320,576,310,266
S01000321,463,313,150
S01000322,784,546,238
S01000323,691,422,269
S01000324,631,456,175
S01000325,500,273,227
S01000326,576,350,226
S01000327,696,490,206
S01000328,445,256,189
S01000329,402,227,175
S01000330,583,397,186
S01000331,505,291,214
S01000332,554,386,168
S01000333,638,425,213
S01000334,656,315,341
S01000335,518,325,193
S01000336,667,405,262
S01000337,546,357,189
S01000338,417,250,167
S01000339,823,570,253
S01000340,770,496,274
S01000341,586,363,223
S01000342,319,160,159
S01000343,479,316,163
S01000344,688,458,230
S01000345,497,313,184
S01000346,552,341,211
S01000347,392,231,161
S01000348,653,389,264
S01000349,482,261,221
S01000350,717,491,226
S01000351,783,483,300
S01000352,628,424,204
S01000353,514,339,175
S01000354,502,288,214
S01000355,538,390,148
S01000356,486,313,173
S01000357,494,341,153
S01000358,814,541,273
S01000359,582,452,130
S01000360,419,240,179
S01000361,468,331,137
S01000362,729,485,244
S01000363,744,516,228
S01000364,706,452,254
S01000365,528,330,198
S01000366,594,395,199
S01000367,630,411,219
S01000368,630,385,245
S01000369,826,512,314
S01000370,634,402,232
S01000371,767,453,314
S01000372,775,436,339
S01000373,449,303,146
S01000374,471,315,156
S01000375,510,252,258
S01000376,717,365,352
S01000377,565,387,178
S01000378,424,266,158
S01000379,436,297,139
S01000380,563,392,171
S01000381,736,479,257
S01000382,578,360,218
S01000383,512,341,171
S01000384,596,351,245
S01000385,447,227,220
S01000386,639,361,278
S01000387,701,430,271
S01000388,600,378,222
S01000389,485,312,173
S01000390,594,317,277
S01000391,480,247,233
S01000392,567,359,208
S01000393,741,470,271
S01000394,520,281,239
S01000395,464,298,166
S01000396,839,433,406
S01000397,847,521,326
S01000398,584,394,190
S01000399,508,242,266
S01000400,587,276,311
S01000401,626,428,198
S01000402,553,331,222
S01000403,676,390,286
S01000404,576,375,201
S01000405,355,230,125
S01000406,494,223,271
S01000407,500,258,242
S01000408,391,269,122
S01000409,475,321,154
S01000410,508,346,162
S01000411,480,300,180
S01000412,618,414,204
S01000413,641,400,241
S01000414,516,367,149
S01000415,471,250,221
S01000416,510,291,219
S01000417,781,484,297
S01000418,568,381,187
S01000419,503,350,153
S01000420,794,456,338
S01000421,456,305,151
S01000422,574,337,237
S01000423,692,479,213
S01000424,544,350,194
S01000425,554,351,203
S01000426,587,408,179
S01000427,597,339,258
S01000428,619,417,202
S01000429,665,426,239
S01000430,449,280,169
S01000431,579,274,305
S01000432,809,538,271
S01000433,380,218,162
S01000434,514,272,242
S01000435,473,307,166
S01000436,499,350,149
S01000437,807,445,362
S01000438,517,386,131
S01000439,559,335,224
S01000440,673,433,240
S01000441,673,420,253
S01000442,625,428,197
S01000443,444,303,141
S01000444,449,287,162
S01000445,762,489,273
S01000446,754,450,304
S01000447,409,275,134
S01000448,481,328,153
S01000449,625,357,268
S01000450,511,307,204
S01000451,607,386,221
S01000452,426,271,155
S01000453,423,275,148
S01000454,399,225,174
S01000455,699,396,303
S01000456,588,389,199
S01000457,751,414,337
S01000458,657,428,229
S01000459,867,434,433
S01000460,593,311,282
S01000461,723,309,414
S01000462,809,409,400
S01000463,651,345,306
S01000464,583,389,194
S01000465,502,338,164
S01000466,621,423,198
S01000467,519,264,255
S01000468,399,274,125
S01000469,505,374,131
S01000470,1005,566,439
S01000471,484,315,169
S01000472,597,363,234
S01000473,571,350,221
S01000474,492,325,167
S01000475,658,366,292
S01000476,464,273,191
S01000477,617,395,222
S01000478,725,400,325
S01000479,770,406,364
S01000480,509,325,184
S01000481,641,406,235
S01000482,723,282,441
S01000483,771,379,392
S01000484,643,302,341
S01000485,862,594,268
S01000486,691,182,509
S01000487,505,257,248
S01000488,596,328,268
S01000489,758,334,424
S01000490,427,259,168
S01000491,435,177,258
S01000492,710,349,361
S01000493,483,271,212
S01000494,415,191,224
S01000495,754,506,248
S01000496,444,320,124
S01000497,526,328,198
S01000498,476,321,155
S01000499,626,397,229
S01000500,513,249,264
S01000501,518,300,218
S01000502,421,246,175
S01000503,432,252,180
S01000504,595,271,324
S01000505,589,368,221
S01000506,514,360,154
S01000507,870,445,425
S01000508,704,435,269
S01000509,876,493,383
S01000510,542,319,223
S01000511,423,254,169
S01000512,687,454,233
S01000513,684,374,310
S01000514,435,297,138
S01000515,383,233,150
S01000516,499,332,167
S01000517,522,304,218
S01000518,707,413,294
S01000519,383,247,136
S01000520,793,486,307
S01000521,719,382,337
S01000522,500,322,178
S01000523,627,322,305
S01000524,501,327,174
S01000525,804,525,279
S01000526,750,472,278
S01000527,474,316,158
S01000528,691,375,316
S01000529,585,375,210
S01000530,380,262,118
S01000531,431,227,204
S01000532,669,364,305
S01000533,628,352,276
S01000534,660,339,321
S01000535,778,462,316
S01000536,412,250,162
S01000537,469,306,163
S01000538,630,356,274
S01000539,885,385,500
S01000540,627,357,270
S01000541,422,221,201
S01000542,514,286,228
S01000543,632,399,233
S01000544,578,338,240
S01000545,561,274,287
S01000546,479,258,221
S01000547,445,262,183
S01000548,833,502,331
S01000549,865,596,269
S01000550,406,324,82
S01000551,701,374,327
S01000552,447,328,119
S01000553,686,456,230
S01000554,555,283,272
S01000555,746,380,366
S01000556,660,355,305
S01000557,733,405,328
S01000558,483,270,213
S01000559,609,302,307
S01000560,819,428,391
S01000561,882,411,471
S01000562,739,371,368
S01000563,546,211,335
S01000564,638,264,374
S01000565,555,314,241
S01000566,608,323,285
S01000567,606,313,293
S01000568,418,266,152
S01000569,623,388,235
S01000570,792,491,301
S01000571,688,279,409
S01000572,640,446,194
S01000573,433,322,111
S01000574,726,469,257
S01000575,511,304,207
S01000576,533,400,133
S01000577,487,295,192
S01000578,562,386,176
S01000579,659,392,267
S01000580,530,359,171
S01000581,566,392,174
S01000582,544,296,248
S01000583,587,363,224
S01000584,638,289,349
S01000585,800,420,380
S01000586,617,381,236
S01000587,573,302,271
S01000588,517,274,243
S01000589,555,308,247
S01000590,644,392,252
S01000591,412,258,154
S01000592,791,496,295
S01000593,473,306,167
S01000594,520,300,220
S01000595,645,410,235
S01000596,757,516,241
S01000597,851,574,277
S01000598,399,250,149
S01000599,635,408,227
S01000600,604,404,200
S01000601,887,509,378
S01000602,568,333,235
S01000603,653,436,217
S01000604,802,548,254
S01000605,705,413,292
S01000606,657,217,440
S01000607,657,430,227
S01000608,842,297,545
S01000609,777,316,461
S01000610,658,230,428
S01000611,493,224,269
S01000612,854,355,499
S01000613,843,439,404
S01000614,594,333,261
S01000615,691,271,420
S01000616,1047,510,537
S01000617,537,350,187
S01000618,711,441,270
S01000619,530,366,164
S01000620,623,234,389
S01000621,874,435,439
S01000622,368,163,205
S01000623,572,302,270
S01000624,501,270,231
S01000625,453,196,257
S01000626,569,251,318
S01000627,746,395,351
S01000628,448,221,227
S01000629,489,288,201
S01000630,610,329,281
S01000631,514,248,266
S01000632,474,295,179
S01000633,475,317,158
S01000634,659,365,294
S01000635,525,336,189
S01000636,392,254,138
S01000637,469,311,158
S01000638,426,301,125
S01000639,499,291,208
S01000640,530,357,173
S01000641,609,414,195
S01000642,648,379,269
S01000643,479,294,185
S01000644,560,353,207
S01000645,746,410,336
S01000646,687,453,234
S01000647,707,400,307
S01000648,690,331,359
S01000649,465,306,159
S01000650,582,347,235
S01000651,654,324,330
S01000652,673,401,272
S01000653,757,333,424
S01000654,747,341,406
S01000655,629,288,341
S01000656,560,240,320
S01000657,637,266,371
S01000658,463,187,276
S01000659,895,530,365
S01000660,837,563,274
S01000661,649,330,319
S01000662,424,293,131
S01000663,567,319,248
S01000664,629,374,255
S01000665,566,338,228
S01000666,396,258,138
S01000667,825,467,358
S01000668,691,300,391
S01000669,641,280,361
S01000670,460,259,201
S01000671,524,297,227
S01000672,494,272,222
S01000673,601,390,211
S01000674,781,448,333
S01000675,570,380,190
S01000676,405,249,156
S01000677,674,356,318
S01000678,761,436,325
S01000679,599,218,381
S01000680,639,292,347
S01000681,673,231,442
S01000682,559,189,370
S01000683,449,238,211
S01000684,615,203,412
S01000685,739,367,372
S01000686,583,264,319
S01000687,642,339,303
S01000688,658,345,313
S01000689,464,283,181
S01000690,632,445,187
S01000691,623,324,299
S01000692,603,240,363
S01000693,703,293,410
S01000694,576,284,292
S01000695,582,345,237
S01000696,620,315,305
S01000697,392,233,159
S01000698,509,282,227
S01000699,524,283,241
S01000700,650,378,272
S01000701,770,507,263
S01000702,434,280,154
S01000703,596,367,229
S01000704,717,388,329
S01000705,924,576,348
S01000706,643,427,216
S01000707,434,273,161
S01000708,452,305,147
S01000709,750,441,309
S01000710,859,517,342
S01000711,475,297,178
S01000712,500,296,204
S01000713,654,395,259
S01000714,648,396,252
S01000715,572,247,325
S01000716,442,124,318
S01000717,653,243,410
S01000718,759,397,362
S01000719,542,332,210
S01000720,715,438,277
S01000721,522,286,236
S01000722,635,277,358
S01000723,422,266,156
S01000724,695,343,352
S01000725,514,307,207
S01000726,592,310,282
S01000727,541,254,287
S01000728,638,373,265
S01000729,444,244,200
S01000730,311,125,186
S01000731,436,117,319
S01000732,461,126,335
S01000733,630,259,371
S01000734,698,440,258
S01000735,380,206,174
S01000736,600,345,255
S01000737,432,194,238
S01000738,491,243,248
S01000739,619,314,305
S01000740,564,334,230
S01000741,675,417,258
S01000742,469,286,183
S01000743,622,369,253
S01000744,590,237,353
S01000745,530,299,231
S01000746,611,280,331
S01000747,479,210,269
S01000748,427,159,268
S01000749,395,135,260
S01000750,592,352,240
S01000751,582,384,198
S01000752,748,311,437
S01000753,515,262,253
S01000754,546,295,251
S01000755,575,300,275
S01000756,908,463,445
S01000757,593,377,216
S01000758,821,528,293
S01000759,685,391,294
S01000760,437,245,192
S01000761,410,269,141
S01000762,535,351,184
S01000763,684,418,266
S01000764,586,377,209
S01000765,440,370,70
S01000766,640,357,283
S01000767,466,149,317
S01000768,726,246,480
S01000769,822,264,558
S01000770,443,189,254
S01000771,792,444,348
S01000772,561,322,239
S01000773,816,480,336
S01000774,378,263,115
S01000775,603,311,292
S01000776,497,361,136
S01000777,322,226,96
S01000778,389,267,122
S01000779,559,298,261
S01000780,704,364,340
S01000781,715,499,216
S01000782,542,402,140
S01000783,417,257,160
S01000784,712,481,231
S01000785,602,353,249
S01000786,668,392,276
S01000787,434,275,159
S01000788,552,330,222
S01000789,549,287,262
S01000790,414,289,125
S01000791,488,259,229
S01000792,546,360,186
S01000793,614,293,321
S01000794,686,319,367
S01000795,626,334,292
S01000796,411,245,166
S01000797,347,185,162
S01000798,427,209,218
S01000799,2725,333,2392
S01000800,861,490,371
S01000801,520,307,213
S01000802,612,369,243
S01000803,728,414,314
S01000804,798,458,340
S01000805,706,416,290
S01000806,698,405,293
S01000807,628,323,305
S01000808,605,336,269
S01000809,466,243,223
S01000810,508,332,176
S01000811,656,423,233
S01000812,556,253,303
S01000813,562,377,185
S01000814,612,251,361
S01000815,420,109,311
S01000816,527,130,397
S01000817,709,355,354
S01000818,601,306,295
S01000819,669,398,271
S01000820,474,303,171
S01000821,725,337,388
S01000822,446,214,232
S01000823,471,202,269
S01000824,436,246,190
S01000825,581,357,224
S01000826,571,300,271
S01000827,567,359,208
S01000828,705,423,282
S01000829,489,304,185
S01000830,590,328,262
S01000831,711,364,347
S01000832,735,402,333
S01000833,413,223,190
S01000834,736,398,338
S01000835,545,254,291
S01000836,607,225,382
S01000837,665,199,466
S01000838,560,336,224
S01000839,745,386,359
S01000840,586,269,317
S01000841,645,270,375
S01000842,692,480,212
S01000843,609,300,309
S01000844,539,249,290
S01000845,473,263,210
S01000846,577,199,378
S01000847,831,393,438
S01000848,605,395,210
S01000849,415,244,171
S01000850,536,216,320
S01000851,550,351,199
S01000852,605,285,320
S01000853,447,216,231
S01000854,690,347,343
S01000855,624,339,285
S01000856,490,260,230
S01000857,461,278,183
S01000858,534,342,192
S01000859,702,436,266
S01000860,691,306,385
S01000861,545,352,193
S01000862,456,325,131
S01000863,382,189,193
S01000864,542,334,208
S01000865,563,247,316
S01000866,730,393,337
S01000867,610,214,396
S01000868,542,267,275
S01000869,393,170,223
S01000870,565,268,297
S01000871,591,371,220
S01000872,538,332,206
S01000873,1153,391,762
S01000874,410,194,216
S01000875,603,298,305
S01000876,570,290,280
S01000877,581,232,349
S01000878,442,295,147
S01000879,690,399,291
S01000880,668,450,218
S01000881,575,337,238
S01000882,788,394,394
S01000883,685,352,333
S01000884,487,229,258
S01000885,423,314,109
S01000886,578,358,220
S01000887,596,378,218
S01000888,589,285,304
S01000889,656,379,277
S01000890,652,314,338
S01000891,741,438,303
S01000892,447,304,143
S01000893,553,377,176
S01000894,442,239,203
S01000895,735,441,294
S01000896,395,283,112
S01000897,554,350,204
S01000898,462,266,196
S01000899,682,360,322
S01000900,526,350,176
S01000901,551,342,209
S01000902,808,498,310
S01000903,791,493,298
S01000904,581,324,257
S01000905,570,345,225
S01000906,481,272,209
S01000907,653,288,365
S01000908,661,317,344
S01000909,749,445,304
S01000910,660,397,263
S01000911,809,512,297
S01000912,612,374,238
S01000913,596,333,263
S01000914,757,497,260
S01000915,799,493,306
S01000916,811,486,325
S01000917,556,320,236
S01000918,506,305,201
S01000919,429,255,174
S01000920,406,243,163
S01000921,601,347,254
S01000922,664,385,279
S01000923,595,382,213
S01000924,637,312,325
S01000925,744,409,335
S01000926,511,237,274
S01000927,797,455,342
S01000928,798,482,316
S01000929,369,142,227
S01000930,431,120,311
S01000931,552,272,280
S01000932,744,374,370
S01000933,733,393,340
S01000934,798,304,494
S01000935,651,312,339
S01000936,767,455,312
S01000937,461,206,255
S01000938,669,349,320
S01000939,633,326,307
S01000940,721,369,352
S01000941,471,257,214
S01000942,768,402,366
S01000943,712,508,204
S01000944,682,375,307
S01000945,621,353,268
S01000946,606,338,268
S01000947,628,395,233
S01000948,573,389,184
S01000949,533,367,166
S01000950,695,414,281
S01000951,583,309,274
S01000952,646,386,260
S01000953,757,553,204
S01000954,701,435,266
S01000955,428,295,133
S01000956,690,335,355
S01000957,424,240,184
S01000958,669,360,309
S01000959,547,346,201
S01000960,478,242,236
S01000961,710,435,275
S01000962,475,215,260
S01000963,572,290,282
S01000964,728,469,259
S01000965,475,187,288
S01000966,872,429,443
S01000967,479,214,265
S01000968,797,515,282
S01000969,738,319,419
S01000970,659,326,333
S01000971,481,235,246
S01000972,766,493,273
S01000973,473,259,214
S01000974,678,480,198
S01000975,496,317,179
S01000976,401,219,182
S01000977,623,358,265
S01000978,612,366,246
S01000979,520,294,226
S01000980,612,364,248
S01000981,530,351,179
S01000982,500,282,218
S01000983,456,269,187
S01000984,529,332,197
S01000985,545,274,271
S01000986,428,213,215
S01000987,512,306,206
S01000988,395,256,139
S01000989,667,429,238
S01000990,534,283,251
S01000991,388,225,163
S01000992,776,435,341
S01000993,739,457,282
S01000994,849,466,383
S01000995,635,444,191
S01000996,883,424,459
S01000997,776,546,230
S01000998,527,220,307
S01000999,558,341,217
S01001000,444,229,215
S01001001,425,268,157
S01001002,515,248,267
S01001003,726,483,243
S01001004,547,367,180
S01001005,685,455,230
S01001006,597,413,184
S01001007,638,311,327
S01001008,621,246,375
S01001009,506,268,238
S01001010,684,238,446
S01001011,507,298,209
S01001012,659,446,213
S01001013,758,323,435
S01001014,669,168,501
S01001015,522,204,318
S01001016,784,454,330
S01001017,558,274,284
S01001018,677,266,411
S01001019,749,268,481
S01001020,424,197,227
S01001021,688,349,339
S01001022,700,279,421
S01001023,805,509,296
S01001024,705,375,330
S01001025,764,458,306
S01001026,670,404,266
S01001027,750,464,286
S01001028,620,299,321
S01001029,548,249,299
S01001030,627,422,205
S01001031,774,433,341
S01001032,579,249,330
S01001033,501,231,270
S01001034,599,198,401
S01001035,389,197,192
S01001036,399,166,233
S01001037,722,348,374
S01001038,534,376,158
S01001039,448,293,155
S01001040,492,302,190
S01001041,440,295,145
S01001042,673,410,263
S01001043,529,339,190
S01001044,816,503,313
S01001045,470,328,142
S01001046,398,215,183
S01001047,605,391,214
S01001048,521,359,162
S01001049,538,291,247
S01001050,772,459,313
S01001051,561,298,263
S01001052,441,226,215
S01001053,652,381,271
S01001054,552,323,229
S01001055,674,346,328
S01001056,635,321,314
S01001057,539,320,219
S01001058,646,320,326
S01001059,447,207,240
S01001060,628,325,303
S01001061,632,341,291
S01001062,407,257,150
S01001063,647,459,188
S01001064,645,348,297
S01001065,637,340,297
S01001066,580,370,210
S01001067,626,393,233
S01001068,737,432,305
S01001069,703,436,267
S01001070,712,398,314
S01001071,536,335,201
S01001072,633,356,277
S01001073,800,478,322
S01001074,419,283,136
S01001075,753,419,334
S01001076,629,381,248
S01001077,667,367,300
S01001078,641,395,246
S01001079,381,253,128
S01001080,449,258,191
S01001081,522,247,275
S01001082,749,383,366
S01001083,637,390,247
S01001084,718,438,280
S01001085,683,402,281
S01001086,588,319,269
S01001087,448,234,214
S01001088,775,396,379
S01001089,768,463,305
S01001090,842,285,557
S01001091,604,119,485
S01001092,865,171,694
S01001093,946,201,745
S01001094,761,457,304
S01001095,1133,90,1043
S01001096,799,133,666
S01001097,539,289,250
S01001098,782,359,423
S01001099,793,102,691
S01001100,890,232,658
S01001101,1090,38,1052
S01001102,227,31,196
S01001103,718,352,366
S01001104,593,109,484
S01001105,742,476,266
S01001106,615,377,238
S01001107,890,250,640
S01001108,607,83,524
S01001109,756,124,632
S01001110,676,138,538
S01001111,822,175,647
S01001112,720,250,470
S01001113,916,182,734
S01001114,774,193,581
S01001115,685,217,468
S01001116,463,235,228
S01001117,483,119,364
S01001118,553,262,291
S01001119,853,276,577
S01001120,548,263,285
S01001121,638,178,460
S01001122,550,102,448
S01001123,815,405,410
S01001124,564,276,288
S01001125,309,124,185
S01001126,935,495,440
S01001127,687,286,401
S01001128,576,399,177
S01001129,773,256,517
S01001130,713,313,400
S01001131,460,157,303
S01001132,597,279,318
S01001133,770,336,434
S01001134,803,466,337
S01001135,330,105,225
S01001136,643,132,511
S01001137,806,159,647
S01001138,822,176,646
S01001139,680,308,372
S01001140,908,321,587
S01001141,334,87,247
S01001142,857,466,391
S01001143,693,429,264
S01001144,528,239,289
S01001145,558,251,307
S01001146,784,515,269
S01001147,552,116,436
S01001148,633,417,216
S01001149,528,219,309
S01001150,568,155,413
S01001151,479,182,297
S01001152,853,331,522
S01001153,667,380,287
S01001154,613,409,204
S01001155,564,369,195
S01001156,622,148,474
S01001157,666,462,204
S01001158,520,247,273
S01001159,699,368,331
S01001160,519,231,288
S01001161,491,277,214
S01001162,733,438,295
S01001163,515,120,395
S01001164,527,208,319
S01001165,649,203,446
S01001166,250,49,201
S01001167,809,526,283
S01001168,578,150,428
S01001169,828,260,568
S01001170,648,193,455
S01001171,495,215,280
S01001172,576,155,421
S01001173,724,306,418
S01001174,499,112,387
S01001175,675,260,415
S01001176,582,311,271
S01001177,605,231,374
S01001178,793,404,389
S01001179,787,550,237
S01001180,636,138,498
S01001181,754,535,219
S01001182,770,325,445
S01001183,761,229,532
S01001184,748,410,338
S01001185,511,363,148
S01001186,647,435,212
S01001187,723,294,429
S01001188,683,204,479
S01001189,876,412,464
S01001190,612,434,178
S01001191,573,202,371
S01001192,873,271,602
S01001193,714,419,295
S01001194,778,507,271
S01001195,855,451,404
S01001196,890,240,650
S01001197,446,204,242
S01001198,561,241,320
S01001199,752,295,457
S01001200,716,249,467
S01001201,529,190,339
S01001202,499,217,282
S01001203,663,260,403
S01001204,688,465,223
S01001205,623,364,259
S01001206,640,252,388
S01001207,655,307,348
S01001208,515,149,366
S01001209,401,247,154
S01001210,690,304,386
S01001211,837,482,355
S01001212,452,157,295
S01001213,805,221,584
S01001214,651,321,330
S01001215,663,399,264
S01001216,744,345,399
S01001217,659,218,441
S01001218,553,379,174
S01001219,421,266,155
S01001220,427,196,231
S01001221,544,297,247
S01001222,651,242,409
S01001223,624,376,248
S01001224,695,275,420
S01001225,813,550,263
S01001226,364,127,237
S01001227,534,341,193
S01001228,702,418,284
S01001229,622,353,269
S01001230,692,270,422
S01001231,608,298,310
S01001232,513,327,186
S01001233,747,285,462
S01001234,321,110,211
S01001235,591,261,330
S01001236,700,319,381
S01001237,470,269,201
S01001238,564,202,362
S01001239,405,130,275
S01001240,669,348,321
S01001241,637,308,329
S01001242,672,364,308
S01001243,164,31,133
S01001244,478,251,227
S01001245,542,174,368
S01001246,801,441,360
S01001247,515,231,284
S01001248,639,401,238
S01001249,564,290,274
S01001250,804,436,368
S01001251,552,208,344
S01001252,521,284,237
S01001253,435,95,340
S01001254,543,249,294
S01001255,660,293,367
S01001256,595,308,287
S01001257,573,254,319
S01001258,332,105,227
S01001259,683,393,290
S01001260,399,97,302
S01001261,684,230,454
S01001262,736,447,289
S01001263,436,246,190
S01001264,436,245,191
S01001265,427,296,131
S01001266,578,330,248
S01001267,827,431,396
S01001268,605,401,204
S01001269,434,225,209
S01001270,598,282,316
S01001271,555,244,311
S01001272,578,283,295
S01001273,601,289,312
S01001274,544,285,259
S01001275,594,263,331
S01001276,400,264,136
S01001277,532,294,238
S01001278,427,260,167
S01001279,535,253,282
S01001280,488,253,235
S01001281,701,356,345
S01001282,636,365,271
S01001283,395,201,194
S01001284,638,339,299
S01001285,513,282,231
S01001286,398,217,181
S01001287,683,352,331
S01001288,743,390,353
S01001289,505,278,227
S01001290,438,266,172
S01001291,304,195,109
S01001292,643,310,333
S01001293,647,343,304
S01001294,593,299,294
S01001295,765,420,345
S01001296,560,276,284
S01001297,620,341,279
S01001298,758,379,379
S01001299,760,438,322
S01001300,770,509,261
S01001301,459,233,226
S01001302,580,379,201
S01001303,500,324,176
S01001304,573,383,190
S01001305,580,289,291
S01001306,545,271,274
S01001307,723,404,319
S01001308,791,403,388
S01001309,572,233,339
S01001310,573,264,309
S01001311,482,294,188
S01001312,593,248,345
S01001313,561,269,292
S01001314,586,375,211
S01001315,764,508,256
S01001316,757,389,368
S01001317,744,432,312
S01001318,451,279,172
S01001319,567,301,266
S01001320,737,395,342
S01001321,449,280,169
S01001322,634,395,239
S01001323,469,276,193
S01001324,652,218,434
S01001325,541,233,308
S01001326,793,397,396
S01001327,604,304,300
S01001328,628,276,352
S01001329,483,222,261
S01001330,802,532,270
S01001331,703,384,319
S01001332,731,387,344
S01001333,711,273,438
S01001334,628,311,317
S01001335,821,367,454
S01001336,748,418,330
S01001337,610,397,213
S01001338,593,270,323
S01001339,534,321,213
S01001340,597,290,307
S01001341,725,285,440
S01001342,732,382,350
S01001343,769,396,373
S01001344,667,430,237
S01001345,532,194,338
S01001346,583,352,231
S01001347,653,415,238
S01001348,595,275,320
S01001349,1129,448,681
S01001350,558,278,280
S01001351,420,198,222
S01001352,741,441,300
S01001353,483,333,150
S01001354,642,309,333
S01001355,620,387,233
S01001356,554,355,199
S01001357,610,225,385
S01001358,706,381,325
S01001359,609,352,257
S01001360,718,401,317
S01001361,446,234,212
S01001362,538,361,177
S01001363,537,172,365
S01001364,725,375,350
S01001365,518,248,270
S01001366,794,556,238
S01001367,628,322,306
S01001368,804,545,259
S01001369,806,433,373
S01001370,608,374,234
S01001371,521,173,348
S01001372,599,409,190
S01001373,532,255,277
S01001374,490,331,159
S01001375,546,372,174
S01001376,665,216,449
S01001377,664,323,341
S01001378,493,280,213
S01001379,808,437,371
S01001380,712,313,399
S01001381,738,455,283
S01001382,578,158,420
S01001383,549,279,270
S01001384,766,411,355
S01001385,672,263,409
S01001386,730,259,471
S01001387,723,429,294
S01001388,714,203,511
S01001389,415,255,160
S01001390,679,423,256
S01001391,607,334,273
S01001392,391,139,252
S01001393,473,280,193
S01001394,384,158,226
S01001395,683,374,309
S01001396,588,284,304
S01001397,603,240,363
S01001398,740,460,280
S01001399,669,263,406
S01001400,688,299,389
S01001401,552,259,293
S01001402,746,515,231
S01001403,727,527,200
S01001404,438,317,121
S01001405,677,462,215
S01001406,495,317,178
S01001407,700,415,285
S01001408,684,330,354
S01001409,707,409,298
S01001410,862,440,422
S01001411,451,304,147
S01001412,760,371,389
S01001413,569,395,174
S01001414,555,273,282
S01001415,658,275,383
S01001416,521,279,242
S01001417,800,503,297
S01001418,798,511,287
S01001419,573,332,241
S01001420,506,313,193
S01001421,669,398,271
S01001422,442,305,137
S01001423,636,336,300
S01001424,880,354,526
S01001425,788,348,440
S01001426,638,331,307
S01001427,675,444,231
S01001428,777,401,376
S01001429,525,204,321
S01001430,804,529,275
S01001431,789,517,272
S01001432,563,345,218
S01001433,733,508,225
S01001434,793,526,267
S01001435,803,501,302
S01001436,790,506,284
S01001437,718,452,266
S01001438,514,340,174
S01001439,627,417,210
S01001440,773,491,282
S01001441,689,445,244
S01001442,601,403,198
S01001443,764,493,271
S01001444,762,430,332
S01001445,580,347,233
S01001446,755,519,236
S01001447,679,451,228
S01001448,601,382,219
S01001449,488,328,160
S01001450,651,442,209
S01001451,574,369,205
S01001452,665,433,232
S01001453,677,454,223
S01001454,777,511,266
S01001455,634,386,248
S01001456,592,340,252
S01001457,760,521,239
S01001458,782,507,275
S01001459,788,522,266
S01001460,532,363,169
S01001461,736,504,232
S01001462,726,437,289
S01001463,403,265,138
S01001464,759,458,301
S01001465,523,341,182
S01001466,625,406,219
S01001467,704,452,252
S01001468,528,368,160
S01001469,680,457,223
S01001470,749,516,233
S01001471,597,398,199
S01001472,723,487,236
S01001473,678,391,287
S01001474,1040,462,578
S01001475,476,311,165
S01001476,793,540,253
S01001477,795,548,247
S01001478,579,404,175
S01001479,527,300,227
S01001480,438,290,148
S01001481,770,503,267
S01001482,561,247,314
S01001483,717,508,209
S01001484,684,464,220
S01001485,549,390,159
S01001486,691,401,290
S01001487,542,264,278
S01001488,755,487,268
S01001489,731,334,397
S01001490,729,301,428
S01001491,683,470,213
S01001492,803,368,435
S01001493,663,451,212
S01001494,735,339,396
S01001495,510,335,175
S01001496,733,461,272
S01001497,633,208,425
S01001498,594,412,182
S01001499,786,461,325
S01001500,544,225,319
S01001501,704,481,223
S01001502,712,498,214
S01001503,687,466,221
S01001504,781,388,393
S01001505,841,569,272
S01001506,510,189,321
S01001507,721,488,233
S01001508,746,511,235
S01001509,727,347,380
S01001510,511,220,291
S01001511,513,346,167
S01001512,581,214,367
S01001513,592,185,407
S01001514,667,395,272
S01001515,595,379,216
S01001516,572,294,278
S01001517,814,334,480
S01001518,775,357,418
S01001519,787,505,282
S01001520,561,316,245
S01001521,864,521,343
S01001522,849,442,407
S01001523,549,375,174
S01001524,782,426,356
S01001525,706,377,329
S01001526,520,285,235
S01001527,656,329,327
S01001528,769,514,255
S01001529,529,276,253
S01001530,674,331,343
S01001531,833,369,464
S01001532,482,305,177
S01001533,712,476,236
S01001534,559,396,163
S01001535,685,402,283
S01001536,635,325,310
S01001537,496,213,283
S01001538,721,475,246
S01001539,661,420,241
S01001540,549,423,126
S01001541,728,439,289
S01001542,564,378,186
S01001543,586,340,246
S01001544,757,395,362
S01001545,601,357,244
S01001546,724,287,437
S01001547,719,286,433
S01001548,549,329,220
S01001549,883,407,476
S01001550,513,322,191
S01001551,652,412,240
S01001552,663,379,284
S01001553,641,389,252
S01001554,778,501,277
S01001555,621,338,283
S01001556,724,419,305
S01001557,795,515,280
S01001558,666,406,260
S01001559,433,227,206
S01001560,506,246,260
S01001561,561,316,245
S01001562,530,309,221
S01001563,479,320,159
S01001564,480,290,190
S01001565,633,309,324
S01001566,515,353,162
S01001567,746,448,298
S01001568,528,323,205
S01001569,403,237,166
S01001570,345,259,86
S01001571,560,267,293
S01001572,459,276,183
S01001573,498,314,184
S01001574,718,367,351
S01001575,623,287,336
S01001576,513,284,229
S01001577,601,369,232
S01001578,574,338,236
S01001579,649,333,316
S01001580,495,297,198
S01001581,590,378,212
S01001582,473,237,236
S01001583,366,202,164
S01001584,619,294,325
S01001585,728,266,462
S01001586,374,262,112
S01001587,683,303,380
S01001588,567,259,308
S01001589,640,326,314
S01001590,562,329,233
S01001591,526,262,264
S01001592,585,248,337
S01001593,668,307,361
S01001594,704,236,468
S01001595,526,218,308
S01001596,634,332,302
S01001597,602,229,373
S01001598,526,359,167
S01001599,787,269,518
S01001600,879,331,548
S01001601,652,405,247
S01001602,392,227,165
S01001603,719,360,359
S01001604,468,195,273
S01001605,496,298,198
S01001606,420,196,224
S01001607,751,436,315
S01001608,708,410,298
S01001609,713,405,308
S01001610,480,221,259
S01001611,616,401,215
S01001612,676,455,221
S01001613,593,310,283
S01001614,561,228,333
S01001615,623,304,319
S01001616,417,321,96
S01001617,562,285,277
S01001618,752,403,349
S01001619,585,320,265
S01001620,717,403,314
S01001621,584,339,245
S01001622,658,304,354
S01001623,617,346,271
S01001624,849,440,409
S01001625,589,286,303
S01001626,601,369,232
S01001627,598,308,290
S01001628,417,197,220
S01001629,484,295,189
S01001630,453,172,281
S01001631,758,399,359
S01001632,441,334,107
S01001633,761,540,221
S01001634,617,437,180
S01001635,590,348,242
S01001636,413,300,113
S01001637,589,397,192
S01001638,740,348,392
S01001639,578,316,262
S01001640,560,424,136
S01001641,508,267,241
S01001642,802,467,335
S01001643,601,370,231
S01001644,602,399,203
S01001645,710,339,371
S01001646,441,273,168
S01001647,541,336,205
S01001648,609,306,303
S01001649,631,328,303
S01001650,601,332,269
S01001651,736,398,338
S01001652,629,447,182
S01001653,517,219,298
S01001654,482,295,187
S01001655,488,305,183
S01001656,815,430,385
S01001657,387,249,138
S01001658,690,428,262
S01001659,534,356,178
S01001660,564,377,187
S01001661,530,321,209
S01001662,610,330,280
S01001663,620,408,212
S01001664,365,272,93
S01001665,629,427,202
S01001666,493,306,187
S01001667,657,386,271
S01001668,574,359,215
S01001669,519,189,330
S01001670,539,347,192
S01001671,423,292,131
S01001672,486,238,248
S01001673,507,304,203
S01001674,594,308,286
S01001675,556,355,201
S01001676,772,499,273
S01001677,664,451,213
S01001678,724,450,274
S01001679,488,365,123
S01001680,514,365,149
S01001681,515,362,153
S01001682,395,253,142
S01001683,599,382,217
S01001684,451,309,142
S01001685,531,277,254
S01001686,729,488,241
S01001687,852,499,353
S01001688,643,343,300
S01001689,595,393,202
S01001690,401,254,147
S01001691,659,473,186
S01001692,464,239,225
S01001693,545,361,184
S01001694,542,281,261
S01001695,604,387,217
S01001696,596,343,253
S01001697,609,372,237
S01001698,415,253,162
S01001699,445,345,100
S01001700,761,546,215
S01001701,732,376,356
S01001702,836,447,389
S01001703,531,360,171
S01001704,761,525,236
S01001705,434,269,165
S01001706,604,422,182
S01001707,564,222,342
S01001708,786,432,354
S01001709,449,253,196
S01001710,543,303,240
S01001711,587,368,219
S01001712,413,254,159
S01001713,703,482,221
S01001714,570,378,192
S01001715,711,491,220
S01001716,624,320,304
S01001717,606,415,191
S01001718,374,247,127
S01001719,596,425,171
S01001720,487,338,149
S01001721,475,302,173
S01001722,600,348,252
S01001723,579,395,184
S01001724,568,233,335
S01001725,555,292,263
S01001726,488,340,148
S01001727,674,445,229
S01001728,509,346,163
S01001729,750,481,269
S01001730,508,351,157
S01001731,519,341,178
S01001732,476,308,168
S01001733,583,302,281
S01001734,435,301,134
S01001735,379,248,131
S01001736,787,572,215
S01001737,467,310,157
S01001738,477,335,142
S01001739,448,273,175
S01001740,600,352,248
S01001741,507,277,230
S01001742,521,214,307
S01001743,710,330,380
S01001744,435,305,130
S01001745,638,409,229
S01001746,829,528,301
S01001747,731,385,346
S01001748,522,372,150
S01001749,655,359,296
S01001750,611,374,237
S01001751,736,378,358
S01001752,782,525,257
S01001753,625,279,346
S01001754,591,417,174
S01001755,707,441,266
S01001756,569,330,239
S01001757,603,335,268
S01001758,613,378,235
S01001759,486,131,355
S01001760,530,290,240
S01001761,575,231,344
S01001762,825,454,371
S01001763,614,428,186
S01001764,380,252,128
S01001765,821,426,395
S01001766,519,318,201
S01001767,483,307,176
S01001768,508,291,217
S01001769,591,348,243
S01001770,410,127,283
S01001771,624,365,259
S01001772,464,226,238
S01001773,745,344,401
S01001774,489,317,172
S01001775,604,363,241
S01001776,504,238,266
S01001777,682,450,232
S01001778,755,307,448
S01001779,472,265,207
S01001780,654,345,309
S01001781,528,348,180
S01001782,748,460,288
S01001783,410,107,303
S01001784,470,242,228
S01001785,528,358,170
S01001786,495,292,203
S01001787,519,349,170
S01001788,694,459,235
S01001789,401,177,224
S01001790,627,384,243
S01001791,588,392,196
S01001792,570,342,228
S01001793,649,391,258
S01001794,733,454,279
S01001795,736,267,469
S01001796,672,527,145
S01001797,574,291,283
S01001798,740,535,205
S01001799,639,268,371
S01001800,725,481,244
S01001801,727,485,242
S01001802,640,313,327
S01001803,807,469,338
S01001804,861,493,368
S01001805,630,375,255
S01001806,541,340,201
S01001807,711,495,216
S01001808,509,266,243
S01001809,552,179,373
S01001810,763,459,304
S01001811,580,412,168
S01001812,421,315,106
S01001813,570,405,165
S01001814,541,404,137
S01001815,708,485,223
S01001816,828,568,260
S01001817,557,269,288
S01001818,645,420,225
S01001819,818,588,230
S01001820,630,283,347
S01001821,353,307,46
S01001822,854,468,386
S01001823,643,229,414
S01001824,645,325,320
S01001825,636,383,253
S01001826,434,116,318
S01001827,710,284,426
S01001828,538,367,171
S01001829,588,283,305
S01001830,707,462,245
S01001831,644,336,308
S01001832,556,270,286
S01001833,761,502,259
S01001834,498,250,248
S01001835,496,315,181
S01001836,603,385,218
S01001837,715,447,268
S01001838,460,246,214
S01001839,764,275,489
S01001840,593,419,174
S01001841,549,285,264
S01001842,626,360,266
S01001843,603,243,360
S01001844,2422,617,1805
S01001845,595,444,151
S01001846,698,476,222
S01001847,689,293,396
S01001848,639,249,390
S01001849,525,339,186
S01001850,607,309,298
S01001851,631,388,243
S01001852,678,463,215
S01001853,649,426,223
S01001854,1072,498,574
S01001855,553,390,163
S01001856,496,221,275
S01001857,657,337,320
S01001858,733,430,303
S01001859,762,358,404
S01001860,769,440,329
S01001861,714,278,436
S01001862,734,522,212
S01001863,753,510,243
S01001864,677,227,450
S01001865,451,121,330
S01001866,576,398,178
S01001867,409,186,223
S01001868,577,361,216
S01001869,713,426,287
S01001870,560,202,358
S01001871,688,304,384
S01001872,683,352,331
S01001873,653,438,215
S01001874,458,120,338
S01001875,710,499,211
S01001876,858,402,456
S01001877,647,208,439
S01001878,800,582,218
S01001879,497,107,390
S01001880,560,172,388
S01001881,553,393,160
S01001882,577,312,265
S01001883,448,287,161
S01001884,828,336,492
S01001885,891,616,275
S01001886,439,102,337
S01001887,627,318,309
S01001888,714,491,223
S01001889,466,227,239
S01001890,737,361,376
S01001891,522,228,294
S01001892,628,168,460
S01001893,787,286,501
S01001894,511,113,398
S01001895,602,256,346
S01001896,629,389,240
S01001897,653,180,473
S01001898,505,173,332
S01001899,651,384,267
S01001900,646,354,292
S01001901,771,408,363
S01001902,725,387,338
S01001903,472,184,288
S01001904,536,241,295
S01001905,717,397,320
S01001906,374,155,219
S01001907,652,312,340
S01001908,744,408,336
S01001909,522,162,360
S01001910,598,310,288
S01001911,577,324,253
S01001912,632,302,330
S01001913,747,482,265
S01001914,483,312,171
S01001915,692,426,266
S01001916,732,197,535
S01001917,557,310,247
S01001918,812,134,678
S01001919,749,414,335
S01001920,606,278,328
S01001921,526,236,290
S01001922,609,387,222
S01001923,279,143,136
S01001924,602,304,298
S01001925,642,408,234
S01001926,503,221,282
S01001927,789,420,369
S01001928,1032,239,793
S01001929,634,368,266
S01001930,702,176,526
S01001931,546,221,325
S01001932,1123,447,676
S01001933,698,418,280
S01001934,687,262,425
S01001935,515,139,376
S01001936,800,374,426
S01001937,762,404,358
S01001938,532,160,372
S01001939,431,86,345
S01001940,618,300,318
S01001941,787,385,402
S01001942,503,147,356
S01001943,485,207,278
S01001944,603,327,276
S01001945,609,309,300
S01001946,577,198,379
S01001947,726,350,376
S01001948,517,171,346
S01001949,546,203,343
S01001950,813,270,543
S01001951,744,277,467
S01001952,624,313,311
S01001953,683,266,417
S01001954,391,198,193
S01001955,643,288,355
S01001956,566,242,324
S01001957,250,84,166
S01001958,767,270,497
S01001959,515,289,226
S01001960,719,318,401
S01001961,824,317,507
S01001962,677,344,333
S01001963,669,216,453
S01001964,635,267,368
S01001965,708,315,393
S01001966,583,172,411
S01001967,531,168,363
S01001968,764,279,485
S01001969,556,225,331
S01001970,528,332,196
S01001971,659,228,431
S01001972,614,270,344
S01001973,560,274,286
S01001974,693,225,468
S01001975,735,286,449
S01001976,675,230,445
S01001977,683,249,434
S01001978,558,190,368
S01001979,569,172,397
S01001980,608,175,433
S01001981,653,185,468
S01001982,226,39,187
S01001983,665,196,469
S01001984,429,69,360
S01001985,603,315,288
S01001986,600,119,481
S01001987,767,125,642
S01001988,642,318,324
S01001989,747,466,281
S01001990,911,245,666
S01001991,594,295,299
S01001992,752,336,416
S01001993,616,290,326
S01001994,752,217,535
S01001995,537,261,276
S01001996,808,160,648
S01001997,658,251,407
S01001998,531,263,268
S01001999,703,78,625
S01002000,616,304,312
S01002001,726,123,603
S01002002,678,84,594
S01002003,652,371,281
S01002004,733,197,536
S01002005,697,254,443
S01002006,696,438,258
S01002007,901,119,782
S01002008,773,201,572
S01002009,743,195,548
S01002010,479,100,379
S01002011,798,518,280
S01002012,707,155,552
S01002013,685,218,467
S01002014,752,150,602
S01002015,705,489,216
S01002016,518,103,415
S01002017,827,310,517
S01002018,704,490,214
S01002019,737,119,618
S01002020,421,34,387
S01002021,832,362,470
S01002022,603,325,278
S01002023,685,165,520
S01002024,655,150,505
S01002025,799,122,677
S01002026,588,389,199
S01002027,990,102,888
S01002028,2627,120,2507
S01002029,712,109,603
S01002030,706,122,584
S01002031,593,142,451
S01002032,643,151,492
S01002033,705,117,588
S01002034,662,92,570
S01002035,611,356,255
S01002036,779,111,668
S01002037,651,85,566
S01002038,523,105,418
S01002039,512,290,222
S01002040,480,86,394
S01002041,840,173,667
S01002042,825,426,399
S01002043,647,373,274
S01002044,501,155,346
S01002045,757,312,445
S01002046,540,50,490
S01002047,707,162,545
S01002048,822,93,729
S01002049,1031,131,900
S01002050,586,374,212
S01002051,687,308,379
S01002052,714,88,626
S01002053,713,105,608
S01002054,564,95,469
S01002055,711,444,267
S01002056,820,432,388
S01002057,722,426,296
S01002058,628,93,535
S01002059,631,117,514
S01002060,702,70,632
S01002061,624,79,545
S01002062,518,235,283
S01002063,948,121,827
S01002064,685,125,560
S01002065,674,135,539
S01002066,648,113,535
S01002067,727,338,389
S01002068,852,116,736
S01002069,491,264,227
S01002070,613,133,480
S01002071,579,70,509
S01002072,915,489,426
S01002073,589,120,469
S01002074,549,377,172
S01002075,806,208,598
S01002076,799,108,691
S01002077,709,469,240
S01002078,739,423,316
S01002079,701,99,602
S01002080,795,525,270
S01002081,618,100,518
S01002082,765,271,494
S01002083,482,217,265
S01002084,498,87,411
S01002085,624,30,594
S01002086,518,68,450
S01002087,871,129,742
S01002088,729,398,331
S01002089,817,517,300
S01002090,907,541,366
S01002091,735,89,646
S01002092,834,461,373
S01002093,704,127,577
S01002094,628,304,324
S01002095,497,240,257
S01002096,632,462,170
S01002097,665,464,201
S01002098,587,325,262
S01002099,768,216,552
S01002100,495,258,237
S01002101,756,161,595
S01002102,525,158,367
S01002103,603,396,207
S01002104,925,193,732
S01002105,780,484,296
S01002106,947,94,853
S01002107,446,260,186
S01002108,912,85,827
S01002109,828,118,710
S01002110,555,318,237
S01002111,868,570,298
S01002112,808,427,381
S01002113,635,454,181
S01002114,562,396,166
S01002115,925,348,577
S01002116,634,317,317
S01002117,601,103,498
S01002118,860,103,757
S01002119,478,198,280
S01002120,593,360,233
S01002121,562,318,244
S01002122,793,522,271
S01002123,1073,583,490
S01002124,621,421,200
S01002125,912,390,522
S01002126,520,368,152
S01002127,580,291,289
S01002128,704,151,553
S01002129,797,155,642
S01002130,502,322,180
S01002131,609,118,491
S01002132,654,336,318
S01002133,1012,351,661
S01002134,503,361,142
S01002135,663,476,187
S01002136,629,245,384
S01002137,722,398,324
S01002138,560,191,369
S01002139,554,333,221
S01002140,727,278,449
S01002141,535,225,310
S01002142,862,547,315
S01002143,653,350,303
S01002144,596,435,161
S01002145,873,406,467
S01002146,817,258,559
S01002147,791,400,391
S01002148,680,470,210
S01002149,836,300,536
S01002150,569,218,351
S01002151,1028,185,843
S01002152,690,334,356
S01002153,458,288,170
S01002154,747,304,443
S01002155,777,232,545
S01002156,717,214,503
S01002157,684,349,335
S01002158,700,280,420
S01002159,664,239,425
S01002160,700,142,558
S01002161,685,92,593
S01002162,793,386,407
S01002163,923,182,741
S01002164,663,342,321
S01002165,744,359,385
S01002166,722,244,478
S01002167,551,289,262
S01002168,934,230,704
S01002169,711,222,489
S01002170,771,336,435
S01002171,523,304,219
S01002172,609,447,162
S01002173,832,328,504
S01002174,828,203,625
S01002175,876,240,636
S01002176,674,412,262
S01002177,715,214,501
S01002178,859,218,641
S01002179,580,389,191
S01002180,469,93,376
S01002181,668,228,440
S01002182,651,158,493
S01002183,765,203,562
S01002184,661,430,231
S01002185,667,180,487
S01002186,678,178,500
S01002187,821,252,569
S01002188,647,355,292
S01002189,669,156,513
S01002190,689,171,518
S01002191,663,263,400
S01002192,697,392,305
S01002193,701,455,246
S01002194,587,290,297
S01002195,856,212,644
S01002196,526,291,235
S01002197,508,137,371
S01002198,773,175,598
S01002199,684,142,542
S01002200,641,407,234
S01002201,818,194,624
S01002202,621,146,475
S01002203,413,107,306
S01002204,617,193,424
S01002205,714,208,506
S01002206,494,123,371
S01002207,690,385,305
S01002208,508,132,376
S01002209,837,148,689
S01002210,547,174,373
S01002211,487,144,343
S01002212,838,270,568
S01002213,598,341,257
S01002214,688,154,534
S01002215,836,421,415
S01002216,715,156,559
S01002217,885,124,761
S01002218,499,127,372
S01002219,565,347,218
S01002220,630,466,164
S01002221,694,123,571
S01002222,668,483,185
S01002223,581,400,181
S01002224,600,429,171
S01002225,642,151,491
S01002226,915,323,592
S01002227,696,261,435
S01002228,818,543,275
S01002229,618,433,185
S01002230,864,295,569
S01002231,866,227,639
S01002232,592,271,321
S01002233,835,170,665
S01002234,728,168,560
S01002235,880,256,624
S01002236,730,354,376
S01002237,889,464,425
S01002238,494,199,295
S01002239,666,222,444
S01002240,639,176,463
S01002241,723,296,427
S01002242,648,407,241
S01002243,638,219,419
S01002244,647,214,433
S01002245,835,305,530
S01002246,768,205,563
S01002247,663,285,378
S01002248,989,477,512
S01002249,684,163,521
S01002250,791,387,404
S01002251,573,414,159
S01002252,519,260,259
S01002253,857,403,454
S01002254,720,125,595
S01002255,943,217,726
S01002256,694,313,381
S01002257,548,287,261
S01002258,663,137,526
S01002259,439,224,215
S01002260,688,490,198
S01002261,855,486,369
S01002262,664,428,236
S01002263,680,475,205
S01002264,694,298,396
S01002265,735,298,437
S01002266,512,131,381
S01002267,773,249,524
S01002268,560,388,172
S01002269,787,302,485
S01002270,790,216,574
S01002271,703,370,333
S01002272,437,212,225
S01002273,692,220,472
S01002274,625,186,439
S01002275,660,181,479
S01002276,641,462,179
S01002277,603,262,341
S01002278,781,270,511
S01002279,713,213,500
S01002280,629,339,290
S01002281,469,135,334
S01002282,258,65,193
S01002283,593,338,255
S01002284,791,397,394
S01002285,671,165,506
S01002286,684,236,448
S01002287,624,298,326
S01002288,652,156,496
S01002289,718,247,471
S01002290,676,187,489
S01002291,666,140,526
S01002292,713,195,518
S01002293,677,374,303
S01002294,538,278,260
S01002295,602,359,243
S01002297,767,424,343
S01002298,557,316,241
S01002299,655,455,200
S01002300,649,393,256
S01002301,661,313,348
S01002302,521,219,302
S01002303,674,323,351
S01002304,719,139,580
S01002305,717,193,524
S01002306,386,135,251
S01002307,606,144,462
S01002308,767,361,406
S01002309,603,207,396
S01002310,751,173,578
S01002311,614,302,312
S01002312,507,181,326
S01002313,565,337,228
S01002314,718,349,369
S01002315,449,265,184
S01002316,585,372,213
S01002317,791,224,567
S01002318,693,204,489
S01002319,916,338,578
S01002320,531,289,242
S01002321,677,165,512
S01002322,578,213,365
S01002323,655,313,342
S01002324,609,247,362
S01002325,513,211,302
S01002326,715,199,516
S01002327,548,299,249
S01002328,621,339,282
S01002329,554,330,224
S01002330,624,344,280
S01002331,578,294,284
S01002332,676,446,230
S01002333,634,424,210
S01002334,645,430,215
S01002335,813,492,321
S01002336,755,488,267
S01002337,746,458,288
S01002338,448,152,296
S01002339,464,226,238
S01002340,438,231,207
S01002341,451,235,216
S01002342,469,244,225
S01002343,599,321,278
S01002344,422,194,228
S01002345,547,284,263
S01002346,751,396,355
S01002347,581,300,281
S01002348,769,418,351
S01002349,805,390,415
S01002350,797,409,388
S01002351,548,280,268
S01002352,718,352,366
S01002353,598,342,256
S01002354,647,384,263
S01002355,713,311,402
S01002356,662,272,390
S01002357,592,287,305
S01002358,427,237,190
S01002359,814,374,440
S01002360,621,236,385
S01002361,501,258,243
S01002362,556,302,254
S01002363,743,394,349
S01002364,572,250,322
S01002365,456,245,211
S01002366,459,248,211
S01002367,661,400,261
S01002368,678,410,268
S01002369,438,233,205
S01002370,579,307,272
S01002371,523,290,233
S01002372,643,340,303
S01002373,541,269,272
S01002374,601,293,308
S01002375,701,353,348
S01002376,664,340,324
S01002377,671,343,328
S01002378,446,276,170
S01002379,722,420,302
S01002380,533,315,218
S01002381,599,341,258
S01002382,491,237,254
S01002383,408,289,119
S01002384,406,217,189
S01002385,638,350,288
S01002386,752,462,290
S01002387,484,269,215
S01002388,575,414,161
S01002389,614,421,193
S01002390,602,377,225
S01002391,735,526,209
S01002392,717,473,244
S01002393,431,275,156
S01002394,544,297,247
S01002395,602,391,211
S01002396,613,377,236
S01002397,935,405,530
S01002398,732,436,296
S01002399,834,414,420
S01002400,693,430,263
S01002401,694,519,175
S01002402,679,292,387
S01002403,570,252,318
S01002404,774,469,305
S01002405,612,371,241
S01002406,605,295,310
S01002407,617,347,270
S01002408,714,381,333
S01002409,627,347,280
S01002410,438,291,147
S01002411,507,288,219
S01002412,774,457,317
S01002413,533,294,239
S01002414,468,195,273
S01002415,595,283,312
S01002416,440,303,137
S01002417,588,349,239
S01002418,760,407,353
S01002419,432,301,131
S01002420,552,271,281
S01002421,678,492,186
S01002422,494,317,177
S01002423,590,349,241
S01002424,740,416,324
S01002425,657,342,315
S01002426,592,206,386
S01002427,695,418,277
S01002428,440,242,198
S01002429,719,293,426
S01002430,484,233,251
S01002431,594,308,286
S01002432,606,377,229
S01002433,462,213,249
S01002434,774,403,371
S01002435,564,283,281
S01002436,657,286,371
S01002437,440,212,228
S01002438,553,291,262
S01002439,687,409,278
S01002440,706,334,372
S01002441,553,337,216
S01002442,417,168,249
S01002443,480,269,211
S01002444,423,151,272
S01002445,594,272,322
S01002446,715,415,300
S01002447,549,272,277
S01002448,408,231,177
S01002449,345,258,87
S01002450,615,221,394
S01002451,868,494,374
S01002452,446,227,219
S01002453,643,439,204
S01002454,644,412,232
S01002455,489,301,188
S01002456,827,342,485
S01002457,639,355,284
S01002458,683,313,370
S01002459,460,140,320
S01002460,660,298,362
S01002461,351,253,98
S01002462,566,215,351
S01002463,761,308,453
S01002464,444,224,220
S01002465,474,304,170
S01002466,811,423,388
S01002467,397,185,212
S01002468,532,199,333
S01002469,529,295,234
S01002470,668,327,341
S01002471,436,234,202
S01002472,459,164,295
S01002473,682,296,386
S01002474,399,126,273
S01002475,434,226,208
S01002476,675,360,315
S01002477,712,384,328
S01002478,714,393,321
S01002479,553,250,303
S01002480,475,242,233
S01002481,803,427,376
S01002482,666,284,382
S01002483,585,183,402
S01002484,671,314,357
S01002485,736,463,273
S01002486,457,184,273
S01002487,372,190,182
S01002488,567,241,326
S01002489,449,182,267
S01002490,538,315,223
S01002491,426,243,183
S01002492,537,351,186
S01002493,771,418,353
S01002494,546,337,209
S01002495,552,256,296
S01002496,550,344,206
S01002497,556,181,375
S01002498,561,387,174
S01002499,746,333,413
S01002500,473,198,275
S01002501,413,238,175
S01002502,688,330,358
S01002503,505,244,261
S01002504,765,438,327
S01002505,632,296,336
S01002506,683,376,307
S01002507,541,230,311
S01002508,687,412,275
S01002509,802,385,417
S01002510,850,510,340
S01002511,416,255,161
S01002512,469,165,304
S01002513,679,317,362
S01002514,499,206,293
S01002515,511,206,305
S01002516,637,352,285
S01002517,494,249,245
S01002518,575,370,205
S01002519,680,199,481
S01002520,411,145,266
S01002521,488,265,223
S01002522,584,372,212
S01002523,599,423,176
S01002524,499,198,301
S01002525,542,195,347
S01002526,459,312,147
S01002527,596,385,211
S01002528,637,400,237
S01002529,672,287,385
S01002530,598,286,312
S01002531,613,304,309
S01002532,624,320,304
S01002533,611,271,340
S01002534,758,386,372
S01002535,406,179,227
S01002536,412,162,250
S01002537,432,207,225
S01002538,771,479,292
S01002539,690,279,411
S01002540,418,152,266
S01002541,760,466,294
S01002542,457,222,235
S01002543,452,147,305
S01002544,612,293,319
S01002545,538,262,276
S01002546,551,294,257
S01002547,479,285,194
S01002548,819,488,331
S01002549,448,332,116
S01002550,421,276,145
S01002551,471,278,193
S01002552,468,253,215
S01002553,671,318,353
S01002554,434,326,108
S01002555,623,342,281
S01002556,588,296,292
S01002557,667,336,331
S01002558,418,212,206
S01002559,553,362,191
S01002560,438,232,206
S01002561,523,247,276
S01002562,538,319,219
S01002563,984,467,517
S01002564,509,339,170
S01002565,701,388,313
S01002566,574,434,140
S01002567,403,296,107
S01002568,626,321,305
S01002569,772,424,348
S01002570,465,293,172
S01002571,482,242,240
S01002572,471,306,165
S01002573,417,234,183
S01002574,660,263,397
S01002575,582,272,310
S01002576,603,361,242
S01002577,713,277,436
S01002578,634,459,175
S01002579,708,371,337
S01002580,605,295,310
S01002581,534,399,135
S01002582,599,306,293
S01002583,508,278,230
S01002584,533,315,218
S01002585,728,380,348
S01002586,451,264,187
S01002587,584,333,251
S01002588,631,403,228
S01002589,649,422,227
S01002590,631,449,182
S01002591,477,246,231
S01002592,676,318,358
S01002593,604,320,284
S01002594,499,355,144
S01002595,507,256,251
S01002596,601,424,177
S01002597,365,202,163
S01002598,724,408,316
S01002599,437,258,179
S01002600,638,461,177
S01002601,530,271,259
S01002602,408,231,177
S01002603,589,253,336
S01002604,801,558,243
S01002605,487,247,240
S01002606,467,244,223
S01002607,698,355,343
S01002608,449,303,146
S01002609,671,338,333
S01002610,738,403,335
S01002611,638,390,248
S01002612,672,431,241
S01002613,748,477,271
S01002614,735,422,313
S01002615,352,211,141
S01002616,484,371,113
S01002617,715,355,360
S01002618,599,223,376
S01002619,620,393,227
S01002620,700,289,411
S01002621,526,361,165
S01002622,666,464,202
S01002623,531,344,187
S01002624,564,395,169
S01002625,693,492,201
S01002626,560,290,270
S01002627,827,558,269
S01002628,585,415,170
S01002629,679,414,265
S01002630,541,265,276
S01002631,611,397,214
S01002632,480,283,197
S01002633,778,446,332
S01002634,637,403,234
S01002635,475,315,160
S01002636,439,256,183
S01002637,649,320,329
S01002638,545,249,296
S01002639,747,494,253
S01002640,606,375,231
S01002641,733,486,247
S01002642,483,227,256
S01002643,453,205,248
S01002644,586,371,215
S01002645,514,281,233
S01002646,566,194,372
S01002647,727,359,368
S01002648,605,393,212
S01002649,564,286,278
S01002650,571,394,177
S01002651,518,266,252
S01002652,557,354,203
S01002653,613,243,370
S01002654,603,291,312
S01002655,543,228,315
S01002656,535,189,346
S01002657,690,377,313
S01002658,850,276,574
S01002659,753,491,262
S01002660,668,321,347
S01002661,713,342,371
S01002662,656,352,304
S01002663,550,352,198
S01002664,739,496,243
S01002665,648,408,240
S01002666,682,360,322
S01002667,515,236,279
S01002668,427,240,187
S01002669,748,299,449
S01002670,499,340,159
S01002671,844,274,570
S01002672,481,205,276
S01002673,446,166,280
S01002674,603,354,249
S01002675,791,552,239
S01002676,702,386,316
S01002677,796,237,559
S01002678,804,520,284
S01002679,808,298,510
S01002680,816,298,518
S01002681,639,369,270
S01002682,448,217,231
S01002683,526,329,197
S01002684,624,282,342
S01002685,739,228,511
S01002686,705,450,255
S01002687,666,380,286
S01002688,568,379,189
S01002689,567,374,193
S01002690,471,356,115
S01002691,884,512,372
S01002692,731,456,275
S01002693,339,229,110
S01002694,562,287,275
S01002695,520,313,207
S01002696,620,330,290
S01002697,748,486,262
S01002698,606,328,278
S01002699,398,225,173
S01002700,663,285,378
S01002701,715,505,210
S01002702,512,178,334
S01002703,704,348,356
S01002704,572,318,254
S01002705,587,287,300
S01002706,637,266,371
S01002707,663,314,349
S01002708,570,293,277
S01002709,526,201,325
S01002710,485,297,188
S01002711,704,368,336
S01002712,648,366,282
S01002713,689,285,404
S01002714,708,309,399
S01002715,762,381,381
S01002716,475,318,157
S01002717,634,361,273
S01002718,672,284,388
S01002719,603,368,235
S01002720,660,467,193
S01002721,654,272,382
S01002722,569,234,335
S01002723,569,282,287
S01002724,721,316,405
S01002725,751,421,330
S01002726,665,333,332
S01002727,771,497,274
S01002728,715,326,389
S01002729,720,475,245
S01002730,656,231,425
S01002731,651,345,306
S01002732,597,168,429
S01002733,559,335,224
S01002734,803,379,424
S01002735,867,316,551
S01002736,598,361,237
S01002737,625,228,397
S01002738,558,317,241
S01002739,657,453,204
S01002740,417,301,116
S01002741,743,328,415
S01002742,700,356,344
S01002743,466,149,317
S01002744,474,325,149
S01002745,466,168,298
S01002746,670,403,267
S01002747,475,217,258
S01002748,512,187,325
S01002749,561,225,336
S01002750,730,346,384
S01002751,748,355,393
S01002752,457,272,185
S01002753,557,413,144
S01002754,494,292,202
S01002755,580,205,375
S01002756,710,233,477
S01002757,476,294,182
S01002758,591,265,326
S01002759,544,230,314
S01002760,425,201,224
S01002761,654,266,388
S01002762,516,213,303
S01002763,700,337,363
S01002764,498,198,300
S01002765,598,197,401
S01002766,737,293,444
S01002767,771,468,303
S01002768,692,390,302
S01002769,629,366,263
S01002770,460,224,236
S01002771,595,247,348
S01002772,860,508,352
S01002773,770,411,359
S01002774,643,275,368
S01002775,581,299,282
S01002776,498,264,234
S01002777,806,410,396
S01002778,615,209,406
S01002779,483,121,362
S01002780,651,288,363
S01002781,793,450,343
S01002782,742,371,371
S01002783,626,323,303
S01002784,416,206,210
S01002785,526,232,294
S01002786,591,423,168
S01002787,597,343,254
S01002788,638,388,250
S01002789,627,449,178
S01002790,672,273,399
S01002791,488,195,293
S01002792,745,440,305
S01002793,666,261,405
S01002794,709,400,309
S01002795,541,376,165
S01002796,479,284,195
S01002797,681,461,220
S01002798,444,231,213
S01002799,519,209,310
S01002800,637,441,196
S01002801,767,410,357
S01002802,520,400,120
S01002803,681,391,290
S01002804,430,198,232
S01002805,705,352,353
S01002806,504,271,233
S01002807,592,295,297
S01002808,653,286,367
S01002809,565,301,264
S01002810,821,391,430
S01002811,802,445,357
S01002812,505,291,214
S01002813,610,282,328
S01002814,602,322,280
S01002815,602,263,339
S01002816,422,235,187
S01002817,455,245,210
S01002818,471,238,233
S01002819,605,254,351
S01002820,667,317,350
S01002821,788,367,421
S01002822,646,334,312
S01002823,636,233,403
S01002824,640,350,290
S01002825,797,346,451
S01002826,453,224,229
S01002827,534,241,293
S01002828,473,221,252
S01002829,689,329,360
S01002830,541,249,292
S01002831,674,364,310
S01002832,616,342,274
S01002833,904,623,281
S01002834,723,388,335
S01002835,608,295,313
S01002836,453,241,212
S01002837,516,193,323
S01002838,490,264,226
S01002839,445,216,229
S01002840,567,310,257
S01002841,529,343,186
S01002842,505,194,311
S01002843,631,275,356
S01002844,525,325,200
S01002845,618,273,345
S01002846,736,441,295
S01002847,750,413,337
S01002848,649,327,322
S01002849,810,470,340
S01002850,743,367,376
S01002851,423,237,186
S01002852,727,363,364
S01002853,317,127,190
S01002854,652,354,298
S01002855,450,210,240
S01002856,619,229,390
S01002857,414,268,146
S01002858,399,267,132
S01002859,626,314,312
S01002860,723,408,315
S01002861,766,395,371
S01002862,481,293,188
S01002863,618,339,279
S01002864,470,243,227
S01002865,708,379,329
S01002866,862,383,479
S01002867,446,296,150
S01002868,597,265,332
S01002869,450,259,191
S01002870,766,435,331
S01002871,487,285,202
S01002872,530,249,281
S01002873,614,332,282
S01002874,690,299,391
S01002875,503,226,277
S01002876,524,237,287
S01002877,611,262,349
S01002878,453,280,173
S01002879,690,421,269
S01002880,428,257,171
S01002881,711,324,387
S01002882,663,256,407
S01002883,919,480,439
S01002884,667,386,281
S01002885,603,365,238
S01002886,528,311,217
S01002887,480,261,219
S01002888,510,295,215
S01002889,664,330,334
S01002890,528,233,295
S01002891,642,339,303
S01002892,539,300,239
S01002893,611,315,296
S01002894,635,376,259
S01002895,526,221,305
S01002896,587,362,225
S01002897,468,174,294
S01002898,842,444,398
S01002899,411,302,109
S01002900,553,256,297
S01002901,659,414,245
S01002902,627,326,301
S01002903,706,303,403
S01002904,524,296,228
S01002905,621,319,302
S01002906,646,317,329
S01002907,487,253,234
S01002908,677,470,207
S01002909,610,352,258
S01002910,580,273,307
S01002911,699,386,313
S01002912,846,583,263
S01002913,693,458,235
S01002914,525,175,350
S01002915,812,394,418
S01002916,645,288,357
S01002917,540,320,220
S01002918,633,364,269
S01002919,638,261,377
S01002920,524,278,246
S01002921,534,296,238
S01002922,443,253,190
S01002923,556,279,277
S01002924,567,341,226
S01002925,834,434,400
S01002926,589,260,329
S01002927,589,285,304
S01002928,447,309,138
S01002929,614,338,276
S01002930,507,316,191
S01002931,595,352,243
S01002932,577,392,185
S01002933,734,392,342
S01002934,716,371,345
S01002935,652,350,302
S01002936,545,367,178
S01002937,504,274,230
S01002938,655,313,342
S01002939,434,291,143
S01002940,442,279,163
S01002941,786,494,292
S01002942,408,247,161
S01002943,434,262,172
S01002944,773,462,311
S01002945,476,301,175
S01002946,511,320,191
S01002947,384,235,149
S01002948,663,411,252
S01002949,397,250,147
S01002950,600,357,243
S01002951,732,459,273
S01002952,509,297,212
S01002953,732,415,317
S01002954,697,406,291
S01002955,819,504,315
S01002956,605,354,251
S01002957,737,498,239
S01002958,462,283,179
S01002959,785,492,293
S01002960,567,345,222
S01002961,634,362,272
S01002962,483,232,251
S01002963,607,305,302
S01002964,670,405,265
S01002965,666,394,272
S01002966,695,318,377
S01002967,671,420,251
S01002968,586,355,231
S01002969,756,517,239
S01002970,458,292,166
S01002971,836,571,265
S01002972,731,306,425
S01002973,743,419,324
S01002974,421,287,134
S01002975,455,146,309
S01002976,706,223,483
S01002977,576,305,271
S01002978,921,568,353
S01002979,573,333,240
S01002980,651,336,315
S01002981,665,433,232
S01002982,582,399,183
S01002983,690,342,348
S01002984,656,399,257
S01002985,503,336,167
S01002986,615,259,356
S01002987,519,229,290
S01002988,593,378,215
S01002989,839,277,562
S01002990,537,136,401
S01002991,681,450,231
S01002992,618,237,381
S01002993,706,316,390
S01002994,1001,190,811
S01002995,734,39,695
S01002996,1006,157,849
S01002997,640,113,527
S01002998,610,349,261
S01002999,870,114,756
S01003000,763,316,447
S01003001,515,286,229
S01003002,635,318,317
S01003003,466,270,196
S01003004,438,254,184
S01003005,448,297,151
S01003006,597,381,216
S01003007,573,386,187
S01003008,707,317,390
S01003009,438,256,182
S01003010,501,335,166
S01003011,346,272,74
S01003012,809,500,309
S01003013,469,308,161
S01003014,505,347,158
S01003015,592,389,203
S01003016,375,226,149
S01003017,534,314,220
S01003018,648,332,316
S01003019,643,311,332
S01003020,495,237,258
S01003021,547,308,239
S01003022,768,474,294
S01003023,637,446,191
S01003024,514,261,253
S01003025,604,369,235
S01003026,526,238,288
S01003027,885,489,396
S01003028,618,213,405
S01003029,603,194,409
S01003030,626,189,437
S01003032,383,112,271
S01003033,395,99,296
S01003034,714,386,328
S01003035,550,176,374
S01003036,631,155,476
S01003037,623,319,304
S01003038,661,430,231
S01003039,661,231,430
S01003040,714,288,426
S01003041,543,346,197
S01003042,435,119,316
S01003043,370,72,298
S01003044,690,176,514
S01003045,605,200,405
S01003046,522,210,312
S01003047,790,265,525
S01003048,395,119,276
S01003049,451,116,335
S01003050,641,423,218
S01003051,707,234,473
S01003052,639,237,402
S01003053,692,332,360
S01003054,733,343,390
S01003055,662,244,418
S01003056,625,147,478
S01003057,531,268,263
S01003058,556,187,369
S01003059,651,403,248
S01003060,480,142,338
S01003061,695,428,267
S01003062,777,322,455
S01003063,604,296,308
S01003064,741,255,486
S01003065,825,257,568
S01003066,753,493,260
S01003067,529,343,186
S01003068,712,398,314
S01003069,492,213,279
S01003070,657,266,391
S01003071,550,329,221
S01003072,785,311,474
S01003073,574,291,283
S01003074,603,379,224
S01003075,549,266,283
S01003076,681,152,529
S01003077,846,284,562
S01003078,583,306,277
S01003079,734,405,329
S01003080,642,313,329
S01003081,686,423,263
S01003082,463,162,301
S01003083,781,285,496
S01003084,751,297,454
S01003085,832,445,387
S01003086,533,306,227
S01003087,488,257,231
S01003088,723,217,506
S01003089,476,283,193
S01003090,638,305,333
S01003091,495,228,267
S01003092,644,271,373
S01003093,827,290,537
S01003094,851,386,465
S01003095,644,420,224
S01003096,589,344,245
S01003097,209,76,133
S01003098,905,178,727
S01003099,474,169,305
S01003100,697,271,426
S01003101,468,180,288
S01003102,614,388,226
S01003103,628,384,244
S01003104,879,328,551
S01003105,593,323,270
S01003106,588,304,284
S01003107,605,193,412
S01003108,661,159,502
S01003109,811,473,338
S01003110,668,400,268
S01003111,703,232,471
S01003112,773,416,357
S01003113,585,348,237
S01003114,735,399,336
S01003115,450,227,223
S01003116,791,197,594
S01003117,714,201,513
S01003118,396,106,290
S01003119,530,256,274
S01003120,812,519,293
S01003121,757,272,485
S01003122,629,298,331
S01003123,713,394,319
S01003124,732,176,556
S01003125,686,228,458
S01003126,148,45,103
S01003127,660,337,323
S01003128,680,177,503
S01003129,980,312,668
S01003130,671,230,441
S01003131,722,218,504
S01003132,513,61,452
S01003133,1042,364,678
S01003134,583,219,364
S01003135,638,265,373
S01003136,689,188,501
S01003137,575,194,381
S01003138,906,239,667
S01003139,893,253,640
S01003140,721,188,533
S01003141,675,187,488
S01003142,626,206,420
S01003143,750,257,493
S01003144,745,324,421
S01003145,636,305,331
S01003146,608,118,490
S01003147,787,366,421
S01003148,606,299,307
S01003149,832,194,638
S01003150,606,188,418
S01003151,637,329,308
S01003152,814,320,494
S01003153,641,357,284
S01003154,763,184,579
S01003155,836,515,321
S01003156,736,205,531
S01003157,879,273,606
S01003158,392,67,325
S01003159,177,68,109
S01003160,537,217,320
S01003161,505,225,280
S01003162,558,214,344
S01003163,552,299,253
S01003164,743,304,439
S01003165,832,298,534
S01003166,599,142,457
S01003167,628,222,406
S01003168,761,219,542
S01003169,849,422,427
S01003170,753,432,321
S01003171,480,280,200
S01003172,584,186,398
S01003173,406,115,291
S01003174,646,214,432
S01003175,677,172,505
S01003176,682,158,524
S01003177,882,411,471
S01003178,512,157,355
S01003179,537,221,316
S01003180,548,337,211
S01003181,719,271,448
S01003182,537,156,381
S01003183,552,167,385
S01003184,623,178,445
S01003185,454,145,309
S01003186,757,366,391
S01003187,762,243,519
S01003188,681,180,501
S01003189,704,211,493
S01003190,630,158,472
S01003191,417,131,286
S01003192,665,128,537
S01003193,468,246,222
S01003194,663,265,398
S01003195,689,378,311
S01003196,769,441,328
S01003197,569,310,259
S01003198,714,230,484
S01003199,674,371,303
S01003200,632,201,431
S01003201,186,77,109
S01003202,269,71,198
S01003203,729,329,400
S01003204,743,293,450
S01003205,614,196,418
S01003206,643,206,437
S01003207,602,250,352
S01003208,656,156,500
S01003209,486,243,243
S01003210,738,370,368
S01003211,661,286,375
S01003212,586,338,248
S01003213,416,192,224
S01003214,670,327,343
S01003215,738,261,477
S01003216,625,269,356
S01003217,567,124,443
S01003218,591,272,319
S01003219,643,277,366
S01003220,594,280,314
S01003221,643,198,445
S01003222,571,284,287
S01003223,751,149,602
S01003224,618,397,221
S01003225,691,258,433
S01003226,579,202,377
S01003227,685,287,398
S01003228,759,265,494
S01003229,823,459,364
S01003230,691,324,367
S01003231,809,335,474
S01003232,645,194,451
S01003233,797,531,266
S01003234,692,368,324
S01003235,665,317,348
S01003236,590,254,336
S01003237,840,370,470
S01003238,601,249,352
S01003239,786,345,441
S01003240,572,273,299
S01003241,700,417,283
S01003242,849,378,471
S01003243,727,332,395
S01003244,843,366,477
S01003245,734,190,544
S01003246,888,224,664
S01003247,539,151,388
S01003248,701,221,480
S01003249,598,187,411
S01003250,489,223,266
S01003251,687,179,508
S01003252,584,375,209
S01003253,655,162,493
S01003254,485,139,346
S01003255,756,256,500
S01003256,667,194,473
S01003257,626,346,280
S01003258,756,459,297
S01003259,860,435,425
S01003260,632,391,241
S01003261,805,523,282
S01003262,597,162,435
S01003263,622,163,459
S01003264,523,209,314
S01003265,622,314,308
S01003266,660,292,368
S01003267,866,287,579
S01003268,704,200,504
S01003269,747,239,508
S01003270,643,180,463
S01003271,731,191,540
S01003272,700,180,520
S01003273,603,161,442
S01003274,477,150,327
S01003275,831,303,528
S01003276,617,394,223
S01003277,570,272,298
S01003278,708,354,354
S01003279,322,66,256
S01003280,782,354,428
S01003281,429,171,258
S01003282,698,387,311
S01003283,605,336,269
S01003284,820,299,521
S01003285,319,73,246
S01003286,920,323,597
S01003287,392,84,308
S01003288,633,400,233
S01003289,243,76,167
S01003290,629,255,374
S01003291,661,216,445
S01003292,614,359,255
S01003293,725,196,529
S01003294,718,267,451
S01003295,849,521,328
S01003296,483,113,370
S01003297,432,106,326
S01003298,846,405,441
S01003299,300,51,249
S01003300,657,341,316
S01003301,591,166,425
S01003302,519,82,437
S01003303,837,140,697
S01003304,634,206,428
S01003305,612,212,400
S01003306,825,322,503
S01003307,913,346,567
S01003308,722,270,452
S01003309,589,128,461
S01003310,666,292,374
S01003311,629,391,238
S01003312,502,185,317
S01003313,785,230,555
S01003314,489,112,377
S01003315,534,148,386
S01003316,558,132,426
S01003317,517,229,288
S01003318,692,401,291
S01003320,519,174,345
S01003321,643,382,261
S01003322,710,142,568
S01003323,506,280,226
S01003324,480,149,331
S01003325,628,333,295
S01003326,680,233,447
S01003327,551,174,377
S01003328,571,84,487
S01003329,680,348,332
S01003330,679,444,235
S01003331,557,182,375
S01003332,347,148,199
S01003333,814,191,623
S01003334,681,239,442
S01003335,528,86,442
S01003336,755,298,457
S01003337,754,254,500
S01003338,750,315,435
S01003339,627,292,335
S01003340,912,358,554
S01003341,549,367,182
S01003342,544,120,424
S01003343,441,99,342
S01003344,408,112,296
S01003345,832,322,510
S01003346,739,312,427
S01003347,644,151,493
S01003348,702,191,511
S01003349,656,199,457
S01003350,525,185,340
S01003351,915,191,724
S01003352,670,228,442
S01003353,540,137,403
S01003354,738,308,430
S01003355,744,230,514
S01003356,752,179,573
S01003357,351,49,302
S01003358,835,95,740
S01003359,710,423,287
S01003360,584,258,326
S01003361,619,202,417
S01003362,668,255,413
S01003363,674,286,388
S01003364,488,128,360
S01003365,566,154,412
S01003366,536,68,468
S01003367,863,159,704
S01003368,959,111,848
S01003369,660,264,396
S01003370,678,169,509
S01003371,652,184,468
S01003372,588,233,355
S01003373,620,103,517
S01003374,362,93,269
S01003375,641,276,365
S01003376,400,103,297
S01003377,644,264,380
S01003378,611,139,472
S01003379,448,116,332
S01003380,666,189,477
S01003381,584,285,299
S01003382,622,165,457
S01003383,820,342,478
S01003384,865,391,474
S01003385,761,201,560
S01003386,614,232,382
S01003387,625,129,496
S01003388,834,221,613
S01003389,785,148,637
S01003390,676,152,524
S01003391,714,175,539
S01003392,684,221,463
S01003393,936,355,581
S01003394,533,161,372
S01003395,645,206,439
S01003396,665,112,553
S01003397,577,122,455
S01003398,671,251,420
S01003399,1508,154,1354
S01003400,612,276,336
S01003401,578,162,416
S01003402,474,111,363
S01003403,672,113,559
S01003404,397,134,263
S01003405,682,295,387
S01003406,621,176,445
S01003407,653,280,373
S01003408,521,126,395
S01003409,741,215,526
S01003410,727,126,601
S01003411,664,237,427
S01003412,724,256,468
S01003413,568,242,326
S01003414,411,148,263
S01003415,1157,143,1014
S01003416,832,209,623
S01003417,714,241,473
S01003418,784,236,548
S01003419,738,236,502
S01003420,355,87,268
S01003421,473,177,296
S01003422,665,167,498
S01003423,533,93,440
S01003424,800,149,651
S01003425,830,152,678
S01003426,898,234,664
S01003427,813,315,498
S01003428,521,76,445
S01003429,893,74,819
S01003430,695,116,579
S01003431,622,189,433
S01003432,860,127,733
S01003433,922,125,797
S01003434,741,251,490
S01003435,472,119,353
S01003436,471,233,238
S01003437,578,83,495
S01003438,843,126,717
S01003439,882,213,669
S01003440,392,167,225
S01003441,850,169,681
S01003442,577,143,434
S01003443,743,178,565
S01003444,517,163,354
S01003445,625,198,427
S01003446,495,77,418
S01003447,1627,241,1386
S01003448,655,248,407
S01003449,800,125,675
S01003450,721,131,590
S01003451,695,162,533
S01003452,956,284,672
S01003453,651,159,492
S01003454,593,177,416
S01003455,476,133,343
S01003456,253,44,209
S01003457,781,172,609
S01003458,697,233,464
S01003459,649,207,442
S01003460,833,145,688
S01003461,652,285,367
S01003462,434,145,289
S01003463,643,177,466
S01003464,842,123,719
S01003465,702,153,549
S01003466,628,149,479
S01003467,670,296,374
S01003468,645,121,524
S01003469,745,200,545
S01003470,748,84,664
S01003471,523,148,375
S01003472,613,172,441
S01003473,850,236,614
S01003474,663,124,539
S01003475,688,141,547
S01003476,549,267,282
S01003477,879,149,730
S01003478,697,151,546
S01003479,737,161,576
S01003480,514,133,381
S01003481,886,203,683
S01003482,543,126,417
S01003483,498,176,322
S01003484,816,170,646
S01003485,890,159,731
S01003486,580,188,392
S01003487,888,145,743
S01003488,597,204,393
S01003489,758,237,521
S01003490,551,158,393
S01003491,110,37,73
S01003492,713,199,514
S01003493,600,166,434
S01003494,707,158,549
S01003495,593,222,371
S01003496,805,196,609
S01003497,864,236,628
S01003498,877,312,565
S01003499,911,213,698
S01003500,469,114,355
S01003501,580,83,497
S01003502,455,141,314
S01003503,612,121,491
S01003504,668,100,568
S01003506,875,189,686
S01003507,482,61,421
S01003508,721,209,512
S01003509,770,243,527
S01003510,302,95,207
S01003511,847,325,522
S01003512,548,208,340
S01003513,656,95,561
S01003514,730,133,597
S01003515,578,194,384
S01003516,574,314,260
S01003517,597,118,479
S01003518,798,198,600
S01003519,475,77,398
S01003520,615,179,436
S01003521,507,68,439
S01003522,700,171,529
S01003523,509,206,303
S01003524,901,360,541
S01003525,881,224,657
S01003526,829,229,600
S01003527,703,400,303
S01003528,422,208,214
S01003529,375,203,172
S01003530,731,184,547
S01003531,665,168,497
S01003532,827,470,357
S01003533,284,35,249
S01003534,795,259,536
S01003535,589,175,414
S01003536,903,365,538
S01003537,712,193,519
S01003538,533,183,350
S01003539,824,376,448
S01003540,432,105,327
S01003541,561,95,466
S01003542,727,276,451
S01003543,452,119,333
S01003544,475,154,321
S01003545,869,253,616
S01003546,693,194,499
S01003547,683,160,523
S01003549,544,185,359
S01003550,557,327,230
S01003551,611,212,399
S01003552,820,211,609
S01003553,544,153,391
S01003554,698,170,528
S01003555,718,196,522
S01003556,532,330,202
S01003557,558,119,439
S01003558,825,335,490
S01003559,681,395,286
S01003560,880,461,419
S01003561,831,161,670
S01003562,489,129,360
S01003563,474,185,289
S01003564,556,178,378
S01003565,695,240,455
S01003566,696,126,570
S01003567,679,171,508
S01003568,650,278,372
S01003569,546,313,233
S01003570,609,356,253
S01003571,693,206,487
S01003572,733,194,539
S01003573,774,318,456
S01003574,818,231,587
S01003575,689,206,483
S01003576,760,236,524
S01003577,608,304,304
S01003578,208,66,142
S01003579,458,108,350
S01003580,731,169,562
S01003581,1675,179,1496
S01003582,491,92,399
S01003583,431,145,286
S01003584,506,138,368
S01003585,499,101,398
S01003586,747,282,465
S01003587,755,521,234
S01003588,546,313,233
S01003589,1096,451,645
S01003590,545,120,425
S01003591,939,473,466
S01003592,640,133,507
S01003593,576,245,331
S01003594,854,417,437
S01003595,556,114,442
S01003596,724,157,567
S01003597,566,318,248
S01003598,610,273,337
S01003599,536,231,305
S01003600,720,246,474
S01003601,605,153,452
S01003602,603,289,314
S01003603,680,218,462
S01003604,718,151,567
S01003605,521,134,387
S01003606,755,340,415
S01003607,447,222,225
S01003608,458,200,258
S01003609,865,443,422
S01003610,572,142,430
S01003611,654,190,464
S01003612,827,291,536
S01003613,643,347,296
S01003614,477,219,258
S01003615,378,103,275
S01003616,529,322,207
S01003617,765,189,576
S01003618,642,316,326
S01003619,702,212,490
S01003620,793,356,437
S01003621,860,362,498
S01003622,668,312,356
S01003623,739,437,302
S01003624,890,275,615
S01003625,335,90,245
S01003626,676,374,302
S01003627,474,128,346
S01003628,612,223,389
S01003629,710,250,460
S01003630,651,265,386
S01003631,644,283,361
S01003632,628,258,370
S01003633,778,272,506
S01003634,927,374,553
S01003635,536,97,439
S01003636,853,331,522
S01003637,651,231,420
S01003638,649,256,393
S01003639,689,313,376
S01003640,812,271,541
S01003641,547,379,168
S01003642,716,315,401
S01003643,477,180,297
S01003644,723,251,472
S01003645,487,220,267
S01003646,531,82,449
S01003647,618,240,378
S01003648,704,190,514
S01003649,871,442,429
S01003650,560,203,357
S01003651,638,249,389
S01003652,505,149,356
S01003653,611,225,386
S01003654,903,251,652
S01003655,660,241,419
S01003656,429,163,266
S01003657,721,260,461
S01003658,723,386,337
S01003659,690,254,436
S01003660,653,398,255
S01003661,670,309,361
S01003662,504,193,311
S01003663,486,132,354
S01003664,463,185,278
S01003665,506,77,429
S01003666,554,168,386
S01003667,726,423,303
S01003668,693,268,425
S01003669,503,224,279
S01003670,703,213,490
S01003671,579,211,368
S01003672,614,179,435
S01003673,231,67,164
S01003674,704,282,422
S01003675,578,262,316
S01003676,372,110,262
S01003677,624,276,348
S01003678,566,295,271
S01003679,819,280,539
S01003680,634,256,378
S01003681,522,223,299
S01003682,878,446,432
S01003683,511,211,300
S01003684,645,262,383
S01003685,448,214,234
S01003686,776,316,460
S01003687,541,121,420
S01003688,777,339,438
S01003689,449,120,329
S01003690,861,272,589
S01003691,863,429,434
S01003692,872,367,505
S01003693,506,193,313
S01003694,716,389,327
S01003695,794,206,588
S01003696,929,360,569
S01003697,792,510,282
S01003698,811,395,416
S01003699,748,436,312
S01003700,890,442,448
S01003701,846,269,577
S01003702,591,186,405
S01003703,825,293,532
S01003704,574,216,358
S01003705,600,180,420
S01003706,526,133,393
S01003707,518,115,403
S01003708,456,70,386
S01003709,742,163,579
S01003710,716,227,489
S01003711,581,124,457
S01003712,595,216,379
S01003713,403,131,272
S01003714,578,211,367
S01003715,621,201,420
S01003716,404,89,315
S01003717,582,136,446
S01003718,368,97,271
S01003719,464,294,170
S01003720,757,406,351
S01003721,617,296,321
S01003722,750,336,414
S01003723,463,264,199
S01003724,651,300,351
S01003725,532,279,253
S01003726,541,288,253
S01003727,533,292,241
S01003728,397,205,192
S01003729,519,234,285
S01003730,441,185,256
S01003731,469,178,291
S01003732,649,343,306
S01003733,653,305,348
S01003734,569,285,284
S01003735,618,372,246
S01003736,646,360,286
S01003737,504,270,234
S01003738,540,349,191
S01003739,435,238,197
S01003740,469,281,188
S01003741,680,387,293
S01003742,427,251,176
S01003743,479,309,170
S01003744,500,285,215
S01003745,568,288,280
S01003746,617,382,235
S01003747,824,471,353
S01003748,504,263,241
S01003749,637,375,262
S01003750,453,281,172
S01003751,803,315,488
S01003752,672,349,323
S01003753,719,435,284
S01003754,690,314,376
S01003755,575,284,291
S01003756,616,355,261
S01003757,478,279,199
S01003758,622,348,274
S01003759,499,309,190
S01003760,583,351,232
S01003761,669,360,309
S01003762,594,390,204
S01003763,756,367,389
S01003764,664,393,271
S01003765,570,284,286
S01003766,497,242,255
S01003767,609,277,332
S01003768,476,267,209
S01003769,541,287,254
S01003770,504,329,175
S01003771,551,317,234
S01003772,480,276,204
S01003773,552,304,248
S01003774,497,303,194
S01003775,630,381,249
S01003776,452,284,168
S01003777,725,457,268
S01003778,400,274,126
S01003779,385,247,138
S01003780,754,464,290
S01003781,522,285,237
S01003782,439,272,167
S01003783,859,410,449
S01003784,465,278,187
S01003785,678,421,257
S01003786,765,498,267
S01003787,503,329,174
S01003788,607,384,223
S01003789,379,268,111
S01003790,452,215,237
S01003791,515,214,301
S01003792,568,278,290
S01003793,424,163,261
S01003794,620,331,289
S01003795,471,308,163
S01003796,486,186,300
S01003797,810,340,470
S01003798,658,418,240
S01003799,646,397,249
S01003800,526,241,285
S01003801,646,328,318
S01003802,635,376,259
S01003803,551,321,230
S01003804,497,197,300
S01003805,808,303,505
S01003806,558,286,272
S01003807,743,473,270
S01003808,537,221,316
S01003809,604,296,308
S01003810,772,450,322
S01003811,563,371,192
S01003812,772,314,458
S01003813,760,480,280
S01003814,679,421,258
S01003815,643,242,401
S01003816,670,423,247
S01003817,724,327,397
S01003818,649,279,370
S01003819,482,340,142
S01003820,877,303,574
S01003821,668,287,381
S01003822,622,251,371
S01003823,765,388,377
S01003824,603,197,406
S01003825,512,422,90
S01003826,600,275,325
S01003827,676,339,337
S01003828,569,347,222
S01003829,527,241,286
S01003830,647,280,367
S01003831,535,284,251
S01003832,715,343,372
S01003833,474,130,344
S01003834,546,266,280
S01003835,440,225,215
S01003836,534,189,345
S01003837,671,290,381
S01003838,424,246,178
S01003839,543,195,348
S01003840,592,304,288
S01003841,475,265,210
S01003842,456,293,163
S01003843,528,335,193
S01003844,622,406,216
S01003845,776,268,508
S01003846,676,394,282
S01003847,473,241,232
S01003848,548,363,185
S01003849,628,137,491
S01003850,435,228,207
S01003851,675,458,217
S01003852,459,261,198
S01003853,682,147,535
S01003854,487,219,268
S01003855,718,235,483
S01003856,533,234,299
S01003857,580,351,229
S01003858,468,233,235
S01003859,431,298,133
S01003860,480,104,376
S01003861,664,304,360
S01003862,401,122,279
S01003863,533,386,147
S01003864,744,477,267
S01003865,609,346,263
S01003866,630,367,263
S01003867,818,427,391
S01003868,516,328,188
S01003869,564,290,274
S01003870,663,389,274
S01003871,632,403,229
S01003872,668,476,192
S01003873,813,469,344
S01003874,735,327,408
S01003875,403,267,136
S01003876,502,306,196
S01003877,444,297,147
S01003878,746,346,400
S01003879,515,351,164
S01003880,731,404,327
S01003881,599,384,215
S01003882,431,176,255
S01003883,418,241,177
S01003884,572,285,287
S01003885,524,288,236
S01003886,440,241,199
S01003887,653,278,375
S01003888,485,312,173
S01003889,478,234,244
S01003890,536,358,178
S01003891,627,372,255
S01003892,467,274,193
S01003893,514,297,217
S01003894,677,294,383
S01003895,521,328,193
S01003896,568,366,202
S01003897,571,360,211
S01003898,666,390,276
S01003899,605,366,239
S01003900,612,266,346
S01003901,499,271,228
S01003902,670,362,308
S01003903,493,309,184
S01003904,610,259,351
S01003905,681,465,216
S01003906,589,280,309
S01003907,600,237,363
S01003908,621,323,298
S01003909,547,373,174
S01003910,506,258,248
S01003911,475,256,219
S01003912,569,304,265
S01003913,553,311,242
S01003914,732,378,354
S01003915,534,296,238
S01003916,622,365,257
S01003917,701,375,326
S01003918,652,345,307
S01003919,461,208,253
S01003920,510,269,241
S01003921,673,334,339
S01003922,603,272,331
S01003923,534,250,284
S01003924,402,133,269
S01003925,561,285,276
S01003926,424,158,266
S01003927,545,330,215
S01003928,655,311,344
S01003929,433,240,193
S01003930,590,321,269
S01003931,671,330,341
S01003932,727,431,296
S01003933,520,292,228
S01003934,706,430,276
S01003935,581,277,304
S01003936,732,424,308
S01003937,625,305,320
S01003938,419,241,178
S01003939,508,325,183
S01003940,652,324,328
S01003941,458,294,164
S01003942,560,279,281
S01003943,547,279,268
S01003944,542,263,279
S01003945,554,347,207
S01003946,672,372,300
S01003947,423,244,179
S01003948,499,307,192
S01003949,500,286,214
S01003950,456,218,238
S01003951,463,271,192
S01003952,430,263,167
S01003953,478,261,217
S01003954,464,270,194
S01003955,508,236,272
S01003956,474,217,257
S01003957,540,256,284
S01003958,610,352,258
S01003959,610,326,284
S01003960,711,397,314
S01003961,476,258,218
S01003962,463,228,235
S01003963,413,248,165
S01003964,380,241,139
S01003965,460,269,191
S01003966,758,436,322
S01003967,422,217,205
S01003968,768,420,348
S01003969,663,316,347
S01003970,488,280,208
S01003971,529,279,250
S01003972,542,301,241
S01003973,419,242,177
S01003974,683,394,289
S01003975,541,330,211
S01003976,571,264,307
S01003977,427,168,259
S01003978,490,193,297
S01003979,462,244,218
S01003980,444,276,168
S01003981,482,236,246
S01003982,569,286,283
S01003983,589,386,203
S01003984,558,282,276
S01003985,611,265,346
S01003986,468,222,246
S01003987,417,237,180
S01003988,430,184,246
S01003989,666,408,258
S01003990,418,218,200
S01003991,483,288,195
S01003992,745,422,323
S01003993,532,316,216
S01003994,528,314,214
S01003995,721,430,291
S01003996,412,266,146
S01003997,709,298,411
S01003998,475,273,202
S01003999,697,418,279
S01004000,646,349,297
S01004001,532,266,266
S01004002,760,347,413
S01004003,444,274,170
S01004004,645,315,330
S01004005,499,291,208
S01004006,443,306,137
S01004007,460,200,260
S01004008,512,316,196
S01004009,539,309,230
S01004010,647,404,243
S01004011,923,559,364
S01004012,591,376,215
S01004013,443,286,157
S01004014,500,303,197
S01004015,731,518,213
S01004016,465,317,148
S01004017,798,473,325
S01004018,598,411,187
S01004019,381,272,109
S01004020,589,345,244
S01004021,563,442,121
S01004022,461,252,209
S01004023,464,300,164
S01004024,758,385,373
S01004025,687,331,356
S01004026,548,278,270
S01004027,644,354,290
S01004028,615,273,342
S01004029,760,367,393
S01004030,623,264,359
S01004031,487,245,242
S01004032,325,111,214
S01004033,691,312,379
S01004034,614,341,273
S01004035,618,294,324
S01004036,569,250,319
S01004037,559,307,252
S01004038,587,281,306
S01004039,298,116,182
S01004040,542,285,257
S01004041,527,229,298
S01004042,524,196,328
S01004043,588,360,228
S01004044,629,206,423
S01004045,493,214,279
S01004046,523,173,350
S01004047,555,262,293
S01004048,752,343,409
S01004049,681,364,317
S01004050,388,129,259
S01004051,476,173,303
S01004052,451,167,284
S01004053,786,378,408
S01004054,791,409,382
S01004055,451,259,192
S01004056,630,292,338
S01004057,725,290,435
S01004058,476,183,293
S01004059,474,205,269
S01004060,413,183,230
S01004061,541,220,321
S01004062,716,421,295
S01004063,607,233,374
S01004064,570,304,266
S01004065,751,251,500
S01004066,457,225,232
S01004067,636,349,287
S01004068,641,275,366
S01004069,487,180,307
S01004070,346,107,239
S01004071,745,344,401
S01004072,961,427,534
S01004073,608,254,354
S01004074,636,266,370
S01004075,401,140,261
S01004076,507,269,238
S01004077,616,366,250
S01004078,629,268,361
S01004079,598,228,370
S01004080,605,236,369
S01004081,503,338,165
S01004082,610,412,198
S01004083,700,239,461
S01004084,706,227,479
S01004085,494,139,355
S01004086,733,208,525
S01004087,398,185,213
S01004088,419,193,226
S01004089,620,298,322
S01004090,313,124,189
S01004091,594,297,297
S01004092,582,218,364
S01004093,503,149,354
S01004094,387,73,314
S01004095,419,207,212
S01004096,556,387,169
S01004097,650,284,366
S01004098,526,333,193
S01004099,623,415,208
S01004100,607,284,323
S01004101,587,251,336
S01004102,621,329,292
S01004103,652,376,276
S01004104,626,426,200
S01004105,633,349,284
S01004106,662,301,361
S01004107,578,354,224
S01004108,660,356,304
S01004109,503,339,164
S01004110,462,227,235
S01004111,722,361,361
S01004112,743,374,369
S01004113,618,354,264
S01004114,578,233,345
S01004115,696,371,325
S01004116,573,315,258
S01004117,616,294,322
S01004118,808,231,577
S01004119,523,205,318
S01004120,616,369,247
S01004121,379,219,160
S01004122,511,329,182
S01004123,411,247,164
S01004124,781,476,305
S01004125,554,341,213
S01004126,575,241,334
S01004127,736,518,218
S01004128,591,423,168
S01004129,668,425,243
S01004130,437,268,169
S01004131,634,265,369
S01004132,444,238,206
S01004133,715,354,361
S01004134,582,419,163
S01004135,534,219,315
S01004136,484,236,248
S01004137,409,282,127
S01004138,548,274,274
S01004139,423,221,202
S01004140,478,271,207
S01004141,575,310,265
S01004142,407,251,156
S01004143,718,409,309
S01004144,650,306,344
S01004145,522,314,208
S01004146,557,349,208
S01004147,613,343,270
S01004148,743,528,215
S01004149,458,242,216
S01004150,451,299,152
S01004151,528,287,241
S01004152,540,271,269
S01004153,614,297,317
S01004154,539,353,186
S01004155,683,321,362
S01004156,640,326,314
S01004157,499,347,152
S01004158,518,232,286
S01004159,323,158,165
S01004160,473,265,208
S01004161,456,234,222
S01004162,533,354,179
S01004163,493,275,218
S01004164,756,406,350
S01004165,748,448,300
S01004166,403,197,206
S01004167,479,244,235
S01004168,541,280,261
S01004169,467,237,230
S01004170,488,261,227
S01004171,497,274,223
S01004172,588,317,271
S01004173,481,272,209
S01004174,593,366,227
S01004175,462,246,216
S01004176,485,319,166
S01004177,377,186,191
S01004178,446,240,206
S01004179,431,264,167
S01004180,610,471,139
S01004181,601,365,236
S01004182,673,300,373
S01004183,724,485,239
S01004184,672,354,318
S01004185,596,297,299
S01004186,559,266,293
S01004187,590,322,268
S01004188,561,253,308
S01004189,437,291,146
S01004190,623,299,324
S01004191,622,310,312
S01004192,684,306,378
S01004193,515,309,206
S01004194,653,336,317
S01004195,486,270,216
S01004196,525,236,289
S01004197,539,232,307
S01004198,617,322,295
S01004199,680,373,307
S01004200,659,437,222
S01004201,629,372,257
S01004202,471,321,150
S01004203,726,379,347
S01004204,634,414,220
S01004205,564,286,278
S01004206,582,328,254
S01004207,586,287,299
S01004208,609,373,236
S01004209,454,272,182
S01004210,611,312,299
S01004211,559,395,164
S01004212,660,443,217
S01004213,532,226,306
S01004214,590,405,185
S01004215,491,300,191
S01004216,690,442,248
S01004217,469,213,256
S01004218,715,432,283
S01004219,462,232,230
S01004220,661,423,238
S01004221,710,399,311
S01004222,427,113,314
S01004223,582,228,354
S01004224,584,314,270
S01004225,709,237,472
S01004226,607,307,300
S01004227,490,314,176
S01004228,616,339,277
S01004229,580,337,243
S01004230,575,314,261
S01004231,628,307,321
S01004232,517,314,203
S01004233,525,311,214
S01004234,735,502,233
S01004235,503,316,187
S01004236,714,423,291
S01004237,549,311,238
S01004238,432,276,156
S01004239,553,287,266
S01004240,519,332,187
S01004241,418,247,171
S01004242,662,434,228
S01004243,463,281,182
S01004244,491,259,232
S01004245,606,363,243
S01004246,441,277,164
S01004247,677,325,352
S01004248,773,394,379
S01004249,710,388,322
S01004250,839,474,365
S01004251,756,404,352
S01004252,427,303,124
S01004253,447,242,205
S01004254,622,373,249
S01004255,541,381,160
S01004256,411,234,177
S01004257,437,302,135
S01004258,567,380,187
S01004259,464,285,179
S01004260,458,313,145
S01004261,675,349,326
S01004262,578,341,237
S01004263,622,298,324
S01004264,598,354,244
S01004265,703,430,273
S01004266,460,219,241
S01004267,427,309,118
S01004268,504,258,246
S01004269,615,344,271
S01004270,471,161,310
S01004271,496,223,273
S01004272,518,343,175
S01004273,606,400,206
S01004274,634,400,234
S01004275,456,243,213
S01004276,605,310,295
S01004277,642,417,225
S01004278,755,452,303
S01004279,674,325,349
S01004280,831,483,348
S01004281,471,270,201
S01004282,726,317,409
S01004283,570,271,299
S01004284,765,360,405
S01004285,582,519,63
S01004286,510,314,196
S01004287,523,349,174
S01004288,569,356,213
S01004289,444,235,209
S01004290,542,343,199
S01004291,676,398,278
S01004292,528,413,115
S01004293,693,436,257
S01004294,661,338,323
S01004295,738,345,393
S01004296,657,416,241
S01004297,547,272,275
S01004298,811,528,283
S01004299,501,149,352
S01004300,490,189,301
S01004301,522,355,167
S01004302,644,477,167
S01004303,445,219,226
S01004304,729,295,434
S01004305,531,258,273
S01004306,490,251,239
S01004307,724,254,470
S01004308,813,452,361
S01004309,681,474,207
S01004310,642,347,295
S01004311,599,297,302
S01004312,610,317,293
S01004313,752,503,249
S01004314,598,344,254
S01004315,414,273,141
S01004316,318,286,32
S01004317,710,465,245
S01004318,508,222,286
S01004319,681,433,248
S01004320,692,404,288
S01004321,573,257,316
S01004322,812,462,350
S01004323,539,281,258
S01004324,678,338,340
S01004325,819,461,358
S01004326,656,415,241
S01004327,548,333,215
S01004328,527,325,202
S01004329,436,271,165
S01004330,798,504,294
S01004331,475,267,208
S01004332,461,294,167
S01004333,403,222,181
S01004334,1383,465,918
S01004335,417,211,206
S01004336,799,443,356
S01004337,596,321,275
S01004338,560,319,241
S01004339,719,475,244
S01004340,431,226,205
S01004341,458,268,190
S01004342,565,372,193
S01004343,405,234,171
S01004344,657,333,324
S01004345,722,398,324
S01004346,433,227,206
S01004347,657,400,257
S01004348,493,269,224
S01004349,643,334,309
S01004350,479,278,201
S01004351,409,201,208
S01004352,494,303,191
S01004353,746,387,359
S01004354,443,324,119
S01004355,440,269,171
S01004356,778,411,367
S01004357,603,424,179
S01004358,644,444,200
S01004359,408,204,204
S01004360,496,252,244
S01004361,501,264,237
S01004362,447,198,249
S01004363,836,263,573
S01004364,660,237,423
S01004365,558,262,296
S01004366,495,272,223
S01004367,639,322,317
S01004368,463,168,295
S01004369,598,344,254
S01004370,601,405,196
S01004371,562,262,300
S01004372,785,449,336
S01004373,447,182,265
S01004374,527,192,335
S01004375,540,250,290
S01004376,701,339,362
S01004377,629,241,388
S01004378,810,446,364
S01004379,732,321,411
S01004380,530,224,306
S01004381,620,311,309
S01004382,599,310,289
S01004383,665,364,301
S01004384,567,300,267
S01004385,649,352,297
S01004386,765,481,284
S01004387,807,387,420
S01004388,587,216,371
S01004389,496,277,219
S01004390,657,312,345
S01004391,483,328,155
S01004392,703,396,307
S01004393,762,384,378
S01004394,644,297,347
S01004395,400,178,222
S01004396,619,312,307
S01004397,699,455,244
S01004398,676,364,312
S01004399,392,139,253
S01004400,437,235,202
S01004401,798,564,234
S01004402,735,377,358
S01004403,389,228,161
S01004404,480,312,168
S01004405,554,299,255
S01004406,625,223,402
S01004407,500,238,262
S01004408,454,269,185
S01004409,548,256,292
S01004410,752,375,377
S01004411,531,240,291
S01004412,809,361,448
S01004413,678,207,471
S01004414,625,204,421
S01004415,504,234,270
S01004416,596,290,306
S01004417,580,215,365
S01004418,744,387,357
S01004419,693,392,301
S01004420,645,385,260
S01004421,613,133,480
S01004422,498,224,274
S01004423,679,307,372
S01004424,543,202,341
S01004425,494,312,182
S01004426,478,270,208
S01004427,617,239,378
S01004428,567,228,339
S01004429,594,258,336
S01004430,400,212,188
S01004431,582,174,408
S01004432,704,362,342
S01004433,771,439,332
S01004434,655,288,367
S01004435,518,255,263
S01004436,610,302,308
S01004437,679,316,363
S01004438,504,227,277
S01004439,507,225,282
S01004440,586,282,304
S01004441,656,465,191
S01004442,735,326,409
S01004443,495,229,266
S01004444,646,272,374
S01004445,607,221,386
S01004446,610,311,299
S01004447,565,258,307
S01004448,501,286,215
S01004449,751,317,434
S01004450,786,302,484
S01004451,653,245,408
S01004452,586,332,254
S01004453,785,525,260
S01004454,730,360,370
S01004455,679,398,281
S01004456,450,287,163
S01004457,697,321,376
S01004458,620,257,363
S01004459,498,254,244
S01004460,536,372,164
S01004461,499,315,184
S01004462,492,331,161
S01004463,636,388,248
S01004464,612,271,341
S01004465,599,387,212
S01004466,782,483,299
S01004467,728,252,476
S01004468,588,372,216
S01004469,467,203,264
S01004470,408,281,127
S01004471,463,284,179
S01004472,624,430,194
S01004473,841,574,267
S01004474,788,386,402
S01004475,408,271,137
S01004476,589,271,318
S01004477,706,423,283
S01004478,496,280,216
S01004479,524,346,178
S01004480,782,369,413
S01004481,438,239,199
S01004482,821,341,480
S01004483,509,270,239
S01004484,808,504,304
S01004485,424,280,144
S01004486,738,438,300
S01004487,822,408,414
S01004488,600,306,294
S01004489,633,404,229
S01004490,583,370,213
S01004491,595,258,337
S01004492,765,392,373
S01004493,844,469,375
S01004494,688,326,362
S01004495,557,241,316
S01004496,518,244,274
S01004497,658,260,398
S01004498,500,243,257
S01004499,559,290,269
S01004500,636,434,202
S01004501,478,227,251
S01004502,601,397,204
S01004503,658,259,399
S01004504,565,261,304
S01004505,447,226,221
S01004506,414,219,195
S01004507,613,338,275
S01004508,537,300,237
S01004509,599,377,222
S01004510,747,457,290
S01004511,770,414,356
S01004512,782,491,291
S01004513,441,197,244
S01004514,433,247,186
S01004515,678,188,490
S01004516,418,203,215
S01004517,610,184,426
S01004518,522,308,214
S01004519,659,330,329
S01004520,712,374,338
S01004521,665,432,233
S01004522,514,333,181
S01004523,592,405,187
S01004524,557,380,177
S01004525,604,412,192
S01004526,621,383,238
S01004527,462,233,229
S01004528,676,374,302
S01004529,624,393,231
S01004530,389,300,89
S01004531,627,333,294
S01004532,473,124,349
S01004533,326,63,263
S01004534,515,276,239
S01004535,607,345,262
S01004536,559,249,310
S01004537,702,339,363
S01004538,638,313,325
S01004539,521,262,259
S01004540,698,292,406
S01004541,649,329,320
S01004542,447,285,162
S01004543,640,336,304
S01004544,807,368,439
S01004545,604,239,365
S01004546,759,345,414
S01004547,712,252,460
S01004548,659,279,380
S01004549,735,346,389
S01004550,601,172,429
S01004551,773,440,333
S01004552,575,215,360
S01004553,421,215,206
S01004554,507,276,231
S01004555,594,295,299
S01004556,549,206,343
S01004557,341,193,148
S01004558,812,371,441
S01004559,910,476,434
S01004560,416,178,238
S01004561,819,301,518
S01004562,435,203,232
S01004563,715,419,296
S01004564,478,282,196
S01004565,538,375,163
S01004566,513,314,199
S01004567,453,169,284
S01004568,560,302,258
S01004569,496,157,339
S01004570,547,379,168
S01004571,544,288,256
S01004572,600,310,290
S01004573,519,304,215
S01004574,410,272,138
S01004575,611,283,328
S01004576,457,320,137
S01004577,489,269,220
S01004578,767,556,211
S01004579,548,199,349
S01004580,722,379,343
S01004581,908,454,454
S01004582,492,277,215
S01004583,679,272,407
S01004584,465,184,281
S01004585,504,244,260
S01004586,903,552,351
S01004587,778,251,527
S01004588,528,296,232
S01004589,644,389,255
S01004590,536,204,332
S01004591,477,254,223
S01004592,492,261,231
S01004593,696,358,338
S01004594,437,178,259
S01004595,775,470,305
S01004596,618,221,397
S01004597,458,254,204
S01004598,558,314,244
S01004599,481,242,239
S01004600,719,291,428
S01004601,700,338,362
S01004602,782,520,262
S01004603,807,326,481
S01004604,482,215,267
S01004605,790,374,416
S01004606,608,300,308
S01004607,532,278,254
S01004608,502,252,250
S01004609,457,205,252
S01004610,570,274,296
S01004611,1063,514,549
S01004612,596,271,325
S01004613,611,348,263
S01004614,663,366,297
S01004615,654,300,354
S01004616,624,389,235
S01004617,498,203,295
S01004618,456,138,318
S01004619,487,153,334
S01004620,609,213,396
S01004621,817,425,392
S01004622,655,368,287
S01004623,794,388,406
S01004624,864,344,520
S01004625,643,286,357
S01004626,487,185,302
S01004627,471,218,253
S01004628,413,150,263
S01004629,745,471,274
S01004630,758,443,315
S01004631,641,301,340
S01004632,727,355,372
S01004633,439,245,194
S01004634,727,468,259
S01004635,612,226,386
S01004636,550,215,335
S01004637,452,235,217
S01004638,474,197,277
S01004639,586,299,287
S01004640,647,308,339
S01004641,518,268,250
S01004642,749,368,381
S01004643,380,178,202
S01004644,610,302,308
S01004645,724,272,452
S01004646,644,305,339
S01004647,1323,519,804
S01004648,757,330,427
S01004649,475,159,316
S01004650,677,319,358
S01004651,729,352,377
S01004652,736,330,406
S01004653,541,273,268
S01004654,686,401,285
S01004655,688,298,390
S01004656,429,166,263
S01004657,622,382,240
S01004658,771,394,377
S01004659,440,239,201
S01004660,524,356,168
S01004661,572,248,324
S01004662,759,354,405
S01004663,440,250,190
S01004664,547,278,269
S01004665,591,258,333
S01004666,630,364,266
S01004667,536,231,305
S01004668,705,397,308
S01004669,672,302,370
S01004670,731,283,448
S01004671,703,403,300
S01004672,529,272,257
S01004673,633,252,381
S01004674,706,400,306
S01004675,646,356,290
S01004676,644,306,338
S01004677,678,334,344
S01004678,708,322,386
S01004679,415,212,203
S01004680,682,230,452
S01004681,572,324,248
S01004682,463,172,291
S01004683,563,346,217
S01004684,636,386,250
S01004685,432,163,269
S01004686,625,271,354
S01004687,674,330,344
S01004688,570,360,210
S01004689,783,418,365
S01004690,422,218,204
S01004691,659,437,222
S01004692,575,260,315
S01004693,665,438,227
S01004694,528,246,282
S01004695,523,387,136
S01004696,645,265,380
S01004697,728,472,256
S01004698,400,278,122
S01004699,577,246,331
S01004700,634,328,306
S01004701,446,317,129
S01004702,475,262,213
S01004703,601,388,213
S01004704,493,207,286
S01004705,726,397,329
S01004706,410,262,148
S01004707,768,379,389
S01004708,588,291,297
S01004709,564,376,188
S01004710,711,322,389
S01004711,622,255,367
S01004712,452,233,219
S01004713,578,287,291
S01004714,598,335,263
S01004715,670,326,344
S01004716,748,404,344
S01004717,585,297,288
S01004718,771,413,358
S01004719,631,318,313
S01004720,545,281,264
S01004721,490,308,182
S01004722,526,246,280
S01004723,463,284,179
S01004724,844,404,440
S01004725,461,229,232
S01004726,449,200,249
S01004727,727,287,440
S01004728,504,278,226
S01004729,510,245,265
S01004730,801,293,508
S01004731,617,316,301
S01004732,470,262,208
S01004733,689,327,362
S01004734,434,158,276
S01004735,761,391,370
S01004736,589,273,316
S01004737,609,306,303
S01004738,568,176,392
S01004739,581,401,180
S01004740,545,366,179
S01004741,491,269,222
S01004742,791,393,398
S01004743,674,431,243
S01004744,466,202,264
S01004745,655,220,435
S01004746,626,287,339
S01004747,616,423,193
S01004748,469,203,266
S01004749,540,204,336
S01004750,517,189,328
S01004751,611,173,438
S01004752,594,298,296
S01004753,537,253,284
S01004754,549,301,248
S01004755,590,285,305
S01004756,511,286,225
S01004757,655,282,373
S01004758,793,408,385
S01004759,435,276,159
S01004760,569,262,307
S01004761,457,245,212
S01004762,521,256,265
S01004763,621,413,208
S01004764,615,294,321
S01004765,792,279,513
S01004766,583,243,340
S01004767,550,281,269
S01004768,734,322,412
S01004769,454,239,215
S01004770,476,176,300
S01004771,692,352,340
S01004772,526,223,303
S01004773,620,285,335
S01004774,789,509,280
S01004775,634,109,525
S01004776,658,354,304
S01004777,462,323,139
S01004778,561,247,314
S01004779,644,320,324
S01004780,408,203,205
S01004781,667,351,316
S01004782,620,274,346
S01004783,804,457,347
S01004784,635,246,389
S01004785,507,246,261
S01004786,412,190,222
S01004787,873,404,469
S01004788,611,425,186
S01004789,851,334,517
S01004790,557,402,155
S01004791,487,244,243
S01004792,579,286,293
S01004793,732,423,309
S01004794,588,267,321
S01004795,736,357,379
S01004796,645,333,312
S01004797,593,312,281
S01004798,718,262,456
S01004799,478,217,261
S01004800,522,253,269
S01004801,586,276,310
S01004802,768,388,380
S01004803,643,292,351
S01004804,762,330,432
S01004805,491,171,320
S01004806,460,225,235
S01004807,405,151,254
S01004808,560,232,328
S01004809,418,207,211
S01004810,472,211,261
S01004811,517,273,244
S01004812,602,206,396
S01004813,742,390,352
S01004814,738,359,379
S01004815,549,278,271
S01004816,605,289,316
S01004817,451,167,284
S01004818,709,349,360
S01004819,572,235,337
S01004820,901,437,464
S01004821,749,439,310
S01004822,567,263,304
S01004823,655,323,332
S01004824,632,390,242
S01004825,491,197,294
S01004826,561,216,345
S01004827,538,233,305
S01004828,753,488,265
S01004829,599,283,316
S01004830,608,254,354
S01004831,705,440,265
S01004832,545,287,258
S01004833,661,311,350
S01004834,658,361,297
S01004835,537,313,224
S01004836,549,358,191
S01004837,659,344,315
S01004838,752,431,321
S01004839,714,373,341
S01004840,546,295,251
S01004841,685,321,364
S01004842,436,276,160
S01004843,513,249,264
S01004844,721,402,319
S01004845,646,313,333
S01004846,579,322,257
S01004847,740,439,301
S01004848,568,358,210
S01004849,517,181,336
S01004850,662,382,280
S01004851,480,215,265
S01004852,554,225,329
S01004853,627,361,266
S01004854,781,409,372
S01004855,493,212,281
S01004856,573,335,238
S01004857,745,403,342
S01004858,755,440,315
S01004859,688,455,233
S01004860,378,237,141
S01004861,685,430,255
S01004862,513,331,182
S01004863,860,511,349
S01004864,492,304,188
S01004865,591,347,244
S01004866,768,408,360
S01004867,674,435,239
S01004868,614,294,320
S01004869,709,475,234
S01004870,754,417,337
S01004871,607,322,285
S01004872,704,382,322
S01004873,654,395,259
S01004874,691,300,391
S01004875,600,307,293
S01004876,825,425,400
S01004877,655,356,299
S01004878,619,304,315
S01004879,545,262,283
S01004880,514,244,270
S01004881,637,321,316
S01004882,427,249,178
S01004883,548,289,259
S01004884,442,307,135
S01004885,455,218,237
S01004886,635,250,385
S01004887,315,197,118
S01004888,464,306,158
S01004889,739,346,393
S01004890,546,171,375
S01004891,734,318,416
S01004892,594,401,193
S01004893,647,322,325
S01004894,660,296,364
S01004895,687,356,331
S01004896,803,406,397
S01004897,462,292,170
S01004898,799,363,436
S01004899,585,333,252
S01004900,566,406,160
S01004901,588,157,431
S01004902,647,318,329
S01004903,489,333,156
S01004904,922,365,557
S01004905,835,383,452
S01004906,670,304,366
S01004907,588,408,180
S01004908,527,289,238
S01004909,746,409,337
S01004910,708,423,285
S01004911,570,378,192
S01004912,610,276,334
S01004913,534,274,260
S01004914,475,304,171
S01004915,489,195,294
S01004916,630,307,323
S01004917,402,290,112
S01004918,462,286,176
S01004919,395,166,229
S01004920,771,367,404
S01004921,555,261,294
S01004922,502,346,156
S01004923,575,355,220
S01004924,722,407,315
S01004925,461,261,200
S01004926,675,520,155
S01004927,753,509,244
S01004928,495,362,133
S01004929,544,366,178
S01004930,514,249,265
S01004931,713,300,413
S01004932,597,210,387
S01004933,658,339,319
S01004934,542,239,303
S01004935,474,321,153
S01004936,806,354,452
S01004937,400,162,238
S01004938,627,323,304
S01004939,466,249,217
S01004940,467,261,206
S01004941,474,210,264
S01004942,829,542,287
S01004943,673,373,300
S01004944,434,253,181
S01004945,530,265,265
S01004946,466,291,175
S01004947,524,327,197
S01004948,450,216,234
S01004949,467,294,173
S01004950,392,255,137
S01004951,555,246,309
S01004952,729,430,299
S01004953,723,357,366
S01004954,573,251,322
S01004955,524,277,247
S01004956,544,299,245
S01004957,515,344,171
S01004958,741,329,412
S01004959,521,178,343
S01004960,464,214,250
S01004961,517,243,274
S01004962,450,309,141
S01004963,429,247,182
S01004964,765,446,319
S01004965,657,384,273
S01004966,640,397,243
S01004967,439,276,163
S01004968,457,265,192
S01004969,716,404,312
S01004970,621,353,268
S01004971,778,438,340
S01004972,583,312,271
S01004973,680,472,208
S01004974,689,476,213
S01004975,599,404,195
S01004976,606,330,276
S01004977,805,398,407
S01004978,750,483,267
S01004979,698,474,224
S01004980,840,566,274
S01004981,761,508,253
S01004982,549,333,216
S01004983,711,423,288
S01004984,619,384,235
S01004985,570,357,213
S01004986,505,334,171
S01004987,391,278,113
S01004988,413,271,142
S01004989,548,289,259
S01004990,412,267,145
S01004991,454,295,159
S01004992,699,399,300
S01004993,551,415,136
S01004994,658,385,273
S01004995,789,418,371
S01004996,544,287,257
S01004997,693,448,245
S01004998,642,419,223
S01004999,662,355,307
S01005000,477,283,194
S01005001,791,482,309
S01005002,669,435,234
S01005003,695,432,263
S01005004,465,259,206
S01005005,770,447,323
S01005006,480,238,242
S01005007,710,408,302
S01005008,942,520,422
S01005009,524,342,182
S01005010,477,247,230
S01005011,450,189,261
S01005012,566,252,314
S01005013,547,285,262
S01005014,656,280,376
S01005015,517,303,214
S01005016,591,304,287
S01005017,607,395,212
S01005018,474,244,230
S01005019,881,249,632
S01005020,737,377,360
S01005021,711,464,247
S01005022,531,299,232
S01005023,498,282,216
S01005024,755,421,334
S01005025,531,317,214
S01005026,477,338,139
S01005027,570,337,233
S01005028,476,288,188
S01005029,775,315,460
S01005030,806,498,308
S01005031,605,225,380
S01005032,732,382,350
S01005033,578,402,176
S01005034,680,465,215
S01005035,740,435,305
S01005036,447,278,169
S01005037,871,180,691
S01005038,740,470,270
S01005039,900,612,288
S01005040,797,200,597
S01005041,529,88,441
S01005042,697,497,200
S01005043,626,329,297
S01005044,786,335,451
S01005045,683,448,235
S01005046,836,435,401
S01005047,869,209,660
S01005048,515,317,198
S01005049,656,205,451
S01005050,714,258,456
S01005051,692,450,242
S01005052,537,347,190
S01005053,621,189,432
S01005054,451,229,222
S01005055,627,308,319
S01005056,657,227,430
S01005057,562,196,366
S01005058,521,247,274
S01005059,436,245,191
S01005060,574,261,313
S01005061,819,398,421
S01005062,419,286,133
S01005063,419,277,142
S01005064,640,413,227
S01005065,706,302,404
S01005066,568,178,390
S01005067,389,253,136
S01005068,557,324,233
S01005069,493,191,302
S01005070,739,339,400
S01005071,190,54,136
S01005072,499,236,263
S01005073,519,315,204
S01005074,624,383,241
S01005075,305,104,201
S01005076,603,269,334
S01005077,517,319,198
S01005078,585,274,311
S01005079,538,232,306
S01005080,351,172,179
S01005081,524,234,290
S01005082,554,330,224
S01005083,807,400,407
S01005084,503,227,276
S01005085,460,270,190
S01005086,547,234,313
S01005087,419,214,205
S01005088,507,335,172
S01005089,689,428,261
S01005090,719,439,280
S01005091,599,409,190
S01005092,558,302,256
S01005093,651,326,325
S01005094,429,258,171
S01005095,835,510,325
S01005096,477,294,183
S01005097,608,396,212
S01005098,519,281,238
S01005099,679,431,248
S01005100,453,289,164
S01005101,683,365,318
S01005102,785,477,308
S01005103,834,474,360
S01005104,731,363,368
S01005105,668,392,276
S01005106,444,248,196
S01005107,363,223,140
S01005108,471,255,216
S01005109,760,501,259
S01005110,840,517,323
S01005111,424,270,154
S01005112,706,438,268
S01005113,853,443,410
S01005114,723,320,403
S01005115,727,384,343
S01005116,529,307,222
S01005117,593,352,241
S01005118,654,344,310
S01005119,587,407,180
S01005120,567,347,220
S01005121,627,403,224
S01005122,623,397,226
S01005123,647,442,205
S01005124,602,351,251
S01005125,654,235,419
S01005126,481,290,191
S01005127,486,207,279
S01005128,698,387,311
S01005129,643,348,295
S01005130,495,211,284
S01005131,689,395,294
S01005132,564,300,264
S01005133,299,201,98
S01005134,783,430,353
S01005135,551,328,223
S01005136,662,293,369
S01005137,733,436,297
S01005138,854,467,387
S01005139,538,296,242
S01005140,536,274,262
S01005141,730,459,271
S01005142,528,317,211
S01005143,841,435,406
S01005144,924,481,443
S01005145,649,404,245
S01005146,553,330,223
S01005147,749,429,320
S01005148,485,261,224
S01005149,474,256,218
S01005150,513,290,223
S01005151,553,310,243
S01005152,599,358,241
S01005153,626,407,219
S01005154,512,322,190
S01005155,590,380,210
S01005156,555,284,271
S01005157,728,340,388
S01005158,615,373,242
S01005159,768,420,348
S01005160,815,403,412
S01005161,704,402,302
S01005162,778,356,422
S01005163,471,229,242
S01005164,742,382,360
S01005165,646,353,293
S01005166,779,405,374
S01005167,519,186,333
S01005168,503,318,185
S01005169,492,307,185
S01005170,650,409,241
S01005171,787,306,481
S01005172,984,458,526
S01005173,514,338,176
S01005174,592,254,338
S01005175,568,350,218
S01005176,557,236,321
S01005177,712,247,465
S01005178,736,407,329
S01005179,772,417,355
S01005180,744,442,302
S01005181,682,491,191
S01005182,613,213,400
S01005183,728,346,382
S01005184,545,178,367
S01005185,447,225,222
S01005186,673,335,338
S01005187,811,435,376
S01005188,824,553,271
S01005189,694,320,374
S01005190,752,478,274
S01005191,659,281,378
S01005192,618,367,251
S01005193,755,441,314
S01005194,506,271,235
S01005195,805,559,246
S01005196,557,184,373
S01005197,691,261,430
S01005198,756,467,289
S01005199,704,355,349
S01005200,517,342,175
S01005201,707,312,395
S01005202,765,387,378
S01005203,651,353,298
S01005204,450,289,161
S01005205,724,368,356
S01005206,754,518,236
S01005207,781,362,419
S01005208,431,106,325
S01005209,693,343,350
S01005210,884,344,540
S01005211,593,234,359
S01005212,511,288,223
S01005213,777,450,327
S01005214,625,164,461
S01005215,756,345,411
S01005216,447,201,246
S01005217,608,333,275
S01005218,777,286,491
S01005219,729,351,378
S01005220,540,281,259
S01005221,673,384,289
S01005222,506,205,301
S01005223,612,320,292
S01005224,555,380,175
S01005225,764,438,326
S01005226,430,210,220
S01005227,700,278,422
S01005228,1098,596,502
S01005229,731,235,496
S01005230,627,341,286
S01005231,600,297,303
S01005232,877,272,605
S01005233,489,172,317
S01005234,860,373,487
S01005235,455,189,266
S01005236,736,427,309
S01005237,790,526,264
S01005238,688,376,312
S01005239,827,277,550
S01005240,702,163,539
S01005241,802,528,274
S01005242,757,246,511
S01005243,674,146,528
S01005244,754,533,221
S01005245,573,153,420
S01005246,787,194,593
S01005247,434,108,326
S01005248,503,141,362
S01005249,654,169,485
S01005250,626,137,489
S01005251,662,258,404
S01005252,415,147,268
S01005253,418,206,212
S01005254,700,211,489
S01005255,500,121,379
S01005256,559,343,216
S01005257,830,388,442
S01005258,839,542,297
S01005259,481,190,291
S01005260,573,231,342
S01005261,372,139,233
S01005262,912,387,525
S01005263,355,87,268
S01005264,627,298,329
S01005265,375,103,272
S01005266,706,365,341
S01005267,702,354,348
S01005268,801,200,601
S01005269,630,309,321
S01005270,878,573,305
S01005271,480,315,165
S01005272,453,118,335
S01005273,643,374,269
S01005274,647,255,392
S01005275,435,131,304
S01005276,503,261,242
S01005277,483,297,186
S01005278,715,353,362
S01005279,426,301,125
S01005280,620,218,402
S01005281,665,339,326
S01005282,593,213,380
S01005283,616,449,167
S01005284,590,166,424
S01005285,532,308,224
S01005286,581,418,163
S01005287,681,326,355
S01005288,691,305,386
S01005289,657,283,374
S01005290,497,207,290
S01005291,557,330,227
S01005292,551,204,347
S01005293,709,331,378
S01005294,479,311,168
S01005295,488,211,277
S01005296,642,447,195
S01005297,574,399,175
S01005298,789,532,257
S01005299,489,330,159
S01005300,728,465,263
S01005301,667,468,199
S01005302,831,421,410
S01005303,628,360,268
S01005304,614,406,208
S01005305,671,344,327
S01005306,713,501,212
S01005307,703,503,200
S01005308,397,130,267
S01005309,803,382,421
S01005310,883,434,449
S01005311,757,427,330
S01005312,496,247,249
S01005313,746,406,340
S01005314,455,310,145
S01005315,457,103,354
S01005316,767,458,309
S01005317,477,323,154
S01005318,497,236,261
S01005319,549,367,182
S01005320,568,294,274
S01005321,543,275,268
S01005322,642,314,328
S01005323,615,305,310
S01005324,622,271,351
S01005325,615,289,326
S01005326,729,231,498
S01005327,490,205,285
S01005328,559,117,442
S01005329,435,251,184
S01005330,613,310,303
S01005331,608,237,371
S01005332,475,298,177
S01005333,669,463,206
S01005334,554,319,235
S01005335,434,316,118
S01005336,484,296,188
S01005337,726,475,251
S01005338,399,291,108
S01005339,620,355,265
S01005340,425,253,172
S01005341,559,301,258
S01005342,633,340,293
S01005343,705,485,220
S01005344,614,309,305
S01005345,547,381,166
S01005346,615,438,177
S01005347,583,360,223
S01005348,701,351,350
S01005349,685,425,260
S01005350,596,406,190
S01005351,801,408,393
S01005352,738,400,338
S01005353,863,459,404
S01005354,758,486,272
S01005355,617,325,292
S01005356,605,408,197
S01005357,613,300,313
S01005358,713,389,324
S01005359,771,517,254
S01005360,724,504,220
S01005361,730,513,217
S01005362,582,305,277
S01005363,527,353,174
S01005364,748,489,259
S01005365,562,324,238
S01005366,602,408,194
S01005367,712,294,418
S01005368,617,257,360
S01005369,857,350,507
S01005370,747,401,346
S01005371,855,562,293
S01005372,708,332,376
S01005373,594,293,301
S01005374,762,366,396
S01005375,818,504,314
S01005376,796,508,288
S01005377,727,381,346
S01005378,565,240,325
S01005379,784,446,338
S01005380,528,267,261
S01005381,504,228,276
S01005382,508,194,314
S01005383,515,366,149
S01005384,678,453,225
S01005385,626,417,209
S01005386,520,291,229
S01005387,774,472,302
S01005388,592,363,229
S01005389,645,262,383
S01005390,632,359,273
S01005391,602,316,286
S01005392,716,445,271
S01005393,694,424,270
S01005394,664,418,246
S01005395,693,446,247
S01005396,529,330,199
S01005397,504,280,224
S01005398,797,520,277
S01005399,828,438,390
S01005400,750,345,405
S01005401,780,446,334
S01005402,771,424,347
S01005403,703,352,351
S01005404,714,413,301
S01005405,443,256,187
S01005406,463,254,209
S01005407,769,503,266
S01005408,453,225,228
S01005409,522,288,234
S01005410,586,381,205
S01005411,749,501,248
S01005412,754,439,315
S01005413,734,268,466
S01005414,795,490,305
S01005415,640,393,247
S01005416,827,357,470
S01005417,600,336,264
S01005418,679,420,259
S01005419,594,347,247
S01005420,690,475,215
S01005421,704,428,276
S01005422,801,390,411
S01005423,731,452,279
S01005424,664,381,283
S01005425,730,261,469
S01005426,574,268,306
S01005427,681,303,378
S01005428,768,385,383
S01005429,641,244,397
S01005430,545,350,195
S01005431,577,272,305
S01005432,647,314,333
S01005433,710,319,391
S01005434,573,187,386
S01005435,668,349,319
S01005436,726,371,355
S01005437,742,386,356
S01005438,651,368,283
S01005439,525,251,274
S01005440,742,460,282
S01005441,730,352,378
S01005442,708,467,241
S01005443,796,433,363
S01005444,730,498,232
S01005445,763,475,288
S01005446,620,328,292
S01005447,646,404,242
S01005448,728,470,258
S01005449,691,419,272
S01005450,771,381,390
S01005451,822,496,326
S01005452,721,553,168
S01005453,724,426,298
S01005454,690,333,357
S01005455,792,328,464
S01005456,667,380,287
S01005457,750,365,385
S01005458,640,295,345
S01005459,659,436,223
S01005460,632,384,248
S01005461,594,342,252
S01005462,795,516,279
S01005463,428,251,177
S01005464,474,265,209
S01005465,456,249,207
S01005466,658,409,249
S01005467,428,255,173
S01005468,726,428,298
S01005469,698,442,256
S01005470,539,344,195
S01005471,570,393,177
S01005472,629,394,235
S01005473,595,363,232
S01005474,740,420,320
S01005475,632,382,250
S01005476,702,429,273
S01005477,704,436,268
S01005478,684,340,344
S01005479,426,257,169
S01005480,657,441,216
S01005481,497,291,206
S01005482,488,292,196
S01005483,585,331,254
S01005484,458,301,157
S01005485,622,350,272
S01005486,696,382,314
S01005487,541,275,266
S01005488,668,404,264
S01005489,743,475,268
S01005490,478,294,184
S01005491,768,452,316
S01005492,736,421,315
S01005493,535,308,227
S01005494,514,294,220
S01005495,503,284,219
S01005496,794,477,317
S01005497,438,294,144
S01005498,717,317,400
S01005499,538,208,330
S01005500,591,354,237
S01005501,623,363,260
S01005502,699,357,342
S01005503,471,241,230
S01005504,525,221,304
S01005505,520,204,316
S01005506,722,294,428
S01005507,428,164,264
S01005508,629,243,386
S01005509,399,241,158
S01005510,463,276,187
S01005511,445,251,194
S01005512,494,265,229
S01005513,542,294,248
S01005514,436,259,177
S01005515,444,266,178
S01005516,408,254,154
S01005517,665,335,330
S01005518,734,383,351
S01005519,527,273,254
S01005520,778,444,334
S01005521,642,358,284
S01005522,526,306,220
S01005523,734,455,279
S01005524,618,340,278
S01005525,592,357,235
S01005526,548,263,285
S01005527,409,187,222
S01005528,428,239,189
S01005529,702,345,357
S01005530,524,219,305
S01005531,478,229,249
S01005532,717,339,378
S01005533,647,365,282
S01005534,559,290,269
S01005535,664,362,302
S01005536,751,483,268
S01005537,600,320,280
S01005538,714,423,291
S01005539,767,445,322
S01005540,637,314,323
S01005541,519,238,281
S01005542,601,320,281
S01005543,638,301,337
S01005544,588,280,308
S01005545,645,400,245
S01005546,543,309,234
S01005547,575,337,238
S01005548,845,496,349
S01005549,764,495,269
S01005550,513,383,130
S01005551,780,595,185
S01005552,706,495,211
S01005553,671,490,181
S01005554,599,431,168
S01005555,586,428,158
S01005556,458,287,171
S01005557,616,329,287
S01005558,629,434,195
S01005559,526,242,284
S01005560,531,218,313
S01005561,678,470,208
S01005562,830,499,331
S01005563,664,321,343
S01005564,666,468,198
S01005565,504,353,151
S01005566,443,199,244
S01005567,866,445,421
S01005568,464,250,214
S01005569,583,403,180
S01005570,646,371,275
S01005571,556,391,165
S01005572,677,418,259
S01005573,584,291,293
S01005574,693,359,334
S01005575,599,404,195
S01005576,661,370,291
S01005577,764,432,332
S01005578,801,433,368
S01005579,656,424,232
S01005580,597,291,306
S01005581,637,329,308
S01005582,688,381,307
S01005583,540,377,163
S01005584,467,337,130
S01005585,685,225,460
S01005586,658,252,406
S01005587,869,435,434
S01005588,618,278,340
S01005589,732,238,494
S01005590,685,188,497
S01005591,766,375,391
S01005592,359,93,266
S01005593,680,343,337
S01005594,726,179,547
S01005595,625,262,363
S01005596,443,187,256
S01005597,812,367,445
S01005598,756,232,524
S01005599,423,206,217
S01005600,525,175,350
S01005601,567,295,272
S01005602,569,248,321
S01005603,420,191,229
S01005604,398,162,236
S01005605,847,435,412
S01005606,524,236,288
S01005607,525,253,272
S01005608,722,435,287
S01005609,636,330,306
S01005610,483,273,210
S01005611,526,177,349
S01005612,593,351,242
S01005613,632,322,310
S01005614,630,338,292
S01005615,819,411,408
S01005616,508,288,220
S01005617,752,337,415
S01005618,515,226,289
S01005619,459,288,171
S01005620,413,219,194
S01005621,536,263,273
S01005622,777,498,279
S01005623,674,370,304
S01005624,724,460,264
S01005625,735,449,286
S01005626,655,326,329
S01005627,597,363,234
S01005628,749,352,397
S01005629,645,416,229
S01005630,475,235,240
S01005631,621,352,269
S01005632,450,193,257
S01005633,601,273,328
S01005634,662,405,257
S01005635,693,414,279
S01005636,743,432,311
S01005637,842,428,414
S01005638,748,400,348
S01005639,575,295,280
S01005640,433,254,179
S01005641,698,402,296
S01005642,568,381,187
S01005643,513,350,163
S01005644,533,366,167
S01005645,684,449,235
S01005646,702,245,457
S01005647,614,330,284
S01005648,734,396,338
S01005649,779,291,488
S01005650,484,232,252
S01005651,668,267,401
S01005652,558,333,225
S01005653,700,370,330
S01005654,631,333,298
S01005655,713,446,267
S01005656,511,219,292
S01005657,490,282,208
S01005658,694,480,214
S01005659,701,483,218
S01005660,524,257,267
S01005661,511,276,235
S01005662,494,341,153
S01005663,545,384,161
S01005664,449,315,134
S01005665,393,278,115
S01005666,743,373,370
S01005667,645,448,197
S01005668,644,374,270
S01005669,503,293,210
S01005670,536,286,250
S01005671,406,248,158
S01005672,657,325,332
S01005673,507,331,176
S01005674,746,447,299
S01005675,737,338,399
S01005676,695,341,354
S01005677,683,458,225
S01005678,674,401,273
S01005679,748,427,321
S01005680,594,350,244
S01005681,760,383,377
S01005682,566,315,251
S01005683,684,293,391
S01005684,767,380,387
S01005685,512,343,169
S01005686,616,272,344
S01005687,435,263,172
S01005688,637,412,225
S01005689,405,267,138
S01005690,616,364,252
S01005691,496,316,180
S01005692,490,309,181
S01005693,715,431,284
S01005694,464,246,218
S01005695,441,233,208
S01005696,527,287,240
S01005697,534,262,272
S01005698,470,285,185
S01005699,717,307,410
S01005700,473,239,234
S01005701,551,196,355
S01005702,559,266,293
S01005703,517,363,154
S01005704,518,241,277
S01005705,509,291,218
S01005706,638,447,191
S01005707,495,193,302
S01005708,608,308,300
S01005709,643,323,320
S01005710,331,223,108
S01005711,716,420,296
S01005712,468,232,236
S01005713,552,342,210
S01005714,646,385,261
S01005715,661,343,318
S01005716,517,367,150
S01005717,444,273,171
S01005718,676,295,381
S01005719,430,288,142
S01005720,550,362,188
S01005721,611,273,338
S01005722,426,285,141
S01005723,562,299,263
S01005724,524,374,150
S01005725,523,319,204
S01005726,705,434,271
S01005727,464,311,153
S01005728,609,340,269
S01005729,501,259,242
S01005730,605,329,276
S01005731,488,240,248
S01005732,677,317,360
S01005733,574,380,194
S01005734,554,360,194
S01005735,613,401,212
S01005736,657,394,263
S01005737,593,308,285
S01005738,646,322,324
S01005739,814,390,424
S01005740,588,352,236
S01005741,783,462,321
S01005742,611,350,261
S01005743,477,347,130
S01005744,706,394,312
S01005745,814,387,427
S01005746,697,446,251
S01005747,727,439,288
S01005748,378,180,198
S01005749,707,476,231
S01005750,651,363,288
S01005751,666,381,285
S01005752,615,278,337
S01005753,567,317,250
S01005754,785,467,318
S01005755,672,322,350
S01005756,673,332,341
S01005757,472,198,274
S01005758,670,375,295
S01005759,660,290,370
S01005760,512,332,180
S01005761,552,316,236
S01005762,643,326,317
S01005763,645,407,238
S01005764,483,238,245
S01005765,682,303,379
S01005766,550,286,264
S01005767,580,333,247
S01005768,716,379,337
S01005769,631,301,330
S01005770,560,215,345
S01005771,647,428,219
S01005772,602,383,219
S01005773,685,447,238
S01005774,564,326,238
S01005775,708,376,332
S01005776,599,360,239
S01005777,496,286,210
S01005778,607,300,307
S01005779,569,376,193
S01005780,507,368,139
S01005781,730,352,378
S01005782,661,332,329
S01005783,428,259,169
S01005784,360,241,119
S01005785,615,435,180
S01005786,527,282,245
S01005787,565,328,237
S01005788,444,238,206
S01005789,691,415,276
S01005790,485,264,221
S01005791,403,242,161
S01005792,612,305,307
S01005793,458,241,217
S01005794,823,528,295
S01005795,571,283,288
S01005796,402,240,162
S01005797,581,407,174
S01005798,524,250,274
S01005799,618,316,302
S01005800,561,305,256
S01005801,534,276,258
S01005802,527,348,179
S01005803,530,259,271
S01005804,510,286,224
S01005805,438,297,141
S01005806,552,276,276
S01005807,684,348,336
S01005808,583,290,293
S01005809,451,233,218
S01005810,417,208,209
S01005811,468,236,232
S01005812,468,280,188
S01005813,692,363,329
S01005814,554,246,308
S01005815,807,419,388
S01005816,620,336,284
S01005817,411,273,138
S01005818,532,389,143
S01005819,557,282,275
S01005820,540,243,297
S01005821,408,219,189
S01005822,691,356,335
S01005823,499,296,203
S01005824,554,378,176
S01005825,623,317,306
S01005826,767,540,227
S01005827,618,382,236
S01005828,612,277,335
S01005829,641,399,242
S01005830,819,385,434
S01005831,784,512,272
S01005832,617,284,333
S01005833,572,343,229
S01005834,530,265,265
S01005835,565,367,198
S01005836,551,366,185
S01005837,390,280,110
S01005838,578,346,232
S01005839,686,430,256
S01005840,670,353,317
S01005841,537,278,259
S01005842,509,266,243
S01005843,452,291,161
S01005844,615,343,272
S01005845,456,297,159
S01005846,757,313,444
S01005847,653,353,300
S01005848,513,228,285
S01005849,675,409,266
S01005850,578,307,271
S01005851,638,306,332
S01005852,468,263,205
S01005853,834,425,409
S01005854,689,377,312
S01005855,801,308,493
S01005856,639,320,319
S01005857,581,274,307
S01005858,632,319,313
S01005859,627,323,304
S01005860,644,327,317
S01005861,439,326,113
S01005862,652,374,278
S01005863,765,445,320
S01005864,772,363,409
S01005865,644,324,320
S01005866,603,372,231
S01005867,768,401,367
S01005868,601,402,199
S01005869,576,260,316
S01005870,663,356,307
S01005871,620,320,300
S01005872,662,404,258
S01005873,848,468,380
S01005874,614,207,407
S01005875,598,332,266
S01005876,725,494,231
S01005877,700,403,297
S01005878,543,290,253
S01005879,584,315,269
S01005880,668,242,426
S01005881,630,317,313
S01005882,489,357,132
S01005883,431,226,205
S01005884,697,426,271
S01005885,536,367,169
S01005886,625,425,200
S01005887,420,207,213
S01005888,501,251,250
S01005889,733,316,417
S01005890,609,394,215
S01005891,520,191,329
S01005892,609,248,361
S01005893,630,338,292
S01005894,529,273,256
S01005895,553,381,172
S01005896,558,371,187
S01005897,649,378,271
S01005898,575,303,272
S01005899,613,238,375
S01005900,555,389,166
S01005901,596,380,216
S01005902,777,441,336
S01005903,795,373,422
S01005904,615,334,281
S01005905,556,344,212
S01005906,727,390,337
S01005907,662,294,368
S01005908,695,289,406
S01005909,435,279,156
S01005910,607,423,184
S01005911,819,466,353
S01005912,680,356,324
S01005913,683,266,417
S01005914,719,298,421
S01005915,619,323,296
S01005916,562,387,175
S01005917,648,256,392
S01005918,748,373,375
S01005919,422,319,103
S01005920,774,413,361
S01005921,507,309,198
S01005922,802,398,404
S01005923,620,325,295
S01005924,463,363,100
S01005925,580,395,185
S01005926,666,308,358
S01005927,729,437,292
S01005928,609,256,353
S01005929,508,256,252
S01005930,532,239,293
S01005931,633,357,276
S01005932,549,230,319
S01005933,565,438,127
S01005934,617,345,272
S01005935,534,244,290
S01005936,747,429,318
S01005937,443,348,95
S01005938,568,251,317
S01005939,574,242,332
S01005940,543,195,348
S01005941,349,265,84
S01005942,743,308,435
S01005943,736,379,357
S01005944,906,370,536
S01005945,685,341,344
S01005946,824,372,452
S01005947,663,248,415
S01005948,546,246,300
S01005949,491,193,298
S01005950,455,164,291
S01005951,710,230,480
S01005952,837,298,539
S01005953,738,398,340
S01005954,405,162,243
S01005955,446,181,265
S01005956,697,329,368
S01005957,768,316,452
S01005958,492,252,240
S01005959,412,135,277
S01005960,463,218,245
S01005961,597,254,343
S01005962,432,206,226
S01005963,445,208,237
S01005964,602,254,348
S01005965,561,217,344
S01005966,694,263,431
S01005967,764,290,474
S01005968,653,368,285
S01005969,625,364,261
S01005970,671,291,380
S01005971,418,182,236
S01005972,659,283,376
S01005973,641,323,318
S01005974,633,268,365
S01005975,608,301,307
S01005976,700,386,314
S01005977,568,311,257
S01005978,609,354,255
S01005979,770,401,369
S01005980,549,359,190
S01005981,411,172,239
S01005982,510,206,304
S01005983,784,534,250
S01005984,551,325,226
S01005985,631,302,329
S01005986,605,392,213
S01005987,485,215,270
S01005988,445,200,245
S01005989,625,379,246
S01005990,732,198,534
S01005991,573,282,291
S01005992,498,173,325
S01005993,636,367,269
S01005994,774,387,387
S01005995,552,183,369
S01005996,587,359,228
S01005997,515,245,270
S01005998,500,129,371
S01005999,700,445,255
S01006000,637,273,364
S01006001,719,306,413
S01006002,453,218,235
S01006003,596,288,308
S01006004,482,295,187
S01006005,488,232,256
S01006006,655,442,213
S01006007,442,153,289
S01006008,621,261,360
S01006009,473,276,197
S01006010,757,494,263
S01006011,659,295,364
S01006012,708,298,410
S01006013,396,290,106
S01006014,581,231,350
S01006015,649,380,269
S01006016,765,469,296
S01006017,567,251,316
S01006018,628,436,192
S01006019,653,300,353
S01006020,697,458,239
S01006021,750,392,358
S01006022,433,183,250
S01006023,594,404,190
S01006024,690,321,369
S01006025,745,313,432
S01006026,679,342,337
S01006027,528,327,201
S01006028,537,225,312
S01006029,579,339,240
S01006030,783,483,300
S01006031,717,337,380
S01006032,782,281,501
S01006033,554,291,263
S01006034,557,201,356
S01006035,834,453,381
S01006036,605,359,246
S01006037,741,371,370
S01006038,623,345,278
S01006039,691,388,303
S01006040,604,241,363
S01006041,773,331,442
S01006042,719,400,319
S01006043,484,286,198
S01006044,807,371,436
S01006045,539,273,266
S01006046,623,314,309
S01006047,646,298,348
S01006048,706,411,295
S01006049,682,342,340
S01006050,683,364,319
S01006051,731,383,348
S01006052,616,331,285
S01006053,736,488,248
S01006054,600,313,287
S01006055,485,258,227
S01006056,786,544,242
S01006057,428,147,281
S01006058,694,298,396
S01006059,732,302,430
S01006060,578,220,358
S01006061,472,97,375
S01006062,603,198,405
S01006063,436,117,319
S01006064,608,163,445
S01006065,654,176,478
S01006066,686,297,389
S01006067,823,478,345
S01006068,382,217,165
S01006069,600,444,156
S01006070,521,375,146
S01006071,714,528,186
S01006072,471,302,169
S01006073,402,266,136
S01006074,536,346,190
S01006075,789,341,448
S01006076,751,379,372
S01006077,629,339,290
S01006078,818,507,311
S01006079,620,344,276
S01006080,690,397,293
S01006081,636,398,238
S01006082,707,362,345
S01006083,693,389,304
S01006084,596,297,299
S01006085,592,357,235
S01006086,573,292,281
S01006087,611,321,290
S01006088,594,407,187
S01006089,601,292,309
S01006090,640,344,296
S01006091,457,308,149
S01006092,520,245,275
S01006093,462,249,213
S01006094,767,405,362
S01006095,719,441,278
S01006096,503,255,248
S01006097,794,373,421
S01006098,607,303,304
S01006099,450,293,157
S01006100,449,118,331
S01006101,537,265,272
S01006102,638,312,326
S01006103,591,316,275
S01006104,624,337,287
S01006105,548,283,265
S01006106,470,213,257
S01006107,526,263,263
S01006108,714,375,339
S01006109,681,369,312
S01006110,591,275,316
S01006111,680,364,316
S01006112,601,332,269
S01006113,754,529,225
S01006114,580,314,266
S01006115,677,393,284
S01006116,751,535,216
S01006117,680,390,290
S01006118,436,262,174
S01006119,837,503,334
S01006120,802,143,659
S01006121,421,165,256
S01006122,629,406,223
S01006123,560,114,446
S01006124,541,130,411
S01006125,463,171,292
S01006126,641,109,532
S01006127,584,189,395
S01006128,754,99,655
S01006129,594,330,264
S01006130,439,176,263
S01006131,717,464,253
S01006132,689,240,449
S01006133,462,314,148
S01006134,421,218,203
S01006135,460,143,317
S01006136,692,216,476
S01006137,554,103,451
S01006138,553,331,222
S01006139,330,158,172
S01006140,734,355,379
S01006141,639,219,420
S01006142,565,316,249
S01006143,429,284,145
S01006144,811,526,285
S01006145,834,398,436
S01006146,677,389,288
S01006147,676,280,396
S01006148,637,326,311
S01006149,811,478,333
S01006150,715,421,294
S01006151,683,23,660
S01006152,603,446,157
S01006153,480,303,177
S01006154,572,421,151
S01006155,678,406,272
S01006156,462,259,203
S01006157,619,291,328
S01006158,685,476,209
S01006159,684,349,335
S01006160,628,453,175
S01006161,600,398,202
S01006162,522,369,153
S01006163,834,436,398
S01006164,517,275,242
S01006165,528,281,247
S01006166,722,475,247
S01006167,667,403,264
S01006168,608,342,266
S01006169,555,309,246
S01006170,815,464,351
S01006171,763,368,395
S01006172,410,252,158
S01006173,527,325,202
S01006174,479,265,214
S01006175,667,405,262
S01006176,473,261,212
S01006177,528,144,384
S01006178,719,342,377
S01006179,636,292,344
S01006180,627,223,404
S01006181,549,194,355
S01006182,503,125,378
S01006183,550,185,365
S01006184,647,316,331
S01006185,809,419,390
S01006186,710,275,435
S01006187,651,191,460
S01006188,551,192,359
S01006189,565,165,400
S01006190,675,326,349
S01006191,442,131,311
S01006192,555,146,409
S01006193,610,173,437
S01006194,727,288,439
S01006195,684,260,424
S01006196,729,326,403
S01006197,711,310,401
S01006198,421,90,331
S01006199,612,223,389
S01006200,765,370,395
S01006201,828,381,447
S01006202,550,139,411
S01006203,503,273,230
S01006204,807,422,385
S01006205,607,353,254
S01006206,632,359,273
S01006207,794,337,457
S01006208,628,315,313
S01006209,582,346,236
S01006210,619,320,299
S01006211,464,190,274
S01006212,620,414,206
S01006213,757,377,380
S01006214,637,304,333
S01006215,688,322,366
S01006216,553,305,248
S01006217,801,373,428
S01006218,474,243,231
S01006219,813,370,443
S01006220,658,409,249
S01006221,734,285,449
S01006222,777,371,406
S01006223,631,375,256
S01006224,522,277,245
S01006225,639,261,378
S01006226,579,370,209
S01006227,607,329,278
S01006228,627,422,205
S01006229,675,224,451
S01006230,628,219,409
S01006231,647,197,450
S01006232,603,405,198
S01006233,545,272,273
S01006234,472,209,263
S01006235,632,382,250
S01006236,538,232,306
S01006237,780,357,423
S01006238,828,425,403
S01006239,383,268,115
S01006240,621,217,404
S01006241,747,224,523
S01006242,631,277,354
S01006243,537,319,218
S01006244,500,228,272
S01006245,506,251,255
S01006246,601,289,312
S01006247,729,423,306
S01006248,695,412,283
S01006249,662,249,413
S01006250,563,227,336
S01006251,552,280,272
S01006252,514,327,187
S01006253,522,197,325
S01006254,558,333,225
S01006255,731,424,307
S01006256,539,236,303
S01006257,682,310,372
S01006258,573,230,343
S01006259,532,207,325
S01006260,524,187,337
S01006261,677,301,376
S01006262,543,241,302
S01006263,719,311,408
S01006264,673,497,176
S01006265,648,316,332
S01006266,519,195,324
S01006267,487,210,277
S01006268,562,290,272
S01006269,474,209,265
S01006270,737,389,348
S01006271,550,266,284
S01006272,666,284,382
S01006273,494,207,287
S01006274,495,265,230
S01006275,584,352,232
S01006276,671,326,345
S01006277,635,350,285
S01006278,658,237,421
S01006279,761,350,411
S01006280,526,250,276
S01006281,616,287,329
S01006282,615,320,295
S01006283,626,297,329
S01006284,648,270,378
S01006285,605,340,265
S01006286,786,313,473
S01006287,524,286,238
S01006288,643,253,390
S01006289,759,388,371
S01006290,715,246,469
S01006291,404,133,271
S01006292,767,480,287
S01006293,785,512,273
S01006294,517,333,184
S01006295,467,274,193
S01006296,765,495,270
S01006297,591,279,312
S01006298,696,405,291
S01006299,644,298,346
S01006300,608,252,356
S01006301,520,223,297
S01006302,738,406,332
S01006303,556,278,278
S01006304,541,230,311
S01006305,562,320,242
S01006306,552,324,228
S01006307,700,355,345
S01006308,535,252,283
S01006309,787,414,373
S01006310,645,372,273
S01006311,634,337,297
S01006312,521,259,262
S01006313,819,451,368
S01006314,503,360,143
S01006315,673,310,363
S01006316,740,452,288
S01006317,664,343,321
S01006318,603,285,318
S01006319,749,384,365
S01006320,708,319,389
S01006321,490,354,136
S01006322,443,361,82
S01006323,651,415,236
S01006324,434,340,94
S01006325,581,334,247
S01006326,740,297,443
S01006327,468,244,224
S01006328,487,195,292
S01006329,782,455,327
S01006330,586,300,286
S01006331,551,333,218
S01006332,534,281,253
S01006333,698,329,369
S01006334,699,359,340
S01006335,663,395,268
S01006336,540,386,154
S01006337,529,367,162
S01006338,681,452,229
S01006339,659,345,314
S01006340,576,334,242
S01006341,620,381,239
S01006342,593,308,285
S01006343,571,269,302
S01006344,589,317,272
S01006345,464,235,229
S01006346,492,288,204
S01006347,462,313,149
S01006348,515,290,225
S01006349,414,217,197
S01006350,571,267,304
S01006351,778,363,415
S01006352,560,253,307
S01006353,463,275,188
S01006354,776,402,374
S01006355,557,231,326
S01006356,525,314,211
S01006357,612,419,193
S01006358,497,192,305
S01006359,719,415,304
S01006360,511,297,214
S01006361,608,318,290
S01006362,601,338,263
S01006363,558,354,204
S01006364,490,274,216
S01006365,757,467,290
S01006366,557,388,169
S01006367,582,335,247
S01006368,580,432,148
S01006369,646,332,314
S01006370,689,408,281
S01006371,432,268,164
S01006372,609,294,315
S01006373,648,346,302
S01006374,535,271,264
S01006375,549,239,310
S01006376,548,283,265
S01006377,467,207,260
S01006378,367,269,98
S01006379,461,263,198
S01006380,486,242,244
S01006381,429,224,205
S01006382,550,305,245
S01006383,452,245,207
S01006384,544,358,186
S01006385,713,310,403
S01006386,727,322,405
S01006387,640,349,291
S01006388,797,337,460
S01006389,561,279,282
S01006390,515,251,264
S01006391,638,500,138
S01006392,655,314,341
S01006393,549,176,373
S01006394,577,276,301
S01006395,705,297,408
S01006396,447,190,257
S01006397,552,352,200
S01006398,744,410,334
S01006399,610,355,255
S01006400,726,393,333
S01006401,610,295,315
S01006402,498,157,341
S01006403,645,307,338
S01006404,648,293,355
S01006405,697,309,388
S01006406,342,125,217
S01006407,539,332,207
S01006408,736,267,469
S01006409,452,283,169
S01006410,599,293,306
S01006411,568,300,268
S01006412,543,260,283
S01006413,454,229,225
S01006414,431,259,172
S01006415,641,403,238
S01006416,522,223,299
S01006417,534,275,259
S01006418,513,270,243
S01006419,452,246,206
S01006420,638,312,326
S01006421,482,281,201
S01006422,529,285,244
S01006423,437,232,205
S01006424,499,271,228
S01006425,544,236,308
S01006426,447,281,166
S01006427,650,339,311
S01006428,653,328,325
S01006429,434,174,260
S01006430,518,366,152
S01006431,416,314,102
S01006432,559,268,291
S01006433,527,265,262
S01006434,657,353,304
S01006435,373,189,184
S01006436,554,307,247
S01006437,729,376,353
S01006438,539,177,362
S01006439,640,263,377
S01006440,666,347,319
S01006441,537,219,318
S01006442,616,320,296
S01006443,416,228,188
S01006444,464,250,214
S01006445,565,298,267
S01006446,709,436,273
S01006447,482,212,270
S01006448,699,418,281
S01006449,412,272,140
S01006450,446,165,281
S01006451,538,253,285
S01006452,471,240,231
S01006453,587,278,309
S01006454,458,314,144
S01006455,457,201,256
S01006456,714,442,272
S01006457,481,243,238
S01006458,693,461,232
S01006459,510,339,171
S01006460,426,251,175
S01006461,584,341,243
S01006462,602,345,257
S01006463,532,301,231
S01006464,616,349,267
S01006465,799,371,428
S01006466,635,409,226
S01006467,767,454,313
S01006468,791,483,308
S01006469,530,337,193
S01006470,678,290,388
S01006471,625,279,346
S01006472,480,218,262
S01006473,606,377,229
S01006474,659,342,317
S01006475,686,326,360
S01006476,548,249,299
S01006477,662,260,402
S01006478,640,288,352
S01006479,614,365,249
S01006480,650,329,321
S01006481,450,236,214
S01006482,607,308,299
S01006483,709,351,358
S01006484,644,295,349
S01006485,500,366,134
S01006486,572,428,144
S01006487,581,250,331
S01006488,500,324,176
S01006489,605,319,286
S01006490,579,432,147
S01006491,659,488,171
S01006492,467,240,227
S01006493,479,216,263
S01006494,487,330,157
S01006495,629,401,228
S01006496,785,313,472
S01006497,431,215,216
S01006498,894,498,396
S01006499,687,458,229
S01006500,598,373,225
S01006501,641,471,170
S01006502,489,288,201
S01006503,526,356,170
S01006504,567,384,183
S01006505,511,416,95
