dz_2001,total,married,single
S01000001,749,350,399
S01000002,491,292,199
S01000003,665,330,335
S01000004,493,280,213
S01000005,552,215,337
S01000006,549,259,290
S01000007,633,400,233
S01000008,479,254,225
S01000009,574,299,275
S01000010,469,267,202
S01000011,809,528,281
S01000012,1161,720,441
S01000013,696,363,333
S01000014,744,389,355
S01000015,549,284,265
S01000016,452,236,216
S01000017,738,397,341
S01000018,428,226,202
S01000019,529,288,241
S01000020,772,351,421
S01000021,741,387,354
S01000022,514,358,156
S01000023,569,396,173
S01000024,360,257,103
S01000025,675,451,224
S01000026,704,261,443
S01000027,650,426,224
S01000028,772,331,441
S01000029,505,355,150
S01000030,386,156,230
S01000031,766,419,347
S01000032,886,380,506
S01000033,658,218,440
S01000034,951,673,278
S01000035,876,345,531
S01000036,559,215,344
S01000037,670,241,429
S01000038,587,292,295
S01000039,784,264,520
S01000040,769,348,421
S01000041,732,377,355
S01000042,671,220,451
S01000043,790,247,543
S01000044,811,280,531
S01000045,480,298,182
S01000046,638,423,215
S01000047,751,211,540
S01000048,825,485,340
S01000049,626,327,299
S01000050,644,317,327
S01000051,678,441,237
S01000052,489,182,307
S01000053,978,375,603
S01000054,680,379,301
S01000055,650,222,428
S01000056,808,493,315
S01000057,529,199,330
S01000058,594,350,244
S01000059,805,436,369
S01000060,465,129,336
S01000061,874,515,359
S01000062,912,327,585
S01000063,729,415,314
S01000064,547,249,298
S01000065,899,307,592
S01000066,891,239,652
S01000067,935,451,484
S01000068,737,363,374
S01000069,614,179,435
S01000070,522,244,278
S01000071,658,191,467
S01000072,769,391,378
S01000073,526,320,206
S01000074,641,206,435
S01000075,508,137,371
S01000076,618,423,195
S01000077,768,367,401
S01000078,978,257,721
S01000079,1314,361,953
S01000080,920,257,663
S01000081,745,422,323
S01000082,805,244,561
S01000083,632,299,333
S01000084,773,196,577
S01000085,498,57,441
S01000086,639,239,400
S01000087,930,481,449
S01000088,852,217,635
S01000089,821,535,286
S01000090,682,261,421
S01000091,1025,226,799
S01000092,859,172,687
S01000093,654,165,489
S01000094,678,92,586
S01000095,643,182,461
S01000096,591,218,373
S01000097,809,447,362
S01000098,1160,206,954
S01000099,699,417,282
S01000100,817,139,678
S01000101,748,353,395
S01000102,734,163,571
S01000103,573,110,463
S01000104,718,455,263
S01000105,753,372,381
S01000106,566,317,249
S01000107,1181,188,993
S01000108,699,196,503
S01000109,991,174,817
S01000110,726,377,349
S01000111,657,288,369
S01000112,891,193,698
S01000113,513,260,253
S01000114,656,224,432
S01000115,707,322,385
S01000116,876,192,684
S01000117,847,435,412
S01000118,615,304,311
S01000119,789,151,638
S01000120,495,166,329
S01000121,608,315,293
S01000122,581,217,364
S01000123,544,342,202
S01000124,953,161,792
S01000125,550,132,418
S01000126,900,147,753
S01000127,615,359,256
S01000128,1730,180,1550
S01000129,979,86,893
S01000130,1479,265,1214
S01000131,563,195,368
S01000132,684,196,488
S01000133,678,319,359
S01000134,554,209,345
S01000135,577,131,446
S01000136,522,220,302
S01000137,858,188,670
S01000138,1332,147,1185
S01000139,668,338,330
S01000140,753,388,365
S01000141,671,366,305
S01000142,543,206,337
S01000143,501,363,138
S01000144,709,103,606
S01000145,708,266,442
S01000146,1438,248,1190
S01000147,980,183,797
S01000148,481,164,317
S01000149,1128,220,908
S01000150,495,217,278
S01000151,735,309,426
S01000152,1163,358,805
S01000153,915,151,764
S01000154,454,245,209
S01000155,627,247,380
S01000156,878,190,688
S01000157,608,158,450
S01000158,772,342,430
S01000159,756,456,300
S01000160,635,315,320
S01000161,861,198,663
S01000162,754,329,425
S01000163,887,407,480
S01000164,901,124,777
S01000165,798,191,607
S01000166,1203,197,1006
S01000167,589,271,318
S01000168,819,367,452
S01000169,608,297,311
S01000170,1061,260,801
S01000171,772,475,297
S01000172,410,198,212
S01000173,695,263,432
S01000174,646,471,175
S01000175,482,101,381
S01000176,739,93,646
S01000177,497,185,312
S01000178,619,279,340
S01000179,742,225,517
S01000180,553,258,295
S01000181,496,220,276
S01000182,724,335,389
S01000183,1163,210,953
S01000184,669,289,380
S01000185,772,184,588
S01000186,851,391,460
S01000187,519,247,272
S01000188,1161,214,947
S01000189,439,181,258
S01000190,695,318,377
S01000191,1079,428,651
S01000192,685,151,534
S01000193,572,264,308
S01000194,697,220,477
S01000195,621,180,441
S01000196,687,241,446
S01000197,477,232,245
S01000198,639,244,395
S01000199,662,221,441
S01000200,719,222,497
S01000201,521,200,321
S01000202,834,289,545
S01000203,530,173,357
S01000204,482,197,285
S01000205,841,248,593
S01000206,579,306,273
S01000207,779,240,539
S01000208,784,251,533
S01000209,985,319,666
S01000210,605,165,440
S01000211,606,238,368
S01000212,588,232,356
S01000213,638,180,458
S01000214,388,188,200
S01000215,922,475,447
S01000216,581,295,286
S01000217,653,232,421
S01000218,596,309,287
S01000219,668,205,463
S01000220,2556,245,2311
S01000221,765,178,587
S01000222,637,295,342
S01000223,529,221,308
S01000224,712,325,387
S01000225,498,248,250
S01000226,548,271,277
S01000227,1108,560,548
S01000228,714,202,512
S01000229,707,275,432
S01000230,549,217,332
S01000231,599,344,255
S01000232,527,201,326
S01000233,447,203,244
S01000234,629,371,258
S01000235,749,351,398
S01000236,585,350,235
S01000237,728,475,253
S01000238,421,219,202
S01000239,607,353,254
S01000240,566,342,224
S01000241,507,345,162
S01000242,624,318,306
S01000243,553,395,158
S01000244,1005,421,584
S01000245,793,460,333
S01000246,591,339,252
S01000247,567,382,185
S01000248,651,378,273
S01000249,569,349,220
S01000250,681,417,264
S01000251,378,236,142
S01000252,665,342,323
S01000253,540,374,166
S01000254,672,410,262
S01000255,500,242,258
S01000256,718,422,296
S01000257,772,484,288
S01000258,505,283,222
S01000259,495,316,179
S01000260,667,369,298
S01000261,808,508,300
S01000262,779,447,332
S01000263,662,347,315
S01000264,773,404,369
S01000265,596,305,291
S01000266,1010,538,472
S01000267,627,299,328
S01000268,656,362,294
S01000269,507,339,168
S01000270,849,516,333
S01000271,704,399,305
S01000272,894,468,426
S01000273,484,301,183
S01000274,548,270,278
S01000275,1149,659,490
S01000276,624,395,229
S01000277,586,339,247
S01000278,485,208,277
S01000279,796,484,312
S01000280,595,312,283
S01000281,556,279,277
S01000282,601,347,254
S01000283,841,525,316
S01000284,946,628,318
S01000285,580,377,203
S01000286,799,352,447
S01000287,613,326,287
S01000288,678,388,290
S01000289,735,315,420
S01000290,652,226,426
S01000291,785,475,310
S01000292,862,493,369
S01000293,745,287,458
S01000294,510,310,200
S01000295,452,312,140
S01000296,745,454,291
S01000297,627,330,297
S01000298,841,501,340
S01000299,844,532,312
S01000300,609,373,236
S01000301,478,264,214
S01000302,493,325,168
S01000303,498,302,196
S01000304,645,457,188
S01000305,864,475,389
S01000306,622,411,211
S01000307,729,418,311
S01000308,1015,615,400
S01000309,936,545,391
S01000310,778,410,368
S01000311,802,416,386
S01000312,470,231,239
S01000313,575,336,239
S01000314,474,263,211
S01000315,562,366,196
S01000316,766,408,358
S01000317,465,227,238
S01000318,455,304,151
S01000319,583,338,245
S01000320,587,268,319
S01000321,492,300,192
S01000322,805,512,293
S01000323,709,393,316
S01000324,669,411,258
S01000325,973,586,387
S01000326,651,328,323
S01000327,680,427,253
S01000328,426,213,213
S01000329,642,310,332
S01000330,956,593,363
S01000331,499,267,232
S01000332,587,364,223
S01000333,741,457,284
S01000334,745,368,377
S01000335,650,414,236
S01000336,1111,637,474
S01000337,676,441,235
S01000338,405,233,172
S01000339,968,589,379
S01000340,866,547,319
S01000341,848,471,377
S01000342,380,185,195
S01000343,490,286,204
S01000344,795,459,336
S01000345,490,268,222
S01000346,521,295,226
S01000347,1170,706,464
S01000348,613,337,276
S01000349,456,248,208
S01000350,842,545,297
S01000351,787,460,327
S01000352,598,381,217
S01000353,427,289,138
S01000354,1171,647,524
S01000355,512,331,181
S01000356,518,348,170
S01000357,481,310,171
S01000358,762,501,261
S01000359,647,443,204
S01000360,446,237,209
S01000361,518,337,181
S01000362,796,498,298
S01000363,931,628,303
S01000364,780,457,323
S01000365,1513,969,544
S01000366,1494,985,509
S01000367,723,444,279
S01000368,1013,591,422
S01000369,797,498,299
S01000370,1138,694,444
S01000371,784,442,342
S01000372,797,406,391
S01000373,521,322,199
S01000374,529,294,235
S01000375,493,228,265
S01000376,659,333,326
S01000377,701,412,289
S01000378,417,253,164
S01000379,505,347,158
S01000380,759,480,279
S01000381,1227,839,388
S01000382,617,389,228
S01000383,893,485,408
S01000384,587,323,264
S01000385,484,226,258
S01000386,979,509,470
S01000387,732,441,291
S01000388,847,508,339
S01000389,621,381,240
S01000390,672,297,375
S01000391,604,252,352
S01000392,650,362,288
S01000393,763,426,337
S01000394,540,287,253
S01000395,624,381,243
S01000396,732,337,395
S01000397,820,453,367
S01000398,1792,1108,684
S01000399,534,222,312
S01000400,713,264,449
S01000401,729,483,246
S01000402,613,318,295
S01000403,681,362,319
S01000404,604,327,277
S01000405,422,250,172
S01000406,450,161,289
S01000407,517,227,290
S01000408,490,281,209
S01000409,504,272,232
S01000410,590,387,203
S01000411,566,337,229
S01000412,649,383,266
S01000413,709,437,272
S01000414,566,357,209
S01000415,766,425,341
S01000416,683,383,300
S01000417,839,477,362
S01000418,588,353,235
S01000419,1112,699,413
S01000420,1060,580,480
S01000421,603,387,216
S01000422,775,427,348
S01000423,794,532,262
S01000424,581,340,241
S01000425,699,394,305
S01000426,640,419,221
S01000427,638,290,348
S01000428,572,339,233
S01000429,778,467,311
S01000430,434,247,187
S01000431,625,259,366
S01000432,790,484,306
S01000433,453,194,259
S01000434,489,214,275
S01000435,434,250,184
S01000436,507,311,196
S01000437,826,443,383
S01000438,485,345,140
S01000439,652,398,254
S01000440,899,528,371
S01000441,735,436,299
S01000442,687,453,234
S01000443,501,338,163
S01000444,1808,1178,630
S01000445,1002,598,404
S01000446,777,460,317
S01000447,604,342,262
S01000448,673,396,277
S01000449,625,326,299
S01000450,489,258,231
S01000451,718,421,297
S01000452,495,280,215
S01000453,482,296,186
S01000454,371,176,195
S01000455,697,404,293
S01000456,875,504,371
S01000457,720,365,355
S01000458,739,463,276
S01000459,874,398,476
S01000460,571,254,317
S01000461,730,273,457
S01000462,870,392,478
S01000463,549,281,268
S01000464,672,420,252
S01000465,565,362,203
S01000466,720,460,260
S01000467,524,279,245
S01000468,433,272,161
S01000469,513,322,191
S01000470,903,466,437
S01000471,645,390,255
S01000472,599,337,262
S01000473,549,286,263
S01000474,505,319,186
S01000475,585,274,311
S01000476,528,339,189
S01000477,594,343,251
S01000478,669,311,358
S01000479,717,346,371
S01000480,549,330,219
S01000481,1623,939,684
S01000482,753,259,494
S01000483,858,352,506
S01000484,684,287,397
S01000485,853,534,319
S01000486,917,265,652
S01000487,557,279,278
S01000488,537,252,285
S01000489,794,280,514
S01000490,451,220,231
S01000491,437,149,288
S01000492,734,293,441
S01000493,547,278,269
S01000494,439,174,265
S01000495,759,491,268
S01000496,423,296,127
S01000497,614,322,292
S01000498,459,275,184
S01000499,813,443,370
S01000500,485,212,273
S01000501,502,256,246
S01000502,528,310,218
S01000503,402,254,148
S01000504,675,302,373
S01000505,601,354,247
S01000506,806,493,313
S01000507,829,390,439
S01000508,775,451,324
S01000509,880,463,417
S01000510,574,301,273
S01000511,473,276,197
S01000512,793,520,273
S01000513,722,358,364
S01000514,743,434,309
S01000515,447,279,168
S01000516,694,434,260
S01000517,598,327,271
S01000518,803,415,388
S01000519,422,251,171
S01000520,916,541,375
S01000521,767,387,380
S01000522,550,364,186
S01000523,706,356,350
S01000524,590,360,230
S01000525,877,543,334
S01000526,835,518,317
S01000527,543,359,184
S01000528,775,483,292
S01000529,683,428,255
S01000530,398,264,134
S01000531,509,280,229
S01000532,658,355,303
S01000533,615,337,278
S01000534,624,303,321
S01000535,830,408,422
S01000536,394,234,160
S01000537,808,513,295
S01000538,603,288,315
S01000539,833,347,486
S01000540,628,293,335
S01000541,494,227,267
S01000542,537,253,284
S01000543,678,374,304
S01000544,581,341,240
S01000545,613,276,337
S01000546,685,370,315
S01000547,447,242,205
S01000548,880,487,393
S01000549,976,620,356
S01000550,398,274,124
S01000551,774,381,393
S01000552,475,313,162
S01000553,745,426,319
S01000554,531,200,331
S01000555,708,323,385
S01000556,658,310,348
S01000557,749,394,355
S01000558,488,263,225
S01000559,566,264,302
S01000560,907,402,505
S01000561,866,383,483
S01000562,696,308,388
S01000563,939,317,622
S01000564,723,269,454
S01000565,608,310,298
S01000566,676,332,344
S01000567,668,334,334
S01000568,435,262,173
S01000569,606,341,265
S01000570,773,461,312
S01000571,712,293,419
S01000572,607,383,224
S01000573,444,295,149
S01000574,697,407,290
S01000575,541,302,239
S01000576,472,326,146
S01000577,476,265,211
S01000578,526,327,199
S01000579,714,435,279
S01000580,739,490,249
S01000581,590,377,213
S01000582,503,252,251
S01000583,740,434,306
S01000584,687,267,420
S01000585,998,436,562
S01000586,608,345,263
S01000587,552,238,314
S01000588,503,272,231
S01000589,562,317,245
S01000590,707,399,308
S01000591,655,398,257
S01000592,745,419,326
S01000593,1173,710,463
S01000594,994,623,371
S01000595,636,351,285
S01000596,679,445,234
S01000597,842,551,291
S01000598,996,672,324
S01000599,933,578,355
S01000600,627,404,223
S01000601,991,598,393
S01000602,611,346,265
S01000603,826,509,317
S01000604,870,543,327
S01000605,704,385,319
S01000606,692,211,481
S01000607,634,398,236
S01000608,1009,302,707
S01000609,837,310,527
S01000610,707,217,490
S01000611,508,216,292
S01000612,916,264,652
S01000613,907,398,509
S01000614,569,285,284
S01000615,710,266,444
S01000616,1172,648,524
S01000617,548,336,212
S01000618,711,427,284
S01000619,557,324,233
S01000620,859,284,575
S01000621,939,405,534
S01000622,540,211,329
S01000623,608,277,331
S01000624,511,233,278
S01000625,463,159,304
S01000626,601,215,386
S01000627,715,317,398
S01000628,436,197,239
S01000629,681,354,327
S01000630,625,313,312
S01000631,501,193,308
S01000632,463,260,203
S01000633,430,273,157
S01000634,619,293,326
S01000635,518,302,216
S01000636,439,276,163
S01000637,542,328,214
S01000638,511,327,184
S01000639,530,331,199
S01000640,620,407,213
S01000641,670,398,272
S01000642,751,413,338
S01000643,572,333,239
S01000644,602,368,234
S01000645,825,456,369
S01000646,683,412,271
S01000647,653,335,318
S01000648,719,276,443
S01000649,496,290,206
S01000650,585,282,303
S01000651,733,350,383
S01000652,663,368,295
S01000653,831,314,517
S01000654,793,333,460
S01000655,613,237,376
S01000656,647,250,397
S01000657,679,263,416
S01000658,486,176,310
S01000659,1109,634,475
S01000660,882,558,324
S01000661,716,288,428
S01000662,605,392,213
S01000663,642,319,323
S01000664,698,390,308
S01000665,583,312,271
S01000666,440,275,165
S01000667,836,435,401
S01000668,672,258,414
S01000669,717,259,458
S01000670,547,282,265
S01000671,499,287,212
S01000672,573,302,271
S01000673,612,377,235
S01000674,914,471,443
S01000675,579,366,213
S01000676,384,201,183
S01000677,738,335,403
S01000678,754,401,353
S01000679,628,196,432
S01000680,805,290,515
S01000681,808,249,559
S01000682,671,221,450
S01000683,456,226,230
S01000684,656,212,444
S01000685,789,362,427
S01000686,650,275,375
S01000687,692,287,405
S01000688,616,314,302
S01000689,517,293,224
S01000690,817,525,292
S01000691,675,318,357
S01000692,588,219,369
S01000693,821,297,524
S01000694,556,265,291
S01000695,647,324,323
S01000696,659,255,404
S01000697,730,465,265
S01000698,521,211,310
S01000699,505,238,267
S01000700,640,370,270
S01000701,877,494,383
S01000702,444,235,209
S01000703,627,323,304
S01000704,805,416,389
S01000705,907,556,351
S01000706,716,442,274
S01000707,516,307,209
S01000708,466,279,187
S01000709,866,528,338
S01000710,881,479,402
S01000711,435,250,185
S01000712,527,285,242
S01000713,606,318,288
S01000714,815,441,374
S01000715,562,209,353
S01000716,458,129,329
S01000717,723,242,481
S01000718,667,286,381
S01000719,556,306,250
S01000720,690,406,284
S01000721,568,313,255
S01000722,713,305,408
S01000723,390,242,148
S01000724,657,274,383
S01000725,528,328,200
S01000726,627,322,305
S01000727,491,200,291
S01000728,569,353,216
S01000729,437,168,269
S01000730,340,171,169
S01000731,454,116,338
S01000732,487,123,364
S01000733,612,229,383
S01000734,724,434,290
S01000735,394,180,214
S01000736,654,362,292
S01000737,404,179,225
S01000738,394,191,203
S01000739,634,267,367
S01000740,592,325,267
S01000741,707,401,306
S01000742,538,323,215
S01000743,759,407,352
S01000744,640,205,435
S01000745,563,264,299
S01000746,628,291,337
S01000747,474,196,278
S01000748,398,141,257
S01000749,404,145,259
S01000750,608,335,273
S01000751,598,363,235
S01000752,749,241,508
S01000753,484,240,244
S01000754,659,334,325
S01000755,617,326,291
S01000756,884,438,446
S01000757,672,377,295
S01000758,1071,684,387
S01000759,807,400,407
S01000760,435,250,185
S01000761,536,324,212
S01000762,521,312,209
S01000763,640,366,274
S01000764,570,315,255
S01000765,551,403,148
S01000766,605,295,310
S01000767,503,138,365
S01000768,691,213,478
S01000769,714,190,524
S01000770,515,187,328
S01000771,794,441,353
S01000772,559,273,286
S01000773,729,393,336
S01000774,540,303,237
S01000775,665,345,320
S01000776,487,333,154
S01000777,211,121,90
S01000778,413,262,151
S01000779,611,355,256
S01000780,688,297,391
S01000781,684,467,217
S01000782,572,384,188
S01000783,406,233,173
S01000784,664,469,195
S01000785,625,366,259
S01000786,637,377,260
S01000787,442,271,171
S01000788,534,296,238
S01000789,632,300,332
S01000790,423,282,141
S01000791,475,242,233
S01000792,553,361,192
S01000793,530,247,283
S01000794,733,280,453
S01000795,781,378,403
S01000796,371,200,171
S01000797,337,164,173
S01000798,405,192,213
S01000799,1478,375,1103
S01000800,854,505,349
S01000801,528,287,241
S01000802,626,378,248
S01000803,826,494,332
S01000804,765,398,367
S01000805,681,381,300
S01000806,686,405,281
S01000807,653,303,350
S01000808,638,349,289
S01000809,523,240,283
S01000810,581,341,240
S01000811,674,408,266
S01000812,1024,424,600
S01000813,632,360,272
S01000814,577,205,372
S01000815,432,79,353
S01000816,519,106,413
S01000817,745,349,396
S01000818,783,339,444
S01000819,754,381,373
S01000820,487,285,202
S01000821,733,261,472
S01000822,437,188,249
S01000823,411,158,253
S01000824,612,340,272
S01000825,626,385,241
S01000826,512,253,259
S01000827,608,378,230
S01000828,779,431,348
S01000829,584,344,240
S01000830,724,418,306
S01000831,702,342,360
S01000832,787,356,431
S01000833,872,477,395
S01000834,821,395,426
S01000835,598,226,372
S01000836,594,177,417
S01000837,851,207,644
S01000838,524,283,241
S01000839,1067,527,540
S01000840,548,237,311
S01000841,721,241,480
S01000842,736,451,285
S01000843,751,331,420
S01000844,661,263,398
S01000845,437,224,213
S01000846,568,167,401
S01000847,824,330,494
S01000848,565,342,223
S01000849,382,199,183
S01000850,572,217,355
S01000851,607,358,249
S01000852,619,306,313
S01000853,458,176,282
S01000854,677,269,408
S01000855,614,306,308
S01000856,418,217,201
S01000857,384,188,196
S01000858,721,411,310
S01000859,936,552,384
S01000860,702,237,465
S01000861,551,308,243
S01000862,443,271,172
S01000863,451,202,249
S01000864,921,534,387
S01000865,870,425,445
S01000866,677,317,360
S01000867,699,234,465
S01000868,541,222,319
S01000869,423,162,261
S01000870,650,241,409
S01000871,708,376,332
S01000872,659,394,265
S01000873,2610,1189,1421
S01000874,402,134,268
S01000875,1124,610,514
S01000876,574,248,326
S01000877,543,159,384
S01000878,478,295,183
S01000879,773,475,298
S01000880,673,439,234
S01000881,550,260,290
S01000882,749,309,440
S01000883,690,320,370
S01000884,492,224,268
S01000885,418,284,134
S01000886,539,271,268
S01000887,592,354,238
S01000888,543,207,336
S01000889,600,316,284
S01000890,634,295,339
S01000891,758,432,326
S01000892,422,279,143
S01000893,505,344,161
S01000894,438,247,191
S01000895,770,429,341
S01000896,411,297,114
S01000897,598,382,216
S01000898,449,242,207
S01000899,675,294,381
S01000900,528,313,215
S01000901,516,286,230
S01000902,813,472,341
S01000903,862,493,369
S01000904,604,339,265
S01000905,581,318,263
S01000906,465,267,198
S01000907,633,256,377
S01000908,633,272,361
S01000909,818,484,334
S01000910,687,379,308
S01000911,894,558,336
S01000912,565,299,266
S01000913,521,255,266
S01000914,632,392,240
S01000915,783,461,322
S01000916,870,505,365
S01000917,588,298,290
S01000918,483,252,231
S01000919,535,283,252
S01000920,480,274,206
S01000921,545,317,228
S01000922,755,359,396
S01000923,708,369,339
S01000924,715,312,403
S01000925,818,414,404
S01000926,772,329,443
S01000927,757,365,392
S01000928,810,457,353
S01000929,359,102,257
S01000930,382,102,280
S01000931,528,243,285
S01000932,846,398,448
S01000933,838,365,473
S01000934,763,235,528
S01000935,652,290,362
S01000936,725,369,356
S01000937,470,185,285
S01000938,629,293,336
S01000939,636,320,316
S01000940,774,426,348
S01000941,408,175,233
S01000942,872,389,483
S01000943,740,472,268
S01000944,721,352,369
S01000945,619,276,343
S01000946,648,338,310
S01000947,598,318,280
S01000948,677,437,240
S01000949,528,335,193
S01000950,727,393,334
S01000951,729,342,387
S01000952,741,420,321
S01000953,770,520,250
S01000954,882,483,399
S01000955,525,347,178
S01000956,680,267,413
S01000957,457,236,221
S01000958,665,336,329
S01000959,586,339,247
S01000960,516,262,254
S01000961,725,398,327
S01000962,564,244,320
S01000963,683,311,372
S01000964,819,496,323
S01000965,480,182,298
S01000966,879,370,509
S01000967,485,193,292
S01000968,901,515,386
S01000969,775,329,446
S01000970,668,296,372
S01000971,539,215,324
S01000972,783,485,298
S01000973,502,230,272
S01000974,1001,635,366
S01000975,529,323,206
S01000976,429,229,200
S01000977,777,418,359
S01000978,667,357,310
S01000979,578,313,265
S01000980,586,315,271
S01000981,573,352,221
S01000982,623,371,252
S01000983,448,267,181
S01000984,519,304,215
S01000985,556,251,305
S01000986,503,273,230
S01000987,551,328,223
S01000988,458,317,141
S01000989,696,406,290
S01000990,697,363,334
S01000991,360,204,156
S01000992,922,506,416
S01000993,712,413,299
S01000994,907,470,437
S01000995,646,411,235
S01000996,952,449,503
S01000997,760,480,280
S01000998,580,185,395
S01000999,528,303,225
S01001000,490,212,278
S01001001,459,253,206
S01001002,526,238,288
S01001003,713,422,291
S01001004,539,328,211
S01001005,711,418,293
S01001006,590,379,211
S01001007,738,277,461
S01001008,679,258,421
S01001009,522,247,275
S01001010,795,234,561
S01001011,475,278,197
S01001012,640,362,278
S01001013,798,321,477
S01001014,756,185,571
S01001015,450,145,305
S01001016,731,418,313
S01001017,670,274,396
S01001018,660,239,421
S01001019,833,241,592
S01001020,427,189,238
S01001021,831,395,436
S01001022,728,278,450
S01001023,839,509,330
S01001024,1434,793,641
S01001025,1050,606,444
S01001026,758,412,346
S01001027,811,449,362
S01001028,618,243,375
S01001029,577,190,387
S01001030,596,374,222
S01001031,770,323,447
S01001032,540,174,366
S01001033,553,187,366
S01001034,542,140,402
S01001035,392,158,234
S01001036,495,149,346
S01001037,704,260,444
S01001038,634,397,237
S01001039,465,278,187
S01001040,578,361,217
S01001041,567,332,235
S01001042,808,436,372
S01001043,539,302,237
S01001044,789,448,341
S01001045,558,325,233
S01001046,686,357,329
S01001047,771,455,316
S01001048,507,297,210
S01001049,518,248,270
S01001050,827,473,354
S01001051,517,240,277
S01001052,441,212,229
S01001053,653,387,266
S01001054,602,309,293
S01001055,743,308,435
S01001056,589,266,323
S01001057,537,287,250
S01001058,653,291,362
S01001059,479,201,278
S01001060,585,267,318
S01001061,620,326,294
S01001062,483,317,166
S01001063,730,437,293
S01001064,620,301,319
S01001065,645,319,326
S01001066,652,381,271
S01001067,663,394,269
S01001068,766,453,313
S01001069,717,420,297
S01001070,729,418,311
S01001071,578,364,214
S01001072,752,436,316
S01001073,955,562,393
S01001074,415,264,151
S01001075,815,391,424
S01001076,688,385,303
S01001077,775,402,373
S01001078,774,407,367
S01001079,437,253,184
S01001080,601,359,242
S01001081,533,256,277
S01001082,826,394,432
S01001083,691,382,309
S01001084,788,443,345
S01001085,654,323,331
S01001086,579,273,306
S01001087,425,221,204
S01001088,813,387,426
S01001089,805,418,387
S01001090,776,237,539
S01001091,559,108,451
S01001092,930,174,756
S01001093,822,120,702
S01001094,766,430,336
S01001095,1484,87,1397
S01001096,865,101,764
S01001097,591,277,314
S01001098,801,326,475
S01001099,1824,164,1660
S01001100,894,210,684
S01001101,1492,65,1427
S01001102,1335,71,1264
S01001103,584,309,275
S01001104,719,104,615
S01001105,694,436,258
S01001106,782,425,357
S01001107,886,200,686
S01001108,1507,290,1217
S01001109,1573,144,1429
S01001110,691,130,561
S01001111,984,152,832
S01001112,729,247,482
S01001113,980,182,798
S01001114,799,117,682
S01001115,625,158,467
S01001116,651,234,417
S01001117,530,89,441
S01001118,468,207,261
S01001119,869,240,629
S01001120,572,230,342
S01001121,550,119,431
S01001122,631,106,525
S01001123,858,393,465
S01001124,552,213,339
S01001125,301,90,211
S01001126,738,415,323
S01001127,696,239,457
S01001128,562,347,215
S01001129,773,202,571
S01001130,647,205,442
S01001131,417,114,303
S01001132,580,252,328
S01001133,887,358,529
S01001134,727,423,304
S01001135,277,81,196
S01001136,876,159,717
S01001137,943,181,762
S01001138,1209,273,936
S01001139,658,244,414
S01001140,889,215,674
S01001141,434,110,324
S01001142,791,450,341
S01001143,676,387,289
S01001144,566,207,359
S01001145,539,206,333
S01001146,695,420,275
S01001147,684,129,555
S01001148,641,392,249
S01001149,547,202,345
S01001150,575,136,439
S01001151,503,122,381
S01001152,818,245,573
S01001153,626,318,308
S01001154,613,373,240
S01001155,518,301,217
S01001156,664,153,511
S01001157,634,370,264
S01001158,541,209,332
S01001159,658,329,329
S01001160,483,184,299
S01001161,497,220,277
S01001162,725,415,310
S01001163,610,135,475
S01001164,551,169,382
S01001165,677,167,510
S01001166,230,49,181
S01001167,720,428,292
S01001168,674,120,554
S01001169,891,228,663
S01001170,643,133,510
S01001171,495,182,313
S01001172,501,93,408
S01001173,688,251,437
S01001174,528,108,420
S01001175,669,205,464
S01001176,674,300,374
S01001177,742,218,524
S01001178,731,332,399
S01001179,777,488,289
S01001180,633,139,494
S01001181,718,461,257
S01001182,724,237,487
S01001183,733,174,559
S01001184,685,375,310
S01001185,450,300,150
S01001186,583,376,207
S01001187,737,252,485
S01001188,690,122,568
S01001189,846,312,534
S01001190,568,359,209
S01001191,583,139,444
S01001192,851,203,648
S01001193,716,400,316
S01001194,762,458,304
S01001195,811,362,449
S01001196,880,179,701
S01001197,416,145,271
S01001198,576,232,344
S01001199,690,219,471
S01001200,808,209,599
S01001201,540,161,379
S01001202,481,180,301
S01001203,617,186,431
S01001204,642,433,209
S01001205,618,310,308
S01001206,646,163,483
S01001207,615,232,383
S01001208,465,148,317
S01001209,403,203,200
S01001210,676,241,435
S01001211,876,458,418
S01001212,472,114,358
S01001213,799,184,615
S01001214,647,241,406
S01001215,632,318,314
S01001216,720,282,438
S01001217,818,217,601
S01001218,632,373,259
S01001219,684,359,325
S01001220,417,160,257
S01001221,1094,664,430
S01001222,879,270,609
S01001223,608,335,273
S01001224,720,248,472
S01001225,790,458,332
S01001226,348,126,222
S01001227,548,290,258
S01001228,634,349,285
S01001229,611,308,303
S01001230,637,225,412
S01001231,520,227,293
S01001232,1724,1068,656
S01001233,724,222,502
S01001234,384,106,278
S01001235,635,268,367
S01001236,690,276,414
S01001237,469,221,248
S01001238,406,136,270
S01001239,438,100,338
S01001240,612,272,340
S01001241,458,200,258
S01001242,736,368,368
S01001243,834,291,543
S01001244,629,256,373
S01001245,589,194,395
S01001246,808,364,444
S01001247,468,217,251
S01001248,649,329,320
S01001249,522,240,282
S01001250,709,333,376
S01001251,402,132,270
S01001252,448,199,249
S01001253,466,116,350
S01001254,533,241,292
S01001255,638,245,393
S01001256,575,242,333
S01001257,580,218,362
S01001258,459,145,314
S01001259,675,330,345
S01001260,560,135,425
S01001261,676,182,494
S01001262,808,434,374
S01001263,393,189,204
S01001264,1450,775,675
S01001265,450,263,187
S01001266,607,337,270
S01001267,771,297,474
S01001268,558,330,228
S01001269,458,245,213
S01001270,524,220,304
S01001271,558,187,371
S01001272,598,252,346
S01001273,638,273,365
S01001274,588,270,318
S01001275,560,222,338
S01001276,490,289,201
S01001277,642,310,332
S01001278,336,195,141
S01001279,547,230,317
S01001280,475,240,235
S01001281,625,251,374
S01001282,669,364,305
S01001283,442,190,252
S01001284,776,392,384
S01001285,532,255,277
S01001286,376,187,189
S01001287,621,253,368
S01001288,745,327,418
S01001289,592,308,284
S01001290,536,311,225
S01001291,312,148,164
S01001292,593,208,385
S01001293,662,324,338
S01001294,517,215,302
S01001295,704,331,373
S01001296,509,194,315
S01001297,686,295,391
S01001298,709,293,416
S01001299,731,356,375
S01001300,1206,667,539
S01001301,451,199,252
S01001302,669,420,249
S01001303,493,301,192
S01001304,1087,703,384
S01001305,622,271,351
S01001306,576,262,314
S01001307,960,519,441
S01001308,776,285,491
S01001309,527,178,349
S01001310,649,232,417
S01001311,514,250,264
S01001312,613,236,377
S01001313,742,329,413
S01001314,634,374,260
S01001315,868,502,366
S01001316,732,288,444
S01001317,761,373,388
S01001318,462,250,212
S01001319,563,271,292
S01001320,701,276,425
S01001321,481,284,197
S01001322,697,405,292
S01001323,443,197,246
S01001324,702,189,513
S01001325,541,210,331
S01001326,741,358,383
S01001327,643,250,393
S01001328,656,243,413
S01001329,456,181,275
S01001330,724,465,259
S01001331,700,299,401
S01001332,707,300,407
S01001333,699,196,503
S01001334,636,241,395
S01001335,796,315,481
S01001336,705,326,379
S01001337,630,382,248
S01001338,586,226,360
S01001339,619,294,325
S01001340,577,224,353
S01001341,740,255,485
S01001342,795,358,437
S01001343,763,349,414
S01001344,654,371,283
S01001345,543,182,361
S01001346,607,337,270
S01001347,605,382,223
S01001348,561,240,321
S01001349,1164,445,719
S01001350,526,216,310
S01001351,399,182,217
S01001352,690,384,306
S01001353,1031,672,359
S01001354,663,246,417
S01001355,618,345,273
S01001356,573,327,246
S01001357,645,191,454
S01001358,764,374,390
S01001359,620,344,276
S01001360,926,489,437
S01001361,558,244,314
S01001362,488,319,169
S01001363,505,114,391
S01001364,723,320,403
S01001365,510,209,301
S01001366,787,487,300
S01001367,611,282,329
S01001368,960,603,357
S01001369,796,388,408
S01001370,707,370,337
S01001371,620,193,427
S01001372,583,362,221
S01001373,619,293,326
S01001374,439,285,154
S01001375,544,358,186
S01001376,701,176,525
S01001377,649,260,389
S01001378,545,276,269
S01001379,853,400,453
S01001380,689,247,442
S01001381,681,364,317
S01001382,612,130,482
S01001383,475,226,249
S01001384,744,312,432
S01001385,663,198,465
S01001386,747,262,485
S01001387,750,391,359
S01001388,1049,302,747
S01001389,392,190,202
S01001390,621,335,286
S01001391,551,227,324
S01001392,563,139,424
S01001393,451,245,206
S01001394,336,85,251
S01001395,683,315,368
S01001396,622,236,386
S01001397,611,178,433
S01001398,672,417,255
S01001399,655,212,443
S01001400,733,257,476
S01001401,544,192,352
S01001402,703,446,257
S01001403,940,638,302
S01001404,494,310,184
S01001405,920,589,331
S01001406,1942,1159,783
S01001407,708,394,314
S01001408,730,319,411
S01001409,733,397,336
S01001410,850,463,387
S01001411,525,310,215
S01001412,713,286,427
S01001413,706,445,261
S01001414,547,194,353
S01001415,678,226,452
S01001416,561,287,274
S01001417,787,437,350
S01001418,725,465,260
S01001419,590,307,283
S01001420,906,608,298
S01001421,912,535,377
S01001422,573,377,196
S01001423,629,291,338
S01001424,856,289,567
S01001425,1264,620,644
S01001426,695,306,389
S01001427,697,422,275
S01001428,718,294,424
S01001429,524,173,351
S01001430,800,460,340
S01001431,756,450,306
S01001432,540,304,236
S01001433,713,448,265
S01001434,751,431,320
S01001435,862,500,362
S01001436,809,480,329
S01001437,779,478,301
S01001438,492,324,168
S01001439,620,365,255
S01001440,742,418,324
S01001441,676,403,273
S01001442,578,366,212
S01001443,777,469,308
S01001444,761,391,370
S01001445,580,337,243
S01001446,767,498,269
S01001447,1109,624,485
S01001448,645,334,311
S01001449,492,308,184
S01001450,672,378,294
S01001451,560,355,205
S01001452,686,412,274
S01001453,667,434,233
S01001454,777,489,288
S01001455,622,351,271
S01001456,582,350,232
S01001457,763,472,291
S01001458,780,437,343
S01001459,735,515,220
S01001460,543,333,210
S01001461,694,439,255
S01001462,679,436,243
S01001463,457,267,190
S01001464,728,441,287
S01001465,573,372,201
S01001466,586,367,219
S01001467,668,422,246
S01001468,555,353,202
S01001469,699,419,280
S01001470,727,486,241
S01001471,592,383,209
S01001472,676,436,240
S01001473,662,376,286
S01001474,690,373,317
S01001475,507,319,188
S01001476,775,516,259
S01001477,753,470,283
S01001478,556,393,163
S01001479,518,283,235
S01001480,411,265,146
S01001481,715,443,272
S01001482,568,207,361
S01001483,835,590,245
S01001484,668,461,207
S01001485,505,315,190
S01001486,623,388,235
S01001487,542,247,295
S01001488,714,449,265
S01001489,627,311,316
S01001490,815,286,529
S01001491,690,450,240
S01001492,755,289,466
S01001493,750,444,306
S01001494,748,299,449
S01001495,508,346,162
S01001496,758,460,298
S01001497,642,213,429
S01001498,559,362,197
S01001499,861,480,381
S01001500,447,177,270
S01001501,709,469,240
S01001502,712,422,290
S01001503,664,389,275
S01001504,756,299,457
S01001505,850,554,296
S01001506,520,180,340
S01001507,718,479,239
S01001508,725,478,247
S01001509,673,277,396
S01001510,540,241,299
S01001511,488,311,177
S01001512,645,206,439
S01001513,667,146,521
S01001514,648,346,302
S01001515,581,362,219
S01001516,589,249,340
S01001517,755,248,507
S01001518,833,341,492
S01001519,815,506,309
S01001520,568,262,306
S01001521,828,457,371
S01001522,891,366,525
S01001523,599,378,221
S01001524,764,303,461
S01001525,664,334,330
S01001526,531,289,242
S01001527,715,341,374
S01001528,794,513,281
S01001529,600,279,321
S01001530,592,259,333
S01001531,916,398,518
S01001532,480,281,199
S01001533,767,498,269
S01001534,567,379,188
S01001535,712,407,305
S01001536,646,311,335
S01001537,414,167,247
S01001538,653,408,245
S01001539,769,419,350
S01001540,625,398,227
S01001541,710,429,281
S01001542,576,330,246
S01001543,592,319,273
S01001544,771,369,402
S01001545,627,340,287
S01001546,781,279,502
S01001547,771,305,466
S01001548,815,476,339
S01001549,831,440,391
S01001550,642,378,264
S01001551,742,429,313
S01001552,695,334,361
S01001553,747,455,292
S01001554,790,486,304
S01001555,601,266,335
S01001556,691,369,322
S01001557,787,487,300
S01001558,690,365,325
S01001559,340,164,176
S01001560,1318,229,1089
S01001561,1023,549,474
S01001562,1911,1059,852
S01001563,492,274,218
S01001564,457,244,213
S01001565,616,239,377
S01001566,521,297,224
S01001567,783,443,340
S01001568,610,364,246
S01001569,614,328,286
S01001570,390,235,155
S01001571,561,209,352
S01001572,448,243,205
S01001573,526,316,210
S01001574,709,305,404
S01001575,615,254,361
S01001576,510,244,266
S01001577,594,309,285
S01001578,631,311,320
S01001579,668,288,380
S01001580,491,263,228
S01001581,560,318,242
S01001582,584,235,349
S01001583,387,185,202
S01001584,635,291,344
S01001585,769,258,511
S01001586,381,243,138
S01001587,638,245,393
S01001588,596,234,362
S01001589,681,325,356
S01001590,521,230,291
S01001591,506,220,286
S01001592,623,258,365
S01001593,680,276,404
S01001594,735,227,508
S01001595,539,175,364
S01001596,678,326,352
S01001597,722,188,534
S01001598,579,342,237
S01001599,833,230,603
S01001600,887,307,580
S01001601,982,604,378
S01001602,539,293,246
S01001603,857,361,496
S01001604,459,169,290
S01001605,630,355,275
S01001606,501,195,306
S01001607,2070,1069,1001
S01001608,710,375,335
S01001609,708,338,370
S01001610,637,312,325
S01001611,835,505,330
S01001612,689,435,254
S01001613,608,282,326
S01001614,581,226,355
S01001615,650,263,387
S01001616,544,390,154
S01001617,511,225,286
S01001618,778,406,372
S01001619,575,280,295
S01001620,776,359,417
S01001621,565,294,271
S01001622,665,251,414
S01001623,648,307,341
S01001624,819,396,423
S01001625,632,254,378
S01001626,576,283,293
S01001627,1106,519,587
S01001628,453,195,258
S01001629,487,255,232
S01001630,460,159,301
S01001631,1098,564,534
S01001632,447,270,177
S01001633,732,516,216
S01001634,777,480,297
S01001635,620,311,309
S01001636,419,257,162
S01001637,584,341,243
S01001638,744,340,404
S01001639,611,325,286
S01001640,557,387,170
S01001641,1158,746,412
S01001642,787,462,325
S01001643,605,347,258
S01001644,1275,740,535
S01001645,805,353,452
S01001646,493,286,207
S01001647,576,325,251
S01001648,620,320,300
S01001649,628,270,358
S01001650,617,297,320
S01001651,753,391,362
S01001652,637,431,206
S01001653,525,185,340
S01001654,705,469,236
S01001655,470,285,185
S01001656,1097,556,541
S01001657,408,259,149
S01001658,816,481,335
S01001659,563,352,211
S01001660,577,380,197
S01001661,667,407,260
S01001662,593,300,293
S01001663,673,431,242
S01001664,423,281,142
S01001665,754,412,342
S01001666,462,270,192
S01001667,705,394,311
S01001668,724,457,267
S01001669,586,192,394
S01001670,492,288,204
S01001671,424,249,175
S01001672,476,206,270
S01001673,521,290,231
S01001674,582,276,306
S01001675,566,359,207
S01001676,946,602,344
S01001677,687,438,249
S01001678,687,411,276
S01001679,696,444,252
S01001680,504,341,163
S01001681,529,361,168
S01001682,502,286,216
S01001683,618,373,245
S01001684,429,274,155
S01001685,590,285,305
S01001686,727,473,254
S01001687,832,429,403
S01001688,721,356,365
S01001689,567,362,205
S01001690,663,383,280
S01001691,702,478,224
S01001692,508,266,242
S01001693,620,388,232
S01001694,541,267,274
S01001695,628,343,285
S01001696,601,323,278
S01001697,694,388,306
S01001698,421,204,217
S01001699,484,324,160
S01001700,774,535,239
S01001701,746,338,408
S01001702,859,461,398
S01001703,643,365,278
S01001704,765,495,270
S01001705,493,288,205
S01001706,633,408,225
S01001707,617,244,373
S01001708,814,406,408
S01001709,477,237,240
S01001710,553,270,283
S01001711,613,366,247
S01001712,381,206,175
S01001713,685,422,263
S01001714,558,365,193
S01001715,679,468,211
S01001716,710,309,401
S01001717,618,392,226
S01001718,415,239,176
S01001719,614,406,208
S01001720,501,321,180
S01001721,602,341,261
S01001722,584,324,260
S01001723,711,456,255
S01001724,616,261,355
S01001725,614,273,341
S01001726,512,328,184
S01001727,811,453,358
S01001728,489,328,161
S01001729,779,446,333
S01001730,502,350,152
S01001731,542,351,191
S01001732,471,276,195
S01001733,723,357,366
S01001734,434,278,156
S01001735,378,234,144
S01001736,900,622,278
S01001737,476,303,173
S01001738,473,312,161
S01001739,488,285,203
S01001740,608,329,279
S01001741,496,220,276
S01001742,554,211,343
S01001743,753,268,485
S01001744,436,273,163
S01001745,661,378,283
S01001746,799,478,321
S01001747,712,312,400
S01001748,515,337,178
S01001749,622,275,347
S01001750,574,314,260
S01001751,757,343,414
S01001752,762,494,268
S01001753,610,238,372
S01001754,584,392,192
S01001755,839,437,402
S01001756,570,310,260
S01001757,628,323,305
S01001758,627,354,273
S01001759,564,123,441
S01001760,642,288,354
S01001761,603,185,418
S01001762,791,390,401
S01001763,600,422,178
S01001764,413,252,161
S01001765,818,365,453
S01001766,525,309,216
S01001767,479,297,182
S01001768,500,263,237
S01001769,554,310,244
S01001770,470,97,373
S01001771,680,326,354
S01001772,456,179,277
S01001773,780,303,477
S01001774,512,282,230
S01001775,669,393,276
S01001776,533,200,333
S01001777,707,428,279
S01001778,748,281,467
S01001779,463,264,199
S01001780,719,308,411
S01001781,536,335,201
S01001782,807,477,330
S01001783,421,123,298
S01001784,495,248,247
S01001785,538,324,214
S01001786,493,279,214
S01001787,501,333,168
S01001788,678,414,264
S01001789,560,222,338
S01001790,584,355,229
S01001791,586,402,184
S01001792,562,339,223
S01001793,690,379,311
S01001794,732,455,277
S01001795,363,213,150
S01001796,698,499,199
S01001797,561,269,292
S01001798,701,514,187
S01001799,765,289,476
S01001800,751,470,281
S01001801,788,557,231
S01001802,653,312,341
S01001803,817,453,364
S01001804,801,414,387
S01001805,599,307,292
S01001806,555,323,232
S01001807,707,454,253
S01001808,460,228,232
S01001809,796,204,592
S01001810,745,410,335
S01001811,570,393,177
S01001812,689,486,203
S01001813,597,371,226
S01001814,576,367,209
S01001815,698,437,261
S01001816,848,589,259
S01001817,550,230,320
S01001818,650,433,217
S01001819,808,570,238
S01001820,590,182,408
S01001821,372,287,85
S01001822,873,431,442
S01001823,682,232,450
S01001824,617,313,304
S01001825,660,384,276
S01001826,489,120,369
S01001827,652,256,396
S01001828,551,348,203
S01001829,606,275,331
S01001830,721,486,235
S01001831,623,270,353
S01001832,554,236,318
S01001833,928,595,333
S01001834,527,195,332
S01001835,513,303,210
S01001836,723,411,312
S01001837,744,459,285
S01001838,528,234,294
S01001839,712,232,480
S01001840,590,398,192
S01001841,540,245,295
S01001842,624,331,293
S01001843,570,175,395
S01001844,2308,527,1781
S01001845,603,425,178
S01001846,676,455,221
S01001847,721,271,450
S01001848,619,204,415
S01001849,486,326,160
S01001850,595,236,359
S01001851,700,415,285
S01001852,652,429,223
S01001853,616,400,216
S01001854,785,470,315
S01001855,644,370,274
S01001856,653,209,444
S01001857,564,257,307
S01001858,787,408,379
S01001859,817,341,476
S01001860,810,464,346
S01001861,663,193,470
S01001862,661,441,220
S01001863,685,453,232
S01001864,1023,297,726
S01001865,505,124,381
S01001866,556,384,172
S01001867,574,251,323
S01001868,677,373,304
S01001869,725,384,341
S01001870,719,196,523
S01001871,1398,716,682
S01001872,735,344,391
S01001873,659,417,242
S01001874,821,257,564
S01001875,706,523,183
S01001876,837,303,534
S01001877,688,193,495
S01001878,868,604,264
S01001879,517,88,429
S01001880,606,159,447
S01001881,637,401,236
S01001882,627,301,326
S01001883,434,277,157
S01001884,771,282,489
S01001885,977,637,340
S01001886,486,109,377
S01001887,670,346,324
S01001888,709,468,241
S01001889,466,243,223
S01001890,779,316,463
S01001891,595,228,367
S01001892,775,205,570
S01001893,806,210,596
S01001894,567,116,451
S01001895,685,274,411
S01001896,625,380,245
S01001897,708,158,550
S01001898,534,157,377
S01001899,639,328,311
S01001900,628,312,316
S01001901,757,409,348
S01001902,744,391,353
S01001903,469,170,299
S01001904,531,208,323
S01001905,733,364,369
S01001906,535,178,357
S01001907,665,256,409
S01001908,802,402,400
S01001909,552,144,408
S01001910,596,245,351
S01001911,563,325,238
S01001912,610,260,350
S01001913,798,427,371
S01001914,464,288,176
S01001915,755,440,315
S01001916,789,212,577
S01001917,581,362,219
S01001918,827,165,662
S01001919,695,302,393
S01001920,612,209,403
S01001921,522,212,310
S01001922,657,403,254
S01001923,480,222,258
S01001924,621,296,325
S01001925,622,416,206
S01001926,529,219,310
S01001927,800,404,396
S01001928,865,200,665
S01001929,862,433,429
S01001930,712,146,566
S01001931,586,221,365
S01001932,1408,436,972
S01001933,682,410,272
S01001934,1353,422,931
S01001935,733,158,575
S01001936,959,432,527
S01001937,777,342,435
S01001938,551,179,372
S01001939,503,111,392
S01001940,677,323,354
S01001941,881,436,445
S01001942,492,149,343
S01001943,541,214,327
S01001944,670,337,333
S01001945,637,309,328
S01001946,626,181,445
S01001947,785,387,398
S01001948,604,156,448
S01001949,550,194,356
S01001950,795,225,570
S01001951,818,263,555
S01001952,607,336,271
S01001953,749,299,450
S01001954,382,209,173
S01001955,940,263,677
S01001956,546,215,331
S01001957,395,117,278
S01001958,746,213,533
S01001959,483,241,242
S01001960,806,325,481
S01001961,950,369,581
S01001962,738,319,419
S01001963,826,200,626
S01001964,643,260,383
S01001965,660,204,456
S01001966,1253,387,866
S01001967,529,127,402
S01001968,760,286,474
S01001969,544,238,306
S01001970,513,321,192
S01001971,666,191,475
S01001972,599,237,362
S01001973,585,260,325
S01001974,746,286,460
S01001975,734,295,439
S01001976,746,211,535
S01001977,706,211,495
S01001978,1024,322,702
S01001979,608,237,371
S01001980,751,194,557
S01001981,830,237,593
S01001982,304,78,226
S01001983,629,155,474
S01001984,814,141,673
S01001985,609,269,340
S01001986,604,106,498
S01001987,754,125,629
S01001988,622,290,332
S01001989,740,426,314
S01001990,858,260,598
S01001991,620,258,362
S01001992,665,345,320
S01001993,612,262,350
S01001994,801,220,581
S01001995,557,214,343
S01001996,784,118,666
S01001997,693,211,482
S01001998,573,234,339
S01001999,681,77,604
S01002000,637,283,354
S01002001,754,149,605
S01002002,676,101,575
S01002003,696,326,370
S01002004,739,214,525
S01002005,680,206,474
S01002006,678,369,309
S01002007,929,166,763
S01002008,830,223,607
S01002009,780,189,591
S01002010,493,79,414
S01002011,863,464,399
S01002012,730,188,542
S01002013,693,213,480
S01002014,782,139,643
S01002015,710,446,264
S01002016,548,119,429
S01002017,928,287,641
S01002018,661,421,240
S01002019,766,119,647
S01002020,549,25,524
S01002021,853,303,550
S01002022,780,404,376
S01002023,699,149,550
S01002024,608,197,411
S01002025,869,145,724
S01002026,563,352,211
S01002027,1137,97,1040
S01002028,2471,137,2334
S01002029,710,115,595
S01002030,703,108,595
S01002031,598,150,448
S01002032,706,152,554
S01002033,732,123,609
S01002034,725,98,627
S01002035,611,326,285
S01002036,850,155,695
S01002037,643,93,550
S01002038,468,98,370
S01002039,558,308,250
S01002040,572,100,472
S01002041,795,217,578
S01002042,833,373,460
S01002043,618,269,349
S01002044,470,120,350
S01002045,928,351,577
S01002046,548,71,477
S01002047,775,193,582
S01002048,844,80,764
S01002049,1069,146,923
S01002050,606,360,246
S01002051,648,251,397
S01002052,818,138,680
S01002053,941,106,835
S01002054,608,100,508
S01002055,782,421,361
S01002056,778,360,418
S01002057,783,436,347
S01002058,1018,108,910
S01002059,640,119,521
S01002060,738,44,694
S01002061,671,113,558
S01002062,485,178,307
S01002063,1113,145,968
S01002064,1025,176,849
S01002065,922,130,792
S01002066,990,190,800
S01002067,728,348,380
S01002068,887,165,722
S01002069,533,234,299
S01002070,619,103,516
S01002071,654,89,565
S01002072,941,474,467
S01002073,606,112,494
S01002074,577,346,231
S01002075,846,219,627
S01002076,817,95,722
S01002077,670,422,248
S01002078,880,451,429
S01002079,994,122,872
S01002080,806,518,288
S01002081,690,112,578
S01002082,774,254,520
S01002083,468,166,302
S01002084,754,168,586
S01002085,727,44,683
S01002086,600,80,520
S01002087,1003,108,895
S01002088,780,434,346
S01002089,838,494,344
S01002090,903,516,387
S01002091,784,88,696
S01002092,855,459,396
S01002093,948,103,845
S01002094,607,248,359
S01002095,518,260,258
S01002096,1109,719,390
S01002097,648,426,222
S01002098,634,313,321
S01002099,767,241,526
S01002100,467,234,233
S01002101,960,195,765
S01002102,514,132,382
S01002103,530,300,230
S01002104,1300,155,1145
S01002105,761,443,318
S01002106,929,77,852
S01002107,420,229,191
S01002108,1163,93,1070
S01002109,877,125,752
S01002110,588,293,295
S01002111,848,562,286
S01002112,882,463,419
S01002113,628,424,204
S01002114,568,379,189
S01002115,973,302,671
S01002116,668,302,366
S01002117,691,112,579
S01002118,1132,81,1051
S01002119,483,155,328
S01002120,601,311,290
S01002121,552,265,287
S01002122,790,492,298
S01002123,824,552,272
S01002124,822,472,350
S01002125,910,395,515
S01002126,496,308,188
S01002127,558,269,289
S01002128,728,173,555
S01002129,975,154,821
S01002130,465,274,191
S01002131,791,84,707
S01002132,685,282,403
S01002133,937,341,596
S01002134,483,313,170
S01002135,688,484,204
S01002136,697,278,419
S01002137,719,373,346
S01002138,605,208,397
S01002139,550,295,255
S01002140,663,198,465
S01002141,579,235,344
S01002142,897,548,349
S01002143,649,311,338
S01002144,590,388,202
S01002145,884,415,469
S01002146,898,244,654
S01002147,752,329,423
S01002148,680,464,216
S01002149,868,261,607
S01002150,578,212,366
S01002151,1432,322,1110
S01002152,712,300,412
S01002153,421,224,197
S01002154,708,237,471
S01002155,797,214,583
S01002156,663,193,470
S01002157,639,342,297
S01002158,697,331,366
S01002159,642,222,420
S01002160,806,162,644
S01002161,739,130,609
S01002162,809,396,413
S01002163,989,181,808
S01002164,637,259,378
S01002165,727,322,405
S01002166,739,255,484
S01002167,504,227,277
S01002168,952,243,709
S01002169,744,219,525
S01002170,747,282,465
S01002171,520,262,258
S01002172,611,386,225
S01002173,837,359,478
S01002174,806,202,604
S01002175,910,206,704
S01002176,657,371,286
S01002177,711,230,481
S01002178,828,201,627
S01002179,567,373,194
S01002180,537,128,409
S01002181,716,259,457
S01002182,711,212,499
S01002183,805,168,637
S01002184,628,411,217
S01002185,815,196,619
S01002186,654,151,503
S01002187,846,232,614
S01002188,643,332,311
S01002189,614,152,462
S01002190,794,193,601
S01002191,664,152,512
S01002192,734,338,396
S01002193,724,491,233
S01002194,662,295,367
S01002195,1041,244,797
S01002196,527,270,257
S01002197,656,147,509
S01002198,742,172,570
S01002199,741,180,561
S01002200,819,540,279
S01002201,985,265,720
S01002202,795,184,611
S01002203,436,75,361
S01002204,624,161,463
S01002205,641,225,416
S01002206,919,215,704
S01002207,663,385,278
S01002208,607,153,454
S01002209,870,207,663
S01002210,499,165,334
S01002211,539,131,408
S01002212,1001,225,776
S01002213,635,343,292
S01002214,693,193,500
S01002215,922,497,425
S01002216,1535,330,1205
S01002217,1197,230,967
S01002218,507,135,372
S01002219,551,332,219
S01002220,630,437,193
S01002221,892,177,715
S01002222,689,487,202
S01002223,599,379,220
S01002224,769,498,271
S01002225,912,189,723
S01002226,934,337,597
S01002227,694,201,493
S01002228,841,510,331
S01002229,597,384,213
S01002230,918,339,579
S01002231,880,211,669
S01002232,685,317,368
S01002233,862,177,685
S01002234,724,165,559
S01002235,933,275,658
S01002236,789,319,470
S01002237,1126,504,622
S01002238,464,134,330
S01002239,763,207,556
S01002240,828,227,601
S01002241,831,298,533
S01002242,625,367,258
S01002243,732,213,519
S01002244,825,212,613
S01002245,1908,498,1410
S01002246,888,185,703
S01002247,669,197,472
S01002248,977,458,519
S01002249,887,222,665
S01002250,766,353,413
S01002251,653,433,220
S01002252,655,320,335
S01002253,811,365,446
S01002254,806,167,639
S01002255,1545,403,1142
S01002256,1001,397,604
S01002257,586,293,293
S01002258,740,176,564
S01002259,462,194,268
S01002260,679,439,240
S01002261,863,465,398
S01002262,666,388,278
S01002263,688,466,222
S01002264,688,296,392
S01002265,1288,411,877
S01002266,659,145,514
S01002267,810,254,556
S01002268,583,367,216
S01002269,863,342,521
S01002270,1540,363,1177
S01002271,695,344,351
S01002272,641,222,419
S01002273,685,200,485
S01002274,1131,274,857
S01002275,1099,385,714
S01002276,672,471,201
S01002277,717,268,449
S01002278,843,230,613
S01002279,1053,273,780
S01002280,640,362,278
S01002281,472,137,335
S01002282,211,54,157
S01002283,564,317,247
S01002284,1675,621,1054
S01002285,850,184,666
S01002286,646,235,411
S01002287,561,278,283
S01002288,1177,284,893
S01002289,1084,311,773
S01002290,872,174,698
S01002291,631,102,529
S01002292,962,224,738
S01002293,639,301,338
S01002294,556,310,246
S01002295,581,300,281
S01002297,739,352,387
S01002298,550,287,263
S01002299,659,391,268
S01002300,658,380,278
S01002301,1634,613,1021
S01002302,704,246,458
S01002303,648,222,426
S01002304,1546,408,1138
S01002305,755,151,604
S01002306,412,145,267
S01002307,999,205,794
S01002308,833,374,459
S01002309,611,178,433
S01002310,949,208,741
S01002311,659,445,214
S01002312,562,117,445
S01002313,585,337,248
S01002314,751,342,409
S01002315,463,238,225
S01002316,570,357,213
S01002317,3230,938,2292
S01002318,789,196,593
S01002319,906,278,628
S01002320,512,268,244
S01002321,827,216,611
S01002322,589,212,377
S01002323,669,281,388
S01002324,589,191,398
S01002325,1576,512,1064
S01002326,908,253,655
S01002327,657,396,261
S01002328,590,310,280
S01002329,534,295,239
S01002330,602,310,292
S01002331,552,256,296
S01002332,692,423,269
S01002333,609,385,224
S01002334,751,466,285
S01002335,780,432,348
S01002336,820,488,332
S01002337,739,460,279
S01002338,381,107,274
S01002339,497,197,300
S01002340,511,240,271
S01002341,436,225,211
S01002342,499,234,265
S01002343,601,300,301
S01002344,421,221,200
S01002345,635,298,337
S01002346,788,353,435
S01002347,634,319,315
S01002348,810,430,380
S01002349,844,406,438
S01002350,761,383,378
S01002351,670,346,324
S01002352,770,378,392
S01002353,686,405,281
S01002354,710,394,316
S01002355,724,291,433
S01002356,765,259,506
S01002357,547,224,323
S01002358,430,223,207
S01002359,749,314,435
S01002360,560,184,376
S01002361,556,255,301
S01002362,648,363,285
S01002363,868,468,400
S01002364,535,201,334
S01002365,502,285,217
S01002366,705,359,346
S01002367,814,426,388
S01002368,760,428,332
S01002369,529,260,269
S01002370,611,305,306
S01002371,558,322,236
S01002372,656,329,327
S01002373,559,300,259
S01002374,657,341,316
S01002375,696,342,354
S01002376,713,356,357
S01002377,693,339,354
S01002378,418,252,166
S01002379,931,477,454
S01002380,656,349,307
S01002381,685,339,346
S01002382,485,213,272
S01002383,402,272,130
S01002384,423,193,230
S01002385,610,290,320
S01002386,808,455,353
S01002387,576,338,238
S01002388,598,363,235
S01002389,589,401,188
S01002390,892,588,304
S01002391,1131,787,344
S01002392,1413,905,508
S01002393,794,510,284
S01002394,648,363,285
S01002395,612,366,246
S01002396,584,293,291
S01002397,1482,607,875
S01002398,686,441,245
S01002399,805,386,419
S01002400,689,386,303
S01002401,853,576,277
S01002402,648,282,366
S01002403,568,217,351
S01002404,825,479,346
S01002405,610,351,259
S01002406,746,281,465
S01002407,539,293,246
S01002408,683,335,348
S01002409,593,280,313
S01002410,426,267,159
S01002411,1965,1209,756
S01002412,768,424,344
S01002413,502,226,276
S01002414,488,169,319
S01002415,582,258,324
S01002416,472,306,166
S01002417,540,323,217
S01002418,755,364,391
S01002419,458,313,145
S01002420,539,242,297
S01002421,694,482,212
S01002422,461,275,186
S01002423,766,331,435
S01002424,684,343,341
S01002425,730,383,347
S01002426,625,184,441
S01002427,717,389,328
S01002428,453,234,219
S01002429,745,278,467
S01002430,548,269,279
S01002431,677,338,339
S01002432,1189,668,521
S01002433,465,191,274
S01002434,761,360,401
S01002435,529,225,304
S01002436,689,276,413
S01002437,682,340,342
S01002438,529,241,288
S01002439,630,316,314
S01002440,702,274,428
S01002441,562,337,225
S01002442,420,164,256
S01002443,548,236,312
S01002444,399,110,289
S01002445,758,297,461
S01002446,852,406,446
S01002447,549,260,289
S01002448,410,193,217
S01002449,494,328,166
S01002450,643,194,449
S01002451,770,416,354
S01002452,414,183,231
S01002453,589,354,235
S01002454,633,387,246
S01002455,462,273,189
S01002456,849,339,510
S01002457,598,288,310
S01002458,740,294,446
S01002459,456,127,329
S01002460,673,239,434
S01002461,359,237,122
S01002462,616,221,395
S01002463,721,262,459
S01002464,460,217,243
S01002465,584,359,225
S01002466,822,402,420
S01002467,440,177,263
S01002468,583,218,365
S01002469,523,273,250
S01002470,678,306,372
S01002471,463,239,224
S01002472,466,126,340
S01002473,759,317,442
S01002474,350,92,258
S01002475,446,200,246
S01002476,712,378,334
S01002477,687,344,343
S01002478,732,341,391
S01002479,591,225,366
S01002480,458,208,250
S01002481,775,358,417
S01002482,781,249,532
S01002483,541,108,433
S01002484,655,261,394
S01002485,711,406,305
S01002486,459,151,308
S01002487,388,177,211
S01002488,543,171,372
S01002489,501,156,345
S01002490,488,240,248
S01002491,399,185,214
S01002492,763,471,292
S01002493,764,382,382
S01002494,525,304,221
S01002495,519,201,318
S01002496,1037,508,529
S01002497,719,200,519
S01002498,525,342,183
S01002499,796,320,476
S01002500,480,171,309
S01002501,412,265,147
S01002502,656,270,386
S01002503,598,269,329
S01002504,1130,626,504
S01002505,626,254,372
S01002506,650,345,305
S01002507,529,215,314
S01002508,750,397,353
S01002509,965,417,548
S01002510,810,420,390
S01002511,419,239,180
S01002512,549,158,391
S01002513,1299,695,604
S01002514,462,144,318
S01002515,499,191,308
S01002516,664,351,313
S01002517,473,205,268
S01002518,828,476,352
S01002519,687,195,492
S01002520,461,142,319
S01002521,486,242,244
S01002522,614,361,253
S01002523,576,419,157
S01002524,491,179,312
S01002525,544,186,358
S01002526,426,287,139
S01002527,633,341,292
S01002528,693,395,298
S01002529,890,371,519
S01002530,538,241,297
S01002531,690,313,377
S01002532,594,277,317
S01002533,600,221,379
S01002534,763,364,399
S01002535,700,361,339
S01002536,463,150,313
S01002537,432,183,249
S01002538,790,420,370
S01002539,651,215,436
S01002540,461,143,318
S01002541,1478,816,662
S01002542,544,264,280
S01002543,424,110,314
S01002544,671,305,366
S01002545,674,303,371
S01002546,639,317,322
S01002547,615,341,274
S01002548,872,461,411
S01002549,487,306,181
S01002550,405,260,145
S01002551,457,213,244
S01002552,480,234,246
S01002553,662,312,350
S01002554,471,305,166
S01002555,626,325,301
S01002556,600,289,311
S01002557,650,312,338
S01002558,444,199,245
S01002559,542,318,224
S01002560,477,232,245
S01002561,600,236,364
S01002562,499,269,230
S01002563,838,522,316
S01002564,470,317,153
S01002565,698,353,345
S01002566,569,387,182
S01002567,1811,1100,711
S01002568,676,351,325
S01002569,1117,628,489
S01002570,514,275,239
S01002571,608,314,294
S01002572,466,273,193
S01002573,413,215,198
S01002574,686,222,464
S01002575,1016,341,675
S01002576,597,358,239
S01002577,739,240,499
S01002578,613,429,184
S01002579,792,383,409
S01002580,605,255,350
S01002581,558,374,184
S01002582,599,276,323
S01002583,741,331,410
S01002584,1159,611,548
S01002585,735,388,347
S01002586,427,241,186
S01002587,561,306,255
S01002588,596,368,228
S01002589,627,427,200
S01002590,581,415,166
S01002591,479,220,259
S01002592,745,321,424
S01002593,631,288,343
S01002594,513,306,207
S01002595,546,253,293
S01002596,577,387,190
S01002597,428,201,227
S01002598,810,363,447
S01002599,438,213,225
S01002600,749,496,253
S01002601,513,225,288
S01002602,427,209,218
S01002603,578,196,382
S01002604,781,519,262
S01002605,485,225,260
S01002606,445,222,223
S01002607,686,336,350
S01002608,419,246,173
S01002609,628,283,345
S01002610,737,367,370
S01002611,694,361,333
S01002612,700,421,279
S01002613,717,442,275
S01002614,716,398,318
S01002615,356,199,157
S01002616,506,343,163
S01002617,761,348,413
S01002618,650,189,461
S01002619,651,374,277
S01002620,718,304,414
S01002621,503,335,168
S01002622,6106,3770,2336
S01002623,1243,753,490
S01002624,587,392,195
S01002625,734,456,278
S01002626,570,264,306
S01002627,810,506,304
S01002628,650,390,260
S01002629,704,378,326
S01002630,568,246,322
S01002631,653,381,272
S01002632,453,199,254
S01002633,742,364,378
S01002634,656,393,263
S01002635,493,307,186
S01002636,489,242,247
S01002637,609,254,355
S01002638,564,201,363
S01002639,804,465,339
S01002640,582,351,231
S01002641,705,408,297
S01002642,542,235,307
S01002643,460,163,297
S01002644,560,327,233
S01002645,530,247,283
S01002646,578,183,395
S01002647,698,272,426
S01002648,930,570,360
S01002649,483,190,293
S01002650,538,363,175
S01002651,495,209,286
S01002652,541,326,215
S01002653,589,226,363
S01002654,638,270,368
S01002655,638,193,445
S01002656,626,198,428
S01002657,692,343,349
S01002658,1061,336,725
S01002659,762,460,302
S01002660,634,287,347
S01002661,715,320,395
S01002662,1077,612,465
S01002663,621,343,278
S01002664,710,458,252
S01002665,659,375,284
S01002666,1069,610,459
S01002667,511,182,329
S01002668,400,222,178
S01002669,811,323,488
S01002670,500,329,171
S01002671,900,291,609
S01002672,518,156,362
S01002673,444,137,307
S01002674,671,310,361
S01002675,776,508,268
S01002676,666,357,309
S01002677,834,198,636
S01002678,750,468,282
S01002679,845,249,596
S01002680,897,291,606
S01002681,599,299,300
S01002682,445,181,264
S01002683,516,299,217
S01002684,652,245,407
S01002685,690,176,514
S01002686,1312,822,490
S01002687,975,548,427
S01002688,530,342,188
S01002689,675,433,242
S01002690,486,307,179
S01002691,1146,629,517
S01002692,665,371,294
S01002693,426,263,163
S01002694,552,265,287
S01002695,522,301,221
S01002696,583,253,330
S01002697,756,467,289
S01002698,666,329,337
S01002699,425,182,243
S01002700,671,282,389
S01002701,744,466,278
S01002702,501,171,330
S01002703,1039,537,502
S01002704,557,261,296
S01002705,581,262,319
S01002706,685,264,421
S01002707,698,303,395
S01002708,774,393,381
S01002709,739,234,505
S01002710,673,416,257
S01002711,693,322,371
S01002712,557,270,287
S01002713,595,199,396
S01002714,730,264,466
S01002715,712,306,406
S01002716,445,313,132
S01002717,720,376,344
S01002718,655,228,427
S01002719,613,308,305
S01002720,626,421,205
S01002721,673,273,400
S01002722,750,268,482
S01002723,594,265,329
S01002724,683,263,420
S01002725,745,367,378
S01002726,629,301,328
S01002727,743,472,271
S01002728,789,329,460
S01002729,727,432,295
S01002730,736,225,511
S01002731,654,297,357
S01002732,566,191,375
S01002733,569,320,249
S01002734,935,403,532
S01002735,1067,357,710
S01002736,559,320,239
S01002737,614,217,397
S01002738,536,291,245
S01002739,656,413,243
S01002740,440,285,155
S01002741,801,273,528
S01002742,668,303,365
S01002743,531,204,327
S01002744,497,295,202
S01002745,479,136,343
S01002746,665,359,306
S01002747,447,165,282
S01002748,573,168,405
S01002749,527,182,345
S01002750,710,306,404
S01002751,797,317,480
S01002752,426,213,213
S01002753,554,375,179
S01002754,505,270,235
S01002755,595,164,431
S01002756,671,197,474
S01002757,487,257,230
S01002758,570,235,335
S01002759,758,349,409
S01002760,421,172,249
S01002761,653,199,454
S01002762,494,184,310
S01002763,668,293,375
S01002764,482,180,302
S01002765,651,169,482
S01002766,716,230,486
S01002767,808,408,400
S01002768,660,318,342
S01002769,591,264,327
S01002770,451,197,254
S01002771,570,213,357
S01002772,837,442,395
S01002773,738,375,363
S01002774,634,216,418
S01002775,570,228,342
S01002776,765,359,406
S01002777,877,365,512
S01002778,624,168,456
S01002779,486,108,378
S01002780,676,243,433
S01002781,758,382,376
S01002782,706,322,384
S01002783,1171,570,601
S01002784,417,175,242
S01002785,553,235,318
S01002786,672,447,225
S01002787,571,311,260
S01002788,659,400,259
S01002789,602,370,232
S01002790,655,240,415
S01002791,477,156,321
S01002792,1581,870,711
S01002793,590,219,371
S01002794,769,399,370
S01002795,526,310,216
S01002796,511,287,224
S01002797,632,407,225
S01002798,458,208,250
S01002799,504,178,326
S01002800,584,378,206
S01002801,734,342,392
S01002802,487,321,166
S01002803,675,319,356
S01002804,459,193,266
S01002805,721,332,389
S01002806,1864,1085,779
S01002807,566,224,342
S01002808,634,223,411
S01002809,553,257,296
S01002810,788,379,409
S01002811,846,426,420
S01002812,506,280,226
S01002813,604,245,359
S01002814,732,370,362
S01002815,590,244,346
S01002816,522,235,287
S01002817,444,200,244
S01002818,502,237,265
S01002819,585,201,384
S01002820,632,254,378
S01002821,927,392,535
S01002822,626,254,372
S01002823,587,164,423
S01002824,677,325,352
S01002825,655,269,386
S01002826,410,175,235
S01002827,550,243,307
S01002828,706,346,360
S01002829,662,255,407
S01002830,520,221,299
S01002831,888,452,436
S01002832,613,303,310
S01002833,890,574,316
S01002834,663,305,358
S01002835,569,255,314
S01002836,429,199,230
S01002837,498,153,345
S01002838,466,208,258
S01002839,538,209,329
S01002840,589,290,299
S01002841,915,570,345
S01002842,452,130,322
S01002843,621,266,355
S01002844,486,278,208
S01002845,704,273,431
S01002846,886,504,382
S01002847,732,356,376
S01002848,623,281,342
S01002849,775,382,393
S01002850,706,334,372
S01002851,405,228,177
S01002852,762,325,437
S01002853,349,122,227
S01002854,656,302,354
S01002855,452,175,277
S01002856,594,155,439
S01002857,445,280,165
S01002858,534,276,258
S01002859,632,249,383
S01002860,816,409,407
S01002861,715,305,410
S01002862,457,211,246
S01002863,580,261,319
S01002864,469,195,274
S01002865,744,364,380
S01002866,842,307,535
S01002867,415,222,193
S01002868,585,245,340
S01002869,449,211,238
S01002870,776,440,336
S01002871,527,252,275
S01002872,572,211,361
S01002873,584,254,330
S01002874,605,242,363
S01002875,423,154,269
S01002876,540,174,366
S01002877,594,222,372
S01002878,421,213,208
S01002879,666,339,327
S01002880,434,264,170
S01002881,782,289,493
S01002882,684,237,447
S01002883,897,396,501
S01002884,643,303,340
S01002885,1016,614,402
S01002886,661,341,320
S01002887,471,226,245
S01002888,412,232,180
S01002889,682,253,429
S01002890,513,207,306
S01002891,612,283,329
S01002892,532,238,294
S01002893,898,424,474
S01002894,694,393,301
S01002895,512,170,342
S01002896,566,302,264
S01002897,512,158,354
S01002898,835,415,420
S01002899,445,316,129
S01002900,526,187,339
S01002901,651,314,337
S01002902,618,294,324
S01002903,701,228,473
S01002904,569,304,265
S01002905,633,288,345
S01002906,644,268,376
S01002907,489,207,282
S01002908,692,442,250
S01002909,657,359,298
S01002910,845,417,428
S01002911,686,295,391
S01002912,1135,727,408
S01002913,658,418,240
S01002914,511,168,343
S01002915,723,318,405
S01002916,613,235,378
S01002917,512,309,203
S01002918,644,345,299
S01002919,633,236,397
S01002920,485,248,237
S01002921,530,259,271
S01002922,415,217,198
S01002923,509,246,263
S01002924,551,294,257
S01002925,1172,612,560
S01002926,589,237,352
S01002927,644,304,340
S01002928,445,292,153
S01002929,567,287,280
S01002930,471,299,172
S01002931,701,362,339
S01002932,553,339,214
S01002933,693,379,314
S01002934,706,295,411
S01002935,748,392,356
S01002936,614,427,187
S01002937,404,202,202
S01002938,659,299,360
S01002939,464,307,157
S01002940,519,302,217
S01002941,790,453,337
S01002942,349,190,159
S01002943,542,324,218
S01002944,944,506,438
S01002945,491,285,206
S01002946,918,569,349
S01002947,524,263,261
S01002948,651,345,306
S01002949,441,252,189
S01002950,634,348,286
S01002951,802,447,355
S01002952,485,251,234
S01002953,775,404,371
S01002954,659,388,271
S01002955,919,519,400
S01002956,640,356,284
S01002957,748,436,312
S01002958,486,298,188
S01002959,793,476,317
S01002960,521,336,185
S01002961,674,344,330
S01002962,523,270,253
S01002963,650,337,313
S01002964,564,286,278
S01002965,734,450,284
S01002966,592,265,327
S01002967,728,433,295
S01002968,1185,600,585
S01002969,874,537,337
S01002970,505,315,190
S01002971,1024,611,413
S01002972,923,355,568
S01002973,759,363,396
S01002974,840,532,308
S01002975,519,176,343
S01002976,706,221,485
S01002977,593,252,341
S01002978,918,550,368
S01002979,572,321,251
S01002980,647,261,386
S01002981,640,380,260
S01002982,554,353,201
S01002983,711,271,440
S01002984,651,344,307
S01002985,530,306,224
S01002986,626,199,427
S01002987,905,186,719
S01002988,589,345,244
S01002989,891,189,702
S01002990,659,95,564
S01002991,1133,428,705
S01002992,745,239,506
S01002993,590,335,255
S01002994,1078,141,937
S01002995,564,54,510
S01002996,2635,143,2492
S01002997,756,97,659
S01002998,667,322,345
S01002999,1026,96,930
S01003000,565,329,236
S01003001,509,276,233
S01003002,752,348,404
S01003003,484,272,212
S01003004,371,184,187
S01003005,457,289,168
S01003006,871,570,301
S01003007,636,436,200
S01003008,704,280,424
S01003009,447,203,244
S01003010,594,369,225
S01003011,572,369,203
S01003012,795,509,286
S01003013,535,357,178
S01003014,539,373,166
S01003015,622,378,244
S01003016,378,231,147
S01003017,602,316,286
S01003018,720,329,391
S01003019,680,283,397
S01003020,560,259,301
S01003021,547,293,254
S01003022,815,454,361
S01003023,588,388,200
S01003024,558,231,327
S01003025,700,385,315
S01003026,680,289,391
S01003027,860,432,428
S01003028,629,128,501
S01003029,860,305,555
S01003030,1033,369,664
S01003032,516,126,390
S01003033,385,88,297
S01003034,741,357,384
S01003035,773,200,573
S01003036,813,160,653
S01003037,1520,916,604
S01003038,671,401,270
S01003039,682,228,454
S01003040,747,235,512
S01003041,562,329,233
S01003042,467,97,370
S01003043,426,71,355
S01003044,1073,249,824
S01003045,734,231,503
S01003046,580,179,401
S01003047,733,156,577
S01003048,447,111,336
S01003049,446,114,332
S01003050,613,365,248
S01003051,873,320,553
S01003052,573,151,422
S01003053,767,335,432
S01003054,670,231,439
S01003055,671,203,468
S01003056,683,169,514
S01003057,553,221,332
S01003058,976,384,592
S01003059,758,389,369
S01003060,767,245,522
S01003061,645,392,253
S01003062,687,307,380
S01003063,625,242,383
S01003064,678,184,494
S01003065,888,243,645
S01003066,665,383,282
S01003067,523,288,235
S01003068,700,365,335
S01003069,470,187,283
S01003070,658,251,407
S01003071,556,314,242
S01003072,836,246,590
S01003073,532,214,318
S01003074,593,355,238
S01003075,572,231,341
S01003076,687,116,571
S01003077,790,203,587
S01003078,580,230,350
S01003079,743,398,345
S01003080,659,269,390
S01003081,754,450,304
S01003082,841,282,559
S01003083,953,238,715
S01003084,711,240,471
S01003085,807,440,367
S01003086,511,298,213
S01003087,535,206,329
S01003088,901,222,679
S01003089,596,329,267
S01003090,617,239,378
S01003091,470,187,283
S01003092,672,251,421
S01003093,809,261,548
S01003094,854,358,496
S01003095,615,407,208
S01003096,575,306,269
S01003097,220,69,151
S01003098,1095,192,903
S01003099,426,122,304
S01003100,667,232,435
S01003101,432,118,314
S01003102,597,339,258
S01003103,617,357,260
S01003104,818,226,592
S01003105,617,268,349
S01003106,599,322,277
S01003107,591,177,414
S01003108,682,138,544
S01003109,747,428,319
S01003110,611,381,230
S01003111,682,188,494
S01003112,805,400,405
S01003113,571,316,255
S01003114,685,339,346
S01003115,864,349,515
S01003116,810,173,637
S01003117,684,189,495
S01003118,401,113,288
S01003119,491,201,290
S01003120,1185,667,518
S01003121,700,193,507
S01003122,611,247,364
S01003123,761,348,413
S01003124,741,170,571
S01003125,758,199,559
S01003126,149,30,119
S01003127,644,279,365
S01003128,703,130,573
S01003129,1019,277,742
S01003130,698,222,476
S01003131,741,200,541
S01003132,651,154,497
S01003133,1186,478,708
S01003134,606,154,452
S01003135,627,200,427
S01003136,840,251,589
S01003137,660,193,467
S01003138,921,202,719
S01003139,940,223,717
S01003140,746,173,573
S01003141,692,159,533
S01003142,798,221,577
S01003143,745,274,471
S01003144,748,255,493
S01003145,541,246,295
S01003146,602,120,482
S01003147,717,282,435
S01003148,553,232,321
S01003149,788,175,613
S01003150,586,111,475
S01003151,680,278,402
S01003152,804,256,548
S01003153,578,330,248
S01003154,849,207,642
S01003155,1044,623,421
S01003156,743,189,554
S01003157,948,269,679
S01003158,472,110,362
S01003159,152,48,104
S01003160,531,173,358
S01003161,519,191,328
S01003162,511,173,338
S01003163,592,278,314
S01003164,652,285,367
S01003165,810,301,509
S01003166,593,114,479
S01003167,743,235,508
S01003168,782,156,626
S01003169,2005,1015,990
S01003170,776,457,319
S01003171,591,353,238
S01003172,622,187,435
S01003173,455,101,354
S01003174,652,214,438
S01003175,689,191,498
S01003176,767,196,571
S01003177,840,361,479
S01003178,690,253,437
S01003179,527,236,291
S01003180,556,298,258
S01003181,698,252,446
S01003182,636,194,442
S01003183,557,172,385
S01003184,676,153,523
S01003185,490,190,300
S01003186,752,366,386
S01003187,856,302,554
S01003188,774,238,536
S01003189,672,192,480
S01003190,620,177,443
S01003191,439,150,289
S01003192,730,116,614
S01003193,1286,695,591
S01003194,615,191,424
S01003195,694,347,347
S01003196,819,443,376
S01003197,694,320,374
S01003198,769,221,548
S01003199,804,390,414
S01003200,635,198,437
S01003201,220,61,159
S01003202,855,214,641
S01003203,708,241,467
S01003204,718,253,465
S01003205,647,137,510
S01003206,708,209,499
S01003207,634,268,366
S01003208,992,227,765
S01003209,490,200,290
S01003210,790,381,409
S01003211,663,317,346
S01003212,558,303,255
S01003213,442,144,298
S01003214,609,232,377
S01003215,692,200,492
S01003216,585,219,366
S01003217,590,138,452
S01003218,562,191,371
S01003219,633,262,371
S01003220,626,251,375
S01003221,693,213,480
S01003222,602,286,316
S01003223,748,132,616
S01003224,577,348,229
S01003225,574,135,439
S01003226,608,158,450
S01003227,1338,429,909
S01003228,1013,321,692
S01003229,733,447,286
S01003230,732,301,431
S01003231,750,264,486
S01003232,769,230,539
S01003233,793,500,293
S01003234,761,370,391
S01003235,693,325,368
S01003236,542,252,290
S01003237,778,256,522
S01003238,590,216,374
S01003239,795,278,517
S01003240,587,231,356
S01003241,671,361,310
S01003242,868,351,517
S01003243,706,286,420
S01003244,822,325,497
S01003245,1001,188,813
S01003246,841,163,678
S01003247,613,138,475
S01003248,993,246,747
S01003249,642,131,511
S01003250,495,200,295
S01003251,694,140,554
S01003252,506,332,174
S01003253,807,141,666
S01003254,418,87,331
S01003255,786,233,553
S01003256,1043,344,699
S01003257,612,325,287
S01003258,657,381,276
S01003259,937,401,536
S01003260,617,353,264
S01003261,852,477,375
S01003262,575,141,434
S01003263,825,208,617
S01003264,548,161,387
S01003265,566,242,324
S01003266,632,222,410
S01003267,849,212,637
S01003268,1465,334,1131
S01003269,768,183,585
S01003270,656,123,533
S01003271,1640,354,1286
S01003272,1383,306,1077
S01003273,606,126,480
S01003274,515,120,395
S01003275,897,259,638
S01003276,600,344,256
S01003277,556,222,334
S01003278,696,307,389
S01003279,286,66,220
S01003280,788,338,450
S01003281,427,146,281
S01003282,617,302,315
S01003283,564,287,277
S01003284,838,256,582
S01003285,367,42,325
S01003286,853,280,573
S01003287,406,149,257
S01003288,592,324,268
S01003289,334,75,259
S01003290,714,215,499
S01003291,658,173,485
S01003292,603,316,287
S01003293,662,127,535
S01003294,662,176,486
S01003295,840,463,377
S01003296,604,125,479
S01003297,471,91,380
S01003298,825,328,497
S01003299,360,79,281
S01003300,731,306,425
S01003301,627,129,498
S01003302,573,118,455
S01003303,2301,319,1982
S01003304,605,216,389
S01003305,596,167,429
S01003306,822,259,563
S01003307,908,282,626
S01003308,695,243,452
S01003309,746,127,619
S01003310,627,192,435
S01003311,594,352,242
S01003312,456,148,308
S01003313,961,234,727
S01003314,555,105,450
S01003315,622,168,454
S01003316,513,109,404
S01003317,506,148,358
S01003318,644,350,294
S01003320,464,146,318
S01003321,603,316,287
S01003322,686,181,505
S01003323,617,309,308
S01003324,395,104,291
S01003325,594,227,367
S01003326,671,195,476
S01003327,498,147,351
S01003328,999,147,852
S01003329,679,276,403
S01003330,749,417,332
S01003331,565,169,396
S01003332,341,122,219
S01003333,799,177,622
S01003334,806,263,543
S01003335,627,98,529
S01003336,809,232,577
S01003337,1097,305,792
S01003338,782,259,523
S01003339,619,238,381
S01003340,840,249,591
S01003341,717,358,359
S01003342,558,119,439
S01003343,535,129,406
S01003344,360,156,204
S01003345,793,241,552
S01003346,738,253,485
S01003347,784,142,642
S01003348,948,227,721
S01003349,1047,297,750
S01003350,659,259,400
S01003351,961,219,742
S01003352,928,301,627
S01003353,633,111,522
S01003354,540,170,370
S01003355,933,219,714
S01003356,721,115,606
S01003357,293,52,241
S01003358,1834,235,1599
S01003359,774,390,384
S01003360,593,245,348
S01003361,607,164,443
S01003362,600,186,414
S01003363,639,220,419
S01003364,524,158,366
S01003365,603,149,454
S01003366,721,93,628
S01003367,973,197,776
S01003368,2262,165,2097
S01003369,550,178,372
S01003370,700,126,574
S01003371,634,112,522
S01003372,628,200,428
S01003373,2123,282,1841
S01003374,343,55,288
S01003375,815,359,456
S01003376,411,96,315
S01003377,628,233,395
S01003378,678,130,548
S01003379,478,75,403
S01003380,1109,267,842
S01003381,647,268,379
S01003382,1447,396,1051
S01003383,790,276,514
S01003384,848,301,547
S01003385,778,149,629
S01003386,610,156,454
S01003387,656,117,539
S01003388,884,204,680
S01003389,848,128,720
S01003390,921,225,696
S01003391,603,109,494
S01003392,744,187,557
S01003393,783,253,530
S01003394,514,114,400
S01003395,575,148,427
S01003396,695,133,562
S01003397,772,178,594
S01003398,647,160,487
S01003399,1827,133,1694
S01003400,664,239,425
S01003401,639,92,547
S01003402,728,142,586
S01003403,1033,195,838
S01003404,487,145,342
S01003405,623,231,392
S01003406,616,137,479
S01003407,736,281,455
S01003408,508,130,378
S01003409,1413,283,1130
S01003410,1378,211,1167
S01003411,635,158,477
S01003412,714,233,481
S01003413,570,213,357
S01003414,357,99,258
S01003415,1163,128,1035
S01003416,811,178,633
S01003417,868,203,665
S01003418,793,178,615
S01003419,718,164,554
S01003420,380,78,302
S01003421,751,233,518
S01003422,674,115,559
S01003423,731,166,565
S01003424,818,114,704
S01003425,736,138,598
S01003426,936,187,749
S01003427,825,252,573
S01003428,654,179,475
S01003429,1455,140,1315
S01003430,730,127,603
S01003431,624,131,493
S01003432,827,121,706
S01003433,1073,152,921
S01003434,684,198,486
S01003435,552,142,410
S01003436,462,205,257
S01003437,754,134,620
S01003438,1354,140,1214
S01003439,1122,185,937
S01003440,384,133,251
S01003441,1081,226,855
S01003442,782,193,589
S01003443,738,220,518
S01003444,614,159,455
S01003445,805,249,556
S01003446,429,67,362
S01003447,2469,178,2291
S01003448,590,186,404
S01003449,773,154,619
S01003450,902,147,755
S01003451,853,152,701
S01003452,1309,259,1050
S01003453,1182,361,821
S01003454,575,125,450
S01003455,618,130,488
S01003456,202,37,165
S01003457,834,226,608
S01003458,827,254,573
S01003459,666,186,480
S01003460,998,174,824
S01003461,639,252,387
S01003462,395,116,279
S01003463,466,177,289
S01003464,892,139,753
S01003465,2344,510,1834
S01003466,713,111,602
S01003467,606,215,391
S01003468,756,117,639
S01003469,925,197,728
S01003470,1064,128,936
S01003471,571,155,416
S01003472,589,227,362
S01003473,896,193,703
S01003474,643,103,540
S01003475,756,144,612
S01003476,886,374,512
S01003477,1002,145,857
S01003478,738,136,602
S01003479,783,122,661
S01003480,707,148,559
S01003481,945,226,719
S01003482,557,109,448
S01003483,435,119,316
S01003484,1076,141,935
S01003485,844,168,676
S01003486,739,180,559
S01003487,997,152,845
S01003488,615,169,446
S01003489,1089,357,732
S01003490,537,138,399
S01003491,73,25,48
S01003492,927,247,680
S01003493,702,133,569
S01003494,756,144,612
S01003495,763,246,517
S01003496,951,173,778
S01003497,889,213,676
S01003498,886,285,601
S01003499,917,196,721
S01003500,491,137,354
S01003501,667,111,556
S01003502,1392,643,749
S01003503,655,133,522
S01003504,857,137,720
S01003506,940,171,769
S01003507,466,109,357
S01003508,731,131,600
S01003509,830,246,584
S01003510,364,77,287
S01003511,949,337,612
S01003512,537,158,379
S01003513,689,74,615
S01003514,844,129,715
S01003515,489,147,342
S01003516,580,295,285
S01003517,692,99,593
S01003518,875,183,692
S01003519,481,85,396
S01003520,669,183,486
S01003521,501,48,453
S01003522,758,182,576
S01003523,552,182,370
S01003524,937,313,624
S01003525,1000,262,738
S01003526,908,249,659
S01003527,704,408,296
S01003528,394,174,220
S01003529,418,197,221
S01003530,754,161,593
S01003531,660,140,520
S01003532,895,430,465
S01003533,231,77,154
S01003534,794,185,609
S01003535,603,147,456
S01003536,921,341,580
S01003537,766,157,609
S01003538,517,141,376
S01003539,836,359,477
S01003540,388,114,274
S01003541,586,202,384
S01003542,691,278,413
S01003543,556,154,402
S01003544,454,158,296
S01003545,689,278,411
S01003546,872,174,698
S01003547,672,174,498
S01003549,628,136,492
S01003550,523,283,240
S01003551,568,172,396
S01003552,979,249,730
S01003553,548,113,435
S01003554,687,174,513
S01003555,630,186,444
S01003556,549,334,215
S01003557,535,95,440
S01003558,930,362,568
S01003559,772,423,349
S01003560,1074,517,557
S01003561,1112,181,931
S01003562,493,96,397
S01003563,416,131,285
S01003564,582,144,438
S01003565,713,194,519
S01003566,690,125,565
S01003567,799,185,614
S01003568,639,262,377
S01003569,578,287,291
S01003570,577,298,279
S01003571,727,166,561
S01003572,877,199,678
S01003573,796,266,530
S01003574,952,242,710
S01003575,698,196,502
S01003576,762,249,513
S01003577,743,310,433
S01003578,180,47,133
S01003579,676,131,545
S01003580,839,171,668
S01003581,2160,213,1947
S01003582,569,79,490
S01003583,462,138,324
S01003584,546,166,380
S01003585,624,74,550
S01003586,802,246,556
S01003587,798,535,263
S01003588,548,248,300
S01003589,1488,426,1062
S01003590,595,136,459
S01003591,1011,594,417
S01003592,1125,251,874
S01003593,528,207,321
S01003594,869,383,486
S01003595,685,133,552
S01003596,742,120,622
S01003597,612,339,273
S01003598,580,219,361
S01003599,811,320,491
S01003600,714,127,587
S01003601,622,115,507
S01003602,548,192,356
S01003603,703,223,480
S01003604,784,107,677
S01003605,539,126,413
S01003606,753,288,465
S01003607,431,178,253
S01003608,467,182,285
S01003609,872,412,460
S01003610,798,147,651
S01003611,705,147,558
S01003612,786,308,478
S01003613,1191,612,579
S01003614,436,187,249
S01003615,610,194,416
S01003616,631,385,246
S01003617,661,112,549
S01003618,665,278,387
S01003619,648,125,523
S01003620,909,379,530
S01003621,824,278,546
S01003622,701,262,439
S01003623,762,425,337
S01003624,1265,409,856
S01003625,302,64,238
S01003626,685,284,401
S01003627,528,112,416
S01003628,634,221,413
S01003629,663,201,462
S01003630,650,223,427
S01003631,1040,454,586
S01003632,783,319,464
S01003633,1091,307,784
S01003634,850,270,580
S01003635,520,97,423
S01003636,776,208,568
S01003637,928,297,631
S01003638,655,219,436
S01003639,654,270,384
S01003640,793,217,576
S01003641,531,279,252
S01003642,734,272,462
S01003643,549,171,378
S01003644,820,228,592
S01003645,474,162,312
S01003646,626,148,478
S01003647,628,231,397
S01003648,714,138,576
S01003649,800,370,430
S01003650,621,148,473
S01003651,616,200,416
S01003652,613,151,462
S01003653,578,183,395
S01003654,922,281,641
S01003655,548,149,399
S01003656,691,186,505
S01003657,695,217,478
S01003658,710,314,396
S01003659,668,197,471
S01003660,739,439,300
S01003661,798,339,459
S01003662,535,175,360
S01003663,503,119,384
S01003664,454,132,322
S01003665,496,96,400
S01003666,506,127,379
S01003667,700,354,346
S01003668,674,229,445
S01003669,736,271,465
S01003670,729,187,542
S01003671,536,197,339
S01003672,570,145,425
S01003673,268,66,202
S01003674,691,242,449
S01003675,780,262,518
S01003676,1053,309,744
S01003677,552,204,348
S01003678,558,217,341
S01003679,816,247,569
S01003680,529,183,346
S01003681,487,187,300
S01003682,876,402,474
S01003683,505,215,290
S01003684,655,251,404
S01003685,436,179,257
S01003686,754,247,507
S01003687,502,74,428
S01003688,745,255,490
S01003689,476,134,342
S01003690,833,196,637
S01003691,841,356,485
S01003692,839,311,528
S01003693,460,155,305
S01003694,794,375,419
S01003695,939,198,741
S01003696,858,302,556
S01003697,784,443,341
S01003698,815,353,462
S01003699,757,368,389
S01003700,806,309,497
S01003701,864,198,666
S01003702,583,139,444
S01003703,877,227,650
S01003704,547,135,412
S01003705,633,141,492
S01003706,526,119,407
S01003707,747,211,536
S01003708,691,130,561
S01003709,692,121,571
S01003710,934,294,640
S01003711,693,123,570
S01003712,728,223,505
S01003713,398,100,298
S01003714,467,174,293
S01003715,612,217,395
S01003716,425,89,336
S01003717,642,156,486
S01003718,552,170,382
S01003719,545,337,208
S01003720,820,414,406
S01003721,675,316,359
S01003722,742,302,440
S01003723,462,284,178
S01003724,608,262,346
S01003725,515,261,254
S01003726,543,238,305
S01003727,568,287,281
S01003728,453,230,223
S01003729,685,287,398
S01003730,457,174,283
S01003731,514,189,325
S01003732,755,352,403
S01003733,669,283,386
S01003734,558,261,297
S01003735,696,371,325
S01003736,662,315,347
S01003737,501,235,266
S01003738,618,371,247
S01003739,433,237,196
S01003740,503,290,213
S01003741,793,445,348
S01003742,584,344,240
S01003743,462,270,192
S01003744,547,327,220
S01003745,649,300,349
S01003746,690,369,321
S01003747,930,500,430
S01003748,518,259,259
S01003749,706,370,336
S01003750,572,331,241
S01003751,962,391,571
S01003752,770,399,371
S01003753,948,502,446
S01003754,703,292,411
S01003755,1272,506,766
S01003756,755,424,331
S01003757,489,263,226
S01003758,774,413,361
S01003759,540,283,257
S01003760,706,412,294
S01003761,759,409,350
S01003762,876,501,375
S01003763,772,361,411
S01003764,692,358,334
S01003765,532,218,314
S01003766,586,292,294
S01003767,710,320,390
S01003768,534,313,221
S01003769,769,406,363
S01003770,678,402,276
S01003771,622,348,274
S01003772,508,300,208
S01003773,576,321,255
S01003774,628,342,286
S01003775,729,421,308
S01003776,570,344,226
S01003777,898,555,343
S01003778,2351,1177,1174
S01003779,420,260,160
S01003780,885,525,360
S01003781,923,498,425
S01003782,514,311,203
S01003783,1030,468,562
S01003784,1265,817,448
S01003785,697,384,313
S01003786,765,458,307
S01003787,521,316,205
S01003788,603,358,245
S01003789,393,249,144
S01003790,452,159,293
S01003791,658,266,392
S01003792,1701,797,904
S01003793,443,152,291
S01003794,616,306,310
S01003795,544,332,212
S01003796,503,139,364
S01003797,779,278,501
S01003798,695,395,300
S01003799,633,361,272
S01003800,533,237,296
S01003801,659,281,378
S01003802,620,346,274
S01003803,602,353,249
S01003804,504,198,306
S01003805,1044,326,718
S01003806,602,260,342
S01003807,737,425,312
S01003808,714,305,409
S01003809,566,243,323
S01003810,794,436,358
S01003811,588,359,229
S01003812,805,285,520
S01003813,731,387,344
S01003814,687,414,273
S01003815,729,256,473
S01003816,810,463,347
S01003817,814,269,545
S01003818,641,245,396
S01003819,1816,1006,810
S01003820,895,275,620
S01003821,638,238,400
S01003822,553,226,327
S01003823,812,341,471
S01003824,727,199,528
S01003825,554,394,160
S01003826,625,269,356
S01003827,692,311,381
S01003828,919,504,415
S01003829,535,214,321
S01003830,691,260,431
S01003831,534,233,301
S01003832,803,344,459
S01003833,509,111,398
S01003834,561,259,302
S01003835,476,208,268
S01003836,464,174,290
S01003837,741,267,474
S01003838,461,212,249
S01003839,520,147,373
S01003840,633,277,356
S01003841,532,304,228
S01003842,614,358,256
S01003843,777,514,263
S01003844,631,334,297
S01003845,952,274,678
S01003846,669,394,275
S01003847,511,228,283
S01003848,577,332,245
S01003849,782,176,606
S01003850,423,213,210
S01003851,680,429,251
S01003852,519,232,287
S01003853,1079,188,891
S01003854,518,189,329
S01003855,736,230,506
S01003856,613,200,413
S01003857,630,374,256
S01003858,426,198,228
S01003859,473,306,167
S01003860,515,121,394
S01003861,655,258,397
S01003862,520,151,369
S01003863,577,383,194
S01003864,794,443,351
S01003865,789,431,358
S01003866,777,494,283
S01003867,1090,539,551
S01003868,600,371,229
S01003869,619,300,319
S01003870,842,456,386
S01003871,684,416,268
S01003872,763,445,318
S01003873,921,507,414
S01003874,722,343,379
S01003875,574,357,217
S01003876,590,374,216
S01003877,593,359,234
S01003878,860,361,499
S01003879,618,408,210
S01003880,710,350,360
S01003881,706,420,286
S01003882,442,163,279
S01003883,447,221,226
S01003884,610,266,344
S01003885,543,276,267
S01003886,415,170,245
S01003887,810,290,520
S01003888,1221,793,428
S01003889,464,206,258
S01003890,564,332,232
S01003891,623,355,268
S01003892,510,251,259
S01003893,546,315,231
S01003894,771,299,472
S01003895,591,317,274
S01003896,604,366,238
S01003897,629,357,272
S01003898,674,388,286
S01003899,669,352,317
S01003900,637,250,387
S01003901,564,281,283
S01003902,838,415,423
S01003903,710,437,273
S01003904,782,254,528
S01003905,946,630,316
S01003906,588,260,328
S01003907,613,202,411
S01003908,633,280,353
S01003909,539,316,223
S01003910,556,257,299
S01003911,531,304,227
S01003912,755,425,330
S01003913,614,347,267
S01003914,833,476,357
S01003915,610,315,295
S01003916,698,429,269
S01003917,752,372,380
S01003918,764,392,372
S01003919,529,215,314
S01003920,571,263,308
S01003921,889,422,467
S01003922,723,275,448
S01003923,531,217,314
S01003924,387,112,275
S01003925,635,296,339
S01003926,437,163,274
S01003927,580,331,249
S01003928,651,296,355
S01003929,458,227,231
S01003930,695,304,391
S01003931,874,435,439
S01003932,779,427,352
S01003933,585,333,252
S01003934,842,430,412
S01003935,660,315,345
S01003936,875,506,369
S01003937,583,243,340
S01003938,491,280,211
S01003939,542,344,198
S01003940,799,371,428
S01003941,504,303,201
S01003942,586,248,338
S01003943,572,250,322
S01003944,542,249,293
S01003945,544,330,214
S01003946,699,387,312
S01003947,526,308,218
S01003948,622,363,259
S01003949,500,264,236
S01003950,494,227,267
S01003951,540,265,275
S01003952,443,243,200
S01003953,520,294,226
S01003954,604,319,285
S01003955,566,234,332
S01003956,599,278,321
S01003957,549,264,285
S01003958,653,321,332
S01003959,659,378,281
S01003960,720,374,346
S01003961,490,238,252
S01003962,582,269,313
S01003963,397,248,149
S01003964,424,268,156
S01003965,497,290,207
S01003966,855,468,387
S01003967,454,222,232
S01003968,749,369,380
S01003969,697,367,330
S01003970,536,286,250
S01003971,590,278,312
S01003972,651,375,276
S01003973,377,201,176
S01003974,745,392,353
S01003975,680,390,290
S01003976,612,262,350
S01003977,371,109,262
S01003978,449,149,300
S01003979,479,227,252
S01003980,526,301,225
S01003981,456,205,251
S01003982,646,326,320
S01003983,580,340,240
S01003984,513,223,290
S01003985,582,204,378
S01003986,464,179,285
S01003987,534,292,242
S01003988,429,199,230
S01003989,733,443,290
S01003990,434,207,227
S01003991,506,267,239
S01003992,821,460,361
S01003993,579,343,236
S01003994,590,326,264
S01003995,1068,632,436
S01003996,530,312,218
S01003997,741,259,482
S01003998,475,212,263
S01003999,705,365,340
S01004000,603,296,307
S01004001,490,215,275
S01004002,817,308,509
S01004003,450,241,209
S01004004,608,262,346
S01004005,497,268,229
S01004006,422,241,181
S01004007,499,189,310
S01004008,570,346,224
S01004009,675,345,330
S01004010,720,435,285
S01004011,1140,708,432
S01004012,620,366,254
S01004013,431,266,165
S01004014,523,300,223
S01004015,712,467,245
S01004016,491,313,178
S01004017,826,467,359
S01004018,637,405,232
S01004019,781,516,265
S01004020,676,376,300
S01004021,872,582,290
S01004022,710,356,354
S01004023,476,242,234
S01004024,846,415,431
S01004025,678,247,431
S01004026,512,212,300
S01004027,649,294,355
S01004028,561,237,324
S01004029,729,309,420
S01004030,516,183,333
S01004031,461,208,253
S01004032,306,108,198
S01004033,721,275,446
S01004034,592,306,286
S01004035,612,276,336
S01004036,521,219,302
S01004037,539,255,284
S01004038,571,246,325
S01004039,295,88,207
S01004040,537,266,271
S01004041,558,223,335
S01004042,486,118,368
S01004043,613,306,307
S01004044,593,191,402
S01004045,505,182,323
S01004046,495,120,375
S01004047,508,170,338
S01004048,874,304,570
S01004049,1053,543,510
S01004050,351,114,237
S01004051,670,199,471
S01004052,446,134,312
S01004053,825,343,482
S01004054,726,339,387
S01004055,457,239,218
S01004056,612,279,333
S01004057,1248,460,788
S01004058,701,242,459
S01004059,444,147,297
S01004060,385,153,232
S01004061,667,217,450
S01004062,736,366,370
S01004063,541,129,412
S01004064,542,255,287
S01004065,778,177,601
S01004066,449,191,258
S01004067,705,324,381
S01004068,582,174,408
S01004069,399,109,290
S01004070,579,161,418
S01004071,755,268,487
S01004072,1048,371,677
S01004073,592,195,397
S01004074,711,236,475
S01004075,399,85,314
S01004076,528,241,287
S01004077,644,317,327
S01004078,682,221,461
S01004079,519,171,348
S01004080,707,200,507
S01004081,518,302,216
S01004082,863,555,308
S01004083,715,199,516
S01004084,824,214,610
S01004085,472,109,363
S01004086,713,170,543
S01004087,357,142,215
S01004088,391,125,266
S01004089,592,226,366
S01004090,257,71,186
S01004091,792,308,484
S01004092,608,154,454
S01004093,497,87,410
S01004094,390,75,315
S01004095,426,157,269
S01004096,576,369,207
S01004097,586,235,351
S01004098,528,315,213
S01004099,670,422,248
S01004100,620,230,390
S01004101,624,221,403
S01004102,632,295,337
S01004103,560,293,267
S01004104,632,357,275
S01004105,664,313,351
S01004106,759,302,457
S01004107,571,340,231
S01004108,677,342,335
S01004109,487,303,184
S01004110,667,262,405
S01004111,696,325,371
S01004112,743,349,394
S01004113,593,276,317
S01004114,582,190,392
S01004115,670,335,335
S01004116,591,314,277
S01004117,657,279,378
S01004118,808,203,605
S01004119,448,150,298
S01004120,643,376,267
S01004121,372,207,165
S01004122,712,446,266
S01004123,693,384,309
S01004124,835,491,344
S01004125,575,323,252
S01004126,627,227,400
S01004127,716,492,224
S01004128,587,404,183
S01004129,627,341,286
S01004130,421,229,192
S01004131,636,224,412
S01004132,440,194,246
S01004133,682,304,378
S01004134,563,387,176
S01004135,525,165,360
S01004136,486,217,269
S01004137,479,304,175
S01004138,568,228,340
S01004139,467,225,242
S01004140,441,224,217
S01004141,553,307,246
S01004142,410,238,172
S01004143,695,362,333
S01004144,1044,573,471
S01004145,507,257,250
S01004146,642,348,294
S01004147,561,284,277
S01004148,832,507,325
S01004149,629,244,385
S01004150,528,271,257
S01004151,720,493,227
S01004152,562,249,313
S01004153,676,286,390
S01004154,539,338,201
S01004155,663,255,408
S01004156,742,283,459
S01004157,473,310,163
S01004158,486,198,288
S01004159,282,126,156
S01004160,541,278,263
S01004161,460,221,239
S01004162,1529,838,691
S01004163,517,235,282
S01004164,709,363,346
S01004165,798,450,348
S01004166,594,295,299
S01004167,563,249,314
S01004168,509,223,286
S01004169,638,236,402
S01004170,576,261,315
S01004171,524,271,253
S01004172,605,220,385
S01004173,482,234,248
S01004174,604,298,306
S01004175,456,210,246
S01004176,508,306,202
S01004177,379,173,206
S01004178,472,211,261
S01004179,419,233,186
S01004180,640,427,213
S01004181,636,345,291
S01004182,706,255,451
S01004183,825,483,342
S01004184,652,271,381
S01004185,556,213,343
S01004186,599,196,403
S01004187,593,307,286
S01004188,586,219,367
S01004189,660,454,206
S01004190,652,292,360
S01004191,601,249,352
S01004192,799,353,446
S01004193,582,295,287
S01004194,612,301,311
S01004195,503,237,266
S01004196,508,165,343
S01004197,552,202,350
S01004198,496,255,241
S01004199,665,358,307
S01004200,608,407,201
S01004201,603,331,272
S01004202,444,278,166
S01004203,790,393,397
S01004204,578,374,204
S01004205,605,275,330
S01004206,553,328,225
S01004207,565,227,338
S01004208,677,355,322
S01004209,514,297,217
S01004210,545,281,264
S01004211,896,526,370
S01004212,1324,808,516
S01004213,508,225,283
S01004214,561,384,177
S01004215,495,304,191
S01004216,691,410,281
S01004217,380,170,210
S01004218,668,336,332
S01004219,416,187,229
S01004220,746,457,289
S01004221,653,348,305
S01004222,510,121,389
S01004223,540,184,356
S01004224,542,249,293
S01004225,663,175,488
S01004226,556,228,328
S01004227,804,394,410
S01004228,680,358,322
S01004229,534,287,247
S01004230,553,260,293
S01004231,594,268,326
S01004232,486,272,214
S01004233,644,348,296
S01004234,789,510,279
S01004235,717,448,269
S01004236,805,416,389
S01004237,581,337,244
S01004238,453,254,199
S01004239,712,383,329
S01004240,651,387,264
S01004241,442,243,199
S01004242,707,422,285
S01004243,555,327,228
S01004244,535,252,283
S01004245,780,416,364
S01004246,510,307,203
S01004247,699,279,420
S01004248,855,387,468
S01004249,755,365,390
S01004250,860,465,395
S01004251,780,382,398
S01004252,523,317,206
S01004253,475,236,239
S01004254,641,388,253
S01004255,2106,1076,1030
S01004256,1072,570,502
S01004257,526,340,186
S01004258,612,388,224
S01004259,590,302,288
S01004260,434,275,159
S01004261,671,294,377
S01004262,652,345,307
S01004263,624,243,381
S01004264,643,316,327
S01004265,746,354,392
S01004266,471,195,276
S01004267,446,301,145
S01004268,496,233,263
S01004269,702,350,352
S01004270,495,162,333
S01004271,556,231,325
S01004272,488,295,193
S01004273,514,309,205
S01004274,756,422,334
S01004275,479,253,226
S01004276,748,325,423
S01004277,615,377,238
S01004278,1027,540,487
S01004279,651,265,386
S01004280,821,428,393
S01004281,592,337,255
S01004282,699,265,434
S01004283,568,264,304
S01004284,751,317,434
S01004285,319,171,148
S01004286,429,274,155
S01004287,546,337,209
S01004288,544,301,243
S01004289,447,204,243
S01004290,801,455,346
S01004291,690,361,329
S01004292,644,375,269
S01004293,789,471,318
S01004294,635,331,304
S01004295,751,297,454
S01004296,724,380,344
S01004297,559,235,324
S01004298,1098,675,423
S01004299,473,124,349
S01004300,503,145,358
S01004301,654,396,258
S01004302,608,439,169
S01004303,482,193,289
S01004304,671,214,457
S01004305,541,227,314
S01004306,498,238,260
S01004307,701,298,403
S01004308,779,359,420
S01004309,713,503,210
S01004310,600,285,315
S01004311,897,355,542
S01004312,589,316,273
S01004313,1038,586,452
S01004314,648,346,302
S01004315,379,230,149
S01004316,327,285,42
S01004317,941,557,384
S01004318,474,174,300
S01004319,744,476,268
S01004320,662,304,358
S01004321,586,241,345
S01004322,838,417,421
S01004323,539,226,313
S01004324,636,303,333
S01004325,888,454,434
S01004326,726,441,285
S01004327,596,340,256
S01004328,509,268,241
S01004329,427,228,199
S01004330,1127,662,465
S01004331,478,241,237
S01004332,510,325,185
S01004333,467,240,227
S01004334,990,490,500
S01004335,421,226,195
S01004336,841,414,427
S01004337,633,283,350
S01004338,597,357,240
S01004339,780,485,295
S01004340,428,192,236
S01004341,435,206,229
S01004342,1117,369,748
S01004343,482,235,247
S01004344,665,299,366
S01004345,932,473,459
S01004346,375,202,173
S01004347,745,419,326
S01004348,565,272,293
S01004349,647,348,299
S01004350,507,274,233
S01004351,439,205,234
S01004352,496,269,227
S01004353,741,372,369
S01004354,394,202,192
S01004355,475,274,201
S01004356,785,343,442
S01004357,650,450,200
S01004358,599,371,228
S01004359,436,207,229
S01004360,525,204,321
S01004361,706,314,392
S01004362,503,193,310
S01004363,825,155,670
S01004364,821,265,556
S01004365,540,221,319
S01004366,509,240,269
S01004367,588,262,326
S01004368,445,127,318
S01004369,554,265,289
S01004370,600,352,248
S01004371,553,215,338
S01004372,789,457,332
S01004373,540,211,329
S01004374,674,230,444
S01004375,486,217,269
S01004376,657,274,383
S01004377,603,208,395
S01004378,790,382,408
S01004379,704,288,416
S01004380,564,191,373
S01004381,639,276,363
S01004382,598,252,346
S01004383,646,315,331
S01004384,555,270,285
S01004385,620,296,324
S01004386,858,506,352
S01004387,767,307,460
S01004388,504,163,341
S01004389,508,260,248
S01004390,644,265,379
S01004391,474,287,187
S01004392,689,295,394
S01004393,737,294,443
S01004394,643,209,434
S01004395,459,180,279
S01004396,614,253,361
S01004397,728,419,309
S01004398,664,313,351
S01004399,376,99,277
S01004400,419,212,207
S01004401,872,541,331
S01004402,729,303,426
S01004403,435,238,197
S01004404,567,311,256
S01004405,622,323,299
S01004406,669,214,455
S01004407,526,185,341
S01004408,1074,693,381
S01004409,408,193,215
S01004410,747,310,437
S01004411,476,181,295
S01004412,914,372,542
S01004413,628,168,460
S01004414,633,138,495
S01004415,569,179,390
S01004416,664,285,379
S01004417,645,170,475
S01004418,729,334,395
S01004419,714,328,386
S01004420,633,348,285
S01004421,757,169,588
S01004422,512,206,306
S01004423,681,289,392
S01004424,572,180,392
S01004425,480,271,209
S01004426,500,285,215
S01004427,628,206,422
S01004428,676,218,458
S01004429,614,213,401
S01004430,403,158,245
S01004431,576,131,445
S01004432,769,341,428
S01004433,745,369,376
S01004434,673,264,409
S01004435,747,364,383
S01004436,595,259,336
S01004437,648,259,389
S01004438,493,196,297
S01004439,510,218,292
S01004440,591,246,345
S01004441,1038,675,363
S01004442,720,271,449
S01004443,514,183,331
S01004444,690,209,481
S01004445,708,270,438
S01004446,633,259,374
S01004447,549,204,345
S01004448,485,280,205
S01004449,789,283,506
S01004450,748,261,487
S01004451,692,227,465
S01004452,561,298,263
S01004453,791,492,299
S01004454,824,354,470
S01004455,721,429,292
S01004456,417,232,185
S01004457,700,296,404
S01004458,632,211,421
S01004459,492,236,256
S01004460,517,356,161
S01004461,487,318,169
S01004462,519,314,205
S01004463,630,340,290
S01004464,650,255,395
S01004465,617,362,255
S01004466,821,458,363
S01004467,695,231,464
S01004468,695,435,260
S01004469,480,194,286
S01004470,549,365,184
S01004471,1462,893,569
S01004472,606,387,219
S01004473,955,655,300
S01004474,810,362,448
S01004475,415,252,163
S01004476,614,295,319
S01004477,876,495,381
S01004478,474,222,252
S01004479,594,351,243
S01004480,767,317,450
S01004481,641,297,344
S01004482,765,254,511
S01004483,540,203,337
S01004484,847,498,349
S01004485,458,278,180
S01004486,791,466,325
S01004487,886,386,500
S01004488,569,263,306
S01004489,741,415,326
S01004490,571,358,213
S01004491,598,181,417
S01004492,738,312,426
S01004493,805,393,412
S01004494,696,279,417
S01004495,576,230,346
S01004496,552,199,353
S01004497,698,231,467
S01004498,583,294,289
S01004499,556,255,301
S01004500,618,399,219
S01004501,595,219,376
S01004502,608,314,294
S01004503,624,271,353
S01004504,553,224,329
S01004505,454,177,277
S01004506,402,194,208
S01004507,591,282,309
S01004508,595,314,281
S01004509,824,503,321
S01004510,744,421,323
S01004511,871,423,448
S01004512,758,469,289
S01004513,466,194,272
S01004514,487,255,232
S01004515,686,173,513
S01004516,363,162,201
S01004517,652,157,495
S01004518,494,269,225
S01004519,737,331,406
S01004520,796,385,411
S01004521,616,376,240
S01004522,791,511,280
S01004523,672,426,246
S01004524,511,328,183
S01004525,826,537,289
S01004526,588,406,182
S01004527,482,212,270
S01004528,646,325,321
S01004529,711,404,307
S01004530,434,252,182
S01004531,867,431,436
S01004532,656,207,449
S01004533,381,84,297
S01004534,509,214,295
S01004535,728,402,326
S01004536,542,223,319
S01004537,666,280,386
S01004538,630,266,364
S01004539,563,258,305
S01004540,942,420,522
S01004541,688,273,415
S01004542,567,348,219
S01004543,677,290,387
S01004544,1483,649,834
S01004545,646,198,448
S01004546,700,242,458
S01004547,708,198,510
S01004548,663,221,442
S01004549,1713,866,847
S01004550,574,130,444
S01004551,1243,666,577
S01004552,657,226,431
S01004553,424,212,212
S01004554,590,246,344
S01004555,552,253,299
S01004556,554,171,383
S01004557,334,173,161
S01004558,797,314,483
S01004559,840,374,466
S01004560,468,148,320
S01004561,770,263,507
S01004562,485,198,287
S01004563,676,390,286
S01004564,506,287,219
S01004565,740,452,288
S01004566,537,266,271
S01004567,431,112,319
S01004568,584,290,294
S01004569,522,132,390
S01004570,530,349,181
S01004571,525,259,266
S01004572,577,252,325
S01004573,505,239,266
S01004574,413,247,166
S01004575,583,216,367
S01004576,459,254,205
S01004577,528,269,259
S01004578,710,481,229
S01004579,520,146,374
S01004580,691,302,389
S01004581,1064,455,609
S01004582,499,246,253
S01004583,690,207,483
S01004584,505,200,305
S01004585,463,180,283
S01004586,861,506,355
S01004587,1005,254,751
S01004588,540,211,329
S01004589,693,356,337
S01004590,631,223,408
S01004591,471,219,252
S01004592,492,228,264
S01004593,763,331,432
S01004594,405,123,282
S01004595,856,472,384
S01004596,613,192,421
S01004597,438,237,201
S01004598,555,250,305
S01004599,723,394,329
S01004600,710,271,439
S01004601,747,322,425
S01004602,751,457,294
S01004603,699,211,488
S01004604,492,197,295
S01004605,754,280,474
S01004606,699,315,384
S01004607,481,204,277
S01004608,1180,639,541
S01004609,437,162,275
S01004610,519,215,304
S01004611,874,398,476
S01004612,877,294,583
S01004613,1266,626,640
S01004614,643,309,334
S01004615,944,443,501
S01004616,652,357,295
S01004617,503,164,339
S01004618,494,136,358
S01004619,415,133,282
S01004620,515,132,383
S01004621,760,385,375
S01004622,703,342,361
S01004623,864,330,534
S01004624,981,375,606
S01004625,605,242,363
S01004626,1465,708,757
S01004627,451,172,279
S01004628,427,122,305
S01004629,718,408,310
S01004630,760,357,403
S01004631,610,236,374
S01004632,732,286,446
S01004633,473,232,241
S01004634,873,480,393
S01004635,609,208,401
S01004636,526,187,339
S01004637,453,226,227
S01004638,435,146,289
S01004639,552,216,336
S01004640,623,249,374
S01004641,521,227,294
S01004642,690,289,401
S01004643,362,130,232
S01004644,585,263,322
S01004645,693,197,496
S01004646,642,283,359
S01004647,1500,547,953
S01004648,840,328,512
S01004649,466,150,316
S01004650,634,260,374
S01004651,731,264,467
S01004652,788,321,467
S01004653,514,207,307
S01004654,843,442,401
S01004655,753,248,505
S01004656,470,129,341
S01004657,599,300,299
S01004658,778,372,406
S01004659,432,216,216
S01004660,622,329,293
S01004661,611,219,392
S01004662,793,294,499
S01004663,424,223,201
S01004664,484,244,240
S01004665,537,178,359
S01004666,610,289,321
S01004667,552,181,371
S01004668,762,386,376
S01004669,753,311,442
S01004670,807,284,523
S01004671,676,300,376
S01004672,508,236,272
S01004673,666,210,456
S01004674,678,329,349
S01004675,660,336,324
S01004676,596,273,323
S01004677,747,273,474
S01004678,783,428,355
S01004679,411,178,233
S01004680,765,189,576
S01004681,621,292,329
S01004682,422,114,308
S01004683,573,323,250
S01004684,1162,584,578
S01004685,419,160,259
S01004686,619,236,383
S01004687,849,405,444
S01004688,559,322,237
S01004689,814,409,405
S01004690,445,195,250
S01004691,607,398,209
S01004692,550,248,302
S01004693,610,371,239
S01004694,488,198,290
S01004695,550,347,203
S01004696,716,246,470
S01004697,678,421,257
S01004698,434,237,197
S01004699,611,214,397
S01004700,614,297,317
S01004701,632,362,270
S01004702,450,230,220
S01004703,699,390,309
S01004704,495,206,289
S01004705,729,363,366
S01004706,1183,692,491
S01004707,735,337,398
S01004708,491,209,282
S01004709,602,334,268
S01004710,644,267,377
S01004711,695,271,424
S01004712,410,166,244
S01004713,559,230,329
S01004714,637,290,347
S01004715,1278,696,582
S01004716,715,349,366
S01004717,743,320,423
S01004718,739,342,397
S01004719,771,368,403
S01004720,677,288,389
S01004721,477,286,191
S01004722,528,223,305
S01004723,553,308,245
S01004724,831,363,468
S01004725,476,217,259
S01004726,457,207,250
S01004727,673,215,458
S01004728,741,422,319
S01004729,494,212,282
S01004730,1070,306,764
S01004731,652,334,318
S01004732,587,278,309
S01004733,606,241,365
S01004734,402,112,290
S01004735,804,411,393
S01004736,618,254,364
S01004737,594,261,333
S01004738,572,138,434
S01004739,563,372,191
S01004740,690,397,293
S01004741,485,212,273
S01004742,1014,480,534
S01004743,701,388,313
S01004744,458,161,297
S01004745,737,170,567
S01004746,646,238,408
S01004747,589,400,189
S01004748,486,170,316
S01004749,842,404,438
S01004750,498,171,327
S01004751,618,157,461
S01004752,613,246,367
S01004753,640,283,357
S01004754,536,271,265
S01004755,567,234,333
S01004756,486,247,239
S01004757,676,233,443
S01004758,733,328,405
S01004759,451,217,234
S01004760,550,227,323
S01004761,442,164,278
S01004762,513,219,294
S01004763,656,371,285
S01004764,592,258,334
S01004765,1048,373,675
S01004766,909,379,530
S01004767,535,243,292
S01004768,643,256,387
S01004769,443,218,225
S01004770,484,137,347
S01004771,700,366,334
S01004772,501,179,322
S01004773,580,205,375
S01004774,783,486,297
S01004775,682,70,612
S01004776,583,310,273
S01004777,532,331,201
S01004778,560,214,346
S01004779,662,287,375
S01004780,506,239,267
S01004781,772,322,450
S01004782,919,414,505
S01004783,800,426,374
S01004784,559,181,378
S01004785,490,212,278
S01004786,429,179,250
S01004787,865,325,540
S01004788,564,335,229
S01004789,827,311,516
S01004790,586,371,215
S01004791,537,196,341
S01004792,513,225,288
S01004793,642,319,323
S01004794,591,242,349
S01004795,719,311,408
S01004796,634,295,339
S01004797,580,278,302
S01004798,718,228,490
S01004799,482,171,311
S01004800,537,231,306
S01004801,585,197,388
S01004802,730,362,368
S01004803,718,239,479
S01004804,736,256,480
S01004805,492,146,346
S01004806,521,241,280
S01004807,426,108,318
S01004808,563,175,388
S01004809,385,157,228
S01004810,451,160,291
S01004811,601,275,326
S01004812,612,177,435
S01004813,707,347,360
S01004814,683,331,352
S01004815,1291,721,570
S01004816,609,234,375
S01004817,526,175,351
S01004818,660,299,361
S01004819,434,159,275
S01004820,834,335,499
S01004821,1402,653,749
S01004822,552,228,324
S01004823,750,343,407
S01004824,659,327,332
S01004825,501,182,319
S01004826,753,244,509
S01004827,498,191,307
S01004828,921,492,429
S01004829,567,227,340
S01004830,586,226,360
S01004831,703,411,292
S01004832,1047,550,497
S01004833,595,257,338
S01004834,661,314,347
S01004835,631,364,267
S01004836,591,336,255
S01004837,734,380,354
S01004838,1387,755,632
S01004839,702,296,406
S01004840,633,305,328
S01004841,663,273,390
S01004842,1069,712,357
S01004843,518,189,329
S01004844,815,383,432
S01004845,663,245,418
S01004846,815,394,421
S01004847,809,484,325
S01004848,584,375,209
S01004849,461,144,317
S01004850,1141,635,506
S01004851,477,173,304
S01004852,551,157,394
S01004853,626,340,286
S01004854,846,449,397
S01004855,493,191,302
S01004856,1202,692,510
S01004857,693,343,350
S01004858,759,412,347
S01004859,701,381,320
S01004860,973,588,385
S01004861,615,372,243
S01004862,529,294,235
S01004863,782,439,343
S01004864,465,292,173
S01004865,586,316,270
S01004866,720,338,382
S01004867,621,402,219
S01004868,562,211,351
S01004869,680,444,236
S01004870,705,373,332
S01004871,578,230,348
S01004872,672,298,374
S01004873,646,330,316
S01004874,891,342,549
S01004875,552,240,312
S01004876,767,322,445
S01004877,586,327,259
S01004878,657,266,391
S01004879,536,212,324
S01004880,562,188,374
S01004881,614,287,327
S01004882,430,182,248
S01004883,1477,830,647
S01004884,424,268,156
S01004885,412,174,238
S01004886,647,210,437
S01004887,332,190,142
S01004888,498,289,209
S01004889,660,282,378
S01004890,560,112,448
S01004891,754,268,486
S01004892,582,365,217
S01004893,633,243,390
S01004894,715,237,478
S01004895,709,302,407
S01004896,711,362,349
S01004897,486,298,188
S01004898,761,293,468
S01004899,619,305,314
S01004900,728,479,249
S01004901,592,139,453
S01004902,615,223,392
S01004903,459,280,179
S01004904,807,271,536
S01004905,783,315,468
S01004906,659,207,452
S01004907,640,415,225
S01004908,498,235,263
S01004909,660,314,346
S01004910,670,357,313
S01004911,648,418,230
S01004912,573,216,357
S01004913,530,238,292
S01004914,493,250,243
S01004915,546,197,349
S01004916,566,235,331
S01004917,447,277,170
S01004918,477,269,208
S01004919,507,191,316
S01004920,729,290,439
S01004921,532,150,382
S01004922,531,340,191
S01004923,692,377,315
S01004924,653,342,311
S01004925,481,241,240
S01004926,719,486,233
S01004927,722,413,309
S01004928,1134,783,351
S01004929,512,332,180
S01004930,515,217,298
S01004931,797,369,428
S01004932,599,191,408
S01004933,690,333,357
S01004934,610,257,353
S01004935,448,270,178
S01004936,784,315,469
S01004937,422,135,287
S01004938,582,248,334
S01004939,453,165,288
S01004940,425,229,196
S01004941,456,200,256
S01004942,757,446,311
S01004943,882,522,360
S01004944,420,246,174
S01004945,611,275,336
S01004946,575,369,206
S01004947,625,350,275
S01004948,469,199,270
S01004949,595,354,241
S01004950,614,326,288
S01004951,631,223,408
S01004952,894,462,432
S01004953,729,284,445
S01004954,553,228,325
S01004955,506,236,270
S01004956,627,342,285
S01004957,592,349,243
S01004958,994,382,612
S01004959,615,167,448
S01004960,462,208,254
S01004961,550,237,313
S01004962,530,352,178
S01004963,521,250,271
S01004964,914,509,405
S01004965,785,460,325
S01004966,851,525,326
S01004967,545,341,204
S01004968,480,253,227
S01004969,754,416,338
S01004970,719,417,302
S01004971,887,494,393
S01004972,706,361,345
S01004973,805,519,286
S01004974,925,631,294
S01004975,661,424,237
S01004976,745,401,344
S01004977,791,338,453
S01004978,788,463,325
S01004979,693,452,241
S01004980,825,476,349
S01004981,812,524,288
S01004982,566,364,202
S01004983,766,415,351
S01004984,632,372,260
S01004985,650,365,285
S01004986,611,378,233
S01004987,398,287,111
S01004988,444,272,172
S01004989,583,324,259
S01004990,482,318,164
S01004991,533,322,211
S01004992,706,354,352
S01004993,597,394,203
S01004994,712,380,332
S01004995,847,390,457
S01004996,571,286,285
S01004997,770,449,321
S01004998,1000,584,416
S01004999,735,361,374
S01005000,469,264,205
S01005001,916,518,398
S01005002,868,530,338
S01005003,866,482,384
S01005004,682,422,260
S01005005,810,428,382
S01005006,559,268,291
S01005007,752,398,354
S01005008,976,505,471
S01005009,783,531,252
S01005010,565,258,307
S01005011,673,325,348
S01005012,772,305,467
S01005013,636,386,250
S01005014,669,264,405
S01005015,516,245,271
S01005016,717,301,416
S01005017,612,393,219
S01005018,468,222,246
S01005019,1121,262,859
S01005020,722,370,352
S01005021,827,547,280
S01005022,570,287,283
S01005023,765,405,360
S01005024,779,399,380
S01005025,572,341,231
S01005026,578,390,188
S01005027,646,376,270
S01005028,729,384,345
S01005029,817,304,513
S01005030,826,478,348
S01005031,611,213,398
S01005032,727,380,347
S01005033,602,380,222
S01005034,662,433,229
S01005035,827,490,337
S01005036,579,328,251
S01005037,1047,225,822
S01005038,698,439,259
S01005039,907,571,336
S01005040,1055,199,856
S01005041,650,93,557
S01005042,678,450,228
S01005043,671,325,346
S01005044,798,299,499
S01005045,838,508,330
S01005046,1051,556,495
S01005047,1399,281,1118
S01005048,505,341,164
S01005049,751,237,514
S01005050,720,208,512
S01005051,710,425,285
S01005052,723,470,253
S01005053,621,177,444
S01005054,459,204,255
S01005055,643,272,371
S01005056,684,186,498
S01005057,581,192,389
S01005058,758,226,532
S01005059,421,187,234
S01005060,578,217,361
S01005061,996,461,535
S01005062,415,277,138
S01005063,389,213,176
S01005064,609,371,238
S01005065,1073,342,731
S01005066,582,176,406
S01005067,529,261,268
S01005068,538,254,284
S01005069,465,165,300
S01005070,941,397,544
S01005071,153,62,91
S01005072,521,192,329
S01005073,521,295,226
S01005074,955,587,368
S01005075,321,92,229
S01005076,620,245,375
S01005077,783,407,376
S01005078,588,229,359
S01005079,508,206,302
S01005080,354,160,194
S01005081,523,230,293
S01005082,542,302,240
S01005083,836,395,441
S01005084,502,198,304
S01005085,457,214,243
S01005086,1281,570,711
S01005087,402,207,195
S01005088,484,285,199
S01005089,669,369,300
S01005090,724,405,319
S01005091,552,349,203
S01005092,571,295,276
S01005093,605,270,335
S01005094,637,415,222
S01005095,1296,816,480
S01005096,573,313,260
S01005097,675,429,246
S01005098,621,325,296
S01005099,678,372,306
S01005100,733,440,293
S01005101,832,368,464
S01005102,750,426,324
S01005103,963,497,466
S01005104,745,338,407
S01005105,745,342,403
S01005106,462,224,238
S01005107,375,224,151
S01005108,522,280,242
S01005109,1166,790,376
S01005110,978,563,415
S01005111,445,255,190
S01005112,725,438,287
S01005113,873,454,419
S01005114,761,300,461
S01005115,804,382,422
S01005116,527,279,248
S01005117,835,506,329
S01005118,704,364,340
S01005119,655,460,195
S01005120,602,357,245
S01005121,780,491,289
S01005122,719,395,324
S01005123,654,415,239
S01005124,594,306,288
S01005125,715,213,502
S01005126,547,316,231
S01005127,539,236,303
S01005128,856,437,419
S01005129,771,425,346
S01005130,530,210,320
S01005131,780,395,385
S01005132,623,319,304
S01005133,342,199,143
S01005134,849,416,433
S01005135,645,345,300
S01005136,715,297,418
S01005137,786,482,304
S01005138,965,477,488
S01005139,618,276,342
S01005140,532,326,206
S01005141,734,428,306
S01005142,503,298,205
S01005143,960,430,530
S01005144,1080,538,542
S01005145,657,359,298
S01005146,640,352,288
S01005147,789,431,358
S01005148,661,372,289
S01005149,492,242,250
S01005150,529,288,241
S01005151,566,280,286
S01005152,1347,731,616
S01005153,690,427,263
S01005154,543,305,238
S01005155,563,327,236
S01005156,537,241,296
S01005157,725,258,467
S01005158,588,314,274
S01005159,754,330,424
S01005160,876,362,514
S01005161,739,333,406
S01005162,750,263,487
S01005163,509,184,325
S01005164,721,340,381
S01005165,608,245,363
S01005166,762,317,445
S01005167,501,151,350
S01005168,555,296,259
S01005169,487,256,231
S01005170,662,375,287
S01005171,737,257,480
S01005172,1069,678,391
S01005173,558,303,255
S01005174,589,171,418
S01005175,834,369,465
S01005176,566,163,403
S01005177,650,144,506
S01005178,801,354,447
S01005179,763,327,436
S01005180,692,426,266
S01005181,700,439,261
S01005182,581,143,438
S01005183,750,283,467
S01005184,630,161,469
S01005185,429,178,251
S01005186,666,287,379
S01005187,866,381,485
S01005188,770,520,250
S01005189,735,256,479
S01005190,763,447,316
S01005191,687,272,415
S01005192,928,474,454
S01005193,683,411,272
S01005194,498,234,264
S01005195,741,473,268
S01005196,564,166,398
S01005197,635,181,454
S01005198,735,426,309
S01005199,671,280,391
S01005200,465,248,217
S01005201,763,290,473
S01005202,706,278,428
S01005203,671,353,318
S01005204,433,259,174
S01005205,897,438,459
S01005206,826,468,358
S01005207,756,267,489
S01005208,461,105,356
S01005209,763,313,450
S01005210,852,227,625
S01005211,571,163,408
S01005212,478,222,256
S01005213,772,396,376
S01005214,766,173,593
S01005215,810,329,481
S01005216,587,184,403
S01005217,783,325,458
S01005218,805,246,559
S01005219,787,329,458
S01005220,575,230,345
S01005221,587,314,273
S01005222,468,181,287
S01005223,615,274,341
S01005224,582,339,243
S01005225,830,429,401
S01005226,429,182,247
S01005227,903,280,623
S01005228,733,460,273
S01005229,984,225,759
S01005230,658,303,355
S01005231,588,261,327
S01005232,982,286,696
S01005233,615,175,440
S01005234,1164,437,727
S01005235,564,221,343
S01005236,938,449,489
S01005237,865,505,360
S01005238,696,341,355
S01005239,997,217,780
S01005240,711,129,582
S01005241,800,508,292
S01005242,971,197,774
S01005243,915,159,756
S01005244,737,461,276
S01005245,592,130,462
S01005246,744,101,643
S01005247,416,90,326
S01005248,562,126,436
S01005249,745,125,620
S01005250,715,92,623
S01005251,635,196,439
S01005252,392,106,286
S01005253,406,180,226
S01005254,788,182,606
S01005255,615,116,499
S01005256,692,389,303
S01005257,785,315,470
S01005258,829,493,336
S01005259,402,120,282
S01005260,544,137,407
S01005261,473,124,349
S01005262,1060,410,650
S01005263,419,81,338
S01005264,546,203,343
S01005265,403,77,326
S01005266,721,273,448
S01005267,817,280,537
S01005268,1135,196,939
S01005269,783,347,436
S01005270,874,499,375
S01005271,441,292,149
S01005272,433,74,359
S01005273,580,300,280
S01005274,622,158,464
S01005275,497,113,384
S01005276,584,194,390
S01005277,527,261,266
S01005278,685,307,378
S01005279,420,262,158
S01005280,622,145,477
S01005281,589,240,349
S01005282,574,165,409
S01005283,639,425,214
S01005284,529,128,401
S01005285,542,288,254
S01005286,635,413,222
S01005287,890,353,537
S01005288,623,257,366
S01005289,802,272,530
S01005290,509,186,323
S01005291,580,325,255
S01005292,601,176,425
S01005293,626,233,393
S01005294,444,318,126
S01005295,485,164,321
S01005296,645,430,215
S01005297,633,355,278
S01005298,843,515,328
S01005299,454,280,174
S01005300,735,432,303
S01005301,674,420,254
S01005302,832,356,476
S01005303,701,329,372
S01005304,569,320,249
S01005305,611,246,365
S01005306,715,433,282
S01005307,753,515,238
S01005308,400,128,272
S01005309,725,334,391
S01005310,849,330,519
S01005311,686,345,341
S01005312,877,386,491
S01005313,727,376,351
S01005314,407,288,119
S01005315,674,211,463
S01005316,714,375,339
S01005317,451,292,159
S01005318,480,236,244
S01005319,523,339,184
S01005320,500,257,243
S01005321,520,222,298
S01005322,1390,669,721
S01005323,648,276,372
S01005324,690,277,413
S01005325,1866,704,1162
S01005326,712,189,523
S01005327,490,163,327
S01005328,626,80,546
S01005329,534,288,246
S01005330,593,252,341
S01005331,584,184,400
S01005332,506,275,231
S01005333,676,424,252
S01005334,871,501,370
S01005335,426,267,159
S01005336,473,258,215
S01005337,718,441,277
S01005338,427,282,145
S01005339,610,319,291
S01005340,438,247,191
S01005341,516,259,257
S01005342,602,291,311
S01005343,732,442,290
S01005344,579,283,296
S01005345,594,356,238
S01005346,662,411,251
S01005347,572,346,226
S01005348,770,343,427
S01005349,682,372,310
S01005350,586,374,212
S01005351,1168,539,629
S01005352,724,327,397
S01005353,830,363,467
S01005354,722,452,270
S01005355,588,270,318
S01005356,567,368,199
S01005357,647,257,390
S01005358,649,326,323
S01005359,707,454,253
S01005360,665,441,224
S01005361,780,516,264
S01005362,668,352,316
S01005363,575,343,232
S01005364,791,510,281
S01005365,746,458,288
S01005366,582,361,221
S01005367,662,238,424
S01005368,570,223,347
S01005369,861,295,566
S01005370,746,375,371
S01005371,818,485,333
S01005372,783,306,477
S01005373,645,261,384
S01005374,779,291,488
S01005375,799,433,366
S01005376,848,432,416
S01005377,699,322,377
S01005378,590,239,351
S01005379,742,372,370
S01005380,518,230,288
S01005381,487,197,290
S01005382,579,203,376
S01005383,494,321,173
S01005384,807,524,283
S01005385,809,505,304
S01005386,555,305,250
S01005387,746,395,351
S01005388,625,337,288
S01005389,670,225,445
S01005390,674,327,347
S01005391,630,329,301
S01005392,694,417,277
S01005393,786,426,360
S01005394,694,435,259
S01005395,808,511,297
S01005396,603,333,270
S01005397,489,273,216
S01005398,811,503,308
S01005399,818,376,442
S01005400,858,389,469
S01005401,734,403,331
S01005402,871,419,452
S01005403,731,339,392
S01005404,827,495,332
S01005405,474,277,197
S01005406,460,246,214
S01005407,1148,729,419
S01005408,483,205,278
S01005409,586,333,253
S01005410,835,483,352
S01005411,823,506,317
S01005412,790,435,355
S01005413,815,238,577
S01005414,835,442,393
S01005415,857,465,392
S01005416,832,307,525
S01005417,949,522,427
S01005418,949,546,403
S01005419,607,332,275
S01005420,660,419,241
S01005421,704,376,328
S01005422,850,360,490
S01005423,799,432,367
S01005424,713,351,362
S01005425,764,268,496
S01005426,623,237,386
S01005427,669,222,447
S01005428,879,392,487
S01005429,649,219,430
S01005430,487,315,172
S01005431,548,234,314
S01005432,617,223,394
S01005433,726,281,445
S01005434,724,188,536
S01005435,904,478,426
S01005436,807,363,444
S01005437,763,380,383
S01005438,638,317,321
S01005439,596,232,364
S01005440,1007,588,419
S01005441,842,375,467
S01005442,1484,947,537
S01005443,981,554,427
S01005444,1071,644,427
S01005445,830,459,371
S01005446,626,291,335
S01005447,740,457,283
S01005448,717,424,293
S01005449,814,489,325
S01005450,1022,535,487
S01005451,785,444,341
S01005452,735,547,188
S01005453,659,337,322
S01005454,815,389,426
S01005455,789,303,486
S01005456,700,349,351
S01005457,780,344,436
S01005458,566,236,330
S01005459,749,466,283
S01005460,691,392,299
S01005461,639,354,285
S01005462,912,573,339
S01005463,487,259,228
S01005464,538,286,252
S01005465,490,257,233
S01005466,899,544,355
S01005467,433,258,175
S01005468,760,447,313
S01005469,748,443,305
S01005470,587,358,229
S01005471,581,393,188
S01005472,1090,681,409
S01005473,816,480,336
S01005474,755,367,388
S01005475,769,491,278
S01005476,749,472,277
S01005477,706,374,332
S01005478,644,319,325
S01005479,488,278,210
S01005480,1098,697,401
S01005481,554,288,266
S01005482,565,323,242
S01005483,752,419,333
S01005484,465,255,210
S01005485,673,324,349
S01005486,725,361,364
S01005487,663,271,392
S01005488,646,313,333
S01005489,801,464,337
S01005490,585,314,271
S01005491,723,431,292
S01005492,755,424,331
S01005493,579,347,232
S01005494,661,358,303
S01005495,620,330,290
S01005496,860,472,388
S01005497,650,405,245
S01005498,826,335,491
S01005499,531,200,331
S01005500,584,282,302
S01005501,813,404,409
S01005502,730,322,408
S01005503,514,219,295
S01005504,533,189,344
S01005505,505,178,327
S01005506,768,288,480
S01005507,487,192,295
S01005508,599,223,376
S01005509,487,248,239
S01005510,554,324,230
S01005511,502,279,223
S01005512,563,288,275
S01005513,639,340,299
S01005514,500,269,231
S01005515,451,269,182
S01005516,456,276,180
S01005517,763,353,410
S01005518,843,405,438
S01005519,540,281,259
S01005520,794,467,327
S01005521,589,317,272
S01005522,544,308,236
S01005523,680,398,282
S01005524,678,391,287
S01005525,539,287,252
S01005526,523,196,327
S01005527,383,142,241
S01005528,466,210,256
S01005529,752,363,389
S01005530,497,192,305
S01005531,475,217,258
S01005532,716,345,371
S01005533,622,326,296
S01005534,514,253,261
S01005535,694,335,359
S01005536,764,465,299
S01005537,629,323,306
S01005538,696,391,305
S01005539,725,384,341
S01005540,595,242,353
S01005541,527,219,308
S01005542,616,302,314
S01005543,645,307,338
S01005544,578,220,358
S01005545,978,602,376
S01005546,616,346,270
S01005547,808,430,378
S01005548,1115,667,448
S01005549,1194,682,512
S01005550,498,374,124
S01005551,757,566,191
S01005552,649,441,208
S01005553,669,461,208
S01005554,578,377,201
S01005555,699,525,174
S01005556,505,272,233
S01005557,566,276,290
S01005558,614,408,206
S01005559,491,213,278
S01005560,480,183,297
S01005561,725,447,278
S01005562,787,501,286
S01005563,653,248,405
S01005564,732,502,230
S01005565,473,303,170
S01005566,430,152,278
S01005567,827,358,469
S01005568,450,210,240
S01005569,584,365,219
S01005570,618,302,316
S01005571,554,326,228
S01005572,676,419,257
S01005573,562,262,300
S01005574,690,334,356
S01005575,571,363,208
S01005576,673,341,332
S01005577,743,384,359
S01005578,770,364,406
S01005579,803,486,317
S01005580,587,300,287
S01005581,629,291,338
S01005582,674,365,309
S01005583,558,326,232
S01005584,470,312,158
S01005585,811,231,580
S01005586,741,271,470
S01005587,883,375,508
S01005588,606,222,384
S01005589,1194,333,861
S01005590,699,146,553
S01005591,781,303,478
S01005592,359,76,283
S01005593,639,257,382
S01005594,860,185,675
S01005595,637,222,415
S01005596,426,167,259
S01005597,869,320,549
S01005598,845,190,655
S01005599,489,171,318
S01005600,602,155,447
S01005601,582,241,341
S01005602,523,182,341
S01005603,589,191,398
S01005604,377,150,227
S01005605,807,364,443
S01005606,529,215,314
S01005607,552,262,290
S01005608,710,404,306
S01005609,694,301,393
S01005610,459,220,239
S01005611,527,152,375
S01005612,614,330,284
S01005613,653,283,370
S01005614,623,309,314
S01005615,815,343,472
S01005616,536,298,238
S01005617,674,279,395
S01005618,529,198,331
S01005619,446,267,179
S01005620,434,219,215
S01005621,515,274,241
S01005622,759,447,312
S01005623,621,290,331
S01005624,737,478,259
S01005625,750,403,347
S01005626,660,290,370
S01005627,539,337,202
S01005628,909,380,529
S01005629,665,423,242
S01005630,460,217,243
S01005631,584,291,293
S01005632,437,192,245
S01005633,651,272,379
S01005634,632,382,250
S01005635,715,370,345
S01005636,704,401,303
S01005637,865,461,404
S01005638,824,429,395
S01005639,568,264,304
S01005640,560,304,256
S01005641,859,455,404
S01005642,709,417,292
S01005643,519,329,190
S01005644,560,390,170
S01005645,703,440,263
S01005646,642,231,411
S01005647,663,366,297
S01005648,797,425,372
S01005649,897,323,574
S01005650,438,181,257
S01005651,641,197,444
S01005652,549,336,213
S01005653,670,318,352
S01005654,626,295,331
S01005655,867,516,351
S01005656,661,221,440
S01005657,446,226,220
S01005658,677,422,255
S01005659,761,513,248
S01005660,489,181,308
S01005661,497,261,236
S01005662,486,316,170
S01005663,533,358,175
S01005664,437,277,160
S01005665,387,227,160
S01005666,1047,527,520
S01005667,627,397,230
S01005668,648,333,315
S01005669,433,230,203
S01005670,631,340,291
S01005671,435,236,199
S01005672,664,261,403
S01005673,542,323,219
S01005674,723,360,363
S01005675,775,304,471
S01005676,683,350,333
S01005677,677,441,236
S01005678,715,454,261
S01005679,944,418,526
S01005680,651,404,247
S01005681,851,435,416
S01005682,646,337,309
S01005683,653,241,412
S01005684,911,442,469
S01005685,734,383,351
S01005686,684,347,337
S01005687,590,376,214
S01005688,764,452,312
S01005689,405,271,134
S01005690,618,350,268
S01005691,568,362,206
S01005692,547,311,236
S01005693,1327,779,548
S01005694,438,180,258
S01005695,431,200,231
S01005696,550,267,283
S01005697,523,208,315
S01005698,497,294,203
S01005699,769,277,492
S01005700,441,242,199
S01005701,596,211,385
S01005702,574,248,326
S01005703,484,323,161
S01005704,555,230,325
S01005705,732,429,303
S01005706,646,426,220
S01005707,490,179,311
S01005708,588,255,333
S01005709,623,292,331
S01005710,399,234,165
S01005711,794,436,358
S01005712,455,198,257
S01005713,512,272,240
S01005714,1005,555,450
S01005715,600,305,295
S01005716,456,316,140
S01005717,412,237,175
S01005718,692,260,432
S01005719,392,254,138
S01005720,595,373,222
S01005721,577,223,354
S01005722,424,280,144
S01005723,625,320,305
S01005724,481,317,164
S01005725,621,338,283
S01005726,878,538,340
S01005727,1031,600,431
S01005728,634,312,322
S01005729,476,205,271
S01005730,584,285,299
S01005731,668,346,322
S01005732,676,267,409
S01005733,583,373,210
S01005734,572,316,256
S01005735,575,321,254
S01005736,665,343,322
S01005737,604,264,340
S01005738,704,296,408
S01005739,790,400,390
S01005740,620,358,262
S01005741,847,478,369
S01005742,789,457,332
S01005743,904,589,315
S01005744,762,377,385
S01005745,964,459,505
S01005746,671,403,268
S01005747,697,385,312
S01005748,543,190,353
S01005749,653,400,253
S01005750,606,325,281
S01005751,624,350,274
S01005752,523,174,349
S01005753,549,266,283
S01005754,884,432,452
S01005755,565,236,329
S01005756,680,305,375
S01005757,441,160,281
S01005758,674,325,349
S01005759,641,244,397
S01005760,529,292,237
S01005761,585,318,267
S01005762,553,236,317
S01005763,1891,1092,799
S01005764,482,187,295
S01005765,748,258,490
S01005766,565,297,268
S01005767,595,327,268
S01005768,707,304,403
S01005769,597,233,364
S01005770,537,189,348
S01005771,618,394,224
S01005772,613,386,227
S01005773,724,457,267
S01005774,561,284,277
S01005775,633,276,357
S01005776,597,360,237
S01005777,436,232,204
S01005778,588,254,334
S01005779,614,355,259
S01005780,1065,679,386
S01005781,815,349,466
S01005782,673,267,406
S01005783,443,243,200
S01005784,563,270,293
S01005785,603,389,214
S01005786,489,262,227
S01005787,593,299,294
S01005788,455,195,260
S01005789,662,346,316
S01005790,397,204,193
S01005791,395,212,183
S01005792,638,285,353
S01005793,435,231,204
S01005794,818,478,340
S01005795,517,264,253
S01005796,879,535,344
S01005797,771,516,255
S01005798,491,218,273
S01005799,570,275,295
S01005800,532,256,276
S01005801,550,253,297
S01005802,708,433,275
S01005803,612,270,342
S01005804,2828,1730,1098
S01005805,464,285,179
S01005806,614,287,327
S01005807,647,252,395
S01005808,559,219,340
S01005809,516,285,231
S01005810,392,191,201
S01005811,427,189,238
S01005812,466,235,231
S01005813,647,320,327
S01005814,597,262,335
S01005815,884,379,505
S01005816,837,451,386
S01005817,416,252,164
S01005818,584,386,198
S01005819,557,259,298
S01005820,527,206,321
S01005821,397,188,209
S01005822,662,311,351
S01005823,502,252,250
S01005824,572,355,217
S01005825,549,252,297
S01005826,728,490,238
S01005827,568,334,234
S01005828,622,229,393
S01005829,633,337,296
S01005830,761,294,467
S01005831,950,552,398
S01005832,595,239,356
S01005833,524,267,257
S01005834,516,213,303
S01005835,595,359,236
S01005836,555,348,207
S01005837,392,230,162
S01005838,565,295,270
S01005839,659,373,286
S01005840,669,305,364
S01005841,530,230,300
S01005842,430,202,228
S01005843,520,311,209
S01005844,578,272,306
S01005845,413,255,158
S01005846,760,218,542
S01005847,659,278,381
S01005848,451,171,280
S01005849,666,339,327
S01005850,653,289,364
S01005851,585,215,370
S01005852,422,204,218
S01005853,851,367,484
S01005854,626,305,321
S01005855,716,228,488
S01005856,632,277,355
S01005857,605,244,361
S01005858,550,283,267
S01005859,593,268,325
S01005860,626,244,382
S01005861,678,448,230
S01005862,628,304,324
S01005863,1303,678,625
S01005864,744,329,415
S01005865,653,314,339
S01005866,675,328,347
S01005867,739,369,370
S01005868,587,359,228
S01005869,566,228,338
S01005870,605,276,329
S01005871,572,274,298
S01005872,641,357,284
S01005873,809,371,438
S01005874,572,155,417
S01005875,634,343,291
S01005876,695,463,232
S01005877,717,365,352
S01005878,489,265,224
S01005879,538,281,257
S01005880,631,203,428
S01005881,624,240,384
S01005882,1174,807,367
S01005883,397,188,209
S01005884,614,345,269
S01005885,506,313,193
S01005886,593,396,197
S01005887,417,153,264
S01005888,506,216,290
S01005889,779,270,509
S01005890,575,355,220
S01005891,495,179,316
S01005892,572,188,384
S01005893,594,261,333
S01005894,619,274,345
S01005895,506,322,184
S01005896,602,390,212
S01005897,631,327,304
S01005898,581,265,316
S01005899,624,204,420
S01005900,516,341,175
S01005901,575,333,242
S01005902,739,423,316
S01005903,798,314,484
S01005904,784,377,407
S01005905,630,347,283
S01005906,684,330,354
S01005907,631,230,401
S01005908,767,266,501
S01005909,423,248,175
S01005910,600,359,241
S01005911,1126,573,553
S01005912,675,305,370
S01005913,648,192,456
S01005914,869,301,568
S01005915,580,245,335
S01005916,568,387,181
S01005917,685,236,449
S01005918,732,327,405
S01005919,418,278,140
S01005920,736,331,405
S01005921,554,294,260
S01005922,783,304,479
S01005923,569,240,329
S01005924,500,327,173
S01005925,579,352,227
S01005926,868,371,497
S01005927,607,357,250
S01005928,615,210,405
S01005929,643,272,371
S01005930,810,388,422
S01005931,629,301,328
S01005932,509,161,348
S01005933,691,416,275
S01005934,603,260,343
S01005935,512,184,328
S01005936,706,330,376
S01005937,467,315,152
S01005938,629,229,400
S01005939,558,184,374
S01005940,695,230,465
S01005941,372,253,119
S01005942,774,242,532
S01005943,683,288,395
S01005944,872,309,563
S01005945,633,272,361
S01005946,745,300,445
S01005947,617,154,463
S01005948,670,297,373
S01005949,490,146,344
S01005950,477,151,326
S01005951,1036,319,717
S01005952,1061,294,767
S01005953,990,486,504
S01005954,386,124,262
S01005955,644,188,456
S01005956,637,245,392
S01005957,868,318,550
S01005958,476,209,267
S01005959,442,127,315
S01005960,460,208,252
S01005961,883,345,538
S01005962,400,167,233
S01005963,499,214,285
S01005964,585,191,394
S01005965,730,260,470
S01005966,1085,448,637
S01005967,784,246,538
S01005968,974,517,457
S01005969,609,307,302
S01005970,654,290,364
S01005971,349,140,209
S01005972,602,225,377
S01005973,698,306,392
S01005974,623,255,368
S01005975,544,230,314
S01005976,666,368,298
S01005977,586,298,288
S01005978,593,323,270
S01005979,731,328,403
S01005980,483,297,186
S01005981,661,375,286
S01005982,549,208,341
S01005983,716,471,245
S01005984,734,415,319
S01005985,624,259,365
S01005986,876,523,353
S01005987,456,198,258
S01005988,462,172,290
S01005989,573,346,227
S01005990,1073,296,777
S01005991,565,270,295
S01005992,468,137,331
S01005993,578,327,251
S01005994,742,310,432
S01005995,529,145,384
S01005996,640,362,278
S01005997,494,191,303
S01005998,518,95,423
S01005999,1081,689,392
S01006000,598,215,383
S01006001,583,286,297
S01006002,451,198,253
S01006003,560,230,330
S01006004,1059,579,480
S01006005,436,196,240
S01006006,651,384,267
S01006007,391,89,302
S01006008,572,190,382
S01006009,407,230,177
S01006010,774,490,284
S01006011,638,227,411
S01006012,639,230,409
S01006013,474,316,158
S01006014,561,216,345
S01006015,631,345,286
S01006016,774,453,321
S01006017,951,493,458
S01006018,671,424,247
S01006019,1000,446,554
S01006020,694,440,254
S01006021,873,477,396
S01006022,486,156,330
S01006023,561,359,202
S01006024,665,255,410
S01006025,771,300,471
S01006026,631,281,350
S01006027,609,317,292
S01006028,531,206,325
S01006029,554,301,253
S01006030,759,457,302
S01006031,1146,526,620
S01006032,786,230,556
S01006033,906,453,453
S01006034,1337,532,805
S01006035,806,426,380
S01006036,1714,992,722
S01006037,699,354,345
S01006038,774,385,389
S01006039,663,342,321
S01006040,653,249,404
S01006041,807,249,558
S01006042,698,354,344
S01006043,456,239,217
S01006044,948,426,522
S01006045,557,279,278
S01006046,577,244,333
S01006047,623,239,384
S01006048,592,349,243
S01006049,670,303,367
S01006050,638,244,394
S01006051,655,302,353
S01006052,695,339,356
S01006053,688,416,272
S01006054,689,313,376
S01006055,539,249,290
S01006056,768,510,258
S01006057,429,106,323
S01006058,645,238,407
S01006059,765,264,501
S01006060,608,193,415
S01006061,442,74,368
S01006062,608,175,433
S01006063,424,83,341
S01006064,621,156,465
S01006065,660,134,526
S01006066,845,288,557
S01006067,790,449,341
S01006068,444,234,210
S01006069,683,477,206
S01006070,544,359,185
S01006071,728,507,221
S01006072,477,281,196
S01006073,364,220,144
S01006074,556,343,213
S01006075,839,365,474
S01006076,799,344,455
S01006077,963,492,471
S01006078,1146,619,527
S01006079,572,262,310
S01006080,794,390,404
S01006081,597,388,209
S01006082,691,288,403
S01006083,853,455,398
S01006084,663,310,353
S01006085,609,309,300
S01006086,755,353,402
S01006087,624,298,326
S01006088,603,331,272
S01006089,615,239,376
S01006090,641,277,364
S01006091,676,418,258
S01006092,473,196,277
S01006093,578,302,276
S01006094,718,297,421
S01006095,735,392,343
S01006096,504,225,279
S01006097,792,312,480
S01006098,586,235,351
S01006099,439,275,164
S01006100,307,105,202
S01006101,561,232,329
S01006102,704,241,463
S01006103,554,251,303
S01006104,595,283,312
S01006105,676,322,354
S01006106,651,329,322
S01006107,527,216,311
S01006108,722,307,415
S01006109,730,388,342
S01006110,598,231,367
S01006111,788,398,390
S01006112,585,298,287
S01006113,746,518,228
S01006114,585,244,341
S01006115,697,361,336
S01006116,695,491,204
S01006117,703,345,358
S01006118,492,278,214
S01006119,953,545,408
S01006120,1038,212,826
S01006121,463,139,324
S01006122,780,463,317
S01006123,661,81,580
S01006124,619,122,497
S01006125,799,263,536
S01006126,818,92,726
S01006127,688,125,563
S01006128,839,90,749
S01006129,607,306,301
S01006130,372,144,228
S01006131,770,493,277
S01006132,653,207,446
S01006133,490,318,172
S01006134,404,188,216
S01006135,437,90,347
S01006136,886,209,677
S01006137,814,204,610
S01006138,530,318,212
S01006139,328,147,181
S01006140,707,345,362
S01006141,1576,603,973
S01006142,546,330,216
S01006143,549,304,245
S01006144,813,498,315
S01006145,882,359,523
S01006146,680,401,279
S01006147,677,272,405
S01006148,650,336,314
S01006149,888,508,380
S01006150,823,444,379
S01006151,1971,87,1884
S01006152,609,452,157
S01006153,475,305,170
S01006154,618,446,172
S01006155,624,333,291
S01006156,493,262,231
S01006157,632,296,336
S01006158,693,462,231
S01006159,687,365,322
S01006160,632,469,163
S01006161,610,389,221
S01006162,520,354,166
S01006163,626,343,283
S01006164,478,280,198
S01006165,578,305,273
S01006166,686,463,223
S01006167,1195,823,372
S01006168,804,426,378
S01006169,587,306,281
S01006170,807,454,353
S01006171,772,338,434
S01006172,390,213,177
S01006173,520,294,226
S01006174,515,270,245
S01006175,649,360,289
S01006176,554,263,291
S01006177,481,134,347
S01006178,688,294,394
S01006179,597,262,335
S01006180,614,188,426
S01006181,580,180,400
S01006182,559,99,460
S01006183,625,167,458
S01006184,627,273,354
S01006185,787,348,439
S01006186,972,339,633
S01006187,604,156,448
S01006188,507,174,333
S01006189,517,143,374
S01006190,669,304,365
S01006191,481,114,367
S01006192,541,139,402
S01006193,774,210,564
S01006194,710,216,494
S01006195,750,193,557
S01006196,728,290,438
S01006197,672,248,424
S01006198,531,74,457
S01006199,539,180,359
S01006200,772,369,403
S01006201,760,301,459
S01006202,529,116,413
S01006203,475,242,233
S01006204,782,326,456
S01006205,573,275,298
S01006206,613,280,333
S01006207,723,278,445
S01006208,608,247,361
S01006209,560,296,264
S01006210,649,303,346
S01006211,437,126,311
S01006212,625,406,219
S01006213,858,391,467
S01006214,692,271,421
S01006215,645,295,350
S01006216,523,291,232
S01006217,783,293,490
S01006218,476,243,233
S01006219,800,326,474
S01006220,659,381,278
S01006221,704,247,457
S01006222,836,313,523
S01006223,604,346,258
S01006224,532,267,265
S01006225,677,217,460
S01006226,577,361,216
S01006227,736,380,356
S01006228,581,392,189
S01006229,666,159,507
S01006230,740,217,523
S01006231,647,183,464
S01006232,834,531,303
S01006233,623,256,367
S01006234,557,214,343
S01006235,611,339,272
S01006236,495,164,331
S01006237,816,353,463
S01006238,819,356,463
S01006239,360,209,151
S01006240,600,155,445
S01006241,891,229,662
S01006242,633,226,407
S01006243,495,274,221
S01006244,652,294,358
S01006245,466,179,287
S01006246,597,240,357
S01006247,706,357,349
S01006248,706,435,271
S01006249,615,184,431
S01006250,576,197,379
S01006251,502,248,254
S01006252,524,292,232
S01006253,463,152,311
S01006254,633,355,278
S01006255,733,383,350
S01006256,519,178,341
S01006257,649,263,386
S01006258,659,210,449
S01006259,522,145,377
S01006260,439,97,342
S01006261,618,211,407
S01006262,657,262,395
S01006263,664,257,407
S01006264,752,447,305
S01006265,650,288,362
S01006266,741,251,490
S01006267,451,164,287
S01006268,542,278,264
S01006269,455,154,301
S01006270,733,310,423
S01006271,524,190,334
S01006272,708,263,445
S01006273,424,170,254
S01006274,451,211,240
S01006275,618,311,307
S01006276,674,289,385
S01006277,578,292,286
S01006278,872,307,565
S01006279,1022,456,566
S01006280,564,186,378
S01006281,620,222,398
S01006282,563,236,327
S01006283,603,253,350
S01006284,622,247,375
S01006285,648,308,340
S01006286,917,404,513
S01006287,510,270,240
S01006288,627,193,434
S01006289,734,323,411
S01006290,709,233,476
S01006291,433,113,320
S01006292,710,423,287
S01006293,727,475,252
S01006294,509,304,205
S01006295,668,376,292
S01006296,763,464,299
S01006297,600,286,314
S01006298,797,453,344
S01006299,617,261,356
S01006300,629,210,419
S01006301,511,176,335
S01006302,741,383,358
S01006303,546,257,289
S01006304,619,268,351
S01006305,585,292,293
S01006306,634,330,304
S01006307,779,339,440
S01006308,499,200,299
S01006309,917,492,425
S01006310,666,351,315
S01006311,607,286,321
S01006312,1074,333,741
S01006313,1035,497,538
S01006314,552,390,162
S01006315,641,245,396
S01006316,705,402,303
S01006317,788,347,441
S01006318,577,261,316
S01006319,757,331,426
S01006320,783,306,477
S01006321,611,436,175
S01006322,565,392,173
S01006323,806,445,361
S01006324,512,365,147
S01006325,558,280,278
S01006326,747,216,531
S01006327,467,190,277
S01006328,499,181,318
S01006329,883,478,405
S01006330,570,236,334
S01006331,597,318,279
S01006332,480,234,246
S01006333,711,275,436
S01006334,654,300,354
S01006335,701,348,353
S01006336,880,619,261
S01006337,1029,670,359
S01006338,686,384,302
S01006339,798,393,405
S01006340,558,280,278
S01006341,569,328,241
S01006342,573,257,316
S01006343,959,393,566
S01006344,564,263,301
S01006345,576,300,276
S01006346,522,274,248
S01006347,501,305,196
S01006348,456,258,198
S01006349,389,166,223
S01006350,543,190,353
S01006351,1009,409,600
S01006352,546,227,319
S01006353,481,289,192
S01006354,741,342,399
S01006355,550,199,351
S01006356,538,282,256
S01006357,581,364,217
S01006358,522,159,363
S01006359,896,499,397
S01006360,542,258,284
S01006361,882,371,511
S01006362,627,318,309
S01006363,556,307,249
S01006364,3080,1587,1493
S01006365,752,435,317
S01006366,582,363,219
S01006367,599,290,309
S01006368,634,372,262
S01006369,1250,683,567
S01006370,782,457,325
S01006371,480,283,197
S01006372,597,248,349
S01006373,694,336,358
S01006374,501,238,263
S01006375,492,203,289
S01006376,794,387,407
S01006377,439,183,256
S01006378,379,234,145
S01006379,575,263,312
S01006380,537,214,323
S01006381,408,186,222
S01006382,542,223,319
S01006383,466,220,246
S01006384,620,353,267
S01006385,798,336,462
S01006386,822,307,515
S01006387,705,345,360
S01006388,892,312,580
S01006389,534,234,300
S01006390,538,215,323
S01006391,797,552,245
S01006392,771,341,430
S01006393,1019,432,587
S01006394,561,257,304
S01006395,923,325,598
S01006396,475,156,319
S01006397,764,449,315
S01006398,717,337,380
S01006399,591,289,302
S01006400,1033,601,432
S01006401,828,303,525
S01006402,515,143,372
S01006403,619,272,347
S01006404,720,262,458
S01006405,851,318,533
S01006406,311,97,214
S01006407,519,274,245
S01006408,815,303,512
S01006409,1124,469,655
S01006410,581,222,359
S01006411,792,337,455
S01006412,528,209,319
S01006413,405,169,236
S01006414,407,218,189
S01006415,668,376,292
S01006416,766,248,518
S01006417,593,306,287
S01006418,505,211,294
S01006419,436,172,264
S01006420,660,245,415
S01006421,636,379,257
S01006422,519,187,332
S01006423,481,229,252
S01006424,471,187,284
S01006425,1042,507,535
S01006426,942,535,407
S01006427,639,272,367
S01006428,605,262,343
S01006429,528,137,391
S01006430,548,371,177
S01006431,386,250,136
S01006432,536,258,278
S01006433,473,199,274
S01006434,623,277,346
S01006435,358,192,166
S01006436,599,263,336
S01006437,715,343,372
S01006438,566,152,414
S01006439,730,257,473
S01006440,671,300,371
S01006441,510,190,320
S01006442,619,299,320
S01006443,382,180,202
S01006444,461,229,232
S01006445,570,270,300
S01006446,721,417,304
S01006447,491,191,300
S01006448,723,417,306
S01006449,396,232,164
S01006450,444,154,290
S01006451,843,345,498
S01006452,487,220,267
S01006453,739,282,457
S01006454,506,323,183
S01006455,443,145,298
S01006456,1418,818,600
S01006457,858,435,423
S01006458,686,421,265
S01006459,617,355,262
S01006460,409,211,198
S01006461,1346,835,511
S01006462,625,355,270
S01006463,538,297,241
S01006464,587,297,290
S01006465,1192,642,550
S01006466,645,389,256
S01006467,704,379,325
S01006468,976,601,375
S01006469,538,293,245
S01006470,723,266,457
S01006471,682,250,432
S01006472,512,218,294
S01006473,601,380,221
S01006474,603,254,349
S01006475,653,300,353
S01006476,671,282,389
S01006477,683,239,444
S01006478,829,369,460
S01006479,646,317,329
S01006480,681,378,303
S01006481,756,316,440
S01006482,588,277,311
S01006483,728,315,413
S01006484,649,280,369
S01006485,534,379,155
S01006486,585,398,187
S01006487,599,241,358
S01006488,523,334,189
S01006489,662,346,316
S01006490,581,424,157
S01006491,619,450,169
S01006492,561,232,329
S01006493,469,180,289
S01006494,543,339,204
S01006495,633,367,266
S01006496,814,274,540
S01006497,467,239,228
S01006498,1006,531,475
S01006499,784,458,326
S01006500,578,311,267
S01006501,668,437,231
S01006502,470,280,190
S01006503,524,317,207
S01006504,611,382,229
S01006505,576,407,169
