dz_2001,total,higher,lower
S01000001,449,215,234
S01000002,483,207,276
S01000003,535,205,330
S01000004,440,204,236
S01000005,429,210,219
S01000006,316,128,188
S01000007,361,207,154
S01000008,319,113,206
S01000009,438,144,294
S01000010,382,147,235
S01000011,455,293,162
S01000012,513,199,314
S01000013,485,154,331
S01000014,579,210,369
S01000015,466,164,302
S01000016,278,167,111
S01000017,613,178,435
S01000018,418,116,302
S01000019,286,171,115
S01000020,382,210,172
S01000021,493,147,346
S01000022,313,210,103
S01000023,422,278,144
S01000024,278,136,142
S01000025,434,270,164
S01000026,448,83,365
S01000027,421,250,171
S01000028,461,89,372
S01000029,351,238,113
S01000030,235,46,189
S01000031,439,287,152
S01000032,558,101,457
S01000033,368,71,297
S01000034,488,335,153
S01000035,533,137,396
S01000036,343,73,270
S01000037,447,126,321
S01000038,369,80,289
S01000039,435,111,324
S01000040,499,82,417
S01000041,433,162,271
S01000042,405,87,318
S01000043,460,190,270
S01000044,417,88,329
S01000045,319,182,137
S01000046,383,204,179
S01000047,375,124,251
S01000048,546,331,215
S01000049,389,238,151
S01000050,327,170,157
S01000051,369,206,163
S01000052,348,50,298
S01000053,541,302,239
S01000054,330,191,139
S01000055,399,84,315
S01000056,536,308,228
S01000057,345,42,303
S01000058,376,249,127
S01000059,481,298,183
S01000060,289,40,249
S01000061,491,283,208
S01000062,696,385,311
S01000063,529,344,185
S01000064,360,100,260
S01000065,643,303,340
S01000066,562,148,414
S01000067,469,271,198
S01000068,440,265,175
S01000069,356,70,286
S01000070,370,71,299
S01000071,397,81,316
S01000072,404,173,231
S01000073,316,200,116
S01000074,365,46,319
S01000075,327,159,168
S01000076,396,252,144
S01000077,557,335,222
S01000078,613,198,415
S01000079,667,399,268
S01000080,666,369,297
S01000081,507,337,170
S01000082,486,113,373
S01000083,461,278,183
S01000084,493,142,351
S01000085,404,204,200
S01000086,475,284,191
S01000087,309,195,114
S01000088,492,282,210
S01000089,481,290,191
S01000090,509,318,191
S01000091,610,318,292
S01000092,616,353,263
S01000093,242,115,127
S01000094,418,207,211
S01000095,474,286,188
S01000096,305,95,210
S01000097,517,368,149
S01000098,667,278,389
S01000099,372,220,152
S01000100,503,288,215
S01000101,506,341,165
S01000102,436,150,286
S01000103,388,247,141
S01000104,393,283,110
S01000105,504,285,219
S01000106,373,274,99
S01000107,605,255,350
S01000108,301,102,199
S01000109,495,222,273
S01000110,367,165,202
S01000111,448,286,162
S01000112,543,249,294
S01000113,289,191,98
S01000114,359,99,260
S01000115,396,75,321
S01000116,632,356,276
S01000117,525,337,188
S01000118,357,102,255
S01000119,454,228,226
S01000120,348,203,145
S01000121,372,194,178
S01000122,395,80,315
S01000123,365,186,179
S01000124,543,266,277
S01000125,391,111,280
S01000126,419,139,280
S01000127,452,294,158
S01000128,572,227,345
S01000129,242,141,101
S01000130,480,177,303
S01000131,411,268,143
S01000132,495,320,175
S01000133,403,94,309
S01000134,385,56,329
S01000135,380,63,317
S01000136,331,60,271
S01000137,475,269,206
S01000138,437,188,249
S01000139,408,78,330
S01000140,549,116,433
S01000141,506,331,175
S01000142,374,61,313
S01000143,335,196,139
S01000144,294,128,166
S01000145,469,115,354
S01000146,561,197,364
S01000147,429,165,264
S01000148,321,57,264
S01000149,530,219,311
S01000150,317,72,245
S01000151,388,68,320
S01000152,538,284,254
S01000153,278,102,176
S01000154,300,55,245
S01000155,394,82,312
S01000156,428,148,280
S01000157,302,55,247
S01000158,473,122,351
S01000159,561,328,233
S01000160,436,86,350
S01000161,453,204,249
S01000162,438,135,303
S01000163,539,95,444
S01000164,210,71,139
S01000165,416,129,287
S01000166,507,255,252
S01000167,363,89,274
S01000168,522,85,437
S01000169,415,114,301
S01000170,496,222,274
S01000171,579,334,245
S01000172,278,73,205
S01000173,383,87,296
S01000174,499,304,195
S01000175,310,107,203
S01000176,297,136,161
S01000177,322,157,165
S01000178,422,62,360
S01000179,321,47,274
S01000180,364,76,288
S01000181,345,47,298
S01000182,481,75,406
S01000183,435,118,317
S01000184,412,189,223
S01000185,396,74,322
S01000186,421,135,286
S01000187,356,50,306
S01000188,332,145,187
S01000189,312,46,266
S01000190,470,75,395
S01000191,465,217,248
S01000192,334,82,252
S01000193,440,67,373
S01000194,336,98,238
S01000195,399,70,329
S01000196,408,50,358
S01000197,338,62,276
S01000198,367,51,316
S01000199,310,70,240
S01000200,429,88,341
S01000201,316,58,258
S01000202,490,199,291
S01000203,229,37,192
S01000204,371,76,295
S01000205,340,105,235
S01000206,396,94,302
S01000207,431,68,363
S01000208,364,49,315
S01000209,406,64,342
S01000210,325,91,234
S01000211,341,72,269
S01000212,401,73,328
S01000213,326,77,249
S01000214,273,51,222
S01000215,391,206,185
S01000216,385,134,251
S01000217,388,55,333
S01000218,383,87,296
S01000219,363,66,297
S01000220,322,100,222
S01000221,448,166,282
S01000222,386,75,311
S01000223,365,106,259
S01000224,379,95,284
S01000225,341,117,224
S01000226,401,167,234
S01000227,402,178,224
S01000228,459,158,301
S01000229,421,81,340
S01000230,402,120,282
S01000231,478,204,274
S01000232,329,55,274
S01000233,283,66,217
S01000234,483,164,319
S01000235,527,208,319
S01000236,390,129,261
S01000237,536,214,322
S01000238,358,132,226
S01000239,428,140,288
S01000240,452,135,317
S01000241,452,217,235
S01000242,349,114,235
S01000243,515,198,317
S01000244,619,188,431
S01000245,576,181,395
S01000246,436,137,299
S01000247,525,196,329
S01000248,559,193,366
S01000249,478,178,300
S01000250,493,200,293
S01000251,291,130,161
S01000252,571,215,356
S01000253,457,181,276
S01000254,531,249,282
S01000255,422,146,276
S01000256,488,180,308
S01000257,496,202,294
S01000258,420,234,186
S01000259,392,177,215
S01000260,577,240,337
S01000261,657,291,366
S01000262,559,208,351
S01000263,544,233,311
S01000264,630,164,466
S01000265,438,106,332
S01000266,572,184,388
S01000267,434,110,324
S01000268,394,116,278
S01000269,308,118,190
S01000270,557,196,361
S01000271,467,168,299
S01000272,510,177,333
S01000273,304,91,213
S01000274,303,73,230
S01000275,491,141,350
S01000276,419,220,199
S01000277,380,154,226
S01000278,265,55,210
S01000279,311,113,198
S01000280,347,119,228
S01000281,323,96,227
S01000282,408,127,281
S01000283,482,206,276
S01000284,470,188,282
S01000285,405,151,254
S01000286,518,195,323
S01000287,380,197,183
S01000288,557,182,375
S01000289,472,160,312
S01000290,439,80,359
S01000291,440,189,251
S01000292,504,265,239
S01000293,359,146,213
S01000294,391,194,197
S01000295,362,157,205
S01000296,257,154,103
S01000297,429,163,266
S01000298,305,148,157
S01000299,463,219,244
S01000300,464,192,272
S01000301,356,91,265
S01000302,329,133,196
S01000303,305,91,214
S01000304,455,240,215
S01000305,593,219,374
S01000306,451,207,244
S01000307,605,263,342
S01000308,607,266,341
S01000309,367,159,208
S01000310,569,241,328
S01000311,548,270,278
S01000312,340,108,232
S01000313,414,155,259
S01000314,371,127,244
S01000315,324,175,149
S01000316,405,100,305
S01000317,284,83,201
S01000318,312,175,137
S01000319,401,152,249
S01000320,476,171,305
S01000321,367,158,209
S01000322,533,298,235
S01000323,472,158,314
S01000324,566,236,330
S01000325,315,91,224
S01000326,423,121,302
S01000327,543,225,318
S01000328,370,95,275
S01000329,334,105,229
S01000330,410,201,209
S01000331,339,112,227
S01000332,361,185,176
S01000333,480,260,220
S01000334,399,115,284
S01000335,344,127,217
S01000336,508,219,289
S01000337,379,173,206
S01000338,290,113,177
S01000339,571,261,310
S01000340,582,207,375
S01000341,424,151,273
S01000342,199,41,158
S01000343,349,141,208
S01000344,491,187,304
S01000345,372,140,232
S01000346,445,196,249
S01000347,275,92,183
S01000348,503,240,263
S01000349,337,129,208
S01000350,580,279,301
S01000351,593,296,297
S01000352,468,235,233
S01000353,411,209,202
S01000354,303,155,148
S01000355,410,204,206
S01000356,383,171,212
S01000357,424,198,226
S01000358,612,335,277
S01000359,458,290,168
S01000360,284,80,204
S01000361,366,164,202
S01000362,579,259,320
S01000363,577,264,313
S01000364,538,222,316
S01000365,416,156,260
S01000366,464,192,272
S01000367,445,178,267
S01000368,453,173,280
S01000369,613,219,394
S01000370,502,222,280
S01000371,466,190,276
S01000372,545,221,324
S01000373,354,165,189
S01000374,319,122,197
S01000375,372,83,289
S01000376,535,110,425
S01000377,433,206,227
S01000378,319,90,229
S01000379,346,168,178
S01000380,459,190,269
S01000381,498,210,288
S01000382,430,216,214
S01000383,381,138,243
S01000384,419,135,284
S01000385,340,113,227
S01000386,469,182,287
S01000387,491,209,282
S01000388,450,207,243
S01000389,434,184,250
S01000390,382,89,293
S01000391,309,97,212
S01000392,453,204,249
S01000393,439,172,267
S01000394,397,129,268
S01000395,353,133,220
S01000396,486,97,389
S01000397,592,223,369
S01000398,449,208,241
S01000399,345,129,216
S01000400,396,119,277
S01000401,487,188,299
S01000402,418,166,252
S01000403,467,159,308
S01000404,449,152,297
S01000405,284,115,169
S01000406,368,88,280
S01000407,353,86,267
S01000408,317,143,174
S01000409,385,143,242
S01000410,396,198,198
S01000411,385,180,205
S01000412,469,187,282
S01000413,476,226,250
S01000414,424,198,226
S01000415,319,91,228
S01000416,393,120,273
S01000417,557,180,377
S01000418,424,135,289
S01000419,415,192,223
S01000420,532,196,336
S01000421,360,156,204
S01000422,351,114,237
S01000423,549,232,317
S01000424,438,171,267
S01000425,386,146,240
S01000426,458,198,260
S01000427,489,155,334
S01000428,477,212,265
S01000429,451,157,294
S01000430,335,137,198
S01000431,322,119,203
S01000432,534,231,303
S01000433,253,63,190
S01000434,366,106,260
S01000435,349,85,264
S01000436,408,160,248
S01000437,574,186,388
S01000438,382,220,162
S01000439,452,168,284
S01000440,495,169,326
S01000441,451,116,335
S01000442,474,198,276
S01000443,367,162,205
S01000444,352,135,217
S01000445,574,223,351
S01000446,589,231,358
S01000447,300,66,234
S01000448,364,128,236
S01000449,392,130,262
S01000450,389,128,261
S01000451,448,142,306
S01000452,321,118,203
S01000453,305,92,213
S01000454,217,51,166
S01000455,519,138,381
S01000456,442,122,320
S01000457,383,134,249
S01000458,511,216,295
S01000459,552,143,409
S01000460,364,37,327
S01000461,432,86,346
S01000462,445,92,353
S01000463,548,191,357
S01000464,438,115,323
S01000465,384,145,239
S01000466,490,149,341
S01000467,367,75,292
S01000468,310,99,211
S01000469,412,118,294
S01000470,712,207,505
S01000471,360,124,236
S01000472,495,91,404
S01000473,426,62,364
S01000474,367,94,273
S01000475,472,79,393
S01000476,318,105,213
S01000477,433,84,349
S01000478,412,76,336
S01000479,465,91,374
S01000480,359,98,261
S01000481,482,172,310
S01000482,425,76,349
S01000483,432,83,349
S01000484,457,112,345
S01000485,668,200,468
S01000486,456,75,381
S01000487,274,73,201
S01000488,369,71,298
S01000489,412,65,347
S01000490,340,84,256
S01000491,285,44,241
S01000492,493,72,421
S01000493,313,81,232
S01000494,283,39,244
S01000495,511,131,380
S01000496,369,125,244
S01000497,370,109,261
S01000498,311,107,204
S01000499,456,129,327
S01000500,374,55,319
S01000501,302,64,238
S01000502,310,80,230
S01000503,290,85,205
S01000504,394,112,282
S01000505,423,118,305
S01000506,370,104,266
S01000507,556,81,475
S01000508,504,108,396
S01000509,557,116,441
S01000510,359,89,270
S01000511,305,77,228
S01000512,485,157,328
S01000513,418,88,330
S01000514,343,105,238
S01000515,300,94,206
S01000516,360,93,267
S01000517,319,62,257
S01000518,467,96,371
S01000519,299,99,200
S01000520,559,149,410
S01000521,476,76,400
S01000522,385,94,291
S01000523,411,67,344
S01000524,369,101,268
S01000525,513,134,379
S01000526,519,142,377
S01000527,361,116,245
S01000528,434,120,314
S01000529,429,106,323
S01000530,290,76,214
S01000531,290,75,215
S01000532,347,111,236
S01000533,391,83,308
S01000534,421,61,360
S01000535,549,105,444
S01000536,286,77,209
S01000537,341,72,269
S01000538,425,84,341
S01000539,569,182,387
S01000540,408,91,317
S01000541,267,80,187
S01000542,325,58,267
S01000543,415,85,330
S01000544,379,77,302
S01000545,382,75,307
S01000546,311,45,266
S01000547,290,67,223
S01000548,509,121,388
S01000549,612,157,455
S01000550,297,85,212
S01000551,396,97,299
S01000552,321,109,212
S01000553,468,102,366
S01000554,426,48,378
S01000555,451,95,356
S01000556,491,63,428
S01000557,459,65,394
S01000558,287,126,161
S01000559,339,67,272
S01000560,603,105,498
S01000561,505,125,380
S01000562,492,73,419
S01000563,356,58,298
S01000564,433,66,367
S01000565,373,62,311
S01000566,401,79,322
S01000567,404,44,360
S01000568,284,53,231
S01000569,385,164,221
S01000570,460,194,266
S01000571,351,143,208
S01000572,450,195,255
S01000573,347,167,180
S01000574,384,185,199
S01000575,285,118,167
S01000576,368,160,208
S01000577,308,139,169
S01000578,358,170,188
S01000579,422,173,249
S01000580,409,243,166
S01000581,394,176,218
S01000582,407,117,290
S01000583,444,141,303
S01000584,393,75,318
S01000585,481,170,311
S01000586,457,149,308
S01000587,360,84,276
S01000588,325,129,196
S01000589,333,151,182
S01000590,396,197,199
S01000591,285,132,153
S01000592,517,191,326
S01000593,343,113,230
S01000594,333,110,223
S01000595,427,187,240
S01000596,533,246,287
S01000597,557,261,296
S01000598,307,132,175
S01000599,416,164,252
S01000600,451,171,280
S01000601,583,271,312
S01000602,393,140,253
S01000603,471,206,265
S01000604,555,231,324
S01000605,426,174,252
S01000606,378,84,294
S01000607,358,156,202
S01000608,540,125,415
S01000609,483,83,400
S01000610,346,86,260
S01000611,301,56,245
S01000612,546,146,400
S01000613,530,191,339
S01000614,391,103,288
S01000615,324,92,232
S01000616,806,217,589
S01000617,341,105,236
S01000618,395,107,288
S01000619,370,103,267
S01000620,365,79,286
S01000621,489,123,366
S01000622,245,39,206
S01000623,354,53,301
S01000624,305,54,251
S01000625,287,37,250
S01000626,370,44,326
S01000627,524,98,426
S01000628,288,56,232
S01000629,328,139,189
S01000630,393,106,287
S01000631,308,61,247
S01000632,357,108,249
S01000633,390,113,277
S01000634,450,104,346
S01000635,374,91,283
S01000636,288,96,192
S01000637,352,134,218
S01000638,255,103,152
S01000639,368,121,247
S01000640,371,131,240
S01000641,407,166,241
S01000642,443,153,290
S01000643,328,116,212
S01000644,362,142,220
S01000645,512,193,319
S01000646,444,161,283
S01000647,513,107,406
S01000648,427,52,375
S01000649,316,107,209
S01000650,385,72,313
S01000651,371,124,247
S01000652,402,135,267
S01000653,427,93,334
S01000654,474,117,357
S01000655,426,79,347
S01000656,369,86,283
S01000657,347,80,267
S01000658,315,70,245
S01000659,588,211,377
S01000660,511,221,290
S01000661,419,141,278
S01000662,326,94,232
S01000663,376,105,271
S01000664,418,117,301
S01000665,389,103,286
S01000666,282,111,171
S01000667,556,177,379
S01000668,408,78,330
S01000669,359,132,227
S01000670,304,92,212
S01000671,291,118,173
S01000672,329,114,215
S01000673,418,168,250
S01000674,535,185,350
S01000675,368,169,199
S01000676,266,69,197
S01000677,424,112,312
S01000678,517,148,369
S01000679,385,87,298
S01000680,387,94,293
S01000681,425,108,317
S01000682,316,101,215
S01000683,292,98,194
S01000684,312,96,216
S01000685,415,172,243
S01000686,352,107,245
S01000687,387,64,323
S01000688,396,144,252
S01000689,324,97,227
S01000690,413,158,255
S01000691,404,70,334
S01000692,371,78,293
S01000693,414,71,343
S01000694,377,78,299
S01000695,419,130,289
S01000696,383,125,258
S01000697,234,92,142
S01000698,332,79,253
S01000699,316,72,244
S01000700,480,138,342
S01000701,468,202,266
S01000702,286,100,186
S01000703,379,87,292
S01000704,515,150,365
S01000705,600,245,355
S01000706,454,191,263
S01000707,325,113,212
S01000708,339,103,236
S01000709,391,149,242
S01000710,630,145,485
S01000711,324,77,247
S01000712,296,135,161
S01000713,428,68,360
S01000714,441,90,351
S01000715,290,63,227
S01000716,278,68,210
S01000717,363,58,305
S01000718,471,77,394
S01000719,308,105,203
S01000720,419,112,307
S01000721,338,85,253
S01000722,374,68,306
S01000723,308,77,231
S01000724,432,98,334
S01000725,345,123,222
S01000726,364,104,260
S01000727,295,43,252
S01000728,413,95,318
S01000729,255,49,206
S01000730,223,61,162
S01000731,210,34,176
S01000732,246,41,205
S01000733,333,88,245
S01000734,404,171,233
S01000735,211,71,140
S01000736,320,100,220
S01000737,215,57,158
S01000738,328,85,243
S01000739,414,93,321
S01000740,329,100,229
S01000741,404,145,259
S01000742,250,109,141
S01000743,333,144,189
S01000744,392,126,266
S01000745,374,115,259
S01000746,393,99,294
S01000747,282,66,216
S01000748,188,42,146
S01000749,223,38,185
S01000750,336,116,220
S01000751,364,200,164
S01000752,414,73,341
S01000753,357,102,255
S01000754,311,112,199
S01000755,415,90,325
S01000756,511,198,313
S01000757,308,107,201
S01000758,568,320,248
S01000759,395,108,287
S01000760,317,132,185
S01000761,223,94,129
S01000762,346,154,192
S01000763,480,189,291
S01000764,394,167,227
S01000765,358,183,175
S01000766,367,142,225
S01000767,293,50,243
S01000768,462,167,295
S01000769,538,190,348
S01000770,283,42,241
S01000771,511,281,230
S01000772,310,175,135
S01000773,445,177,268
S01000774,326,134,192
S01000775,312,189,123
S01000776,360,200,160
S01000777,276,94,182
S01000778,253,146,107
S01000779,389,163,226
S01000780,477,113,364
S01000781,459,284,175
S01000782,397,220,177
S01000783,264,122,142
S01000784,478,296,182
S01000785,341,112,229
S01000786,415,208,207
S01000787,280,95,185
S01000788,372,201,171
S01000789,369,124,245
S01000790,247,169,78
S01000791,331,89,242
S01000792,387,187,200
S01000793,417,155,262
S01000794,430,144,286
S01000795,430,155,275
S01000796,266,101,165
S01000797,246,64,182
S01000798,245,53,192
S01000799,2584,1421,1163
S01000800,520,155,365
S01000801,394,155,239
S01000802,387,145,242
S01000803,528,176,352
S01000804,624,192,432
S01000805,442,128,314
S01000806,477,163,314
S01000807,463,90,373
S01000808,419,142,277
S01000809,350,70,280
S01000810,370,136,234
S01000811,510,205,305
S01000812,315,75,240
S01000813,446,128,318
S01000814,482,57,425
S01000815,247,39,208
S01000816,371,110,261
S01000817,461,112,349
S01000818,463,179,284
S01000819,481,123,358
S01000820,324,86,238
S01000821,487,116,371
S01000822,335,94,241
S01000823,334,62,272
S01000824,294,73,221
S01000825,381,149,232
S01000826,383,66,317
S01000827,376,135,241
S01000828,469,154,315
S01000829,315,79,236
S01000830,410,92,318
S01000831,452,116,336
S01000832,536,151,385
S01000833,278,68,210
S01000834,465,98,367
S01000835,336,66,270
S01000836,373,71,302
S01000837,455,114,341
S01000838,384,106,278
S01000839,543,138,405
S01000840,346,43,303
S01000841,359,56,303
S01000842,469,167,302
S01000843,399,177,222
S01000844,350,99,251
S01000845,319,143,176
S01000846,336,59,277
S01000847,485,162,323
S01000848,331,131,200
S01000849,259,77,182
S01000850,278,67,211
S01000851,453,145,308
S01000852,351,80,271
S01000853,262,52,210
S01000854,458,81,377
S01000855,430,135,295
S01000856,281,55,226
S01000857,318,73,245
S01000858,433,151,282
S01000859,491,194,297
S01000860,404,63,341
S01000861,305,108,197
S01000862,316,124,192
S01000863,234,35,199
S01000864,333,119,214
S01000865,328,58,270
S01000866,426,62,364
S01000867,336,57,279
S01000868,302,49,253
S01000869,262,38,224
S01000870,364,49,315
S01000871,415,115,300
S01000872,347,112,235
S01000873,688,93,595
S01000874,275,38,237
S01000875,383,90,293
S01000876,400,112,288
S01000877,377,103,274
S01000878,319,147,172
S01000879,438,234,204
S01000880,459,198,261
S01000881,356,78,278
S01000882,498,138,360
S01000883,479,160,319
S01000884,301,85,216
S01000885,307,165,142
S01000886,352,93,259
S01000887,412,147,265
S01000888,379,110,269
S01000889,424,138,286
S01000890,415,103,312
S01000891,433,229,204
S01000892,278,176,102
S01000893,399,250,149
S01000894,313,120,193
S01000895,532,212,320
S01000896,284,151,133
S01000897,327,57,270
S01000898,269,58,211
S01000899,371,50,321
S01000900,334,83,251
S01000901,324,75,249
S01000902,495,113,382
S01000903,426,96,330
S01000904,352,70,282
S01000905,376,95,281
S01000906,290,48,242
S01000907,353,82,271
S01000908,423,79,344
S01000909,503,123,380
S01000910,460,84,376
S01000911,478,156,322
S01000912,361,72,289
S01000913,367,98,269
S01000914,373,158,215
S01000915,531,136,395
S01000916,522,117,405
S01000917,361,79,282
S01000918,309,72,237
S01000919,234,49,185
S01000920,271,73,198
S01000921,363,80,283
S01000922,439,110,329
S01000923,408,90,318
S01000924,431,59,372
S01000925,465,84,381
S01000926,331,66,265
S01000927,492,82,410
S01000928,468,92,376
S01000929,224,20,204
S01000930,221,19,202
S01000931,370,41,329
S01000932,449,116,333
S01000933,476,130,346
S01000934,472,87,385
S01000935,412,78,334
S01000936,416,113,303
S01000937,283,71,212
S01000938,423,56,367
S01000939,351,64,287
S01000940,427,111,316
S01000941,257,48,209
S01000942,467,88,379
S01000943,416,172,244
S01000944,395,123,272
S01000945,384,85,299
S01000946,374,52,322
S01000947,384,97,287
S01000948,398,101,297
S01000949,285,98,187
S01000950,387,80,307
S01000951,349,66,283
S01000952,359,106,253
S01000953,458,169,289
S01000954,456,149,307
S01000955,302,83,219
S01000956,475,59,416
S01000957,256,61,195
S01000958,456,59,397
S01000959,404,95,309
S01000960,249,72,177
S01000961,427,121,306
S01000962,322,88,234
S01000963,363,38,325
S01000964,455,136,319
S01000965,345,40,305
S01000966,563,72,491
S01000967,279,30,249
S01000968,513,175,338
S01000969,408,78,330
S01000970,389,42,347
S01000971,343,49,294
S01000972,549,139,410
S01000973,311,40,271
S01000974,432,140,292
S01000975,343,129,214
S01000976,256,67,189
S01000977,423,81,342
S01000978,395,80,315
S01000979,349,79,270
S01000980,393,93,300
S01000981,389,83,306
S01000982,324,82,242
S01000983,293,69,224
S01000984,292,88,204
S01000985,319,72,247
S01000986,281,48,233
S01000987,362,102,260
S01000988,287,81,206
S01000989,479,155,324
S01000990,351,112,239
S01000991,272,71,201
S01000992,439,133,306
S01000993,505,148,357
S01000994,532,89,443
S01000995,523,222,301
S01000996,496,236,260
S01000997,561,228,333
S01000998,349,78,271
S01000999,437,161,276
S01001000,272,77,195
S01001001,316,95,221
S01001002,420,156,264
S01001003,542,210,332
S01001004,299,158,141
S01001005,423,201,222
S01001006,452,163,289
S01001007,407,84,323
S01001008,418,174,244
S01001009,359,131,228
S01001010,383,109,274
S01001011,344,78,266
S01001012,471,162,309
S01001013,448,150,298
S01001014,453,117,336
S01001015,313,79,234
S01001016,450,104,346
S01001017,328,81,247
S01001018,429,116,313
S01001019,453,75,378
S01001020,255,53,202
S01001021,417,166,251
S01001022,432,172,260
S01001023,560,163,397
S01001024,411,109,302
S01001025,483,188,295
S01001026,471,106,365
S01001027,413,126,287
S01001028,390,58,332
S01001029,355,50,305
S01001030,416,227,189
S01001031,528,60,468
S01001032,340,36,304
S01001033,309,34,275
S01001034,339,42,297
S01001035,259,30,229
S01001036,263,35,228
S01001037,411,52,359
S01001038,403,141,262
S01001039,304,102,202
S01001040,321,96,225
S01001041,326,127,199
S01001042,553,180,373
S01001043,412,109,303
S01001044,471,129,342
S01001045,307,86,221
S01001046,238,57,181
S01001047,321,117,204
S01001048,361,102,259
S01001049,324,45,279
S01001050,505,126,379
S01001051,332,58,274
S01001052,305,36,269
S01001053,407,135,272
S01001054,373,65,308
S01001055,369,111,258
S01001056,402,65,337
S01001057,327,103,224
S01001058,389,89,300
S01001059,342,53,289
S01001060,421,55,366
S01001061,453,83,370
S01001062,292,84,208
S01001063,422,145,277
S01001064,446,133,313
S01001065,425,85,340
S01001066,390,139,251
S01001067,456,96,360
S01001068,468,121,347
S01001069,505,164,341
S01001070,421,156,265
S01001071,347,100,247
S01001072,446,83,363
S01001073,522,139,383
S01001074,295,74,221
S01001075,389,70,319
S01001076,444,146,298
S01001077,361,123,238
S01001078,422,92,330
S01001079,273,72,201
S01001080,296,45,251
S01001081,326,104,222
S01001082,401,122,279
S01001083,371,78,293
S01001084,457,174,283
S01001085,407,47,360
S01001086,307,33,274
S01001087,236,30,206
S01001088,450,60,390
S01001089,429,95,334
S01001090,431,290,141
S01001091,255,155,100
S01001092,371,214,157
S01001093,314,157,157
S01001094,476,292,184
S01001095,181,80,101
S01001096,291,162,129
S01001097,319,190,129
S01001098,354,232,122
S01001099,330,129,201
S01001100,382,177,205
S01001101,278,107,171
S01001102,108,32,76
S01001103,373,245,128
S01001104,283,91,192
S01001105,440,290,150
S01001106,432,236,196
S01001107,391,200,191
S01001108,263,67,196
S01001109,282,95,187
S01001110,329,109,220
S01001111,410,149,261
S01001112,407,176,231
S01001113,368,99,269
S01001114,318,66,252
S01001115,359,108,251
S01001116,181,57,124
S01001117,256,81,175
S01001118,276,114,162
S01001119,489,196,293
S01001120,314,170,144
S01001121,353,103,250
S01001122,282,117,165
S01001123,505,292,213
S01001124,261,97,164
S01001125,186,46,140
S01001126,445,203,242
S01001127,379,163,216
S01001128,414,205,209
S01001129,500,117,383
S01001130,433,108,325
S01001131,227,74,153
S01001132,358,150,208
S01001133,381,120,261
S01001134,524,306,218
S01001135,172,37,135
S01001136,338,84,254
S01001137,326,95,231
S01001138,449,148,301
S01001139,282,84,198
S01001140,430,151,279
S01001141,155,32,123
S01001142,435,247,188
S01001143,351,197,154
S01001144,324,59,265
S01001145,225,80,145
S01001146,502,202,300
S01001147,305,77,228
S01001148,374,201,173
S01001149,368,112,256
S01001150,378,72,306
S01001151,190,53,137
S01001152,422,106,316
S01001153,343,130,213
S01001154,400,235,165
S01001155,342,210,132
S01001156,416,126,290
S01001157,504,242,262
S01001158,198,62,136
S01001159,292,187,105
S01001160,209,63,146
S01001161,317,116,201
S01001162,464,237,227
S01001163,292,69,223
S01001164,258,51,207
S01001165,349,109,240
S01001166,129,42,87
S01001167,451,226,225
S01001168,405,160,245
S01001169,400,102,298
S01001170,345,53,292
S01001171,351,137,214
S01001172,322,73,249
S01001173,387,66,321
S01001174,308,73,235
S01001175,400,62,338
S01001176,411,101,310
S01001177,295,81,214
S01001178,326,94,232
S01001179,508,246,262
S01001180,304,70,234
S01001181,456,201,255
S01001182,443,98,345
S01001183,364,68,296
S01001184,502,259,243
S01001185,327,198,129
S01001186,445,170,275
S01001187,361,69,292
S01001188,369,88,281
S01001189,400,119,281
S01001190,407,210,197
S01001191,309,69,240
S01001192,355,69,286
S01001193,499,209,290
S01001194,515,254,261
S01001195,395,106,289
S01001196,456,127,329
S01001197,258,42,216
S01001198,323,54,269
S01001199,417,69,348
S01001200,333,47,286
S01001201,315,70,245
S01001202,259,46,213
S01001203,331,54,277
S01001204,481,223,258
S01001205,368,140,228
S01001206,373,98,275
S01001207,365,52,313
S01001208,263,34,229
S01001209,347,98,249
S01001210,351,64,287
S01001211,456,180,276
S01001212,243,46,197
S01001213,332,59,273
S01001214,278,45,233
S01001215,401,150,251
S01001216,459,62,397
S01001217,371,61,310
S01001218,440,262,178
S01001219,320,157,163
S01001220,271,43,228
S01001221,331,132,199
S01001222,287,60,227
S01001223,499,164,335
S01001224,410,61,349
S01001225,491,193,298
S01001226,234,43,191
S01001227,399,146,253
S01001228,444,164,280
S01001229,414,169,245
S01001230,361,46,315
S01001231,383,70,313
S01001232,409,222,187
S01001233,390,63,327
S01001234,197,44,153
S01001235,394,71,323
S01001236,403,59,344
S01001237,312,79,233
S01001238,341,58,283
S01001239,192,23,169
S01001240,428,62,366
S01001241,427,60,367
S01001242,561,161,400
S01001243,102,16,86
S01001244,398,97,301
S01001245,314,39,275
S01001246,484,132,352
S01001247,340,71,269
S01001248,549,196,353
S01001249,342,56,286
S01001250,529,85,444
S01001251,329,58,271
S01001252,368,73,295
S01001253,236,42,194
S01001254,355,51,304
S01001255,399,66,333
S01001256,390,75,315
S01001257,371,60,311
S01001258,229,43,186
S01001259,416,114,302
S01001260,253,26,227
S01001261,427,61,366
S01001262,465,186,279
S01001263,294,60,234
S01001264,316,137,179
S01001265,388,143,245
S01001266,444,129,315
S01001267,483,107,376
S01001268,465,148,317
S01001269,305,78,227
S01001270,291,41,250
S01001271,281,28,253
S01001272,340,67,273
S01001273,264,41,223
S01001274,318,47,271
S01001275,302,39,263
S01001276,294,70,224
S01001277,323,60,263
S01001278,298,99,199
S01001279,308,39,269
S01001280,263,37,226
S01001281,337,49,288
S01001282,348,73,275
S01001283,229,73,156
S01001284,421,111,310
S01001285,313,75,238
S01001286,258,47,211
S01001287,422,58,364
S01001288,403,63,340
S01001289,292,64,228
S01001290,257,48,209
S01001291,189,17,172
S01001292,362,48,314
S01001293,355,79,276
S01001294,373,50,323
S01001295,406,73,333
S01001296,298,50,248
S01001297,426,68,358
S01001298,457,123,334
S01001299,475,77,398
S01001300,569,174,395
S01001301,258,35,223
S01001302,390,166,224
S01001303,364,141,223
S01001304,430,165,265
S01001305,354,92,262
S01001306,306,47,259
S01001307,423,96,327
S01001308,397,41,356
S01001309,296,30,266
S01001310,323,53,270
S01001311,312,42,270
S01001312,317,62,255
S01001313,301,85,216
S01001314,371,142,229
S01001315,508,183,325
S01001316,384,43,341
S01001317,467,82,385
S01001318,292,96,196
S01001319,279,55,224
S01001320,443,82,361
S01001321,303,93,210
S01001322,401,123,278
S01001323,338,82,256
S01001324,317,42,275
S01001325,332,42,290
S01001326,475,82,393
S01001327,318,49,269
S01001328,366,44,322
S01001329,289,44,245
S01001330,611,209,402
S01001331,412,83,329
S01001332,439,79,360
S01001333,355,64,291
S01001334,410,66,344
S01001335,406,79,327
S01001336,427,86,341
S01001337,448,207,241
S01001338,349,46,303
S01001339,340,104,236
S01001340,347,55,292
S01001341,424,81,343
S01001342,412,83,329
S01001343,480,79,401
S01001344,474,165,309
S01001345,311,70,241
S01001346,386,185,201
S01001347,442,227,215
S01001348,315,66,249
S01001349,706,196,510
S01001350,341,64,277
S01001351,285,118,167
S01001352,485,144,341
S01001353,382,202,180
S01001354,398,96,302
S01001355,406,170,236
S01001356,352,179,173
S01001357,262,71,191
S01001358,456,92,364
S01001359,379,214,165
S01001360,458,144,314
S01001361,281,110,171
S01001362,335,106,229
S01001363,376,143,233
S01001364,434,140,294
S01001365,330,49,281
S01001366,481,237,244
S01001367,322,131,191
S01001368,594,242,352
S01001369,506,114,392
S01001370,377,170,207
S01001371,298,111,187
S01001372,484,167,317
S01001373,304,81,223
S01001374,358,121,237
S01001375,409,155,254
S01001376,404,147,257
S01001377,373,64,309
S01001378,318,132,186
S01001379,498,119,379
S01001380,383,92,291
S01001381,462,127,335
S01001382,171,29,142
S01001383,350,115,235
S01001384,522,95,427
S01001385,382,105,277
S01001386,465,119,346
S01001387,520,120,400
S01001388,346,77,269
S01001389,306,41,265
S01001390,509,151,358
S01001391,443,84,359
S01001392,212,12,200
S01001393,315,156,159
S01001394,257,70,187
S01001395,516,130,386
S01001396,402,113,289
S01001397,351,58,293
S01001398,479,247,232
S01001399,366,40,326
S01001400,406,55,351
S01001401,320,46,274
S01001402,587,227,360
S01001403,628,281,347
S01001404,391,206,185
S01001405,549,304,245
S01001406,344,133,211
S01001407,444,158,286
S01001408,427,122,305
S01001409,480,113,367
S01001410,515,243,272
S01001411,339,135,204
S01001412,413,66,347
S01001413,447,244,203
S01001414,327,54,273
S01001415,399,143,256
S01001416,332,107,225
S01001417,586,223,363
S01001418,529,269,260
S01001419,421,121,300
S01001420,368,152,216
S01001421,432,198,234
S01001422,328,134,194
S01001423,457,235,222
S01001424,573,153,420
S01001425,481,132,349
S01001426,404,151,253
S01001427,498,208,290
S01001428,497,127,370
S01001429,277,90,187
S01001430,502,285,217
S01001431,603,234,369
S01001432,460,187,273
S01001433,480,206,274
S01001434,498,209,289
S01001435,549,237,312
S01001436,521,316,205
S01001437,483,236,247
S01001438,299,175,124
S01001439,398,173,225
S01001440,565,210,355
S01001441,375,176,199
S01001442,402,170,232
S01001443,540,219,321
S01001444,594,216,378
S01001445,389,196,193
S01001446,428,233,195
S01001447,419,281,138
S01001448,389,161,228
S01001449,320,195,125
S01001450,352,170,182
S01001451,368,216,152
S01001452,427,252,175
S01001453,528,267,261
S01001454,511,248,263
S01001455,376,178,198
S01001456,288,169,119
S01001457,488,332,156
S01001458,512,253,259
S01001459,511,308,203
S01001460,376,174,202
S01001461,457,235,222
S01001462,427,277,150
S01001463,271,132,139
S01001464,548,306,242
S01001465,345,220,125
S01001466,415,230,185
S01001467,544,310,234
S01001468,341,183,158
S01001469,417,256,161
S01001470,505,377,128
S01001471,388,266,122
S01001472,456,259,197
S01001473,331,232,99
S01001474,571,191,380
S01001475,297,184,113
S01001476,531,350,181
S01001477,609,316,293
S01001478,359,231,128
S01001479,303,157,146
S01001480,289,170,119
S01001481,491,279,212
S01001482,356,118,238
S01001483,474,341,133
S01001484,474,296,178
S01001485,402,190,212
S01001486,341,213,128
S01001487,347,78,269
S01001488,520,236,284
S01001489,415,235,180
S01001490,484,181,303
S01001491,483,312,171
S01001492,520,165,355
S01001493,455,219,236
S01001494,440,151,289
S01001495,304,188,116
S01001496,423,270,153
S01001497,410,141,269
S01001498,461,239,222
S01001499,558,264,294
S01001500,324,77,247
S01001501,413,254,159
S01001502,509,213,296
S01001503,531,237,294
S01001504,496,154,342
S01001505,532,285,247
S01001506,338,161,177
S01001507,535,347,188
S01001508,594,333,261
S01001509,414,94,320
S01001510,287,138,149
S01001511,322,201,121
S01001512,347,79,268
S01001513,336,65,271
S01001514,482,191,291
S01001515,349,200,149
S01001516,337,99,238
S01001517,331,126,205
S01001518,522,153,369
S01001519,493,328,165
S01001520,377,92,285
S01001521,518,317,201
S01001522,467,148,319
S01001523,456,311,145
S01001524,508,132,376
S01001525,508,143,365
S01001526,350,189,161
S01001527,429,135,294
S01001528,557,298,259
S01001529,311,151,160
S01001530,424,90,334
S01001531,599,288,311
S01001532,290,206,84
S01001533,428,281,147
S01001534,406,190,216
S01001535,458,230,228
S01001536,385,80,305
S01001537,299,67,232
S01001538,468,239,229
S01001539,473,230,243
S01001540,439,283,156
S01001541,467,228,239
S01001542,421,203,218
S01001543,427,207,220
S01001544,486,166,320
S01001545,482,216,266
S01001546,431,119,312
S01001547,408,94,314
S01001548,418,208,210
S01001549,480,173,307
S01001550,377,146,231
S01001551,449,171,278
S01001552,498,166,332
S01001553,450,233,217
S01001554,550,261,289
S01001555,402,84,318
S01001556,530,179,351
S01001557,608,306,302
S01001558,437,110,327
S01001559,282,74,208
S01001560,362,88,274
S01001561,386,97,289
S01001562,406,84,322
S01001563,353,175,178
S01001564,338,86,252
S01001565,362,103,259
S01001566,409,147,262
S01001567,614,204,410
S01001568,402,205,197
S01001569,363,126,237
S01001570,314,151,163
S01001571,352,53,299
S01001572,359,99,260
S01001573,392,169,223
S01001574,434,75,359
S01001575,448,134,314
S01001576,299,74,225
S01001577,446,118,328
S01001578,362,84,278
S01001579,408,102,306
S01001580,314,120,194
S01001581,455,164,291
S01001582,327,55,272
S01001583,234,63,171
S01001584,382,102,280
S01001585,407,104,303
S01001586,308,143,165
S01001587,397,72,325
S01001588,410,103,307
S01001589,426,78,348
S01001590,420,160,260
S01001591,320,75,245
S01001592,403,62,341
S01001593,454,159,295
S01001594,456,157,299
S01001595,351,65,286
S01001596,403,155,248
S01001597,329,137,192
S01001598,347,149,198
S01001599,529,178,351
S01001600,513,174,339
S01001601,487,180,307
S01001602,262,88,174
S01001603,477,158,319
S01001604,337,52,285
S01001605,329,87,242
S01001606,268,83,185
S01001607,562,221,341
S01001608,533,240,293
S01001609,514,111,403
S01001610,286,124,162
S01001611,470,244,226
S01001612,480,251,229
S01001613,378,46,332
S01001614,280,122,158
S01001615,445,141,304
S01001616,345,208,137
S01001617,353,59,294
S01001618,523,223,300
S01001619,373,79,294
S01001620,342,101,241
S01001621,379,74,305
S01001622,450,108,342
S01001623,395,99,296
S01001624,533,154,379
S01001625,362,76,286
S01001626,417,160,257
S01001627,394,73,321
S01001628,300,40,260
S01001629,328,88,240
S01001630,307,61,246
S01001631,458,137,321
S01001632,395,166,229
S01001633,554,282,272
S01001634,516,217,299
S01001635,422,134,288
S01001636,341,128,213
S01001637,426,193,233
S01001638,518,160,358
S01001639,329,88,241
S01001640,380,220,160
S01001641,320,86,234
S01001642,453,174,279
S01001643,393,136,257
S01001644,440,111,329
S01001645,473,191,282
S01001646,339,144,195
S01001647,361,123,238
S01001648,375,86,289
S01001649,350,71,279
S01001650,412,121,291
S01001651,450,181,269
S01001652,482,284,198
S01001653,348,83,265
S01001654,304,128,176
S01001655,321,154,167
S01001656,474,153,321
S01001657,286,139,147
S01001658,475,178,297
S01001659,293,152,141
S01001660,311,189,122
S01001661,333,126,207
S01001662,376,86,290
S01001663,418,231,187
S01001664,288,174,114
S01001665,292,167,125
S01001666,291,144,147
S01001667,328,178,150
S01001668,277,180,97
S01001669,329,132,197
S01001670,370,159,211
S01001671,330,157,173
S01001672,292,107,185
S01001673,377,181,196
S01001674,330,152,178
S01001675,387,212,175
S01001676,440,239,201
S01001677,469,284,185
S01001678,564,203,361
S01001679,354,253,101
S01001680,302,190,112
S01001681,345,227,118
S01001682,306,127,179
S01001683,388,228,160
S01001684,305,165,140
S01001685,311,113,198
S01001686,469,279,190
S01001687,397,251,146
S01001688,484,276,208
S01001689,360,221,139
S01001690,260,139,121
S01001691,415,269,146
S01001692,285,116,169
S01001693,444,284,160
S01001694,388,207,181
S01001695,431,260,171
S01001696,416,224,192
S01001697,444,232,212
S01001698,290,137,153
S01001699,354,230,124
S01001700,479,297,182
S01001701,388,175,213
S01001702,404,237,167
S01001703,413,230,183
S01001704,479,332,147
S01001705,366,213,153
S01001706,392,229,163
S01001707,338,127,211
S01001708,416,237,179
S01001709,373,190,183
S01001710,372,213,159
S01001711,434,204,230
S01001712,317,101,216
S01001713,508,228,280
S01001714,354,198,156
S01001715,542,306,236
S01001716,401,120,281
S01001717,434,247,187
S01001718,269,161,108
S01001719,423,246,177
S01001720,380,216,164
S01001721,284,166,118
S01001722,386,204,182
S01001723,369,256,113
S01001724,311,80,231
S01001725,335,104,231
S01001726,346,194,152
S01001727,473,269,204
S01001728,366,189,177
S01001729,509,244,265
S01001730,346,188,158
S01001731,342,199,143
S01001732,333,157,176
S01001733,356,136,220
S01001734,270,165,105
S01001735,266,159,107
S01001736,479,342,137
S01001737,368,167,201
S01001738,307,186,121
S01001739,355,157,198
S01001740,447,162,285
S01001741,320,55,265
S01001742,323,66,257
S01001743,455,79,376
S01001744,341,140,201
S01001745,443,193,250
S01001746,473,289,184
S01001747,403,93,310
S01001748,330,198,132
S01001749,352,130,222
S01001750,381,135,246
S01001751,459,131,328
S01001752,533,324,209
S01001753,369,58,311
S01001754,407,273,134
S01001755,435,247,188
S01001756,224,143,81
S01001757,402,201,201
S01001758,342,194,148
S01001759,324,71,253
S01001760,325,109,216
S01001761,304,83,221
S01001762,396,255,141
S01001763,413,280,133
S01001764,292,146,146
S01001765,473,176,297
S01001766,330,146,184
S01001767,306,189,117
S01001768,359,165,194
S01001769,301,144,157
S01001770,270,54,216
S01001771,407,177,230
S01001772,198,107,91
S01001773,459,174,285
S01001774,356,185,171
S01001775,353,225,128
S01001776,306,119,187
S01001777,483,319,164
S01001778,415,103,312
S01001779,251,123,128
S01001780,418,154,264
S01001781,339,186,153
S01001782,431,264,167
S01001783,233,32,201
S01001784,247,122,125
S01001785,402,159,243
S01001786,332,141,191
S01001787,340,162,178
S01001788,509,204,305
S01001789,300,107,193
S01001790,470,252,218
S01001791,458,252,206
S01001792,387,179,208
S01001793,464,260,204
S01001794,483,253,230
S01001795,617,269,348
S01001796,416,272,144
S01001797,330,110,220
S01001798,530,357,173
S01001799,381,56,325
S01001800,592,269,323
S01001801,500,340,160
S01001802,564,281,283
S01001803,685,340,345
S01001804,668,267,401
S01001805,418,141,277
S01001806,355,182,173
S01001807,395,177,218
S01001808,322,100,222
S01001809,319,35,284
S01001810,560,254,306
S01001811,381,259,122
S01001812,280,197,83
S01001813,431,220,211
S01001814,458,232,226
S01001815,482,246,236
S01001816,581,399,182
S01001817,340,69,271
S01001818,384,264,120
S01001819,524,386,138
S01001820,342,72,270
S01001821,281,111,170
S01001822,625,279,346
S01001823,313,60,253
S01001824,381,129,252
S01001825,510,307,203
S01001826,226,52,174
S01001827,429,101,328
S01001828,450,271,179
S01001829,330,215,115
S01001830,493,287,206
S01001831,355,101,254
S01001832,325,57,268
S01001833,547,347,200
S01001834,321,90,231
S01001835,385,210,175
S01001836,391,198,193
S01001837,478,322,156
S01001838,297,72,225
S01001839,395,95,300
S01001840,399,231,168
S01001841,404,135,269
S01001842,483,249,234
S01001843,353,73,280
S01001844,625,315,310
S01001845,459,266,193
S01001846,526,277,249
S01001847,352,87,265
S01001848,358,74,284
S01001849,311,191,120
S01001850,436,144,292
S01001851,466,235,231
S01001852,510,222,288
S01001853,405,233,172
S01001854,744,290,454
S01001855,427,279,148
S01001856,252,60,192
S01001857,412,96,316
S01001858,419,236,183
S01001859,495,78,417
S01001860,418,259,159
S01001861,418,108,310
S01001862,579,237,342
S01001863,605,249,356
S01001864,441,78,363
S01001865,276,41,235
S01001866,391,248,143
S01001867,239,43,196
S01001868,374,225,149
S01001869,496,179,317
S01001870,335,57,278
S01001871,414,140,274
S01001872,423,154,269
S01001873,396,284,112
S01001874,291,56,235
S01001875,463,311,152
S01001876,510,138,372
S01001877,435,92,343
S01001878,504,360,144
S01001879,308,35,273
S01001880,388,63,325
S01001881,377,167,210
S01001882,453,152,301
S01001883,328,243,85
S01001884,421,109,312
S01001885,517,340,177
S01001886,253,30,223
S01001887,475,112,363
S01001888,486,303,183
S01001889,319,154,165
S01001890,546,130,416
S01001891,253,47,206
S01001892,426,65,361
S01001893,492,76,416
S01001894,330,48,282
S01001895,359,113,246
S01001896,436,315,121
S01001897,436,73,363
S01001898,303,56,247
S01001899,519,152,367
S01001900,419,126,293
S01001901,442,318,124
S01001902,501,367,134
S01001903,286,77,209
S01001904,310,79,231
S01001905,505,384,121
S01001906,167,46,121
S01001907,342,56,286
S01001908,380,240,140
S01001909,342,61,281
S01001910,458,105,353
S01001911,415,303,112
S01001912,453,90,363
S01001913,598,193,405
S01001914,299,231,68
S01001915,457,233,224
S01001916,461,311,150
S01001917,328,262,66
S01001918,561,339,222
S01001919,547,122,425
S01001920,281,134,147
S01001921,277,51,226
S01001922,490,275,215
S01001923,161,27,134
S01001924,385,237,148
S01001925,427,309,118
S01001926,329,51,278
S01001927,426,290,136
S01001928,523,332,191
S01001929,392,256,136
S01001930,502,335,167
S01001931,319,47,272
S01001932,739,127,612
S01001933,462,276,186
S01001934,379,121,258
S01001935,319,73,246
S01001936,454,261,193
S01001937,493,183,310
S01001938,318,235,83
S01001939,246,147,99
S01001940,394,258,136
S01001941,480,309,171
S01001942,264,174,90
S01001943,299,71,228
S01001944,282,209,73
S01001945,357,274,83
S01001946,378,57,321
S01001947,398,283,115
S01001948,314,81,233
S01001949,345,89,256
S01001950,574,224,350
S01001951,361,136,225
S01001952,401,268,133
S01001953,442,301,141
S01001954,282,90,192
S01001955,365,71,294
S01001956,357,61,296
S01001957,148,46,102
S01001958,351,127,224
S01001959,336,86,250
S01001960,450,311,139
S01001961,601,387,214
S01001962,497,122,375
S01001963,457,206,251
S01001964,536,239,297
S01001965,369,81,288
S01001966,324,51,273
S01001967,469,152,317
S01001968,426,281,145
S01001969,351,102,249
S01001970,290,222,68
S01001971,331,60,271
S01001972,468,292,176
S01001973,428,117,311
S01001974,407,293,114
S01001975,323,221,102
S01001976,343,187,156
S01001977,329,90,239
S01001978,323,55,268
S01001979,322,216,106
S01001980,472,304,168
S01001981,402,253,149
S01001982,132,32,100
S01001983,412,273,139
S01001984,305,124,181
S01001985,406,138,268
S01001986,486,314,172
S01001987,339,219,120
S01001988,455,162,293
S01001989,460,239,221
S01001990,416,290,126
S01001991,466,134,332
S01001992,382,239,143
S01001993,397,279,118
S01001994,460,309,151
S01001995,467,207,260
S01001996,443,290,153
S01001997,406,155,251
S01001998,432,181,251
S01001999,264,173,91
S01002000,442,134,308
S01002001,579,276,303
S01002002,260,170,90
S01002003,479,197,282
S01002004,492,293,199
S01002005,376,92,284
S01002006,598,201,397
S01002007,712,377,335
S01002008,501,360,141
S01002009,380,225,155
S01002010,226,153,73
S01002011,694,388,306
S01002012,423,259,164
S01002013,373,253,120
S01002014,312,205,107
S01002015,491,189,302
S01002016,401,246,155
S01002017,386,75,311
S01002018,449,147,302
S01002019,315,198,117
S01002020,148,104,44
S01002021,410,107,303
S01002022,442,144,298
S01002023,445,300,145
S01002024,431,285,146
S01002025,603,338,265
S01002026,351,155,196
S01002027,408,240,168
S01002028,297,168,129
S01002029,290,186,104
S01002030,532,329,203
S01002031,402,153,249
S01002032,410,266,144
S01002033,499,217,282
S01002034,366,223,143
S01002035,438,178,260
S01002036,583,252,331
S01002037,275,180,95
S01002038,287,185,102
S01002039,323,174,149
S01002040,305,159,146
S01002041,559,362,197
S01002042,404,215,189
S01002043,397,198,199
S01002044,309,57,252
S01002045,455,220,235
S01002046,376,168,208
S01002047,322,189,133
S01002048,295,130,165
S01002049,530,299,231
S01002050,331,135,196
S01002051,374,63,311
S01002052,516,269,247
S01002053,316,174,142
S01002054,262,183,79
S01002055,538,255,283
S01002056,457,196,261
S01002057,477,275,202
S01002058,427,197,230
S01002059,408,183,225
S01002060,297,152,145
S01002061,396,218,178
S01002062,296,75,221
S01002063,394,192,202
S01002064,511,317,194
S01002065,365,242,123
S01002066,326,171,155
S01002067,409,232,177
S01002068,591,305,286
S01002069,308,191,117
S01002070,352,207,145
S01002071,303,171,132
S01002072,571,310,261
S01002073,380,158,222
S01002074,323,150,173
S01002075,563,356,207
S01002076,401,184,217
S01002077,463,226,237
S01002078,525,240,285
S01002079,462,257,205
S01002080,498,253,245
S01002081,383,208,175
S01002082,552,381,171
S01002083,209,53,156
S01002084,292,180,112
S01002085,249,105,144
S01002086,280,163,117
S01002087,376,178,198
S01002088,416,240,176
S01002089,535,344,191
S01002090,529,253,276
S01002091,448,252,196
S01002092,446,310,136
S01002093,428,223,205
S01002094,390,138,252
S01002095,281,183,98
S01002096,428,264,164
S01002097,390,190,200
S01002098,330,157,173
S01002099,559,367,192
S01002100,349,173,176
S01002101,411,112,299
S01002102,334,112,222
S01002103,441,200,241
S01002104,393,95,298
S01002105,554,440,114
S01002106,410,229,181
S01002107,311,94,217
S01002108,327,187,140
S01002109,521,296,225
S01002110,394,276,118
S01002111,544,306,238
S01002112,587,324,263
S01002113,362,214,148
S01002114,409,261,148
S01002115,656,450,206
S01002116,418,203,215
S01002117,415,221,194
S01002118,362,149,213
S01002119,263,95,168
S01002120,466,229,237
S01002121,357,105,252
S01002122,390,304,86
S01002123,528,274,254
S01002124,426,208,218
S01002125,564,321,243
S01002126,364,127,237
S01002127,394,199,195
S01002128,494,311,183
S01002129,353,144,209
S01002130,372,122,250
S01002131,410,220,190
S01002132,406,177,229
S01002133,718,530,188
S01002134,309,155,154
S01002135,426,297,129
S01002136,449,316,133
S01002137,523,173,350
S01002138,316,129,187
S01002139,412,223,189
S01002140,428,83,345
S01002141,394,195,199
S01002142,549,253,296
S01002143,382,154,228
S01002144,305,227,78
S01002145,619,462,157
S01002146,637,332,305
S01002147,450,111,339
S01002148,431,294,137
S01002149,551,162,389
S01002150,424,216,208
S01002151,734,374,360
S01002152,464,300,164
S01002153,315,136,179
S01002154,433,99,334
S01002155,459,153,306
S01002156,484,347,137
S01002157,466,352,114
S01002158,512,389,123
S01002159,436,244,192
S01002160,430,183,247
S01002161,444,256,188
S01002162,550,247,303
S01002163,703,341,362
S01002164,450,106,344
S01002165,591,255,336
S01002166,463,344,119
S01002167,312,94,218
S01002168,635,424,211
S01002169,463,284,179
S01002170,336,101,235
S01002171,327,95,232
S01002172,393,170,223
S01002173,469,276,193
S01002174,588,359,229
S01002175,699,374,325
S01002176,454,194,260
S01002177,548,408,140
S01002178,671,465,206
S01002179,393,169,224
S01002180,356,233,123
S01002181,496,209,287
S01002182,426,285,141
S01002183,565,279,286
S01002184,411,242,169
S01002185,428,132,296
S01002186,506,321,185
S01002187,596,443,153
S01002188,420,261,159
S01002189,454,254,200
S01002190,474,249,225
S01002191,353,81,272
S01002192,376,116,260
S01002193,451,298,153
S01002194,331,83,248
S01002195,593,424,169
S01002196,358,168,190
S01002197,408,196,212
S01002198,573,269,304
S01002199,483,301,182
S01002200,406,265,141
S01002201,612,440,172
S01002202,461,297,164
S01002203,328,189,139
S01002204,347,74,273
S01002205,567,379,188
S01002206,354,176,178
S01002207,479,235,244
S01002208,391,275,116
S01002209,649,328,321
S01002210,410,303,107
S01002211,259,55,204
S01002212,502,129,373
S01002213,459,176,283
S01002214,532,374,158
S01002215,457,261,196
S01002216,534,206,328
S01002217,554,272,282
S01002218,396,263,133
S01002219,342,206,136
S01002220,429,270,159
S01002221,493,224,269
S01002222,409,252,157
S01002223,353,179,174
S01002224,334,219,115
S01002225,455,270,185
S01002226,650,346,304
S01002227,351,88,263
S01002228,514,230,284
S01002229,324,214,110
S01002230,628,354,274
S01002231,463,316,147
S01002232,308,63,245
S01002233,569,239,330
S01002234,480,215,265
S01002235,665,409,256
S01002236,439,101,338
S01002237,676,262,414
S01002238,238,51,187
S01002239,381,78,303
S01002240,430,166,264
S01002241,425,95,330
S01002242,415,215,200
S01002243,457,201,256
S01002244,467,188,279
S01002245,650,380,270
S01002246,567,244,323
S01002247,350,61,289
S01002248,612,388,224
S01002249,399,147,252
S01002250,624,254,370
S01002251,457,273,184
S01002252,281,178,103
S01002253,494,126,368
S01002254,535,236,299
S01002255,659,306,353
S01002256,512,331,181
S01002257,399,177,222
S01002258,375,139,236
S01002259,283,100,183
S01002260,464,323,141
S01002261,578,252,326
S01002262,407,184,223
S01002263,360,245,115
S01002264,516,256,260
S01002265,404,54,350
S01002266,358,133,225
S01002267,492,126,366
S01002268,343,182,161
S01002269,501,357,144
S01002270,559,225,334
S01002271,461,221,240
S01002272,340,171,169
S01002273,489,210,279
S01002274,431,180,251
S01002275,437,88,349
S01002276,419,292,127
S01002277,420,112,308
S01002278,532,106,426
S01002279,453,97,356
S01002280,428,210,218
S01002281,276,40,236
S01002282,150,21,129
S01002283,383,186,197
S01002284,537,144,393
S01002285,413,124,289
S01002286,478,265,213
S01002287,416,262,154
S01002288,538,313,225
S01002289,381,136,245
S01002290,487,200,287
S01002291,388,53,335
S01002292,494,219,275
S01002293,538,127,411
S01002294,326,231,95
S01002295,399,259,140
S01002297,450,147,303
S01002298,412,253,159
S01002299,418,192,226
S01002300,407,258,149
S01002301,539,124,415
S01002302,345,69,276
S01002303,453,110,343
S01002304,599,346,253
S01002305,488,174,314
S01002306,276,112,164
S01002307,519,307,212
S01002308,565,345,220
S01002309,345,79,266
S01002310,460,143,317
S01002311,281,191,90
S01002312,339,65,274
S01002313,420,278,142
S01002314,468,270,198
S01002315,297,134,163
S01002316,373,280,93
S01002317,594,301,293
S01002318,483,158,325
S01002319,458,97,361
S01002320,363,228,135
S01002321,407,68,339
S01002322,438,235,203
S01002323,422,206,216
S01002324,363,66,297
S01002325,267,73,194
S01002326,481,216,265
S01002327,371,153,218
S01002328,509,195,314
S01002329,448,171,277
S01002330,441,141,300
S01002331,363,83,280
S01002332,569,313,256
S01002333,514,264,250
S01002334,474,291,183
S01002335,578,317,261
S01002336,627,309,318
S01002337,613,288,325
S01002338,284,52,232
S01002339,296,71,225
S01002340,280,74,206
S01002341,266,68,198
S01002342,317,87,230
S01002343,423,123,300
S01002344,310,86,224
S01002345,417,132,285
S01002346,488,136,352
S01002347,390,125,265
S01002348,445,100,345
S01002349,458,107,351
S01002350,501,151,350
S01002351,295,87,208
S01002352,409,122,287
S01002353,400,136,264
S01002354,435,144,291
S01002355,456,122,334
S01002356,392,164,228
S01002357,367,108,259
S01002358,249,82,167
S01002359,438,112,326
S01002360,342,87,255
S01002361,337,98,239
S01002362,370,134,236
S01002363,522,168,354
S01002364,393,87,306
S01002365,308,80,228
S01002366,330,105,225
S01002367,428,135,293
S01002368,448,119,329
S01002369,265,70,195
S01002370,338,81,257
S01002371,336,123,213
S01002372,401,97,304
S01002373,295,72,223
S01002374,334,81,253
S01002375,433,103,330
S01002376,435,118,317
S01002377,407,101,306
S01002378,325,143,182
S01002379,458,98,360
S01002380,356,75,281
S01002381,444,101,343
S01002382,284,52,232
S01002383,323,168,155
S01002384,302,68,234
S01002385,412,55,357
S01002386,555,226,329
S01002387,350,141,209
S01002388,496,234,262
S01002389,448,229,219
S01002390,388,170,218
S01002391,471,263,208
S01002392,498,200,298
S01002393,287,129,158
S01002394,368,110,258
S01002395,421,190,231
S01002396,396,131,265
S01002397,714,273,441
S01002398,545,282,263
S01002399,551,103,448
S01002400,574,280,294
S01002401,605,381,224
S01002402,495,88,407
S01002403,412,85,327
S01002404,551,227,324
S01002405,496,227,269
S01002406,379,75,304
S01002407,467,115,352
S01002408,446,89,357
S01002409,385,207,178
S01002410,331,155,176
S01002411,374,106,268
S01002412,650,230,420
S01002413,386,144,242
S01002414,266,27,239
S01002415,389,51,338
S01002416,329,160,169
S01002417,370,165,205
S01002418,495,112,383
S01002419,283,213,70
S01002420,311,51,260
S01002421,527,242,285
S01002422,291,176,115
S01002423,288,132,156
S01002424,487,126,361
S01002425,483,147,336
S01002426,321,128,193
S01002427,400,133,267
S01002428,278,55,223
S01002429,163,31,132
S01002430,286,173,113
S01002431,401,100,301
S01002432,417,185,232
S01002433,250,55,195
S01002434,456,101,355
S01002435,418,89,329
S01002436,316,74,242
S01002437,257,113,144
S01002438,391,77,314
S01002439,447,86,361
S01002440,511,105,406
S01002441,375,179,196
S01002442,265,142,123
S01002443,272,43,229
S01002444,253,34,219
S01002445,337,59,278
S01002446,425,224,201
S01002447,376,57,319
S01002448,265,39,226
S01002449,286,134,152
S01002450,384,114,270
S01002451,662,166,496
S01002452,280,48,232
S01002453,477,174,303
S01002454,462,136,326
S01002455,360,119,241
S01002456,437,77,360
S01002457,419,65,354
S01002458,382,69,313
S01002459,319,115,204
S01002460,382,52,330
S01002461,311,156,155
S01002462,384,137,247
S01002463,470,76,394
S01002464,254,44,210
S01002465,375,143,232
S01002466,522,90,432
S01002467,227,82,145
S01002468,313,70,243
S01002469,362,75,287
S01002470,418,87,331
S01002471,243,49,194
S01002472,318,56,262
S01002473,445,66,379
S01002474,302,117,185
S01002475,275,71,204
S01002476,539,225,314
S01002477,443,116,327
S01002478,469,138,331
S01002479,339,43,296
S01002480,261,57,204
S01002481,498,100,398
S01002482,422,73,349
S01002483,361,64,297
S01002484,412,81,331
S01002485,560,187,373
S01002486,245,36,209
S01002487,218,61,157
S01002488,310,49,261
S01002489,254,40,214
S01002490,276,54,222
S01002491,233,46,187
S01002492,340,102,238
S01002493,510,189,321
S01002494,426,149,277
S01002495,343,54,289
S01002496,355,65,290
S01002497,374,143,231
S01002498,467,206,261
S01002499,412,87,325
S01002500,274,57,217
S01002501,263,123,140
S01002502,407,65,342
S01002503,320,109,211
S01002504,431,133,298
S01002505,355,94,261
S01002506,520,122,398
S01002507,283,87,196
S01002508,449,213,236
S01002509,558,159,399
S01002510,576,186,390
S01002511,240,97,143
S01002512,311,88,223
S01002513,482,241,241
S01002514,293,64,229
S01002515,261,50,211
S01002516,421,180,241
S01002517,364,77,287
S01002518,393,170,223
S01002519,336,56,280
S01002520,231,31,200
S01002521,325,109,216
S01002522,424,164,260
S01002523,367,217,150
S01002524,394,134,260
S01002525,327,60,267
S01002526,316,168,148
S01002527,510,245,265
S01002528,464,166,298
S01002529,402,50,352
S01002530,390,71,319
S01002531,401,82,319
S01002532,404,90,314
S01002533,390,51,339
S01002534,500,94,406
S01002535,256,87,169
S01002536,262,61,201
S01002537,295,45,250
S01002538,596,254,342
S01002539,335,90,245
S01002540,239,37,202
S01002541,571,248,323
S01002542,364,150,214
S01002543,252,37,215
S01002544,444,118,326
S01002545,313,76,237
S01002546,373,111,262
S01002547,366,159,207
S01002548,504,193,311
S01002549,333,153,180
S01002550,321,139,182
S01002551,302,88,214
S01002552,310,56,254
S01002553,395,155,240
S01002554,385,174,211
S01002555,381,148,233
S01002556,372,59,313
S01002557,423,124,299
S01002558,261,44,217
S01002559,397,167,230
S01002560,268,56,212
S01002561,353,98,255
S01002562,355,91,264
S01002563,488,205,283
S01002564,352,172,180
S01002565,575,251,324
S01002566,467,231,236
S01002567,354,247,107
S01002568,443,154,289
S01002569,525,179,346
S01002570,371,122,249
S01002571,277,76,201
S01002572,352,195,157
S01002573,290,125,165
S01002574,470,132,338
S01002575,474,151,323
S01002576,447,237,210
S01002577,462,85,377
S01002578,478,311,167
S01002579,524,323,201
S01002580,419,70,349
S01002581,447,292,155
S01002582,352,87,265
S01002583,413,98,315
S01002584,449,153,296
S01002585,522,226,296
S01002586,334,107,227
S01002587,464,187,277
S01002588,457,198,259
S01002589,427,262,165
S01002590,419,251,168
S01002591,313,58,255
S01002592,441,108,333
S01002593,431,74,357
S01002594,464,262,202
S01002595,374,102,272
S01002596,400,180,220
S01002597,253,46,207
S01002598,554,193,361
S01002599,295,66,229
S01002600,563,330,233
S01002601,354,72,282
S01002602,290,95,195
S01002603,394,77,317
S01002604,553,252,301
S01002605,317,75,242
S01002606,354,76,278
S01002607,509,112,397
S01002608,363,147,216
S01002609,395,82,313
S01002610,514,150,364
S01002611,514,143,371
S01002612,409,236,173
S01002613,460,283,177
S01002614,508,270,238
S01002615,252,106,146
S01002616,380,206,174
S01002617,452,95,357
S01002618,370,74,296
S01002619,442,196,246
S01002620,415,138,277
S01002621,408,164,244
S01002622,575,354,221
S01002623,425,211,214
S01002624,434,179,255
S01002625,535,228,307
S01002626,375,52,323
S01002627,654,300,354
S01002628,461,237,224
S01002629,484,233,251
S01002630,316,118,198
S01002631,432,221,211
S01002632,381,104,277
S01002633,580,152,428
S01002634,429,236,193
S01002635,321,158,163
S01002636,291,69,222
S01002637,421,94,327
S01002638,360,59,301
S01002639,544,308,236
S01002640,448,169,279
S01002641,591,227,364
S01002642,245,62,183
S01002643,266,68,198
S01002644,368,123,245
S01002645,307,51,256
S01002646,407,178,229
S01002647,404,39,365
S01002648,479,191,288
S01002649,351,63,288
S01002650,371,193,178
S01002651,316,62,254
S01002652,425,196,229
S01002653,410,82,328
S01002654,361,100,261
S01002655,311,47,264
S01002656,313,42,271
S01002657,431,189,242
S01002658,615,279,336
S01002659,512,232,280
S01002660,424,81,343
S01002661,431,149,282
S01002662,402,103,299
S01002663,423,241,182
S01002664,560,302,258
S01002665,418,104,314
S01002666,479,172,307
S01002667,328,79,249
S01002668,286,128,158
S01002669,498,214,284
S01002670,360,195,165
S01002671,588,258,330
S01002672,305,47,258
S01002673,310,117,193
S01002674,403,122,281
S01002675,467,252,215
S01002676,431,229,202
S01002677,533,166,367
S01002678,555,319,236
S01002679,458,121,337
S01002680,571,218,353
S01002681,402,173,229
S01002682,279,60,219
S01002683,325,123,202
S01002684,365,138,227
S01002685,440,95,345
S01002686,479,208,271
S01002687,457,169,288
S01002688,466,190,276
S01002689,460,232,228
S01002690,308,129,179
S01002691,669,353,316
S01002692,528,205,323
S01002693,263,127,136
S01002694,371,41,330
S01002695,365,132,233
S01002696,432,97,335
S01002697,569,266,303
S01002698,391,115,276
S01002699,249,45,204
S01002700,394,57,337
S01002701,588,211,377
S01002702,266,43,223
S01002703,469,117,352
S01002704,361,102,259
S01002705,340,75,265
S01002706,429,138,291
S01002707,446,69,377
S01002708,378,78,300
S01002709,326,58,268
S01002710,354,129,225
S01002711,446,67,379
S01002712,409,82,327
S01002713,300,94,206
S01002714,447,179,268
S01002715,474,78,396
S01002716,358,152,206
S01002717,399,203,196
S01002718,437,72,365
S01002719,394,47,347
S01002720,363,220,143
S01002721,402,60,342
S01002722,370,192,178
S01002723,286,78,208
S01002724,384,143,241
S01002725,501,119,382
S01002726,399,205,194
S01002727,635,303,332
S01002728,475,129,346
S01002729,596,264,332
S01002730,471,184,287
S01002731,365,93,272
S01002732,400,159,241
S01002733,238,103,135
S01002734,466,92,374
S01002735,401,185,216
S01002736,420,104,316
S01002737,469,220,249
S01002738,333,89,244
S01002739,441,194,247
S01002740,337,118,219
S01002741,495,184,311
S01002742,394,72,322
S01002743,259,81,178
S01002744,285,133,152
S01002745,298,45,253
S01002746,443,157,286
S01002747,273,59,214
S01002748,323,123,200
S01002749,363,39,324
S01002750,406,56,350
S01002751,423,70,353
S01002752,250,54,196
S01002753,435,200,235
S01002754,314,146,168
S01002755,319,42,277
S01002756,413,122,291
S01002757,304,65,239
S01002758,333,52,281
S01002759,343,64,279
S01002760,245,64,181
S01002761,359,102,257
S01002762,308,46,262
S01002763,441,52,389
S01002764,265,41,224
S01002765,288,62,226
S01002766,429,93,336
S01002767,576,172,404
S01002768,451,80,371
S01002769,405,66,339
S01002770,265,71,194
S01002771,363,55,308
S01002772,594,244,350
S01002773,471,100,371
S01002774,377,56,321
S01002775,313,44,269
S01002776,341,85,256
S01002777,477,95,382
S01002778,326,48,278
S01002779,270,34,236
S01002780,396,54,342
S01002781,458,101,357
S01002782,383,56,327
S01002783,408,86,322
S01002784,265,51,214
S01002785,362,58,304
S01002786,449,161,288
S01002787,418,96,322
S01002788,502,160,342
S01002789,442,181,261
S01002790,375,69,306
S01002791,290,48,242
S01002792,489,147,342
S01002793,383,64,319
S01002794,438,61,377
S01002795,364,164,200
S01002796,297,113,184
S01002797,521,202,319
S01002798,288,42,246
S01002799,279,47,232
S01002800,501,205,296
S01002801,435,45,390
S01002802,379,182,197
S01002803,416,79,337
S01002804,261,40,221
S01002805,405,80,325
S01002806,293,94,199
S01002807,299,39,260
S01002808,392,58,334
S01002809,299,64,235
S01002810,515,127,388
S01002811,496,150,346
S01002812,339,90,249
S01002813,333,63,270
S01002814,404,100,304
S01002815,314,42,272
S01002816,283,55,228
S01002817,248,43,205
S01002818,324,71,253
S01002819,325,44,281
S01002820,381,51,330
S01002821,499,112,387
S01002822,367,55,312
S01002823,391,57,334
S01002824,410,125,285
S01002825,489,98,391
S01002826,218,41,177
S01002827,326,55,271
S01002828,328,87,241
S01002829,350,64,286
S01002830,291,69,222
S01002831,425,99,326
S01002832,436,125,311
S01002833,688,305,383
S01002834,419,57,362
S01002835,385,77,308
S01002836,295,78,217
S01002837,293,46,247
S01002838,285,42,243
S01002839,231,37,194
S01002840,351,101,250
S01002841,425,159,266
S01002842,236,37,199
S01002843,302,38,264
S01002844,357,131,226
S01002845,383,65,318
S01002846,492,164,328
S01002847,541,145,396
S01002848,458,101,357
S01002849,595,120,475
S01002850,467,98,369
S01002851,240,102,138
S01002852,480,62,418
S01002853,185,42,143
S01002854,351,69,282
S01002855,253,30,223
S01002856,362,46,316
S01002857,283,77,206
S01002858,252,106,146
S01002859,348,39,309
S01002860,532,140,392
S01002861,560,139,421
S01002862,325,68,257
S01002863,351,36,315
S01002864,254,44,210
S01002865,456,81,375
S01002866,524,75,449
S01002867,317,96,221
S01002868,336,43,293
S01002869,297,47,250
S01002870,468,130,338
S01002871,314,77,237
S01002872,293,63,230
S01002873,398,101,297
S01002874,506,98,408
S01002875,349,54,295
S01002876,338,61,277
S01002877,440,93,347
S01002878,313,91,222
S01002879,472,92,380
S01002880,301,108,193
S01002881,452,115,337
S01002882,365,94,271
S01002883,505,95,410
S01002884,413,108,305
S01002885,436,156,280
S01002886,342,68,274
S01002887,286,38,248
S01002888,287,101,186
S01002889,479,77,402
S01002890,373,63,310
S01002891,418,87,331
S01002892,321,55,266
S01002893,366,68,298
S01002894,373,179,194
S01002895,274,47,227
S01002896,349,123,226
S01002897,214,47,167
S01002898,538,140,398
S01002899,291,140,151
S01002900,352,39,313
S01002901,405,58,347
S01002902,403,81,322
S01002903,401,74,327
S01002904,373,162,211
S01002905,407,113,294
S01002906,467,115,352
S01002907,300,91,209
S01002908,409,166,243
S01002909,400,110,290
S01002910,375,59,316
S01002911,435,54,381
S01002912,587,271,316
S01002913,514,210,304
S01002914,312,54,258
S01002915,572,143,429
S01002916,351,45,306
S01002917,334,112,222
S01002918,311,179,132
S01002919,430,88,342
S01002920,308,82,226
S01002921,314,117,197
S01002922,310,67,243
S01002923,327,106,221
S01002924,364,110,254
S01002925,558,205,353
S01002926,395,105,290
S01002927,343,107,236
S01002928,299,147,152
S01002929,440,73,367
S01002930,383,181,202
S01002931,387,69,318
S01002932,475,216,259
S01002933,471,127,344
S01002934,490,127,363
S01002935,454,119,335
S01002936,475,229,246
S01002937,336,115,221
S01002938,378,111,267
S01002939,314,120,194
S01002940,276,101,175
S01002941,518,229,289
S01002942,278,81,197
S01002943,329,126,203
S01002944,517,167,350
S01002945,293,129,164
S01002946,366,153,213
S01002947,268,108,160
S01002948,440,181,259
S01002949,277,94,183
S01002950,438,157,281
S01002951,425,165,260
S01002952,355,165,190
S01002953,422,150,272
S01002954,510,167,343
S01002955,535,208,327
S01002956,410,157,253
S01002957,513,229,284
S01002958,316,144,172
S01002959,560,258,302
S01002960,398,162,236
S01002961,426,157,269
S01002962,310,95,215
S01002963,396,94,302
S01002964,448,189,259
S01002965,502,199,303
S01002966,377,126,251
S01002967,469,196,273
S01002968,374,205,169
S01002969,455,245,210
S01002970,317,149,168
S01002971,584,273,311
S01002972,456,137,319
S01002973,422,207,215
S01002974,324,150,174
S01002975,287,93,194
S01002976,419,73,346
S01002977,394,145,249
S01002978,522,220,302
S01002979,360,106,254
S01002980,413,91,322
S01002981,429,246,183
S01002982,337,190,147
S01002983,390,87,303
S01002984,358,152,206
S01002985,245,143,102
S01002986,353,85,268
S01002987,314,101,213
S01002988,398,176,222
S01002989,396,91,305
S01002990,174,74,100
S01002991,351,230,121
S01002992,245,127,118
S01002993,334,178,156
S01002994,228,126,102
S01002995,74,50,24
S01002996,133,64,69
S01002997,154,88,66
S01002998,434,120,314
S01002999,124,59,65
S01003000,357,154,203
S01003001,311,84,227
S01003002,424,108,316
S01003003,347,138,209
S01003004,340,92,248
S01003005,348,152,196
S01003006,410,180,230
S01003007,452,158,294
S01003008,633,268,365
S01003009,280,70,210
S01003010,355,135,220
S01003011,289,162,127
S01003012,512,255,257
S01003013,358,204,154
S01003014,368,232,136
S01003015,405,238,167
S01003016,243,167,76
S01003017,306,183,123
S01003018,402,235,167
S01003019,439,108,331
S01003020,295,94,201
S01003021,341,188,153
S01003022,492,222,270
S01003023,474,226,248
S01003024,347,134,213
S01003025,366,226,140
S01003026,256,109,147
S01003027,661,265,396
S01003028,273,31,242
S01003029,299,50,249
S01003030,305,55,250
S01003032,179,26,153
S01003033,206,29,177
S01003034,544,167,377
S01003035,312,56,256
S01003036,237,51,186
S01003037,486,165,321
S01003038,519,188,331
S01003039,321,44,277
S01003040,320,48,272
S01003041,411,145,266
S01003042,247,26,221
S01003043,169,20,149
S01003044,303,50,253
S01003045,325,48,277
S01003046,382,88,294
S01003047,380,61,319
S01003048,151,29,122
S01003049,195,28,167
S01003050,466,167,299
S01003051,452,109,343
S01003052,296,48,248
S01003053,511,132,379
S01003054,466,120,346
S01003055,319,53,266
S01003056,343,46,297
S01003057,398,115,283
S01003058,329,67,262
S01003059,362,224,138
S01003060,249,29,220
S01003061,492,175,317
S01003062,444,117,327
S01003063,437,119,318
S01003064,367,45,322
S01003065,546,241,305
S01003066,517,219,298
S01003067,337,102,235
S01003068,491,292,199
S01003069,285,74,211
S01003070,356,82,274
S01003071,298,197,101
S01003072,403,69,334
S01003073,440,138,302
S01003074,391,265,126
S01003075,389,120,269
S01003076,327,46,281
S01003077,400,100,300
S01003078,322,115,207
S01003079,503,261,242
S01003080,484,160,324
S01003081,575,221,354
S01003082,242,45,197
S01003083,492,128,364
S01003084,335,45,290
S01003085,526,278,248
S01003086,340,186,154
S01003087,374,106,268
S01003088,342,49,293
S01003089,329,194,135
S01003090,315,122,193
S01003091,373,139,234
S01003092,341,80,261
S01003093,394,74,320
S01003094,452,207,245
S01003095,442,302,140
S01003096,348,155,193
S01003097,100,17,83
S01003098,617,265,352
S01003099,204,34,170
S01003100,364,105,259
S01003101,241,38,203
S01003102,392,172,220
S01003103,392,186,206
S01003104,389,84,305
S01003105,383,143,240
S01003106,402,242,160
S01003107,295,53,242
S01003108,409,162,247
S01003109,599,329,270
S01003110,452,294,158
S01003111,346,61,285
S01003112,485,243,242
S01003113,451,166,285
S01003114,474,164,310
S01003115,286,150,136
S01003116,439,196,243
S01003117,440,185,255
S01003118,159,35,124
S01003119,393,129,264
S01003120,624,286,338
S01003121,365,51,314
S01003122,321,65,256
S01003123,464,177,287
S01003124,558,338,220
S01003125,477,247,230
S01003126,36,8,28
S01003127,475,138,337
S01003128,358,170,188
S01003129,631,337,294
S01003130,460,212,248
S01003131,520,328,192
S01003132,256,72,184
S01003133,698,482,216
S01003134,288,50,238
S01003135,306,62,244
S01003136,464,247,217
S01003137,376,220,156
S01003138,424,128,296
S01003139,691,454,237
S01003140,355,47,308
S01003141,578,388,190
S01003142,249,39,210
S01003143,509,233,276
S01003144,369,85,284
S01003145,325,51,274
S01003146,464,262,202
S01003147,380,83,297
S01003148,369,72,297
S01003149,567,260,307
S01003150,280,38,242
S01003151,367,127,240
S01003152,371,127,244
S01003153,398,268,130
S01003154,526,278,248
S01003155,708,365,343
S01003156,491,261,230
S01003157,491,225,266
S01003158,149,16,133
S01003159,66,10,56
S01003160,248,35,213
S01003161,279,54,225
S01003162,288,51,237
S01003163,352,231,121
S01003164,428,220,208
S01003165,474,157,317
S01003166,453,252,201
S01003167,307,44,263
S01003168,554,338,216
S01003169,533,218,315
S01003170,403,192,211
S01003171,282,141,141
S01003172,381,186,195
S01003173,286,146,140
S01003174,425,171,254
S01003175,315,79,236
S01003176,487,273,214
S01003177,597,355,242
S01003178,248,27,221
S01003179,315,116,199
S01003180,430,121,309
S01003181,398,62,336
S01003182,257,39,218
S01003183,363,152,211
S01003184,272,41,231
S01003185,183,37,146
S01003186,512,361,151
S01003187,580,323,257
S01003188,379,120,259
S01003189,405,141,264
S01003190,338,86,252
S01003191,252,74,178
S01003192,440,163,277
S01003193,326,108,218
S01003194,296,34,262
S01003195,413,157,256
S01003196,488,319,169
S01003197,359,177,182
S01003198,384,104,280
S01003199,459,133,326
S01003200,324,111,213
S01003201,82,14,68
S01003202,98,16,82
S01003203,344,95,249
S01003204,436,91,345
S01003205,347,86,261
S01003206,371,74,297
S01003207,367,170,197
S01003208,263,34,229
S01003209,245,92,153
S01003210,398,290,108
S01003211,326,149,177
S01003212,434,167,267
S01003213,270,68,202
S01003214,371,64,307
S01003215,436,90,346
S01003216,290,89,201
S01003217,205,27,178
S01003218,370,108,262
S01003219,332,92,240
S01003220,288,122,166
S01003221,378,95,283
S01003222,311,145,166
S01003223,372,92,280
S01003224,411,182,229
S01003225,269,73,196
S01003226,294,46,248
S01003227,413,181,232
S01003228,354,79,275
S01003229,532,380,152
S01003230,327,106,221
S01003231,395,74,321
S01003232,340,77,263
S01003233,526,233,293
S01003234,423,270,153
S01003235,360,88,272
S01003236,311,104,207
S01003237,403,57,346
S01003238,407,130,277
S01003239,468,113,355
S01003240,422,143,279
S01003241,378,134,244
S01003242,429,220,209
S01003243,365,131,234
S01003244,395,73,322
S01003245,276,50,226
S01003246,328,71,257
S01003247,305,60,245
S01003248,315,85,230
S01003249,398,116,282
S01003250,223,65,158
S01003251,281,57,224
S01003252,391,142,249
S01003253,247,32,215
S01003254,195,26,169
S01003255,372,98,274
S01003256,356,86,270
S01003257,325,161,164
S01003258,500,166,334
S01003259,592,174,418
S01003260,417,174,243
S01003261,504,201,303
S01003262,379,87,292
S01003263,260,36,224
S01003264,246,88,158
S01003265,307,124,183
S01003266,263,62,201
S01003267,348,103,245
S01003268,400,164,236
S01003269,412,90,322
S01003270,365,105,260
S01003271,452,155,297
S01003272,327,52,275
S01003273,258,40,218
S01003274,186,32,154
S01003275,374,92,282
S01003276,425,168,257
S01003277,293,66,227
S01003278,401,161,240
S01003279,141,8,133
S01003280,437,219,218
S01003281,245,48,197
S01003282,409,179,230
S01003283,387,146,241
S01003284,387,114,273
S01003285,179,66,113
S01003286,392,128,264
S01003287,177,22,155
S01003288,389,148,241
S01003289,93,18,75
S01003290,405,113,292
S01003291,263,49,214
S01003292,421,143,278
S01003293,324,43,281
S01003294,314,80,234
S01003295,570,223,347
S01003296,208,27,181
S01003297,196,57,139
S01003298,514,157,357
S01003299,155,28,127
S01003300,443,132,311
S01003301,360,64,296
S01003302,234,80,154
S01003303,633,387,246
S01003304,387,135,252
S01003305,520,156,364
S01003306,352,76,276
S01003307,424,93,331
S01003308,357,56,301
S01003309,285,53,232
S01003310,355,76,279
S01003311,449,137,312
S01003312,234,47,187
S01003313,398,77,321
S01003314,232,34,198
S01003315,336,135,201
S01003316,371,121,250
S01003317,418,85,333
S01003318,468,168,300
S01003320,338,143,195
S01003321,390,142,248
S01003322,435,147,288
S01003323,357,130,227
S01003324,283,99,184
S01003325,480,130,350
S01003326,346,82,264
S01003327,317,108,209
S01003328,377,229,148
S01003329,416,105,311
S01003330,559,265,294
S01003331,177,29,148
S01003332,162,16,146
S01003333,313,74,239
S01003334,326,69,257
S01003335,324,162,162
S01003336,325,48,277
S01003337,286,37,249
S01003338,471,153,318
S01003339,417,101,316
S01003340,475,104,371
S01003341,457,169,288
S01003342,235,48,187
S01003343,207,20,187
S01003344,215,32,183
S01003345,483,118,365
S01003346,382,70,312
S01003347,264,31,233
S01003348,460,275,185
S01003349,284,48,236
S01003350,252,35,217
S01003351,508,161,347
S01003352,328,64,264
S01003353,256,51,205
S01003354,272,48,224
S01003355,377,107,270
S01003356,371,63,308
S01003357,142,21,121
S01003358,509,301,208
S01003359,607,250,357
S01003360,399,81,318
S01003361,263,58,205
S01003362,320,54,266
S01003363,288,52,236
S01003364,247,50,197
S01003365,282,55,227
S01003366,376,260,116
S01003367,390,53,337
S01003368,359,242,117
S01003369,235,51,184
S01003370,412,171,241
S01003371,403,146,257
S01003372,295,59,236
S01003373,332,158,174
S01003374,199,27,172
S01003375,338,70,268
S01003376,207,42,165
S01003377,282,60,222
S01003378,294,48,246
S01003379,196,28,168
S01003380,411,167,244
S01003381,376,80,296
S01003382,311,129,182
S01003383,389,80,309
S01003384,426,80,346
S01003385,513,236,277
S01003386,245,58,187
S01003387,393,95,298
S01003388,388,71,317
S01003389,480,135,345
S01003390,339,51,288
S01003391,353,87,266
S01003392,394,145,249
S01003393,362,92,270
S01003394,315,60,255
S01003395,411,156,255
S01003396,365,94,271
S01003397,309,40,269
S01003398,434,93,341
S01003399,297,145,152
S01003400,243,41,202
S01003401,272,37,235
S01003402,223,22,201
S01003403,321,130,191
S01003404,182,31,151
S01003405,375,63,312
S01003406,339,108,231
S01003407,292,66,226
S01003408,267,93,174
S01003409,385,163,222
S01003410,336,160,176
S01003411,345,103,242
S01003412,425,105,320
S01003413,364,63,301
S01003414,200,40,160
S01003415,250,53,197
S01003416,286,64,222
S01003417,411,162,249
S01003418,331,71,260
S01003419,354,50,304
S01003420,159,23,136
S01003421,196,34,162
S01003422,312,66,246
S01003423,369,241,128
S01003424,515,107,408
S01003425,372,171,201
S01003426,471,167,304
S01003427,332,80,252
S01003428,257,31,226
S01003429,210,113,97
S01003430,411,196,215
S01003431,214,55,159
S01003432,457,282,175
S01003433,361,210,151
S01003434,308,41,267
S01003435,224,33,191
S01003436,353,134,219
S01003437,302,201,101
S01003438,511,328,183
S01003439,245,63,182
S01003440,206,56,150
S01003441,515,111,404
S01003442,237,24,213
S01003443,365,54,311
S01003444,241,28,213
S01003445,354,69,285
S01003446,225,115,110
S01003447,345,64,281
S01003448,279,62,217
S01003449,378,181,197
S01003450,402,192,210
S01003451,429,216,213
S01003452,514,96,418
S01003453,377,226,151
S01003454,288,127,161
S01003455,193,22,171
S01003456,107,11,96
S01003457,284,52,232
S01003458,425,87,338
S01003459,418,67,351
S01003460,424,253,171
S01003461,314,82,232
S01003462,235,45,190
S01003463,274,62,212
S01003464,389,208,181
S01003465,537,266,271
S01003466,367,140,227
S01003467,351,60,291
S01003468,245,96,149
S01003469,451,167,284
S01003470,427,206,221
S01003471,236,27,209
S01003472,255,59,196
S01003473,403,159,244
S01003474,303,160,143
S01003475,294,151,143
S01003476,448,102,346
S01003477,635,323,312
S01003478,393,221,172
S01003479,448,226,222
S01003480,248,89,159
S01003481,526,314,212
S01003482,245,55,190
S01003483,288,59,229
S01003484,416,244,172
S01003485,427,249,178
S01003486,277,35,242
S01003487,395,167,228
S01003488,221,30,191
S01003489,332,49,283
S01003490,289,115,174
S01003491,50,6,44
S01003492,402,178,224
S01003493,323,60,263
S01003494,307,126,181
S01003495,356,89,267
S01003496,525,303,222
S01003497,517,351,166
S01003498,414,187,227
S01003499,538,283,255
S01003500,188,42,146
S01003501,318,183,135
S01003502,290,71,219
S01003503,397,266,131
S01003504,344,209,135
S01003506,540,354,186
S01003507,246,126,120
S01003508,311,129,182
S01003509,446,335,111
S01003510,206,43,163
S01003511,588,465,123
S01003512,245,39,206
S01003513,276,172,104
S01003514,377,248,129
S01003515,256,38,218
S01003516,414,138,276
S01003517,412,234,178
S01003518,513,190,323
S01003519,247,79,168
S01003520,365,262,103
S01003521,239,132,107
S01003522,493,358,135
S01003523,223,25,198
S01003524,657,500,157
S01003525,573,395,178
S01003526,564,409,155
S01003527,447,306,141
S01003528,324,81,243
S01003529,320,107,213
S01003530,496,345,151
S01003531,371,97,274
S01003532,541,310,231
S01003533,147,33,114
S01003534,577,178,399
S01003535,384,170,214
S01003536,632,497,135
S01003537,359,146,213
S01003538,235,35,200
S01003539,570,431,139
S01003540,194,37,157
S01003541,330,91,239
S01003542,483,356,127
S01003543,232,59,173
S01003544,296,211,85
S01003545,537,391,146
S01003546,368,101,267
S01003547,451,299,152
S01003549,269,35,234
S01003550,397,125,272
S01003551,330,47,283
S01003552,623,504,119
S01003553,270,36,234
S01003554,407,286,121
S01003555,428,301,127
S01003556,375,240,135
S01003557,288,41,247
S01003558,598,470,128
S01003559,494,306,188
S01003560,557,387,170
S01003561,369,99,270
S01003562,234,43,191
S01003563,257,36,221
S01003564,252,36,216
S01003565,328,56,272
S01003566,404,286,118
S01003567,274,28,246
S01003568,438,350,88
S01003569,296,187,109
S01003570,361,231,130
S01003571,415,102,313
S01003572,307,58,249
S01003573,329,47,282
S01003574,553,392,161
S01003575,308,65,243
S01003576,435,333,102
S01003577,313,44,269
S01003578,103,14,89
S01003579,208,32,176
S01003580,441,126,315
S01003581,399,151,248
S01003582,166,20,146
S01003583,181,33,148
S01003584,224,57,167
S01003585,258,91,167
S01003586,307,82,225
S01003587,518,383,135
S01003588,439,155,284
S01003589,630,457,173
S01003590,366,91,275
S01003591,530,307,223
S01003592,355,73,282
S01003593,288,59,229
S01003594,546,394,152
S01003595,252,33,219
S01003596,355,73,282
S01003597,294,194,100
S01003598,322,54,268
S01003599,247,52,195
S01003600,287,47,240
S01003601,361,82,279
S01003602,300,63,237
S01003603,310,80,230
S01003604,335,139,196
S01003605,265,63,202
S01003606,388,102,286
S01003607,237,53,184
S01003608,229,39,190
S01003609,552,378,174
S01003610,364,146,218
S01003611,245,45,200
S01003612,380,199,181
S01003613,499,214,285
S01003614,241,134,107
S01003615,212,32,180
S01003616,462,243,219
S01003617,368,68,300
S01003618,319,120,199
S01003619,283,47,236
S01003620,531,321,210
S01003621,330,59,271
S01003622,293,81,212
S01003623,488,275,213
S01003624,360,61,299
S01003625,183,61,122
S01003626,496,178,318
S01003627,211,50,161
S01003628,318,53,265
S01003629,264,59,205
S01003630,277,68,209
S01003631,336,116,220
S01003632,427,244,183
S01003633,550,224,326
S01003634,406,58,348
S01003635,284,131,153
S01003636,314,52,262
S01003637,284,109,175
S01003638,392,206,186
S01003639,342,81,261
S01003640,359,63,296
S01003641,476,238,238
S01003642,350,97,253
S01003643,361,124,237
S01003644,340,99,241
S01003645,235,67,168
S01003646,256,52,204
S01003647,296,93,203
S01003648,445,205,240
S01003649,603,193,410
S01003650,287,63,224
S01003651,291,73,218
S01003652,263,63,200
S01003653,256,52,204
S01003654,372,89,283
S01003655,335,58,277
S01003656,235,37,198
S01003657,308,44,264
S01003658,424,135,289
S01003659,480,202,278
S01003660,575,272,303
S01003661,542,256,286
S01003662,230,59,171
S01003663,244,69,175
S01003664,213,44,169
S01003665,239,39,200
S01003666,266,38,228
S01003667,453,122,331
S01003668,257,84,173
S01003669,240,46,194
S01003670,341,46,295
S01003671,259,81,178
S01003672,313,42,271
S01003673,110,16,94
S01003674,352,90,262
S01003675,469,254,215
S01003676,222,97,125
S01003677,326,53,273
S01003678,293,69,224
S01003679,399,118,281
S01003680,282,36,246
S01003681,226,63,163
S01003682,618,246,372
S01003683,252,66,186
S01003684,283,77,206
S01003685,254,54,200
S01003686,449,107,342
S01003687,267,36,231
S01003688,437,78,359
S01003689,212,32,180
S01003690,316,71,245
S01003691,631,160,471
S01003692,459,109,350
S01003693,289,64,225
S01003694,385,125,260
S01003695,356,88,268
S01003696,478,132,346
S01003697,550,228,322
S01003698,395,108,287
S01003699,618,208,410
S01003700,495,111,384
S01003701,377,72,305
S01003702,333,51,282
S01003703,381,93,288
S01003704,275,40,235
S01003705,316,50,266
S01003706,290,37,253
S01003707,251,30,221
S01003708,216,20,196
S01003709,269,33,236
S01003710,354,64,290
S01003711,292,37,255
S01003712,322,61,261
S01003713,172,24,148
S01003714,384,86,298
S01003715,440,85,355
S01003716,181,23,158
S01003717,305,45,260
S01003718,198,28,170
S01003719,324,107,217
S01003720,513,162,351
S01003721,437,107,330
S01003722,471,102,369
S01003723,326,123,203
S01003724,438,96,342
S01003725,381,124,257
S01003726,422,122,300
S01003727,420,98,322
S01003728,270,79,191
S01003729,376,92,284
S01003730,323,39,284
S01003731,299,77,222
S01003732,456,113,343
S01003733,479,74,405
S01003734,398,51,347
S01003735,411,122,289
S01003736,480,71,409
S01003737,329,75,254
S01003738,391,136,255
S01003739,304,101,203
S01003740,315,122,193
S01003741,523,199,324
S01003742,319,106,213
S01003743,346,97,249
S01003744,367,99,268
S01003745,420,81,339
S01003746,416,129,287
S01003747,530,125,405
S01003748,307,130,177
S01003749,454,134,320
S01003750,324,100,224
S01003751,666,217,449
S01003752,430,144,286
S01003753,449,119,330
S01003754,488,112,376
S01003755,440,121,319
S01003756,396,123,273
S01003757,316,83,233
S01003758,422,139,283
S01003759,336,104,232
S01003760,451,140,311
S01003761,496,151,345
S01003762,452,154,298
S01003763,526,168,358
S01003764,439,79,360
S01003765,403,73,330
S01003766,306,80,226
S01003767,362,101,261
S01003768,319,80,239
S01003769,348,100,248
S01003770,368,140,228
S01003771,370,95,275
S01003772,312,68,244
S01003773,388,105,283
S01003774,345,113,232
S01003775,419,133,286
S01003776,313,122,191
S01003777,512,184,328
S01003778,309,129,180
S01003779,260,93,167
S01003780,519,228,291
S01003781,418,153,265
S01003782,328,103,225
S01003783,575,183,392
S01003784,366,178,188
S01003785,442,199,243
S01003786,507,222,285
S01003787,346,149,197
S01003788,326,138,188
S01003789,273,155,118
S01003790,322,61,261
S01003791,442,193,249
S01003792,472,198,274
S01003793,277,40,237
S01003794,382,192,190
S01003795,358,146,212
S01003796,328,66,262
S01003797,589,133,456
S01003798,413,219,194
S01003799,534,192,342
S01003800,329,78,251
S01003801,420,87,333
S01003802,457,107,350
S01003803,384,163,221
S01003804,371,86,285
S01003805,517,152,365
S01003806,338,97,241
S01003807,589,209,380
S01003808,359,91,268
S01003809,444,78,366
S01003810,428,200,228
S01003811,432,205,227
S01003812,422,85,337
S01003813,549,209,340
S01003814,424,221,203
S01003815,443,183,260
S01003816,538,237,301
S01003817,381,57,324
S01003818,391,51,340
S01003819,361,175,186
S01003820,581,229,352
S01003821,492,96,396
S01003822,423,178,245
S01003823,463,237,226
S01003824,446,164,282
S01003825,442,189,253
S01003826,415,126,289
S01003827,429,160,269
S01003828,407,175,232
S01003829,311,42,269
S01003830,462,83,379
S01003831,415,126,289
S01003832,480,222,258
S01003833,284,70,214
S01003834,414,114,300
S01003835,359,152,207
S01003836,397,134,263
S01003837,332,64,268
S01003838,335,65,270
S01003839,372,79,293
S01003840,423,150,273
S01003841,287,93,194
S01003842,327,112,215
S01003843,359,137,222
S01003844,501,185,316
S01003845,514,116,398
S01003846,405,118,287
S01003847,299,72,227
S01003848,412,188,224
S01003849,361,54,307
S01003850,377,167,210
S01003851,463,220,243
S01003852,342,133,209
S01003853,508,138,370
S01003854,329,97,232
S01003855,461,61,400
S01003856,421,101,320
S01003857,418,154,264
S01003858,354,51,303
S01003859,323,153,170
S01003860,281,24,257
S01003861,559,206,353
S01003862,249,24,225
S01003863,385,180,205
S01003864,491,199,292
S01003865,443,140,303
S01003866,453,124,329
S01003867,503,86,417
S01003868,368,141,227
S01003869,376,106,270
S01003870,444,117,327
S01003871,419,124,295
S01003872,480,155,325
S01003873,551,198,353
S01003874,584,209,375
S01003875,293,96,197
S01003876,378,144,234
S01003877,310,120,190
S01003878,476,103,373
S01003879,344,125,219
S01003880,475,137,338
S01003881,431,169,262
S01003882,257,49,208
S01003883,270,78,192
S01003884,374,72,302
S01003885,345,94,251
S01003886,321,53,268
S01003887,363,55,308
S01003888,351,139,212
S01003889,329,106,223
S01003890,316,123,193
S01003891,432,118,314
S01003892,327,89,238
S01003893,323,149,174
S01003894,458,137,321
S01003895,366,124,242
S01003896,340,140,200
S01003897,317,148,169
S01003898,329,164,165
S01003899,379,142,237
S01003900,412,102,310
S01003901,290,98,192
S01003902,439,129,310
S01003903,370,157,213
S01003904,402,146,256
S01003905,480,231,249
S01003906,394,90,304
S01003907,359,82,277
S01003908,465,81,384
S01003909,377,144,233
S01003910,359,58,301
S01003911,329,89,240
S01003912,420,139,281
S01003913,397,163,234
S01003914,438,112,326
S01003915,357,99,258
S01003916,448,174,274
S01003917,440,146,294
S01003918,486,169,317
S01003919,256,74,182
S01003920,334,46,288
S01003921,395,106,289
S01003922,364,74,290
S01003923,365,53,312
S01003924,258,45,213
S01003925,415,83,332
S01003926,274,52,222
S01003927,395,138,257
S01003928,449,85,364
S01003929,307,43,264
S01003930,418,102,316
S01003931,456,109,347
S01003932,488,152,336
S01003933,330,67,263
S01003934,451,123,328
S01003935,364,91,273
S01003936,495,180,315
S01003937,353,68,285
S01003938,313,111,202
S01003939,324,94,230
S01003940,460,122,338
S01003941,312,84,228
S01003942,372,88,284
S01003943,336,86,250
S01003944,313,72,241
S01003945,382,144,238
S01003946,445,130,315
S01003947,280,79,201
S01003948,346,93,253
S01003949,308,99,209
S01003950,292,68,224
S01003951,233,85,148
S01003952,290,99,191
S01003953,274,60,214
S01003954,276,74,202
S01003955,340,81,259
S01003956,356,81,275
S01003957,309,83,226
S01003958,337,108,229
S01003959,397,113,284
S01003960,477,124,353
S01003961,237,39,198
S01003962,283,70,213
S01003963,283,83,200
S01003964,257,80,177
S01003965,274,79,195
S01003966,430,91,339
S01003967,312,66,246
S01003968,412,83,329
S01003969,391,94,297
S01003970,327,84,243
S01003971,299,71,228
S01003972,335,95,240
S01003973,304,81,223
S01003974,395,110,285
S01003975,414,146,268
S01003976,328,84,244
S01003977,286,39,247
S01003978,298,65,233
S01003979,275,68,207
S01003980,315,92,223
S01003981,294,68,226
S01003982,413,137,276
S01003983,420,154,266
S01003984,308,100,208
S01003985,391,50,341
S01003986,302,61,241
S01003987,282,67,215
S01003988,265,107,158
S01003989,436,124,312
S01003990,254,65,189
S01003991,351,90,261
S01003992,507,184,323
S01003993,370,140,230
S01003994,379,104,275
S01003995,501,156,345
S01003996,306,95,211
S01003997,488,151,337
S01003998,333,123,210
S01003999,485,182,303
S01004000,408,86,322
S01004001,357,72,285
S01004002,447,182,265
S01004003,312,104,208
S01004004,440,93,347
S01004005,339,120,219
S01004006,310,146,164
S01004007,262,78,184
S01004008,342,85,257
S01004009,370,158,212
S01004010,430,160,270
S01004011,544,331,213
S01004012,406,195,211
S01004013,306,163,143
S01004014,285,203,82
S01004015,499,309,190
S01004016,359,150,209
S01004017,538,325,213
S01004018,487,233,254
S01004019,307,174,133
S01004020,320,108,212
S01004021,507,290,217
S01004022,288,121,167
S01004023,329,119,210
S01004024,446,114,332
S01004025,423,44,379
S01004026,352,45,307
S01004027,408,71,337
S01004028,347,37,310
S01004029,495,88,407
S01004030,374,41,333
S01004031,290,44,246
S01004032,173,18,155
S01004033,404,56,348
S01004034,472,105,367
S01004035,344,56,288
S01004036,331,47,284
S01004037,433,102,331
S01004038,363,60,303
S01004039,149,24,125
S01004040,382,111,271
S01004041,306,85,221
S01004042,307,52,255
S01004043,481,141,340
S01004044,277,42,235
S01004045,291,42,249
S01004046,208,48,160
S01004047,408,74,334
S01004048,448,110,338
S01004049,413,135,278
S01004050,221,29,192
S01004051,257,29,228
S01004052,293,41,252
S01004053,445,78,367
S01004054,513,91,422
S01004055,348,88,260
S01004056,406,47,359
S01004057,476,88,388
S01004058,278,43,235
S01004059,314,66,248
S01004060,245,44,201
S01004061,250,37,213
S01004062,486,174,312
S01004063,359,85,274
S01004064,314,72,242
S01004065,483,105,378
S01004066,289,45,244
S01004067,432,154,278
S01004068,369,82,287
S01004069,346,95,251
S01004070,188,37,151
S01004071,387,73,314
S01004072,458,115,343
S01004073,362,57,305
S01004074,401,50,351
S01004075,173,36,137
S01004076,338,63,275
S01004077,488,154,334
S01004078,396,109,287
S01004079,378,59,319
S01004080,257,51,206
S01004081,429,199,230
S01004082,430,233,197
S01004083,349,55,294
S01004084,294,70,224
S01004085,333,83,250
S01004086,240,40,200
S01004087,252,45,207
S01004088,274,33,241
S01004089,352,65,287
S01004090,179,23,156
S01004091,411,182,229
S01004092,394,132,262
S01004093,222,58,164
S01004094,158,42,116
S01004095,313,119,194
S01004096,351,198,153
S01004097,380,50,330
S01004098,326,107,219
S01004099,449,244,205
S01004100,417,84,333
S01004101,401,144,257
S01004102,430,188,242
S01004103,392,107,285
S01004104,422,244,178
S01004105,392,104,288
S01004106,428,199,229
S01004107,361,154,207
S01004108,366,166,200
S01004109,332,178,154
S01004110,263,132,131
S01004111,489,272,217
S01004112,357,189,168
S01004113,354,111,243
S01004114,318,95,223
S01004115,303,147,156
S01004116,343,194,149
S01004117,430,195,235
S01004118,381,114,267
S01004119,325,125,200
S01004120,360,208,152
S01004121,269,105,164
S01004122,393,193,200
S01004123,292,124,168
S01004124,611,334,277
S01004125,336,172,164
S01004126,331,137,194
S01004127,579,256,323
S01004128,444,209,235
S01004129,494,179,315
S01004130,308,116,192
S01004131,364,51,313
S01004132,332,78,254
S01004133,460,84,376
S01004134,465,219,246
S01004135,304,53,251
S01004136,376,103,273
S01004137,314,152,162
S01004138,364,91,273
S01004139,322,99,223
S01004140,377,70,307
S01004141,434,101,333
S01004142,337,121,216
S01004143,506,178,328
S01004144,451,140,311
S01004145,393,97,296
S01004146,454,172,282
S01004147,401,79,322
S01004148,560,259,301
S01004149,262,60,202
S01004150,378,126,252
S01004151,367,200,167
S01004152,366,64,302
S01004153,420,132,288
S01004154,364,169,195
S01004155,436,64,372
S01004156,417,96,321
S01004157,391,184,207
S01004158,360,174,186
S01004159,217,34,183
S01004160,343,110,233
S01004161,358,137,221
S01004162,415,181,234
S01004163,342,105,237
S01004164,475,161,314
S01004165,621,190,431
S01004166,259,66,193
S01004167,266,62,204
S01004168,385,88,297
S01004169,292,72,220
S01004170,312,52,260
S01004171,346,105,241
S01004172,403,77,326
S01004173,359,68,291
S01004174,395,111,284
S01004175,369,52,317
S01004176,379,148,231
S01004177,245,39,206
S01004178,277,59,218
S01004179,316,69,247
S01004180,534,272,262
S01004181,444,100,344
S01004182,419,61,358
S01004183,569,246,323
S01004184,437,102,335
S01004185,461,74,387
S01004186,359,82,277
S01004187,376,49,327
S01004188,364,51,313
S01004189,385,189,196
S01004190,400,79,321
S01004191,400,119,281
S01004192,421,91,330
S01004193,360,67,293
S01004194,414,119,295
S01004195,299,65,234
S01004196,360,59,301
S01004197,341,69,272
S01004198,359,182,177
S01004199,454,142,312
S01004200,514,213,301
S01004201,431,145,286
S01004202,337,97,240
S01004203,454,140,314
S01004204,409,147,262
S01004205,322,50,272
S01004206,365,188,177
S01004207,422,79,343
S01004208,455,168,287
S01004209,344,167,177
S01004210,353,149,204
S01004211,439,241,198
S01004212,482,233,249
S01004213,358,92,266
S01004214,376,205,171
S01004215,304,199,105
S01004216,556,177,379
S01004217,285,60,225
S01004218,441,74,367
S01004219,345,44,301
S01004220,440,233,207
S01004221,514,104,410
S01004222,271,73,198
S01004223,359,57,302
S01004224,370,60,310
S01004225,390,88,302
S01004226,378,87,291
S01004227,344,109,235
S01004228,456,143,313
S01004229,402,79,323
S01004230,365,65,300
S01004231,398,86,312
S01004232,407,164,243
S01004233,352,88,264
S01004234,514,133,381
S01004235,368,89,279
S01004236,467,97,370
S01004237,346,53,293
S01004238,311,75,236
S01004239,336,95,241
S01004240,363,90,273
S01004241,301,78,223
S01004242,481,180,301
S01004243,328,86,242
S01004244,332,48,284
S01004245,376,89,287
S01004246,323,74,249
S01004247,462,56,406
S01004248,481,67,414
S01004249,470,95,375
S01004250,553,116,437
S01004251,444,135,309
S01004252,306,88,218
S01004253,291,57,234
S01004254,417,182,235
S01004255,409,135,274
S01004256,304,110,194
S01004257,327,111,216
S01004258,397,120,277
S01004259,337,162,175
S01004260,323,145,178
S01004261,495,106,389
S01004262,425,163,262
S01004263,381,74,307
S01004264,363,104,259
S01004265,486,155,331
S01004266,238,53,185
S01004267,281,138,143
S01004268,403,93,310
S01004269,381,144,237
S01004270,284,76,208
S01004271,274,81,193
S01004272,398,162,236
S01004273,472,195,277
S01004274,444,180,264
S01004275,327,64,263
S01004276,370,125,245
S01004277,501,155,346
S01004278,484,176,308
S01004279,519,88,431
S01004280,528,137,391
S01004281,303,79,224
S01004282,509,78,431
S01004283,425,83,342
S01004284,536,85,451
S01004285,537,255,282
S01004286,421,186,235
S01004287,344,119,225
S01004288,435,122,313
S01004289,319,85,234
S01004290,385,92,293
S01004291,490,154,336
S01004292,472,191,281
S01004293,428,232,196
S01004294,435,203,232
S01004295,418,168,250
S01004296,419,219,200
S01004297,401,114,287
S01004298,592,232,360
S01004299,320,79,241
S01004300,271,84,187
S01004301,370,145,225
S01004302,414,220,194
S01004303,317,37,280
S01004304,524,126,398
S01004305,358,99,259
S01004306,292,76,216
S01004307,648,316,332
S01004308,515,102,413
S01004309,454,249,205
S01004310,446,140,306
S01004311,417,108,309
S01004312,395,205,190
S01004313,565,245,320
S01004314,361,83,278
S01004315,317,90,227
S01004316,286,137,149
S01004317,419,135,284
S01004318,252,33,219
S01004319,458,188,270
S01004320,465,78,387
S01004321,381,46,335
S01004322,510,123,387
S01004323,335,49,286
S01004324,438,53,385
S01004325,534,115,419
S01004326,406,106,300
S01004327,374,91,283
S01004328,339,61,278
S01004329,263,77,186
S01004330,554,198,356
S01004331,258,66,192
S01004332,287,73,214
S01004333,250,71,179
S01004334,1010,439,571
S01004335,263,37,226
S01004336,533,173,360
S01004337,433,106,327
S01004338,373,131,242
S01004339,485,190,295
S01004340,313,83,230
S01004341,341,108,233
S01004342,494,212,282
S01004343,286,85,201
S01004344,430,135,295
S01004345,478,182,296
S01004346,276,75,201
S01004347,444,178,266
S01004348,357,130,227
S01004349,452,118,334
S01004350,282,100,182
S01004351,238,50,188
S01004352,292,85,207
S01004353,472,111,361
S01004354,313,126,187
S01004355,298,108,190
S01004356,510,117,393
S01004357,454,217,237
S01004358,478,177,301
S01004359,254,36,218
S01004360,273,62,211
S01004361,325,83,242
S01004362,218,29,189
S01004363,422,52,370
S01004364,423,108,315
S01004365,394,76,318
S01004366,341,66,275
S01004367,454,90,364
S01004368,211,57,154
S01004369,458,109,349
S01004370,392,116,276
S01004371,387,73,314
S01004372,523,132,391
S01004373,260,34,226
S01004374,293,88,205
S01004375,382,68,314
S01004376,486,81,405
S01004377,415,129,286
S01004378,443,116,327
S01004379,461,90,371
S01004380,273,69,204
S01004381,427,92,335
S01004382,290,53,237
S01004383,386,104,282
S01004384,315,53,262
S01004385,483,136,347
S01004386,460,175,285
S01004387,481,100,381
S01004388,303,34,269
S01004389,327,75,252
S01004390,404,56,348
S01004391,347,153,194
S01004392,455,123,332
S01004393,440,78,362
S01004394,345,50,295
S01004395,240,33,207
S01004396,393,106,287
S01004397,571,216,355
S01004398,436,122,314
S01004399,207,38,169
S01004400,314,40,274
S01004401,619,278,341
S01004402,437,67,370
S01004403,261,88,173
S01004404,385,156,229
S01004405,366,140,226
S01004406,306,55,251
S01004407,284,68,216
S01004408,354,123,231
S01004409,342,112,230
S01004410,485,80,405
S01004411,306,91,215
S01004412,445,143,302
S01004413,341,75,266
S01004414,283,69,214
S01004415,268,58,210
S01004416,327,113,214
S01004417,299,63,236
S01004418,411,101,310
S01004419,429,105,324
S01004420,364,165,199
S01004421,263,50,213
S01004422,253,66,187
S01004423,349,118,231
S01004424,299,35,264
S01004425,311,125,186
S01004426,253,106,147
S01004427,288,50,238
S01004428,311,58,253
S01004429,293,41,252
S01004430,218,44,174
S01004431,320,72,248
S01004432,399,76,323
S01004433,412,69,343
S01004434,394,87,307
S01004435,325,112,213
S01004436,413,77,336
S01004437,430,77,353
S01004438,302,54,248
S01004439,311,56,255
S01004440,333,42,291
S01004441,444,197,247
S01004442,390,82,308
S01004443,278,40,238
S01004444,378,53,325
S01004445,284,57,227
S01004446,377,73,304
S01004447,378,72,306
S01004448,384,127,257
S01004449,392,92,300
S01004450,357,93,264
S01004451,332,45,287
S01004452,410,138,272
S01004453,599,213,386
S01004454,445,80,365
S01004455,381,162,219
S01004456,378,131,247
S01004457,378,68,310
S01004458,375,63,312
S01004459,282,80,202
S01004460,405,179,226
S01004461,361,89,272
S01004462,383,168,215
S01004463,416,155,261
S01004464,344,63,281
S01004465,410,147,263
S01004466,486,221,265
S01004467,464,63,401
S01004468,458,178,280
S01004469,266,43,223
S01004470,342,148,194
S01004471,338,135,203
S01004472,402,218,184
S01004473,534,339,195
S01004474,421,86,335
S01004475,306,117,189
S01004476,352,142,210
S01004477,468,213,255
S01004478,313,107,206
S01004479,387,159,228
S01004480,459,79,380
S01004481,267,34,233
S01004482,376,71,305
S01004483,301,55,246
S01004484,571,214,357
S01004485,307,129,178
S01004486,523,187,336
S01004487,487,135,352
S01004488,385,75,310
S01004489,504,204,300
S01004490,384,188,196
S01004491,372,45,327
S01004492,483,125,358
S01004493,498,147,351
S01004494,422,53,369
S01004495,335,46,289
S01004496,306,87,219
S01004497,389,78,311
S01004498,329,115,214
S01004499,389,92,297
S01004500,365,197,168
S01004501,315,93,222
S01004502,380,149,231
S01004503,300,97,203
S01004504,302,46,256
S01004505,273,64,209
S01004506,265,62,203
S01004507,369,144,225
S01004508,287,70,217
S01004509,458,193,265
S01004510,329,169,160
S01004511,359,158,201
S01004512,405,217,188
S01004513,218,68,150
S01004514,317,111,206
S01004515,393,129,264
S01004516,264,87,177
S01004517,358,111,247
S01004518,355,125,230
S01004519,398,110,288
S01004520,364,163,201
S01004521,382,191,191
S01004522,295,147,148
S01004523,325,186,139
S01004524,284,137,147
S01004525,403,233,170
S01004526,392,230,162
S01004527,281,90,191
S01004528,392,91,301
S01004529,422,155,267
S01004530,337,184,153
S01004531,364,126,238
S01004532,312,55,257
S01004533,180,24,156
S01004534,307,57,250
S01004535,374,134,240
S01004536,355,60,295
S01004537,377,81,296
S01004538,341,86,255
S01004539,286,57,229
S01004540,395,171,224
S01004541,363,90,273
S01004542,359,152,207
S01004543,373,92,281
S01004544,480,154,326
S01004545,335,106,229
S01004546,411,85,326
S01004547,413,114,299
S01004548,339,125,214
S01004549,382,93,289
S01004550,314,48,266
S01004551,484,144,340
S01004552,285,48,237
S01004553,280,87,193
S01004554,334,130,204
S01004555,373,145,228
S01004556,321,62,259
S01004557,258,108,150
S01004558,460,144,316
S01004559,433,157,276
S01004560,238,32,206
S01004561,434,71,363
S01004562,261,90,171
S01004563,370,149,221
S01004564,292,168,124
S01004565,412,218,194
S01004566,437,160,277
S01004567,218,56,162
S01004568,319,96,223
S01004569,256,37,219
S01004570,439,180,259
S01004571,308,122,186
S01004572,389,95,294
S01004573,279,88,191
S01004574,289,130,159
S01004575,374,131,243
S01004576,377,168,209
S01004577,319,126,193
S01004578,580,304,276
S01004579,259,61,198
S01004580,368,75,293
S01004581,519,160,359
S01004582,303,133,170
S01004583,316,85,231
S01004584,243,68,175
S01004585,296,54,242
S01004586,607,357,250
S01004587,376,72,304
S01004588,283,82,201
S01004589,399,198,201
S01004590,342,63,279
S01004591,283,69,214
S01004592,273,65,208
S01004593,518,165,353
S01004594,250,50,200
S01004595,481,285,196
S01004596,291,84,207
S01004597,345,167,178
S01004598,287,67,220
S01004599,308,116,192
S01004600,373,85,288
S01004601,380,94,286
S01004602,506,244,262
S01004603,437,98,339
S01004604,221,78,143
S01004605,423,56,367
S01004606,355,90,265
S01004607,327,87,240
S01004608,313,49,264
S01004609,254,45,209
S01004610,320,49,271
S01004611,537,116,421
S01004612,290,48,242
S01004613,457,194,263
S01004614,385,147,238
S01004615,373,89,284
S01004616,464,168,296
S01004617,274,50,224
S01004618,268,41,227
S01004619,256,63,193
S01004620,435,117,318
S01004621,504,164,340
S01004622,400,143,257
S01004623,524,179,345
S01004624,453,115,338
S01004625,387,83,304
S01004626,287,59,228
S01004627,375,123,252
S01004628,225,21,204
S01004629,601,250,351
S01004630,496,173,323
S01004631,374,72,302
S01004632,462,65,397
S01004633,300,100,200
S01004634,583,242,341
S01004635,333,53,280
S01004636,319,64,255
S01004637,276,58,218
S01004638,282,43,239
S01004639,293,42,251
S01004640,349,73,276
S01004641,354,107,247
S01004642,438,84,354
S01004643,209,29,180
S01004644,367,106,261
S01004645,446,74,372
S01004646,370,66,304
S01004647,779,200,579
S01004648,423,90,333
S01004649,313,70,243
S01004650,380,84,296
S01004651,405,64,341
S01004652,529,169,360
S01004653,305,77,228
S01004654,470,161,309
S01004655,409,110,299
S01004656,206,38,168
S01004657,461,171,290
S01004658,555,196,359
S01004659,226,69,157
S01004660,448,165,283
S01004661,377,81,296
S01004662,450,134,316
S01004663,282,68,214
S01004664,308,71,237
S01004665,347,35,312
S01004666,412,67,345
S01004667,303,63,240
S01004668,541,187,354
S01004669,351,87,264
S01004670,415,137,278
S01004671,457,149,308
S01004672,340,65,275
S01004673,392,47,345
S01004674,454,91,363
S01004675,462,132,330
S01004676,360,89,271
S01004677,367,91,276
S01004678,441,102,339
S01004679,207,68,139
S01004680,366,58,308
S01004681,448,171,277
S01004682,256,41,215
S01004683,440,183,257
S01004684,364,125,239
S01004685,236,27,209
S01004686,334,54,280
S01004687,385,56,329
S01004688,447,220,227
S01004689,516,126,390
S01004690,351,142,209
S01004691,474,220,254
S01004692,317,57,260
S01004693,464,162,302
S01004694,312,42,270
S01004695,454,219,235
S01004696,381,52,329
S01004697,497,200,297
S01004698,368,177,191
S01004699,333,37,296
S01004700,345,96,249
S01004701,408,230,178
S01004702,270,83,187
S01004703,471,196,275
S01004704,283,70,213
S01004705,545,184,361
S01004706,349,151,198
S01004707,509,77,432
S01004708,349,68,281
S01004709,421,157,264
S01004710,392,64,328
S01004711,419,65,354
S01004712,257,45,212
S01004713,331,76,255
S01004714,383,85,298
S01004715,397,100,297
S01004716,430,92,338
S01004717,357,64,293
S01004718,437,93,344
S01004719,355,84,271
S01004720,319,76,243
S01004721,405,145,260
S01004722,294,56,238
S01004723,332,128,204
S01004724,392,62,330
S01004725,355,114,241
S01004726,285,51,234
S01004727,339,69,270
S01004728,427,146,281
S01004729,321,59,262
S01004730,447,66,381
S01004731,378,80,298
S01004732,342,136,206
S01004733,375,68,307
S01004734,272,58,214
S01004735,449,118,331
S01004736,366,56,310
S01004737,360,54,306
S01004738,299,77,222
S01004739,424,184,240
S01004740,388,179,209
S01004741,308,37,271
S01004742,500,98,402
S01004743,567,259,308
S01004744,293,37,256
S01004745,324,46,278
S01004746,342,51,291
S01004747,449,228,221
S01004748,296,98,198
S01004749,359,121,238
S01004750,295,79,216
S01004751,337,76,261
S01004752,417,101,316
S01004753,338,54,284
S01004754,387,155,232
S01004755,359,51,308
S01004756,306,98,208
S01004757,404,112,292
S01004758,477,108,369
S01004759,362,163,199
S01004760,334,53,281
S01004761,253,62,191
S01004762,328,65,263
S01004763,543,199,344
S01004764,364,56,308
S01004765,386,78,308
S01004766,360,64,296
S01004767,331,75,256
S01004768,426,41,385
S01004769,336,85,251
S01004770,277,91,186
S01004771,333,129,204
S01004772,289,69,220
S01004773,354,56,298
S01004774,514,240,274
S01004775,335,48,287
S01004776,413,174,239
S01004777,429,183,246
S01004778,322,84,238
S01004779,352,79,273
S01004780,246,51,195
S01004781,392,123,269
S01004782,371,124,247
S01004783,506,260,246
S01004784,385,132,253
S01004785,305,49,256
S01004786,250,84,166
S01004787,573,244,329
S01004788,427,172,255
S01004789,482,179,303
S01004790,438,200,238
S01004791,402,154,248
S01004792,419,188,231
S01004793,562,261,301
S01004794,352,73,279
S01004795,432,76,356
S01004796,377,165,212
S01004797,338,101,237
S01004798,415,63,352
S01004799,273,52,221
S01004800,314,62,252
S01004801,318,69,249
S01004802,437,172,265
S01004803,381,86,295
S01004804,400,90,310
S01004805,257,46,211
S01004806,247,51,196
S01004807,223,47,176
S01004808,323,45,278
S01004809,241,72,169
S01004810,275,41,234
S01004811,288,76,212
S01004812,372,60,312
S01004813,416,113,303
S01004814,450,73,377
S01004815,373,143,230
S01004816,328,74,254
S01004817,239,56,183
S01004818,356,78,278
S01004819,316,65,251
S01004820,527,72,455
S01004821,500,120,380
S01004822,321,55,266
S01004823,362,66,296
S01004824,454,157,297
S01004825,291,52,239
S01004826,333,61,272
S01004827,316,61,255
S01004828,574,173,401
S01004829,331,54,277
S01004830,330,69,261
S01004831,523,219,304
S01004832,366,133,233
S01004833,409,100,309
S01004834,368,127,241
S01004835,383,120,263
S01004836,412,171,241
S01004837,404,100,304
S01004838,498,191,307
S01004839,458,105,353
S01004840,314,66,248
S01004841,376,80,296
S01004842,337,147,190
S01004843,309,70,239
S01004844,424,147,277
S01004845,389,106,283
S01004846,390,90,300
S01004847,495,237,258
S01004848,406,165,241
S01004849,316,80,236
S01004850,433,139,294
S01004851,317,44,273
S01004852,278,52,226
S01004853,386,157,229
S01004854,548,250,298
S01004855,294,50,244
S01004856,383,127,256
S01004857,486,145,341
S01004858,534,167,367
S01004859,599,252,347
S01004860,325,133,192
S01004861,510,180,330
S01004862,426,201,225
S01004863,626,276,350
S01004864,366,172,194
S01004865,393,95,298
S01004866,494,118,376
S01004867,502,217,285
S01004868,359,82,277
S01004869,558,250,308
S01004870,530,149,381
S01004871,436,107,329
S01004872,444,116,328
S01004873,430,169,261
S01004874,442,145,297
S01004875,410,112,298
S01004876,593,140,453
S01004877,426,102,324
S01004878,393,131,262
S01004879,365,75,290
S01004880,328,72,256
S01004881,418,122,296
S01004882,275,71,204
S01004883,454,213,241
S01004884,385,178,207
S01004885,311,50,261
S01004886,459,92,367
S01004887,246,66,180
S01004888,414,215,199
S01004889,479,112,367
S01004890,416,72,344
S01004891,456,84,372
S01004892,455,248,207
S01004893,310,78,232
S01004894,319,80,239
S01004895,418,122,296
S01004896,530,116,414
S01004897,363,180,183
S01004898,592,161,431
S01004899,378,101,277
S01004900,433,237,196
S01004901,426,95,331
S01004902,388,95,293
S01004903,382,185,197
S01004904,506,138,368
S01004905,586,143,443
S01004906,460,127,333
S01004907,455,240,215
S01004908,380,93,287
S01004909,532,243,289
S01004910,505,118,387
S01004911,466,250,216
S01004912,389,95,294
S01004913,288,64,224
S01004914,385,221,164
S01004915,323,83,240
S01004916,404,90,314
S01004917,353,187,166
S01004918,394,229,165
S01004919,253,63,190
S01004920,548,116,432
S01004921,382,92,290
S01004922,442,225,217
S01004923,456,214,242
S01004924,502,151,351
S01004925,290,120,170
S01004926,534,320,214
S01004927,632,264,368
S01004928,432,289,143
S01004929,446,182,264
S01004930,319,73,246
S01004931,443,78,365
S01004932,375,81,294
S01004933,449,117,332
S01004934,339,87,252
S01004935,334,156,178
S01004936,408,143,265
S01004937,221,46,175
S01004938,357,59,298
S01004939,305,60,245
S01004940,290,55,235
S01004941,331,70,261
S01004942,616,201,415
S01004943,463,130,333
S01004944,291,99,192
S01004945,319,129,190
S01004946,333,100,233
S01004947,381,90,291
S01004948,321,103,218
S01004949,339,100,239
S01004950,302,89,213
S01004951,340,88,252
S01004952,543,166,377
S01004953,494,106,388
S01004954,418,75,343
S01004955,361,87,274
S01004956,373,104,269
S01004957,383,125,258
S01004958,424,128,296
S01004959,346,91,255
S01004960,275,92,183
S01004961,373,112,261
S01004962,333,145,188
S01004963,286,82,204
S01004964,575,161,414
S01004965,451,104,347
S01004966,444,96,348
S01004967,296,74,222
S01004968,310,70,240
S01004969,463,99,364
S01004970,447,77,370
S01004971,516,121,395
S01004972,396,91,305
S01004973,462,211,251
S01004974,510,228,282
S01004975,419,238,181
S01004976,385,146,239
S01004977,508,138,370
S01004978,567,222,345
S01004979,504,279,225
S01004980,607,298,309
S01004981,561,269,292
S01004982,373,207,166
S01004983,483,202,281
S01004984,447,184,263
S01004985,398,148,250
S01004986,327,181,146
S01004987,309,163,146
S01004988,313,165,148
S01004989,391,155,236
S01004990,294,128,166
S01004991,325,154,171
S01004992,456,90,366
S01004993,309,164,145
S01004994,392,162,230
S01004995,475,163,312
S01004996,382,154,228
S01004997,507,233,274
S01004998,476,207,269
S01004999,437,125,312
S01005000,336,94,242
S01005001,562,287,275
S01005002,297,134,163
S01005003,501,182,319
S01005004,312,114,198
S01005005,465,115,350
S01005006,282,124,158
S01005007,361,100,261
S01005008,576,290,286
S01005009,353,162,191
S01005010,314,89,225
S01005011,254,35,219
S01005012,383,94,289
S01005013,351,73,278
S01005014,411,104,307
S01005015,341,94,247
S01005016,388,146,242
S01005017,383,173,210
S01005018,319,86,233
S01005019,537,116,421
S01005020,403,195,208
S01005021,407,219,188
S01005022,340,163,177
S01005023,354,131,223
S01005024,412,201,211
S01005025,355,106,249
S01005026,309,185,124
S01005027,451,199,252
S01005028,293,145,148
S01005029,627,299,328
S01005030,515,245,270
S01005031,403,191,212
S01005032,450,198,252
S01005033,426,219,207
S01005034,492,231,261
S01005035,548,215,333
S01005036,252,138,114
S01005037,612,183,429
S01005038,481,234,247
S01005039,542,244,298
S01005040,486,132,354
S01005041,384,140,244
S01005042,440,229,211
S01005043,346,117,229
S01005044,548,243,305
S01005045,499,250,249
S01005046,567,258,309
S01005047,503,155,348
S01005048,291,174,117
S01005049,415,133,282
S01005050,482,71,411
S01005051,541,256,285
S01005052,389,156,233
S01005053,412,64,348
S01005054,281,57,224
S01005055,402,62,340
S01005056,407,179,228
S01005057,385,79,306
S01005058,375,75,300
S01005059,286,40,246
S01005060,325,59,266
S01005061,489,257,232
S01005062,266,77,189
S01005063,348,166,182
S01005064,408,192,216
S01005065,495,144,351
S01005066,362,69,293
S01005067,262,99,163
S01005068,335,69,266
S01005069,332,62,270
S01005070,431,173,258
S01005071,135,11,124
S01005072,340,77,263
S01005073,332,130,202
S01005074,429,184,245
S01005075,184,27,157
S01005076,443,72,371
S01005077,469,214,255
S01005078,397,77,320
S01005079,375,77,298
S01005080,243,45,198
S01005081,392,84,308
S01005082,412,176,236
S01005083,484,176,308
S01005084,353,75,278
S01005085,350,101,249
S01005086,393,81,312
S01005087,258,71,187
S01005088,290,95,195
S01005089,398,156,242
S01005090,447,194,253
S01005091,357,183,174
S01005092,354,109,245
S01005093,493,109,384
S01005094,313,142,171
S01005095,535,211,324
S01005096,342,131,211
S01005097,384,202,182
S01005098,316,109,207
S01005099,410,194,216
S01005100,323,132,191
S01005101,463,215,248
S01005102,536,212,324
S01005103,607,284,323
S01005104,446,197,249
S01005105,477,164,313
S01005106,293,77,216
S01005107,269,96,173
S01005108,318,84,234
S01005109,547,205,342
S01005110,580,218,362
S01005111,277,96,181
S01005112,500,165,335
S01005113,545,136,409
S01005114,486,77,409
S01005115,439,132,307
S01005116,372,92,280
S01005117,344,117,227
S01005118,392,137,255
S01005119,330,189,141
S01005120,306,127,179
S01005121,423,158,265
S01005122,376,148,228
S01005123,343,135,208
S01005124,360,95,265
S01005125,384,80,304
S01005126,321,112,209
S01005127,289,59,230
S01005128,419,156,263
S01005129,459,109,350
S01005130,314,52,262
S01005131,415,114,301
S01005132,346,121,225
S01005133,225,81,144
S01005134,436,121,315
S01005135,368,128,240
S01005136,422,120,302
S01005137,503,157,346
S01005138,573,168,405
S01005139,387,102,285
S01005140,347,114,233
S01005141,452,147,305
S01005142,319,110,209
S01005143,528,133,395
S01005144,594,191,403
S01005145,418,123,295
S01005146,394,112,282
S01005147,530,144,386
S01005148,354,162,192
S01005149,298,161,137
S01005150,360,108,252
S01005151,343,139,204
S01005152,447,210,237
S01005153,500,242,258
S01005154,356,199,157
S01005155,409,163,246
S01005156,343,79,264
S01005157,425,78,347
S01005158,425,147,278
S01005159,500,91,409
S01005160,503,106,397
S01005161,563,199,364
S01005162,466,104,362
S01005163,272,57,215
S01005164,469,142,327
S01005165,354,121,233
S01005166,461,73,388
S01005167,344,59,285
S01005168,417,196,221
S01005169,359,111,248
S01005170,438,216,222
S01005171,390,77,313
S01005172,536,251,285
S01005173,376,156,220
S01005174,317,58,259
S01005175,375,227,148
S01005176,321,63,258
S01005177,481,93,388
S01005178,440,83,357
S01005179,585,217,368
S01005180,586,288,298
S01005181,535,319,216
S01005182,400,81,319
S01005183,431,77,354
S01005184,325,48,277
S01005185,246,49,197
S01005186,321,120,201
S01005187,416,143,273
S01005188,594,359,235
S01005189,350,70,280
S01005190,495,243,252
S01005191,430,85,345
S01005192,448,238,210
S01005193,444,246,198
S01005194,289,62,227
S01005195,620,269,351
S01005196,384,93,291
S01005197,377,122,255
S01005198,510,238,272
S01005199,434,76,358
S01005200,402,148,254
S01005201,429,87,342
S01005202,445,96,349
S01005203,449,198,251
S01005204,357,138,219
S01005205,547,302,245
S01005206,485,253,232
S01005207,373,78,295
S01005208,249,84,165
S01005209,378,115,263
S01005210,320,116,204
S01005211,332,79,253
S01005212,374,176,198
S01005213,486,221,265
S01005214,395,105,290
S01005215,385,102,283
S01005216,285,76,209
S01005217,487,181,306
S01005218,387,85,302
S01005219,402,73,329
S01005220,388,131,257
S01005221,376,236,140
S01005222,310,82,228
S01005223,371,126,245
S01005224,470,213,257
S01005225,498,269,229
S01005226,272,97,175
S01005227,415,139,276
S01005228,600,380,220
S01005229,476,185,291
S01005230,399,175,224
S01005231,505,264,241
S01005232,385,139,246
S01005233,253,71,182
S01005234,641,229,412
S01005235,345,114,231
S01005236,544,206,338
S01005237,476,261,215
S01005238,411,151,260
S01005239,489,151,338
S01005240,426,78,348
S01005241,501,264,237
S01005242,418,128,290
S01005243,368,92,276
S01005244,485,298,187
S01005245,385,141,244
S01005246,476,118,358
S01005247,195,24,171
S01005248,284,95,189
S01005249,476,180,296
S01005250,439,149,290
S01005251,453,90,363
S01005252,264,44,220
S01005253,367,131,236
S01005254,456,193,263
S01005255,210,28,182
S01005256,453,185,268
S01005257,512,243,269
S01005258,566,264,302
S01005259,318,47,271
S01005260,293,61,232
S01005261,237,48,189
S01005262,513,287,226
S01005263,199,32,167
S01005264,314,64,250
S01005265,206,44,162
S01005266,361,68,293
S01005267,418,79,339
S01005268,533,148,385
S01005269,294,88,206
S01005270,504,237,267
S01005271,313,164,149
S01005272,203,40,163
S01005273,460,134,326
S01005274,309,45,264
S01005275,278,81,197
S01005276,312,55,257
S01005277,350,106,244
S01005278,432,106,326
S01005279,287,153,134
S01005280,367,70,297
S01005281,463,112,351
S01005282,368,70,298
S01005283,454,267,187
S01005284,339,67,272
S01005285,363,101,262
S01005286,389,268,121
S01005287,441,177,264
S01005288,358,60,298
S01005289,445,115,330
S01005290,298,89,209
S01005291,464,227,237
S01005292,309,46,263
S01005293,374,80,294
S01005294,356,247,109
S01005295,309,64,245
S01005296,499,294,205
S01005297,343,142,201
S01005298,609,354,255
S01005299,346,135,211
S01005300,583,320,263
S01005301,526,318,208
S01005302,534,102,432
S01005303,383,136,247
S01005304,450,147,303
S01005305,429,91,338
S01005306,610,262,348
S01005307,543,304,239
S01005308,222,27,195
S01005309,482,128,354
S01005310,443,107,336
S01005311,589,212,377
S01005312,381,156,225
S01005313,580,196,384
S01005314,324,196,128
S01005315,306,56,250
S01005316,484,172,312
S01005317,383,161,222
S01005318,229,66,163
S01005319,423,154,269
S01005320,340,143,197
S01005321,314,97,217
S01005322,527,193,334
S01005323,325,101,224
S01005324,412,124,288
S01005325,449,127,322
S01005326,445,74,371
S01005327,346,90,256
S01005328,400,113,287
S01005329,316,132,184
S01005330,334,84,250
S01005331,363,70,293
S01005332,275,92,183
S01005333,511,238,273
S01005334,399,160,239
S01005335,299,140,159
S01005336,355,142,213
S01005337,571,249,322
S01005338,346,174,172
S01005339,422,106,316
S01005340,352,170,182
S01005341,357,101,256
S01005342,440,135,305
S01005343,568,251,317
S01005344,378,99,279
S01005345,419,203,216
S01005346,490,225,265
S01005347,475,236,239
S01005348,507,196,311
S01005349,537,182,355
S01005350,443,241,202
S01005351,429,174,255
S01005352,445,125,320
S01005353,535,168,367
S01005354,580,293,287
S01005355,384,117,267
S01005356,405,232,173
S01005357,345,106,239
S01005358,426,161,265
S01005359,596,291,305
S01005360,554,258,296
S01005361,536,367,169
S01005362,326,59,267
S01005363,364,91,273
S01005364,510,142,368
S01005365,361,108,253
S01005366,433,115,318
S01005367,397,68,329
S01005368,367,66,301
S01005369,551,118,433
S01005370,470,165,305
S01005371,587,196,391
S01005372,460,104,356
S01005373,353,92,261
S01005374,513,109,404
S01005375,499,128,371
S01005376,510,153,357
S01005377,458,63,395
S01005378,346,47,299
S01005379,538,113,425
S01005380,360,46,314
S01005381,336,48,288
S01005382,303,22,281
S01005383,376,111,265
S01005384,480,186,294
S01005385,475,142,333
S01005386,336,115,221
S01005387,529,68,461
S01005388,396,111,285
S01005389,384,112,272
S01005390,446,66,380
S01005391,393,102,291
S01005392,524,139,385
S01005393,464,153,311
S01005394,476,195,281
S01005395,494,206,288
S01005396,408,148,260
S01005397,272,96,176
S01005398,566,206,360
S01005399,486,128,358
S01005400,483,98,385
S01005401,471,125,346
S01005402,552,208,344
S01005403,517,102,415
S01005404,468,203,265
S01005405,275,110,165
S01005406,262,78,184
S01005407,514,149,365
S01005408,317,71,246
S01005409,379,94,285
S01005410,429,142,287
S01005411,505,188,317
S01005412,501,206,295
S01005413,463,136,327
S01005414,460,227,233
S01005415,403,156,247
S01005416,431,96,335
S01005417,427,187,240
S01005418,381,226,155
S01005419,391,62,329
S01005420,478,98,380
S01005421,556,161,395
S01005422,358,145,213
S01005423,582,146,436
S01005424,432,189,243
S01005425,400,63,337
S01005426,396,54,342
S01005427,394,107,287
S01005428,535,114,421
S01005429,339,127,212
S01005430,363,164,199
S01005431,396,66,330
S01005432,440,133,307
S01005433,482,122,360
S01005434,381,123,258
S01005435,405,130,275
S01005436,510,178,332
S01005437,573,195,378
S01005438,443,66,377
S01005439,368,75,293
S01005440,536,187,349
S01005441,509,161,348
S01005442,520,236,284
S01005443,532,181,351
S01005444,520,238,282
S01005445,489,170,319
S01005446,397,80,317
S01005447,457,143,314
S01005448,556,228,328
S01005449,504,212,292
S01005450,455,92,363
S01005451,494,203,291
S01005452,448,273,175
S01005453,447,94,353
S01005454,451,196,255
S01005455,500,182,318
S01005456,459,180,279
S01005457,490,129,361
S01005458,464,136,328
S01005459,504,198,306
S01005460,461,134,327
S01005461,386,124,262
S01005462,550,160,390
S01005463,289,153,136
S01005464,296,77,219
S01005465,322,124,198
S01005466,526,217,309
S01005467,301,133,168
S01005468,509,234,275
S01005469,472,143,329
S01005470,338,180,158
S01005471,461,252,209
S01005472,485,175,310
S01005473,413,139,274
S01005474,376,122,254
S01005475,449,149,300
S01005476,540,294,246
S01005477,512,110,402
S01005478,437,95,342
S01005479,291,71,220
S01005480,446,161,285
S01005481,308,50,258
S01005482,328,99,229
S01005483,398,99,299
S01005484,269,66,203
S01005485,404,61,343
S01005486,429,84,345
S01005487,331,83,248
S01005488,489,71,418
S01005489,513,154,359
S01005490,274,107,167
S01005491,516,143,373
S01005492,544,170,374
S01005493,394,159,235
S01005494,412,137,275
S01005495,374,106,268
S01005496,591,155,436
S01005497,358,145,213
S01005498,511,131,380
S01005499,402,96,306
S01005500,473,136,337
S01005501,495,184,311
S01005502,484,186,298
S01005503,329,97,232
S01005504,353,111,242
S01005505,371,79,292
S01005506,495,181,314
S01005507,311,61,250
S01005508,507,122,385
S01005509,337,94,243
S01005510,386,146,240
S01005511,332,87,245
S01005512,353,100,253
S01005513,405,100,305
S01005514,326,104,222
S01005515,320,59,261
S01005516,306,49,257
S01005517,511,127,384
S01005518,571,162,409
S01005519,353,71,282
S01005520,531,133,398
S01005521,465,138,327
S01005522,312,66,246
S01005523,481,107,374
S01005524,368,90,278
S01005525,362,63,299
S01005526,359,49,310
S01005527,239,33,206
S01005528,222,59,163
S01005529,432,74,358
S01005530,252,24,228
S01005531,308,78,230
S01005532,391,106,285
S01005533,339,98,241
S01005534,325,60,265
S01005535,430,60,370
S01005536,507,207,300
S01005537,374,110,264
S01005538,478,165,313
S01005539,504,160,344
S01005540,386,74,312
S01005541,315,59,256
S01005542,385,105,280
S01005543,388,120,268
S01005544,353,60,293
S01005545,444,156,288
S01005546,356,109,247
S01005547,377,131,246
S01005548,464,260,204
S01005549,501,170,331
S01005550,304,196,108
S01005551,459,293,166
S01005552,446,269,177
S01005553,409,278,131
S01005554,354,209,145
S01005555,346,216,130
S01005556,254,133,121
S01005557,445,90,355
S01005558,367,195,172
S01005559,376,71,305
S01005560,366,95,271
S01005561,478,208,270
S01005562,372,200,172
S01005563,364,76,288
S01005564,390,251,139
S01005565,321,159,162
S01005566,262,69,193
S01005567,462,145,317
S01005568,269,91,178
S01005569,403,189,214
S01005570,418,103,315
S01005571,433,205,228
S01005572,391,229,162
S01005573,352,114,238
S01005574,426,100,326
S01005575,433,187,246
S01005576,389,162,227
S01005577,398,250,148
S01005578,438,109,329
S01005579,494,200,294
S01005580,226,132,94
S01005581,329,142,187
S01005582,390,218,172
S01005583,285,137,148
S01005584,322,198,124
S01005585,344,121,223
S01005586,343,152,191
S01005587,460,101,359
S01005588,259,107,152
S01005589,464,218,246
S01005590,327,84,243
S01005591,432,93,339
S01005592,210,38,172
S01005593,383,66,317
S01005594,396,123,273
S01005595,353,44,309
S01005596,248,46,202
S01005597,478,104,374
S01005598,442,91,351
S01005599,245,47,198
S01005600,275,50,225
S01005601,345,68,277
S01005602,303,50,253
S01005603,277,41,236
S01005604,245,31,214
S01005605,521,137,384
S01005606,342,92,250
S01005607,350,121,229
S01005608,520,170,350
S01005609,434,151,283
S01005610,301,109,192
S01005611,280,60,220
S01005612,535,233,302
S01005613,343,122,221
S01005614,410,103,307
S01005615,468,152,316
S01005616,332,103,229
S01005617,418,67,351
S01005618,244,60,184
S01005619,374,170,204
S01005620,223,96,127
S01005621,340,107,233
S01005622,427,170,257
S01005623,381,157,224
S01005624,439,235,204
S01005625,451,205,246
S01005626,398,86,312
S01005627,328,140,188
S01005628,444,90,354
S01005629,384,221,163
S01005630,287,123,164
S01005631,391,88,303
S01005632,246,118,128
S01005633,350,88,262
S01005634,423,191,232
S01005635,416,245,171
S01005636,439,191,248
S01005637,586,199,387
S01005638,420,231,189
S01005639,351,70,281
S01005640,266,87,179
S01005641,505,141,364
S01005642,319,209,110
S01005643,294,194,100
S01005644,311,204,107
S01005645,426,222,204
S01005646,402,161,241
S01005647,332,187,145
S01005648,398,150,248
S01005649,476,197,279
S01005650,280,62,218
S01005651,423,127,296
S01005652,393,174,219
S01005653,454,141,313
S01005654,382,150,232
S01005655,473,211,262
S01005656,242,56,186
S01005657,298,96,202
S01005658,495,233,262
S01005659,499,260,239
S01005660,330,81,249
S01005661,396,188,208
S01005662,352,196,156
S01005663,318,164,154
S01005664,342,166,176
S01005665,278,125,153
S01005666,426,112,314
S01005667,408,212,196
S01005668,434,134,300
S01005669,346,95,251
S01005670,365,100,265
S01005671,306,101,205
S01005672,387,55,332
S01005673,358,148,210
S01005674,477,134,343
S01005675,417,70,347
S01005676,425,65,360
S01005677,492,204,288
S01005678,474,221,253
S01005679,401,89,312
S01005680,390,157,233
S01005681,416,159,257
S01005682,340,151,189
S01005683,422,37,385
S01005684,452,67,385
S01005685,393,130,263
S01005686,335,120,215
S01005687,317,111,206
S01005688,445,175,270
S01005689,315,140,175
S01005690,416,125,291
S01005691,349,147,202
S01005692,357,129,228
S01005693,434,239,195
S01005694,298,53,245
S01005695,308,100,208
S01005696,327,118,209
S01005697,316,56,260
S01005698,327,140,187
S01005699,390,161,229
S01005700,323,146,177
S01005701,334,79,255
S01005702,330,80,250
S01005703,382,191,191
S01005704,309,83,226
S01005705,293,113,180
S01005706,413,227,186
S01005707,279,83,196
S01005708,358,97,261
S01005709,427,83,344
S01005710,241,96,145
S01005711,476,275,201
S01005712,307,75,232
S01005713,315,170,145
S01005714,438,162,276
S01005715,432,149,283
S01005716,314,192,122
S01005717,320,124,196
S01005718,407,181,226
S01005719,276,144,132
S01005720,381,237,144
S01005721,365,83,282
S01005722,312,157,155
S01005723,352,153,199
S01005724,402,239,163
S01005725,353,131,222
S01005726,505,193,312
S01005727,331,116,215
S01005728,437,106,331
S01005729,313,63,250
S01005730,373,101,272
S01005731,281,72,209
S01005732,422,87,335
S01005733,431,213,218
S01005734,367,197,170
S01005735,479,168,311
S01005736,386,164,222
S01005737,390,118,272
S01005738,403,107,296
S01005739,458,174,284
S01005740,440,182,258
S01005741,537,204,333
S01005742,358,158,200
S01005743,394,220,174
S01005744,419,68,351
S01005745,470,119,351
S01005746,476,224,252
S01005747,507,218,289
S01005748,215,35,180
S01005749,505,229,276
S01005750,428,127,301
S01005751,424,176,248
S01005752,378,53,325
S01005753,384,128,256
S01005754,481,235,246
S01005755,357,74,283
S01005756,401,63,338
S01005757,255,34,221
S01005758,415,124,291
S01005759,389,84,305
S01005760,348,139,209
S01005761,358,199,159
S01005762,384,60,324
S01005763,468,205,263
S01005764,284,64,220
S01005765,413,108,305
S01005766,360,163,197
S01005767,446,197,249
S01005768,422,150,272
S01005769,388,84,304
S01005770,267,89,178
S01005771,471,207,264
S01005772,414,160,254
S01005773,527,255,272
S01005774,366,95,271
S01005775,426,87,339
S01005776,415,143,272
S01005777,312,109,203
S01005778,345,95,250
S01005779,416,185,231
S01005780,407,245,162
S01005781,456,142,314
S01005782,370,82,288
S01005783,293,113,180
S01005784,317,167,150
S01005785,488,234,254
S01005786,348,82,266
S01005787,475,165,310
S01005788,228,54,174
S01005789,521,207,314
S01005790,364,97,267
S01005791,306,97,209
S01005792,442,106,336
S01005793,353,92,261
S01005794,568,230,338
S01005795,442,108,334
S01005796,273,114,159
S01005797,509,267,242
S01005798,350,76,274
S01005799,443,91,352
S01005800,372,104,268
S01005801,376,101,275
S01005802,383,147,236
S01005803,358,88,270
S01005804,348,80,268
S01005805,358,165,193
S01005806,317,54,263
S01005807,495,111,384
S01005808,447,106,341
S01005809,327,80,247
S01005810,276,77,199
S01005811,343,83,260
S01005812,396,165,231
S01005813,482,120,362
S01005814,339,47,292
S01005815,507,113,394
S01005816,397,80,317
S01005817,339,170,169
S01005818,454,222,232
S01005819,348,84,264
S01005820,390,102,288
S01005821,262,71,191
S01005822,514,136,378
S01005823,353,148,205
S01005824,438,213,225
S01005825,368,95,273
S01005826,609,324,285
S01005827,496,236,260
S01005828,395,119,276
S01005829,429,205,224
S01005830,524,148,376
S01005831,524,202,322
S01005832,385,98,287
S01005833,411,130,281
S01005834,297,87,210
S01005835,445,211,234
S01005836,426,208,218
S01005837,316,124,192
S01005838,387,85,302
S01005839,462,139,323
S01005840,417,145,272
S01005841,342,101,241
S01005842,303,112,191
S01005843,340,126,214
S01005844,432,156,276
S01005845,302,157,145
S01005846,454,142,312
S01005847,357,116,241
S01005848,347,79,268
S01005849,381,134,247
S01005850,333,67,266
S01005851,362,112,250
S01005852,344,123,221
S01005853,480,166,314
S01005854,392,66,326
S01005855,428,106,322
S01005856,373,84,289
S01005857,343,110,233
S01005858,460,99,361
S01005859,470,171,299
S01005860,400,101,299
S01005861,372,210,162
S01005862,470,159,311
S01005863,471,190,281
S01005864,424,142,282
S01005865,341,63,278
S01005866,401,147,254
S01005867,584,216,368
S01005868,418,194,224
S01005869,316,58,258
S01005870,350,104,246
S01005871,387,172,215
S01005872,404,156,248
S01005873,503,154,349
S01005874,359,56,303
S01005875,472,166,306
S01005876,496,252,244
S01005877,396,132,264
S01005878,453,216,237
S01005879,372,121,251
S01005880,342,63,279
S01005881,378,95,283
S01005882,323,190,133
S01005883,263,77,186
S01005884,415,198,217
S01005885,357,188,169
S01005886,462,225,237
S01005887,248,76,172
S01005888,305,75,230
S01005889,349,154,195
S01005890,478,228,250
S01005891,292,65,227
S01005892,319,85,234
S01005893,412,117,295
S01005894,317,135,182
S01005895,391,230,161
S01005896,367,157,210
S01005897,370,134,236
S01005898,401,164,237
S01005899,358,143,215
S01005900,349,198,151
S01005901,465,216,249
S01005902,474,283,191
S01005903,480,150,330
S01005904,416,142,274
S01005905,427,156,271
S01005906,457,147,310
S01005907,399,138,261
S01005908,450,210,240
S01005909,281,132,149
S01005910,431,253,178
S01005911,527,202,325
S01005912,409,124,285
S01005913,373,46,327
S01005914,412,178,234
S01005915,331,92,239
S01005916,442,290,152
S01005917,404,72,332
S01005918,445,145,300
S01005919,326,198,128
S01005920,455,145,310
S01005921,340,130,210
S01005922,561,238,323
S01005923,468,151,317
S01005924,371,210,161
S01005925,472,252,220
S01005926,369,187,182
S01005927,433,222,211
S01005928,386,85,301
S01005929,302,73,229
S01005930,326,123,203
S01005931,464,153,311
S01005932,305,45,260
S01005933,467,236,231
S01005934,353,82,271
S01005935,332,114,218
S01005936,376,82,294
S01005937,367,237,130
S01005938,307,64,243
S01005939,316,50,266
S01005940,352,173,179
S01005941,296,193,103
S01005942,416,108,308
S01005943,496,139,357
S01005944,460,182,278
S01005945,471,116,355
S01005946,463,119,344
S01005947,327,55,272
S01005948,348,82,266
S01005949,328,97,231
S01005950,293,63,230
S01005951,348,77,271
S01005952,413,161,252
S01005953,477,134,343
S01005954,244,34,210
S01005955,333,179,154
S01005956,451,95,356
S01005957,389,75,314
S01005958,293,70,223
S01005959,195,46,149
S01005960,227,63,164
S01005961,403,100,303
S01005962,242,51,191
S01005963,270,64,206
S01005964,353,65,288
S01005965,340,74,266
S01005966,376,61,315
S01005967,371,77,294
S01005968,376,173,203
S01005969,425,112,313
S01005970,414,109,305
S01005971,264,51,213
S01005972,367,107,260
S01005973,405,131,274
S01005974,360,88,272
S01005975,347,63,284
S01005976,428,265,163
S01005977,392,118,274
S01005978,366,212,154
S01005979,464,116,348
S01005980,418,153,265
S01005981,295,114,181
S01005982,311,76,235
S01005983,616,220,396
S01005984,391,248,143
S01005985,370,107,263
S01005986,412,261,151
S01005987,253,41,212
S01005988,233,48,185
S01005989,462,247,215
S01005990,425,59,366
S01005991,344,90,254
S01005992,261,52,209
S01005993,515,181,334
S01005994,423,94,329
S01005995,265,47,218
S01005996,491,212,279
S01005997,321,67,254
S01005998,310,55,255
S01005999,525,200,325
S01006000,338,61,277
S01006001,418,176,242
S01006002,192,88,104
S01006003,309,78,231
S01006004,409,186,223
S01006005,295,79,216
S01006006,431,224,207
S01006007,251,51,200
S01006008,328,55,273
S01006009,363,121,242
S01006010,531,285,246
S01006011,359,93,266
S01006012,401,70,331
S01006013,285,195,90
S01006014,308,90,218
S01006015,388,203,185
S01006016,570,262,308
S01006017,326,57,269
S01006018,498,219,279
S01006019,441,139,302
S01006020,429,261,168
S01006021,449,211,238
S01006022,234,59,175
S01006023,406,264,142
S01006024,350,64,286
S01006025,397,139,258
S01006026,365,72,293
S01006027,344,194,150
S01006028,392,193,199
S01006029,389,207,182
S01006030,484,260,224
S01006031,404,147,257
S01006032,440,134,306
S01006033,396,98,298
S01006034,347,75,272
S01006035,502,150,352
S01006036,513,222,291
S01006037,526,191,335
S01006038,327,160,167
S01006039,424,163,261
S01006040,339,44,295
S01006041,377,97,280
S01006042,398,120,278
S01006043,323,123,200
S01006044,405,166,239
S01006045,391,148,243
S01006046,440,133,307
S01006047,324,68,256
S01006048,459,246,213
S01006049,352,125,227
S01006050,446,131,315
S01006051,570,154,416
S01006052,456,218,238
S01006053,468,187,281
S01006054,398,156,242
S01006055,373,178,195
S01006056,520,321,199
S01006057,247,69,178
S01006058,308,43,265
S01006059,309,91,218
S01006060,289,81,208
S01006061,243,58,185
S01006062,315,78,237
S01006063,210,29,181
S01006064,332,83,249
S01006065,375,81,294
S01006066,464,138,326
S01006067,517,295,222
S01006068,255,112,143
S01006069,438,293,145
S01006070,346,220,126
S01006071,511,350,161
S01006072,327,150,177
S01006073,242,128,114
S01006074,375,183,192
S01006075,461,82,379
S01006076,460,82,378
S01006077,421,105,316
S01006078,560,233,327
S01006079,422,105,317
S01006080,432,153,279
S01006081,381,199,182
S01006082,434,52,382
S01006083,419,197,222
S01006084,473,104,369
S01006085,458,178,280
S01006086,399,109,290
S01006087,401,112,289
S01006088,473,183,290
S01006089,380,120,260
S01006090,402,51,351
S01006091,326,163,163
S01006092,335,72,263
S01006093,306,72,234
S01006094,422,119,303
S01006095,515,235,280
S01006096,314,79,235
S01006097,419,85,334
S01006098,351,96,255
S01006099,370,177,193
S01006100,282,38,244
S01006101,361,125,236
S01006102,336,64,272
S01006103,496,211,285
S01006104,411,136,275
S01006105,345,101,244
S01006106,350,80,270
S01006107,355,53,302
S01006108,496,71,425
S01006109,386,190,196
S01006110,340,42,298
S01006111,425,105,320
S01006112,498,199,299
S01006113,444,250,194
S01006114,322,68,254
S01006115,375,251,124
S01006116,527,345,182
S01006117,435,154,281
S01006118,302,133,169
S01006119,502,346,156
S01006120,439,192,247
S01006121,306,118,188
S01006122,468,251,217
S01006123,334,113,221
S01006124,277,131,146
S01006125,301,175,126
S01006126,360,173,187
S01006127,372,220,152
S01006128,328,145,183
S01006129,394,150,244
S01006130,239,22,217
S01006131,497,271,226
S01006132,332,47,285
S01006133,309,185,124
S01006134,264,106,158
S01006135,193,37,156
S01006136,333,60,273
S01006137,166,37,129
S01006138,357,162,195
S01006139,196,32,164
S01006140,377,200,177
S01006141,407,72,335
S01006142,402,177,225
S01006143,279,141,138
S01006144,547,263,284
S01006145,348,156,192
S01006146,441,308,133
S01006147,415,250,165
S01006148,426,179,247
S01006149,555,227,328
S01006150,487,222,265
S01006151,30,19,11
S01006152,387,269,118
S01006153,347,165,182
S01006154,452,289,163
S01006155,480,186,294
S01006156,307,120,187
S01006157,393,186,207
S01006158,443,302,141
S01006159,423,262,161
S01006160,418,284,134
S01006161,422,252,170
S01006162,345,180,165
S01006163,602,231,371
S01006164,329,132,197
S01006165,330,166,164
S01006166,496,300,196
S01006167,505,299,206
S01006168,404,131,273
S01006169,379,179,200
S01006170,501,227,274
S01006171,481,145,336
S01006172,271,76,195
S01006173,369,142,227
S01006174,381,92,289
S01006175,443,147,296
S01006176,335,79,256
S01006177,269,60,209
S01006178,438,124,314
S01006179,384,100,284
S01006180,421,106,315
S01006181,315,59,256
S01006182,356,110,246
S01006183,308,62,246
S01006184,364,76,288
S01006185,490,97,393
S01006186,406,108,298
S01006187,387,57,330
S01006188,394,74,320
S01006189,334,60,274
S01006190,403,132,271
S01006191,254,40,214
S01006192,344,73,271
S01006193,223,56,167
S01006194,389,61,328
S01006195,239,47,192
S01006196,465,129,336
S01006197,385,83,302
S01006198,217,44,173
S01006199,291,90,201
S01006200,432,150,282
S01006201,465,83,382
S01006202,338,74,264
S01006203,283,75,208
S01006204,432,105,327
S01006205,345,125,220
S01006206,423,133,290
S01006207,353,96,257
S01006208,309,85,224
S01006209,455,160,295
S01006210,399,129,270
S01006211,243,46,197
S01006212,497,240,257
S01006213,410,140,270
S01006214,401,103,298
S01006215,411,92,319
S01006216,420,158,262
S01006217,468,123,345
S01006218,319,130,189
S01006219,488,175,313
S01006220,492,218,274
S01006221,389,90,299
S01006222,483,119,364
S01006223,461,177,284
S01006224,371,134,237
S01006225,332,63,269
S01006226,446,168,278
S01006227,343,105,238
S01006228,510,170,340
S01006229,466,99,367
S01006230,368,47,321
S01006231,396,65,331
S01006232,439,202,237
S01006233,356,126,230
S01006234,332,107,225
S01006235,392,126,266
S01006236,388,110,278
S01006237,404,159,245
S01006238,466,199,267
S01006239,304,128,176
S01006240,340,77,263
S01006241,476,157,319
S01006242,310,64,246
S01006243,351,141,210
S01006244,289,79,210
S01006245,304,86,218
S01006246,340,148,192
S01006247,487,181,306
S01006248,483,211,272
S01006249,490,187,303
S01006250,363,85,278
S01006251,318,146,172
S01006252,326,147,179
S01006253,313,53,260
S01006254,451,153,298
S01006255,484,160,324
S01006256,327,63,264
S01006257,347,111,236
S01006258,351,79,272
S01006259,354,54,300
S01006260,312,57,255
S01006261,401,70,331
S01006262,350,121,229
S01006263,425,116,309
S01006264,578,237,341
S01006265,523,165,358
S01006266,343,93,250
S01006267,361,69,292
S01006268,421,81,340
S01006269,328,48,280
S01006270,530,165,365
S01006271,355,68,287
S01006272,367,103,264
S01006273,349,55,294
S01006274,328,67,261
S01006275,442,139,303
S01006276,437,125,312
S01006277,441,166,275
S01006278,323,87,236
S01006279,458,95,363
S01006280,331,85,246
S01006281,399,83,316
S01006282,369,102,267
S01006283,332,68,264
S01006284,409,94,315
S01006285,427,163,264
S01006286,517,143,374
S01006287,327,111,216
S01006288,326,58,268
S01006289,508,189,319
S01006290,390,59,331
S01006291,208,28,180
S01006292,487,193,294
S01006293,557,253,304
S01006294,372,149,223
S01006295,355,111,244
S01006296,601,257,344
S01006297,400,91,309
S01006298,489,132,357
S01006299,402,77,325
S01006300,367,50,317
S01006301,296,34,262
S01006302,513,120,393
S01006303,396,94,302
S01006304,359,49,310
S01006305,405,95,310
S01006306,414,116,298
S01006307,390,126,264
S01006308,333,48,285
S01006309,621,244,377
S01006310,468,207,261
S01006311,437,109,328
S01006312,369,80,289
S01006313,545,111,434
S01006314,380,228,152
S01006315,438,67,371
S01006316,584,136,448
S01006317,503,128,375
S01006318,401,52,349
S01006319,488,85,403
S01006320,464,46,418
S01006321,421,241,180
S01006322,383,256,127
S01006323,565,201,364
S01006324,361,221,140
S01006325,334,80,254
S01006326,401,72,329
S01006327,320,44,276
S01006328,301,48,253
S01006329,598,223,375
S01006330,366,91,275
S01006331,414,147,267
S01006332,348,68,280
S01006333,460,79,381
S01006334,438,81,357
S01006335,482,120,362
S01006336,468,280,188
S01006337,461,256,205
S01006338,576,272,304
S01006339,460,111,349
S01006340,445,130,315
S01006341,478,208,270
S01006342,378,58,320
S01006343,394,74,320
S01006344,444,106,338
S01006345,336,66,270
S01006346,360,108,252
S01006347,418,178,240
S01006348,371,112,259
S01006349,243,40,203
S01006350,371,44,327
S01006351,504,156,348
S01006352,394,84,310
S01006353,322,114,208
S01006354,547,145,402
S01006355,399,74,325
S01006356,465,204,261
S01006357,466,232,234
S01006358,368,59,309
S01006359,507,110,397
S01006360,435,179,256
S01006361,484,120,364
S01006362,505,177,328
S01006363,476,177,299
S01006364,383,116,267
S01006365,635,316,319
S01006366,474,214,260
S01006367,466,148,318
S01006368,501,293,208
S01006369,445,103,342
S01006370,603,200,403
S01006371,381,208,173
S01006372,408,87,321
S01006373,519,240,279
S01006374,386,82,304
S01006375,394,110,284
S01006376,470,199,271
S01006377,364,62,302
S01006378,328,181,147
S01006379,334,90,244
S01006380,328,75,253
S01006381,291,119,172
S01006382,399,82,317
S01006383,320,113,207
S01006384,450,156,294
S01006385,517,107,410
S01006386,504,123,381
S01006387,457,118,339
S01006388,596,157,439
S01006389,377,80,297
S01006390,377,86,291
S01006391,570,328,242
S01006392,443,90,353
S01006393,373,53,320
S01006394,429,92,337
S01006395,490,159,331
S01006396,315,62,253
S01006397,393,174,219
S01006398,472,158,314
S01006399,416,87,329
S01006400,548,210,338
S01006401,457,111,346
S01006402,343,46,297
S01006403,376,91,285
S01006404,462,106,356
S01006405,478,168,310
S01006406,219,47,172
S01006407,485,245,240
S01006408,559,123,436
S01006409,373,181,192
S01006410,344,54,290
S01006411,438,166,272
S01006412,397,70,327
S01006413,302,64,238
S01006414,328,97,231
S01006415,473,180,293
S01006416,292,101,191
S01006417,419,111,308
S01006418,341,50,291
S01006419,290,51,239
S01006420,468,67,401
S01006421,282,132,150
S01006422,332,65,267
S01006423,397,203,194
S01006424,295,56,239
S01006425,355,68,287
S01006426,325,106,219
S01006427,398,102,296
S01006428,491,121,370
S01006429,333,56,277
S01006430,445,165,280
S01006431,339,169,170
S01006432,388,97,291
S01006433,407,88,319
S01006434,513,107,406
S01006435,286,115,171
S01006436,421,121,300
S01006437,561,137,424
S01006438,287,60,227
S01006439,401,130,271
S01006440,426,69,357
S01006441,373,83,290
S01006442,412,94,318
S01006443,292,41,251
S01006444,375,112,263
S01006445,468,131,337
S01006446,549,202,347
S01006447,282,48,234
S01006448,571,242,329
S01006449,336,158,178
S01006450,324,48,276
S01006451,391,79,312
S01006452,311,73,238
S01006453,411,103,308
S01006454,370,219,151
S01006455,315,64,251
S01006456,469,181,288
S01006457,341,89,252
S01006458,533,258,275
S01006459,418,221,197
S01006460,294,90,204
S01006461,451,171,280
S01006462,460,173,287
S01006463,373,121,252
S01006464,448,153,295
S01006465,475,149,326
S01006466,459,189,270
S01006467,490,183,307
S01006468,647,264,383
S01006469,389,137,252
S01006470,408,106,302
S01006471,420,83,337
S01006472,308,81,227
S01006473,440,208,232
S01006474,468,107,361
S01006475,445,81,364
S01006476,419,135,284
S01006477,415,72,343
S01006478,474,128,346
S01006479,372,83,289
S01006480,561,223,338
S01006481,329,102,227
S01006482,479,137,342
S01006483,465,62,403
S01006484,440,129,311
S01006485,392,232,160
S01006486,467,341,126
S01006487,389,51,338
S01006488,389,163,226
S01006489,410,112,298
S01006490,425,306,119
S01006491,492,303,189
S01006492,333,104,229
S01006493,328,131,197
S01006494,327,216,111
S01006495,494,238,256
S01006496,452,208,244
S01006497,308,121,187
S01006498,545,315,230
S01006499,495,298,197
S01006500,408,125,283
S01006501,534,353,181
S01006502,417,227,190
S01006503,427,223,204
S01006504,445,259,186
S01006505,436,312,124
