dz_2001,total,higher,lower
S01000001,620,291,329
S01000002,457,214,243
S01000003,602,210,392
S01000004,447,166,281
S01000005,497,219,278
S01000006,403,152,251
S01000007,485,242,243
S01000008,395,119,276
S01000009,490,143,347
S01000010,421,148,273
S01000011,605,388,217
S01000012,1017,413,604
S01000013,569,178,391
S01000014,643,199,444
S01000015,511,192,319
S01000016,359,214,145
S01000017,651,192,459
S01000018,389,111,278
S01000019,378,204,174
S01000020,490,273,217
S01000021,610,194,416
S01000022,412,257,155
S01000023,471,290,181
S01000024,300,163,137
S01000025,540,299,241
S01000026,550,109,441
S01000027,505,301,204
S01000028,585,130,455
S01000029,426,300,126
S01000030,293,56,237
S01000031,594,388,206
S01000032,709,127,582
S01000033,489,103,386
S01000034,809,554,255
S01000035,576,152,424
S01000036,402,85,317
S01000037,530,131,399
S01000038,475,105,370
S01000039,512,144,368
S01000040,631,136,495
S01000041,548,208,340
S01000042,484,119,365
S01000043,540,198,342
S01000044,552,119,433
S01000045,378,210,168
S01000046,500,269,231
S01000047,536,190,346
S01000048,652,375,277
S01000049,474,294,180
S01000050,448,242,206
S01000051,491,266,225
S01000052,406,42,364
S01000053,707,352,355
S01000054,483,265,218
S01000055,474,79,395
S01000056,641,369,272
S01000057,415,53,362
S01000058,482,307,175
S01000059,702,428,274
S01000060,367,52,315
S01000061,650,395,255
S01000062,753,424,329
S01000063,609,387,222
S01000064,461,112,349
S01000065,733,365,368
S01000066,736,162,574
S01000067,692,387,305
S01000068,523,330,193
S01000069,489,72,417
S01000070,432,78,354
S01000071,527,95,432
S01000072,578,266,312
S01000073,420,257,163
S01000074,514,51,463
S01000075,384,170,214
S01000076,462,275,187
S01000077,631,375,256
S01000078,815,199,616
S01000079,1088,643,445
S01000080,767,437,330
S01000081,604,376,228
S01000082,647,134,513
S01000083,518,335,183
S01000084,682,168,514
S01000085,399,207,192
S01000086,528,300,228
S01000087,740,473,267
S01000088,721,406,315
S01000089,590,337,253
S01000090,565,331,234
S01000091,779,415,364
S01000092,669,356,313
S01000093,538,256,282
S01000094,465,256,209
S01000095,538,331,207
S01000096,447,133,314
S01000097,655,456,199
S01000098,882,393,489
S01000099,556,313,243
S01000100,621,303,318
S01000101,612,402,210
S01000102,529,166,363
S01000103,413,250,163
S01000104,579,386,193
S01000105,631,348,283
S01000106,460,328,132
S01000107,778,322,456
S01000108,494,178,316
S01000109,678,280,398
S01000110,512,208,304
S01000111,521,336,185
S01000112,652,296,356
S01000113,378,276,102
S01000114,562,179,383
S01000115,508,126,382
S01000116,692,430,262
S01000117,618,411,207
S01000118,480,186,294
S01000119,529,226,303
S01000120,390,219,171
S01000121,465,236,229
S01000122,467,107,360
S01000123,454,206,248
S01000124,622,279,343
S01000125,409,120,289
S01000126,558,179,379
S01000127,500,320,180
S01000128,708,250,458
S01000129,310,135,175
S01000130,990,444,546
S01000131,462,300,162
S01000132,542,311,231
S01000133,553,96,457
S01000134,454,77,377
S01000135,444,117,327
S01000136,422,82,340
S01000137,625,281,344
S01000138,458,194,264
S01000139,512,119,393
S01000140,601,132,469
S01000141,535,311,224
S01000142,432,85,347
S01000143,394,237,157
S01000144,391,187,204
S01000145,555,127,428
S01000146,1000,365,635
S01000147,651,267,384
S01000148,385,64,321
S01000149,678,276,402
S01000150,401,94,307
S01000151,517,86,431
S01000152,845,452,393
S01000153,555,219,336
S01000154,353,84,269
S01000155,501,78,423
S01000156,527,154,373
S01000157,434,106,328
S01000158,607,136,471
S01000159,627,330,297
S01000160,520,79,441
S01000161,458,215,243
S01000162,560,196,364
S01000163,701,121,580
S01000164,369,129,240
S01000165,589,168,421
S01000166,501,224,277
S01000167,453,88,365
S01000168,634,104,530
S01000169,489,126,363
S01000170,572,259,313
S01000171,708,375,333
S01000172,316,107,209
S01000173,490,111,379
S01000174,566,322,244
S01000175,339,126,213
S01000176,316,162,154
S01000177,344,169,175
S01000178,513,93,420
S01000179,533,85,448
S01000180,449,103,346
S01000181,423,85,338
S01000182,617,134,483
S01000183,566,146,420
S01000184,484,226,258
S01000185,540,113,427
S01000186,605,197,408
S01000187,407,63,344
S01000188,483,148,335
S01000189,342,58,284
S01000190,569,114,455
S01000191,784,405,379
S01000192,423,110,313
S01000193,477,75,402
S01000194,511,117,394
S01000195,454,86,368
S01000196,546,71,475
S01000197,404,80,324
S01000198,506,80,426
S01000199,500,94,406
S01000200,568,153,415
S01000201,425,107,318
S01000202,640,222,418
S01000203,415,57,358
S01000204,419,70,349
S01000205,512,158,354
S01000206,494,110,384
S01000207,556,97,459
S01000208,560,75,485
S01000209,765,106,659
S01000210,496,93,403
S01000211,469,84,385
S01000212,472,106,366
S01000213,506,138,368
S01000214,308,72,236
S01000215,687,354,333
S01000216,498,163,335
S01000217,516,68,448
S01000218,474,104,370
S01000219,539,66,473
S01000220,426,118,308
S01000221,526,159,367
S01000222,511,142,369
S01000223,474,179,295
S01000224,530,120,410
S01000225,415,136,279
S01000226,456,200,256
S01000227,913,451,462
S01000228,639,212,427
S01000229,556,131,425
S01000230,463,143,320
S01000231,539,229,310
S01000232,382,78,304
S01000233,332,79,253
S01000234,550,198,352
S01000235,562,229,333
S01000236,466,161,305
S01000237,575,229,346
S01000238,361,147,214
S01000239,487,160,327
S01000240,485,147,338
S01000241,434,198,236
S01000242,538,216,322
S01000243,495,183,312
S01000244,856,270,586
S01000245,684,221,463
S01000246,493,157,336
S01000247,509,172,337
S01000248,572,218,354
S01000249,480,161,319
S01000250,540,189,351
S01000251,320,135,185
S01000252,604,237,367
S01000253,481,186,295
S01000254,587,264,323
S01000255,458,176,282
S01000256,540,206,334
S01000257,668,241,427
S01000258,433,203,230
S01000259,439,187,252
S01000260,591,266,325
S01000261,693,274,419
S01000262,650,251,399
S01000263,530,225,305
S01000264,666,176,490
S01000265,491,124,367
S01000266,820,307,513
S01000267,482,126,356
S01000268,537,163,374
S01000269,435,194,241
S01000270,737,269,468
S01000271,601,223,378
S01000272,742,256,486
S01000273,439,145,294
S01000274,461,128,333
S01000275,967,339,628
S01000276,520,264,256
S01000277,492,172,320
S01000278,375,95,280
S01000279,625,235,390
S01000280,526,197,329
S01000281,456,144,312
S01000282,535,208,327
S01000283,728,308,420
S01000284,827,422,405
S01000285,509,207,302
S01000286,658,245,413
S01000287,487,236,251
S01000288,596,198,398
S01000289,616,209,407
S01000290,529,110,419
S01000291,607,265,342
S01000292,698,354,344
S01000293,539,219,320
S01000294,444,184,260
S01000295,391,181,210
S01000296,646,343,303
S01000297,499,161,338
S01000298,730,370,360
S01000299,628,328,300
S01000300,529,227,302
S01000301,405,112,293
S01000302,422,155,267
S01000303,423,145,278
S01000304,549,275,274
S01000305,731,267,464
S01000306,535,267,268
S01000307,645,284,361
S01000308,880,410,470
S01000309,810,353,457
S01000310,670,268,402
S01000311,660,306,354
S01000312,369,111,258
S01000313,468,173,295
S01000314,403,119,284
S01000315,441,255,186
S01000316,574,176,398
S01000317,363,100,263
S01000318,376,213,163
S01000319,456,180,276
S01000320,519,173,346
S01000321,433,176,257
S01000322,662,353,309
S01000323,576,215,361
S01000324,581,196,385
S01000325,833,363,470
S01000326,534,143,391
S01000327,591,235,356
S01000328,381,119,262
S01000329,580,213,367
S01000330,844,428,416
S01000331,415,149,266
S01000332,479,220,259
S01000333,645,354,291
S01000334,574,185,389
S01000335,542,237,305
S01000336,948,404,544
S01000337,519,245,274
S01000338,348,124,224
S01000339,750,367,383
S01000340,756,308,448
S01000341,661,252,409
S01000342,299,81,218
S01000343,406,171,235
S01000344,643,225,418
S01000345,410,169,241
S01000346,445,208,237
S01000347,996,525,471
S01000348,515,232,283
S01000349,355,140,215
S01000350,707,325,382
S01000351,664,330,334
S01000352,489,233,256
S01000353,376,187,189
S01000354,1021,489,532
S01000355,442,215,227
S01000356,453,214,239
S01000357,424,201,223
S01000358,640,354,286
S01000359,554,336,218
S01000360,362,117,245
S01000361,454,207,247
S01000362,688,299,389
S01000363,826,382,444
S01000364,652,274,378
S01000365,1410,657,753
S01000366,1375,661,714
S01000367,616,255,361
S01000368,844,359,485
S01000369,689,251,438
S01000370,1012,494,518
S01000371,597,216,381
S01000372,638,272,366
S01000373,458,201,257
S01000374,424,131,293
S01000375,427,116,311
S01000376,564,137,427
S01000377,609,301,308
S01000378,353,100,253
S01000379,451,236,215
S01000380,683,320,363
S01000381,1038,489,549
S01000382,536,260,276
S01000383,816,345,471
S01000384,492,153,339
S01000385,422,152,270
S01000386,849,351,498
S01000387,616,263,353
S01000388,714,318,396
S01000389,564,252,312
S01000390,536,145,391
S01000391,451,154,297
S01000392,572,288,284
S01000393,606,217,389
S01000394,459,151,308
S01000395,544,222,322
S01000396,542,120,422
S01000397,663,240,423
S01000398,1640,808,832
S01000399,443,132,311
S01000400,574,171,403
S01000401,633,266,367
S01000402,524,181,343
S01000403,558,190,368
S01000404,532,190,342
S01000405,371,146,225
S01000406,389,100,289
S01000407,427,121,306
S01000408,429,192,237
S01000409,426,144,282
S01000410,515,224,291
S01000411,502,236,266
S01000412,574,231,343
S01000413,626,280,346
S01000414,502,254,248
S01000415,650,225,425
S01000416,594,213,381
S01000417,699,231,468
S01000418,509,165,344
S01000419,988,472,516
S01000420,867,363,504
S01000421,527,242,285
S01000422,615,242,373
S01000423,715,325,390
S01000424,513,222,291
S01000425,566,232,334
S01000426,567,239,328
S01000427,580,201,379
S01000428,480,203,277
S01000429,630,236,394
S01000430,360,152,208
S01000431,435,154,281
S01000432,618,269,349
S01000433,346,94,252
S01000434,393,113,280
S01000435,376,102,274
S01000436,445,169,276
S01000437,642,219,423
S01000438,404,178,226
S01000439,579,218,361
S01000440,776,313,463
S01000441,634,177,457
S01000442,587,249,338
S01000443,444,181,263
S01000444,1629,785,844
S01000445,865,350,515
S01000446,698,263,435
S01000447,515,154,361
S01000448,597,218,379
S01000449,505,175,330
S01000450,425,136,289
S01000451,607,248,359
S01000452,438,170,268
S01000453,410,107,303
S01000454,289,85,204
S01000455,602,181,421
S01000456,747,223,524
S01000457,496,171,325
S01000458,665,274,391
S01000459,709,189,520
S01000460,441,65,376
S01000461,548,100,448
S01000462,655,159,496
S01000463,462,109,353
S01000464,582,161,421
S01000465,497,187,310
S01000466,637,200,437
S01000467,450,99,351
S01000468,380,125,255
S01000469,457,129,328
S01000470,768,208,560
S01000471,570,210,360
S01000472,540,109,431
S01000473,480,103,377
S01000474,444,118,326
S01000475,488,85,403
S01000476,470,148,322
S01000477,484,107,377
S01000478,491,105,386
S01000479,576,114,462
S01000480,448,123,325
S01000481,1409,417,992
S01000482,580,79,501
S01000483,666,153,513
S01000484,571,138,433
S01000485,702,201,501
S01000486,729,106,623
S01000487,403,108,295
S01000488,413,78,335
S01000489,608,80,528
S01000490,391,99,292
S01000491,351,39,312
S01000492,625,110,515
S01000493,431,113,318
S01000494,369,74,295
S01000495,632,176,456
S01000496,381,127,254
S01000497,526,145,381
S01000498,356,109,247
S01000499,653,190,463
S01000500,397,68,329
S01000501,377,80,297
S01000502,433,137,296
S01000503,350,111,239
S01000504,506,135,371
S01000505,513,163,350
S01000506,684,219,465
S01000507,652,115,537
S01000508,661,146,515
S01000509,693,157,536
S01000510,458,95,363
S01000511,407,98,309
S01000512,648,170,478
S01000513,593,135,458
S01000514,632,180,452
S01000515,381,132,249
S01000516,604,171,433
S01000517,460,109,351
S01000518,634,146,488
S01000519,374,109,265
S01000520,794,192,602
S01000521,653,136,517
S01000522,482,139,343
S01000523,552,101,451
S01000524,501,134,367
S01000525,703,184,519
S01000526,722,224,498
S01000527,465,134,331
S01000528,624,187,437
S01000529,582,159,423
S01000530,353,85,268
S01000531,439,113,326
S01000532,486,138,348
S01000533,492,113,379
S01000534,511,78,433
S01000535,669,116,553
S01000536,327,76,251
S01000537,690,177,513
S01000538,491,106,385
S01000539,621,174,447
S01000540,485,118,367
S01000541,384,109,275
S01000542,422,80,342
S01000543,551,121,430
S01000544,460,112,348
S01000545,509,111,398
S01000546,563,118,445
S01000547,351,98,253
S01000548,704,181,523
S01000549,804,226,578
S01000550,331,110,221
S01000551,592,154,438
S01000552,393,101,292
S01000553,601,131,470
S01000554,454,66,388
S01000555,587,117,470
S01000556,555,89,466
S01000557,612,122,490
S01000558,367,134,233
S01000559,422,77,345
S01000560,768,121,647
S01000561,640,153,487
S01000562,551,84,467
S01000563,786,95,691
S01000564,563,58,505
S01000565,506,126,380
S01000566,548,92,456
S01000567,567,81,486
S01000568,357,70,287
S01000569,471,212,259
S01000570,576,244,332
S01000571,475,199,276
S01000572,485,217,268
S01000573,364,164,200
S01000574,456,212,244
S01000575,407,164,243
S01000576,397,144,253
S01000577,372,179,193
S01000578,427,184,243
S01000579,561,256,305
S01000580,635,387,248
S01000581,464,207,257
S01000582,431,120,311
S01000583,629,217,412
S01000584,558,149,409
S01000585,795,298,497
S01000586,496,151,345
S01000587,440,113,327
S01000588,371,145,226
S01000589,452,187,265
S01000590,526,242,284
S01000591,535,258,277
S01000592,593,215,378
S01000593,1034,409,625
S01000594,798,378,420
S01000595,490,200,290
S01000596,557,250,307
S01000597,686,294,392
S01000598,880,444,436
S01000599,773,355,418
S01000600,528,172,356
S01000601,824,370,454
S01000602,505,181,324
S01000603,714,317,397
S01000604,691,273,418
S01000605,507,216,291
S01000606,496,105,391
S01000607,483,203,280
S01000608,782,169,613
S01000609,665,127,538
S01000610,545,131,414
S01000611,392,89,303
S01000612,711,188,523
S01000613,714,256,458
S01000614,478,149,329
S01000615,455,107,348
S01000616,998,311,687
S01000617,403,124,279
S01000618,538,130,408
S01000619,448,136,312
S01000620,652,123,529
S01000621,714,187,527
S01000622,441,96,345
S01000623,484,81,403
S01000624,404,76,328
S01000625,347,53,294
S01000626,447,61,386
S01000627,599,134,465
S01000628,337,71,266
S01000629,521,177,344
S01000630,497,132,365
S01000631,388,71,317
S01000632,410,133,277
S01000633,368,128,240
S01000634,502,104,398
S01000635,435,100,335
S01000636,367,135,232
S01000637,469,175,294
S01000638,414,164,250
S01000639,453,161,292
S01000640,527,191,336
S01000641,550,204,346
S01000642,612,242,370
S01000643,472,175,297
S01000644,475,179,296
S01000645,695,264,431
S01000646,549,182,367
S01000647,528,118,410
S01000648,541,100,441
S01000649,412,157,255
S01000650,468,92,376
S01000651,532,161,371
S01000652,498,162,336
S01000653,612,142,470
S01000654,598,122,476
S01000655,478,89,389
S01000656,504,116,388
S01000657,493,118,375
S01000658,378,77,301
S01000659,860,289,571
S01000660,675,261,414
S01000661,565,180,385
S01000662,525,175,350
S01000663,519,128,391
S01000664,580,178,402
S01000665,468,129,339
S01000666,339,145,194
S01000667,677,211,466
S01000668,528,103,425
S01000669,528,159,369
S01000670,443,134,309
S01000671,362,151,211
S01000672,445,152,293
S01000673,489,206,283
S01000674,741,259,482
S01000675,460,198,262
S01000676,316,109,207
S01000677,577,127,450
S01000678,617,189,428
S01000679,499,108,391
S01000680,628,154,474
S01000681,629,149,480
S01000682,487,147,340
S01000683,382,120,262
S01000684,487,122,365
S01000685,582,199,383
S01000686,501,142,359
S01000687,536,106,430
S01000688,472,166,306
S01000689,433,143,290
S01000690,687,282,405
S01000691,551,129,422
S01000692,450,74,376
S01000693,590,100,490
S01000694,456,94,362
S01000695,535,148,387
S01000696,518,141,377
S01000697,603,238,365
S01000698,410,115,295
S01000699,373,97,276
S01000700,539,149,390
S01000701,661,267,394
S01000702,344,99,245
S01000703,506,140,366
S01000704,696,185,511
S01000705,734,286,448
S01000706,605,227,378
S01000707,446,180,266
S01000708,391,148,243
S01000709,642,266,376
S01000710,767,238,529
S01000711,338,95,243
S01000712,411,142,269
S01000713,509,95,414
S01000714,682,170,512
S01000715,423,87,336
S01000716,345,84,261
S01000717,561,89,472
S01000718,530,84,446
S01000719,410,154,256
S01000720,543,178,365
S01000721,459,133,326
S01000722,575,111,464
S01000723,326,97,229
S01000724,512,121,391
S01000725,454,163,291
S01000726,517,156,361
S01000727,364,59,305
S01000728,455,118,337
S01000729,321,62,259
S01000730,286,63,223
S01000731,342,60,282
S01000732,367,70,297
S01000733,455,100,355
S01000734,577,243,334
S01000735,293,89,204
S01000736,491,153,338
S01000737,320,112,208
S01000738,324,79,245
S01000739,508,138,370
S01000740,450,142,308
S01000741,536,203,333
S01000742,444,170,274
S01000743,558,191,367
S01000744,520,152,368
S01000745,457,132,325
S01000746,540,138,402
S01000747,378,89,289
S01000748,272,54,218
S01000749,307,64,243
S01000750,456,148,308
S01000751,463,219,244
S01000752,573,86,487
S01000753,394,126,268
S01000754,475,158,317
S01000755,524,144,380
S01000756,665,231,434
S01000757,520,189,331
S01000758,883,487,396
S01000759,623,166,457
S01000760,375,144,231
S01000761,430,175,255
S01000762,411,166,245
S01000763,514,230,284
S01000764,452,183,269
S01000765,479,239,240
S01000766,462,179,283
S01000767,389,97,292
S01000768,553,181,372
S01000769,558,162,396
S01000770,420,59,361
S01000771,625,305,320
S01000772,389,210,179
S01000773,549,226,323
S01000774,480,161,319
S01000775,414,225,189
S01000776,404,198,206
S01000777,178,60,118
S01000778,318,164,154
S01000779,506,231,275
S01000780,529,125,404
S01000781,540,321,219
S01000782,466,235,231
S01000783,321,143,178
S01000784,545,326,219
S01000785,507,204,303
S01000786,533,258,275
S01000787,389,140,249
S01000788,447,217,230
S01000789,511,172,339
S01000790,313,176,137
S01000791,406,113,293
S01000792,469,209,260
S01000793,440,174,266
S01000794,576,191,385
S01000795,646,254,392
S01000796,301,109,192
S01000797,292,80,212
S01000798,297,57,240
S01000799,1379,476,903
S01000800,692,273,419
S01000801,456,173,283
S01000802,511,210,301
S01000803,710,309,401
S01000804,682,227,455
S01000805,546,188,358
S01000806,561,200,361
S01000807,560,124,436
S01000808,548,207,341
S01000809,455,128,327
S01000810,511,170,341
S01000811,588,224,364
S01000812,817,239,578
S01000813,553,176,377
S01000814,495,88,407
S01000815,332,61,271
S01000816,414,120,294
S01000817,616,147,469
S01000818,682,260,422
S01000819,653,206,447
S01000820,411,131,280
S01000821,581,140,441
S01000822,361,91,270
S01000823,318,51,267
S01000824,513,192,321
S01000825,518,203,315
S01000826,419,90,329
S01000827,515,198,317
S01000828,612,213,399
S01000829,472,164,308
S01000830,607,180,427
S01000831,566,170,396
S01000832,671,198,473
S01000833,725,282,443
S01000834,650,166,484
S01000835,452,97,355
S01000836,444,60,384
S01000837,648,124,524
S01000838,428,107,321
S01000839,926,293,633
S01000840,420,45,375
S01000841,535,63,472
S01000842,621,212,409
S01000843,582,253,329
S01000844,551,151,400
S01000845,369,146,223
S01000846,417,63,354
S01000847,638,172,466
S01000848,435,155,280
S01000849,307,79,228
S01000850,411,94,317
S01000851,530,153,377
S01000852,504,105,399
S01000853,363,52,311
S01000854,537,110,427
S01000855,487,139,348
S01000856,352,68,284
S01000857,312,75,237
S01000858,633,218,415
S01000859,811,302,509
S01000860,533,78,455
S01000861,438,126,312
S01000862,347,111,236
S01000863,366,67,299
S01000864,771,288,483
S01000865,673,172,501
S01000866,560,98,462
S01000867,540,96,444
S01000868,421,44,377
S01000869,327,43,284
S01000870,510,72,438
S01000871,584,156,428
S01000872,549,184,365
S01000873,2156,658,1498
S01000874,333,54,279
S01000875,969,408,561
S01000876,478,144,334
S01000877,438,109,329
S01000878,398,156,242
S01000879,591,338,253
S01000880,562,241,321
S01000881,437,94,343
S01000882,595,158,437
S01000883,563,193,370
S01000884,388,141,247
S01000885,353,170,183
S01000886,427,110,317
S01000887,489,181,308
S01000888,413,118,295
S01000889,498,144,354
S01000890,521,130,391
S01000891,534,268,266
S01000892,342,216,126
S01000893,438,264,174
S01000894,357,137,220
S01000895,642,242,400
S01000896,352,187,165
S01000897,490,131,359
S01000898,361,112,249
S01000899,530,82,448
S01000900,439,123,316
S01000901,414,82,332
S01000902,652,178,474
S01000903,658,157,501
S01000904,509,114,395
S01000905,468,145,323
S01000906,358,83,275
S01000907,468,125,343
S01000908,486,113,373
S01000909,672,180,492
S01000910,570,107,463
S01000911,700,240,460
S01000912,448,110,338
S01000913,402,130,272
S01000914,439,185,254
S01000915,644,196,448
S01000916,685,158,527
S01000917,481,120,361
S01000918,384,109,275
S01000919,415,104,311
S01000920,399,110,289
S01000921,438,75,363
S01000922,585,127,458
S01000923,577,116,461
S01000924,575,105,470
S01000925,679,173,506
S01000926,617,115,502
S01000927,568,91,477
S01000928,636,149,487
S01000929,280,28,252
S01000930,277,26,251
S01000931,439,60,379
S01000932,669,171,498
S01000933,668,168,500
S01000934,596,91,505
S01000935,508,125,383
S01000936,550,108,442
S01000937,351,74,277
S01000938,509,88,421
S01000939,490,101,389
S01000940,584,174,410
S01000941,294,61,233
S01000942,655,140,515
S01000943,574,214,360
S01000944,526,159,367
S01000945,487,108,379
S01000946,512,119,393
S01000947,467,93,374
S01000948,591,147,444
S01000949,386,148,238
S01000950,544,157,387
S01000951,566,117,449
S01000952,555,155,400
S01000953,612,241,371
S01000954,724,207,517
S01000955,454,132,322
S01000956,572,73,499
S01000957,365,121,244
S01000958,528,72,456
S01000959,503,129,374
S01000960,372,99,273
S01000961,578,163,415
S01000962,452,106,346
S01000963,553,87,466
S01000964,671,210,461
S01000965,391,45,346
S01000966,685,101,584
S01000967,395,72,323
S01000968,731,244,487
S01000969,580,133,447
S01000970,517,81,436
S01000971,416,71,345
S01000972,660,166,494
S01000973,426,89,337
S01000974,835,268,567
S01000975,442,165,277
S01000976,360,110,250
S01000977,618,128,490
S01000978,548,143,405
S01000979,484,135,349
S01000980,482,106,376
S01000981,480,127,353
S01000982,516,194,322
S01000983,366,90,276
S01000984,405,129,276
S01000985,453,87,366
S01000986,390,95,295
S01000987,445,165,280
S01000988,383,122,261
S01000989,598,201,397
S01000990,551,209,342
S01000991,316,86,230
S01000992,726,240,486
S01000993,565,179,386
S01000994,734,145,589
S01000995,572,264,308
S01000996,728,325,403
S01000997,617,244,373
S01000998,464,99,365
S01000999,457,161,296
S01001000,417,133,284
S01001001,394,127,267
S01001002,469,173,296
S01001003,601,223,378
S01001004,415,198,217
S01001005,541,258,283
S01001006,503,181,322
S01001007,600,137,463
S01001008,519,196,323
S01001009,427,161,266
S01001010,605,136,469
S01001011,391,105,286
S01001012,522,200,322
S01001013,600,178,422
S01001014,588,136,452
S01001015,326,95,231
S01001016,580,151,429
S01001017,540,109,431
S01001018,527,135,392
S01001019,646,84,562
S01001020,324,68,256
S01001021,686,258,428
S01001022,560,209,351
S01001023,706,215,491
S01001024,1178,403,775
S01001025,832,303,529
S01001026,636,148,488
S01001027,591,164,427
S01001028,482,68,414
S01001029,453,60,393
S01001030,474,257,217
S01001031,619,100,519
S01001032,425,36,389
S01001033,402,53,349
S01001034,380,44,336
S01001035,315,39,276
S01001036,385,67,318
S01001037,538,79,459
S01001038,535,204,331
S01001039,378,156,222
S01001040,493,159,334
S01001041,488,185,303
S01001042,672,180,492
S01001043,473,119,354
S01001044,610,204,406
S01001045,451,113,338
S01001046,573,192,381
S01001047,550,192,358
S01001048,440,120,320
S01001049,410,55,355
S01001050,654,185,469
S01001051,367,59,308
S01001052,360,60,300
S01001053,506,164,342
S01001054,498,101,397
S01001055,530,145,385
S01001056,469,75,394
S01001057,420,107,313
S01001058,513,140,373
S01001059,408,83,325
S01001060,487,77,410
S01001061,510,93,417
S01001062,414,146,268
S01001063,595,187,408
S01001064,493,152,341
S01001065,515,125,390
S01001066,528,183,345
S01001067,580,159,421
S01001068,632,213,419
S01001069,621,205,416
S01001070,583,213,370
S01001071,467,131,336
S01001072,642,162,480
S01001073,785,235,550
S01001074,348,97,251
S01001075,592,131,461
S01001076,579,184,395
S01001077,585,174,411
S01001078,654,170,484
S01001079,367,126,241
S01001080,505,171,334
S01001081,428,140,288
S01001082,624,208,416
S01001083,544,113,431
S01001084,612,251,361
S01001085,507,72,435
S01001086,445,50,395
S01001087,339,48,291
S01001088,649,95,554
S01001089,605,131,474
S01001090,481,286,195
S01001091,271,159,112
S01001092,510,245,265
S01001093,322,171,151
S01001094,583,325,258
S01001095,213,107,106
S01001096,323,155,168
S01001097,394,234,160
S01001098,425,281,144
S01001099,571,171,400
S01001100,535,224,311
S01001101,383,127,256
S01001102,213,72,141
S01001103,407,257,150
S01001104,278,92,186
S01001105,492,306,186
S01001106,599,332,267
S01001107,557,243,314
S01001108,892,429,463
S01001109,528,232,296
S01001110,395,142,253
S01001111,552,197,355
S01001112,524,240,284
S01001113,492,118,374
S01001114,456,97,359
S01001115,464,121,343
S01001116,335,112,223
S01001117,341,92,249
S01001118,330,144,186
S01001119,649,241,408
S01001120,414,234,180
S01001121,403,113,290
S01001122,368,153,215
S01001123,647,374,273
S01001124,405,128,277
S01001125,216,53,163
S01001126,534,210,324
S01001127,487,188,299
S01001128,451,200,251
S01001129,566,146,420
S01001130,486,116,370
S01001131,274,74,200
S01001132,435,167,268
S01001133,661,226,435
S01001134,566,321,245
S01001135,198,35,163
S01001136,587,131,456
S01001137,546,123,423
S01001138,889,296,593
S01001139,439,114,325
S01001140,603,161,442
S01001141,275,67,208
S01001142,580,319,261
S01001143,431,232,199
S01001144,413,87,326
S01001145,372,102,270
S01001146,538,201,337
S01001147,432,99,333
S01001148,484,257,227
S01001149,430,103,327
S01001150,427,78,349
S01001151,310,54,256
S01001152,580,131,449
S01001153,445,151,294
S01001154,468,276,192
S01001155,369,219,150
S01001156,465,116,349
S01001157,525,231,294
S01001158,353,97,256
S01001159,412,231,181
S01001160,306,89,217
S01001161,377,130,247
S01001162,556,232,324
S01001163,412,69,343
S01001164,406,96,310
S01001165,474,111,363
S01001166,160,40,120
S01001167,547,255,292
S01001168,516,164,352
S01001169,602,133,469
S01001170,479,104,375
S01001171,407,150,257
S01001172,367,79,288
S01001173,524,92,432
S01001174,357,51,306
S01001175,488,92,396
S01001176,537,138,399
S01001177,493,126,367
S01001178,459,111,348
S01001179,586,294,292
S01001180,451,93,358
S01001181,537,243,294
S01001182,571,132,439
S01001183,545,101,444
S01001184,554,263,291
S01001185,341,192,149
S01001186,475,166,309
S01001187,566,107,459
S01001188,492,101,391
S01001189,600,172,428
S01001190,463,198,265
S01001191,440,67,373
S01001192,597,107,490
S01001193,558,228,330
S01001194,591,267,324
S01001195,573,134,439
S01001196,657,142,515
S01001197,335,54,281
S01001198,447,86,361
S01001199,507,70,437
S01001200,571,62,509
S01001201,384,80,304
S01001202,353,55,298
S01001203,437,71,366
S01001204,531,230,301
S01001205,471,159,312
S01001206,492,128,364
S01001207,446,63,383
S01001208,334,67,267
S01001209,358,102,256
S01001210,464,80,384
S01001211,653,225,428
S01001212,329,48,281
S01001213,488,63,425
S01001214,456,95,361
S01001215,475,179,296
S01001216,561,91,470
S01001217,590,98,492
S01001218,519,289,230
S01001219,506,239,267
S01001220,321,50,271
S01001221,914,447,467
S01001222,623,131,492
S01001223,531,140,391
S01001224,524,82,442
S01001225,616,241,375
S01001226,271,60,211
S01001227,449,161,288
S01001228,503,164,339
S01001229,483,181,302
S01001230,471,49,422
S01001231,413,68,345
S01001232,1530,848,682
S01001233,511,73,438
S01001234,286,53,233
S01001235,502,103,399
S01001236,499,80,419
S01001237,379,110,269
S01001238,300,40,260
S01001239,298,50,248
S01001240,501,83,418
S01001241,389,61,328
S01001242,662,201,461
S01001243,671,162,509
S01001244,524,134,390
S01001245,443,66,377
S01001246,617,155,462
S01001247,375,94,281
S01001248,561,188,373
S01001249,419,62,357
S01001250,560,90,470
S01001251,310,43,267
S01001252,365,63,302
S01001253,321,40,281
S01001254,431,66,365
S01001255,492,77,415
S01001256,462,82,380
S01001257,441,71,370
S01001258,349,55,294
S01001259,538,154,384
S01001260,412,61,351
S01001261,521,84,437
S01001262,605,206,399
S01001263,320,65,255
S01001264,1242,437,805
S01001265,393,161,232
S01001266,522,167,355
S01001267,587,120,467
S01001268,490,139,351
S01001269,372,85,287
S01001270,400,38,362
S01001271,424,55,369
S01001272,445,76,369
S01001273,490,74,416
S01001274,474,58,416
S01001275,405,73,332
S01001276,419,111,308
S01001277,517,81,436
S01001278,281,109,172
S01001279,397,41,356
S01001280,366,55,311
S01001281,457,54,403
S01001282,514,101,413
S01001283,352,91,261
S01001284,664,170,494
S01001285,421,90,331
S01001286,322,46,276
S01001287,491,54,437
S01001288,580,89,491
S01001289,471,108,363
S01001290,443,79,364
S01001291,260,44,216
S01001292,439,76,363
S01001293,537,105,432
S01001294,387,64,323
S01001295,502,91,411
S01001296,378,60,318
S01001297,549,96,453
S01001298,545,133,412
S01001299,571,99,472
S01001300,1013,297,716
S01001301,337,51,286
S01001302,526,222,304
S01001303,427,147,280
S01001304,935,378,557
S01001305,498,111,387
S01001306,445,67,378
S01001307,784,175,609
S01001308,591,75,516
S01001309,402,56,346
S01001310,467,66,401
S01001311,422,79,343
S01001312,449,65,384
S01001313,603,156,447
S01001314,514,176,338
S01001315,678,263,415
S01001316,586,56,530
S01001317,600,121,479
S01001318,359,122,237
S01001319,425,80,345
S01001320,529,85,444
S01001321,380,128,252
S01001322,559,195,364
S01001323,352,58,294
S01001324,501,47,454
S01001325,400,64,336
S01001326,534,97,437
S01001327,472,71,401
S01001328,465,74,391
S01001329,339,53,286
S01001330,633,219,414
S01001331,521,107,414
S01001332,551,123,428
S01001333,519,95,424
S01001334,510,67,443
S01001335,551,100,451
S01001336,529,99,430
S01001337,536,200,336
S01001338,450,67,383
S01001339,488,141,347
S01001340,445,72,373
S01001341,512,94,418
S01001342,612,114,498
S01001343,620,121,499
S01001344,559,185,374
S01001345,401,75,326
S01001346,491,205,286
S01001347,492,234,258
S01001348,405,79,326
S01001349,932,221,711
S01001350,392,71,321
S01001351,322,127,195
S01001352,554,149,405
S01001353,907,478,429
S01001354,511,141,370
S01001355,498,168,330
S01001356,449,200,249
S01001357,470,105,365
S01001358,619,156,463
S01001359,482,247,235
S01001360,754,217,537
S01001361,465,166,299
S01001362,396,130,266
S01001363,406,115,291
S01001364,537,158,379
S01001365,416,59,357
S01001366,566,280,286
S01001367,468,149,319
S01001368,821,328,493
S01001369,625,153,472
S01001370,562,273,289
S01001371,427,130,297
S01001372,513,156,357
S01001373,453,149,304
S01001374,361,130,231
S01001375,471,151,320
S01001376,551,178,373
S01001377,466,81,385
S01001378,437,163,274
S01001379,680,172,508
S01001380,521,124,397
S01001381,543,160,383
S01001382,400,102,298
S01001383,381,99,282
S01001384,579,80,499
S01001385,517,127,390
S01001386,578,145,433
S01001387,614,133,481
S01001388,814,187,627
S01001389,324,62,262
S01001390,511,155,356
S01001391,444,91,353
S01001392,402,53,349
S01001393,358,169,189
S01001394,251,40,211
S01001395,568,134,434
S01001396,448,103,345
S01001397,436,56,380
S01001398,540,267,273
S01001399,475,57,418
S01001400,519,80,439
S01001401,423,59,364
S01001402,620,228,392
S01001403,826,373,453
S01001404,414,179,235
S01001405,785,395,390
S01001406,1709,727,982
S01001407,563,213,350
S01001408,578,150,428
S01001409,619,160,459
S01001410,668,280,388
S01001411,451,173,278
S01001412,521,85,436
S01001413,598,306,292
S01001414,442,92,350
S01001415,524,174,350
S01001416,421,134,287
S01001417,674,255,419
S01001418,576,288,288
S01001419,477,168,309
S01001420,774,378,396
S01001421,737,347,390
S01001422,489,217,272
S01001423,531,248,283
S01001424,669,178,491
S01001425,1025,351,674
S01001426,529,184,345
S01001427,573,236,337
S01001428,558,136,422
S01001429,395,136,259
S01001430,590,319,271
S01001431,644,226,418
S01001432,474,198,276
S01001433,550,215,335
S01001434,567,266,301
S01001435,673,279,394
S01001436,633,382,251
S01001437,610,266,344
S01001438,349,217,132
S01001439,472,220,252
S01001440,610,219,391
S01001441,495,236,259
S01001442,455,180,275
S01001443,627,249,378
S01001444,633,212,421
S01001445,460,236,224
S01001446,548,286,262
S01001447,840,561,279
S01001448,486,187,299
S01001449,385,223,162
S01001450,491,227,264
S01001451,454,241,213
S01001452,537,309,228
S01001453,555,278,277
S01001454,635,331,304
S01001455,469,200,269
S01001456,379,234,145
S01001457,594,389,205
S01001458,602,269,333
S01001459,589,372,217
S01001460,426,196,230
S01001461,516,248,268
S01001462,510,339,171
S01001463,308,135,173
S01001464,591,294,297
S01001465,453,301,152
S01001466,477,268,209
S01001467,565,305,260
S01001468,423,221,202
S01001469,516,300,216
S01001470,563,416,147
S01001471,454,298,156
S01001472,506,289,217
S01001473,467,293,174
S01001474,530,213,317
S01001475,384,249,135
S01001476,626,405,221
S01001477,613,303,310
S01001478,435,260,175
S01001479,391,197,194
S01001480,332,200,132
S01001481,528,293,235
S01001482,428,147,281
S01001483,652,458,194
S01001484,549,380,169
S01001485,409,172,237
S01001486,432,271,161
S01001487,417,101,316
S01001488,593,258,335
S01001489,439,229,210
S01001490,628,215,413
S01001491,554,344,210
S01001492,587,190,397
S01001493,598,288,310
S01001494,602,196,406
S01001495,379,238,141
S01001496,571,360,211
S01001497,512,163,349
S01001498,460,237,223
S01001499,728,322,406
S01001500,332,83,249
S01001501,543,315,228
S01001502,569,218,351
S01001503,554,229,325
S01001504,610,181,429
S01001505,651,333,318
S01001506,423,189,234
S01001507,599,361,238
S01001508,605,312,293
S01001509,511,136,375
S01001510,394,170,224
S01001511,372,212,160
S01001512,505,99,406
S01001513,502,81,421
S01001514,555,188,367
S01001515,429,236,193
S01001516,433,110,323
S01001517,476,188,288
S01001518,673,187,486
S01001519,610,377,233
S01001520,467,129,338
S01001521,620,343,277
S01001522,665,190,475
S01001523,497,299,198
S01001524,608,150,458
S01001525,559,153,406
S01001526,429,198,231
S01001527,564,195,369
S01001528,646,342,304
S01001529,442,225,217
S01001530,470,128,342
S01001531,739,298,441
S01001532,359,229,130
S01001533,586,363,223
S01001534,453,231,222
S01001535,569,258,311
S01001536,524,117,407
S01001537,322,77,245
S01001538,508,254,254
S01001539,583,259,324
S01001540,511,300,211
S01001541,577,263,314
S01001542,465,205,260
S01001543,493,221,272
S01001544,612,210,402
S01001545,534,222,312
S01001546,599,152,447
S01001547,550,153,397
S01001548,708,336,372
S01001549,707,292,415
S01001550,563,244,319
S01001551,604,238,366
S01001552,588,173,415
S01001553,628,298,330
S01001554,677,327,350
S01001555,484,98,386
S01001556,574,202,372
S01001557,654,333,321
S01001558,549,150,399
S01001559,272,48,224
S01001560,457,106,351
S01001561,844,276,568
S01001562,1705,568,1137
S01001563,392,177,215
S01001564,376,102,274
S01001565,467,132,335
S01001566,442,153,289
S01001567,685,187,498
S01001568,506,263,243
S01001569,550,196,354
S01001570,336,137,199
S01001571,451,69,382
S01001572,379,107,272
S01001573,452,201,251
S01001574,554,113,441
S01001575,526,160,366
S01001576,383,88,295
S01001577,505,142,363
S01001578,494,109,385
S01001579,526,113,413
S01001580,378,126,252
S01001581,461,159,302
S01001582,481,108,373
S01001583,309,87,222
S01001584,507,147,360
S01001585,538,127,411
S01001586,331,144,187
S01001587,460,78,382
S01001588,475,84,391
S01001589,574,100,474
S01001590,405,146,259
S01001591,383,75,308
S01001592,506,107,399
S01001593,563,185,378
S01001594,533,175,358
S01001595,414,81,333
S01001596,506,181,325
S01001597,438,173,265
S01001598,456,183,273
S01001599,660,218,442
S01001600,672,213,459
S01001601,832,337,495
S01001602,440,152,288
S01001603,673,201,472
S01001604,375,68,307
S01001605,536,147,389
S01001606,392,117,275
S01001607,1782,738,1044
S01001608,598,233,365
S01001609,581,134,447
S01001610,515,220,295
S01001611,703,374,329
S01001612,562,275,287
S01001613,501,62,439
S01001614,367,140,227
S01001615,553,153,400
S01001616,467,270,197
S01001617,403,75,328
S01001618,638,275,363
S01001619,469,91,378
S01001620,584,161,423
S01001621,463,91,372
S01001622,534,122,412
S01001623,505,143,362
S01001624,633,177,456
S01001625,500,92,408
S01001626,472,164,308
S01001627,943,246,697
S01001628,385,47,338
S01001629,382,89,293
S01001630,361,72,289
S01001631,948,294,654
S01001632,397,152,245
S01001633,629,315,314
S01001634,665,261,404
S01001635,498,154,344
S01001636,348,127,221
S01001637,505,237,268
S01001638,596,199,397
S01001639,469,139,330
S01001640,466,250,216
S01001641,1005,446,559
S01001642,597,240,357
S01001643,483,169,314
S01001644,1093,396,697
S01001645,630,255,375
S01001646,432,180,252
S01001647,428,127,301
S01001648,485,124,361
S01001649,506,88,418
S01001650,494,169,325
S01001651,571,226,345
S01001652,530,297,233
S01001653,468,132,336
S01001654,600,295,305
S01001655,376,185,191
S01001656,863,365,498
S01001657,339,167,172
S01001658,672,310,362
S01001659,426,223,203
S01001660,440,264,176
S01001661,569,254,315
S01001662,469,130,339
S01001663,537,276,261
S01001664,370,181,189
S01001665,462,258,204
S01001666,359,188,171
S01001667,470,281,189
S01001668,559,335,224
S01001669,440,182,258
S01001670,405,183,222
S01001671,340,162,178
S01001672,353,128,225
S01001673,431,215,216
S01001674,444,174,270
S01001675,450,219,231
S01001676,728,377,351
S01001677,562,312,250
S01001678,588,216,372
S01001679,507,342,165
S01001680,370,214,156
S01001681,403,263,140
S01001682,425,149,276
S01001683,453,250,203
S01001684,352,190,162
S01001685,444,176,268
S01001686,547,335,212
S01001687,550,294,256
S01001688,594,335,259
S01001689,446,251,195
S01001690,549,314,235
S01001691,521,339,182
S01001692,396,152,244
S01001693,489,296,193
S01001694,443,212,231
S01001695,484,263,221
S01001696,482,258,224
S01001697,560,282,278
S01001698,336,157,179
S01001699,411,245,166
S01001700,592,379,213
S01001701,486,202,284
S01001702,577,347,230
S01001703,533,275,258
S01001704,581,364,217
S01001705,427,211,216
S01001706,493,271,222
S01001707,451,164,287
S01001708,549,296,253
S01001709,391,179,212
S01001710,422,218,204
S01001711,498,231,267
S01001712,326,98,228
S01001713,558,247,311
S01001714,445,225,220
S01001715,568,297,271
S01001716,531,150,381
S01001717,490,272,218
S01001718,338,189,149
S01001719,502,314,188
S01001720,416,218,198
S01001721,440,247,193
S01001722,464,244,220
S01001723,554,347,207
S01001724,459,132,327
S01001725,453,140,313
S01001726,425,232,193
S01001727,592,335,257
S01001728,408,224,184
S01001729,634,266,368
S01001730,404,218,186
S01001731,421,243,178
S01001732,374,170,204
S01001733,547,216,331
S01001734,322,181,141
S01001735,306,175,131
S01001736,678,411,267
S01001737,393,178,215
S01001738,365,217,148
S01001739,425,178,247
S01001740,493,171,322
S01001741,392,102,290
S01001742,431,87,344
S01001743,601,121,480
S01001744,360,143,217
S01001745,530,212,318
S01001746,545,320,225
S01001747,529,108,421
S01001748,407,241,166
S01001749,467,115,352
S01001750,447,154,293
S01001751,623,198,425
S01001752,623,370,253
S01001753,474,89,385
S01001754,467,312,155
S01001755,621,298,323
S01001756,335,184,151
S01001757,502,218,284
S01001758,430,253,177
S01001759,445,105,340
S01001760,504,164,340
S01001761,427,108,319
S01001762,509,304,205
S01001763,492,340,152
S01001764,339,172,167
S01001765,591,178,413
S01001766,398,188,210
S01001767,364,213,151
S01001768,395,151,244
S01001769,375,178,197
S01001770,382,88,294
S01001771,542,196,346
S01001772,297,158,139
S01001773,604,175,429
S01001774,393,192,201
S01001775,467,303,164
S01001776,412,121,291
S01001777,562,376,186
S01001778,582,132,450
S01001779,324,170,154
S01001780,529,181,348
S01001781,394,210,184
S01001782,592,303,289
S01001783,310,70,240
S01001784,336,170,166
S01001785,452,170,282
S01001786,382,148,234
S01001787,401,198,203
S01001788,558,216,342
S01001789,471,158,313
S01001790,501,265,236
S01001791,491,272,219
S01001792,461,219,242
S01001793,558,332,226
S01001794,569,308,261
S01001795,298,183,115
S01001796,520,325,195
S01001797,406,124,282
S01001798,568,375,193
S01001799,580,105,475
S01001800,642,277,365
S01001801,638,409,229
S01001802,573,232,341
S01001803,707,311,396
S01001804,659,230,429
S01001805,478,160,318
S01001806,408,197,211
S01001807,539,258,281
S01001808,364,116,248
S01001809,595,134,461
S01001810,596,264,332
S01001811,462,290,172
S01001812,555,370,185
S01001813,473,253,220
S01001814,472,207,265
S01001815,534,247,287
S01001816,714,507,207
S01001817,421,95,326
S01001818,463,307,156
S01001819,627,445,182
S01001820,420,91,329
S01001821,320,134,186
S01001822,699,286,413
S01001823,485,91,394
S01001824,459,173,286
S01001825,565,299,266
S01001826,367,69,298
S01001827,511,120,391
S01001828,473,296,177
S01001829,454,231,223
S01001830,599,347,252
S01001831,467,143,324
S01001832,421,81,340
S01001833,787,502,285
S01001834,419,99,320
S01001835,423,223,200
S01001836,548,289,259
S01001837,599,378,221
S01001838,410,101,309
S01001839,524,115,409
S01001840,446,216,230
S01001841,450,163,287
S01001842,502,234,268
S01001843,449,92,357
S01001844,651,308,343
S01001845,494,287,207
S01001846,553,319,234
S01001847,550,110,440
S01001848,482,100,382
S01001849,374,225,149
S01001850,481,167,314
S01001851,536,222,314
S01001852,549,230,319
S01001853,471,287,184
S01001854,562,269,293
S01001855,524,282,242
S01001856,454,105,349
S01001857,433,98,335
S01001858,515,266,249
S01001859,666,127,539
S01001860,537,375,162
S01001861,493,109,384
S01001862,569,247,322
S01001863,603,217,386
S01001864,753,135,618
S01001865,351,38,313
S01001866,479,306,173
S01001867,457,115,342
S01001868,451,265,186
S01001869,564,241,323
S01001870,533,99,434
S01001871,1121,614,507
S01001872,548,151,397
S01001873,470,331,139
S01001874,632,131,501
S01001875,583,417,166
S01001876,635,186,449
S01001877,521,88,433
S01001878,682,468,214
S01001879,354,71,283
S01001880,459,61,398
S01001881,514,224,290
S01001882,519,185,334
S01001883,355,261,94
S01001884,572,145,427
S01001885,739,488,251
S01001886,370,40,330
S01001887,540,149,391
S01001888,554,343,211
S01001889,356,156,200
S01001890,638,146,492
S01001891,416,130,286
S01001892,576,91,485
S01001893,576,93,483
S01001894,417,46,371
S01001895,487,155,332
S01001896,503,369,134
S01001897,536,76,460
S01001898,403,60,343
S01001899,532,88,444
S01001900,486,135,351
S01001901,518,380,138
S01001902,582,413,169
S01001903,360,101,259
S01001904,388,83,305
S01001905,570,423,147
S01001906,417,105,312
S01001907,492,120,372
S01001908,488,307,181
S01001909,438,63,375
S01001910,473,85,388
S01001911,469,318,151
S01001912,485,113,372
S01001913,643,218,425
S01001914,374,292,82
S01001915,579,331,248
S01001916,491,331,160
S01001917,415,308,107
S01001918,603,358,245
S01001919,569,134,435
S01001920,409,180,229
S01001921,382,91,291
S01001922,558,314,244
S01001923,355,103,252
S01001924,430,290,140
S01001925,481,353,128
S01001926,358,52,306
S01001927,530,349,181
S01001928,574,347,227
S01001929,659,436,223
S01001930,550,362,188
S01001931,435,67,368
S01001932,1105,190,915
S01001933,567,368,199
S01001934,1050,476,574
S01001935,526,70,456
S01001936,633,376,257
S01001937,575,189,386
S01001938,372,266,106
S01001939,294,191,103
S01001940,466,287,179
S01001941,625,441,184
S01001942,345,226,119
S01001943,400,79,321
S01001944,449,283,166
S01001945,443,327,116
S01001946,484,73,411
S01001947,528,380,148
S01001948,439,58,381
S01001949,422,85,337
S01001950,628,257,371
S01001951,536,179,357
S01001952,470,327,143
S01001953,479,334,145
S01001954,292,98,194
S01001955,697,200,497
S01001956,428,65,363
S01001957,290,46,244
S01001958,478,145,333
S01001959,381,99,282
S01001960,513,347,166
S01001961,763,506,257
S01001962,612,124,488
S01001963,560,235,325
S01001964,582,229,353
S01001965,487,120,367
S01001966,879,223,656
S01001967,472,133,339
S01001968,512,344,168
S01001969,401,109,292
S01001970,386,293,93
S01001971,497,83,414
S01001972,488,318,170
S01001973,477,129,348
S01001974,484,337,147
S01001975,400,280,120
S01001976,383,196,187
S01001977,467,126,341
S01001978,751,135,616
S01001979,418,284,134
S01001980,589,374,215
S01001981,487,305,182
S01001982,221,35,186
S01001983,392,267,125
S01001984,633,292,341
S01001985,488,143,345
S01001986,424,247,177
S01001987,250,174,76
S01001988,513,175,338
S01001989,579,285,294
S01001990,412,289,123
S01001991,513,170,343
S01001992,418,260,158
S01001993,408,294,114
S01001994,545,360,185
S01001995,491,206,285
S01001996,434,276,158
S01001997,482,168,314
S01001998,467,186,281
S01001999,236,153,83
S01002000,516,107,409
S01002001,600,277,323
S01002002,252,174,78
S01002003,576,203,373
S01002004,546,316,230
S01002005,548,118,430
S01002006,577,139,438
S01002007,696,344,352
S01002008,580,423,157
S01002009,408,266,142
S01002010,226,146,80
S01002011,730,349,381
S01002012,436,255,181
S01002013,387,263,124
S01002014,331,232,99
S01002015,559,174,385
S01002016,413,252,161
S01002017,627,83,544
S01002018,489,177,312
S01002019,318,204,114
S01002020,142,86,56
S01002021,649,171,478
S01002022,672,263,409
S01002023,452,300,152
S01002024,468,321,147
S01002025,641,324,317
S01002026,430,197,233
S01002027,394,216,178
S01002028,315,176,139
S01002029,267,163,104
S01002030,541,276,265
S01002031,448,173,275
S01002032,418,259,159
S01002033,565,240,325
S01002034,368,218,150
S01002035,503,190,313
S01002036,621,270,351
S01002037,270,177,93
S01002038,268,169,99
S01002039,408,209,199
S01002040,418,217,201
S01002041,578,368,210
S01002042,566,266,300
S01002043,499,227,272
S01002044,356,39,317
S01002045,639,244,395
S01002046,422,174,248
S01002047,429,224,205
S01002048,209,103,106
S01002049,496,284,212
S01002050,433,189,244
S01002051,474,89,385
S01002052,573,260,313
S01002053,356,216,140
S01002054,298,167,131
S01002055,604,266,338
S01002056,576,215,361
S01002057,633,356,277
S01002058,520,265,255
S01002059,424,190,234
S01002060,221,117,104
S01002061,429,249,180
S01002062,357,83,274
S01002063,610,312,298
S01002064,718,393,325
S01002065,369,210,159
S01002066,452,243,209
S01002067,542,268,274
S01002068,626,319,307
S01002069,396,220,176
S01002070,335,168,167
S01002071,275,140,135
S01002072,709,415,294
S01002073,434,178,256
S01002074,433,185,248
S01002075,659,369,290
S01002076,419,196,223
S01002077,523,270,253
S01002078,736,334,402
S01002079,556,246,310
S01002080,633,326,307
S01002081,432,211,221
S01002082,611,392,219
S01002083,322,67,255
S01002084,528,293,235
S01002085,255,123,132
S01002086,257,105,152
S01002087,405,173,232
S01002088,583,318,265
S01002089,688,430,258
S01002090,678,293,385
S01002091,427,195,232
S01002092,599,402,197
S01002093,462,180,282
S01002094,458,174,284
S01002095,357,230,127
S01002096,902,548,354
S01002097,483,226,257
S01002098,482,189,293
S01002099,543,381,162
S01002100,360,188,172
S01002101,600,208,392
S01002102,420,132,288
S01002103,448,217,231
S01002104,515,136,379
S01002105,580,430,150
S01002106,347,169,178
S01002107,329,94,235
S01002108,327,156,171
S01002109,492,301,191
S01002110,479,338,141
S01002111,660,364,296
S01002112,722,407,315
S01002113,477,264,213
S01002114,481,323,158
S01002115,708,494,214
S01002116,543,262,281
S01002117,454,226,228
S01002118,438,161,277
S01002119,368,102,266
S01002120,503,232,271
S01002121,433,128,305
S01002122,528,380,148
S01002123,635,342,293
S01002124,654,338,316
S01002125,690,399,291
S01002126,379,110,269
S01002127,453,235,218
S01002128,553,351,202
S01002129,529,213,316
S01002130,378,124,254
S01002131,458,230,228
S01002132,513,228,285
S01002133,759,526,233
S01002134,370,169,201
S01002135,564,383,181
S01002136,587,415,172
S01002137,593,199,394
S01002138,451,169,282
S01002139,465,260,205
S01002140,533,106,427
S01002141,465,281,184
S01002142,708,334,374
S01002143,457,161,296
S01002144,405,298,107
S01002145,669,484,185
S01002146,731,360,371
S01002147,545,150,395
S01002148,530,355,175
S01002149,682,236,446
S01002150,463,272,191
S01002151,1068,552,516
S01002152,545,346,199
S01002153,324,135,189
S01002154,545,137,408
S01002155,591,158,433
S01002156,497,339,158
S01002157,517,376,141
S01002158,604,447,157
S01002159,460,251,209
S01002160,580,204,376
S01002161,445,268,177
S01002162,652,270,382
S01002163,826,396,430
S01002164,507,128,379
S01002165,630,260,370
S01002166,510,376,134
S01002167,376,116,260
S01002168,734,480,254
S01002169,595,386,209
S01002170,502,147,355
S01002171,401,114,287
S01002172,472,171,301
S01002173,618,350,268
S01002174,652,411,241
S01002175,733,372,361
S01002176,542,218,324
S01002177,623,445,178
S01002178,714,482,232
S01002179,445,184,261
S01002180,373,246,127
S01002181,623,242,381
S01002182,489,339,150
S01002183,631,288,343
S01002184,489,288,201
S01002185,639,142,497
S01002186,519,319,200
S01002187,606,441,165
S01002188,486,282,204
S01002189,483,256,227
S01002190,575,316,259
S01002191,478,92,386
S01002192,530,162,368
S01002193,564,366,198
S01002194,514,155,359
S01002195,809,540,269
S01002196,425,203,222
S01002197,492,211,281
S01002198,607,288,319
S01002199,530,307,223
S01002200,668,453,215
S01002201,814,604,210
S01002202,517,350,167
S01002203,331,202,129
S01002204,481,95,386
S01002205,548,384,164
S01002206,722,373,349
S01002207,539,265,274
S01002208,471,327,144
S01002209,712,296,416
S01002210,426,303,123
S01002211,419,52,367
S01002212,821,220,601
S01002213,547,209,338
S01002214,583,383,200
S01002215,670,390,280
S01002216,1256,497,759
S01002217,777,312,465
S01002218,419,271,148
S01002219,421,258,163
S01002220,513,332,181
S01002221,696,276,420
S01002222,533,312,221
S01002223,448,227,221
S01002224,579,360,219
S01002225,657,378,279
S01002226,721,427,294
S01002227,514,94,420
S01002228,647,255,392
S01002229,403,255,148
S01002230,770,421,349
S01002231,478,343,135
S01002232,515,130,385
S01002233,684,269,415
S01002234,577,220,357
S01002235,777,426,351
S01002236,627,149,478
S01002237,875,300,575
S01002238,355,70,285
S01002239,595,101,494
S01002240,643,227,416
S01002241,622,179,443
S01002242,519,253,266
S01002243,566,254,312
S01002244,677,293,384
S01002245,1521,839,682
S01002246,698,298,400
S01002247,502,71,431
S01002248,748,448,300
S01002249,635,227,408
S01002250,682,314,368
S01002251,549,253,296
S01002252,460,270,190
S01002253,631,139,492
S01002254,636,290,346
S01002255,1305,695,610
S01002256,836,513,323
S01002257,489,256,233
S01002258,547,168,379
S01002259,371,129,242
S01002260,549,346,203
S01002261,672,271,401
S01002262,492,213,279
S01002263,472,299,173
S01002264,591,296,295
S01002265,1000,247,753
S01002266,516,173,343
S01002267,582,107,475
S01002268,426,213,213
S01002269,641,427,214
S01002270,1213,479,734
S01002271,555,269,286
S01002272,563,272,291
S01002273,564,241,323
S01002274,929,402,527
S01002275,840,184,656
S01002276,527,341,186
S01002277,549,138,411
S01002278,632,105,527
S01002279,785,120,665
S01002280,547,257,290
S01002281,346,46,300
S01002282,156,15,141
S01002283,417,217,200
S01002284,1395,650,745
S01002285,659,226,433
S01002286,525,308,217
S01002287,428,280,148
S01002288,1010,536,474
S01002289,879,348,531
S01002290,726,323,403
S01002291,439,55,384
S01002292,772,325,447
S01002293,541,116,425
S01002294,412,255,157
S01002295,456,263,193
S01002297,569,163,406
S01002298,456,292,164
S01002299,476,201,275
S01002300,492,304,188
S01002301,1410,374,1036
S01002302,523,69,454
S01002303,496,97,399
S01002304,1356,771,585
S01002305,582,196,386
S01002306,345,165,180
S01002307,863,467,396
S01002308,695,435,260
S01002309,471,83,388
S01002310,779,226,553
S01002311,529,357,172
S01002312,441,73,368
S01002313,475,307,168
S01002314,600,348,252
S01002315,356,165,191
S01002316,447,321,126
S01002317,2740,1467,1273
S01002318,656,219,437
S01002319,672,130,542
S01002320,428,262,166
S01002321,608,89,519
S01002322,483,243,240
S01002323,530,268,262
S01002324,431,59,372
S01002325,1237,553,684
S01002326,772,321,451
S01002327,548,297,251
S01002328,505,178,327
S01002329,479,146,333
S01002330,475,168,307
S01002331,438,117,321
S01002332,615,285,330
S01002333,532,252,280
S01002334,646,375,271
S01002335,638,319,319
S01002336,721,320,401
S01002337,612,288,324
S01002338,297,72,225
S01002339,415,90,325
S01002340,427,130,297
S01002341,343,109,234
S01002342,410,103,307
S01002343,504,134,370
S01002344,365,113,252
S01002345,554,172,382
S01002346,623,198,425
S01002347,521,173,348
S01002348,641,173,468
S01002349,678,184,494
S01002350,612,206,406
S01002351,519,173,346
S01002352,613,187,426
S01002353,574,210,364
S01002354,578,198,380
S01002355,556,148,408
S01002356,581,215,366
S01002357,435,122,313
S01002358,351,108,243
S01002359,531,155,376
S01002360,401,112,289
S01002361,454,127,327
S01002362,553,184,369
S01002363,699,219,480
S01002364,443,103,340
S01002365,427,147,280
S01002366,603,187,416
S01002367,682,216,466
S01002368,615,203,412
S01002369,418,142,276
S01002370,487,127,360
S01002371,465,145,320
S01002372,528,133,395
S01002373,454,129,325
S01002374,522,140,382
S01002375,579,128,451
S01002376,583,152,431
S01002377,542,126,416
S01002378,359,152,207
S01002379,785,211,574
S01002380,537,135,402
S01002381,564,163,401
S01002382,393,71,322
S01002383,339,159,180
S01002384,347,84,263
S01002385,490,79,411
S01002386,692,227,465
S01002387,492,192,300
S01002388,519,218,301
S01002389,497,237,260
S01002390,748,343,405
S01002391,933,516,417
S01002392,1219,550,669
S01002393,690,353,337
S01002394,538,169,369
S01002395,506,221,285
S01002396,462,141,321
S01002397,1111,423,688
S01002398,607,270,337
S01002399,671,125,546
S01002400,606,277,329
S01002401,769,410,359
S01002402,547,116,431
S01002403,459,83,376
S01002404,680,268,412
S01002405,534,229,305
S01002406,566,116,450
S01002407,460,108,352
S01002408,561,101,460
S01002409,430,197,233
S01002410,362,152,210
S01002411,1733,692,1041
S01002412,682,225,457
S01002413,409,114,295
S01002414,391,64,327
S01002415,451,79,372
S01002416,406,179,227
S01002417,428,179,249
S01002418,624,116,508
S01002419,371,240,131
S01002420,395,66,329
S01002421,600,222,378
S01002422,347,179,168
S01002423,538,189,349
S01002424,547,136,411
S01002425,612,160,452
S01002426,463,115,348
S01002427,553,167,386
S01002428,381,75,306
S01002429,436,59,377
S01002430,435,235,200
S01002431,569,133,436
S01002432,1052,499,553
S01002433,363,101,262
S01002434,597,142,455
S01002435,449,103,346
S01002436,478,101,377
S01002437,547,205,342
S01002438,449,81,368
S01002439,520,95,425
S01002440,576,113,463
S01002441,476,205,271
S01002442,335,130,205
S01002443,419,76,343
S01002444,325,36,289
S01002445,589,128,461
S01002446,609,298,311
S01002447,447,67,380
S01002448,331,45,286
S01002449,451,161,290
S01002450,502,112,390
S01002451,678,154,524
S01002452,332,40,292
S01002453,478,146,332
S01002454,519,155,364
S01002455,387,108,279
S01002456,632,118,514
S01002457,494,79,415
S01002458,555,96,459
S01002459,377,96,281
S01002460,528,73,455
S01002461,313,146,167
S01002462,505,141,364
S01002463,575,87,488
S01002464,359,55,304
S01002465,502,200,302
S01002466,677,137,540
S01002467,327,116,211
S01002468,454,71,383
S01002469,447,90,357
S01002470,537,112,425
S01002471,370,68,302
S01002472,343,55,288
S01002473,598,126,472
S01002474,271,69,202
S01002475,343,65,278
S01002476,614,249,365
S01002477,559,102,457
S01002478,602,156,446
S01002479,453,83,370
S01002480,355,60,295
S01002481,621,132,489
S01002482,596,73,523
S01002483,405,49,356
S01002484,549,98,451
S01002485,619,215,404
S01002486,351,50,301
S01002487,310,73,237
S01002488,399,53,346
S01002489,371,61,310
S01002490,371,74,297
S01002491,313,43,270
S01002492,645,272,373
S01002493,625,202,423
S01002494,449,130,319
S01002495,423,68,355
S01002496,913,254,659
S01002497,560,129,431
S01002498,473,210,263
S01002499,622,139,483
S01002500,402,65,337
S01002501,334,121,213
S01002502,515,84,431
S01002503,492,147,345
S01002504,939,331,608
S01002505,495,111,384
S01002506,573,129,444
S01002507,396,81,315
S01002508,580,220,360
S01002509,820,222,598
S01002510,667,188,479
S01002511,323,97,226
S01002512,473,130,343
S01002513,1060,476,584
S01002514,366,65,301
S01002515,376,62,314
S01002516,518,212,306
S01002517,389,84,305
S01002518,712,299,413
S01002519,492,70,422
S01002520,333,45,288
S01002521,391,114,277
S01002522,518,179,339
S01002523,458,249,209
S01002524,434,126,308
S01002525,397,70,327
S01002526,340,179,161
S01002527,549,221,328
S01002528,590,195,395
S01002529,722,163,559
S01002530,430,65,365
S01002531,577,108,469
S01002532,484,99,385
S01002533,468,69,399
S01002534,620,119,501
S01002535,557,216,341
S01002536,364,64,300
S01002537,356,54,302
S01002538,630,237,393
S01002539,458,110,348
S01002540,346,71,275
S01002541,1222,618,604
S01002542,477,181,296
S01002543,325,40,285
S01002544,572,146,426
S01002545,533,133,400
S01002546,539,190,349
S01002547,533,166,367
S01002548,707,250,457
S01002549,388,142,246
S01002550,350,133,217
S01002551,377,98,279
S01002552,395,87,308
S01002553,496,153,343
S01002554,407,155,252
S01002555,528,139,389
S01002556,489,66,423
S01002557,542,144,398
S01002558,359,82,277
S01002559,456,170,286
S01002560,389,83,306
S01002561,499,119,380
S01002562,419,111,308
S01002563,714,276,438
S01002564,396,183,213
S01002565,602,235,367
S01002566,490,202,288
S01002567,1628,922,706
S01002568,526,171,355
S01002569,961,367,594
S01002570,449,153,296
S01002571,446,118,328
S01002572,402,238,164
S01002573,354,154,200
S01002574,568,156,412
S01002575,912,271,641
S01002576,488,234,254
S01002577,575,168,407
S01002578,518,304,214
S01002579,631,319,312
S01002580,489,87,402
S01002581,490,291,199
S01002582,469,113,356
S01002583,616,158,458
S01002584,996,339,657
S01002585,598,228,370
S01002586,354,106,248
S01002587,492,174,318
S01002588,495,204,291
S01002589,512,285,227
S01002590,474,262,212
S01002591,399,66,333
S01002592,586,140,446
S01002593,539,114,425
S01002594,473,239,234
S01002595,457,114,343
S01002596,458,217,241
S01002597,360,78,282
S01002598,679,225,454
S01002599,353,91,262
S01002600,670,315,355
S01002601,424,107,317
S01002602,358,100,258
S01002603,461,104,357
S01002604,635,299,336
S01002605,375,88,287
S01002606,380,62,318
S01002607,576,125,451
S01002608,361,148,213
S01002609,498,99,399
S01002610,596,151,445
S01002611,598,155,443
S01002612,536,275,261
S01002613,568,330,238
S01002614,604,337,267
S01002615,307,127,180
S01002616,410,194,216
S01002617,609,134,475
S01002618,503,96,407
S01002619,546,192,354
S01002620,569,175,394
S01002621,435,169,266
S01002622,5558,3034,2524
S01002623,1086,525,561
S01002624,503,191,312
S01002625,653,229,424
S01002626,449,94,355
S01002627,712,259,453
S01002628,556,262,294
S01002629,592,259,333
S01002630,443,159,284
S01002631,544,231,313
S01002632,395,104,291
S01002633,618,156,462
S01002634,514,272,242
S01002635,399,195,204
S01002636,395,112,283
S01002637,476,96,380
S01002638,425,86,339
S01002639,652,316,336
S01002640,498,187,311
S01002641,603,187,416
S01002642,407,97,310
S01002643,360,83,277
S01002644,442,142,300
S01002645,419,68,351
S01002646,473,203,270
S01002647,538,60,478
S01002648,821,289,532
S01002649,384,48,336
S01002650,441,222,219
S01002651,384,58,326
S01002652,457,175,282
S01002653,476,111,365
S01002654,509,133,376
S01002655,484,80,404
S01002656,448,87,361
S01002657,547,229,318
S01002658,861,391,470
S01002659,632,272,360
S01002660,505,103,402
S01002661,550,177,373
S01002662,917,387,530
S01002663,511,289,222
S01002664,591,274,317
S01002665,538,127,411
S01002666,933,386,547
S01002667,385,80,305
S01002668,326,143,183
S01002669,637,273,364
S01002670,428,239,189
S01002671,712,300,412
S01002672,376,79,297
S01002673,360,136,224
S01002674,514,151,363
S01002675,600,289,311
S01002676,513,260,253
S01002677,604,179,425
S01002678,603,299,304
S01002679,649,152,497
S01002680,724,255,469
S01002681,453,160,293
S01002682,346,69,277
S01002683,408,132,276
S01002684,521,204,317
S01002685,544,107,437
S01002686,1110,517,593
S01002687,828,336,492
S01002688,479,179,300
S01002689,591,314,277
S01002690,376,163,213
S01002691,911,419,492
S01002692,574,187,387
S01002693,369,131,238
S01002694,439,63,376
S01002695,423,155,268
S01002696,481,127,354
S01002697,640,256,384
S01002698,506,151,355
S01002699,332,62,270
S01002700,523,74,449
S01002701,648,239,409
S01002702,359,51,308
S01002703,870,292,578
S01002704,452,140,312
S01002705,467,112,355
S01002706,526,144,382
S01002707,578,92,486
S01002708,644,186,458
S01002709,548,101,447
S01002710,561,189,372
S01002711,564,89,475
S01002712,431,81,350
S01002713,400,100,300
S01002714,552,206,346
S01002715,586,84,502
S01002716,384,178,206
S01002717,537,258,279
S01002718,501,65,436
S01002719,510,84,426
S01002720,459,269,190
S01002721,493,100,393
S01002722,516,212,304
S01002723,433,85,348
S01002724,487,165,322
S01002725,607,140,467
S01002726,465,220,245
S01002727,655,286,369
S01002728,593,142,451
S01002729,634,257,377
S01002730,582,204,378
S01002731,479,116,363
S01002732,419,136,283
S01002733,406,163,243
S01002734,750,134,616
S01002735,819,301,518
S01002736,449,102,347
S01002737,510,205,305
S01002738,421,106,315
S01002739,526,209,317
S01002740,378,109,269
S01002741,630,201,429
S01002742,486,106,380
S01002743,413,115,298
S01002744,393,185,208
S01002745,381,44,337
S01002746,532,171,361
S01002747,328,85,243
S01002748,443,130,313
S01002749,417,56,361
S01002750,558,72,486
S01002751,586,103,483
S01002752,335,63,272
S01002753,470,203,267
S01002754,371,147,224
S01002755,431,62,369
S01002756,496,145,351
S01002757,402,98,304
S01002758,398,68,330
S01002759,595,111,484
S01002760,333,62,271
S01002761,522,94,428
S01002762,371,54,317
S01002763,538,87,451
S01002764,352,64,288
S01002765,452,74,378
S01002766,539,108,431
S01002767,664,170,494
S01002768,531,98,433
S01002769,484,117,367
S01002770,354,99,255
S01002771,454,81,373
S01002772,685,253,432
S01002773,587,131,456
S01002774,459,84,375
S01002775,418,58,360
S01002776,627,167,460
S01002777,643,112,531
S01002778,427,62,365
S01002779,370,64,306
S01002780,513,69,444
S01002781,561,120,441
S01002782,521,85,436
S01002783,994,267,727
S01002784,326,75,251
S01002785,440,70,370
S01002786,575,184,391
S01002787,457,99,358
S01002788,567,201,366
S01002789,487,179,308
S01002790,494,83,411
S01002791,378,52,326
S01002792,1332,472,860
S01002793,452,56,396
S01002794,615,100,515
S01002795,400,150,250
S01002796,400,137,263
S01002797,544,190,354
S01002798,371,68,303
S01002799,367,62,305
S01002800,515,202,313
S01002801,580,90,490
S01002802,407,184,223
S01002803,512,116,396
S01002804,382,72,310
S01002805,539,93,446
S01002806,1607,678,929
S01002807,421,67,354
S01002808,492,68,424
S01002809,405,102,303
S01002810,621,156,465
S01002811,638,178,460
S01002812,428,125,303
S01002813,478,88,390
S01002814,579,135,444
S01002815,432,69,363
S01002816,372,72,300
S01002817,332,53,279
S01002818,410,105,305
S01002819,438,62,376
S01002820,469,61,408
S01002821,748,171,577
S01002822,486,50,436
S01002823,440,60,380
S01002824,539,115,424
S01002825,518,104,414
S01002826,306,41,265
S01002827,439,63,376
S01002828,596,189,407
S01002829,491,80,411
S01002830,402,88,314
S01002831,732,205,527
S01002832,494,143,351
S01002833,750,289,461
S01002834,519,87,432
S01002835,470,74,396
S01002836,336,92,244
S01002837,394,47,347
S01002838,357,42,315
S01002839,345,43,302
S01002840,436,112,324
S01002841,789,289,500
S01002842,326,35,291
S01002843,417,44,373
S01002844,391,133,258
S01002845,553,105,448
S01002846,740,248,492
S01002847,610,141,469
S01002848,503,94,409
S01002849,657,122,535
S01002850,573,104,469
S01002851,260,128,132
S01002852,573,84,489
S01002853,244,38,206
S01002854,502,83,419
S01002855,338,40,298
S01002856,424,46,378
S01002857,364,102,262
S01002858,428,140,288
S01002859,454,66,388
S01002860,697,188,509
S01002861,590,146,444
S01002862,354,77,277
S01002863,433,51,382
S01002864,339,53,286
S01002865,581,119,462
S01002866,622,103,519
S01002867,333,114,219
S01002868,425,55,370
S01002869,341,67,274
S01002870,611,174,437
S01002871,426,101,325
S01002872,375,79,296
S01002873,454,106,348
S01002874,487,88,399
S01002875,331,66,265
S01002876,404,64,340
S01002877,466,96,370
S01002878,349,94,255
S01002879,544,100,444
S01002880,353,115,238
S01002881,621,169,452
S01002882,500,118,382
S01002883,638,133,505
S01002884,484,106,378
S01002885,885,284,601
S01002886,523,106,417
S01002887,369,66,303
S01002888,305,116,189
S01002889,553,82,471
S01002890,392,52,340
S01002891,476,124,352
S01002892,427,75,352
S01002893,736,204,532
S01002894,489,216,273
S01002895,355,66,289
S01002896,421,121,300
S01002897,363,78,285
S01002898,666,204,462
S01002899,374,173,201
S01002900,415,70,345
S01002901,492,77,415
S01002902,501,117,384
S01002903,528,88,440
S01002904,464,166,298
S01002905,500,132,368
S01002906,510,128,382
S01002907,386,104,282
S01002908,531,215,316
S01002909,519,141,378
S01002910,695,183,512
S01002911,555,84,471
S01002912,954,433,521
S01002913,556,221,335
S01002914,385,78,307
S01002915,601,138,463
S01002916,441,59,382
S01002917,424,164,260
S01002918,460,232,228
S01002919,497,78,419
S01002920,388,108,280
S01002921,410,149,261
S01002922,330,73,257
S01002923,393,127,266
S01002924,437,133,304
S01002925,967,380,587
S01002926,485,103,382
S01002927,489,110,379
S01002928,364,168,196
S01002929,470,85,385
S01002930,389,166,223
S01002931,572,131,441
S01002932,481,182,299
S01002933,576,169,407
S01002934,561,136,425
S01002935,607,176,431
S01002936,543,250,293
S01002937,324,134,190
S01002938,484,120,364
S01002939,390,142,248
S01002940,410,137,273
S01002941,629,262,367
S01002942,294,94,200
S01002943,450,191,259
S01002944,772,252,520
S01002945,383,148,235
S01002946,770,311,459
S01002947,434,186,248
S01002948,514,229,285
S01002949,363,139,224
S01002950,535,188,347
S01002951,611,261,350
S01002952,399,182,217
S01002953,584,218,366
S01002954,545,196,349
S01002955,751,285,466
S01002956,504,179,325
S01002957,614,260,354
S01002958,413,181,232
S01002959,637,314,323
S01002960,432,186,246
S01002961,531,194,337
S01002962,408,128,280
S01002963,538,132,406
S01002964,458,195,263
S01002965,627,253,374
S01002966,454,142,312
S01002967,599,262,337
S01002968,829,368,461
S01002969,638,294,344
S01002970,429,196,233
S01002971,792,358,434
S01002972,680,233,447
S01002973,493,258,235
S01002974,710,341,369
S01002975,377,133,244
S01002976,533,102,431
S01002977,466,186,280
S01002978,697,277,420
S01002979,464,164,300
S01002980,457,111,346
S01002981,490,280,210
S01002982,405,243,162
S01002983,473,123,350
S01002984,408,198,210
S01002985,326,183,143
S01002986,408,113,295
S01002987,342,99,243
S01002988,489,233,256
S01002989,419,116,303
S01002990,156,71,85
S01002991,443,300,143
S01002992,290,151,139
S01002993,443,227,216
S01002994,225,117,108
S01002995,82,40,42
S01002996,182,97,85
S01002997,149,79,70
S01002998,549,158,391
S01002999,136,65,71
S01003000,486,208,278
S01003001,412,103,309
S01003002,604,179,425
S01003003,405,170,235
S01003004,310,97,213
S01003005,395,184,211
S01003006,739,337,402
S01003007,556,196,360
S01003008,650,269,381
S01003009,350,96,254
S01003010,490,218,272
S01003011,495,256,239
S01003012,644,305,339
S01003013,465,285,180
S01003014,443,292,151
S01003015,511,302,209
S01003016,302,192,110
S01003017,424,226,198
S01003018,523,269,254
S01003019,549,171,378
S01003020,438,156,282
S01003021,438,251,187
S01003022,646,300,346
S01003023,506,228,278
S01003024,458,172,286
S01003025,546,281,265
S01003026,491,169,322
S01003027,671,271,400
S01003028,436,40,396
S01003029,689,137,552
S01003030,826,138,688
S01003032,339,35,304
S01003033,305,40,265
S01003034,605,166,439
S01003035,578,93,485
S01003036,558,80,478
S01003037,1228,508,720
S01003038,531,165,366
S01003039,498,66,432
S01003040,529,67,462
S01003041,447,136,311
S01003042,333,35,298
S01003043,262,35,227
S01003044,732,108,624
S01003045,551,66,485
S01003046,460,79,381
S01003047,504,62,442
S01003048,300,36,264
S01003049,324,44,280
S01003050,486,186,300
S01003051,646,116,530
S01003052,417,53,364
S01003053,561,125,436
S01003054,519,118,401
S01003055,507,55,452
S01003056,478,44,434
S01003057,461,109,352
S01003058,761,227,534
S01003059,515,306,209
S01003060,586,126,460
S01003061,524,176,348
S01003062,549,158,391
S01003063,514,133,381
S01003064,519,58,461
S01003065,739,299,440
S01003066,536,215,321
S01003067,414,120,294
S01003068,563,338,225
S01003069,343,104,239
S01003070,486,114,372
S01003071,405,239,166
S01003072,585,74,511
S01003073,456,120,336
S01003074,462,297,165
S01003075,464,116,348
S01003076,398,52,346
S01003077,560,122,438
S01003078,438,162,276
S01003079,608,328,280
S01003080,561,170,391
S01003081,559,168,391
S01003082,612,115,497
S01003083,741,115,626
S01003084,517,61,456
S01003085,635,324,311
S01003086,383,171,212
S01003087,448,116,332
S01003088,595,66,529
S01003089,493,276,217
S01003090,438,161,277
S01003091,373,111,262
S01003092,520,138,382
S01003093,579,121,458
S01003094,603,259,344
S01003095,476,322,154
S01003096,417,177,240
S01003097,152,23,129
S01003098,930,422,508
S01003099,308,38,270
S01003100,489,145,344
S01003101,313,39,274
S01003102,468,163,305
S01003103,458,213,245
S01003104,575,139,436
S01003105,483,150,333
S01003106,459,265,194
S01003107,440,66,374
S01003108,528,186,342
S01003109,638,359,279
S01003110,507,311,196
S01003111,474,60,414
S01003112,633,307,326
S01003113,487,170,317
S01003114,528,172,356
S01003115,707,371,336
S01003116,641,284,357
S01003117,550,259,291
S01003118,224,47,177
S01003119,414,115,299
S01003120,979,402,577
S01003121,506,67,439
S01003122,436,88,348
S01003123,611,196,415
S01003124,659,392,267
S01003125,640,338,302
S01003126,96,17,79
S01003127,514,150,364
S01003128,546,241,305
S01003129,834,429,405
S01003130,573,266,307
S01003131,646,379,267
S01003132,491,146,345
S01003133,986,643,343
S01003134,423,60,363
S01003135,468,77,391
S01003136,698,364,334
S01003137,518,286,232
S01003138,674,202,472
S01003139,797,474,323
S01003140,539,69,470
S01003141,610,386,224
S01003142,607,135,472
S01003143,605,281,324
S01003144,547,100,447
S01003145,381,58,323
S01003146,514,288,226
S01003147,521,93,428
S01003148,440,79,361
S01003149,643,292,351
S01003150,400,56,344
S01003151,510,120,390
S01003152,546,155,391
S01003153,469,292,177
S01003154,687,346,341
S01003155,905,381,524
S01003156,571,327,244
S01003157,706,281,425
S01003158,299,35,264
S01003159,105,23,82
S01003160,367,58,309
S01003161,398,74,324
S01003162,403,66,337
S01003163,477,300,177
S01003164,514,274,240
S01003165,600,187,413
S01003166,499,279,220
S01003167,545,97,448
S01003168,673,395,278
S01003169,1598,675,923
S01003170,514,220,294
S01003171,433,214,219
S01003172,426,192,234
S01003173,379,206,173
S01003174,435,142,293
S01003175,471,112,359
S01003176,625,307,318
S01003177,644,375,269
S01003178,551,123,428
S01003179,347,102,245
S01003180,471,136,335
S01003181,517,67,450
S01003182,441,92,349
S01003183,439,193,246
S01003184,471,55,416
S01003185,322,51,271
S01003186,581,369,212
S01003187,706,406,300
S01003188,512,150,362
S01003189,487,157,330
S01003190,449,94,355
S01003191,306,60,246
S01003192,492,183,309
S01003193,1099,468,631
S01003194,462,66,396
S01003195,500,180,320
S01003196,621,365,256
S01003197,540,218,322
S01003198,538,104,434
S01003199,663,168,495
S01003200,461,141,320
S01003201,164,24,140
S01003202,634,140,494
S01003203,502,115,387
S01003204,556,89,467
S01003205,495,93,402
S01003206,516,119,397
S01003207,451,203,248
S01003208,730,125,605
S01003209,366,128,238
S01003210,542,332,210
S01003211,419,177,242
S01003212,460,167,293
S01003213,326,75,251
S01003214,445,70,375
S01003215,512,94,418
S01003216,417,118,299
S01003217,428,53,375
S01003218,450,116,334
S01003219,468,118,350
S01003220,360,154,206
S01003221,460,76,384
S01003222,383,142,241
S01003223,547,88,459
S01003224,451,162,289
S01003225,399,69,330
S01003226,445,48,397
S01003227,972,451,521
S01003228,772,171,601
S01003229,558,369,189
S01003230,545,182,363
S01003231,569,70,499
S01003232,531,155,376
S01003233,621,262,359
S01003234,544,335,209
S01003235,544,122,422
S01003236,333,104,229
S01003237,591,97,494
S01003238,472,146,326
S01003239,590,118,472
S01003240,479,139,340
S01003241,502,144,358
S01003242,655,239,416
S01003243,536,153,383
S01003244,578,113,465
S01003245,692,155,537
S01003246,608,84,524
S01003247,476,78,398
S01003248,725,194,531
S01003249,498,123,375
S01003250,341,100,241
S01003251,483,58,425
S01003252,409,140,269
S01003253,541,64,477
S01003254,290,19,271
S01003255,529,132,397
S01003256,622,152,470
S01003257,390,200,190
S01003258,541,162,379
S01003259,727,248,479
S01003260,474,178,296
S01003261,634,263,371
S01003262,465,94,371
S01003263,580,87,493
S01003264,371,125,246
S01003265,404,144,260
S01003266,457,78,379
S01003267,571,135,436
S01003268,1097,475,622
S01003269,579,110,469
S01003270,469,112,357
S01003271,1238,505,733
S01003272,1033,311,722
S01003273,405,47,358
S01003274,361,57,304
S01003275,656,117,539
S01003276,463,158,305
S01003277,409,76,333
S01003278,516,174,342
S01003279,188,20,168
S01003280,548,246,302
S01003281,315,59,256
S01003282,483,205,278
S01003283,444,146,298
S01003284,614,140,474
S01003285,172,72,100
S01003286,568,180,388
S01003287,238,32,206
S01003288,447,165,282
S01003289,230,49,181
S01003290,542,120,422
S01003291,452,90,362
S01003292,472,135,337
S01003293,483,70,413
S01003294,451,121,330
S01003295,654,191,463
S01003296,426,40,386
S01003297,331,71,260
S01003298,634,190,444
S01003299,279,27,252
S01003300,581,165,416
S01003301,470,69,401
S01003302,348,56,292
S01003303,1275,666,609
S01003304,433,152,281
S01003305,507,130,377
S01003306,569,109,460
S01003307,655,126,529
S01003308,519,76,443
S01003309,555,69,486
S01003310,459,97,362
S01003311,486,152,334
S01003312,322,53,269
S01003313,653,115,538
S01003314,405,69,336
S01003315,445,158,287
S01003316,350,115,235
S01003317,428,94,334
S01003318,512,149,363
S01003320,324,109,215
S01003321,466,143,323
S01003322,515,117,398
S01003323,490,179,311
S01003324,299,74,225
S01003325,479,129,350
S01003326,492,94,398
S01003327,339,99,240
S01003328,625,345,280
S01003329,512,119,393
S01003330,621,260,361
S01003331,378,56,322
S01003332,257,33,224
S01003333,532,113,419
S01003334,608,131,477
S01003335,416,204,212
S01003336,561,67,494
S01003337,773,162,611
S01003338,597,153,444
S01003339,495,96,399
S01003340,641,108,533
S01003341,611,219,392
S01003342,381,68,313
S01003343,410,57,353
S01003344,287,80,207
S01003345,607,156,451
S01003346,517,82,435
S01003347,536,52,484
S01003348,747,344,403
S01003349,809,144,665
S01003350,508,109,399
S01003351,677,126,551
S01003352,706,125,581
S01003353,409,80,329
S01003354,389,52,337
S01003355,670,161,509
S01003356,526,86,440
S01003357,189,40,149
S01003358,1042,630,412
S01003359,657,201,456
S01003360,480,98,382
S01003361,447,63,384
S01003362,393,74,319
S01003363,465,66,399
S01003364,354,67,287
S01003365,393,89,304
S01003366,406,259,147
S01003367,642,92,550
S01003368,659,353,306
S01003369,349,49,300
S01003370,473,245,228
S01003371,451,187,264
S01003372,431,66,365
S01003373,1317,685,632
S01003374,250,29,221
S01003375,619,152,467
S01003376,311,37,274
S01003377,447,82,365
S01003378,493,67,426
S01003379,319,38,281
S01003380,809,375,434
S01003381,503,107,396
S01003382,1061,558,503
S01003383,560,94,466
S01003384,622,115,507
S01003385,573,297,276
S01003386,414,68,346
S01003387,478,120,358
S01003388,618,104,514
S01003389,610,128,482
S01003390,683,90,593
S01003391,388,82,306
S01003392,535,204,331
S01003393,535,104,431
S01003394,341,30,311
S01003395,441,198,243
S01003396,501,105,396
S01003397,531,60,471
S01003398,467,63,404
S01003399,594,285,309
S01003400,435,74,361
S01003401,378,39,339
S01003402,514,65,449
S01003403,666,306,360
S01003404,335,32,303
S01003405,499,71,428
S01003406,469,163,306
S01003407,518,85,433
S01003408,351,103,248
S01003409,939,516,423
S01003410,656,350,306
S01003411,458,111,347
S01003412,554,106,448
S01003413,450,74,376
S01003414,252,38,214
S01003415,381,64,317
S01003416,446,71,375
S01003417,618,258,360
S01003418,551,76,475
S01003419,476,55,421
S01003420,258,28,230
S01003421,521,70,451
S01003422,478,84,394
S01003423,457,247,210
S01003424,636,118,518
S01003425,422,200,222
S01003426,670,221,449
S01003427,571,112,459
S01003428,463,33,430
S01003429,396,221,175
S01003430,487,246,241
S01003431,433,98,335
S01003432,405,240,165
S01003433,490,269,221
S01003434,465,50,415
S01003435,402,54,348
S01003436,381,133,248
S01003437,437,272,165
S01003438,662,409,253
S01003439,689,210,479
S01003440,293,54,239
S01003441,798,128,670
S01003442,558,73,485
S01003443,471,76,395
S01003444,440,42,398
S01003445,558,82,476
S01003446,220,89,131
S01003447,412,71,341
S01003448,418,85,333
S01003449,398,189,209
S01003450,604,277,327
S01003451,567,294,273
S01003452,915,127,788
S01003453,831,553,278
S01003454,310,126,184
S01003455,405,38,367
S01003456,131,14,117
S01003457,484,78,406
S01003458,637,107,530
S01003459,487,97,390
S01003460,661,397,264
S01003461,449,81,368
S01003462,280,35,245
S01003463,245,40,205
S01003464,414,204,210
S01003465,1809,1155,654
S01003466,479,180,299
S01003467,450,58,392
S01003468,344,157,187
S01003469,667,221,446
S01003470,611,283,328
S01003471,394,49,345
S01003472,336,60,276
S01003473,559,181,378
S01003474,250,127,123
S01003475,447,167,280
S01003476,730,202,528
S01003477,789,429,360
S01003478,483,238,245
S01003479,531,257,274
S01003480,509,152,357
S01003481,659,332,327
S01003482,321,58,263
S01003483,348,46,302
S01003484,416,249,167
S01003485,472,287,185
S01003486,520,58,462
S01003487,457,208,249
S01003488,404,43,361
S01003489,821,124,697
S01003490,321,85,236
S01003491,51,6,45
S01003492,608,226,382
S01003493,509,145,364
S01003494,438,166,272
S01003495,579,148,431
S01003496,710,401,309
S01003497,605,387,218
S01003498,623,229,394
S01003499,657,319,338
S01003500,277,50,227
S01003501,337,208,129
S01003502,1191,510,681
S01003503,441,306,135
S01003504,373,196,177
S01003506,610,391,219
S01003507,254,112,142
S01003508,496,172,324
S01003509,566,409,157
S01003510,281,50,231
S01003511,722,517,205
S01003512,401,39,362
S01003513,245,169,76
S01003514,395,259,136
S01003515,340,48,292
S01003516,491,152,339
S01003517,423,238,185
S01003518,654,184,470
S01003519,295,85,210
S01003520,460,316,144
S01003521,187,116,71
S01003522,519,347,172
S01003523,417,54,363
S01003524,767,546,221
S01003525,722,469,253
S01003526,594,426,168
S01003527,555,376,179
S01003528,314,71,243
S01003529,342,94,248
S01003530,529,329,200
S01003531,486,129,357
S01003532,660,387,273
S01003533,78,13,65
S01003534,625,166,459
S01003535,490,175,315
S01003536,710,527,183
S01003537,495,171,324
S01003538,369,43,326
S01003539,699,509,190
S01003540,274,36,238
S01003541,292,47,245
S01003542,537,375,162
S01003543,379,53,326
S01003544,345,224,121
S01003545,573,427,146
S01003546,606,117,489
S01003547,510,298,212
S01003549,435,49,386
S01003550,433,123,310
S01003551,431,100,331
S01003552,765,608,157
S01003553,401,51,350
S01003554,498,326,172
S01003555,477,334,143
S01003556,447,295,152
S01003557,369,52,317
S01003558,689,531,158
S01003559,636,409,227
S01003560,840,535,305
S01003561,622,161,461
S01003562,345,86,259
S01003563,308,39,269
S01003564,384,42,342
S01003565,494,79,415
S01003566,439,266,173
S01003567,513,83,430
S01003568,477,337,140
S01003569,400,226,174
S01003570,438,248,190
S01003571,547,112,435
S01003572,578,75,503
S01003573,577,94,483
S01003574,697,467,230
S01003575,486,77,409
S01003576,577,385,192
S01003577,560,82,478
S01003578,129,17,112
S01003579,470,51,419
S01003580,626,145,481
S01003581,785,299,486
S01003582,360,47,313
S01003583,315,48,267
S01003584,294,36,258
S01003585,420,172,248
S01003586,500,145,355
S01003587,628,455,173
S01003588,466,131,335
S01003589,686,475,211
S01003590,474,132,342
S01003591,767,477,290
S01003592,854,226,628
S01003593,382,82,300
S01003594,673,458,215
S01003595,465,59,406
S01003596,487,74,413
S01003597,433,290,143
S01003598,427,62,365
S01003599,579,128,451
S01003600,486,71,415
S01003601,413,83,330
S01003602,387,72,315
S01003603,461,107,354
S01003604,475,179,296
S01003605,368,84,284
S01003606,547,145,402
S01003607,321,52,269
S01003608,331,70,261
S01003609,670,426,244
S01003610,617,171,446
S01003611,487,55,432
S01003612,513,293,220
S01003613,981,441,540
S01003614,325,167,158
S01003615,456,112,344
S01003616,548,213,335
S01003617,446,75,371
S01003618,479,186,293
S01003619,420,60,360
S01003620,696,430,266
S01003621,561,69,492
S01003622,504,131,373
S01003623,595,331,264
S01003624,897,195,702
S01003625,221,56,165
S01003626,508,183,325
S01003627,349,55,294
S01003628,458,61,397
S01003629,479,58,421
S01003630,459,91,368
S01003631,792,385,407
S01003632,582,320,262
S01003633,909,317,592
S01003634,601,85,516
S01003635,383,173,210
S01003636,546,83,463
S01003637,609,252,357
S01003638,502,291,211
S01003639,494,112,382
S01003640,581,90,491
S01003641,457,185,272
S01003642,500,110,390
S01003643,441,135,306
S01003644,548,136,412
S01003645,329,90,239
S01003646,314,36,278
S01003647,494,127,367
S01003648,500,217,283
S01003649,619,157,462
S01003650,453,95,358
S01003651,422,120,302
S01003652,439,94,345
S01003653,416,51,365
S01003654,546,99,447
S01003655,394,52,342
S01003656,514,139,375
S01003657,441,63,378
S01003658,542,169,373
S01003659,531,223,308
S01003660,630,242,388
S01003661,680,335,345
S01003662,376,97,279
S01003663,370,73,297
S01003664,317,69,248
S01003665,355,47,308
S01003666,355,35,320
S01003667,560,153,407
S01003668,471,141,330
S01003669,591,113,478
S01003670,538,89,449
S01003671,384,102,282
S01003672,416,57,359
S01003673,173,34,139
S01003674,515,133,382
S01003675,603,339,264
S01003676,858,496,362
S01003677,396,63,333
S01003678,413,80,333
S01003679,602,109,493
S01003680,403,44,359
S01003681,338,90,248
S01003682,690,261,429
S01003683,367,112,255
S01003684,460,124,336
S01003685,334,84,250
S01003686,568,113,455
S01003687,346,38,308
S01003688,587,96,491
S01003689,349,53,296
S01003690,570,104,466
S01003691,706,167,539
S01003692,624,162,462
S01003693,365,81,284
S01003694,575,191,384
S01003695,537,127,410
S01003696,669,194,475
S01003697,633,233,400
S01003698,603,155,448
S01003699,659,198,461
S01003700,631,121,510
S01003701,660,147,513
S01003702,430,55,375
S01003703,577,107,470
S01003704,398,45,353
S01003705,443,49,394
S01003706,372,49,323
S01003707,532,93,439
S01003708,468,38,430
S01003709,373,32,341
S01003710,715,193,522
S01003711,491,62,429
S01003712,562,96,466
S01003713,273,36,237
S01003714,367,68,299
S01003715,497,86,411
S01003716,294,32,262
S01003717,466,45,421
S01003718,404,68,336
S01003719,453,159,294
S01003720,683,220,463
S01003721,560,160,400
S01003722,613,160,453
S01003723,403,137,266
S01003724,534,127,407
S01003725,450,155,295
S01003726,464,135,329
S01003727,493,135,358
S01003728,393,119,274
S01003729,570,183,387
S01003730,401,69,332
S01003731,395,90,305
S01003732,629,168,461
S01003733,567,103,464
S01003734,465,83,382
S01003735,533,153,380
S01003736,560,98,462
S01003737,399,105,294
S01003738,540,193,347
S01003739,369,113,256
S01003740,402,165,237
S01003741,692,243,449
S01003742,491,155,336
S01003743,386,107,279
S01003744,478,143,335
S01003745,531,126,405
S01003746,591,203,388
S01003747,760,235,525
S01003748,398,140,258
S01003749,600,182,418
S01003750,493,199,294
S01003751,876,294,582
S01003752,630,236,394
S01003753,777,223,554
S01003754,596,147,449
S01003755,1126,318,808
S01003756,630,240,390
S01003757,394,128,266
S01003758,650,227,423
S01003759,439,174,265
S01003760,622,220,402
S01003761,672,221,451
S01003762,727,274,453
S01003763,660,213,447
S01003764,573,139,434
S01003765,425,80,345
S01003766,476,151,325
S01003767,507,139,368
S01003768,453,141,312
S01003769,628,202,426
S01003770,578,224,354
S01003771,526,165,361
S01003772,452,141,311
S01003773,478,148,330
S01003774,520,177,343
S01003775,621,221,400
S01003776,484,185,299
S01003777,774,275,499
S01003778,2144,930,1214
S01003779,343,128,215
S01003780,699,305,394
S01003781,813,337,476
S01003782,452,162,290
S01003783,842,291,551
S01003784,1092,551,541
S01003785,563,232,331
S01003786,616,250,366
S01003787,409,158,251
S01003788,417,177,240
S01003789,314,155,159
S01003790,388,78,310
S01003791,591,224,367
S01003792,1523,622,901
S01003793,362,57,305
S01003794,484,211,273
S01003795,456,192,264
S01003796,411,88,323
S01003797,663,163,500
S01003798,566,274,292
S01003799,557,183,374
S01003800,440,109,331
S01003801,525,117,408
S01003802,523,146,377
S01003803,523,221,302
S01003804,445,119,326
S01003805,817,267,550
S01003806,488,175,313
S01003807,649,249,400
S01003808,571,152,419
S01003809,480,95,385
S01003810,570,278,292
S01003811,483,213,270
S01003812,619,136,483
S01003813,590,230,360
S01003814,533,269,264
S01003815,578,232,346
S01003816,692,272,420
S01003817,624,99,525
S01003818,508,97,411
S01003819,1629,711,918
S01003820,718,254,464
S01003821,551,115,436
S01003822,436,155,281
S01003823,601,290,311
S01003824,610,191,419
S01003825,503,201,302
S01003826,493,148,345
S01003827,580,209,371
S01003828,738,298,440
S01003829,440,83,357
S01003830,569,109,460
S01003831,452,135,317
S01003832,647,286,361
S01003833,400,95,305
S01003834,475,138,337
S01003835,418,131,287
S01003836,402,124,278
S01003837,535,128,407
S01003838,399,98,301
S01003839,415,87,328
S01003840,474,160,314
S01003841,445,149,296
S01003842,506,180,326
S01003843,664,239,425
S01003844,532,179,353
S01003845,773,172,601
S01003846,532,194,338
S01003847,409,123,286
S01003848,472,168,304
S01003849,631,123,508
S01003850,370,146,224
S01003851,571,247,324
S01003852,395,140,255
S01003853,909,237,672
S01003854,422,135,287
S01003855,577,71,506
S01003856,546,130,416
S01003857,541,208,333
S01003858,384,86,298
S01003859,381,169,212
S01003860,420,40,380
S01003861,597,205,392
S01003862,427,56,371
S01003863,466,191,275
S01003864,645,259,386
S01003865,675,251,424
S01003866,690,218,472
S01003867,875,219,656
S01003868,514,221,293
S01003869,537,191,346
S01003870,700,224,476
S01003871,584,182,402
S01003872,636,223,413
S01003873,752,268,484
S01003874,626,208,418
S01003875,463,163,300
S01003876,521,199,322
S01003877,493,175,318
S01003878,699,175,524
S01003879,518,238,280
S01003880,549,212,337
S01003881,592,228,364
S01003882,346,60,286
S01003883,355,115,240
S01003884,490,108,382
S01003885,449,126,323
S01003886,354,80,274
S01003887,589,137,452
S01003888,1076,429,647
S01003889,383,112,271
S01003890,453,183,270
S01003891,520,147,373
S01003892,396,119,277
S01003893,446,194,252
S01003894,645,201,444
S01003895,486,165,321
S01003896,457,199,258
S01003897,479,211,268
S01003898,456,233,223
S01003899,532,172,360
S01003900,526,165,361
S01003901,421,157,264
S01003902,669,205,464
S01003903,614,259,355
S01003904,598,173,425
S01003905,807,367,440
S01003906,478,105,373
S01003907,475,87,388
S01003908,541,118,423
S01003909,444,178,266
S01003910,466,95,371
S01003911,443,125,318
S01003912,640,220,420
S01003913,508,181,327
S01003914,680,203,477
S01003915,520,152,368
S01003916,598,253,345
S01003917,616,216,400
S01003918,642,225,417
S01003919,424,105,319
S01003920,459,94,365
S01003921,720,191,529
S01003922,567,105,462
S01003923,423,75,348
S01003924,317,53,264
S01003925,530,124,406
S01003926,358,50,308
S01003927,499,175,324
S01003928,542,80,462
S01003929,376,66,310
S01003930,581,141,440
S01003931,746,203,543
S01003932,587,197,390
S01003933,487,135,352
S01003934,710,210,500
S01003935,551,132,419
S01003936,695,249,446
S01003937,468,77,391
S01003938,426,139,287
S01003939,452,141,311
S01003940,659,171,488
S01003941,427,130,297
S01003942,493,119,374
S01003943,432,115,317
S01003944,430,92,338
S01003945,443,143,300
S01003946,576,184,392
S01003947,441,124,317
S01003948,534,177,357
S01003949,405,121,284
S01003950,394,98,296
S01003951,367,135,232
S01003952,368,118,250
S01003953,400,123,277
S01003954,462,141,321
S01003955,442,105,337
S01003956,503,123,380
S01003957,428,119,309
S01003958,514,150,364
S01003959,535,145,390
S01003960,581,126,455
S01003961,368,76,292
S01003962,463,102,361
S01003963,340,133,207
S01003964,357,123,234
S01003965,403,133,270
S01003966,690,185,505
S01003967,399,91,308
S01003968,575,137,438
S01003969,550,141,409
S01003970,456,133,323
S01003971,474,126,348
S01003972,569,147,422
S01003973,320,100,220
S01003974,607,199,408
S01003975,585,196,389
S01003976,469,100,369
S01003977,283,47,236
S01003978,329,72,257
S01003979,370,97,273
S01003980,465,129,336
S01003981,366,97,269
S01003982,545,183,362
S01003983,500,166,334
S01003984,382,94,288
S01003985,449,71,378
S01003986,367,60,307
S01003987,436,126,310
S01003988,340,111,229
S01003989,610,166,444
S01003990,344,77,267
S01003991,434,113,321
S01003992,661,197,464
S01003993,458,156,302
S01003994,500,125,375
S01003995,928,332,596
S01003996,451,154,297
S01003997,582,159,423
S01003998,381,129,252
S01003999,573,211,362
S01004000,479,120,359
S01004001,418,91,327
S01004002,620,222,398
S01004003,375,113,262
S01004004,492,92,400
S01004005,394,144,250
S01004006,358,149,209
S01004007,364,109,255
S01004008,473,119,354
S01004009,540,224,316
S01004010,591,200,391
S01004011,863,496,367
S01004012,516,252,264
S01004013,364,183,181
S01004014,375,226,149
S01004015,588,343,245
S01004016,416,168,248
S01004017,633,348,285
S01004018,542,242,300
S01004019,678,340,338
S01004020,541,207,334
S01004021,743,354,389
S01004022,605,287,318
S01004023,380,137,243
S01004024,683,175,508
S01004025,544,76,468
S01004026,421,58,363
S01004027,538,63,475
S01004028,445,60,385
S01004029,605,94,511
S01004030,415,43,372
S01004031,362,62,300
S01004032,239,49,190
S01004033,517,85,432
S01004034,502,111,391
S01004035,457,73,384
S01004036,418,50,368
S01004037,470,103,367
S01004038,453,69,384
S01004039,223,29,194
S01004040,442,136,306
S01004041,437,100,337
S01004042,347,37,310
S01004043,519,162,357
S01004044,398,68,330
S01004045,386,51,335
S01004046,363,69,294
S01004047,423,73,350
S01004048,662,173,489
S01004049,884,296,588
S01004050,282,26,256
S01004051,517,74,443
S01004052,339,44,295
S01004053,642,144,498
S01004054,582,122,460
S01004055,377,112,265
S01004056,503,75,428
S01004057,1007,246,761
S01004058,537,96,441
S01004059,343,67,276
S01004060,280,51,229
S01004061,502,63,439
S01004062,551,173,378
S01004063,423,81,342
S01004064,395,101,294
S01004065,573,128,445
S01004066,348,46,302
S01004067,587,160,427
S01004068,446,69,377
S01004069,303,65,238
S01004070,402,112,290
S01004071,541,104,437
S01004072,761,155,606
S01004073,450,70,380
S01004074,496,68,428
S01004075,273,31,242
S01004076,435,90,345
S01004077,536,152,384
S01004078,540,121,419
S01004079,420,58,362
S01004080,484,68,416
S01004081,456,192,264
S01004082,715,373,342
S01004083,544,92,452
S01004084,609,109,500
S01004085,380,66,314
S01004086,463,68,395
S01004087,283,56,227
S01004088,314,51,263
S01004089,448,86,362
S01004090,193,35,158
S01004091,639,207,432
S01004092,460,123,337
S01004093,314,61,253
S01004094,231,27,204
S01004095,344,126,218
S01004096,450,232,218
S01004097,461,65,396
S01004098,421,141,280
S01004099,547,282,265
S01004100,501,103,398
S01004101,499,147,352
S01004102,501,215,286
S01004103,445,120,325
S01004104,489,237,252
S01004105,555,149,406
S01004106,545,222,323
S01004107,444,200,244
S01004108,500,228,272
S01004109,387,208,179
S01004110,516,226,290
S01004111,557,271,286
S01004112,498,227,271
S01004113,444,145,299
S01004114,439,129,310
S01004115,439,198,241
S01004116,421,201,220
S01004117,547,227,320
S01004118,563,152,411
S01004119,339,133,206
S01004120,474,255,219
S01004121,309,117,192
S01004122,610,332,278
S01004123,602,231,371
S01004124,717,352,365
S01004125,442,195,247
S01004126,481,149,332
S01004127,595,262,333
S01004128,472,224,248
S01004129,530,189,341
S01004130,359,105,254
S01004131,497,95,402
S01004132,372,81,291
S01004133,528,111,417
S01004134,480,219,261
S01004135,388,84,304
S01004136,410,110,300
S01004137,397,178,219
S01004138,467,98,369
S01004139,399,105,294
S01004140,380,81,299
S01004141,466,94,372
S01004142,350,107,243
S01004143,574,188,386
S01004144,888,357,531
S01004145,422,112,310
S01004146,547,184,363
S01004147,450,106,344
S01004148,664,257,407
S01004149,424,84,340
S01004150,471,152,319
S01004151,618,290,328
S01004152,451,82,369
S01004153,540,137,403
S01004154,446,198,248
S01004155,514,65,449
S01004156,589,118,471
S01004157,417,176,241
S01004158,393,170,223
S01004159,227,39,188
S01004160,442,146,296
S01004161,397,163,234
S01004162,1390,653,737
S01004163,428,94,334
S01004164,570,167,403
S01004165,694,196,498
S01004166,475,153,322
S01004167,437,104,333
S01004168,421,85,336
S01004169,477,99,378
S01004170,455,76,379
S01004171,448,138,310
S01004172,497,69,428
S01004173,398,66,332
S01004174,481,123,358
S01004175,400,50,350
S01004176,437,163,274
S01004177,307,40,267
S01004178,376,86,290
S01004179,349,74,275
S01004180,561,262,299
S01004181,557,112,445
S01004182,535,67,468
S01004183,702,245,457
S01004184,514,105,409
S01004185,465,67,398
S01004186,457,96,361
S01004187,471,65,406
S01004188,457,79,378
S01004189,582,278,304
S01004190,503,110,393
S01004191,479,125,354
S01004192,640,141,499
S01004193,483,108,375
S01004194,476,114,362
S01004195,401,99,302
S01004196,397,87,310
S01004197,428,90,338
S01004198,390,161,229
S01004199,536,160,376
S01004200,523,206,317
S01004201,492,138,354
S01004202,381,100,281
S01004203,641,194,447
S01004204,464,165,299
S01004205,451,82,369
S01004206,428,219,209
S01004207,464,70,394
S01004208,565,202,363
S01004209,398,188,210
S01004210,400,135,265
S01004211,701,401,300
S01004212,1148,515,633
S01004213,438,93,345
S01004214,447,226,221
S01004215,379,229,150
S01004216,588,170,418
S01004217,327,71,256
S01004218,544,104,440
S01004219,359,61,298
S01004220,597,293,304
S01004221,538,108,430
S01004222,371,101,270
S01004223,422,65,357
S01004224,426,60,366
S01004225,495,84,411
S01004226,451,97,354
S01004227,680,230,450
S01004228,598,209,389
S01004229,434,85,349
S01004230,427,74,353
S01004231,476,85,391
S01004232,411,140,271
S01004233,533,134,399
S01004234,682,199,483
S01004235,631,155,476
S01004236,652,133,519
S01004237,488,88,400
S01004238,400,120,280
S01004239,536,151,385
S01004240,552,154,398
S01004241,374,107,267
S01004242,605,198,407
S01004243,468,126,342
S01004244,425,83,342
S01004245,650,168,482
S01004246,444,127,317
S01004247,563,74,489
S01004248,668,118,550
S01004249,612,110,502
S01004250,704,153,551
S01004251,549,146,403
S01004252,445,127,318
S01004253,418,77,341
S01004254,528,246,282
S01004255,1844,587,1257
S01004256,918,337,581
S01004257,465,148,317
S01004258,512,164,348
S01004259,465,166,299
S01004260,336,124,212
S01004261,550,81,469
S01004262,565,214,351
S01004263,478,98,380
S01004264,490,129,361
S01004265,613,153,460
S01004266,367,76,291
S01004267,360,173,187
S01004268,425,72,353
S01004269,548,188,360
S01004270,378,92,286
S01004271,402,125,277
S01004272,415,137,278
S01004273,440,153,287
S01004274,635,266,369
S01004275,402,89,313
S01004276,582,188,394
S01004277,526,143,383
S01004278,834,232,602
S01004279,561,99,462
S01004280,649,151,498
S01004281,477,126,351
S01004282,568,88,480
S01004283,478,90,388
S01004284,619,96,523
S01004285,297,142,155
S01004286,367,158,209
S01004287,444,148,296
S01004288,453,108,345
S01004289,358,89,269
S01004290,687,189,498
S01004291,586,141,445
S01004292,578,191,387
S01004293,617,279,338
S01004294,489,205,284
S01004295,506,197,309
S01004296,546,257,289
S01004297,455,93,362
S01004298,890,347,543
S01004299,377,90,287
S01004300,382,91,291
S01004301,547,193,354
S01004302,473,233,240
S01004303,409,46,363
S01004304,566,105,461
S01004305,445,138,307
S01004306,400,109,291
S01004307,646,287,359
S01004308,639,114,525
S01004309,579,292,287
S01004310,503,140,363
S01004311,737,176,561
S01004312,477,214,263
S01004313,875,322,553
S01004314,535,147,388
S01004315,313,79,234
S01004316,302,123,179
S01004317,719,184,535
S01004318,308,45,263
S01004319,618,246,372
S01004320,538,79,459
S01004321,475,61,414
S01004322,652,124,528
S01004323,413,62,351
S01004324,504,61,443
S01004325,717,161,556
S01004326,587,182,405
S01004327,493,109,384
S01004328,420,96,324
S01004329,347,105,242
S01004330,956,353,603
S01004331,368,92,276
S01004332,434,116,318
S01004333,387,104,283
S01004334,630,281,349
S01004335,361,77,284
S01004336,723,228,495
S01004337,504,103,401
S01004338,493,172,321
S01004339,633,219,414
S01004340,364,85,279
S01004341,380,87,293
S01004342,1058,386,672
S01004343,408,90,318
S01004344,561,179,382
S01004345,748,237,511
S01004346,318,70,248
S01004347,623,236,387
S01004348,461,166,295
S01004349,538,167,371
S01004350,373,133,240
S01004351,334,76,258
S01004352,368,140,228
S01004353,591,170,421
S01004354,320,100,220
S01004355,360,112,248
S01004356,623,135,488
S01004357,544,250,294
S01004358,518,187,331
S01004359,360,75,285
S01004360,406,73,333
S01004361,548,159,389
S01004362,378,56,322
S01004363,551,71,480
S01004364,675,206,469
S01004365,439,80,359
S01004366,411,63,348
S01004367,481,87,394
S01004368,307,76,231
S01004369,457,96,361
S01004370,467,154,313
S01004371,420,78,342
S01004372,642,221,421
S01004373,414,62,352
S01004374,519,127,392
S01004375,391,74,317
S01004376,514,88,426
S01004377,477,163,314
S01004378,607,168,439
S01004379,554,104,450
S01004380,419,93,326
S01004381,511,116,395
S01004382,426,81,345
S01004383,503,125,378
S01004384,437,78,359
S01004385,509,132,377
S01004386,630,218,412
S01004387,600,101,499
S01004388,364,58,306
S01004389,414,103,311
S01004390,499,74,425
S01004391,394,169,225
S01004392,559,119,440
S01004393,576,103,473
S01004394,460,78,382
S01004395,342,46,296
S01004396,490,102,388
S01004397,606,236,370
S01004398,519,139,380
S01004399,290,48,242
S01004400,341,45,296
S01004401,734,300,434
S01004402,514,82,432
S01004403,354,122,232
S01004404,479,190,289
S01004405,488,158,330
S01004406,477,93,384
S01004407,403,73,330
S01004408,944,391,553
S01004409,303,94,209
S01004410,578,107,471
S01004411,387,85,302
S01004412,676,214,462
S01004413,442,81,361
S01004414,445,101,344
S01004415,430,82,348
S01004416,507,149,358
S01004417,470,90,380
S01004418,553,136,417
S01004419,497,97,400
S01004420,479,176,303
S01004421,533,108,425
S01004422,374,94,280
S01004423,496,140,356
S01004424,401,50,351
S01004425,382,169,213
S01004426,397,144,253
S01004427,477,92,385
S01004428,510,75,435
S01004429,456,70,386
S01004430,315,74,241
S01004431,412,69,343
S01004432,542,91,451
S01004433,572,105,467
S01004434,536,111,425
S01004435,612,216,396
S01004436,461,86,375
S01004437,487,80,407
S01004438,368,65,303
S01004439,399,76,323
S01004440,448,76,372
S01004441,892,377,515
S01004442,534,94,440
S01004443,391,63,328
S01004444,488,67,421
S01004445,501,99,402
S01004446,487,103,384
S01004447,456,76,380
S01004448,414,124,290
S01004449,550,100,450
S01004450,523,104,419
S01004451,509,58,451
S01004452,451,159,292
S01004453,657,232,425
S01004454,610,112,498
S01004455,543,222,321
S01004456,370,123,247
S01004457,554,110,444
S01004458,488,68,420
S01004459,368,83,285
S01004460,434,186,248
S01004461,419,121,298
S01004462,436,191,245
S01004463,527,152,375
S01004464,512,91,421
S01004465,503,156,347
S01004466,664,273,391
S01004467,536,107,429
S01004468,592,225,367
S01004469,354,65,289
S01004470,492,203,289
S01004471,1262,512,750
S01004472,497,252,245
S01004473,754,421,333
S01004474,608,135,473
S01004475,356,124,232
S01004476,483,200,283
S01004477,726,333,393
S01004478,346,101,245
S01004479,479,172,307
S01004480,596,84,512
S01004481,500,138,362
S01004482,541,108,433
S01004483,392,74,318
S01004484,691,244,447
S01004485,393,190,203
S01004486,679,275,404
S01004487,694,163,531
S01004488,434,77,357
S01004489,652,228,424
S01004490,447,186,261
S01004491,450,71,379
S01004492,556,140,416
S01004493,619,159,460
S01004494,532,75,457
S01004495,442,74,368
S01004496,403,112,291
S01004497,528,99,429
S01004498,474,135,339
S01004499,425,95,330
S01004500,485,254,231
S01004501,464,122,342
S01004502,481,163,318
S01004503,449,116,333
S01004504,417,60,357
S01004505,332,75,257
S01004506,323,66,257
S01004507,438,171,267
S01004508,460,136,324
S01004509,708,321,387
S01004510,469,212,257
S01004511,590,253,337
S01004512,510,240,270
S01004513,335,101,234
S01004514,426,146,280
S01004515,487,130,357
S01004516,288,99,189
S01004517,496,103,393
S01004518,408,141,267
S01004519,579,159,420
S01004520,562,207,355
S01004521,476,209,267
S01004522,584,291,293
S01004523,487,255,232
S01004524,374,180,194
S01004525,630,328,302
S01004526,498,276,222
S01004527,386,114,272
S01004528,501,120,381
S01004529,582,182,400
S01004530,362,170,192
S01004531,707,219,488
S01004532,539,72,467
S01004533,266,25,241
S01004534,412,65,347
S01004535,573,204,369
S01004536,414,53,361
S01004537,526,92,434
S01004538,454,102,352
S01004539,445,81,364
S01004540,686,259,427
S01004541,568,130,438
S01004542,510,206,304
S01004543,515,112,403
S01004544,1198,385,813
S01004545,511,121,390
S01004546,532,70,462
S01004547,535,118,417
S01004548,476,128,348
S01004549,1441,583,858
S01004550,398,61,337
S01004551,1010,346,664
S01004552,494,99,395
S01004553,338,99,239
S01004554,458,135,323
S01004555,413,155,258
S01004556,401,73,328
S01004557,292,99,193
S01004558,613,155,458
S01004559,589,158,431
S01004560,306,29,277
S01004561,587,84,503
S01004562,380,105,275
S01004563,514,170,344
S01004564,400,225,175
S01004565,619,302,317
S01004566,467,155,312
S01004567,319,64,255
S01004568,457,93,364
S01004569,386,45,341
S01004570,464,176,288
S01004571,384,146,238
S01004572,450,107,343
S01004573,374,110,264
S01004574,344,151,193
S01004575,462,136,326
S01004576,384,136,248
S01004577,428,150,278
S01004578,607,273,334
S01004579,352,67,285
S01004580,513,83,430
S01004581,848,250,598
S01004582,388,142,246
S01004583,508,115,393
S01004584,372,96,276
S01004585,373,64,309
S01004586,697,379,318
S01004587,795,161,634
S01004588,416,80,336
S01004589,564,244,320
S01004590,495,104,391
S01004591,377,79,298
S01004592,370,86,284
S01004593,651,186,465
S01004594,308,51,257
S01004595,675,362,313
S01004596,437,71,366
S01004597,371,181,190
S01004598,416,85,331
S01004599,586,207,379
S01004600,550,93,457
S01004601,583,160,423
S01004602,593,259,334
S01004603,520,109,411
S01004604,365,100,265
S01004605,566,93,473
S01004606,544,122,422
S01004607,377,92,285
S01004608,1014,365,649
S01004609,320,44,276
S01004610,397,55,342
S01004611,716,157,559
S01004612,668,115,553
S01004613,1073,398,675
S01004614,511,163,348
S01004615,765,237,528
S01004616,523,176,347
S01004617,369,47,322
S01004618,401,53,348
S01004619,324,54,270
S01004620,391,70,321
S01004621,614,184,430
S01004622,559,170,389
S01004623,679,167,512
S01004624,790,207,583
S01004625,479,77,402
S01004626,1251,490,761
S01004627,396,102,294
S01004628,337,36,301
S01004629,625,232,393
S01004630,625,180,445
S01004631,477,85,392
S01004632,574,78,496
S01004633,383,96,287
S01004634,744,256,488
S01004635,478,72,406
S01004636,406,75,331
S01004637,364,73,291
S01004638,342,43,299
S01004639,424,58,366
S01004640,468,72,396
S01004641,429,93,336
S01004642,552,96,456
S01004643,279,46,233
S01004644,467,111,356
S01004645,556,68,488
S01004646,512,96,416
S01004647,1182,268,914
S01004648,655,125,530
S01004649,367,57,310
S01004650,502,112,390
S01004651,598,88,510
S01004652,677,207,470
S01004653,402,95,307
S01004654,690,252,438
S01004655,580,119,461
S01004656,336,48,288
S01004657,510,155,355
S01004658,669,214,455
S01004659,320,88,232
S01004660,547,182,365
S01004661,514,86,428
S01004662,600,152,448
S01004663,345,80,265
S01004664,386,100,286
S01004665,432,54,378
S01004666,499,76,423
S01004667,437,102,335
S01004668,652,182,470
S01004669,572,126,446
S01004670,648,140,508
S01004671,562,154,408
S01004672,418,84,334
S01004673,513,60,453
S01004674,575,112,463
S01004675,544,165,379
S01004676,494,119,375
S01004677,572,108,464
S01004678,621,182,439
S01004679,304,84,220
S01004680,524,84,440
S01004681,521,172,349
S01004682,303,51,252
S01004683,503,208,295
S01004684,937,357,580
S01004685,316,49,267
S01004686,477,88,389
S01004687,708,158,550
S01004688,466,214,252
S01004689,693,153,540
S01004690,396,153,243
S01004691,507,220,287
S01004692,453,71,382
S01004693,505,146,359
S01004694,406,57,349
S01004695,475,211,264
S01004696,570,73,497
S01004697,565,195,370
S01004698,383,174,209
S01004699,500,64,436
S01004700,491,110,381
S01004701,567,228,339
S01004702,357,99,258
S01004703,622,211,411
S01004704,387,88,299
S01004705,627,187,440
S01004706,1076,501,575
S01004707,616,87,529
S01004708,390,79,311
S01004709,488,153,335
S01004710,485,67,418
S01004711,556,78,478
S01004712,338,51,287
S01004713,461,102,359
S01004714,513,105,408
S01004715,1113,386,727
S01004716,554,101,453
S01004717,618,111,507
S01004718,576,131,445
S01004719,635,143,492
S01004720,552,141,411
S01004721,417,142,275
S01004722,388,57,331
S01004723,448,162,286
S01004724,621,95,526
S01004725,408,143,265
S01004726,367,57,310
S01004727,492,83,409
S01004728,668,226,442
S01004729,397,60,337
S01004730,808,145,663
S01004731,541,141,400
S01004732,456,148,308
S01004733,477,80,397
S01004734,317,50,267
S01004735,667,171,496
S01004736,508,87,421
S01004737,490,89,401
S01004738,441,78,363
S01004739,480,176,304
S01004740,574,195,379
S01004741,410,51,359
S01004742,842,209,633
S01004743,586,240,346
S01004744,365,47,318
S01004745,482,49,433
S01004746,490,79,411
S01004747,490,206,284
S01004748,390,112,278
S01004749,694,230,464
S01004750,376,64,312
S01004751,458,51,407
S01004752,502,104,398
S01004753,520,77,443
S01004754,453,135,318
S01004755,431,56,375
S01004756,380,108,272
S01004757,534,121,413
S01004758,601,107,494
S01004759,373,138,235
S01004760,441,59,382
S01004761,347,60,287
S01004762,398,67,331
S01004763,574,204,370
S01004764,433,72,361
S01004765,801,180,621
S01004766,769,257,512
S01004767,422,76,346
S01004768,499,48,451
S01004769,372,86,286
S01004770,380,112,268
S01004771,519,175,344
S01004772,386,80,306
S01004773,464,68,396
S01004774,617,285,332
S01004775,495,53,442
S01004776,476,190,286
S01004777,470,201,269
S01004778,434,98,336
S01004779,531,126,405
S01004780,404,69,335
S01004781,611,192,419
S01004782,746,226,520
S01004783,636,301,335
S01004784,472,145,327
S01004785,385,58,327
S01004786,343,79,264
S01004787,674,252,422
S01004788,455,162,293
S01004789,593,174,419
S01004790,500,198,302
S01004791,385,125,260
S01004792,431,174,257
S01004793,533,188,345
S01004794,480,80,400
S01004795,542,101,441
S01004796,465,180,285
S01004797,447,93,354
S01004798,548,94,454
S01004799,358,67,291
S01004800,416,72,344
S01004801,450,87,363
S01004802,583,184,399
S01004803,548,138,410
S01004804,535,102,433
S01004805,364,56,308
S01004806,403,71,332
S01004807,324,68,256
S01004808,430,74,356
S01004809,309,64,245
S01004810,354,62,292
S01004811,472,129,343
S01004812,486,63,423
S01004813,559,120,439
S01004814,520,85,435
S01004815,1099,501,598
S01004816,477,82,395
S01004817,419,89,330
S01004818,513,88,425
S01004819,311,57,254
S01004820,657,86,571
S01004821,1149,352,797
S01004822,442,81,361
S01004823,590,129,461
S01004824,528,171,357
S01004825,395,67,328
S01004826,594,93,501
S01004827,380,66,314
S01004828,802,231,571
S01004829,431,54,377
S01004830,422,71,351
S01004831,591,217,374
S01004832,904,382,522
S01004833,490,116,374
S01004834,511,159,352
S01004835,526,190,336
S01004836,487,186,301
S01004837,620,168,452
S01004838,1183,531,652
S01004839,557,122,435
S01004840,528,138,390
S01004841,557,88,469
S01004842,966,464,502
S01004843,388,80,308
S01004844,614,187,427
S01004845,530,134,396
S01004846,686,184,502
S01004847,661,301,360
S01004848,508,204,304
S01004849,378,93,285
S01004850,977,320,657
S01004851,387,58,329
S01004852,424,67,357
S01004853,490,193,297
S01004854,685,285,400
S01004855,395,80,315
S01004856,1017,386,631
S01004857,556,157,399
S01004858,631,173,458
S01004859,616,235,381
S01004860,876,374,502
S01004861,536,172,364
S01004862,454,190,264
S01004863,666,220,446
S01004864,402,184,218
S01004865,484,99,385
S01004866,562,122,440
S01004867,507,215,292
S01004868,437,103,334
S01004869,597,243,354
S01004870,588,146,442
S01004871,485,110,375
S01004872,518,132,386
S01004873,525,166,359
S01004874,701,182,519
S01004875,411,93,318
S01004876,643,150,493
S01004877,496,109,387
S01004878,536,140,396
S01004879,428,68,360
S01004880,434,98,336
S01004881,482,126,356
S01004882,338,59,279
S01004883,1276,601,675
S01004884,379,152,227
S01004885,335,47,288
S01004886,516,88,428
S01004887,283,76,207
S01004888,425,180,245
S01004889,528,124,404
S01004890,424,70,354
S01004891,575,89,486
S01004892,491,218,273
S01004893,436,89,347
S01004894,530,153,377
S01004895,555,119,436
S01004896,583,159,424
S01004897,412,180,232
S01004898,643,147,496
S01004899,477,107,370
S01004900,629,306,323
S01004901,478,84,394
S01004902,475,103,372
S01004903,383,162,221
S01004904,606,125,481
S01004905,639,141,498
S01004906,547,150,397
S01004907,543,245,298
S01004908,424,90,334
S01004909,538,212,326
S01004910,556,105,451
S01004911,566,298,268
S01004912,451,96,355
S01004913,412,87,325
S01004914,411,211,200
S01004915,417,86,331
S01004916,467,96,371
S01004917,388,177,211
S01004918,427,211,216
S01004919,433,109,324
S01004920,620,124,496
S01004921,425,95,330
S01004922,456,212,244
S01004923,588,240,348
S01004924,538,116,422
S01004925,369,130,239
S01004926,589,305,284
S01004927,619,244,375
S01004928,953,524,429
S01004929,443,168,275
S01004930,437,91,346
S01004931,655,129,526
S01004932,467,98,369
S01004933,568,156,412
S01004934,483,91,392
S01004935,366,138,228
S01004936,585,169,416
S01004937,331,55,276
S01004938,440,90,350
S01004939,359,81,278
S01004940,350,58,292
S01004941,365,76,289
S01004942,636,207,429
S01004943,739,225,514
S01004944,349,98,251
S01004945,469,166,303
S01004946,488,152,336
S01004947,534,137,397
S01004948,381,121,260
S01004949,527,158,369
S01004950,537,167,370
S01004951,511,142,369
S01004952,746,214,532
S01004953,636,117,519
S01004954,487,99,388
S01004955,426,103,323
S01004956,526,165,361
S01004957,512,166,346
S01004958,742,207,535
S01004959,514,115,399
S01004960,377,117,260
S01004961,463,130,333
S01004962,451,183,268
S01004963,413,129,284
S01004964,780,246,534
S01004965,676,185,491
S01004966,735,211,524
S01004967,457,176,281
S01004968,416,98,318
S01004969,611,147,464
S01004970,598,142,456
S01004971,750,204,546
S01004972,603,159,444
S01004973,632,336,296
S01004974,793,416,377
S01004975,556,289,267
S01004976,610,239,371
S01004977,630,188,442
S01004978,681,272,409
S01004979,598,304,294
S01004980,678,298,380
S01004981,699,327,372
S01004982,452,216,236
S01004983,644,252,392
S01004984,512,241,271
S01004985,561,212,349
S01004986,466,276,190
S01004987,358,200,158
S01004988,360,180,180
S01004989,493,210,283
S01004990,409,188,221
S01004991,451,187,264
S01004992,565,115,450
S01004993,451,239,212
S01004994,517,187,330
S01004995,641,188,453
S01004996,490,189,301
S01004997,654,295,359
S01004998,861,377,484
S01004999,583,197,386
S01005000,397,133,264
S01005001,735,347,388
S01005002,603,262,341
S01005003,723,280,443
S01005004,579,287,292
S01005005,619,181,438
S01005006,409,163,246
S01005007,543,182,361
S01005008,683,327,356
S01005009,676,310,366
S01005010,450,119,331
S01005011,534,127,407
S01005012,630,195,435
S01005013,521,160,361
S01005014,531,133,398
S01005015,397,129,268
S01005016,552,189,363
S01005017,484,219,265
S01005018,383,113,270
S01005019,851,142,709
S01005020,487,248,239
S01005021,643,314,329
S01005022,464,191,273
S01005023,647,230,417
S01005024,583,259,324
S01005025,455,172,283
S01005026,465,257,208
S01005027,567,245,322
S01005028,610,275,335
S01005029,717,313,404
S01005030,644,297,347
S01005031,495,200,295
S01005032,576,245,331
S01005033,513,246,267
S01005034,561,227,334
S01005035,708,301,407
S01005036,399,206,193
S01005037,826,237,589
S01005038,517,239,278
S01005039,724,363,361
S01005040,788,205,583
S01005041,552,159,393
S01005042,537,248,289
S01005043,499,166,333
S01005044,666,232,434
S01005045,673,291,382
S01005046,886,411,475
S01005047,1031,309,722
S01005048,389,217,172
S01005049,583,135,448
S01005050,571,96,475
S01005051,592,248,344
S01005052,624,279,345
S01005053,504,80,424
S01005054,364,59,305
S01005055,520,98,422
S01005056,477,193,284
S01005057,482,103,379
S01005058,561,147,414
S01005059,332,60,272
S01005060,468,88,380
S01005061,674,320,354
S01005062,330,116,214
S01005063,359,148,211
S01005064,482,226,256
S01005065,880,244,636
S01005066,470,83,387
S01005067,441,143,298
S01005068,420,102,318
S01005069,373,70,303
S01005070,691,225,466
S01005071,129,25,104
S01005072,421,73,348
S01005073,431,175,256
S01005074,811,379,432
S01005075,254,46,208
S01005076,529,76,453
S01005077,730,299,431
S01005078,480,87,393
S01005079,431,88,343
S01005080,293,55,238
S01005081,443,78,365
S01005082,462,166,296
S01005083,632,196,436
S01005084,420,75,345
S01005085,382,119,263
S01005086,1053,306,747
S01005087,330,95,235
S01005088,366,97,269
S01005089,479,170,309
S01005090,559,215,344
S01005091,409,195,214
S01005092,441,137,304
S01005093,525,111,414
S01005094,576,292,284
S01005095,1095,452,643
S01005096,491,205,286
S01005097,548,269,279
S01005098,481,162,319
S01005099,494,230,264
S01005100,624,238,386
S01005101,686,299,387
S01005102,583,212,371
S01005103,831,353,478
S01005104,482,226,256
S01005105,606,217,389
S01005106,360,106,254
S01005107,323,113,210
S01005108,439,117,322
S01005109,1022,431,591
S01005110,814,293,521
S01005111,362,138,224
S01005112,612,235,377
S01005113,712,202,510
S01005114,640,96,544
S01005115,631,248,383
S01005116,444,142,302
S01005117,677,268,409
S01005118,537,208,329
S01005119,479,258,221
S01005120,434,181,253
S01005121,664,249,415
S01005122,572,166,406
S01005123,497,162,335
S01005124,468,130,338
S01005125,565,124,441
S01005126,430,166,264
S01005127,423,96,327
S01005128,623,264,359
S01005129,630,174,456
S01005130,426,88,338
S01005131,601,187,414
S01005132,474,143,331
S01005133,294,105,189
S01005134,666,210,456
S01005135,523,178,345
S01005136,561,155,406
S01005137,677,242,435
S01005138,796,258,538
S01005139,523,198,325
S01005140,447,172,275
S01005141,614,198,416
S01005142,390,151,239
S01005143,755,225,530
S01005144,826,297,529
S01005145,523,154,369
S01005146,547,179,368
S01005147,675,208,467
S01005148,568,268,300
S01005149,388,174,214
S01005150,452,151,301
S01005151,441,191,250
S01005152,1012,456,556
S01005153,596,272,324
S01005154,460,241,219
S01005155,488,167,321
S01005156,424,81,343
S01005157,575,116,459
S01005158,491,145,346
S01005159,594,124,470
S01005160,655,148,507
S01005161,606,196,410
S01005162,576,122,454
S01005163,398,80,318
S01005164,557,148,409
S01005165,443,115,328
S01005166,582,123,459
S01005167,391,93,298
S01005168,468,196,272
S01005169,402,119,283
S01005170,527,250,277
S01005171,489,79,410
S01005172,950,435,515
S01005173,451,178,273
S01005174,423,86,337
S01005175,528,269,259
S01005176,426,67,359
S01005177,488,81,407
S01005178,636,109,527
S01005179,646,202,444
S01005180,592,270,322
S01005181,604,318,286
S01005182,450,72,378
S01005183,574,114,460
S01005184,475,59,416
S01005185,347,68,279
S01005186,487,143,344
S01005187,664,196,468
S01005188,640,353,287
S01005189,555,108,447
S01005190,589,276,313
S01005191,556,125,431
S01005192,753,337,416
S01005193,535,289,246
S01005194,385,96,289
S01005195,632,250,382
S01005196,439,86,353
S01005197,491,131,360
S01005198,585,264,321
S01005199,539,99,440
S01005200,380,133,247
S01005201,580,108,472
S01005202,537,103,434
S01005203,519,176,343
S01005204,374,148,226
S01005205,749,366,383
S01005206,657,298,359
S01005207,566,109,457
S01005208,326,78,248
S01005209,592,149,443
S01005210,544,140,404
S01005211,405,72,333
S01005212,410,159,251
S01005213,628,274,354
S01005214,593,159,434
S01005215,588,175,413
S01005216,481,104,377
S01005217,576,188,388
S01005218,564,113,451
S01005219,559,111,448
S01005220,469,135,334
S01005221,451,241,210
S01005222,362,85,277
S01005223,479,168,311
S01005224,495,203,292
S01005225,667,321,346
S01005226,329,105,224
S01005227,690,192,498
S01005228,616,358,258
S01005229,787,252,535
S01005230,531,211,320
S01005231,482,202,280
S01005232,672,203,469
S01005233,440,79,361
S01005234,975,389,586
S01005235,471,196,275
S01005236,773,229,544
S01005237,626,335,291
S01005238,557,210,347
S01005239,633,168,465
S01005240,548,143,405
S01005241,638,306,332
S01005242,670,161,509
S01005243,682,132,550
S01005244,567,303,264
S01005245,421,119,302
S01005246,564,100,464
S01005247,269,25,244
S01005248,381,112,269
S01005249,546,158,388
S01005250,527,120,407
S01005251,505,81,424
S01005252,302,51,251
S01005253,360,113,247
S01005254,529,200,329
S01005255,416,62,354
S01005256,584,223,361
S01005257,589,259,330
S01005258,667,304,363
S01005259,286,51,235
S01005260,407,63,344
S01005261,324,48,276
S01005262,714,345,369
S01005263,307,39,268
S01005264,401,69,332
S01005265,305,70,235
S01005266,509,87,422
S01005267,655,133,522
S01005268,887,184,703
S01005269,590,198,392
S01005270,670,283,387
S01005271,360,202,158
S01005272,267,20,247
S01005273,475,116,359
S01005274,460,87,373
S01005275,379,82,297
S01005276,442,74,368
S01005277,430,104,326
S01005278,536,91,445
S01005279,352,184,168
S01005280,475,81,394
S01005281,461,95,366
S01005282,434,73,361
S01005283,513,297,216
S01005284,400,77,323
S01005285,454,97,357
S01005286,512,321,191
S01005287,662,206,456
S01005288,477,77,400
S01005289,649,186,463
S01005290,399,144,255
S01005291,486,221,265
S01005292,460,74,386
S01005293,478,96,382
S01005294,387,252,135
S01005295,376,94,282
S01005296,538,288,250
S01005297,430,176,254
S01005298,711,383,328
S01005299,373,118,255
S01005300,622,308,314
S01005301,561,313,248
S01005302,697,146,551
S01005303,534,186,348
S01005304,491,152,339
S01005305,484,79,405
S01005306,614,252,362
S01005307,639,351,288
S01005308,332,72,260
S01005309,564,139,425
S01005310,643,138,505
S01005311,600,237,363
S01005312,722,288,434
S01005313,644,193,451
S01005314,325,179,146
S01005315,501,137,364
S01005316,555,200,355
S01005317,395,127,268
S01005318,373,120,253
S01005319,443,139,304
S01005320,395,157,238
S01005321,366,114,252
S01005322,1198,424,774
S01005323,486,158,328
S01005324,593,131,462
S01005325,1570,650,920
S01005326,564,85,479
S01005327,416,78,338
S01005328,500,123,377
S01005329,456,196,260
S01005330,438,129,309
S01005331,438,73,365
S01005332,360,118,242
S01005333,553,226,327
S01005334,754,308,446
S01005335,348,146,202
S01005336,406,141,265
S01005337,622,252,370
S01005338,379,178,201
S01005339,494,141,353
S01005340,369,164,205
S01005341,433,105,328
S01005342,510,127,383
S01005343,612,258,354
S01005344,479,123,356
S01005345,489,219,270
S01005346,552,222,330
S01005347,495,211,284
S01005348,556,183,373
S01005349,573,201,372
S01005350,485,251,234
S01005351,781,314,467
S01005352,574,144,430
S01005353,651,166,485
S01005354,611,308,303
S01005355,471,131,340
S01005356,465,237,228
S01005357,469,107,362
S01005358,515,169,346
S01005359,619,278,341
S01005360,567,272,295
S01005361,637,384,253
S01005362,505,125,380
S01005363,498,149,349
S01005364,683,228,455
S01005365,627,213,414
S01005366,485,148,337
S01005367,520,85,435
S01005368,423,89,334
S01005369,636,140,496
S01005370,584,185,399
S01005371,680,202,478
S01005372,612,143,469
S01005373,486,99,387
S01005374,616,129,487
S01005375,618,145,473
S01005376,666,177,489
S01005377,553,96,457
S01005378,468,58,410
S01005379,604,130,474
S01005380,429,49,380
S01005381,379,54,325
S01005382,458,60,398
S01005383,421,145,276
S01005384,688,266,422
S01005385,684,233,451
S01005386,452,139,313
S01005387,618,109,509
S01005388,506,136,370
S01005389,501,137,364
S01005390,556,113,443
S01005391,500,127,373
S01005392,578,171,407
S01005393,617,212,405
S01005394,585,244,341
S01005395,678,294,384
S01005396,512,209,303
S01005397,386,158,228
S01005398,685,251,434
S01005399,615,160,455
S01005400,668,136,532
S01005401,560,159,401
S01005402,726,268,458
S01005403,621,158,463
S01005404,687,301,386
S01005405,373,162,211
S01005406,365,113,252
S01005407,955,349,606
S01005408,417,97,320
S01005409,475,141,334
S01005410,707,252,455
S01005411,653,243,410
S01005412,616,277,339
S01005413,617,183,434
S01005414,627,280,347
S01005415,608,227,381
S01005416,594,135,459
S01005417,793,307,486
S01005418,737,401,336
S01005419,451,69,382
S01005420,519,99,420
S01005421,604,171,433
S01005422,477,161,316
S01005423,687,178,509
S01005424,551,204,347
S01005425,580,98,482
S01005426,483,73,410
S01005427,470,128,342
S01005428,674,148,526
S01005429,435,140,295
S01005430,387,168,219
S01005431,432,87,345
S01005432,480,126,354
S01005433,576,161,415
S01005434,522,145,377
S01005435,721,255,466
S01005436,626,235,391
S01005437,649,214,435
S01005438,507,100,407
S01005439,505,133,372
S01005440,875,286,589
S01005441,686,215,471
S01005442,1293,616,677
S01005443,831,373,458
S01005444,917,371,546
S01005445,655,223,432
S01005446,483,131,352
S01005447,625,258,367
S01005448,596,249,347
S01005449,670,289,381
S01005450,763,184,579
S01005451,602,251,351
S01005452,573,351,222
S01005453,525,124,401
S01005454,581,260,321
S01005455,608,204,404
S01005456,574,225,349
S01005457,604,148,456
S01005458,451,128,323
S01005459,635,266,369
S01005460,595,184,411
S01005461,539,178,361
S01005462,752,248,504
S01005463,399,190,209
S01005464,433,119,314
S01005465,418,171,247
S01005466,784,350,434
S01005467,354,137,217
S01005468,630,325,305
S01005469,616,227,389
S01005470,466,258,208
S01005471,510,293,217
S01005472,986,457,529
S01005473,682,234,448
S01005474,524,153,371
S01005475,666,254,412
S01005476,623,366,257
S01005477,588,142,446
S01005478,515,138,377
S01005479,380,95,285
S01005480,926,346,580
S01005481,441,85,356
S01005482,469,165,304
S01005483,629,216,413
S01005484,375,116,259
S01005485,558,89,469
S01005486,586,131,455
S01005487,473,109,364
S01005488,543,107,436
S01005489,697,214,483
S01005490,453,169,284
S01005491,615,180,435
S01005492,657,201,456
S01005493,489,194,295
S01005494,589,183,406
S01005495,553,176,377
S01005496,752,234,518
S01005497,582,230,352
S01005498,686,202,484
S01005499,428,98,330
S01005500,525,157,368
S01005501,706,246,460
S01005502,598,208,390
S01005503,414,114,300
S01005504,439,120,319
S01005505,426,87,339
S01005506,628,208,420
S01005507,423,75,348
S01005508,522,107,415
S01005509,434,112,322
S01005510,496,180,316
S01005511,420,120,300
S01005512,470,141,329
S01005513,555,165,390
S01005514,434,145,289
S01005515,378,73,305
S01005516,384,95,289
S01005517,657,144,513
S01005518,738,228,510
S01005519,450,95,355
S01005520,675,202,473
S01005521,493,128,365
S01005522,438,93,345
S01005523,552,121,431
S01005524,510,137,373
S01005525,442,69,373
S01005526,414,60,354
S01005527,286,37,249
S01005528,362,86,276
S01005529,603,99,504
S01005530,367,43,324
S01005531,369,102,267
S01005532,517,138,379
S01005533,455,124,331
S01005534,418,92,326
S01005535,553,95,458
S01005536,633,230,403
S01005537,504,141,363
S01005538,572,180,392
S01005539,582,180,402
S01005540,453,84,369
S01005541,422,78,344
S01005542,501,104,397
S01005543,482,132,350
S01005544,444,89,355
S01005545,825,254,571
S01005546,510,173,337
S01005547,673,289,384
S01005548,880,419,461
S01005549,986,359,627
S01005550,393,230,163
S01005551,618,364,254
S01005552,499,296,203
S01005553,501,313,188
S01005554,429,225,204
S01005555,562,335,227
S01005556,376,173,203
S01005557,466,99,367
S01005558,459,227,232
S01005559,393,72,321
S01005560,386,86,300
S01005561,579,246,333
S01005562,567,320,247
S01005563,477,113,364
S01005564,558,311,247
S01005565,380,170,210
S01005566,336,86,250
S01005567,601,195,406
S01005568,341,107,234
S01005569,488,199,289
S01005570,491,152,339
S01005571,482,197,285
S01005572,516,293,223
S01005573,443,130,313
S01005574,543,133,410
S01005575,479,194,285
S01005576,503,185,318
S01005577,544,323,221
S01005578,590,151,439
S01005579,662,273,389
S01005580,336,195,141
S01005581,472,183,289
S01005582,519,290,229
S01005583,415,167,248
S01005584,374,183,191
S01005585,580,181,399
S01005586,478,203,275
S01005587,630,132,498
S01005588,414,137,277
S01005589,941,359,582
S01005590,482,79,403
S01005591,577,107,470
S01005592,270,34,236
S01005593,466,71,395
S01005594,658,159,499
S01005595,465,56,409
S01005596,317,37,280
S01005597,673,132,541
S01005598,674,126,548
S01005599,374,62,312
S01005600,438,54,384
S01005601,471,84,387
S01005602,396,57,339
S01005603,411,68,343
S01005604,295,43,252
S01005605,618,178,440
S01005606,428,112,316
S01005607,459,138,321
S01005608,590,189,401
S01005609,555,177,378
S01005610,364,126,238
S01005611,405,77,328
S01005612,540,222,318
S01005613,487,136,351
S01005614,487,102,385
S01005615,651,185,466
S01005616,414,142,272
S01005617,478,83,395
S01005618,388,88,300
S01005619,388,155,233
S01005620,319,106,213
S01005621,402,125,277
S01005622,553,205,348
S01005623,480,175,305
S01005624,594,284,310
S01005625,567,240,327
S01005626,536,119,417
S01005627,422,162,260
S01005628,696,151,545
S01005629,529,299,230
S01005630,349,115,234
S01005631,472,114,358
S01005632,344,141,203
S01005633,467,116,351
S01005634,513,225,288
S01005635,501,260,241
S01005636,531,230,301
S01005637,705,242,463
S01005638,631,297,334
S01005639,458,59,399
S01005640,461,191,270
S01005641,725,192,533
S01005642,498,291,207
S01005643,387,230,157
S01005644,422,246,176
S01005645,560,272,288
S01005646,493,202,291
S01005647,494,234,260
S01005648,595,240,355
S01005649,692,241,451
S01005650,355,95,260
S01005651,501,158,343
S01005652,483,185,298
S01005653,536,177,359
S01005654,474,169,305
S01005655,727,328,399
S01005656,483,136,347
S01005657,360,104,256
S01005658,580,245,335
S01005659,639,314,325
S01005660,405,108,297
S01005661,425,176,249
S01005662,385,200,185
S01005663,399,200,199
S01005664,368,172,196
S01005665,312,130,182
S01005666,836,280,556
S01005667,508,223,285
S01005668,538,158,380
S01005669,368,102,266
S01005670,535,156,379
S01005671,367,105,262
S01005672,522,79,443
S01005673,435,178,257
S01005674,563,146,417
S01005675,580,100,480
S01005676,562,103,459
S01005677,591,262,329
S01005678,614,268,346
S01005679,599,152,447
S01005680,557,188,369
S01005681,607,239,368
S01005682,517,227,290
S01005683,504,64,440
S01005684,718,152,566
S01005685,551,205,346
S01005686,522,178,344
S01005687,519,167,352
S01005688,650,229,421
S01005689,349,147,202
S01005690,536,183,353
S01005691,482,196,286
S01005692,472,168,304
S01005693,1030,544,486
S01005694,348,70,278
S01005695,347,120,227
S01005696,419,129,290
S01005697,419,59,360
S01005698,432,158,274
S01005699,542,197,345
S01005700,368,147,221
S01005701,473,104,369
S01005702,464,112,352
S01005703,409,194,215
S01005704,458,109,349
S01005705,626,249,377
S01005706,519,258,261
S01005707,352,91,261
S01005708,455,112,343
S01005709,506,124,382
S01005710,350,124,226
S01005711,651,315,336
S01005712,352,93,259
S01005713,380,181,199
S01005714,813,285,528
S01005715,492,168,324
S01005716,357,211,146
S01005717,333,134,199
S01005718,538,234,304
S01005719,327,168,159
S01005720,488,293,195
S01005721,438,101,337
S01005722,358,144,214
S01005723,495,192,303
S01005724,413,235,178
S01005725,501,178,323
S01005726,753,312,441
S01005727,919,375,544
S01005728,524,106,418
S01005729,384,74,310
S01005730,475,139,336
S01005731,551,161,390
S01005732,537,139,398
S01005733,479,211,268
S01005734,459,217,242
S01005735,498,189,309
S01005736,478,172,306
S01005737,488,131,357
S01005738,552,136,416
S01005739,641,224,417
S01005740,540,234,306
S01005741,710,280,430
S01005742,615,254,361
S01005743,783,412,371
S01005744,607,103,504
S01005745,712,169,543
S01005746,549,206,343
S01005747,592,227,365
S01005748,452,57,395
S01005749,544,229,315
S01005750,470,122,348
S01005751,519,182,337
S01005752,422,39,383
S01005753,467,134,333
S01005754,705,261,444
S01005755,452,69,383
S01005756,544,86,458
S01005757,323,52,271
S01005758,542,140,402
S01005759,524,83,441
S01005760,432,146,286
S01005761,485,244,241
S01005762,449,67,382
S01005763,1598,720,878
S01005764,367,64,303
S01005765,572,132,440
S01005766,435,191,244
S01005767,520,228,292
S01005768,578,171,407
S01005769,475,86,389
S01005770,373,119,254
S01005771,516,199,317
S01005772,493,186,307
S01005773,626,287,339
S01005774,459,127,332
S01005775,506,108,398
S01005776,497,156,341
S01005777,340,111,229
S01005778,464,118,346
S01005779,521,191,330
S01005780,922,442,480
S01005781,619,165,454
S01005782,530,112,418
S01005783,367,136,231
S01005784,400,173,227
S01005785,529,231,298
S01005786,409,104,305
S01005787,460,165,295
S01005788,348,82,266
S01005789,586,186,400
S01005790,339,78,261
S01005791,323,114,209
S01005792,520,120,400
S01005793,368,117,251
S01005794,688,233,455
S01005795,464,103,361
S01005796,761,326,435
S01005797,672,304,368
S01005798,385,69,316
S01005799,454,111,343
S01005800,451,131,320
S01005801,460,120,340
S01005802,605,238,367
S01005803,514,84,430
S01005804,2526,1190,1336
S01005805,395,158,237
S01005806,490,103,387
S01005807,515,104,411
S01005808,465,101,364
S01005809,416,112,304
S01005810,321,100,221
S01005811,353,85,268
S01005812,401,150,251
S01005813,533,132,401
S01005814,481,80,401
S01005815,622,148,474
S01005816,687,231,456
S01005817,360,158,202
S01005818,514,227,287
S01005819,448,76,372
S01005820,422,106,316
S01005821,305,69,236
S01005822,564,137,427
S01005823,419,157,262
S01005824,493,190,303
S01005825,440,98,342
S01005826,634,304,330
S01005827,489,196,293
S01005828,511,137,374
S01005829,501,177,324
S01005830,611,166,445
S01005831,805,349,456
S01005832,470,101,369
S01005833,446,139,307
S01005834,373,87,286
S01005835,497,199,298
S01005836,470,215,255
S01005837,342,125,217
S01005838,459,90,369
S01005839,510,131,379
S01005840,503,144,359
S01005841,415,144,271
S01005842,342,96,246
S01005843,453,148,305
S01005844,472,153,319
S01005845,324,150,174
S01005846,577,144,433
S01005847,476,145,331
S01005848,380,69,311
S01005849,502,149,353
S01005850,529,115,414
S01005851,432,113,319
S01005852,349,114,235
S01005853,585,166,419
S01005854,516,101,415
S01005855,539,122,417
S01005856,473,117,356
S01005857,486,135,351
S01005858,471,93,378
S01005859,487,171,316
S01005860,501,128,373
S01005861,569,307,262
S01005862,510,162,348
S01005863,1034,445,589
S01005864,553,155,398
S01005865,508,90,418
S01005866,518,201,317
S01005867,647,189,458
S01005868,471,196,275
S01005869,442,83,359
S01005870,455,144,311
S01005871,446,166,280
S01005872,487,161,326
S01005873,582,170,412
S01005874,468,79,389
S01005875,556,189,367
S01005876,547,269,278
S01005877,534,175,359
S01005878,434,191,243
S01005879,431,126,305
S01005880,498,88,410
S01005881,479,113,366
S01005882,998,587,411
S01005883,304,92,212
S01005884,482,218,264
S01005885,406,173,233
S01005886,511,230,281
S01005887,319,87,232
S01005888,406,90,316
S01005889,554,215,339
S01005890,512,219,293
S01005891,383,73,310
S01005892,441,85,356
S01005893,444,115,329
S01005894,458,162,296
S01005895,419,209,210
S01005896,481,201,280
S01005897,470,158,312
S01005898,446,171,275
S01005899,498,169,329
S01005900,410,206,204
S01005901,480,207,273
S01005902,554,304,250
S01005903,640,199,441
S01005904,642,231,411
S01005905,554,216,338
S01005906,537,153,384
S01005907,516,177,339
S01005908,613,232,381
S01005909,325,147,178
S01005910,458,239,219
S01005911,914,389,525
S01005912,520,152,368
S01005913,489,71,418
S01005914,652,236,416
S01005915,423,111,312
S01005916,470,257,213
S01005917,506,82,424
S01005918,560,160,400
S01005919,333,187,146
S01005920,547,139,408
S01005921,457,164,293
S01005922,635,254,381
S01005923,462,131,331
S01005924,405,200,205
S01005925,499,231,268
S01005926,665,309,356
S01005927,477,231,246
S01005928,483,63,420
S01005929,520,192,328
S01005930,680,270,410
S01005931,529,176,353
S01005932,387,47,340
S01005933,580,280,300
S01005934,443,103,340
S01005935,373,117,256
S01005936,531,102,429
S01005937,403,224,179
S01005938,506,116,390
S01005939,436,66,370
S01005940,560,210,350
S01005941,304,167,137
S01005942,586,136,450
S01005943,535,131,404
S01005944,624,196,428
S01005945,495,128,367
S01005946,592,162,430
S01005947,462,71,391
S01005948,564,155,409
S01005949,393,83,310
S01005950,401,82,319
S01005951,808,207,601
S01005952,755,245,510
S01005953,823,267,556
S01005954,323,53,270
S01005955,536,247,289
S01005956,516,84,432
S01005957,660,92,568
S01005958,382,89,293
S01005959,325,61,264
S01005960,341,72,269
S01005961,715,192,523
S01005962,326,56,270
S01005963,387,106,281
S01005964,468,78,390
S01005965,571,116,455
S01005966,905,248,657
S01005967,573,120,453
S01005968,691,327,364
S01005969,516,116,400
S01005970,529,122,407
S01005971,285,57,228
S01005972,476,150,326
S01005973,564,150,414
S01005974,498,113,385
S01005975,440,54,386
S01005976,511,306,205
S01005977,489,143,346
S01005978,458,251,207
S01005979,608,145,463
S01005980,425,143,282
S01005981,597,248,349
S01005982,439,96,343
S01005983,649,189,460
S01005984,605,355,250
S01005985,494,150,344
S01005986,665,381,284
S01005987,370,70,300
S01005988,362,53,309
S01005989,472,232,240
S01005990,849,197,652
S01005991,463,116,347
S01005992,357,60,297
S01005993,516,175,341
S01005994,570,145,425
S01005995,382,66,316
S01005996,576,238,338
S01005997,387,81,306
S01005998,392,51,341
S01005999,957,421,536
S01006000,449,61,388
S01006001,478,179,299
S01006002,304,122,182
S01006003,426,98,328
S01006004,943,399,544
S01006005,349,92,257
S01006006,518,240,278
S01006007,290,32,258
S01006008,440,81,359
S01006009,357,139,218
S01006010,629,337,292
S01006011,499,116,383
S01006012,509,105,404
S01006013,385,215,170
S01006014,423,114,309
S01006015,492,234,258
S01006016,661,292,369
S01006017,778,237,541
S01006018,566,217,349
S01006019,832,219,613
S01006020,520,301,219
S01006021,682,326,356
S01006022,378,94,284
S01006023,456,275,181
S01006024,510,87,423
S01006025,606,207,399
S01006026,499,75,424
S01006027,464,219,245
S01006028,434,207,227
S01006029,435,229,206
S01006030,571,317,254
S01006031,965,340,625
S01006032,572,146,426
S01006033,802,312,490
S01006034,1081,320,761
S01006035,664,188,476
S01006036,1506,604,902
S01006037,575,195,380
S01006038,540,249,291
S01006039,522,190,332
S01006040,519,79,440
S01006041,596,130,466
S01006042,533,167,366
S01006043,355,106,249
S01006044,586,201,385
S01006045,469,171,298
S01006046,487,127,360
S01006047,476,87,389
S01006048,476,243,233
S01006049,491,121,370
S01006050,497,129,368
S01006051,549,156,393
S01006052,585,267,318
S01006053,542,220,322
S01006054,539,206,333
S01006055,471,223,248
S01006056,636,356,280
S01006057,322,76,246
S01006058,484,66,418
S01006059,504,114,390
S01006060,442,118,324
S01006061,345,56,289
S01006062,486,84,402
S01006063,312,35,277
S01006064,493,117,376
S01006065,517,105,412
S01006066,672,178,494
S01006067,574,334,240
S01006068,370,171,199
S01006069,570,369,201
S01006070,443,275,168
S01006071,580,375,205
S01006072,389,203,186
S01006073,281,142,139
S01006074,441,196,245
S01006075,672,147,525
S01006076,616,113,503
S01006077,826,243,583
S01006078,957,419,538
S01006079,462,117,345
S01006080,612,226,386
S01006081,477,228,249
S01006082,555,72,483
S01006083,674,291,383
S01006084,583,127,456
S01006085,489,161,328
S01006086,626,207,419
S01006087,508,121,387
S01006088,498,172,326
S01006089,478,140,338
S01006090,504,88,416
S01006091,579,284,295
S01006092,377,77,300
S01006093,465,141,324
S01006094,532,130,402
S01006095,567,226,341
S01006096,412,103,309
S01006097,620,133,487
S01006098,434,126,308
S01006099,381,168,213
S01006100,244,46,198
S01006101,453,127,326
S01006102,525,101,424
S01006103,500,198,302
S01006104,464,132,332
S01006105,532,192,340
S01006106,568,130,438
S01006107,440,63,377
S01006108,589,106,483
S01006109,548,275,273
S01006110,490,66,424
S01006111,648,166,482
S01006112,509,177,332
S01006113,574,340,234
S01006114,451,97,354
S01006115,467,291,176
S01006116,582,364,218
S01006117,552,197,355
S01006118,410,169,241
S01006119,691,488,203
S01006120,520,230,290
S01006121,346,122,224
S01006122,649,365,284
S01006123,338,122,216
S01006124,388,114,274
S01006125,549,287,262
S01006126,337,110,227
S01006127,385,180,205
S01006128,320,97,223
S01006129,481,180,301
S01006130,295,30,265
S01006131,623,322,301
S01006132,482,62,420
S01006133,403,224,179
S01006134,307,134,173
S01006135,291,58,233
S01006136,624,145,479
S01006137,388,140,248
S01006138,447,210,237
S01006139,258,39,219
S01006140,495,249,246
S01006141,1188,418,770
S01006142,449,194,255
S01006143,418,234,184
S01006144,662,344,318
S01006145,509,215,294
S01006146,498,328,170
S01006147,485,261,224
S01006148,487,211,276
S01006149,730,284,446
S01006150,683,306,377
S01006151,80,53,27
S01006152,497,327,170
S01006153,404,191,213
S01006154,537,326,211
S01006155,507,213,294
S01006156,394,163,231
S01006157,485,238,247
S01006158,544,356,188
S01006159,520,311,209
S01006160,518,349,169
S01006161,508,307,201
S01006162,424,193,231
S01006163,529,192,337
S01006164,404,153,251
S01006165,437,210,227
S01006166,575,346,229
S01006167,999,634,365
S01006168,633,211,422
S01006169,476,193,283
S01006170,635,281,354
S01006171,571,181,390
S01006172,318,104,214
S01006173,450,173,277
S01006174,452,114,338
S01006175,543,197,346
S01006176,457,123,334
S01006177,348,60,288
S01006178,514,143,371
S01006179,474,116,358
S01006180,484,122,362
S01006181,428,74,354
S01006182,448,109,339
S01006183,470,70,400
S01006184,495,83,412
S01006185,616,111,505
S01006186,743,212,531
S01006187,453,62,391
S01006188,419,88,331
S01006189,399,66,333
S01006190,528,167,361
S01006191,353,67,286
S01006192,389,97,292
S01006193,508,112,396
S01006194,536,93,443
S01006195,467,74,393
S01006196,567,142,425
S01006197,486,91,395
S01006198,405,55,350
S01006199,387,79,308
S01006200,569,187,382
S01006201,540,81,459
S01006202,397,63,334
S01006203,375,93,282
S01006204,573,128,445
S01006205,405,101,304
S01006206,501,129,372
S01006207,517,107,410
S01006208,456,123,333
S01006209,483,158,325
S01006210,509,161,348
S01006211,311,54,257
S01006212,547,232,315
S01006213,677,205,472
S01006214,538,162,376
S01006215,517,119,398
S01006216,421,157,264
S01006217,588,124,464
S01006218,387,139,248
S01006219,604,199,405
S01006220,563,234,329
S01006221,534,122,412
S01006222,683,179,504
S01006223,497,170,327
S01006224,447,164,283
S01006225,499,84,415
S01006226,497,160,337
S01006227,565,161,404
S01006228,510,185,325
S01006229,509,84,425
S01006230,532,86,446
S01006231,491,83,408
S01006232,695,310,385
S01006233,518,184,334
S01006234,467,157,310
S01006235,495,159,336
S01006236,423,125,298
S01006237,617,246,371
S01006238,620,228,392
S01006239,306,116,190
S01006240,451,82,369
S01006241,681,216,465
S01006242,474,104,370
S01006243,372,152,220
S01006244,531,165,366
S01006245,330,84,246
S01006246,439,141,298
S01006247,583,180,403
S01006248,588,244,344
S01006249,512,184,328
S01006250,452,109,343
S01006251,372,153,219
S01006252,426,150,276
S01006253,340,53,287
S01006254,541,177,364
S01006255,596,194,402
S01006256,417,78,339
S01006257,471,122,349
S01006258,512,133,379
S01006259,420,56,364
S01006260,323,42,281
S01006261,485,119,366
S01006262,537,108,429
S01006263,524,122,402
S01006264,633,222,411
S01006265,588,138,450
S01006266,587,122,465
S01006267,372,58,314
S01006268,451,80,371
S01006269,371,45,326
S01006270,614,150,464
S01006271,419,61,358
S01006272,563,153,410
S01006273,346,62,284
S01006274,367,64,303
S01006275,511,148,363
S01006276,562,139,423
S01006277,452,152,300
S01006278,632,178,454
S01006279,836,225,611
S01006280,439,84,355
S01006281,501,105,396
S01006282,442,93,349
S01006283,476,98,378
S01006284,496,116,380
S01006285,539,170,369
S01006286,785,267,518
S01006287,395,120,275
S01006288,466,76,390
S01006289,607,175,432
S01006290,550,111,439
S01006291,324,49,275
S01006292,566,204,362
S01006293,611,268,343
S01006294,403,154,249
S01006295,576,212,364
S01006296,657,258,399
S01006297,506,98,408
S01006298,691,180,511
S01006299,480,88,392
S01006300,493,82,411
S01006301,412,64,348
S01006302,625,136,489
S01006303,466,117,349
S01006304,507,88,419
S01006305,490,122,368
S01006306,555,151,404
S01006307,541,161,380
S01006308,407,63,344
S01006309,787,251,536
S01006310,566,189,377
S01006311,491,119,372
S01006312,840,116,724
S01006313,847,180,667
S01006314,483,275,208
S01006315,508,67,441
S01006316,602,150,452
S01006317,638,181,457
S01006318,471,67,404
S01006319,586,116,470
S01006320,618,80,538
S01006321,540,307,233
S01006322,493,296,197
S01006323,695,234,461
S01006324,447,241,206
S01006325,428,91,337
S01006326,559,73,486
S01006327,388,53,335
S01006328,383,82,301
S01006329,749,279,470
S01006330,447,101,346
S01006331,500,145,355
S01006332,396,64,332
S01006333,568,100,468
S01006334,506,90,416
S01006335,598,142,456
S01006336,774,409,365
S01006337,887,470,417
S01006338,585,239,346
S01006339,653,167,486
S01006340,476,137,339
S01006341,467,184,283
S01006342,466,79,387
S01006343,807,141,666
S01006344,476,102,374
S01006345,483,124,359
S01006346,435,117,318
S01006347,440,156,284
S01006348,375,102,273
S01006349,296,51,245
S01006350,427,52,375
S01006351,759,246,513
S01006352,442,80,362
S01006353,416,119,297
S01006354,600,110,490
S01006355,438,84,354
S01006356,480,182,298
S01006357,481,212,269
S01006358,430,67,363
S01006359,781,222,559
S01006360,476,169,307
S01006361,746,220,526
S01006362,553,167,386
S01006363,486,184,302
S01006364,2794,1291,1503
S01006365,657,255,402
S01006366,503,198,305
S01006367,511,161,350
S01006368,550,286,264
S01006369,1101,337,764
S01006370,703,241,462
S01006371,435,190,245
S01006372,475,79,396
S01006373,590,224,366
S01006374,431,92,339
S01006375,423,93,330
S01006376,694,263,431
S01006377,375,63,312
S01006378,339,155,184
S01006379,462,119,343
S01006380,457,112,345
S01006381,310,119,191
S01006382,447,77,370
S01006383,386,94,292
S01006384,535,156,379
S01006385,652,130,522
S01006386,682,165,517
S01006387,584,141,443
S01006388,701,137,564
S01006389,430,82,348
S01006390,433,87,346
S01006391,691,324,367
S01006392,641,157,484
S01006393,863,245,618
S01006394,463,94,369
S01006395,730,222,508
S01006396,391,65,326
S01006397,647,248,399
S01006398,573,176,397
S01006399,472,103,369
S01006400,900,337,563
S01006401,656,127,529
S01006402,420,58,362
S01006403,503,111,392
S01006404,606,110,496
S01006405,708,200,508
S01006406,252,44,208
S01006407,467,181,286
S01006408,665,100,565
S01006409,973,371,602
S01006410,444,92,352
S01006411,674,213,461
S01006412,437,76,361
S01006413,342,52,290
S01006414,345,112,233
S01006415,551,180,371
S01006416,544,172,372
S01006417,516,142,374
S01006418,399,64,335
S01006419,346,61,285
S01006420,563,75,488
S01006421,513,264,249
S01006422,391,65,326
S01006423,430,150,280
S01006424,354,74,280
S01006425,844,270,574
S01006426,804,296,508
S01006427,489,114,375
S01006428,527,125,402
S01006429,445,64,381
S01006430,476,193,283
S01006431,334,137,197
S01006432,448,98,350
S01006433,390,74,316
S01006434,527,128,399
S01006435,309,112,197
S01006436,501,126,375
S01006437,599,138,461
S01006438,442,81,361
S01006439,615,175,440
S01006440,547,94,453
S01006441,424,86,338
S01006442,496,116,380
S01006443,329,58,271
S01006444,404,103,301
S01006445,497,121,376
S01006446,615,188,427
S01006447,381,77,304
S01006448,616,253,363
S01006449,338,129,209
S01006450,359,42,317
S01006451,692,163,529
S01006452,402,83,319
S01006453,635,142,493
S01006454,446,207,239
S01006455,362,66,296
S01006456,1192,430,762
S01006457,725,296,429
S01006458,574,251,323
S01006459,543,271,272
S01006460,333,109,224
S01006461,1153,506,647
S01006462,540,160,380
S01006463,455,147,308
S01006464,480,122,358
S01006465,951,381,570
S01006466,545,180,365
S01006467,559,196,363
S01006468,846,308,538
S01006469,451,124,327
S01006470,558,138,420
S01006471,576,101,475
S01006472,420,88,332
S01006473,516,229,287
S01006474,503,99,404
S01006475,547,119,428
S01006476,560,185,375
S01006477,537,91,446
S01006478,694,220,474
S01006479,521,94,427
S01006480,611,222,389
S01006481,518,159,359
S01006482,519,152,367
S01006483,573,85,488
S01006484,530,150,380
S01006485,458,285,173
S01006486,517,326,191
S01006487,485,102,383
S01006488,472,209,263
S01006489,547,179,368
S01006490,492,326,166
S01006491,539,328,211
S01006492,464,165,299
S01006493,387,127,260
S01006494,426,272,154
S01006495,563,252,311
S01006496,636,272,364
S01006497,398,154,244
S01006498,729,402,327
S01006499,625,371,254
S01006500,465,123,342
S01006501,565,344,221
S01006502,415,215,200
S01006503,465,233,232
S01006504,520,295,225
S01006505,511,332,179
