dz_2001,total,pensioner,nonpensioner
S01000001,355,64,291
S01000002,267,8,259
S01000003,333,19,314
S01000004,258,15,243
S01000005,312,26,286
S01000006,269,81,188
S01000007,307,106,201
S01000008,277,85,192
S01000009,284,49,235
S01000010,244,25,219
S01000011,279,41,238
S01000012,300,34,266
S01000013,351,93,258
S01000014,369,49,320
S01000015,285,5,280
S01000016,165,33,132
S01000017,393,70,323
S01000018,241,15,226
S01000019,203,44,159
S01000020,341,141,200
S01000021,350,81,269
S01000022,249,69,180
S01000023,267,37,230
S01000024,171,24,147
S01000025,269,35,234
S01000026,417,149,268
S01000027,332,90,242
S01000028,426,135,291
S01000029,211,8,203
S01000030,231,86,145
S01000031,365,105,260
S01000032,487,172,315
S01000033,389,135,254
S01000034,339,83,256
S01000035,447,109,338
S01000036,291,96,195
S01000037,350,60,290
S01000038,277,77,200
S01000039,429,133,296
S01000040,392,105,287
S01000041,369,130,239
S01000042,342,92,250
S01000043,496,146,350
S01000044,441,158,283
S01000045,244,78,166
S01000046,332,111,221
S01000047,439,165,274
S01000048,422,95,327
S01000049,336,113,223
S01000050,262,70,192
S01000051,364,155,209
S01000052,260,49,211
S01000053,532,166,366
S01000054,387,194,193
S01000055,319,43,276
S01000056,397,99,298
S01000057,284,39,245
S01000058,268,59,209
S01000059,338,58,280
S01000060,268,25,243
S01000061,453,158,295
S01000062,547,63,484
S01000063,412,81,331
S01000064,284,77,207
S01000065,554,79,475
S01000066,457,56,401
S01000067,474,180,294
S01000068,380,118,262
S01000069,378,106,272
S01000070,284,52,232
S01000071,411,81,330
S01000072,389,153,236
S01000073,264,85,179
S01000074,380,69,311
S01000075,352,94,258
S01000076,316,100,216
S01000077,398,57,341
S01000078,567,50,517
S01000079,503,40,463
S01000080,558,70,488
S01000081,409,114,295
S01000082,491,139,352
S01000083,364,59,305
S01000084,441,52,389
S01000085,373,30,343
S01000086,367,39,328
S01000087,250,77,173
S01000088,391,26,365
S01000089,390,134,256
S01000090,428,46,382
S01000091,547,48,499
S01000092,565,44,521
S01000093,203,10,193
S01000094,349,17,332
S01000095,405,56,349
S01000096,412,180,232
S01000097,395,76,319
S01000098,585,37,548
S01000099,332,111,221
S01000100,428,28,400
S01000101,405,67,338
S01000102,465,112,353
S01000103,365,36,329
S01000104,321,95,226
S01000105,378,80,298
S01000106,278,40,238
S01000107,546,24,522
S01000108,298,80,218
S01000109,563,115,448
S01000110,401,186,215
S01000111,369,67,302
S01000112,561,85,476
S01000113,238,54,184
S01000114,305,36,269
S01000115,412,153,259
S01000116,613,47,566
S01000117,424,126,298
S01000118,300,92,208
S01000119,527,90,437
S01000120,316,47,269
S01000121,346,110,236
S01000122,345,95,250
S01000123,252,57,195
S01000124,590,84,506
S01000125,371,52,319
S01000126,569,169,400
S01000127,320,71,249
S01000128,599,38,561
S01000129,277,4,273
S01000130,536,114,422
S01000131,352,78,274
S01000132,432,48,384
S01000133,301,74,227
S01000134,331,76,255
S01000135,421,103,318
S01000136,307,90,217
S01000137,457,49,408
S01000138,494,47,447
S01000139,369,145,224
S01000140,410,125,285
S01000141,381,105,276
S01000142,338,69,269
S01000143,241,58,183
S01000144,305,11,294
S01000145,463,186,277
S01000146,619,44,575
S01000147,456,32,424
S01000148,303,70,233
S01000149,624,104,520
S01000150,278,80,198
S01000151,481,232,249
S01000152,454,59,395
S01000153,316,48,268
S01000154,250,87,163
S01000155,365,132,233
S01000156,509,39,470
S01000157,403,172,231
S01000158,454,144,310
S01000159,344,29,315
S01000160,337,100,237
S01000161,408,55,353
S01000162,433,135,298
S01000163,429,125,304
S01000164,299,129,170
S01000165,483,135,348
S01000166,560,80,480
S01000167,316,97,219
S01000168,387,102,285
S01000169,345,119,226
S01000170,506,70,436
S01000171,336,4,332
S01000172,213,56,157
S01000173,362,108,254
S01000174,286,12,274
S01000175,297,13,284
S01000176,384,51,333
S01000177,269,41,228
S01000178,308,60,248
S01000179,457,186,271
S01000180,275,69,206
S01000181,236,30,206
S01000182,334,72,262
S01000183,477,23,454
S01000184,371,96,275
S01000185,474,137,337
S01000186,499,251,248
S01000187,246,52,194
S01000188,453,149,304
S01000189,215,27,188
S01000190,363,91,272
S01000191,430,108,322
S01000192,369,70,299
S01000193,288,53,235
S01000194,365,28,337
S01000195,400,58,342
S01000196,317,24,293
S01000197,235,46,189
S01000198,334,91,243
S01000199,349,74,275
S01000200,412,132,280
S01000201,312,102,210
S01000202,461,100,361
S01000203,237,16,221
S01000204,250,26,224
S01000205,324,41,283
S01000206,270,44,226
S01000207,525,185,340
S01000208,342,78,264
S01000209,389,35,354
S01000210,355,41,314
S01000211,357,84,273
S01000212,331,78,253
S01000213,393,120,273
S01000214,231,85,146
S01000215,235,28,207
S01000216,290,68,222
S01000217,332,47,285
S01000218,336,138,198
S01000219,351,48,303
S01000220,307,71,236
S01000221,461,131,330
S01000222,330,110,220
S01000223,247,33,214
S01000224,311,102,209
S01000225,252,59,193
S01000226,279,61,218
S01000227,254,29,225
S01000228,343,45,298
S01000229,395,148,247
S01000230,306,65,241
S01000231,283,19,264
S01000232,296,115,181
S01000233,275,118,157
S01000234,328,51,277
S01000235,345,41,304
S01000236,295,78,217
S01000237,375,105,270
S01000238,229,18,211
S01000239,294,74,220
S01000240,280,51,229
S01000241,226,7,219
S01000242,300,53,247
S01000243,257,16,241
S01000244,506,147,359
S01000245,369,70,299
S01000246,284,66,218
S01000247,272,22,250
S01000248,345,40,305
S01000249,292,53,239
S01000250,275,20,255
S01000251,150,3,147
S01000252,344,12,332
S01000253,222,2,220
S01000254,316,26,290
S01000255,259,7,252
S01000256,418,155,263
S01000257,346,85,261
S01000258,239,14,225
S01000259,220,10,210
S01000260,330,6,324
S01000261,399,62,337
S01000262,405,100,305
S01000263,323,19,304
S01000264,407,76,331
S01000265,335,103,232
S01000266,392,87,305
S01000267,289,65,224
S01000268,324,86,238
S01000269,204,32,172
S01000270,388,82,306
S01000271,365,89,276
S01000272,368,88,280
S01000273,196,18,178
S01000274,256,79,177
S01000275,426,151,275
S01000276,246,23,223
S01000277,275,62,213
S01000278,248,92,156
S01000279,210,33,177
S01000280,248,41,207
S01000281,297,83,214
S01000282,257,34,223
S01000283,350,60,290
S01000284,287,36,251
S01000285,242,34,208
S01000286,476,136,340
S01000287,280,49,231
S01000288,329,42,287
S01000289,417,125,292
S01000290,332,61,271
S01000291,284,52,232
S01000292,365,83,282
S01000293,434,207,227
S01000294,243,35,208
S01000295,220,36,184
S01000296,207,55,152
S01000297,285,33,252
S01000298,194,36,158
S01000299,344,92,252
S01000300,293,29,264
S01000301,274,83,191
S01000302,207,41,166
S01000303,217,44,173
S01000304,261,29,232
S01000305,413,89,324
S01000306,279,42,237
S01000307,336,17,319
S01000308,382,64,318
S01000309,251,48,203
S01000310,341,28,313
S01000311,420,87,333
S01000312,263,96,167
S01000313,303,89,214
S01000314,242,28,214
S01000315,247,78,169
S01000316,379,160,219
S01000317,259,98,161
S01000318,212,48,164
S01000319,225,11,214
S01000320,325,33,292
S01000321,214,26,188
S01000322,377,73,304
S01000323,342,95,247
S01000324,312,21,291
S01000325,269,85,184
S01000326,292,56,236
S01000327,308,36,272
S01000328,198,11,187
S01000329,191,13,178
S01000330,260,42,218
S01000331,275,84,191
S01000332,293,89,204
S01000333,308,42,266
S01000334,358,124,234
S01000335,276,76,200
S01000336,319,53,266
S01000337,280,79,201
S01000338,191,40,151
S01000339,419,109,310
S01000340,382,80,302
S01000341,282,46,236
S01000342,193,71,122
S01000343,222,30,192
S01000344,340,72,268
S01000345,248,42,206
S01000346,266,40,226
S01000347,191,52,139
S01000348,322,43,279
S01000349,263,72,191
S01000350,355,40,315
S01000351,364,42,322
S01000352,300,57,243
S01000353,248,25,223
S01000354,188,31,157
S01000355,238,28,210
S01000356,222,25,197
S01000357,220,10,210
S01000358,351,41,310
S01000359,249,11,238
S01000360,226,67,159
S01000361,235,44,191
S01000362,346,53,293
S01000363,350,49,301
S01000364,332,50,282
S01000365,254,34,220
S01000366,286,54,232
S01000367,297,60,237
S01000368,341,85,256
S01000369,391,61,330
S01000370,292,27,265
S01000371,418,156,262
S01000372,376,76,300
S01000373,220,31,189
S01000374,244,82,162
S01000375,271,57,214
S01000376,345,54,291
S01000377,282,35,247
S01000378,195,30,165
S01000379,212,20,192
S01000380,268,24,244
S01000381,338,101,237
S01000382,299,60,239
S01000383,250,46,204
S01000384,313,78,235
S01000385,243,46,197
S01000386,339,76,263
S01000387,348,91,257
S01000388,281,46,235
S01000389,240,18,222
S01000390,303,78,225
S01000391,253,50,203
S01000392,271,33,238
S01000393,376,141,235
S01000394,282,41,241
S01000395,239,39,200
S01000396,461,198,263
S01000397,442,130,312
S01000398,271,37,234
S01000399,294,81,213
S01000400,339,103,236
S01000401,306,45,261
S01000402,303,61,242
S01000403,350,84,266
S01000404,284,37,247
S01000405,173,17,156
S01000406,265,49,216
S01000407,269,69,200
S01000408,199,27,172
S01000409,233,26,207
S01000410,242,34,208
S01000411,235,22,213
S01000412,291,39,252
S01000413,311,55,256
S01000414,245,23,222
S01000415,273,82,191
S01000416,274,58,216
S01000417,400,96,304
S01000418,273,51,222
S01000419,244,28,216
S01000420,412,111,301
S01000421,227,30,197
S01000422,286,91,195
S01000423,320,33,287
S01000424,256,29,227
S01000425,269,67,202
S01000426,277,38,239
S01000427,326,32,294
S01000428,276,32,244
S01000429,344,110,234
S01000430,214,34,180
S01000431,311,128,183
S01000432,422,116,306
S01000433,197,49,148
S01000434,245,51,194
S01000435,224,46,178
S01000436,232,25,207
S01000437,402,83,319
S01000438,230,22,208
S01000439,268,35,233
S01000440,342,78,264
S01000441,357,85,272
S01000442,295,39,256
S01000443,215,20,195
S01000444,200,20,180
S01000445,396,74,322
S01000446,362,49,313
S01000447,212,50,162
S01000448,225,35,190
S01000449,305,72,233
S01000450,256,41,215
S01000451,307,57,250
S01000452,208,30,178
S01000453,187,19,168
S01000454,220,87,133
S01000455,346,51,295
S01000456,297,70,227
S01000457,397,180,217
S01000458,309,31,278
S01000459,494,162,332
S01000460,321,92,229
S01000461,444,163,281
S01000462,435,156,279
S01000463,265,32,233
S01000464,299,51,248
S01000465,238,23,215
S01000466,289,26,263
S01000467,288,70,218
S01000468,183,20,163
S01000469,234,20,214
S01000470,344,62,282
S01000471,237,51,186
S01000472,285,23,262
S01000473,291,31,260
S01000474,233,35,198
S01000475,337,60,277
S01000476,213,35,178
S01000477,312,86,226
S01000478,385,144,241
S01000479,395,103,292
S01000480,256,63,193
S01000481,292,45,247
S01000482,396,103,293
S01000483,447,174,273
S01000484,383,72,311
S01000485,414,66,348
S01000486,494,100,394
S01000487,267,114,153
S01000488,308,103,205
S01000489,438,131,307
S01000490,235,26,209
S01000491,249,48,201
S01000492,367,64,303
S01000493,260,90,170
S01000494,222,44,178
S01000495,338,73,265
S01000496,217,17,200
S01000497,271,69,202
S01000498,236,82,154
S01000499,310,62,248
S01000500,241,37,204
S01000501,278,107,171
S01000502,183,18,165
S01000503,186,32,154
S01000504,374,132,242
S01000505,289,57,232
S01000506,234,33,201
S01000507,492,179,313
S01000508,338,52,286
S01000509,463,161,302
S01000510,299,89,210
S01000511,208,43,165
S01000512,386,101,285
S01000513,372,114,258
S01000514,212,35,177
S01000515,179,22,157
S01000516,251,58,193
S01000517,288,105,183
S01000518,393,127,266
S01000519,181,22,159
S01000520,378,73,305
S01000521,385,93,292
S01000522,239,33,206
S01000523,322,75,247
S01000524,234,43,191
S01000525,378,79,299
S01000526,335,48,287
S01000527,227,39,188
S01000528,279,56,223
S01000529,276,41,235
S01000530,182,35,147
S01000531,222,49,173
S01000532,356,132,224
S01000533,317,92,225
S01000534,357,109,248
S01000535,446,124,322
S01000536,210,46,164
S01000537,208,34,174
S01000538,336,85,251
S01000539,519,167,352
S01000540,340,93,247
S01000541,248,72,176
S01000542,290,97,193
S01000543,324,81,243
S01000544,304,86,218
S01000545,323,78,245
S01000546,269,72,197
S01000547,236,74,162
S01000548,457,151,306
S01000549,367,48,319
S01000550,179,28,151
S01000551,374,140,234
S01000552,204,45,159
S01000553,339,92,247
S01000554,298,24,274
S01000555,387,134,253
S01000556,331,59,272
S01000557,375,122,253
S01000558,221,63,158
S01000559,315,116,199
S01000560,440,73,367
S01000561,545,234,311
S01000562,431,128,303
S01000563,356,94,262
S01000564,381,60,321
S01000565,304,81,223
S01000566,319,60,259
S01000567,336,90,246
S01000568,222,63,159
S01000569,329,110,219
S01000570,414,148,266
S01000571,438,211,227
S01000572,305,73,232
S01000573,206,21,185
S01000574,351,147,204
S01000575,282,121,161
S01000576,255,52,203
S01000577,227,67,160
S01000578,287,91,196
S01000579,264,45,219
S01000580,274,40,234
S01000581,276,71,205
S01000582,283,37,246
S01000583,303,49,254
S01000584,372,105,267
S01000585,450,149,301
S01000586,309,58,251
S01000587,304,102,202
S01000588,260,66,194
S01000589,300,113,187
S01000590,315,89,226
S01000591,217,63,154
S01000592,379,100,279
S01000593,230,47,183
S01000594,210,40,170
S01000595,325,92,233
S01000596,335,57,278
S01000597,401,99,302
S01000598,211,32,179
S01000599,326,95,231
S01000600,306,73,233
S01000601,408,80,328
S01000602,286,73,213
S01000603,317,60,257
S01000604,361,63,298
S01000605,311,87,224
S01000606,393,110,283
S01000607,348,129,219
S01000608,539,119,420
S01000609,483,120,363
S01000610,443,169,274
S01000611,296,83,213
S01000612,545,158,387
S01000613,480,143,337
S01000614,301,79,222
S01000615,469,222,247
S01000616,394,74,320
S01000617,279,98,181
S01000618,343,133,210
S01000619,285,61,224
S01000620,386,74,312
S01000621,531,208,323
S01000622,212,22,190
S01000623,286,70,216
S01000624,262,72,190
S01000625,275,59,216
S01000626,308,29,279
S01000627,399,85,314
S01000628,243,49,194
S01000629,201,27,174
S01000630,338,90,248
S01000631,286,63,223
S01000632,232,34,198
S01000633,221,20,201
S01000634,347,74,273
S01000635,248,39,209
S01000636,197,29,168
S01000637,229,27,202
S01000638,202,44,158
S01000639,271,60,211
S01000640,260,54,206
S01000641,319,94,225
S01000642,331,71,260
S01000643,242,50,192
S01000644,286,76,210
S01000645,367,65,302
S01000646,356,106,250
S01000647,366,82,284
S01000648,412,96,316
S01000649,237,46,191
S01000650,298,84,214
S01000651,355,116,239
S01000652,343,116,227
S01000653,446,169,277
S01000654,382,91,291
S01000655,370,75,295
S01000656,324,85,239
S01000657,369,142,227
S01000658,284,72,212
S01000659,495,158,337
S01000660,396,132,264
S01000661,392,125,267
S01000662,210,38,172
S01000663,291,73,218
S01000664,337,73,264
S01000665,305,101,204
S01000666,204,51,153
S01000667,441,118,323
S01000668,417,115,302
S01000669,410,162,248
S01000670,250,68,182
S01000671,264,84,180
S01000672,268,71,197
S01000673,292,72,220
S01000674,426,105,321
S01000675,293,90,203
S01000676,209,47,162
S01000677,406,118,288
S01000678,391,91,300
S01000679,368,95,273
S01000680,390,108,282
S01000681,451,121,330
S01000682,329,92,237
S01000683,247,53,194
S01000684,423,180,243
S01000685,402,131,271
S01000686,349,109,240
S01000687,351,100,251
S01000688,322,85,237
S01000689,234,40,194
S01000690,314,86,228
S01000691,349,96,253
S01000692,385,83,302
S01000693,454,141,313
S01000694,324,81,243
S01000695,318,64,254
S01000696,382,128,254
S01000697,203,53,150
S01000698,295,95,200
S01000699,255,75,180
S01000700,329,45,284
S01000701,376,121,255
S01000702,238,73,165
S01000703,330,112,218
S01000704,308,55,253
S01000705,435,103,332
S01000706,330,69,261
S01000707,231,34,197
S01000708,222,36,186
S01000709,407,177,230
S01000710,440,72,368
S01000711,239,63,176
S01000712,266,95,171
S01000713,309,77,232
S01000714,330,69,261
S01000715,364,155,209
S01000716,285,39,246
S01000717,428,137,291
S01000718,422,118,304
S01000719,282,96,186
S01000720,370,120,250
S01000721,283,83,200
S01000722,372,103,269
S01000723,218,55,163
S01000724,384,103,281
S01000725,256,53,203
S01000726,341,106,235
S01000727,271,90,181
S01000728,359,127,232
S01000729,264,85,179
S01000730,194,37,157
S01000731,299,90,209
S01000732,321,111,210
S01000733,421,164,257
S01000734,327,112,215
S01000735,230,88,142
S01000736,349,144,205
S01000737,288,115,173
S01000738,278,87,191
S01000739,376,101,275
S01000740,319,117,202
S01000741,366,134,232
S01000742,246,99,147
S01000743,297,114,183
S01000744,376,90,286
S01000745,292,65,227
S01000746,364,86,278
S01000747,274,80,194
S01000748,281,121,160
S01000749,227,37,190
S01000750,327,124,203
S01000751,301,96,205
S01000752,448,139,309
S01000753,258,51,207
S01000754,279,95,184
S01000755,314,70,244
S01000756,483,168,315
S01000757,297,116,181
S01000758,388,91,297
S01000759,391,120,271
S01000760,224,37,187
S01000761,215,80,135
S01000762,260,69,191
S01000763,357,91,266
S01000764,280,69,211
S01000765,208,12,196
S01000766,335,116,219
S01000767,305,52,253
S01000768,467,129,338
S01000769,562,142,420
S01000770,236,34,202
S01000771,407,112,295
S01000772,322,136,186
S01000773,408,150,258
S01000774,194,0,194
S01000775,287,123,164
S01000776,218,34,184
S01000777,164,0,164
S01000778,183,48,135
S01000779,309,56,253
S01000780,367,68,299
S01000781,341,97,244
S01000782,245,39,206
S01000783,223,60,163
S01000784,293,47,246
S01000785,325,100,225
S01000786,361,104,257
S01000787,237,68,169
S01000788,281,63,218
S01000789,305,94,211
S01000790,189,47,142
S01000791,276,61,215
S01000792,268,51,217
S01000793,266,28,238
S01000794,407,117,290
S01000795,347,94,253
S01000796,203,54,149
S01000797,172,24,148
S01000798,232,69,163
S01000799,216,46,170
S01000800,470,144,326
S01000801,266,45,221
S01000802,345,96,249
S01000803,398,94,304
S01000804,405,72,333
S01000805,383,128,255
S01000806,385,109,276
S01000807,323,81,242
S01000808,302,67,235
S01000809,266,75,191
S01000810,252,60,192
S01000811,316,55,261
S01000812,276,85,191
S01000813,279,42,237
S01000814,311,30,281
S01000815,288,107,181
S01000816,357,85,272
S01000817,344,81,263
S01000818,332,73,259
S01000819,361,90,271
S01000820,262,70,192
S01000821,398,104,294
S01000822,242,51,191
S01000823,256,70,186
S01000824,240,72,168
S01000825,299,85,214
S01000826,286,63,223
S01000827,287,84,203
S01000828,344,83,261
S01000829,260,93,167
S01000830,318,87,231
S01000831,396,113,283
S01000832,402,101,301
S01000833,209,38,171
S01000834,416,99,317
S01000835,319,82,237
S01000836,396,55,341
S01000837,453,71,382
S01000838,295,55,240
S01000839,429,70,359
S01000840,340,67,273
S01000841,353,40,313
S01000842,338,72,266
S01000843,355,124,231
S01000844,304,61,243
S01000845,245,56,189
S01000846,386,82,304
S01000847,495,150,345
S01000848,326,124,202
S01000849,224,57,167
S01000850,327,115,212
S01000851,299,26,273
S01000852,300,80,220
S01000853,258,87,171
S01000854,403,73,330
S01000855,309,46,263
S01000856,204,29,175
S01000857,243,39,204
S01000858,266,23,243
S01000859,360,65,295
S01000860,406,91,315
S01000861,288,104,184
S01000862,224,50,174
S01000863,232,60,172
S01000864,272,75,197
S01000865,351,98,253
S01000866,378,81,297
S01000867,397,126,271
S01000868,306,70,236
S01000869,216,13,203
S01000870,296,25,271
S01000871,300,50,250
S01000872,280,74,206
S01000873,317,58,259
S01000874,232,31,201
S01000875,330,82,248
S01000876,328,63,265
S01000877,362,79,283
S01000878,208,38,170
S01000879,364,121,243
S01000880,316,71,245
S01000881,316,64,252
S01000882,465,146,319
S01000883,398,71,327
S01000884,238,53,185
S01000885,192,36,156
S01000886,305,92,213
S01000887,310,59,251
S01000888,342,86,256
S01000889,352,84,268
S01000890,388,96,292
S01000891,382,130,252
S01000892,203,39,164
S01000893,274,51,223
S01000894,235,58,177
S01000895,387,74,313
S01000896,190,39,151
S01000897,310,95,215
S01000898,246,80,166
S01000899,377,113,264
S01000900,271,65,206
S01000901,303,87,216
S01000902,429,156,273
S01000903,444,143,301
S01000904,311,78,233
S01000905,293,80,213
S01000906,233,80,153
S01000907,399,166,233
S01000908,369,117,252
S01000909,382,82,300
S01000910,324,57,267
S01000911,434,155,279
S01000912,319,98,221
S01000913,336,125,211
S01000914,419,195,224
S01000915,402,106,296
S01000916,432,122,310
S01000917,294,81,213
S01000918,275,85,190
S01000919,240,91,149
S01000920,214,51,163
S01000921,294,81,213
S01000922,320,78,242
S01000923,305,58,247
S01000924,350,59,291
S01000925,381,87,294
S01000926,245,33,212
S01000927,401,90,311
S01000928,444,144,300
S01000929,227,49,178
S01000930,259,42,217
S01000931,303,62,241
S01000932,418,113,305
S01000933,423,142,281
S01000934,514,170,344
S01000935,375,108,267
S01000936,418,166,252
S01000937,284,72,212
S01000938,335,79,256
S01000939,361,153,208
S01000940,367,127,240
S01000941,266,102,164
S01000942,408,130,278
S01000943,380,143,237
S01000944,374,141,233
S01000945,345,120,225
S01000946,319,97,222
S01000947,336,109,227
S01000948,282,63,219
S01000949,282,135,147
S01000950,349,141,208
S01000951,319,100,219
S01000952,368,136,232
S01000953,375,118,257
S01000954,360,102,258
S01000955,210,42,168
S01000956,389,97,292
S01000957,231,72,159
S01000958,366,99,267
S01000959,281,55,226
S01000960,263,98,165
S01000961,385,135,250
S01000962,283,76,207
S01000963,328,82,246
S01000964,358,106,252
S01000965,265,29,236
S01000966,471,113,358
S01000967,284,101,183
S01000968,399,120,279
S01000969,466,184,282
S01000970,375,132,243
S01000971,267,46,221
S01000972,380,95,285
S01000973,252,66,186
S01000974,327,96,231
S01000975,245,46,199
S01000976,215,62,153
S01000977,313,87,226
S01000978,322,94,228
S01000979,271,64,207
S01000980,327,90,237
S01000981,244,57,187
S01000982,227,48,179
S01000983,233,65,168
S01000984,276,92,184
S01000985,291,86,205
S01000986,203,53,150
S01000987,250,52,198
S01000988,183,33,150
S01000989,322,63,259
S01000990,269,69,200
S01000991,187,37,150
S01000992,383,124,259
S01000993,338,70,268
S01000994,424,101,323
S01000995,295,27,268
S01000996,474,163,311
S01000997,384,92,292
S01000998,286,59,227
S01000999,269,38,231
S01001000,249,81,168
S01001001,222,35,187
S01001002,291,26,265
S01001003,367,71,296
S01001004,297,129,168
S01001005,352,111,241
S01001006,296,56,240
S01001007,358,90,268
S01001008,385,93,292
S01001009,300,74,226
S01001010,463,155,308
S01001011,224,47,177
S01001012,315,73,242
S01001013,361,114,247
S01001014,439,62,377
S01001015,293,83,210
S01001016,398,122,276
S01001017,319,95,224
S01001018,414,121,293
S01001019,455,90,365
S01001020,238,72,166
S01001021,406,123,283
S01001022,356,99,257
S01001023,400,86,314
S01001024,327,71,256
S01001025,402,120,282
S01001026,340,87,253
S01001027,392,162,230
S01001028,318,68,250
S01001029,319,64,255
S01001030,325,105,220
S01001031,395,90,305
S01001032,351,90,261
S01001033,241,38,203
S01001034,368,75,293
S01001035,198,43,155
S01001036,242,54,188
S01001037,445,137,308
S01001038,278,54,224
S01001039,227,54,173
S01001040,246,66,180
S01001041,204,35,169
S01001042,364,46,318
S01001043,266,40,226
S01001044,453,172,281
S01001045,236,74,162
S01001046,217,82,135
S01001047,304,127,177
S01001048,260,58,202
S01001049,287,93,194
S01001050,405,115,290
S01001051,302,108,194
S01001052,229,46,183
S01001053,344,104,240
S01001054,271,65,206
S01001055,373,150,223
S01001056,345,108,237
S01001057,262,71,191
S01001058,375,126,249
S01001059,224,20,204
S01001060,324,94,230
S01001061,337,78,259
S01001062,208,38,170
S01001063,324,90,234
S01001064,373,111,262
S01001065,366,132,234
S01001066,299,81,218
S01001067,304,48,256
S01001068,371,103,268
S01001069,349,71,278
S01001070,384,136,248
S01001071,253,64,189
S01001072,303,59,244
S01001073,419,123,296
S01001074,219,53,166
S01001075,386,158,228
S01001076,334,76,258
S01001077,380,157,223
S01001078,341,69,272
S01001079,197,41,156
S01001080,232,73,159
S01001081,256,60,196
S01001082,456,211,245
S01001083,340,102,238
S01001084,362,109,253
S01001085,360,99,261
S01001086,309,82,227
S01001087,234,71,163
S01001088,426,104,322
S01001089,412,127,285
S01001090,424,86,338
S01001091,302,51,251
S01001092,437,35,402
S01001093,352,43,309
S01001094,397,118,279
S01001095,281,23,258
S01001096,403,67,336
S01001097,281,85,196
S01001098,273,80,193
S01001099,528,69,459
S01001100,587,228,359
S01001101,411,19,392
S01001102,151,27,124
S01001103,351,71,280
S01001104,378,50,328
S01001105,329,103,226
S01001106,277,43,234
S01001107,604,232,372
S01001108,333,23,310
S01001109,440,66,374
S01001110,420,49,371
S01001111,498,37,461
S01001112,464,172,292
S01001113,462,96,366
S01001114,497,131,366
S01001115,425,128,297
S01001116,252,140,112
S01001117,278,75,203
S01001118,331,123,208
S01001119,568,187,381
S01001120,351,147,204
S01001121,398,93,305
S01001122,296,27,269
S01001123,415,89,326
S01001124,333,170,163
S01001125,180,40,140
S01001126,402,155,247
S01001127,392,106,286
S01001128,258,35,223
S01001129,511,116,395
S01001130,429,122,307
S01001131,227,50,177
S01001132,339,116,223
S01001133,471,192,279
S01001134,399,92,307
S01001135,223,64,159
S01001136,427,66,361
S01001137,503,144,359
S01001138,530,113,417
S01001139,413,219,194
S01001140,583,214,369
S01001141,218,37,181
S01001142,468,195,273
S01001143,337,138,199
S01001144,314,70,244
S01001145,350,182,168
S01001146,360,98,262
S01001147,351,33,318
S01001148,316,108,208
S01001149,310,61,249
S01001150,384,51,333
S01001151,321,162,159
S01001152,533,221,312
S01001153,362,162,200
S01001154,315,88,227
S01001155,263,80,183
S01001156,406,28,378
S01001157,307,44,263
S01001158,336,209,127
S01001159,355,193,162
S01001160,334,196,138
S01001161,257,69,188
S01001162,371,119,252
S01001163,357,83,274
S01001164,338,115,223
S01001165,389,55,334
S01001166,167,51,116
S01001167,357,116,241
S01001168,398,44,354
S01001169,493,176,317
S01001170,435,124,311
S01001171,285,30,255
S01001172,372,105,267
S01001173,436,159,277
S01001174,325,28,297
S01001175,428,109,319
S01001176,280,39,241
S01001177,388,139,249
S01001178,467,249,218
S01001179,367,103,264
S01001180,456,151,305
S01001181,374,144,230
S01001182,479,139,340
S01001183,525,187,338
S01001184,319,52,267
S01001185,252,76,176
S01001186,292,49,243
S01001187,433,134,299
S01001188,463,122,341
S01001189,549,261,288
S01001190,304,77,227
S01001191,378,145,233
S01001192,589,238,351
S01001193,358,84,274
S01001194,402,110,292
S01001195,486,245,241
S01001196,636,231,405
S01001197,240,62,178
S01001198,320,87,233
S01001199,425,121,304
S01001200,420,140,280
S01001201,324,70,254
S01001202,290,103,187
S01001203,410,154,256
S01001204,316,63,253
S01001205,309,94,215
S01001206,426,133,293
S01001207,293,67,226
S01001208,295,75,220
S01001209,202,6,196
S01001210,412,141,271
S01001211,452,191,261
S01001212,282,52,230
S01001213,392,104,288
S01001214,389,183,206
S01001215,341,111,230
S01001216,411,85,326
S01001217,372,64,308
S01001218,293,31,262
S01001219,211,31,180
S01001220,242,55,187
S01001221,201,28,173
S01001222,396,150,246
S01001223,310,38,272
S01001224,349,61,288
S01001225,403,142,261
S01001226,231,43,188
S01001227,249,27,222
S01001228,345,104,241
S01001229,316,90,226
S01001230,440,100,340
S01001231,308,69,239
S01001232,239,13,226
S01001233,460,158,302
S01001234,209,42,167
S01001235,269,30,239
S01001236,360,86,274
S01001237,239,58,181
S01001238,344,62,282
S01001239,259,61,198
S01001240,333,72,261
S01001241,306,53,253
S01001242,358,25,333
S01001243,109,9,100
S01001244,267,13,254
S01001245,299,17,282
S01001246,398,121,277
S01001247,235,29,206
S01001248,329,21,308
S01001249,276,60,216
S01001250,385,72,313
S01001251,328,68,260
S01001252,238,29,209
S01001253,275,30,245
S01001254,263,48,215
S01001255,338,51,287
S01001256,298,58,240
S01001257,268,25,243
S01001258,202,10,192
S01001259,329,88,241
S01001260,246,17,229
S01001261,437,95,342
S01001262,338,82,256
S01001263,208,39,169
S01001264,186,16,170
S01001265,203,3,200
S01001266,306,55,251
S01001267,481,158,323
S01001268,271,37,234
S01001269,197,31,166
S01001270,332,61,271
S01001271,300,45,255
S01001272,284,81,203
S01001273,364,156,208
S01001274,285,46,239
S01001275,290,81,209
S01001276,170,16,154
S01001277,283,80,203
S01001278,203,30,173
S01001279,291,45,246
S01001280,265,73,192
S01001281,401,141,260
S01001282,334,115,219
S01001283,215,60,155
S01001284,333,61,272
S01001285,265,47,218
S01001286,196,31,165
S01001287,341,44,297
S01001288,408,133,275
S01001289,271,89,182
S01001290,219,49,170
S01001291,155,31,124
S01001292,324,51,273
S01001293,343,90,253
S01001294,312,59,253
S01001295,404,137,267
S01001296,318,107,211
S01001297,313,57,256
S01001298,400,98,302
S01001299,369,83,286
S01001300,352,57,295
S01001301,240,55,185
S01001302,290,91,199
S01001303,222,30,192
S01001304,248,29,219
S01001305,302,83,219
S01001306,309,77,232
S01001307,356,100,256
S01001308,432,125,307
S01001309,301,82,219
S01001310,321,74,247
S01001311,234,45,189
S01001312,345,72,273
S01001313,341,115,226
S01001314,309,85,224
S01001315,360,82,278
S01001316,384,74,310
S01001317,372,94,278
S01001318,228,57,171
S01001319,318,131,187
S01001320,399,111,288
S01001321,220,59,161
S01001322,303,70,233
S01001323,252,28,224
S01001324,381,69,312
S01001325,280,47,233
S01001326,406,128,278
S01001327,345,104,241
S01001328,343,89,254
S01001329,257,64,193
S01001330,358,52,306
S01001331,384,131,253
S01001332,408,112,296
S01001333,449,156,293
S01001334,330,58,272
S01001335,486,186,300
S01001336,379,123,256
S01001337,293,41,252
S01001338,314,49,265
S01001339,293,64,229
S01001340,301,80,221
S01001341,380,73,307
S01001342,402,139,263
S01001343,417,113,304
S01001344,332,74,258
S01001345,312,92,220
S01001346,309,90,219
S01001347,287,50,237
S01001348,348,128,220
S01001349,279,34,245
S01001350,295,64,231
S01001351,234,53,181
S01001352,395,105,290
S01001353,217,16,201
S01001354,358,83,275
S01001355,312,58,254
S01001356,288,84,204
S01001357,394,191,203
S01001358,399,103,296
S01001359,276,71,205
S01001360,402,118,284
S01001361,227,43,184
S01001362,256,77,179
S01001363,353,83,270
S01001364,411,126,285
S01001365,268,52,216
S01001366,378,126,252
S01001367,339,136,203
S01001368,358,52,306
S01001369,446,131,315
S01001370,306,91,215
S01001371,315,103,212
S01001372,281,25,256
S01001373,240,45,195
S01001374,221,37,184
S01001375,248,39,209
S01001376,434,111,323
S01001377,385,129,256
S01001378,283,79,204
S01001379,455,142,313
S01001380,442,160,282
S01001381,375,108,267
S01001382,393,214,179
S01001383,289,65,224
S01001384,400,57,343
S01001385,442,159,283
S01001386,478,91,387
S01001387,338,57,281
S01001388,460,101,359
S01001389,194,19,175
S01001390,319,43,276
S01001391,294,28,266
S01001392,219,30,189
S01001393,230,57,173
S01001394,229,15,214
S01001395,335,27,308
S01001396,293,33,260
S01001397,332,49,283
S01001398,344,86,258
S01001399,394,66,328
S01001400,395,90,305
S01001401,302,81,221
S01001402,331,26,305
S01001403,324,10,314
S01001404,215,5,210
S01001405,313,34,279
S01001406,238,53,185
S01001407,363,109,254
S01001408,395,116,279
S01001409,358,73,285
S01001410,400,102,298
S01001411,210,29,181
S01001412,405,115,290
S01001413,272,37,235
S01001414,327,96,231
S01001415,415,128,287
S01001416,286,79,207
S01001417,372,58,314
S01001418,369,90,279
S01001419,260,38,222
S01001420,216,35,181
S01001421,347,87,260
S01001422,202,32,170
S01001423,343,58,285
S01001424,498,121,377
S01001425,430,105,325
S01001426,296,59,237
S01001427,322,39,283
S01001428,410,84,326
S01001429,333,127,206
S01001430,365,104,261
S01001431,332,33,299
S01001432,249,14,235
S01001433,330,83,247
S01001434,351,106,245
S01001435,378,88,290
S01001436,364,90,274
S01001437,310,64,246
S01001438,248,95,153
S01001439,288,87,201
S01001440,353,47,306
S01001441,336,138,198
S01001442,263,59,204
S01001443,380,85,295
S01001444,370,36,334
S01001445,285,73,212
S01001446,358,137,221
S01001447,279,62,217
S01001448,293,72,221
S01001449,235,75,160
S01001450,326,139,187
S01001451,274,75,199
S01001452,324,105,219
S01001453,306,40,266
S01001454,366,90,276
S01001455,305,96,209
S01001456,302,142,160
S01001457,363,95,268
S01001458,392,92,300
S01001459,337,93,244
S01001460,243,48,195
S01001461,333,92,241
S01001462,345,111,234
S01001463,168,33,135
S01001464,360,71,289
S01001465,245,62,183
S01001466,268,51,217
S01001467,306,31,275
S01001468,237,65,172
S01001469,314,87,227
S01001470,329,58,271
S01001471,257,62,195
S01001472,326,84,242
S01001473,354,157,197
S01001474,396,146,250
S01001475,242,77,165
S01001476,362,73,289
S01001477,352,38,314
S01001478,267,92,175
S01001479,291,111,180
S01001480,200,43,157
S01001481,363,99,264
S01001482,306,79,227
S01001483,333,81,252
S01001484,334,76,258
S01001485,246,31,215
S01001486,316,133,183
S01001487,256,54,202
S01001488,370,83,287
S01001489,290,51,239
S01001490,429,89,340
S01001491,328,75,253
S01001492,424,95,329
S01001493,314,71,243
S01001494,411,110,301
S01001495,239,69,170
S01001496,395,152,243
S01001497,393,93,300
S01001498,260,27,233
S01001499,384,75,309
S01001500,323,83,240
S01001501,357,125,232
S01001502,319,57,262
S01001503,290,24,266
S01001504,443,103,340
S01001505,391,115,276
S01001506,316,74,242
S01001507,302,23,279
S01001508,327,23,304
S01001509,404,96,308
S01001510,312,119,193
S01001511,239,65,174
S01001512,319,55,264
S01001513,378,64,314
S01001514,328,51,277
S01001515,294,109,185
S01001516,290,96,194
S01001517,520,293,227
S01001518,375,63,312
S01001519,428,160,268
S01001520,288,60,228
S01001521,445,149,296
S01001522,461,181,280
S01001523,273,16,257
S01001524,435,101,334
S01001525,334,64,270
S01001526,271,63,208
S01001527,337,82,255
S01001528,333,46,287
S01001529,297,110,187
S01001530,340,76,264
S01001531,437,41,396
S01001532,259,94,165
S01001533,348,128,220
S01001534,246,43,203
S01001535,330,78,252
S01001536,346,74,272
S01001537,260,58,202
S01001538,345,91,254
S01001539,280,34,246
S01001540,255,19,236
S01001541,336,85,251
S01001542,275,44,231
S01001543,291,30,261
S01001544,379,92,287
S01001545,290,22,268
S01001546,419,98,321
S01001547,371,78,293
S01001548,279,37,242
S01001549,366,86,280
S01001550,260,51,209
S01001551,348,91,257
S01001552,341,61,280
S01001553,348,87,261
S01001554,397,96,301
S01001555,324,89,235
S01001556,369,73,296
S01001557,355,31,324
S01001558,342,106,236
S01001559,221,57,164
S01001560,293,54,239
S01001561,289,56,233
S01001562,268,41,227
S01001563,232,36,196
S01001564,250,75,175
S01001565,385,146,239
S01001566,261,51,210
S01001567,404,54,350
S01001568,287,53,234
S01001569,214,7,207
S01001570,174,7,167
S01001571,294,58,236
S01001572,233,42,191
S01001573,261,39,222
S01001574,354,89,265
S01001575,377,81,296
S01001576,276,87,189
S01001577,294,62,232
S01001578,297,95,202
S01001579,318,57,261
S01001580,274,79,195
S01001581,281,40,241
S01001582,259,64,195
S01001583,182,54,128
S01001584,368,105,263
S01001585,472,181,291
S01001586,170,14,156
S01001587,379,140,239
S01001588,318,55,263
S01001589,372,112,260
S01001590,295,49,246
S01001591,289,96,193
S01001592,322,62,260
S01001593,339,67,272
S01001594,459,165,294
S01001595,298,48,250
S01001596,316,90,226
S01001597,343,119,224
S01001598,259,74,185
S01001599,522,141,381
S01001600,568,197,371
S01001601,350,68,282
S01001602,205,60,145
S01001603,358,69,289
S01001604,235,18,217
S01001605,265,84,181
S01001606,230,59,171
S01001607,374,67,307
S01001608,398,75,323
S01001609,357,75,282
S01001610,296,99,197
S01001611,319,51,268
S01001612,330,75,255
S01001613,307,56,251
S01001614,345,171,174
S01001615,348,82,266
S01001616,204,19,185
S01001617,311,85,226
S01001618,409,112,297
S01001619,297,77,220
S01001620,421,194,227
S01001621,286,69,217
S01001622,365,69,296
S01001623,331,112,219
S01001624,424,109,315
S01001625,325,80,245
S01001626,295,65,230
S01001627,308,72,236
S01001628,230,35,195
S01001629,268,69,199
S01001630,283,62,221
S01001631,366,97,269
S01001632,210,5,205
S01001633,361,77,284
S01001634,311,31,280
S01001635,322,70,252
S01001636,202,29,173
S01001637,288,56,232
S01001638,426,106,320
S01001639,344,132,212
S01001640,258,64,194
S01001641,275,90,185
S01001642,433,169,264
S01001643,324,96,228
S01001644,293,57,236
S01001645,374,78,296
S01001646,232,35,197
S01001647,283,81,202
S01001648,304,90,214
S01001649,349,129,220
S01001650,308,87,221
S01001651,403,144,259
S01001652,326,62,264
S01001653,306,57,249
S01001654,251,72,179
S01001655,257,73,184
S01001656,450,152,298
S01001657,206,41,165
S01001658,363,93,270
S01001659,293,128,165
S01001660,315,127,188
S01001661,289,84,205
S01001662,321,97,224
S01001663,308,78,230
S01001664,182,22,160
S01001665,363,199,164
S01001666,272,94,178
S01001667,363,174,189
S01001668,283,125,158
S01001669,342,126,216
S01001670,268,65,203
S01001671,199,29,170
S01001672,264,87,177
S01001673,275,42,233
S01001674,335,142,193
S01001675,292,76,216
S01001676,351,112,239
S01001677,314,65,249
S01001678,320,27,293
S01001679,251,48,203
S01001680,235,77,158
S01001681,241,59,182
S01001682,165,9,156
S01001683,313,87,226
S01001684,209,49,160
S01001685,297,88,209
S01001686,344,93,251
S01001687,474,244,230
S01001688,383,78,305
S01001689,273,78,195
S01001690,215,66,149
S01001691,303,82,221
S01001692,205,34,171
S01001693,254,6,248
S01001694,308,72,236
S01001695,307,68,239
S01001696,309,60,249
S01001697,273,27,246
S01001698,215,56,159
S01001699,196,7,189
S01001700,347,98,249
S01001701,408,168,240
S01001702,413,197,216
S01001703,256,21,235
S01001704,345,92,253
S01001705,217,7,210
S01001706,276,69,207
S01001707,332,89,243
S01001708,363,129,234
S01001709,242,21,221
S01001710,311,75,236
S01001711,279,40,239
S01001712,186,26,160
S01001713,283,17,266
S01001714,262,78,184
S01001715,291,15,276
S01001716,314,64,250
S01001717,290,61,229
S01001718,171,24,147
S01001719,263,48,215
S01001720,227,16,211
S01001721,258,90,168
S01001722,279,72,207
S01001723,274,64,210
S01001724,314,100,214
S01001725,306,96,210
S01001726,228,39,189
S01001727,307,64,243
S01001728,227,36,191
S01001729,376,84,292
S01001730,234,54,180
S01001731,221,53,168
S01001732,220,40,180
S01001733,285,71,214
S01001734,200,54,146
S01001735,176,40,136
S01001736,370,114,256
S01001737,237,38,199
S01001738,209,45,164
S01001739,234,27,207
S01001740,297,35,262
S01001741,246,44,202
S01001742,281,39,242
S01001743,376,67,309
S01001744,195,18,177
S01001745,323,75,248
S01001746,357,115,242
S01001747,373,121,252
S01001748,248,73,175
S01001749,372,137,235
S01001750,302,94,208
S01001751,401,96,305
S01001752,340,62,278
S01001753,307,50,257
S01001754,264,55,209
S01001755,336,82,254
S01001756,316,185,131
S01001757,309,62,247
S01001758,346,159,187
S01001759,326,52,274
S01001760,273,64,209
S01001761,335,110,225
S01001762,462,257,205
S01001763,269,58,211
S01001764,187,21,166
S01001765,442,161,281
S01001766,243,51,192
S01001767,235,77,158
S01001768,251,45,206
S01001769,300,137,163
S01001770,265,35,230
S01001771,308,70,238
S01001772,256,119,137
S01001773,406,106,300
S01001774,261,55,206
S01001775,303,119,184
S01001776,282,101,181
S01001777,317,65,252
S01001778,386,76,310
S01001779,259,119,140
S01001780,382,109,273
S01001781,254,78,176
S01001782,369,131,238
S01001783,257,26,231
S01001784,264,113,151
S01001785,236,30,206
S01001786,210,30,180
S01001787,237,58,179
S01001788,307,48,259
S01001789,207,15,192
S01001790,311,70,241
S01001791,282,43,239
S01001792,285,73,212
S01001793,348,90,258
S01001794,369,103,266
S01001795,231,33,198
S01001796,317,95,222
S01001797,320,123,197
S01001798,341,79,262
S01001799,321,41,280
S01001800,343,28,315
S01001801,321,58,263
S01001802,339,11,328
S01001803,421,32,389
S01001804,452,81,371
S01001805,321,86,235
S01001806,257,73,184
S01001807,350,136,214
S01001808,251,72,179
S01001809,353,62,291
S01001810,381,72,309
S01001811,280,73,207
S01001812,204,55,149
S01001813,277,57,220
S01001814,265,21,244
S01001815,349,101,248
S01001816,413,96,317
S01001817,299,82,217
S01001818,344,140,204
S01001819,405,112,293
S01001820,344,102,242
S01001821,175,24,151
S01001822,495,126,369
S01001823,377,125,252
S01001824,347,110,237
S01001825,350,35,315
S01001826,290,106,184
S01001827,395,101,294
S01001828,261,11,250
S01001829,353,142,211
S01001830,336,70,266
S01001831,350,122,228
S01001832,295,82,213
S01001833,390,79,311
S01001834,282,89,193
S01001835,256,43,213
S01001836,280,73,207
S01001837,372,98,274
S01001838,251,76,175
S01001839,429,137,292
S01001840,284,77,207
S01001841,300,54,246
S01001842,288,19,269
S01001843,364,92,272
S01001844,424,106,318
S01001845,265,32,233
S01001846,322,61,261
S01001847,389,133,256
S01001848,395,133,262
S01001849,243,69,174
S01001850,332,68,264
S01001851,297,41,256
S01001852,300,48,252
S01001853,325,113,212
S01001854,448,208,240
S01001855,289,49,240
S01001856,316,155,161
S01001857,334,86,248
S01001858,332,108,224
S01001859,381,75,306
S01001860,326,104,222
S01001861,430,123,307
S01001862,325,44,281
S01001863,346,45,301
S01001864,355,35,320
S01001865,270,23,247
S01001866,287,83,204
S01001867,213,43,170
S01001868,295,85,210
S01001869,352,97,255
S01001870,324,62,262
S01001871,403,136,267
S01001872,310,67,243
S01001873,291,88,203
S01001874,282,24,258
S01001875,347,104,243
S01001876,468,135,333
S01001877,368,32,336
S01001878,390,133,257
S01001879,370,48,322
S01001880,342,40,302
S01001881,275,75,200
S01001882,334,43,291
S01001883,233,35,198
S01001884,498,188,310
S01001885,425,144,281
S01001886,303,59,244
S01001887,338,72,266
S01001888,355,94,261
S01001889,263,67,196
S01001890,398,66,332
S01001891,313,134,179
S01001892,425,40,385
S01001893,442,85,357
S01001894,326,31,295
S01001895,341,96,245
S01001896,335,89,246
S01001897,410,44,366
S01001898,330,105,225
S01001899,323,56,267
S01001900,324,89,235
S01001901,399,132,267
S01001902,382,80,302
S01001903,240,50,190
S01001904,331,128,203
S01001905,386,80,306
S01001906,206,50,156
S01001907,356,130,226
S01001908,288,68,220
S01001909,336,69,267
S01001910,313,53,260
S01001911,301,62,239
S01001912,356,75,281
S01001913,373,54,319
S01001914,237,67,170
S01001915,363,116,247
S01001916,454,122,332
S01001917,246,54,192
S01001918,573,100,473
S01001919,411,96,315
S01001920,354,153,201
S01001921,301,121,180
S01001922,314,43,271
S01001923,136,34,102
S01001924,338,110,228
S01001925,317,81,236
S01001926,264,56,208
S01001927,403,163,240
S01001928,455,92,363
S01001929,344,126,218
S01001930,431,61,370
S01001931,295,59,236
S01001932,370,68,302
S01001933,365,107,258
S01001934,427,155,272
S01001935,350,31,319
S01001936,480,195,285
S01001937,424,130,294
S01001938,256,51,205
S01001939,252,73,179
S01001940,315,66,249
S01001941,341,69,272
S01001942,288,106,182
S01001943,264,56,208
S01001944,273,122,151
S01001945,322,107,215
S01001946,317,33,284
S01001947,389,143,246
S01001948,313,36,277
S01001949,315,76,239
S01001950,512,113,399
S01001951,451,184,267
S01001952,284,57,227
S01001953,350,101,249
S01001954,204,56,148
S01001955,372,140,232
S01001956,316,40,276
S01001957,155,41,114
S01001958,470,169,301
S01001959,266,75,191
S01001960,361,71,290
S01001961,461,59,402
S01001962,351,66,285
S01001963,417,93,324
S01001964,389,36,353
S01001965,430,166,264
S01001966,369,62,307
S01001967,324,11,313
S01001968,430,155,275
S01001969,317,81,236
S01001970,256,99,157
S01001971,437,168,269
S01001972,339,47,292
S01001973,304,54,250
S01001974,338,51,287
S01001975,405,191,214
S01001976,324,84,240
S01001977,405,169,236
S01001978,370,106,264
S01001979,265,66,199
S01001980,353,36,317
S01001981,362,55,307
S01001982,162,21,141
S01001983,342,38,304
S01001984,289,21,268
S01001985,327,82,245
S01001986,377,19,358
S01001987,283,39,244
S01001988,352,86,266
S01001989,387,124,263
S01001990,378,71,307
S01001991,311,42,269
S01001992,319,62,257
S01001993,281,56,225
S01001994,400,45,355
S01001995,323,24,299
S01001996,354,42,312
S01001997,387,104,283
S01001998,312,37,275
S01001999,261,25,236
S01002000,347,72,275
S01002001,552,45,507
S01002002,255,14,241
S01002003,350,64,286
S01002004,443,62,381
S01002005,459,179,280
S01002006,353,18,335
S01002007,654,49,605
S01002008,404,50,354
S01002009,377,60,317
S01002010,197,29,168
S01002011,426,28,398
S01002012,350,50,300
S01002013,362,92,270
S01002014,318,42,276
S01002015,330,90,240
S01002016,314,24,290
S01002017,441,111,330
S01002018,342,131,211
S01002019,267,27,240
S01002020,180,9,171
S01002021,538,216,322
S01002022,303,63,240
S01002023,335,24,311
S01002024,323,29,294
S01002025,559,50,509
S01002026,299,119,180
S01002027,479,42,437
S01002028,325,46,279
S01002029,278,32,246
S01002030,469,35,434
S01002031,409,83,326
S01002032,333,33,300
S01002033,500,55,445
S01002034,350,41,309
S01002035,310,77,233
S01002036,564,50,514
S01002037,299,45,254
S01002038,216,15,201
S01002039,270,69,201
S01002040,295,42,253
S01002041,411,43,368
S01002042,507,247,260
S01002043,364,125,239
S01002044,306,53,253
S01002045,377,90,287
S01002046,379,30,349
S01002047,324,115,209
S01002048,296,26,270
S01002049,550,61,489
S01002050,284,93,191
S01002051,384,156,228
S01002052,475,42,433
S01002053,295,25,270
S01002054,290,24,266
S01002055,309,43,266
S01002056,455,176,279
S01002057,384,125,259
S01002058,440,57,383
S01002059,401,45,356
S01002060,327,41,286
S01002061,360,36,324
S01002062,294,101,193
S01002063,446,34,412
S01002064,442,22,420
S01002065,303,38,265
S01002066,380,37,343
S01002067,417,158,259
S01002068,556,43,513
S01002069,274,79,195
S01002070,364,48,316
S01002071,272,22,250
S01002072,502,178,324
S01002073,401,59,342
S01002074,282,109,173
S01002075,525,117,408
S01002076,411,60,351
S01002077,352,108,244
S01002078,401,106,295
S01002079,469,80,389
S01002080,389,125,264
S01002081,368,36,332
S01002082,511,106,405
S01002083,298,149,149
S01002084,294,45,249
S01002085,276,6,270
S01002086,283,17,266
S01002087,543,137,406
S01002088,361,125,236
S01002089,436,133,303
S01002090,474,166,308
S01002091,422,25,397
S01002092,334,94,240
S01002093,407,50,357
S01002094,356,110,246
S01002095,267,99,168
S01002096,321,88,233
S01002097,306,107,199
S01002098,330,132,198
S01002099,390,57,333
S01002100,262,64,198
S01002101,491,88,403
S01002102,337,99,238
S01002103,300,65,235
S01002104,475,73,402
S01002105,378,71,307
S01002106,381,45,336
S01002107,216,54,162
S01002108,409,19,390
S01002109,400,35,365
S01002110,326,77,249
S01002111,436,152,284
S01002112,447,96,351
S01002113,327,141,186
S01002114,267,57,210
S01002115,482,78,404
S01002116,308,56,252
S01002117,381,55,326
S01002118,448,80,368
S01002119,301,121,180
S01002120,320,40,280
S01002121,308,103,205
S01002122,362,139,223
S01002123,383,120,263
S01002124,303,83,220
S01002125,458,104,354
S01002126,244,67,177
S01002127,311,71,240
S01002128,394,33,361
S01002129,389,88,301
S01002130,229,36,193
S01002131,341,46,295
S01002132,368,117,251
S01002133,612,125,487
S01002134,254,86,168
S01002135,341,108,233
S01002136,333,43,290
S01002137,383,85,298
S01002138,367,136,231
S01002139,282,61,221
S01002140,431,104,327
S01002141,287,40,247
S01002142,442,142,300
S01002143,381,155,226
S01002144,324,137,187
S01002145,484,97,387
S01002146,509,70,439
S01002147,423,149,274
S01002148,347,114,233
S01002149,540,114,426
S01002150,332,56,276
S01002151,648,65,583
S01002152,390,104,286
S01002153,235,67,168
S01002154,429,142,287
S01002155,501,107,394
S01002156,372,53,319
S01002157,369,81,288
S01002158,425,94,331
S01002159,378,87,291
S01002160,458,87,371
S01002161,324,33,291
S01002162,422,74,348
S01002163,633,83,550
S01002164,347,93,254
S01002165,404,53,351
S01002166,366,51,315
S01002167,304,104,200
S01002168,628,148,480
S01002169,417,130,287
S01002170,445,207,238
S01002171,282,76,206
S01002172,306,96,210
S01002173,536,219,317
S01002174,508,93,415
S01002175,570,78,492
S01002176,358,97,261
S01002177,455,72,383
S01002178,548,89,459
S01002179,286,85,201
S01002180,234,22,212
S01002181,449,90,359
S01002182,337,40,297
S01002183,514,92,422
S01002184,335,107,228
S01002185,456,107,349
S01002186,382,52,330
S01002187,451,43,408
S01002188,351,120,231
S01002189,399,77,322
S01002190,364,44,320
S01002191,417,149,268
S01002192,390,156,234
S01002193,353,104,249
S01002194,325,113,212
S01002195,577,138,439
S01002196,294,74,220
S01002197,342,31,311
S01002198,499,76,423
S01002199,359,43,316
S01002200,340,117,223
S01002201,506,52,454
S01002202,311,17,294
S01002203,232,22,210
S01002204,405,119,286
S01002205,407,67,340
S01002206,321,43,278
S01002207,352,85,267
S01002208,280,24,256
S01002209,568,50,518
S01002210,350,62,288
S01002211,336,100,236
S01002212,552,161,391
S01002213,311,38,273
S01002214,433,53,380
S01002215,408,143,265
S01002216,510,75,435
S01002217,514,59,455
S01002218,288,24,264
S01002219,304,104,200
S01002220,298,71,227
S01002221,497,75,422
S01002222,331,111,220
S01002223,296,100,196
S01002224,302,126,176
S01002225,369,49,320
S01002226,502,101,401
S01002227,450,159,291
S01002228,404,141,263
S01002229,331,158,173
S01002230,507,91,416
S01002231,452,148,304
S01002232,327,118,209
S01002233,539,73,466
S01002234,489,110,379
S01002235,583,103,480
S01002236,388,106,282
S01002237,476,80,396
S01002238,325,128,197
S01002239,428,78,350
S01002240,391,75,316
S01002241,398,105,293
S01002242,336,93,243
S01002243,343,40,303
S01002244,405,58,347
S01002245,459,50,409
S01002246,505,87,418
S01002247,363,93,270
S01002248,508,143,365
S01002249,484,145,339
S01002250,439,78,361
S01002251,296,54,242
S01002252,254,72,182
S01002253,472,163,309
S01002254,508,60,448
S01002255,669,112,557
S01002256,429,81,348
S01002257,283,55,228
S01002258,393,87,306
S01002259,248,70,178
S01002260,356,93,263
S01002261,385,97,288
S01002262,342,120,222
S01002263,347,133,214
S01002264,395,82,313
S01002265,423,107,316
S01002266,345,61,284
S01002267,417,60,357
S01002268,286,112,174
S01002269,482,180,302
S01002270,470,58,412
S01002271,398,107,291
S01002272,244,41,203
S01002273,400,68,332
S01002274,419,96,323
S01002275,430,55,375
S01002276,304,77,227
S01002277,359,65,294
S01002278,475,49,426
S01002279,427,49,378
S01002280,342,73,269
S01002281,284,53,231
S01002282,175,30,145
S01002283,306,90,216
S01002284,400,80,320
S01002285,463,122,341
S01002286,366,53,313
S01002287,354,115,239
S01002288,396,22,374
S01002289,457,162,295
S01002290,441,55,386
S01002291,452,54,398
S01002292,458,81,377
S01002293,351,55,296
S01002294,262,66,196
S01002295,341,82,259
S01002297,416,155,261
S01002298,273,38,235
S01002299,322,98,224
S01002300,350,122,228
S01002301,338,19,319
S01002302,270,39,231
S01002303,371,96,275
S01002304,477,22,455
S01002305,460,60,400
S01002306,219,36,183
S01002307,393,20,373
S01002308,477,114,363
S01002309,376,112,264
S01002310,504,95,409
S01002311,238,87,151
S01002312,321,55,266
S01002313,283,49,234
S01002314,423,120,303
S01002315,230,76,154
S01002316,276,73,203
S01002317,472,50,422
S01002318,437,51,386
S01002319,573,200,373
S01002320,309,84,225
S01002321,460,61,399
S01002322,371,65,306
S01002323,377,120,257
S01002324,376,78,298
S01002325,287,89,198
S01002326,475,107,368
S01002327,288,77,211
S01002328,330,34,296
S01002329,275,35,240
S01002330,320,69,251
S01002331,295,93,202
S01002332,321,16,305
S01002333,300,24,276
S01002334,335,64,271
S01002335,439,101,338
S01002336,364,32,332
S01002337,364,38,326
S01002338,260,78,182
S01002339,258,58,200
S01002340,240,63,177
S01002341,247,76,171
S01002342,237,52,185
S01002343,305,53,252
S01002344,203,30,173
S01002345,299,44,255
S01002346,412,121,291
S01002347,318,72,246
S01002348,409,119,290
S01002349,432,146,286
S01002350,433,124,309
S01002351,297,102,195
S01002352,347,98,249
S01002353,296,73,223
S01002354,322,77,245
S01002355,385,81,304
S01002356,422,161,261
S01002357,293,64,229
S01002358,232,64,168
S01002359,413,142,271
S01002360,329,113,216
S01002361,249,40,209
S01002362,285,66,219
S01002363,387,64,323
S01002364,322,55,267
S01002365,228,46,182
S01002366,233,47,186
S01002367,342,77,265
S01002368,334,78,256
S01002369,225,73,152
S01002370,289,72,217
S01002371,258,64,194
S01002372,324,89,235
S01002373,266,84,182
S01002374,338,119,219
S01002375,372,72,300
S01002376,365,74,291
S01002377,375,112,263
S01002378,215,42,173
S01002379,364,87,277
S01002380,266,54,212
S01002381,313,36,277
S01002382,271,61,210
S01002383,191,26,165
S01002384,232,29,203
S01002385,336,79,257
S01002386,392,68,324
S01002387,263,58,205
S01002388,265,10,255
S01002389,263,32,231
S01002390,282,49,233
S01002391,343,102,241
S01002392,362,81,281
S01002393,219,59,160
S01002394,292,72,220
S01002395,296,67,229
S01002396,316,93,223
S01002397,338,43,295
S01002398,372,59,313
S01002399,438,89,349
S01002400,365,26,339
S01002401,331,12,319
S01002402,355,28,327
S01002403,314,25,289
S01002404,360,50,310
S01002405,305,31,274
S01002406,332,85,247
S01002407,282,30,252
S01002408,374,93,281
S01002409,300,85,215
S01002410,217,36,181
S01002411,266,38,228
S01002412,377,18,359
S01002413,282,40,242
S01002414,277,69,208
S01002415,299,63,236
S01002416,228,47,181
S01002417,301,80,221
S01002418,401,99,302
S01002419,213,71,142
S01002420,256,60,196
S01002421,341,43,298
S01002422,259,91,168
S01002423,338,155,183
S01002424,378,109,269
S01002425,347,55,292
S01002426,424,158,266
S01002427,373,130,243
S01002428,221,42,179
S01002429,534,371,163
S01002430,230,51,179
S01002431,332,57,275
S01002432,307,77,230
S01002433,271,116,155
S01002434,435,149,286
S01002435,314,19,295
S01002436,375,168,207
S01002437,274,95,179
S01002438,278,25,253
S01002439,345,76,269
S01002440,416,92,324
S01002441,285,75,210
S01002442,256,62,194
S01002443,267,89,178
S01002444,253,54,199
S01002445,316,87,229
S01002446,331,85,246
S01002447,263,49,214
S01002448,197,21,176
S01002449,166,15,151
S01002450,401,95,306
S01002451,403,48,355
S01002452,243,57,186
S01002453,307,51,256
S01002454,319,61,258
S01002455,224,35,189
S01002456,433,130,303
S01002457,314,66,248
S01002458,371,84,287
S01002459,309,52,257
S01002460,395,97,298
S01002461,161,6,155
S01002462,353,72,281
S01002463,470,99,371
S01002464,244,85,159
S01002465,215,22,193
S01002466,434,131,303
S01002467,228,75,153
S01002468,307,59,248
S01002469,276,59,217
S01002470,348,86,262
S01002471,220,77,143
S01002472,303,48,255
S01002473,421,87,334
S01002474,270,29,241
S01002475,242,69,173
S01002476,369,39,330
S01002477,401,145,256
S01002478,370,90,280
S01002479,314,78,236
S01002480,280,96,184
S01002481,424,119,305
S01002482,422,67,355
S01002483,395,92,303
S01002484,375,93,282
S01002485,356,50,306
S01002486,292,98,194
S01002487,222,64,158
S01002488,363,137,226
S01002489,273,76,197
S01002490,271,97,174
S01002491,243,90,153
S01002492,265,86,179
S01002493,413,96,317
S01002494,266,32,234
S01002495,294,63,231
S01002496,276,69,207
S01002497,390,97,293
S01002498,245,20,225
S01002499,474,163,311
S01002500,301,72,229
S01002501,224,63,161
S01002502,383,94,289
S01002503,277,62,215
S01002504,376,106,270
S01002505,385,117,268
S01002506,336,39,297
S01002507,358,157,201
S01002508,378,106,272
S01002509,431,71,360
S01002510,442,111,331
S01002511,222,65,157
S01002512,309,84,225
S01002513,341,37,304
S01002514,313,81,232
S01002515,322,133,189
S01002516,345,101,244
S01002517,261,39,222
S01002518,288,66,222
S01002519,469,156,313
S01002520,259,64,195
S01002521,286,88,198
S01002522,266,52,214
S01002523,287,98,189
S01002524,318,41,277
S01002525,347,92,255
S01002526,189,27,162
S01002527,301,21,280
S01002528,310,59,251
S01002529,377,79,298
S01002530,325,70,255
S01002531,333,80,253
S01002532,325,81,244
S01002533,320,53,267
S01002534,377,74,303
S01002535,228,65,163
S01002536,249,49,200
S01002537,210,29,181
S01002538,376,39,337
S01002539,416,179,237
S01002540,248,62,186
S01002541,415,80,335
S01002542,261,23,238
S01002543,290,56,234
S01002544,342,63,279
S01002545,302,82,220
S01002546,287,69,218
S01002547,256,38,218
S01002548,450,133,317
S01002549,212,36,176
S01002550,196,23,173
S01002551,264,76,188
S01002552,238,54,184
S01002553,380,134,246
S01002554,216,14,202
S01002555,334,106,228
S01002556,283,58,225
S01002557,365,103,262
S01002558,218,50,168
S01002559,283,60,223
S01002560,229,60,169
S01002561,293,57,236
S01002562,281,76,205
S01002563,331,74,257
S01002564,246,52,194
S01002565,374,43,331
S01002566,267,22,245
S01002567,201,10,191
S01002568,316,58,258
S01002569,400,80,320
S01002570,235,27,208
S01002571,241,64,177
S01002572,253,50,203
S01002573,220,51,169
S01002574,408,81,327
S01002575,280,8,272
S01002576,332,62,270
S01002577,408,85,323
S01002578,296,37,259
S01002579,390,48,342
S01002580,338,55,283
S01002581,264,16,248
S01002582,325,119,206
S01002583,269,11,258
S01002584,258,2,256
S01002585,399,95,304
S01002586,227,36,191
S01002587,301,35,266
S01002588,311,64,247
S01002589,339,103,236
S01002590,305,88,217
S01002591,270,73,197
S01002592,373,123,250
S01002593,326,64,262
S01002594,258,5,253
S01002595,284,59,225
S01002596,284,65,219
S01002597,193,36,157
S01002598,390,70,320
S01002599,239,55,184
S01002600,324,22,302
S01002601,292,73,219
S01002602,214,42,172
S01002603,365,74,291
S01002604,393,91,302
S01002605,260,75,185
S01002606,218,19,199
S01002607,355,67,288
S01002608,208,19,189
S01002609,381,138,243
S01002610,381,80,301
S01002611,298,22,276
S01002612,362,119,243
S01002613,403,127,276
S01002614,406,109,297
S01002615,188,35,153
S01002616,230,30,200
S01002617,405,80,325
S01002618,395,78,317
S01002619,309,70,239
S01002620,421,117,304
S01002621,245,37,208
S01002622,325,13,312
S01002623,269,35,234
S01002624,283,41,242
S01002625,317,43,274
S01002626,272,49,223
S01002627,393,49,344
S01002628,287,30,257
S01002629,348,69,279
S01002630,320,100,220
S01002631,331,70,261
S01002632,243,32,211
S01002633,381,66,315
S01002634,333,96,237
S01002635,258,69,189
S01002636,243,63,180
S01002637,336,81,255
S01002638,315,58,257
S01002639,366,53,313
S01002640,319,62,257
S01002641,356,37,319
S01002642,281,123,158
S01002643,281,101,180
S01002644,316,84,232
S01002645,285,85,200
S01002646,350,82,268
S01002647,403,115,288
S01002648,310,42,268
S01002649,312,74,238
S01002650,283,84,199
S01002651,276,83,193
S01002652,274,41,233
S01002653,353,103,250
S01002654,372,114,258
S01002655,337,76,261
S01002656,362,89,273
S01002657,377,107,270
S01002658,544,95,449
S01002659,385,109,276
S01002660,363,67,296
S01002661,352,85,267
S01002662,346,100,246
S01002663,279,36,243
S01002664,353,55,298
S01002665,323,87,236
S01002666,373,85,288
S01002667,310,94,216
S01002668,223,51,172
S01002669,462,144,318
S01002670,237,47,190
S01002671,519,104,415
S01002672,295,53,242
S01002673,286,58,228
S01002674,340,91,249
S01002675,411,150,261
S01002676,339,90,249
S01002677,524,99,425
S01002678,341,47,294
S01002679,543,192,351
S01002680,509,127,382
S01002681,351,127,224
S01002682,238,61,177
S01002683,261,79,182
S01002684,390,132,258
S01002685,469,122,347
S01002686,387,98,289
S01002687,352,80,272
S01002688,263,18,245
S01002689,273,30,243
S01002690,240,65,175
S01002691,406,34,372
S01002692,343,69,274
S01002693,169,21,148
S01002694,284,52,232
S01002695,247,50,197
S01002696,332,68,264
S01002697,354,72,282
S01002698,311,76,235
S01002699,226,67,159
S01002700,346,77,269
S01002701,333,23,310
S01002702,306,102,204
S01002703,371,87,284
S01002704,305,76,229
S01002705,361,128,233
S01002706,366,52,314
S01002707,349,62,287
S01002708,313,67,246
S01002709,336,84,252
S01002710,241,55,186
S01002711,363,92,271
S01002712,335,88,247
S01002713,468,234,234
S01002714,410,74,336
S01002715,409,104,305
S01002716,228,34,194
S01002717,363,124,239
S01002718,393,70,323
S01002719,306,63,243
S01002720,319,126,193
S01002721,363,109,254
S01002722,338,73,265
S01002723,317,133,184
S01002724,415,151,264
S01002725,407,104,303
S01002726,352,94,258
S01002727,396,36,360
S01002728,386,87,299
S01002729,380,42,338
S01002730,419,68,351
S01002731,360,118,242
S01002732,346,47,299
S01002733,295,125,170
S01002734,473,153,320
S01002735,535,234,301
S01002736,295,66,229
S01002737,404,76,328
S01002738,275,76,199
S01002739,313,75,238
S01002740,203,29,174
S01002741,476,129,347
S01002742,402,138,264
S01002743,319,87,232
S01002744,251,93,158
S01002745,284,41,243
S01002746,358,79,279
S01002747,270,69,201
S01002748,342,106,236
S01002749,320,56,264
S01002750,387,99,288
S01002751,434,133,301
S01002752,247,84,163
S01002753,254,37,217
S01002754,259,73,186
S01002755,347,71,276
S01002756,428,82,346
S01002757,241,59,182
S01002758,322,99,223
S01002759,287,41,246
S01002760,241,65,176
S01002761,438,136,302
S01002762,317,90,227
S01002763,374,82,292
S01002764,279,75,204
S01002765,396,122,274
S01002766,480,142,338
S01002767,398,63,335
S01002768,378,103,275
S01002769,347,92,255
S01002770,284,87,197
S01002771,351,85,266
S01002772,397,66,331
S01002773,413,117,296
S01002774,387,135,252
S01002775,288,67,221
S01002776,267,40,227
S01002777,465,159,306
S01002778,388,130,258
S01002779,309,56,253
S01002780,386,69,317
S01002781,397,132,265
S01002782,440,161,279
S01002783,352,86,266
S01002784,217,49,168
S01002785,281,43,238
S01002786,268,47,221
S01002787,305,57,248
S01002788,300,24,276
S01002789,302,70,232
S01002790,423,158,265
S01002791,261,44,217
S01002792,420,115,305
S01002793,426,137,289
S01002794,336,74,262
S01002795,260,72,188
S01002796,238,48,190
S01002797,314,56,258
S01002798,241,54,187
S01002799,325,126,199
S01002800,285,35,250
S01002801,391,82,309
S01002802,247,47,200
S01002803,372,110,262
S01002804,239,70,169
S01002805,399,135,264
S01002806,269,96,173
S01002807,323,107,216
S01002808,375,98,277
S01002809,332,106,226
S01002810,469,139,330
S01002811,426,127,299
S01002812,256,48,208
S01002813,340,100,240
S01002814,326,75,251
S01002815,368,118,250
S01002816,219,34,185
S01002817,250,64,186
S01002818,258,66,192
S01002819,351,55,296
S01002820,350,73,277
S01002821,474,109,365
S01002822,322,60,262
S01002823,412,87,325
S01002824,342,108,234
S01002825,449,104,345
S01002826,252,95,157
S01002827,295,67,228
S01002828,273,26,247
S01002829,425,159,266
S01002830,306,96,210
S01002831,341,103,238
S01002832,310,56,254
S01002833,390,38,352
S01002834,384,100,284
S01002835,360,84,276
S01002836,234,62,172
S01002837,334,82,252
S01002838,266,89,177
S01002839,263,95,168
S01002840,306,91,215
S01002841,243,23,220
S01002842,324,107,217
S01002843,318,94,224
S01002844,275,91,184
S01002845,360,70,290
S01002846,391,115,276
S01002847,406,81,325
S01002848,343,62,281
S01002849,415,72,343
S01002850,421,100,321
S01002851,229,78,151
S01002852,396,66,330
S01002853,200,40,160
S01002854,347,103,244
S01002855,240,38,202
S01002856,410,102,308
S01002857,212,53,159
S01002858,200,58,142
S01002859,343,76,267
S01002860,377,52,325
S01002861,418,86,332
S01002862,256,43,213
S01002863,321,91,230
S01002864,253,53,200
S01002865,357,89,268
S01002866,501,126,375
S01002867,212,51,161
S01002868,336,77,259
S01002869,242,71,171
S01002870,385,104,281
S01002871,259,70,189
S01002872,294,99,195
S01002873,341,94,247
S01002874,388,54,334
S01002875,301,52,249
S01002876,285,57,228
S01002877,347,52,295
S01002878,229,51,178
S01002879,367,88,279
S01002880,218,46,172
S01002881,443,128,315
S01002882,447,156,291
S01002883,433,134,299
S01002884,377,121,256
S01002885,282,31,251
S01002886,281,60,221
S01002887,253,63,190
S01002888,305,131,174
S01002889,342,52,290
S01002890,319,43,276
S01002891,315,66,249
S01002892,303,98,205
S01002893,341,95,246
S01002894,292,78,214
S01002895,332,108,224
S01002896,323,127,196
S01002897,317,139,178
S01002898,487,140,347
S01002899,192,38,154
S01002900,296,46,250
S01002901,351,98,253
S01002902,353,104,249
S01002903,422,115,307
S01002904,287,75,212
S01002905,348,91,257
S01002906,339,56,283
S01002907,285,99,186
S01002908,345,124,221
S01002909,308,69,239
S01002910,331,61,270
S01002911,351,75,276
S01002912,402,76,326
S01002913,325,42,283
S01002914,314,86,228
S01002915,413,67,346
S01002916,364,116,248
S01002917,292,94,198
S01002918,365,157,208
S01002919,367,51,316
S01002920,302,103,199
S01002921,309,110,199
S01002922,242,41,201
S01002923,321,102,219
S01002924,311,89,222
S01002925,390,78,312
S01002926,334,59,275
S01002927,337,73,264
S01002928,236,66,170
S01002929,295,42,253
S01002930,234,32,202
S01002931,293,48,245
S01002932,262,18,244
S01002933,401,132,269
S01002934,395,60,335
S01002935,354,74,280
S01002936,255,15,240
S01002937,271,69,202
S01002938,349,108,241
S01002939,213,45,168
S01002940,228,59,169
S01002941,411,123,288
S01002942,219,42,177
S01002943,227,45,182
S01002944,417,102,315
S01002945,253,82,171
S01002946,266,50,216
S01002947,204,51,153
S01002948,343,84,259
S01002949,207,41,166
S01002950,298,58,240
S01002951,410,166,244
S01002952,265,61,204
S01002953,432,162,270
S01002954,364,83,281
S01002955,443,133,310
S01002956,328,89,239
S01002957,382,87,295
S01002958,216,39,177
S01002959,416,106,310
S01002960,284,70,214
S01002961,321,69,252
S01002962,250,59,191
S01002963,343,97,246
S01002964,364,97,267
S01002965,357,76,281
S01002966,239,44,195
S01002967,350,77,273
S01002968,304,75,229
S01002969,386,131,255
S01002970,234,57,177
S01002971,422,108,314
S01002972,457,133,324
S01002973,382,151,231
S01002974,209,31,178
S01002975,293,82,211
S01002976,453,112,341
S01002977,327,86,241
S01002978,466,171,295
S01002979,290,76,214
S01002980,345,104,241
S01002981,335,92,243
S01002982,291,106,185
S01002983,384,160,224
S01002984,339,134,205
S01002985,269,125,144
S01002986,335,119,216
S01002987,307,83,224
S01002988,310,78,232
S01002989,487,164,323
S01002990,229,47,182
S01002991,329,118,211
S01002992,288,77,211
S01002993,268,67,201
S01002994,356,112,244
S01002995,222,27,195
S01002996,310,139,171
S01002997,310,105,205
S01002998,329,67,262
S01002999,219,46,173
S01003000,281,69,212
S01003001,270,93,177
S01003002,376,121,255
S01003003,256,47,209
S01003004,234,40,194
S01003005,226,27,199
S01003006,317,88,229
S01003007,302,45,257
S01003008,168,11,157
S01003009,245,79,166
S01003010,249,50,199
S01003011,179,14,165
S01003012,410,111,299
S01003013,241,32,209
S01003014,267,50,217
S01003015,310,74,236
S01003016,189,48,141
S01003017,303,119,184
S01003018,362,113,249
S01003019,338,63,275
S01003020,288,103,185
S01003021,277,74,203
S01003022,409,123,286
S01003023,313,53,260
S01003024,307,79,228
S01003025,314,96,218
S01003026,283,108,175
S01003027,421,30,391
S01003028,365,101,264
S01003029,359,60,299
S01003030,376,61,315
S01003032,211,57,154
S01003033,246,35,211
S01003034,366,43,323
S01003035,317,31,286
S01003036,414,106,308
S01003037,295,18,277
S01003038,296,14,282
S01003039,408,107,301
S01003040,415,147,268
S01003041,262,16,246
S01003042,269,22,247
S01003043,253,39,214
S01003044,372,61,311
S01003045,375,63,312
S01003046,306,19,287
S01003047,463,137,326
S01003048,247,86,161
S01003049,276,63,213
S01003050,261,41,220
S01003051,394,45,349
S01003052,341,98,243
S01003053,373,62,311
S01003054,352,62,290
S01003055,410,85,325
S01003056,410,37,373
S01003057,285,45,240
S01003058,357,49,308
S01003059,326,129,197
S01003060,275,34,241
S01003061,291,54,237
S01003062,373,70,303
S01003063,323,33,290
S01003064,440,95,345
S01003065,559,113,446
S01003066,332,65,267
S01003067,231,63,168
S01003068,385,90,295
S01003069,267,65,202
S01003070,347,107,240
S01003071,278,112,166
S01003072,464,102,362
S01003073,303,38,265
S01003074,259,50,209
S01003075,301,61,240
S01003076,518,78,440
S01003077,506,182,324
S01003078,298,100,198
S01003079,343,55,288
S01003080,347,46,301
S01003081,331,10,321
S01003082,233,8,225
S01003083,476,58,418
S01003084,411,127,284
S01003085,417,112,305
S01003086,214,24,190
S01003087,277,38,239
S01003088,415,96,319
S01003089,212,33,179
S01003090,342,125,217
S01003091,257,33,224
S01003092,327,86,241
S01003093,508,162,346
S01003094,440,150,290
S01003095,265,38,227
S01003096,268,76,192
S01003097,111,19,92
S01003098,682,108,574
S01003099,220,42,178
S01003100,387,144,243
S01003101,230,32,198
S01003102,291,58,233
S01003103,272,78,194
S01003104,586,243,343
S01003105,311,76,235
S01003106,276,58,218
S01003107,307,55,252
S01003108,463,95,368
S01003109,370,47,323
S01003110,306,76,230
S01003111,359,69,290
S01003112,410,107,303
S01003113,279,35,244
S01003114,345,83,262
S01003115,239,64,175
S01003116,562,169,393
S01003117,466,96,370
S01003118,276,92,184
S01003119,275,20,255
S01003120,412,57,355
S01003121,371,68,303
S01003122,324,114,210
S01003123,390,104,286
S01003124,491,44,447
S01003125,439,66,373
S01003126,111,63,48
S01003127,333,53,280
S01003128,513,185,328
S01003129,626,167,459
S01003130,413,68,345
S01003131,438,50,388
S01003132,394,92,302
S01003133,571,95,476
S01003134,328,91,237
S01003135,343,112,231
S01003136,374,32,342
S01003137,354,60,294
S01003138,623,199,424
S01003139,579,78,501
S01003140,406,71,335
S01003141,455,46,409
S01003142,414,165,249
S01003143,461,89,372
S01003144,405,139,266
S01003145,333,94,239
S01003146,433,42,391
S01003147,420,147,273
S01003148,296,51,245
S01003149,607,133,474
S01003150,386,105,281
S01003151,348,115,233
S01003152,495,202,293
S01003153,284,55,229
S01003154,491,76,415
S01003155,395,17,378
S01003156,498,124,374
S01003157,582,183,399
S01003158,286,37,249
S01003159,104,30,74
S01003160,302,59,243
S01003161,250,67,183
S01003162,297,69,228
S01003163,298,85,213
S01003164,329,20,309
S01003165,504,130,374
S01003166,421,49,372
S01003167,310,63,247
S01003168,521,91,430
S01003169,390,75,315
S01003170,311,76,235
S01003171,180,23,157
S01003172,361,27,334
S01003173,245,23,222
S01003174,392,57,335
S01003175,460,138,322
S01003176,440,57,383
S01003177,442,64,378
S01003178,317,78,239
S01003179,303,28,275
S01003180,250,12,238
S01003181,338,61,277
S01003182,331,88,243
S01003183,326,24,302
S01003184,360,88,272
S01003185,266,104,162
S01003186,390,85,305
S01003187,451,39,412
S01003188,460,59,401
S01003189,447,66,381
S01003190,416,70,346
S01003191,278,19,259
S01003192,514,64,450
S01003193,252,37,215
S01003194,371,113,258
S01003195,295,56,239
S01003196,393,112,281
S01003197,304,102,202
S01003198,449,75,374
S01003199,333,67,266
S01003200,416,111,305
S01003201,115,30,85
S01003202,193,83,110
S01003203,423,179,244
S01003204,376,53,323
S01003205,365,64,301
S01003206,424,61,363
S01003207,313,20,293
S01003208,442,132,310
S01003209,255,90,165
S01003210,349,108,241
S01003211,243,26,217
S01003212,268,32,236
S01003213,248,47,201
S01003214,354,105,249
S01003215,412,38,374
S01003216,349,154,195
S01003217,396,135,261
S01003218,333,88,245
S01003219,344,133,211
S01003220,270,54,216
S01003221,418,60,358
S01003222,271,16,255
S01003223,477,70,407
S01003224,299,90,209
S01003225,444,156,288
S01003226,329,52,277
S01003227,361,40,321
S01003228,394,114,280
S01003229,349,57,292
S01003230,369,147,222
S01003231,447,133,314
S01003232,425,84,341
S01003233,344,64,280
S01003234,339,96,243
S01003235,366,127,239
S01003236,264,22,242
S01003237,421,107,314
S01003238,342,86,256
S01003239,448,121,327
S01003240,331,57,274
S01003241,354,130,224
S01003242,498,154,344
S01003243,406,162,244
S01003244,430,120,310
S01003245,496,166,330
S01003246,664,205,459
S01003247,319,35,284
S01003248,431,127,304
S01003249,365,49,316
S01003250,256,114,142
S01003251,453,143,310
S01003252,254,54,200
S01003253,468,130,338
S01003254,292,83,209
S01003255,424,175,249
S01003256,424,60,364
S01003257,257,41,216
S01003258,319,66,253
S01003259,413,58,355
S01003260,302,67,235
S01003261,360,103,257
S01003262,381,37,344
S01003263,261,43,218
S01003264,295,128,167
S01003265,308,120,188
S01003266,398,184,214
S01003267,599,302,297
S01003268,395,67,328
S01003269,451,96,355
S01003270,434,89,345
S01003271,485,61,424
S01003272,463,89,374
S01003273,425,153,272
S01003274,291,120,171
S01003275,525,168,357
S01003276,283,62,221
S01003277,324,94,230
S01003278,362,117,245
S01003279,190,15,175
S01003280,448,139,309
S01003281,256,54,202
S01003282,307,80,227
S01003283,298,86,212
S01003284,549,255,294
S01003285,218,34,184
S01003286,616,227,389
S01003287,241,53,188
S01003288,295,88,207
S01003289,160,59,101
S01003290,375,98,277
S01003291,402,173,229
S01003292,285,60,225
S01003293,478,104,374
S01003294,462,218,244
S01003295,375,55,320
S01003296,300,56,244
S01003297,283,54,229
S01003298,460,147,313
S01003299,217,24,193
S01003300,340,78,262
S01003301,393,50,343
S01003302,371,59,312
S01003303,493,18,475
S01003304,373,40,333
S01003305,376,19,357
S01003306,514,230,284
S01003307,518,169,349
S01003308,381,100,281
S01003309,407,88,319
S01003310,369,116,253
S01003311,298,64,234
S01003312,242,63,179
S01003313,380,59,321
S01003314,328,71,257
S01003315,269,20,249
S01003316,332,29,303
S01003317,274,6,268
S01003318,309,58,251
S01003320,294,16,278
S01003321,313,80,233
S01003322,470,62,408
S01003323,254,52,202
S01003324,310,44,266
S01003325,324,50,274
S01003326,448,167,281
S01003327,288,26,262
S01003328,330,31,299
S01003329,344,86,258
S01003330,324,12,312
S01003331,355,138,217
S01003332,190,59,131
S01003333,444,129,315
S01003334,382,106,276
S01003335,380,57,323
S01003336,463,159,304
S01003337,374,83,291
S01003338,437,83,354
S01003339,335,65,270
S01003340,546,145,401
S01003341,269,12,257
S01003342,321,58,263
S01003343,255,18,237
S01003344,245,40,205
S01003345,512,182,330
S01003346,379,104,275
S01003347,446,99,347
S01003348,436,87,349
S01003349,422,101,321
S01003350,306,78,228
S01003351,570,66,504
S01003352,392,98,294
S01003353,361,86,275
S01003354,401,145,256
S01003355,440,115,325
S01003356,516,131,385
S01003357,234,30,204
S01003358,569,78,491
S01003359,356,22,334
S01003360,305,41,264
S01003361,372,101,271
S01003362,320,78,242
S01003363,367,136,231
S01003364,333,50,283
S01003365,326,49,277
S01003366,366,20,346
S01003367,636,182,454
S01003368,467,49,418
S01003369,381,169,212
S01003370,385,33,352
S01003371,418,64,354
S01003372,291,54,237
S01003373,465,95,370
S01003374,218,16,202
S01003375,326,101,225
S01003376,248,33,215
S01003377,349,104,245
S01003378,391,70,321
S01003379,260,36,224
S01003380,386,55,331
S01003381,316,63,253
S01003382,323,68,255
S01003383,447,163,284
S01003384,474,168,306
S01003385,469,57,412
S01003386,365,181,184
S01003387,447,45,402
S01003388,530,156,374
S01003389,584,60,524
S01003390,429,74,355
S01003391,415,103,312
S01003392,418,89,329
S01003393,471,188,283
S01003394,251,13,238
S01003395,358,51,307
S01003396,463,58,405
S01003397,351,33,318
S01003398,410,75,335
S01003399,416,86,330
S01003400,364,180,184
S01003401,344,68,276
S01003402,283,25,258
S01003403,368,34,334
S01003404,199,47,152
S01003405,382,99,283
S01003406,381,91,290
S01003407,395,174,221
S01003408,344,76,268
S01003409,398,69,329
S01003410,357,26,331
S01003411,423,126,297
S01003412,454,67,387
S01003413,308,41,267
S01003414,236,56,180
S01003415,458,141,317
S01003416,559,233,326
S01003417,446,125,321
S01003418,474,145,329
S01003419,406,65,341
S01003420,231,31,200
S01003421,283,118,165
S01003422,427,113,314
S01003423,354,25,329
S01003424,594,71,523
S01003425,423,37,386
S01003426,613,190,423
S01003427,503,236,267
S01003428,380,56,324
S01003429,298,10,288
S01003430,376,26,350
S01003431,443,231,212
S01003432,405,28,377
S01003433,379,19,360
S01003434,461,135,326
S01003435,285,31,254
S01003436,234,24,210
S01003437,276,24,252
S01003438,561,63,498
S01003439,626,322,304
S01003440,216,50,166
S01003441,618,81,537
S01003442,396,113,283
S01003443,500,68,432
S01003444,288,53,235
S01003445,395,36,359
S01003446,290,37,253
S01003447,515,155,360
S01003448,378,168,210
S01003449,449,41,408
S01003450,520,110,410
S01003451,446,68,378
S01003452,218,51,167
S01003453,340,25,315
S01003454,280,33,247
S01003455,294,83,211
S01003456,156,10,146
S01003457,562,154,408
S01003458,425,71,354
S01003459,386,36,350
S01003460,421,65,356
S01003461,331,107,224
S01003462,238,23,215
S01003463,442,72,370
S01003464,406,12,394
S01003465,495,52,443
S01003466,410,61,349
S01003467,352,82,270
S01003468,316,44,272
S01003469,476,81,395
S01003470,475,61,414
S01003471,287,53,234
S01003472,427,74,353
S01003473,549,143,406
S01003474,293,17,276
S01003475,377,76,301
S01003476,284,7,277
S01003477,624,46,578
S01003478,429,48,381
S01003479,467,81,386
S01003480,362,116,246
S01003481,586,132,454
S01003482,382,86,296
S01003483,282,43,239
S01003484,422,48,374
S01003485,397,29,368
S01003486,307,53,254
S01003487,451,51,400
S01003488,376,127,249
S01003489,421,82,339
S01003490,325,64,261
S01003491,67,22,45
S01003492,461,63,398
S01003493,400,79,321
S01003494,442,160,282
S01003495,376,68,308
S01003496,485,68,417
S01003497,497,74,423
S01003498,552,217,335
S01003499,606,149,457
S01003500,319,64,255
S01003501,315,26,289
S01003502,271,16,255
S01003503,373,57,316
S01003504,319,12,307
S01003506,480,36,444
S01003507,276,13,263
S01003508,508,182,326
S01003509,418,60,358
S01003510,196,22,174
S01003511,462,73,389
S01003512,346,105,241
S01003513,312,26,286
S01003514,378,47,331
S01003515,277,47,230
S01003516,296,40,256
S01003517,407,28,379
S01003518,536,81,455
S01003519,329,64,265
S01003520,387,103,284
S01003521,249,27,222
S01003522,399,30,369
S01003523,303,91,212
S01003524,548,94,454
S01003525,526,85,441
S01003526,444,42,402
S01003527,347,85,262
S01003528,203,11,192
S01003529,199,5,194
S01003530,426,31,395
S01003531,434,79,355
S01003532,458,139,319
S01003533,231,38,193
S01003534,536,85,451
S01003535,381,52,329
S01003536,500,93,407
S01003537,475,130,345
S01003538,301,89,212
S01003539,509,128,381
S01003540,306,84,222
S01003541,416,26,390
S01003542,433,87,346
S01003543,314,64,250
S01003544,246,34,212
S01003545,436,55,381
S01003546,469,137,332
S01003547,440,36,404
S01003549,330,61,269
S01003550,266,17,249
S01003551,373,72,301
S01003552,530,54,476
S01003553,363,57,306
S01003554,428,80,348
S01003555,322,27,295
S01003556,255,44,211
S01003557,381,60,321
S01003558,455,58,397
S01003559,326,49,277
S01003560,486,157,329
S01003561,457,89,368
S01003562,313,49,264
S01003563,239,41,198
S01003564,335,61,274
S01003565,428,127,301
S01003566,405,68,337
S01003567,393,74,319
S01003568,351,62,289
S01003569,302,138,164
S01003570,326,101,225
S01003571,432,51,381
S01003572,469,132,337
S01003573,450,195,255
S01003574,495,55,440
S01003575,439,110,329
S01003576,384,54,330
S01003577,312,84,228
S01003578,110,23,87
S01003579,319,35,284
S01003580,498,102,396
S01003581,481,96,385
S01003582,368,119,249
S01003583,252,78,174
S01003584,333,36,297
S01003585,362,86,276
S01003586,462,163,299
S01003587,352,63,289
S01003588,302,18,284
S01003589,499,95,404
S01003590,363,28,335
S01003591,400,89,311
S01003592,451,75,376
S01003593,303,115,188
S01003594,415,72,343
S01003595,377,59,318
S01003596,578,144,434
S01003597,290,112,178
S01003598,316,114,202
S01003599,312,116,196
S01003600,479,205,274
S01003601,377,30,347
S01003602,274,71,203
S01003603,433,115,318
S01003604,376,56,320
S01003605,363,76,287
S01003606,400,133,267
S01003607,215,64,151
S01003608,265,79,186
S01003609,472,138,334
S01003610,371,39,332
S01003611,449,192,257
S01003612,439,178,261
S01003613,329,22,307
S01003614,280,117,163
S01003615,249,29,220
S01003616,257,2,255
S01003617,547,107,440
S01003618,372,163,209
S01003619,468,173,295
S01003620,451,84,367
S01003621,500,214,286
S01003622,386,171,215
S01003623,341,78,263
S01003624,442,104,338
S01003625,217,45,172
S01003626,313,27,286
S01003627,326,91,235
S01003628,248,48,200
S01003629,405,152,253
S01003630,408,158,250
S01003631,365,139,226
S01003632,343,60,283
S01003633,497,84,413
S01003634,425,103,322
S01003635,390,121,269
S01003636,498,190,308
S01003637,357,148,209
S01003638,376,94,282
S01003639,372,121,251
S01003640,446,154,292
S01003641,279,4,275
S01003642,388,150,238
S01003643,290,19,271
S01003644,406,119,287
S01003645,255,86,169
S01003646,380,51,329
S01003647,352,141,211
S01003648,426,87,339
S01003649,428,83,345
S01003650,360,81,279
S01003651,388,132,256
S01003652,297,57,240
S01003653,283,47,236
S01003654,384,61,323
S01003655,306,62,244
S01003656,241,61,180
S01003657,338,98,240
S01003658,368,107,261
S01003659,434,70,364
S01003660,307,4,303
S01003661,381,27,354
S01003662,330,117,213
S01003663,328,75,253
S01003664,287,102,185
S01003665,383,70,313
S01003666,307,59,248
S01003667,341,81,260
S01003668,340,144,196
S01003669,274,87,187
S01003670,434,112,322
S01003671,334,117,217
S01003672,365,66,299
S01003673,161,47,114
S01003674,412,140,272
S01003675,367,29,338
S01003676,250,58,192
S01003677,297,81,216
S01003678,298,94,204
S01003679,529,140,389
S01003680,343,85,258
S01003681,328,157,171
S01003682,405,61,344
S01003683,284,107,177
S01003684,358,136,222
S01003685,238,82,156
S01003686,451,93,358
S01003687,400,69,331
S01003688,444,114,330
S01003689,245,42,203
S01003690,605,289,316
S01003691,468,57,411
S01003692,526,189,337
S01003693,251,52,199
S01003694,370,128,242
S01003695,377,83,294
S01003696,541,190,351
S01003697,369,82,287
S01003698,447,187,260
S01003699,382,19,363
S01003700,484,127,357
S01003701,626,250,376
S01003702,338,48,290
S01003703,424,137,287
S01003704,328,91,237
S01003705,376,46,330
S01003706,313,44,269
S01003707,285,22,263
S01003708,325,33,292
S01003709,493,156,337
S01003710,479,109,370
S01003711,362,48,314
S01003712,346,102,244
S01003713,252,74,178
S01003714,330,37,293
S01003715,332,22,310
S01003716,237,50,187
S01003717,322,37,285
S01003718,213,17,196
S01003719,226,58,168
S01003720,431,105,326
S01003721,349,99,250
S01003722,450,155,295
S01003723,231,55,176
S01003724,368,103,265
S01003725,272,63,209
S01003726,293,53,240
S01003727,274,28,246
S01003728,234,49,185
S01003729,274,46,228
S01003730,265,42,223
S01003731,264,67,197
S01003732,352,104,248
S01003733,334,71,263
S01003734,282,77,205
S01003735,294,80,214
S01003736,349,65,284
S01003737,275,96,179
S01003738,267,50,217
S01003739,257,67,190
S01003740,244,63,181
S01003741,366,56,310
S01003742,215,43,172
S01003743,251,56,195
S01003744,254,61,193
S01003745,298,54,244
S01003746,317,76,241
S01003747,419,131,288
S01003748,242,62,180
S01003749,334,74,260
S01003750,241,60,181
S01003751,421,49,372
S01003752,346,83,263
S01003753,407,128,279
S01003754,395,94,301
S01003755,311,48,263
S01003756,331,120,211
S01003757,246,72,174
S01003758,340,90,250
S01003759,280,81,199
S01003760,311,58,253
S01003761,359,76,283
S01003762,308,60,248
S01003763,393,90,303
S01003764,349,104,245
S01003765,322,73,249
S01003766,293,100,193
S01003767,303,88,215
S01003768,241,61,180
S01003769,302,92,210
S01003770,263,56,207
S01003771,279,66,213
S01003772,233,62,171
S01003773,303,63,240
S01003774,263,56,207
S01003775,332,87,245
S01003776,237,55,182
S01003777,368,78,290
S01003778,205,36,169
S01003779,200,60,140
S01003780,322,49,273
S01003781,290,41,249
S01003782,216,27,189
S01003783,379,58,321
S01003784,244,38,206
S01003785,365,102,263
S01003786,381,106,275
S01003787,255,70,185
S01003788,301,111,190
S01003789,195,41,154
S01003790,239,31,208
S01003791,320,33,287
S01003792,326,25,301
S01003793,263,81,182
S01003794,340,106,234
S01003795,232,39,193
S01003796,296,51,245
S01003797,493,105,388
S01003798,331,101,230
S01003799,310,32,278
S01003800,287,96,191
S01003801,355,103,252
S01003802,307,62,245
S01003803,267,52,215
S01003804,282,35,247
S01003805,427,91,336
S01003806,285,101,184
S01003807,360,63,297
S01003808,291,62,229
S01003809,293,59,234
S01003810,350,127,223
S01003811,284,59,225
S01003812,471,193,278
S01003813,360,97,263
S01003814,336,93,243
S01003815,385,91,294
S01003816,378,58,320
S01003817,419,162,257
S01003818,346,106,240
S01003819,240,43,197
S01003820,482,140,342
S01003821,349,64,285
S01003822,241,51,190
S01003823,423,145,278
S01003824,351,56,295
S01003825,243,14,229
S01003826,330,80,250
S01003827,361,104,257
S01003828,250,47,203
S01003829,262,73,189
S01003830,354,50,304
S01003831,304,49,255
S01003832,400,87,313
S01003833,340,116,224
S01003834,300,51,249
S01003835,260,34,226
S01003836,298,26,272
S01003837,403,182,221
S01003838,204,24,180
S01003839,336,69,267
S01003840,305,49,256
S01003841,272,80,192
S01003842,233,55,178
S01003843,262,54,208
S01003844,326,46,280
S01003845,450,102,348
S01003846,374,118,256
S01003847,261,91,170
S01003848,263,43,220
S01003849,456,109,347
S01003850,251,15,236
S01003851,325,77,248
S01003852,229,35,194
S01003853,450,69,381
S01003854,290,80,210
S01003855,443,78,365
S01003856,288,33,255
S01003857,295,66,229
S01003858,220,20,200
S01003859,213,38,175
S01003860,347,50,297
S01003861,389,40,349
S01003862,246,27,219
S01003863,261,57,204
S01003864,378,104,274
S01003865,305,45,260
S01003866,330,66,264
S01003867,432,129,303
S01003868,254,54,200
S01003869,316,80,236
S01003870,320,87,233
S01003871,340,97,243
S01003872,321,51,270
S01003873,408,93,315
S01003874,258,53,205
S01003875,186,30,156
S01003876,251,43,208
S01003877,215,31,184
S01003878,407,120,287
S01003879,261,82,179
S01003880,390,114,276
S01003881,304,67,237
S01003882,263,67,196
S01003883,216,54,162
S01003884,305,74,231
S01003885,264,54,210
S01003886,211,35,176
S01003887,382,146,236
S01003888,234,34,200
S01003889,250,68,182
S01003890,269,96,173
S01003891,311,68,243
S01003892,254,57,197
S01003893,272,85,187
S01003894,401,92,309
S01003895,268,61,207
S01003896,271,92,179
S01003897,312,133,179
S01003898,333,158,175
S01003899,328,110,218
S01003900,384,97,287
S01003901,240,67,173
S01003902,356,101,255
S01003903,228,34,194
S01003904,372,97,275
S01003905,337,74,263
S01003906,327,88,239
S01003907,379,126,253
S01003908,314,61,253
S01003909,269,64,205
S01003910,236,32,204
S01003911,241,52,189
S01003912,281,43,238
S01003913,265,45,220
S01003914,366,105,261
S01003915,264,51,213
S01003916,310,50,260
S01003917,377,85,292
S01003918,346,63,283
S01003919,288,104,184
S01003920,275,67,208
S01003921,370,143,227
S01003922,314,43,271
S01003923,276,39,237
S01003924,245,53,192
S01003925,305,48,257
S01003926,230,33,197
S01003927,271,56,215
S01003928,336,45,291
S01003929,215,46,169
S01003930,308,51,257
S01003931,360,45,315
S01003932,334,61,273
S01003933,286,75,211
S01003934,368,88,280
S01003935,325,55,270
S01003936,329,52,277
S01003937,346,82,264
S01003938,220,32,188
S01003939,261,75,186
S01003940,377,59,318
S01003941,233,41,192
S01003942,313,72,241
S01003943,312,114,198
S01003944,293,94,199
S01003945,282,66,216
S01003946,367,102,265
S01003947,222,53,169
S01003948,272,65,207
S01003949,246,58,188
S01003950,262,79,183
S01003951,245,104,141
S01003952,218,58,160
S01003953,252,84,168
S01003954,247,83,164
S01003955,293,100,193
S01003956,253,44,209
S01003957,310,101,209
S01003958,342,121,221
S01003959,341,99,242
S01003960,385,95,290
S01003961,273,104,169
S01003962,280,69,211
S01003963,216,48,168
S01003964,197,52,145
S01003965,259,81,178
S01003966,420,138,282
S01003967,239,45,194
S01003968,443,158,285
S01003969,347,96,251
S01003970,282,77,205
S01003971,297,91,206
S01003972,270,62,208
S01003973,219,48,171
S01003974,389,125,264
S01003975,276,58,218
S01003976,338,79,259
S01003977,255,28,227
S01003978,294,91,203
S01003979,240,81,159
S01003980,211,40,171
S01003981,270,86,184
S01003982,319,64,255
S01003983,298,63,235
S01003984,300,80,220
S01003985,351,78,273
S01003986,273,77,196
S01003987,194,29,165
S01003988,251,71,180
S01003989,339,95,244
S01003990,230,76,154
S01003991,256,48,208
S01003992,401,113,288
S01003993,263,65,198
S01003994,275,60,215
S01003995,373,82,291
S01003996,206,40,166
S01003997,414,67,347
S01003998,259,67,192
S01003999,341,83,258
S01004000,360,120,240
S01004001,290,60,230
S01004002,472,171,301
S01004003,234,53,181
S01004004,357,91,266
S01004005,271,76,195
S01004006,230,48,182
S01004007,249,65,184
S01004008,261,71,190
S01004009,256,55,201
S01004010,331,85,246
S01004011,385,87,298
S01004012,280,59,221
S01004013,219,48,171
S01004014,284,121,163
S01004015,357,72,285
S01004016,207,18,189
S01004017,426,106,320
S01004018,271,18,253
S01004019,179,25,154
S01004020,314,111,203
S01004021,278,8,270
S01004022,233,62,171
S01004023,231,45,186
S01004024,264,38,226
S01004025,378,75,303
S01004026,263,61,202
S01004027,328,64,264
S01004028,325,66,259
S01004029,387,85,302
S01004030,330,60,270
S01004031,249,59,190
S01004032,205,23,182
S01004033,341,71,270
S01004034,260,14,246
S01004035,318,109,209
S01004036,257,45,212
S01004037,252,17,235
S01004038,268,45,223
S01004039,181,49,132
S01004040,280,50,230
S01004041,286,76,210
S01004042,345,70,275
S01004043,277,15,262
S01004044,418,162,256
S01004045,248,32,216
S01004046,355,170,185
S01004047,294,22,272
S01004048,395,94,301
S01004049,333,84,249
S01004050,243,47,196
S01004051,288,73,215
S01004052,279,47,232
S01004053,439,145,294
S01004054,368,77,291
S01004055,195,13,182
S01004056,287,47,240
S01004057,385,52,333
S01004058,268,41,227
S01004059,263,54,209
S01004060,220,52,168
S01004061,339,142,197
S01004062,335,60,275
S01004063,397,109,288
S01004064,293,102,191
S01004065,486,109,377
S01004066,226,50,176
S01004067,347,87,260
S01004068,373,100,273
S01004069,300,32,268
S01004070,215,57,158
S01004071,430,153,277
S01004072,500,214,286
S01004073,274,30,244
S01004074,344,46,298
S01004075,261,123,138
S01004076,258,51,207
S01004077,320,21,299
S01004078,368,92,276
S01004079,325,48,277
S01004080,362,149,213
S01004081,252,16,236
S01004082,327,76,251
S01004083,441,112,329
S01004084,463,220,243
S01004085,328,66,262
S01004086,501,284,217
S01004087,218,45,173
S01004088,219,39,180
S01004089,340,99,241
S01004090,181,31,150
S01004091,318,59,259
S01004092,365,77,288
S01004093,371,184,187
S01004094,278,116,162
S01004095,239,52,187
S01004096,261,70,191
S01004097,319,79,240
S01004098,251,61,190
S01004099,310,59,251
S01004100,295,42,253
S01004101,341,78,263
S01004102,302,59,243
S01004103,289,78,211
S01004104,276,52,224
S01004105,324,93,231
S01004106,357,102,255
S01004107,284,90,194
S01004108,307,91,216
S01004109,253,58,195
S01004110,272,107,165
S01004111,375,85,290
S01004112,297,85,212
S01004113,334,124,210
S01004114,402,159,243
S01004115,302,141,161
S01004116,274,85,189
S01004117,356,79,277
S01004118,581,267,314
S01004119,323,106,217
S01004120,317,115,202
S01004121,195,39,156
S01004122,252,56,196
S01004123,212,39,173
S01004124,387,57,330
S01004125,315,118,197
S01004126,368,139,229
S01004127,324,37,287
S01004128,270,56,214
S01004129,327,62,265
S01004130,200,29,171
S01004131,374,121,253
S01004132,234,46,188
S01004133,362,101,261
S01004134,268,38,230
S01004135,300,97,203
S01004136,230,24,206
S01004137,206,33,173
S01004138,306,76,230
S01004139,209,37,172
S01004140,224,31,193
S01004141,285,48,237
S01004142,204,24,180
S01004143,381,88,293
S01004144,375,79,296
S01004145,263,52,211
S01004146,285,42,243
S01004147,320,80,240
S01004148,333,44,289
S01004149,247,64,183
S01004150,204,13,191
S01004151,198,24,174
S01004152,286,50,236
S01004153,360,99,261
S01004154,282,74,208
S01004155,343,77,266
S01004156,356,87,269
S01004157,234,37,197
S01004158,311,74,237
S01004159,152,22,130
S01004160,259,49,210
S01004161,241,38,203
S01004162,250,26,224
S01004163,258,33,225
S01004164,398,114,284
S01004165,372,28,344
S01004166,202,42,160
S01004167,294,133,161
S01004168,279,43,236
S01004169,212,43,169
S01004170,259,76,183
S01004171,283,77,206
S01004172,320,72,248
S01004173,237,45,192
S01004174,315,82,233
S01004175,251,20,231
S01004176,248,43,205
S01004177,200,49,151
S01004178,235,71,164
S01004179,208,44,164
S01004180,301,21,280
S01004181,295,59,236
S01004182,387,106,281
S01004183,333,43,290
S01004184,356,86,270
S01004185,290,26,264
S01004186,333,116,217
S01004187,306,72,234
S01004188,303,62,241
S01004189,209,14,195
S01004190,318,91,227
S01004191,353,118,235
S01004192,348,94,254
S01004193,256,49,207
S01004194,340,99,241
S01004195,243,82,161
S01004196,277,57,220
S01004197,310,91,219
S01004198,256,60,196
S01004199,376,119,257
S01004200,291,43,248
S01004201,307,86,221
S01004202,221,52,169
S01004203,405,133,272
S01004204,304,96,208
S01004205,290,99,191
S01004206,235,41,194
S01004207,313,54,259
S01004208,320,70,250
S01004209,239,44,195
S01004210,270,88,182
S01004211,276,44,232
S01004212,336,74,262
S01004213,342,87,255
S01004214,291,95,196
S01004215,206,42,164
S01004216,335,49,286
S01004217,232,49,183
S01004218,381,135,246
S01004219,228,23,205
S01004220,333,97,236
S01004221,343,68,275
S01004222,289,62,227
S01004223,326,52,274
S01004224,289,82,207
S01004225,456,178,278
S01004226,345,96,249
S01004227,248,65,183
S01004228,315,52,263
S01004229,281,70,211
S01004230,296,83,213
S01004231,320,95,225
S01004232,259,31,228
S01004233,299,85,214
S01004234,370,80,290
S01004235,251,42,209
S01004236,399,114,285
S01004237,301,97,204
S01004238,217,36,181
S01004239,306,106,200
S01004240,267,61,206
S01004241,227,55,172
S01004242,340,72,268
S01004243,218,40,178
S01004244,273,64,209
S01004245,320,108,212
S01004246,218,40,178
S01004247,387,83,304
S01004248,412,133,279
S01004249,388,110,278
S01004250,456,146,310
S01004251,395,132,263
S01004252,214,42,172
S01004253,223,54,169
S01004254,253,46,207
S01004255,266,51,215
S01004256,199,31,168
S01004257,218,36,182
S01004258,273,65,208
S01004259,192,28,164
S01004260,231,63,168
S01004261,332,56,276
S01004262,290,48,242
S01004263,336,104,232
S01004264,331,118,213
S01004265,340,75,265
S01004266,282,127,155
S01004267,217,77,140
S01004268,254,34,220
S01004269,353,117,236
S01004270,318,111,207
S01004271,304,134,170
S01004272,249,41,208
S01004273,290,46,244
S01004274,337,79,258
S01004275,252,47,205
S01004276,339,93,246
S01004277,298,43,255
S01004278,412,124,288
S01004279,360,43,317
S01004280,447,141,306
S01004281,230,59,171
S01004282,399,58,341
S01004283,310,42,268
S01004284,409,88,321
S01004285,278,0,278
S01004286,259,17,242
S01004287,275,87,188
S01004288,268,40,228
S01004289,213,40,173
S01004290,269,52,217
S01004291,356,84,272
S01004292,250,7,243
S01004293,375,147,228
S01004294,388,112,276
S01004295,360,112,248
S01004296,358,122,236
S01004297,324,72,252
S01004298,397,82,315
S01004299,332,114,218
S01004300,315,128,187
S01004301,264,60,204
S01004302,315,91,224
S01004303,232,36,196
S01004304,430,85,345
S01004305,294,75,219
S01004306,292,101,191
S01004307,223,18,205
S01004308,413,126,287
S01004309,274,40,234
S01004310,338,73,265
S01004311,332,75,257
S01004312,336,101,235
S01004313,372,67,305
S01004314,337,107,230
S01004315,195,44,151
S01004316,147,2,145
S01004317,362,122,240
S01004318,270,137,133
S01004319,348,98,250
S01004320,350,84,266
S01004321,336,79,257
S01004322,429,137,292
S01004323,307,107,200
S01004324,364,103,261
S01004325,439,121,318
S01004326,337,106,231
S01004327,290,66,224
S01004328,279,80,199
S01004329,233,82,151
S01004330,391,91,300
S01004331,268,110,158
S01004332,240,70,170
S01004333,216,64,152
S01004334,324,51,273
S01004335,222,62,160
S01004336,407,96,311
S01004337,307,73,234
S01004338,273,80,193
S01004339,358,92,266
S01004340,218,39,179
S01004341,223,41,182
S01004342,279,18,261
S01004343,206,53,153
S01004344,364,109,255
S01004345,370,95,275
S01004346,190,32,158
S01004347,330,94,236
S01004348,268,55,213
S01004349,353,83,270
S01004350,257,87,170
S01004351,245,90,155
S01004352,258,95,163
S01004353,414,135,279
S01004354,219,34,185
S01004355,207,38,169
S01004356,436,104,332
S01004357,278,35,243
S01004358,290,35,255
S01004359,217,52,165
S01004360,273,82,191
S01004361,255,54,201
S01004362,281,86,195
S01004363,486,82,404
S01004364,392,68,324
S01004365,294,22,272
S01004366,263,48,215
S01004367,316,29,287
S01004368,309,106,203
S01004369,294,27,267
S01004370,295,78,217
S01004371,300,28,272
S01004372,407,129,278
S01004373,264,70,194
S01004374,347,129,218
S01004375,272,33,239
S01004376,365,44,321
S01004377,385,86,299
S01004378,444,158,286
S01004379,409,83,326
S01004380,299,61,238
S01004381,328,62,266
S01004382,341,130,211
S01004383,365,116,249
S01004384,310,92,218
S01004385,360,42,318
S01004386,378,135,243
S01004387,455,126,329
S01004388,335,59,276
S01004389,248,58,190
S01004390,346,61,285
S01004391,237,43,194
S01004392,387,82,305
S01004393,435,107,328
S01004394,389,117,272
S01004395,234,36,198
S01004396,333,66,267
S01004397,344,34,310
S01004398,361,93,268
S01004399,248,56,192
S01004400,212,18,194
S01004401,368,27,341
S01004402,351,45,306
S01004403,193,22,171
S01004404,233,18,215
S01004405,296,66,230
S01004406,370,60,310
S01004407,280,47,233
S01004408,224,29,195
S01004409,284,86,198
S01004410,349,42,307
S01004411,288,68,220
S01004412,468,150,318
S01004413,424,120,304
S01004414,449,158,291
S01004415,316,78,238
S01004416,330,119,211
S01004417,356,68,288
S01004418,387,93,294
S01004419,349,82,267
S01004420,342,115,227
S01004421,430,130,300
S01004422,306,122,184
S01004423,375,105,270
S01004424,318,73,245
S01004425,227,56,171
S01004426,259,84,175
S01004427,373,110,263
S01004428,335,62,273
S01004429,318,67,251
S01004430,207,62,145
S01004431,420,76,344
S01004432,382,68,314
S01004433,369,91,278
S01004434,380,82,298
S01004435,285,66,219
S01004436,327,62,265
S01004437,340,34,306
S01004438,276,45,231
S01004439,256,40,216
S01004440,328,90,238
S01004441,307,63,244
S01004442,430,92,338
S01004443,265,29,236
S01004444,377,69,308
S01004445,276,48,228
S01004446,335,65,270
S01004447,302,44,258
S01004448,239,26,213
S01004449,390,85,305
S01004450,520,217,303
S01004451,388,84,304
S01004452,301,63,238
S01004453,360,32,328
S01004454,416,112,304
S01004455,334,96,238
S01004456,231,21,210
S01004457,381,102,279
S01004458,348,56,292
S01004459,276,93,183
S01004460,226,21,205
S01004461,232,33,199
S01004462,225,24,201
S01004463,299,48,251
S01004464,313,45,268
S01004465,298,51,247
S01004466,395,107,288
S01004467,395,38,357
S01004468,293,35,258
S01004469,225,25,200
S01004470,193,3,190
S01004471,216,29,187
S01004472,304,87,217
S01004473,422,122,300
S01004474,440,131,309
S01004475,186,33,153
S01004476,356,118,238
S01004477,376,91,285
S01004478,273,70,203
S01004479,259,44,215
S01004480,420,99,321
S01004481,255,54,201
S01004482,523,236,287
S01004483,254,36,218
S01004484,399,80,319
S01004485,217,40,177
S01004486,357,64,293
S01004487,482,168,314
S01004488,321,81,240
S01004489,320,31,289
S01004490,275,73,202
S01004491,350,67,283
S01004492,429,113,316
S01004493,429,130,299
S01004494,394,89,305
S01004495,341,98,243
S01004496,300,87,213
S01004497,397,98,299
S01004498,286,79,207
S01004499,281,51,230
S01004500,320,94,226
S01004501,278,78,200
S01004502,299,63,236
S01004503,416,164,252
S01004504,283,71,212
S01004505,216,35,181
S01004506,210,29,181
S01004507,345,114,231
S01004508,305,124,181
S01004509,268,36,232
S01004510,384,186,198
S01004511,461,223,238
S01004512,409,184,225
S01004513,298,150,148
S01004514,234,47,187
S01004515,488,188,300
S01004516,233,54,179
S01004517,430,138,292
S01004518,259,40,219
S01004519,353,66,287
S01004520,384,145,239
S01004521,328,118,210
S01004522,247,86,161
S01004523,333,145,188
S01004524,285,122,163
S01004525,312,83,229
S01004526,271,56,215
S01004527,249,74,175
S01004528,365,93,272
S01004529,292,47,245
S01004530,185,7,178
S01004531,322,83,239
S01004532,333,32,301
S01004533,258,41,217
S01004534,258,50,208
S01004535,312,92,220
S01004536,288,54,234
S01004537,340,86,254
S01004538,311,80,231
S01004539,278,71,207
S01004540,366,112,254
S01004541,356,98,258
S01004542,209,17,192
S01004543,354,115,239
S01004544,482,140,342
S01004545,362,116,246
S01004546,397,116,281
S01004547,471,142,329
S01004548,354,116,238
S01004549,367,105,262
S01004550,418,134,284
S01004551,388,91,297
S01004552,339,77,262
S01004553,210,34,176
S01004554,280,64,216
S01004555,290,61,229
S01004556,331,98,233
S01004557,184,36,148
S01004558,461,135,326
S01004559,497,223,274
S01004560,210,21,189
S01004561,449,125,324
S01004562,237,65,172
S01004563,374,154,220
S01004564,239,77,162
S01004565,257,28,229
S01004566,272,13,259
S01004567,309,129,180
S01004568,282,99,183
S01004569,305,33,272
S01004570,237,9,228
S01004571,285,87,198
S01004572,325,64,261
S01004573,262,108,154
S01004574,200,47,153
S01004575,355,105,250
S01004576,226,12,214
S01004577,265,60,205
S01004578,330,38,292
S01004579,366,141,225
S01004580,370,143,227
S01004581,483,133,350
S01004582,263,69,194
S01004583,426,173,253
S01004584,234,49,185
S01004585,273,58,215
S01004586,451,113,338
S01004587,527,133,394
S01004588,284,92,192
S01004589,334,101,233
S01004590,297,43,254
S01004591,254,64,190
S01004592,233,51,182
S01004593,342,27,315
S01004594,268,47,221
S01004595,378,115,263
S01004596,404,171,233
S01004597,221,17,204
S01004598,289,98,191
S01004599,184,30,154
S01004600,375,100,275
S01004601,375,111,264
S01004602,354,93,261
S01004603,500,164,336
S01004604,260,108,152
S01004605,372,71,301
S01004606,334,82,252
S01004607,279,76,203
S01004608,280,57,223
S01004609,230,54,176
S01004610,283,43,240
S01004611,495,134,361
S01004612,265,40,225
S01004613,294,18,276
S01004614,368,103,265
S01004615,354,92,262
S01004616,303,25,278
S01004617,255,29,226
S01004618,285,40,245
S01004619,258,50,208
S01004620,398,49,349
S01004621,355,62,293
S01004622,351,92,259
S01004623,471,105,366
S01004624,500,129,371
S01004625,337,60,277
S01004626,262,40,222
S01004627,282,14,268
S01004628,245,44,201
S01004629,364,12,352
S01004630,399,92,307
S01004631,354,80,274
S01004632,317,40,277
S01004633,220,54,166
S01004634,350,18,332
S01004635,341,79,262
S01004636,337,86,251
S01004637,230,61,169
S01004638,260,45,215
S01004639,305,97,208
S01004640,329,90,239
S01004641,245,29,216
S01004642,360,65,295
S01004643,210,48,162
S01004644,297,76,221
S01004645,457,53,404
S01004646,314,80,234
S01004647,397,88,309
S01004648,405,102,303
S01004649,276,40,236
S01004650,355,86,269
S01004651,362,56,306
S01004652,419,53,366
S01004653,284,90,194
S01004654,311,56,255
S01004655,382,74,308
S01004656,248,79,169
S01004657,297,42,255
S01004658,390,52,338
S01004659,226,85,141
S01004660,259,10,249
S01004661,335,57,278
S01004662,397,74,323
S01004663,221,38,183
S01004664,289,97,192
S01004665,327,81,246
S01004666,307,50,257
S01004667,289,56,233
S01004668,371,56,315
S01004669,357,119,238
S01004670,446,128,318
S01004671,379,77,302
S01004672,251,44,207
S01004673,367,60,307
S01004674,346,68,278
S01004675,323,50,273
S01004676,361,110,251
S01004677,379,110,269
S01004678,249,25,224
S01004679,240,93,147
S01004680,418,106,312
S01004681,291,31,260
S01004682,302,83,219
S01004683,260,18,242
S01004684,333,131,202
S01004685,261,74,187
S01004686,303,79,224
S01004687,309,69,240
S01004688,264,26,238
S01004689,368,48,320
S01004690,246,19,227
S01004691,271,38,233
S01004692,295,61,234
S01004693,290,50,240
S01004694,251,58,193
S01004695,233,1,232
S01004696,347,44,303
S01004697,320,53,267
S01004698,215,5,210
S01004699,326,34,292
S01004700,332,93,239
S01004701,224,4,220
S01004702,235,53,182
S01004703,305,29,276
S01004704,244,56,188
S01004705,342,39,303
S01004706,195,8,187
S01004707,376,50,326
S01004708,277,59,218
S01004709,262,38,224
S01004710,372,85,287
S01004711,315,39,276
S01004712,225,55,170
S01004713,294,64,230
S01004714,305,73,232
S01004715,361,88,273
S01004716,381,127,254
S01004717,278,61,217
S01004718,408,119,289
S01004719,311,85,226
S01004720,282,43,239
S01004721,219,7,212
S01004722,289,80,209
S01004723,219,30,189
S01004724,441,165,276
S01004725,240,28,212
S01004726,226,34,192
S01004727,455,179,276
S01004728,237,6,231
S01004729,256,32,224
S01004730,447,65,382
S01004731,315,48,267
S01004732,233,30,203
S01004733,335,76,259
S01004734,251,53,198
S01004735,385,117,268
S01004736,301,60,241
S01004737,298,63,235
S01004738,389,123,266
S01004739,268,44,224
S01004740,247,37,210
S01004741,266,63,203
S01004742,383,77,306
S01004743,325,18,307
S01004744,240,37,203
S01004745,359,89,270
S01004746,293,47,246
S01004747,262,36,226
S01004748,261,48,213
S01004749,340,100,240
S01004750,294,48,246
S01004751,366,39,327
S01004752,294,21,273
S01004753,293,51,242
S01004754,285,49,236
S01004755,319,92,227
S01004756,262,92,170
S01004757,342,46,296
S01004758,372,75,297
S01004759,225,19,206
S01004760,285,64,221
S01004761,223,58,165
S01004762,286,62,224
S01004763,305,10,295
S01004764,318,77,241
S01004765,480,139,341
S01004766,330,83,247
S01004767,261,51,210
S01004768,372,42,330
S01004769,230,22,208
S01004770,303,81,222
S01004771,397,196,201
S01004772,283,96,187
S01004773,317,63,254
S01004774,354,90,264
S01004775,488,107,381
S01004776,328,69,259
S01004777,235,5,230
S01004778,296,78,218
S01004779,334,100,234
S01004780,213,57,156
S01004781,354,100,254
S01004782,335,95,240
S01004783,367,69,298
S01004784,312,62,250
S01004785,236,55,181
S01004786,239,71,168
S01004787,449,71,378
S01004788,259,35,224
S01004789,506,168,338
S01004790,262,30,232
S01004791,270,28,242
S01004792,310,54,256
S01004793,378,41,337
S01004794,314,91,223
S01004795,336,60,276
S01004796,312,100,212
S01004797,318,108,210
S01004798,420,119,301
S01004799,238,45,193
S01004800,272,58,214
S01004801,315,94,221
S01004802,370,110,260
S01004803,382,101,281
S01004804,442,138,304
S01004805,283,47,236
S01004806,237,79,158
S01004807,267,63,204
S01004808,328,91,237
S01004809,218,60,158
S01004810,237,47,190
S01004811,269,80,189
S01004812,339,44,295
S01004813,330,80,250
S01004814,363,81,282
S01004815,284,35,249
S01004816,304,67,237
S01004817,279,83,196
S01004818,324,81,243
S01004819,217,23,194
S01004820,391,53,338
S01004821,363,74,289
S01004822,280,58,222
S01004823,322,84,238
S01004824,301,47,254
S01004825,261,45,216
S01004826,310,42,268
S01004827,287,56,231
S01004828,393,47,346
S01004829,308,67,241
S01004830,333,98,235
S01004831,326,35,291
S01004832,293,83,210
S01004833,356,72,284
S01004834,361,103,258
S01004835,274,35,239
S01004836,259,29,230
S01004837,270,35,235
S01004838,367,74,293
S01004839,379,79,300
S01004840,259,46,213
S01004841,345,71,274
S01004842,205,23,182
S01004843,275,49,226
S01004844,365,97,268
S01004845,342,88,254
S01004846,281,45,236
S01004847,346,90,256
S01004848,251,28,223
S01004849,298,59,239
S01004850,323,70,253
S01004851,246,24,222
S01004852,331,84,247
S01004853,338,92,246
S01004854,420,95,325
S01004855,299,69,230
S01004856,296,56,240
S01004857,354,59,295
S01004858,368,76,292
S01004859,345,16,329
S01004860,192,11,181
S01004861,303,37,266
S01004862,219,8,211
S01004863,421,78,343
S01004864,207,24,183
S01004865,274,67,207
S01004866,347,66,281
S01004867,285,43,242
S01004868,311,63,248
S01004869,294,22,272
S01004870,344,64,280
S01004871,316,56,260
S01004872,349,94,255
S01004873,326,75,251
S01004874,361,59,302
S01004875,300,44,256
S01004876,388,54,334
S01004877,300,66,234
S01004878,340,97,243
S01004879,288,45,243
S01004880,285,46,239
S01004881,330,69,261
S01004882,220,48,172
S01004883,280,5,275
S01004884,205,8,197
S01004885,212,20,192
S01004886,346,22,324
S01004887,136,12,124
S01004888,218,5,213
S01004889,360,76,284
S01004890,334,14,320
S01004891,386,72,314
S01004892,263,27,236
S01004893,396,170,226
S01004894,416,182,234
S01004895,382,94,288
S01004896,381,119,262
S01004897,207,13,194
S01004898,441,55,386
S01004899,306,92,214
S01004900,240,18,222
S01004901,383,52,331
S01004902,370,118,252
S01004903,210,19,191
S01004904,520,146,374
S01004905,439,55,384
S01004906,384,83,301
S01004907,301,45,256
S01004908,254,35,219
S01004909,390,77,313
S01004910,336,59,277
S01004911,254,7,247
S01004912,304,64,240
S01004913,282,84,198
S01004914,269,42,227
S01004915,260,22,238
S01004916,335,59,276
S01004917,187,3,184
S01004918,252,21,231
S01004919,202,28,174
S01004920,413,60,353
S01004921,317,44,273
S01004922,227,13,214
S01004923,311,15,296
S01004924,346,76,270
S01004925,255,77,178
S01004926,308,22,286
S01004927,339,14,325
S01004928,236,18,218
S01004929,243,19,224
S01004930,289,59,230
S01004931,425,81,344
S01004932,348,95,253
S01004933,326,31,295
S01004934,298,70,228
S01004935,205,37,168
S01004936,488,209,279
S01004937,246,54,192
S01004938,356,118,238
S01004939,239,62,177
S01004940,217,64,153
S01004941,252,26,226
S01004942,361,61,300
S01004943,322,63,259
S01004944,205,45,160
S01004945,269,93,176
S01004946,245,61,184
S01004947,256,53,203
S01004948,261,52,209
S01004949,241,62,179
S01004950,189,29,160
S01004951,315,101,214
S01004952,386,85,301
S01004953,423,110,313
S01004954,313,54,259
S01004955,279,59,220
S01004956,306,85,221
S01004957,264,56,208
S01004958,401,130,271
S01004959,343,118,225
S01004960,253,88,165
S01004961,300,70,230
S01004962,217,45,172
S01004963,251,72,179
S01004964,392,72,320
S01004965,344,95,249
S01004966,321,87,234
S01004967,228,55,173
S01004968,242,52,190
S01004969,390,102,288
S01004970,350,102,248
S01004971,426,107,319
S01004972,319,72,247
S01004973,309,61,248
S01004974,341,51,290
S01004975,302,57,245
S01004976,336,108,228
S01004977,458,128,330
S01004978,365,59,306
S01004979,343,69,274
S01004980,443,104,339
S01004981,382,75,307
S01004982,232,30,202
S01004983,386,90,296
S01004984,322,75,247
S01004985,295,61,234
S01004986,242,58,184
S01004987,201,33,168
S01004988,203,35,168
S01004989,261,73,188
S01004990,214,41,173
S01004991,241,58,183
S01004992,356,104,252
S01004993,283,108,175
S01004994,329,108,221
S01004995,429,167,262
S01004996,272,44,228
S01004997,348,76,272
S01004998,326,60,266
S01004999,344,91,253
S01005000,254,62,192
S01005001,379,77,302
S01005002,372,203,169
S01005003,353,60,293
S01005004,248,70,178
S01005005,434,173,261
S01005006,276,97,179
S01005007,407,178,229
S01005008,361,66,295
S01005009,276,71,205
S01005010,265,66,199
S01005011,262,107,155
S01005012,347,96,251
S01005013,284,88,196
S01005014,333,86,247
S01005015,281,95,186
S01005016,345,102,243
S01005017,306,112,194
S01005018,232,60,172
S01005019,381,107,274
S01005020,326,95,231
S01005021,359,137,222
S01005022,282,67,215
S01005023,265,54,211
S01005024,420,170,250
S01005025,286,81,205
S01005026,237,68,169
S01005027,287,42,245
S01005028,264,90,174
S01005029,480,65,415
S01005030,424,139,285
S01005031,382,118,264
S01005032,427,158,269
S01005033,267,52,215
S01005034,351,72,279
S01005035,404,80,324
S01005036,214,76,138
S01005037,605,116,489
S01005038,338,86,252
S01005039,458,160,298
S01005040,564,163,401
S01005041,365,54,311
S01005042,347,123,224
S01005043,373,154,219
S01005044,490,129,361
S01005045,319,42,277
S01005046,419,96,323
S01005047,641,244,397
S01005048,200,52,148
S01005049,433,114,319
S01005050,455,103,352
S01005051,374,57,317
S01005052,272,54,218
S01005053,365,57,308
S01005054,230,65,165
S01005055,324,88,236
S01005056,376,88,288
S01005057,357,77,280
S01005058,284,45,239
S01005059,231,66,165
S01005060,330,107,223
S01005061,458,172,286
S01005062,217,87,130
S01005063,208,20,188
S01005064,331,112,219
S01005065,428,88,340
S01005066,357,47,310
S01005067,201,45,156
S01005068,286,97,189
S01005069,289,65,224
S01005070,421,137,284
S01005071,110,12,98
S01005072,265,62,203
S01005073,281,86,195
S01005074,330,93,237
S01005075,175,15,160
S01005076,328,50,278
S01005077,272,5,267
S01005078,324,107,217
S01005079,294,66,228
S01005080,205,35,170
S01005081,288,47,241
S01005082,289,66,223
S01005083,462,171,291
S01005084,281,66,215
S01005085,239,49,190
S01005086,311,48,263
S01005087,223,78,145
S01005088,243,87,156
S01005089,351,145,206
S01005090,386,130,256
S01005091,302,126,176
S01005092,303,100,203
S01005093,347,67,280
S01005094,224,37,187
S01005095,406,115,291
S01005096,242,53,189
S01005097,310,87,223
S01005098,266,84,182
S01005099,372,133,239
S01005100,231,54,177
S01005101,376,96,280
S01005102,382,80,302
S01005103,370,69,301
S01005104,282,37,245
S01005105,370,97,273
S01005106,241,77,164
S01005107,186,42,144
S01005108,270,91,179
S01005109,375,87,288
S01005110,439,101,338
S01005111,219,62,157
S01005112,365,84,281
S01005113,441,113,328
S01005114,412,104,308
S01005115,400,137,263
S01005116,284,79,205
S01005117,284,85,199
S01005118,359,134,225
S01005119,282,110,172
S01005120,261,92,169
S01005121,313,70,243
S01005122,335,118,217
S01005123,355,156,199
S01005124,304,100,204
S01005125,434,165,269
S01005126,236,67,169
S01005127,281,94,187
S01005128,376,139,237
S01005129,334,66,268
S01005130,291,69,222
S01005131,375,144,231
S01005132,270,79,191
S01005133,151,28,123
S01005134,429,165,264
S01005135,309,80,229
S01005136,373,112,261
S01005137,388,90,298
S01005138,457,112,345
S01005139,279,76,203
S01005140,246,46,200
S01005141,407,141,266
S01005142,284,116,168
S01005143,457,167,290
S01005144,455,179,276
S01005145,353,126,227
S01005146,291,79,212
S01005147,384,105,279
S01005148,270,53,217
S01005149,278,86,192
S01005150,264,42,222
S01005151,279,67,212
S01005152,290,49,241
S01005153,318,41,277
S01005154,226,36,190
S01005155,287,46,241
S01005156,300,72,228
S01005157,391,93,298
S01005158,291,58,233
S01005159,390,103,287
S01005160,438,107,331
S01005161,352,26,326
S01005162,445,109,336
S01005163,255,64,191
S01005164,378,80,298
S01005165,360,129,231
S01005166,428,101,327
S01005167,332,50,282
S01005168,266,22,244
S01005169,235,49,186
S01005170,301,54,247
S01005171,347,94,253
S01005172,301,22,279
S01005173,244,40,204
S01005174,366,91,275
S01005175,293,78,215
S01005176,339,98,241
S01005177,449,72,377
S01005178,362,87,275
S01005179,416,61,355
S01005180,353,41,312
S01005181,334,34,300
S01005182,385,79,306
S01005183,428,115,313
S01005184,326,45,281
S01005185,242,79,163
S01005186,412,207,205
S01005187,471,211,260
S01005188,349,59,290
S01005189,417,152,265
S01005190,354,88,266
S01005191,352,39,313
S01005192,315,59,256
S01005193,290,62,228
S01005194,280,83,197
S01005195,347,31,316
S01005196,342,27,315
S01005197,472,164,308
S01005198,377,78,299
S01005199,326,62,264
S01005200,240,39,201
S01005201,391,100,291
S01005202,396,120,276
S01005203,343,83,260
S01005204,214,25,189
S01005205,407,76,331
S01005206,349,95,254
S01005207,460,159,301
S01005208,309,90,219
S01005209,411,152,259
S01005210,620,354,266
S01005211,367,101,266
S01005212,289,59,230
S01005213,408,110,298
S01005214,408,73,335
S01005215,403,160,243
S01005216,256,53,203
S01005217,327,30,297
S01005218,500,200,300
S01005219,367,96,271
S01005220,305,66,239
S01005221,258,55,203
S01005222,292,51,241
S01005223,371,130,241
S01005224,261,16,245
S01005225,386,99,287
S01005226,214,39,175
S01005227,437,125,312
S01005228,406,87,319
S01005229,472,112,360
S01005230,349,90,259
S01005231,348,30,318
S01005232,589,257,332
S01005233,308,101,207
S01005234,466,44,422
S01005235,275,25,250
S01005236,400,66,334
S01005237,386,144,242
S01005238,356,112,244
S01005239,530,133,397
S01005240,525,107,418
S01005241,382,122,260
S01005242,526,169,357
S01005243,502,151,351
S01005244,348,99,249
S01005245,367,51,316
S01005246,569,114,455
S01005247,274,15,259
S01005248,369,129,240
S01005249,458,54,404
S01005250,453,42,411
S01005251,376,26,350
S01005252,235,29,206
S01005253,235,8,227
S01005254,391,48,343
S01005255,355,155,200
S01005256,264,28,236
S01005257,482,155,327
S01005258,404,101,303
S01005259,269,39,230
S01005260,359,142,217
S01005261,212,22,190
S01005262,488,169,319
S01005263,217,22,195
S01005264,351,127,224
S01005265,238,45,193
S01005266,387,131,256
S01005267,382,92,290
S01005268,565,123,442
S01005269,378,178,200
S01005270,444,161,283
S01005271,230,61,169
S01005272,283,54,229
S01005273,313,51,262
S01005274,410,179,231
S01005275,302,59,243
S01005276,287,61,226
S01005277,224,23,201
S01005278,401,107,294
S01005279,196,43,153
S01005280,389,109,280
S01005281,366,61,305
S01005282,369,69,300
S01005283,293,51,242
S01005284,413,106,307
S01005285,240,37,203
S01005286,287,64,223
S01005287,355,60,295
S01005288,383,110,273
S01005289,396,88,308
S01005290,307,89,218
S01005291,306,27,279
S01005292,343,65,278
S01005293,393,117,276
S01005294,231,30,201
S01005295,275,68,207
S01005296,282,24,258
S01005297,287,99,188
S01005298,373,42,331
S01005299,227,53,174
S01005300,386,42,344
S01005301,315,34,281
S01005302,441,113,328
S01005303,328,104,224
S01005304,289,58,231
S01005305,364,81,283
S01005306,339,16,323
S01005307,321,38,283
S01005308,226,30,196
S01005309,430,134,296
S01005310,516,226,290
S01005311,391,41,350
S01005312,244,38,206
S01005313,356,29,327
S01005314,192,44,148
S01005315,320,23,297
S01005316,375,123,252
S01005317,201,18,183
S01005318,271,126,145
S01005319,236,19,217
S01005320,288,85,203
S01005321,287,109,178
S01005322,365,25,340
S01005323,324,123,201
S01005324,393,86,307
S01005325,371,62,309
S01005326,443,89,354
S01005327,280,40,240
S01005328,410,57,353
S01005329,204,32,172
S01005330,333,131,202
S01005331,356,85,271
S01005332,229,76,153
S01005333,310,41,269
S01005334,287,64,223
S01005335,185,25,160
S01005336,235,38,197
S01005337,310,26,284
S01005338,176,3,173
S01005339,312,66,246
S01005340,203,15,188
S01005341,278,70,208
S01005342,302,60,242
S01005343,333,37,296
S01005344,303,80,223
S01005345,258,39,219
S01005346,262,13,249
S01005347,273,21,252
S01005348,331,36,295
S01005349,313,38,275
S01005350,274,36,238
S01005351,315,63,252
S01005352,384,117,267
S01005353,441,125,316
S01005354,326,43,283
S01005355,313,88,225
S01005356,278,74,204
S01005357,367,153,214
S01005358,377,111,266
S01005359,338,42,296
S01005360,302,30,272
S01005361,340,62,278
S01005362,327,120,207
S01005363,268,46,222
S01005364,384,93,291
S01005365,256,60,196
S01005366,293,64,229
S01005367,485,209,276
S01005368,317,84,233
S01005369,548,168,380
S01005370,383,123,260
S01005371,439,122,317
S01005372,441,146,295
S01005373,366,138,228
S01005374,469,138,331
S01005375,449,159,290
S01005376,424,130,294
S01005377,413,132,281
S01005378,317,56,261
S01005379,405,108,297
S01005380,297,66,231
S01005381,273,51,222
S01005382,285,37,248
S01005383,260,49,211
S01005384,346,76,270
S01005385,318,62,256
S01005386,301,104,197
S01005387,414,119,295
S01005388,315,86,229
S01005389,428,168,260
S01005390,332,88,244
S01005391,333,98,235
S01005392,377,96,281
S01005393,352,94,258
S01005394,356,75,281
S01005395,362,89,273
S01005396,268,43,225
S01005397,293,123,170
S01005398,420,100,320
S01005399,497,219,278
S01005400,420,86,334
S01005401,426,148,278
S01005402,431,113,318
S01005403,391,73,318
S01005404,374,94,280
S01005405,242,79,163
S01005406,267,113,154
S01005407,420,108,312
S01005408,262,56,206
S01005409,285,74,211
S01005410,315,58,257
S01005411,398,121,277
S01005412,439,139,300
S01005413,480,169,311
S01005414,437,175,262
S01005415,326,114,212
S01005416,496,226,270
S01005417,312,45,267
S01005418,341,117,224
S01005419,319,109,210
S01005420,347,108,239
S01005421,357,49,308
S01005422,378,165,213
S01005423,368,63,305
S01005424,346,86,260
S01005425,456,99,357
S01005426,336,67,269
S01005427,425,159,266
S01005428,418,82,336
S01005429,375,133,242
S01005430,289,90,199
S01005431,312,80,232
S01005432,374,111,263
S01005433,411,100,311
S01005434,371,78,293
S01005435,414,165,249
S01005436,394,76,318
S01005437,406,65,341
S01005438,348,91,257
S01005439,319,82,237
S01005440,380,88,292
S01005441,415,91,324
S01005442,378,88,290
S01005443,437,115,322
S01005444,387,84,303
S01005445,415,142,273
S01005446,343,102,241
S01005447,340,85,255
S01005448,364,64,300
S01005449,356,69,287
S01005450,450,179,271
S01005451,415,159,256
S01005452,374,132,242
S01005453,397,135,262
S01005454,388,140,248
S01005455,476,172,304
S01005456,383,120,263
S01005457,430,136,294
S01005458,375,87,288
S01005459,334,60,274
S01005460,330,61,269
S01005461,308,73,235
S01005462,426,108,318
S01005463,239,68,171
S01005464,267,103,164
S01005465,260,72,188
S01005466,341,34,307
S01005467,230,62,168
S01005468,347,66,281
S01005469,379,103,276
S01005470,292,109,183
S01005471,289,41,248
S01005472,320,51,269
S01005473,325,88,237
S01005474,433,203,230
S01005475,317,59,258
S01005476,322,44,278
S01005477,360,83,277
S01005478,384,116,268
S01005479,239,76,163
S01005480,343,99,244
S01005481,263,81,182
S01005482,266,68,198
S01005483,298,66,232
S01005484,235,80,155
S01005485,338,100,238
S01005486,388,106,282
S01005487,293,78,215
S01005488,331,58,273
S01005489,392,91,301
S01005490,264,89,175
S01005491,385,94,291
S01005492,384,83,301
S01005493,299,70,229
S01005494,269,38,231
S01005495,268,58,210
S01005496,383,84,299
S01005497,208,22,186
S01005498,388,90,298
S01005499,277,42,235
S01005500,298,38,260
S01005501,309,46,263
S01005502,395,99,296
S01005503,268,72,196
S01005504,313,93,220
S01005505,296,72,224
S01005506,429,111,318
S01005507,253,58,195
S01005508,328,38,290
S01005509,196,25,171
S01005510,235,36,199
S01005511,236,51,185
S01005512,263,64,199
S01005513,290,68,222
S01005514,224,43,181
S01005515,204,43,161
S01005516,204,42,162
S01005517,361,40,321
S01005518,386,51,335
S01005519,281,71,210
S01005520,417,118,299
S01005521,363,97,266
S01005522,283,96,187
S01005523,362,79,283
S01005524,301,77,224
S01005525,295,81,214
S01005526,306,58,248
S01005527,251,59,192
S01005528,239,84,155
S01005529,371,96,275
S01005530,313,96,217
S01005531,278,80,198
S01005532,359,121,238
S01005533,358,139,219
S01005534,316,98,218
S01005535,359,88,271
S01005536,362,85,277
S01005537,281,67,214
S01005538,357,93,264
S01005539,393,97,296
S01005540,356,75,281
S01005541,303,85,218
S01005542,315,90,225
S01005543,342,95,247
S01005544,323,97,226
S01005545,319,45,274
S01005546,270,55,215
S01005547,293,75,218
S01005548,333,82,251
S01005549,382,85,297
S01005550,253,81,172
S01005551,388,120,268
S01005552,311,75,236
S01005553,326,101,225
S01005554,304,99,205
S01005555,266,83,183
S01005556,254,94,160
S01005557,285,30,255
S01005558,321,124,197
S01005559,255,20,235
S01005560,269,42,227
S01005561,343,69,274
S01005562,400,182,218
S01005563,389,134,255
S01005564,311,103,208
S01005565,248,72,176
S01005566,260,77,183
S01005567,490,187,303
S01005568,255,76,179
S01005569,271,53,218
S01005570,319,84,235
S01005571,264,33,231
S01005572,335,122,213
S01005573,308,89,219
S01005574,373,121,252
S01005575,280,49,231
S01005576,348,114,234
S01005577,343,111,232
S01005578,425,138,287
S01005579,320,47,273
S01005580,265,125,140
S01005581,373,141,232
S01005582,354,117,237
S01005583,280,98,182
S01005584,219,49,170
S01005585,458,172,286
S01005586,375,139,236
S01005587,423,138,285
S01005588,395,207,188
S01005589,455,93,362
S01005590,479,151,328
S01005591,419,122,297
S01005592,238,38,200
S01005593,309,71,238
S01005594,518,144,374
S01005595,323,49,274
S01005596,237,59,178
S01005597,462,119,343
S01005598,503,111,392
S01005599,237,57,180
S01005600,320,50,270
S01005601,304,80,224
S01005602,334,83,251
S01005603,210,26,184
S01005604,231,41,190
S01005605,490,156,334
S01005606,302,71,231
S01005607,290,68,222
S01005608,360,63,297
S01005609,378,100,278
S01005610,248,71,177
S01005611,316,51,265
S01005612,327,19,308
S01005613,366,138,228
S01005614,325,69,256
S01005615,466,148,318
S01005616,290,70,220
S01005617,340,79,261
S01005618,315,143,172
S01005619,232,24,208
S01005620,220,79,141
S01005621,283,54,229
S01005622,404,156,248
S01005623,346,97,249
S01005624,353,104,249
S01005625,377,126,251
S01005626,340,83,257
S01005627,291,104,187
S01005628,413,107,306
S01005629,345,123,222
S01005630,288,102,186
S01005631,319,91,228
S01005632,281,104,177
S01005633,356,124,232
S01005634,345,102,243
S01005635,337,94,243
S01005636,411,160,251
S01005637,396,97,299
S01005638,439,164,275
S01005639,303,60,243
S01005640,217,52,165
S01005641,341,56,285
S01005642,281,100,181
S01005643,269,91,178
S01005644,266,92,174
S01005645,338,104,234
S01005646,485,163,322
S01005647,348,140,208
S01005648,324,89,235
S01005649,487,144,343
S01005650,261,71,190
S01005651,423,114,309
S01005652,271,45,226
S01005653,349,75,274
S01005654,367,119,248
S01005655,389,105,284
S01005656,334,150,184
S01005657,268,88,180
S01005658,318,48,270
S01005659,327,58,269
S01005660,275,60,215
S01005661,275,32,243
S01005662,220,39,181
S01005663,254,71,183
S01005664,211,27,184
S01005665,191,24,167
S01005666,389,102,287
S01005667,315,85,230
S01005668,307,45,262
S01005669,267,60,207
S01005670,280,53,227
S01005671,204,33,171
S01005672,349,86,263
S01005673,270,70,200
S01005674,394,116,278
S01005675,427,102,325
S01005676,359,99,260
S01005677,311,53,258
S01005678,337,83,254
S01005679,322,89,233
S01005680,232,35,197
S01005681,448,201,247
S01005682,310,110,200
S01005683,377,80,297
S01005684,375,102,273
S01005685,234,28,206
S01005686,273,84,189
S01005687,209,29,180
S01005688,335,67,268
S01005689,191,27,164
S01005690,323,78,245
S01005691,236,35,201
S01005692,252,40,212
S01005693,304,76,228
S01005694,231,39,192
S01005695,235,47,188
S01005696,253,52,201
S01005697,315,87,228
S01005698,233,45,188
S01005699,448,182,266
S01005700,206,25,181
S01005701,326,50,276
S01005702,316,84,232
S01005703,227,35,192
S01005704,295,83,212
S01005705,225,54,171
S01005706,308,93,215
S01005707,282,103,179
S01005708,320,105,215
S01005709,333,65,268
S01005710,163,26,137
S01005711,383,97,286
S01005712,251,64,187
S01005713,285,104,181
S01005714,336,70,266
S01005715,342,87,255
S01005716,233,69,164
S01005717,221,46,175
S01005718,419,128,291
S01005719,200,45,155
S01005720,269,56,213
S01005721,350,87,263
S01005722,201,33,168
S01005723,292,92,200
S01005724,226,27,199
S01005725,274,64,210
S01005726,342,51,291
S01005727,229,41,188
S01005728,300,55,245
S01005729,265,64,201
S01005730,326,90,236
S01005731,287,96,191
S01005732,393,96,297
S01005733,285,42,243
S01005734,282,74,208
S01005735,261,14,247
S01005736,314,95,219
S01005737,314,47,267
S01005738,328,51,277
S01005739,265,35,230
S01005740,294,39,255
S01005741,381,79,302
S01005742,287,89,198
S01005743,231,22,209
S01005744,364,96,268
S01005745,389,91,298
S01005746,306,53,253
S01005747,343,57,286
S01005748,227,58,169
S01005749,323,62,261
S01005750,305,58,247
S01005751,297,42,255
S01005752,312,37,275
S01005753,283,54,229
S01005754,381,83,298
S01005755,355,84,271
S01005756,371,85,286
S01005757,249,42,207
S01005758,363,102,261
S01005759,372,87,285
S01005760,235,44,191
S01005761,262,62,200
S01005762,342,89,253
S01005763,308,58,250
S01005764,267,51,216
S01005765,375,65,310
S01005766,304,83,221
S01005767,263,27,236
S01005768,379,105,274
S01005769,345,82,263
S01005770,321,136,185
S01005771,294,43,251
S01005772,274,59,215
S01005773,310,37,273
S01005774,267,47,220
S01005775,382,105,277
S01005776,294,63,231
S01005777,241,59,182
S01005778,336,106,230
S01005779,292,50,242
S01005780,220,15,205
S01005781,393,108,285
S01005782,384,125,259
S01005783,198,31,167
S01005784,170,5,165
S01005785,290,21,269
S01005786,228,50,178
S01005787,265,12,253
S01005788,262,108,154
S01005789,329,31,298
S01005790,203,16,187
S01005791,211,43,168
S01005792,292,13,279
S01005793,185,22,163
S01005794,408,89,319
S01005795,271,13,258
S01005796,201,46,155
S01005797,282,10,272
S01005798,265,70,195
S01005799,313,59,254
S01005800,293,59,234
S01005801,246,19,227
S01005802,247,44,203
S01005803,264,53,211
S01005804,245,36,209
S01005805,205,15,190
S01005806,290,71,219
S01005807,337,38,299
S01005808,286,19,267
S01005809,189,10,179
S01005810,210,48,162
S01005811,233,36,197
S01005812,226,7,219
S01005813,324,76,248
S01005814,291,57,234
S01005815,408,129,279
S01005816,321,87,234
S01005817,203,18,185
S01005818,238,11,227
S01005819,293,67,226
S01005820,313,42,271
S01005821,222,56,166
S01005822,378,52,326
S01005823,228,25,203
S01005824,249,19,230
S01005825,344,116,228
S01005826,319,14,305
S01005827,291,21,270
S01005828,351,71,280
S01005829,320,71,249
S01005830,478,126,352
S01005831,365,71,294
S01005832,335,63,272
S01005833,289,52,237
S01005834,298,121,177
S01005835,259,24,235
S01005836,239,29,210
S01005837,177,19,158
S01005838,285,53,232
S01005839,332,90,242
S01005840,353,105,248
S01005841,278,72,206
S01005842,274,74,200
S01005843,221,34,187
S01005844,305,56,249
S01005845,198,46,152
S01005846,485,163,322
S01005847,377,151,226
S01005848,268,36,232
S01005849,348,116,232
S01005850,320,91,229
S01005851,384,143,241
S01005852,246,34,212
S01005853,428,141,287
S01005854,342,76,266
S01005855,431,101,330
S01005856,356,114,242
S01005857,333,98,235
S01005858,294,28,266
S01005859,335,53,282
S01005860,373,109,264
S01005861,183,1,182
S01005862,342,61,281
S01005863,392,103,289
S01005864,469,179,290
S01005865,379,117,262
S01005866,305,86,219
S01005867,382,44,338
S01005868,269,52,217
S01005869,270,50,220
S01005870,364,141,223
S01005871,331,90,241
S01005872,339,105,234
S01005873,413,110,303
S01005874,348,43,305
S01005875,283,25,258
S01005876,310,67,243
S01005877,368,129,239
S01005878,275,16,259
S01005879,289,78,211
S01005880,426,119,307
S01005881,361,100,261
S01005882,240,66,174
S01005883,229,80,149
S01005884,357,120,237
S01005885,237,50,187
S01005886,273,38,235
S01005887,258,92,166
S01005888,231,36,195
S01005889,492,222,270
S01005890,278,13,265
S01005891,284,50,234
S01005892,365,102,263
S01005893,341,93,248
S01005894,311,97,214
S01005895,260,48,212
S01005896,259,64,195
S01005897,344,121,223
S01005898,313,67,246
S01005899,400,126,274
S01005900,265,72,193
S01005901,293,48,245
S01005902,353,98,255
S01005903,450,149,301
S01005904,342,76,266
S01005905,271,26,245
S01005906,348,70,278
S01005907,397,119,278
S01005908,421,94,327
S01005909,214,60,154
S01005910,308,82,226
S01005911,429,97,332
S01005912,339,89,250
S01005913,367,78,289
S01005914,455,157,298
S01005915,349,138,211
S01005916,242,12,230
S01005917,379,63,316
S01005918,422,150,272
S01005919,209,28,181
S01005920,448,168,280
S01005921,264,42,222
S01005922,481,115,366
S01005923,346,57,289
S01005924,218,20,198
S01005925,269,24,245
S01005926,366,132,234
S01005927,332,101,231
S01005928,326,42,284
S01005929,271,87,184
S01005930,290,89,201
S01005931,358,58,300
S01005932,314,70,244
S01005933,264,21,243
S01005934,353,123,230
S01005935,335,110,225
S01005936,404,133,271
S01005937,201,7,194
S01005938,336,94,242
S01005939,323,60,263
S01005940,341,66,275
S01005941,152,4,148
S01005942,447,145,302
S01005943,414,82,332
S01005944,494,171,323
S01005945,376,85,291
S01005946,377,78,299
S01005947,395,119,276
S01005948,287,31,256
S01005949,277,36,241
S01005950,301,71,230
S01005951,466,139,327
S01005952,504,171,333
S01005953,403,96,307
S01005954,237,46,191
S01005955,290,24,266
S01005956,366,47,319
S01005957,403,93,310
S01005958,252,53,199
S01005959,250,66,184
S01005960,257,109,148
S01005961,316,30,286
S01005962,239,62,177
S01005963,247,63,184
S01005964,331,63,268
S01005965,328,32,296
S01005966,374,67,307
S01005967,374,80,294
S01005968,228,33,195
S01005969,297,53,244
S01005970,363,75,288
S01005971,192,22,170
S01005972,393,110,283
S01005973,372,99,273
S01005974,345,87,258
S01005975,292,56,236
S01005976,397,133,264
S01005977,294,38,256
S01005978,321,97,224
S01005979,385,75,310
S01005980,229,22,207
S01005981,223,11,212
S01005982,276,47,229
S01005983,347,20,327
S01005984,280,58,222
S01005985,354,96,258
S01005986,267,52,215
S01005987,288,89,199
S01005988,250,73,177
S01005989,264,24,240
S01005990,519,49,470
S01005991,297,71,226
S01005992,318,87,231
S01005993,302,21,281
S01005994,384,116,268
S01005995,380,125,255
S01005996,305,22,283
S01005997,269,47,222
S01005998,335,31,304
S01005999,314,40,274
S01006000,365,95,270
S01006001,303,45,258
S01006002,284,137,147
S01006003,325,140,185
S01006004,238,14,224
S01006005,242,38,204
S01006006,297,69,228
S01006007,280,76,204
S01006008,355,78,277
S01006009,202,15,187
S01006010,354,69,285
S01006011,374,109,265
S01006012,367,76,291
S01006013,193,33,160
S01006014,288,76,212
S01006015,357,122,235
S01006016,369,60,309
S01006017,275,52,223
S01006018,272,20,252
S01006019,373,72,301
S01006020,329,111,218
S01006021,389,138,251
S01006022,239,57,182
S01006023,257,42,215
S01006024,381,107,274
S01006025,378,118,260
S01006026,332,97,235
S01006027,284,87,197
S01006028,311,56,255
S01006029,271,55,216
S01006030,373,116,257
S01006031,398,114,284
S01006032,472,147,325
S01006033,296,32,264
S01006034,338,64,274
S01006035,451,131,320
S01006036,288,10,278
S01006037,398,81,317
S01006038,326,148,178
S01006039,343,87,256
S01006040,339,62,277
S01006041,491,188,303
S01006042,385,140,245
S01006043,253,65,188
S01006044,278,63,215
S01006045,275,40,235
S01006046,341,54,287
S01006047,337,108,229
S01006048,329,84,245
S01006049,389,160,229
S01006050,381,81,300
S01006051,388,25,363
S01006052,323,59,264
S01006053,342,107,235
S01006054,331,88,243
S01006055,253,35,218
S01006056,368,94,274
S01006057,273,87,186
S01006058,399,143,256
S01006059,465,204,261
S01006060,367,152,215
S01006061,360,90,270
S01006062,381,115,266
S01006063,246,37,209
S01006064,368,110,258
S01006065,459,85,374
S01006066,429,79,350
S01006067,401,115,286
S01006068,206,56,150
S01006069,278,41,237
S01006070,258,63,195
S01006071,342,69,273
S01006072,248,57,191
S01006073,201,60,141
S01006074,274,80,194
S01006075,388,86,302
S01006076,353,64,289
S01006077,316,61,255
S01006078,412,119,293
S01006079,300,67,233
S01006080,373,117,256
S01006081,301,91,210
S01006082,373,69,304
S01006083,385,138,247
S01006084,324,32,292
S01006085,293,34,259
S01006086,287,55,232
S01006087,352,101,251
S01006088,283,35,248
S01006089,354,98,256
S01006090,324,63,261
S01006091,228,39,189
S01006092,253,60,193
S01006093,225,49,176
S01006094,403,130,273
S01006095,331,55,276
S01006096,268,67,201
S01006097,461,164,297
S01006098,325,127,198
S01006099,223,19,204
S01006100,288,31,257
S01006101,297,59,238
S01006102,369,128,241
S01006103,338,25,313
S01006104,346,87,259
S01006105,302,72,230
S01006106,248,24,224
S01006107,276,45,231
S01006108,332,43,289
S01006109,379,128,251
S01006110,326,67,259
S01006111,374,118,256
S01006112,336,28,308
S01006113,365,117,248
S01006114,323,110,213
S01006115,377,153,224
S01006116,345,69,276
S01006117,373,115,258
S01006118,223,58,165
S01006119,420,127,293
S01006120,413,60,353
S01006121,236,23,213
S01006122,331,57,274
S01006123,329,48,281
S01006124,316,51,265
S01006125,265,53,212
S01006126,376,35,341
S01006127,328,45,283
S01006128,381,23,358
S01006129,311,90,221
S01006130,213,24,189
S01006131,366,88,278
S01006132,426,126,300
S01006133,244,62,182
S01006134,231,77,154
S01006135,266,92,174
S01006136,350,48,302
S01006137,222,29,193
S01006138,270,72,198
S01006139,169,32,137
S01006140,378,128,250
S01006141,291,29,262
S01006142,295,63,232
S01006143,209,56,153
S01006144,399,101,298
S01006145,408,170,238
S01006146,346,69,277
S01006147,405,107,298
S01006148,350,91,259
S01006149,392,80,312
S01006150,396,97,299
S01006151,99,3,96
S01006152,297,80,217
S01006153,218,26,192
S01006154,266,26,240
S01006155,349,84,265
S01006156,242,67,175
S01006157,387,129,258
S01006158,336,91,245
S01006159,393,124,269
S01006160,279,42,237
S01006161,303,75,228
S01006162,249,58,191
S01006163,407,86,321
S01006164,254,53,201
S01006165,223,43,180
S01006166,348,71,277
S01006167,362,54,308
S01006168,321,81,240
S01006169,311,81,230
S01006170,411,127,284
S01006171,394,123,271
S01006172,205,58,147
S01006173,254,61,193
S01006174,241,44,197
S01006175,356,114,242
S01006176,239,80,159
S01006177,378,87,291
S01006178,376,113,263
S01006179,352,96,256
S01006180,411,77,334
S01006181,325,59,266
S01006182,364,48,316
S01006183,294,52,242
S01006184,311,77,234
S01006185,403,94,309
S01006186,401,115,286
S01006187,435,89,346
S01006188,355,47,308
S01006189,357,63,294
S01006190,357,96,261
S01006191,283,78,205
S01006192,354,64,290
S01006193,327,95,232
S01006194,401,96,305
S01006195,465,253,212
S01006196,402,91,311
S01006197,371,106,265
S01006198,326,62,264
S01006199,369,137,232
S01006200,379,136,243
S01006201,434,131,303
S01006202,397,68,329
S01006203,253,61,192
S01006204,425,150,275
S01006205,316,116,200
S01006206,323,68,255
S01006207,469,206,263
S01006208,337,129,208
S01006209,298,26,272
S01006210,340,85,255
S01006211,278,89,189
S01006212,281,26,255
S01006213,413,146,267
S01006214,367,99,268
S01006215,358,102,256
S01006216,282,19,263
S01006217,434,112,322
S01006218,257,57,200
S01006219,468,146,322
S01006220,336,53,283
S01006221,428,134,294
S01006222,417,83,334
S01006223,295,54,241
S01006224,297,58,239
S01006225,374,100,274
S01006226,244,16,228
S01006227,315,114,201
S01006228,262,19,243
S01006229,396,28,368
S01006230,357,66,291
S01006231,375,59,316
S01006232,288,53,235
S01006233,285,69,216
S01006234,282,67,215
S01006235,313,99,214
S01006236,320,53,267
S01006237,454,197,257
S01006238,416,146,270
S01006239,177,15,162
S01006240,339,77,262
S01006241,474,130,344
S01006242,354,135,219
S01006243,211,43,168
S01006244,283,88,195
S01006245,241,26,215
S01006246,271,43,228
S01006247,359,78,281
S01006248,307,50,257
S01006249,411,86,325
S01006250,331,70,261
S01006251,263,85,178
S01006252,238,64,174
S01006253,264,28,236
S01006254,295,25,270
S01006255,339,69,270
S01006256,274,57,217
S01006257,336,121,215
S01006258,335,77,258
S01006259,288,57,231
S01006260,297,41,256
S01006261,363,85,278
S01006262,309,59,250
S01006263,382,99,283
S01006264,316,8,308
S01006265,372,24,348
S01006266,304,39,265
S01006267,234,16,218
S01006268,260,24,236
S01006269,240,14,226
S01006270,399,84,315
S01006271,313,55,258
S01006272,390,151,239
S01006273,270,12,258
S01006274,242,49,193
S01006275,288,27,261
S01006276,355,78,277
S01006277,316,81,235
S01006278,420,182,238
S01006279,366,50,316
S01006280,314,75,239
S01006281,342,72,270
S01006282,331,95,236
S01006283,326,101,225
S01006284,371,92,279
S01006285,343,58,285
S01006286,411,64,347
S01006287,263,66,197
S01006288,407,139,268
S01006289,406,100,306
S01006290,432,87,345
S01006291,219,34,185
S01006292,354,88,266
S01006293,342,54,288
S01006294,246,59,187
S01006295,241,40,201
S01006296,372,46,326
S01006297,311,47,264
S01006298,352,58,294
S01006299,330,93,237
S01006300,337,59,278
S01006301,292,71,221
S01006302,361,75,286
S01006303,288,43,245
S01006304,298,44,254
S01006305,287,57,230
S01006306,292,35,257
S01006307,393,140,253
S01006308,281,66,215
S01006309,384,26,358
S01006310,332,63,269
S01006311,331,80,251
S01006312,254,47,207
S01006313,393,80,313
S01006314,222,34,188
S01006315,375,81,294
S01006316,345,28,317
S01006317,348,35,313
S01006318,315,74,241
S01006319,430,120,310
S01006320,411,74,337
S01006321,232,10,222
S01006322,215,14,201
S01006323,321,10,311
S01006324,205,17,188
S01006325,333,124,209
S01006326,447,155,292
S01006327,263,49,214
S01006328,283,62,221
S01006329,396,64,332
S01006330,326,81,245
S01006331,273,51,222
S01006332,267,60,207
S01006333,403,114,289
S01006334,385,122,263
S01006335,346,62,284
S01006336,273,21,252
S01006337,257,15,242
S01006338,345,30,315
S01006339,365,90,275
S01006340,268,41,227
S01006341,262,18,244
S01006342,305,67,238
S01006343,328,45,283
S01006344,292,46,246
S01006345,236,35,201
S01006346,259,51,208
S01006347,220,10,210
S01006348,234,43,191
S01006349,222,62,160
S01006350,333,73,260
S01006351,348,56,292
S01006352,280,33,247
S01006353,252,47,205
S01006354,389,90,299
S01006355,298,46,252
S01006356,304,21,283
S01006357,296,56,240
S01006358,295,27,268
S01006359,374,73,301
S01006360,269,23,246
S01006361,326,31,295
S01006362,317,26,291
S01006363,287,20,267
S01006364,256,37,219
S01006365,363,35,328
S01006366,267,20,247
S01006367,306,42,264
S01006368,281,14,267
S01006369,341,69,272
S01006370,344,18,326
S01006371,227,9,218
S01006372,308,77,231
S01006373,342,41,301
S01006374,273,42,231
S01006375,313,78,235
S01006376,293,19,274
S01006377,237,20,217
S01006378,178,3,175
S01006379,246,63,183
S01006380,258,66,192
S01006381,242,67,175
S01006382,295,53,242
S01006383,230,43,187
S01006384,274,24,250
S01006385,403,67,336
S01006386,400,63,337
S01006387,339,70,269
S01006388,485,57,428
S01006389,286,52,234
S01006390,275,41,234
S01006391,310,3,307
S01006392,377,79,298
S01006393,366,59,307
S01006394,276,30,246
S01006395,347,35,312
S01006396,256,34,222
S01006397,274,45,229
S01006398,389,108,281
S01006399,310,84,226
S01006400,392,41,351
S01006401,321,30,291
S01006402,311,31,280
S01006403,340,101,239
S01006404,381,68,313
S01006405,421,106,315
S01006406,192,43,149
S01006407,278,12,266
S01006408,425,42,383
S01006409,240,37,203
S01006410,348,123,225
S01006411,295,11,284
S01006412,274,34,240
S01006413,225,35,190
S01006414,210,39,171
S01006415,325,65,260
S01006416,341,141,200
S01006417,253,24,229
S01006418,275,57,218
S01006419,255,73,182
S01006420,332,25,307
S01006421,268,110,158
S01006422,299,90,209
S01006423,236,8,228
S01006424,268,79,189
S01006425,310,91,219
S01006426,212,37,175
S01006427,379,134,245
S01006428,319,55,264
S01006429,266,26,240
S01006430,228,21,207
S01006431,201,22,179
S01006432,287,55,232
S01006433,253,37,216
S01006434,350,52,298
S01006435,188,31,157
S01006436,283,33,250
S01006437,355,60,295
S01006438,366,135,231
S01006439,390,119,271
S01006440,341,98,243
S01006441,277,48,229
S01006442,328,79,249
S01006443,211,42,169
S01006444,235,31,204
S01006445,283,18,265
S01006446,324,34,290
S01006447,274,65,209
S01006448,338,26,312
S01006449,198,16,182
S01006450,241,17,224
S01006451,276,41,235
S01006452,257,75,182
S01006453,300,30,270
S01006454,229,21,208
S01006455,247,16,231
S01006456,378,110,268
S01006457,225,35,190
S01006458,332,48,284
S01006459,249,14,235
S01006460,214,55,159
S01006461,298,56,242
S01006462,316,61,255
S01006463,256,30,226
S01006464,331,69,262
S01006465,395,92,303
S01006466,313,69,244
S01006467,366,93,273
S01006468,390,38,352
S01006469,274,53,221
S01006470,365,91,274
S01006471,357,78,279
S01006472,285,82,203
S01006473,300,67,233
S01006474,327,61,266
S01006475,372,77,295
S01006476,312,26,286
S01006477,397,117,280
S01006478,360,56,304
S01006479,327,107,220
S01006480,349,17,332
S01006481,224,34,190
S01006482,339,35,304
S01006483,364,110,254
S01006484,379,99,280
S01006485,238,35,203
S01006486,269,12,257
S01006487,326,78,248
S01006488,259,53,206
S01006489,320,81,239
S01006490,267,41,226
S01006491,299,47,252
S01006492,247,50,197
S01006493,288,67,221
S01006494,241,60,181
S01006495,333,50,283
S01006496,497,193,304
S01006497,231,50,181
S01006498,423,116,307
S01006499,348,74,274
S01006500,304,80,224
S01006501,301,15,286
S01006502,250,16,234
S01006503,273,30,243
S01006504,285,29,256
S01006505,245,19,226
