dz_2001,total,pensioner,nonpensioner
S01000001,424,75,349
S01000002,265,9,256
S01000003,337,19,318
S01000004,259,23,236
S01000005,340,35,305
S01000006,256,68,188
S01000007,315,99,216
S01000008,274,63,211
S01000009,297,58,239
S01000010,246,49,197
S01000011,339,71,268
S01000012,554,78,476
S01000013,364,85,279
S01000014,372,43,329
S01000015,292,18,274
S01000016,185,45,140
S01000017,390,73,317
S01000018,235,29,206
S01000019,230,71,159
S01000020,314,105,209
S01000021,373,76,297
S01000022,247,71,176
S01000023,271,51,220
S01000024,170,23,147
S01000025,281,44,237
S01000026,385,95,290
S01000027,339,101,238
S01000028,425,101,324
S01000029,222,16,206
S01000030,212,64,148
S01000031,427,128,299
S01000032,490,125,365
S01000033,409,123,286
S01000034,461,76,385
S01000035,433,107,326
S01000036,286,62,224
S01000037,359,65,294
S01000038,291,65,226
S01000039,439,121,318
S01000040,385,85,300
S01000041,390,136,254
S01000042,356,65,291
S01000043,496,109,387
S01000044,429,103,326
S01000045,240,70,170
S01000046,341,122,219
S01000047,499,114,385
S01000048,451,95,356
S01000049,330,92,238
S01000050,337,114,223
S01000051,363,137,226
S01000052,256,39,217
S01000053,587,154,433
S01000054,392,176,216
S01000055,315,30,285
S01000056,403,92,311
S01000057,288,36,252
S01000058,305,68,237
S01000059,435,59,376
S01000060,291,29,262
S01000061,496,164,332
S01000062,564,57,507
S01000063,398,69,329
S01000064,288,55,233
S01000065,572,73,499
S01000066,481,53,428
S01000067,586,190,396
S01000068,414,124,290
S01000069,377,86,291
S01000070,289,50,239
S01000071,423,61,362
S01000072,442,156,286
S01000073,262,83,179
S01000074,386,59,327
S01000075,345,85,260
S01000076,312,122,190
S01000077,399,55,344
S01000078,635,25,610
S01000079,785,42,743
S01000080,589,57,532
S01000081,402,90,312
S01000082,493,111,382
S01000083,366,44,322
S01000084,511,39,472
S01000085,352,22,330
S01000086,359,31,328
S01000087,507,76,431
S01000088,555,32,523
S01000089,389,122,267
S01000090,430,47,383
S01000091,633,35,598
S01000092,599,35,564
S01000093,367,7,360
S01000094,404,14,390
S01000095,422,39,383
S01000096,392,135,257
S01000097,427,61,366
S01000098,697,22,675
S01000099,366,106,260
S01000100,466,25,441
S01000101,427,57,370
S01000102,465,68,397
S01000103,354,18,336
S01000104,374,81,293
S01000105,417,82,335
S01000106,290,44,246
S01000107,705,10,695
S01000108,413,57,356
S01000109,650,82,568
S01000110,407,185,222
S01000111,371,57,314
S01000112,578,69,509
S01000113,272,49,223
S01000114,374,37,337
S01000115,399,126,273
S01000116,575,18,557
S01000117,432,115,317
S01000118,330,85,245
S01000119,552,69,483
S01000120,311,38,273
S01000121,334,96,238
S01000122,338,72,266
S01000123,265,62,203
S01000124,565,41,524
S01000125,341,49,292
S01000126,592,121,471
S01000127,323,72,251
S01000128,651,18,633
S01000129,340,43,297
S01000130,880,53,827
S01000131,354,68,286
S01000132,437,33,404
S01000133,376,71,305
S01000134,321,56,265
S01000135,393,44,349
S01000136,301,66,235
S01000137,524,41,483
S01000138,492,26,466
S01000139,364,122,242
S01000140,415,144,271
S01000141,366,88,278
S01000142,311,42,269
S01000143,245,79,166
S01000144,419,15,404
S01000145,464,138,326
S01000146,950,37,913
S01000147,602,12,590
S01000148,301,41,260
S01000149,690,81,609
S01000150,272,49,223
S01000151,480,200,280
S01000152,630,55,575
S01000153,553,29,524
S01000154,250,84,166
S01000155,364,110,254
S01000156,525,29,496
S01000157,409,126,283
S01000158,435,100,335
S01000159,352,43,309
S01000160,332,83,249
S01000161,401,52,349
S01000162,431,121,310
S01000163,467,99,368
S01000164,347,70,277
S01000165,504,87,417
S01000166,561,53,508
S01000167,304,93,211
S01000168,445,135,310
S01000169,346,99,247
S01000170,538,45,493
S01000171,395,11,384
S01000172,209,44,165
S01000173,390,99,291
S01000174,309,27,282
S01000175,286,11,275
S01000176,342,27,315
S01000177,271,40,231
S01000178,312,56,256
S01000179,499,137,362
S01000180,283,62,221
S01000181,242,35,207
S01000182,350,45,305
S01000183,532,14,518
S01000184,361,86,275
S01000185,518,67,451
S01000186,510,219,291
S01000187,248,53,195
S01000188,444,97,347
S01000189,218,24,194
S01000190,360,65,295
S01000191,596,88,508
S01000192,366,62,304
S01000193,291,40,251
S01000194,370,20,350
S01000195,398,46,352
S01000196,343,18,325
S01000197,242,35,207
S01000198,349,61,288
S01000199,384,60,324
S01000200,419,79,340
S01000201,305,57,248
S01000202,497,68,429
S01000203,315,6,309
S01000204,257,29,228
S01000205,414,29,385
S01000206,276,40,236
S01000207,544,151,393
S01000208,395,49,346
S01000209,505,25,480
S01000210,401,30,371
S01000211,358,67,291
S01000212,334,65,269
S01000213,427,59,368
S01000214,233,83,150
S01000215,386,39,347
S01000216,315,70,245
S01000217,366,33,333
S01000218,342,127,215
S01000219,416,56,360
S01000220,345,62,283
S01000221,464,124,340
S01000222,335,83,252
S01000223,309,43,266
S01000224,350,86,264
S01000225,254,60,194
S01000226,302,62,240
S01000227,537,44,493
S01000228,453,39,414
S01000229,409,123,286
S01000230,319,66,253
S01000231,318,36,282
S01000232,293,90,203
S01000233,271,106,165
S01000234,334,77,257
S01000235,343,48,295
S01000236,299,107,192
S01000237,368,140,228
S01000238,235,27,208
S01000239,295,97,198
S01000240,287,59,228
S01000241,212,20,192
S01000242,341,50,291
S01000243,262,45,217
S01000244,573,109,464
S01000245,392,71,321
S01000246,283,62,221
S01000247,273,43,230
S01000248,342,54,288
S01000249,281,70,211
S01000250,288,33,255
S01000251,150,12,138
S01000252,345,18,327
S01000253,221,15,206
S01000254,339,40,299
S01000255,273,18,255
S01000256,416,163,253
S01000257,408,111,297
S01000258,240,22,218
S01000259,223,26,197
S01000260,334,12,322
S01000261,400,103,297
S01000262,410,120,290
S01000263,302,20,282
S01000264,419,103,316
S01000265,339,100,239
S01000266,530,123,407
S01000267,292,74,218
S01000268,354,87,267
S01000269,248,46,202
S01000270,429,86,343
S01000271,370,73,297
S01000272,442,88,354
S01000273,243,28,215
S01000274,289,63,226
S01000275,608,163,445
S01000276,282,47,235
S01000277,298,59,239
S01000278,285,82,203
S01000279,353,74,279
S01000280,294,36,258
S01000281,298,80,218
S01000282,304,38,266
S01000283,430,69,361
S01000284,452,40,412
S01000285,278,46,232
S01000286,485,125,360
S01000287,302,61,241
S01000288,333,71,262
S01000289,419,109,310
S01000290,367,60,307
S01000291,344,69,275
S01000292,424,101,323
S01000293,478,186,292
S01000294,249,37,212
S01000295,221,60,161
S01000296,385,66,319
S01000297,301,68,233
S01000298,393,47,346
S01000299,392,119,273
S01000300,279,35,244
S01000301,245,79,166
S01000302,225,45,180
S01000303,258,78,180
S01000304,291,53,238
S01000305,450,100,350
S01000306,294,56,238
S01000307,344,36,308
S01000308,484,91,393
S01000309,465,81,384
S01000310,366,34,332
S01000311,424,93,331
S01000312,246,80,166
S01000313,312,98,214
S01000314,240,42,198
S01000315,266,83,183
S01000316,444,180,264
S01000317,264,84,180
S01000318,220,69,151
S01000319,238,29,209
S01000320,332,53,279
S01000321,229,41,188
S01000322,394,84,310
S01000323,364,104,260
S01000324,312,38,274
S01000325,490,80,410
S01000326,337,80,257
S01000327,308,62,246
S01000328,199,18,181
S01000329,318,22,296
S01000330,471,66,405
S01000331,280,83,197
S01000332,319,92,227
S01000333,355,51,304
S01000334,403,122,281
S01000335,339,82,257
S01000336,530,66,464
S01000337,354,115,239
S01000338,197,35,162
S01000339,461,121,340
S01000340,423,78,345
S01000341,430,117,313
S01000342,213,64,149
S01000343,216,27,189
S01000344,396,77,319
S01000345,255,49,206
S01000346,274,66,208
S01000347,552,62,490
S01000348,316,60,256
S01000349,254,79,175
S01000350,390,65,325
S01000351,378,53,325
S01000352,301,80,221
S01000353,215,32,183
S01000354,571,33,538
S01000355,234,44,190
S01000356,240,42,198
S01000357,220,15,205
S01000358,358,64,294
S01000359,280,26,254
S01000360,253,63,190
S01000361,254,47,207
S01000362,401,69,332
S01000363,454,70,384
S01000364,372,56,316
S01000365,762,56,706
S01000366,742,78,664
S01000367,358,81,277
S01000368,545,117,428
S01000369,396,86,310
S01000370,547,46,501
S01000371,427,154,273
S01000372,400,86,314
S01000373,264,42,222
S01000374,275,88,187
S01000375,275,55,220
S01000376,350,68,282
S01000377,353,49,304
S01000378,196,36,160
S01000379,248,29,219
S01000380,366,43,323
S01000381,601,122,479
S01000382,321,60,261
S01000383,470,53,417
S01000384,322,85,237
S01000385,267,50,217
S01000386,535,86,449
S01000387,372,100,272
S01000388,387,42,345
S01000389,306,16,290
S01000390,349,69,280
S01000391,330,97,233
S01000392,314,39,275
S01000393,395,145,250
S01000394,296,51,245
S01000395,309,46,263
S01000396,441,162,279
S01000397,448,149,299
S01000398,851,67,784
S01000399,305,56,249
S01000400,426,112,314
S01000401,348,56,292
S01000402,340,71,269
S01000403,361,87,274
S01000404,290,51,239
S01000405,192,22,170
S01000406,266,49,217
S01000407,270,72,198
S01000408,242,33,209
S01000409,234,39,195
S01000410,273,33,240
S01000411,275,37,238
S01000412,321,40,281
S01000413,350,69,281
S01000414,277,39,238
S01000415,414,113,301
S01000416,359,53,306
S01000417,432,112,320
S01000418,304,51,253
S01000419,531,36,495
S01000420,537,104,433
S01000421,292,33,259
S01000422,388,96,292
S01000423,375,40,335
S01000424,289,38,251
S01000425,369,98,271
S01000426,301,40,261
S01000427,348,41,307
S01000428,275,47,228
S01000429,409,132,277
S01000430,216,46,170
S01000431,347,117,230
S01000432,435,155,280
S01000433,248,83,165
S01000434,253,63,190
S01000435,224,48,176
S01000436,237,33,204
S01000437,412,112,300
S01000438,215,39,176
S01000439,316,38,278
S01000440,450,76,374
S01000441,394,86,308
S01000442,326,51,275
S01000443,241,34,207
S01000444,854,42,812
S01000445,516,89,427
S01000446,386,44,342
S01000447,306,61,245
S01000448,331,48,283
S01000449,329,84,245
S01000450,254,58,196
S01000451,371,74,297
S01000452,226,30,196
S01000453,225,27,198
S01000454,216,68,148
S01000455,341,40,301
S01000456,435,73,362
S01000457,392,161,231
S01000458,346,36,310
S01000459,496,146,350
S01000460,322,85,237
S01000461,463,152,311
S01000462,450,129,321
S01000463,291,41,250
S01000464,338,65,273
S01000465,272,44,228
S01000466,322,41,281
S01000467,294,67,227
S01000468,202,23,179
S01000469,246,26,220
S01000470,358,79,279
S01000471,316,50,266
S01000472,289,31,258
S01000473,292,45,247
S01000474,247,39,208
S01000475,305,71,234
S01000476,253,31,222
S01000477,311,85,226
S01000478,386,123,263
S01000479,398,113,285
S01000480,282,68,214
S01000481,756,74,682
S01000482,439,80,359
S01000483,522,179,343
S01000484,366,53,313
S01000485,417,117,300
S01000486,573,66,507
S01000487,273,87,186
S01000488,307,104,203
S01000489,451,111,340
S01000490,243,36,207
S01000491,247,31,216
S01000492,370,53,317
S01000493,295,82,213
S01000494,233,41,192
S01000495,354,91,263
S01000496,217,47,170
S01000497,332,72,260
S01000498,247,92,155
S01000499,433,103,330
S01000500,231,43,188
S01000501,288,122,166
S01000502,221,28,193
S01000503,191,35,156
S01000504,411,138,273
S01000505,298,56,242
S01000506,381,49,332
S01000507,476,138,338
S01000508,359,72,287
S01000509,467,164,303
S01000510,309,99,210
S01000511,233,46,187
S01000512,421,131,290
S01000513,396,103,293
S01000514,367,67,300
S01000515,209,35,174
S01000516,338,68,270
S01000517,318,94,224
S01000518,434,134,300
S01000519,196,27,169
S01000520,448,113,335
S01000521,415,95,320
S01000522,261,54,207
S01000523,342,68,274
S01000524,260,46,214
S01000525,416,93,323
S01000526,382,56,326
S01000527,256,44,212
S01000528,368,76,292
S01000529,325,59,266
S01000530,197,40,157
S01000531,259,53,206
S01000532,366,118,248
S01000533,319,86,233
S01000534,357,100,257
S01000535,453,137,316
S01000536,203,46,157
S01000537,372,58,314
S01000538,338,83,255
S01000539,507,148,359
S01000540,344,101,243
S01000541,266,56,210
S01000542,301,87,214
S01000543,330,74,256
S01000544,306,97,209
S01000545,328,63,265
S01000546,368,77,291
S01000547,238,68,170
S01000548,481,141,340
S01000549,426,76,350
S01000550,177,45,132
S01000551,412,149,263
S01000552,214,64,150
S01000553,378,107,271
S01000554,282,29,253
S01000555,389,118,271
S01000556,330,49,281
S01000557,380,78,302
S01000558,231,67,164
S01000559,313,89,224
S01000560,483,78,405
S01000561,512,188,324
S01000562,411,128,283
S01000563,515,77,438
S01000564,399,55,344
S01000565,324,72,252
S01000566,351,80,271
S01000567,371,80,291
S01000568,225,57,168
S01000569,334,104,230
S01000570,408,156,252
S01000571,453,192,261
S01000572,305,91,214
S01000573,204,33,171
S01000574,350,170,180
S01000575,305,108,197
S01000576,237,73,164
S01000577,237,72,165
S01000578,286,95,191
S01000579,331,65,266
S01000580,374,64,310
S01000581,297,78,219
S01000582,279,42,237
S01000583,386,58,328
S01000584,407,91,316
S01000585,588,154,434
S01000586,308,58,250
S01000587,316,84,232
S01000588,257,75,182
S01000589,328,107,221
S01000590,330,81,249
S01000591,341,102,239
S01000592,392,118,274
S01000593,504,67,437
S01000594,402,48,354
S01000595,326,101,225
S01000596,331,88,243
S01000597,415,118,297
S01000598,491,63,428
S01000599,465,120,345
S01000600,324,75,249
S01000601,483,93,390
S01000602,317,62,255
S01000603,405,86,319
S01000604,384,103,281
S01000605,317,87,230
S01000606,422,91,331
S01000607,347,143,204
S01000608,655,103,552
S01000609,505,93,412
S01000610,498,137,361
S01000611,303,69,234
S01000612,594,153,441
S01000613,526,153,373
S01000614,305,83,222
S01000615,461,166,295
S01000616,573,94,479
S01000617,294,112,182
S01000618,378,151,227
S01000619,290,78,212
S01000620,515,62,453
S01000621,560,187,373
S01000622,278,19,259
S01000623,289,55,234
S01000624,274,61,213
S01000625,276,51,225
S01000626,306,43,263
S01000627,405,74,331
S01000628,237,54,183
S01000629,286,31,255
S01000630,350,95,255
S01000631,286,54,232
S01000632,233,46,187
S01000633,212,26,186
S01000634,350,62,288
S01000635,250,46,204
S01000636,222,45,177
S01000637,268,46,222
S01000638,239,58,181
S01000639,279,55,224
S01000640,303,64,239
S01000641,343,100,243
S01000642,378,90,288
S01000643,285,62,223
S01000644,316,88,228
S01000645,426,69,357
S01000646,356,112,244
S01000647,366,103,263
S01000648,418,69,349
S01000649,249,52,197
S01000650,301,72,229
S01000651,410,124,286
S01000652,339,120,219
S01000653,472,135,337
S01000654,414,92,322
S01000655,374,70,304
S01000656,407,96,311
S01000657,401,124,277
S01000658,296,59,237
S01000659,608,197,411
S01000660,422,131,291
S01000661,432,103,329
S01000662,299,51,248
S01000663,315,59,256
S01000664,369,92,277
S01000665,310,87,223
S01000666,224,64,160
S01000667,448,113,335
S01000668,417,97,320
S01000669,456,151,305
S01000670,296,72,224
S01000671,243,80,163
S01000672,314,77,237
S01000673,310,98,212
S01000674,475,116,359
S01000675,299,91,208
S01000676,205,50,155
S01000677,439,95,344
S01000678,420,89,331
S01000679,387,86,301
S01000680,498,111,387
S01000681,550,100,450
S01000682,389,84,305
S01000683,259,48,211
S01000684,424,117,307
S01000685,423,134,289
S01000686,397,101,296
S01000687,397,98,299
S01000688,315,89,226
S01000689,260,43,217
S01000690,416,98,318
S01000691,386,94,292
S01000692,358,70,288
S01000693,502,131,371
S01000694,330,71,259
S01000695,347,68,279
S01000696,407,124,283
S01000697,372,85,287
S01000698,305,72,233
S01000699,263,79,184
S01000700,320,59,261
S01000701,437,138,299
S01000702,246,82,164
S01000703,342,101,241
S01000704,361,54,307
S01000705,479,134,345
S01000706,351,68,283
S01000707,270,51,219
S01000708,240,54,186
S01000709,482,195,287
S01000710,465,75,390
S01000711,219,65,154
S01000712,302,119,183
S01000713,302,74,228
S01000714,419,85,334
S01000715,380,149,231
S01000716,302,53,249
S01000717,466,130,336
S01000718,412,109,303
S01000719,292,99,193
S01000720,375,140,235
S01000721,314,82,232
S01000722,390,104,286
S01000723,201,68,133
S01000724,350,87,263
S01000725,271,68,203
S01000726,357,115,242
S01000727,280,81,199
S01000728,302,96,206
S01000729,277,91,186
S01000730,189,35,154
S01000731,315,86,229
S01000732,351,101,250
S01000733,405,139,266
S01000734,359,115,244
S01000735,242,90,152
S01000736,394,147,247
S01000737,273,99,174
S01000738,227,63,164
S01000739,376,95,281
S01000740,355,143,212
S01000741,403,165,238
S01000742,282,91,191
S01000743,374,121,253
S01000744,389,71,318
S01000745,320,65,255
S01000746,378,74,304
S01000747,295,90,205
S01000748,276,106,170
S01000749,233,40,193
S01000750,348,147,201
S01000751,315,98,217
S01000752,444,74,370
S01000753,256,51,205
S01000754,316,107,209
S01000755,348,87,261
S01000756,507,187,320
S01000757,348,114,234
S01000758,529,118,411
S01000759,439,138,301
S01000760,217,41,176
S01000761,283,90,193
S01000762,260,78,182
S01000763,353,105,248
S01000764,290,70,220
S01000765,261,20,241
S01000766,344,116,228
S01000767,324,36,288
S01000768,477,124,353
S01000769,516,138,378
S01000770,279,28,251
S01000771,443,135,308
S01000772,335,156,179
S01000773,404,142,262
S01000774,283,4,279
S01000775,308,125,183
S01000776,223,59,164
S01000777,108,1,107
S01000778,200,60,140
S01000779,332,71,261
S01000780,371,71,300
S01000781,337,107,230
S01000782,256,66,190
S01000783,216,59,157
S01000784,289,61,228
S01000785,350,116,234
S01000786,349,101,248
S01000787,230,53,177
S01000788,281,66,215
S01000789,369,104,265
S01000790,191,53,138
S01000791,274,66,208
S01000792,279,56,223
S01000793,266,34,232
S01000794,449,119,330
S01000795,434,112,322
S01000796,193,47,146
S01000797,169,15,154
S01000798,234,71,163
S01000799,291,65,226
S01000800,464,146,318
S01000801,292,55,237
S01000802,355,108,247
S01000803,436,131,305
S01000804,368,68,300
S01000805,388,139,249
S01000806,380,117,263
S01000807,343,84,259
S01000808,322,62,260
S01000809,281,74,207
S01000810,298,54,244
S01000811,323,64,259
S01000812,564,107,457
S01000813,320,63,257
S01000814,310,35,275
S01000815,307,86,221
S01000816,354,92,262
S01000817,378,80,298
S01000818,444,91,353
S01000819,374,105,269
S01000820,252,72,180
S01000821,387,78,309
S01000822,244,71,173
S01000823,241,54,187
S01000824,342,90,252
S01000825,311,93,218
S01000826,280,67,213
S01000827,305,66,239
S01000828,366,90,276
S01000829,310,119,191
S01000830,358,95,263
S01000831,403,107,296
S01000832,460,107,353
S01000833,421,57,364
S01000834,458,87,371
S01000835,332,64,268
S01000836,380,45,335
S01000837,581,89,492
S01000838,283,65,218
S01000839,602,78,524
S01000840,313,58,255
S01000841,377,39,338
S01000842,367,93,274
S01000843,433,122,311
S01000844,371,49,322
S01000845,247,55,192
S01000846,372,59,313
S01000847,523,138,385
S01000848,317,116,201
S01000849,203,39,164
S01000850,335,90,245
S01000851,333,54,279
S01000852,345,71,274
S01000853,273,68,205
S01000854,388,62,326
S01000855,308,67,241
S01000856,190,30,160
S01000857,204,32,172
S01000858,360,33,327
S01000859,470,82,388
S01000860,394,56,338
S01000861,291,100,191
S01000862,224,60,164
S01000863,273,56,217
S01000864,456,81,375
S01000865,465,73,392
S01000866,374,77,297
S01000867,437,103,334
S01000868,291,54,237
S01000869,223,12,211
S01000870,332,22,310
S01000871,354,85,269
S01000872,350,80,270
S01000873,994,130,864
S01000874,242,34,208
S01000875,607,107,500
S01000876,327,63,264
S01000877,356,70,286
S01000878,218,44,174
S01000879,427,131,296
S01000880,340,101,239
S01000881,309,78,231
S01000882,465,126,339
S01000883,372,76,296
S01000884,261,49,212
S01000885,198,44,154
S01000886,295,73,222
S01000887,305,59,246
S01000888,344,90,254
S01000889,337,78,259
S01000890,381,89,292
S01000891,387,139,248
S01000892,201,49,152
S01000893,265,64,201
S01000894,231,66,165
S01000895,413,75,338
S01000896,209,52,157
S01000897,325,100,225
S01000898,247,76,171
S01000899,370,101,269
S01000900,274,74,200
S01000901,288,82,206
S01000902,443,147,296
S01000903,459,168,291
S01000904,329,95,234
S01000905,313,86,227
S01000906,237,67,170
S01000907,385,129,256
S01000908,363,107,256
S01000909,385,96,289
S01000910,358,65,293
S01000911,462,150,312
S01000912,315,112,203
S01000913,305,109,196
S01000914,342,160,182
S01000915,424,131,293
S01000916,482,147,335
S01000917,321,93,228
S01000918,275,90,185
S01000919,308,94,214
S01000920,248,55,193
S01000921,301,85,216
S01000922,390,84,306
S01000923,363,90,273
S01000924,405,89,316
S01000925,438,116,322
S01000926,401,61,340
S01000927,378,105,273
S01000928,446,147,299
S01000929,219,34,185
S01000930,255,46,209
S01000931,302,56,246
S01000932,465,132,333
S01000933,483,118,365
S01000934,498,124,374
S01000935,384,97,287
S01000936,406,122,284
S01000937,285,81,204
S01000938,340,76,264
S01000939,395,136,259
S01000940,390,113,277
S01000941,253,106,147
S01000942,466,118,348
S01000943,394,171,223
S01000944,417,155,262
S01000945,349,103,246
S01000946,342,98,244
S01000947,339,107,232
S01000948,345,71,274
S01000949,301,129,172
S01000950,373,133,240
S01000951,400,103,297
S01000952,402,153,249
S01000953,389,151,238
S01000954,465,107,358
S01000955,251,56,195
S01000956,400,65,335
S01000957,229,64,165
S01000958,376,87,289
S01000959,304,64,240
S01000960,277,96,181
S01000961,387,126,261
S01000962,327,100,227
S01000963,381,112,269
S01000964,421,107,314
S01000965,268,41,227
S01000966,468,106,362
S01000967,283,82,201
S01000968,443,126,317
S01000969,493,177,316
S01000970,368,126,242
S01000971,299,50,249
S01000972,386,107,279
S01000973,275,63,212
S01000974,481,131,350
S01000975,254,58,196
S01000976,231,65,166
S01000977,393,113,280
S01000978,366,107,259
S01000979,304,72,232
S01000980,325,88,237
S01000981,279,65,214
S01000982,289,65,224
S01000983,239,64,175
S01000984,298,95,203
S01000985,297,80,217
S01000986,257,76,181
S01000987,266,64,202
S01000988,223,54,169
S01000989,338,70,268
S01000990,361,65,296
S01000991,176,28,148
S01000992,453,131,322
S01000993,334,77,257
S01000994,465,112,353
S01000995,309,43,266
S01000996,510,160,350
S01000997,389,113,276
S01000998,353,63,290
S01000999,269,38,231
S01001000,272,57,215
S01001001,239,51,188
S01001002,300,30,270
S01001003,364,105,259
S01001004,289,106,183
S01001005,360,115,245
S01001006,294,75,219
S01001007,447,86,361
S01001008,408,86,322
S01001009,314,77,237
S01001010,538,160,378
S01001011,227,49,178
S01001012,308,79,229
S01001013,357,96,261
S01001014,490,70,420
S01001015,255,58,197
S01001016,390,118,272
S01001017,377,76,301
S01001018,415,98,317
S01001019,519,83,436
S01001020,228,45,183
S01001021,487,124,363
S01001022,381,84,297
S01001023,429,104,325
S01001024,699,107,592
S01001025,565,178,387
S01001026,378,89,289
S01001027,438,176,262
S01001028,329,58,271
S01001029,323,49,274
S01001030,318,114,204
S01001031,411,105,306
S01001032,332,69,263
S01001033,249,40,209
S01001034,344,57,287
S01001035,198,36,162
S01001036,298,49,249
S01001037,452,124,328
S01001038,317,76,241
S01001039,240,61,179
S01001040,286,78,208
S01001041,295,62,233
S01001042,426,84,342
S01001043,268,45,223
S01001044,449,163,286
S01001045,291,93,198
S01001046,358,94,264
S01001047,382,157,225
S01001048,271,81,190
S01001049,280,72,208
S01001050,420,123,297
S01001051,294,114,180
S01001052,234,64,170
S01001053,345,92,253
S01001054,323,81,242
S01001055,416,144,272
S01001056,345,102,243
S01001057,257,64,193
S01001058,373,106,267
S01001059,246,23,223
S01001060,317,61,256
S01001061,339,88,251
S01001062,233,39,194
S01001063,387,118,269
S01001064,361,109,252
S01001065,396,122,274
S01001066,323,84,239
S01001067,341,76,265
S01001068,395,98,297
S01001069,370,81,289
S01001070,396,111,285
S01001071,277,67,210
S01001072,373,68,305
S01001073,481,123,358
S01001074,209,44,165
S01001075,453,172,281
S01001076,365,87,278
S01001077,429,151,278
S01001078,409,88,321
S01001079,223,36,187
S01001080,312,86,226
S01001081,277,74,203
S01001082,506,191,315
S01001083,368,107,261
S01001084,408,126,282
S01001085,348,101,247
S01001086,312,80,232
S01001087,242,72,170
S01001088,444,86,358
S01001089,416,122,294
S01001090,399,74,325
S01001091,288,43,245
S01001092,545,32,513
S01001093,393,40,353
S01001094,403,94,309
S01001095,288,15,273
S01001096,434,43,391
S01001097,320,81,239
S01001098,273,62,211
S01001099,821,79,742
S01001100,614,168,446
S01001101,632,5,627
S01001102,227,12,215
S01001103,301,71,230
S01001104,437,39,398
S01001105,332,112,220
S01001106,362,56,306
S01001107,608,165,443
S01001108,915,31,884
S01001109,633,47,586
S01001110,454,25,429
S01001111,589,17,572
S01001112,474,155,319
S01001113,493,73,420
S01001114,517,75,442
S01001115,416,73,343
S01001116,281,145,136
S01001117,309,70,239
S01001118,285,95,190
S01001119,618,181,437
S01001120,356,115,241
S01001121,357,56,301
S01001122,360,24,336
S01001123,450,78,372
S01001124,328,109,219
S01001125,179,34,145
S01001126,392,144,248
S01001127,398,70,328
S01001128,261,53,208
S01001129,520,74,446
S01001130,425,108,317
S01001131,229,35,194
S01001132,325,103,222
S01001133,554,158,396
S01001134,383,108,275
S01001135,175,36,139
S01001136,591,69,522
S01001137,598,138,460
S01001138,770,85,685
S01001139,435,190,245
S01001140,592,162,430
S01001141,267,43,224
S01001142,468,193,275
S01001143,337,137,200
S01001144,341,68,273
S01001145,348,158,190
S01001146,357,120,237
S01001147,414,22,392
S01001148,325,112,213
S01001149,321,49,272
S01001150,391,35,356
S01001151,364,123,241
S01001152,545,181,364
S01001153,358,133,225
S01001154,318,107,211
S01001155,262,88,174
S01001156,439,24,415
S01001157,310,65,245
S01001158,347,173,174
S01001159,356,190,166
S01001160,329,176,153
S01001161,265,62,203
S01001162,384,120,264
S01001163,409,65,344
S01001164,362,86,276
S01001165,453,50,403
S01001166,158,32,126
S01001167,358,143,215
S01001168,464,27,437
S01001169,548,105,443
S01001170,447,82,365
S01001171,291,20,271
S01001172,359,66,293
S01001173,413,64,349
S01001174,358,12,346
S01001175,427,81,346
S01001176,348,64,284
S01001177,501,137,364
S01001178,479,258,221
S01001179,382,134,248
S01001180,467,114,353
S01001181,371,146,225
S01001182,457,78,379
S01001183,548,123,425
S01001184,338,49,289
S01001185,235,88,147
S01001186,281,64,217
S01001187,437,96,341
S01001188,498,77,421
S01001189,546,177,369
S01001190,308,112,196
S01001191,378,92,286
S01001192,604,198,406
S01001193,359,89,270
S01001194,398,123,275
S01001195,479,214,265
S01001196,651,155,496
S01001197,241,43,198
S01001198,337,70,267
S01001199,414,96,318
S01001200,524,110,414
S01001201,356,50,306
S01001202,298,74,224
S01001203,403,113,290
S01001204,314,84,230
S01001205,309,80,229
S01001206,435,97,338
S01001207,293,65,228
S01001208,260,68,192
S01001209,199,7,192
S01001210,417,120,297
S01001211,482,158,324
S01001212,322,56,266
S01001213,388,69,319
S01001214,404,147,257
S01001215,342,116,226
S01001216,409,63,346
S01001217,466,44,422
S01001218,325,48,277
S01001219,303,44,259
S01001220,242,41,201
S01001221,514,42,472
S01001222,533,156,377
S01001223,311,51,260
S01001224,365,46,319
S01001225,398,125,273
S01001226,220,22,198
S01001227,258,34,224
S01001228,349,125,224
S01001229,306,83,223
S01001230,405,99,306
S01001231,296,63,233
S01001232,792,34,758
S01001233,457,123,334
S01001234,233,48,185
S01001235,304,24,280
S01001236,369,86,283
S01001237,244,55,189
S01001238,258,48,210
S01001239,276,52,224
S01001240,333,70,263
S01001241,243,36,207
S01001242,381,36,345
S01001243,483,72,411
S01001244,342,17,325
S01001245,328,22,306
S01001246,408,122,286
S01001247,229,46,183
S01001248,331,32,299
S01001249,277,51,226
S01001250,384,74,310
S01001251,253,50,203
S01001252,234,42,192
S01001253,268,19,249
S01001254,254,56,198
S01001255,325,43,282
S01001256,308,54,254
S01001257,306,54,252
S01001258,231,10,221
S01001259,353,108,245
S01001260,330,16,314
S01001261,441,62,379
S01001262,343,86,257
S01001263,207,62,145
S01001264,651,35,616
S01001265,209,8,201
S01001266,314,57,257
S01001267,486,127,359
S01001268,273,54,219
S01001269,199,27,172
S01001270,285,62,223
S01001271,322,45,277
S01001272,295,81,214
S01001273,367,116,251
S01001274,320,55,265
S01001275,281,55,226
S01001276,226,33,193
S01001277,336,89,247
S01001278,178,34,144
S01001279,292,45,247
S01001280,254,80,174
S01001281,382,133,249
S01001282,359,123,236
S01001283,242,46,196
S01001284,420,76,344
S01001285,278,54,224
S01001286,195,34,161
S01001287,340,55,285
S01001288,418,111,307
S01001289,318,81,237
S01001290,265,60,205
S01001291,167,26,141
S01001292,323,47,276
S01001293,346,83,263
S01001294,279,56,223
S01001295,399,145,254
S01001296,304,73,231
S01001297,361,70,291
S01001298,387,74,313
S01001299,369,70,299
S01001300,581,89,492
S01001301,232,63,169
S01001302,337,101,236
S01001303,245,49,196
S01001304,507,69,438
S01001305,340,76,264
S01001306,317,84,233
S01001307,471,92,379
S01001308,422,105,317
S01001309,298,54,244
S01001310,348,70,278
S01001311,269,58,211
S01001312,345,77,268
S01001313,433,102,331
S01001314,341,90,251
S01001315,423,102,321
S01001316,394,82,312
S01001317,386,92,294
S01001318,249,81,168
S01001319,322,100,222
S01001320,387,89,298
S01001321,230,52,178
S01001322,312,63,249
S01001323,246,32,214
S01001324,408,50,358
S01001325,289,32,257
S01001326,397,117,280
S01001327,353,89,264
S01001328,374,77,297
S01001329,256,58,198
S01001330,355,81,274
S01001331,390,116,274
S01001332,408,92,316
S01001333,426,101,325
S01001334,322,41,281
S01001335,469,133,336
S01001336,377,98,279
S01001337,319,66,253
S01001338,324,48,276
S01001339,321,70,251
S01001340,297,61,236
S01001341,388,63,325
S01001342,455,139,316
S01001343,414,93,321
S01001344,347,91,256
S01001345,357,122,235
S01001346,332,88,244
S01001347,286,64,222
S01001348,324,93,231
S01001349,306,50,256
S01001350,304,61,243
S01001351,225,35,190
S01001352,380,129,251
S01001353,470,30,440
S01001354,396,74,322
S01001355,327,81,246
S01001356,308,93,215
S01001357,456,146,310
S01001358,442,105,337
S01001359,271,53,218
S01001360,526,119,407
S01001361,304,55,249
S01001362,252,87,165
S01001363,353,70,283
S01001364,443,111,332
S01001365,263,43,220
S01001366,375,131,244
S01001367,340,110,230
S01001368,443,64,379
S01001369,462,125,337
S01001370,363,72,291
S01001371,363,105,258
S01001372,283,55,228
S01001373,282,58,224
S01001374,210,59,151
S01001375,257,46,211
S01001376,471,83,388
S01001377,387,138,249
S01001378,312,72,240
S01001379,466,117,349
S01001380,433,143,290
S01001381,374,117,257
S01001382,455,160,295
S01001383,259,72,187
S01001384,412,92,320
S01001385,437,105,332
S01001386,476,59,417
S01001387,377,95,282
S01001388,640,65,575
S01001389,197,33,164
S01001390,313,55,258
S01001391,290,26,264
S01001392,325,37,288
S01001393,225,52,173
S01001394,208,15,193
S01001395,339,31,308
S01001396,287,29,258
S01001397,330,28,302
S01001398,342,93,249
S01001399,372,56,316
S01001400,390,80,310
S01001401,301,54,247
S01001402,329,56,273
S01001403,436,31,405
S01001404,224,12,212
S01001405,425,43,382
S01001406,941,82,859
S01001407,380,117,263
S01001408,403,96,307
S01001409,377,73,304
S01001410,418,92,326
S01001411,237,38,199
S01001412,412,97,315
S01001413,348,55,293
S01001414,331,89,242
S01001415,444,116,328
S01001416,300,67,233
S01001417,402,81,321
S01001418,364,112,252
S01001419,287,47,240
S01001420,412,41,371
S01001421,481,129,352
S01001422,267,39,228
S01001423,351,41,310
S01001424,518,106,412
S01001425,652,93,559
S01001426,310,59,251
S01001427,316,62,254
S01001428,390,78,312
S01001429,338,94,244
S01001430,401,158,243
S01001431,332,56,276
S01001432,244,23,221
S01001433,322,113,209
S01001434,349,124,225
S01001435,400,95,305
S01001436,378,94,284
S01001437,359,113,246
S01001438,246,103,143
S01001439,293,84,209
S01001440,356,68,288
S01001441,334,135,199
S01001442,262,76,186
S01001443,385,102,283
S01001444,368,47,321
S01001445,287,67,220
S01001446,368,161,207
S01001447,528,98,430
S01001448,345,114,231
S01001449,235,67,168
S01001450,331,118,213
S01001451,279,73,206
S01001452,328,86,242
S01001453,306,62,244
S01001454,384,116,268
S01001455,305,82,223
S01001456,301,143,158
S01001457,366,118,248
S01001458,398,135,263
S01001459,341,107,234
S01001460,243,68,175
S01001461,330,118,212
S01001462,349,116,233
S01001463,236,110,126
S01001464,378,91,287
S01001465,281,81,200
S01001466,270,76,194
S01001467,308,35,273
S01001468,257,79,178
S01001469,350,115,235
S01001470,326,78,248
S01001471,266,56,210
S01001472,329,106,223
S01001473,361,138,223
S01001474,361,107,254
S01001475,263,87,176
S01001476,348,67,281
S01001477,350,69,281
S01001478,269,96,173
S01001479,288,96,192
S01001480,194,42,152
S01001481,357,110,247
S01001482,296,61,235
S01001483,384,104,280
S01001484,337,84,253
S01001485,229,47,182
S01001486,332,150,182
S01001487,260,55,205
S01001488,371,95,276
S01001489,283,55,228
S01001490,462,75,387
S01001491,328,81,247
S01001492,428,105,323
S01001493,350,85,265
S01001494,426,73,353
S01001495,245,89,156
S01001496,400,134,266
S01001497,398,71,327
S01001498,260,62,198
S01001499,418,68,350
S01001500,262,77,185
S01001501,357,129,228
S01001502,318,81,237
S01001503,293,39,254
S01001504,448,106,342
S01001505,423,155,268
S01001506,325,63,262
S01001507,304,36,268
S01001508,326,61,265
S01001509,370,74,296
S01001510,338,115,223
S01001511,238,82,156
S01001512,374,42,332
S01001513,414,46,368
S01001514,328,53,275
S01001515,292,109,183
S01001516,321,86,235
S01001517,527,230,297
S01001518,421,88,333
S01001519,431,143,288
S01001520,313,61,252
S01001521,449,159,290
S01001522,511,154,357
S01001523,271,31,240
S01001524,428,100,328
S01001525,339,60,279
S01001526,281,59,222
S01001527,363,65,298
S01001528,339,54,285
S01001529,354,132,222
S01001530,303,64,239
S01001531,478,44,434
S01001532,280,91,189
S01001533,398,132,266
S01001534,246,56,190
S01001535,353,85,268
S01001536,328,62,266
S01001537,218,60,158
S01001538,332,94,238
S01001539,295,37,258
S01001540,269,32,237
S01001541,355,114,241
S01001542,275,63,212
S01001543,293,45,248
S01001544,391,77,314
S01001545,287,28,259
S01001546,461,93,368
S01001547,397,72,325
S01001548,399,46,353
S01001549,430,101,329
S01001550,319,48,271
S01001551,397,104,293
S01001552,376,73,303
S01001553,401,96,305
S01001554,410,107,303
S01001555,327,66,261
S01001556,386,89,297
S01001557,353,44,309
S01001558,368,101,267
S01001559,187,57,130
S01001560,289,49,240
S01001561,492,52,440
S01001562,980,86,894
S01001563,231,45,186
S01001564,250,64,186
S01001565,373,96,277
S01001566,260,50,210
S01001567,406,71,335
S01001568,327,62,265
S01001569,305,13,292
S01001570,170,10,160
S01001571,294,48,246
S01001572,226,49,177
S01001573,284,48,236
S01001574,365,84,281
S01001575,378,54,324
S01001576,280,94,186
S01001577,290,52,238
S01001578,341,89,252
S01001579,349,52,297
S01001580,271,73,198
S01001581,278,72,206
S01001582,320,66,254
S01001583,187,54,133
S01001584,371,104,267
S01001585,485,141,344
S01001586,167,13,154
S01001587,379,116,263
S01001588,333,44,289
S01001589,389,99,290
S01001590,282,53,229
S01001591,287,97,190
S01001592,331,34,297
S01001593,360,58,302
S01001594,481,160,321
S01001595,309,45,264
S01001596,327,80,247
S01001597,366,90,276
S01001598,284,87,197
S01001599,563,99,464
S01001600,573,139,434
S01001601,483,86,397
S01001602,279,71,208
S01001603,424,65,359
S01001604,223,20,203
S01001605,331,75,256
S01001606,284,56,228
S01001607,1010,85,925
S01001608,401,88,313
S01001609,368,68,300
S01001610,376,107,269
S01001611,447,95,352
S01001612,338,97,241
S01001613,298,35,263
S01001614,357,165,192
S01001615,355,60,295
S01001616,255,41,214
S01001617,300,101,199
S01001618,425,105,320
S01001619,300,83,217
S01001620,480,195,285
S01001621,276,56,220
S01001622,361,61,300
S01001623,370,114,256
S01001624,428,108,320
S01001625,354,68,286
S01001626,292,64,228
S01001627,612,102,510
S01001628,246,39,207
S01001629,261,81,180
S01001630,283,53,230
S01001631,570,79,491
S01001632,212,18,194
S01001633,358,95,263
S01001634,370,57,313
S01001635,324,68,256
S01001636,205,31,174
S01001637,300,64,236
S01001638,420,98,322
S01001639,354,111,243
S01001640,271,80,191
S01001641,579,96,483
S01001642,430,148,282
S01001643,331,94,237
S01001644,636,75,561
S01001645,439,84,355
S01001646,252,44,208
S01001647,327,143,184
S01001648,303,76,227
S01001649,355,97,258
S01001650,311,67,244
S01001651,413,137,276
S01001652,334,92,242
S01001653,319,60,259
S01001654,361,77,284
S01001655,255,81,174
S01001656,614,162,452
S01001657,213,47,166
S01001658,414,94,320
S01001659,332,138,194
S01001660,319,148,171
S01001661,350,82,268
S01001662,322,87,235
S01001663,346,105,241
S01001664,199,33,166
S01001665,400,215,185
S01001666,258,75,183
S01001667,394,179,215
S01001668,355,127,228
S01001669,386,91,295
S01001670,250,62,188
S01001671,201,38,163
S01001672,268,78,190
S01001673,290,51,239
S01001674,346,122,224
S01001675,296,82,214
S01001676,484,135,349
S01001677,319,76,243
S01001678,316,35,281
S01001679,313,76,237
S01001680,257,103,154
S01001681,248,71,177
S01001682,226,22,204
S01001683,326,112,214
S01001684,215,63,152
S01001685,330,93,237
S01001686,347,105,242
S01001687,489,215,274
S01001688,409,68,341
S01001689,288,86,202
S01001690,365,63,302
S01001691,328,107,221
S01001692,268,62,206
S01001693,262,17,245
S01001694,311,73,238
S01001695,322,84,238
S01001696,320,67,253
S01001697,327,56,271
S01001698,235,54,181
S01001699,204,10,194
S01001700,359,104,255
S01001701,424,146,278
S01001702,454,201,253
S01001703,313,33,280
S01001704,350,111,239
S01001705,227,22,205
S01001706,285,73,212
S01001707,368,84,284
S01001708,378,127,251
S01001709,246,32,214
S01001710,300,73,227
S01001711,288,52,236
S01001712,188,42,146
S01001713,290,38,252
S01001714,264,64,200
S01001715,291,32,259
S01001716,377,78,299
S01001717,302,66,236
S01001718,212,43,169
S01001719,269,48,221
S01001720,242,27,215
S01001721,321,104,217
S01001722,291,56,235
S01001723,355,97,258
S01001724,370,82,288
S01001725,343,82,261
S01001726,238,43,195
S01001727,421,149,272
S01001728,229,30,199
S01001729,387,83,304
S01001730,248,68,180
S01001731,252,68,184
S01001732,230,58,172
S01001733,342,76,266
S01001734,206,70,136
S01001735,181,43,138
S01001736,415,134,281
S01001737,241,44,197
S01001738,218,59,159
S01001739,243,20,223
S01001740,303,47,256
S01001741,254,37,217
S01001742,291,31,260
S01001743,455,69,386
S01001744,195,22,173
S01001745,337,64,273
S01001746,349,114,235
S01001747,386,105,281
S01001748,255,77,178
S01001749,373,125,248
S01001750,308,102,206
S01001751,450,85,365
S01001752,346,76,270
S01001753,324,42,282
S01001754,266,54,212
S01001755,405,85,320
S01001756,312,172,140
S01001757,327,64,263
S01001758,349,152,197
S01001759,407,60,347
S01001760,343,60,283
S01001761,372,81,291
S01001762,451,199,252
S01001763,276,45,231
S01001764,189,26,163
S01001765,467,142,325
S01001766,243,48,195
S01001767,238,77,161
S01001768,247,54,193
S01001769,303,133,170
S01001770,311,24,287
S01001771,347,76,271
S01001772,284,114,170
S01001773,437,69,368
S01001774,265,49,216
S01001775,369,143,226
S01001776,319,89,230
S01001777,330,53,277
S01001778,403,79,324
S01001779,257,106,151
S01001780,390,99,291
S01001781,261,75,186
S01001782,404,140,264
S01001783,265,13,252
S01001784,269,102,167
S01001785,239,46,193
S01001786,216,32,184
S01001787,238,77,161
S01001788,315,72,243
S01001789,316,23,293
S01001790,312,87,225
S01001791,299,77,222
S01001792,282,64,218
S01001793,389,92,297
S01001794,376,98,278
S01001795,189,27,162
S01001796,338,131,207
S01001797,316,112,204
S01001798,337,97,240
S01001799,368,45,323
S01001800,347,40,307
S01001801,369,72,297
S01001802,347,25,322
S01001803,424,40,384
S01001804,439,97,342
S01001805,314,94,220
S01001806,276,93,183
S01001807,352,111,241
S01001808,244,64,180
S01001809,528,78,450
S01001810,383,97,286
S01001811,280,77,203
S01001812,334,82,252
S01001813,284,68,216
S01001814,274,34,240
S01001815,352,110,242
S01001816,434,97,337
S01001817,295,71,224
S01001818,338,134,204
S01001819,403,133,270
S01001820,346,75,271
S01001821,179,14,165
S01001822,496,131,365
S01001823,429,110,319
S01001824,345,114,231
S01001825,346,46,300
S01001826,344,96,248
S01001827,369,64,305
S01001828,262,16,246
S01001829,367,118,249
S01001830,337,60,277
S01001831,349,97,252
S01001832,295,67,228
S01001833,489,98,391
S01001834,315,92,223
S01001835,260,39,221
S01001836,356,85,271
S01001837,381,105,276
S01001838,277,53,224
S01001839,433,105,328
S01001840,293,104,189
S01001841,304,51,253
S01001842,293,22,271
S01001843,369,70,299
S01001844,409,123,286
S01001845,270,46,224
S01001846,323,73,250
S01001847,414,82,332
S01001848,394,89,305
S01001849,252,71,181
S01001850,333,50,283
S01001851,321,39,282
S01001852,301,77,224
S01001853,316,107,209
S01001854,458,199,259
S01001855,335,67,268
S01001856,418,132,286
S01001857,323,93,230
S01001858,363,114,249
S01001859,433,77,356
S01001860,323,105,218
S01001861,404,62,342
S01001862,322,59,263
S01001863,348,77,271
S01001864,607,47,560
S01001865,325,16,309
S01001866,286,74,212
S01001867,289,43,246
S01001868,301,98,203
S01001869,386,97,289
S01001870,426,49,377
S01001871,827,208,619
S01001872,346,76,270
S01001873,291,84,207
S01001874,486,18,468
S01001875,338,81,257
S01001876,486,97,389
S01001877,393,28,365
S01001878,433,133,300
S01001879,400,33,367
S01001880,393,34,359
S01001881,315,84,231
S01001882,350,50,300
S01001883,228,48,180
S01001884,464,122,342
S01001885,459,131,328
S01001886,349,61,288
S01001887,357,71,286
S01001888,358,97,261
S01001889,261,63,198
S01001890,428,58,370
S01001891,352,98,254
S01001892,528,52,476
S01001893,501,67,434
S01001894,368,23,345
S01001895,394,83,311
S01001896,324,77,247
S01001897,450,24,426
S01001898,353,92,261
S01001899,330,66,264
S01001900,342,78,264
S01001901,397,135,262
S01001902,388,74,314
S01001903,249,45,204
S01001904,327,94,233
S01001905,378,61,317
S01001906,307,32,275
S01001907,360,92,268
S01001908,316,79,237
S01001909,355,41,314
S01001910,318,49,269
S01001911,297,46,251
S01001912,346,68,278
S01001913,408,75,333
S01001914,239,65,174
S01001915,390,101,289
S01001916,463,116,347
S01001917,256,45,211
S01001918,592,74,518
S01001919,413,85,328
S01001920,356,87,269
S01001921,316,90,226
S01001922,332,55,277
S01001923,229,42,187
S01001924,344,96,248
S01001925,309,85,224
S01001926,232,37,195
S01001927,410,132,278
S01001928,420,57,363
S01001929,509,136,373
S01001930,453,43,410
S01001931,298,47,251
S01001932,373,73,300
S01001933,358,85,273
S01001934,833,138,695
S01001935,452,30,422
S01001936,585,222,363
S01001937,459,165,294
S01001938,262,36,226
S01001939,277,54,223
S01001940,327,54,273
S01001941,428,93,335
S01001942,301,64,237
S01001943,277,38,239
S01001944,346,145,201
S01001945,326,109,217
S01001946,347,29,318
S01001947,452,170,282
S01001948,387,32,355
S01001949,307,45,262
S01001950,528,84,444
S01001951,508,151,357
S01001952,287,53,234
S01001953,367,79,288
S01001954,204,50,154
S01001955,564,99,465
S01001956,299,33,266
S01001957,236,49,187
S01001958,455,98,357
S01001959,251,65,186
S01001960,366,56,310
S01001961,543,48,495
S01001962,420,57,363
S01001963,487,59,428
S01001964,383,31,352
S01001965,407,109,298
S01001966,768,61,707
S01001967,314,17,297
S01001968,442,132,310
S01001969,305,62,243
S01001970,283,105,178
S01001971,440,107,333
S01001972,330,40,290
S01001973,326,73,253
S01001974,362,52,310
S01001975,416,178,238
S01001976,329,50,279
S01001977,439,126,313
S01001978,612,89,523
S01001979,309,67,242
S01001980,443,25,418
S01001981,418,50,368
S01001982,200,16,184
S01001983,337,28,309
S01001984,515,22,493
S01001985,339,63,276
S01001986,373,9,364
S01001987,281,25,256
S01001988,350,64,286
S01001989,388,110,278
S01001990,343,70,273
S01001991,334,33,301
S01001992,306,54,252
S01001993,276,50,226
S01001994,386,30,356
S01001995,323,20,303
S01001996,351,20,331
S01001997,420,96,324
S01001998,308,28,280
S01001999,267,18,249
S01002000,345,62,283
S01002001,572,25,547
S01002002,259,14,245
S01002003,358,49,309
S01002004,453,49,404
S01002005,465,122,343
S01002006,352,28,324
S01002007,676,31,645
S01002008,433,39,394
S01002009,412,55,357
S01002010,203,21,182
S01002011,447,46,401
S01002012,360,47,313
S01002013,371,72,299
S01002014,331,22,309
S01002015,330,101,229
S01002016,330,17,313
S01002017,499,119,380
S01002018,343,118,225
S01002019,290,17,273
S01002020,180,7,173
S01002021,543,135,408
S01002022,411,58,353
S01002023,351,18,333
S01002024,323,19,304
S01002025,560,33,527
S01002026,299,103,196
S01002027,453,29,424
S01002028,314,38,276
S01002029,272,19,253
S01002030,470,23,447
S01002031,409,42,367
S01002032,386,63,323
S01002033,525,32,493
S01002034,376,25,351
S01002035,308,72,236
S01002036,589,28,561
S01002037,307,37,270
S01002038,200,20,180
S01002039,300,82,218
S01002040,339,34,305
S01002041,430,32,398
S01002042,522,229,293
S01002043,367,105,262
S01002044,292,33,259
S01002045,481,130,351
S01002046,387,21,366
S01002047,344,105,239
S01002048,260,22,238
S01002049,544,41,503
S01002050,290,93,197
S01002051,367,114,253
S01002052,525,22,503
S01002053,311,26,285
S01002054,323,33,290
S01002055,350,56,294
S01002056,459,138,321
S01002057,431,111,320
S01002058,536,31,505
S01002059,402,32,370
S01002060,331,28,303
S01002061,396,28,368
S01002062,297,75,222
S01002063,524,27,497
S01002064,591,15,576
S01002065,308,27,281
S01002066,649,34,615
S01002067,420,144,276
S01002068,585,27,558
S01002069,291,62,229
S01002070,371,29,342
S01002071,341,46,295
S01002072,534,190,344
S01002073,426,28,398
S01002074,286,96,190
S01002075,560,111,449
S01002076,434,50,384
S01002077,349,111,238
S01002078,476,116,360
S01002079,516,58,458
S01002080,385,117,268
S01002081,361,33,328
S01002082,514,104,410
S01002083,295,97,198
S01002084,442,30,412
S01002085,276,9,267
S01002086,326,16,310
S01002087,576,87,489
S01002088,400,127,273
S01002089,438,108,330
S01002090,480,173,307
S01002091,446,34,412
S01002092,383,98,285
S01002093,437,45,392
S01002094,359,101,258
S01002095,264,87,177
S01002096,539,93,446
S01002097,299,105,194
S01002098,352,147,205
S01002099,401,40,361
S01002100,266,59,207
S01002101,592,63,529
S01002102,337,55,282
S01002103,275,62,213
S01002104,540,62,478
S01002105,343,64,279
S01002106,413,26,387
S01002107,211,57,154
S01002108,393,11,382
S01002109,444,18,426
S01002110,334,57,277
S01002111,430,130,300
S01002112,491,107,384
S01002113,321,125,196
S01002114,273,58,215
S01002115,503,55,448
S01002116,363,65,298
S01002117,476,52,424
S01002118,546,75,471
S01002119,290,82,208
S01002120,319,57,262
S01002121,307,88,219
S01002122,362,122,240
S01002123,398,112,286
S01002124,413,95,318
S01002125,454,86,368
S01002126,243,74,169
S01002127,315,58,257
S01002128,391,22,369
S01002129,489,55,434
S01002130,227,71,156
S01002131,420,26,394
S01002132,404,105,299
S01002133,615,117,498
S01002134,252,78,174
S01002135,337,94,243
S01002136,426,58,368
S01002137,380,76,304
S01002138,404,121,283
S01002139,285,57,228
S01002140,421,72,349
S01002141,326,32,294
S01002142,460,134,326
S01002143,377,161,216
S01002144,316,138,178
S01002145,503,92,411
S01002146,537,51,486
S01002147,424,121,303
S01002148,345,95,250
S01002149,572,114,458
S01002150,338,41,297
S01002151,876,45,831
S01002152,425,102,323
S01002153,234,71,163
S01002154,435,106,329
S01002155,511,77,434
S01002156,396,55,341
S01002157,349,67,282
S01002158,421,82,339
S01002159,379,87,292
S01002160,530,98,432
S01002161,338,22,316
S01002162,429,83,346
S01002163,678,49,629
S01002164,345,80,265
S01002165,406,51,355
S01002166,401,58,343
S01002167,304,98,206
S01002168,634,133,501
S01002169,455,98,357
S01002170,434,147,287
S01002171,285,81,204
S01002172,313,112,201
S01002173,533,192,341
S01002174,500,63,437
S01002175,598,59,539
S01002176,375,114,261
S01002177,467,58,409
S01002178,561,52,509
S01002179,283,107,176
S01002180,263,27,236
S01002181,473,78,395
S01002182,384,34,350
S01002183,548,79,469
S01002184,329,106,223
S01002185,541,84,457
S01002186,383,28,355
S01002187,483,52,431
S01002188,358,99,259
S01002189,391,64,327
S01002190,389,28,361
S01002191,459,88,371
S01002192,399,121,278
S01002193,353,97,256
S01002194,342,90,252
S01002195,712,152,560
S01002196,282,62,220
S01002197,391,33,358
S01002198,490,45,445
S01002199,386,36,350
S01002200,438,114,324
S01002201,620,54,566
S01002202,420,29,391
S01002203,260,21,239
S01002204,418,86,332
S01002205,392,59,333
S01002206,558,23,535
S01002207,336,72,264
S01002208,352,19,333
S01002209,582,28,554
S01002210,328,55,273
S01002211,397,89,308
S01002212,676,123,553
S01002213,320,53,267
S01002214,434,51,383
S01002215,464,145,319
S01002216,973,50,923
S01002217,666,52,614
S01002218,296,18,278
S01002219,304,98,206
S01002220,299,75,224
S01002221,614,43,571
S01002222,331,93,238
S01002223,308,97,211
S01002224,397,141,256
S01002225,464,30,434
S01002226,510,69,441
S01002227,444,104,340
S01002228,402,119,283
S01002229,318,146,172
S01002230,549,63,486
S01002231,410,109,301
S01002232,374,95,279
S01002233,575,48,527
S01002234,502,74,428
S01002235,606,77,529
S01002236,415,86,329
S01002237,596,99,497
S01002238,322,75,247
S01002239,500,80,420
S01002240,508,47,461
S01002241,485,88,397
S01002242,348,93,255
S01002243,403,40,363
S01002244,520,45,475
S01002245,1079,65,1014
S01002246,579,83,496
S01002247,389,88,301
S01002248,519,122,397
S01002249,582,152,430
S01002250,433,71,362
S01002251,323,77,246
S01002252,350,99,251
S01002253,463,132,331
S01002254,557,34,523
S01002255,1043,98,945
S01002256,640,119,521
S01002257,306,49,257
S01002258,471,109,362
S01002259,266,53,213
S01002260,354,106,248
S01002261,413,89,324
S01002262,345,109,236
S01002263,354,149,205
S01002264,393,57,336
S01002265,743,96,647
S01002266,425,40,385
S01002267,431,50,381
S01002268,285,92,193
S01002269,526,174,352
S01002270,883,67,816
S01002271,407,114,293
S01002272,371,31,340
S01002273,415,46,369
S01002274,746,77,669
S01002275,643,69,574
S01002276,340,119,221
S01002277,421,62,359
S01002278,510,53,457
S01002279,635,50,585
S01002280,333,72,261
S01002281,290,57,233
S01002282,137,12,125
S01002283,297,81,216
S01002284,915,78,837
S01002285,572,80,492
S01002286,368,44,324
S01002287,334,95,239
S01002288,712,21,691
S01002289,681,140,541
S01002290,568,52,516
S01002291,475,41,434
S01002292,616,75,541
S01002293,347,54,293
S01002294,269,70,199
S01002295,333,80,253
S01002297,398,118,280
S01002298,271,29,242
S01002299,323,115,208
S01002300,359,133,226
S01002301,924,49,875
S01002302,372,44,328
S01002303,400,95,305
S01002304,969,46,923
S01002305,467,36,431
S01002306,218,30,188
S01002307,664,26,638
S01002308,510,105,405
S01002309,394,88,306
S01002310,637,107,530
S01002311,350,108,242
S01002312,379,58,321
S01002313,286,49,237
S01002314,439,102,337
S01002315,236,69,167
S01002316,273,65,208
S01002317,2008,109,1899
S01002318,495,46,449
S01002319,593,184,409
S01002320,296,61,235
S01002321,557,36,521
S01002322,378,53,325
S01002323,395,88,307
S01002324,375,62,313
S01002325,884,99,785
S01002326,596,95,501
S01002327,348,76,272
S01002328,327,59,268
S01002329,270,45,225
S01002330,318,69,249
S01002331,290,57,233
S01002332,319,22,297
S01002333,296,39,257
S01002334,394,72,322
S01002335,445,127,318
S01002336,404,42,362
S01002337,363,49,314
S01002338,252,65,187
S01002339,284,63,221
S01002340,303,88,215
S01002341,250,78,172
S01002342,278,52,226
S01002343,326,56,270
S01002344,221,36,185
S01002345,366,65,301
S01002346,447,139,308
S01002347,344,97,247
S01002348,435,135,300
S01002349,476,155,321
S01002350,433,115,318
S01002351,373,96,277
S01002352,411,100,311
S01002353,348,78,270
S01002354,363,76,287
S01002355,401,88,313
S01002356,503,165,338
S01002357,293,53,240
S01002358,232,63,169
S01002359,412,140,272
S01002360,338,102,236
S01002361,287,58,229
S01002362,336,66,270
S01002363,440,81,359
S01002364,313,54,259
S01002365,274,77,197
S01002366,367,62,305
S01002367,437,76,361
S01002368,381,97,284
S01002369,286,73,213
S01002370,321,68,253
S01002371,283,81,202
S01002372,356,83,273
S01002373,299,95,204
S01002374,359,112,247
S01002375,354,66,288
S01002376,383,72,311
S01002377,376,83,293
S01002378,215,45,170
S01002379,488,90,398
S01002380,312,62,250
S01002381,343,36,307
S01002382,269,62,207
S01002383,190,35,155
S01002384,225,23,202
S01002385,336,74,262
S01002386,419,70,349
S01002387,291,51,240
S01002388,267,25,242
S01002389,279,56,223
S01002390,439,77,362
S01002391,555,130,425
S01002392,685,82,603
S01002393,401,62,339
S01002394,348,71,277
S01002395,306,73,233
S01002396,298,85,213
S01002397,508,89,419
S01002398,375,90,285
S01002399,437,80,357
S01002400,362,40,322
S01002401,399,21,378
S01002402,367,31,336
S01002403,320,27,293
S01002404,397,67,330
S01002405,307,33,274
S01002406,355,68,287
S01002407,273,31,242
S01002408,363,95,268
S01002409,304,93,211
S01002410,217,51,166
S01002411,934,57,877
S01002412,381,30,351
S01002413,259,37,222
S01002414,279,40,239
S01002415,290,48,242
S01002416,234,50,184
S01002417,294,94,200
S01002418,397,82,315
S01002419,219,54,165
S01002420,251,59,192
S01002421,337,79,258
S01002422,247,73,174
S01002423,474,209,265
S01002424,366,92,274
S01002425,403,61,342
S01002426,462,161,301
S01002427,395,138,257
S01002428,233,51,182
S01002429,574,409,165
S01002430,303,64,239
S01002431,371,59,312
S01002432,647,99,548
S01002433,277,82,195
S01002434,439,104,335
S01002435,297,29,268
S01002436,420,203,217
S01002437,384,80,304
S01002438,282,36,246
S01002439,335,98,237
S01002440,420,95,325
S01002441,297,88,209
S01002442,266,43,223
S01002443,313,87,226
S01002444,250,39,211
S01002445,417,69,348
S01002446,438,134,304
S01002447,260,45,215
S01002448,198,32,166
S01002449,235,22,213
S01002450,436,91,345
S01002451,398,45,353
S01002452,238,48,190
S01002453,300,78,222
S01002454,321,85,236
S01002455,221,50,171
S01002456,434,110,324
S01002457,307,65,242
S01002458,412,94,318
S01002459,334,46,288
S01002460,399,73,326
S01002461,163,11,152
S01002462,381,68,313
S01002463,453,101,352
S01002464,239,63,176
S01002465,280,45,235
S01002466,429,90,339
S01002467,233,65,168
S01002468,327,56,271
S01002469,278,71,207
S01002470,348,67,281
S01002471,244,67,177
S01002472,309,40,269
S01002473,457,82,375
S01002474,239,23,216
S01002475,264,72,192
S01002476,395,52,343
S01002477,383,97,286
S01002478,386,71,315
S01002479,324,58,266
S01002480,268,87,181
S01002481,430,102,328
S01002482,476,57,419
S01002483,387,66,321
S01002484,375,78,297
S01002485,361,69,292
S01002486,293,67,226
S01002487,230,37,193
S01002488,349,93,256
S01002489,312,86,226
S01002490,267,93,174
S01002491,239,93,146
S01002492,380,86,294
S01002493,409,88,321
S01002494,269,46,223
S01002495,277,57,220
S01002496,573,102,471
S01002497,473,89,384
S01002498,249,28,221
S01002499,507,139,368
S01002500,301,48,253
S01002501,222,57,165
S01002502,371,84,287
S01002503,330,61,269
S01002504,577,112,465
S01002505,386,100,286
S01002506,326,50,276
S01002507,355,140,215
S01002508,378,105,273
S01002509,526,81,445
S01002510,437,100,337
S01002511,224,73,151
S01002512,376,65,311
S01002513,630,55,575
S01002514,300,66,234
S01002515,313,83,230
S01002516,360,83,277
S01002517,264,64,200
S01002518,405,62,343
S01002519,467,128,339
S01002520,281,42,239
S01002521,293,78,215
S01002522,291,72,219
S01002523,290,116,174
S01002524,319,47,272
S01002525,328,80,248
S01002526,190,40,150
S01002527,329,22,307
S01002528,361,69,292
S01002529,476,68,408
S01002530,298,73,225
S01002531,380,78,302
S01002532,319,81,238
S01002533,317,35,282
S01002534,369,75,294
S01002535,347,46,301
S01002536,269,25,244
S01002537,217,33,184
S01002538,381,75,306
S01002539,397,132,265
S01002540,282,58,224
S01002541,731,96,635
S01002542,291,31,260
S01002543,259,31,228
S01002544,391,65,326
S01002545,385,100,285
S01002546,337,70,267
S01002547,303,38,265
S01002548,482,129,353
S01002549,246,66,180
S01002550,191,35,156
S01002551,264,68,196
S01002552,249,47,202
S01002553,384,115,269
S01002554,215,18,197
S01002555,351,86,265
S01002556,297,59,238
S01002557,352,71,281
S01002558,233,41,192
S01002559,281,81,200
S01002560,246,51,195
S01002561,343,49,294
S01002562,263,71,192
S01002563,385,72,313
S01002564,238,63,175
S01002565,372,43,329
S01002566,263,36,227
S01002567,881,41,840
S01002568,370,96,274
S01002569,585,92,493
S01002570,264,41,223
S01002571,301,74,227
S01002572,248,55,193
S01002573,220,44,176
S01002574,439,66,373
S01002575,373,9,364
S01002576,330,80,250
S01002577,452,58,394
S01002578,301,76,225
S01002579,451,90,361
S01002580,332,61,271
S01002581,270,25,245
S01002582,329,99,230
S01002583,388,42,346
S01002584,537,21,516
S01002585,419,104,315
S01002586,217,50,167
S01002587,308,49,259
S01002588,311,83,228
S01002589,339,113,226
S01002590,305,104,201
S01002591,271,59,212
S01002592,432,131,301
S01002593,337,61,276
S01002594,259,12,247
S01002595,320,68,252
S01002596,284,93,191
S01002597,219,37,182
S01002598,428,62,366
S01002599,242,51,191
S01002600,364,37,327
S01002601,296,62,234
S01002602,221,59,162
S01002603,355,71,284
S01002604,397,120,277
S01002605,255,61,194
S01002606,211,23,188
S01002607,373,77,296
S01002608,206,27,179
S01002609,351,89,262
S01002610,381,90,291
S01002611,325,29,296
S01002612,392,129,263
S01002613,386,114,272
S01002614,397,89,308
S01002615,180,21,159
S01002616,227,59,168
S01002617,436,94,342
S01002618,399,61,338
S01002619,342,83,259
S01002620,457,111,346
S01002621,246,63,183
S01002622,3064,108,2956
S01002623,598,58,540
S01002624,288,62,226
S01002625,367,83,284
S01002626,274,45,229
S01002627,394,79,315
S01002628,311,42,269
S01002629,376,92,284
S01002630,332,89,243
S01002631,351,87,264
S01002632,242,32,210
S01002633,379,61,318
S01002634,330,85,245
S01002635,256,83,173
S01002636,269,78,191
S01002637,333,68,265
S01002638,318,47,271
S01002639,399,78,321
S01002640,313,64,249
S01002641,350,47,303
S01002642,270,55,215
S01002643,285,61,224
S01002644,306,92,214
S01002645,288,74,214
S01002646,366,55,311
S01002647,406,96,310
S01002648,464,71,393
S01002649,283,66,217
S01002650,288,98,190
S01002651,270,58,212
S01002652,258,45,213
S01002653,355,76,279
S01002654,385,113,272
S01002655,391,59,332
S01002656,401,100,301
S01002657,393,107,286
S01002658,704,104,600
S01002659,409,127,282
S01002660,337,52,285
S01002661,377,73,304
S01002662,558,109,449
S01002663,326,62,264
S01002664,358,82,276
S01002665,347,93,254
S01002666,586,118,468
S01002667,310,66,244
S01002668,217,46,171
S01002669,484,106,378
S01002670,236,36,200
S01002671,544,67,477
S01002672,318,48,270
S01002673,287,41,246
S01002674,376,101,275
S01002675,416,163,253
S01002676,322,84,238
S01002677,551,87,464
S01002678,333,60,273
S01002679,553,157,396
S01002680,565,68,497
S01002681,352,130,222
S01002682,232,37,195
S01002683,258,74,184
S01002684,412,99,313
S01002685,450,49,401
S01002686,681,136,545
S01002687,489,89,400
S01002688,264,38,226
S01002689,328,36,292
S01002690,258,86,172
S01002691,555,82,473
S01002692,335,78,257
S01002693,187,25,162
S01002694,264,34,230
S01002695,254,56,198
S01002696,336,76,260
S01002697,373,87,286
S01002698,320,71,249
S01002699,228,47,181
S01002700,351,57,294
S01002701,349,53,296
S01002702,306,78,228
S01002703,574,109,465
S01002704,327,95,232
S01002705,358,86,272
S01002706,403,50,353
S01002707,351,47,304
S01002708,431,81,350
S01002709,464,79,385
S01002710,355,90,265
S01002711,364,66,298
S01002712,308,92,216
S01002713,414,161,253
S01002714,435,78,357
S01002715,407,90,317
S01002716,218,37,181
S01002717,420,144,276
S01002718,394,62,332
S01002719,310,64,246
S01002720,308,122,186
S01002721,389,89,300
S01002722,420,94,326
S01002723,332,103,229
S01002724,427,135,292
S01002725,404,109,295
S01002726,358,97,261
S01002727,387,56,331
S01002728,438,82,356
S01002729,375,64,311
S01002730,480,66,414
S01002731,362,112,250
S01002732,332,46,286
S01002733,313,119,194
S01002734,517,126,391
S01002735,720,220,500
S01002736,292,71,221
S01002737,403,50,353
S01002738,267,62,205
S01002739,333,95,238
S01002740,201,46,155
S01002741,489,96,393
S01002742,385,114,271
S01002743,341,57,284
S01002744,255,82,173
S01002745,307,53,254
S01002746,357,85,272
S01002747,254,62,192
S01002748,384,90,294
S01002749,314,46,268
S01002750,384,64,320
S01002751,421,89,332
S01002752,231,58,173
S01002753,276,73,203
S01002754,247,70,177
S01002755,355,39,316
S01002756,401,67,334
S01002757,254,56,198
S01002758,315,92,223
S01002759,376,44,332
S01002760,238,47,191
S01002761,440,88,352
S01002762,312,79,233
S01002763,374,64,310
S01002764,263,63,200
S01002765,427,78,349
S01002766,459,91,368
S01002767,426,98,328
S01002768,371,103,268
S01002769,338,74,264
S01002770,280,76,204
S01002771,348,63,285
S01002772,377,67,310
S01002773,389,103,286
S01002774,382,105,277
S01002775,287,60,227
S01002776,397,53,344
S01002777,493,112,381
S01002778,397,100,297
S01002779,297,33,264
S01002780,397,61,336
S01002781,399,140,259
S01002782,437,158,279
S01002783,615,81,534
S01002784,228,48,180
S01002785,295,55,240
S01002786,305,50,255
S01002787,302,64,238
S01002788,328,39,289
S01002789,301,87,214
S01002790,415,116,299
S01002791,253,31,222
S01002792,822,130,692
S01002793,375,118,257
S01002794,394,85,309
S01002795,257,96,161
S01002796,250,53,197
S01002797,313,72,241
S01002798,245,51,194
S01002799,326,93,233
S01002800,282,52,230
S01002801,386,71,315
S01002802,245,65,180
S01002803,369,88,281
S01002804,257,70,187
S01002805,410,114,296
S01002806,939,108,831
S01002807,328,97,231
S01002808,370,62,308
S01002809,330,89,241
S01002810,475,125,350
S01002811,455,128,327
S01002812,268,55,213
S01002813,338,85,253
S01002814,413,109,304
S01002815,341,105,236
S01002816,235,34,201
S01002817,248,61,187
S01002818,277,61,216
S01002819,347,53,294
S01002820,330,57,273
S01002821,559,81,478
S01002822,321,49,272
S01002823,394,68,326
S01002824,368,85,283
S01002825,394,99,295
S01002826,243,63,180
S01002827,292,49,243
S01002828,377,46,331
S01002829,391,113,278
S01002830,302,73,229
S01002831,466,85,381
S01002832,312,52,260
S01002833,399,68,331
S01002834,366,91,275
S01002835,333,68,265
S01002836,232,57,175
S01002837,344,70,274
S01002838,274,103,171
S01002839,292,89,203
S01002840,313,100,213
S01002841,432,50,382
S01002842,306,78,228
S01002843,327,80,247
S01002844,276,96,180
S01002845,402,69,333
S01002846,453,97,356
S01002847,411,96,315
S01002848,336,64,272
S01002849,408,55,353
S01002850,414,78,336
S01002851,229,117,112
S01002852,399,69,330
S01002853,215,37,178
S01002854,342,90,252
S01002855,231,43,188
S01002856,411,70,341
S01002857,220,67,153
S01002858,275,76,199
S01002859,343,56,287
S01002860,431,69,362
S01002861,414,93,321
S01002862,246,46,200
S01002863,309,75,234
S01002864,256,56,200
S01002865,356,65,291
S01002866,499,97,402
S01002867,208,47,161
S01002868,329,57,272
S01002869,240,58,182
S01002870,398,118,280
S01002871,289,54,235
S01002872,296,88,208
S01002873,333,80,253
S01002874,338,52,286
S01002875,258,56,202
S01002876,297,40,257
S01002877,351,65,286
S01002878,229,42,187
S01002879,363,109,254
S01002880,223,62,161
S01002881,482,108,374
S01002882,479,165,314
S01002883,436,110,326
S01002884,373,118,255
S01002885,504,64,440
S01002886,339,79,260
S01002887,244,47,197
S01002888,236,92,144
S01002889,374,59,315
S01002890,291,45,246
S01002891,316,69,247
S01002892,301,83,218
S01002893,464,80,384
S01002894,325,105,220
S01002895,318,78,240
S01002896,315,122,193
S01002897,363,115,248
S01002898,500,132,368
S01002899,208,56,152
S01002900,300,49,251
S01002901,363,110,253
S01002902,363,109,254
S01002903,421,81,340
S01002904,311,66,245
S01002905,364,89,275
S01002906,348,41,307
S01002907,287,76,211
S01002908,343,133,210
S01002909,332,71,261
S01002910,451,93,358
S01002911,351,74,277
S01002912,554,130,424
S01002913,328,74,254
S01002914,330,84,246
S01002915,403,70,333
S01002916,387,129,258
S01002917,287,91,196
S01002918,365,158,207
S01002919,361,31,330
S01002920,285,97,188
S01002921,308,99,209
S01002922,230,39,191
S01002923,295,95,200
S01002924,297,84,213
S01002925,595,108,487
S01002926,334,34,300
S01002927,348,75,273
S01002928,229,62,167
S01002929,286,37,249
S01002930,234,35,199
S01002931,365,62,303
S01002932,263,37,226
S01002933,394,121,273
S01002934,393,63,330
S01002935,403,72,331
S01002936,291,36,255
S01002937,218,43,175
S01002938,341,91,250
S01002939,223,46,177
S01002940,258,65,193
S01002941,427,136,291
S01002942,192,51,141
S01002943,285,58,227
S01002944,523,115,408
S01002945,264,91,173
S01002946,427,77,350
S01002947,262,49,213
S01002948,340,76,264
S01002949,226,50,176
S01002950,317,62,255
S01002951,453,170,283
S01002952,256,47,209
S01002953,444,163,281
S01002954,356,90,266
S01002955,492,128,364
S01002956,342,99,243
S01002957,379,93,286
S01002958,232,31,201
S01002959,443,135,308
S01002960,278,82,196
S01002961,351,88,263
S01002962,264,49,215
S01002963,355,81,274
S01002964,334,86,248
S01002965,377,86,291
S01002966,245,32,213
S01002967,392,101,291
S01002968,572,107,465
S01002969,453,175,278
S01002970,278,76,202
S01002971,512,163,349
S01002972,544,128,416
S01002973,364,126,238
S01002974,395,57,338
S01002975,333,79,254
S01002976,456,96,360
S01002977,347,68,279
S01002978,484,168,316
S01002979,299,62,237
S01002980,342,94,248
S01002981,333,93,240
S01002982,282,108,174
S01002983,379,125,254
S01002984,329,122,207
S01002985,274,131,143
S01002986,327,66,261
S01002987,327,63,264
S01002988,314,87,227
S01002989,495,112,383
S01002990,251,40,211
S01002991,327,126,201
S01002992,344,85,259
S01002993,311,86,225
S01002994,387,81,306
S01002995,221,13,208
S01002996,332,116,216
S01002997,302,70,232
S01002998,356,79,277
S01002999,209,25,184
S01003000,301,62,239
S01003001,273,92,181
S01003002,434,98,336
S01003003,268,59,209
S01003004,214,38,176
S01003005,237,34,203
S01003006,455,108,347
S01003007,323,56,267
S01003008,164,10,154
S01003009,243,57,186
S01003010,306,71,235
S01003011,275,11,264
S01003012,425,121,304
S01003013,266,59,207
S01003014,271,67,204
S01003015,320,79,241
S01003016,200,61,139
S01003017,333,136,197
S01003018,383,102,281
S01003019,355,60,295
S01003020,311,80,231
S01003021,281,62,219
S01003022,425,108,317
S01003023,299,66,233
S01003024,344,77,267
S01003025,364,108,256
S01003026,364,89,275
S01003027,407,45,362
S01003028,398,88,310
S01003029,488,62,426
S01003030,577,65,512
S01003032,258,52,206
S01003033,255,33,222
S01003034,377,51,326
S01003035,444,32,412
S01003036,555,138,417
S01003037,700,37,663
S01003038,294,25,269
S01003039,407,71,336
S01003040,472,161,311
S01003041,257,25,232
S01003042,270,14,256
S01003043,289,18,271
S01003044,553,91,462
S01003045,416,49,367
S01003046,350,32,318
S01003047,476,105,371
S01003048,270,75,195
S01003049,280,46,234
S01003050,298,91,207
S01003051,460,56,404
S01003052,330,76,254
S01003053,382,67,315
S01003054,354,64,290
S01003055,424,90,334
S01003056,417,33,384
S01003057,302,38,264
S01003058,501,26,475
S01003059,395,151,244
S01003060,428,32,396
S01003061,292,55,237
S01003062,377,80,297
S01003063,333,31,302
S01003064,438,84,354
S01003065,599,98,501
S01003066,301,67,234
S01003067,232,59,173
S01003068,383,95,288
S01003069,266,62,204
S01003070,344,76,268
S01003071,288,90,198
S01003072,486,102,384
S01003073,302,35,267
S01003074,256,55,201
S01003075,310,44,266
S01003076,521,44,477
S01003077,500,116,384
S01003078,293,81,212
S01003079,344,46,298
S01003080,349,44,305
S01003081,320,22,298
S01003082,419,15,404
S01003083,576,67,509
S01003084,415,127,288
S01003085,423,92,331
S01003086,214,31,183
S01003087,269,29,240
S01003088,536,85,451
S01003089,282,49,233
S01003090,324,73,251
S01003091,251,38,213
S01003092,348,72,276
S01003093,507,137,370
S01003094,447,113,334
S01003095,259,41,218
S01003096,274,78,196
S01003097,121,22,99
S01003098,826,74,752
S01003099,224,41,183
S01003100,368,93,275
S01003101,218,37,181
S01003102,285,67,218
S01003103,273,74,199
S01003104,570,209,361
S01003105,332,58,274
S01003106,311,93,218
S01003107,309,49,260
S01003108,488,62,426
S01003109,371,58,313
S01003110,294,60,234
S01003111,359,76,283
S01003112,429,83,346
S01003113,279,49,230
S01003114,348,76,272
S01003115,500,79,421
S01003116,586,98,488
S01003117,464,68,396
S01003118,266,77,189
S01003119,269,24,245
S01003120,561,73,488
S01003121,366,80,286
S01003122,325,112,213
S01003123,416,103,313
S01003124,499,27,472
S01003125,460,41,419
S01003126,121,53,68
S01003127,336,52,284
S01003128,544,144,400
S01003129,652,119,533
S01003130,457,63,394
S01003131,456,37,419
S01003132,470,59,411
S01003133,663,94,569
S01003134,339,75,264
S01003135,346,88,258
S01003136,463,27,436
S01003137,375,61,314
S01003138,662,165,497
S01003139,619,58,561
S01003140,425,72,353
S01003141,463,32,431
S01003142,525,144,381
S01003143,452,71,381
S01003144,399,104,295
S01003145,303,106,197
S01003146,408,25,383
S01003147,404,138,266
S01003148,276,45,231
S01003149,566,97,469
S01003150,409,89,320
S01003151,367,102,265
S01003152,495,167,328
S01003153,277,42,235
S01003154,543,61,482
S01003155,486,31,455
S01003156,494,103,391
S01003157,587,120,467
S01003158,319,39,280
S01003159,81,15,66
S01003160,281,59,222
S01003161,259,55,204
S01003162,302,60,242
S01003163,331,63,268
S01003164,272,13,259
S01003165,497,111,386
S01003166,398,36,362
S01003167,374,62,312
S01003168,519,56,463
S01003169,950,110,840
S01003170,315,62,253
S01003171,232,21,211
S01003172,372,30,342
S01003173,278,15,263
S01003174,370,50,320
S01003175,476,93,383
S01003176,471,36,435
S01003177,415,57,358
S01003178,398,65,333
S01003179,280,21,259
S01003180,238,13,225
S01003181,344,63,281
S01003182,371,102,269
S01003183,331,22,309
S01003184,363,80,283
S01003185,259,52,207
S01003186,402,80,322
S01003187,492,35,457
S01003188,490,45,445
S01003189,420,33,387
S01003190,408,43,365
S01003191,278,24,254
S01003192,592,38,554
S01003193,638,33,605
S01003194,363,83,280
S01003195,306,84,222
S01003196,408,110,298
S01003197,375,89,286
S01003198,470,69,401
S01003199,416,81,335
S01003200,430,76,354
S01003201,133,18,115
S01003202,528,101,427
S01003203,413,120,293
S01003204,363,51,312
S01003205,431,71,360
S01003206,468,53,415
S01003207,316,20,296
S01003208,635,121,514
S01003209,250,59,191
S01003210,365,97,268
S01003211,251,16,235
S01003212,261,35,226
S01003213,264,48,216
S01003214,348,99,249
S01003215,383,50,333
S01003216,343,108,235
S01003217,418,100,318
S01003218,338,64,274
S01003219,337,91,246
S01003220,277,56,221
S01003221,428,40,388
S01003222,280,11,269
S01003223,470,56,414
S01003224,284,100,184
S01003225,398,132,266
S01003226,342,55,287
S01003227,792,23,769
S01003228,597,100,497
S01003229,332,53,279
S01003230,374,101,273
S01003231,442,105,337
S01003232,503,62,441
S01003233,349,90,259
S01003234,360,87,273
S01003235,370,93,277
S01003236,252,22,230
S01003237,414,101,313
S01003238,346,68,278
S01003239,461,89,372
S01003240,326,57,269
S01003241,349,118,231
S01003242,497,108,389
S01003243,405,120,285
S01003244,446,106,340
S01003245,708,208,500
S01003246,660,150,510
S01003247,355,29,326
S01003248,649,119,530
S01003249,421,51,370
S01003250,257,84,173
S01003251,471,117,354
S01003252,247,82,165
S01003253,540,92,448
S01003254,258,71,187
S01003255,446,142,304
S01003256,629,48,581
S01003257,258,38,220
S01003258,311,80,231
S01003259,479,64,415
S01003260,300,103,197
S01003261,421,163,258
S01003262,372,31,341
S01003263,465,52,413
S01003264,308,94,214
S01003265,306,98,208
S01003266,391,139,252
S01003267,583,227,356
S01003268,912,124,788
S01003269,493,68,425
S01003270,451,69,382
S01003271,1036,61,975
S01003272,894,106,788
S01003273,431,121,310
S01003274,335,119,216
S01003275,552,155,397
S01003276,277,69,208
S01003277,321,100,221
S01003278,362,94,268
S01003279,167,15,152
S01003280,445,132,313
S01003281,242,36,206
S01003282,295,78,217
S01003283,291,86,205
S01003284,561,179,382
S01003285,163,7,156
S01003286,587,165,422
S01003287,201,23,178
S01003288,285,81,204
S01003289,216,39,177
S01003290,443,90,353
S01003291,394,122,272
S01003292,286,75,211
S01003293,447,85,362
S01003294,445,149,296
S01003295,376,86,290
S01003296,395,64,331
S01003297,316,41,275
S01003298,474,126,348
S01003299,214,23,191
S01003300,386,64,322
S01003301,406,42,364
S01003302,401,50,351
S01003303,1144,12,1132
S01003304,365,29,336
S01003305,384,27,357
S01003306,515,179,336
S01003307,520,136,384
S01003308,367,87,280
S01003309,494,52,442
S01003310,376,103,273
S01003311,279,76,203
S01003312,228,44,184
S01003313,457,69,388
S01003314,372,41,331
S01003315,308,17,291
S01003316,317,37,280
S01003317,293,15,278
S01003318,299,74,225
S01003320,269,17,252
S01003321,304,81,223
S01003322,461,42,419
S01003323,292,53,239
S01003324,245,30,215
S01003325,313,45,268
S01003326,453,103,350
S01003327,274,26,248
S01003328,636,28,608
S01003329,367,76,291
S01003330,324,17,307
S01003331,376,123,253
S01003332,206,64,142
S01003333,525,96,429
S01003334,449,87,362
S01003335,451,38,413
S01003336,497,137,360
S01003337,587,71,516
S01003338,455,87,368
S01003339,329,51,278
S01003340,551,163,388
S01003341,345,29,316
S01003342,353,55,298
S01003343,299,30,269
S01003344,191,31,160
S01003345,512,101,411
S01003346,383,80,303
S01003347,509,69,440
S01003348,595,79,516
S01003349,630,81,549
S01003350,365,69,296
S01003351,607,57,550
S01003352,538,86,452
S01003353,440,72,368
S01003354,325,99,226
S01003355,581,136,445
S01003356,516,81,435
S01003357,206,28,178
S01003358,1130,48,1082
S01003359,355,26,329
S01003360,312,36,276
S01003361,380,102,278
S01003362,306,59,247
S01003363,365,107,258
S01003364,332,19,313
S01003365,318,33,285
S01003366,422,17,405
S01003367,671,123,548
S01003368,921,37,884
S01003369,329,133,196
S01003370,390,30,360
S01003371,403,49,354
S01003372,282,46,236
S01003373,1454,105,1349
S01003374,214,19,195
S01003375,414,89,325
S01003376,249,22,227
S01003377,353,113,240
S01003378,433,48,385
S01003379,277,35,242
S01003380,614,36,578
S01003381,356,88,268
S01003382,930,75,855
S01003383,461,137,324
S01003384,475,142,333
S01003385,456,63,393
S01003386,368,118,250
S01003387,455,30,425
S01003388,580,117,463
S01003389,610,37,573
S01003390,530,68,462
S01003391,405,71,334
S01003392,455,59,396
S01003393,432,147,285
S01003394,252,16,236
S01003395,353,45,308
S01003396,461,48,413
S01003397,444,44,400
S01003398,404,56,348
S01003399,685,65,620
S01003400,362,142,220
S01003401,360,42,318
S01003402,419,36,383
S01003403,608,32,576
S01003404,267,65,202
S01003405,374,80,294
S01003406,398,48,350
S01003407,425,131,294
S01003408,330,48,282
S01003409,783,45,738
S01003410,730,27,703
S01003411,433,100,333
S01003412,461,57,404
S01003413,296,38,258
S01003414,219,48,171
S01003415,468,101,367
S01003416,535,188,347
S01003417,562,107,455
S01003418,503,128,375
S01003419,431,56,375
S01003420,198,30,168
S01003421,419,119,300
S01003422,424,89,335
S01003423,466,17,449
S01003424,615,58,557
S01003425,420,30,390
S01003426,623,111,512
S01003427,491,178,313
S01003428,424,36,388
S01003429,365,7,358
S01003430,426,17,409
S01003431,481,174,307
S01003432,387,26,361
S01003433,555,21,534
S01003434,431,108,323
S01003435,318,38,280
S01003436,238,28,210
S01003437,349,14,335
S01003438,638,30,608
S01003439,817,229,588
S01003440,216,48,168
S01003441,762,47,715
S01003442,514,110,404
S01003443,476,51,425
S01003444,366,54,312
S01003445,485,31,454
S01003446,274,19,255
S01003447,526,150,376
S01003448,369,109,260
S01003449,417,41,376
S01003450,645,88,557
S01003451,517,49,468
S01003452,250,74,176
S01003453,658,24,634
S01003454,291,19,272
S01003455,382,82,300
S01003456,128,23,105
S01003457,577,87,490
S01003458,508,75,433
S01003459,367,33,334
S01003460,593,68,525
S01003461,331,100,231
S01003462,244,25,219
S01003463,294,26,268
S01003464,427,14,413
S01003465,1625,64,1561
S01003466,459,46,413
S01003467,347,75,272
S01003468,373,41,332
S01003469,584,87,497
S01003470,694,44,650
S01003471,315,45,270
S01003472,394,36,358
S01003473,593,103,490
S01003474,275,17,258
S01003475,432,80,352
S01003476,435,11,424
S01003477,716,42,674
S01003478,460,46,414
S01003479,498,58,440
S01003480,471,98,373
S01003481,585,108,477
S01003482,388,82,306
S01003483,271,31,240
S01003484,446,36,410
S01003485,409,21,388
S01003486,391,54,337
S01003487,481,56,425
S01003488,384,110,274
S01003489,602,75,527
S01003490,338,79,259
S01003491,44,17,27
S01003492,609,42,567
S01003493,490,67,423
S01003494,481,158,323
S01003495,481,54,427
S01003496,634,96,538
S01003497,521,61,460
S01003498,555,150,405
S01003499,637,113,524
S01003500,333,33,300
S01003501,367,18,349
S01003502,706,27,679
S01003503,388,43,345
S01003504,375,14,361
S01003506,514,45,469
S01003507,283,13,270
S01003508,516,113,403
S01003509,469,52,417
S01003510,241,22,219
S01003511,530,93,437
S01003512,361,99,262
S01003513,272,14,258
S01003514,418,36,382
S01003515,272,59,213
S01003516,307,48,259
S01003517,449,20,429
S01003518,621,80,541
S01003519,332,42,290
S01003520,400,100,300
S01003521,219,18,201
S01003522,435,36,399
S01003523,347,69,278
S01003524,561,56,505
S01003525,583,87,496
S01003526,461,42,419
S01003527,346,80,266
S01003528,192,12,180
S01003529,210,19,191
S01003530,428,31,397
S01003531,433,52,381
S01003532,483,133,350
S01003533,176,5,171
S01003534,565,88,477
S01003535,406,26,380
S01003536,513,78,435
S01003537,478,101,377
S01003538,286,61,225
S01003539,500,95,405
S01003540,264,57,207
S01003541,364,25,339
S01003542,406,82,324
S01003543,381,26,355
S01003544,226,26,200
S01003545,408,47,361
S01003546,541,127,414
S01003547,433,32,401
S01003549,381,61,320
S01003550,246,30,216
S01003551,355,69,286
S01003552,615,59,556
S01003553,356,52,304
S01003554,408,50,358
S01003555,335,23,312
S01003556,258,41,217
S01003557,365,25,340
S01003558,509,82,427
S01003559,388,54,334
S01003560,608,141,467
S01003561,550,84,466
S01003562,331,40,291
S01003563,234,52,182
S01003564,351,53,298
S01003565,452,131,321
S01003566,394,43,351
S01003567,469,64,405
S01003568,355,66,289
S01003569,290,113,177
S01003570,319,83,236
S01003571,464,50,414
S01003572,559,98,461
S01003573,476,152,324
S01003574,549,65,484
S01003575,451,70,381
S01003576,424,43,381
S01003577,391,86,305
S01003578,94,18,76
S01003579,425,59,366
S01003580,587,78,509
S01003581,711,68,643
S01003582,416,99,317
S01003583,280,60,220
S01003584,338,8,330
S01003585,437,55,382
S01003586,499,104,395
S01003587,365,67,298
S01003588,294,30,264
S01003589,507,90,417
S01003590,383,14,369
S01003591,493,96,397
S01003592,713,58,655
S01003593,291,82,209
S01003594,449,82,367
S01003595,455,60,395
S01003596,611,101,510
S01003597,340,120,220
S01003598,305,108,197
S01003599,445,103,342
S01003600,507,118,389
S01003601,406,33,373
S01003602,268,79,189
S01003603,438,74,364
S01003604,432,38,394
S01003605,372,34,338
S01003606,416,124,292
S01003607,212,55,157
S01003608,269,71,198
S01003609,497,137,360
S01003610,512,38,474
S01003611,492,160,332
S01003612,476,168,308
S01003613,557,44,513
S01003614,272,74,198
S01003615,370,27,343
S01003616,294,5,289
S01003617,499,69,430
S01003618,376,111,265
S01003619,456,111,345
S01003620,502,69,433
S01003621,501,195,306
S01003622,408,145,263
S01003623,337,66,271
S01003624,652,106,546
S01003625,188,15,173
S01003626,329,67,262
S01003627,361,84,277
S01003628,274,58,216
S01003629,403,143,260
S01003630,411,124,287
S01003631,594,134,460
S01003632,417,79,338
S01003633,713,72,641
S01003634,394,98,296
S01003635,405,68,337
S01003636,520,156,364
S01003637,523,170,353
S01003638,394,64,330
S01003639,370,106,264
S01003640,487,103,384
S01003641,266,17,249
S01003642,383,121,262
S01003643,308,13,295
S01003644,468,108,360
S01003645,258,72,186
S01003646,437,21,416
S01003647,354,98,256
S01003648,431,51,380
S01003649,396,91,305
S01003650,402,67,335
S01003651,386,99,287
S01003652,375,67,308
S01003653,279,46,233
S01003654,404,66,338
S01003655,260,47,213
S01003656,398,57,341
S01003657,345,103,242
S01003658,360,81,279
S01003659,435,59,376
S01003660,336,11,325
S01003661,451,55,396
S01003662,340,84,256
S01003663,340,58,282
S01003664,276,71,205
S01003665,367,41,326
S01003666,299,43,256
S01003667,329,66,263
S01003668,364,102,262
S01003669,433,84,349
S01003670,475,103,372
S01003671,316,87,229
S01003672,356,49,307
S01003673,195,61,134
S01003674,407,97,310
S01003675,458,44,414
S01003676,674,66,608
S01003677,284,81,203
S01003678,289,74,215
S01003679,521,103,418
S01003680,278,64,214
S01003681,313,120,193
S01003682,410,65,345
S01003683,285,86,199
S01003684,354,100,254
S01003685,228,53,175
S01003686,443,80,363
S01003687,379,46,333
S01003688,443,112,331
S01003689,267,35,232
S01003690,604,169,435
S01003691,461,79,382
S01003692,512,142,370
S01003693,246,37,209
S01003694,396,99,297
S01003695,466,91,375
S01003696,526,132,394
S01003697,371,83,288
S01003698,432,128,304
S01003699,365,24,341
S01003700,483,127,356
S01003701,628,130,498
S01003702,338,29,309
S01003703,450,98,352
S01003704,321,63,258
S01003705,417,39,378
S01003706,308,32,276
S01003707,398,25,373
S01003708,439,29,410
S01003709,451,92,359
S01003710,579,95,484
S01003711,448,46,402
S01003712,430,81,349
S01003713,227,38,189
S01003714,252,13,239
S01003715,331,20,311
S01003716,255,58,197
S01003717,357,38,319
S01003718,285,14,271
S01003719,259,77,182
S01003720,449,117,332
S01003721,364,86,278
S01003722,455,118,337
S01003723,234,53,181
S01003724,339,71,268
S01003725,270,59,211
S01003726,293,45,248
S01003727,282,42,240
S01003728,244,55,189
S01003729,362,51,311
S01003730,258,34,224
S01003731,283,63,220
S01003732,410,107,303
S01003733,369,75,294
S01003734,287,63,224
S01003735,340,108,232
S01003736,350,79,271
S01003737,281,93,188
S01003738,300,70,230
S01003739,247,64,183
S01003740,265,55,210
S01003741,393,73,320
S01003742,283,65,218
S01003743,245,65,180
S01003744,278,65,213
S01003745,345,69,276
S01003746,380,81,299
S01003747,496,147,349
S01003748,272,95,177
S01003749,374,77,297
S01003750,305,73,232
S01003751,496,75,421
S01003752,392,90,302
S01003753,503,137,366
S01003754,397,104,293
S01003755,667,84,583
S01003756,388,97,291
S01003757,266,79,187
S01003758,430,106,324
S01003759,298,80,218
S01003760,362,71,291
S01003761,419,71,348
S01003762,453,93,360
S01003763,419,99,320
S01003764,370,92,278
S01003765,321,64,257
S01003766,344,105,239
S01003767,369,116,253
S01003768,273,72,201
S01003769,416,121,295
S01003770,337,71,266
S01003771,313,77,236
S01003772,255,59,196
S01003773,296,63,233
S01003774,329,71,258
S01003775,380,83,297
S01003776,288,57,231
S01003777,430,84,346
S01003778,1268,68,1200
S01003779,224,60,164
S01003780,379,51,328
S01003781,508,79,429
S01003782,261,36,225
S01003783,505,65,440
S01003784,642,110,532
S01003785,369,105,264
S01003786,387,123,264
S01003787,262,81,181
S01003788,302,116,186
S01003789,193,46,147
S01003790,242,32,210
S01003791,383,34,349
S01003792,962,84,878
S01003793,264,59,205
S01003794,318,108,210
S01003795,276,56,220
S01003796,306,38,268
S01003797,496,96,400
S01003798,346,85,261
S01003799,307,41,266
S01003800,315,80,235
S01003801,371,102,269
S01003802,316,56,260
S01003803,296,62,234
S01003804,299,35,264
S01003805,578,114,464
S01003806,341,99,242
S01003807,360,77,283
S01003808,386,51,335
S01003809,295,48,247
S01003810,368,129,239
S01003811,293,69,224
S01003812,486,157,329
S01003813,359,100,259
S01003814,333,109,224
S01003815,401,83,318
S01003816,440,88,352
S01003817,476,129,347
S01003818,351,101,250
S01003819,921,75,846
S01003820,472,115,357
S01003821,348,55,293
S01003822,244,40,204
S01003823,445,137,308
S01003824,411,46,365
S01003825,278,10,268
S01003826,357,64,293
S01003827,386,92,294
S01003828,453,79,374
S01003829,264,56,208
S01003830,354,53,301
S01003831,300,67,233
S01003832,432,74,358
S01003833,352,92,260
S01003834,306,61,245
S01003835,278,43,235
S01003836,305,32,273
S01003837,417,156,261
S01003838,203,22,181
S01003839,333,61,272
S01003840,306,50,256
S01003841,294,79,215
S01003842,310,71,239
S01003843,381,81,300
S01003844,325,64,261
S01003845,555,95,460
S01003846,378,134,244
S01003847,285,87,198
S01003848,287,52,235
S01003849,531,79,452
S01003850,243,25,218
S01003851,326,75,251
S01003852,280,94,186
S01003853,687,47,640
S01003854,307,91,216
S01003855,451,67,384
S01003856,336,42,294
S01003857,334,60,274
S01003858,222,29,193
S01003859,236,49,187
S01003860,346,47,299
S01003861,398,57,341
S01003862,287,16,271
S01003863,284,81,203
S01003864,415,127,288
S01003865,391,58,333
S01003866,398,71,327
S01003867,593,132,461
S01003868,287,61,226
S01003869,335,89,246
S01003870,429,91,338
S01003871,361,102,259
S01003872,375,80,295
S01003873,458,111,347
S01003874,295,46,249
S01003875,299,110,189
S01003876,269,51,218
S01003877,265,57,208
S01003878,467,101,366
S01003879,319,83,236
S01003880,394,121,273
S01003881,354,78,276
S01003882,269,66,203
S01003883,236,59,177
S01003884,316,63,253
S01003885,276,71,205
S01003886,211,39,172
S01003887,410,112,298
S01003888,633,96,537
S01003889,252,66,186
S01003890,291,95,196
S01003891,314,86,228
S01003892,278,86,192
S01003893,296,80,216
S01003894,450,85,365
S01003895,299,66,233
S01003896,301,93,208
S01003897,336,130,206
S01003898,351,144,207
S01003899,385,135,250
S01003900,396,105,291
S01003901,282,75,207
S01003902,402,96,306
S01003903,329,52,277
S01003904,444,94,350
S01003905,447,95,352
S01003906,340,97,243
S01003907,380,104,276
S01003908,322,61,261
S01003909,272,83,189
S01003910,269,38,231
S01003911,273,56,217
S01003912,393,64,329
S01003913,304,66,238
S01003914,423,102,321
S01003915,338,76,262
S01003916,343,69,274
S01003917,399,92,307
S01003918,394,82,312
S01003919,327,93,234
S01003920,308,79,229
S01003921,487,142,345
S01003922,362,49,313
S01003923,273,50,223
S01003924,260,52,208
S01003925,344,69,275
S01003926,246,35,211
S01003927,296,60,236
S01003928,334,46,288
S01003929,235,51,184
S01003930,388,69,319
S01003931,462,74,388
S01003932,364,102,262
S01003933,309,78,231
S01003934,441,89,352
S01003935,357,61,296
S01003936,417,102,315
S01003937,333,70,263
S01003938,250,36,214
S01003939,287,88,199
S01003940,434,57,377
S01003941,261,57,204
S01003942,332,62,270
S01003943,357,112,245
S01003944,298,82,216
S01003945,286,86,200
S01003946,379,111,268
S01003947,280,76,204
S01003948,325,74,251
S01003949,263,74,189
S01003950,279,80,199
S01003951,306,130,176
S01003952,222,58,164
S01003953,270,87,183
S01003954,305,97,208
S01003955,330,99,231
S01003956,307,56,251
S01003957,316,93,223
S01003958,359,123,236
S01003959,365,111,254
S01003960,385,81,304
S01003961,284,112,172
S01003962,347,105,242
S01003963,216,57,159
S01003964,217,63,154
S01003965,289,87,202
S01003966,471,144,327
S01003967,249,48,201
S01003968,445,158,287
S01003969,376,101,275
S01003970,307,78,229
S01003971,325,86,239
S01003972,336,70,266
S01003973,208,51,157
S01003974,414,111,303
S01003975,341,77,264
S01003976,355,85,270
S01003977,239,22,217
S01003978,270,69,201
S01003979,261,70,191
S01003980,266,42,224
S01003981,266,69,197
S01003982,350,67,283
S01003983,301,66,235
S01003984,293,67,226
S01003985,345,75,270
S01003986,275,70,205
S01003987,255,39,216
S01003988,249,81,168
S01003989,384,88,296
S01003990,238,65,173
S01003991,274,57,217
S01003992,445,131,314
S01003993,293,67,226
S01003994,292,61,231
S01003995,563,98,465
S01003996,275,59,216
S01003997,458,84,374
S01003998,263,64,199
S01003999,377,90,287
S01004000,354,113,241
S01004001,287,46,241
S01004002,530,166,364
S01004003,244,61,183
S01004004,360,78,282
S01004005,283,83,200
S01004006,230,45,185
S01004007,280,60,220
S01004008,282,76,206
S01004009,328,65,263
S01004010,369,105,264
S01004011,525,102,423
S01004012,315,65,250
S01004013,217,47,170
S01004014,293,122,171
S01004015,376,74,302
S01004016,221,31,190
S01004017,507,154,353
S01004018,278,27,251
S01004019,380,41,339
S01004020,374,111,263
S01004021,404,40,364
S01004022,415,102,313
S01004023,231,51,180
S01004024,368,40,328
S01004025,386,89,297
S01004026,260,59,201
S01004027,352,69,283
S01004028,311,55,256
S01004029,398,82,316
S01004030,271,44,227
S01004031,251,45,206
S01004032,170,20,150
S01004033,346,79,267
S01004034,271,27,244
S01004035,334,115,219
S01004036,257,41,216
S01004037,255,27,228
S01004038,281,53,228
S01004039,185,43,142
S01004040,293,44,249
S01004041,322,60,262
S01004042,333,55,278
S01004043,284,34,250
S01004044,392,132,260
S01004045,253,38,215
S01004046,360,120,240
S01004047,298,28,270
S01004048,488,73,415
S01004049,542,91,451
S01004050,205,33,172
S01004051,380,63,317
S01004052,271,29,242
S01004053,453,120,333
S01004054,358,70,288
S01004055,203,28,175
S01004056,306,62,244
S01004057,673,55,618
S01004058,384,49,335
S01004059,268,59,209
S01004060,217,36,181
S01004061,427,116,311
S01004062,336,42,294
S01004063,378,88,290
S01004064,285,103,182
S01004065,541,100,441
S01004066,223,53,170
S01004067,387,72,315
S01004068,408,92,316
S01004069,250,37,213
S01004070,312,51,261
S01004071,455,121,334
S01004072,512,169,343
S01004073,289,37,252
S01004074,373,54,319
S01004075,282,81,201
S01004076,279,54,225
S01004077,324,25,299
S01004078,437,83,354
S01004079,260,33,227
S01004080,458,140,318
S01004081,259,27,232
S01004082,426,110,316
S01004083,449,81,368
S01004084,576,186,390
S01004085,344,62,282
S01004086,507,217,290
S01004087,201,27,174
S01004088,221,36,185
S01004089,330,79,251
S01004090,149,27,122
S01004091,467,83,384
S01004092,393,64,329
S01004093,400,172,228
S01004094,280,103,177
S01004095,257,49,208
S01004096,270,84,186
S01004097,304,78,226
S01004098,259,66,193
S01004099,344,86,258
S01004100,296,32,264
S01004101,403,89,314
S01004102,307,51,256
S01004103,289,84,205
S01004104,290,72,218
S01004105,330,68,262
S01004106,408,112,296
S01004107,289,84,205
S01004108,317,80,237
S01004109,250,69,181
S01004110,407,136,271
S01004111,384,85,299
S01004112,306,91,215
S01004113,339,97,242
S01004114,407,150,257
S01004115,312,135,177
S01004116,285,91,194
S01004117,390,87,303
S01004118,613,211,402
S01004119,300,99,201
S01004120,345,139,206
S01004121,203,43,160
S01004122,357,53,304
S01004123,365,40,325
S01004124,424,80,344
S01004125,323,128,195
S01004126,404,129,275
S01004127,323,77,246
S01004128,268,84,184
S01004129,323,65,258
S01004130,199,29,170
S01004131,369,81,288
S01004132,242,49,193
S01004133,344,92,252
S01004134,268,77,191
S01004135,295,76,219
S01004136,244,35,209
S01004137,245,61,184
S01004138,307,45,262
S01004139,225,41,184
S01004140,222,39,183
S01004141,288,60,228
S01004142,199,21,178
S01004143,380,104,276
S01004144,553,84,469
S01004145,258,56,202
S01004146,333,48,285
S01004147,310,75,235
S01004148,344,56,288
S01004149,292,57,235
S01004150,206,28,178
S01004151,345,34,311
S01004152,285,51,234
S01004153,392,98,294
S01004154,282,92,190
S01004155,337,52,285
S01004156,409,61,348
S01004157,231,52,179
S01004158,290,72,218
S01004159,144,25,119
S01004160,285,50,235
S01004161,246,38,208
S01004162,739,42,697
S01004163,252,29,223
S01004164,366,91,275
S01004165,369,50,319
S01004166,297,51,246
S01004167,331,107,224
S01004168,264,47,217
S01004169,295,43,252
S01004170,320,86,234
S01004171,275,48,227
S01004172,347,89,258
S01004173,249,53,196
S01004174,312,87,225
S01004175,235,22,213
S01004176,252,43,209
S01004177,198,44,154
S01004178,246,66,180
S01004179,205,56,149
S01004180,308,37,271
S01004181,319,71,248
S01004182,418,91,327
S01004183,401,64,337
S01004184,353,82,271
S01004185,276,28,248
S01004186,354,97,257
S01004187,298,70,228
S01004188,302,45,257
S01004189,295,24,271
S01004190,321,64,257
S01004191,348,86,262
S01004192,428,73,355
S01004193,309,82,227
S01004194,330,86,244
S01004195,244,58,186
S01004196,276,54,222
S01004197,309,57,252
S01004198,211,41,170
S01004199,388,118,270
S01004200,290,43,247
S01004201,316,85,231
S01004202,216,59,157
S01004203,428,110,318
S01004204,300,118,182
S01004205,292,78,214
S01004206,236,52,184
S01004207,292,49,243
S01004208,349,75,274
S01004209,235,50,185
S01004210,264,83,181
S01004211,390,66,324
S01004212,663,83,580
S01004213,314,93,221
S01004214,290,108,182
S01004215,216,45,171
S01004216,344,63,281
S01004217,220,29,191
S01004218,375,117,258
S01004219,222,26,196
S01004220,412,151,261
S01004221,332,84,248
S01004222,335,67,268
S01004223,313,40,273
S01004224,280,57,223
S01004225,435,108,327
S01004226,337,72,265
S01004227,422,70,352
S01004228,345,56,289
S01004229,273,70,203
S01004230,280,70,210
S01004231,314,81,233
S01004232,249,43,206
S01004233,369,90,279
S01004234,396,89,307
S01004235,362,66,296
S01004236,440,136,304
S01004237,322,95,227
S01004238,228,42,186
S01004239,366,130,236
S01004240,323,70,253
S01004241,244,64,180
S01004242,355,81,274
S01004243,271,59,212
S01004244,295,68,227
S01004245,428,117,311
S01004246,248,40,208
S01004247,404,96,308
S01004248,472,139,333
S01004249,423,109,314
S01004250,480,134,346
S01004251,402,146,256
S01004252,251,47,204
S01004253,238,51,187
S01004254,279,67,212
S01004255,1072,86,986
S01004256,533,59,474
S01004257,260,46,214
S01004258,304,71,233
S01004259,282,42,240
S01004260,229,72,157
S01004261,352,64,288
S01004262,329,66,263
S01004263,356,82,274
S01004264,366,104,262
S01004265,393,78,315
S01004266,300,111,189
S01004267,233,88,145
S01004268,269,57,212
S01004269,397,117,280
S01004270,348,108,240
S01004271,348,123,225
S01004272,249,55,194
S01004273,284,83,201
S01004274,400,83,317
S01004275,262,62,200
S01004276,455,130,325
S01004277,296,54,242
S01004278,556,153,403
S01004279,358,44,314
S01004280,446,143,303
S01004281,289,62,227
S01004282,407,66,341
S01004283,314,40,274
S01004284,411,82,329
S01004285,175,2,173
S01004286,218,18,200
S01004287,273,86,187
S01004288,269,55,214
S01004289,216,43,173
S01004290,407,72,335
S01004291,389,102,287
S01004292,352,20,332
S01004293,422,134,288
S01004294,359,112,247
S01004295,360,101,259
S01004296,399,132,267
S01004297,339,88,251
S01004298,514,96,418
S01004299,313,81,232
S01004300,312,81,231
S01004301,330,79,251
S01004302,293,113,180
S01004303,247,47,200
S01004304,409,76,333
S01004305,302,63,239
S01004306,296,87,209
S01004307,265,28,237
S01004308,411,109,302
S01004309,327,61,266
S01004310,341,68,273
S01004311,497,72,425
S01004312,341,109,232
S01004313,507,78,429
S01004314,347,95,252
S01004315,184,41,143
S01004316,153,2,151
S01004317,466,133,333
S01004318,269,115,154
S01004319,383,94,289
S01004320,352,83,269
S01004321,337,88,249
S01004322,461,122,339
S01004323,315,100,215
S01004324,355,88,267
S01004325,488,115,373
S01004326,357,101,256
S01004327,286,67,219
S01004328,280,63,217
S01004329,231,69,162
S01004330,573,125,448
S01004331,284,107,177
S01004332,274,74,200
S01004333,251,68,183
S01004334,363,61,302
S01004335,238,66,172
S01004336,450,93,357
S01004337,337,85,252
S01004338,303,68,235
S01004339,398,115,283
S01004340,232,35,197
S01004341,230,36,194
S01004342,281,28,253
S01004343,254,31,223
S01004344,401,110,291
S01004345,470,89,381
S01004346,190,58,132
S01004347,374,97,277
S01004348,318,68,250
S01004349,339,106,233
S01004350,224,90,134
S01004351,259,103,156
S01004352,274,120,154
S01004353,402,146,256
S01004354,206,38,168
S01004355,226,45,181
S01004356,442,109,333
S01004357,307,58,249
S01004358,287,64,223
S01004359,241,50,191
S01004360,288,73,215
S01004361,356,73,283
S01004362,298,80,218
S01004363,500,97,403
S01004364,513,83,430
S01004365,286,23,263
S01004366,272,59,213
S01004367,318,36,282
S01004368,286,75,211
S01004369,290,38,252
S01004370,296,93,203
S01004371,302,33,269
S01004372,409,128,281
S01004373,301,72,229
S01004374,450,149,301
S01004375,241,40,201
S01004376,348,40,308
S01004377,397,81,316
S01004378,456,152,304
S01004379,409,79,330
S01004380,327,65,262
S01004381,342,51,291
S01004382,350,103,247
S01004383,361,98,263
S01004384,312,87,225
S01004385,356,69,287
S01004386,455,167,288
S01004387,449,92,357
S01004388,282,37,245
S01004389,267,71,196
S01004390,352,59,293
S01004391,235,57,178
S01004392,390,72,318
S01004393,425,86,339
S01004394,380,71,309
S01004395,260,53,207
S01004396,333,67,266
S01004397,345,43,302
S01004398,364,96,268
S01004399,240,40,200
S01004400,213,33,180
S01004401,401,50,351
S01004402,349,69,280
S01004403,210,36,174
S01004404,264,23,241
S01004405,326,62,264
S01004406,392,51,341
S01004407,308,51,257
S01004408,508,50,458
S01004409,219,86,133
S01004410,391,57,334
S01004411,284,71,213
S01004412,540,148,392
S01004413,427,108,319
S01004414,481,104,377
S01004415,349,70,279
S01004416,383,120,263
S01004417,418,56,362
S01004418,381,82,299
S01004419,357,91,266
S01004420,336,109,227
S01004421,545,134,411
S01004422,331,112,219
S01004423,383,107,276
S01004424,332,72,260
S01004425,229,58,171
S01004426,266,82,184
S01004427,380,80,300
S01004428,395,48,347
S01004429,310,56,254
S01004430,223,49,174
S01004431,409,61,348
S01004432,405,77,328
S01004433,383,101,282
S01004434,407,87,320
S01004435,439,90,349
S01004436,318,67,251
S01004437,339,45,294
S01004438,274,46,228
S01004439,259,33,226
S01004440,341,86,255
S01004441,514,96,418
S01004442,446,97,349
S01004443,277,28,249
S01004444,408,66,342
S01004445,317,50,267
S01004446,337,51,286
S01004447,297,45,252
S01004448,237,36,201
S01004449,402,81,321
S01004450,487,168,319
S01004451,391,78,313
S01004452,302,78,224
S01004453,359,54,305
S01004454,455,99,356
S01004455,357,109,248
S01004456,230,25,205
S01004457,385,71,314
S01004458,344,45,299
S01004459,280,87,193
S01004460,231,50,181
S01004461,243,39,204
S01004462,238,32,206
S01004463,317,61,256
S01004464,311,44,267
S01004465,308,70,238
S01004466,448,124,324
S01004467,392,40,352
S01004468,341,41,300
S01004469,230,25,205
S01004470,251,10,241
S01004471,718,61,657
S01004472,305,100,205
S01004473,493,169,324
S01004474,438,96,342
S01004475,197,43,154
S01004476,368,111,257
S01004477,487,106,381
S01004478,282,72,210
S01004479,309,72,237
S01004480,423,85,338
S01004481,342,43,299
S01004482,522,186,336
S01004483,282,44,238
S01004484,427,89,338
S01004485,227,42,185
S01004486,392,72,320
S01004487,547,144,403
S01004488,325,81,244
S01004489,367,34,333
S01004490,275,75,200
S01004491,357,56,301
S01004492,424,93,331
S01004493,433,128,305
S01004494,401,94,307
S01004495,353,70,283
S01004496,328,85,243
S01004497,434,94,340
S01004498,325,81,244
S01004499,274,54,220
S01004500,333,117,216
S01004501,346,63,283
S01004502,313,74,239
S01004503,400,156,244
S01004504,290,64,226
S01004505,219,44,175
S01004506,215,36,179
S01004507,341,107,234
S01004508,355,128,227
S01004509,409,78,331
S01004510,392,194,198
S01004511,520,245,275
S01004512,398,181,217
S01004513,303,126,177
S01004514,252,43,209
S01004515,521,191,330
S01004516,202,44,158
S01004517,472,126,346
S01004518,251,43,208
S01004519,374,54,320
S01004520,484,196,288
S01004521,324,109,215
S01004522,385,137,248
S01004523,386,193,193
S01004524,279,133,146
S01004525,438,162,276
S01004526,287,73,214
S01004527,266,67,199
S01004528,368,109,259
S01004529,354,98,256
S01004530,186,10,176
S01004531,449,84,365
S01004532,415,26,389
S01004533,282,42,240
S01004534,254,44,210
S01004535,387,87,300
S01004536,287,47,240
S01004537,342,77,265
S01004538,320,76,244
S01004539,302,72,230
S01004540,496,97,399
S01004541,400,98,302
S01004542,271,33,238
S01004543,380,87,293
S01004544,850,131,719
S01004545,409,95,314
S01004546,394,88,306
S01004547,475,94,381
S01004548,402,124,278
S01004549,836,117,719
S01004550,411,90,321
S01004551,605,116,489
S01004552,366,64,302
S01004553,208,26,182
S01004554,323,54,269
S01004555,287,72,215
S01004556,350,61,289
S01004557,185,30,155
S01004558,468,122,346
S01004559,492,210,282
S01004560,208,16,192
S01004561,441,89,352
S01004562,281,66,215
S01004563,362,141,221
S01004564,262,64,198
S01004565,342,53,289
S01004566,276,23,253
S01004567,326,113,213
S01004568,309,96,213
S01004569,328,32,296
S01004570,240,31,209
S01004571,298,86,212
S01004572,319,66,253
S01004573,261,87,174
S01004574,198,43,155
S01004575,357,86,271
S01004576,218,19,199
S01004577,302,72,230
S01004578,335,74,261
S01004579,391,144,247
S01004580,369,93,276
S01004581,613,137,476
S01004582,276,68,208
S01004583,481,158,323
S01004584,267,45,222
S01004585,264,60,204
S01004586,442,100,342
S01004587,680,115,565
S01004588,316,100,216
S01004589,380,100,280
S01004590,362,58,304
S01004591,253,52,201
S01004592,239,44,195
S01004593,380,38,342
S01004594,250,45,205
S01004595,467,129,338
S01004596,431,174,257
S01004597,221,28,193
S01004598,285,89,196
S01004599,356,38,318
S01004600,381,83,298
S01004601,424,125,299
S01004602,357,118,239
S01004603,489,123,366
S01004604,299,102,197
S01004605,371,73,298
S01004606,385,96,289
S01004607,279,65,214
S01004608,596,57,539
S01004609,235,60,175
S01004610,284,54,230
S01004611,491,114,377
S01004612,429,52,377
S01004613,598,39,559
S01004614,349,94,255
S01004615,515,113,402
S01004616,300,23,277
S01004617,264,27,237
S01004618,308,34,274
S01004619,262,49,213
S01004620,342,43,299
S01004621,377,67,310
S01004622,358,71,287
S01004623,473,91,382
S01004624,581,109,472
S01004625,334,52,282
S01004626,756,43,713
S01004627,280,29,251
S01004628,241,39,202
S01004629,358,23,335
S01004630,404,93,311
S01004631,354,70,284
S01004632,337,54,283
S01004633,263,67,196
S01004634,374,24,350
S01004635,358,54,304
S01004636,320,59,261
S01004637,225,52,173
S01004638,255,48,207
S01004639,302,90,212
S01004640,329,74,255
S01004641,247,41,206
S01004642,356,73,283
S01004643,205,39,166
S01004644,301,72,229
S01004645,482,66,416
S01004646,310,59,251
S01004647,469,92,377
S01004648,435,74,361
S01004649,274,27,247
S01004650,351,91,260
S01004651,382,49,333
S01004652,468,40,428
S01004653,293,71,222
S01004654,424,78,346
S01004655,441,73,368
S01004656,273,63,210
S01004657,306,50,256
S01004658,412,57,355
S01004659,237,74,163
S01004660,274,17,257
S01004661,340,38,302
S01004662,424,67,357
S01004663,219,41,178
S01004664,250,63,187
S01004665,325,60,265
S01004666,305,64,241
S01004667,322,38,284
S01004668,396,62,334
S01004669,417,107,310
S01004670,500,112,388
S01004671,370,66,304
S01004672,253,41,212
S01004673,369,44,325
S01004674,356,71,285
S01004675,321,55,266
S01004676,341,63,278
S01004677,431,97,334
S01004678,348,46,302
S01004679,244,74,170
S01004680,467,112,355
S01004681,317,36,281
S01004682,291,68,223
S01004683,269,35,234
S01004684,601,125,476
S01004685,251,48,203
S01004686,312,69,243
S01004687,431,84,347
S01004688,259,42,217
S01004689,422,75,347
S01004690,252,21,231
S01004691,277,58,219
S01004692,295,62,233
S01004693,290,77,213
S01004694,252,58,194
S01004695,236,7,229
S01004696,382,46,336
S01004697,318,61,257
S01004698,216,8,208
S01004699,325,37,288
S01004700,331,98,233
S01004701,309,14,295
S01004702,227,49,178
S01004703,355,30,325
S01004704,266,54,212
S01004705,351,56,295
S01004706,553,12,541
S01004707,374,63,311
S01004708,277,58,219
S01004709,269,39,230
S01004710,375,84,291
S01004711,374,35,339
S01004712,224,49,175
S01004713,296,44,252
S01004714,351,88,263
S01004715,659,80,579
S01004716,376,114,262
S01004717,365,49,316
S01004718,396,88,308
S01004719,410,82,328
S01004720,372,74,298
S01004721,231,21,210
S01004722,293,71,222
S01004723,259,45,214
S01004724,454,132,322
S01004725,257,22,235
S01004726,242,29,213
S01004727,443,146,297
S01004728,360,20,340
S01004729,246,33,213
S01004730,557,66,491
S01004731,320,55,265
S01004732,258,34,224
S01004733,329,73,256
S01004734,251,40,211
S01004735,414,88,326
S01004736,318,58,260
S01004737,303,45,258
S01004738,389,93,296
S01004739,271,61,210
S01004740,339,74,265
S01004741,276,58,218
S01004742,525,85,440
S01004743,330,36,294
S01004744,236,31,205
S01004745,374,68,306
S01004746,302,52,250
S01004747,262,57,205
S01004748,294,55,239
S01004749,474,87,387
S01004750,287,47,240
S01004751,392,39,353
S01004752,338,27,311
S01004753,343,50,293
S01004754,293,49,244
S01004755,327,80,247
S01004756,257,87,170
S01004757,355,36,319
S01004758,372,98,274
S01004759,227,20,207
S01004760,283,51,232
S01004761,244,57,187
S01004762,288,77,211
S01004763,316,24,292
S01004764,321,74,247
S01004765,615,156,459
S01004766,519,71,448
S01004767,259,40,219
S01004768,341,44,297
S01004769,240,39,201
S01004770,343,71,272
S01004771,398,151,247
S01004772,310,89,221
S01004773,315,45,270
S01004774,355,91,264
S01004775,544,65,479
S01004776,308,64,244
S01004777,260,13,247
S01004778,299,48,251
S01004779,362,88,274
S01004780,255,55,200
S01004781,446,113,333
S01004782,488,106,382
S01004783,380,83,297
S01004784,332,45,287
S01004785,240,42,198
S01004786,260,78,182
S01004787,489,93,396
S01004788,247,43,204
S01004789,521,133,388
S01004790,269,40,229
S01004791,268,35,233
S01004792,301,43,258
S01004793,311,44,267
S01004794,325,62,263
S01004795,340,63,277
S01004796,339,106,233
S01004797,326,83,243
S01004798,471,108,363
S01004799,239,46,193
S01004800,275,44,231
S01004801,336,75,261
S01004802,380,101,279
S01004803,428,95,333
S01004804,454,124,330
S01004805,287,30,257
S01004806,285,80,205
S01004807,281,39,242
S01004808,353,65,288
S01004809,221,63,158
S01004810,236,36,200
S01004811,325,86,239
S01004812,348,38,310
S01004813,347,90,257
S01004814,366,80,286
S01004815,615,25,590
S01004816,302,57,245
S01004817,333,74,259
S01004818,353,89,264
S01004819,202,20,182
S01004820,408,74,334
S01004821,686,82,604
S01004822,287,60,227
S01004823,387,76,311
S01004824,317,59,258
S01004825,268,40,228
S01004826,428,34,394
S01004827,284,57,227
S01004828,483,85,398
S01004829,311,65,246
S01004830,331,88,243
S01004831,344,60,284
S01004832,567,74,493
S01004833,315,68,247
S01004834,354,95,259
S01004835,307,38,269
S01004836,294,59,235
S01004837,364,49,315
S01004838,741,106,635
S01004839,386,79,307
S01004840,320,48,272
S01004841,352,83,269
S01004842,518,32,486
S01004843,278,49,229
S01004844,398,108,290
S01004845,375,89,286
S01004846,415,44,371
S01004847,405,97,308
S01004848,283,68,215
S01004849,294,53,241
S01004850,553,90,463
S01004851,257,34,223
S01004852,321,69,252
S01004853,335,91,244
S01004854,437,73,364
S01004855,297,59,238
S01004856,602,69,533
S01004857,332,64,268
S01004858,389,99,290
S01004859,351,30,321
S01004860,483,13,470
S01004861,294,66,228
S01004862,224,12,212
S01004863,431,114,317
S01004864,213,37,176
S01004865,305,65,240
S01004866,352,89,263
S01004867,288,75,213
S01004868,302,61,241
S01004869,299,50,249
S01004870,352,86,266
S01004871,317,50,267
S01004872,360,96,264
S01004873,335,92,243
S01004874,495,62,433
S01004875,294,66,228
S01004876,393,60,333
S01004877,305,68,237
S01004878,379,94,285
S01004879,296,54,242
S01004880,327,57,270
S01004881,333,76,257
S01004882,226,52,174
S01004883,695,17,678
S01004884,208,13,195
S01004885,215,43,172
S01004886,375,54,321
S01004887,136,17,119
S01004888,219,15,204
S01004889,349,62,287
S01004890,370,18,352
S01004891,413,60,353
S01004892,271,54,217
S01004893,398,182,216
S01004894,462,135,327
S01004895,398,99,299
S01004896,389,109,280
S01004897,213,30,183
S01004898,456,56,400
S01004899,339,99,240
S01004900,315,36,279
S01004901,391,37,354
S01004902,371,93,278
S01004903,214,36,178
S01004904,500,119,381
S01004905,430,63,367
S01004906,406,63,343
S01004907,324,77,247
S01004908,252,37,215
S01004909,366,87,279
S01004910,340,83,257
S01004911,296,16,280
S01004912,327,76,251
S01004913,287,76,211
S01004914,261,45,216
S01004915,314,43,271
S01004916,332,65,267
S01004917,200,12,188
S01004918,264,33,231
S01004919,272,25,247
S01004920,411,85,326
S01004921,322,48,274
S01004922,238,23,215
S01004923,354,27,327
S01004924,350,75,275
S01004925,271,77,194
S01004926,312,60,252
S01004927,340,34,306
S01004928,476,31,445
S01004929,249,37,212
S01004930,317,54,263
S01004931,468,92,376
S01004932,354,70,284
S01004933,350,45,305
S01004934,347,76,271
S01004935,199,47,152
S01004936,515,205,310
S01004937,269,42,227
S01004938,361,104,257
S01004939,242,48,194
S01004940,219,57,162
S01004941,253,30,223
S01004942,357,73,284
S01004943,422,74,348
S01004944,211,51,160
S01004945,327,90,237
S01004946,297,77,220
S01004947,306,61,245
S01004948,279,74,205
S01004949,302,61,241
S01004950,313,56,257
S01004951,379,86,293
S01004952,486,116,370
S01004953,438,103,335
S01004954,316,53,263
S01004955,290,66,224
S01004956,362,104,258
S01004957,294,64,230
S01004958,542,131,411
S01004959,410,98,312
S01004960,275,68,207
S01004961,320,67,253
S01004962,257,55,202
S01004963,287,78,209
S01004964,444,100,344
S01004965,413,87,326
S01004966,436,107,329
S01004967,275,63,212
S01004968,279,73,206
S01004969,425,136,289
S01004970,405,124,281
S01004971,511,152,359
S01004972,384,86,298
S01004973,360,82,278
S01004974,458,79,379
S01004975,332,80,252
S01004976,415,113,302
S01004977,462,138,324
S01004978,406,73,333
S01004979,327,85,242
S01004980,444,123,321
S01004981,415,92,323
S01004982,255,56,199
S01004983,426,111,315
S01004984,341,87,254
S01004985,352,66,286
S01004986,295,85,210
S01004987,204,43,161
S01004988,218,44,174
S01004989,314,75,239
S01004990,241,55,186
S01004991,279,68,211
S01004992,364,101,263
S01004993,309,127,182
S01004994,356,131,225
S01004995,460,143,317
S01004996,304,57,247
S01004997,398,78,320
S01004998,510,90,420
S01004999,368,80,288
S01005000,262,77,185
S01005001,439,101,338
S01005002,461,184,277
S01005003,438,73,365
S01005004,354,68,286
S01005005,450,167,283
S01005006,314,96,218
S01005007,446,204,242
S01005008,379,89,290
S01005009,392,80,312
S01005010,315,67,248
S01005011,371,96,275
S01005012,482,123,359
S01005013,341,96,245
S01005014,369,65,304
S01005015,291,102,189
S01005016,416,111,305
S01005017,315,96,219
S01005018,230,51,179
S01005019,378,93,285
S01005020,328,110,218
S01005021,425,160,265
S01005022,300,61,239
S01005023,325,71,254
S01005024,430,147,283
S01005025,301,87,214
S01005026,282,83,199
S01005027,339,46,293
S01005028,397,95,302
S01005029,503,58,445
S01005030,436,130,306
S01005031,400,99,301
S01005032,421,129,292
S01005033,293,75,218
S01005034,352,114,238
S01005035,453,114,339
S01005036,305,109,196
S01005037,712,86,626
S01005038,324,99,225
S01005039,465,162,303
S01005040,715,142,573
S01005041,441,32,409
S01005042,352,126,226
S01005043,377,134,243
S01005044,500,108,392
S01005045,392,77,315
S01005046,537,99,438
S01005047,981,217,764
S01005048,219,73,146
S01005049,459,79,380
S01005050,464,81,383
S01005051,378,97,281
S01005052,365,65,300
S01005053,360,45,315
S01005054,232,45,187
S01005055,337,68,269
S01005056,380,58,322
S01005057,365,63,302
S01005058,390,50,340
S01005059,232,52,180
S01005060,327,69,258
S01005061,527,193,334
S01005062,214,82,132
S01005063,196,20,176
S01005064,325,99,226
S01005065,644,68,576
S01005066,368,46,322
S01005067,206,44,162
S01005068,285,73,212
S01005069,285,62,223
S01005070,520,120,400
S01005071,78,15,63
S01005072,291,62,229
S01005073,285,80,205
S01005074,495,106,389
S01005075,172,14,158
S01005076,356,57,299
S01005077,404,13,391
S01005078,319,90,229
S01005079,294,64,230
S01005080,206,47,159
S01005081,298,52,246
S01005082,285,53,232
S01005083,467,149,318
S01005084,285,53,232
S01005085,241,58,183
S01005086,647,60,587
S01005087,230,75,155
S01005088,243,87,156
S01005089,348,145,203
S01005090,391,138,253
S01005091,307,133,174
S01005092,322,114,208
S01005093,338,69,269
S01005094,325,47,278
S01005095,681,174,507
S01005096,311,54,257
S01005097,351,96,255
S01005098,333,113,220
S01005099,381,148,233
S01005100,360,70,290
S01005101,478,102,376
S01005102,365,88,277
S01005103,420,84,336
S01005104,280,54,226
S01005105,422,91,331
S01005106,254,72,182
S01005107,198,48,150
S01005108,296,79,217
S01005109,583,118,465
S01005110,512,126,386
S01005111,243,67,176
S01005112,374,94,280
S01005113,480,122,358
S01005114,432,79,353
S01005115,421,105,316
S01005116,291,67,224
S01005117,397,102,295
S01005118,374,130,244
S01005119,305,127,178
S01005120,297,105,192
S01005121,388,92,296
S01005122,379,116,263
S01005123,364,150,214
S01005124,298,82,216
S01005125,460,150,310
S01005126,272,71,201
S01005127,315,90,225
S01005128,472,164,308
S01005129,403,99,304
S01005130,320,65,255
S01005131,420,133,287
S01005132,293,85,208
S01005133,182,41,141
S01005134,482,171,311
S01005135,353,101,252
S01005136,402,107,295
S01005137,414,90,324
S01005138,508,132,376
S01005139,300,75,225
S01005140,272,64,208
S01005141,399,120,279
S01005142,278,107,171
S01005143,537,177,360
S01005144,524,175,349
S01005145,351,126,225
S01005146,309,71,238
S01005147,396,92,304
S01005148,371,65,306
S01005149,288,87,201
S01005150,289,40,249
S01005151,298,64,234
S01005152,507,57,450
S01005153,363,55,308
S01005154,272,62,210
S01005155,288,65,223
S01005156,279,62,217
S01005157,388,97,291
S01005158,301,76,225
S01005159,408,113,295
S01005160,493,132,361
S01005161,370,35,335
S01005162,448,93,355
S01005163,277,55,222
S01005164,382,84,298
S01005165,364,110,254
S01005166,438,92,346
S01005167,319,34,285
S01005168,286,29,257
S01005169,238,59,179
S01005170,311,81,230
S01005171,348,80,268
S01005172,515,38,477
S01005173,255,36,219
S01005174,339,85,254
S01005175,357,92,265
S01005176,367,64,303
S01005177,443,44,399
S01005178,413,98,315
S01005179,425,58,367
S01005180,357,63,294
S01005181,345,46,299
S01005182,387,58,329
S01005183,461,103,358
S01005184,366,36,330
S01005185,257,77,180
S01005186,423,172,251
S01005187,511,168,343
S01005188,356,84,272
S01005189,463,135,328
S01005190,371,97,274
S01005191,380,44,336
S01005192,492,107,385
S01005193,317,81,236
S01005194,283,88,195
S01005195,349,73,276
S01005196,352,32,320
S01005197,458,140,318
S01005198,385,101,284
S01005199,318,73,245
S01005200,244,56,188
S01005201,448,118,330
S01005202,412,100,312
S01005203,354,110,244
S01005204,214,45,169
S01005205,497,86,411
S01005206,410,103,307
S01005207,474,149,325
S01005208,309,62,247
S01005209,469,137,332
S01005210,632,291,341
S01005211,376,105,271
S01005212,295,72,223
S01005213,431,103,328
S01005214,560,69,491
S01005215,477,157,320
S01005216,363,40,323
S01005217,367,30,337
S01005218,548,180,368
S01005219,404,93,311
S01005220,347,68,279
S01005221,279,56,223
S01005222,256,46,210
S01005223,382,110,272
S01005224,269,17,252
S01005225,440,92,348
S01005226,212,34,178
S01005227,583,102,481
S01005228,360,97,263
S01005229,687,90,597
S01005230,386,88,298
S01005231,343,54,289
S01005232,687,214,473
S01005233,402,111,291
S01005234,682,51,631
S01005235,320,30,290
S01005236,527,76,451
S01005237,422,149,273
S01005238,373,106,267
S01005239,610,93,517
S01005240,539,88,451
S01005241,395,125,270
S01005242,722,135,587
S01005243,692,110,582
S01005244,353,104,249
S01005245,426,50,376
S01005246,570,85,485
S01005247,261,19,242
S01005248,428,121,307
S01005249,552,46,506
S01005250,516,30,486
S01005251,382,25,357
S01005252,242,29,213
S01005253,235,12,223
S01005254,421,32,389
S01005255,449,104,345
S01005256,335,53,282
S01005257,460,114,346
S01005258,412,110,302
S01005259,253,39,214
S01005260,367,96,271
S01005261,276,16,260
S01005262,606,197,409
S01005263,250,22,228
S01005264,332,115,217
S01005265,292,37,255
S01005266,415,127,288
S01005267,459,100,359
S01005268,842,108,734
S01005269,462,139,323
S01005270,449,146,303
S01005271,205,48,157
S01005272,268,46,222
S01005273,287,57,230
S01005274,448,123,325
S01005275,357,53,304
S01005276,360,118,242
S01005277,260,44,216
S01005278,402,106,296
S01005279,213,57,156
S01005280,407,84,323
S01005281,333,65,268
S01005282,364,61,303
S01005283,307,77,230
S01005284,372,86,286
S01005285,252,40,212
S01005286,319,86,233
S01005287,459,57,402
S01005288,359,92,267
S01005289,487,87,400
S01005290,309,74,235
S01005291,323,45,278
S01005292,362,54,308
S01005293,397,118,279
S01005294,232,47,185
S01005295,274,56,218
S01005296,289,40,249
S01005297,289,112,177
S01005298,393,52,341
S01005299,229,65,164
S01005300,392,74,318
S01005301,318,54,264
S01005302,470,108,362
S01005303,391,119,272
S01005304,293,71,222
S01005305,360,92,268
S01005306,324,17,307
S01005307,341,59,282
S01005308,240,33,207
S01005309,429,109,320
S01005310,543,187,356
S01005311,385,58,327
S01005312,487,52,435
S01005313,367,49,318
S01005314,192,63,129
S01005315,354,29,325
S01005316,379,111,268
S01005317,212,37,175
S01005318,273,98,175
S01005319,242,43,199
S01005320,278,65,213
S01005321,301,106,195
S01005322,797,59,738
S01005323,384,122,262
S01005324,425,84,341
S01005325,1096,100,996
S01005326,452,58,394
S01005327,292,31,261
S01005328,506,38,468
S01005329,249,37,212
S01005330,344,106,238
S01005331,382,95,287
S01005332,252,78,174
S01005333,316,72,244
S01005334,455,68,387
S01005335,187,43,144
S01005336,239,51,188
S01005337,322,47,275
S01005338,175,7,168
S01005339,318,63,255
S01005340,211,20,191
S01005341,278,59,219
S01005342,309,66,243
S01005343,340,56,284
S01005344,311,78,233
S01005345,262,41,221
S01005346,270,22,248
S01005347,273,31,242
S01005348,403,78,325
S01005349,317,43,274
S01005350,282,53,229
S01005351,459,79,380
S01005352,401,108,293
S01005353,457,104,353
S01005354,329,63,266
S01005355,318,73,245
S01005356,282,89,193
S01005357,385,145,240
S01005358,367,94,273
S01005359,336,66,270
S01005360,304,68,236
S01005361,375,80,295
S01005362,385,149,236
S01005363,293,61,232
S01005364,399,85,314
S01005365,341,66,275
S01005366,301,84,217
S01005367,454,168,286
S01005368,331,75,256
S01005369,583,146,437
S01005370,397,117,280
S01005371,451,121,330
S01005372,513,165,348
S01005373,406,150,256
S01005374,512,139,373
S01005375,445,132,313
S01005376,479,118,361
S01005377,407,111,296
S01005378,324,49,275
S01005379,402,92,310
S01005380,297,61,236
S01005381,275,51,224
S01005382,306,36,270
S01005383,250,53,197
S01005384,396,90,306
S01005385,427,85,342
S01005386,320,100,220
S01005387,402,112,290
S01005388,337,104,233
S01005389,453,136,317
S01005390,373,90,283
S01005391,350,98,252
S01005392,381,111,270
S01005393,403,112,291
S01005394,365,68,297
S01005395,411,80,331
S01005396,324,81,243
S01005397,293,125,168
S01005398,437,116,321
S01005399,517,202,315
S01005400,472,80,392
S01005401,424,142,282
S01005402,506,104,402
S01005403,423,79,344
S01005404,445,110,335
S01005405,268,86,182
S01005406,269,105,164
S01005407,625,158,467
S01005408,296,52,244
S01005409,321,85,236
S01005410,450,102,348
S01005411,456,135,321
S01005412,462,143,319
S01005413,551,170,381
S01005414,465,159,306
S01005415,492,205,287
S01005416,515,176,339
S01005417,492,71,421
S01005418,538,167,371
S01005419,344,112,232
S01005420,316,112,204
S01005421,371,56,315
S01005422,398,167,231
S01005423,414,84,330
S01005424,369,73,296
S01005425,479,87,392
S01005426,377,80,297
S01005427,436,126,310
S01005428,493,81,412
S01005429,401,102,299
S01005430,266,82,184
S01005431,305,65,240
S01005432,371,94,277
S01005433,449,67,382
S01005434,450,64,386
S01005435,536,178,358
S01005436,463,90,373
S01005437,432,65,367
S01005438,340,84,256
S01005439,366,74,292
S01005440,536,101,435
S01005441,482,74,408
S01005442,764,131,633
S01005443,540,134,406
S01005444,543,114,429
S01005445,461,145,316
S01005446,348,81,267
S01005447,388,100,288
S01005448,355,78,277
S01005449,402,84,318
S01005450,611,237,374
S01005451,415,150,265
S01005452,379,139,240
S01005453,366,117,249
S01005454,475,179,296
S01005455,508,153,355
S01005456,399,102,297
S01005457,457,120,337
S01005458,333,74,259
S01005459,383,71,312
S01005460,367,75,292
S01005461,329,59,270
S01005462,480,136,344
S01005463,260,57,203
S01005464,294,82,212
S01005465,277,60,217
S01005466,466,69,397
S01005467,233,74,159
S01005468,385,87,298
S01005469,419,115,304
S01005470,335,113,222
S01005471,301,51,250
S01005472,557,66,491
S01005473,433,107,326
S01005474,457,191,266
S01005475,382,64,318
S01005476,347,60,287
S01005477,364,90,274
S01005478,386,96,290
S01005479,269,88,181
S01005480,576,148,428
S01005481,276,75,201
S01005482,297,64,233
S01005483,400,89,311
S01005484,245,75,170
S01005485,365,93,272
S01005486,428,131,297
S01005487,400,135,265
S01005488,329,51,278
S01005489,428,86,342
S01005490,312,112,200
S01005491,370,80,290
S01005492,407,96,311
S01005493,306,62,244
S01005494,339,46,293
S01005495,307,49,258
S01005496,437,75,362
S01005497,338,51,287
S01005498,448,87,361
S01005499,276,40,236
S01005500,306,53,253
S01005501,447,70,377
S01005502,418,128,290
S01005503,279,79,200
S01005504,312,78,234
S01005505,287,70,217
S01005506,432,93,339
S01005507,274,43,231
S01005508,359,60,299
S01005509,258,23,235
S01005510,274,41,233
S01005511,250,51,199
S01005512,311,74,237
S01005513,335,71,264
S01005514,260,58,202
S01005515,203,50,153
S01005516,216,65,151
S01005517,410,54,356
S01005518,420,59,361
S01005519,281,58,223
S01005520,419,121,298
S01005521,341,104,237
S01005522,299,99,200
S01005523,343,91,252
S01005524,313,86,227
S01005525,286,74,212
S01005526,300,65,235
S01005527,237,53,184
S01005528,286,94,192
S01005529,414,100,314
S01005530,307,85,222
S01005531,277,83,194
S01005532,392,143,249
S01005533,352,132,220
S01005534,305,98,207
S01005535,362,87,275
S01005536,387,88,299
S01005537,325,91,234
S01005538,346,86,260
S01005539,402,100,302
S01005540,345,70,275
S01005541,311,63,248
S01005542,336,87,249
S01005543,355,87,268
S01005544,334,75,259
S01005545,481,87,394
S01005546,313,68,245
S01005547,423,80,343
S01005548,475,112,363
S01005549,613,109,504
S01005550,246,79,167
S01005551,380,133,247
S01005552,300,95,205
S01005553,330,113,217
S01005554,301,126,175
S01005555,322,89,233
S01005556,301,122,179
S01005557,286,44,242
S01005558,317,131,186
S01005559,255,19,236
S01005560,256,41,215
S01005561,354,88,266
S01005562,397,175,222
S01005563,386,105,281
S01005564,352,126,226
S01005565,242,91,151
S01005566,252,64,188
S01005567,492,149,343
S01005568,250,66,184
S01005569,271,53,218
S01005570,316,82,234
S01005571,261,47,214
S01005572,333,107,226
S01005573,307,80,227
S01005574,368,94,274
S01005575,283,62,221
S01005576,349,99,250
S01005577,384,109,275
S01005578,422,116,306
S01005579,368,66,302
S01005580,268,127,141
S01005581,371,134,237
S01005582,366,100,266
S01005583,300,109,191
S01005584,218,51,167
S01005585,570,145,425
S01005586,439,204,235
S01005587,425,113,312
S01005588,409,194,215
S01005589,758,126,632
S01005590,490,104,386
S01005591,454,100,354
S01005592,245,30,215
S01005593,314,79,235
S01005594,606,127,479
S01005595,343,56,287
S01005596,231,55,176
S01005597,515,123,392
S01005598,553,62,491
S01005599,282,52,230
S01005600,360,39,321
S01005601,315,79,236
S01005602,308,76,232
S01005603,277,30,247
S01005604,217,36,181
S01005605,483,137,346
S01005606,306,58,248
S01005607,316,66,250
S01005608,381,79,302
S01005609,410,85,325
S01005610,256,78,178
S01005611,304,47,257
S01005612,335,26,309
S01005613,399,96,303
S01005614,312,67,245
S01005615,482,117,365
S01005616,301,86,215
S01005617,334,80,254
S01005618,319,107,212
S01005619,234,39,195
S01005620,241,78,163
S01005621,286,49,237
S01005622,400,152,248
S01005623,342,86,256
S01005624,360,106,254
S01005625,385,120,265
S01005626,337,59,278
S01005627,285,90,195
S01005628,476,103,373
S01005629,334,121,213
S01005630,279,100,179
S01005631,315,82,233
S01005632,270,76,194
S01005633,349,103,246
S01005634,341,86,255
S01005635,345,118,227
S01005636,406,169,237
S01005637,454,108,346
S01005638,496,171,325
S01005639,299,68,231
S01005640,294,59,235
S01005641,442,78,364
S01005642,315,112,203
S01005643,281,101,180
S01005644,271,104,167
S01005645,373,134,239
S01005646,445,127,318
S01005647,379,155,224
S01005648,380,113,267
S01005649,557,130,427
S01005650,251,52,199
S01005651,434,103,331
S01005652,276,48,228
S01005653,345,82,263
S01005654,365,112,253
S01005655,465,130,335
S01005656,457,160,297
S01005657,264,103,161
S01005658,319,73,246
S01005659,352,81,271
S01005660,279,48,231
S01005661,276,34,242
S01005662,221,57,164
S01005663,249,69,180
S01005664,211,33,178
S01005665,190,44,146
S01005666,555,121,434
S01005667,312,95,217
S01005668,322,65,257
S01005669,221,40,181
S01005670,338,69,269
S01005671,224,45,179
S01005672,365,78,287
S01005673,289,67,222
S01005674,406,122,284
S01005675,439,92,347
S01005676,360,97,263
S01005677,325,49,276
S01005678,359,88,271
S01005679,484,176,308
S01005680,306,53,253
S01005681,463,179,284
S01005682,370,103,267
S01005683,380,83,297
S01005684,500,111,389
S01005685,272,47,225
S01005686,368,101,267
S01005687,304,53,251
S01005688,405,72,333
S01005689,197,38,159
S01005690,336,73,263
S01005691,283,59,224
S01005692,287,41,246
S01005693,588,106,482
S01005694,229,48,181
S01005695,241,45,196
S01005696,267,58,209
S01005697,327,84,243
S01005698,266,54,212
S01005699,508,197,311
S01005700,219,34,185
S01005701,366,46,320
S01005702,339,87,252
S01005703,230,50,180
S01005704,320,63,257
S01005705,365,61,304
S01005706,325,99,226
S01005707,295,86,209
S01005708,334,81,253
S01005709,334,55,279
S01005710,201,38,163
S01005711,434,106,328
S01005712,263,53,210
S01005713,277,95,182
S01005714,521,110,411
S01005715,341,83,258
S01005716,235,101,134
S01005717,216,46,170
S01005718,449,133,316
S01005719,185,41,144
S01005720,296,69,227
S01005721,331,64,267
S01005722,202,39,163
S01005723,334,91,243
S01005724,223,33,190
S01005725,331,85,246
S01005726,430,78,352
S01005727,519,54,465
S01005728,307,43,264
S01005729,256,53,203
S01005730,326,61,265
S01005731,372,99,273
S01005732,404,94,310
S01005733,298,53,245
S01005734,306,81,225
S01005735,268,32,236
S01005736,315,108,207
S01005737,326,32,294
S01005738,363,38,325
S01005739,313,43,270
S01005740,325,50,275
S01005741,429,91,338
S01005742,384,87,297
S01005743,400,30,370
S01005744,388,81,307
S01005745,454,91,363
S01005746,320,69,251
S01005747,352,75,277
S01005748,329,68,261
S01005749,339,78,261
S01005750,294,68,226
S01005751,312,55,257
S01005752,284,40,244
S01005753,287,47,240
S01005754,455,99,356
S01005755,346,76,270
S01005756,383,86,297
S01005757,240,37,203
S01005758,358,88,270
S01005759,361,59,302
S01005760,249,44,205
S01005761,302,65,237
S01005762,337,86,251
S01005763,933,106,827
S01005764,279,67,212
S01005765,425,60,365
S01005766,330,87,243
S01005767,308,41,267
S01005768,401,102,299
S01005769,347,69,278
S01005770,329,99,230
S01005771,296,74,222
S01005772,295,86,209
S01005773,357,56,301
S01005774,275,59,216
S01005775,370,106,264
S01005776,301,73,228
S01005777,240,73,167
S01005778,337,78,259
S01005779,326,57,269
S01005780,475,30,445
S01005781,462,114,348
S01005782,405,109,296
S01005783,209,25,184
S01005784,229,11,218
S01005785,293,40,253
S01005786,236,52,184
S01005787,262,31,231
S01005788,272,77,195
S01005789,331,47,284
S01005790,183,23,160
S01005791,212,49,163
S01005792,299,24,275
S01005793,206,28,178
S01005794,424,109,315
S01005795,271,22,249
S01005796,432,61,371
S01005797,366,34,332
S01005798,266,78,188
S01005799,306,83,223
S01005800,288,60,228
S01005801,246,28,218
S01005802,327,47,280
S01005803,329,66,263
S01005804,1372,71,1301
S01005805,205,14,191
S01005806,347,61,286
S01005807,334,45,289
S01005808,287,35,252
S01005809,224,18,206
S01005810,210,59,151
S01005811,229,56,173
S01005812,228,15,213
S01005813,335,95,240
S01005814,329,56,273
S01005815,446,120,326
S01005816,414,68,346
S01005817,200,27,173
S01005818,257,18,239
S01005819,297,56,241
S01005820,311,52,259
S01005821,220,54,166
S01005822,383,77,306
S01005823,229,35,194
S01005824,249,31,218
S01005825,322,90,232
S01005826,322,47,275
S01005827,292,38,254
S01005828,347,47,300
S01005829,326,92,234
S01005830,482,141,341
S01005831,475,107,368
S01005832,332,65,267
S01005833,284,53,231
S01005834,303,103,200
S01005835,282,45,237
S01005836,236,47,189
S01005837,173,21,152
S01005838,284,56,228
S01005839,330,87,243
S01005840,351,85,266
S01005841,279,59,220
S01005842,253,78,175
S01005843,256,45,211
S01005844,306,62,244
S01005845,194,44,150
S01005846,502,125,377
S01005847,380,120,260
S01005848,266,37,229
S01005849,345,99,246
S01005850,371,95,276
S01005851,376,101,275
S01005852,243,45,198
S01005853,458,154,304
S01005854,335,71,264
S01005855,435,86,349
S01005856,356,114,242
S01005857,356,91,265
S01005858,292,42,250
S01005859,333,67,266
S01005860,394,80,314
S01005861,273,11,262
S01005862,339,65,274
S01005863,660,132,528
S01005864,463,157,306
S01005865,385,123,262
S01005866,353,107,246
S01005867,376,42,334
S01005868,270,65,205
S01005869,294,52,242
S01005870,360,100,260
S01005871,331,101,230
S01005872,340,119,221
S01005873,409,105,304
S01005874,339,34,305
S01005875,329,37,292
S01005876,335,109,226
S01005877,363,103,260
S01005878,272,31,241
S01005879,288,86,202
S01005880,413,77,336
S01005881,364,73,291
S01005882,541,77,464
S01005883,229,93,136
S01005884,329,116,213
S01005885,237,58,179
S01005886,276,62,214
S01005887,255,65,190
S01005888,255,44,211
S01005889,512,182,330
S01005890,277,28,249
S01005891,259,35,224
S01005892,358,83,275
S01005893,338,93,245
S01005894,351,102,249
S01005895,258,86,172
S01005896,302,86,216
S01005897,340,111,229
S01005898,314,63,251
S01005899,411,105,306
S01005900,264,90,174
S01005901,291,52,239
S01005902,369,117,252
S01005903,479,122,357
S01005904,437,94,343
S01005905,311,39,272
S01005906,348,67,281
S01005907,412,109,303
S01005908,494,93,401
S01005909,211,50,161
S01005910,307,102,205
S01005911,614,123,491
S01005912,352,87,265
S01005913,369,62,307
S01005914,581,196,385
S01005915,339,113,226
S01005916,241,16,225
S01005917,387,48,339
S01005918,417,135,282
S01005919,207,51,156
S01005920,449,144,305
S01005921,300,56,244
S01005922,482,116,366
S01005923,336,65,271
S01005924,216,37,179
S01005925,268,38,230
S01005926,489,107,382
S01005927,324,108,216
S01005928,336,39,297
S01005929,366,62,304
S01005930,447,77,370
S01005931,359,70,289
S01005932,313,58,255
S01005933,338,40,298
S01005934,355,102,253
S01005935,331,117,214
S01005936,423,139,284
S01005937,201,16,185
S01005938,391,73,318
S01005939,322,44,278
S01005940,438,81,357
S01005941,151,14,137
S01005942,485,111,374
S01005943,400,82,318
S01005944,496,131,365
S01005945,371,62,309
S01005946,408,55,353
S01005947,388,79,309
S01005948,375,45,330
S01005949,272,39,233
S01005950,317,77,240
S01005951,673,88,585
S01005952,622,128,494
S01005953,523,72,451
S01005954,235,37,198
S01005955,437,53,384
S01005956,359,61,298
S01005957,439,86,353
S01005958,255,59,196
S01005959,280,71,209
S01005960,271,111,160
S01005961,495,41,454
S01005962,236,57,179
S01005963,274,52,222
S01005964,342,69,273
S01005965,440,75,365
S01005966,582,63,519
S01005967,424,71,353
S01005968,364,45,319
S01005969,315,80,235
S01005970,369,73,296
S01005971,178,36,142
S01005972,357,79,278
S01005973,408,103,305
S01005974,348,74,274
S01005975,285,52,233
S01005976,393,131,262
S01005977,296,57,239
S01005978,329,86,243
S01005979,391,89,302
S01005980,228,45,183
S01005981,342,24,318
S01005982,300,46,254
S01005983,344,54,290
S01005984,398,82,316
S01005985,351,77,274
S01005986,459,128,331
S01005987,255,64,191
S01005988,257,51,206
S01005989,262,46,216
S01005990,711,41,670
S01005991,313,71,242
S01005992,309,77,232
S01005993,300,40,260
S01005994,383,74,309
S01005995,378,100,278
S01005996,333,26,307
S01005997,287,56,231
S01005998,369,39,330
S01005999,538,46,492
S01006000,369,86,283
S01006001,299,47,252
S01006002,285,112,173
S01006003,333,112,221
S01006004,549,26,523
S01006005,215,35,180
S01006006,315,84,231
S01006007,270,59,211
S01006008,319,58,261
S01006009,198,19,179
S01006010,381,94,287
S01006011,383,82,301
S01006012,375,84,291
S01006013,218,42,176
S01006014,289,44,245
S01006015,352,110,242
S01006016,373,61,312
S01006017,457,53,404
S01006018,300,24,276
S01006019,541,39,502
S01006020,333,99,234
S01006021,475,146,329
S01006022,277,47,230
S01006023,249,35,214
S01006024,371,99,272
S01006025,403,88,315
S01006026,331,92,239
S01006027,323,91,232
S01006028,337,61,276
S01006029,281,53,228
S01006030,374,119,255
S01006031,628,96,532
S01006032,481,118,363
S01006033,488,42,446
S01006034,733,66,667
S01006035,450,120,330
S01006036,808,25,783
S01006037,384,91,293
S01006038,406,153,253
S01006039,348,108,240
S01006040,362,58,304
S01006041,543,161,382
S01006042,374,110,264
S01006043,249,72,177
S01006044,382,138,244
S01006045,285,42,243
S01006046,318,49,269
S01006047,339,102,237
S01006048,298,71,227
S01006049,390,138,252
S01006050,374,81,293
S01006051,338,44,294
S01006052,374,60,314
S01006053,338,107,231
S01006054,402,83,319
S01006055,284,19,265
S01006056,372,109,263
S01006057,293,76,217
S01006058,396,112,284
S01006059,472,157,315
S01006060,414,131,283
S01006061,345,46,299
S01006062,396,86,310
S01006063,257,28,229
S01006064,422,82,340
S01006065,469,59,410
S01006066,530,69,461
S01006067,390,117,273
S01006068,249,57,192
S01006069,328,95,233
S01006070,270,76,194
S01006071,347,77,270
S01006072,248,65,183
S01006073,194,57,137
S01006074,285,76,209
S01006075,441,80,361
S01006076,389,67,322
S01006077,488,82,406
S01006078,580,105,475
S01006079,288,62,226
S01006080,422,110,312
S01006081,300,73,227
S01006082,370,61,309
S01006083,466,155,311
S01006084,371,40,331
S01006085,293,36,257
S01006086,375,53,322
S01006087,346,109,237
S01006088,276,39,237
S01006089,353,80,273
S01006090,309,55,254
S01006091,337,57,280
S01006092,243,48,195
S01006093,296,47,249
S01006094,432,138,294
S01006095,340,55,285
S01006096,274,55,219
S01006097,450,102,348
S01006098,336,112,224
S01006099,219,32,187
S01006100,189,27,162
S01006101,300,56,244
S01006102,390,100,290
S01006103,335,47,288
S01006104,337,89,248
S01006105,355,49,306
S01006106,343,39,304
S01006107,272,57,215
S01006108,335,47,288
S01006109,414,132,282
S01006110,325,51,274
S01006111,430,134,296
S01006112,312,43,269
S01006113,397,141,256
S01006114,324,88,236
S01006115,401,159,242
S01006116,333,86,247
S01006117,401,118,283
S01006118,271,67,204
S01006119,503,144,359
S01006120,518,75,443
S01006121,294,22,272
S01006122,402,76,326
S01006123,370,18,352
S01006124,370,44,326
S01006125,454,47,407
S01006126,407,16,391
S01006127,355,31,324
S01006128,351,27,324
S01006129,336,100,236
S01006130,192,30,162
S01006131,387,96,291
S01006132,427,110,317
S01006133,251,59,192
S01006134,230,57,173
S01006135,264,63,201
S01006136,479,43,436
S01006137,274,28,246
S01006138,278,73,205
S01006139,170,45,125
S01006140,378,130,248
S01006141,653,51,602
S01006142,293,83,210
S01006143,264,52,212
S01006144,409,98,311
S01006145,405,162,243
S01006146,348,78,270
S01006147,403,83,320
S01006148,352,105,247
S01006149,412,83,329
S01006150,438,99,339
S01006151,48,9,39
S01006152,310,100,210
S01006153,224,38,186
S01006154,293,48,245
S01006155,342,84,258
S01006156,258,64,194
S01006157,389,124,265
S01006158,358,122,236
S01006159,419,147,272
S01006160,311,93,218
S01006161,318,87,231
S01006162,252,81,171
S01006163,299,68,231
S01006164,255,57,198
S01006165,266,52,214
S01006166,346,85,261
S01006167,553,71,482
S01006168,432,105,327
S01006169,318,76,242
S01006170,424,145,279
S01006171,407,139,268
S01006172,204,60,144
S01006173,255,61,194
S01006174,211,50,161
S01006175,347,82,265
S01006176,291,79,212
S01006177,333,44,289
S01006178,374,99,275
S01006179,334,69,265
S01006180,414,65,349
S01006181,342,38,304
S01006182,455,61,394
S01006183,378,52,326
S01006184,307,72,235
S01006185,395,109,286
S01006186,533,94,439
S01006187,391,61,330
S01006188,316,37,279
S01006189,342,39,303
S01006190,376,89,287
S01006191,318,69,249
S01006192,340,40,300
S01006193,441,70,371
S01006194,409,90,319
S01006195,517,184,333
S01006196,419,110,309
S01006197,366,86,280
S01006198,387,57,330
S01006199,330,97,233
S01006200,412,125,287
S01006201,408,102,306
S01006202,383,39,344
S01006203,242,56,186
S01006204,427,128,299
S01006205,303,100,203
S01006206,319,60,259
S01006207,436,136,300
S01006208,336,96,240
S01006209,296,40,256
S01006210,381,104,277
S01006211,265,62,203
S01006212,284,35,249
S01006213,485,100,385
S01006214,418,92,326
S01006215,362,91,271
S01006216,249,32,217
S01006217,452,85,367
S01006218,261,56,205
S01006219,473,128,345
S01006220,343,57,286
S01006221,426,129,297
S01006222,488,105,383
S01006223,297,75,222
S01006224,290,62,228
S01006225,398,63,335
S01006226,253,36,217
S01006227,386,88,298
S01006228,264,52,212
S01006229,399,26,373
S01006230,430,59,371
S01006231,354,40,314
S01006232,386,63,323
S01006233,346,80,266
S01006234,356,73,283
S01006235,310,76,234
S01006236,319,45,274
S01006237,488,169,319
S01006238,417,102,315
S01006239,170,15,155
S01006240,380,59,321
S01006241,597,134,463
S01006242,372,121,251
S01006243,205,38,167
S01006244,367,91,276
S01006245,235,28,207
S01006246,313,65,248
S01006247,363,70,293
S01006248,334,56,278
S01006249,412,83,329
S01006250,355,61,294
S01006251,262,91,171
S01006252,238,57,181
S01006253,240,24,216
S01006254,332,33,299
S01006255,348,64,284
S01006256,298,47,251
S01006257,338,82,256
S01006258,386,65,321
S01006259,292,37,255
S01006260,279,27,252
S01006261,362,72,290
S01006262,390,76,314
S01006263,390,79,311
S01006264,315,16,299
S01006265,385,36,349
S01006266,436,41,395
S01006267,237,18,219
S01006268,279,38,241
S01006269,251,24,227
S01006270,411,75,336
S01006271,313,67,246
S01006272,435,107,328
S01006273,220,22,198
S01006274,243,50,193
S01006275,298,27,271
S01006276,370,51,319
S01006277,312,86,226
S01006278,578,177,401
S01006279,522,61,461
S01006280,366,89,277
S01006281,370,66,304
S01006282,327,106,221
S01006283,331,95,236
S01006284,374,88,286
S01006285,360,52,308
S01006286,553,76,477
S01006287,262,78,184
S01006288,389,83,306
S01006289,408,102,306
S01006290,425,66,359
S01006291,256,34,222
S01006292,359,102,257
S01006293,336,72,264
S01006294,229,63,166
S01006295,327,39,288
S01006296,370,62,308
S01006297,325,48,277
S01006298,407,80,327
S01006299,351,104,247
S01006300,338,47,291
S01006301,300,55,245
S01006302,385,64,321
S01006303,288,44,244
S01006304,341,43,298
S01006305,316,72,244
S01006306,327,62,265
S01006307,458,166,292
S01006308,297,60,237
S01006309,459,66,393
S01006310,355,71,284
S01006311,327,71,256
S01006312,289,66,223
S01006313,512,102,410
S01006314,256,55,201
S01006315,371,65,306
S01006316,345,59,286
S01006317,426,77,349
S01006318,307,50,257
S01006319,451,101,350
S01006320,449,75,374
S01006321,285,27,258
S01006322,263,25,238
S01006323,393,44,349
S01006324,229,22,207
S01006325,327,129,198
S01006326,453,111,342
S01006327,262,61,201
S01006328,298,55,243
S01006329,461,85,376
S01006330,331,74,257
S01006331,287,50,237
S01006332,272,77,195
S01006333,420,109,311
S01006334,377,113,264
S01006335,365,67,298
S01006336,400,27,373
S01006337,450,28,422
S01006338,348,57,291
S01006339,455,142,313
S01006340,273,36,237
S01006341,253,23,230
S01006342,299,65,234
S01006343,540,72,468
S01006344,291,45,246
S01006345,303,64,239
S01006346,274,61,213
S01006347,233,23,210
S01006348,227,51,176
S01006349,220,66,154
S01006350,342,60,282
S01006351,497,75,422
S01006352,274,45,229
S01006353,264,61,203
S01006354,384,87,297
S01006355,299,38,261
S01006356,301,35,266
S01006357,305,84,221
S01006358,296,30,266
S01006359,480,89,391
S01006360,269,35,234
S01006361,472,40,432
S01006362,324,35,289
S01006363,284,33,251
S01006364,1602,63,1539
S01006365,386,59,327
S01006366,273,37,236
S01006367,306,38,268
S01006368,282,26,256
S01006369,657,89,568
S01006370,386,20,366
S01006371,245,24,221
S01006372,310,72,238
S01006373,353,51,302
S01006374,241,39,202
S01006375,275,41,234
S01006376,416,27,389
S01006377,235,32,203
S01006378,180,13,167
S01006379,308,74,234
S01006380,314,44,270
S01006381,239,60,179
S01006382,289,62,227
S01006383,229,36,193
S01006384,284,39,245
S01006385,428,69,359
S01006386,465,68,397
S01006387,376,70,306
S01006388,552,107,445
S01006389,288,44,244
S01006390,276,50,226
S01006391,355,14,341
S01006392,415,77,338
S01006393,607,39,568
S01006394,278,35,243
S01006395,481,49,432
S01006396,262,39,223
S01006397,364,70,294
S01006398,386,105,281
S01006399,303,63,240
S01006400,543,69,474
S01006401,422,43,379
S01006402,318,45,273
S01006403,337,94,243
S01006404,412,74,338
S01006405,509,73,436
S01006406,182,43,139
S01006407,272,31,241
S01006408,436,46,390
S01006409,634,55,579
S01006410,353,103,250
S01006411,408,21,387
S01006412,269,41,228
S01006413,211,32,179
S01006414,217,45,172
S01006415,332,69,263
S01006416,484,160,324
S01006417,292,33,259
S01006418,270,53,217
S01006419,259,60,199
S01006420,329,31,298
S01006421,336,99,237
S01006422,302,87,215
S01006423,248,9,239
S01006424,265,69,196
S01006425,521,99,422
S01006426,444,44,400
S01006427,382,140,242
S01006428,295,44,251
S01006429,318,33,285
S01006430,258,48,210
S01006431,188,27,161
S01006432,285,66,219
S01006433,248,37,211
S01006434,347,53,294
S01006435,199,45,154
S01006436,311,35,276
S01006437,355,57,298
S01006438,385,109,276
S01006439,442,81,361
S01006440,368,79,289
S01006441,283,38,245
S01006442,322,69,253
S01006443,210,38,172
S01006444,237,41,196
S01006445,285,21,264
S01006446,336,50,286
S01006447,276,53,223
S01006448,364,56,308
S01006449,198,30,168
S01006450,233,15,218
S01006451,444,56,388
S01006452,266,66,200
S01006453,379,44,335
S01006454,248,35,213
S01006455,232,25,207
S01006456,749,131,618
S01006457,427,53,374
S01006458,320,63,257
S01006459,328,34,294
S01006460,199,48,151
S01006461,621,71,550
S01006462,331,51,280
S01006463,267,37,230
S01006464,337,101,236
S01006465,617,143,474
S01006466,329,87,242
S01006467,362,100,262
S01006468,484,63,421
S01006469,271,69,202
S01006470,421,112,309
S01006471,379,50,329
S01006472,303,70,233
S01006473,309,75,234
S01006474,319,61,258
S01006475,346,74,272
S01006476,358,34,324
S01006477,428,118,310
S01006478,443,61,382
S01006479,339,110,229
S01006480,354,33,321
S01006481,299,36,263
S01006482,333,59,274
S01006483,384,85,299
S01006484,372,96,276
S01006485,252,47,205
S01006486,272,27,245
S01006487,344,64,280
S01006488,282,56,226
S01006489,339,60,279
S01006490,262,57,205
S01006491,299,81,218
S01006492,308,41,267
S01006493,285,67,218
S01006494,273,67,206
S01006495,328,44,284
S01006496,520,147,373
S01006497,262,54,208
S01006498,505,141,364
S01006499,434,145,289
S01006500,309,77,232
S01006501,296,16,280
S01006502,249,29,220
S01006503,273,54,219
S01006504,299,41,258
S01006505,276,18,258
