dz_2001,total,religious,nonreligious
S01000001,765,481,284
S01000002,687,348,339
S01000003,838,389,449
S01000004,641,349,292
S01000005,663,421,242
S01000006,626,438,188
S01000007,735,553,182
S01000008,584,392,192
S01000009,710,374,336
S01000010,568,325,243
S01000011,918,607,311
S01000012,816,461,355
S01000013,898,594,304
S01000014,919,469,450
S01000015,655,343,312
S01000016,564,431,133
S01000017,937,474,463
S01000018,577,279,298
S01000019,531,356,175
S01000020,877,629,248
S01000021,862,486,376
S01000022,663,489,174
S01000023,805,567,238
S01000024,512,316,196
S01000025,874,597,277
S01000026,930,508,422
S01000027,815,566,249
S01000028,969,517,452
S01000029,742,488,254
S01000030,500,236,264
S01000031,866,570,296
S01000032,1089,612,477
S01000033,796,385,411
S01000034,1012,647,365
S01000035,1009,611,398
S01000036,744,422,322
S01000037,800,425,375
S01000038,684,378,306
S01000039,942,521,421
S01000040,970,550,420
S01000041,838,545,293
S01000042,790,454,336
S01000043,837,517,320
S01000044,951,538,413
S01000045,581,409,172
S01000046,768,536,232
S01000047,759,485,274
S01000048,925,586,339
S01000049,764,528,236
S01000050,618,403,215
S01000051,788,582,206
S01000052,677,327,350
S01000053,1014,652,362
S01000054,777,555,222
S01000055,754,371,383
S01000056,1049,696,353
S01000057,700,310,390
S01000058,710,438,272
S01000059,806,475,331
S01000060,577,253,324
S01000061,963,700,263
S01000062,991,553,438
S01000063,983,659,324
S01000064,648,357,291
S01000065,953,551,402
S01000066,800,413,387
S01000067,897,650,247
S01000068,862,564,298
S01000069,684,341,343
S01000070,646,297,349
S01000071,740,314,426
S01000072,832,580,252
S01000073,619,453,166
S01000074,763,269,494
S01000075,547,336,211
S01000076,770,563,207
S01000077,917,571,346
S01000078,817,376,441
S01000079,952,517,435
S01000080,927,501,426
S01000081,924,650,274
S01000082,954,468,486
S01000083,757,461,296
S01000084,674,324,350
S01000085,555,282,273
S01000086,745,466,279
S01000087,820,582,238
S01000088,639,321,318
S01000089,1003,758,245
S01000090,800,485,315
S01000091,929,549,380
S01000092,851,475,376
S01000093,404,200,204
S01000094,575,297,278
S01000095,703,391,312
S01000096,706,469,237
S01000097,967,670,297
S01000098,1022,538,484
S01000099,762,548,214
S01000100,760,394,366
S01000101,885,543,342
S01000102,747,431,316
S01000103,603,336,267
S01000104,863,610,253
S01000105,885,593,292
S01000106,706,498,208
S01000107,889,404,485
S01000108,606,346,260
S01000109,895,514,381
S01000110,820,548,272
S01000111,762,490,272
S01000112,970,563,407
S01000113,545,315,230
S01000114,876,489,387
S01000115,873,509,364
S01000116,901,490,411
S01000117,1056,725,331
S01000118,704,411,293
S01000119,786,418,368
S01000120,574,341,233
S01000121,796,532,264
S01000122,764,375,389
S01000123,648,444,204
S01000124,985,538,447
S01000125,701,365,336
S01000126,867,489,378
S01000127,798,508,290
S01000128,1538,874,664
S01000129,549,349,200
S01000130,865,456,409
S01000131,659,368,291
S01000132,784,425,359
S01000133,737,418,319
S01000134,762,326,436
S01000135,721,352,369
S01000136,706,336,370
S01000137,786,419,367
S01000138,822,449,373
S01000139,817,450,367
S01000140,943,510,433
S01000141,945,661,284
S01000142,772,334,438
S01000143,633,446,187
S01000144,547,283,264
S01000145,905,519,386
S01000146,963,491,472
S01000147,735,387,348
S01000148,694,302,392
S01000149,1011,545,466
S01000150,636,286,350
S01000151,907,479,428
S01000152,1083,721,362
S01000153,529,272,257
S01000154,557,305,252
S01000155,784,377,407
S01000156,970,512,458
S01000157,692,381,311
S01000158,933,536,397
S01000159,1014,658,356
S01000160,813,470,343
S01000161,959,541,418
S01000162,886,534,352
S01000163,1022,503,519
S01000164,471,287,184
S01000165,861,476,385
S01000166,1147,687,460
S01000167,712,391,321
S01000168,956,451,505
S01000169,761,429,332
S01000170,1035,595,440
S01000171,892,458,434
S01000172,501,263,238
S01000173,811,421,390
S01000174,873,539,334
S01000175,528,251,277
S01000176,744,443,301
S01000177,554,325,229
S01000178,760,347,413
S01000179,757,424,333
S01000180,693,321,372
S01000181,654,263,391
S01000182,873,365,508
S01000183,1000,539,461
S01000184,793,496,297
S01000185,787,427,360
S01000186,957,643,314
S01000187,713,321,392
S01000188,1079,663,416
S01000189,624,257,367
S01000190,887,428,459
S01000191,1057,661,396
S01000192,767,354,413
S01000193,802,313,489
S01000194,745,367,378
S01000195,697,363,334
S01000196,924,382,542
S01000197,610,304,306
S01000198,746,341,405
S01000199,716,330,386
S01000200,846,465,381
S01000201,654,324,330
S01000202,888,474,414
S01000203,453,206,247
S01000204,622,269,353
S01000205,960,558,402
S01000206,714,357,357
S01000207,883,482,401
S01000208,857,425,432
S01000209,987,415,572
S01000210,578,270,308
S01000211,713,382,331
S01000212,788,371,417
S01000213,672,335,337
S01000214,507,316,191
S01000215,736,512,224
S01000216,619,353,266
S01000217,698,309,389
S01000218,718,458,260
S01000219,698,297,401
S01000220,1399,863,536
S01000221,897,476,421
S01000222,758,493,265
S01000223,525,307,218
S01000224,768,477,291
S01000225,595,353,242
S01000226,618,343,275
S01000227,646,352,294
S01000228,660,329,331
S01000229,795,479,316
S01000230,678,364,314
S01000231,710,431,279
S01000232,669,396,273
S01000233,567,359,208
S01000234,762,469,293
S01000235,888,531,357
S01000236,680,449,231
S01000237,916,624,292
S01000238,516,271,245
S01000239,733,473,260
S01000240,721,416,305
S01000241,746,462,284
S01000242,690,454,236
S01000243,739,438,301
S01000244,1045,612,433
S01000245,953,564,389
S01000246,750,405,345
S01000247,767,444,323
S01000248,868,468,400
S01000249,738,398,340
S01000250,805,483,322
S01000251,501,298,203
S01000252,867,443,424
S01000253,745,438,307
S01000254,808,453,355
S01000255,632,317,315
S01000256,919,635,284
S01000257,826,525,301
S01000258,666,407,259
S01000259,614,369,245
S01000260,890,424,466
S01000261,1007,660,347
S01000262,946,647,299
S01000263,794,425,369
S01000264,1033,564,469
S01000265,778,509,269
S01000266,984,659,325
S01000267,691,455,236
S01000268,779,539,240
S01000269,561,379,182
S01000270,964,686,278
S01000271,906,555,351
S01000272,940,652,288
S01000273,524,322,202
S01000274,594,418,176
S01000275,982,782,200
S01000276,740,501,239
S01000277,674,474,200
S01000278,537,405,132
S01000279,613,447,166
S01000280,620,453,167
S01000281,679,457,222
S01000282,663,407,256
S01000283,881,561,320
S01000284,819,569,250
S01000285,672,473,199
S01000286,880,613,267
S01000287,724,525,199
S01000288,897,602,295
S01000289,849,569,280
S01000290,775,514,261
S01000291,831,595,236
S01000292,980,655,325
S01000293,765,513,252
S01000294,699,477,222
S01000295,607,431,176
S01000296,532,372,160
S01000297,736,511,225
S01000298,528,345,183
S01000299,953,696,257
S01000300,774,519,255
S01000301,579,422,157
S01000302,566,419,147
S01000303,485,338,147
S01000304,791,520,271
S01000305,1040,676,364
S01000306,746,535,211
S01000307,991,554,437
S01000308,991,639,352
S01000309,646,451,195
S01000310,899,578,321
S01000311,947,626,321
S01000312,646,453,193
S01000313,709,525,184
S01000314,572,350,222
S01000315,661,429,232
S01000316,800,599,201
S01000317,551,387,164
S01000318,577,396,181
S01000319,723,418,305
S01000320,722,410,312
S01000321,581,327,254
S01000322,1083,762,321
S01000323,888,609,279
S01000324,870,545,325
S01000325,618,470,148
S01000326,763,482,281
S01000327,898,580,318
S01000328,601,329,272
S01000329,546,291,255
S01000330,733,530,203
S01000331,621,461,160
S01000332,687,461,226
S01000333,841,576,265
S01000334,823,564,259
S01000335,652,438,214
S01000336,852,571,281
S01000337,690,485,205
S01000338,508,367,141
S01000339,1094,788,306
S01000340,971,679,292
S01000341,748,491,257
S01000342,387,255,132
S01000343,644,439,205
S01000344,894,612,282
S01000345,646,415,231
S01000346,683,430,253
S01000347,478,348,130
S01000348,816,523,293
S01000349,592,372,220
S01000350,1002,628,374
S01000351,1023,685,338
S01000352,798,505,293
S01000353,663,449,214
S01000354,648,480,168
S01000355,707,519,188
S01000356,611,434,177
S01000357,682,480,202
S01000358,1030,662,368
S01000359,856,591,265
S01000360,514,347,167
S01000361,614,416,198
S01000362,920,565,355
S01000363,960,663,297
S01000364,900,589,311
S01000365,677,416,261
S01000366,761,550,211
S01000367,753,526,227
S01000368,797,541,256
S01000369,975,596,379
S01000370,796,492,304
S01000371,931,650,281
S01000372,983,633,350
S01000373,588,360,228
S01000374,611,402,209
S01000375,646,375,271
S01000376,899,550,349
S01000377,721,494,227
S01000378,581,360,221
S01000379,574,335,239
S01000380,748,459,289
S01000381,884,629,255
S01000382,755,511,244
S01000383,655,442,213
S01000384,731,498,233
S01000385,574,350,224
S01000386,766,510,256
S01000387,853,590,263
S01000388,775,497,278
S01000389,667,354,313
S01000390,727,508,219
S01000391,636,416,220
S01000392,723,454,269
S01000393,857,671,186
S01000394,688,459,229
S01000395,588,388,200
S01000396,940,707,233
S01000397,1024,788,236
S01000398,749,473,276
S01000399,577,421,156
S01000400,705,480,225
S01000401,824,515,309
S01000402,709,480,229
S01000403,797,618,179
S01000404,756,506,250
S01000405,474,314,160
S01000406,629,389,240
S01000407,658,442,216
S01000408,513,338,175
S01000409,666,440,226
S01000410,664,438,226
S01000411,631,431,200
S01000412,787,503,284
S01000413,786,514,272
S01000414,721,449,272
S01000415,615,424,191
S01000416,670,442,228
S01000417,1005,703,302
S01000418,723,525,198
S01000419,672,417,255
S01000420,998,692,306
S01000421,601,392,209
S01000422,725,531,194
S01000423,904,630,274
S01000424,727,435,292
S01000425,695,492,203
S01000426,797,496,301
S01000427,785,453,332
S01000428,777,543,234
S01000429,782,580,202
S01000430,570,375,195
S01000431,693,505,188
S01000432,973,669,304
S01000433,468,339,129
S01000434,680,438,242
S01000435,555,373,182
S01000436,695,453,242
S01000437,1024,692,332
S01000438,698,453,245
S01000439,700,419,281
S01000440,868,615,253
S01000441,871,586,285
S01000442,808,544,264
S01000443,581,352,229
S01000444,573,363,210
S01000445,971,616,355
S01000446,946,582,364
S01000447,539,360,179
S01000448,622,430,192
S01000449,784,463,321
S01000450,645,415,230
S01000451,790,503,287
S01000452,561,393,168
S01000453,547,393,154
S01000454,493,335,158
S01000455,870,508,362
S01000456,718,498,220
S01000457,872,678,194
S01000458,853,529,324
S01000459,1037,737,300
S01000460,769,500,269
S01000461,863,585,278
S01000462,1035,711,324
S01000463,816,548,268
S01000464,741,510,231
S01000465,629,397,232
S01000466,799,516,283
S01000467,626,421,205
S01000468,520,316,204
S01000469,689,454,235
S01000470,1263,934,329
S01000471,603,366,237
S01000472,836,447,389
S01000473,745,411,334
S01000474,648,477,171
S01000475,887,440,447
S01000476,581,418,163
S01000477,777,480,297
S01000478,869,547,322
S01000479,967,605,362
S01000480,665,458,207
S01000481,784,525,259
S01000482,837,501,336
S01000483,920,625,295
S01000484,806,484,322
S01000485,1080,741,339
S01000486,798,411,387
S01000487,590,395,195
S01000488,703,439,264
S01000489,904,503,401
S01000490,541,303,238
S01000491,593,268,325
S01000492,954,469,485
S01000493,588,392,196
S01000494,566,256,310
S01000495,935,627,308
S01000496,587,415,172
S01000497,630,449,181
S01000498,548,409,139
S01000499,803,497,306
S01000500,675,395,280
S01000501,621,446,175
S01000502,540,367,173
S01000503,533,384,149
S01000504,708,506,202
S01000505,757,513,244
S01000506,654,428,226
S01000507,1087,743,344
S01000508,877,564,313
S01000509,1058,783,275
S01000510,658,480,178
S01000511,556,345,211
S01000512,892,655,237
S01000513,862,615,247
S01000514,516,349,167
S01000515,484,321,163
S01000516,654,444,210
S01000517,651,460,191
S01000518,879,614,265
S01000519,476,344,132
S01000520,1010,696,314
S01000521,927,569,358
S01000522,612,395,217
S01000523,793,520,273
S01000524,647,402,245
S01000525,987,703,284
S01000526,966,638,328
S01000527,587,388,199
S01000528,843,586,257
S01000529,723,498,225
S01000530,477,310,167
S01000531,523,369,154
S01000532,809,556,253
S01000533,760,496,264
S01000534,813,510,303
S01000535,985,643,342
S01000536,519,347,172
S01000537,559,401,158
S01000538,789,514,275
S01000539,1028,624,404
S01000540,784,524,260
S01000541,552,348,204
S01000542,672,447,225
S01000543,814,581,233
S01000544,733,581,152
S01000545,717,425,292
S01000546,609,396,213
S01000547,544,374,170
S01000548,1012,730,282
S01000549,1136,830,306
S01000550,557,423,134
S01000551,830,588,242
S01000552,554,397,157
S01000553,867,623,244
S01000554,791,356,435
S01000555,904,648,256
S01000556,880,515,365
S01000557,880,609,271
S01000558,564,406,158
S01000559,707,484,223
S01000560,1044,558,486
S01000561,1034,737,297
S01000562,909,573,336
S01000563,640,398,242
S01000564,860,434,426
S01000565,709,459,250
S01000566,759,479,280
S01000567,769,473,296
S01000568,542,384,158
S01000569,742,573,169
S01000570,939,683,256
S01000571,780,588,192
S01000572,800,608,192
S01000573,600,450,150
S01000574,814,655,159
S01000575,608,466,142
S01000576,654,524,130
S01000577,595,446,149
S01000578,706,520,186
S01000579,807,630,177
S01000580,681,481,200
S01000581,707,524,183
S01000582,728,490,238
S01000583,758,541,217
S01000584,781,553,228
S01000585,945,618,327
S01000586,775,532,243
S01000587,702,469,233
S01000588,627,478,149
S01000589,645,445,200
S01000590,773,558,215
S01000591,496,390,106
S01000592,924,702,222
S01000593,571,380,191
S01000594,655,537,118
S01000595,839,637,202
S01000596,945,735,210
S01000597,1065,799,266
S01000598,519,381,138
S01000599,775,620,155
S01000600,742,544,198
S01000601,1072,774,298
S01000602,679,512,167
S01000603,822,622,200
S01000604,1000,748,252
S01000605,871,624,247
S01000606,820,527,293
S01000607,784,619,165
S01000608,972,642,330
S01000609,1009,619,390
S01000610,773,513,260
S01000611,624,418,206
S01000612,995,687,308
S01000613,1004,713,291
S01000614,722,567,155
S01000615,764,560,204
S01000616,1220,973,247
S01000617,634,497,137
S01000618,827,633,194
S01000619,714,525,189
S01000620,819,456,363
S01000621,1009,725,284
S01000622,547,302,245
S01000623,780,519,261
S01000624,604,399,205
S01000625,629,426,203
S01000626,822,487,335
S01000627,931,622,309
S01000628,559,330,229
S01000629,662,472,190
S01000630,732,499,233
S01000631,637,397,240
S01000632,589,411,178
S01000633,632,414,218
S01000634,822,567,255
S01000635,678,491,187
S01000636,501,371,130
S01000637,595,400,195
S01000638,503,391,112
S01000639,606,415,191
S01000640,635,476,159
S01000641,785,578,207
S01000642,807,578,229
S01000643,609,479,130
S01000644,680,507,173
S01000645,898,615,283
S01000646,826,692,134
S01000647,877,662,215
S01000648,910,617,293
S01000649,582,424,158
S01000650,737,535,202
S01000651,806,557,249
S01000652,812,614,198
S01000653,909,635,274
S01000654,943,709,234
S01000655,797,509,288
S01000656,678,459,219
S01000657,760,577,183
S01000658,578,394,184
S01000659,1066,845,221
S01000660,974,774,200
S01000661,765,617,148
S01000662,530,400,130
S01000663,702,513,189
S01000664,774,574,200
S01000665,675,521,154
S01000666,493,383,110
S01000667,981,750,231
S01000668,909,639,270
S01000669,785,525,260
S01000670,566,413,153
S01000671,622,484,138
S01000672,628,428,200
S01000673,750,535,215
S01000674,984,653,331
S01000675,722,545,177
S01000676,501,348,153
S01000677,822,584,238
S01000678,942,631,311
S01000679,750,477,273
S01000680,778,492,286
S01000681,802,527,275
S01000682,644,434,210
S01000683,525,375,150
S01000684,687,464,223
S01000685,843,617,226
S01000686,703,481,222
S01000687,789,534,255
S01000688,792,585,207
S01000689,611,452,159
S01000690,787,589,198
S01000691,772,509,263
S01000692,753,495,258
S01000693,872,634,238
S01000694,724,517,207
S01000695,745,531,214
S01000696,731,561,170
S01000697,492,353,139
S01000698,642,462,180
S01000699,658,492,166
S01000700,879,568,311
S01000701,920,754,166
S01000702,522,421,101
S01000703,741,615,126
S01000704,880,637,243
S01000705,1146,851,295
S01000706,823,637,186
S01000707,537,367,170
S01000708,562,409,153
S01000709,888,663,225
S01000710,1083,802,281
S01000711,620,528,92
S01000712,595,522,73
S01000713,832,705,127
S01000714,832,687,145
S01000715,671,574,97
S01000716,541,417,124
S01000717,870,698,172
S01000718,952,824,128
S01000719,660,534,126
S01000720,858,696,162
S01000721,658,558,100
S01000722,819,637,182
S01000723,527,432,95
S01000724,862,693,169
S01000725,633,495,138
S01000726,687,504,183
S01000727,706,534,172
S01000728,768,608,160
S01000729,542,452,90
S01000730,407,309,98
S01000731,547,409,138
S01000732,536,431,105
S01000733,732,555,177
S01000734,851,673,178
S01000735,445,339,106
S01000736,720,585,135
S01000737,511,427,84
S01000738,579,474,105
S01000739,759,620,139
S01000740,673,497,176
S01000741,806,577,229
S01000742,541,388,153
S01000743,726,576,150
S01000744,733,548,185
S01000745,681,477,204
S01000746,738,547,191
S01000747,568,431,137
S01000748,514,429,85
S01000749,559,426,133
S01000750,694,532,162
S01000751,713,565,148
S01000752,992,698,294
S01000753,646,522,124
S01000754,650,466,184
S01000755,730,548,182
S01000756,1104,828,276
S01000757,694,551,143
S01000758,992,746,246
S01000759,861,638,223
S01000760,565,420,145
S01000761,492,350,142
S01000762,670,515,155
S01000763,861,607,254
S01000764,707,508,199
S01000765,671,489,182
S01000766,758,598,160
S01000767,596,441,155
S01000768,826,591,235
S01000769,956,673,283
S01000770,595,488,107
S01000771,983,727,256
S01000772,652,510,142
S01000773,962,792,170
S01000774,598,392,206
S01000775,704,514,190
S01000776,620,501,119
S01000777,555,390,165
S01000778,464,365,99
S01000779,793,569,224
S01000780,931,695,236
S01000781,877,657,220
S01000782,712,501,211
S01000783,506,347,159
S01000784,871,637,234
S01000785,734,558,176
S01000786,784,610,174
S01000787,526,373,153
S01000788,705,492,213
S01000789,653,513,140
S01000790,514,405,109
S01000791,630,457,173
S01000792,690,499,191
S01000793,812,603,209
S01000794,842,630,212
S01000795,771,615,156
S01000796,485,381,104
S01000797,476,325,151
S01000798,535,412,123
S01000799,2813,2321,492
S01000800,1004,718,286
S01000801,639,444,195
S01000802,754,570,184
S01000803,875,605,270
S01000804,985,697,288
S01000805,822,658,164
S01000806,838,534,304
S01000807,769,598,171
S01000808,725,493,232
S01000809,553,417,136
S01000810,630,486,144
S01000811,834,638,196
S01000812,662,562,100
S01000813,758,634,124
S01000814,919,709,210
S01000815,544,413,131
S01000816,584,438,146
S01000817,918,755,163
S01000818,696,546,150
S01000819,812,652,160
S01000820,573,405,168
S01000821,883,707,176
S01000822,554,483,71
S01000823,591,468,123
S01000824,554,421,133
S01000825,698,558,140
S01000826,730,608,122
S01000827,703,555,148
S01000828,879,601,278
S01000829,577,415,162
S01000830,715,530,185
S01000831,882,688,194
S01000832,926,651,275
S01000833,572,375,197
S01000834,911,661,250
S01000835,702,463,239
S01000836,847,485,362
S01000837,763,456,307
S01000838,723,517,206
S01000839,963,626,337
S01000840,773,456,317
S01000841,970,564,406
S01000842,834,612,222
S01000843,773,501,272
S01000844,689,426,263
S01000845,573,384,189
S01000846,739,467,272
S01000847,995,674,321
S01000848,699,486,213
S01000849,539,385,154
S01000850,657,441,216
S01000851,686,485,201
S01000852,717,482,235
S01000853,553,337,216
S01000854,933,544,389
S01000855,778,573,205
S01000856,626,432,194
S01000857,614,415,199
S01000858,717,517,200
S01000859,837,579,258
S01000860,873,555,318
S01000861,656,498,158
S01000862,559,423,136
S01000863,485,293,192
S01000864,668,483,185
S01000865,692,450,242
S01000866,944,618,326
S01000867,739,479,260
S01000868,718,449,269
S01000869,566,302,264
S01000870,872,532,340
S01000871,730,479,251
S01000872,650,451,199
S01000873,1341,942,399
S01000874,545,342,203
S01000875,736,512,224
S01000876,744,480,264
S01000877,741,437,304
S01000878,588,430,158
S01000879,876,630,246
S01000880,778,586,192
S01000881,703,445,258
S01000882,939,639,300
S01000883,923,589,334
S01000884,569,422,147
S01000885,524,374,150
S01000886,734,504,230
S01000887,781,518,263
S01000888,724,479,245
S01000889,796,528,268
S01000890,796,563,233
S01000891,925,688,237
S01000892,586,404,182
S01000893,730,507,223
S01000894,523,352,171
S01000895,900,595,305
S01000896,485,327,158
S01000897,685,536,149
S01000898,576,445,131
S01000899,867,707,160
S01000900,657,528,129
S01000901,675,538,137
S01000902,979,761,218
S01000903,968,787,181
S01000904,689,568,121
S01000905,701,506,195
S01000906,565,453,112
S01000907,773,547,226
S01000908,773,602,171
S01000909,934,682,252
S01000910,870,696,174
S01000911,966,706,260
S01000912,754,589,165
S01000913,722,553,169
S01000914,855,708,147
S01000915,960,795,165
S01000916,991,788,203
S01000917,683,499,184
S01000918,643,456,187
S01000919,522,408,114
S01000920,505,350,155
S01000921,738,594,144
S01000922,818,654,164
S01000923,751,599,152
S01000924,841,668,173
S01000925,943,715,228
S01000926,650,494,156
S01000927,1010,822,188
S01000928,979,712,267
S01000929,511,362,149
S01000930,601,413,188
S01000931,708,542,166
S01000932,931,730,201
S01000933,870,701,169
S01000934,931,692,239
S01000935,808,602,206
S01000936,926,761,165
S01000937,586,479,107
S01000938,846,657,189
S01000939,740,582,158
S01000940,838,662,176
S01000941,542,432,110
S01000942,937,699,238
S01000943,845,727,118
S01000944,790,617,173
S01000945,760,618,142
S01000946,756,603,153
S01000947,730,596,134
S01000948,721,574,147
S01000949,613,520,93
S01000950,810,612,198
S01000951,708,531,177
S01000952,807,635,172
S01000953,906,752,154
S01000954,888,681,207
S01000955,527,391,136
S01000956,858,629,229
S01000957,511,377,134
S01000958,827,582,245
S01000959,688,500,188
S01000960,554,424,130
S01000961,853,702,151
S01000962,572,416,156
S01000963,744,523,221
S01000964,877,697,180
S01000965,665,434,231
S01000966,1080,786,294
S01000967,576,447,129
S01000968,956,739,217
S01000969,849,667,182
S01000970,793,619,174
S01000971,685,485,200
S01000972,977,769,208
S01000973,592,432,160
S01000974,848,681,167
S01000975,646,491,155
S01000976,494,375,119
S01000977,769,602,167
S01000978,755,563,192
S01000979,647,466,181
S01000980,752,597,155
S01000981,648,509,139
S01000982,595,504,91
S01000983,559,459,100
S01000984,635,499,136
S01000985,710,508,202
S01000986,525,357,168
S01000987,627,485,142
S01000988,488,392,96
S01000989,833,652,181
S01000990,636,454,182
S01000991,507,379,128
S01000992,908,727,181
S01000993,897,690,207
S01000994,1031,780,251
S01000995,831,597,234
S01000996,1030,811,219
S01000997,992,760,232
S01000998,621,433,188
S01000999,696,503,193
S01001000,531,388,143
S01001001,546,345,201
S01001002,673,451,222
S01001003,929,680,249
S01001004,653,523,130
S01001005,895,685,210
S01001006,771,555,216
S01001007,792,554,238
S01001008,737,468,269
S01001009,614,455,159
S01001010,780,586,194
S01001011,617,483,134
S01001012,845,684,161
S01001013,893,682,211
S01001014,794,519,275
S01001015,613,478,135
S01001016,956,701,255
S01001017,710,481,229
S01001018,783,572,211
S01001019,979,588,391
S01001020,523,375,148
S01001021,855,614,241
S01001022,828,559,269
S01001023,986,740,246
S01001024,881,613,268
S01001025,915,690,225
S01001026,823,671,152
S01001027,851,673,178
S01001028,783,539,244
S01001029,748,498,250
S01001030,741,573,168
S01001031,949,664,285
S01001032,733,489,244
S01001033,716,460,256
S01001034,823,540,283
S01001035,543,366,177
S01001036,538,316,222
S01001037,879,609,270
S01001038,669,504,165
S01001039,549,401,148
S01001040,613,462,151
S01001041,527,382,145
S01001042,865,611,254
S01001043,699,516,183
S01001044,991,726,265
S01001045,567,446,121
S01001046,499,359,140
S01001047,691,592,99
S01001048,624,482,142
S01001049,689,502,187
S01001050,942,697,245
S01001051,694,514,180
S01001052,567,362,205
S01001053,800,620,180
S01001054,666,497,169
S01001055,776,616,160
S01001056,747,621,126
S01001057,667,542,125
S01001058,771,633,138
S01001059,634,411,223
S01001060,766,601,165
S01001061,790,634,156
S01001062,547,404,143
S01001063,787,623,164
S01001064,773,589,184
S01001065,753,565,188
S01001066,732,529,203
S01001067,777,536,241
S01001068,857,612,245
S01001069,871,626,245
S01001070,876,658,218
S01001071,667,531,136
S01001072,761,590,171
S01001073,994,752,242
S01001074,511,394,117
S01001075,847,664,183
S01001076,783,546,237
S01001077,793,675,118
S01001078,814,595,219
S01001079,501,361,140
S01001080,540,419,121
S01001081,620,424,196
S01001082,883,693,190
S01001083,798,606,192
S01001084,894,631,263
S01001085,873,651,222
S01001086,743,516,227
S01001087,524,394,130
S01001088,984,725,259
S01001089,948,690,258
S01001090,963,620,343
S01001091,662,417,245
S01001092,964,638,326
S01001093,1045,665,380
S01001094,953,702,251
S01001095,1166,800,366
S01001096,884,611,273
S01001097,643,483,160
S01001098,933,649,284
S01001099,860,568,292
S01001100,922,674,248
S01001101,1120,701,419
S01001102,265,178,87
S01001103,854,692,162
S01001104,702,460,242
S01001105,923,712,211
S01001106,787,607,180
S01001107,987,668,319
S01001108,658,411,247
S01001109,854,580,274
S01001110,820,506,314
S01001111,1020,648,372
S01001112,825,586,239
S01001113,1073,777,296
S01001114,902,626,276
S01001115,811,591,220
S01001116,511,413,98
S01001117,547,383,164
S01001118,633,523,110
S01001119,955,693,262
S01001120,655,458,197
S01001121,783,501,282
S01001122,613,379,234
S01001123,939,637,302
S01001124,641,507,134
S01001125,402,294,108
S01001126,1078,831,247
S01001127,805,576,229
S01001128,737,575,162
S01001129,961,655,306
S01001130,836,635,201
S01001131,533,410,123
S01001132,735,551,184
S01001133,916,659,257
S01001134,990,705,285
S01001135,403,304,99
S01001136,771,501,270
S01001137,903,613,290
S01001138,950,606,344
S01001139,753,595,158
S01001140,1024,787,237
S01001141,452,306,146
S01001142,966,732,234
S01001143,771,588,183
S01001144,674,469,205
S01001145,598,490,108
S01001146,916,723,193
S01001147,664,434,230
S01001148,740,565,175
S01001149,673,483,190
S01001150,726,478,248
S01001151,559,410,149
S01001152,977,737,240
S01001153,742,595,147
S01001154,761,552,209
S01001155,653,519,134
S01001156,772,483,289
S01001157,862,604,258
S01001158,573,461,112
S01001159,795,634,161
S01001160,593,458,135
S01001161,582,437,145
S01001162,865,650,215
S01001163,675,457,218
S01001164,589,464,125
S01001165,781,571,210
S01001166,292,180,112
S01001167,955,763,192
S01001168,675,432,243
S01001169,1013,762,251
S01001170,829,586,243
S01001171,634,426,208
S01001172,663,464,199
S01001173,892,618,274
S01001174,623,392,231
S01001175,890,640,250
S01001176,749,556,193
S01001177,707,523,184
S01001178,862,719,143
S01001179,982,775,207
S01001180,713,483,230
S01001181,894,711,183
S01001182,908,678,230
S01001183,874,620,254
S01001184,939,674,265
S01001185,583,461,122
S01001186,818,658,160
S01001187,914,619,295
S01001188,784,582,202
S01001189,984,749,235
S01001190,731,566,165
S01001191,669,502,167
S01001192,997,735,262
S01001193,865,661,204
S01001194,934,734,200
S01001195,971,796,175
S01001196,981,693,288
S01001197,545,354,191
S01001198,695,498,197
S01001199,976,650,326
S01001200,897,631,266
S01001201,660,476,184
S01001202,605,403,202
S01001203,795,553,242
S01001204,830,650,180
S01001205,767,600,167
S01001206,747,532,215
S01001207,852,623,229
S01001208,648,448,200
S01001209,600,416,184
S01001210,866,596,270
S01001211,960,743,217
S01001212,595,366,229
S01001213,1030,660,370
S01001214,723,585,138
S01001215,805,619,186
S01001216,963,659,304
S01001217,922,594,328
S01001218,759,539,220
S01001219,556,386,170
S01001220,546,384,162
S01001221,652,503,149
S01001222,778,548,230
S01001223,782,573,209
S01001224,938,569,369
S01001225,974,770,204
S01001226,483,298,185
S01001227,752,556,196
S01001228,834,616,218
S01001229,762,575,187
S01001230,786,539,247
S01001231,736,511,225
S01001232,693,503,190
S01001233,991,680,311
S01001234,397,281,116
S01001235,851,520,331
S01001236,933,671,262
S01001237,575,448,127
S01001238,715,440,275
S01001239,557,351,206
S01001240,810,577,233
S01001241,793,544,249
S01001242,919,584,335
S01001243,252,122,130
S01001244,700,445,255
S01001245,813,459,354
S01001246,975,729,246
S01001247,663,466,197
S01001248,876,642,234
S01001249,700,465,235
S01001250,974,642,332
S01001251,721,476,245
S01001252,642,452,190
S01001253,674,406,268
S01001254,702,468,234
S01001255,947,614,333
S01001256,747,515,232
S01001257,805,519,286
S01001258,538,317,221
S01001259,809,627,182
S01001260,659,398,261
S01001261,933,587,346
S01001262,924,710,214
S01001263,511,372,139
S01001264,568,392,176
S01001265,594,427,167
S01001266,766,532,234
S01001267,988,707,281
S01001268,764,558,206
S01001269,544,396,148
S01001270,817,596,221
S01001271,748,626,122
S01001272,706,609,97
S01001273,701,590,111
S01001274,734,528,206
S01001275,702,553,149
S01001276,508,378,130
S01001277,685,525,160
S01001278,503,417,86
S01001279,729,470,259
S01001280,608,438,170
S01001281,835,602,233
S01001282,735,600,135
S01001283,491,370,121
S01001284,790,587,203
S01001285,644,447,197
S01001286,528,414,114
S01001287,901,658,243
S01001288,922,686,236
S01001289,629,437,192
S01001290,549,423,126
S01001291,421,313,108
S01001292,948,593,355
S01001293,787,597,190
S01001294,769,519,250
S01001295,905,687,218
S01001296,694,521,173
S01001297,790,544,246
S01001298,909,666,243
S01001299,943,705,238
S01001300,980,792,188
S01001301,632,480,152
S01001302,694,579,115
S01001303,611,500,111
S01001304,722,569,153
S01001305,693,499,194
S01001306,701,529,172
S01001307,891,665,226
S01001308,999,743,256
S01001309,706,538,168
S01001310,747,575,172
S01001311,606,482,124
S01001312,774,559,215
S01001313,673,499,174
S01001314,724,515,209
S01001315,961,738,223
S01001316,981,710,271
S01001317,932,698,234
S01001318,553,439,114
S01001319,649,530,119
S01001320,935,617,318
S01001321,545,440,105
S01001322,822,648,174
S01001323,623,418,205
S01001324,946,547,399
S01001325,731,455,276
S01001326,985,718,267
S01001327,775,517,258
S01001328,823,597,226
S01001329,603,409,194
S01001330,979,774,205
S01001331,869,654,215
S01001332,908,640,268
S01001333,860,607,253
S01001334,881,588,293
S01001335,985,706,279
S01001336,920,666,254
S01001337,772,610,162
S01001338,814,577,237
S01001339,677,509,168
S01001340,778,585,193
S01001341,920,658,262
S01001342,867,677,190
S01001343,990,767,223
S01001344,833,655,178
S01001345,623,461,162
S01001346,694,548,146
S01001347,813,666,147
S01001348,730,540,190
S01001349,1251,992,259
S01001350,730,518,212
S01001351,504,378,126
S01001352,878,716,162
S01001353,679,520,159
S01001354,794,568,226
S01001355,766,541,225
S01001356,635,520,115
S01001357,663,512,151
S01001358,873,604,269
S01001359,747,600,147
S01001360,854,627,227
S01001361,558,373,185
S01001362,622,519,103
S01001363,595,398,197
S01001364,880,664,216
S01001365,644,444,200
S01001366,969,779,190
S01001367,725,594,131
S01001368,1020,768,252
S01001369,960,681,279
S01001370,735,581,154
S01001371,604,408,196
S01001372,773,555,218
S01001373,635,495,140
S01001374,601,480,121
S01001375,674,489,185
S01001376,741,541,200
S01001377,805,577,228
S01001378,600,476,124
S01001379,998,761,237
S01001380,825,644,181
S01001381,858,657,201
S01001382,618,482,136
S01001383,683,533,150
S01001384,950,717,233
S01001385,785,616,169
S01001386,872,611,261
S01001387,860,682,178
S01001388,917,616,301
S01001389,510,374,136
S01001390,854,631,223
S01001391,828,614,214
S01001392,520,342,178
S01001393,550,419,131
S01001394,545,388,157
S01001395,964,689,275
S01001396,777,516,261
S01001397,827,564,263
S01001398,916,732,184
S01001399,902,605,297
S01001400,927,639,288
S01001401,699,504,195
S01001402,928,726,202
S01001403,990,714,276
S01001404,610,442,168
S01001405,865,646,219
S01001406,607,473,134
S01001407,845,629,216
S01001408,848,588,260
S01001409,908,694,214
S01001410,1058,810,248
S01001411,578,403,175
S01001412,946,703,243
S01001413,763,549,214
S01001414,668,499,169
S01001415,796,570,226
S01001416,685,512,173
S01001417,1034,748,286
S01001418,944,709,235
S01001419,746,529,217
S01001420,604,474,130
S01001421,839,584,255
S01001422,549,421,128
S01001423,812,630,182
S01001424,1085,847,238
S01001425,980,773,207
S01001426,787,613,174
S01001427,930,751,179
S01001428,1014,837,177
S01001429,616,506,110
S01001430,985,788,197
S01001431,1027,859,168
S01001432,731,629,102
S01001433,917,755,162
S01001434,974,835,139
S01001435,1007,840,167
S01001436,990,745,245
S01001437,894,746,148
S01001438,620,494,126
S01001439,784,643,141
S01001440,980,765,215
S01001441,829,690,139
S01001442,744,631,113
S01001443,954,737,217
S01001444,1015,810,205
S01001445,749,558,191
S01001446,912,730,182
S01001447,875,708,167
S01001448,714,592,122
S01001449,602,452,150
S01001450,805,654,151
S01001451,702,530,172
S01001452,797,610,187
S01001453,886,679,207
S01001454,963,703,260
S01001455,798,626,172
S01001456,659,528,131
S01001457,930,702,228
S01001458,974,761,213
S01001459,918,711,207
S01001460,706,587,119
S01001461,915,754,161
S01001462,914,706,208
S01001463,510,414,96
S01001464,924,701,223
S01001465,660,500,160
S01001466,775,629,146
S01001467,898,695,203
S01001468,653,513,140
S01001469,835,647,188
S01001470,1009,716,293
S01001471,747,554,193
S01001472,876,674,202
S01001473,807,650,157
S01001474,1194,969,225
S01001475,579,447,132
S01001476,1063,791,272
S01001477,1060,842,218
S01001478,695,554,141
S01001479,643,504,139
S01001480,532,363,169
S01001481,998,787,211
S01001482,772,585,187
S01001483,906,716,190
S01001484,855,624,231
S01001485,731,573,158
S01001486,848,702,146
S01001487,678,520,158
S01001488,941,748,193
S01001489,949,775,174
S01001490,881,645,236
S01001491,907,699,208
S01001492,1003,765,238
S01001493,841,669,172
S01001494,892,703,189
S01001495,612,470,142
S01001496,910,714,196
S01001497,762,583,179
S01001498,770,624,146
S01001499,1038,743,295
S01001500,733,525,208
S01001501,834,636,198
S01001502,912,732,180
S01001503,911,718,193
S01001504,932,753,179
S01001505,1018,796,222
S01001506,591,441,150
S01001507,962,764,198
S01001508,1005,781,224
S01001509,941,702,239
S01001510,594,465,129
S01001511,624,492,132
S01001512,761,601,160
S01001513,868,668,200
S01001514,836,657,179
S01001515,729,598,131
S01001516,691,563,128
S01001517,887,718,169
S01001518,1014,742,272
S01001519,955,690,265
S01001520,712,567,145
S01001521,1027,769,258
S01001522,995,821,174
S01001523,801,610,191
S01001524,963,761,202
S01001525,844,694,150
S01001526,645,463,182
S01001527,865,658,207
S01001528,1014,725,289
S01001529,661,496,165
S01001530,883,667,216
S01001531,1004,755,249
S01001532,587,426,161
S01001533,848,631,217
S01001534,705,520,185
S01001535,851,653,198
S01001536,842,688,154
S01001537,619,510,109
S01001538,892,656,236
S01001539,869,652,217
S01001540,838,627,211
S01001541,878,658,220
S01001542,740,555,185
S01001543,762,583,179
S01001544,949,694,255
S01001545,799,588,211
S01001546,935,765,170
S01001547,938,760,178
S01001548,700,514,186
S01001549,1048,829,219
S01001550,657,468,189
S01001551,832,614,218
S01001552,862,576,286
S01001553,809,569,240
S01001554,993,679,314
S01001555,781,565,216
S01001556,925,612,313
S01001557,1056,724,332
S01001558,829,553,276
S01001559,514,336,178
S01001560,669,420,249
S01001561,731,523,208
S01001562,664,481,183
S01001563,638,469,169
S01001564,582,462,120
S01001565,774,521,253
S01001566,672,472,200
S01001567,962,653,309
S01001568,675,449,226
S01001569,536,339,197
S01001570,539,357,182
S01001571,752,501,251
S01001572,581,398,183
S01001573,658,421,237
S01001574,924,651,273
S01001575,780,527,253
S01001576,593,416,177
S01001577,776,558,218
S01001578,689,476,213
S01001579,848,541,307
S01001580,601,437,164
S01001581,729,535,194
S01001582,610,429,181
S01001583,484,338,146
S01001584,769,496,273
S01001585,875,570,305
S01001586,518,378,140
S01001587,823,586,237
S01001588,782,456,326
S01001589,784,536,248
S01001590,766,436,330
S01001591,629,445,184
S01001592,768,478,290
S01001593,880,622,258
S01001594,793,522,271
S01001595,733,443,290
S01001596,805,558,247
S01001597,702,448,254
S01001598,637,482,155
S01001599,887,574,313
S01001600,1043,704,339
S01001601,783,531,252
S01001602,449,296,153
S01001603,880,610,270
S01001604,682,391,291
S01001605,607,440,167
S01001606,547,373,174
S01001607,972,613,359
S01001608,900,608,292
S01001609,942,664,278
S01001610,568,395,173
S01001611,777,532,245
S01001612,848,622,226
S01001613,861,564,297
S01001614,634,441,193
S01001615,774,520,254
S01001616,587,435,152
S01001617,714,510,204
S01001618,922,628,294
S01001619,723,554,169
S01001620,813,683,130
S01001621,763,583,180
S01001622,907,602,305
S01001623,725,547,178
S01001624,1051,768,283
S01001625,756,522,234
S01001626,806,536,270
S01001627,715,526,189
S01001628,585,395,190
S01001629,615,476,139
S01001630,548,336,212
S01001631,941,659,282
S01001632,619,425,194
S01001633,941,678,263
S01001634,834,567,267
S01001635,742,532,210
S01001636,575,433,142
S01001637,741,549,192
S01001638,883,586,297
S01001639,675,535,140
S01001640,689,490,199
S01001641,612,450,162
S01001642,950,713,237
S01001643,762,580,182
S01001644,765,576,189
S01001645,919,589,330
S01001646,581,407,174
S01001647,660,499,161
S01001648,776,607,169
S01001649,759,579,180
S01001650,898,686,212
S01001651,908,662,246
S01001652,816,550,266
S01001653,669,396,273
S01001654,601,467,134
S01001655,609,425,184
S01001656,968,747,221
S01001657,512,360,152
S01001658,925,673,252
S01001659,645,479,166
S01001660,652,510,142
S01001661,648,479,169
S01001662,769,568,201
S01001663,782,567,215
S01001664,543,364,179
S01001665,761,591,170
S01001666,612,435,177
S01001667,771,587,184
S01001668,692,521,171
S01001669,639,399,240
S01001670,689,526,163
S01001671,568,438,130
S01001672,589,421,168
S01001673,666,457,209
S01001674,711,547,164
S01001675,677,507,170
S01001676,966,820,146
S01001677,835,646,189
S01001678,942,685,257
S01001679,696,580,116
S01001680,601,470,131
S01001681,649,544,105
S01001682,522,400,122
S01001683,736,585,151
S01001684,575,412,163
S01001685,680,553,127
S01001686,937,777,160
S01001687,992,857,135
S01001688,838,652,186
S01001689,727,639,88
S01001690,545,444,101
S01001691,819,688,131
S01001692,608,503,105
S01001693,808,610,198
S01001694,644,503,141
S01001695,744,638,106
S01001696,762,598,164
S01001697,807,623,184
S01001698,523,407,116
S01001699,666,527,139
S01001700,980,795,185
S01001701,889,709,180
S01001702,954,818,136
S01001703,757,600,157
S01001704,937,821,116
S01001705,590,473,117
S01001706,784,640,144
S01001707,693,503,190
S01001708,943,772,171
S01001709,605,467,138
S01001710,663,471,192
S01001711,765,613,152
S01001712,517,409,108
S01001713,957,743,214
S01001714,707,543,164
S01001715,960,760,200
S01001716,785,637,148
S01001717,776,595,181
S01001718,505,367,138
S01001719,795,609,186
S01001720,690,505,185
S01001721,584,477,107
S01001722,754,608,146
S01001723,709,609,100
S01001724,732,585,147
S01001725,715,563,152
S01001726,662,500,162
S01001727,880,681,199
S01001728,672,520,152
S01001729,970,797,173
S01001730,630,494,136
S01001731,635,509,126
S01001732,596,441,155
S01001733,733,570,163
S01001734,527,423,104
S01001735,506,428,78
S01001736,999,873,126
S01001737,614,487,127
S01001738,619,483,136
S01001739,628,463,165
S01001740,788,573,215
S01001741,650,514,136
S01001742,707,541,166
S01001743,911,701,210
S01001744,616,482,134
S01001745,830,649,181
S01001746,1019,830,189
S01001747,874,703,171
S01001748,640,502,138
S01001749,761,599,162
S01001750,731,536,195
S01001751,914,677,237
S01001752,994,763,231
S01001753,851,623,228
S01001754,820,676,144
S01001755,918,763,155
S01001756,653,540,113
S01001757,762,577,185
S01001758,766,598,168
S01001759,609,420,189
S01001760,698,564,134
S01001761,691,551,140
S01001762,987,812,175
S01001763,840,660,180
S01001764,530,405,125
S01001765,993,780,213
S01001766,696,544,152
S01001767,628,504,124
S01001768,617,467,150
S01001769,718,593,125
S01001770,542,406,136
S01001771,804,664,140
S01001772,539,459,80
S01001773,956,725,231
S01001774,631,478,153
S01001775,751,637,114
S01001776,613,489,124
S01001777,924,683,241
S01001778,904,745,159
S01001779,538,454,84
S01001780,807,623,184
S01001781,669,551,118
S01001782,936,779,157
S01001783,638,454,184
S01001784,587,490,97
S01001785,679,526,153
S01001786,629,473,156
S01001787,642,548,94
S01001788,874,667,207
S01001789,531,389,142
S01001790,762,525,237
S01001791,748,530,218
S01001792,736,529,207
S01001793,851,574,277
S01001794,924,655,269
S01001795,875,654,221
S01001796,813,585,228
S01001797,701,517,184
S01001798,909,658,251
S01001799,1022,509,513
S01001800,999,693,306
S01001801,954,650,304
S01001802,819,508,311
S01001803,1003,650,353
S01001804,1076,667,409
S01001805,784,517,267
S01001806,657,461,196
S01001807,844,619,225
S01001808,633,387,246
S01001809,758,425,333
S01001810,947,626,321
S01001811,716,516,200
S01001812,566,379,187
S01001813,715,567,148
S01001814,753,566,187
S01001815,879,628,251
S01001816,1076,744,332
S01001817,694,445,249
S01001818,767,571,196
S01001819,1032,788,244
S01001820,800,488,312
S01001821,524,411,113
S01001822,1014,693,321
S01001823,798,539,259
S01001824,780,551,229
S01001825,815,552,263
S01001826,571,366,205
S01001827,922,577,345
S01001828,791,559,232
S01001829,705,483,222
S01001830,936,646,290
S01001831,765,538,227
S01001832,677,412,265
S01001833,969,669,300
S01001834,576,391,185
S01001835,645,469,176
S01001836,740,533,207
S01001837,938,653,285
S01001838,583,379,204
S01001839,956,566,390
S01001840,736,523,213
S01001841,740,479,261
S01001842,814,551,263
S01001843,755,482,273
S01001844,2647,1796,851
S01001845,848,582,266
S01001846,943,616,327
S01001847,823,535,288
S01001848,788,531,257
S01001849,631,455,176
S01001850,784,510,274
S01001851,786,504,282
S01001852,808,584,224
S01001853,776,523,253
S01001854,1295,1026,269
S01001855,758,487,271
S01001856,588,434,154
S01001857,806,543,263
S01001858,890,592,298
S01001859,966,617,349
S01001860,1074,746,328
S01001861,895,548,347
S01001862,909,657,252
S01001863,916,602,314
S01001864,894,552,342
S01001865,707,384,323
S01001866,704,470,234
S01001867,548,335,213
S01001868,673,475,198
S01001869,845,583,262
S01001870,733,388,345
S01001871,864,586,278
S01001872,809,536,273
S01001873,809,578,231
S01001874,720,361,359
S01001875,880,582,298
S01001876,1055,685,370
S01001877,986,453,533
S01001878,953,665,288
S01001879,676,362,314
S01001880,745,405,340
S01001881,674,526,148
S01001882,771,503,268
S01001883,569,366,203
S01001884,998,698,300
S01001885,1098,813,285
S01001886,548,339,209
S01001887,795,489,306
S01001888,907,652,255
S01001889,577,404,173
S01001890,927,581,346
S01001891,665,455,210
S01001892,769,415,354
S01001893,973,597,376
S01001894,739,382,357
S01001895,756,512,244
S01001896,844,496,348
S01001897,884,441,443
S01001898,590,386,204
S01001899,796,515,281
S01001900,783,571,212
S01001901,982,676,306
S01001902,902,599,303
S01001903,588,366,222
S01001904,637,416,221
S01001905,920,565,355
S01001906,429,291,138
S01001907,794,556,238
S01001908,884,599,285
S01001909,669,372,297
S01001910,766,459,307
S01001911,760,454,306
S01001912,793,493,300
S01001913,983,666,317
S01001914,603,419,184
S01001915,849,603,246
S01001916,815,498,317
S01001917,724,492,232
S01001918,866,532,334
S01001919,908,604,304
S01001920,720,501,219
S01001921,602,448,154
S01001922,782,470,312
S01001923,341,240,101
S01001924,729,477,252
S01001925,807,539,268
S01001926,644,375,269
S01001927,913,623,290
S01001928,1097,723,374
S01001929,754,500,254
S01001930,772,475,297
S01001931,754,472,282
S01001932,1338,927,411
S01001933,866,589,277
S01001934,793,555,238
S01001935,720,412,308
S01001936,945,622,323
S01001937,900,615,285
S01001938,595,381,214
S01001939,475,252,223
S01001940,740,464,276
S01001941,947,607,340
S01001942,562,368,194
S01001943,621,392,229
S01001944,680,483,197
S01001945,729,502,227
S01001946,838,479,359
S01001947,843,594,249
S01001948,766,370,396
S01001949,724,459,265
S01001950,907,596,311
S01001951,833,590,243
S01001952,764,439,325
S01001953,795,486,309
S01001954,447,301,146
S01001955,800,520,280
S01001956,789,451,338
S01001957,292,146,146
S01001958,876,612,264
S01001959,624,408,216
S01001960,879,497,382
S01001961,955,499,456
S01001962,833,588,245
S01001963,766,519,247
S01001964,778,472,306
S01001965,830,593,237
S01001966,773,451,322
S01001967,675,351,324
S01001968,836,562,274
S01001969,648,418,230
S01001970,614,387,227
S01001971,774,530,244
S01001972,765,368,397
S01001973,704,440,264
S01001974,797,478,319
S01001975,845,575,270
S01001976,753,461,292
S01001977,783,547,236
S01001978,741,447,294
S01001979,630,360,270
S01001980,685,355,330
S01001981,724,415,309
S01001982,302,176,126
S01001983,765,404,361
S01001984,531,275,256
S01001985,777,469,308
S01001986,622,355,267
S01001987,825,492,333
S01001988,794,482,312
S01001989,879,638,241
S01001990,999,611,388
S01001991,792,490,302
S01001992,916,597,319
S01001993,761,459,302
S01001994,845,415,430
S01001995,687,411,276
S01001996,867,489,378
S01001997,744,517,227
S01001998,716,405,311
S01001999,748,417,331
S01002000,762,491,271
S01002001,766,441,325
S01002002,738,399,339
S01002003,827,586,241
S01002004,799,452,347
S01002005,796,568,228
S01002006,938,553,385
S01002007,934,491,443
S01002008,863,491,372
S01002009,799,454,345
S01002010,514,291,223
S01002011,1088,735,353
S01002012,778,464,314
S01002013,796,485,311
S01002014,814,459,355
S01002015,878,589,289
S01002016,550,293,257
S01002017,1069,636,433
S01002018,832,626,206
S01002019,788,437,351
S01002020,431,219,212
S01002021,965,642,323
S01002022,765,541,224
S01002023,760,370,390
S01002024,745,376,369
S01002025,828,442,386
S01002026,680,496,184
S01002027,1047,565,482
S01002028,2692,1731,961
S01002029,756,412,344
S01002030,771,411,360
S01002031,659,385,274
S01002032,711,365,346
S01002033,753,419,334
S01002034,717,384,333
S01002035,772,533,239
S01002036,825,447,378
S01002037,680,384,296
S01002038,580,322,258
S01002039,638,416,222
S01002040,532,288,244
S01002041,929,515,414
S01002042,934,685,249
S01002043,784,519,265
S01002044,703,383,320
S01002045,871,635,236
S01002046,573,318,255
S01002047,761,474,287
S01002048,866,464,402
S01002049,1096,553,543
S01002050,710,509,201
S01002051,818,554,264
S01002052,752,386,366
S01002053,760,416,344
S01002054,595,393,202
S01002055,902,595,307
S01002056,942,654,288
S01002057,858,549,309
S01002058,668,409,259
S01002059,711,372,339
S01002060,742,419,323
S01002061,663,346,317
S01002062,625,399,226
S01002063,984,569,415
S01002064,803,455,348
S01002065,764,391,373
S01002066,703,399,304
S01002067,809,569,240
S01002068,896,513,383
S01002069,600,409,191
S01002070,662,409,253
S01002071,605,336,269
S01002072,1099,683,416
S01002073,634,348,286
S01002074,660,493,167
S01002075,876,538,338
S01002076,838,449,389
S01002077,839,623,216
S01002078,862,622,240
S01002079,751,415,336
S01002080,979,706,273
S01002081,697,352,345
S01002082,835,546,289
S01002083,544,371,173
S01002084,554,330,224
S01002085,654,394,260
S01002086,547,344,203
S01002087,935,573,362
S01002088,908,577,331
S01002089,991,686,305
S01002090,1076,761,315
S01002091,796,443,353
S01002092,1004,753,251
S01002093,767,388,379
S01002094,742,485,257
S01002095,572,455,117
S01002096,832,620,212
S01002097,801,609,192
S01002098,707,509,198
S01002099,851,498,353
S01002100,596,380,216
S01002101,900,497,403
S01002102,655,432,223
S01002103,744,530,214
S01002104,1031,653,378
S01002105,1021,765,256
S01002106,965,595,370
S01002107,546,398,148
S01002108,959,510,449
S01002109,866,487,379
S01002110,687,468,219
S01002111,1023,729,294
S01002112,1044,635,409
S01002113,762,582,180
S01002114,715,484,231
S01002115,1055,648,407
S01002116,804,507,297
S01002117,631,347,284
S01002118,895,546,349
S01002119,602,410,192
S01002120,762,490,272
S01002121,705,490,215
S01002122,986,807,179
S01002123,1268,893,375
S01002124,763,528,235
S01002125,1093,614,479
S01002126,669,466,203
S01002127,728,434,294
S01002128,738,451,287
S01002129,835,570,265
S01002130,656,510,146
S01002131,652,395,257
S01002132,790,525,265
S01002133,1096,698,398
S01002134,618,448,170
S01002135,863,619,244
S01002136,705,439,266
S01002137,885,567,318
S01002138,628,474,154
S01002139,703,458,245
S01002140,906,564,342
S01002141,688,382,306
S01002142,1050,747,303
S01002143,763,583,180
S01002144,721,542,179
S01002145,976,626,350
S01002146,913,543,370
S01002147,965,604,361
S01002148,864,629,235
S01002149,1022,656,366
S01002150,689,398,291
S01002151,1106,565,541
S01002152,821,510,311
S01002153,540,386,154
S01002154,895,621,274
S01002155,1012,639,373
S01002156,759,463,296
S01002157,816,534,282
S01002158,771,456,315
S01002159,754,476,278
S01002160,791,453,338
S01002161,710,401,309
S01002162,1018,627,391
S01002163,1003,516,487
S01002164,854,566,288
S01002165,957,624,333
S01002166,804,506,298
S01002167,660,444,216
S01002168,1005,577,428
S01002169,783,505,278
S01002170,871,628,243
S01002171,624,440,184
S01002172,736,565,171
S01002173,953,627,326
S01002174,913,492,421
S01002175,973,556,417
S01002176,800,590,210
S01002177,790,464,326
S01002178,916,506,410
S01002179,692,497,195
S01002180,504,279,225
S01002181,762,438,324
S01002182,731,384,347
S01002183,842,445,397
S01002184,792,547,245
S01002185,802,506,296
S01002186,737,395,342
S01002187,903,537,366
S01002188,783,513,270
S01002189,732,410,322
S01002190,780,473,307
S01002191,801,526,275
S01002192,866,558,308
S01002193,916,606,310
S01002194,744,506,238
S01002195,909,534,375
S01002196,667,432,235
S01002197,566,334,232
S01002198,852,451,401
S01002199,745,409,336
S01002200,795,590,205
S01002201,888,478,410
S01002202,688,378,310
S01002203,475,257,218
S01002204,711,497,214
S01002205,767,454,313
S01002206,546,293,253
S01002207,844,592,252
S01002208,557,310,247
S01002209,916,494,422
S01002210,610,341,269
S01002211,570,403,167
S01002212,1012,669,343
S01002213,829,521,308
S01002214,768,389,379
S01002215,995,749,246
S01002216,774,444,330
S01002217,914,547,367
S01002218,556,287,269
S01002219,672,450,222
S01002220,792,562,230
S01002221,767,427,340
S01002222,836,614,222
S01002223,719,501,218
S01002224,746,578,168
S01002225,721,411,310
S01002226,1037,604,433
S01002227,835,570,265
S01002228,978,737,241
S01002229,785,608,177
S01002230,972,546,426
S01002231,1136,752,384
S01002232,715,506,209
S01002233,931,485,446
S01002234,783,478,305
S01002235,968,547,421
S01002236,907,535,372
S01002237,1103,716,387
S01002238,567,403,164
S01002239,939,595,344
S01002240,748,471,277
S01002241,890,549,341
S01002242,788,589,199
S01002243,767,446,321
S01002244,724,436,288
S01002245,949,568,381
S01002246,834,493,341
S01002247,866,517,349
S01002248,1169,808,361
S01002249,784,520,264
S01002250,973,585,388
S01002251,744,548,196
S01002252,607,422,185
S01002253,1005,642,363
S01002254,788,441,347
S01002255,1039,576,463
S01002256,768,516,252
S01002257,713,453,260
S01002258,777,463,314
S01002259,537,375,162
S01002260,853,625,228
S01002261,1022,737,285
S01002262,789,561,228
S01002263,794,574,220
S01002264,867,507,360
S01002265,1038,539,499
S01002266,592,347,245
S01002267,972,520,452
S01002268,715,510,205
S01002269,910,583,327
S01002270,914,499,415
S01002271,853,567,286
S01002272,560,313,247
S01002273,792,435,357
S01002274,719,443,276
S01002275,897,489,408
S01002276,813,624,189
S01002277,781,451,330
S01002278,1064,557,507
S01002279,961,534,427
S01002280,797,510,287
S01002281,709,366,343
S01002282,341,195,146
S01002283,744,524,220
S01002284,1023,656,367
S01002285,782,476,306
S01002286,783,469,314
S01002287,772,506,266
S01002288,749,400,349
S01002289,799,537,262
S01002290,795,444,351
S01002291,838,439,399
S01002292,810,470,340
S01002293,874,531,343
S01002294,632,422,210
S01002295,758,512,246
S01002297,929,650,279
S01002298,744,477,267
S01002299,841,579,262
S01002300,792,585,207
S01002301,860,517,343
S01002302,749,410,339
S01002303,832,475,357
S01002304,798,403,395
S01002305,834,438,396
S01002306,475,301,174
S01002307,634,332,302
S01002308,911,596,315
S01002309,741,457,284
S01002310,848,530,318
S01002311,731,527,204
S01002312,653,381,272
S01002313,737,465,272
S01002314,831,531,300
S01002315,558,413,145
S01002316,751,548,203
S01002317,879,512,367
S01002318,845,487,358
S01002319,1105,687,418
S01002320,638,410,228
S01002321,892,449,443
S01002322,689,393,296
S01002323,785,506,279
S01002324,761,427,334
S01002325,577,371,206
S01002326,827,480,347
S01002327,682,481,201
S01002328,765,521,244
S01002329,708,442,266
S01002330,798,552,246
S01002331,709,528,181
S01002332,958,643,315
S01002333,834,557,277
S01002334,827,561,266
S01002335,983,682,301
S01002336,1019,726,293
S01002337,977,647,330
S01002338,579,315,264
S01002339,632,591,41
S01002340,540,506,34
S01002341,560,540,20
S01002342,614,581,33
S01002343,777,713,64
S01002344,532,485,47
S01002345,717,616,101
S01002346,921,815,106
S01002347,736,642,94
S01002348,958,884,74
S01002349,960,879,81
S01002350,965,835,130
S01002351,652,535,117
S01002352,849,730,119
S01002353,745,636,109
S01002354,782,689,93
S01002355,881,761,120
S01002356,774,660,114
S01002357,710,609,101
S01002358,530,452,78
S01002359,948,873,75
S01002360,717,641,76
S01002361,606,550,56
S01002362,691,593,98
S01002363,928,808,120
S01002364,748,654,94
S01002365,544,453,91
S01002366,559,496,63
S01002367,871,774,97
S01002368,867,765,102
S01002369,528,467,61
S01002370,724,624,100
S01002371,644,575,69
S01002372,798,729,69
S01002373,631,551,80
S01002374,710,622,88
S01002375,895,668,227
S01002376,868,577,291
S01002377,850,655,195
S01002378,556,399,157
S01002379,945,644,301
S01002380,702,495,207
S01002381,829,552,277
S01002382,666,442,224
S01002383,544,407,137
S01002384,554,348,206
S01002385,819,525,294
S01002386,995,699,296
S01002387,617,436,181
S01002388,824,619,205
S01002389,746,596,150
S01002390,735,549,186
S01002391,883,662,221
S01002392,897,622,275
S01002393,520,392,128
S01002394,662,479,183
S01002395,768,481,287
S01002396,754,564,190
S01002397,1120,785,335
S01002398,834,596,238
S01002399,1017,728,289
S01002400,887,611,276
S01002401,964,654,310
S01002402,895,592,303
S01002403,773,512,261
S01002404,990,723,267
S01002405,777,582,195
S01002406,790,548,242
S01002407,803,567,236
S01002408,885,618,267
S01002409,715,562,153
S01002410,532,354,178
S01002411,667,496,171
S01002412,1006,705,301
S01002413,703,475,228
S01002414,613,372,241
S01002415,773,601,172
S01002416,533,390,143
S01002417,722,544,178
S01002418,945,673,272
S01002419,542,392,150
S01002420,694,581,113
S01002421,876,634,242
S01002422,604,471,133
S01002423,679,529,150
S01002424,900,645,255
S01002425,811,607,204
S01002426,634,435,199
S01002427,805,600,205
S01002428,532,423,109
S01002429,724,598,126
S01002430,565,378,187
S01002431,760,559,201
S01002432,716,491,225
S01002433,534,379,155
S01002434,923,667,256
S01002435,717,458,259
S01002436,760,554,206
S01002437,501,348,153
S01002438,710,478,232
S01002439,812,627,185
S01002440,913,593,320
S01002441,638,470,168
S01002442,459,324,135
S01002443,573,396,177
S01002444,531,319,212
S01002445,749,482,267
S01002446,818,613,205
S01002447,737,465,272
S01002448,574,417,157
S01002449,480,361,119
S01002450,712,496,216
S01002451,1092,747,345
S01002452,568,358,210
S01002453,799,595,204
S01002454,807,617,190
S01002455,627,447,180
S01002456,1019,764,255
S01002457,822,534,288
S01002458,877,559,318
S01002459,525,333,192
S01002460,846,551,295
S01002461,477,359,118
S01002462,673,478,195
S01002463,1013,659,354
S01002464,545,381,164
S01002465,582,441,141
S01002466,996,683,313
S01002467,454,335,119
S01002468,610,431,179
S01002469,651,463,188
S01002470,856,648,208
S01002471,510,364,146
S01002472,581,345,236
S01002473,847,545,302
S01002474,479,281,198
S01002475,531,355,176
S01002476,827,554,273
S01002477,835,590,245
S01002478,935,677,258
S01002479,739,508,231
S01002480,568,410,158
S01002481,1001,766,235
S01002482,859,517,342
S01002483,701,434,267
S01002484,851,559,292
S01002485,892,662,230
S01002486,557,409,148
S01002487,463,345,118
S01002488,671,485,186
S01002489,553,379,174
S01002490,619,444,175
S01002491,499,374,125
S01002492,634,454,180
S01002493,943,723,220
S01002494,697,515,182
S01002495,696,452,244
S01002496,629,492,137
S01002497,648,433,215
S01002498,723,573,150
S01002499,858,594,264
S01002500,580,411,169
S01002501,497,349,148
S01002502,890,544,346
S01002503,575,426,149
S01002504,914,693,221
S01002505,772,522,250
S01002506,875,675,200
S01002507,607,462,145
S01002508,831,641,190
S01002509,1000,656,344
S01002510,1022,760,262
S01002511,498,346,152
S01002512,544,354,190
S01002513,848,628,220
S01002514,593,404,189
S01002515,615,436,179
S01002516,744,538,206
S01002517,609,478,131
S01002518,729,515,214
S01002519,821,567,254
S01002520,520,335,185
S01002521,582,425,157
S01002522,704,539,165
S01002523,712,569,143
S01002524,590,387,203
S01002525,699,529,170
S01002526,578,434,144
S01002527,781,546,235
S01002528,735,578,157
S01002529,902,585,317
S01002530,755,554,201
S01002531,730,462,268
S01002532,774,623,151
S01002533,864,517,347
S01002534,978,652,326
S01002535,500,397,103
S01002536,510,326,184
S01002537,604,425,179
S01002538,956,721,235
S01002539,811,599,212
S01002540,557,442,115
S01002541,989,700,289
S01002542,586,408,178
S01002543,602,418,184
S01002544,790,517,273
S01002545,635,524,111
S01002546,683,478,205
S01002547,655,426,229
S01002548,991,722,269
S01002549,570,466,104
S01002550,544,406,138
S01002551,595,415,180
S01002552,593,485,108
S01002553,819,596,223
S01002554,661,473,188
S01002555,726,573,153
S01002556,778,502,276
S01002557,839,591,248
S01002558,530,373,157
S01002559,687,518,169
S01002560,570,440,130
S01002561,685,418,267
S01002562,654,492,162
S01002563,1163,920,243
S01002564,620,461,159
S01002565,911,672,239
S01002566,779,594,185
S01002567,571,385,186
S01002568,732,559,173
S01002569,977,656,321
S01002570,619,465,154
S01002571,604,474,130
S01002572,579,385,194
S01002573,523,315,208
S01002574,781,431,350
S01002575,846,489,357
S01002576,741,512,229
S01002577,965,532,433
S01002578,779,546,233
S01002579,809,548,261
S01002580,799,464,335
S01002581,783,499,284
S01002582,720,486,234
S01002583,790,441,349
S01002584,780,510,270
S01002585,877,597,280
S01002586,556,362,194
S01002587,718,483,235
S01002588,787,548,239
S01002589,789,572,217
S01002590,757,559,198
S01002591,576,351,225
S01002592,815,557,258
S01002593,777,430,347
S01002594,680,402,278
S01002595,621,381,240
S01002596,752,503,249
S01002597,517,259,258
S01002598,916,532,384
S01002599,551,336,215
S01002600,882,574,308
S01002601,668,417,251
S01002602,528,333,195
S01002603,744,414,330
S01002604,993,686,307
S01002605,632,392,240
S01002606,601,347,254
S01002607,872,549,323
S01002608,600,395,205
S01002609,791,532,259
S01002610,928,572,356
S01002611,854,513,341
S01002612,762,534,228
S01002613,904,623,281
S01002614,943,610,333
S01002615,467,300,167
S01002616,633,441,192
S01002617,940,595,345
S01002618,793,490,303
S01002619,789,524,265
S01002620,826,530,296
S01002621,630,425,205
S01002622,903,578,325
S01002623,684,459,225
S01002624,723,468,255
S01002625,856,596,260
S01002626,759,420,339
S01002627,1064,755,309
S01002628,805,531,274
S01002629,821,566,255
S01002630,638,430,208
S01002631,741,516,225
S01002632,596,374,222
S01002633,1000,656,344
S01002634,781,576,205
S01002635,594,389,205
S01002636,562,406,156
S01002637,800,494,306
S01002638,790,450,340
S01002639,956,636,320
S01002640,765,520,245
S01002641,961,617,344
S01002642,573,399,174
S01002643,521,332,189
S01002644,761,548,213
S01002645,652,367,285
S01002646,659,390,269
S01002647,939,638,301
S01002648,760,472,288
S01002649,755,396,359
S01002650,673,500,173
S01002651,667,393,274
S01002652,733,472,261
S01002653,762,419,343
S01002654,725,475,250
S01002655,702,386,316
S01002656,676,389,287
S01002657,815,609,206
S01002658,1004,609,395
S01002659,929,650,279
S01002660,865,520,345
S01002661,822,567,255
S01002662,814,547,267
S01002663,709,440,269
S01002664,940,673,267
S01002665,787,595,192
S01002666,816,582,234
S01002667,647,402,245
S01002668,521,361,160
S01002669,886,579,307
S01002670,655,464,191
S01002671,963,561,402
S01002672,616,346,270
S01002673,532,314,218
S01002674,755,524,231
S01002675,931,678,253
S01002676,835,548,287
S01002677,991,570,421
S01002678,1010,680,330
S01002679,943,615,328
S01002680,940,562,378
S01002681,756,531,225
S01002682,588,361,227
S01002683,627,493,134
S01002684,725,495,230
S01002685,914,490,424
S01002686,863,564,299
S01002687,832,532,300
S01002688,718,498,220
S01002689,697,473,224
S01002690,565,402,163
S01002691,1096,727,369
S01002692,926,603,323
S01002693,450,274,176
S01002694,764,474,290
S01002695,624,444,180
S01002696,778,486,292
S01002697,916,585,331
S01002698,729,466,263
S01002699,531,324,207
S01002700,909,598,311
S01002701,916,586,330
S01002702,618,463,155
S01002703,848,549,299
S01002704,682,447,235
S01002705,679,422,257
S01002706,810,401,409
S01002707,909,522,387
S01002708,724,477,247
S01002709,615,355,260
S01002710,580,380,200
S01002711,894,503,391
S01002712,790,506,284
S01002713,797,558,239
S01002714,929,537,392
S01002715,922,536,386
S01002716,575,374,201
S01002717,766,531,235
S01002718,895,441,454
S01002719,788,444,344
S01002720,773,591,182
S01002721,804,472,332
S01002722,668,410,258
S01002723,637,403,234
S01002724,822,532,290
S01002725,912,565,347
S01002726,796,552,244
S01002727,978,633,345
S01002728,857,492,365
S01002729,941,640,301
S01002730,772,453,319
S01002731,790,522,268
S01002732,684,428,256
S01002733,627,443,184
S01002734,939,550,389
S01002735,933,642,291
S01002736,715,433,282
S01002737,743,470,273
S01002738,720,434,286
S01002739,805,574,231
S01002740,570,395,175
S01002741,865,534,331
S01002742,837,500,337
S01002743,580,346,234
S01002744,567,411,156
S01002745,609,349,260
S01002746,834,473,361
S01002747,595,385,210
S01002748,589,337,252
S01002749,779,396,383
S01002750,918,585,333
S01002751,970,544,426
S01002752,555,376,179
S01002753,662,459,203
S01002754,610,403,207
S01002755,792,429,363
S01002756,833,517,316
S01002757,580,371,209
S01002758,733,412,321
S01002759,750,427,323
S01002760,515,350,165
S01002761,764,469,295
S01002762,633,378,255
S01002763,917,470,447
S01002764,658,404,254
S01002765,751,457,294
S01002766,893,557,336
S01002767,950,569,381
S01002768,849,526,323
S01002769,787,459,328
S01002770,544,369,175
S01002771,778,414,364
S01002772,1077,744,333
S01002773,973,661,312
S01002774,787,410,377
S01002775,818,461,357
S01002776,698,371,327
S01002777,1000,647,353
S01002778,759,464,295
S01002779,637,356,281
S01002780,916,442,474
S01002781,947,635,312
S01002782,848,547,301
S01002783,792,485,307
S01002784,567,343,224
S01002785,709,378,331
S01002786,742,522,220
S01002787,773,472,301
S01002788,816,526,290
S01002789,774,549,225
S01002790,812,518,294
S01002791,676,371,305
S01002792,916,626,290
S01002793,801,497,304
S01002794,876,597,279
S01002795,673,467,206
S01002796,573,391,182
S01002797,840,548,292
S01002798,595,339,256
S01002799,622,415,207
S01002800,811,512,299
S01002801,986,560,426
S01002802,652,476,176
S01002803,836,559,277
S01002804,539,327,212
S01002805,856,564,292
S01002806,590,393,197
S01002807,720,477,243
S01002808,848,492,356
S01002809,683,490,193
S01002810,967,625,342
S01002811,959,641,318
S01002812,630,403,227
S01002813,728,502,226
S01002814,721,481,240
S01002815,786,500,286
S01002816,568,353,215
S01002817,575,364,211
S01002818,582,363,219
S01002819,828,504,324
S01002820,924,597,327
S01002821,975,592,383
S01002822,908,581,327
S01002823,825,452,373
S01002824,777,545,232
S01002825,975,575,400
S01002826,546,361,185
S01002827,670,368,302
S01002828,633,341,292
S01002829,812,542,270
S01002830,663,431,232
S01002831,800,538,262
S01002832,816,408,408
S01002833,1119,661,458
S01002834,911,550,361
S01002835,751,438,313
S01002836,581,338,243
S01002837,598,402,196
S01002838,568,352,216
S01002839,541,389,152
S01002840,683,475,208
S01002841,626,388,238
S01002842,628,355,273
S01002843,820,503,317
S01002844,605,399,206
S01002845,782,494,288
S01002846,905,577,328
S01002847,926,539,387
S01002848,853,482,371
S01002849,1051,578,473
S01002850,903,589,314
S01002851,499,364,135
S01002852,1000,529,471
S01002853,443,257,186
S01002854,839,527,312
S01002855,629,340,289
S01002856,776,463,313
S01002857,505,358,147
S01002858,480,306,174
S01002859,851,526,325
S01002860,919,513,406
S01002861,965,568,397
S01002862,640,397,243
S01002863,793,471,322
S01002864,612,383,229
S01002865,919,563,356
S01002866,1083,586,497
S01002867,578,351,227
S01002868,754,445,309
S01002869,545,328,217
S01002870,925,591,334
S01002871,606,412,194
S01002872,627,408,219
S01002873,784,446,338
S01002874,909,478,431
S01002875,678,344,334
S01002876,697,402,295
S01002877,782,410,372
S01002878,567,352,215
S01002879,861,541,320
S01002880,513,340,173
S01002881,878,576,302
S01002882,748,466,282
S01002883,1133,711,422
S01002884,804,517,287
S01002885,792,525,267
S01002886,678,404,274
S01002887,635,370,265
S01002888,603,474,129
S01002889,847,464,383
S01002890,752,426,326
S01002891,792,452,340
S01002892,664,405,259
S01002893,729,438,291
S01002894,782,567,215
S01002895,659,423,236
S01002896,719,485,234
S01002897,521,339,182
S01002898,993,671,322
S01002899,506,350,156
S01002900,744,411,333
S01002901,835,553,282
S01002902,785,584,201
S01002903,869,538,331
S01002904,651,419,232
S01002905,745,461,284
S01002906,845,540,305
S01002907,610,372,238
S01002908,787,632,155
S01002909,727,544,183
S01002910,780,471,309
S01002911,915,643,272
S01002912,980,689,291
S01002913,805,541,264
S01002914,718,386,332
S01002915,1019,569,450
S01002916,779,547,232
S01002917,671,499,172
S01002918,736,545,191
S01002919,945,465,480
S01002920,639,481,158
S01002921,679,469,210
S01002922,560,354,206
S01002923,705,467,238
S01002924,699,491,208
S01002925,1034,649,385
S01002926,819,463,356
S01002927,790,443,347
S01002928,561,426,135
S01002929,801,508,293
S01002930,663,423,240
S01002931,793,528,265
S01002932,771,486,285
S01002933,865,622,243
S01002934,953,532,421
S01002935,828,532,296
S01002936,713,478,235
S01002937,642,441,201
S01002938,805,578,227
S01002939,546,355,191
S01002940,526,405,121
S01002941,968,683,285
S01002942,538,381,157
S01002943,530,368,162
S01002944,952,708,244
S01002945,588,418,170
S01002946,641,427,214
S01002947,492,327,165
S01002948,875,618,257
S01002949,507,341,166
S01002950,747,513,234
S01002951,898,670,228
S01002952,620,424,196
S01002953,904,663,241
S01002954,869,599,270
S01002955,988,724,264
S01002956,767,489,278
S01002957,960,650,310
S01002958,562,382,180
S01002959,978,669,309
S01002960,697,511,186
S01002961,774,532,242
S01002962,628,397,231
S01002963,778,563,215
S01002964,819,579,240
S01002965,816,562,254
S01002966,838,567,271
S01002967,832,563,269
S01002968,712,530,182
S01002969,941,730,211
S01002970,522,406,116
S01002971,1082,774,308
S01002972,905,607,298
S01002973,895,662,233
S01002974,560,369,191
S01002975,550,357,193
S01002976,939,651,288
S01002977,711,480,231
S01002978,1071,847,224
S01002979,710,556,154
S01002980,790,594,196
S01002981,827,586,241
S01002982,680,494,186
S01002983,777,598,179
S01002984,743,571,172
S01002985,564,447,117
S01002986,756,584,172
S01002987,638,456,182
S01002988,698,498,200
S01002989,975,661,314
S01002990,580,405,175
S01002991,802,622,180
S01002992,694,477,217
S01002993,820,622,198
S01002994,1117,757,360
S01002995,745,479,266
S01002996,1028,695,333
S01002997,667,471,196
S01002998,788,526,262
S01002999,906,630,276
S01003000,900,658,242
S01003001,604,439,165
S01003002,764,567,197
S01003003,555,371,184
S01003004,524,384,140
S01003005,561,353,208
S01003006,737,561,176
S01003007,781,591,190
S01003008,963,733,230
S01003009,534,408,126
S01003010,601,424,177
S01003011,470,338,132
S01003012,989,723,266
S01003013,582,352,230
S01003014,683,456,227
S01003015,772,517,255
S01003016,470,288,182
S01003017,646,420,226
S01003018,782,523,259
S01003019,799,515,284
S01003020,662,456,206
S01003021,691,456,235
S01003022,980,668,312
S01003023,792,561,231
S01003024,629,425,204
S01003025,751,584,167
S01003026,627,532,95
S01003027,1148,861,287
S01003028,768,629,139
S01003029,770,612,158
S01003030,850,704,146
S01003032,454,380,74
S01003033,514,405,109
S01003034,902,691,211
S01003035,766,613,153
S01003036,773,625,148
S01003037,799,609,190
S01003038,896,699,197
S01003039,883,692,191
S01003040,850,713,137
S01003041,729,569,160
S01003042,652,525,127
S01003043,577,446,131
S01003044,936,750,186
S01003045,843,635,208
S01003046,754,596,158
S01003047,1008,802,206
S01003048,489,396,93
S01003049,584,493,91
S01003050,798,640,158
S01003051,938,706,232
S01003052,759,658,101
S01003053,929,700,229
S01003054,896,711,185
S01003055,865,687,178
S01003056,890,636,254
S01003057,709,557,152
S01003058,766,572,194
S01003059,838,666,172
S01003060,692,571,121
S01003061,849,718,131
S01003062,961,734,227
S01003063,799,618,181
S01003064,926,751,175
S01003065,919,677,242
S01003066,943,753,190
S01003067,661,609,52
S01003068,859,654,205
S01003069,606,474,132
S01003070,790,643,147
S01003071,649,542,107
S01003072,993,738,255
S01003073,763,598,165
S01003074,788,674,114
S01003075,735,559,176
S01003076,912,668,244
S01003077,1016,803,213
S01003078,722,583,139
S01003079,914,664,250
S01003080,859,637,222
S01003081,936,744,192
S01003082,742,596,146
S01003083,1072,807,265
S01003084,873,730,143
S01003085,1010,827,183
S01003086,715,566,149
S01003087,679,548,131
S01003088,1000,808,192
S01003089,620,478,142
S01003090,768,640,128
S01003091,634,509,125
S01003092,808,643,165
S01003093,1018,782,236
S01003094,1013,823,190
S01003095,837,711,126
S01003096,714,645,69
S01003097,253,208,45
S01003098,1037,749,288
S01003099,590,498,92
S01003100,860,670,190
S01003101,607,509,98
S01003102,799,640,159
S01003103,789,706,83
S01003104,999,787,212
S01003105,798,653,145
S01003106,737,528,209
S01003107,843,686,157
S01003108,735,543,192
S01003109,991,671,320
S01003110,827,596,231
S01003111,928,788,140
S01003112,952,759,193
S01003113,756,608,148
S01003114,947,825,122
S01003115,546,410,136
S01003116,872,615,257
S01003117,788,544,244
S01003118,493,403,90
S01003119,722,529,193
S01003120,1073,869,204
S01003121,964,776,188
S01003122,777,672,105
S01003123,846,679,167
S01003124,819,512,307
S01003125,796,505,291
S01003126,153,126,27
S01003127,850,709,141
S01003128,720,510,210
S01003129,1080,774,306
S01003130,786,589,197
S01003131,846,530,316
S01003132,594,446,148
S01003133,1206,801,405
S01003134,754,645,109
S01003135,759,640,119
S01003136,809,539,270
S01003137,668,445,223
S01003138,1017,786,231
S01003139,979,668,311
S01003140,945,697,248
S01003141,725,452,273
S01003142,727,604,123
S01003143,877,618,259
S01003144,910,762,148
S01003145,741,637,104
S01003146,672,413,259
S01003147,923,766,157
S01003148,775,660,115
S01003149,907,642,265
S01003150,781,662,119
S01003151,790,655,135
S01003152,917,749,168
S01003153,796,570,226
S01003154,891,627,264
S01003155,1081,859,222
S01003156,838,598,240
S01003157,982,745,237
S01003158,541,421,120
S01003159,242,202,40
S01003160,716,537,179
S01003161,609,490,119
S01003162,688,599,89
S01003163,655,441,214
S01003164,951,665,286
S01003165,985,803,182
S01003166,660,419,241
S01003167,800,648,152
S01003168,842,573,269
S01003169,1025,820,205
S01003170,935,819,116
S01003171,635,537,98
S01003172,718,535,183
S01003173,485,322,163
S01003174,803,605,198
S01003175,797,649,148
S01003176,770,483,287
S01003177,1060,741,319
S01003178,695,533,162
S01003179,716,593,123
S01003180,752,632,120
S01003181,927,783,144
S01003182,696,514,182
S01003183,701,492,209
S01003184,875,650,225
S01003185,530,453,77
S01003186,908,709,199
S01003187,904,576,328
S01003188,828,607,221
S01003189,841,610,231
S01003190,758,589,169
S01003191,529,386,143
S01003192,737,471,266
S01003193,611,518,93
S01003194,795,684,111
S01003195,818,680,138
S01003196,947,742,205
S01003197,668,551,117
S01003198,932,747,185
S01003199,876,757,119
S01003200,696,521,175
S01003201,231,185,46
S01003202,298,259,39
S01003203,862,702,160
S01003204,1021,761,260
S01003205,719,568,151
S01003206,745,584,161
S01003207,814,661,153
S01003208,900,747,153
S01003209,596,488,108
S01003210,903,672,231
S01003211,920,760,160
S01003212,779,633,146
S01003213,592,490,102
S01003214,799,691,108
S01003215,1011,766,245
S01003216,744,590,154
S01003217,691,575,116
S01003218,744,582,162
S01003219,760,656,104
S01003220,798,652,146
S01003221,876,648,228
S01003222,775,639,136
S01003223,980,770,210
S01003224,749,647,102
S01003225,794,706,88
S01003226,792,650,142
S01003227,925,717,208
S01003228,916,772,144
S01003229,1061,837,224
S01003230,826,690,136
S01003231,984,824,160
S01003232,779,604,175
S01003233,1017,875,142
S01003234,843,599,244
S01003235,798,687,111
S01003236,832,707,125
S01003237,1025,883,142
S01003238,749,582,167
S01003239,999,803,196
S01003240,775,579,196
S01003241,828,720,108
S01003242,1036,840,196
S01003243,884,704,180
S01003244,999,842,157
S01003245,849,721,128
S01003246,1007,848,159
S01003247,757,625,132
S01003248,809,673,136
S01003249,707,558,149
S01003250,582,502,80
S01003251,834,727,107
S01003252,697,584,113
S01003253,822,718,104
S01003254,613,517,96
S01003255,885,749,136
S01003256,924,701,223
S01003257,822,732,90
S01003258,919,791,128
S01003259,1111,933,178
S01003260,781,652,129
S01003261,925,805,120
S01003262,778,567,211
S01003263,753,648,105
S01003264,584,486,98
S01003265,726,580,146
S01003266,749,670,79
S01003267,970,803,167
S01003268,793,613,180
S01003269,910,743,167
S01003270,792,605,187
S01003271,819,602,217
S01003272,931,755,176
S01003273,694,584,110
S01003274,538,484,54
S01003275,967,818,149
S01003276,784,658,126
S01003277,678,548,130
S01003278,854,693,161
S01003279,459,384,75
S01003280,926,717,209
S01003281,554,456,98
S01003282,862,725,137
S01003283,776,633,143
S01003284,908,728,180
S01003285,367,269,98
S01003286,1048,850,198
S01003287,603,487,116
S01003288,778,642,136
S01003289,302,268,34
S01003290,767,631,136
S01003291,756,630,126
S01003292,784,627,157
S01003293,942,783,159
S01003294,790,619,171
S01003295,1061,874,187
S01003296,617,491,126
S01003297,537,425,112
S01003298,1015,816,199
S01003299,420,335,85
S01003300,839,688,151
S01003301,781,647,134
S01003302,585,441,144
S01003303,883,573,310
S01003304,781,628,153
S01003305,750,575,175
S01003306,943,766,177
S01003307,1075,881,194
S01003308,900,725,175
S01003309,791,654,137
S01003310,796,631,165
S01003311,794,654,140
S01003312,649,523,126
S01003313,944,742,202
S01003314,598,496,102
S01003315,615,449,166
S01003316,736,523,213
S01003317,718,577,141
S01003318,843,709,134
S01003320,646,452,194
S01003321,790,624,166
S01003322,799,544,255
S01003323,668,535,133
S01003324,561,416,145
S01003325,852,652,200
S01003326,799,638,161
S01003327,692,526,166
S01003328,586,368,218
S01003329,832,660,172
S01003330,986,740,246
S01003331,636,572,64
S01003332,439,351,88
S01003333,940,783,157
S01003334,865,708,157
S01003335,543,351,192
S01003336,905,783,122
S01003337,949,813,136
S01003338,900,724,176
S01003339,827,634,193
S01003340,1072,876,196
S01003341,795,618,177
S01003342,677,578,99
S01003343,611,489,122
S01003344,596,475,121
S01003345,1019,802,217
S01003346,902,784,118
S01003347,822,705,117
S01003348,759,543,216
S01003349,881,685,196
S01003350,731,565,166
S01003351,1079,819,260
S01003352,831,710,121
S01003353,635,500,135
S01003354,832,724,108
S01003355,879,738,141
S01003356,919,743,176
S01003357,424,343,81
S01003358,859,594,265
S01003359,977,762,215
S01003360,807,651,156
S01003361,759,660,99
S01003362,813,661,152
S01003363,793,659,134
S01003364,664,502,162
S01003365,755,585,170
S01003366,548,340,208
S01003367,1058,860,198
S01003368,973,693,280
S01003369,734,652,82
S01003370,776,518,258
S01003371,754,505,249
S01003372,741,597,144
S01003373,667,441,226
S01003374,529,442,87
S01003375,756,624,132
S01003376,530,453,77
S01003377,789,680,109
S01003378,823,665,158
S01003379,650,513,137
S01003380,786,564,222
S01003381,705,583,122
S01003382,704,532,172
S01003383,954,814,140
S01003384,1025,863,162
S01003385,851,593,258
S01003386,689,594,95
S01003387,794,568,226
S01003388,1011,809,202
S01003389,980,736,244
S01003390,956,777,179
S01003391,818,648,170
S01003392,793,607,186
S01003393,1036,913,123
S01003394,725,585,140
S01003395,744,519,225
S01003396,815,570,245
S01003397,878,671,207
S01003398,884,691,193
S01003399,1573,1125,448
S01003400,688,602,86
S01003401,792,653,139
S01003402,695,518,177
S01003403,755,548,207
S01003404,482,421,61
S01003405,838,695,143
S01003406,721,547,174
S01003407,734,620,114
S01003408,662,493,169
S01003409,835,644,191
S01003410,770,476,294
S01003411,777,608,169
S01003412,915,667,248
S01003413,806,651,155
S01003414,547,444,103
S01003415,1334,1038,296
S01003416,882,727,155
S01003417,803,611,192
S01003418,948,764,184
S01003419,970,819,151
S01003420,519,381,138
S01003421,559,491,68
S01003422,794,658,136
S01003423,552,356,196
S01003424,994,755,239
S01003425,931,615,316
S01003426,1001,746,255
S01003427,943,822,121
S01003428,666,539,127
S01003429,947,623,324
S01003430,759,488,271
S01003431,660,565,95
S01003432,936,544,392
S01003433,981,604,377
S01003434,910,762,148
S01003435,672,529,143
S01003436,583,449,134
S01003437,610,366,244
S01003438,902,561,341
S01003439,897,728,169
S01003440,500,424,76
S01003441,1025,767,258
S01003442,731,620,111
S01003443,959,792,167
S01003444,654,553,101
S01003445,870,747,123
S01003446,530,332,198
S01003447,1785,1446,339
S01003448,743,640,103
S01003449,883,530,353
S01003450,787,515,272
S01003451,763,559,204
S01003452,1077,892,185
S01003453,737,481,256
S01003454,723,522,201
S01003455,591,481,110
S01003456,387,299,88
S01003457,945,798,147
S01003458,904,782,122
S01003459,915,749,166
S01003460,897,577,320
S01003461,791,688,103
S01003462,611,470,141
S01003463,799,602,197
S01003464,924,588,336
S01003465,790,498,292
S01003466,750,534,216
S01003467,757,639,118
S01003468,732,474,258
S01003469,863,581,282
S01003470,811,495,316
S01003471,720,611,109
S01003472,811,636,175
S01003473,931,706,225
S01003474,746,450,296
S01003475,764,570,194
S01003476,819,668,151
S01003477,972,561,411
S01003478,763,465,298
S01003479,791,533,258
S01003480,611,487,124
S01003481,1001,641,360
S01003482,657,537,120
S01003483,634,521,113
S01003484,906,500,406
S01003485,990,573,417
S01003486,833,710,123
S01003487,998,623,375
S01003488,691,620,71
S01003489,983,859,124
S01003490,640,474,166
S01003491,126,96,30
S01003492,838,617,221
S01003493,728,541,187
S01003494,776,553,223
S01003495,723,594,129
S01003496,859,562,297
S01003497,966,551,415
S01003498,997,719,278
S01003499,991,641,350
S01003500,645,476,169
S01003501,633,316,317
S01003502,669,512,157
S01003503,670,395,275
S01003504,725,417,308
S01003506,979,569,410
S01003507,528,333,195
S01003508,810,587,223
S01003509,849,500,349
S01003510,365,281,84
S01003511,979,546,433
S01003512,642,547,95
S01003513,717,399,318
S01003514,799,453,346
S01003515,750,679,71
S01003516,707,590,117
S01003517,681,454,227
S01003518,979,708,271
S01003519,542,404,138
S01003520,673,404,269
S01003521,524,332,192
S01003522,756,390,366
S01003523,577,480,97
S01003524,1055,675,380
S01003525,974,623,351
S01003526,925,509,416
S01003527,910,665,245
S01003528,604,485,119
S01003529,543,419,124
S01003530,791,433,358
S01003531,795,587,208
S01003532,1057,749,308
S01003533,353,287,66
S01003534,943,715,228
S01003535,709,490,219
S01003536,1031,629,402
S01003537,796,583,213
S01003538,670,595,75
S01003539,975,638,337
S01003540,490,403,87
S01003541,734,618,116
S01003542,838,493,345
S01003543,615,519,96
S01003544,553,286,267
S01003545,980,565,415
S01003546,828,637,191
S01003547,790,483,307
S01003549,770,628,142
S01003550,713,531,182
S01003551,745,602,143
S01003552,882,536,346
S01003553,691,589,102
S01003554,776,422,354
S01003555,818,434,384
S01003556,723,449,274
S01003557,785,633,152
S01003558,949,581,368
S01003559,897,581,316
S01003560,1029,729,300
S01003561,1003,741,262
S01003562,697,514,183
S01003563,608,548,60
S01003564,708,604,104
S01003565,856,678,178
S01003566,750,407,343
S01003567,924,752,172
S01003568,734,480,254
S01003569,725,559,166
S01003570,772,497,275
S01003571,897,674,223
S01003572,925,745,180
S01003573,919,769,150
S01003574,886,535,351
S01003575,887,686,201
S01003576,846,597,249
S01003577,742,639,103
S01003578,279,228,51
S01003579,632,507,125
S01003580,881,635,246
S01003581,1783,1196,587
S01003582,584,494,90
S01003583,527,452,75
S01003584,767,613,154
S01003585,557,409,148
S01003586,921,745,176
S01003587,1060,683,377
S01003588,721,573,148
S01003589,1250,857,393
S01003590,688,520,168
S01003591,1149,829,320
S01003592,841,641,200
S01003593,694,564,130
S01003594,1013,695,318
S01003595,769,643,126
S01003596,775,610,165
S01003597,638,498,140
S01003598,725,658,67
S01003599,606,518,88
S01003600,840,727,113
S01003601,844,608,236
S01003602,728,611,117
S01003603,835,619,216
S01003604,787,550,237
S01003605,668,494,174
S01003606,879,753,126
S01003607,557,448,109
S01003608,540,419,121
S01003609,1049,673,376
S01003610,748,540,208
S01003611,756,626,130
S01003612,911,687,224
S01003613,848,673,175
S01003614,568,419,149
S01003615,542,424,118
S01003616,701,481,220
S01003617,953,734,219
S01003618,770,596,174
S01003619,886,695,191
S01003620,960,686,274
S01003621,969,820,149
S01003622,783,643,140
S01003623,947,673,274
S01003624,1072,898,174
S01003625,398,305,93
S01003626,889,755,134
S01003627,588,477,111
S01003628,742,621,121
S01003629,808,697,111
S01003630,754,601,153
S01003631,748,581,167
S01003632,785,525,260
S01003633,921,693,228
S01003634,1117,973,144
S01003635,572,392,180
S01003636,995,860,135
S01003637,745,563,182
S01003638,763,549,214
S01003639,794,640,154
S01003640,961,805,156
S01003641,752,554,198
S01003642,832,663,169
S01003643,608,450,158
S01003644,880,707,173
S01003645,572,470,102
S01003646,756,563,193
S01003647,712,555,157
S01003648,804,552,252
S01003649,1072,789,283
S01003650,719,593,126
S01003651,754,613,141
S01003652,633,508,125
S01003653,786,643,143
S01003654,1106,936,170
S01003655,844,705,139
S01003656,575,476,99
S01003657,891,774,117
S01003658,895,746,149
S01003659,822,586,236
S01003660,874,654,220
S01003661,839,585,254
S01003662,610,489,121
S01003663,582,439,143
S01003664,548,468,80
S01003665,657,502,155
S01003666,743,630,113
S01003667,915,757,158
S01003668,789,650,139
S01003669,569,479,90
S01003670,889,739,150
S01003671,699,572,127
S01003672,884,746,138
S01003673,311,234,77
S01003674,843,677,166
S01003675,696,469,227
S01003676,426,352,74
S01003677,774,664,110
S01003678,699,571,128
S01003679,1064,804,260
S01003680,840,676,164
S01003681,590,446,144
S01003682,1103,779,324
S01003683,610,475,135
S01003684,749,603,146
S01003685,548,456,92
S01003686,1028,822,206
S01003687,702,562,140
S01003688,950,782,168
S01003689,623,506,117
S01003690,961,774,187
S01003691,1094,894,200
S01003692,1023,791,232
S01003693,619,521,98
S01003694,893,730,163
S01003695,958,739,219
S01003696,1095,867,228
S01003697,988,803,185
S01003698,942,799,143
S01003699,1044,858,186
S01003700,1049,879,170
S01003701,962,779,183
S01003702,838,602,236
S01003703,996,774,222
S01003704,713,578,135
S01003705,875,653,222
S01003706,779,562,217
S01003707,778,572,206
S01003708,658,460,198
S01003709,899,681,218
S01003710,894,721,173
S01003711,843,614,229
S01003712,756,572,184
S01003713,550,456,94
S01003714,797,608,189
S01003715,861,646,215
S01003716,589,429,160
S01003717,827,644,183
S01003718,568,441,127
S01003719,564,448,116
S01003720,931,654,277
S01003721,749,536,213
S01003722,897,645,252
S01003723,548,407,141
S01003724,786,624,162
S01003725,613,451,162
S01003726,684,511,173
S01003727,750,551,199
S01003728,500,358,142
S01003729,653,507,146
S01003730,646,442,204
S01003731,573,422,151
S01003732,820,698,122
S01003733,826,655,171
S01003734,713,569,144
S01003735,741,613,128
S01003736,832,678,154
S01003737,633,497,136
S01003738,660,515,145
S01003739,528,383,145
S01003740,577,428,149
S01003741,851,649,202
S01003742,527,409,118
S01003743,580,446,134
S01003744,586,464,122
S01003745,720,612,108
S01003746,796,634,162
S01003747,982,746,236
S01003748,591,436,155
S01003749,819,617,202
S01003750,557,368,189
S01003751,951,595,356
S01003752,795,612,183
S01003753,913,709,204
S01003754,891,570,321
S01003755,724,496,228
S01003756,728,527,201
S01003757,592,447,145
S01003758,749,552,197
S01003759,615,408,207
S01003760,758,480,278
S01003761,817,602,215
S01003762,742,516,226
S01003763,917,668,249
S01003764,859,613,246
S01003765,739,545,194
S01003766,611,435,176
S01003767,696,557,139
S01003768,576,432,144
S01003769,671,472,199
S01003770,631,450,181
S01003771,678,481,197
S01003772,574,428,146
S01003773,710,532,178
S01003774,650,460,190
S01003775,768,537,231
S01003776,578,389,189
S01003777,927,681,246
S01003778,512,347,165
S01003779,491,356,135
S01003780,979,725,254
S01003781,648,452,196
S01003782,560,372,188
S01003783,1033,692,341
S01003784,580,402,178
S01003785,830,624,206
S01003786,928,669,259
S01003787,613,492,121
S01003788,724,556,168
S01003789,522,391,131
S01003790,618,431,187
S01003791,633,444,189
S01003792,680,466,214
S01003793,544,377,167
S01003794,711,524,187
S01003795,580,416,164
S01003796,659,440,219
S01003797,957,684,273
S01003798,818,565,253
S01003799,841,640,201
S01003800,697,529,168
S01003801,808,576,232
S01003802,765,548,217
S01003803,653,450,203
S01003804,632,403,229
S01003805,1022,724,298
S01003806,672,501,171
S01003807,934,716,218
S01003808,666,530,136
S01003809,768,516,252
S01003810,892,701,191
S01003811,702,507,195
S01003812,898,668,230
S01003813,946,706,240
S01003814,773,634,139
S01003815,716,490,226
S01003816,846,600,246
S01003817,926,679,247
S01003818,830,584,246
S01003819,613,466,147
S01003820,999,725,274
S01003821,837,586,251
S01003822,739,548,191
S01003823,937,701,236
S01003824,685,493,192
S01003825,812,620,192
S01003826,721,569,152
S01003827,792,590,202
S01003828,696,529,167
S01003829,665,478,187
S01003830,917,594,323
S01003831,641,448,193
S01003832,851,637,214
S01003833,521,376,145
S01003834,675,468,207
S01003835,536,371,165
S01003836,589,374,215
S01003837,764,584,180
S01003838,623,393,230
S01003839,674,454,220
S01003840,712,529,183
S01003841,577,415,162
S01003842,588,437,151
S01003843,651,511,140
S01003844,781,561,220
S01003845,921,638,283
S01003846,796,602,194
S01003847,578,477,101
S01003848,681,499,182
S01003849,756,514,242
S01003850,560,339,221
S01003851,872,611,261
S01003852,563,394,169
S01003853,763,474,289
S01003854,586,471,115
S01003855,1000,590,410
S01003856,726,488,238
S01003857,738,502,236
S01003858,621,384,237
S01003859,570,408,162
S01003860,669,428,241
S01003861,806,514,292
S01003862,610,376,234
S01003863,696,505,191
S01003864,887,697,190
S01003865,810,497,313
S01003866,818,631,187
S01003867,1009,829,180
S01003868,639,486,153
S01003869,671,466,205
S01003870,803,660,143
S01003871,797,577,220
S01003872,844,652,192
S01003873,978,717,261
S01003874,844,653,191
S01003875,514,372,142
S01003876,645,458,187
S01003877,566,414,152
S01003878,968,736,232
S01003879,634,500,134
S01003880,891,688,203
S01003881,759,546,213
S01003882,530,380,150
S01003883,535,370,165
S01003884,754,568,186
S01003885,673,444,229
S01003886,580,386,194
S01003887,871,593,278
S01003888,633,406,227
S01003889,586,457,129
S01003890,652,504,148
S01003891,789,552,237
S01003892,627,413,214
S01003893,632,424,208
S01003894,826,547,279
S01003895,687,505,182
S01003896,683,521,162
S01003897,678,515,163
S01003898,762,611,151
S01003899,717,556,161
S01003900,708,496,212
S01003901,608,432,176
S01003902,859,654,205
S01003903,664,444,220
S01003904,708,559,149
S01003905,864,666,198
S01003906,723,565,158
S01003907,718,561,157
S01003908,823,614,209
S01003909,681,560,121
S01003910,712,559,153
S01003911,613,525,88
S01003912,685,532,153
S01003913,693,505,188
S01003914,891,730,161
S01003915,638,455,183
S01003916,775,527,248
S01003917,886,624,262
S01003918,886,542,344
S01003919,521,406,115
S01003920,648,469,179
S01003921,775,604,171
S01003922,827,529,298
S01003923,765,483,282
S01003924,505,332,173
S01003925,772,522,250
S01003926,579,402,177
S01003927,672,476,196
S01003928,890,548,342
S01003929,502,390,112
S01003930,746,524,222
S01003931,882,581,301
S01003932,896,706,190
S01003933,644,438,206
S01003934,898,637,261
S01003935,761,531,230
S01003936,878,629,249
S01003937,808,594,214
S01003938,526,342,184
S01003939,589,469,120
S01003940,865,587,278
S01003941,583,441,142
S01003942,749,542,207
S01003943,675,497,178
S01003944,639,501,138
S01003945,690,508,182
S01003946,836,598,238
S01003947,511,386,125
S01003948,629,391,238
S01003949,594,452,142
S01003950,587,438,149
S01003951,543,430,113
S01003952,524,380,144
S01003953,576,437,139
S01003954,546,421,125
S01003955,610,469,141
S01003956,629,422,207
S01003957,687,529,158
S01003958,762,586,176
S01003959,730,528,202
S01003960,890,667,223
S01003961,565,446,119
S01003962,575,430,145
S01003963,535,320,215
S01003964,459,360,99
S01003965,543,430,113
S01003966,916,734,182
S01003967,513,339,174
S01003968,902,678,224
S01003969,775,575,200
S01003970,593,407,186
S01003971,652,501,151
S01003972,632,507,125
S01003973,544,397,147
S01003974,813,593,220
S01003975,655,500,155
S01003976,708,491,217
S01003977,595,360,235
S01003978,610,435,175
S01003979,589,454,135
S01003980,558,432,126
S01003981,579,447,132
S01003982,726,550,176
S01003983,725,591,134
S01003984,654,482,172
S01003985,862,542,320
S01003986,582,461,121
S01003987,546,423,123
S01003988,525,428,97
S01003989,800,680,120
S01003990,506,361,145
S01003991,593,459,134
S01003992,923,704,219
S01003993,652,494,158
S01003994,679,509,170
S01003995,876,639,237
S01003996,512,366,146
S01003997,938,578,360
S01003998,599,397,202
S01003999,868,617,251
S01004000,769,545,224
S01004001,708,501,207
S01004002,879,608,271
S01004003,549,402,147
S01004004,785,530,255
S01004005,635,422,213
S01004006,576,364,212
S01004007,584,401,183
S01004008,645,490,155
S01004009,648,465,183
S01004010,775,525,250
S01004011,1115,913,202
S01004012,729,579,150
S01004013,530,397,133
S01004014,606,480,126
S01004015,944,697,247
S01004016,608,493,115
S01004017,972,783,189
S01004018,854,705,149
S01004019,527,411,116
S01004020,697,588,109
S01004021,810,641,169
S01004022,540,436,104
S01004023,603,503,100
S01004024,949,832,117
S01004025,853,777,76
S01004026,668,626,42
S01004027,778,690,88
S01004028,775,684,91
S01004029,928,851,77
S01004030,832,743,89
S01004031,596,529,67
S01004032,455,389,66
S01004033,898,816,82
S01004034,792,711,81
S01004035,751,685,66
S01004036,710,651,59
S01004037,717,630,87
S01004038,715,654,61
S01004039,402,353,49
S01004040,661,599,62
S01004041,623,535,88
S01004042,644,553,91
S01004043,805,726,79
S01004044,739,647,92
S01004045,656,568,88
S01004046,592,543,49
S01004047,746,640,106
S01004048,953,862,91
S01004049,844,765,79
S01004050,529,450,79
S01004051,627,562,65
S01004052,585,512,73
S01004053,932,838,94
S01004054,950,859,91
S01004055,600,532,68
S01004056,769,692,77
S01004057,983,881,102
S01004058,657,557,100
S01004059,610,530,80
S01004060,502,447,55
S01004061,634,583,51
S01004062,958,855,103
S01004063,707,614,93
S01004064,691,607,84
S01004065,918,783,135
S01004066,564,504,60
S01004067,787,667,120
S01004068,763,696,67
S01004069,636,546,90
S01004070,429,360,69
S01004071,858,756,102
S01004072,1083,947,136
S01004073,823,725,98
S01004074,886,743,143
S01004075,447,394,53
S01004076,630,554,76
S01004077,872,772,100
S01004078,712,645,67
S01004079,818,720,98
S01004080,705,637,68
S01004081,683,602,81
S01004082,740,634,106
S01004083,896,782,114
S01004084,757,667,90
S01004085,559,468,91
S01004086,773,714,59
S01004087,538,467,71
S01004088,569,472,97
S01004089,792,708,84
S01004090,408,364,44
S01004091,712,572,140
S01004092,697,601,96
S01004093,553,496,57
S01004094,413,333,80
S01004095,520,449,71
S01004096,681,566,115
S01004097,844,752,92
S01004098,630,549,81
S01004099,774,615,159
S01004100,800,692,108
S01004101,694,589,105
S01004102,785,638,147
S01004103,787,689,98
S01004104,796,703,93
S01004105,799,678,121
S01004106,801,684,117
S01004107,689,591,98
S01004108,786,689,97
S01004109,615,542,73
S01004110,563,499,64
S01004111,851,701,150
S01004112,874,762,112
S01004113,736,604,132
S01004114,644,566,78
S01004115,773,686,87
S01004116,683,610,73
S01004117,736,606,130
S01004118,893,742,151
S01004119,592,479,113
S01004120,720,642,78
S01004121,461,312,149
S01004122,626,379,247
S01004123,509,323,186
S01004124,973,613,360
S01004125,632,450,182
S01004126,642,429,213
S01004127,963,634,329
S01004128,741,489,252
S01004129,842,555,287
S01004130,572,383,189
S01004131,796,532,264
S01004132,580,367,213
S01004133,908,590,318
S01004134,712,488,224
S01004135,660,460,200
S01004136,633,417,216
S01004137,530,341,189
S01004138,707,437,270
S01004139,555,351,204
S01004140,600,381,219
S01004141,710,444,266
S01004142,577,363,214
S01004143,888,576,312
S01004144,784,514,270
S01004145,691,398,293
S01004146,722,463,259
S01004147,778,498,280
S01004148,976,681,295
S01004149,634,358,276
S01004150,579,387,192
S01004151,650,475,175
S01004152,754,419,335
S01004153,736,516,220
S01004154,670,468,202
S01004155,929,580,349
S01004156,804,496,308
S01004157,654,459,195
S01004158,627,399,228
S01004159,422,262,160
S01004160,629,405,224
S01004161,557,371,186
S01004162,708,521,187
S01004163,719,390,329
S01004164,956,618,338
S01004165,1000,648,352
S01004166,529,317,212
S01004167,573,395,178
S01004168,695,438,257
S01004169,592,408,184
S01004170,600,367,233
S01004171,626,375,251
S01004172,751,462,289
S01004173,588,384,204
S01004174,760,563,197
S01004175,631,373,258
S01004176,640,425,215
S01004177,509,338,171
S01004178,563,380,183
S01004179,523,356,167
S01004180,869,550,319
S01004181,739,537,202
S01004182,906,573,333
S01004183,959,668,291
S01004184,874,587,287
S01004185,828,453,375
S01004186,724,501,223
S01004187,721,520,201
S01004188,781,486,295
S01004189,630,425,205
S01004190,806,586,220
S01004191,759,514,245
S01004192,863,560,303
S01004193,652,452,200
S01004194,794,542,252
S01004195,612,456,156
S01004196,694,494,200
S01004197,698,473,225
S01004198,702,488,214
S01004199,823,572,251
S01004200,806,586,220
S01004201,755,556,199
S01004202,561,414,147
S01004203,873,605,268
S01004204,734,549,185
S01004205,718,481,237
S01004206,714,525,189
S01004207,793,449,344
S01004208,793,536,257
S01004209,587,406,181
S01004210,696,532,164
S01004211,730,520,210
S01004212,809,541,268
S01004213,599,400,199
S01004214,711,546,165
S01004215,620,446,174
S01004216,886,598,288
S01004217,574,417,157
S01004218,855,623,232
S01004219,615,363,252
S01004220,786,580,206
S01004221,902,619,283
S01004222,495,317,178
S01004223,809,512,297
S01004224,750,474,276
S01004225,836,573,263
S01004226,752,489,263
S01004227,603,395,208
S01004228,760,475,285
S01004229,703,480,223
S01004230,729,503,226
S01004231,766,515,251
S01004232,680,434,246
S01004233,633,454,179
S01004234,979,758,221
S01004235,623,407,216
S01004236,888,691,197
S01004237,658,527,131
S01004238,562,402,160
S01004239,676,475,201
S01004240,642,481,161
S01004241,514,394,120
S01004242,865,597,268
S01004243,580,405,175
S01004244,611,424,187
S01004245,741,557,184
S01004246,575,436,139
S01004247,850,531,319
S01004248,928,671,257
S01004249,895,636,259
S01004250,1014,759,255
S01004251,910,735,175
S01004252,552,376,176
S01004253,557,350,207
S01004254,729,507,222
S01004255,695,488,207
S01004256,565,350,215
S01004257,531,357,174
S01004258,709,512,197
S01004259,609,440,169
S01004260,563,439,124
S01004261,861,622,239
S01004262,751,519,232
S01004263,759,513,246
S01004264,703,505,198
S01004265,921,657,264
S01004266,536,410,126
S01004267,515,369,146
S01004268,655,424,231
S01004269,796,523,273
S01004270,537,380,157
S01004271,578,393,185
S01004272,646,467,179
S01004273,712,511,201
S01004274,796,545,251
S01004275,585,403,182
S01004276,700,479,221
S01004277,794,547,247
S01004278,916,593,323
S01004279,929,517,412
S01004280,998,698,300
S01004281,583,404,179
S01004282,989,597,392
S01004283,738,432,306
S01004284,960,574,386
S01004285,886,631,255
S01004286,759,568,191
S01004287,646,457,189
S01004288,735,517,218
S01004289,613,388,225
S01004290,700,461,239
S01004291,827,570,257
S01004292,774,498,276
S01004293,817,598,219
S01004294,774,528,246
S01004295,850,604,246
S01004296,815,567,248
S01004297,629,463,166
S01004298,997,715,282
S01004299,548,361,187
S01004300,550,400,150
S01004301,634,402,232
S01004302,762,538,224
S01004303,606,382,224
S01004304,938,585,353
S01004305,660,426,234
S01004306,576,388,188
S01004307,830,584,246
S01004308,990,619,371
S01004309,870,628,242
S01004310,810,552,258
S01004311,783,488,295
S01004312,705,482,223
S01004313,966,624,342
S01004314,771,522,249
S01004315,557,386,171
S01004316,535,374,161
S01004317,884,677,207
S01004318,618,457,161
S01004319,872,551,321
S01004320,918,535,383
S01004321,785,472,313
S01004322,976,659,317
S01004323,648,431,217
S01004324,849,573,276
S01004325,996,668,328
S01004326,804,591,213
S01004327,700,469,231
S01004328,667,440,227
S01004329,524,388,136
S01004330,992,720,272
S01004331,569,447,122
S01004332,575,405,170
S01004333,531,337,194
S01004334,1690,1275,415
S01004335,528,353,175
S01004336,995,722,273
S01004337,700,460,240
S01004338,703,529,174
S01004339,921,713,208
S01004340,577,336,241
S01004341,600,388,212
S01004342,801,578,223
S01004343,547,389,158
S01004344,769,563,206
S01004345,883,621,262
S01004346,555,399,156
S01004347,793,603,190
S01004348,580,422,158
S01004349,800,496,304
S01004350,562,375,187
S01004351,508,369,139
S01004352,575,417,158
S01004353,921,642,279
S01004354,587,432,155
S01004355,565,453,112
S01004356,982,722,260
S01004357,775,575,200
S01004358,774,660,114
S01004359,515,402,113
S01004360,637,471,166
S01004361,580,442,138
S01004362,547,396,151
S01004363,1017,760,257
S01004364,787,587,200
S01004365,765,513,252
S01004366,620,442,178
S01004367,874,605,269
S01004368,537,399,138
S01004369,778,552,226
S01004370,733,590,143
S01004371,761,520,241
S01004372,974,683,291
S01004373,564,409,155
S01004374,600,464,136
S01004375,748,536,212
S01004376,931,676,255
S01004377,737,538,199
S01004378,964,789,175
S01004379,959,718,241
S01004380,688,514,174
S01004381,816,602,214
S01004382,687,531,156
S01004383,811,641,170
S01004384,681,550,131
S01004385,830,595,235
S01004386,908,750,158
S01004387,968,728,240
S01004388,809,611,198
S01004389,609,489,120
S01004390,824,580,244
S01004391,593,440,153
S01004392,893,672,221
S01004393,911,712,199
S01004394,795,583,212
S01004395,530,376,154
S01004396,797,575,222
S01004397,958,706,252
S01004398,852,659,193
S01004399,507,359,148
S01004400,558,412,146
S01004401,1099,803,296
S01004402,974,713,261
S01004403,513,383,130
S01004404,669,490,179
S01004405,758,561,197
S01004406,869,634,235
S01004407,651,502,149
S01004408,572,441,131
S01004409,656,452,204
S01004410,935,681,254
S01004411,628,507,121
S01004412,958,767,191
S01004413,815,648,167
S01004414,695,555,140
S01004415,626,487,139
S01004416,691,577,114
S01004417,764,569,195
S01004418,924,743,181
S01004419,839,700,139
S01004420,756,650,106
S01004421,741,567,174
S01004422,570,482,88
S01004423,829,658,171
S01004424,715,496,219
S01004425,630,524,106
S01004426,559,473,86
S01004427,737,575,162
S01004428,745,555,190
S01004429,867,675,192
S01004430,512,405,107
S01004431,714,522,192
S01004432,947,761,186
S01004433,968,833,135
S01004434,792,616,176
S01004435,595,478,117
S01004436,797,597,200
S01004437,926,723,203
S01004438,684,486,198
S01004439,686,539,147
S01004440,723,558,165
S01004441,832,709,123
S01004442,928,665,263
S01004443,684,535,149
S01004444,902,697,205
S01004445,769,635,134
S01004446,797,597,200
S01004447,763,520,243
S01004448,614,443,171
S01004449,914,681,233
S01004450,886,715,171
S01004451,907,688,219
S01004452,691,562,129
S01004453,1014,785,229
S01004454,925,711,214
S01004455,807,644,163
S01004456,568,442,126
S01004457,871,705,166
S01004458,846,650,196
S01004459,573,449,124
S01004460,652,489,163
S01004461,603,478,125
S01004462,643,480,163
S01004463,791,663,128
S01004464,868,659,209
S01004465,771,628,143
S01004466,897,735,162
S01004467,996,737,259
S01004468,796,600,196
S01004469,694,494,200
S01004470,580,430,150
S01004471,616,486,130
S01004472,735,580,155
S01004473,1018,764,254
S01004474,1015,775,240
S01004475,501,388,113
S01004476,721,505,216
S01004477,904,663,241
S01004478,635,493,142
S01004479,650,514,136
S01004480,984,765,219
S01004481,569,434,135
S01004482,922,734,188
S01004483,706,570,136
S01004484,993,808,185
S01004485,510,358,152
S01004486,938,733,205
S01004487,952,709,243
S01004488,708,565,143
S01004489,848,643,205
S01004490,708,544,164
S01004491,817,617,200
S01004492,976,706,270
S01004493,1042,798,244
S01004494,889,678,211
S01004495,684,512,172
S01004496,645,505,140
S01004497,783,633,150
S01004498,599,454,145
S01004499,690,487,203
S01004500,747,516,231
S01004501,574,420,154
S01004502,753,549,204
S01004503,730,584,146
S01004504,721,535,186
S01004505,603,469,134
S01004506,538,392,146
S01004507,763,566,197
S01004508,636,524,112
S01004509,712,562,150
S01004510,841,673,168
S01004511,868,710,158
S01004512,942,779,163
S01004513,502,429,73
S01004514,561,462,99
S01004515,747,573,174
S01004516,513,400,113
S01004517,689,546,143
S01004518,691,509,182
S01004519,886,663,223
S01004520,831,688,143
S01004521,787,629,158
S01004522,608,482,126
S01004523,692,554,138
S01004524,626,541,85
S01004525,753,590,163
S01004526,726,562,164
S01004527,558,431,127
S01004528,791,662,129
S01004529,789,631,158
S01004530,602,483,119
S01004531,737,606,131
S01004532,649,482,167
S01004533,387,268,119
S01004534,702,569,133
S01004535,714,615,99
S01004536,742,632,110
S01004537,846,728,118
S01004538,801,653,148
S01004539,659,545,114
S01004540,869,766,103
S01004541,768,654,114
S01004542,589,477,112
S01004543,773,660,113
S01004544,997,820,177
S01004545,687,585,102
S01004546,966,833,133
S01004547,860,695,165
S01004548,785,678,107
S01004549,845,748,97
S01004550,702,579,123
S01004551,944,763,181
S01004552,733,613,120
S01004553,535,458,77
S01004554,637,523,114
S01004555,745,613,132
S01004556,674,563,111
S01004557,432,341,91
S01004558,959,807,152
S01004559,1021,907,114
S01004560,626,512,114
S01004561,1044,879,165
S01004562,520,445,75
S01004563,809,711,98
S01004564,567,486,81
S01004565,707,609,98
S01004566,733,565,168
S01004567,506,435,71
S01004568,669,596,73
S01004569,700,593,107
S01004570,696,578,118
S01004571,660,555,105
S01004572,739,612,127
S01004573,617,546,71
S01004574,505,429,76
S01004575,719,596,123
S01004576,618,519,99
S01004577,575,471,104
S01004578,941,784,157
S01004579,656,545,111
S01004580,877,759,118
S01004581,1091,879,212
S01004582,588,487,101
S01004583,778,681,97
S01004584,590,482,108
S01004585,610,507,103
S01004586,1118,970,148
S01004587,906,820,86
S01004588,637,550,87
S01004589,752,615,137
S01004590,701,527,174
S01004591,604,507,97
S01004592,652,558,94
S01004593,858,688,170
S01004594,567,422,145
S01004595,938,793,145
S01004596,656,552,104
S01004597,567,498,69
S01004598,687,563,124
S01004599,575,467,108
S01004600,889,763,126
S01004601,861,759,102
S01004602,971,850,121
S01004603,906,746,160
S01004604,561,513,48
S01004605,1025,878,147
S01004606,736,617,119
S01004607,625,543,82
S01004608,646,544,102
S01004609,589,490,99
S01004610,752,630,122
S01004611,1251,1071,180
S01004612,770,674,96
S01004613,874,745,129
S01004614,826,713,113
S01004615,814,739,75
S01004616,889,725,164
S01004617,767,615,152
S01004618,658,494,164
S01004619,583,490,93
S01004620,800,590,210
S01004621,997,876,121
S01004622,818,672,146
S01004623,979,778,201
S01004624,1048,946,102
S01004625,866,769,97
S01004626,650,551,99
S01004627,586,445,141
S01004628,596,476,120
S01004629,989,813,176
S01004630,952,838,114
S01004631,801,660,141
S01004632,981,803,178
S01004633,530,450,80
S01004634,1069,933,136
S01004635,735,620,115
S01004636,668,546,122
S01004637,545,454,91
S01004638,605,483,122
S01004639,713,619,94
S01004640,796,701,95
S01004641,656,541,115
S01004642,907,819,88
S01004643,562,479,83
S01004644,740,636,104
S01004645,1004,801,203
S01004646,775,650,125
S01004647,1544,1319,225
S01004648,975,812,163
S01004649,615,498,117
S01004650,856,717,139
S01004651,957,827,130
S01004652,911,735,176
S01004653,653,567,86
S01004654,861,681,180
S01004655,862,733,129
S01004656,560,462,98
S01004657,759,643,116
S01004658,949,811,138
S01004659,517,448,69
S01004660,757,638,119
S01004661,707,566,141
S01004662,978,853,125
S01004663,561,471,90
S01004664,654,563,91
S01004665,753,627,126
S01004666,788,648,140
S01004667,704,594,110
S01004668,883,738,145
S01004669,787,655,132
S01004670,877,704,173
S01004671,920,771,149
S01004672,671,533,138
S01004673,918,735,183
S01004674,854,731,123
S01004675,855,726,129
S01004676,778,682,96
S01004677,820,706,114
S01004678,805,705,100
S01004679,495,413,82
S01004680,866,733,133
S01004681,747,608,139
S01004682,574,464,110
S01004683,719,589,130
S01004684,750,653,97
S01004685,539,424,115
S01004686,747,684,63
S01004687,813,699,114
S01004688,723,615,108
S01004689,998,806,192
S01004690,540,430,110
S01004691,812,686,126
S01004692,697,604,93
S01004693,815,721,94
S01004694,627,536,91
S01004695,793,673,120
S01004696,872,702,170
S01004697,881,761,120
S01004698,605,470,135
S01004699,813,682,131
S01004700,753,648,105
S01004701,572,459,113
S01004702,591,536,55
S01004703,785,693,92
S01004704,636,574,62
S01004705,938,782,156
S01004706,558,481,77
S01004707,1012,860,152
S01004708,739,641,98
S01004709,745,564,181
S01004710,861,781,80
S01004711,810,702,108
S01004712,570,515,55
S01004713,736,680,56
S01004714,734,657,77
S01004715,807,713,94
S01004716,894,835,59
S01004717,747,660,87
S01004718,972,792,180
S01004719,726,669,57
S01004720,708,593,115
S01004721,622,523,99
S01004722,705,640,65
S01004723,582,527,55
S01004724,938,865,73
S01004725,619,508,111
S01004726,564,505,59
S01004727,872,828,44
S01004728,637,548,89
S01004729,657,600,57
S01004730,1063,969,94
S01004731,825,760,65
S01004732,622,526,96
S01004733,818,760,58
S01004734,544,474,70
S01004735,900,847,53
S01004736,720,652,68
S01004737,745,671,74
S01004738,659,597,62
S01004739,750,658,92
S01004740,671,579,92
S01004741,629,526,103
S01004742,942,864,78
S01004743,901,772,129
S01004744,640,565,75
S01004745,822,754,68
S01004746,795,745,50
S01004747,785,690,95
S01004748,610,551,59
S01004749,667,597,70
S01004750,719,589,130
S01004751,824,743,81
S01004752,796,697,99
S01004753,675,552,123
S01004754,683,577,106
S01004755,705,568,137
S01004756,603,520,83
S01004757,920,813,107
S01004758,960,857,103
S01004759,609,507,102
S01004760,732,595,137
S01004761,552,499,53
S01004762,664,549,115
S01004763,859,737,122
S01004764,767,644,123
S01004765,982,901,81
S01004766,770,645,125
S01004767,691,588,103
S01004768,991,861,130
S01004769,568,492,76
S01004770,548,483,65
S01004771,779,688,91
S01004772,609,539,70
S01004773,797,689,108
S01004774,987,863,124
S01004775,790,679,111
S01004776,801,701,100
S01004777,619,502,117
S01004778,727,612,115
S01004779,780,726,54
S01004780,532,448,84
S01004781,824,727,97
S01004782,776,665,111
S01004783,978,899,79
S01004784,769,673,96
S01004785,625,548,77
S01004786,502,418,84
S01004787,1054,914,140
S01004788,797,699,98
S01004789,999,837,162
S01004790,748,623,125
S01004791,605,543,62
S01004792,677,591,86
S01004793,912,794,118
S01004794,705,627,78
S01004795,971,859,112
S01004796,769,682,87
S01004797,723,611,112
S01004798,885,777,108
S01004799,612,524,88
S01004800,632,515,117
S01004801,717,651,66
S01004802,891,749,142
S01004803,853,744,109
S01004804,926,797,129
S01004805,676,591,85
S01004806,530,469,61
S01004807,536,470,66
S01004808,744,631,113
S01004809,487,421,66
S01004810,676,568,108
S01004811,638,575,63
S01004812,851,720,131
S01004813,903,809,94
S01004814,900,779,121
S01004815,728,638,90
S01004816,795,703,92
S01004817,544,458,86
S01004818,843,730,113
S01004819,698,609,89
S01004820,1090,941,149
S01004821,984,883,101
S01004822,717,632,85
S01004823,811,750,61
S01004824,785,647,138
S01004825,634,557,77
S01004826,742,638,104
S01004827,697,630,67
S01004828,1000,855,145
S01004829,783,721,62
S01004830,710,615,95
S01004831,866,732,134
S01004832,638,528,110
S01004833,823,684,139
S01004834,791,660,131
S01004835,713,635,78
S01004836,718,577,141
S01004837,834,690,144
S01004838,967,782,185
S01004839,914,787,127
S01004840,698,624,74
S01004841,850,791,59
S01004842,561,439,122
S01004843,715,576,139
S01004844,879,736,143
S01004845,781,601,180
S01004846,745,581,164
S01004847,894,721,173
S01004848,688,555,133
S01004849,576,470,106
S01004850,820,690,130
S01004851,620,514,106
S01004852,730,581,149
S01004853,738,567,171
S01004854,984,818,166
S01004855,645,536,109
S01004856,697,583,114
S01004857,929,772,157
S01004858,931,748,183
S01004859,985,784,201
S01004860,501,404,97
S01004861,824,650,174
S01004862,691,524,167
S01004863,986,767,219
S01004864,587,475,112
S01004865,686,533,153
S01004866,954,741,213
S01004867,800,624,176
S01004868,766,635,131
S01004869,900,676,224
S01004870,936,749,187
S01004871,779,556,223
S01004872,863,691,172
S01004873,791,587,204
S01004874,863,647,216
S01004875,775,605,170
S01004876,1018,771,247
S01004877,760,606,154
S01004878,746,530,216
S01004879,711,512,199
S01004880,718,526,192
S01004881,795,580,215
S01004882,525,372,153
S01004883,787,555,232
S01004884,577,421,156
S01004885,616,447,169
S01004886,869,578,291
S01004887,428,326,102
S01004888,640,475,165
S01004889,922,678,244
S01004890,752,508,244
S01004891,963,692,271
S01004892,771,556,215
S01004893,757,589,168
S01004894,756,608,148
S01004895,864,655,209
S01004896,958,758,200
S01004897,595,455,140
S01004898,1038,705,333
S01004899,722,516,206
S01004900,730,566,164
S01004901,785,522,263
S01004902,767,581,186
S01004903,650,505,145
S01004904,1061,803,258
S01004905,1072,776,296
S01004906,835,624,211
S01004907,734,561,173
S01004908,710,542,168
S01004909,880,635,245
S01004910,870,635,235
S01004911,792,594,198
S01004912,748,543,205
S01004913,658,637,21
S01004914,663,481,182
S01004915,618,445,173
S01004916,783,572,211
S01004917,566,414,152
S01004918,586,424,162
S01004919,536,364,172
S01004920,966,710,256
S01004921,721,494,227
S01004922,701,484,217
S01004923,837,588,249
S01004924,868,655,213
S01004925,551,419,132
S01004926,950,686,264
S01004927,995,691,304
S01004928,634,466,168
S01004929,705,540,165
S01004930,642,528,114
S01004931,900,750,150
S01004932,762,640,122
S01004933,905,707,198
S01004934,680,520,160
S01004935,621,530,91
S01004936,907,783,124
S01004937,529,448,81
S01004938,771,673,98
S01004939,605,505,100
S01004940,547,464,83
S01004941,651,538,113
S01004942,1008,862,146
S01004943,870,666,204
S01004944,521,406,115
S01004945,611,486,125
S01004946,604,451,153
S01004947,693,500,193
S01004948,533,363,170
S01004949,566,432,134
S01004950,509,350,159
S01004951,656,425,231
S01004952,926,688,238
S01004953,877,604,273
S01004954,785,478,307
S01004955,670,440,230
S01004956,678,491,187
S01004957,645,444,201
S01004958,909,629,280
S01004959,592,416,176
S01004960,582,396,186
S01004961,637,383,254
S01004962,570,366,204
S01004963,559,370,189
S01004964,989,640,349
S01004965,827,592,235
S01004966,779,583,196
S01004967,555,368,187
S01004968,567,368,199
S01004969,906,606,300
S01004970,749,594,155
S01004971,935,667,268
S01004972,749,536,213
S01004973,869,596,273
S01004974,878,632,246
S01004975,741,477,264
S01004976,756,520,236
S01004977,983,702,281
S01004978,976,686,290
S01004979,915,682,233
S01004980,1051,750,301
S01004981,951,671,280
S01004982,710,509,201
S01004983,911,611,300
S01004984,776,535,241
S01004985,718,481,237
S01004986,646,471,175
S01004987,517,372,145
S01004988,539,359,180
S01004989,633,475,158
S01004990,509,362,147
S01004991,565,398,167
S01004992,874,661,213
S01004993,673,530,143
S01004994,811,608,203
S01004995,931,717,214
S01004996,656,458,198
S01004997,881,631,250
S01004998,803,591,212
S01004999,822,602,220
S01005000,569,434,135
S01005001,1040,811,229
S01005002,790,597,193
S01005003,882,681,201
S01005004,589,423,166
S01005005,954,759,195
S01005006,573,413,160
S01005007,852,667,185
S01005008,1319,920,399
S01005009,642,521,121
S01005010,594,437,157
S01005011,570,430,140
S01005012,704,537,167
S01005013,676,534,142
S01005014,833,561,272
S01005015,648,491,157
S01005016,733,523,210
S01005017,721,525,196
S01005018,617,408,209
S01005019,1020,722,298
S01005020,917,652,265
S01005021,964,743,221
S01005022,673,498,175
S01005023,596,425,171
S01005024,932,685,247
S01005025,672,488,184
S01005026,577,406,171
S01005027,702,531,171
S01005028,571,431,140
S01005029,940,639,301
S01005030,993,713,280
S01005031,656,439,217
S01005032,873,637,236
S01005033,711,519,192
S01005034,832,623,209
S01005035,911,634,277
S01005036,549,401,148
S01005037,965,593,372
S01005038,898,668,230
S01005039,1078,832,246
S01005040,860,552,308
S01005041,558,332,226
S01005042,840,642,198
S01005043,753,565,188
S01005044,907,607,300
S01005045,896,660,236
S01005046,1038,772,266
S01005047,916,607,309
S01005048,604,462,142
S01005049,706,481,225
S01005050,949,617,332
S01005051,889,618,271
S01005052,663,492,171
S01005053,893,512,381
S01005054,599,420,179
S01005055,790,515,275
S01005056,740,535,205
S01005057,754,452,302
S01005058,699,417,282
S01005059,540,374,166
S01005060,725,475,250
S01005061,961,704,257
S01005062,495,389,106
S01005063,544,350,194
S01005064,792,578,214
S01005065,860,584,276
S01005066,793,422,371
S01005067,488,340,148
S01005068,702,505,197
S01005069,614,389,225
S01005070,853,634,219
S01005071,296,143,153
S01005072,602,360,242
S01005073,638,448,190
S01005074,769,616,153
S01005075,504,276,228
S01005076,765,463,302
S01005077,693,424,269
S01005078,730,456,274
S01005079,685,443,242
S01005080,449,278,171
S01005081,661,443,218
S01005082,696,458,238
S01005083,935,661,274
S01005084,621,414,207
S01005085,568,416,152
S01005086,732,465,267
S01005087,508,377,131
S01005088,594,447,147
S01005089,817,659,158
S01005090,863,671,192
S01005091,696,539,157
S01005092,668,485,183
S01005093,785,558,227
S01005094,519,382,137
S01005095,988,743,245
S01005096,607,465,142
S01005097,753,589,164
S01005098,605,484,121
S01005099,834,625,209
S01005100,593,430,163
S01005101,825,634,191
S01005102,973,714,259
S01005103,999,713,286
S01005104,1039,814,225
S01005105,878,613,265
S01005106,559,417,142
S01005107,463,355,108
S01005108,569,449,120
S01005109,912,723,189
S01005110,999,780,219
S01005111,527,397,130
S01005112,880,632,248
S01005113,1043,724,319
S01005114,939,644,295
S01005115,889,650,239
S01005116,647,460,187
S01005117,682,528,154
S01005118,762,538,224
S01005119,669,485,184
S01005120,650,531,119
S01005121,784,634,150
S01005122,773,595,178
S01005123,746,600,146
S01005124,750,568,182
S01005125,790,560,230
S01005126,559,441,118
S01005127,633,440,193
S01005128,834,623,211
S01005129,873,594,279
S01005130,651,449,202
S01005131,853,613,240
S01005132,699,515,184
S01005133,389,282,107
S01005134,969,755,214
S01005135,674,515,159
S01005136,814,578,236
S01005137,862,609,253
S01005138,1079,791,288
S01005139,657,449,208
S01005140,703,503,200
S01005141,858,633,225
S01005142,636,467,169
S01005143,993,689,304
S01005144,1036,774,262
S01005145,793,623,170
S01005146,651,475,176
S01005147,925,702,223
S01005148,600,443,157
S01005149,600,402,198
S01005150,641,459,182
S01005151,725,494,231
S01005152,738,528,210
S01005153,756,561,195
S01005154,605,457,148
S01005155,746,547,199
S01005156,719,528,191
S01005157,913,681,232
S01005158,757,576,181
S01005159,940,761,179
S01005160,1023,765,258
S01005161,953,672,281
S01005162,973,661,312
S01005163,581,431,150
S01005164,924,738,186
S01005165,765,593,172
S01005166,1040,806,234
S01005167,722,484,238
S01005168,687,523,164
S01005169,619,465,154
S01005170,837,652,185
S01005171,993,780,213
S01005172,1198,932,266
S01005173,705,541,164
S01005174,769,542,227
S01005175,690,532,158
S01005176,684,493,191
S01005177,948,683,265
S01005178,857,706,151
S01005179,979,706,273
S01005180,910,665,245
S01005181,907,693,214
S01005182,722,526,196
S01005183,938,722,216
S01005184,825,629,196
S01005185,533,435,98
S01005186,747,626,121
S01005187,945,753,192
S01005188,990,784,206
S01005189,851,685,166
S01005190,930,720,210
S01005191,880,675,205
S01005192,788,555,233
S01005193,889,686,203
S01005194,593,473,120
S01005195,1007,825,182
S01005196,804,539,265
S01005197,768,567,201
S01005198,920,696,224
S01005199,908,685,223
S01005200,632,462,170
S01005201,873,653,220
S01005202,905,702,203
S01005203,815,646,169
S01005204,551,418,133
S01005205,883,670,213
S01005206,932,759,173
S01005207,954,795,159
S01005208,543,424,119
S01005209,801,646,155
S01005210,961,789,172
S01005211,723,556,167
S01005212,588,453,135
S01005213,943,709,234
S01005214,778,503,275
S01005215,899,738,161
S01005216,593,421,172
S01005217,835,592,243
S01005218,888,734,154
S01005219,857,630,227
S01005220,674,530,144
S01005221,789,660,129
S01005222,696,496,200
S01005223,735,569,166
S01005224,780,556,224
S01005225,922,705,217
S01005226,553,411,142
S01005227,844,660,184
S01005228,1299,1050,249
S01005229,852,603,249
S01005230,789,562,227
S01005231,751,528,223
S01005232,911,730,181
S01005233,600,478,122
S01005234,1014,742,272
S01005235,578,393,185
S01005236,945,753,192
S01005237,961,768,193
S01005238,822,654,168
S01005239,921,702,219
S01005240,837,567,270
S01005241,950,781,169
S01005242,842,634,208
S01005243,750,562,188
S01005244,958,764,194
S01005245,671,437,234
S01005246,945,682,263
S01005247,735,542,193
S01005248,574,424,150
S01005249,728,498,230
S01005250,795,529,266
S01005251,935,659,276
S01005252,548,409,139
S01005253,555,377,178
S01005254,789,540,249
S01005255,557,450,107
S01005256,721,540,181
S01005257,958,740,218
S01005258,1035,804,231
S01005259,653,461,192
S01005260,645,535,110
S01005261,519,373,146
S01005262,1008,765,243
S01005263,517,392,125
S01005264,733,637,96
S01005265,437,310,127
S01005266,860,717,143
S01005267,929,729,200
S01005268,899,653,246
S01005269,711,598,113
S01005270,1059,836,223
S01005271,594,449,145
S01005272,660,494,166
S01005273,809,650,159
S01005274,733,591,142
S01005275,487,345,142
S01005276,660,532,128
S01005277,655,532,123
S01005278,840,668,172
S01005279,546,398,148
S01005280,762,599,163
S01005281,890,684,206
S01005282,764,566,198
S01005283,813,613,200
S01005284,681,518,163
S01005285,696,540,156
S01005286,743,548,195
S01005287,862,643,219
S01005288,886,682,204
S01005289,778,566,212
S01005290,594,454,140
S01005291,672,494,178
S01005292,708,557,151
S01005293,848,658,190
S01005294,574,424,150
S01005295,602,458,144
S01005296,890,712,178
S01005297,703,584,119
S01005298,1069,834,235
S01005299,578,430,148
S01005300,949,722,227
S01005301,891,692,199
S01005302,1014,803,211
S01005303,763,607,156
S01005304,726,592,134
S01005305,826,601,225
S01005306,1021,765,256
S01005307,919,740,179
S01005308,529,409,120
S01005309,945,702,243
S01005310,1010,785,225
S01005311,940,778,162
S01005312,642,455,187
S01005313,918,753,165
S01005314,543,427,116
S01005315,646,429,217
S01005316,900,709,191
S01005317,569,444,125
S01005318,567,453,114
S01005319,691,563,128
S01005320,677,529,148
S01005321,644,529,115
S01005322,806,599,207
S01005323,707,566,141
S01005324,727,552,175
S01005325,815,622,193
S01005326,961,695,266
S01005327,649,464,185
S01005328,625,445,180
S01005329,551,453,98
S01005330,700,555,145
S01005331,738,588,150
S01005332,553,473,80
S01005333,820,631,189
S01005334,678,526,152
S01005335,549,440,109
S01005336,614,475,139
S01005337,966,764,202
S01005338,580,459,121
S01005339,763,569,194
S01005340,589,412,177
S01005341,699,507,192
S01005342,777,601,176
S01005343,970,739,231
S01005344,775,603,172
S01005345,774,587,187
S01005346,840,638,202
S01005347,740,553,187
S01005348,892,676,216
S01005349,889,682,207
S01005350,766,592,174
S01005351,985,770,215
S01005352,912,706,206
S01005353,1024,746,278
S01005354,966,740,226
S01005355,750,546,204
S01005356,735,571,164
S01005357,745,585,160
S01005358,871,684,187
S01005359,930,718,212
S01005360,889,720,169
S01005361,903,659,244
S01005362,667,517,150
S01005363,687,471,216
S01005364,934,694,240
S01005365,681,509,172
S01005366,759,563,196
S01005367,817,576,241
S01005368,747,501,246
S01005369,988,669,319
S01005370,870,649,221
S01005371,991,769,222
S01005372,813,588,225
S01005373,701,509,192
S01005374,875,655,220
S01005375,992,744,248
S01005376,956,732,224
S01005377,900,598,302
S01005378,778,465,313
S01005379,973,618,355
S01005380,693,453,240
S01005381,682,411,271
S01005382,762,398,364
S01005383,669,492,177
S01005384,823,632,191
S01005385,778,596,182
S01005386,608,465,143
S01005387,960,732,228
S01005388,756,525,231
S01005389,740,572,168
S01005390,846,637,209
S01005391,737,580,157
S01005392,885,672,213
S01005393,883,687,196
S01005394,841,579,262
S01005395,859,621,238
S01005396,660,420,240
S01005397,591,432,159
S01005398,974,702,272
S01005399,969,728,241
S01005400,990,607,383
S01005401,950,673,277
S01005402,924,617,307
S01005403,935,626,309
S01005404,854,603,251
S01005405,537,416,121
S01005406,549,427,122
S01005407,943,700,243
S01005408,555,394,161
S01005409,644,479,165
S01005410,737,528,209
S01005411,903,691,212
S01005412,927,662,265
S01005413,841,591,250
S01005414,963,786,177
S01005415,770,630,140
S01005416,964,761,203
S01005417,767,534,233
S01005418,801,623,178
S01005419,712,583,129
S01005420,836,714,122
S01005421,941,575,366
S01005422,927,670,257
S01005423,978,747,231
S01005424,828,570,258
S01005425,903,518,385
S01005426,760,463,297
S01005427,782,568,214
S01005428,953,598,355
S01005429,698,478,220
S01005430,639,494,145
S01005431,747,469,278
S01005432,790,548,242
S01005433,858,569,289
S01005434,655,420,235
S01005435,812,594,218
S01005436,897,562,335
S01005437,909,588,321
S01005438,857,573,284
S01005439,647,397,250
S01005440,943,704,239
S01005441,892,568,324
S01005442,878,643,235
S01005443,917,630,287
S01005444,908,684,224
S01005445,928,745,183
S01005446,783,578,205
S01005447,835,555,280
S01005448,952,630,322
S01005449,856,627,229
S01005450,908,673,235
S01005451,999,691,308
S01005452,912,642,270
S01005453,905,690,215
S01005454,780,523,257
S01005455,896,634,262
S01005456,864,595,269
S01005457,945,610,335
S01005458,828,508,320
S01005459,845,599,246
S01005460,791,581,210
S01005461,762,572,190
S01005462,967,742,225
S01005463,548,361,187
S01005464,579,467,112
S01005465,565,394,171
S01005466,864,593,271
S01005467,516,385,131
S01005468,913,639,274
S01005469,835,584,251
S01005470,688,482,206
S01005471,771,499,272
S01005472,817,553,264
S01005473,728,552,176
S01005474,860,700,160
S01005475,792,559,233
S01005476,910,576,334
S01005477,898,680,218
S01005478,836,603,233
S01005479,558,412,146
S01005480,778,582,196
S01005481,646,505,141
S01005482,609,427,182
S01005483,713,523,190
S01005484,557,441,116
S01005485,796,595,201
S01005486,856,659,197
S01005487,624,464,160
S01005488,891,606,285
S01005489,927,678,249
S01005490,600,463,137
S01005491,935,712,223
S01005492,948,572,376
S01005493,683,367,316
S01005494,683,419,264
S01005495,658,440,218
S01005496,983,574,409
S01005497,590,310,280
S01005498,869,445,424
S01005499,738,396,342
S01005500,781,490,291
S01005501,801,488,313
S01005502,859,517,342
S01005503,594,410,184
S01005504,610,378,232
S01005505,655,388,267
S01005506,879,502,377
S01005507,533,288,245
S01005508,765,447,318
S01005509,508,322,186
S01005510,610,336,274
S01005511,577,301,276
S01005512,660,426,234
S01005513,722,458,264
S01005514,570,342,228
S01005515,590,437,153
S01005516,520,399,121
S01005517,920,536,384
S01005518,974,637,337
S01005519,681,395,286
S01005520,957,586,371
S01005521,806,541,265
S01005522,628,503,125
S01005523,879,656,223
S01005524,754,586,168
S01005525,753,565,188
S01005526,718,520,198
S01005527,525,383,142
S01005528,498,412,86
S01005529,861,665,196
S01005530,660,545,115
S01005531,576,436,140
S01005532,877,702,175
S01005533,785,625,160
S01005534,658,519,139
S01005535,845,662,183
S01005536,925,707,218
S01005537,726,543,183
S01005538,885,654,231
S01005539,908,705,203
S01005540,799,594,205
S01005541,663,491,172
S01005542,732,582,150
S01005543,797,547,250
S01005544,728,559,169
S01005545,851,652,199
S01005546,683,541,142
S01005547,697,502,195
S01005548,1003,827,176
S01005549,980,745,235
S01005550,627,504,123
S01005551,902,746,156
S01005552,848,678,170
S01005553,831,645,186
S01005554,726,591,135
S01005555,714,579,135
S01005556,540,418,122
S01005557,796,552,244
S01005558,747,589,158
S01005559,698,501,197
S01005560,662,483,179
S01005561,872,664,208
S01005562,927,721,206
S01005563,782,602,180
S01005564,804,653,151
S01005565,596,496,100
S01005566,543,409,134
S01005567,994,771,223
S01005568,573,435,138
S01005569,720,562,158
S01005570,797,649,148
S01005571,733,587,146
S01005572,827,674,153
S01005573,711,527,184
S01005574,836,685,151
S01005575,750,584,166
S01005576,796,588,208
S01005577,864,658,206
S01005578,962,747,215
S01005579,809,623,186
S01005580,662,551,111
S01005581,743,576,167
S01005582,799,599,200
S01005583,610,494,116
S01005584,576,434,142
S01005585,755,561,194
S01005586,715,511,204
S01005587,1037,828,209
S01005588,697,544,153
S01005589,814,542,272
S01005590,790,585,205
S01005591,914,681,233
S01005592,502,349,153
S01005593,893,662,231
S01005594,827,634,193
S01005595,838,617,221
S01005596,539,381,158
S01005597,972,710,262
S01005598,940,652,288
S01005599,500,386,114
S01005600,720,488,232
S01005601,710,592,118
S01005602,729,512,217
S01005603,550,394,156
S01005604,559,368,191
S01005605,977,777,200
S01005606,620,466,154
S01005607,626,475,151
S01005608,907,698,209
S01005609,777,584,193
S01005610,581,464,117
S01005611,725,491,234
S01005612,766,528,238
S01005613,742,557,185
S01005614,793,596,197
S01005615,963,702,261
S01005616,658,517,141
S01005617,875,702,173
S01005618,622,475,147
S01005619,605,452,153
S01005620,480,407,73
S01005621,725,522,203
S01005622,924,754,170
S01005623,830,651,179
S01005624,891,707,184
S01005625,887,700,187
S01005626,839,630,209
S01005627,692,526,166
S01005628,940,706,234
S01005629,781,619,162
S01005630,542,396,146
S01005631,758,604,154
S01005632,509,393,116
S01005633,735,500,235
S01005634,796,585,211
S01005635,862,669,193
S01005636,858,682,176
S01005637,996,786,210
S01005638,848,674,174
S01005639,768,606,162
S01005640,536,422,114
S01005641,869,662,207
S01005642,712,542,170
S01005643,628,504,124
S01005644,610,492,118
S01005645,838,657,181
S01005646,802,587,215
S01005647,748,590,158
S01005648,871,699,172
S01005649,920,658,262
S01005650,628,467,161
S01005651,760,566,194
S01005652,717,548,169
S01005653,900,665,235
S01005654,761,602,159
S01005655,883,667,216
S01005656,613,477,136
S01005657,608,494,114
S01005658,886,681,205
S01005659,889,702,187
S01005660,647,484,163
S01005661,639,467,172
S01005662,621,511,110
S01005663,663,525,138
S01005664,592,432,160
S01005665,512,417,95
S01005666,913,693,220
S01005667,778,603,175
S01005668,842,631,211
S01005669,615,463,152
S01005670,683,446,237
S01005671,516,390,126
S01005672,856,610,246
S01005673,643,479,164
S01005674,941,701,240
S01005675,929,661,268
S01005676,876,625,251
S01005677,842,594,248
S01005678,848,616,232
S01005679,880,723,157
S01005680,730,568,162
S01005681,879,701,178
S01005682,656,527,129
S01005683,881,626,255
S01005684,923,672,251
S01005685,667,513,154
S01005686,715,569,146
S01005687,551,424,127
S01005688,812,600,212
S01005689,505,382,123
S01005690,751,586,165
S01005691,622,455,167
S01005692,667,480,187
S01005693,887,707,180
S01005694,598,429,169
S01005695,564,441,123
S01005696,691,556,135
S01005697,640,454,186
S01005698,578,439,139
S01005699,799,641,158
S01005700,582,440,142
S01005701,732,503,229
S01005702,683,494,189
S01005703,629,531,98
S01005704,620,476,144
S01005705,625,526,99
S01005706,772,604,168
S01005707,563,427,136
S01005708,721,552,169
S01005709,812,595,217
S01005710,426,324,102
S01005711,867,659,208
S01005712,566,411,155
S01005713,651,516,135
S01005714,782,593,189
S01005715,795,584,211
S01005716,600,465,135
S01005717,563,429,134
S01005718,794,573,221
S01005719,556,406,150
S01005720,719,546,173
S01005721,792,578,214
S01005722,542,412,130
S01005723,697,559,138
S01005724,715,533,182
S01005725,638,485,153
S01005726,902,626,276
S01005727,572,422,150
S01005728,828,664,164
S01005729,623,511,112
S01005730,743,542,201
S01005731,575,471,104
S01005732,889,703,186
S01005733,771,565,206
S01005734,674,515,159
S01005735,824,644,180
S01005736,767,611,156
S01005737,787,556,231
S01005738,875,664,211
S01005739,1000,712,288
S01005740,732,478,254
S01005741,996,772,224
S01005742,711,570,141
S01005743,668,508,160
S01005744,873,693,180
S01005745,978,792,186
S01005746,903,730,173
S01005747,894,698,196
S01005748,451,371,80
S01005749,857,644,213
S01005750,843,671,172
S01005751,817,683,134
S01005752,810,594,216
S01005753,731,593,138
S01005754,966,785,181
S01005755,834,675,159
S01005756,884,683,201
S01005757,622,500,122
S01005758,853,695,158
S01005759,828,658,170
S01005760,636,472,164
S01005761,682,509,173
S01005762,781,605,176
S01005763,790,605,185
S01005764,611,485,126
S01005765,873,659,214
S01005766,644,518,126
S01005767,728,597,131
S01005768,900,727,173
S01005769,786,635,151
S01005770,642,539,103
S01005771,817,617,200
S01005772,716,573,143
S01005773,860,700,160
S01005774,719,559,160
S01005775,861,651,210
S01005776,713,590,123
S01005777,600,471,129
S01005778,699,564,135
S01005779,716,578,138
S01005780,683,484,199
S01005781,868,689,179
S01005782,802,617,185
S01005783,576,453,123
S01005784,509,371,138
S01005785,826,628,198
S01005786,661,448,213
S01005787,765,528,237
S01005788,537,443,94
S01005789,931,685,246
S01005790,655,468,187
S01005791,507,408,99
S01005792,918,633,285
S01005793,550,406,144
S01005794,972,768,204
S01005795,726,503,223
S01005796,494,401,93
S01005797,799,596,203
S01005798,663,494,169
S01005799,791,575,216
S01005800,694,536,158
S01005801,787,538,249
S01005802,667,558,109
S01005803,667,466,201
S01005804,626,489,137
S01005805,627,493,134
S01005806,698,539,159
S01005807,948,611,337
S01005808,808,548,260
S01005809,587,398,189
S01005810,522,423,99
S01005811,612,437,175
S01005812,660,504,156
S01005813,869,632,237
S01005814,711,584,127
S01005815,958,681,277
S01005816,784,557,227
S01005817,538,381,157
S01005818,755,623,132
S01005819,723,626,97
S01005820,713,461,252
S01005821,527,373,154
S01005822,891,578,313
S01005823,697,501,196
S01005824,747,510,237
S01005825,734,535,199
S01005826,984,793,191
S01005827,790,566,224
S01005828,787,538,249
S01005829,791,596,195
S01005830,925,684,241
S01005831,953,749,204
S01005832,804,677,127
S01005833,719,617,102
S01005834,653,448,205
S01005835,719,533,186
S01005836,724,559,165
S01005837,513,374,139
S01005838,748,542,206
S01005839,884,696,188
S01005840,812,590,222
S01005841,690,502,188
S01005842,616,514,102
S01005843,579,398,181
S01005844,768,568,200
S01005845,549,405,144
S01005846,914,673,241
S01005847,784,573,211
S01005848,622,525,97
S01005849,845,732,113
S01005850,725,535,190
S01005851,760,557,203
S01005852,571,394,177
S01005853,999,776,223
S01005854,864,742,122
S01005855,965,798,167
S01005856,781,584,197
S01005857,708,602,106
S01005858,789,643,146
S01005859,765,522,243
S01005860,778,538,240
S01005861,598,440,158
S01005862,827,605,222
S01005863,938,696,242
S01005864,903,643,260
S01005865,747,577,170
S01005866,773,549,224
S01005867,954,762,192
S01005868,786,583,203
S01005869,731,615,116
S01005870,762,597,165
S01005871,757,563,194
S01005872,800,599,201
S01005873,1036,756,280
S01005874,903,741,162
S01005875,740,597,143
S01005876,885,722,163
S01005877,901,646,255
S01005878,686,519,167
S01005879,675,565,110
S01005880,797,673,124
S01005881,803,559,244
S01005882,575,466,109
S01005883,509,391,118
S01005884,830,666,164
S01005885,681,557,124
S01005886,789,609,180
S01005887,527,377,150
S01005888,622,547,75
S01005889,810,629,181
S01005890,786,572,214
S01005891,634,515,119
S01005892,738,607,131
S01005893,770,562,208
S01005894,638,472,166
S01005895,644,473,171
S01005896,658,530,128
S01005897,796,587,209
S01005898,739,534,205
S01005899,713,560,153
S01005900,663,523,140
S01005901,762,585,177
S01005902,903,793,110
S01005903,918,686,232
S01005904,761,564,197
S01005905,714,553,161
S01005906,943,757,186
S01005907,763,623,140
S01005908,830,651,179
S01005909,548,419,129
S01005910,784,589,195
S01005911,995,783,212
S01005912,846,617,229
S01005913,944,743,201
S01005914,789,643,146
S01005915,733,542,191
S01005916,759,549,210
S01005917,886,699,187
S01005918,932,698,234
S01005919,555,445,110
S01005920,902,692,210
S01005921,623,499,124
S01005922,952,685,267
S01005923,769,584,185
S01005924,666,512,154
S01005925,770,575,195
S01005926,748,612,136
S01005927,848,691,157
S01005928,784,638,146
S01005929,616,467,149
S01005930,650,470,180
S01005931,795,568,227
S01005932,710,592,118
S01005933,808,607,201
S01005934,747,574,173
S01005935,651,493,158
S01005936,883,741,142
S01005937,646,489,157
S01005938,698,536,162
S01005939,772,606,166
S01005940,633,515,118
S01005941,513,415,98
S01005942,845,613,232
S01005943,934,624,310
S01005944,979,819,160
S01005945,868,619,249
S01005946,1012,828,184
S01005947,806,673,133
S01005948,693,560,133
S01005949,711,461,250
S01005950,543,402,141
S01005951,849,688,161
S01005952,937,762,175
S01005953,936,784,152
S01005954,540,413,127
S01005955,517,407,110
S01005956,860,643,217
S01005957,968,786,182
S01005958,593,471,122
S01005959,490,403,87
S01005960,513,427,86
S01005961,800,620,180
S01005962,519,432,87
S01005963,545,454,91
S01005964,744,605,139
S01005965,808,580,228
S01005966,927,735,192
S01005967,957,785,172
S01005968,826,619,207
S01005969,750,644,106
S01005970,797,659,138
S01005971,512,448,64
S01005972,791,661,130
S01005973,789,647,142
S01005974,776,666,110
S01005975,760,656,104
S01005976,786,654,132
S01005977,781,676,105
S01005978,745,613,132
S01005979,950,777,173
S01005980,677,559,118
S01005981,571,430,141
S01005982,638,501,137
S01005983,987,821,166
S01005984,689,562,127
S01005985,829,718,111
S01005986,776,637,139
S01005987,584,489,95
S01005988,558,445,113
S01005989,810,665,145
S01005990,965,693,272
S01005991,714,565,149
S01005992,607,496,111
S01005993,797,634,163
S01005994,943,785,158
S01005995,674,548,126
S01005996,761,575,186
S01005997,674,493,181
S01005998,690,516,174
S01005999,869,664,205
S01006000,792,656,136
S01006001,907,761,146
S01006002,564,476,88
S01006003,668,547,121
S01006004,623,452,171
S01006005,646,494,152
S01006006,808,655,153
S01006007,559,448,111
S01006008,780,595,185
S01006009,579,450,129
S01006010,907,670,237
S01006011,840,660,180
S01006012,878,710,168
S01006013,540,441,99
S01006014,705,571,134
S01006015,744,599,145
S01006016,958,721,237
S01006017,734,584,150
S01006018,852,686,166
S01006019,822,622,200
S01006020,841,660,181
S01006021,901,781,120
S01006022,557,444,113
S01006023,786,586,200
S01006024,849,702,147
S01006025,861,743,118
S01006026,786,670,116
S01006027,691,546,145
S01006028,634,499,135
S01006029,755,553,202
S01006030,962,761,201
S01006031,870,715,155
S01006032,940,767,173
S01006033,700,548,152
S01006034,737,570,167
S01006035,980,811,169
S01006036,809,659,150
S01006037,896,698,198
S01006038,704,553,151
S01006039,833,683,150
S01006040,765,570,195
S01006041,895,738,157
S01006042,842,664,178
S01006043,621,488,133
S01006044,954,800,154
S01006045,662,530,132
S01006046,827,687,140
S01006047,754,596,158
S01006048,830,649,181
S01006049,775,636,139
S01006050,861,694,167
S01006051,959,784,175
S01006052,756,585,171
S01006053,867,719,148
S01006054,733,570,163
S01006055,616,412,204
S01006056,960,803,157
S01006057,488,408,80
S01006058,820,691,129
S01006059,804,677,127
S01006060,634,533,101
S01006061,551,432,119
S01006062,686,570,116
S01006063,614,485,129
S01006064,699,545,154
S01006065,779,606,173
S01006066,837,638,199
S01006067,971,721,250
S01006068,497,336,161
S01006069,736,517,219
S01006070,644,463,181
S01006071,966,677,289
S01006072,637,485,152
S01006073,504,372,132
S01006074,705,481,224
S01006075,983,733,250
S01006076,966,705,261
S01006077,800,614,186
S01006078,997,737,260
S01006079,788,635,153
S01006080,863,620,243
S01006081,775,611,164
S01006082,950,752,198
S01006083,830,605,225
S01006084,825,606,219
S01006085,800,617,183
S01006086,716,555,161
S01006087,743,584,159
S01006088,822,638,184
S01006089,762,572,190
S01006090,899,635,264
S01006091,606,438,168
S01006092,655,529,126
S01006093,602,478,124
S01006094,944,748,196
S01006095,937,743,194
S01006096,641,482,159
S01006097,948,714,234
S01006098,681,499,182
S01006099,578,390,188
S01006100,612,392,220
S01006101,646,525,121
S01006102,781,549,232
S01006103,701,517,184
S01006104,777,578,199
S01006105,706,468,238
S01006106,626,412,214
S01006107,697,465,232
S01006108,944,706,238
S01006109,775,566,209
S01006110,779,552,227
S01006111,799,628,171
S01006112,750,547,203
S01006113,879,679,200
S01006114,722,564,158
S01006115,782,582,200
S01006116,944,683,261
S01006117,826,633,193
S01006118,551,423,128
S01006119,1015,713,302
S01006120,875,578,297
S01006121,500,326,174
S01006122,824,629,195
S01006123,653,394,259
S01006124,632,394,238
S01006125,553,351,202
S01006126,705,399,306
S01006127,644,432,212
S01006128,812,439,373
S01006129,712,514,198
S01006130,562,422,140
S01006131,922,655,267
S01006132,823,604,219
S01006133,584,416,168
S01006134,501,362,139
S01006135,571,435,136
S01006136,975,690,285
S01006137,650,398,252
S01006138,636,506,130
S01006139,410,284,126
S01006140,867,655,212
S01006141,813,507,306
S01006142,657,498,159
S01006143,500,387,113
S01006144,1002,728,274
S01006145,965,742,223
S01006146,849,588,261
S01006147,799,521,278
S01006148,784,575,209
S01006149,1025,771,254
S01006150,928,625,303
S01006151,689,412,277
S01006152,715,492,223
S01006153,603,420,183
S01006154,794,576,218
S01006155,869,635,234
S01006156,576,419,157
S01006157,771,535,236
S01006158,873,623,250
S01006159,808,522,286
S01006160,785,564,221
S01006161,750,545,205
S01006162,649,458,191
S01006163,980,687,293
S01006164,666,475,191
S01006165,861,638,223
S01006166,909,675,234
S01006167,880,572,308
S01006168,783,591,192
S01006169,677,492,185
S01006170,970,727,243
S01006171,906,728,178
S01006172,523,425,98
S01006173,622,427,195
S01006174,585,429,156
S01006175,778,570,208
S01006176,571,411,160
S01006177,660,543,117
S01006178,869,742,127
S01006179,796,654,142
S01006180,817,612,205
S01006181,754,577,177
S01006182,560,421,139
S01006183,714,597,117
S01006184,795,620,175
S01006185,980,800,180
S01006186,862,722,140
S01006187,891,690,201
S01006188,744,564,180
S01006189,780,591,189
S01006190,823,692,131
S01006191,587,419,168
S01006192,790,593,197
S01006193,689,584,105
S01006194,918,780,138
S01006195,769,628,141
S01006196,912,755,157
S01006197,861,695,166
S01006198,537,427,110
S01006199,744,620,124
S01006200,899,734,165
S01006201,1012,836,176
S01006202,703,518,185
S01006203,617,508,109
S01006204,942,772,170
S01006205,713,587,126
S01006206,841,691,150
S01006207,908,749,159
S01006208,740,576,164
S01006209,755,615,140
S01006210,766,641,125
S01006211,594,431,163
S01006212,856,679,177
S01006213,891,712,179
S01006214,766,630,136
S01006215,822,670,152
S01006216,790,581,209
S01006217,989,762,227
S01006218,572,469,103
S01006219,937,779,158
S01006220,858,675,183
S01006221,818,687,131
S01006222,994,803,191
S01006223,759,610,149
S01006224,655,498,157
S01006225,828,636,192
S01006226,753,634,119
S01006227,715,562,153
S01006228,793,686,107
S01006229,971,757,214
S01006230,835,640,195
S01006231,931,711,220
S01006232,774,639,135
S01006233,648,503,145
S01006234,556,449,107
S01006235,759,627,132
S01006236,641,494,147
S01006237,880,749,131
S01006238,1004,874,130
S01006239,523,429,94
S01006240,813,721,92
S01006241,846,653,193
S01006242,764,683,81
S01006243,647,511,136
S01006244,628,519,109
S01006245,653,579,74
S01006246,750,633,117
S01006247,896,683,213
S01006248,828,678,150
S01006249,778,640,138
S01006250,707,611,96
S01006251,624,529,95
S01006252,640,582,58
S01006253,706,587,119
S01006254,700,549,151
S01006255,938,756,182
S01006256,669,567,102
S01006257,813,701,112
S01006258,739,606,133
S01006259,705,593,112
S01006260,748,588,160
S01006261,869,727,142
S01006262,688,558,130
S01006263,854,725,129
S01006264,958,758,200
S01006265,822,623,199
S01006266,680,524,156
S01006267,652,528,124
S01006268,723,564,159
S01006269,659,487,172
S01006270,937,778,159
S01006271,731,551,180
S01006272,786,660,126
S01006273,681,536,145
S01006274,605,497,108
S01006275,801,591,210
S01006276,846,682,164
S01006277,761,616,145
S01006278,751,619,132
S01006279,969,777,192
S01006280,650,503,147
S01006281,779,592,187
S01006282,727,601,126
S01006283,732,591,141
S01006284,820,661,159
S01006285,796,622,174
S01006286,927,734,193
S01006287,620,501,119
S01006288,792,617,175
S01006289,899,718,181
S01006290,928,694,234
S01006291,534,401,133
S01006292,890,709,181
S01006293,976,784,192
S01006294,650,527,123
S01006295,618,406,212
S01006296,969,679,290
S01006297,762,588,174
S01006298,877,704,173
S01006299,781,658,123
S01006300,806,625,181
S01006301,626,496,130
S01006302,933,711,222
S01006303,684,529,155
S01006304,716,499,217
S01006305,677,517,160
S01006306,746,512,234
S01006307,835,648,187
S01006308,655,478,177
S01006309,937,666,271
S01006310,786,592,194
S01006311,782,566,216
S01006312,664,513,151
S01006313,1020,801,219
S01006314,597,412,185
S01006315,882,616,266
S01006316,929,684,245
S01006317,873,634,239
S01006318,774,528,246
S01006319,881,666,215
S01006320,913,623,290
S01006321,698,414,284
S01006322,673,459,214
S01006323,904,601,303
S01006324,612,428,184
S01006325,671,557,114
S01006326,930,669,261
S01006327,563,394,169
S01006328,586,419,167
S01006329,965,666,299
S01006330,754,572,182
S01006331,752,513,239
S01006332,654,478,176
S01006333,905,663,242
S01006334,803,593,210
S01006335,881,615,266
S01006336,787,519,268
S01006337,732,497,235
S01006338,876,586,290
S01006339,808,630,178
S01006340,744,510,234
S01006341,796,545,251
S01006342,737,563,174
S01006343,739,550,189
S01006344,785,507,278
S01006345,594,417,177
S01006346,633,443,190
S01006347,633,398,235
S01006348,656,430,226
S01006349,513,385,128
S01006350,715,508,207
S01006351,976,664,312
S01006352,759,479,280
S01006353,583,429,154
S01006354,955,624,331
S01006355,738,439,299
S01006356,679,404,275
S01006357,749,475,274
S01006358,702,406,296
S01006359,868,642,226
S01006360,664,436,228
S01006361,807,479,328
S01006362,795,541,254
S01006363,725,465,260
S01006364,615,399,216
S01006365,920,583,337
S01006366,743,507,236
S01006367,769,544,225
S01006368,855,549,306
S01006369,815,614,201
S01006370,974,577,397
S01006371,545,356,189
S01006372,768,571,197
S01006373,858,549,309
S01006374,695,426,269
S01006375,679,409,270
S01006376,715,410,305
S01006377,610,354,256
S01006378,524,328,196
S01006379,595,427,168
S01006380,596,454,142
S01006381,528,393,135
S01006382,710,468,242
S01006383,624,399,225
S01006384,768,531,237
S01006385,942,559,383
S01006386,930,636,294
S01006387,800,556,244
S01006388,1005,624,381
S01006389,701,495,206
S01006390,666,422,244
S01006391,960,635,325
S01006392,864,619,245
S01006393,794,496,298
S01006394,794,481,313
S01006395,935,637,298
S01006396,596,354,242
S01006397,751,526,225
S01006398,883,623,260
S01006399,782,567,215
S01006400,947,714,233
S01006401,785,459,326
S01006402,671,378,293
S01006403,776,600,176
S01006404,775,473,302
S01006405,863,630,233
S01006406,433,312,121
S01006407,688,456,232
S01006408,981,538,443
S01006409,619,436,183
S01006410,716,566,150
S01006411,819,508,311
S01006412,705,455,250
S01006413,576,417,159
S01006414,524,369,155
S01006415,826,572,254
S01006416,587,442,145
S01006417,701,448,253
S01006418,678,438,240
S01006419,570,416,154
S01006420,937,527,410
S01006421,568,426,142
S01006422,662,502,160
S01006423,571,346,225
S01006424,634,485,149
S01006425,710,489,221
S01006426,548,373,175
S01006427,761,582,179
S01006428,829,550,279
S01006429,573,333,240
S01006430,618,475,143
S01006431,573,425,148
S01006432,722,447,275
S01006433,669,449,220
S01006434,813,581,232
S01006435,456,330,126
S01006436,755,487,268
S01006437,959,614,345
S01006438,606,475,131
S01006439,733,552,181
S01006440,818,624,194
S01006441,709,405,304
S01006442,796,524,272
S01006443,519,393,126
S01006444,568,341,227
S01006445,780,498,282
S01006446,871,587,284
S01006447,588,442,146
S01006448,887,590,297
S01006449,511,335,176
S01006450,682,337,345
S01006451,714,455,259
S01006452,567,430,137
S01006453,810,575,235
S01006454,572,368,204
S01006455,667,359,308
S01006456,867,657,210
S01006457,645,453,192
S01006458,931,660,271
S01006459,683,490,193
S01006460,521,380,141
S01006461,706,449,257
S01006462,741,464,277
S01006463,678,434,244
S01006464,747,513,234
S01006465,960,686,274
S01006466,742,559,183
S01006467,920,628,292
S01006468,1001,667,334
S01006469,679,488,191
S01006470,799,572,227
S01006471,820,480,340
S01006472,562,387,175
S01006473,778,558,220
S01006474,818,524,294
S01006475,853,583,270
S01006476,761,472,289
S01006477,789,547,242
S01006478,849,487,362
S01006479,714,549,165
S01006480,867,562,305
S01006481,597,356,241
S01006482,758,486,272
S01006483,911,678,233
S01006484,784,576,208
S01006485,659,449,210
S01006486,862,588,274
S01006487,765,507,258
S01006488,629,427,202
S01006489,784,574,210
S01006490,765,544,221
S01006491,828,611,217
S01006492,593,376,217
S01006493,582,423,159
S01006494,581,424,157
S01006495,788,538,250
S01006496,894,620,274
S01006497,502,358,144
S01006498,1102,809,293
S01006499,831,595,236
S01006500,741,554,187
S01006501,972,659,313
S01006502,631,423,208
S01006503,691,480,211
S01006504,784,551,233
S01006505,772,518,254
