dz_2001,total,religious,nonreligious
S01000001,872,462,410
S01000002,678,308,370
S01000003,788,283,505
S01000004,612,275,337
S01000005,643,323,320
S01000006,644,387,257
S01000007,751,453,298
S01000008,580,321,259
S01000009,681,327,354
S01000010,514,262,252
S01000011,1043,682,361
S01000012,1528,718,810
S01000013,836,478,358
S01000014,881,403,478
S01000015,669,295,374
S01000016,540,342,198
S01000017,848,360,488
S01000018,520,223,297
S01000019,648,455,193
S01000020,914,618,296
S01000021,861,388,473
S01000022,627,391,236
S01000023,762,492,270
S01000024,519,341,178
S01000025,865,573,292
S01000026,849,395,454
S01000027,798,516,282
S01000028,919,431,488
S01000029,729,444,285
S01000030,449,169,280
S01000031,941,573,368
S01000032,1063,470,593
S01000033,802,371,431
S01000034,1238,708,530
S01000035,1034,529,505
S01000036,683,288,395
S01000037,765,387,378
S01000038,678,308,370
S01000039,902,439,463
S01000040,934,410,524
S01000041,831,479,352
S01000042,755,362,393
S01000043,896,493,403
S01000044,959,441,518
S01000045,569,358,211
S01000046,754,483,271
S01000047,807,429,378
S01000048,960,558,402
S01000049,747,430,317
S01000050,744,435,309
S01000051,797,515,282
S01000052,627,195,432
S01000053,1100,627,473
S01000054,801,479,322
S01000055,803,395,408
S01000056,1014,640,374
S01000057,699,242,457
S01000058,712,416,296
S01000059,957,539,418
S01000060,634,237,397
S01000061,1001,682,319
S01000062,1038,552,486
S01000063,910,518,392
S01000064,623,279,344
S01000065,1002,544,458
S01000066,959,475,484
S01000067,1065,695,370
S01000068,879,536,343
S01000069,718,317,401
S01000070,658,303,355
S01000071,812,368,444
S01000072,907,547,360
S01000073,630,434,196
S01000074,870,320,550
S01000075,539,309,230
S01000076,721,483,238
S01000077,951,505,446
S01000078,1097,607,490
S01000079,1448,676,772
S01000080,1015,485,530
S01000081,889,577,312
S01000082,933,429,504
S01000083,774,441,333
S01000084,859,432,427
S01000085,520,230,290
S01000086,725,347,378
S01000087,1071,674,397
S01000088,934,451,483
S01000089,947,613,334
S01000090,769,388,381
S01000091,1096,513,583
S01000092,906,503,403
S01000093,735,366,369
S01000094,712,359,353
S01000095,717,364,353
S01000096,690,398,292
S01000097,1001,588,413
S01000098,1240,654,586
S01000099,811,530,281
S01000100,871,463,408
S01000101,888,481,407
S01000102,795,381,414
S01000103,628,318,310
S01000104,905,560,345
S01000105,870,507,363
S01000106,724,431,293
S01000107,1269,600,669
S01000108,753,372,381
S01000109,1019,521,498
S01000110,846,521,325
S01000111,791,478,313
S01000112,983,509,474
S01000113,607,364,243
S01000114,814,413,401
S01000115,838,419,419
S01000116,923,472,451
S01000117,1033,634,399
S01000118,712,379,333
S01000119,835,408,427
S01000120,566,323,243
S01000121,718,430,288
S01000122,701,305,396
S01000123,673,465,208
S01000124,988,502,486
S01000125,648,295,353
S01000126,945,490,455
S01000127,766,440,326
S01000128,1804,906,898
S01000129,1005,518,487
S01000130,1557,765,792
S01000131,622,308,314
S01000132,757,364,393
S01000133,878,336,542
S01000134,728,234,494
S01000135,687,324,363
S01000136,675,306,369
S01000137,967,477,490
S01000138,1373,681,692
S01000139,790,403,387
S01000140,853,385,468
S01000141,826,508,318
S01000142,685,265,420
S01000143,618,437,181
S01000144,730,358,372
S01000145,815,427,388
S01000146,1537,796,741
S01000147,1042,521,521
S01000148,605,209,396
S01000149,1180,642,538
S01000150,619,258,361
S01000151,865,458,407
S01000152,1288,693,595
S01000153,963,446,517
S01000154,524,222,302
S01000155,739,294,445
S01000156,1031,530,501
S01000157,691,341,350
S01000158,926,453,473
S01000159,976,610,366
S01000160,761,319,442
S01000161,915,469,446
S01000162,830,488,342
S01000163,1057,433,624
S01000164,929,503,426
S01000165,914,444,470
S01000166,1274,636,638
S01000167,701,281,420
S01000168,975,440,535
S01000169,712,364,348
S01000170,1133,608,525
S01000171,1079,553,526
S01000172,471,255,216
S01000173,849,420,429
S01000174,900,506,394
S01000175,536,266,270
S01000176,762,386,376
S01000177,559,290,269
S01000178,774,320,454
S01000179,877,499,378
S01000180,663,265,398
S01000181,606,227,379
S01000182,916,339,577
S01000183,1362,757,605
S01000184,742,437,305
S01000185,887,415,472
S01000186,950,536,414
S01000187,627,267,360
S01000188,1219,689,530
S01000189,623,203,420
S01000190,835,340,495
S01000191,1223,691,532
S01000192,810,370,440
S01000193,727,276,451
S01000194,872,431,441
S01000195,723,387,336
S01000196,1005,318,687
S01000197,587,255,332
S01000198,831,366,465
S01000199,853,499,354
S01000200,833,409,424
S01000201,622,272,350
S01000202,1015,538,477
S01000203,712,374,338
S01000204,577,226,351
S01000205,973,534,439
S01000206,704,354,350
S01000207,928,506,422
S01000208,1015,505,510
S01000209,1391,641,750
S01000210,684,364,320
S01000211,747,389,358
S01000212,754,350,404
S01000213,740,308,432
S01000214,460,224,236
S01000215,1160,691,469
S01000216,654,323,331
S01000217,810,466,344
S01000218,666,385,281
S01000219,851,517,334
S01000220,2648,1347,1301
S01000221,840,420,420
S01000222,737,386,351
S01000223,607,270,337
S01000224,846,421,425
S01000225,576,290,286
S01000226,608,338,270
S01000227,1334,640,694
S01000228,829,340,489
S01000229,822,380,442
S01000230,618,274,344
S01000231,694,326,368
S01000232,615,309,306
S01000233,496,296,200
S01000234,697,387,310
S01000235,837,447,390
S01000236,672,390,282
S01000237,816,533,283
S01000238,493,224,269
S01000239,691,403,288
S01000240,634,322,312
S01000241,599,320,279
S01000242,744,415,329
S01000243,649,397,252
S01000244,1139,503,636
S01000245,959,465,494
S01000246,689,349,340
S01000247,655,352,303
S01000248,741,332,409
S01000249,650,354,296
S01000250,832,450,382
S01000251,465,255,210
S01000252,790,384,406
S01000253,651,343,308
S01000254,832,392,440
S01000255,586,269,317
S01000256,805,528,277
S01000257,917,534,383
S01000258,608,318,290
S01000259,611,324,287
S01000260,865,365,500
S01000261,900,541,359
S01000262,913,540,373
S01000263,820,438,382
S01000264,909,502,407
S01000265,712,399,313
S01000266,1248,672,576
S01000267,720,426,294
S01000268,816,505,311
S01000269,628,365,263
S01000270,1031,609,422
S01000271,877,501,376
S01000272,1122,605,517
S01000273,620,320,300
S01000274,678,386,292
S01000275,1435,868,567
S01000276,786,467,319
S01000277,723,411,312
S01000278,577,340,237
S01000279,956,617,339
S01000280,761,467,294
S01000281,675,403,272
S01000282,750,431,319
S01000283,1090,587,503
S01000284,1266,726,540
S01000285,719,438,281
S01000286,916,501,415
S01000287,732,443,289
S01000288,807,451,356
S01000289,888,485,403
S01000290,822,395,427
S01000291,951,569,382
S01000292,1029,621,408
S01000293,843,533,310
S01000294,648,354,294
S01000295,538,336,202
S01000296,969,519,450
S01000297,729,421,308
S01000298,1131,593,538
S01000299,1019,658,361
S01000300,759,477,282
S01000301,554,348,206
S01000302,630,424,206
S01000303,584,372,212
S01000304,829,482,347
S01000305,1040,563,477
S01000306,790,514,276
S01000307,922,506,416
S01000308,1218,652,566
S01000309,1203,661,542
S01000310,946,465,481
S01000311,938,581,357
S01000312,539,361,178
S01000313,681,427,254
S01000314,551,301,250
S01000315,667,394,273
S01000316,901,592,309
S01000317,542,351,191
S01000318,549,377,172
S01000319,712,378,334
S01000320,671,314,357
S01000321,595,316,279
S01000322,996,636,360
S01000323,879,504,375
S01000324,835,432,403
S01000325,1291,767,524
S01000326,805,415,390
S01000327,811,448,363
S01000328,534,240,294
S01000329,836,344,492
S01000330,1322,754,568
S01000331,560,339,221
S01000332,745,402,343
S01000333,948,543,405
S01000334,903,518,385
S01000335,792,498,294
S01000336,1440,764,676
S01000337,841,544,297
S01000338,495,283,212
S01000339,1236,720,516
S01000340,1058,657,401
S01000341,1009,618,391
S01000342,478,235,243
S01000343,584,326,258
S01000344,992,582,410
S01000345,626,366,260
S01000346,643,344,299
S01000347,1606,913,693
S01000348,730,422,308
S01000349,537,341,196
S01000350,1082,640,442
S01000351,939,582,357
S01000352,699,406,293
S01000353,508,292,216
S01000354,1576,797,779
S01000355,615,376,239
S01000356,642,393,249
S01000357,580,316,264
S01000358,889,578,311
S01000359,836,529,307
S01000360,536,337,199
S01000361,678,390,288
S01000362,971,496,475
S01000363,1178,696,482
S01000364,955,520,435
S01000365,2070,1005,1065
S01000366,2125,1037,1088
S01000367,845,534,311
S01000368,1286,764,522
S01000369,938,491,447
S01000370,1511,743,768
S01000371,927,582,345
S01000372,951,535,416
S01000373,667,377,290
S01000374,647,392,255
S01000375,612,324,288
S01000376,826,381,445
S01000377,852,474,378
S01000378,543,284,259
S01000379,655,348,307
S01000380,957,506,451
S01000381,1621,940,681
S01000382,733,423,310
S01000383,1166,589,577
S01000384,706,452,254
S01000385,622,267,355
S01000386,1260,696,564
S01000387,871,485,386
S01000388,1083,591,492
S01000389,861,417,444
S01000390,822,473,349
S01000391,726,397,329
S01000392,800,400,400
S01000393,891,595,296
S01000394,693,383,310
S01000395,800,413,387
S01000396,843,517,326
S01000397,938,637,301
S01000398,2417,1269,1148
S01000399,598,353,245
S01000400,803,503,300
S01000401,904,489,415
S01000402,751,426,325
S01000403,787,520,267
S01000404,708,385,323
S01000405,522,314,208
S01000406,534,293,241
S01000407,595,334,261
S01000408,609,309,300
S01000409,579,333,246
S01000410,748,451,297
S01000411,702,380,322
S01000412,798,438,360
S01000413,871,516,355
S01000414,694,391,303
S01000415,927,522,405
S01000416,910,501,409
S01000417,1008,583,425
S01000418,718,425,293
S01000419,1523,784,739
S01000420,1339,745,594
S01000421,786,410,376
S01000422,947,563,384
S01000423,1026,569,457
S01000424,743,398,345
S01000425,842,542,300
S01000426,826,446,380
S01000427,743,374,369
S01000428,666,406,260
S01000429,871,552,319
S01000430,501,310,191
S01000431,722,468,254
S01000432,881,544,337
S01000433,510,305,205
S01000434,602,285,317
S01000435,514,289,225
S01000436,629,347,282
S01000437,947,580,367
S01000438,594,357,237
S01000439,823,489,334
S01000440,1091,597,494
S01000441,900,541,359
S01000442,843,526,317
S01000443,608,353,255
S01000444,2534,1280,1254
S01000445,1201,637,564
S01000446,951,494,457
S01000447,782,408,374
S01000448,859,450,409
S01000449,740,396,344
S01000450,553,357,196
S01000451,855,499,356
S01000452,573,351,222
S01000453,584,353,231
S01000454,443,267,176
S01000455,846,406,440
S01000456,1132,660,472
S01000457,819,552,267
S01000458,930,516,414
S01000459,1013,619,394
S01000460,707,358,349
S01000461,865,472,393
S01000462,1034,631,403
S01000463,733,340,393
S01000464,848,475,373
S01000465,665,377,288
S01000466,880,503,377
S01000467,614,307,307
S01000468,535,299,236
S01000469,641,373,268
S01000470,1064,628,436
S01000471,837,413,424
S01000472,759,353,406
S01000473,661,318,343
S01000474,625,377,248
S01000475,727,313,414
S01000476,627,375,252
S01000477,674,370,304
S01000478,790,431,359
S01000479,847,478,369
S01000480,670,391,279
S01000481,2138,1204,934
S01000482,896,489,407
S01000483,983,592,391
S01000484,805,445,360
S01000485,987,627,360
S01000486,1132,583,549
S01000487,621,421,200
S01000488,624,332,292
S01000489,937,483,454
S01000490,540,266,274
S01000491,539,248,291
S01000492,951,448,503
S01000493,641,334,307
S01000494,551,243,308
S01000495,903,532,371
S01000496,529,351,178
S01000497,768,433,335
S01000498,520,363,157
S01000499,1020,536,484
S01000500,604,282,322
S01000501,577,363,214
S01000502,638,403,235
S01000503,494,314,180
S01000504,770,515,255
S01000505,727,448,279
S01000506,1024,584,440
S01000507,995,579,416
S01000508,889,520,369
S01000509,1045,692,353
S01000510,665,417,248
S01000511,573,302,271
S01000512,990,589,401
S01000513,881,521,360
S01000514,941,568,373
S01000515,551,316,235
S01000516,883,515,368
S01000517,737,399,338
S01000518,963,555,408
S01000519,515,324,191
S01000520,1129,680,449
S01000521,945,527,418
S01000522,665,390,275
S01000523,851,483,368
S01000524,706,419,287
S01000525,1047,618,429
S01000526,1000,638,362
S01000527,685,462,223
S01000528,946,632,314
S01000529,805,508,297
S01000530,486,289,197
S01000531,574,353,221
S01000532,788,482,306
S01000533,715,425,290
S01000534,760,424,336
S01000535,1020,564,456
S01000536,494,305,189
S01000537,1056,680,376
S01000538,740,398,342
S01000539,990,555,435
S01000540,727,366,361
S01000541,592,332,260
S01000542,647,365,282
S01000543,832,565,267
S01000544,667,498,169
S01000545,755,386,369
S01000546,860,436,424
S01000547,543,352,191
S01000548,1085,631,454
S01000549,1219,788,431
S01000550,471,327,144
S01000551,892,608,284
S01000552,540,395,145
S01000553,888,565,323
S01000554,679,308,371
S01000555,860,510,350
S01000556,812,392,420
S01000557,913,550,363
S01000558,547,371,176
S01000559,668,418,250
S01000560,1086,530,556
S01000561,1012,621,391
S01000562,847,480,367
S01000563,1145,703,442
S01000564,927,514,413
S01000565,796,421,375
S01000566,867,494,373
S01000567,824,468,356
S01000568,526,320,206
S01000569,759,483,276
S01000570,892,613,279
S01000571,803,553,250
S01000572,711,475,236
S01000573,538,339,199
S01000574,750,563,187
S01000575,640,415,225
S01000576,542,415,127
S01000577,567,345,222
S01000578,633,409,224
S01000579,884,586,298
S01000580,956,597,359
S01000581,700,474,226
S01000582,648,385,263
S01000583,939,521,418
S01000584,840,459,381
S01000585,1224,663,561
S01000586,722,415,307
S01000587,658,372,286
S01000588,576,383,193
S01000589,709,416,293
S01000590,846,533,313
S01000591,775,561,214
S01000592,875,520,355
S01000593,1555,929,626
S01000594,1331,896,435
S01000595,758,499,259
S01000596,795,572,223
S01000597,965,666,299
S01000598,1348,861,487
S01000599,1145,739,406
S01000600,776,498,278
S01000601,1232,752,480
S01000602,743,488,255
S01000603,1022,647,375
S01000604,976,662,314
S01000605,813,533,280
S01000606,860,436,424
S01000607,752,499,253
S01000608,1195,573,622
S01000609,1051,483,568
S01000610,804,431,373
S01000611,631,317,314
S01000612,1039,557,482
S01000613,1047,638,409
S01000614,678,437,241
S01000615,809,459,350
S01000616,1442,893,549
S01000617,665,435,230
S01000618,815,547,268
S01000619,708,404,304
S01000620,1169,492,677
S01000621,1082,635,447
S01000622,768,269,499
S01000623,769,386,383
S01000624,616,321,295
S01000625,641,256,385
S01000626,804,337,467
S01000627,849,418,431
S01000628,580,267,313
S01000629,911,500,411
S01000630,738,403,335
S01000631,612,296,316
S01000632,539,342,197
S01000633,523,289,234
S01000634,735,386,349
S01000635,643,354,289
S01000636,521,359,162
S01000637,648,412,236
S01000638,589,390,199
S01000639,641,371,270
S01000640,721,453,268
S01000641,814,538,276
S01000642,908,512,396
S01000643,675,435,240
S01000644,711,484,227
S01000645,980,513,467
S01000646,782,565,217
S01000647,777,507,270
S01000648,896,447,449
S01000649,596,364,232
S01000650,712,432,280
S01000651,886,552,334
S01000652,774,558,216
S01000653,994,557,437
S01000654,971,594,377
S01000655,792,418,374
S01000656,799,441,358
S01000657,816,509,307
S01000658,606,328,278
S01000659,1321,915,406
S01000660,1026,746,280
S01000661,822,493,329
S01000662,734,475,259
S01000663,811,480,331
S01000664,851,518,333
S01000665,669,452,217
S01000666,528,351,177
S01000667,987,645,342
S01000668,864,455,409
S01000669,827,502,325
S01000670,669,386,283
S01000671,590,406,184
S01000672,713,448,265
S01000673,721,501,220
S01000674,1080,635,445
S01000675,714,471,243
S01000676,457,303,154
S01000677,877,513,364
S01000678,901,525,376
S01000679,779,357,422
S01000680,967,512,455
S01000681,990,466,524
S01000682,768,399,369
S01000683,546,310,236
S01000684,740,426,314
S01000685,912,562,350
S01000686,770,444,326
S01000687,827,437,390
S01000688,722,396,326
S01000689,648,423,225
S01000690,992,597,395
S01000691,808,432,376
S01000692,750,465,285
S01000693,1015,578,437
S01000694,701,383,318
S01000695,788,460,328
S01000696,774,472,302
S01000697,958,552,406
S01000698,620,354,266
S01000699,630,396,234
S01000700,806,491,315
S01000701,1017,687,330
S01000702,514,362,152
S01000703,739,484,255
S01000704,979,631,348
S01000705,1146,666,480
S01000706,859,534,325
S01000707,625,357,268
S01000708,565,369,196
S01000709,1023,721,302
S01000710,1108,743,365
S01000711,505,401,104
S01000712,621,492,129
S01000713,752,547,205
S01000714,986,776,210
S01000715,658,494,164
S01000716,535,307,228
S01000717,915,607,308
S01000718,810,588,222
S01000719,641,493,148
S01000720,778,581,197
S01000721,702,507,195
S01000722,846,629,217
S01000723,460,329,131
S01000724,784,543,241
S01000725,595,398,197
S01000726,760,505,255
S01000727,610,398,212
S01000728,651,470,181
S01000729,491,362,129
S01000730,457,273,184
S01000731,595,369,226
S01000732,543,378,165
S01000733,672,481,191
S01000734,826,562,264
S01000735,443,321,122
S01000736,740,540,200
S01000737,470,353,117
S01000738,449,347,102
S01000739,730,502,228
S01000740,658,445,213
S01000741,786,552,234
S01000742,642,420,222
S01000743,901,642,259
S01000744,740,502,238
S01000745,716,454,262
S01000746,786,486,300
S01000747,562,368,194
S01000748,465,320,145
S01000749,541,349,192
S01000750,687,500,187
S01000751,722,511,211
S01000752,977,549,428
S01000753,596,423,173
S01000754,787,547,240
S01000755,706,488,218
S01000756,1043,760,283
S01000757,770,572,198
S01000758,1286,876,410
S01000759,985,644,341
S01000760,531,329,202
S01000761,606,411,195
S01000762,610,451,159
S01000763,747,494,253
S01000764,676,462,214
S01000765,825,509,316
S01000766,699,482,217
S01000767,642,406,236
S01000768,783,485,298
S01000769,787,502,285
S01000770,703,429,274
S01000771,943,605,338
S01000772,640,449,191
S01000773,826,604,222
S01000774,831,501,330
S01000775,810,570,240
S01000776,572,407,165
S01000777,325,169,156
S01000778,466,348,118
S01000779,793,527,266
S01000780,849,556,293
S01000781,806,507,299
S01000782,680,474,206
S01000783,464,305,159
S01000784,803,569,234
S01000785,714,480,234
S01000786,749,497,252
S01000787,498,336,162
S01000788,656,405,251
S01000789,742,516,226
S01000790,512,371,141
S01000791,607,371,236
S01000792,664,451,213
S01000793,675,463,212
S01000794,861,566,295
S01000795,940,650,290
S01000796,428,315,113
S01000797,449,260,189
S01000798,484,307,177
S01000799,1589,1090,499
S01000800,947,639,308
S01000801,635,369,266
S01000802,770,513,257
S01000803,972,547,425
S01000804,912,578,334
S01000805,803,564,239
S01000806,808,482,326
S01000807,769,526,243
S01000808,749,469,280
S01000809,616,413,203
S01000810,735,426,309
S01000811,798,602,196
S01000812,1347,971,376
S01000813,771,576,195
S01000814,786,541,245
S01000815,520,371,149
S01000816,563,368,195
S01000817,916,672,244
S01000818,911,617,294
S01000819,882,610,272
S01000820,554,334,220
S01000821,854,591,263
S01000822,532,390,142
S01000823,502,340,162
S01000824,756,538,218
S01000825,739,534,205
S01000826,625,455,170
S01000827,736,504,232
S01000828,925,618,307
S01000829,693,487,206
S01000830,872,505,367
S01000831,848,610,238
S01000832,954,564,390
S01000833,1164,631,533
S01000834,980,573,407
S01000835,774,406,368
S01000836,785,295,490
S01000837,984,512,472
S01000838,623,406,217
S01000839,1355,698,657
S01000840,686,340,346
S01000841,988,377,611
S01000842,867,553,314
S01000843,910,508,402
S01000844,787,432,355
S01000845,540,307,233
S01000846,680,338,342
S01000847,974,524,450
S01000848,651,419,232
S01000849,479,278,201
S01000850,699,373,326
S01000851,714,438,276
S01000852,725,420,305
S01000853,554,264,290
S01000854,846,408,438
S01000855,716,486,230
S01000856,512,232,280
S01000857,507,275,232
S01000858,910,542,368
S01000859,1129,652,477
S01000860,891,408,483
S01000861,643,418,225
S01000862,523,309,214
S01000863,542,267,275
S01000864,1172,699,473
S01000865,1080,553,527
S01000866,853,447,406
S01000867,895,459,436
S01000868,703,381,322
S01000869,595,262,333
S01000870,865,442,423
S01000871,818,502,316
S01000872,798,517,281
S01000873,3097,1864,1233
S01000874,496,224,272
S01000875,1427,869,558
S01000876,681,384,297
S01000877,675,328,347
S01000878,554,376,178
S01000879,945,596,349
S01000880,787,516,271
S01000881,642,359,283
S01000882,887,523,364
S01000883,813,451,362
S01000884,590,394,196
S01000885,480,301,179
S01000886,649,377,272
S01000887,723,432,291
S01000888,661,368,293
S01000889,686,421,265
S01000890,748,441,307
S01000891,924,617,307
S01000892,541,330,211
S01000893,625,383,242
S01000894,493,311,182
S01000895,916,546,370
S01000896,485,304,181
S01000897,680,502,178
S01000898,526,358,168
S01000899,829,593,236
S01000900,627,438,189
S01000901,605,438,167
S01000902,943,631,312
S01000903,1014,732,282
S01000904,696,503,193
S01000905,692,438,254
S01000906,536,396,140
S01000907,734,510,224
S01000908,751,486,265
S01000909,951,662,289
S01000910,842,561,281
S01000911,1034,681,353
S01000912,653,465,188
S01000913,611,410,201
S01000914,701,492,209
S01000915,900,653,247
S01000916,1046,706,340
S01000917,677,469,208
S01000918,551,378,173
S01000919,631,459,172
S01000920,597,357,240
S01000921,667,499,168
S01000922,965,585,380
S01000923,862,574,288
S01000924,861,571,290
S01000925,1005,629,376
S01000926,1010,636,374
S01000927,913,630,283
S01000928,980,621,359
S01000929,481,228,253
S01000930,540,262,278
S01000931,654,430,224
S01000932,1027,693,334
S01000933,1032,725,307
S01000934,903,568,335
S01000935,767,510,257
S01000936,856,600,256
S01000937,558,394,164
S01000938,783,479,304
S01000939,739,506,233
S01000940,902,654,248
S01000941,478,363,115
S01000942,1018,619,399
S01000943,830,700,130
S01000944,837,592,245
S01000945,739,475,264
S01000946,775,512,263
S01000947,687,495,192
S01000948,844,644,200
S01000949,610,484,126
S01000950,825,553,272
S01000951,861,587,274
S01000952,876,593,283
S01000953,874,670,204
S01000954,1116,677,439
S01000955,627,441,186
S01000956,851,486,365
S01000957,542,337,205
S01000958,797,511,286
S01000959,700,467,233
S01000960,566,437,129
S01000961,843,616,227
S01000962,660,438,222
S01000963,843,460,383
S01000964,989,692,297
S01000965,642,346,296
S01000966,1086,661,425
S01000967,578,383,195
S01000968,1056,691,365
S01000969,908,598,310
S01000970,788,530,258
S01000971,729,401,328
S01000972,922,622,300
S01000973,660,378,282
S01000974,1227,898,329
S01000975,647,420,227
S01000976,507,340,167
S01000977,921,636,285
S01000978,820,520,300
S01000979,703,434,269
S01000980,677,522,155
S01000981,686,489,197
S01000982,736,516,220
S01000983,534,378,156
S01000984,620,400,220
S01000985,714,434,280
S01000986,611,396,215
S01000987,637,448,189
S01000988,565,389,176
S01000989,813,598,215
S01000990,840,536,304
S01000991,435,288,147
S01000992,1095,749,346
S01000993,843,543,300
S01000994,1104,767,337
S01000995,778,499,279
S01000996,1122,798,324
S01000997,891,642,249
S01000998,694,436,258
S01000999,650,418,232
S01001000,576,389,187
S01001001,551,339,212
S01001002,631,375,256
S01001003,828,543,285
S01001004,661,458,203
S01001005,844,590,254
S01001006,702,478,224
S01001007,917,515,402
S01001008,756,470,286
S01001009,614,413,201
S01001010,917,532,385
S01001011,588,415,173
S01001012,744,502,242
S01001013,895,596,299
S01001014,844,455,389
S01001015,515,354,161
S01001016,823,569,254
S01001017,858,491,367
S01001018,798,479,319
S01001019,1056,565,491
S01001020,548,301,247
S01001021,1022,627,395
S01001022,835,445,390
S01001023,999,664,335
S01001024,1862,1085,777
S01001025,1264,876,388
S01001026,886,626,260
S01001027,906,637,269
S01001028,774,428,346
S01001029,754,395,359
S01001030,716,482,234
S01001031,957,516,441
S01001032,692,347,345
S01001033,724,360,364
S01001034,718,307,411
S01001035,509,250,259
S01001036,663,317,346
S01001037,860,458,402
S01001038,772,519,253
S01001039,539,370,169
S01001040,699,459,240
S01001041,682,411,271
S01001042,991,600,391
S01001043,664,420,244
S01001044,923,622,301
S01001045,656,450,206
S01001046,847,562,285
S01001047,864,642,222
S01001048,579,389,190
S01001049,630,378,252
S01001050,956,627,329
S01001051,638,395,243
S01001052,519,278,241
S01001053,773,490,283
S01001054,714,492,222
S01001055,858,558,300
S01001056,711,477,234
S01001057,639,438,201
S01001058,768,523,245
S01001059,660,345,315
S01001060,706,424,282
S01001061,741,523,218
S01001062,588,433,155
S01001063,884,620,264
S01001064,717,481,236
S01001065,756,531,225
S01001066,772,490,282
S01001067,781,526,255
S01001068,867,562,305
S01001069,856,572,284
S01001070,890,594,296
S01001071,707,452,255
S01001072,898,592,306
S01001073,1133,740,393
S01001074,492,346,146
S01001075,926,656,270
S01001076,854,528,326
S01001077,930,677,253
S01001078,957,571,386
S01001079,554,343,211
S01001080,722,498,224
S01001081,629,413,216
S01001082,945,635,310
S01001083,813,554,259
S01001084,961,616,345
S01001085,833,518,315
S01001086,748,404,344
S01001087,476,333,143
S01001088,1009,597,412
S01001089,931,633,298
S01001090,885,467,418
S01001091,613,340,273
S01001092,1015,486,529
S01001093,875,434,441
S01001094,882,638,244
S01001095,1508,839,669
S01001096,939,477,462
S01001097,673,394,279
S01001098,906,542,364
S01001099,1964,1042,922
S01001100,963,591,372
S01001101,1530,672,858
S01001102,1393,711,682
S01001103,701,519,182
S01001104,800,446,354
S01001105,801,571,230
S01001106,955,686,269
S01001107,948,541,407
S01001108,1679,811,868
S01001109,1686,826,860
S01001110,808,424,384
S01001111,1093,632,461
S01001112,814,496,318
S01001113,1050,551,499
S01001114,907,489,418
S01001115,742,435,307
S01001116,702,517,185
S01001117,582,335,247
S01001118,522,397,125
S01001119,964,594,370
S01001120,649,391,258
S01001121,644,345,299
S01001122,687,341,346
S01001123,990,601,389
S01001124,624,399,225
S01001125,363,235,128
S01001126,845,608,237
S01001127,783,472,311
S01001128,644,478,166
S01001129,935,554,381
S01001130,762,494,268
S01001131,484,286,198
S01001132,695,436,259
S01001133,1062,663,399
S01001134,853,525,328
S01001135,342,217,125
S01001136,1023,551,472
S01001137,1041,584,457
S01001138,1406,699,707
S01001139,753,519,234
S01001140,977,621,356
S01001141,516,291,225
S01001142,899,647,252
S01001143,790,570,220
S01001144,711,441,270
S01001145,579,424,155
S01001146,778,592,186
S01001147,773,406,367
S01001148,733,488,245
S01001149,643,411,232
S01001150,770,408,362
S01001151,578,345,233
S01001152,928,562,366
S01001153,732,495,237
S01001154,738,499,239
S01001155,618,444,174
S01001156,772,414,358
S01001157,756,444,312
S01001158,591,422,169
S01001159,747,527,220
S01001160,545,364,181
S01001161,575,397,178
S01001162,821,534,287
S01001163,723,411,312
S01001164,629,413,216
S01001165,786,449,337
S01001166,280,154,126
S01001167,815,583,232
S01001168,764,403,361
S01001169,1125,644,481
S01001170,819,459,360
S01001171,583,345,238
S01001172,583,352,231
S01001173,934,527,407
S01001174,648,340,308
S01001175,903,493,410
S01001176,857,543,314
S01001177,888,540,348
S01001178,792,621,171
S01001179,914,636,278
S01001180,689,416,273
S01001181,840,604,236
S01001182,895,470,425
S01001183,840,472,368
S01001184,853,554,299
S01001185,532,388,144
S01001186,709,495,214
S01001187,917,558,359
S01001188,773,410,363
S01001189,964,608,356
S01001190,683,479,204
S01001191,694,404,290
S01001192,952,601,351
S01001193,827,589,238
S01001194,884,651,233
S01001195,940,676,264
S01001196,960,572,388
S01001197,535,280,255
S01001198,744,441,303
S01001199,884,438,446
S01001200,1087,503,584
S01001201,667,397,270
S01001202,629,346,283
S01001203,766,436,330
S01001204,734,554,180
S01001205,723,490,233
S01001206,730,441,289
S01001207,754,482,272
S01001208,598,352,246
S01001209,547,333,214
S01001210,877,489,388
S01001211,1013,720,293
S01001212,590,275,315
S01001213,973,479,494
S01001214,705,477,228
S01001215,727,533,194
S01001216,889,463,426
S01001217,1147,533,614
S01001218,812,527,285
S01001219,841,568,273
S01001220,505,283,222
S01001221,1429,921,508
S01001222,1052,630,422
S01001223,701,455,246
S01001224,956,531,425
S01001225,919,668,251
S01001226,486,241,245
S01001227,707,440,267
S01001228,734,512,222
S01001229,696,464,232
S01001230,782,414,368
S01001231,634,374,260
S01001232,2408,1445,963
S01001233,959,525,434
S01001234,492,275,217
S01001235,848,402,446
S01001236,883,504,379
S01001237,552,363,189
S01001238,522,253,269
S01001239,603,265,338
S01001240,763,390,373
S01001241,606,332,274
S01001242,899,479,420
S01001243,1165,576,589
S01001244,838,412,426
S01001245,850,444,406
S01001246,980,634,346
S01001247,565,358,207
S01001248,795,440,355
S01001249,676,334,342
S01001250,879,474,405
S01001251,548,307,241
S01001252,567,311,256
S01001253,708,332,376
S01001254,674,344,330
S01001255,871,445,426
S01001256,701,405,296
S01001257,799,381,418
S01001258,624,236,388
S01001259,803,512,291
S01001260,895,347,548
S01001261,895,418,477
S01001262,916,602,314
S01001263,449,280,169
S01001264,1966,1095,871
S01001265,586,360,226
S01001266,753,432,321
S01001267,938,564,374
S01001268,669,440,229
S01001269,537,371,166
S01001270,669,412,257
S01001271,705,430,275
S01001272,688,518,170
S01001273,723,543,180
S01001274,764,436,328
S01001275,669,457,212
S01001276,607,393,214
S01001277,773,531,242
S01001278,382,254,128
S01001279,687,365,322
S01001280,536,339,197
S01001281,724,450,274
S01001282,752,540,212
S01001283,526,323,203
S01001284,1009,607,402
S01001285,656,422,234
S01001286,468,272,196
S01001287,793,448,345
S01001288,920,634,286
S01001289,705,462,243
S01001290,646,432,214
S01001291,401,221,180
S01001292,803,424,379
S01001293,757,493,264
S01001294,628,364,264
S01001295,810,544,266
S01001296,616,349,267
S01001297,835,467,368
S01001298,828,524,304
S01001299,847,501,346
S01001300,1484,975,509
S01001301,549,347,202
S01001302,788,615,173
S01001303,615,416,199
S01001304,1325,901,424
S01001305,737,470,267
S01001306,711,431,280
S01001307,1158,789,369
S01001308,932,572,360
S01001309,644,374,270
S01001310,795,526,269
S01001311,639,344,295
S01001312,730,432,298
S01001313,867,552,315
S01001314,738,474,264
S01001315,1036,719,317
S01001316,883,525,358
S01001317,916,545,371
S01001318,542,382,160
S01001319,645,448,197
S01001320,867,486,381
S01001321,578,376,202
S01001322,849,582,267
S01001323,597,277,320
S01001324,1003,489,514
S01001325,738,369,369
S01001326,869,526,343
S01001327,791,434,357
S01001328,878,445,433
S01001329,576,324,252
S01001330,816,583,233
S01001331,840,503,337
S01001332,874,514,360
S01001333,807,422,385
S01001334,833,392,441
S01001335,927,536,391
S01001336,828,488,340
S01001337,760,549,211
S01001338,728,445,283
S01001339,755,490,265
S01001340,745,380,365
S01001341,883,515,368
S01001342,928,622,306
S01001343,938,610,328
S01001344,751,552,199
S01001345,617,385,232
S01001346,709,472,237
S01001347,728,537,191
S01001348,655,404,251
S01001349,1301,865,436
S01001350,660,345,315
S01001351,449,285,164
S01001352,761,572,189
S01001353,1423,914,509
S01001354,787,430,357
S01001355,756,463,293
S01001356,634,467,167
S01001357,703,449,254
S01001358,915,552,363
S01001359,741,528,213
S01001360,1168,665,503
S01001361,645,406,239
S01001362,547,431,116
S01001363,559,307,252
S01001364,850,521,329
S01001365,607,378,229
S01001366,900,657,243
S01001367,701,499,202
S01001368,1187,750,437
S01001369,933,570,363
S01001370,830,572,258
S01001371,697,460,237
S01001372,685,480,205
S01001373,693,484,209
S01001374,514,343,171
S01001375,631,382,249
S01001376,772,488,284
S01001377,777,497,280
S01001378,622,432,190
S01001379,1026,646,380
S01001380,781,534,247
S01001381,825,531,294
S01001382,657,435,222
S01001383,565,316,249
S01001384,923,507,416
S01001385,776,478,298
S01001386,862,473,389
S01001387,909,615,294
S01001388,1430,700,730
S01001389,484,284,200
S01001390,759,479,280
S01001391,722,414,308
S01001392,786,338,448
S01001393,522,360,162
S01001394,430,213,217
S01001395,928,509,419
S01001396,788,424,364
S01001397,781,396,385
S01001398,780,562,218
S01001399,858,435,423
S01001400,913,541,372
S01001401,656,384,272
S01001402,818,575,243
S01001403,1249,812,437
S01001404,657,416,241
S01001405,1167,786,381
S01001406,2581,1673,908
S01001407,788,551,237
S01001408,881,532,349
S01001409,898,615,283
S01001410,1038,716,322
S01001411,617,404,213
S01001412,896,528,368
S01001413,890,539,351
S01001414,642,423,219
S01001415,805,453,352
S01001416,720,454,266
S01001417,923,581,342
S01001418,831,584,247
S01001419,779,448,331
S01001420,1185,786,399
S01001421,1127,722,405
S01001422,727,517,210
S01001423,795,579,216
S01001424,1072,746,326
S01001425,1694,1225,469
S01001426,819,638,181
S01001427,881,678,203
S01001428,864,628,236
S01001429,610,462,148
S01001430,946,740,206
S01001431,940,718,222
S01001432,655,526,129
S01001433,816,649,167
S01001434,869,687,182
S01001435,1037,808,229
S01001436,976,627,349
S01001437,891,702,189
S01001438,613,456,157
S01001439,750,558,192
S01001440,878,668,210
S01001441,790,641,149
S01001442,685,535,150
S01001443,932,632,300
S01001444,915,667,248
S01001445,702,481,221
S01001446,908,689,219
S01001447,1321,943,378
S01001448,744,570,174
S01001449,599,430,169
S01001450,809,625,184
S01001451,699,472,227
S01001452,820,586,234
S01001453,835,612,223
S01001454,914,649,265
S01001455,771,575,196
S01001456,656,525,131
S01001457,904,640,264
S01001458,917,692,225
S01001459,905,668,237
S01001460,653,537,116
S01001461,856,687,169
S01001462,831,586,245
S01001463,516,382,134
S01001464,881,600,281
S01001465,691,495,196
S01001466,727,513,214
S01001467,812,608,204
S01001468,667,520,147
S01001469,860,633,227
S01001470,937,643,294
S01001471,759,503,256
S01001472,800,599,201
S01001473,778,550,228
S01001474,882,620,262
S01001475,610,468,142
S01001476,993,669,324
S01001477,933,681,252
S01001478,662,482,180
S01001479,635,458,177
S01001480,489,356,133
S01001481,874,670,204
S01001482,701,466,235
S01001483,1049,705,344
S01001484,829,536,293
S01001485,614,461,153
S01001486,755,562,193
S01001487,665,461,204
S01001488,872,661,211
S01001489,801,585,216
S01001490,961,654,307
S01001491,884,609,275
S01001492,913,603,310
S01001493,886,637,249
S01001494,891,604,287
S01001495,618,449,169
S01001496,936,672,264
S01001497,766,526,240
S01001498,678,513,165
S01001499,1091,751,340
S01001500,583,358,225
S01001501,858,626,232
S01001502,840,639,201
S01001503,802,579,223
S01001504,875,647,228
S01001505,1029,798,231
S01001506,602,421,181
S01001507,895,647,248
S01001508,903,672,231
S01001509,814,582,232
S01001510,630,461,169
S01001511,575,424,151
S01001512,852,578,274
S01001513,911,561,350
S01001514,747,548,199
S01001515,697,501,196
S01001516,704,532,172
S01001517,847,613,234
S01001518,1014,633,381
S01001519,962,609,353
S01001520,707,496,211
S01001521,977,698,279
S01001522,1057,769,288
S01001523,790,492,298
S01001524,941,636,305
S01001525,788,566,222
S01001526,627,433,194
S01001527,898,596,302
S01001528,973,624,349
S01001529,707,488,219
S01001530,761,497,264
S01001531,1175,811,364
S01001532,597,427,170
S01001533,962,637,325
S01001534,669,495,174
S01001535,853,590,263
S01001536,808,588,220
S01001537,499,367,132
S01001538,814,562,252
S01001539,892,640,252
S01001540,810,542,268
S01001541,828,559,269
S01001542,670,493,177
S01001543,746,466,280
S01001544,919,649,270
S01001545,715,482,233
S01001546,989,720,269
S01001547,995,716,279
S01001548,1035,724,311
S01001549,996,729,267
S01001550,789,479,310
S01001551,936,590,346
S01001552,864,440,424
S01001553,903,550,353
S01001554,992,567,425
S01001555,758,409,349
S01001556,845,439,406
S01001557,989,603,386
S01001558,829,463,366
S01001559,387,228,159
S01001560,1450,780,670
S01001561,1347,686,661
S01001562,2633,1331,1302
S01001563,597,373,224
S01001564,557,371,186
S01001565,733,422,311
S01001566,664,381,283
S01001567,907,511,396
S01001568,727,455,272
S01001569,811,441,370
S01001570,512,321,191
S01001571,724,385,339
S01001572,532,353,179
S01001573,658,349,309
S01001574,877,489,388
S01001575,750,413,337
S01001576,597,355,242
S01001577,714,446,268
S01001578,756,452,304
S01001579,849,448,401
S01001580,565,376,189
S01001581,640,458,182
S01001582,711,428,283
S01001583,482,290,192
S01001584,776,418,358
S01001585,920,513,407
S01001586,473,309,164
S01001587,755,431,324
S01001588,796,417,379
S01001589,819,472,347
S01001590,642,308,334
S01001591,641,392,249
S01001592,796,372,424
S01001593,784,484,300
S01001594,798,473,325
S01001595,718,348,370
S01001596,826,486,340
S01001597,851,521,330
S01001598,678,486,192
S01001599,924,491,433
S01001600,1012,569,443
S01001601,1213,774,439
S01001602,640,419,221
S01001603,1009,598,411
S01001604,644,305,339
S01001605,762,436,326
S01001606,617,348,269
S01001607,2654,1334,1320
S01001608,809,494,315
S01001609,901,493,408
S01001610,777,474,303
S01001611,1024,602,422
S01001612,835,563,272
S01001613,776,386,390
S01001614,672,411,261
S01001615,780,446,334
S01001616,754,474,280
S01001617,628,388,240
S01001618,946,544,402
S01001619,693,452,241
S01001620,875,589,286
S01001621,680,461,219
S01001622,838,448,390
S01001623,766,501,265
S01001624,996,599,397
S01001625,797,455,342
S01001626,737,439,298
S01001627,1394,790,604
S01001628,618,327,291
S01001629,567,402,165
S01001630,556,285,271
S01001631,1415,839,576
S01001632,583,370,213
S01001633,885,612,273
S01001634,1029,578,451
S01001635,735,465,270
S01001636,515,349,166
S01001637,709,444,265
S01001638,887,491,396
S01001639,710,465,245
S01001640,648,427,221
S01001641,1566,919,647
S01001642,900,582,318
S01001643,733,494,239
S01001644,1768,995,773
S01001645,987,566,421
S01001646,612,343,269
S01001647,647,439,208
S01001648,747,492,255
S01001649,754,455,299
S01001650,852,557,295
S01001651,901,558,343
S01001652,774,460,314
S01001653,617,335,282
S01001654,936,580,356
S01001655,578,368,210
S01001656,1352,779,573
S01001657,502,305,197
S01001658,1002,637,365
S01001659,706,452,254
S01001660,678,456,222
S01001661,818,539,279
S01001662,729,452,277
S01001663,841,536,305
S01001664,557,363,194
S01001665,868,598,270
S01001666,558,339,219
S01001667,819,590,229
S01001668,878,557,321
S01001669,669,382,287
S01001670,639,435,204
S01001671,516,351,165
S01001672,583,377,206
S01001673,662,429,233
S01001674,697,474,223
S01001675,706,472,234
S01001676,1223,939,284
S01001677,844,605,239
S01001678,832,573,259
S01001679,934,719,215
S01001680,589,462,127
S01001681,674,524,150
S01001682,601,427,174
S01001683,734,575,159
S01001684,516,354,162
S01001685,763,560,203
S01001686,900,689,211
S01001687,980,795,185
S01001688,956,736,220
S01001689,674,556,118
S01001690,906,650,256
S01001691,848,696,152
S01001692,662,486,176
S01001693,915,681,234
S01001694,657,425,232
S01001695,761,614,147
S01001696,739,539,200
S01001697,853,619,234
S01001698,529,345,184
S01001699,700,555,145
S01001700,1023,799,224
S01001701,926,664,262
S01001702,990,810,180
S01001703,822,663,159
S01001704,916,786,130
S01001705,629,472,157
S01001706,789,545,244
S01001707,727,509,218
S01001708,953,756,197
S01001709,602,453,149
S01001710,692,471,221
S01001711,790,589,201
S01001712,458,337,121
S01001713,871,681,190
S01001714,705,502,203
S01001715,883,673,210
S01001716,846,614,232
S01001717,808,590,218
S01001718,550,333,217
S01001719,795,586,209
S01001720,699,501,198
S01001721,731,563,168
S01001722,746,530,216
S01001723,872,711,161
S01001724,813,544,269
S01001725,779,540,239
S01001726,649,419,230
S01001727,1015,712,303
S01001728,649,469,180
S01001729,976,713,263
S01001730,650,471,179
S01001731,674,501,173
S01001732,571,423,148
S01001733,908,681,227
S01001734,530,392,138
S01001735,480,352,128
S01001736,1092,924,168
S01001737,609,439,170
S01001738,610,474,136
S01001739,637,445,192
S01001740,745,487,258
S01001741,651,443,208
S01001742,764,517,247
S01001743,990,648,342
S01001744,546,403,143
S01001745,795,535,260
S01001746,967,754,213
S01001747,857,605,252
S01001748,619,443,176
S01001749,739,549,190
S01001750,633,459,174
S01001751,963,629,334
S01001752,935,690,245
S01001753,799,566,233
S01001754,771,622,149
S01001755,1062,806,256
S01001756,652,531,121
S01001757,757,536,221
S01001758,785,561,224
S01001759,684,442,242
S01001760,797,594,203
S01001761,727,526,201
S01001762,978,792,186
S01001763,832,567,265
S01001764,531,399,132
S01001765,949,688,261
S01001766,651,478,173
S01001767,587,445,142
S01001768,604,431,173
S01001769,626,493,133
S01001770,566,364,202
S01001771,841,665,176
S01001772,522,425,97
S01001773,941,666,275
S01001774,673,489,184
S01001775,836,644,192
S01001776,624,419,205
S01001777,916,594,322
S01001778,877,664,213
S01001779,539,432,107
S01001780,867,609,258
S01001781,690,544,146
S01001782,968,792,176
S01001783,598,371,227
S01001784,589,441,148
S01001785,611,421,190
S01001786,640,458,182
S01001787,566,461,105
S01001788,791,567,224
S01001789,738,481,257
S01001790,692,446,246
S01001791,726,479,247
S01001792,684,430,254
S01001793,903,505,398
S01001794,948,596,352
S01001795,443,255,188
S01001796,835,573,262
S01001797,676,401,275
S01001798,806,533,273
S01001799,1090,555,535
S01001800,942,568,374
S01001801,1008,578,430
S01001802,835,412,423
S01001803,1010,600,410
S01001804,952,533,419
S01001805,699,412,287
S01001806,666,403,263
S01001807,841,512,329
S01001808,528,290,238
S01001809,1036,516,520
S01001810,876,525,351
S01001811,673,452,221
S01001812,898,583,315
S01001813,709,479,230
S01001814,723,469,254
S01001815,842,573,269
S01001816,1120,720,400
S01001817,699,384,315
S01001818,752,501,251
S01001819,997,685,312
S01001820,778,385,393
S01001821,549,345,204
S01001822,984,590,394
S01001823,928,523,405
S01001824,739,464,275
S01001825,798,550,248
S01001826,675,317,358
S01001827,830,386,444
S01001828,750,459,291
S01001829,710,428,282
S01001830,942,589,353
S01001831,724,393,331
S01001832,715,365,350
S01001833,1153,714,439
S01001834,587,331,256
S01001835,634,413,221
S01001836,870,567,303
S01001837,900,555,345
S01001838,674,354,320
S01001839,912,528,384
S01001840,701,466,235
S01001841,720,390,330
S01001842,757,455,302
S01001843,724,381,343
S01001844,2465,1409,1056
S01001845,780,457,323
S01001846,886,487,399
S01001847,930,529,401
S01001848,748,409,339
S01001849,582,360,222
S01001850,726,391,335
S01001851,892,548,344
S01001852,766,511,255
S01001853,724,444,280
S01001854,1037,694,343
S01001855,802,504,298
S01001856,840,472,368
S01001857,679,426,253
S01001858,903,592,311
S01001859,1066,499,567
S01001860,1128,707,421
S01001861,802,383,419
S01001862,801,518,283
S01001863,807,499,308
S01001864,1387,771,616
S01001865,699,351,348
S01001866,675,420,255
S01001867,744,392,352
S01001868,753,498,255
S01001869,823,496,327
S01001870,961,493,468
S01001871,1700,1019,681
S01001872,888,563,325
S01001873,806,534,272
S01001874,1137,652,485
S01001875,907,546,361
S01001876,1020,542,478
S01001877,951,383,568
S01001878,1076,653,423
S01001879,640,300,340
S01001880,741,342,399
S01001881,755,463,292
S01001882,793,474,319
S01001883,532,323,209
S01001884,894,535,359
S01001885,1211,783,428
S01001886,564,283,281
S01001887,830,468,362
S01001888,881,578,303
S01001889,542,345,197
S01001890,994,503,491
S01001891,713,469,244
S01001892,973,510,463
S01001893,1000,536,464
S01001894,805,320,485
S01001895,859,493,366
S01001896,809,423,386
S01001897,914,393,521
S01001898,616,358,258
S01001899,785,407,378
S01001900,754,452,302
S01001901,934,585,349
S01001902,919,501,418
S01001903,598,359,239
S01001904,598,342,256
S01001905,905,468,437
S01001906,709,418,291
S01001907,811,441,370
S01001908,914,549,365
S01001909,670,313,357
S01001910,744,351,393
S01001911,747,369,378
S01001912,742,382,360
S01001913,1015,603,412
S01001914,573,378,195
S01001915,906,538,368
S01001916,860,448,412
S01001917,759,500,259
S01001918,901,499,402
S01001919,850,465,385
S01001920,760,406,354
S01001921,614,342,272
S01001922,804,432,372
S01001923,577,362,215
S01001924,775,434,341
S01001925,780,465,315
S01001926,678,370,308
S01001927,977,575,402
S01001928,918,548,370
S01001929,994,564,430
S01001930,786,390,396
S01001931,728,385,343
S01001932,1615,907,708
S01001933,851,495,356
S01001934,1523,860,663
S01001935,928,463,465
S01001936,1149,716,433
S01001937,867,554,313
S01001938,630,367,263
S01001939,556,272,284
S01001940,824,476,348
S01001941,1038,537,501
S01001942,571,282,289
S01001943,714,370,344
S01001944,781,540,241
S01001945,751,447,304
S01001946,858,446,412
S01001947,952,572,380
S01001948,862,396,466
S01001949,700,412,288
S01001950,893,503,390
S01001951,905,564,341
S01001952,767,365,402
S01001953,861,472,389
S01001954,440,252,188
S01001955,1137,613,524
S01001956,763,352,411
S01001957,500,296,204
S01001958,852,469,383
S01001959,562,309,253
S01001960,919,532,387
S01001961,1112,501,611
S01001962,905,515,390
S01001963,914,530,384
S01001964,737,420,317
S01001965,762,423,339
S01001966,1556,909,647
S01001967,650,287,363
S01001968,854,503,351
S01001969,620,350,270
S01001970,630,376,254
S01001971,779,439,340
S01001972,711,324,387
S01001973,679,397,282
S01001974,850,426,424
S01001975,848,498,350
S01001976,837,464,373
S01001977,840,534,306
S01001978,1395,714,681
S01001979,710,391,319
S01001980,833,358,475
S01001981,933,452,481
S01001982,396,182,214
S01001983,702,279,423
S01001984,944,439,505
S01001985,764,361,403
S01001986,635,324,311
S01001987,829,378,451
S01001988,801,417,384
S01001989,880,554,326
S01001990,954,472,482
S01001991,834,424,410
S01001992,847,522,325
S01001993,727,368,359
S01001994,897,450,447
S01001995,653,363,290
S01001996,825,336,489
S01001997,793,444,349
S01001998,743,340,403
S01001999,739,311,428
S01002000,768,468,300
S01002001,786,408,378
S01002002,733,302,431
S01002003,850,492,358
S01002004,812,391,421
S01002005,773,471,302
S01002006,888,504,384
S01002007,956,501,455
S01002008,932,396,536
S01002009,864,421,443
S01002010,520,215,305
S01002011,1057,619,438
S01002012,825,386,439
S01002013,798,400,398
S01002014,869,371,498
S01002015,822,526,296
S01002016,589,260,329
S01002017,1143,648,495
S01002018,802,486,316
S01002019,815,395,420
S01002020,557,238,319
S01002021,1002,582,420
S01002022,984,585,399
S01002023,776,345,431
S01002024,712,311,401
S01002025,901,447,454
S01002026,663,445,218
S01002027,1198,534,664
S01002028,2533,1319,1214
S01002029,770,335,435
S01002030,731,315,416
S01002031,688,379,309
S01002032,771,367,404
S01002033,772,381,391
S01002034,779,325,454
S01002035,730,441,289
S01002036,891,452,439
S01002037,677,296,381
S01002038,517,246,271
S01002039,694,403,291
S01002040,610,328,282
S01002041,888,399,489
S01002042,958,622,336
S01002043,719,392,327
S01002044,635,294,341
S01002045,1058,643,415
S01002046,567,258,309
S01002047,854,437,417
S01002048,879,396,483
S01002049,1121,485,636
S01002050,738,509,229
S01002051,763,439,324
S01002052,875,471,404
S01002053,994,448,546
S01002054,650,340,310
S01002055,918,523,395
S01002056,907,549,358
S01002057,908,517,391
S01002058,1040,462,578
S01002059,684,333,351
S01002060,751,353,398
S01002061,705,315,390
S01002062,568,320,248
S01002063,1186,545,641
S01002064,1130,557,573
S01002065,984,448,536
S01002066,1064,559,505
S01002067,885,519,366
S01002068,937,465,472
S01002069,626,405,221
S01002070,658,308,350
S01002071,686,368,318
S01002072,1135,671,464
S01002073,644,328,316
S01002074,670,464,206
S01002075,917,548,369
S01002076,846,411,435
S01002077,783,514,269
S01002078,1068,622,446
S01002079,1036,507,529
S01002080,996,632,364
S01002081,758,333,425
S01002082,848,508,340
S01002083,545,303,242
S01002084,796,438,358
S01002085,745,326,419
S01002086,631,273,358
S01002087,1053,543,510
S01002088,968,586,382
S01002089,1014,585,429
S01002090,1058,651,407
S01002091,825,338,487
S01002092,1027,704,323
S01002093,990,497,493
S01002094,717,407,310
S01002095,581,401,180
S01002096,1441,916,525
S01002097,782,528,254
S01002098,724,452,272
S01002099,853,422,431
S01002100,564,320,244
S01002101,1119,575,544
S01002102,628,326,302
S01002103,616,381,235
S01002104,1429,716,713
S01002105,978,658,320
S01002106,955,425,530
S01002107,507,321,186
S01002108,1200,533,667
S01002109,936,418,518
S01002110,692,420,272
S01002111,1045,681,364
S01002112,1098,569,529
S01002113,742,514,228
S01002114,697,421,276
S01002115,1079,534,545
S01002116,890,458,432
S01002117,732,411,321
S01002118,1164,562,602
S01002119,594,302,292
S01002120,715,391,324
S01002121,651,392,259
S01002122,965,689,276
S01002123,997,631,366
S01002124,957,556,401
S01002125,1102,559,543
S01002126,601,415,186
S01002127,728,339,389
S01002128,771,394,377
S01002129,1025,548,477
S01002130,553,374,179
S01002131,821,408,413
S01002132,802,456,346
S01002133,998,572,426
S01002134,590,389,201
S01002135,868,545,323
S01002136,780,415,365
S01002137,859,488,371
S01002138,722,408,314
S01002139,675,359,316
S01002140,803,412,391
S01002141,730,327,403
S01002142,1088,684,404
S01002143,731,490,241
S01002144,706,518,188
S01002145,1002,581,421
S01002146,1000,479,521
S01002147,903,503,400
S01002148,888,584,304
S01002149,1018,514,504
S01002150,703,323,380
S01002151,1544,779,765
S01002152,843,518,325
S01002153,501,335,166
S01002154,822,506,316
S01002155,946,522,424
S01002156,727,406,321
S01002157,765,469,296
S01002158,800,486,314
S01002159,714,426,288
S01002160,891,468,423
S01002161,779,407,372
S01002162,1010,580,430
S01002163,1050,491,559
S01002164,804,444,360
S01002165,878,481,397
S01002166,818,492,326
S01002167,622,391,231
S01002168,1022,508,514
S01002169,850,485,365
S01002170,880,534,346
S01002171,603,395,208
S01002172,704,486,218
S01002173,971,608,363
S01002174,882,419,463
S01002175,990,499,491
S01002176,765,499,266
S01002177,798,429,369
S01002178,877,449,428
S01002179,667,444,223
S01002180,585,295,290
S01002181,793,403,390
S01002182,772,394,378
S01002183,860,401,459
S01002184,763,447,316
S01002185,941,508,433
S01002186,733,335,398
S01002187,910,463,447
S01002188,770,441,329
S01002189,663,293,370
S01002190,844,460,384
S01002191,787,397,390
S01002192,876,482,394
S01002193,910,536,374
S01002194,816,466,350
S01002195,1113,552,561
S01002196,637,338,299
S01002197,685,390,295
S01002198,792,398,394
S01002199,821,412,409
S01002200,1096,729,367
S01002201,1060,542,518
S01002202,853,413,440
S01002203,471,207,264
S01002204,708,412,296
S01002205,733,386,347
S01002206,1019,539,480
S01002207,812,491,321
S01002208,680,325,355
S01002209,936,476,460
S01002210,552,315,237
S01002211,638,356,282
S01002212,1126,558,568
S01002213,824,435,389
S01002214,764,318,446
S01002215,1135,720,415
S01002216,1700,906,794
S01002217,1275,778,497
S01002218,562,277,285
S01002219,689,432,257
S01002220,782,491,291
S01002221,958,521,437
S01002222,870,550,320
S01002223,717,415,302
S01002224,912,623,289
S01002225,991,522,469
S01002226,1074,503,571
S01002227,823,457,366
S01002228,983,691,292
S01002229,720,513,207
S01002230,1027,500,527
S01002231,1166,698,468
S01002232,846,464,382
S01002233,952,461,491
S01002234,787,390,397
S01002235,1009,507,502
S01002236,948,539,409
S01002237,1346,782,564
S01002238,564,301,263
S01002239,949,520,429
S01002240,970,549,421
S01002241,1019,558,461
S01002242,797,494,303
S01002243,842,457,385
S01002244,926,468,458
S01002245,2145,1163,982
S01002246,947,476,471
S01002247,843,410,433
S01002248,1130,661,469
S01002249,968,535,433
S01002250,925,435,490
S01002251,888,528,360
S01002252,755,500,255
S01002253,962,516,446
S01002254,908,474,434
S01002255,1690,863,827
S01002256,1134,647,487
S01002257,714,362,352
S01002258,888,455,433
S01002259,542,302,240
S01002260,870,598,272
S01002261,1057,643,414
S01002262,807,499,308
S01002263,833,582,251
S01002264,852,432,420
S01002265,1661,793,868
S01002266,749,413,336
S01002267,1073,546,527
S01002268,750,471,279
S01002269,989,532,457
S01002270,1718,912,806
S01002271,813,461,352
S01002272,775,392,383
S01002273,782,359,423
S01002274,1287,664,623
S01002275,1478,759,719
S01002276,884,640,244
S01002277,929,506,423
S01002278,1116,529,587
S01002279,1505,731,774
S01002280,792,462,330
S01002281,647,262,385
S01002282,266,143,123
S01002283,715,427,288
S01002284,2078,1029,1049
S01002285,998,535,463
S01002286,756,362,394
S01002287,692,411,281
S01002288,1345,636,709
S01002289,1223,654,569
S01002290,1000,465,535
S01002291,762,356,406
S01002292,1119,532,587
S01002293,797,443,354
S01002294,675,395,280
S01002295,727,420,307
S01002297,868,524,344
S01002298,712,385,327
S01002299,781,478,303
S01002300,774,488,286
S01002301,2097,1007,1090
S01002302,982,504,478
S01002303,785,441,344
S01002304,1693,788,905
S01002305,863,438,425
S01002306,477,222,255
S01002307,1086,516,570
S01002308,961,522,439
S01002309,749,397,352
S01002310,1014,539,475
S01002311,881,586,295
S01002312,690,349,341
S01002313,734,440,294
S01002314,884,528,356
S01002315,569,325,244
S01002316,732,483,249
S01002317,3728,1906,1822
S01002318,901,429,472
S01002319,1094,611,483
S01002320,619,336,283
S01002321,1128,578,550
S01002322,664,335,329
S01002323,785,442,343
S01002324,755,389,366
S01002325,1784,888,896
S01002326,1025,504,521
S01002327,827,487,340
S01002328,730,415,315
S01002329,680,369,311
S01002330,766,430,336
S01002331,701,400,301
S01002332,870,516,354
S01002333,752,406,346
S01002334,961,524,437
S01002335,916,576,340
S01002336,1021,599,422
S01002337,893,539,354
S01002338,476,228,248
S01002339,621,551,70
S01002340,643,572,71
S01002341,530,478,52
S01002342,622,556,66
S01002343,745,630,115
S01002344,519,446,73
S01002345,811,644,167
S01002346,888,697,191
S01002347,731,606,125
S01002348,936,801,135
S01002349,980,862,118
S01002350,918,733,185
S01002351,773,574,199
S01002352,892,706,186
S01002353,837,679,158
S01002354,872,717,155
S01002355,849,671,178
S01002356,872,658,214
S01002357,625,525,100
S01002358,496,397,99
S01002359,869,735,134
S01002360,653,530,123
S01002361,654,547,107
S01002362,805,645,160
S01002363,1090,879,211
S01002364,661,515,146
S01002365,616,474,142
S01002366,893,733,160
S01002367,1074,814,260
S01002368,930,764,166
S01002369,621,528,93
S01002370,733,570,163
S01002371,709,615,94
S01002372,761,650,111
S01002373,660,536,124
S01002374,795,632,163
S01002375,892,580,312
S01002376,892,519,373
S01002377,871,554,317
S01002378,512,324,188
S01002379,1164,710,454
S01002380,810,481,329
S01002381,895,477,418
S01002382,633,354,279
S01002383,525,329,196
S01002384,520,304,216
S01002385,776,408,368
S01002386,1002,655,347
S01002387,726,463,263
S01002388,737,465,272
S01002389,693,481,212
S01002390,1156,754,402
S01002391,1456,957,499
S01002392,1884,1119,765
S01002393,1027,565,462
S01002394,797,476,321
S01002395,730,448,282
S01002396,693,439,254
S01002397,1752,957,795
S01002398,760,532,228
S01002399,984,589,395
S01002400,807,465,342
S01002401,1141,723,418
S01002402,817,415,402
S01002403,743,415,328
S01002404,1010,639,371
S01002405,702,417,285
S01002406,894,542,352
S01002407,683,377,306
S01002408,829,492,337
S01002409,656,459,197
S01002410,498,324,174
S01002411,2706,1630,1076
S01002412,918,563,355
S01002413,628,348,280
S01002414,623,300,323
S01002415,721,465,256
S01002416,572,371,201
S01002417,631,428,203
S01002418,886,541,345
S01002419,554,337,217
S01002420,651,463,188
S01002421,814,553,261
S01002422,548,378,170
S01002423,890,603,287
S01002424,838,522,316
S01002425,916,562,354
S01002426,667,400,267
S01002427,821,534,287
S01002428,536,379,157
S01002429,747,614,133
S01002430,669,403,266
S01002431,859,541,318
S01002432,1456,797,659
S01002433,558,330,228
S01002434,926,531,395
S01002435,664,361,303
S01002436,761,535,226
S01002437,799,489,310
S01002438,677,355,322
S01002439,742,474,268
S01002440,867,446,421
S01002441,634,444,190
S01002442,472,278,194
S01002443,630,367,263
S01002444,511,292,219
S01002445,911,518,393
S01002446,972,657,315
S01002447,694,381,313
S01002448,548,318,230
S01002449,645,427,218
S01002450,709,424,285
S01002451,1003,522,481
S01002452,538,283,255
S01002453,688,469,219
S01002454,725,499,226
S01002455,553,339,214
S01002456,1022,660,362
S01002457,750,409,341
S01002458,931,510,421
S01002459,501,276,225
S01002460,839,454,385
S01002461,478,341,137
S01002462,700,435,265
S01002463,895,450,445
S01002464,574,322,252
S01002465,712,476,236
S01002466,1010,522,488
S01002467,488,328,160
S01002468,674,395,279
S01002469,638,384,254
S01002470,833,533,300
S01002471,556,346,210
S01002472,581,266,315
S01002473,921,517,404
S01002474,406,228,178
S01002475,550,329,221
S01002476,861,532,329
S01002477,813,524,289
S01002478,895,591,304
S01002479,720,375,345
S01002480,536,344,192
S01002481,934,584,350
S01002482,1021,510,511
S01002483,672,358,314
S01002484,810,411,399
S01002485,830,545,285
S01002486,604,313,291
S01002487,481,309,172
S01002488,647,397,250
S01002489,600,347,253
S01002490,568,341,227
S01002491,476,295,181
S01002492,942,596,346
S01002493,920,596,324
S01002494,627,435,192
S01002495,627,347,280
S01002496,1243,757,486
S01002497,824,469,355
S01002498,631,459,172
S01002499,909,513,396
S01002500,567,333,234
S01002501,478,326,152
S01002502,822,474,348
S01002503,684,436,248
S01002504,1387,939,448
S01002505,738,431,307
S01002506,810,549,261
S01002507,589,355,234
S01002508,869,605,264
S01002509,1149,651,498
S01002510,958,643,315
S01002511,483,357,126
S01002512,633,357,276
S01002513,1685,1110,575
S01002514,532,321,211
S01002515,602,338,264
S01002516,787,546,241
S01002517,583,392,191
S01002518,1069,641,428
S01002519,806,449,357
S01002520,592,295,297
S01002521,583,385,198
S01002522,733,483,250
S01002523,682,496,186
S01002524,566,318,248
S01002525,686,438,248
S01002526,527,337,190
S01002527,822,503,319
S01002528,807,567,240
S01002529,1147,607,540
S01002530,647,446,201
S01002531,811,387,424
S01002532,693,489,204
S01002533,819,322,497
S01002534,935,536,399
S01002535,901,581,320
S01002536,626,320,306
S01002537,554,395,159
S01002538,927,628,299
S01002539,781,448,333
S01002540,555,398,157
S01002541,1917,1146,771
S01002542,684,363,321
S01002543,532,307,225
S01002544,857,470,387
S01002545,786,546,240
S01002546,796,485,311
S01002547,786,459,327
S01002548,1047,624,423
S01002549,570,421,149
S01002550,464,317,147
S01002551,551,341,210
S01002552,583,406,177
S01002553,755,502,253
S01002554,632,369,263
S01002555,740,521,219
S01002556,752,348,404
S01002557,775,452,323
S01002558,530,285,245
S01002559,612,407,205
S01002560,619,433,186
S01002561,775,394,381
S01002562,607,395,212
S01002563,1024,668,356
S01002564,560,369,191
S01002565,848,508,340
S01002566,670,478,192
S01002567,2509,1514,995
S01002568,792,533,259
S01002569,1421,833,588
S01002570,663,415,248
S01002571,713,479,234
S01002572,564,329,235
S01002573,512,258,254
S01002574,816,372,444
S01002575,1284,719,565
S01002576,703,412,291
S01002577,989,429,560
S01002578,736,428,308
S01002579,943,559,384
S01002580,767,344,423
S01002581,777,411,366
S01002582,691,394,297
S01002583,994,455,539
S01002584,1566,748,818
S01002585,824,500,324
S01002586,509,305,204
S01002587,688,390,298
S01002588,705,433,272
S01002589,754,496,258
S01002590,677,471,206
S01002591,577,303,274
S01002592,853,476,377
S01002593,797,366,431
S01002594,695,342,353
S01002595,656,364,292
S01002596,681,428,253
S01002597,521,229,292
S01002598,975,463,512
S01002599,526,275,251
S01002600,1038,550,488
S01002601,628,323,305
S01002602,519,292,227
S01002603,708,311,397
S01002604,944,552,392
S01002605,598,304,294
S01002606,581,255,326
S01002607,833,432,401
S01002608,539,284,255
S01002609,760,389,371
S01002610,838,452,386
S01002611,860,464,396
S01002612,829,479,350
S01002613,848,531,317
S01002614,912,499,413
S01002615,444,200,244
S01002616,592,367,225
S01002617,931,552,379
S01002618,856,346,510
S01002619,768,443,325
S01002620,865,445,420
S01002621,593,358,235
S01002622,8698,4373,4325
S01002623,1613,825,788
S01002624,691,413,278
S01002625,866,497,369
S01002626,753,319,434
S01002627,979,585,394
S01002628,822,431,391
S01002629,835,478,357
S01002630,687,398,289
S01002631,737,459,278
S01002632,574,298,276
S01002633,942,460,482
S01002634,793,477,316
S01002635,572,360,212
S01002636,609,343,266
S01002637,742,378,364
S01002638,743,291,452
S01002639,932,535,397
S01002640,697,380,317
S01002641,906,531,375
S01002642,646,323,323
S01002643,542,281,261
S01002644,667,371,296
S01002645,630,312,318
S01002646,650,320,330
S01002647,898,459,439
S01002648,1143,594,549
S01002649,596,286,310
S01002650,646,425,221
S01002651,583,259,324
S01002652,650,366,284
S01002653,738,300,438
S01002654,748,415,333
S01002655,853,332,521
S01002656,725,333,392
S01002657,812,465,347
S01002658,1247,622,625
S01002659,871,528,343
S01002660,772,375,397
S01002661,840,502,338
S01002662,1430,733,697
S01002663,756,414,342
S01002664,847,521,326
S01002665,792,506,286
S01002666,1304,775,529
S01002667,636,295,341
S01002668,471,299,172
S01002669,986,495,491
S01002670,619,390,229
S01002671,1018,528,490
S01002672,658,296,362
S01002673,510,248,262
S01002674,791,483,308
S01002675,903,600,303
S01002676,787,491,296
S01002677,967,452,515
S01002678,922,561,361
S01002679,971,518,453
S01002680,1094,510,584
S01002681,713,410,303
S01002682,546,256,290
S01002683,578,375,203
S01002684,736,413,323
S01002685,845,339,506
S01002686,1683,1021,662
S01002687,1229,663,566
S01002688,611,347,264
S01002689,826,407,419
S01002690,579,342,237
S01002691,1494,865,629
S01002692,828,470,358
S01002693,506,263,243
S01002694,704,329,375
S01002695,627,423,204
S01002696,702,364,338
S01002697,889,543,346
S01002698,780,416,364
S01002699,511,208,303
S01002700,892,453,439
S01002701,885,501,384
S01002702,595,344,251
S01002703,1287,659,628
S01002704,634,382,252
S01002705,665,321,344
S01002706,900,423,477
S01002707,877,380,497
S01002708,1002,480,522
S01002709,902,442,460
S01002710,801,452,349
S01002711,875,371,504
S01002712,665,315,350
S01002713,659,389,270
S01002714,939,477,462
S01002715,848,410,438
S01002716,527,330,197
S01002717,822,496,326
S01002718,853,339,514
S01002719,740,322,418
S01002720,707,528,179
S01002721,816,394,422
S01002722,846,495,351
S01002723,698,371,327
S01002724,776,464,312
S01002725,868,432,436
S01002726,744,468,276
S01002727,947,529,418
S01002728,934,435,499
S01002729,871,481,390
S01002730,832,422,410
S01002731,786,421,365
S01002732,642,368,274
S01002733,650,403,247
S01002734,1080,538,542
S01002735,1170,659,511
S01002736,682,334,348
S01002737,724,369,355
S01002738,705,343,362
S01002739,773,471,302
S01002740,528,305,223
S01002741,922,496,426
S01002742,789,410,379
S01002743,675,346,329
S01002744,576,351,225
S01002745,601,252,349
S01002746,796,417,379
S01002747,532,286,246
S01002748,639,335,304
S01002749,695,287,408
S01002750,935,431,504
S01002751,1015,479,536
S01002752,528,285,243
S01002753,643,420,223
S01002754,578,332,246
S01002755,817,301,516
S01002756,785,414,371
S01002757,569,308,261
S01002758,677,313,364
S01002759,1042,443,599
S01002760,486,241,245
S01002761,783,389,394
S01002762,588,290,298
S01002763,823,330,493
S01002764,584,261,323
S01002765,856,351,505
S01002766,815,382,433
S01002767,975,490,485
S01002768,785,380,405
S01002769,729,300,429
S01002770,539,269,270
S01002771,735,317,418
S01002772,989,581,408
S01002773,866,484,382
S01002774,778,313,465
S01002775,756,336,420
S01002776,1020,434,586
S01002777,1023,569,454
S01002778,753,358,395
S01002779,630,224,406
S01002780,876,357,519
S01002781,883,511,372
S01002782,779,440,339
S01002783,1527,685,842
S01002784,559,244,315
S01002785,722,322,400
S01002786,846,526,320
S01002787,673,355,318
S01002788,837,457,380
S01002789,700,443,257
S01002790,776,412,364
S01002791,632,278,354
S01002792,1975,956,1019
S01002793,705,366,339
S01002794,929,508,421
S01002795,597,348,249
S01002796,591,362,229
S01002797,771,446,325
S01002798,574,236,338
S01002799,608,306,302
S01002800,706,391,315
S01002801,923,426,497
S01002802,575,369,206
S01002803,810,380,430
S01002804,551,279,272
S01002805,872,469,403
S01002806,2516,1224,1292
S01002807,672,340,332
S01002808,836,355,481
S01002809,672,379,293
S01002810,918,502,416
S01002811,965,546,419
S01002812,616,361,255
S01002813,737,381,356
S01002814,876,441,435
S01002815,704,413,291
S01002816,666,364,302
S01002817,543,270,273
S01002818,616,309,307
S01002819,774,353,421
S01002820,826,406,420
S01002821,1165,476,689
S01002822,817,366,451
S01002823,729,321,408
S01002824,804,423,381
S01002825,777,422,355
S01002826,495,249,246
S01002827,660,325,335
S01002828,856,446,410
S01002829,797,430,367
S01002830,623,347,276
S01002831,1114,550,564
S01002832,771,340,431
S01002833,1022,596,426
S01002834,792,402,390
S01002835,682,319,363
S01002836,523,236,287
S01002837,572,280,292
S01002838,531,305,226
S01002839,633,355,278
S01002840,681,363,318
S01002841,1161,539,622
S01002842,558,235,323
S01002843,802,385,417
S01002844,562,340,222
S01002845,841,418,423
S01002846,1059,569,490
S01002847,890,370,520
S01002848,812,339,473
S01002849,969,420,549
S01002850,842,443,399
S01002851,448,338,110
S01002852,1006,409,597
S01002853,456,191,265
S01002854,825,368,457
S01002855,601,258,343
S01002856,717,299,418
S01002857,537,298,239
S01002858,678,327,351
S01002859,811,319,492
S01002860,1070,476,594
S01002861,882,414,468
S01002862,588,269,319
S01002863,737,322,415
S01002864,643,289,354
S01002865,954,439,515
S01002866,1030,453,577
S01002867,515,230,285
S01002868,743,360,383
S01002869,563,271,292
S01002870,897,487,410
S01002871,626,321,305
S01002872,663,359,304
S01002873,736,352,384
S01002874,767,330,437
S01002875,536,254,282
S01002876,686,331,355
S01002877,748,358,390
S01002878,533,268,265
S01002879,812,415,397
S01002880,510,323,187
S01002881,912,492,420
S01002882,770,430,340
S01002883,1062,581,481
S01002884,793,398,395
S01002885,1271,623,648
S01002886,815,392,423
S01002887,596,258,338
S01002888,468,333,135
S01002889,857,357,500
S01002890,673,281,392
S01002891,743,372,371
S01002892,649,337,312
S01002893,1127,558,569
S01002894,815,483,332
S01002895,595,314,281
S01002896,681,378,303
S01002897,586,316,270
S01002898,982,541,441
S01002899,528,296,232
S01002900,675,313,362
S01002901,788,392,396
S01002902,732,487,245
S01002903,852,392,460
S01002904,707,362,345
S01002905,735,393,342
S01002906,807,403,404
S01002907,606,304,302
S01002908,773,535,238
S01002909,763,426,337
S01002910,1037,569,468
S01002911,846,433,413
S01002912,1349,766,583
S01002913,740,441,299
S01002914,634,316,318
S01002915,892,393,499
S01002916,728,430,298
S01002917,584,387,197
S01002918,723,495,228
S01002919,875,358,517
S01002920,569,380,189
S01002921,647,378,269
S01002922,480,254,226
S01002923,625,424,201
S01002924,649,431,218
S01002925,1445,759,686
S01002926,765,337,428
S01002927,765,373,392
S01002928,530,367,163
S01002929,738,364,374
S01002930,560,337,223
S01002931,912,460,452
S01002932,680,364,316
S01002933,796,560,236
S01002934,837,390,447
S01002935,920,492,428
S01002936,770,437,333
S01002937,477,258,219
S01002938,789,513,276
S01002939,535,341,194
S01002940,609,421,188
S01002941,918,557,361
S01002942,430,262,168
S01002943,677,379,298
S01002944,1160,767,393
S01002945,562,368,194
S01002946,1089,652,437
S01002947,626,338,288
S01002948,777,476,301
S01002949,534,350,184
S01002950,771,399,372
S01002951,922,608,314
S01002952,578,314,264
S01002953,890,584,306
S01002954,833,487,346
S01002955,1125,711,414
S01002956,758,459,299
S01002957,882,525,357
S01002958,572,357,215
S01002959,953,578,375
S01002960,623,379,244
S01002961,810,501,309
S01002962,644,353,291
S01002963,807,460,347
S01002964,638,388,250
S01002965,895,553,342
S01002966,681,430,251
S01002967,875,517,358
S01002968,1438,872,566
S01002969,1002,745,257
S01002970,624,387,237
S01002971,1243,803,440
S01002972,1123,607,516
S01002973,865,557,308
S01002974,1085,627,458
S01002975,605,350,255
S01002976,904,454,450
S01002977,708,394,314
S01002978,1062,701,361
S01002979,723,452,271
S01002980,745,463,282
S01002981,727,492,235
S01002982,620,428,192
S01002983,797,529,268
S01002984,726,484,242
S01002985,585,429,156
S01002986,731,437,294
S01002987,1009,564,445
S01002988,702,432,270
S01002989,980,598,382
S01002990,680,375,305
S01002991,1232,761,471
S01002992,799,519,280
S01002993,703,457,246
S01002994,1134,646,488
S01002995,580,327,253
S01002996,2672,1508,1164
S01002997,772,402,370
S01002998,817,454,363
S01002999,1042,604,438
S01003000,672,441,231
S01003001,591,375,216
S01003002,899,527,372
S01003003,592,335,257
S01003004,420,242,178
S01003005,557,329,228
S01003006,1078,728,350
S01003007,782,486,296
S01003008,946,551,395
S01003009,541,346,195
S01003010,698,465,233
S01003011,764,490,274
S01003012,946,588,358
S01003013,634,385,249
S01003014,665,399,266
S01003015,740,429,311
S01003016,459,255,204
S01003017,715,426,289
S01003018,852,472,380
S01003019,823,463,360
S01003020,679,390,289
S01003021,673,370,303
S01003022,954,582,372
S01003023,703,461,242
S01003024,656,377,279
S01003025,857,648,209
S01003026,848,612,236
S01003027,1030,749,281
S01003028,800,529,271
S01003029,1093,752,341
S01003030,1340,950,390
S01003032,584,455,129
S01003033,490,334,156
S01003034,910,634,276
S01003035,1019,703,316
S01003036,926,689,237
S01003037,2167,1633,534
S01003038,888,727,161
S01003039,893,676,217
S01003040,880,710,170
S01003041,711,561,150
S01003042,615,429,186
S01003043,579,389,190
S01003044,1339,998,341
S01003045,926,689,237
S01003046,756,532,224
S01003047,946,660,286
S01003048,497,357,140
S01003049,552,406,146
S01003050,718,579,139
S01003051,1121,767,354
S01003052,695,548,147
S01003053,1019,796,223
S01003054,808,584,224
S01003055,841,581,260
S01003056,934,665,269
S01003057,673,473,200
S01003058,1243,853,390
S01003059,902,648,254
S01003060,1030,746,284
S01003061,776,588,188
S01003062,827,575,252
S01003063,800,573,227
S01003064,837,575,262
S01003065,991,690,301
S01003066,802,584,218
S01003067,608,507,101
S01003068,801,588,213
S01003069,567,413,154
S01003070,799,569,230
S01003071,657,492,165
S01003072,1022,729,293
S01003073,725,502,223
S01003074,727,575,152
S01003075,744,484,260
S01003076,901,651,250
S01003077,963,643,320
S01003078,674,509,165
S01003079,925,641,284
S01003080,826,560,266
S01003081,1033,883,150
S01003082,1164,760,404
S01003083,1223,758,465
S01003084,822,604,218
S01003085,975,729,246
S01003086,636,472,164
S01003087,653,443,210
S01003088,1195,773,422
S01003089,733,521,212
S01003090,750,565,185
S01003091,575,418,157
S01003092,815,586,229
S01003093,968,724,244
S01003094,1010,734,276
S01003095,769,601,168
S01003096,702,598,104
S01003097,277,189,88
S01003098,1174,753,421
S01003099,548,361,187
S01003100,821,583,238
S01003101,524,362,162
S01003102,733,564,169
S01003103,730,598,132
S01003104,938,659,279
S01003105,798,584,214
S01003106,733,504,229
S01003107,756,525,231
S01003108,748,529,219
S01003109,915,567,348
S01003110,760,501,259
S01003111,802,563,239
S01003112,959,648,311
S01003113,712,560,152
S01003114,843,707,136
S01003115,1065,784,281
S01003116,874,553,321
S01003117,776,435,341
S01003118,531,431,100
S01003119,616,427,189
S01003120,1498,1053,445
S01003121,867,600,267
S01003122,724,580,144
S01003123,885,663,222
S01003124,829,443,386
S01003125,850,472,378
S01003126,157,118,39
S01003127,779,596,183
S01003128,730,441,289
S01003129,1130,670,460
S01003130,781,505,276
S01003131,864,438,426
S01003132,768,545,223
S01003133,1355,846,509
S01003134,748,570,178
S01003135,742,634,108
S01003136,964,563,401
S01003137,773,446,327
S01003138,1028,680,348
S01003139,1016,554,462
S01003140,963,633,330
S01003141,751,383,368
S01003142,945,724,221
S01003143,854,506,348
S01003144,896,672,224
S01003145,624,489,135
S01003146,658,343,315
S01003147,833,657,176
S01003148,686,527,159
S01003149,855,479,376
S01003150,725,533,192
S01003151,806,621,185
S01003152,914,715,199
S01003153,709,464,245
S01003154,957,597,360
S01003155,1358,1013,345
S01003156,834,481,353
S01003157,1099,749,350
S01003158,618,485,133
S01003159,188,142,46
S01003160,664,445,219
S01003161,629,456,173
S01003162,614,472,142
S01003163,709,448,261
S01003164,823,599,224
S01003165,940,706,234
S01003166,627,336,291
S01003167,962,699,263
S01003168,831,472,359
S01003169,2517,1945,572
S01003170,985,843,142
S01003171,719,591,128
S01003172,749,497,252
S01003173,532,278,254
S01003174,814,646,168
S01003175,823,626,197
S01003176,849,496,353
S01003177,1014,651,363
S01003178,896,651,245
S01003179,719,607,112
S01003180,665,523,142
S01003181,894,620,274
S01003182,801,563,238
S01003183,667,457,210
S01003184,848,572,276
S01003185,626,533,93
S01003186,861,606,255
S01003187,1027,608,419
S01003188,976,785,191
S01003189,837,596,241
S01003190,724,554,170
S01003191,553,403,150
S01003192,779,475,304
S01003193,1691,1250,441
S01003194,725,534,191
S01003195,777,625,152
S01003196,984,739,245
S01003197,799,611,188
S01003198,968,781,187
S01003199,951,745,206
S01003200,734,538,196
S01003201,247,186,61
S01003202,1040,784,256
S01003203,876,599,277
S01003204,945,600,345
S01003205,747,529,218
S01003206,796,577,219
S01003207,815,594,221
S01003208,1249,915,334
S01003209,572,415,157
S01003210,962,660,302
S01003211,899,717,182
S01003212,692,535,157
S01003213,552,394,158
S01003214,716,564,152
S01003215,904,579,325
S01003216,690,526,164
S01003217,707,562,145
S01003218,685,470,215
S01003219,746,569,177
S01003220,813,662,151
S01003221,918,680,238
S01003222,824,662,162
S01003223,873,607,266
S01003224,651,535,116
S01003225,668,553,115
S01003226,753,542,211
S01003227,1617,1186,431
S01003228,1260,911,349
S01003229,910,650,260
S01003230,907,649,258
S01003231,878,686,192
S01003232,923,676,247
S01003233,923,731,192
S01003234,896,659,237
S01003235,796,637,159
S01003236,705,598,107
S01003237,915,718,197
S01003238,710,464,246
S01003239,1008,718,290
S01003240,705,494,211
S01003241,780,639,141
S01003242,1048,767,281
S01003243,865,637,228
S01003244,983,749,234
S01003245,1195,947,248
S01003246,941,754,187
S01003247,781,563,218
S01003248,1137,788,349
S01003249,733,516,217
S01003250,608,475,133
S01003251,828,652,176
S01003252,573,485,88
S01003253,993,704,289
S01003254,550,401,149
S01003255,901,724,177
S01003256,1436,1091,345
S01003257,797,712,85
S01003258,760,581,179
S01003259,1156,895,261
S01003260,701,564,137
S01003261,926,748,178
S01003262,700,468,232
S01003263,1028,797,231
S01003264,635,492,143
S01003265,664,546,118
S01003266,739,611,128
S01003267,967,741,226
S01003268,1719,1196,523
S01003269,908,672,236
S01003270,770,502,268
S01003271,1836,1179,657
S01003272,1610,1137,473
S01003273,703,534,169
S01003274,583,457,126
S01003275,1024,767,257
S01003276,727,554,173
S01003277,614,477,137
S01003278,840,626,214
S01003279,404,328,76
S01003280,913,692,221
S01003281,502,408,94
S01003282,755,593,162
S01003283,687,521,166
S01003284,935,699,236
S01003285,416,249,167
S01003286,984,766,218
S01003287,613,468,145
S01003288,699,549,150
S01003289,407,290,117
S01003290,848,627,221
S01003291,767,565,202
S01003292,735,554,181
S01003293,807,573,234
S01003294,734,519,215
S01003295,974,769,205
S01003296,807,625,182
S01003297,548,410,138
S01003298,1003,712,291
S01003299,451,356,95
S01003300,869,647,222
S01003301,765,566,199
S01003302,687,497,190
S01003303,2392,1430,962
S01003304,724,510,214
S01003305,753,507,246
S01003306,924,654,270
S01003307,1063,758,305
S01003308,854,632,222
S01003309,953,657,296
S01003310,744,536,208
S01003311,696,548,148
S01003312,582,413,169
S01003313,1126,800,326
S01003314,648,507,141
S01003315,711,515,196
S01003316,594,352,242
S01003317,646,422,224
S01003318,744,615,129
S01003320,530,362,168
S01003321,692,512,180
S01003322,796,544,252
S01003323,752,569,183
S01003324,449,293,156
S01003325,779,512,267
S01003326,855,589,266
S01003327,605,438,167
S01003328,1035,577,458
S01003329,809,617,192
S01003330,939,705,234
S01003331,642,521,121
S01003332,416,300,116
S01003333,919,668,251
S01003334,1006,730,276
S01003335,650,350,300
S01003336,969,754,215
S01003337,1383,999,384
S01003338,882,651,231
S01003339,770,525,245
S01003340,995,762,233
S01003341,949,693,256
S01003342,718,547,171
S01003343,733,517,216
S01003344,479,344,135
S01003345,967,655,312
S01003346,866,669,197
S01003347,952,698,254
S01003348,1014,644,370
S01003349,1367,945,422
S01003350,893,619,274
S01003351,1109,814,295
S01003352,1168,883,285
S01003353,735,496,239
S01003354,612,492,120
S01003355,1054,745,309
S01003356,859,569,290
S01003357,369,285,84
S01003358,1861,971,890
S01003359,974,719,255
S01003360,730,541,189
S01003361,713,559,154
S01003362,728,532,196
S01003363,768,603,165
S01003364,671,450,221
S01003365,734,516,218
S01003366,740,391,349
S01003367,1213,871,342
S01003368,2295,1296,999
S01003369,625,534,91
S01003370,771,382,389
S01003371,668,324,344
S01003372,799,564,235
S01003373,2232,1283,949
S01003374,492,325,167
S01003375,961,740,221
S01003376,526,362,164
S01003377,735,568,167
S01003378,841,591,250
S01003379,678,448,230
S01003380,1291,796,495
S01003381,728,569,159
S01003382,1603,1017,586
S01003383,913,710,203
S01003384,965,724,241
S01003385,834,451,383
S01003386,689,523,166
S01003387,793,495,298
S01003388,1038,786,252
S01003389,1019,619,400
S01003390,1218,805,413
S01003391,716,454,262
S01003392,826,532,294
S01003393,883,725,158
S01003394,637,454,183
S01003395,644,389,255
S01003396,814,599,215
S01003397,1045,713,332
S01003398,793,533,260
S01003399,1873,992,881
S01003400,744,603,141
S01003401,846,609,237
S01003402,949,644,305
S01003403,1144,713,431
S01003404,569,456,113
S01003405,733,586,147
S01003406,691,438,253
S01003407,851,659,192
S01003408,650,451,199
S01003409,1535,890,645
S01003410,1452,762,690
S01003411,757,539,218
S01003412,862,598,264
S01003413,741,552,189
S01003414,442,292,150
S01003415,1269,769,500
S01003416,845,655,190
S01003417,940,627,313
S01003418,920,717,203
S01003419,959,671,288
S01003420,464,363,101
S01003421,923,718,205
S01003422,790,554,236
S01003423,779,458,321
S01003424,974,625,349
S01003425,838,485,353
S01003426,1019,683,336
S01003427,941,758,183
S01003428,843,671,172
S01003429,1525,772,753
S01003430,783,439,344
S01003431,696,547,149
S01003432,880,389,491
S01003433,1165,616,549
S01003434,805,610,195
S01003435,731,515,216
S01003436,555,404,151
S01003437,816,372,444
S01003438,1411,677,734
S01003439,1153,819,334
S01003440,480,354,126
S01003441,1339,907,432
S01003442,1013,837,176
S01003443,970,765,205
S01003444,777,554,223
S01003445,1074,901,173
S01003446,452,220,232
S01003447,2551,1527,1024
S01003448,705,589,116
S01003449,831,417,414
S01003450,976,557,419
S01003451,916,529,387
S01003452,1407,1024,383
S01003453,1317,707,610
S01003454,664,441,223
S01003455,795,543,252
S01003456,255,196,59
S01003457,1005,858,147
S01003458,1016,851,165
S01003459,890,605,285
S01003460,1057,514,543
S01003461,764,633,131
S01003462,551,380,171
S01003463,692,534,158
S01003464,974,528,446
S01003465,2510,1427,1083
S01003466,787,455,332
S01003467,714,528,186
S01003468,839,480,359
S01003469,1016,644,372
S01003470,1139,584,555
S01003471,776,553,223
S01003472,816,660,156
S01003473,969,652,317
S01003474,690,369,321
S01003475,845,513,332
S01003476,1136,773,363
S01003477,1076,531,545
S01003478,814,399,415
S01003479,844,465,379
S01003480,834,539,295
S01003481,1033,577,456
S01003482,669,452,217
S01003483,533,348,185
S01003484,1127,551,576
S01003485,890,435,455
S01003486,1033,742,291
S01003487,1075,572,503
S01003488,695,590,105
S01003489,1397,1076,321
S01003490,625,451,174
S01003491,85,65,20
S01003492,1077,747,330
S01003493,831,537,294
S01003494,815,510,305
S01003495,936,729,207
S01003496,999,551,448
S01003497,964,473,491
S01003498,1019,657,362
S01003499,1006,608,398
S01003500,676,468,208
S01003501,708,328,380
S01003502,1848,1260,588
S01003503,700,368,332
S01003504,936,506,430
S01003506,1040,482,558
S01003507,522,301,221
S01003508,807,507,300
S01003509,950,469,481
S01003510,407,284,123
S01003511,1101,533,568
S01003512,641,451,190
S01003513,730,335,395
S01003514,897,415,482
S01003515,631,503,128
S01003516,667,520,147
S01003517,752,391,361
S01003518,1032,675,357
S01003519,542,354,188
S01003520,717,407,310
S01003521,531,265,266
S01003522,830,432,398
S01003523,657,488,169
S01003524,1072,556,516
S01003525,1090,562,528
S01003526,1013,468,545
S01003527,889,567,322
S01003528,516,393,123
S01003529,547,386,161
S01003530,821,340,481
S01003531,778,516,262
S01003532,1088,756,332
S01003533,340,254,86
S01003534,903,614,289
S01003535,708,421,287
S01003536,1031,581,450
S01003537,807,502,305
S01003538,630,494,136
S01003539,993,566,427
S01003540,419,347,72
S01003541,935,825,110
S01003542,786,439,347
S01003543,706,480,226
S01003544,529,243,286
S01003545,789,434,355
S01003546,1004,757,247
S01003547,767,415,352
S01003549,800,584,216
S01003550,647,465,182
S01003551,658,508,150
S01003552,1036,528,508
S01003553,654,495,159
S01003554,761,367,394
S01003555,725,353,372
S01003556,700,393,307
S01003557,783,572,211
S01003558,1036,592,444
S01003559,978,563,415
S01003560,1264,772,492
S01003561,1248,878,370
S01003562,623,413,210
S01003563,530,418,112
S01003564,721,594,127
S01003565,858,628,230
S01003566,725,354,371
S01003567,1036,805,231
S01003568,729,469,260
S01003569,717,519,198
S01003570,736,484,252
S01003571,880,577,303
S01003572,1083,790,293
S01003573,924,706,218
S01003574,1028,473,555
S01003575,854,593,261
S01003576,845,515,330
S01003577,947,768,179
S01003578,217,166,51
S01003579,868,631,237
S01003580,1018,708,310
S01003581,2299,1155,1144
S01003582,671,492,179
S01003583,566,432,134
S01003584,803,629,174
S01003585,675,401,274
S01003586,1053,802,251
S01003587,1104,690,414
S01003588,635,492,143
S01003589,1639,941,698
S01003590,741,462,279
S01003591,1301,901,400
S01003592,1423,919,504
S01003593,634,445,189
S01003594,1013,605,408
S01003595,919,648,271
S01003596,783,545,238
S01003597,714,530,184
S01003598,690,550,140
S01003599,969,764,205
S01003600,842,588,254
S01003601,817,541,276
S01003602,628,500,128
S01003603,864,622,242
S01003604,837,524,313
S01003605,666,471,195
S01003606,885,690,195
S01003607,531,393,138
S01003608,557,387,170
S01003609,1066,684,382
S01003610,986,683,303
S01003611,850,623,227
S01003612,883,629,254
S01003613,1454,1049,405
S01003614,547,356,191
S01003615,854,596,258
S01003616,869,612,257
S01003617,828,603,225
S01003618,796,552,244
S01003619,816,536,280
S01003620,1025,640,385
S01003621,939,717,222
S01003622,813,572,241
S01003623,915,594,321
S01003624,1555,1141,414
S01003625,350,244,106
S01003626,808,618,190
S01003627,621,460,161
S01003628,739,585,154
S01003629,759,573,186
S01003630,771,580,191
S01003631,1265,888,377
S01003632,949,602,347
S01003633,1267,815,452
S01003634,1027,783,244
S01003635,559,338,221
S01003636,923,680,243
S01003637,1048,697,351
S01003638,758,451,307
S01003639,779,541,238
S01003640,962,704,258
S01003641,736,502,234
S01003642,851,640,211
S01003643,682,446,236
S01003644,966,688,278
S01003645,539,409,130
S01003646,899,706,193
S01003647,724,526,198
S01003648,820,522,298
S01003649,967,750,217
S01003650,742,525,217
S01003651,732,516,216
S01003652,733,532,201
S01003653,715,450,265
S01003654,1123,882,241
S01003655,660,498,162
S01003656,878,605,273
S01003657,831,676,155
S01003658,859,593,266
S01003659,756,498,258
S01003660,976,705,271
S01003661,947,626,321
S01003662,642,479,163
S01003663,585,423,162
S01003664,506,372,134
S01003665,645,434,211
S01003666,663,475,188
S01003667,838,632,206
S01003668,783,562,221
S01003669,927,682,245
S01003670,950,724,226
S01003671,666,465,201
S01003672,751,542,209
S01003673,316,221,95
S01003674,783,545,238
S01003675,879,541,338
S01003676,1198,757,441
S01003677,692,538,154
S01003678,685,496,189
S01003679,1028,699,329
S01003680,623,488,135
S01003681,565,412,153
S01003682,1043,690,353
S01003683,623,464,159
S01003684,794,549,245
S01003685,550,408,142
S01003686,948,682,266
S01003687,657,437,220
S01003688,883,652,231
S01003689,667,424,243
S01003690,942,690,252
S01003691,1028,773,255
S01003692,1022,694,328
S01003693,550,376,174
S01003694,986,664,322
S01003695,1125,721,404
S01003696,1036,676,360
S01003697,930,668,262
S01003698,1010,695,315
S01003699,938,647,291
S01003700,980,722,258
S01003701,991,676,315
S01003702,822,510,312
S01003703,1052,711,341
S01003704,655,449,206
S01003705,906,564,342
S01003706,749,426,323
S01003707,1078,603,475
S01003708,964,559,405
S01003709,856,590,266
S01003710,1179,818,361
S01003711,944,555,389
S01003712,928,585,343
S01003713,512,369,143
S01003714,628,423,205
S01003715,803,554,249
S01003716,575,349,226
S01003717,839,569,270
S01003718,749,478,271
S01003719,660,429,231
S01003720,989,641,348
S01003721,814,550,264
S01003722,896,538,358
S01003723,519,361,158
S01003724,769,510,259
S01003725,614,418,196
S01003726,656,418,238
S01003727,748,448,300
S01003728,558,391,167
S01003729,868,544,324
S01003730,644,408,236
S01003731,617,441,176
S01003732,945,693,252
S01003733,870,555,315
S01003734,709,520,189
S01003735,820,646,174
S01003736,799,598,201
S01003737,611,444,167
S01003738,767,540,227
S01003739,531,341,190
S01003740,618,429,189
S01003741,946,612,334
S01003742,711,522,189
S01003743,557,362,195
S01003744,665,463,202
S01003745,806,576,230
S01003746,837,578,259
S01003747,1094,739,355
S01003748,591,380,211
S01003749,885,599,286
S01003750,715,413,302
S01003751,1108,630,478
S01003752,913,569,344
S01003753,1105,754,351
S01003754,848,464,384
S01003755,1626,897,729
S01003756,905,555,350
S01003757,608,438,170
S01003758,954,587,367
S01003759,628,390,238
S01003760,840,490,350
S01003761,957,645,312
S01003762,1090,662,428
S01003763,912,558,354
S01003764,878,521,357
S01003765,649,431,218
S01003766,738,406,332
S01003767,812,570,242
S01003768,628,408,220
S01003769,946,586,360
S01003770,819,511,308
S01003771,757,444,313
S01003772,606,365,241
S01003773,692,455,237
S01003774,760,466,294
S01003775,916,554,362
S01003776,700,412,288
S01003777,1114,745,369
S01003778,3225,1731,1494
S01003779,501,344,157
S01003780,1074,719,355
S01003781,1129,686,443
S01003782,621,390,231
S01003783,1234,741,493
S01003784,1655,1081,574
S01003785,809,574,235
S01003786,891,575,316
S01003787,591,417,174
S01003788,708,527,181
S01003789,494,319,175
S01003790,570,286,284
S01003791,824,476,348
S01003792,2286,1322,964
S01003793,542,296,246
S01003794,690,446,244
S01003795,648,407,241
S01003796,673,346,327
S01003797,925,568,357
S01003798,846,560,286
S01003799,756,481,275
S01003800,633,444,189
S01003801,816,470,346
S01003802,781,474,307
S01003803,732,455,277
S01003804,620,350,270
S01003805,1202,724,478
S01003806,698,474,224
S01003807,904,580,324
S01003808,936,643,293
S01003809,674,399,275
S01003810,908,663,245
S01003811,687,466,221
S01003812,958,621,337
S01003813,856,606,250
S01003814,786,583,203
S01003815,842,506,336
S01003816,986,672,314
S01003817,1035,577,458
S01003818,803,504,299
S01003819,2446,1371,1075
S01003820,1011,612,399
S01003821,763,433,330
S01003822,666,418,248
S01003823,977,647,330
S01003824,816,473,343
S01003825,867,482,385
S01003826,749,517,232
S01003827,817,520,297
S01003828,1145,783,362
S01003829,665,380,285
S01003830,901,481,420
S01003831,584,367,217
S01003832,944,583,361
S01003833,537,346,191
S01003834,651,380,271
S01003835,534,350,184
S01003836,513,262,251
S01003837,836,596,240
S01003838,576,308,268
S01003839,648,316,332
S01003840,696,461,235
S01003841,609,377,232
S01003842,758,456,302
S01003843,953,654,299
S01003844,736,453,283
S01003845,1140,670,470
S01003846,757,503,254
S01003847,608,446,162
S01003848,669,469,200
S01003849,1015,514,501
S01003850,522,302,220
S01003851,822,534,288
S01003852,593,362,231
S01003853,1253,653,600
S01003854,578,380,198
S01003855,978,465,513
S01003856,765,417,348
S01003857,783,485,298
S01003858,534,284,250
S01003859,609,381,228
S01003860,672,332,340
S01003861,776,445,331
S01003862,741,329,412
S01003863,686,511,175
S01003864,921,676,245
S01003865,996,540,456
S01003866,967,656,311
S01003867,1357,874,483
S01003868,691,453,238
S01003869,712,447,265
S01003870,1046,712,334
S01003871,771,510,261
S01003872,902,591,311
S01003873,1122,738,384
S01003874,831,515,316
S01003875,679,442,237
S01003876,723,447,276
S01003877,688,459,229
S01003878,1089,652,437
S01003879,778,569,209
S01003880,867,509,358
S01003881,887,582,305
S01003882,500,312,188
S01003883,535,307,228
S01003884,766,482,284
S01003885,654,372,282
S01003886,519,281,238
S01003887,1032,590,442
S01003888,1633,951,682
S01003889,547,370,177
S01003890,663,448,215
S01003891,731,466,265
S01003892,641,361,280
S01003893,633,403,230
S01003894,935,508,427
S01003895,745,464,281
S01003896,724,475,249
S01003897,734,475,259
S01003898,791,566,225
S01003899,800,530,270
S01003900,776,486,290
S01003901,680,485,195
S01003902,1036,681,355
S01003903,901,567,334
S01003904,888,645,243
S01003905,1166,752,414
S01003906,701,471,230
S01003907,748,475,273
S01003908,799,477,322
S01003909,621,471,150
S01003910,727,425,302
S01003911,626,495,131
S01003912,945,634,311
S01003913,727,521,206
S01003914,975,702,273
S01003915,764,443,321
S01003916,845,563,282
S01003917,906,523,383
S01003918,954,483,471
S01003919,612,396,216
S01003920,731,409,322
S01003921,1038,685,353
S01003922,937,487,450
S01003923,761,414,347
S01003924,507,253,254
S01003925,801,490,311
S01003926,580,309,271
S01003927,720,432,288
S01003928,840,457,383
S01003929,548,327,221
S01003930,870,519,351
S01003931,1144,634,510
S01003932,897,634,263
S01003933,701,431,270
S01003934,1016,622,394
S01003935,827,504,323
S01003936,999,651,348
S01003937,745,458,287
S01003938,605,353,252
S01003939,626,434,192
S01003940,1047,590,457
S01003941,614,380,234
S01003942,758,433,325
S01003943,695,435,260
S01003944,646,443,203
S01003945,661,460,201
S01003946,838,505,333
S01003947,631,414,217
S01003948,745,444,301
S01003949,598,374,224
S01003950,606,413,193
S01003951,608,426,182
S01003952,536,341,195
S01003953,577,414,163
S01003954,702,491,211
S01003955,681,441,240
S01003956,749,458,291
S01003957,686,450,236
S01003958,784,517,267
S01003959,747,499,248
S01003960,877,579,298
S01003961,576,395,181
S01003962,706,433,273
S01003963,474,274,200
S01003964,483,336,147
S01003965,576,405,171
S01003966,1009,687,322
S01003967,539,341,198
S01003968,864,568,296
S01003969,762,498,264
S01003970,631,373,258
S01003971,721,489,232
S01003972,785,501,284
S01003973,450,313,137
S01003974,854,566,288
S01003975,829,535,294
S01003976,772,413,359
S01003977,491,224,267
S01003978,512,298,214
S01003979,569,379,190
S01003980,643,364,279
S01003981,544,327,217
S01003982,779,479,300
S01003983,683,483,200
S01003984,623,374,249
S01003985,743,389,354
S01003986,550,327,223
S01003987,688,388,300
S01003988,490,346,144
S01003989,913,632,281
S01003990,522,337,185
S01003991,622,403,219
S01003992,982,651,331
S01003993,694,484,210
S01003994,729,442,287
S01003995,1312,819,493
S01003996,649,424,225
S01003997,916,468,448
S01003998,565,314,251
S01003999,853,522,331
S01004000,708,414,294
S01004001,620,355,265
S01004002,896,524,372
S01004003,570,298,272
S01004004,731,371,360
S01004005,588,377,211
S01004006,553,280,273
S01004007,611,356,255
S01004008,672,448,224
S01004009,771,463,308
S01004010,837,535,302
S01004011,1369,971,398
S01004012,755,561,194
S01004013,537,368,169
S01004014,634,492,142
S01004015,905,655,250
S01004016,598,458,140
S01004017,1014,750,264
S01004018,824,631,193
S01004019,1067,808,259
S01004020,805,627,178
S01004021,1177,912,265
S01004022,789,567,222
S01004023,556,440,116
S01004024,1077,863,214
S01004025,858,718,140
S01004026,607,547,60
S01004027,785,672,113
S01004028,739,623,116
S01004029,879,770,109
S01004030,660,573,87
S01004031,577,470,107
S01004032,396,291,105
S01004033,865,744,121
S01004034,736,640,96
S01004035,737,628,109
S01004036,630,543,87
S01004037,660,534,126
S01004038,678,579,99
S01004039,368,309,59
S01004040,642,541,101
S01004041,650,556,94
S01004042,576,472,104
S01004043,730,571,159
S01004044,674,547,127
S01004045,596,505,91
S01004046,541,464,77
S01004047,688,523,165
S01004048,1036,852,184
S01004049,1314,1113,201
S01004050,465,369,96
S01004051,836,685,151
S01004052,538,440,98
S01004053,957,782,175
S01004054,882,747,135
S01004055,557,457,100
S01004056,722,630,92
S01004057,1604,1296,308
S01004058,923,696,227
S01004059,549,432,117
S01004060,468,368,100
S01004061,793,666,127
S01004062,871,733,138
S01004063,610,494,116
S01004064,621,527,94
S01004065,958,723,235
S01004066,560,466,94
S01004067,829,664,165
S01004068,723,580,143
S01004069,448,372,76
S01004070,688,557,131
S01004071,908,770,138
S01004072,1189,942,247
S01004073,785,597,188
S01004074,872,724,148
S01004075,449,382,67
S01004076,626,525,101
S01004077,842,715,127
S01004078,768,620,148
S01004079,665,555,110
S01004080,821,670,151
S01004081,649,546,103
S01004082,1030,801,229
S01004083,874,710,164
S01004084,905,736,169
S01004085,524,411,113
S01004086,769,640,129
S01004087,455,355,100
S01004088,525,397,128
S01004089,725,594,131
S01004090,315,266,49
S01004091,958,741,217
S01004092,740,566,174
S01004093,547,448,99
S01004094,425,329,96
S01004095,517,388,129
S01004096,645,544,101
S01004097,734,611,123
S01004098,619,524,95
S01004099,788,612,176
S01004100,765,615,150
S01004101,715,564,151
S01004102,771,583,188
S01004103,660,544,116
S01004104,756,623,133
S01004105,842,685,157
S01004106,898,724,174
S01004107,668,538,130
S01004108,800,675,125
S01004109,560,466,94
S01004110,775,661,114
S01004111,798,578,220
S01004112,839,687,152
S01004113,729,557,172
S01004114,643,498,145
S01004115,749,662,87
S01004116,674,571,103
S01004117,748,576,172
S01004118,899,730,169
S01004119,490,387,103
S01004120,706,596,110
S01004121,430,207,223
S01004122,900,494,406
S01004123,928,463,465
S01004124,1039,547,492
S01004125,656,403,253
S01004126,682,384,298
S01004127,860,485,375
S01004128,683,378,305
S01004129,728,424,304
S01004130,514,303,211
S01004131,809,375,434
S01004132,536,257,279
S01004133,820,423,397
S01004134,646,402,244
S01004135,633,347,286
S01004136,623,291,332
S01004137,575,353,222
S01004138,694,337,357
S01004139,561,299,262
S01004140,540,287,253
S01004141,673,355,318
S01004142,540,242,298
S01004143,846,443,403
S01004144,1319,733,586
S01004145,626,302,324
S01004146,818,430,388
S01004147,709,363,346
S01004148,995,598,397
S01004149,851,410,441
S01004150,609,349,260
S01004151,1023,594,429
S01004152,752,326,426
S01004153,782,453,329
S01004154,625,390,235
S01004155,885,443,442
S01004156,963,417,546
S01004157,581,334,247
S01004158,579,304,275
S01004159,358,222,136
S01004160,646,368,278
S01004161,548,263,285
S01004162,2023,1114,909
S01004163,662,298,364
S01004164,860,466,394
S01004165,969,515,454
S01004166,744,421,323
S01004167,669,375,294
S01004168,621,295,326
S01004169,796,419,377
S01004170,734,377,357
S01004171,633,310,323
S01004172,756,392,364
S01004173,606,319,287
S01004174,728,421,307
S01004175,540,246,294
S01004176,632,359,273
S01004177,494,260,234
S01004178,566,286,280
S01004179,490,282,208
S01004180,900,491,409
S01004181,798,489,309
S01004182,928,458,470
S01004183,1056,567,489
S01004184,782,390,392
S01004185,680,332,348
S01004186,739,417,322
S01004187,696,442,254
S01004188,782,319,463
S01004189,922,565,357
S01004190,821,455,366
S01004191,727,413,314
S01004192,1043,438,605
S01004193,690,411,279
S01004194,739,424,315
S01004195,638,368,270
S01004196,615,323,292
S01004197,697,352,345
S01004198,578,341,237
S01004199,780,475,305
S01004200,719,463,256
S01004201,715,462,253
S01004202,523,354,169
S01004203,955,572,383
S01004204,668,462,206
S01004205,758,388,370
S01004206,636,439,197
S01004207,705,339,366
S01004208,851,479,372
S01004209,605,386,219
S01004210,611,423,188
S01004211,1102,664,438
S01004212,1670,902,768
S01004213,530,315,215
S01004214,637,441,196
S01004215,615,383,232
S01004216,807,486,321
S01004217,447,249,198
S01004218,802,472,330
S01004219,508,268,240
S01004220,903,555,348
S01004221,783,454,329
S01004222,569,290,279
S01004223,722,299,423
S01004224,684,347,337
S01004225,768,406,362
S01004226,660,348,312
S01004227,1002,536,466
S01004228,842,452,390
S01004229,652,364,288
S01004230,688,392,296
S01004231,707,430,277
S01004232,624,331,293
S01004233,819,522,297
S01004234,988,650,338
S01004235,854,508,346
S01004236,985,631,354
S01004237,682,461,221
S01004238,568,345,223
S01004239,856,585,271
S01004240,802,554,248
S01004241,536,338,198
S01004242,845,509,336
S01004243,699,402,297
S01004244,660,427,233
S01004245,938,631,307
S01004246,635,421,214
S01004247,845,463,382
S01004248,1036,670,366
S01004249,917,568,349
S01004250,1029,656,373
S01004251,907,665,242
S01004252,638,384,254
S01004253,579,335,244
S01004254,725,459,266
S01004255,2886,1364,1522
S01004256,1460,774,686
S01004257,621,365,256
S01004258,717,437,280
S01004259,771,446,325
S01004260,513,357,156
S01004261,786,442,344
S01004262,787,488,299
S01004263,764,404,360
S01004264,800,446,354
S01004265,909,502,407
S01004266,545,332,213
S01004267,508,337,171
S01004268,637,352,285
S01004269,838,496,342
S01004270,561,337,224
S01004271,643,406,237
S01004272,565,334,231
S01004273,576,369,207
S01004274,911,534,377
S01004275,584,324,260
S01004276,868,513,355
S01004277,713,425,288
S01004278,1207,716,491
S01004279,819,373,446
S01004280,925,535,390
S01004281,729,443,286
S01004282,880,435,445
S01004283,702,342,360
S01004284,902,447,455
S01004285,474,210,264
S01004286,578,344,234
S01004287,641,364,277
S01004288,665,391,274
S01004289,547,281,266
S01004290,1000,547,453
S01004291,807,495,312
S01004292,988,444,544
S01004293,931,618,313
S01004294,744,461,283
S01004295,855,556,299
S01004296,886,562,324
S01004297,648,383,265
S01004298,1332,893,439
S01004299,520,289,231
S01004300,574,340,234
S01004301,774,460,314
S01004302,674,463,211
S01004303,626,317,309
S01004304,798,408,390
S01004305,647,360,287
S01004306,597,350,247
S01004307,871,508,363
S01004308,965,500,465
S01004309,937,589,348
S01004310,718,432,286
S01004311,1153,561,592
S01004312,700,447,253
S01004313,1298,775,523
S01004314,787,447,340
S01004315,502,256,246
S01004316,536,261,275
S01004317,1149,707,442
S01004318,527,345,182
S01004319,889,483,406
S01004320,824,422,402
S01004321,777,379,398
S01004322,980,531,449
S01004323,657,366,291
S01004324,803,422,381
S01004325,1054,647,407
S01004326,843,577,266
S01004327,699,427,272
S01004328,607,338,269
S01004329,509,343,166
S01004330,1412,864,548
S01004331,579,376,203
S01004332,631,378,253
S01004333,578,330,248
S01004334,1363,802,561
S01004335,537,245,292
S01004336,1005,650,355
S01004337,748,427,321
S01004338,769,507,262
S01004339,955,653,302
S01004340,537,275,262
S01004341,558,286,272
S01004342,1335,799,536
S01004343,641,323,318
S01004344,746,446,300
S01004345,1160,675,485
S01004346,445,267,178
S01004347,898,581,317
S01004348,637,403,234
S01004349,752,497,255
S01004350,601,396,205
S01004351,532,337,195
S01004352,539,352,187
S01004353,872,558,314
S01004354,514,299,215
S01004355,571,374,197
S01004356,951,600,351
S01004357,820,602,218
S01004358,665,502,163
S01004359,546,386,160
S01004360,637,433,204
S01004361,820,560,260
S01004362,604,373,231
S01004363,980,608,372
S01004364,915,568,347
S01004365,703,360,343
S01004366,589,355,234
S01004367,781,434,347
S01004368,535,346,189
S01004369,697,388,309
S01004370,680,525,155
S01004371,727,395,332
S01004372,905,581,324
S01004373,670,396,274
S01004374,768,523,245
S01004375,624,361,263
S01004376,871,510,361
S01004377,709,456,253
S01004378,913,657,256
S01004379,903,574,329
S01004380,697,437,260
S01004381,781,460,321
S01004382,681,476,205
S01004383,796,557,239
S01004384,662,454,208
S01004385,740,493,247
S01004386,1003,763,240
S01004387,947,582,365
S01004388,700,374,326
S01004389,586,414,172
S01004390,782,445,337
S01004391,555,422,133
S01004392,844,518,326
S01004393,889,571,318
S01004394,799,486,313
S01004395,596,336,260
S01004396,758,467,291
S01004397,907,594,313
S01004398,806,496,310
S01004399,482,244,238
S01004400,548,349,199
S01004401,1079,693,386
S01004402,933,597,336
S01004403,516,334,182
S01004404,734,436,298
S01004405,757,502,255
S01004406,890,535,355
S01004407,656,444,212
S01004408,1402,874,528
S01004409,459,257,202
S01004410,989,597,392
S01004411,557,389,168
S01004412,1042,730,312
S01004413,717,498,219
S01004414,690,459,231
S01004415,680,389,291
S01004416,763,577,186
S01004417,807,482,325
S01004418,902,628,274
S01004419,821,632,189
S01004420,718,535,183
S01004421,881,545,336
S01004422,594,434,160
S01004423,775,562,213
S01004424,697,438,259
S01004425,576,443,133
S01004426,585,443,142
S01004427,728,501,227
S01004428,888,551,337
S01004429,809,524,285
S01004430,495,370,125
S01004431,666,424,242
S01004432,978,652,326
S01004433,908,666,242
S01004434,815,529,286
S01004435,842,584,258
S01004436,757,452,305
S01004437,901,562,339
S01004438,637,393,244
S01004439,688,438,250
S01004440,736,476,260
S01004441,1333,995,338
S01004442,848,545,303
S01004443,711,404,307
S01004444,900,578,322
S01004445,898,567,331
S01004446,807,504,303
S01004447,729,403,326
S01004448,546,367,179
S01004449,917,637,280
S01004450,863,586,277
S01004451,855,542,313
S01004452,651,469,182
S01004453,955,705,250
S01004454,1004,652,352
S01004455,826,626,200
S01004456,494,345,149
S01004457,871,597,274
S01004458,825,507,318
S01004459,556,363,193
S01004460,590,424,166
S01004461,577,392,185
S01004462,645,410,235
S01004463,739,561,178
S01004464,839,497,342
S01004465,723,550,173
S01004466,946,672,274
S01004467,916,560,356
S01004468,918,632,286
S01004469,642,354,288
S01004470,737,481,256
S01004471,2067,1385,682
S01004472,690,503,187
S01004473,1103,792,311
S01004474,1048,662,386
S01004475,494,359,135
S01004476,735,469,266
S01004477,1097,688,409
S01004478,590,394,196
S01004479,705,501,204
S01004480,944,625,319
S01004481,829,534,295
S01004482,856,610,246
S01004483,708,467,241
S01004484,1025,737,288
S01004485,542,344,198
S01004486,962,658,304
S01004487,1043,705,338
S01004488,678,482,196
S01004489,923,598,325
S01004490,669,489,180
S01004491,794,490,304
S01004492,921,563,358
S01004493,964,649,315
S01004494,883,546,337
S01004495,696,431,265
S01004496,651,423,228
S01004497,826,566,260
S01004498,702,457,245
S01004499,650,412,238
S01004500,718,516,202
S01004501,721,460,261
S01004502,730,481,249
S01004503,678,463,215
S01004504,694,431,263
S01004505,582,325,257
S01004506,522,300,222
S01004507,706,485,221
S01004508,698,534,164
S01004509,1030,699,331
S01004510,827,626,201
S01004511,964,724,240
S01004512,867,678,189
S01004513,522,409,113
S01004514,596,428,168
S01004515,747,486,261
S01004516,449,299,150
S01004517,737,502,235
S01004518,634,415,219
S01004519,951,598,353
S01004520,914,682,232
S01004521,754,571,183
S01004522,900,682,218
S01004523,733,569,164
S01004524,561,463,98
S01004525,935,689,246
S01004526,682,462,220
S01004527,617,414,203
S01004528,737,553,184
S01004529,852,659,193
S01004530,547,419,128
S01004531,1066,790,276
S01004532,852,556,296
S01004533,441,301,140
S01004534,645,441,204
S01004535,898,691,207
S01004536,680,513,167
S01004537,815,623,192
S01004538,752,570,182
S01004539,716,563,153
S01004540,1238,976,262
S01004541,840,650,190
S01004542,790,609,181
S01004543,811,628,183
S01004544,1844,1357,487
S01004545,737,571,166
S01004546,858,609,249
S01004547,844,611,233
S01004548,779,607,172
S01004549,2152,1556,596
S01004550,667,479,188
S01004551,1565,1163,402
S01004552,834,638,196
S01004553,534,424,110
S01004554,726,534,192
S01004555,647,508,139
S01004556,674,432,242
S01004557,430,320,110
S01004558,924,680,244
S01004559,954,806,148
S01004560,648,489,159
S01004561,957,707,250
S01004562,547,407,140
S01004563,793,648,145
S01004564,594,472,122
S01004565,902,744,158
S01004566,694,513,181
S01004567,475,361,114
S01004568,695,581,114
S01004569,734,522,212
S01004570,626,485,141
S01004571,635,491,144
S01004572,722,545,177
S01004573,596,445,151
S01004574,487,369,118
S01004575,670,499,171
S01004576,560,425,135
S01004577,617,476,141
S01004578,851,704,147
S01004579,605,478,127
S01004580,827,659,168
S01004581,1240,931,309
S01004582,580,457,123
S01004583,798,577,221
S01004584,679,492,187
S01004585,552,420,132
S01004586,1060,824,236
S01004587,1217,963,254
S01004588,628,472,156
S01004589,783,606,177
S01004590,839,572,267
S01004591,558,432,126
S01004592,637,492,145
S01004593,973,725,248
S01004594,491,320,171
S01004595,1030,809,221
S01004596,666,532,134
S01004597,531,450,81
S01004598,678,536,142
S01004599,959,684,275
S01004600,865,691,174
S01004601,895,699,196
S01004602,860,702,158
S01004603,796,599,197
S01004604,554,458,96
S01004605,965,712,253
S01004606,823,595,228
S01004607,560,423,137
S01004608,1562,1215,347
S01004609,569,437,132
S01004610,697,518,179
S01004611,1041,780,261
S01004612,1137,869,268
S01004613,1722,1324,398
S01004614,750,563,187
S01004615,1182,1029,153
S01004616,877,680,197
S01004617,669,481,188
S01004618,649,456,193
S01004619,514,390,124
S01004620,666,459,207
S01004621,900,741,159
S01004622,858,688,170
S01004623,1028,753,275
S01004624,1212,1040,172
S01004625,821,646,175
S01004626,2033,1531,502
S01004627,522,386,136
S01004628,544,376,168
S01004629,887,669,218
S01004630,897,719,178
S01004631,731,558,173
S01004632,954,683,271
S01004633,574,444,130
S01004634,1114,916,198
S01004635,774,547,227
S01004636,630,436,194
S01004637,565,432,133
S01004638,524,383,141
S01004639,661,490,171
S01004640,746,637,109
S01004641,610,459,151
S01004642,814,647,167
S01004643,494,385,109
S01004644,728,589,139
S01004645,951,619,332
S01004646,781,582,199
S01004647,1691,1268,423
S01004648,1122,791,331
S01004649,578,421,157
S01004650,802,623,179
S01004651,917,708,209
S01004652,962,707,255
S01004653,612,480,132
S01004654,1015,757,258
S01004655,967,698,269
S01004656,596,433,163
S01004657,734,531,203
S01004658,947,731,216
S01004659,503,419,84
S01004660,768,554,214
S01004661,741,535,206
S01004662,965,759,206
S01004663,512,385,127
S01004664,562,463,99
S01004665,673,507,166
S01004666,755,560,195
S01004667,698,515,183
S01004668,890,673,217
S01004669,885,672,213
S01004670,965,758,207
S01004671,806,611,195
S01004672,641,487,154
S01004673,909,579,330
S01004674,797,635,162
S01004675,821,684,137
S01004676,766,588,178
S01004677,873,653,220
S01004678,975,782,193
S01004679,473,353,120
S01004680,940,742,198
S01004681,780,624,156
S01004682,529,383,146
S01004683,674,509,165
S01004684,1470,1154,316
S01004685,501,363,138
S01004686,738,611,127
S01004687,1052,814,238
S01004688,655,506,149
S01004689,1018,833,185
S01004690,530,397,133
S01004691,714,568,146
S01004692,673,531,142
S01004693,704,581,123
S01004694,572,461,111
S01004695,747,588,159
S01004696,937,715,222
S01004697,801,627,174
S01004698,609,440,169
S01004699,810,591,219
S01004700,746,569,177
S01004701,865,702,163
S01004702,548,436,112
S01004703,892,725,167
S01004704,614,507,107
S01004705,941,743,198
S01004706,1629,1270,359
S01004707,929,746,183
S01004708,654,522,132
S01004709,703,520,183
S01004710,767,649,118
S01004711,917,733,184
S01004712,496,413,83
S01004713,728,594,134
S01004714,787,635,152
S01004715,1672,1311,361
S01004716,844,749,95
S01004717,952,805,147
S01004718,889,657,232
S01004719,966,830,136
S01004720,861,641,220
S01004721,569,454,115
S01004722,690,562,128
S01004723,655,523,132
S01004724,965,835,130
S01004725,638,487,151
S01004726,577,454,123
S01004727,791,681,110
S01004728,945,752,193
S01004729,620,523,97
S01004730,1409,1145,264
S01004731,847,721,126
S01004732,694,552,142
S01004733,726,615,111
S01004734,509,402,107
S01004735,958,873,85
S01004736,757,645,112
S01004737,750,621,129
S01004738,649,559,90
S01004739,664,570,94
S01004740,819,645,174
S01004741,597,450,147
S01004742,1328,1087,241
S01004743,878,711,167
S01004744,552,426,126
S01004745,897,776,121
S01004746,834,676,158
S01004747,696,611,85
S01004748,588,481,107
S01004749,1084,939,145
S01004750,641,515,126
S01004751,799,609,190
S01004752,827,628,199
S01004753,763,553,210
S01004754,637,503,134
S01004755,683,498,185
S01004756,577,445,132
S01004757,845,713,132
S01004758,872,739,133
S01004759,584,450,134
S01004760,720,536,184
S01004761,528,430,98
S01004762,622,469,153
S01004763,848,689,159
S01004764,736,558,178
S01004765,1333,1141,192
S01004766,1196,900,296
S01004767,674,515,159
S01004768,852,659,193
S01004769,548,445,103
S01004770,550,452,98
S01004771,830,708,122
S01004772,572,486,86
S01004773,754,540,214
S01004774,924,783,141
S01004775,785,606,179
S01004776,721,584,137
S01004777,733,565,168
S01004778,686,487,199
S01004779,823,704,119
S01004780,639,470,169
S01004781,926,734,192
S01004782,1180,881,299
S01004783,935,800,135
S01004784,672,534,138
S01004785,629,488,141
S01004786,483,410,73
S01004787,997,788,209
S01004788,690,547,143
S01004789,983,758,225
S01004790,719,577,142
S01004791,611,523,88
S01004792,596,479,117
S01004793,760,634,126
S01004794,708,586,122
S01004795,899,718,181
S01004796,738,579,159
S01004797,702,519,183
S01004798,846,642,204
S01004799,578,451,127
S01004800,661,522,139
S01004801,719,573,146
S01004802,856,669,187
S01004803,850,646,204
S01004804,853,658,195
S01004805,608,469,139
S01004806,626,478,148
S01004807,514,416,98
S01004808,705,547,158
S01004809,438,371,67
S01004810,575,458,117
S01004811,717,578,139
S01004812,816,576,240
S01004813,868,712,156
S01004814,808,683,125
S01004815,1728,1354,374
S01004816,792,639,153
S01004817,632,483,149
S01004818,808,614,194
S01004819,545,392,153
S01004820,1044,831,213
S01004821,1826,1462,364
S01004822,689,522,167
S01004823,911,777,134
S01004824,753,603,150
S01004825,597,471,126
S01004826,961,669,292
S01004827,619,521,98
S01004828,1158,915,243
S01004829,699,591,108
S01004830,729,594,135
S01004831,828,638,190
S01004832,1342,946,396
S01004833,710,492,218
S01004834,759,592,167
S01004835,820,637,183
S01004836,707,526,181
S01004837,930,691,239
S01004838,1819,1295,524
S01004839,864,670,194
S01004840,848,691,157
S01004841,812,693,119
S01004842,1491,1087,404
S01004843,650,440,210
S01004844,957,750,207
S01004845,764,576,188
S01004846,1021,717,304
S01004847,994,704,290
S01004848,713,537,176
S01004849,530,351,179
S01004850,1466,1094,372
S01004851,647,445,202
S01004852,683,484,199
S01004853,733,538,195
S01004854,1089,833,256
S01004855,633,418,215
S01004856,1538,1154,384
S01004857,838,617,221
S01004858,851,633,218
S01004859,917,662,255
S01004860,1366,989,377
S01004861,710,529,181
S01004862,634,458,176
S01004863,844,634,210
S01004864,529,425,104
S01004865,716,505,211
S01004866,866,602,264
S01004867,736,533,203
S01004868,710,522,188
S01004869,785,558,227
S01004870,851,647,204
S01004871,770,483,287
S01004872,815,563,252
S01004873,751,495,256
S01004874,1109,723,386
S01004875,727,456,271
S01004876,929,691,238
S01004877,705,502,203
S01004878,797,485,312
S01004879,657,409,248
S01004880,729,472,257
S01004881,758,496,262
S01004882,502,331,171
S01004883,2080,1442,638
S01004884,552,364,188
S01004885,539,330,209
S01004886,878,532,346
S01004887,403,277,126
S01004888,634,431,203
S01004889,793,559,234
S01004890,769,398,371
S01004891,992,600,392
S01004892,683,473,210
S01004893,711,513,198
S01004894,849,560,289
S01004895,876,571,305
S01004896,873,613,260
S01004897,575,410,165
S01004898,939,529,410
S01004899,764,470,294
S01004900,939,678,261
S01004901,753,435,318
S01004902,729,447,282
S01004903,584,389,195
S01004904,937,618,319
S01004905,990,610,380
S01004906,792,505,287
S01004907,793,568,225
S01004908,624,384,240
S01004909,777,443,334
S01004910,836,537,299
S01004911,904,618,286
S01004912,731,474,257
S01004913,641,591,50
S01004914,634,456,178
S01004915,680,401,279
S01004916,687,434,253
S01004917,596,408,188
S01004918,645,428,217
S01004919,720,410,310
S01004920,884,583,301
S01004921,656,412,244
S01004922,667,472,195
S01004923,941,593,348
S01004924,773,509,264
S01004925,568,418,150
S01004926,882,698,184
S01004927,860,570,290
S01004928,1613,1171,442
S01004929,627,422,205
S01004930,627,475,152
S01004931,1005,745,260
S01004932,774,590,184
S01004933,877,630,247
S01004934,735,554,181
S01004935,516,397,119
S01004936,888,700,188
S01004937,547,450,97
S01004938,731,536,195
S01004939,550,381,169
S01004940,519,389,130
S01004941,608,424,184
S01004942,918,666,252
S01004943,1100,831,269
S01004944,498,368,130
S01004945,685,515,170
S01004946,721,477,244
S01004947,760,479,281
S01004948,535,283,252
S01004949,719,421,298
S01004950,816,472,344
S01004951,752,446,306
S01004952,1100,700,400
S01004953,836,461,375
S01004954,703,365,338
S01004955,608,343,265
S01004956,768,519,249
S01004957,728,464,264
S01004958,1203,751,452
S01004959,712,363,349
S01004960,535,323,212
S01004961,654,325,329
S01004962,638,379,259
S01004963,623,390,233
S01004964,1091,695,396
S01004965,942,603,339
S01004966,1056,645,411
S01004967,669,393,276
S01004968,578,310,268
S01004969,919,583,336
S01004970,838,617,221
S01004971,1021,660,361
S01004972,824,519,305
S01004973,1016,629,387
S01004974,1188,776,412
S01004975,760,471,289
S01004976,950,608,342
S01004977,966,605,361
S01004978,1001,631,370
S01004979,819,543,276
S01004980,962,663,299
S01004981,988,621,367
S01004982,666,440,226
S01004983,963,576,387
S01004984,763,488,275
S01004985,813,524,289
S01004986,786,475,311
S01004987,497,309,188
S01004988,550,331,219
S01004989,695,478,217
S01004990,593,361,232
S01004991,659,433,226
S01004992,848,554,294
S01004993,691,496,195
S01004994,810,559,251
S01004995,1012,690,322
S01004996,708,450,258
S01004997,958,591,367
S01004998,1260,760,500
S01004999,898,572,326
S01005000,546,336,210
S01005001,1171,765,406
S01005002,1016,634,382
S01005003,1089,670,419
S01005004,881,532,349
S01005005,941,610,331
S01005006,680,404,276
S01005007,839,570,269
S01005008,1335,837,498
S01005009,1033,695,338
S01005010,696,463,233
S01005011,860,535,325
S01005012,874,545,329
S01005013,817,568,249
S01005014,875,505,370
S01005015,613,431,182
S01005016,887,550,337
S01005017,722,488,234
S01005018,594,372,222
S01005019,1260,631,629
S01005020,833,511,322
S01005021,1066,793,273
S01005022,708,402,306
S01005023,900,627,273
S01005024,929,590,339
S01005025,690,488,202
S01005026,676,461,215
S01005027,812,487,325
S01005028,901,566,335
S01005029,981,536,445
S01005030,1027,673,354
S01005031,682,419,263
S01005032,866,569,297
S01005033,735,494,241
S01005034,779,569,210
S01005035,983,635,348
S01005036,664,442,222
S01005037,1178,618,560
S01005038,819,584,235
S01005039,1064,740,324
S01005040,1166,657,509
S01005041,709,355,354
S01005042,798,566,232
S01005043,804,510,294
S01005044,929,505,424
S01005045,1032,717,315
S01005046,1313,765,548
S01005047,1516,896,620
S01005048,595,403,192
S01005049,823,534,289
S01005050,910,420,490
S01005051,823,520,303
S01005052,914,616,298
S01005053,878,360,518
S01005054,592,344,248
S01005055,811,472,339
S01005056,766,477,289
S01005057,739,366,373
S01005058,890,458,432
S01005059,510,298,212
S01005060,727,396,331
S01005061,1159,767,392
S01005062,490,339,151
S01005063,495,275,220
S01005064,754,451,303
S01005065,1252,711,541
S01005066,786,383,403
S01005067,627,409,218
S01005068,641,368,273
S01005069,594,299,295
S01005070,1124,775,349
S01005071,190,98,92
S01005072,622,336,286
S01005073,616,390,226
S01005074,1210,777,433
S01005075,435,160,275
S01005076,768,400,368
S01005077,1036,537,499
S01005078,692,377,315
S01005079,638,390,248
S01005080,454,234,220
S01005081,656,384,272
S01005082,657,382,275
S01005083,975,630,345
S01005084,613,337,276
S01005085,533,375,158
S01005086,1696,932,764
S01005087,492,342,150
S01005088,561,396,165
S01005089,776,563,213
S01005090,866,599,267
S01005091,637,463,174
S01005092,672,454,218
S01005093,704,400,304
S01005094,802,504,298
S01005095,1566,973,593
S01005096,734,448,286
S01005097,842,621,221
S01005098,722,470,252
S01005099,797,560,237
S01005100,928,593,335
S01005101,996,655,341
S01005102,893,590,303
S01005103,1155,768,387
S01005104,1002,699,303
S01005105,886,509,377
S01005106,557,375,182
S01005107,454,319,135
S01005108,635,422,213
S01005109,1470,930,540
S01005110,1115,757,358
S01005111,577,353,224
S01005112,876,589,287
S01005113,1045,617,428
S01005114,990,572,418
S01005115,973,635,338
S01005116,621,404,217
S01005117,1014,641,373
S01005118,813,523,290
S01005119,712,503,209
S01005120,665,484,181
S01005121,918,651,267
S01005122,866,556,310
S01005123,750,525,225
S01005124,710,453,257
S01005125,839,512,327
S01005126,656,446,210
S01005127,678,414,264
S01005128,991,631,360
S01005129,948,575,373
S01005130,666,381,285
S01005131,984,604,380
S01005132,718,477,241
S01005133,401,241,160
S01005134,989,658,331
S01005135,780,526,254
S01005136,846,525,321
S01005137,943,590,353
S01005138,1129,734,395
S01005139,725,383,342
S01005140,613,370,243
S01005141,828,533,295
S01005142,561,361,200
S01005143,1122,697,425
S01005144,1222,817,405
S01005145,731,488,243
S01005146,745,484,261
S01005147,945,596,349
S01005148,846,529,317
S01005149,593,368,225
S01005150,660,385,275
S01005151,670,418,252
S01005152,1712,1215,497
S01005153,868,588,280
S01005154,645,421,224
S01005155,690,469,221
S01005156,695,412,283
S01005157,871,546,325
S01005158,677,468,209
S01005159,917,675,242
S01005160,1089,700,389
S01005161,951,592,359
S01005162,918,550,368
S01005163,628,390,238
S01005164,914,639,275
S01005165,720,459,261
S01005166,996,627,369
S01005167,670,393,277
S01005168,740,491,249
S01005169,577,410,167
S01005170,786,536,250
S01005171,882,609,273
S01005172,1468,967,501
S01005173,696,475,221
S01005174,681,425,256
S01005175,982,648,334
S01005176,688,435,253
S01005177,829,505,324
S01005178,956,675,281
S01005179,925,556,369
S01005180,842,591,251
S01005181,924,651,273
S01005182,737,425,312
S01005183,903,611,292
S01005184,932,579,353
S01005185,517,376,141
S01005186,731,557,174
S01005187,990,698,292
S01005188,902,677,225
S01005189,877,593,284
S01005190,889,627,262
S01005191,926,577,349
S01005192,1126,732,394
S01005193,788,589,199
S01005194,591,407,184
S01005195,900,664,236
S01005196,809,459,350
S01005197,700,428,272
S01005198,846,615,231
S01005199,772,508,264
S01005200,537,350,187
S01005201,917,606,311
S01005202,870,579,291
S01005203,785,607,178
S01005204,506,363,143
S01005205,1101,773,328
S01005206,960,700,260
S01005207,892,643,249
S01005208,558,343,215
S01005209,866,627,239
S01005210,908,659,249
S01005211,686,465,221
S01005212,535,346,189
S01005213,923,645,278
S01005214,922,565,357
S01005215,974,676,298
S01005216,751,427,324
S01005217,977,659,318
S01005218,932,686,246
S01005219,953,626,327
S01005220,660,463,197
S01005221,692,513,179
S01005222,583,388,195
S01005223,722,487,235
S01005224,724,504,220
S01005225,978,652,326
S01005226,518,340,178
S01005227,1069,687,382
S01005228,891,640,251
S01005229,1122,712,410
S01005230,825,549,276
S01005231,715,480,235
S01005232,1068,712,356
S01005233,769,510,259
S01005234,1352,824,528
S01005235,705,456,249
S01005236,1175,818,357
S01005237,983,725,258
S01005238,800,583,217
S01005239,1106,666,440
S01005240,834,470,364
S01005241,952,740,212
S01005242,1107,721,386
S01005243,1057,679,378
S01005244,909,657,252
S01005245,686,410,276
S01005246,878,500,378
S01005247,624,339,285
S01005248,619,426,193
S01005249,850,489,361
S01005250,835,476,359
S01005251,852,492,360
S01005252,506,328,178
S01005253,547,358,189
S01005254,903,510,393
S01005255,710,457,253
S01005256,846,580,266
S01005257,904,643,261
S01005258,1014,719,295
S01005259,541,345,196
S01005260,629,454,175
S01005261,653,402,251
S01005262,1183,829,354
S01005263,534,324,210
S01005264,628,461,167
S01005265,479,276,203
S01005266,846,622,224
S01005267,1070,710,360
S01005268,1315,817,498
S01005269,940,634,306
S01005270,1046,771,275
S01005271,519,371,148
S01005272,538,327,211
S01005273,731,510,221
S01005274,745,471,274
S01005275,546,311,235
S01005276,722,503,219
S01005277,669,482,187
S01005278,789,592,197
S01005279,553,349,204
S01005280,753,443,310
S01005281,767,518,249
S01005282,756,424,332
S01005283,800,517,283
S01005284,606,374,232
S01005285,693,437,256
S01005286,801,535,266
S01005287,1089,696,393
S01005288,778,478,300
S01005289,989,662,327
S01005290,604,362,242
S01005291,684,470,214
S01005292,744,469,275
S01005293,760,505,255
S01005294,569,392,177
S01005295,586,389,197
S01005296,831,596,235
S01005297,710,585,125
S01005298,1082,767,315
S01005299,503,386,117
S01005300,911,655,256
S01005301,868,675,193
S01005302,1000,643,357
S01005303,842,581,261
S01005304,662,501,161
S01005305,744,495,249
S01005306,956,670,286
S01005307,953,693,260
S01005308,532,334,198
S01005309,851,592,259
S01005310,975,660,315
S01005311,818,644,174
S01005312,1147,753,394
S01005313,841,622,219
S01005314,457,357,100
S01005315,881,532,349
S01005316,848,611,237
S01005317,519,429,90
S01005318,573,400,173
S01005319,617,468,149
S01005320,610,443,167
S01005321,607,449,158
S01005322,1859,1267,592
S01005323,757,546,211
S01005324,788,528,260
S01005325,2209,1465,744
S01005326,921,499,422
S01005327,604,378,226
S01005328,704,422,282
S01005329,658,441,217
S01005330,706,467,239
S01005331,669,436,233
S01005332,565,423,142
S01005333,772,600,172
S01005334,1137,790,347
S01005335,505,373,132
S01005336,598,406,192
S01005337,872,640,232
S01005338,562,443,119
S01005339,770,496,274
S01005340,573,385,188
S01005341,647,436,211
S01005342,730,520,210
S01005343,932,650,282
S01005344,726,485,241
S01005345,747,485,262
S01005346,789,553,236
S01005347,675,481,194
S01005348,933,593,340
S01005349,846,596,250
S01005350,709,493,216
S01005351,1349,973,376
S01005352,926,593,333
S01005353,1057,682,375
S01005354,843,604,239
S01005355,737,494,243
S01005356,681,496,185
S01005357,790,570,220
S01005358,782,520,262
S01005359,808,566,242
S01005360,762,560,202
S01005361,932,660,272
S01005362,768,532,236
S01005363,666,403,263
S01005364,911,613,298
S01005365,888,601,287
S01005366,708,493,215
S01005367,751,465,286
S01005368,675,382,293
S01005369,974,580,394
S01005370,850,533,317
S01005371,947,625,322
S01005372,864,521,343
S01005373,724,457,267
S01005374,870,500,370
S01005375,937,636,301
S01005376,992,611,381
S01005377,863,475,388
S01005378,808,401,407
S01005379,920,538,382
S01005380,671,360,311
S01005381,641,319,322
S01005382,834,374,460
S01005383,570,332,238
S01005384,920,658,262
S01005385,962,671,291
S01005386,653,445,208
S01005387,899,577,322
S01005388,775,466,309
S01005389,750,481,269
S01005390,850,500,350
S01005391,756,531,225
S01005392,831,606,225
S01005393,929,653,276
S01005394,863,541,322
S01005395,978,658,320
S01005396,744,442,302
S01005397,546,383,163
S01005398,969,647,322
S01005399,983,603,380
S01005400,1078,564,514
S01005401,847,523,324
S01005402,1015,542,473
S01005403,892,440,452
S01005404,985,605,380
S01005405,564,393,171
S01005406,546,362,184
S01005407,1435,917,518
S01005408,579,330,249
S01005409,700,447,253
S01005410,1016,685,331
S01005411,968,688,280
S01005412,999,689,310
S01005413,909,563,346
S01005414,1039,741,298
S01005415,990,713,277
S01005416,978,648,330
S01005417,1231,706,525
S01005418,1127,747,380
S01005419,718,504,214
S01005420,768,609,159
S01005421,870,464,406
S01005422,946,638,308
S01005423,989,679,310
S01005424,874,533,341
S01005425,980,537,443
S01005426,769,394,375
S01005427,779,465,314
S01005428,1049,606,443
S01005429,719,408,311
S01005430,537,377,160
S01005431,667,362,305
S01005432,704,368,336
S01005433,850,426,424
S01005434,807,401,406
S01005435,1060,653,407
S01005436,953,561,392
S01005437,916,506,410
S01005438,788,441,347
S01005439,700,385,315
S01005440,1266,795,471
S01005441,1054,550,504
S01005442,1983,1136,847
S01005443,1183,705,478
S01005444,1322,818,504
S01005445,1002,681,321
S01005446,777,494,283
S01005447,932,566,366
S01005448,876,504,372
S01005449,984,642,342
S01005450,1144,720,424
S01005451,937,552,385
S01005452,899,575,324
S01005453,802,558,244
S01005454,924,553,371
S01005455,874,544,330
S01005456,858,521,337
S01005457,959,533,426
S01005458,716,389,327
S01005459,934,610,324
S01005460,868,520,348
S01005461,773,504,269
S01005462,1073,741,332
S01005463,622,347,275
S01005464,653,420,233
S01005465,610,368,242
S01005466,1119,688,431
S01005467,509,354,155
S01005468,925,571,354
S01005469,889,597,292
S01005470,734,468,266
S01005471,813,487,326
S01005472,1451,846,605
S01005473,993,664,329
S01005474,889,660,229
S01005475,950,595,355
S01005476,961,545,416
S01005477,863,571,292
S01005478,760,470,290
S01005479,599,370,229
S01005480,1273,875,398
S01005481,687,458,229
S01005482,663,455,208
S01005483,939,600,339
S01005484,535,374,161
S01005485,851,500,351
S01005486,874,559,315
S01005487,733,474,259
S01005488,792,456,336
S01005489,962,603,359
S01005490,664,436,228
S01005491,836,524,312
S01005492,936,537,399
S01005493,704,368,336
S01005494,882,460,422
S01005495,769,457,312
S01005496,1025,586,439
S01005497,915,484,431
S01005498,984,484,500
S01005499,671,335,336
S01005500,720,366,354
S01005501,1043,522,521
S01005502,845,496,349
S01005503,618,365,253
S01005504,647,333,314
S01005505,621,318,303
S01005506,877,468,409
S01005507,587,259,328
S01005508,697,349,348
S01005509,659,320,339
S01005510,726,361,365
S01005511,652,382,270
S01005512,700,388,312
S01005513,813,482,331
S01005514,624,325,299
S01005515,576,387,189
S01005516,559,413,146
S01005517,957,467,490
S01005518,1055,581,474
S01005519,646,375,271
S01005520,966,534,432
S01005521,693,438,255
S01005522,636,469,167
S01005523,788,547,241
S01005524,815,546,269
S01005525,662,447,215
S01005526,674,371,303
S01005527,493,287,206
S01005528,558,396,162
S01005529,950,624,326
S01005530,626,415,211
S01005531,551,374,177
S01005532,839,614,225
S01005533,713,509,204
S01005534,585,417,168
S01005535,851,564,287
S01005536,890,604,286
S01005537,727,487,240
S01005538,815,609,206
S01005539,869,565,304
S01005540,748,440,308
S01005541,637,387,250
S01005542,733,485,248
S01005543,795,465,330
S01005544,709,403,306
S01005545,1224,799,425
S01005546,746,492,254
S01005547,1000,678,322
S01005548,1365,973,392
S01005549,1498,976,522
S01005550,612,466,146
S01005551,840,655,185
S01005552,785,605,180
S01005553,813,591,222
S01005554,662,532,130
S01005555,858,638,220
S01005556,589,429,160
S01005557,701,416,285
S01005558,719,559,160
S01005559,625,334,291
S01005560,578,332,246
S01005561,860,612,248
S01005562,916,700,216
S01005563,757,450,307
S01005564,835,606,229
S01005565,546,409,137
S01005566,501,331,170
S01005567,962,613,349
S01005568,545,353,192
S01005569,735,472,263
S01005570,757,509,248
S01005571,688,496,192
S01005572,799,574,225
S01005573,699,408,291
S01005574,840,551,289
S01005575,674,453,221
S01005576,782,494,288
S01005577,869,621,248
S01005578,941,581,360
S01005579,981,692,289
S01005580,655,519,136
S01005581,714,496,218
S01005582,820,558,262
S01005583,630,433,197
S01005584,554,419,135
S01005585,881,537,344
S01005586,816,565,251
S01005587,1055,681,374
S01005588,654,470,184
S01005589,1318,758,560
S01005590,772,412,360
S01005591,918,561,357
S01005592,440,210,230
S01005593,765,457,308
S01005594,978,581,397
S01005595,857,447,410
S01005596,487,318,169
S01005597,1019,596,423
S01005598,1052,556,496
S01005599,636,361,275
S01005600,832,395,437
S01005601,687,501,186
S01005602,637,358,279
S01005603,775,468,307
S01005604,468,264,204
S01005605,903,610,293
S01005606,612,416,196
S01005607,628,421,207
S01005608,877,567,310
S01005609,860,515,345
S01005610,541,378,163
S01005611,711,383,328
S01005612,810,509,301
S01005613,762,467,295
S01005614,750,485,265
S01005615,946,566,380
S01005616,668,492,176
S01005617,782,534,248
S01005618,612,405,207
S01005619,550,358,192
S01005620,493,351,142
S01005621,677,414,263
S01005622,874,677,197
S01005623,734,499,235
S01005624,860,609,251
S01005625,865,624,241
S01005626,823,528,295
S01005627,625,458,167
S01005628,1128,712,416
S01005629,775,553,222
S01005630,516,345,171
S01005631,701,496,205
S01005632,515,332,183
S01005633,757,503,254
S01005634,714,488,226
S01005635,826,590,236
S01005636,787,557,230
S01005637,1064,752,312
S01005638,927,661,266
S01005639,717,496,221
S01005640,694,466,228
S01005641,1066,734,332
S01005642,806,616,190
S01005643,617,449,168
S01005644,630,470,160
S01005645,824,610,214
S01005646,716,449,267
S01005647,779,539,240
S01005648,943,625,318
S01005649,1032,649,383
S01005650,545,287,258
S01005651,747,464,283
S01005652,686,468,218
S01005653,824,525,299
S01005654,757,536,221
S01005655,1058,757,301
S01005656,767,486,281
S01005657,562,403,159
S01005658,815,575,240
S01005659,905,647,258
S01005660,577,351,226
S01005661,611,399,212
S01005662,545,411,134
S01005663,636,450,186
S01005664,541,391,150
S01005665,458,330,128
S01005666,1329,839,490
S01005667,746,510,236
S01005668,807,483,324
S01005669,509,333,176
S01005670,756,420,336
S01005671,520,365,155
S01005672,848,484,364
S01005673,657,437,220
S01005674,872,607,265
S01005675,944,569,375
S01005676,844,579,265
S01005677,838,543,295
S01005678,886,593,293
S01005679,1105,812,293
S01005680,830,583,247
S01005681,994,712,282
S01005682,774,530,244
S01005683,804,448,356
S01005684,1178,699,479
S01005685,861,646,215
S01005686,826,557,269
S01005687,726,516,210
S01005688,972,652,320
S01005689,509,385,124
S01005690,770,495,275
S01005691,679,440,239
S01005692,718,448,270
S01005693,1670,1178,492
S01005694,554,313,241
S01005695,526,347,179
S01005696,674,488,186
S01005697,649,433,216
S01005698,587,406,181
S01005699,823,573,250
S01005700,573,372,201
S01005701,760,402,358
S01005702,685,429,256
S01005703,580,425,155
S01005704,649,461,188
S01005705,923,615,308
S01005706,746,526,220
S01005707,546,391,155
S01005708,715,469,246
S01005709,779,488,291
S01005710,465,322,143
S01005711,949,623,326
S01005712,524,354,170
S01005713,578,429,149
S01005714,1262,858,404
S01005715,732,488,244
S01005716,538,423,115
S01005717,478,354,124
S01005718,791,504,287
S01005719,487,331,156
S01005720,766,556,210
S01005721,747,467,280
S01005722,532,381,151
S01005723,754,494,260
S01005724,609,421,188
S01005725,739,487,252
S01005726,1085,722,363
S01005727,1346,849,497
S01005728,835,546,289
S01005729,583,411,172
S01005730,689,469,220
S01005731,791,580,211
S01005732,833,532,301
S01005733,772,532,240
S01005734,674,519,155
S01005735,727,497,230
S01005736,766,552,214
S01005737,749,422,327
S01005738,885,596,289
S01005739,941,604,337
S01005740,753,443,310
S01005741,1045,732,313
S01005742,964,680,284
S01005743,1191,822,369
S01005744,931,645,286
S01005745,1132,856,276
S01005746,834,635,199
S01005747,804,529,275
S01005748,663,452,211
S01005749,748,516,232
S01005750,756,517,239
S01005751,737,528,209
S01005752,641,442,199
S01005753,668,453,215
S01005754,1032,717,315
S01005755,717,454,263
S01005756,834,560,274
S01005757,582,373,209
S01005758,801,557,244
S01005759,766,525,241
S01005760,610,443,167
S01005761,669,482,187
S01005762,650,460,190
S01005763,2510,1747,763
S01005764,580,396,184
S01005765,949,580,369
S01005766,660,489,171
S01005767,692,521,171
S01005768,844,591,253
S01005769,761,492,269
S01005770,588,429,159
S01005771,722,527,195
S01005772,696,534,162
S01005773,889,677,212
S01005774,664,465,199
S01005775,732,501,231
S01005776,691,516,175
S01005777,515,363,152
S01005778,650,468,182
S01005779,767,532,235
S01005780,1456,941,515
S01005781,946,674,272
S01005782,821,565,256
S01005783,529,363,166
S01005784,742,462,280
S01005785,731,527,204
S01005786,579,347,232
S01005787,754,511,243
S01005788,542,404,138
S01005789,795,487,308
S01005790,493,320,173
S01005791,470,345,125
S01005792,833,462,371
S01005793,502,331,171
S01005794,938,708,230
S01005795,660,422,238
S01005796,1132,758,374
S01005797,1066,713,353
S01005798,618,378,240
S01005799,688,417,271
S01005800,616,427,189
S01005801,651,397,254
S01005802,862,617,245
S01005803,797,505,292
S01005804,3934,2619,1315
S01005805,606,437,169
S01005806,788,530,258
S01005807,808,429,379
S01005808,719,401,318
S01005809,669,433,236
S01005810,487,314,173
S01005811,522,335,187
S01005812,572,354,218
S01005813,790,480,310
S01005814,772,519,253
S01005815,1022,675,347
S01005816,1055,674,381
S01005817,521,375,146
S01005818,780,582,198
S01005819,687,514,173
S01005820,668,381,287
S01005821,479,299,180
S01005822,820,490,330
S01005823,602,385,217
S01005824,681,462,219
S01005825,642,411,231
S01005826,898,703,195
S01005827,685,430,255
S01005828,748,471,277
S01005829,745,531,214
S01005830,840,584,256
S01005831,1139,842,297
S01005832,723,544,179
S01005833,640,497,143
S01005834,602,382,220
S01005835,667,456,211
S01005836,649,464,185
S01005837,485,298,187
S01005838,688,433,255
S01005839,783,514,269
S01005840,836,525,311
S01005841,628,431,197
S01005842,506,372,134
S01005843,637,382,255
S01005844,706,461,245
S01005845,482,347,135
S01005846,871,529,342
S01005847,786,538,248
S01005848,556,403,153
S01005849,838,641,197
S01005850,777,488,289
S01005851,689,409,280
S01005852,500,312,188
S01005853,994,678,316
S01005854,797,590,207
S01005855,821,593,228
S01005856,733,478,255
S01005857,701,511,190
S01005858,678,474,204
S01005859,697,448,249
S01005860,746,452,294
S01005861,865,574,291
S01005862,772,467,305
S01005863,1574,1093,481
S01005864,883,549,334
S01005865,792,532,260
S01005866,810,552,258
S01005867,959,654,305
S01005868,717,483,234
S01005869,708,518,190
S01005870,708,459,249
S01005871,658,428,230
S01005872,749,520,229
S01005873,962,646,316
S01005874,814,538,276
S01005875,800,599,201
S01005876,857,675,182
S01005877,887,555,332
S01005878,555,407,148
S01005879,644,516,128
S01005880,742,600,142
S01005881,788,458,330
S01005882,1554,1150,404
S01005883,455,325,130
S01005884,727,559,168
S01005885,581,446,135
S01005886,689,513,176
S01005887,490,320,170
S01005888,612,446,166
S01005889,863,605,258
S01005890,675,451,224
S01005891,615,438,177
S01005892,688,530,158
S01005893,705,446,259
S01005894,726,521,205
S01005895,571,413,158
S01005896,704,552,152
S01005897,728,494,234
S01005898,692,412,280
S01005899,696,529,167
S01005900,598,466,132
S01005901,751,487,264
S01005902,842,687,155
S01005903,967,628,339
S01005904,1012,649,363
S01005905,772,533,239
S01005906,831,600,231
S01005907,728,531,197
S01005908,881,631,250
S01005909,512,388,124
S01005910,691,502,189
S01005911,1349,1010,339
S01005912,803,518,285
S01005913,829,568,261
S01005914,945,717,228
S01005915,673,437,236
S01005916,749,540,209
S01005917,876,591,285
S01005918,882,582,300
S01005919,525,366,159
S01005920,858,566,292
S01005921,655,490,165
S01005922,900,602,298
S01005923,689,458,231
S01005924,651,482,169
S01005925,698,530,168
S01005926,989,713,276
S01005927,720,548,172
S01005928,788,530,258
S01005929,764,446,318
S01005930,1060,732,328
S01005931,748,463,285
S01005932,614,434,180
S01005933,861,598,263
S01005934,699,461,238
S01005935,610,390,220
S01005936,817,600,217
S01005937,609,453,156
S01005938,745,515,230
S01005939,698,471,227
S01005940,778,564,214
S01005941,453,350,103
S01005942,879,596,283
S01005943,811,486,325
S01005944,957,747,210
S01005945,816,490,326
S01005946,859,601,258
S01005947,733,522,211
S01005948,832,580,252
S01005949,622,389,233
S01005950,529,345,184
S01005951,1242,795,447
S01005952,1163,796,367
S01005953,1255,909,346
S01005954,496,348,148
S01005955,700,493,207
S01005956,738,534,204
S01005957,1052,717,335
S01005958,538,362,176
S01005959,524,386,138
S01005960,496,396,100
S01005961,1190,781,409
S01005962,461,337,124
S01005963,608,449,159
S01005964,722,481,241
S01005965,948,610,338
S01005966,1383,887,496
S01005967,1008,681,327
S01005968,1209,838,371
S01005969,708,566,142
S01005970,754,556,198
S01005971,402,342,60
S01005972,705,545,160
S01005973,839,647,192
S01005974,764,562,202
S01005975,685,512,173
S01005976,778,606,172
S01005977,720,572,148
S01005978,720,569,151
S01005979,853,659,194
S01005980,568,434,134
S01005981,875,677,198
S01005982,717,455,262
S01005983,831,675,156
S01005984,894,718,176
S01005985,764,561,203
S01005986,1038,838,200
S01005987,548,392,156
S01005988,546,387,159
S01005989,675,534,141
S01005990,1408,900,508
S01005991,690,497,193
S01005992,561,389,172
S01005993,666,472,194
S01005994,912,686,226
S01005995,634,456,178
S01005996,836,617,219
S01005997,603,425,178
S01005998,660,372,288
S01005999,1375,987,388
S01006000,746,547,199
S01006001,734,545,189
S01006002,531,398,133
S01006003,630,481,149
S01006004,1458,1031,427
S01006005,544,378,166
S01006006,766,600,166
S01006007,446,284,162
S01006008,714,483,231
S01006009,475,338,137
S01006010,979,714,265
S01006011,778,519,259
S01006012,755,554,201
S01006013,587,451,136
S01006014,675,457,218
S01006015,734,556,178
S01006016,927,685,242
S01006017,1269,949,320
S01006018,908,672,236
S01006019,1334,905,429
S01006020,826,614,212
S01006021,1059,835,224
S01006022,573,386,187
S01006023,697,501,196
S01006024,801,589,212
S01006025,879,695,184
S01006026,726,559,167
S01006027,729,515,214
S01006028,618,436,182
S01006029,685,475,210
S01006030,892,669,223
S01006031,1456,932,524
S01006032,898,693,205
S01006033,1159,764,395
S01006034,1784,1203,581
S01006035,915,709,206
S01006036,2362,1730,632
S01006037,815,644,171
S01006038,864,658,206
S01006039,770,599,171
S01006040,865,561,304
S01006041,926,679,247
S01006042,803,621,182
S01006043,547,437,110
S01006044,1067,858,209
S01006045,666,508,158
S01006046,726,513,213
S01006047,710,524,186
S01006048,696,501,195
S01006049,779,588,191
S01006050,749,526,223
S01006051,801,601,200
S01006052,797,524,273
S01006053,772,576,196
S01006054,791,522,269
S01006055,642,421,221
S01006056,884,703,181
S01006057,494,347,147
S01006058,720,557,163
S01006059,859,677,182
S01006060,667,496,171
S01006061,484,331,153
S01006062,681,496,185
S01006063,546,369,177
S01006064,696,507,189
S01006065,775,511,264
S01006066,1014,706,308
S01006067,933,610,323
S01006068,582,346,236
S01006069,827,539,288
S01006070,673,430,243
S01006071,926,554,372
S01006072,625,390,235
S01006073,447,311,136
S01006074,700,414,286
S01006075,1013,647,366
S01006076,1012,622,390
S01006077,1217,785,432
S01006078,1442,884,558
S01006079,710,456,254
S01006080,1007,611,396
S01006081,715,502,213
S01006082,895,593,302
S01006083,1038,718,320
S01006084,880,592,288
S01006085,754,500,254
S01006086,923,586,337
S01006087,738,525,213
S01006088,757,559,198
S01006089,712,475,237
S01006090,825,485,340
S01006091,897,586,311
S01006092,564,381,183
S01006093,760,524,236
S01006094,838,548,290
S01006095,896,621,275
S01006096,602,375,227
S01006097,963,603,360
S01006098,669,470,199
S01006099,561,347,214
S01006100,431,203,228
S01006101,614,448,166
S01006102,833,515,318
S01006103,628,401,227
S01006104,726,458,268
S01006105,905,550,355
S01006106,835,501,334
S01006107,662,359,303
S01006108,872,553,319
S01006109,871,582,289
S01006110,767,403,364
S01006111,972,659,313
S01006112,680,450,230
S01006113,899,612,287
S01006114,702,431,271
S01006115,776,565,211
S01006116,841,579,262
S01006117,846,557,289
S01006118,629,389,240
S01006119,1147,714,433
S01006120,1123,634,489
S01006121,548,298,250
S01006122,1016,666,350
S01006123,765,347,418
S01006124,705,335,370
S01006125,934,507,427
S01006126,877,425,452
S01006127,749,367,382
S01006128,895,380,515
S01006129,732,475,257
S01006130,440,269,171
S01006131,953,596,357
S01006132,790,485,305
S01006133,620,380,240
S01006134,496,295,201
S01006135,532,335,197
S01006136,1133,607,526
S01006137,988,466,522
S01006138,616,424,192
S01006139,413,225,188
S01006140,809,527,282
S01006141,1996,1068,928
S01006142,620,443,177
S01006143,658,403,255
S01006144,971,657,314
S01006145,1065,645,420
S01006146,828,509,319
S01006147,772,479,293
S01006148,800,512,288
S01006149,1090,732,358
S01006150,1012,592,420
S01006151,1999,929,1070
S01006152,712,474,238
S01006153,584,405,179
S01006154,842,526,316
S01006155,784,512,272
S01006156,598,399,199
S01006157,747,450,297
S01006158,880,563,317
S01006159,821,517,304
S01006160,808,565,243
S01006161,753,488,265
S01006162,628,438,190
S01006163,741,477,264
S01006164,596,338,258
S01006165,901,579,322
S01006166,864,572,292
S01006167,1687,1055,632
S01006168,1044,621,423
S01006169,710,436,274
S01006170,896,589,307
S01006171,869,585,284
S01006172,471,330,141
S01006173,622,342,280
S01006174,611,402,209
S01006175,753,470,283
S01006176,643,432,211
S01006177,598,416,182
S01006178,798,637,161
S01006179,719,569,150
S01006180,774,524,250
S01006181,743,513,230
S01006182,624,421,203
S01006183,853,587,266
S01006184,745,534,211
S01006185,928,690,238
S01006186,1173,840,333
S01006187,771,516,255
S01006188,653,434,219
S01006189,704,428,276
S01006190,840,589,251
S01006191,587,396,191
S01006192,710,428,282
S01006193,894,670,224
S01006194,878,655,223
S01006195,863,626,237
S01006196,853,609,244
S01006197,816,596,220
S01006198,642,421,221
S01006199,647,472,175
S01006200,911,706,205
S01006201,922,653,269
S01006202,655,465,190
S01006203,597,441,156
S01006204,894,672,222
S01006205,671,535,136
S01006206,749,591,158
S01006207,853,647,206
S01006208,704,502,202
S01006209,683,495,188
S01006210,757,552,205
S01006211,528,318,210
S01006212,793,597,196
S01006213,1064,796,268
S01006214,824,589,235
S01006215,759,561,198
S01006216,679,520,159
S01006217,979,673,306
S01006218,569,441,128
S01006219,893,674,219
S01006220,867,645,222
S01006221,815,662,153
S01006222,1021,753,268
S01006223,701,569,132
S01006224,617,451,166
S01006225,890,589,301
S01006226,702,582,120
S01006227,910,658,252
S01006228,728,582,146
S01006229,908,552,356
S01006230,983,631,352
S01006231,865,528,337
S01006232,1055,797,258
S01006233,719,485,234
S01006234,649,465,184
S01006235,718,572,146
S01006236,568,384,184
S01006237,907,737,170
S01006238,952,770,182
S01006239,434,340,94
S01006240,741,596,145
S01006241,991,727,264
S01006242,743,608,135
S01006243,600,448,152
S01006244,805,630,175
S01006245,574,463,111
S01006246,727,574,153
S01006247,789,563,226
S01006248,834,665,169
S01006249,680,525,155
S01006250,717,529,188
S01006251,577,449,128
S01006252,618,526,92
S01006253,629,448,181
S01006254,793,576,217
S01006255,885,663,222
S01006256,627,497,130
S01006257,749,595,154
S01006258,825,591,234
S01006259,673,483,190
S01006260,572,384,188
S01006261,810,570,240
S01006262,823,590,233
S01006263,787,560,227
S01006264,917,692,225
S01006265,762,536,226
S01006266,919,638,281
S01006267,588,378,210
S01006268,676,513,163
S01006269,609,335,274
S01006270,859,649,210
S01006271,696,480,216
S01006272,819,619,200
S01006273,527,349,178
S01006274,536,386,150
S01006275,809,530,279
S01006276,814,576,238
S01006277,657,480,177
S01006278,1054,748,306
S01006279,1326,924,402
S01006280,703,499,204
S01006281,772,522,250
S01006282,654,509,145
S01006283,691,513,178
S01006284,732,517,215
S01006285,819,611,208
S01006286,1085,764,321
S01006287,579,427,152
S01006288,767,539,228
S01006289,822,600,222
S01006290,885,581,304
S01006291,534,348,186
S01006292,810,612,198
S01006293,821,609,212
S01006294,603,466,137
S01006295,881,536,345
S01006296,922,599,323
S01006297,735,498,237
S01006298,1009,747,262
S01006299,752,537,215
S01006300,791,534,257
S01006301,629,446,183
S01006302,927,613,314
S01006303,680,413,267
S01006304,845,489,356
S01006305,708,486,222
S01006306,788,504,284
S01006307,897,606,291
S01006308,633,392,241
S01006309,1092,663,429
S01006310,820,501,319
S01006311,747,428,319
S01006312,1195,818,377
S01006313,1275,888,387
S01006314,653,427,226
S01006315,836,475,361
S01006316,826,534,292
S01006317,979,582,397
S01006318,769,401,368
S01006319,925,579,346
S01006320,1008,578,430
S01006321,829,465,364
S01006322,786,430,356
S01006323,1017,630,387
S01006324,693,457,236
S01006325,661,443,218
S01006326,959,506,453
S01006327,574,395,179
S01006328,615,329,286
S01006329,1105,638,467
S01006330,706,432,274
S01006331,731,454,277
S01006332,594,396,198
S01006333,911,550,361
S01006334,772,478,294
S01006335,849,503,346
S01006336,1269,784,485
S01006337,1395,875,520
S01006338,793,461,332
S01006339,945,685,260
S01006340,701,442,259
S01006341,727,435,292
S01006342,687,490,197
S01006343,1226,717,509
S01006344,702,385,317
S01006345,686,444,242
S01006346,653,422,231
S01006347,611,313,298
S01006348,585,351,234
S01006349,494,339,155
S01006350,666,419,247
S01006351,1268,775,493
S01006352,703,334,369
S01006353,557,379,178
S01006354,963,558,405
S01006355,740,388,352
S01006356,651,365,286
S01006357,733,456,277
S01006358,685,314,371
S01006359,1097,668,429
S01006360,656,368,288
S01006361,1070,607,463
S01006362,746,432,314
S01006363,667,378,289
S01006364,4216,2414,1802
S01006365,867,535,332
S01006366,714,432,282
S01006367,729,422,307
S01006368,784,447,337
S01006369,1655,960,695
S01006370,1084,533,551
S01006371,612,357,255
S01006372,712,407,305
S01006373,886,509,377
S01006374,648,364,284
S01006375,593,321,272
S01006376,1041,584,457
S01006377,576,295,281
S01006378,526,318,208
S01006379,688,406,282
S01006380,637,378,259
S01006381,501,273,228
S01006382,687,378,309
S01006383,603,330,273
S01006384,726,408,318
S01006385,996,574,422
S01006386,991,550,441
S01006387,858,530,328
S01006388,1043,566,477
S01006389,680,420,260
S01006390,692,372,320
S01006391,1166,689,477
S01006392,970,641,329
S01006393,1417,653,764
S01006394,731,347,384
S01006395,1139,636,503
S01006396,604,331,273
S01006397,961,607,354
S01006398,843,527,316
S01006399,724,474,250
S01006400,1369,891,478
S01006401,1087,509,578
S01006402,672,301,371
S01006403,748,471,277
S01006404,862,500,362
S01006405,1016,647,369
S01006406,386,213,173
S01006407,650,398,252
S01006408,1047,532,515
S01006409,1445,803,642
S01006410,679,441,238
S01006411,1058,540,518
S01006412,660,306,354
S01006413,513,281,232
S01006414,485,317,168
S01006415,820,503,317
S01006416,878,592,286
S01006417,760,416,344
S01006418,612,366,246
S01006419,534,321,213
S01006420,877,438,439
S01006421,776,547,229
S01006422,658,391,267
S01006423,647,358,289
S01006424,612,383,229
S01006425,1390,860,530
S01006426,1215,690,525
S01006427,759,527,232
S01006428,747,389,358
S01006429,687,351,336
S01006430,669,447,222
S01006431,494,335,159
S01006432,673,368,305
S01006433,625,348,277
S01006434,757,478,279
S01006435,429,298,131
S01006436,779,398,381
S01006437,897,511,386
S01006438,649,403,246
S01006439,821,527,294
S01006440,830,537,293
S01006441,669,324,345
S01006442,752,442,310
S01006443,459,334,125
S01006444,586,305,281
S01006445,775,408,367
S01006446,869,508,361
S01006447,576,399,177
S01006448,897,566,331
S01006449,459,274,185
S01006450,662,292,370
S01006451,1108,532,576
S01006452,556,372,184
S01006453,944,534,410
S01006454,613,382,231
S01006455,560,286,274
S01006456,1888,1169,719
S01006457,1094,733,361
S01006458,849,545,304
S01006459,763,454,309
S01006460,490,311,179
S01006461,1776,1064,712
S01006462,764,495,269
S01006463,673,359,314
S01006464,669,491,178
S01006465,1479,927,552
S01006466,744,499,245
S01006467,816,519,297
S01006468,1252,763,489
S01006469,626,413,213
S01006470,837,503,334
S01006471,899,457,442
S01006472,605,349,256
S01006473,746,472,274
S01006474,745,439,306
S01006475,849,484,365
S01006476,860,466,394
S01006477,786,540,246
S01006478,1098,574,524
S01006479,766,529,237
S01006480,830,491,339
S01006481,972,483,489
S01006482,711,408,303
S01006483,909,571,338
S01006484,772,449,323
S01006485,687,435,252
S01006486,786,492,294
S01006487,772,402,370
S01006488,657,422,235
S01006489,884,576,308
S01006490,709,466,243
S01006491,752,486,266
S01006492,645,387,258
S01006493,575,324,251
S01006494,659,438,221
S01006495,785,478,307
S01006496,928,532,396
S01006497,560,337,223
S01006498,1236,849,387
S01006499,910,617,293
S01006500,713,459,254
S01006501,871,549,322
S01006502,588,338,250
S01006503,640,407,233
S01006504,776,484,292
S01006505,860,503,357
