dz_2001,total,student,nonstudent
S01000001,424,0,424
S01000002,265,0,265
S01000003,337,1,336
S01000004,259,0,259
S01000005,340,0,340
S01000006,256,0,256
S01000007,315,0,315
S01000008,274,0,274
S01000009,297,0,297
S01000010,246,0,246
S01000011,339,0,339
S01000012,554,2,552
S01000013,364,0,364
S01000014,372,0,372
S01000015,292,0,292
S01000016,185,1,184
S01000017,390,0,390
S01000018,235,0,235
S01000019,230,0,230
S01000020,314,1,313
S01000021,373,1,372
S01000022,247,0,247
S01000023,271,1,270
S01000024,170,0,170
S01000025,281,0,281
S01000026,385,1,384
S01000027,339,2,337
S01000028,425,1,424
S01000029,222,0,222
S01000030,212,0,212
S01000031,427,0,427
S01000032,490,0,490
S01000033,409,2,407
S01000034,461,0,461
S01000035,433,27,406
S01000036,286,4,282
S01000037,359,2,357
S01000038,291,0,291
S01000039,439,28,411
S01000040,385,0,385
S01000041,390,1,389
S01000042,356,14,342
S01000043,496,27,469
S01000044,429,19,410
S01000045,240,0,240
S01000046,341,0,341
S01000047,499,18,481
S01000048,451,4,447
S01000049,330,3,327
S01000050,337,11,326
S01000051,363,0,363
S01000052,256,0,256
S01000053,587,12,575
S01000054,392,0,392
S01000055,315,0,315
S01000056,403,0,403
S01000057,288,0,288
S01000058,305,5,300
S01000059,435,6,429
S01000060,291,0,291
S01000061,496,0,496
S01000062,564,8,556
S01000063,398,3,395
S01000064,288,0,288
S01000065,572,11,561
S01000066,481,5,476
S01000067,586,5,581
S01000068,414,4,410
S01000069,377,0,377
S01000070,289,1,288
S01000071,423,3,420
S01000072,442,0,442
S01000073,262,1,261
S01000074,386,0,386
S01000075,345,12,333
S01000076,312,0,312
S01000077,399,7,392
S01000078,635,13,622
S01000079,785,29,756
S01000080,589,9,580
S01000081,402,0,402
S01000082,493,0,493
S01000083,366,7,359
S01000084,511,5,506
S01000085,352,14,338
S01000086,359,8,351
S01000087,507,4,503
S01000088,555,13,542
S01000089,389,1,388
S01000090,430,9,421
S01000091,633,26,607
S01000092,599,21,578
S01000093,367,16,351
S01000094,404,43,361
S01000095,422,6,416
S01000096,392,0,392
S01000097,427,3,424
S01000098,697,36,661
S01000099,366,0,366
S01000100,466,30,436
S01000101,427,13,414
S01000102,465,28,437
S01000103,354,34,320
S01000104,374,1,373
S01000105,417,0,417
S01000106,290,4,286
S01000107,705,81,624
S01000108,413,21,392
S01000109,650,51,599
S01000110,407,0,407
S01000111,371,10,361
S01000112,578,24,554
S01000113,272,12,260
S01000114,374,3,371
S01000115,399,1,398
S01000116,575,31,544
S01000117,432,2,430
S01000118,330,0,330
S01000119,552,38,514
S01000120,311,8,303
S01000121,334,1,333
S01000122,338,0,338
S01000123,265,0,265
S01000124,565,26,539
S01000125,341,21,320
S01000126,592,52,540
S01000127,323,3,320
S01000128,651,44,607
S01000129,340,43,297
S01000130,880,86,794
S01000131,354,7,347
S01000132,437,18,419
S01000133,376,1,375
S01000134,321,0,321
S01000135,393,15,378
S01000136,301,0,301
S01000137,524,46,478
S01000138,492,82,410
S01000139,364,1,363
S01000140,415,0,415
S01000141,366,4,362
S01000142,311,2,309
S01000143,245,0,245
S01000144,419,96,323
S01000145,464,1,463
S01000146,950,73,877
S01000147,602,65,537
S01000148,301,1,300
S01000149,690,86,604
S01000150,272,0,272
S01000151,480,1,479
S01000152,630,52,578
S01000153,553,99,454
S01000154,250,1,249
S01000155,364,1,363
S01000156,525,59,466
S01000157,409,9,400
S01000158,435,8,427
S01000159,352,0,352
S01000160,332,0,332
S01000161,401,84,317
S01000162,431,12,419
S01000163,467,1,466
S01000164,347,18,329
S01000165,504,23,481
S01000166,561,121,440
S01000167,304,2,302
S01000168,445,2,443
S01000169,346,1,345
S01000170,538,106,432
S01000171,395,0,395
S01000172,209,8,201
S01000173,390,11,379
S01000174,309,0,309
S01000175,286,30,256
S01000176,342,66,276
S01000177,271,25,246
S01000178,312,1,311
S01000179,499,7,492
S01000180,283,0,283
S01000181,242,1,241
S01000182,350,0,350
S01000183,532,66,466
S01000184,361,23,338
S01000185,518,25,493
S01000186,510,6,504
S01000187,248,1,247
S01000188,444,15,429
S01000189,218,1,217
S01000190,360,0,360
S01000191,596,47,549
S01000192,366,20,346
S01000193,291,2,289
S01000194,370,19,351
S01000195,398,21,377
S01000196,343,3,340
S01000197,242,0,242
S01000198,349,0,349
S01000199,384,9,375
S01000200,419,7,412
S01000201,305,2,303
S01000202,497,11,486
S01000203,315,2,313
S01000204,257,0,257
S01000205,414,27,387
S01000206,276,0,276
S01000207,544,7,537
S01000208,395,0,395
S01000209,505,3,502
S01000210,401,11,390
S01000211,358,8,350
S01000212,334,1,333
S01000213,427,9,418
S01000214,233,0,233
S01000215,386,1,385
S01000216,315,4,311
S01000217,366,8,358
S01000218,342,0,342
S01000219,416,0,416
S01000220,345,36,309
S01000221,464,3,461
S01000222,335,0,335
S01000223,309,2,307
S01000224,350,0,350
S01000225,254,0,254
S01000226,302,4,298
S01000227,537,2,535
S01000228,453,0,453
S01000229,409,2,407
S01000230,319,0,319
S01000231,318,0,318
S01000232,293,0,293
S01000233,271,1,270
S01000234,334,0,334
S01000235,343,0,343
S01000236,299,0,299
S01000237,368,1,367
S01000238,235,1,234
S01000239,295,0,295
S01000240,287,0,287
S01000241,212,0,212
S01000242,341,1,340
S01000243,262,0,262
S01000244,573,0,573
S01000245,392,0,392
S01000246,283,0,283
S01000247,273,0,273
S01000248,342,0,342
S01000249,281,0,281
S01000250,288,0,288
S01000251,150,2,148
S01000252,345,0,345
S01000253,221,0,221
S01000254,339,1,338
S01000255,273,0,273
S01000256,416,0,416
S01000257,408,0,408
S01000258,240,1,239
S01000259,223,0,223
S01000260,334,1,333
S01000261,400,0,400
S01000262,410,1,409
S01000263,302,0,302
S01000264,419,0,419
S01000265,339,1,338
S01000266,530,1,529
S01000267,292,1,291
S01000268,354,0,354
S01000269,248,0,248
S01000270,429,0,429
S01000271,370,0,370
S01000272,442,0,442
S01000273,243,0,243
S01000274,289,0,289
S01000275,608,0,608
S01000276,282,0,282
S01000277,298,0,298
S01000278,285,0,285
S01000279,353,0,353
S01000280,294,0,294
S01000281,298,0,298
S01000282,304,0,304
S01000283,430,0,430
S01000284,452,0,452
S01000285,278,0,278
S01000286,485,0,485
S01000287,302,0,302
S01000288,333,0,333
S01000289,419,0,419
S01000290,367,0,367
S01000291,344,1,343
S01000292,424,0,424
S01000293,478,0,478
S01000294,249,0,249
S01000295,221,0,221
S01000296,385,0,385
S01000297,301,0,301
S01000298,393,0,393
S01000299,392,0,392
S01000300,279,0,279
S01000301,245,0,245
S01000302,225,0,225
S01000303,258,0,258
S01000304,291,0,291
S01000305,450,0,450
S01000306,294,0,294
S01000307,344,0,344
S01000308,484,0,484
S01000309,465,0,465
S01000310,366,0,366
S01000311,424,1,423
S01000312,246,0,246
S01000313,312,0,312
S01000314,240,0,240
S01000315,266,0,266
S01000316,444,0,444
S01000317,264,0,264
S01000318,220,0,220
S01000319,238,0,238
S01000320,332,0,332
S01000321,229,0,229
S01000322,394,0,394
S01000323,364,0,364
S01000324,312,0,312
S01000325,490,0,490
S01000326,337,0,337
S01000327,308,0,308
S01000328,199,0,199
S01000329,318,0,318
S01000330,471,0,471
S01000331,280,0,280
S01000332,319,0,319
S01000333,355,0,355
S01000334,403,0,403
S01000335,339,0,339
S01000336,530,0,530
S01000337,354,0,354
S01000338,197,0,197
S01000339,461,0,461
S01000340,423,0,423
S01000341,430,0,430
S01000342,213,0,213
S01000343,216,0,216
S01000344,396,0,396
S01000345,255,0,255
S01000346,274,0,274
S01000347,552,0,552
S01000348,316,2,314
S01000349,254,0,254
S01000350,390,1,389
S01000351,378,3,375
S01000352,301,0,301
S01000353,215,0,215
S01000354,571,2,569
S01000355,234,0,234
S01000356,240,0,240
S01000357,220,0,220
S01000358,358,0,358
S01000359,280,0,280
S01000360,253,0,253
S01000361,254,0,254
S01000362,401,0,401
S01000363,454,0,454
S01000364,372,0,372
S01000365,762,0,762
S01000366,742,0,742
S01000367,358,0,358
S01000368,545,0,545
S01000369,396,0,396
S01000370,547,0,547
S01000371,427,0,427
S01000372,400,0,400
S01000373,264,0,264
S01000374,275,0,275
S01000375,275,0,275
S01000376,350,0,350
S01000377,353,0,353
S01000378,196,0,196
S01000379,248,0,248
S01000380,366,0,366
S01000381,601,0,601
S01000382,321,0,321
S01000383,470,0,470
S01000384,322,0,322
S01000385,267,0,267
S01000386,535,1,534
S01000387,372,0,372
S01000388,387,0,387
S01000389,306,0,306
S01000390,349,0,349
S01000391,330,0,330
S01000392,314,0,314
S01000393,395,0,395
S01000394,296,0,296
S01000395,309,0,309
S01000396,441,0,441
S01000397,448,0,448
S01000398,851,0,851
S01000399,305,0,305
S01000400,426,0,426
S01000401,348,0,348
S01000402,340,0,340
S01000403,361,1,360
S01000404,290,0,290
S01000405,192,0,192
S01000406,266,0,266
S01000407,270,1,269
S01000408,242,0,242
S01000409,234,0,234
S01000410,273,1,272
S01000411,275,0,275
S01000412,321,0,321
S01000413,350,0,350
S01000414,277,0,277
S01000415,414,0,414
S01000416,359,0,359
S01000417,432,0,432
S01000418,304,0,304
S01000419,531,0,531
S01000420,537,0,537
S01000421,292,0,292
S01000422,388,0,388
S01000423,375,1,374
S01000424,289,0,289
S01000425,369,0,369
S01000426,301,0,301
S01000427,348,0,348
S01000428,275,0,275
S01000429,409,0,409
S01000430,216,0,216
S01000431,347,0,347
S01000432,435,0,435
S01000433,248,0,248
S01000434,253,0,253
S01000435,224,0,224
S01000436,237,0,237
S01000437,412,0,412
S01000438,215,0,215
S01000439,316,0,316
S01000440,450,0,450
S01000441,394,0,394
S01000442,326,0,326
S01000443,241,0,241
S01000444,854,0,854
S01000445,516,0,516
S01000446,386,0,386
S01000447,306,0,306
S01000448,331,0,331
S01000449,329,0,329
S01000450,254,0,254
S01000451,371,0,371
S01000452,226,0,226
S01000453,225,0,225
S01000454,216,0,216
S01000455,341,0,341
S01000456,435,0,435
S01000457,392,0,392
S01000458,346,0,346
S01000459,496,0,496
S01000460,322,0,322
S01000461,463,0,463
S01000462,450,0,450
S01000463,291,0,291
S01000464,338,0,338
S01000465,272,0,272
S01000466,322,0,322
S01000467,294,0,294
S01000468,202,0,202
S01000469,246,0,246
S01000470,358,0,358
S01000471,316,0,316
S01000472,289,0,289
S01000473,292,0,292
S01000474,247,0,247
S01000475,305,1,304
S01000476,253,0,253
S01000477,311,0,311
S01000478,386,0,386
S01000479,398,0,398
S01000480,282,0,282
S01000481,756,1,755
S01000482,439,1,438
S01000483,522,0,522
S01000484,366,1,365
S01000485,417,0,417
S01000486,573,1,572
S01000487,273,0,273
S01000488,307,1,306
S01000489,451,1,450
S01000490,243,0,243
S01000491,247,1,246
S01000492,370,0,370
S01000493,295,0,295
S01000494,233,0,233
S01000495,354,0,354
S01000496,217,0,217
S01000497,332,0,332
S01000498,247,0,247
S01000499,433,0,433
S01000500,231,0,231
S01000501,288,0,288
S01000502,221,0,221
S01000503,191,0,191
S01000504,411,0,411
S01000505,298,0,298
S01000506,381,0,381
S01000507,476,0,476
S01000508,359,0,359
S01000509,467,0,467
S01000510,309,0,309
S01000511,233,0,233
S01000512,421,0,421
S01000513,396,0,396
S01000514,367,0,367
S01000515,209,0,209
S01000516,338,0,338
S01000517,318,0,318
S01000518,434,0,434
S01000519,196,0,196
S01000520,448,0,448
S01000521,415,0,415
S01000522,261,0,261
S01000523,342,0,342
S01000524,260,0,260
S01000525,416,0,416
S01000526,382,0,382
S01000527,256,0,256
S01000528,368,0,368
S01000529,325,0,325
S01000530,197,0,197
S01000531,259,0,259
S01000532,366,0,366
S01000533,319,0,319
S01000534,357,0,357
S01000535,453,0,453
S01000536,203,0,203
S01000537,372,0,372
S01000538,338,0,338
S01000539,507,0,507
S01000540,344,0,344
S01000541,266,0,266
S01000542,301,0,301
S01000543,330,0,330
S01000544,306,0,306
S01000545,328,0,328
S01000546,368,2,366
S01000547,238,0,238
S01000548,481,0,481
S01000549,426,0,426
S01000550,177,0,177
S01000551,412,0,412
S01000552,214,0,214
S01000553,378,0,378
S01000554,282,0,282
S01000555,389,0,389
S01000556,330,0,330
S01000557,380,0,380
S01000558,231,0,231
S01000559,313,0,313
S01000560,483,0,483
S01000561,512,1,511
S01000562,411,0,411
S01000563,515,0,515
S01000564,399,0,399
S01000565,324,0,324
S01000566,351,0,351
S01000567,371,0,371
S01000568,225,0,225
S01000569,334,0,334
S01000570,408,0,408
S01000571,453,0,453
S01000572,305,1,304
S01000573,204,0,204
S01000574,350,0,350
S01000575,305,0,305
S01000576,237,0,237
S01000577,237,0,237
S01000578,286,0,286
S01000579,331,0,331
S01000580,374,0,374
S01000581,297,0,297
S01000582,279,0,279
S01000583,386,1,385
S01000584,407,0,407
S01000585,588,1,587
S01000586,308,0,308
S01000587,316,0,316
S01000588,257,0,257
S01000589,328,0,328
S01000590,330,0,330
S01000591,341,0,341
S01000592,392,0,392
S01000593,504,0,504
S01000594,402,0,402
S01000595,326,0,326
S01000596,331,1,330
S01000597,415,0,415
S01000598,491,0,491
S01000599,465,0,465
S01000600,324,0,324
S01000601,483,0,483
S01000602,317,0,317
S01000603,405,0,405
S01000604,384,0,384
S01000605,317,0,317
S01000606,422,0,422
S01000607,347,0,347
S01000608,655,0,655
S01000609,505,0,505
S01000610,498,1,497
S01000611,303,0,303
S01000612,594,0,594
S01000613,526,0,526
S01000614,305,0,305
S01000615,461,0,461
S01000616,573,1,572
S01000617,294,0,294
S01000618,378,0,378
S01000619,290,0,290
S01000620,515,2,513
S01000621,560,0,560
S01000622,278,1,277
S01000623,289,0,289
S01000624,274,0,274
S01000625,276,0,276
S01000626,306,1,305
S01000627,405,0,405
S01000628,237,0,237
S01000629,286,0,286
S01000630,350,0,350
S01000631,286,0,286
S01000632,233,0,233
S01000633,212,0,212
S01000634,350,0,350
S01000635,250,0,250
S01000636,222,0,222
S01000637,268,0,268
S01000638,239,0,239
S01000639,279,0,279
S01000640,303,0,303
S01000641,343,0,343
S01000642,378,0,378
S01000643,285,0,285
S01000644,316,0,316
S01000645,426,1,425
S01000646,356,0,356
S01000647,366,0,366
S01000648,418,0,418
S01000649,249,0,249
S01000650,301,0,301
S01000651,410,1,409
S01000652,339,0,339
S01000653,472,0,472
S01000654,414,0,414
S01000655,374,0,374
S01000656,407,0,407
S01000657,401,0,401
S01000658,296,0,296
S01000659,608,0,608
S01000660,422,0,422
S01000661,432,0,432
S01000662,299,0,299
S01000663,315,0,315
S01000664,369,0,369
S01000665,310,0,310
S01000666,224,0,224
S01000667,448,0,448
S01000668,417,0,417
S01000669,456,0,456
S01000670,296,0,296
S01000671,243,0,243
S01000672,314,1,313
S01000673,310,0,310
S01000674,475,0,475
S01000675,299,0,299
S01000676,205,0,205
S01000677,439,0,439
S01000678,420,0,420
S01000679,387,0,387
S01000680,498,0,498
S01000681,550,0,550
S01000682,389,0,389
S01000683,259,0,259
S01000684,424,0,424
S01000685,423,0,423
S01000686,397,0,397
S01000687,397,0,397
S01000688,315,0,315
S01000689,260,0,260
S01000690,416,1,415
S01000691,386,0,386
S01000692,358,0,358
S01000693,502,0,502
S01000694,330,0,330
S01000695,347,0,347
S01000696,407,0,407
S01000697,372,1,371
S01000698,305,0,305
S01000699,263,0,263
S01000700,320,0,320
S01000701,437,0,437
S01000702,246,0,246
S01000703,342,0,342
S01000704,361,0,361
S01000705,479,0,479
S01000706,351,0,351
S01000707,270,0,270
S01000708,240,0,240
S01000709,482,0,482
S01000710,465,0,465
S01000711,219,0,219
S01000712,302,0,302
S01000713,302,0,302
S01000714,419,0,419
S01000715,380,0,380
S01000716,302,0,302
S01000717,466,0,466
S01000718,412,0,412
S01000719,292,0,292
S01000720,375,0,375
S01000721,314,0,314
S01000722,390,0,390
S01000723,201,0,201
S01000724,350,0,350
S01000725,271,0,271
S01000726,357,0,357
S01000727,280,0,280
S01000728,302,0,302
S01000729,277,0,277
S01000730,189,0,189
S01000731,315,0,315
S01000732,351,0,351
S01000733,405,0,405
S01000734,359,0,359
S01000735,242,0,242
S01000736,394,0,394
S01000737,273,0,273
S01000738,227,0,227
S01000739,376,0,376
S01000740,355,0,355
S01000741,403,0,403
S01000742,282,0,282
S01000743,374,0,374
S01000744,389,0,389
S01000745,320,0,320
S01000746,378,0,378
S01000747,295,0,295
S01000748,276,0,276
S01000749,233,0,233
S01000750,348,0,348
S01000751,315,0,315
S01000752,444,0,444
S01000753,256,0,256
S01000754,316,2,314
S01000755,348,0,348
S01000756,507,0,507
S01000757,348,1,347
S01000758,529,0,529
S01000759,439,0,439
S01000760,217,0,217
S01000761,283,0,283
S01000762,260,1,259
S01000763,353,0,353
S01000764,290,0,290
S01000765,261,0,261
S01000766,344,0,344
S01000767,324,0,324
S01000768,477,0,477
S01000769,516,0,516
S01000770,279,0,279
S01000771,443,1,442
S01000772,335,0,335
S01000773,404,0,404
S01000774,283,0,283
S01000775,308,0,308
S01000776,223,0,223
S01000777,108,0,108
S01000778,200,0,200
S01000779,332,0,332
S01000780,371,0,371
S01000781,337,0,337
S01000782,256,0,256
S01000783,216,0,216
S01000784,289,0,289
S01000785,350,0,350
S01000786,349,0,349
S01000787,230,0,230
S01000788,281,0,281
S01000789,369,0,369
S01000790,191,0,191
S01000791,274,0,274
S01000792,279,0,279
S01000793,266,0,266
S01000794,449,0,449
S01000795,434,0,434
S01000796,193,0,193
S01000797,169,0,169
S01000798,234,0,234
S01000799,291,0,291
S01000800,464,0,464
S01000801,292,0,292
S01000802,355,0,355
S01000803,436,0,436
S01000804,368,0,368
S01000805,388,0,388
S01000806,380,0,380
S01000807,343,0,343
S01000808,322,0,322
S01000809,281,0,281
S01000810,298,0,298
S01000811,323,0,323
S01000812,564,2,562
S01000813,320,0,320
S01000814,310,0,310
S01000815,307,0,307
S01000816,354,2,352
S01000817,378,0,378
S01000818,444,0,444
S01000819,374,0,374
S01000820,252,0,252
S01000821,387,0,387
S01000822,244,3,241
S01000823,241,0,241
S01000824,342,0,342
S01000825,311,0,311
S01000826,280,5,275
S01000827,305,0,305
S01000828,366,0,366
S01000829,310,0,310
S01000830,358,0,358
S01000831,403,0,403
S01000832,460,0,460
S01000833,421,0,421
S01000834,458,1,457
S01000835,332,0,332
S01000836,380,0,380
S01000837,581,4,577
S01000838,283,0,283
S01000839,602,0,602
S01000840,313,0,313
S01000841,377,0,377
S01000842,367,0,367
S01000843,433,0,433
S01000844,371,0,371
S01000845,247,0,247
S01000846,372,0,372
S01000847,523,0,523
S01000848,317,0,317
S01000849,203,0,203
S01000850,335,0,335
S01000851,333,0,333
S01000852,345,0,345
S01000853,273,0,273
S01000854,388,0,388
S01000855,308,0,308
S01000856,190,0,190
S01000857,204,0,204
S01000858,360,0,360
S01000859,470,0,470
S01000860,394,0,394
S01000861,291,0,291
S01000862,224,0,224
S01000863,273,0,273
S01000864,456,0,456
S01000865,465,0,465
S01000866,374,0,374
S01000867,437,0,437
S01000868,291,0,291
S01000869,223,0,223
S01000870,332,0,332
S01000871,354,0,354
S01000872,350,0,350
S01000873,994,0,994
S01000874,242,0,242
S01000875,607,1,606
S01000876,327,0,327
S01000877,356,0,356
S01000878,218,0,218
S01000879,427,0,427
S01000880,340,0,340
S01000881,309,0,309
S01000882,465,0,465
S01000883,372,0,372
S01000884,261,0,261
S01000885,198,0,198
S01000886,295,0,295
S01000887,305,0,305
S01000888,344,2,342
S01000889,337,0,337
S01000890,381,0,381
S01000891,387,0,387
S01000892,201,0,201
S01000893,265,0,265
S01000894,231,0,231
S01000895,413,0,413
S01000896,209,0,209
S01000897,325,0,325
S01000898,247,0,247
S01000899,370,0,370
S01000900,274,0,274
S01000901,288,0,288
S01000902,443,0,443
S01000903,459,0,459
S01000904,329,0,329
S01000905,313,0,313
S01000906,237,0,237
S01000907,385,0,385
S01000908,363,0,363
S01000909,385,0,385
S01000910,358,0,358
S01000911,462,0,462
S01000912,315,0,315
S01000913,305,0,305
S01000914,342,0,342
S01000915,424,0,424
S01000916,482,0,482
S01000917,321,0,321
S01000918,275,0,275
S01000919,308,0,308
S01000920,248,0,248
S01000921,301,0,301
S01000922,390,0,390
S01000923,363,0,363
S01000924,405,0,405
S01000925,438,0,438
S01000926,401,0,401
S01000927,378,0,378
S01000928,446,1,445
S01000929,219,0,219
S01000930,255,0,255
S01000931,302,0,302
S01000932,465,0,465
S01000933,483,0,483
S01000934,498,1,497
S01000935,384,0,384
S01000936,406,0,406
S01000937,285,1,284
S01000938,340,0,340
S01000939,395,0,395
S01000940,390,0,390
S01000941,253,0,253
S01000942,466,0,466
S01000943,394,0,394
S01000944,417,2,415
S01000945,349,0,349
S01000946,342,0,342
S01000947,339,0,339
S01000948,345,0,345
S01000949,301,0,301
S01000950,373,0,373
S01000951,400,1,399
S01000952,402,0,402
S01000953,389,0,389
S01000954,465,0,465
S01000955,251,0,251
S01000956,400,0,400
S01000957,229,0,229
S01000958,376,0,376
S01000959,304,0,304
S01000960,277,0,277
S01000961,387,0,387
S01000962,327,0,327
S01000963,381,0,381
S01000964,421,0,421
S01000965,268,0,268
S01000966,468,0,468
S01000967,283,0,283
S01000968,443,0,443
S01000969,493,0,493
S01000970,368,0,368
S01000971,299,0,299
S01000972,386,0,386
S01000973,275,0,275
S01000974,481,0,481
S01000975,254,0,254
S01000976,231,0,231
S01000977,393,0,393
S01000978,366,0,366
S01000979,304,0,304
S01000980,325,0,325
S01000981,279,0,279
S01000982,289,0,289
S01000983,239,0,239
S01000984,298,0,298
S01000985,297,0,297
S01000986,257,0,257
S01000987,266,1,265
S01000988,223,0,223
S01000989,338,0,338
S01000990,361,2,359
S01000991,176,0,176
S01000992,453,0,453
S01000993,334,0,334
S01000994,465,0,465
S01000995,309,0,309
S01000996,510,1,509
S01000997,389,1,388
S01000998,353,1,352
S01000999,269,0,269
S01001000,272,0,272
S01001001,239,0,239
S01001002,300,1,299
S01001003,364,0,364
S01001004,289,0,289
S01001005,360,0,360
S01001006,294,0,294
S01001007,447,1,446
S01001008,408,0,408
S01001009,314,0,314
S01001010,538,0,538
S01001011,227,0,227
S01001012,308,0,308
S01001013,357,0,357
S01001014,490,6,484
S01001015,255,1,254
S01001016,390,0,390
S01001017,377,0,377
S01001018,415,2,413
S01001019,519,0,519
S01001020,228,0,228
S01001021,487,0,487
S01001022,381,5,376
S01001023,429,0,429
S01001024,699,0,699
S01001025,565,0,565
S01001026,378,0,378
S01001027,438,0,438
S01001028,329,0,329
S01001029,323,0,323
S01001030,318,0,318
S01001031,411,0,411
S01001032,332,0,332
S01001033,249,0,249
S01001034,344,0,344
S01001035,198,0,198
S01001036,298,0,298
S01001037,452,0,452
S01001038,317,0,317
S01001039,240,0,240
S01001040,286,0,286
S01001041,295,0,295
S01001042,426,0,426
S01001043,268,0,268
S01001044,449,0,449
S01001045,291,0,291
S01001046,358,0,358
S01001047,382,0,382
S01001048,271,0,271
S01001049,280,0,280
S01001050,420,0,420
S01001051,294,0,294
S01001052,234,0,234
S01001053,345,0,345
S01001054,323,0,323
S01001055,416,0,416
S01001056,345,0,345
S01001057,257,0,257
S01001058,373,0,373
S01001059,246,0,246
S01001060,317,0,317
S01001061,339,1,338
S01001062,233,0,233
S01001063,387,0,387
S01001064,361,0,361
S01001065,396,0,396
S01001066,323,0,323
S01001067,341,0,341
S01001068,395,0,395
S01001069,370,0,370
S01001070,396,0,396
S01001071,277,0,277
S01001072,373,0,373
S01001073,481,0,481
S01001074,209,0,209
S01001075,453,0,453
S01001076,365,0,365
S01001077,429,0,429
S01001078,409,0,409
S01001079,223,0,223
S01001080,312,0,312
S01001081,277,0,277
S01001082,506,0,506
S01001083,368,0,368
S01001084,408,0,408
S01001085,348,0,348
S01001086,312,0,312
S01001087,242,0,242
S01001088,444,0,444
S01001089,416,0,416
S01001090,399,49,350
S01001091,288,51,237
S01001092,545,77,468
S01001093,393,102,291
S01001094,403,5,398
S01001095,288,96,192
S01001096,434,123,311
S01001097,320,12,308
S01001098,273,3,270
S01001099,821,129,692
S01001100,614,45,569
S01001101,632,230,402
S01001102,227,16,211
S01001103,301,13,288
S01001104,437,85,352
S01001105,332,6,326
S01001106,362,3,359
S01001107,608,36,572
S01001108,915,106,809
S01001109,633,110,523
S01001110,454,44,410
S01001111,589,50,539
S01001112,474,0,474
S01001113,493,65,428
S01001114,517,31,486
S01001115,416,9,407
S01001116,281,2,279
S01001117,309,9,300
S01001118,285,0,285
S01001119,618,1,617
S01001120,356,1,355
S01001121,357,9,348
S01001122,360,35,325
S01001123,450,8,442
S01001124,328,0,328
S01001125,179,5,174
S01001126,392,1,391
S01001127,398,22,376
S01001128,261,0,261
S01001129,520,6,514
S01001130,425,4,421
S01001131,229,11,218
S01001132,325,0,325
S01001133,554,1,553
S01001134,383,0,383
S01001135,175,1,174
S01001136,591,29,562
S01001137,598,24,574
S01001138,770,26,744
S01001139,435,2,433
S01001140,592,3,589
S01001141,267,11,256
S01001142,468,0,468
S01001143,337,1,336
S01001144,341,0,341
S01001145,348,3,345
S01001146,357,0,357
S01001147,414,14,400
S01001148,325,0,325
S01001149,321,3,318
S01001150,391,3,388
S01001151,364,2,362
S01001152,545,10,535
S01001153,358,0,358
S01001154,318,0,318
S01001155,262,0,262
S01001156,439,19,420
S01001157,310,1,309
S01001158,347,0,347
S01001159,356,0,356
S01001160,329,0,329
S01001161,265,0,265
S01001162,384,0,384
S01001163,409,8,401
S01001164,362,3,359
S01001165,453,3,450
S01001166,158,0,158
S01001167,358,0,358
S01001168,464,10,454
S01001169,548,0,548
S01001170,447,2,445
S01001171,291,2,289
S01001172,359,2,357
S01001173,413,0,413
S01001174,358,12,346
S01001175,427,0,427
S01001176,348,0,348
S01001177,501,6,495
S01001178,479,2,477
S01001179,382,1,381
S01001180,467,7,460
S01001181,371,0,371
S01001182,457,0,457
S01001183,548,5,543
S01001184,338,1,337
S01001185,235,1,234
S01001186,281,1,280
S01001187,437,0,437
S01001188,498,5,493
S01001189,546,0,546
S01001190,308,0,308
S01001191,378,1,377
S01001192,604,2,602
S01001193,359,0,359
S01001194,398,0,398
S01001195,479,0,479
S01001196,651,3,648
S01001197,241,0,241
S01001198,337,0,337
S01001199,414,0,414
S01001200,524,0,524
S01001201,356,0,356
S01001202,298,0,298
S01001203,403,0,403
S01001204,314,0,314
S01001205,309,1,308
S01001206,435,1,434
S01001207,293,0,293
S01001208,260,0,260
S01001209,199,0,199
S01001210,417,0,417
S01001211,482,0,482
S01001212,322,1,321
S01001213,388,0,388
S01001214,404,1,403
S01001215,342,1,341
S01001216,409,0,409
S01001217,466,0,466
S01001218,325,0,325
S01001219,303,0,303
S01001220,242,0,242
S01001221,514,1,513
S01001222,533,1,532
S01001223,311,0,311
S01001224,365,0,365
S01001225,398,1,397
S01001226,220,0,220
S01001227,258,0,258
S01001228,349,0,349
S01001229,306,1,305
S01001230,405,0,405
S01001231,296,0,296
S01001232,792,0,792
S01001233,457,0,457
S01001234,233,0,233
S01001235,304,0,304
S01001236,369,1,368
S01001237,244,0,244
S01001238,258,0,258
S01001239,276,0,276
S01001240,333,0,333
S01001241,243,0,243
S01001242,381,0,381
S01001243,483,1,482
S01001244,342,2,340
S01001245,328,0,328
S01001246,408,0,408
S01001247,229,1,228
S01001248,331,0,331
S01001249,277,0,277
S01001250,384,0,384
S01001251,253,0,253
S01001252,234,0,234
S01001253,268,0,268
S01001254,254,0,254
S01001255,325,0,325
S01001256,308,0,308
S01001257,306,0,306
S01001258,231,0,231
S01001259,353,1,352
S01001260,330,0,330
S01001261,441,0,441
S01001262,343,0,343
S01001263,207,0,207
S01001264,651,0,651
S01001265,209,0,209
S01001266,314,0,314
S01001267,486,3,483
S01001268,273,0,273
S01001269,199,0,199
S01001270,285,0,285
S01001271,322,0,322
S01001272,295,0,295
S01001273,367,0,367
S01001274,320,0,320
S01001275,281,0,281
S01001276,226,0,226
S01001277,336,0,336
S01001278,178,0,178
S01001279,292,0,292
S01001280,254,0,254
S01001281,382,0,382
S01001282,359,0,359
S01001283,242,0,242
S01001284,420,0,420
S01001285,278,0,278
S01001286,195,0,195
S01001287,340,0,340
S01001288,418,0,418
S01001289,318,0,318
S01001290,265,0,265
S01001291,167,0,167
S01001292,323,1,322
S01001293,346,0,346
S01001294,279,0,279
S01001295,399,0,399
S01001296,304,0,304
S01001297,361,0,361
S01001298,387,0,387
S01001299,369,0,369
S01001300,581,0,581
S01001301,232,0,232
S01001302,337,0,337
S01001303,245,0,245
S01001304,507,0,507
S01001305,340,0,340
S01001306,317,0,317
S01001307,471,0,471
S01001308,422,0,422
S01001309,298,0,298
S01001310,348,0,348
S01001311,269,0,269
S01001312,345,0,345
S01001313,433,0,433
S01001314,341,0,341
S01001315,423,0,423
S01001316,394,0,394
S01001317,386,0,386
S01001318,249,0,249
S01001319,322,0,322
S01001320,387,0,387
S01001321,230,0,230
S01001322,312,0,312
S01001323,246,0,246
S01001324,408,0,408
S01001325,289,0,289
S01001326,397,0,397
S01001327,353,0,353
S01001328,374,0,374
S01001329,256,0,256
S01001330,355,0,355
S01001331,390,0,390
S01001332,408,0,408
S01001333,426,0,426
S01001334,322,1,321
S01001335,469,0,469
S01001336,377,0,377
S01001337,319,0,319
S01001338,324,0,324
S01001339,321,0,321
S01001340,297,0,297
S01001341,388,0,388
S01001342,455,0,455
S01001343,414,0,414
S01001344,347,0,347
S01001345,357,0,357
S01001346,332,1,331
S01001347,286,1,285
S01001348,324,0,324
S01001349,306,0,306
S01001350,304,0,304
S01001351,225,0,225
S01001352,380,0,380
S01001353,470,0,470
S01001354,396,0,396
S01001355,327,0,327
S01001356,308,0,308
S01001357,456,1,455
S01001358,442,0,442
S01001359,271,0,271
S01001360,526,0,526
S01001361,304,0,304
S01001362,252,0,252
S01001363,353,1,352
S01001364,443,0,443
S01001365,263,0,263
S01001366,375,0,375
S01001367,340,0,340
S01001368,443,0,443
S01001369,462,1,461
S01001370,363,0,363
S01001371,363,0,363
S01001372,283,1,282
S01001373,282,0,282
S01001374,210,0,210
S01001375,257,0,257
S01001376,471,0,471
S01001377,387,0,387
S01001378,312,0,312
S01001379,466,0,466
S01001380,433,0,433
S01001381,374,0,374
S01001382,455,1,454
S01001383,259,0,259
S01001384,412,0,412
S01001385,437,0,437
S01001386,476,1,475
S01001387,377,0,377
S01001388,640,0,640
S01001389,197,0,197
S01001390,313,0,313
S01001391,290,0,290
S01001392,325,0,325
S01001393,225,0,225
S01001394,208,0,208
S01001395,339,0,339
S01001396,287,0,287
S01001397,330,0,330
S01001398,342,1,341
S01001399,372,0,372
S01001400,390,0,390
S01001401,301,0,301
S01001402,329,0,329
S01001403,436,0,436
S01001404,224,0,224
S01001405,425,0,425
S01001406,941,0,941
S01001407,380,0,380
S01001408,403,0,403
S01001409,377,0,377
S01001410,418,0,418
S01001411,237,0,237
S01001412,412,0,412
S01001413,348,0,348
S01001414,331,0,331
S01001415,444,0,444
S01001416,300,0,300
S01001417,402,0,402
S01001418,364,0,364
S01001419,287,0,287
S01001420,412,0,412
S01001421,481,0,481
S01001422,267,0,267
S01001423,351,0,351
S01001424,518,0,518
S01001425,652,0,652
S01001426,310,0,310
S01001427,316,0,316
S01001428,390,0,390
S01001429,338,0,338
S01001430,401,0,401
S01001431,332,0,332
S01001432,244,0,244
S01001433,322,0,322
S01001434,349,0,349
S01001435,400,0,400
S01001436,378,0,378
S01001437,359,0,359
S01001438,246,0,246
S01001439,293,0,293
S01001440,356,0,356
S01001441,334,0,334
S01001442,262,0,262
S01001443,385,0,385
S01001444,368,0,368
S01001445,287,0,287
S01001446,368,0,368
S01001447,528,0,528
S01001448,345,0,345
S01001449,235,0,235
S01001450,331,0,331
S01001451,279,0,279
S01001452,328,0,328
S01001453,306,0,306
S01001454,384,0,384
S01001455,305,0,305
S01001456,301,0,301
S01001457,366,0,366
S01001458,398,0,398
S01001459,341,0,341
S01001460,243,0,243
S01001461,330,1,329
S01001462,349,0,349
S01001463,236,0,236
S01001464,378,0,378
S01001465,281,0,281
S01001466,270,0,270
S01001467,308,0,308
S01001468,257,0,257
S01001469,350,0,350
S01001470,326,0,326
S01001471,266,0,266
S01001472,329,0,329
S01001473,361,0,361
S01001474,361,0,361
S01001475,263,0,263
S01001476,348,0,348
S01001477,350,0,350
S01001478,269,0,269
S01001479,288,0,288
S01001480,194,0,194
S01001481,357,0,357
S01001482,296,0,296
S01001483,384,0,384
S01001484,337,0,337
S01001485,229,0,229
S01001486,332,0,332
S01001487,260,0,260
S01001488,371,0,371
S01001489,283,0,283
S01001490,462,0,462
S01001491,328,0,328
S01001492,428,0,428
S01001493,350,0,350
S01001494,426,0,426
S01001495,245,0,245
S01001496,400,0,400
S01001497,398,0,398
S01001498,260,0,260
S01001499,418,0,418
S01001500,262,0,262
S01001501,357,0,357
S01001502,318,0,318
S01001503,293,0,293
S01001504,448,0,448
S01001505,423,0,423
S01001506,325,0,325
S01001507,304,0,304
S01001508,326,0,326
S01001509,370,0,370
S01001510,338,0,338
S01001511,238,0,238
S01001512,374,0,374
S01001513,414,0,414
S01001514,328,0,328
S01001515,292,2,290
S01001516,321,0,321
S01001517,527,0,527
S01001518,421,0,421
S01001519,431,0,431
S01001520,313,0,313
S01001521,449,0,449
S01001522,511,0,511
S01001523,271,0,271
S01001524,428,0,428
S01001525,339,0,339
S01001526,281,0,281
S01001527,363,0,363
S01001528,339,0,339
S01001529,354,0,354
S01001530,303,1,302
S01001531,478,0,478
S01001532,280,0,280
S01001533,398,0,398
S01001534,246,0,246
S01001535,353,0,353
S01001536,328,0,328
S01001537,218,0,218
S01001538,332,0,332
S01001539,295,0,295
S01001540,269,0,269
S01001541,355,0,355
S01001542,275,0,275
S01001543,293,0,293
S01001544,391,0,391
S01001545,287,0,287
S01001546,461,0,461
S01001547,397,0,397
S01001548,399,0,399
S01001549,430,0,430
S01001550,319,0,319
S01001551,397,0,397
S01001552,376,0,376
S01001553,401,0,401
S01001554,410,0,410
S01001555,327,0,327
S01001556,386,0,386
S01001557,353,1,352
S01001558,368,0,368
S01001559,187,0,187
S01001560,289,0,289
S01001561,492,1,491
S01001562,980,0,980
S01001563,231,0,231
S01001564,250,0,250
S01001565,373,2,371
S01001566,260,0,260
S01001567,406,0,406
S01001568,327,4,323
S01001569,305,0,305
S01001570,170,0,170
S01001571,294,0,294
S01001572,226,2,224
S01001573,284,0,284
S01001574,365,0,365
S01001575,378,1,377
S01001576,280,0,280
S01001577,290,0,290
S01001578,341,0,341
S01001579,349,0,349
S01001580,271,0,271
S01001581,278,0,278
S01001582,320,1,319
S01001583,187,1,186
S01001584,371,0,371
S01001585,485,6,479
S01001586,167,1,166
S01001587,379,1,378
S01001588,333,1,332
S01001589,389,0,389
S01001590,282,7,275
S01001591,287,0,287
S01001592,331,1,330
S01001593,360,0,360
S01001594,481,3,478
S01001595,309,0,309
S01001596,327,0,327
S01001597,366,4,362
S01001598,284,1,283
S01001599,563,3,560
S01001600,573,2,571
S01001601,483,0,483
S01001602,279,0,279
S01001603,424,0,424
S01001604,223,0,223
S01001605,331,0,331
S01001606,284,0,284
S01001607,1010,0,1010
S01001608,401,0,401
S01001609,368,0,368
S01001610,376,0,376
S01001611,447,0,447
S01001612,338,0,338
S01001613,298,0,298
S01001614,357,0,357
S01001615,355,0,355
S01001616,255,0,255
S01001617,300,0,300
S01001618,425,0,425
S01001619,300,0,300
S01001620,480,0,480
S01001621,276,0,276
S01001622,361,0,361
S01001623,370,0,370
S01001624,428,0,428
S01001625,354,0,354
S01001626,292,0,292
S01001627,612,0,612
S01001628,246,0,246
S01001629,261,0,261
S01001630,283,0,283
S01001631,570,0,570
S01001632,212,0,212
S01001633,358,0,358
S01001634,370,0,370
S01001635,324,0,324
S01001636,205,0,205
S01001637,300,0,300
S01001638,420,0,420
S01001639,354,0,354
S01001640,271,0,271
S01001641,579,0,579
S01001642,430,0,430
S01001643,331,0,331
S01001644,636,0,636
S01001645,439,0,439
S01001646,252,0,252
S01001647,327,0,327
S01001648,303,0,303
S01001649,355,0,355
S01001650,311,1,310
S01001651,413,0,413
S01001652,334,0,334
S01001653,319,0,319
S01001654,361,0,361
S01001655,255,0,255
S01001656,614,0,614
S01001657,213,0,213
S01001658,414,0,414
S01001659,332,0,332
S01001660,319,0,319
S01001661,350,0,350
S01001662,322,0,322
S01001663,346,0,346
S01001664,199,0,199
S01001665,400,0,400
S01001666,258,0,258
S01001667,394,0,394
S01001668,355,0,355
S01001669,386,0,386
S01001670,250,0,250
S01001671,201,0,201
S01001672,268,0,268
S01001673,290,0,290
S01001674,346,0,346
S01001675,296,0,296
S01001676,484,1,483
S01001677,319,1,318
S01001678,316,0,316
S01001679,313,0,313
S01001680,257,0,257
S01001681,248,0,248
S01001682,226,0,226
S01001683,326,0,326
S01001684,215,0,215
S01001685,330,0,330
S01001686,347,0,347
S01001687,489,0,489
S01001688,409,0,409
S01001689,288,0,288
S01001690,365,0,365
S01001691,328,0,328
S01001692,268,0,268
S01001693,262,0,262
S01001694,311,0,311
S01001695,322,0,322
S01001696,320,0,320
S01001697,327,0,327
S01001698,235,0,235
S01001699,204,0,204
S01001700,359,0,359
S01001701,424,0,424
S01001702,454,1,453
S01001703,313,0,313
S01001704,350,0,350
S01001705,227,0,227
S01001706,285,0,285
S01001707,368,0,368
S01001708,378,0,378
S01001709,246,0,246
S01001710,300,0,300
S01001711,288,0,288
S01001712,188,0,188
S01001713,290,0,290
S01001714,264,0,264
S01001715,291,0,291
S01001716,377,0,377
S01001717,302,0,302
S01001718,212,0,212
S01001719,269,0,269
S01001720,242,0,242
S01001721,321,0,321
S01001722,291,0,291
S01001723,355,0,355
S01001724,370,0,370
S01001725,343,0,343
S01001726,238,0,238
S01001727,421,0,421
S01001728,229,0,229
S01001729,387,0,387
S01001730,248,0,248
S01001731,252,0,252
S01001732,230,0,230
S01001733,342,0,342
S01001734,206,0,206
S01001735,181,0,181
S01001736,415,0,415
S01001737,241,0,241
S01001738,218,0,218
S01001739,243,0,243
S01001740,303,0,303
S01001741,254,0,254
S01001742,291,0,291
S01001743,455,0,455
S01001744,195,0,195
S01001745,337,0,337
S01001746,349,0,349
S01001747,386,0,386
S01001748,255,0,255
S01001749,373,0,373
S01001750,308,0,308
S01001751,450,0,450
S01001752,346,0,346
S01001753,324,0,324
S01001754,266,0,266
S01001755,405,0,405
S01001756,312,0,312
S01001757,327,0,327
S01001758,349,0,349
S01001759,407,0,407
S01001760,343,0,343
S01001761,372,0,372
S01001762,451,0,451
S01001763,276,0,276
S01001764,189,0,189
S01001765,467,0,467
S01001766,243,0,243
S01001767,238,0,238
S01001768,247,1,246
S01001769,303,0,303
S01001770,311,0,311
S01001771,347,0,347
S01001772,284,0,284
S01001773,437,0,437
S01001774,265,0,265
S01001775,369,0,369
S01001776,319,0,319
S01001777,330,0,330
S01001778,403,0,403
S01001779,257,0,257
S01001780,390,0,390
S01001781,261,0,261
S01001782,404,0,404
S01001783,265,0,265
S01001784,269,1,268
S01001785,239,0,239
S01001786,216,0,216
S01001787,238,0,238
S01001788,315,0,315
S01001789,316,0,316
S01001790,312,0,312
S01001791,299,0,299
S01001792,282,1,281
S01001793,389,1,388
S01001794,376,1,375
S01001795,189,1,188
S01001796,338,0,338
S01001797,316,0,316
S01001798,337,0,337
S01001799,368,0,368
S01001800,347,1,346
S01001801,369,0,369
S01001802,347,1,346
S01001803,424,0,424
S01001804,439,0,439
S01001805,314,1,313
S01001806,276,1,275
S01001807,352,0,352
S01001808,244,1,243
S01001809,528,4,524
S01001810,383,0,383
S01001811,280,0,280
S01001812,334,0,334
S01001813,284,1,283
S01001814,274,1,273
S01001815,352,0,352
S01001816,434,0,434
S01001817,295,0,295
S01001818,338,0,338
S01001819,403,0,403
S01001820,346,1,345
S01001821,179,0,179
S01001822,496,1,495
S01001823,429,0,429
S01001824,345,0,345
S01001825,346,0,346
S01001826,344,0,344
S01001827,369,0,369
S01001828,262,1,261
S01001829,367,0,367
S01001830,337,1,336
S01001831,349,2,347
S01001832,295,1,294
S01001833,489,0,489
S01001834,315,0,315
S01001835,260,0,260
S01001836,356,2,354
S01001837,381,1,380
S01001838,277,0,277
S01001839,433,4,429
S01001840,293,0,293
S01001841,304,0,304
S01001842,293,3,290
S01001843,369,0,369
S01001844,409,1,408
S01001845,270,0,270
S01001846,323,1,322
S01001847,414,1,413
S01001848,394,1,393
S01001849,252,0,252
S01001850,333,0,333
S01001851,321,0,321
S01001852,301,0,301
S01001853,316,1,315
S01001854,458,1,457
S01001855,335,1,334
S01001856,418,1,417
S01001857,323,1,322
S01001858,363,0,363
S01001859,433,0,433
S01001860,323,0,323
S01001861,404,7,397
S01001862,322,0,322
S01001863,348,0,348
S01001864,607,0,607
S01001865,325,1,324
S01001866,286,0,286
S01001867,289,0,289
S01001868,301,0,301
S01001869,386,8,378
S01001870,426,0,426
S01001871,827,5,822
S01001872,346,1,345
S01001873,291,1,290
S01001874,486,5,481
S01001875,338,0,338
S01001876,486,6,480
S01001877,393,0,393
S01001878,433,0,433
S01001879,400,3,397
S01001880,393,1,392
S01001881,315,5,310
S01001882,350,0,350
S01001883,228,3,225
S01001884,464,5,459
S01001885,459,0,459
S01001886,349,2,347
S01001887,357,1,356
S01001888,358,0,358
S01001889,261,4,257
S01001890,428,5,423
S01001891,352,6,346
S01001892,528,2,526
S01001893,501,13,488
S01001894,368,1,367
S01001895,394,10,384
S01001896,324,1,323
S01001897,450,0,450
S01001898,353,4,349
S01001899,330,2,328
S01001900,342,3,339
S01001901,397,3,394
S01001902,388,10,378
S01001903,249,3,246
S01001904,327,2,325
S01001905,378,14,364
S01001906,307,1,306
S01001907,360,4,356
S01001908,316,7,309
S01001909,355,4,351
S01001910,318,7,311
S01001911,297,2,295
S01001912,346,5,341
S01001913,408,9,399
S01001914,239,2,237
S01001915,390,10,380
S01001916,463,35,428
S01001917,256,3,253
S01001918,592,30,562
S01001919,413,3,410
S01001920,356,22,334
S01001921,316,2,314
S01001922,332,0,332
S01001923,229,11,218
S01001924,344,13,331
S01001925,309,5,304
S01001926,232,4,228
S01001927,410,6,404
S01001928,420,10,410
S01001929,509,3,506
S01001930,453,14,439
S01001931,298,3,295
S01001932,373,1,372
S01001933,358,2,356
S01001934,833,30,803
S01001935,452,0,452
S01001936,585,18,567
S01001937,459,6,453
S01001938,262,16,246
S01001939,277,31,246
S01001940,327,22,305
S01001941,428,18,410
S01001942,301,16,285
S01001943,277,4,273
S01001944,346,3,343
S01001945,326,8,318
S01001946,347,2,345
S01001947,452,13,439
S01001948,387,1,386
S01001949,307,3,304
S01001950,528,13,515
S01001951,508,6,502
S01001952,287,10,277
S01001953,367,36,331
S01001954,204,2,202
S01001955,564,15,549
S01001956,299,0,299
S01001957,236,1,235
S01001958,455,31,424
S01001959,251,0,251
S01001960,366,46,320
S01001961,543,20,523
S01001962,420,3,417
S01001963,487,36,451
S01001964,383,2,381
S01001965,407,5,402
S01001966,768,17,751
S01001967,314,3,311
S01001968,442,9,433
S01001969,305,9,296
S01001970,283,2,281
S01001971,440,8,432
S01001972,330,6,324
S01001973,326,2,324
S01001974,362,31,331
S01001975,416,28,388
S01001976,329,63,266
S01001977,439,9,430
S01001978,612,3,609
S01001979,309,19,290
S01001980,443,21,422
S01001981,418,52,366
S01001982,200,0,200
S01001983,337,49,288
S01001984,515,15,500
S01001985,339,4,335
S01001986,373,32,341
S01001987,281,106,175
S01001988,350,0,350
S01001989,388,3,385
S01001990,343,59,284
S01001991,334,3,331
S01001992,306,17,289
S01001993,276,21,255
S01001994,386,14,372
S01001995,323,0,323
S01001996,351,70,281
S01001997,420,17,403
S01001998,308,1,307
S01001999,267,99,168
S01002000,345,0,345
S01002001,572,10,562
S01002002,259,104,155
S01002003,358,6,352
S01002004,453,28,425
S01002005,465,2,463
S01002006,352,0,352
S01002007,676,28,648
S01002008,433,48,385
S01002009,412,78,334
S01002010,203,52,151
S01002011,447,0,447
S01002012,360,53,307
S01002013,371,48,323
S01002014,331,102,229
S01002015,330,0,330
S01002016,330,22,308
S01002017,499,3,496
S01002018,343,0,343
S01002019,290,99,191
S01002020,180,33,147
S01002021,543,0,543
S01002022,411,0,411
S01002023,351,49,302
S01002024,323,22,301
S01002025,560,19,541
S01002026,299,0,299
S01002027,453,147,306
S01002028,314,89,225
S01002029,272,96,176
S01002030,470,25,445
S01002031,409,5,404
S01002032,386,44,342
S01002033,525,18,507
S01002034,376,73,303
S01002035,308,0,308
S01002036,589,38,551
S01002037,307,85,222
S01002038,200,38,162
S01002039,300,0,300
S01002040,339,32,307
S01002041,430,24,406
S01002042,522,0,522
S01002043,367,0,367
S01002044,292,0,292
S01002045,481,1,480
S01002046,387,16,371
S01002047,344,43,301
S01002048,260,104,156
S01002049,544,121,423
S01002050,290,0,290
S01002051,367,0,367
S01002052,525,45,480
S01002053,311,72,239
S01002054,323,40,283
S01002055,350,0,350
S01002056,459,2,457
S01002057,431,1,430
S01002058,536,25,511
S01002059,402,38,364
S01002060,331,112,219
S01002061,396,47,349
S01002062,297,0,297
S01002063,524,33,491
S01002064,591,52,539
S01002065,308,44,264
S01002066,649,84,565
S01002067,420,1,419
S01002068,585,50,535
S01002069,291,2,289
S01002070,371,56,315
S01002071,341,79,262
S01002072,534,2,532
S01002073,426,24,402
S01002074,286,1,285
S01002075,560,9,551
S01002076,434,70,364
S01002077,349,0,349
S01002078,476,1,475
S01002079,516,24,492
S01002080,385,0,385
S01002081,361,25,336
S01002082,514,11,503
S01002083,295,0,295
S01002084,442,40,402
S01002085,276,53,223
S01002086,326,57,269
S01002087,576,128,448
S01002088,400,1,399
S01002089,438,1,437
S01002090,480,1,479
S01002091,446,64,382
S01002092,383,0,383
S01002093,437,47,390
S01002094,359,0,359
S01002095,264,1,263
S01002096,539,0,539
S01002097,299,0,299
S01002098,352,0,352
S01002099,401,37,364
S01002100,266,0,266
S01002101,592,25,567
S01002102,337,0,337
S01002103,275,0,275
S01002104,540,54,486
S01002105,343,0,343
S01002106,413,84,329
S01002107,211,0,211
S01002108,393,102,291
S01002109,444,70,374
S01002110,334,2,332
S01002111,430,1,429
S01002112,491,0,491
S01002113,321,0,321
S01002114,273,0,273
S01002115,503,27,476
S01002116,363,0,363
S01002117,476,27,449
S01002118,546,71,475
S01002119,290,1,289
S01002120,319,1,318
S01002121,307,3,304
S01002122,362,0,362
S01002123,398,0,398
S01002124,413,2,411
S01002125,454,3,451
S01002126,243,0,243
S01002127,315,0,315
S01002128,391,22,369
S01002129,489,39,450
S01002130,227,0,227
S01002131,420,68,352
S01002132,404,2,402
S01002133,615,9,606
S01002134,252,0,252
S01002135,337,0,337
S01002136,426,2,424
S01002137,380,1,379
S01002138,404,2,402
S01002139,285,0,285
S01002140,421,0,421
S01002141,326,0,326
S01002142,460,0,460
S01002143,377,0,377
S01002144,316,0,316
S01002145,503,26,477
S01002146,537,12,525
S01002147,424,0,424
S01002148,345,0,345
S01002149,572,0,572
S01002150,338,5,333
S01002151,876,31,845
S01002152,425,4,421
S01002153,234,1,233
S01002154,435,0,435
S01002155,511,9,502
S01002156,396,24,372
S01002157,349,5,344
S01002158,421,1,420
S01002159,379,17,362
S01002160,530,12,518
S01002161,338,36,302
S01002162,429,0,429
S01002163,678,15,663
S01002164,345,0,345
S01002165,406,1,405
S01002166,401,34,367
S01002167,304,0,304
S01002168,634,10,624
S01002169,455,3,452
S01002170,434,1,433
S01002171,285,0,285
S01002172,313,0,313
S01002173,533,4,529
S01002174,500,13,487
S01002175,598,12,586
S01002176,375,0,375
S01002177,467,1,466
S01002178,561,4,557
S01002179,283,0,283
S01002180,263,28,235
S01002181,473,0,473
S01002182,384,30,354
S01002183,548,12,536
S01002184,329,0,329
S01002185,541,3,538
S01002186,383,18,365
S01002187,483,37,446
S01002188,358,4,354
S01002189,391,6,385
S01002190,389,29,360
S01002191,459,3,456
S01002192,399,2,397
S01002193,353,1,352
S01002194,342,0,342
S01002195,712,10,702
S01002196,282,0,282
S01002197,391,9,382
S01002198,490,5,485
S01002199,386,33,353
S01002200,438,1,437
S01002201,620,16,604
S01002202,420,50,370
S01002203,260,18,242
S01002204,418,4,414
S01002205,392,3,389
S01002206,558,25,533
S01002207,336,0,336
S01002208,352,23,329
S01002209,582,8,574
S01002210,328,1,327
S01002211,397,0,397
S01002212,676,0,676
S01002213,320,1,319
S01002214,434,6,428
S01002215,464,0,464
S01002216,973,23,950
S01002217,666,36,630
S01002218,296,7,289
S01002219,304,0,304
S01002220,299,0,299
S01002221,614,12,602
S01002222,331,0,331
S01002223,308,0,308
S01002224,397,0,397
S01002225,464,11,453
S01002226,510,23,487
S01002227,444,1,443
S01002228,402,1,401
S01002229,318,0,318
S01002230,549,8,541
S01002231,410,2,408
S01002232,374,0,374
S01002233,575,7,568
S01002234,502,16,486
S01002235,606,8,598
S01002236,415,1,414
S01002237,596,5,591
S01002238,322,0,322
S01002239,500,1,499
S01002240,508,8,500
S01002241,485,3,482
S01002242,348,0,348
S01002243,403,12,391
S01002244,520,10,510
S01002245,1079,40,1039
S01002246,579,12,567
S01002247,389,0,389
S01002248,519,2,517
S01002249,582,5,577
S01002250,433,0,433
S01002251,323,0,323
S01002252,350,1,349
S01002253,463,0,463
S01002254,557,7,550
S01002255,1043,14,1029
S01002256,640,8,632
S01002257,306,4,302
S01002258,471,7,464
S01002259,266,2,264
S01002260,354,0,354
S01002261,413,2,411
S01002262,345,0,345
S01002263,354,1,353
S01002264,393,0,393
S01002265,743,3,740
S01002266,425,10,415
S01002267,431,21,410
S01002268,285,0,285
S01002269,526,9,517
S01002270,883,29,854
S01002271,407,0,407
S01002272,371,3,368
S01002273,415,3,412
S01002274,746,4,742
S01002275,643,0,643
S01002276,340,0,340
S01002277,421,2,419
S01002278,510,7,503
S01002279,635,7,628
S01002280,333,0,333
S01002281,290,0,290
S01002282,137,0,137
S01002283,297,5,292
S01002284,915,6,909
S01002285,572,9,563
S01002286,368,0,368
S01002287,334,1,333
S01002288,712,5,707
S01002289,681,1,680
S01002290,568,10,558
S01002291,475,2,473
S01002292,616,5,611
S01002293,347,1,346
S01002294,269,0,269
S01002295,333,0,333
S01002297,398,1,397
S01002298,271,0,271
S01002299,323,0,323
S01002300,359,0,359
S01002301,924,7,917
S01002302,372,3,369
S01002303,400,0,400
S01002304,969,10,959
S01002305,467,2,465
S01002306,218,0,218
S01002307,664,5,659
S01002308,510,0,510
S01002309,394,2,392
S01002310,637,3,634
S01002311,350,0,350
S01002312,379,1,378
S01002313,286,0,286
S01002314,439,2,437
S01002315,236,1,235
S01002316,273,0,273
S01002317,2008,21,1987
S01002318,495,8,487
S01002319,593,1,592
S01002320,296,0,296
S01002321,557,3,554
S01002322,378,1,377
S01002323,395,1,394
S01002324,375,1,374
S01002325,884,10,874
S01002326,596,2,594
S01002327,348,0,348
S01002328,327,0,327
S01002329,270,0,270
S01002330,318,2,316
S01002331,290,0,290
S01002332,319,0,319
S01002333,296,0,296
S01002334,394,0,394
S01002335,445,0,445
S01002336,404,0,404
S01002337,363,0,363
S01002338,252,1,251
S01002339,284,0,284
S01002340,303,0,303
S01002341,250,0,250
S01002342,278,0,278
S01002343,326,3,323
S01002344,221,0,221
S01002345,366,0,366
S01002346,447,0,447
S01002347,344,0,344
S01002348,435,0,435
S01002349,476,0,476
S01002350,433,0,433
S01002351,373,0,373
S01002352,411,4,407
S01002353,348,0,348
S01002354,363,0,363
S01002355,401,0,401
S01002356,503,1,502
S01002357,293,0,293
S01002358,232,0,232
S01002359,412,0,412
S01002360,338,0,338
S01002361,287,1,286
S01002362,336,0,336
S01002363,440,0,440
S01002364,313,0,313
S01002365,274,0,274
S01002366,367,0,367
S01002367,437,0,437
S01002368,381,0,381
S01002369,286,0,286
S01002370,321,0,321
S01002371,283,0,283
S01002372,356,0,356
S01002373,299,0,299
S01002374,359,0,359
S01002375,354,0,354
S01002376,383,0,383
S01002377,376,0,376
S01002378,215,0,215
S01002379,488,0,488
S01002380,312,0,312
S01002381,343,0,343
S01002382,269,0,269
S01002383,190,0,190
S01002384,225,0,225
S01002385,336,0,336
S01002386,419,0,419
S01002387,291,0,291
S01002388,267,0,267
S01002389,279,0,279
S01002390,439,0,439
S01002391,555,0,555
S01002392,685,0,685
S01002393,401,0,401
S01002394,348,0,348
S01002395,306,0,306
S01002396,298,0,298
S01002397,508,0,508
S01002398,375,0,375
S01002399,437,0,437
S01002400,362,0,362
S01002401,399,0,399
S01002402,367,0,367
S01002403,320,0,320
S01002404,397,0,397
S01002405,307,0,307
S01002406,355,0,355
S01002407,273,0,273
S01002408,363,0,363
S01002409,304,0,304
S01002410,217,0,217
S01002411,934,0,934
S01002412,381,1,380
S01002413,259,0,259
S01002414,279,0,279
S01002415,290,0,290
S01002416,234,0,234
S01002417,294,1,293
S01002418,397,0,397
S01002419,219,0,219
S01002420,251,0,251
S01002421,337,0,337
S01002422,247,0,247
S01002423,474,0,474
S01002424,366,0,366
S01002425,403,0,403
S01002426,462,0,462
S01002427,395,0,395
S01002428,233,0,233
S01002429,574,0,574
S01002430,303,0,303
S01002431,371,1,370
S01002432,647,0,647
S01002433,277,0,277
S01002434,439,1,438
S01002435,297,0,297
S01002436,420,0,420
S01002437,384,0,384
S01002438,282,1,281
S01002439,335,0,335
S01002440,420,0,420
S01002441,297,0,297
S01002442,266,2,264
S01002443,313,0,313
S01002444,250,0,250
S01002445,417,3,414
S01002446,438,0,438
S01002447,260,0,260
S01002448,198,0,198
S01002449,235,0,235
S01002450,436,0,436
S01002451,398,0,398
S01002452,238,1,237
S01002453,300,0,300
S01002454,321,0,321
S01002455,221,0,221
S01002456,434,0,434
S01002457,307,0,307
S01002458,412,0,412
S01002459,334,0,334
S01002460,399,0,399
S01002461,163,0,163
S01002462,381,1,380
S01002463,453,0,453
S01002464,239,0,239
S01002465,280,0,280
S01002466,429,0,429
S01002467,233,0,233
S01002468,327,0,327
S01002469,278,0,278
S01002470,348,0,348
S01002471,244,0,244
S01002472,309,1,308
S01002473,457,1,456
S01002474,239,1,238
S01002475,264,0,264
S01002476,395,0,395
S01002477,383,0,383
S01002478,386,0,386
S01002479,324,0,324
S01002480,268,0,268
S01002481,430,0,430
S01002482,476,0,476
S01002483,387,0,387
S01002484,375,0,375
S01002485,361,0,361
S01002486,293,0,293
S01002487,230,0,230
S01002488,349,0,349
S01002489,312,0,312
S01002490,267,0,267
S01002491,239,2,237
S01002492,380,0,380
S01002493,409,0,409
S01002494,269,0,269
S01002495,277,0,277
S01002496,573,1,572
S01002497,473,1,472
S01002498,249,0,249
S01002499,507,0,507
S01002500,301,0,301
S01002501,222,0,222
S01002502,371,0,371
S01002503,330,0,330
S01002504,577,0,577
S01002505,386,0,386
S01002506,326,0,326
S01002507,355,0,355
S01002508,378,0,378
S01002509,526,0,526
S01002510,437,0,437
S01002511,224,0,224
S01002512,376,0,376
S01002513,630,1,629
S01002514,300,0,300
S01002515,313,0,313
S01002516,360,0,360
S01002517,264,0,264
S01002518,405,0,405
S01002519,467,0,467
S01002520,281,0,281
S01002521,293,1,292
S01002522,291,0,291
S01002523,290,0,290
S01002524,319,2,317
S01002525,328,0,328
S01002526,190,0,190
S01002527,329,0,329
S01002528,361,0,361
S01002529,476,0,476
S01002530,298,0,298
S01002531,380,0,380
S01002532,319,0,319
S01002533,317,0,317
S01002534,369,1,368
S01002535,347,0,347
S01002536,269,0,269
S01002537,217,0,217
S01002538,381,0,381
S01002539,397,0,397
S01002540,282,0,282
S01002541,731,0,731
S01002542,291,0,291
S01002543,259,0,259
S01002544,391,0,391
S01002545,385,0,385
S01002546,337,0,337
S01002547,303,0,303
S01002548,482,0,482
S01002549,246,0,246
S01002550,191,0,191
S01002551,264,0,264
S01002552,249,0,249
S01002553,384,0,384
S01002554,215,0,215
S01002555,351,0,351
S01002556,297,0,297
S01002557,352,0,352
S01002558,233,0,233
S01002559,281,0,281
S01002560,246,0,246
S01002561,343,0,343
S01002562,263,0,263
S01002563,385,0,385
S01002564,238,0,238
S01002565,372,0,372
S01002566,263,0,263
S01002567,881,0,881
S01002568,370,0,370
S01002569,585,0,585
S01002570,264,0,264
S01002571,301,0,301
S01002572,248,0,248
S01002573,220,0,220
S01002574,439,0,439
S01002575,373,0,373
S01002576,330,0,330
S01002577,452,2,450
S01002578,301,0,301
S01002579,451,2,449
S01002580,332,0,332
S01002581,270,0,270
S01002582,329,0,329
S01002583,388,1,387
S01002584,537,1,536
S01002585,419,0,419
S01002586,217,0,217
S01002587,308,0,308
S01002588,311,0,311
S01002589,339,0,339
S01002590,305,0,305
S01002591,271,0,271
S01002592,432,0,432
S01002593,337,0,337
S01002594,259,0,259
S01002595,320,1,319
S01002596,284,0,284
S01002597,219,0,219
S01002598,428,0,428
S01002599,242,0,242
S01002600,364,1,363
S01002601,296,0,296
S01002602,221,0,221
S01002603,355,1,354
S01002604,397,0,397
S01002605,255,0,255
S01002606,211,0,211
S01002607,373,0,373
S01002608,206,0,206
S01002609,351,0,351
S01002610,381,0,381
S01002611,325,0,325
S01002612,392,0,392
S01002613,386,1,385
S01002614,397,0,397
S01002615,180,0,180
S01002616,227,0,227
S01002617,436,0,436
S01002618,399,0,399
S01002619,342,0,342
S01002620,457,0,457
S01002621,246,0,246
S01002622,3064,2,3062
S01002623,598,0,598
S01002624,288,0,288
S01002625,367,0,367
S01002626,274,0,274
S01002627,394,0,394
S01002628,311,0,311
S01002629,376,0,376
S01002630,332,0,332
S01002631,351,0,351
S01002632,242,0,242
S01002633,379,0,379
S01002634,330,0,330
S01002635,256,0,256
S01002636,269,0,269
S01002637,333,0,333
S01002638,318,1,317
S01002639,399,0,399
S01002640,313,0,313
S01002641,350,0,350
S01002642,270,0,270
S01002643,285,0,285
S01002644,306,0,306
S01002645,288,0,288
S01002646,366,0,366
S01002647,406,0,406
S01002648,464,0,464
S01002649,283,0,283
S01002650,288,0,288
S01002651,270,0,270
S01002652,258,0,258
S01002653,355,0,355
S01002654,385,0,385
S01002655,391,0,391
S01002656,401,0,401
S01002657,393,0,393
S01002658,704,1,703
S01002659,409,0,409
S01002660,337,0,337
S01002661,377,0,377
S01002662,558,0,558
S01002663,326,0,326
S01002664,358,0,358
S01002665,347,0,347
S01002666,586,0,586
S01002667,310,0,310
S01002668,217,0,217
S01002669,484,0,484
S01002670,236,0,236
S01002671,544,1,543
S01002672,318,0,318
S01002673,287,1,286
S01002674,376,0,376
S01002675,416,0,416
S01002676,322,0,322
S01002677,551,1,550
S01002678,333,0,333
S01002679,553,0,553
S01002680,565,0,565
S01002681,352,1,351
S01002682,232,0,232
S01002683,258,1,257
S01002684,412,0,412
S01002685,450,0,450
S01002686,681,0,681
S01002687,489,1,488
S01002688,264,0,264
S01002689,328,0,328
S01002690,258,0,258
S01002691,555,0,555
S01002692,335,0,335
S01002693,187,0,187
S01002694,264,0,264
S01002695,254,0,254
S01002696,336,0,336
S01002697,373,0,373
S01002698,320,0,320
S01002699,228,0,228
S01002700,351,0,351
S01002701,349,0,349
S01002702,306,0,306
S01002703,574,0,574
S01002704,327,0,327
S01002705,358,1,357
S01002706,403,0,403
S01002707,351,0,351
S01002708,431,0,431
S01002709,464,2,462
S01002710,355,0,355
S01002711,364,0,364
S01002712,308,0,308
S01002713,414,3,411
S01002714,435,0,435
S01002715,407,0,407
S01002716,218,0,218
S01002717,420,1,419
S01002718,394,1,393
S01002719,310,0,310
S01002720,308,0,308
S01002721,389,0,389
S01002722,420,5,415
S01002723,332,0,332
S01002724,427,0,427
S01002725,404,0,404
S01002726,358,0,358
S01002727,387,0,387
S01002728,438,0,438
S01002729,375,0,375
S01002730,480,3,477
S01002731,362,0,362
S01002732,332,0,332
S01002733,313,0,313
S01002734,517,0,517
S01002735,720,0,720
S01002736,292,0,292
S01002737,403,1,402
S01002738,267,0,267
S01002739,333,0,333
S01002740,201,0,201
S01002741,489,0,489
S01002742,385,0,385
S01002743,341,2,339
S01002744,255,0,255
S01002745,307,0,307
S01002746,357,0,357
S01002747,254,1,253
S01002748,384,0,384
S01002749,314,0,314
S01002750,384,0,384
S01002751,421,1,420
S01002752,231,0,231
S01002753,276,0,276
S01002754,247,1,246
S01002755,355,0,355
S01002756,401,0,401
S01002757,254,0,254
S01002758,315,0,315
S01002759,376,0,376
S01002760,238,0,238
S01002761,440,0,440
S01002762,312,0,312
S01002763,374,0,374
S01002764,263,0,263
S01002765,427,0,427
S01002766,459,0,459
S01002767,426,0,426
S01002768,371,0,371
S01002769,338,0,338
S01002770,280,0,280
S01002771,348,0,348
S01002772,377,0,377
S01002773,389,0,389
S01002774,382,0,382
S01002775,287,0,287
S01002776,397,0,397
S01002777,493,0,493
S01002778,397,1,396
S01002779,297,0,297
S01002780,397,1,396
S01002781,399,0,399
S01002782,437,0,437
S01002783,615,0,615
S01002784,228,1,227
S01002785,295,0,295
S01002786,305,0,305
S01002787,302,0,302
S01002788,328,0,328
S01002789,301,0,301
S01002790,415,0,415
S01002791,253,0,253
S01002792,822,3,819
S01002793,375,0,375
S01002794,394,0,394
S01002795,257,0,257
S01002796,250,0,250
S01002797,313,0,313
S01002798,245,0,245
S01002799,326,0,326
S01002800,282,0,282
S01002801,386,0,386
S01002802,245,0,245
S01002803,369,1,368
S01002804,257,0,257
S01002805,410,0,410
S01002806,939,0,939
S01002807,328,0,328
S01002808,370,0,370
S01002809,330,1,329
S01002810,475,0,475
S01002811,455,0,455
S01002812,268,0,268
S01002813,338,0,338
S01002814,413,0,413
S01002815,341,0,341
S01002816,235,0,235
S01002817,248,1,247
S01002818,277,0,277
S01002819,347,0,347
S01002820,330,0,330
S01002821,559,0,559
S01002822,321,0,321
S01002823,394,0,394
S01002824,368,0,368
S01002825,394,0,394
S01002826,243,0,243
S01002827,292,0,292
S01002828,377,0,377
S01002829,391,0,391
S01002830,302,0,302
S01002831,466,0,466
S01002832,312,0,312
S01002833,399,0,399
S01002834,366,0,366
S01002835,333,1,332
S01002836,232,0,232
S01002837,344,0,344
S01002838,274,0,274
S01002839,292,0,292
S01002840,313,0,313
S01002841,432,1,431
S01002842,306,0,306
S01002843,327,0,327
S01002844,276,0,276
S01002845,402,1,401
S01002846,453,0,453
S01002847,411,0,411
S01002848,336,0,336
S01002849,408,1,407
S01002850,414,0,414
S01002851,229,0,229
S01002852,399,0,399
S01002853,215,0,215
S01002854,342,0,342
S01002855,231,0,231
S01002856,411,1,410
S01002857,220,0,220
S01002858,275,0,275
S01002859,343,1,342
S01002860,431,0,431
S01002861,414,0,414
S01002862,246,0,246
S01002863,309,1,308
S01002864,256,1,255
S01002865,356,0,356
S01002866,499,1,498
S01002867,208,0,208
S01002868,329,0,329
S01002869,240,0,240
S01002870,398,0,398
S01002871,289,1,288
S01002872,296,0,296
S01002873,333,0,333
S01002874,338,0,338
S01002875,258,0,258
S01002876,297,0,297
S01002877,351,1,350
S01002878,229,0,229
S01002879,363,0,363
S01002880,223,0,223
S01002881,482,0,482
S01002882,479,0,479
S01002883,436,0,436
S01002884,373,1,372
S01002885,504,0,504
S01002886,339,1,338
S01002887,244,0,244
S01002888,236,0,236
S01002889,374,0,374
S01002890,291,1,290
S01002891,316,0,316
S01002892,301,0,301
S01002893,464,3,461
S01002894,325,0,325
S01002895,318,1,317
S01002896,315,0,315
S01002897,363,0,363
S01002898,500,0,500
S01002899,208,1,207
S01002900,300,0,300
S01002901,363,0,363
S01002902,363,0,363
S01002903,421,0,421
S01002904,311,0,311
S01002905,364,0,364
S01002906,348,0,348
S01002907,287,0,287
S01002908,343,0,343
S01002909,332,0,332
S01002910,451,0,451
S01002911,351,0,351
S01002912,554,0,554
S01002913,328,0,328
S01002914,330,0,330
S01002915,403,0,403
S01002916,387,0,387
S01002917,287,0,287
S01002918,365,0,365
S01002919,361,0,361
S01002920,285,0,285
S01002921,308,0,308
S01002922,230,0,230
S01002923,295,1,294
S01002924,297,3,294
S01002925,595,0,595
S01002926,334,0,334
S01002927,348,1,347
S01002928,229,0,229
S01002929,286,0,286
S01002930,234,0,234
S01002931,365,0,365
S01002932,263,0,263
S01002933,394,1,393
S01002934,393,0,393
S01002935,403,0,403
S01002936,291,0,291
S01002937,218,0,218
S01002938,341,1,340
S01002939,223,0,223
S01002940,258,0,258
S01002941,427,0,427
S01002942,192,0,192
S01002943,285,0,285
S01002944,523,0,523
S01002945,264,0,264
S01002946,427,2,425
S01002947,262,0,262
S01002948,340,1,339
S01002949,226,1,225
S01002950,317,0,317
S01002951,453,0,453
S01002952,256,0,256
S01002953,444,1,443
S01002954,356,0,356
S01002955,492,0,492
S01002956,342,0,342
S01002957,379,0,379
S01002958,232,1,231
S01002959,443,0,443
S01002960,278,0,278
S01002961,351,2,349
S01002962,264,0,264
S01002963,355,0,355
S01002964,334,2,332
S01002965,377,0,377
S01002966,245,0,245
S01002967,392,0,392
S01002968,572,36,536
S01002969,453,0,453
S01002970,278,0,278
S01002971,512,0,512
S01002972,544,6,538
S01002973,364,2,362
S01002974,395,0,395
S01002975,333,2,331
S01002976,456,0,456
S01002977,347,0,347
S01002978,484,0,484
S01002979,299,0,299
S01002980,342,20,322
S01002981,333,9,324
S01002982,282,5,277
S01002983,379,31,348
S01002984,329,22,307
S01002985,274,18,256
S01002986,327,35,292
S01002987,327,61,266
S01002988,314,2,312
S01002989,495,109,386
S01002990,251,115,136
S01002991,327,12,315
S01002992,344,96,248
S01002993,311,5,306
S01002994,387,151,236
S01002995,221,140,81
S01002996,332,126,206
S01002997,302,117,185
S01002998,356,0,356
S01002999,209,101,108
S01003000,301,1,300
S01003001,273,0,273
S01003002,434,2,432
S01003003,268,0,268
S01003004,214,0,214
S01003005,237,0,237
S01003006,455,0,455
S01003007,323,1,322
S01003008,164,0,164
S01003009,243,1,242
S01003010,306,0,306
S01003011,275,2,273
S01003012,425,0,425
S01003013,266,1,265
S01003014,271,1,270
S01003015,320,0,320
S01003016,200,0,200
S01003017,333,0,333
S01003018,383,1,382
S01003019,355,0,355
S01003020,311,0,311
S01003021,281,0,281
S01003022,425,0,425
S01003023,299,0,299
S01003024,344,0,344
S01003025,364,3,361
S01003026,364,0,364
S01003027,407,3,404
S01003028,398,0,398
S01003029,488,2,486
S01003030,577,0,577
S01003032,258,1,257
S01003033,255,0,255
S01003034,377,1,376
S01003035,444,2,442
S01003036,555,2,553
S01003037,700,5,695
S01003038,294,1,293
S01003039,407,4,403
S01003040,472,0,472
S01003041,257,1,256
S01003042,270,0,270
S01003043,289,1,288
S01003044,553,4,549
S01003045,416,8,408
S01003046,350,0,350
S01003047,476,1,475
S01003048,270,1,269
S01003049,280,0,280
S01003050,298,1,297
S01003051,460,1,459
S01003052,330,1,329
S01003053,382,0,382
S01003054,354,1,353
S01003055,424,7,417
S01003056,417,2,415
S01003057,302,0,302
S01003058,501,0,501
S01003059,395,1,394
S01003060,428,1,427
S01003061,292,2,290
S01003062,377,3,374
S01003063,333,1,332
S01003064,438,1,437
S01003065,599,0,599
S01003066,301,1,300
S01003067,232,1,231
S01003068,383,1,382
S01003069,266,0,266
S01003070,344,0,344
S01003071,288,0,288
S01003072,486,0,486
S01003073,302,1,301
S01003074,256,1,255
S01003075,310,1,309
S01003076,521,1,520
S01003077,500,4,496
S01003078,293,0,293
S01003079,344,0,344
S01003080,349,0,349
S01003081,320,0,320
S01003082,419,2,417
S01003083,576,1,575
S01003084,415,3,412
S01003085,423,1,422
S01003086,214,4,210
S01003087,269,0,269
S01003088,536,3,533
S01003089,282,0,282
S01003090,324,0,324
S01003091,251,1,250
S01003092,348,1,347
S01003093,507,1,506
S01003094,447,0,447
S01003095,259,0,259
S01003096,274,1,273
S01003097,121,0,121
S01003098,826,4,822
S01003099,224,2,222
S01003100,368,1,367
S01003101,218,0,218
S01003102,285,0,285
S01003103,273,0,273
S01003104,570,0,570
S01003105,332,2,330
S01003106,311,0,311
S01003107,309,3,306
S01003108,488,1,487
S01003109,371,0,371
S01003110,294,0,294
S01003111,359,8,351
S01003112,429,1,428
S01003113,279,0,279
S01003114,348,0,348
S01003115,500,2,498
S01003116,586,1,585
S01003117,464,2,462
S01003118,266,1,265
S01003119,269,1,268
S01003120,561,3,558
S01003121,366,1,365
S01003122,325,1,324
S01003123,416,4,412
S01003124,499,2,497
S01003125,460,1,459
S01003126,121,0,121
S01003127,336,0,336
S01003128,544,0,544
S01003129,652,6,646
S01003130,457,3,454
S01003131,456,1,455
S01003132,470,3,467
S01003133,663,0,663
S01003134,339,0,339
S01003135,346,0,346
S01003136,463,1,462
S01003137,375,3,372
S01003138,662,1,661
S01003139,619,7,612
S01003140,425,0,425
S01003141,463,2,461
S01003142,525,0,525
S01003143,452,1,451
S01003144,399,2,397
S01003145,303,0,303
S01003146,408,0,408
S01003147,404,0,404
S01003148,276,1,275
S01003149,566,1,565
S01003150,409,0,409
S01003151,367,1,366
S01003152,495,3,492
S01003153,277,1,276
S01003154,543,2,541
S01003155,486,1,485
S01003156,494,1,493
S01003157,587,7,580
S01003158,319,1,318
S01003159,81,0,81
S01003160,281,2,279
S01003161,259,0,259
S01003162,302,2,300
S01003163,331,1,330
S01003164,272,0,272
S01003165,497,4,493
S01003166,398,1,397
S01003167,374,5,369
S01003168,519,3,516
S01003169,950,6,944
S01003170,315,0,315
S01003171,232,0,232
S01003172,372,18,354
S01003173,278,3,275
S01003174,370,3,367
S01003175,476,4,472
S01003176,471,3,468
S01003177,415,0,415
S01003178,398,1,397
S01003179,280,5,275
S01003180,238,1,237
S01003181,344,2,342
S01003182,371,10,361
S01003183,331,8,323
S01003184,363,0,363
S01003185,259,3,256
S01003186,402,3,399
S01003187,492,4,488
S01003188,490,16,474
S01003189,420,3,417
S01003190,408,3,405
S01003191,278,1,277
S01003192,592,6,586
S01003193,638,4,634
S01003194,363,0,363
S01003195,306,0,306
S01003196,408,1,407
S01003197,375,3,372
S01003198,470,7,463
S01003199,416,4,412
S01003200,430,2,428
S01003201,133,6,127
S01003202,528,6,522
S01003203,413,2,411
S01003204,363,0,363
S01003205,431,0,431
S01003206,468,1,467
S01003207,316,1,315
S01003208,635,5,630
S01003209,250,3,247
S01003210,365,0,365
S01003211,251,5,246
S01003212,261,0,261
S01003213,264,2,262
S01003214,348,0,348
S01003215,383,0,383
S01003216,343,0,343
S01003217,418,2,416
S01003218,338,0,338
S01003219,337,2,335
S01003220,277,6,271
S01003221,428,2,426
S01003222,280,7,273
S01003223,470,2,468
S01003224,284,1,283
S01003225,398,1,397
S01003226,342,4,338
S01003227,792,20,772
S01003228,597,6,591
S01003229,332,1,331
S01003230,374,2,372
S01003231,442,1,441
S01003232,503,11,492
S01003233,349,0,349
S01003234,360,1,359
S01003235,370,2,368
S01003236,252,9,243
S01003237,414,0,414
S01003238,346,3,343
S01003239,461,3,458
S01003240,326,0,326
S01003241,349,3,346
S01003242,497,4,493
S01003243,405,0,405
S01003244,446,0,446
S01003245,708,6,702
S01003246,660,1,659
S01003247,355,5,350
S01003248,649,5,644
S01003249,421,5,416
S01003250,257,2,255
S01003251,471,1,470
S01003252,247,0,247
S01003253,540,7,533
S01003254,258,1,257
S01003255,446,0,446
S01003256,629,13,616
S01003257,258,0,258
S01003258,311,0,311
S01003259,479,5,474
S01003260,300,1,299
S01003261,421,0,421
S01003262,372,0,372
S01003263,465,7,458
S01003264,308,8,300
S01003265,306,1,305
S01003266,391,0,391
S01003267,583,3,580
S01003268,912,38,874
S01003269,493,1,492
S01003270,451,4,447
S01003271,1036,50,986
S01003272,894,17,877
S01003273,431,9,422
S01003274,335,0,335
S01003275,552,3,549
S01003276,277,0,277
S01003277,321,3,318
S01003278,362,0,362
S01003279,167,1,166
S01003280,445,1,444
S01003281,242,0,242
S01003282,295,0,295
S01003283,291,0,291
S01003284,561,0,561
S01003285,163,3,160
S01003286,587,5,582
S01003287,201,0,201
S01003288,285,0,285
S01003289,216,1,215
S01003290,443,1,442
S01003291,394,0,394
S01003292,286,0,286
S01003293,447,1,446
S01003294,445,2,443
S01003295,376,0,376
S01003296,395,2,393
S01003297,316,5,311
S01003298,474,0,474
S01003299,214,2,212
S01003300,386,2,384
S01003301,406,4,402
S01003302,401,10,391
S01003303,1144,165,979
S01003304,365,7,358
S01003305,384,2,382
S01003306,515,1,514
S01003307,520,0,520
S01003308,367,0,367
S01003309,494,1,493
S01003310,376,0,376
S01003311,279,0,279
S01003312,228,0,228
S01003313,457,7,450
S01003314,372,2,370
S01003315,308,16,292
S01003316,317,12,305
S01003317,293,4,289
S01003318,299,0,299
S01003320,269,20,249
S01003321,304,0,304
S01003322,461,10,451
S01003323,292,0,292
S01003324,245,3,242
S01003325,313,0,313
S01003326,453,2,451
S01003327,274,6,268
S01003328,636,96,540
S01003329,367,0,367
S01003330,324,2,322
S01003331,376,2,374
S01003332,206,0,206
S01003333,525,24,501
S01003334,449,2,447
S01003335,451,34,417
S01003336,497,5,492
S01003337,587,1,586
S01003338,455,5,450
S01003339,329,0,329
S01003340,551,0,551
S01003341,345,1,344
S01003342,353,9,344
S01003343,299,1,298
S01003344,191,0,191
S01003345,512,0,512
S01003346,383,4,379
S01003347,509,7,502
S01003348,595,19,576
S01003349,630,3,627
S01003350,365,0,365
S01003351,607,2,605
S01003352,538,0,538
S01003353,440,10,430
S01003354,325,0,325
S01003355,581,21,560
S01003356,516,10,506
S01003357,206,0,206
S01003358,1130,130,1000
S01003359,355,1,354
S01003360,312,0,312
S01003361,380,2,378
S01003362,306,0,306
S01003363,365,0,365
S01003364,332,4,328
S01003365,318,2,316
S01003366,422,48,374
S01003367,671,0,671
S01003368,921,206,715
S01003369,329,1,328
S01003370,390,49,341
S01003371,403,32,371
S01003372,282,0,282
S01003373,1454,163,1291
S01003374,214,0,214
S01003375,414,0,414
S01003376,249,3,246
S01003377,353,0,353
S01003378,433,8,425
S01003379,277,0,277
S01003380,614,49,565
S01003381,356,2,354
S01003382,930,58,872
S01003383,461,3,458
S01003384,475,0,475
S01003385,456,30,426
S01003386,368,1,367
S01003387,455,11,444
S01003388,580,3,577
S01003389,610,4,606
S01003390,530,0,530
S01003391,405,15,390
S01003392,455,15,440
S01003393,432,3,429
S01003394,252,9,243
S01003395,353,11,342
S01003396,461,4,457
S01003397,444,1,443
S01003398,404,11,393
S01003399,685,53,632
S01003400,362,0,362
S01003401,360,0,360
S01003402,419,0,419
S01003403,608,61,547
S01003404,267,0,267
S01003405,374,1,373
S01003406,398,9,389
S01003407,425,6,419
S01003408,330,4,326
S01003409,783,87,696
S01003410,730,156,574
S01003411,433,1,432
S01003412,461,3,458
S01003413,296,1,295
S01003414,219,1,218
S01003415,468,22,446
S01003416,535,46,489
S01003417,562,32,530
S01003418,503,9,494
S01003419,431,3,428
S01003420,198,1,197
S01003421,419,0,419
S01003422,424,4,420
S01003423,466,38,428
S01003424,615,3,612
S01003425,420,70,350
S01003426,623,15,608
S01003427,491,0,491
S01003428,424,3,421
S01003429,365,60,305
S01003430,426,50,376
S01003431,481,0,481
S01003432,387,96,291
S01003433,555,111,444
S01003434,431,1,430
S01003435,318,1,317
S01003436,238,1,237
S01003437,349,73,276
S01003438,638,57,581
S01003439,817,49,768
S01003440,216,0,216
S01003441,762,8,754
S01003442,514,3,511
S01003443,476,2,474
S01003444,366,1,365
S01003445,485,7,478
S01003446,274,42,232
S01003447,526,64,462
S01003448,369,3,366
S01003449,417,43,374
S01003450,645,44,601
S01003451,517,54,463
S01003452,250,0,250
S01003453,658,53,605
S01003454,291,46,245
S01003455,382,0,382
S01003456,128,2,126
S01003457,577,13,564
S01003458,508,3,505
S01003459,367,1,366
S01003460,593,70,523
S01003461,331,0,331
S01003462,244,1,243
S01003463,294,1,293
S01003464,427,108,319
S01003465,1625,60,1565
S01003466,459,35,424
S01003467,347,0,347
S01003468,373,77,296
S01003469,584,24,560
S01003470,694,87,607
S01003471,315,2,313
S01003472,394,3,391
S01003473,593,32,561
S01003474,275,92,183
S01003475,432,40,392
S01003476,435,10,425
S01003477,716,19,697
S01003478,460,56,404
S01003479,498,50,448
S01003480,471,2,469
S01003481,585,36,549
S01003482,388,7,381
S01003483,271,0,271
S01003484,446,131,315
S01003485,409,83,326
S01003486,391,0,391
S01003487,481,114,367
S01003488,384,0,384
S01003489,602,2,600
S01003490,338,18,320
S01003491,44,0,44
S01003492,609,26,583
S01003493,490,11,479
S01003494,481,27,454
S01003495,481,5,476
S01003496,634,26,608
S01003497,521,53,468
S01003498,555,11,544
S01003499,637,15,622
S01003500,333,4,329
S01003501,367,96,271
S01003502,706,5,701
S01003503,388,46,342
S01003504,375,73,302
S01003506,514,71,443
S01003507,283,41,242
S01003508,516,9,507
S01003509,469,45,424
S01003510,241,7,234
S01003511,530,23,507
S01003512,361,0,361
S01003513,272,104,168
S01003514,418,113,305
S01003515,272,0,272
S01003516,307,1,306
S01003517,449,39,410
S01003518,621,9,612
S01003519,332,24,308
S01003520,400,20,380
S01003521,219,75,144
S01003522,435,42,393
S01003523,347,2,345
S01003524,561,6,555
S01003525,583,35,548
S01003526,461,48,413
S01003527,346,0,346
S01003528,192,0,192
S01003529,210,1,209
S01003530,428,41,387
S01003531,433,8,425
S01003532,483,1,482
S01003533,176,0,176
S01003534,565,3,562
S01003535,406,1,405
S01003536,513,19,494
S01003537,478,25,453
S01003538,286,0,286
S01003539,500,4,496
S01003540,264,0,264
S01003541,364,2,362
S01003542,406,9,397
S01003543,381,3,378
S01003544,226,9,217
S01003545,408,11,397
S01003546,541,1,540
S01003547,433,19,414
S01003549,381,0,381
S01003550,246,0,246
S01003551,355,1,354
S01003552,615,33,582
S01003553,356,2,354
S01003554,408,35,373
S01003555,335,20,315
S01003556,258,0,258
S01003557,365,0,365
S01003558,509,27,482
S01003559,388,4,384
S01003560,608,6,602
S01003561,550,12,538
S01003562,331,3,328
S01003563,234,0,234
S01003564,351,3,348
S01003565,452,1,451
S01003566,394,48,346
S01003567,469,0,469
S01003568,355,5,350
S01003569,290,0,290
S01003570,319,2,317
S01003571,464,15,449
S01003572,559,3,556
S01003573,476,0,476
S01003574,549,38,511
S01003575,451,14,437
S01003576,424,10,414
S01003577,391,0,391
S01003578,94,0,94
S01003579,425,2,423
S01003580,587,2,585
S01003581,711,37,674
S01003582,416,6,410
S01003583,280,0,280
S01003584,338,0,338
S01003585,437,26,411
S01003586,499,0,499
S01003587,365,2,363
S01003588,294,0,294
S01003589,507,12,495
S01003590,383,3,380
S01003591,493,3,490
S01003592,713,11,702
S01003593,291,2,289
S01003594,449,7,442
S01003595,455,1,454
S01003596,611,4,607
S01003597,340,4,336
S01003598,305,0,305
S01003599,445,4,441
S01003600,507,3,504
S01003601,406,3,403
S01003602,268,0,268
S01003603,438,1,437
S01003604,432,15,417
S01003605,372,2,370
S01003606,416,0,416
S01003607,212,0,212
S01003608,269,1,268
S01003609,497,11,486
S01003610,512,9,503
S01003611,492,0,492
S01003612,476,4,472
S01003613,557,1,556
S01003614,272,0,272
S01003615,370,0,370
S01003616,294,0,294
S01003617,499,1,498
S01003618,376,0,376
S01003619,456,1,455
S01003620,502,12,490
S01003621,501,0,501
S01003622,408,0,408
S01003623,337,0,337
S01003624,652,5,647
S01003625,188,3,185
S01003626,329,1,328
S01003627,361,4,357
S01003628,274,0,274
S01003629,403,2,401
S01003630,411,0,411
S01003631,594,4,590
S01003632,417,12,405
S01003633,713,2,711
S01003634,394,1,393
S01003635,405,5,400
S01003636,520,0,520
S01003637,523,14,509
S01003638,394,8,386
S01003639,370,1,369
S01003640,487,7,480
S01003641,266,0,266
S01003642,383,0,383
S01003643,308,8,300
S01003644,468,0,468
S01003645,258,4,254
S01003646,437,0,437
S01003647,354,0,354
S01003648,431,27,404
S01003649,396,0,396
S01003650,402,1,401
S01003651,386,0,386
S01003652,375,10,365
S01003653,279,1,278
S01003654,404,0,404
S01003655,260,0,260
S01003656,398,11,387
S01003657,345,1,344
S01003658,360,0,360
S01003659,435,6,429
S01003660,336,0,336
S01003661,451,3,448
S01003662,340,1,339
S01003663,340,2,338
S01003664,276,1,275
S01003665,367,1,366
S01003666,299,0,299
S01003667,329,0,329
S01003668,364,0,364
S01003669,433,0,433
S01003670,475,1,474
S01003671,316,0,316
S01003672,356,2,354
S01003673,195,0,195
S01003674,407,1,406
S01003675,458,18,440
S01003676,674,26,648
S01003677,284,0,284
S01003678,289,1,288
S01003679,521,1,520
S01003680,278,0,278
S01003681,313,0,313
S01003682,410,2,408
S01003683,285,0,285
S01003684,354,1,353
S01003685,228,0,228
S01003686,443,2,441
S01003687,379,0,379
S01003688,443,1,442
S01003689,267,1,266
S01003690,604,0,604
S01003691,461,2,459
S01003692,512,2,510
S01003693,246,2,244
S01003694,396,0,396
S01003695,466,0,466
S01003696,526,0,526
S01003697,371,0,371
S01003698,432,0,432
S01003699,365,0,365
S01003700,483,0,483
S01003701,628,0,628
S01003702,338,0,338
S01003703,450,0,450
S01003704,321,0,321
S01003705,417,0,417
S01003706,308,0,308
S01003707,398,0,398
S01003708,439,1,438
S01003709,451,2,449
S01003710,579,0,579
S01003711,448,1,447
S01003712,430,0,430
S01003713,227,0,227
S01003714,252,0,252
S01003715,331,1,330
S01003716,255,0,255
S01003717,357,0,357
S01003718,285,1,284
S01003719,259,0,259
S01003720,449,0,449
S01003721,364,0,364
S01003722,455,0,455
S01003723,234,0,234
S01003724,339,0,339
S01003725,270,1,269
S01003726,293,5,288
S01003727,282,1,281
S01003728,244,0,244
S01003729,362,2,360
S01003730,258,0,258
S01003731,283,4,279
S01003732,410,0,410
S01003733,369,0,369
S01003734,287,0,287
S01003735,340,0,340
S01003736,350,0,350
S01003737,281,0,281
S01003738,300,0,300
S01003739,247,0,247
S01003740,265,4,261
S01003741,393,0,393
S01003742,283,0,283
S01003743,245,0,245
S01003744,278,0,278
S01003745,345,0,345
S01003746,380,0,380
S01003747,496,0,496
S01003748,272,0,272
S01003749,374,0,374
S01003750,305,0,305
S01003751,496,0,496
S01003752,392,0,392
S01003753,503,0,503
S01003754,397,0,397
S01003755,667,0,667
S01003756,388,0,388
S01003757,266,0,266
S01003758,430,0,430
S01003759,298,0,298
S01003760,362,0,362
S01003761,419,0,419
S01003762,453,3,450
S01003763,419,0,419
S01003764,370,0,370
S01003765,321,0,321
S01003766,344,0,344
S01003767,369,0,369
S01003768,273,0,273
S01003769,416,0,416
S01003770,337,0,337
S01003771,313,0,313
S01003772,255,0,255
S01003773,296,0,296
S01003774,329,0,329
S01003775,380,0,380
S01003776,288,0,288
S01003777,430,0,430
S01003778,1268,0,1268
S01003779,224,0,224
S01003780,379,0,379
S01003781,508,0,508
S01003782,261,0,261
S01003783,505,0,505
S01003784,642,0,642
S01003785,369,0,369
S01003786,387,0,387
S01003787,262,0,262
S01003788,302,0,302
S01003789,193,0,193
S01003790,242,0,242
S01003791,383,1,382
S01003792,962,0,962
S01003793,264,0,264
S01003794,318,0,318
S01003795,276,0,276
S01003796,306,1,305
S01003797,496,0,496
S01003798,346,0,346
S01003799,307,0,307
S01003800,315,0,315
S01003801,371,0,371
S01003802,316,0,316
S01003803,296,0,296
S01003804,299,0,299
S01003805,578,0,578
S01003806,341,2,339
S01003807,360,0,360
S01003808,386,0,386
S01003809,295,0,295
S01003810,368,0,368
S01003811,293,0,293
S01003812,486,0,486
S01003813,359,0,359
S01003814,333,0,333
S01003815,401,3,398
S01003816,440,0,440
S01003817,476,0,476
S01003818,351,0,351
S01003819,921,0,921
S01003820,472,3,469
S01003821,348,0,348
S01003822,244,0,244
S01003823,445,0,445
S01003824,411,0,411
S01003825,278,0,278
S01003826,357,0,357
S01003827,386,0,386
S01003828,453,0,453
S01003829,264,0,264
S01003830,354,0,354
S01003831,300,0,300
S01003832,432,2,430
S01003833,352,0,352
S01003834,306,0,306
S01003835,278,0,278
S01003836,305,0,305
S01003837,417,0,417
S01003838,203,0,203
S01003839,333,0,333
S01003840,306,0,306
S01003841,294,0,294
S01003842,310,0,310
S01003843,381,0,381
S01003844,325,1,324
S01003845,555,0,555
S01003846,378,0,378
S01003847,285,0,285
S01003848,287,0,287
S01003849,531,0,531
S01003850,243,0,243
S01003851,326,0,326
S01003852,280,0,280
S01003853,687,4,683
S01003854,307,0,307
S01003855,451,0,451
S01003856,336,0,336
S01003857,334,0,334
S01003858,222,0,222
S01003859,236,0,236
S01003860,346,0,346
S01003861,398,0,398
S01003862,287,0,287
S01003863,284,0,284
S01003864,415,0,415
S01003865,391,0,391
S01003866,398,0,398
S01003867,593,0,593
S01003868,287,0,287
S01003869,335,0,335
S01003870,429,0,429
S01003871,361,0,361
S01003872,375,0,375
S01003873,458,0,458
S01003874,295,0,295
S01003875,299,0,299
S01003876,269,0,269
S01003877,265,0,265
S01003878,467,0,467
S01003879,319,0,319
S01003880,394,0,394
S01003881,354,0,354
S01003882,269,0,269
S01003883,236,0,236
S01003884,316,0,316
S01003885,276,0,276
S01003886,211,0,211
S01003887,410,0,410
S01003888,633,0,633
S01003889,252,0,252
S01003890,291,0,291
S01003891,314,0,314
S01003892,278,0,278
S01003893,296,0,296
S01003894,450,0,450
S01003895,299,0,299
S01003896,301,0,301
S01003897,336,0,336
S01003898,351,0,351
S01003899,385,0,385
S01003900,396,0,396
S01003901,282,0,282
S01003902,402,0,402
S01003903,329,0,329
S01003904,444,0,444
S01003905,447,0,447
S01003906,340,0,340
S01003907,380,0,380
S01003908,322,0,322
S01003909,272,0,272
S01003910,269,0,269
S01003911,273,0,273
S01003912,393,0,393
S01003913,304,0,304
S01003914,423,0,423
S01003915,338,0,338
S01003916,343,0,343
S01003917,399,0,399
S01003918,394,0,394
S01003919,327,0,327
S01003920,308,0,308
S01003921,487,0,487
S01003922,362,0,362
S01003923,273,0,273
S01003924,260,0,260
S01003925,344,0,344
S01003926,246,0,246
S01003927,296,0,296
S01003928,334,1,333
S01003929,235,0,235
S01003930,388,0,388
S01003931,462,0,462
S01003932,364,0,364
S01003933,309,0,309
S01003934,441,0,441
S01003935,357,0,357
S01003936,417,0,417
S01003937,333,0,333
S01003938,250,0,250
S01003939,287,0,287
S01003940,434,0,434
S01003941,261,0,261
S01003942,332,0,332
S01003943,357,0,357
S01003944,298,0,298
S01003945,286,0,286
S01003946,379,0,379
S01003947,280,0,280
S01003948,325,0,325
S01003949,263,0,263
S01003950,279,0,279
S01003951,306,2,304
S01003952,222,0,222
S01003953,270,0,270
S01003954,305,3,302
S01003955,330,0,330
S01003956,307,0,307
S01003957,316,0,316
S01003958,359,0,359
S01003959,365,0,365
S01003960,385,0,385
S01003961,284,0,284
S01003962,347,0,347
S01003963,216,0,216
S01003964,217,0,217
S01003965,289,1,288
S01003966,471,0,471
S01003967,249,0,249
S01003968,445,0,445
S01003969,376,2,374
S01003970,307,0,307
S01003971,325,0,325
S01003972,336,0,336
S01003973,208,0,208
S01003974,414,0,414
S01003975,341,3,338
S01003976,355,0,355
S01003977,239,0,239
S01003978,270,0,270
S01003979,261,0,261
S01003980,266,0,266
S01003981,266,0,266
S01003982,350,1,349
S01003983,301,0,301
S01003984,293,0,293
S01003985,345,0,345
S01003986,275,6,269
S01003987,255,1,254
S01003988,249,0,249
S01003989,384,0,384
S01003990,238,0,238
S01003991,274,0,274
S01003992,445,1,444
S01003993,293,0,293
S01003994,292,1,291
S01003995,563,0,563
S01003996,275,0,275
S01003997,458,0,458
S01003998,263,1,262
S01003999,377,0,377
S01004000,354,0,354
S01004001,287,0,287
S01004002,530,2,528
S01004003,244,1,243
S01004004,360,0,360
S01004005,283,0,283
S01004006,230,0,230
S01004007,280,1,279
S01004008,282,0,282
S01004009,328,0,328
S01004010,369,0,369
S01004011,525,0,525
S01004012,315,0,315
S01004013,217,0,217
S01004014,293,0,293
S01004015,376,0,376
S01004016,221,0,221
S01004017,507,0,507
S01004018,278,0,278
S01004019,380,0,380
S01004020,374,0,374
S01004021,404,0,404
S01004022,415,0,415
S01004023,231,0,231
S01004024,368,0,368
S01004025,386,0,386
S01004026,260,0,260
S01004027,352,0,352
S01004028,311,0,311
S01004029,398,0,398
S01004030,271,0,271
S01004031,251,0,251
S01004032,170,0,170
S01004033,346,0,346
S01004034,271,0,271
S01004035,334,1,333
S01004036,257,0,257
S01004037,255,0,255
S01004038,281,0,281
S01004039,185,0,185
S01004040,293,1,292
S01004041,322,0,322
S01004042,333,6,327
S01004043,284,0,284
S01004044,392,7,385
S01004045,253,0,253
S01004046,360,1,359
S01004047,298,2,296
S01004048,488,4,484
S01004049,542,0,542
S01004050,205,0,205
S01004051,380,0,380
S01004052,271,0,271
S01004053,453,2,451
S01004054,358,0,358
S01004055,203,0,203
S01004056,306,0,306
S01004057,673,0,673
S01004058,384,0,384
S01004059,268,0,268
S01004060,217,0,217
S01004061,427,0,427
S01004062,336,0,336
S01004063,378,0,378
S01004064,285,0,285
S01004065,541,1,540
S01004066,223,0,223
S01004067,387,0,387
S01004068,408,0,408
S01004069,250,1,249
S01004070,312,2,310
S01004071,455,0,455
S01004072,512,0,512
S01004073,289,0,289
S01004074,373,0,373
S01004075,282,1,281
S01004076,279,0,279
S01004077,324,0,324
S01004078,437,1,436
S01004079,260,0,260
S01004080,458,1,457
S01004081,259,0,259
S01004082,426,0,426
S01004083,449,0,449
S01004084,576,0,576
S01004085,344,1,343
S01004086,507,0,507
S01004087,201,0,201
S01004088,221,0,221
S01004089,330,0,330
S01004090,149,0,149
S01004091,467,1,466
S01004092,393,4,389
S01004093,400,0,400
S01004094,280,5,275
S01004095,257,3,254
S01004096,270,0,270
S01004097,304,0,304
S01004098,259,0,259
S01004099,344,0,344
S01004100,296,0,296
S01004101,403,3,400
S01004102,307,0,307
S01004103,289,0,289
S01004104,290,0,290
S01004105,330,0,330
S01004106,408,2,406
S01004107,289,0,289
S01004108,317,1,316
S01004109,250,0,250
S01004110,407,0,407
S01004111,384,0,384
S01004112,306,0,306
S01004113,339,0,339
S01004114,407,0,407
S01004115,312,1,311
S01004116,285,1,284
S01004117,390,1,389
S01004118,613,2,611
S01004119,300,0,300
S01004120,345,8,337
S01004121,203,0,203
S01004122,357,0,357
S01004123,365,0,365
S01004124,424,1,423
S01004125,323,0,323
S01004126,404,0,404
S01004127,323,0,323
S01004128,268,0,268
S01004129,323,1,322
S01004130,199,0,199
S01004131,369,0,369
S01004132,242,0,242
S01004133,344,0,344
S01004134,268,0,268
S01004135,295,0,295
S01004136,244,0,244
S01004137,245,0,245
S01004138,307,1,306
S01004139,225,0,225
S01004140,222,0,222
S01004141,288,1,287
S01004142,199,0,199
S01004143,380,0,380
S01004144,553,0,553
S01004145,258,1,257
S01004146,333,0,333
S01004147,310,0,310
S01004148,344,0,344
S01004149,292,0,292
S01004150,206,0,206
S01004151,345,0,345
S01004152,285,0,285
S01004153,392,0,392
S01004154,282,0,282
S01004155,337,0,337
S01004156,409,0,409
S01004157,231,0,231
S01004158,290,0,290
S01004159,144,0,144
S01004160,285,0,285
S01004161,246,0,246
S01004162,739,1,738
S01004163,252,0,252
S01004164,366,0,366
S01004165,369,0,369
S01004166,297,0,297
S01004167,331,0,331
S01004168,264,0,264
S01004169,295,0,295
S01004170,320,0,320
S01004171,275,0,275
S01004172,347,0,347
S01004173,249,0,249
S01004174,312,0,312
S01004175,235,0,235
S01004176,252,0,252
S01004177,198,0,198
S01004178,246,0,246
S01004179,205,0,205
S01004180,308,0,308
S01004181,319,0,319
S01004182,418,0,418
S01004183,401,0,401
S01004184,353,0,353
S01004185,276,0,276
S01004186,354,0,354
S01004187,298,0,298
S01004188,302,0,302
S01004189,295,0,295
S01004190,321,0,321
S01004191,348,0,348
S01004192,428,1,427
S01004193,309,0,309
S01004194,330,0,330
S01004195,244,0,244
S01004196,276,0,276
S01004197,309,0,309
S01004198,211,0,211
S01004199,388,0,388
S01004200,290,0,290
S01004201,316,0,316
S01004202,216,0,216
S01004203,428,0,428
S01004204,300,0,300
S01004205,292,0,292
S01004206,236,0,236
S01004207,292,0,292
S01004208,349,0,349
S01004209,235,0,235
S01004210,264,0,264
S01004211,390,0,390
S01004212,663,1,662
S01004213,314,0,314
S01004214,290,0,290
S01004215,216,0,216
S01004216,344,0,344
S01004217,220,0,220
S01004218,375,0,375
S01004219,222,0,222
S01004220,412,0,412
S01004221,332,0,332
S01004222,335,0,335
S01004223,313,0,313
S01004224,280,0,280
S01004225,435,0,435
S01004226,337,0,337
S01004227,422,0,422
S01004228,345,0,345
S01004229,273,0,273
S01004230,280,0,280
S01004231,314,1,313
S01004232,249,0,249
S01004233,369,0,369
S01004234,396,0,396
S01004235,362,0,362
S01004236,440,0,440
S01004237,322,0,322
S01004238,228,0,228
S01004239,366,0,366
S01004240,323,0,323
S01004241,244,0,244
S01004242,355,0,355
S01004243,271,0,271
S01004244,295,0,295
S01004245,428,0,428
S01004246,248,0,248
S01004247,404,0,404
S01004248,472,0,472
S01004249,423,0,423
S01004250,480,0,480
S01004251,402,0,402
S01004252,251,0,251
S01004253,238,0,238
S01004254,279,0,279
S01004255,1072,1,1071
S01004256,533,0,533
S01004257,260,0,260
S01004258,304,0,304
S01004259,282,0,282
S01004260,229,0,229
S01004261,352,0,352
S01004262,329,0,329
S01004263,356,0,356
S01004264,366,0,366
S01004265,393,0,393
S01004266,300,0,300
S01004267,233,0,233
S01004268,269,0,269
S01004269,397,0,397
S01004270,348,0,348
S01004271,348,0,348
S01004272,249,0,249
S01004273,284,0,284
S01004274,400,0,400
S01004275,262,0,262
S01004276,455,0,455
S01004277,296,0,296
S01004278,556,0,556
S01004279,358,0,358
S01004280,446,0,446
S01004281,289,0,289
S01004282,407,0,407
S01004283,314,0,314
S01004284,411,0,411
S01004285,175,0,175
S01004286,218,0,218
S01004287,273,0,273
S01004288,269,0,269
S01004289,216,1,215
S01004290,407,0,407
S01004291,389,0,389
S01004292,352,0,352
S01004293,422,0,422
S01004294,359,0,359
S01004295,360,0,360
S01004296,399,1,398
S01004297,339,0,339
S01004298,514,0,514
S01004299,313,0,313
S01004300,312,0,312
S01004301,330,0,330
S01004302,293,0,293
S01004303,247,0,247
S01004304,409,0,409
S01004305,302,0,302
S01004306,296,0,296
S01004307,265,0,265
S01004308,411,0,411
S01004309,327,0,327
S01004310,341,0,341
S01004311,497,2,495
S01004312,341,0,341
S01004313,507,0,507
S01004314,347,0,347
S01004315,184,0,184
S01004316,153,0,153
S01004317,466,0,466
S01004318,269,0,269
S01004319,383,0,383
S01004320,352,0,352
S01004321,337,0,337
S01004322,461,0,461
S01004323,315,0,315
S01004324,355,0,355
S01004325,488,0,488
S01004326,357,0,357
S01004327,286,0,286
S01004328,280,0,280
S01004329,231,0,231
S01004330,573,0,573
S01004331,284,0,284
S01004332,274,0,274
S01004333,251,0,251
S01004334,363,0,363
S01004335,238,0,238
S01004336,450,0,450
S01004337,337,0,337
S01004338,303,0,303
S01004339,398,0,398
S01004340,232,0,232
S01004341,230,0,230
S01004342,281,1,280
S01004343,254,0,254
S01004344,401,0,401
S01004345,470,0,470
S01004346,190,0,190
S01004347,374,0,374
S01004348,318,2,316
S01004349,339,0,339
S01004350,224,0,224
S01004351,259,0,259
S01004352,274,0,274
S01004353,402,0,402
S01004354,206,0,206
S01004355,226,0,226
S01004356,442,0,442
S01004357,307,0,307
S01004358,287,0,287
S01004359,241,0,241
S01004360,288,0,288
S01004361,356,0,356
S01004362,298,0,298
S01004363,500,0,500
S01004364,513,0,513
S01004365,286,0,286
S01004366,272,0,272
S01004367,318,0,318
S01004368,286,0,286
S01004369,290,0,290
S01004370,296,0,296
S01004371,302,0,302
S01004372,409,0,409
S01004373,301,0,301
S01004374,450,0,450
S01004375,241,0,241
S01004376,348,0,348
S01004377,397,0,397
S01004378,456,0,456
S01004379,409,0,409
S01004380,327,0,327
S01004381,342,0,342
S01004382,350,0,350
S01004383,361,0,361
S01004384,312,0,312
S01004385,356,0,356
S01004386,455,0,455
S01004387,449,0,449
S01004388,282,0,282
S01004389,267,0,267
S01004390,352,0,352
S01004391,235,0,235
S01004392,390,1,389
S01004393,425,0,425
S01004394,380,0,380
S01004395,260,0,260
S01004396,333,0,333
S01004397,345,1,344
S01004398,364,0,364
S01004399,240,0,240
S01004400,213,0,213
S01004401,401,0,401
S01004402,349,0,349
S01004403,210,0,210
S01004404,264,0,264
S01004405,326,0,326
S01004406,392,0,392
S01004407,308,0,308
S01004408,508,0,508
S01004409,219,0,219
S01004410,391,0,391
S01004411,284,0,284
S01004412,540,0,540
S01004413,427,0,427
S01004414,481,0,481
S01004415,349,0,349
S01004416,383,0,383
S01004417,418,0,418
S01004418,381,0,381
S01004419,357,0,357
S01004420,336,0,336
S01004421,545,0,545
S01004422,331,1,330
S01004423,383,1,382
S01004424,332,0,332
S01004425,229,0,229
S01004426,266,0,266
S01004427,380,0,380
S01004428,395,0,395
S01004429,310,0,310
S01004430,223,0,223
S01004431,409,0,409
S01004432,405,0,405
S01004433,383,0,383
S01004434,407,0,407
S01004435,439,0,439
S01004436,318,0,318
S01004437,339,0,339
S01004438,274,0,274
S01004439,259,0,259
S01004440,341,0,341
S01004441,514,0,514
S01004442,446,0,446
S01004443,277,0,277
S01004444,408,0,408
S01004445,317,0,317
S01004446,337,0,337
S01004447,297,0,297
S01004448,237,0,237
S01004449,402,0,402
S01004450,487,0,487
S01004451,391,0,391
S01004452,302,0,302
S01004453,359,0,359
S01004454,455,0,455
S01004455,357,0,357
S01004456,230,0,230
S01004457,385,0,385
S01004458,344,0,344
S01004459,280,0,280
S01004460,231,0,231
S01004461,243,0,243
S01004462,238,0,238
S01004463,317,0,317
S01004464,311,0,311
S01004465,308,0,308
S01004466,448,0,448
S01004467,392,0,392
S01004468,341,0,341
S01004469,230,0,230
S01004470,251,0,251
S01004471,718,0,718
S01004472,305,1,304
S01004473,493,0,493
S01004474,438,0,438
S01004475,197,0,197
S01004476,368,0,368
S01004477,487,1,486
S01004478,282,0,282
S01004479,309,0,309
S01004480,423,0,423
S01004481,342,0,342
S01004482,522,0,522
S01004483,282,0,282
S01004484,427,0,427
S01004485,227,0,227
S01004486,392,0,392
S01004487,547,0,547
S01004488,325,0,325
S01004489,367,0,367
S01004490,275,0,275
S01004491,357,0,357
S01004492,424,0,424
S01004493,433,0,433
S01004494,401,0,401
S01004495,353,0,353
S01004496,328,0,328
S01004497,434,0,434
S01004498,325,0,325
S01004499,274,0,274
S01004500,333,0,333
S01004501,346,0,346
S01004502,313,0,313
S01004503,400,0,400
S01004504,290,0,290
S01004505,219,0,219
S01004506,215,0,215
S01004507,341,0,341
S01004508,355,0,355
S01004509,409,0,409
S01004510,392,0,392
S01004511,520,0,520
S01004512,398,0,398
S01004513,303,0,303
S01004514,252,0,252
S01004515,521,0,521
S01004516,202,0,202
S01004517,472,1,471
S01004518,251,0,251
S01004519,374,0,374
S01004520,484,0,484
S01004521,324,0,324
S01004522,385,0,385
S01004523,386,0,386
S01004524,279,0,279
S01004525,438,0,438
S01004526,287,0,287
S01004527,266,0,266
S01004528,368,0,368
S01004529,354,0,354
S01004530,186,0,186
S01004531,449,0,449
S01004532,415,0,415
S01004533,282,0,282
S01004534,254,0,254
S01004535,387,0,387
S01004536,287,0,287
S01004537,342,0,342
S01004538,320,0,320
S01004539,302,0,302
S01004540,496,0,496
S01004541,400,0,400
S01004542,271,0,271
S01004543,380,0,380
S01004544,850,12,838
S01004545,409,0,409
S01004546,394,0,394
S01004547,475,0,475
S01004548,402,0,402
S01004549,836,0,836
S01004550,411,1,410
S01004551,605,0,605
S01004552,366,0,366
S01004553,208,0,208
S01004554,323,0,323
S01004555,287,0,287
S01004556,350,0,350
S01004557,185,0,185
S01004558,468,0,468
S01004559,492,0,492
S01004560,208,0,208
S01004561,441,0,441
S01004562,281,0,281
S01004563,362,0,362
S01004564,262,0,262
S01004565,342,0,342
S01004566,276,0,276
S01004567,326,0,326
S01004568,309,1,308
S01004569,328,0,328
S01004570,240,0,240
S01004571,298,0,298
S01004572,319,0,319
S01004573,261,0,261
S01004574,198,0,198
S01004575,357,0,357
S01004576,218,0,218
S01004577,302,0,302
S01004578,335,0,335
S01004579,391,1,390
S01004580,369,0,369
S01004581,613,0,613
S01004582,276,0,276
S01004583,481,1,480
S01004584,267,0,267
S01004585,264,0,264
S01004586,442,0,442
S01004587,680,1,679
S01004588,316,0,316
S01004589,380,0,380
S01004590,362,0,362
S01004591,253,0,253
S01004592,239,0,239
S01004593,380,0,380
S01004594,250,0,250
S01004595,467,0,467
S01004596,431,0,431
S01004597,221,0,221
S01004598,285,0,285
S01004599,356,0,356
S01004600,381,0,381
S01004601,424,0,424
S01004602,357,0,357
S01004603,489,0,489
S01004604,299,0,299
S01004605,371,0,371
S01004606,385,0,385
S01004607,279,0,279
S01004608,596,0,596
S01004609,235,0,235
S01004610,284,0,284
S01004611,491,0,491
S01004612,429,0,429
S01004613,598,0,598
S01004614,349,0,349
S01004615,515,0,515
S01004616,300,0,300
S01004617,264,0,264
S01004618,308,0,308
S01004619,262,0,262
S01004620,342,1,341
S01004621,377,0,377
S01004622,358,0,358
S01004623,473,0,473
S01004624,581,0,581
S01004625,334,0,334
S01004626,756,0,756
S01004627,280,0,280
S01004628,241,0,241
S01004629,358,0,358
S01004630,404,0,404
S01004631,354,0,354
S01004632,337,0,337
S01004633,263,0,263
S01004634,374,0,374
S01004635,358,0,358
S01004636,320,0,320
S01004637,225,0,225
S01004638,255,0,255
S01004639,302,0,302
S01004640,329,0,329
S01004641,247,0,247
S01004642,356,0,356
S01004643,205,0,205
S01004644,301,0,301
S01004645,482,0,482
S01004646,310,0,310
S01004647,469,0,469
S01004648,435,0,435
S01004649,274,0,274
S01004650,351,0,351
S01004651,382,0,382
S01004652,468,0,468
S01004653,293,0,293
S01004654,424,0,424
S01004655,441,0,441
S01004656,273,0,273
S01004657,306,0,306
S01004658,412,0,412
S01004659,237,0,237
S01004660,274,0,274
S01004661,340,0,340
S01004662,424,0,424
S01004663,219,0,219
S01004664,250,0,250
S01004665,325,0,325
S01004666,305,0,305
S01004667,322,0,322
S01004668,396,0,396
S01004669,417,0,417
S01004670,500,0,500
S01004671,370,0,370
S01004672,253,0,253
S01004673,369,0,369
S01004674,356,0,356
S01004675,321,0,321
S01004676,341,0,341
S01004677,431,0,431
S01004678,348,0,348
S01004679,244,0,244
S01004680,467,0,467
S01004681,317,0,317
S01004682,291,0,291
S01004683,269,0,269
S01004684,601,0,601
S01004685,251,0,251
S01004686,312,0,312
S01004687,431,0,431
S01004688,259,1,258
S01004689,422,0,422
S01004690,252,0,252
S01004691,277,0,277
S01004692,295,0,295
S01004693,290,0,290
S01004694,252,0,252
S01004695,236,0,236
S01004696,382,0,382
S01004697,318,0,318
S01004698,216,0,216
S01004699,325,0,325
S01004700,331,0,331
S01004701,309,0,309
S01004702,227,0,227
S01004703,355,0,355
S01004704,266,0,266
S01004705,351,0,351
S01004706,553,0,553
S01004707,374,0,374
S01004708,277,0,277
S01004709,269,0,269
S01004710,375,0,375
S01004711,374,0,374
S01004712,224,0,224
S01004713,296,0,296
S01004714,351,0,351
S01004715,659,0,659
S01004716,376,0,376
S01004717,365,0,365
S01004718,396,0,396
S01004719,410,0,410
S01004720,372,0,372
S01004721,231,0,231
S01004722,293,0,293
S01004723,259,0,259
S01004724,454,0,454
S01004725,257,0,257
S01004726,242,0,242
S01004727,443,0,443
S01004728,360,0,360
S01004729,246,0,246
S01004730,557,0,557
S01004731,320,0,320
S01004732,258,0,258
S01004733,329,0,329
S01004734,251,0,251
S01004735,414,0,414
S01004736,318,0,318
S01004737,303,0,303
S01004738,389,0,389
S01004739,271,0,271
S01004740,339,0,339
S01004741,276,0,276
S01004742,525,0,525
S01004743,330,0,330
S01004744,236,0,236
S01004745,374,0,374
S01004746,302,0,302
S01004747,262,0,262
S01004748,294,0,294
S01004749,474,0,474
S01004750,287,0,287
S01004751,392,0,392
S01004752,338,0,338
S01004753,343,0,343
S01004754,293,0,293
S01004755,327,0,327
S01004756,257,0,257
S01004757,355,0,355
S01004758,372,0,372
S01004759,227,0,227
S01004760,283,0,283
S01004761,244,0,244
S01004762,288,0,288
S01004763,316,0,316
S01004764,321,0,321
S01004765,615,0,615
S01004766,519,0,519
S01004767,259,0,259
S01004768,341,0,341
S01004769,240,0,240
S01004770,343,0,343
S01004771,398,0,398
S01004772,310,0,310
S01004773,315,0,315
S01004774,355,0,355
S01004775,544,0,544
S01004776,308,0,308
S01004777,260,0,260
S01004778,299,0,299
S01004779,362,0,362
S01004780,255,0,255
S01004781,446,0,446
S01004782,488,1,487
S01004783,380,0,380
S01004784,332,0,332
S01004785,240,0,240
S01004786,260,0,260
S01004787,489,0,489
S01004788,247,0,247
S01004789,521,0,521
S01004790,269,0,269
S01004791,268,0,268
S01004792,301,0,301
S01004793,311,0,311
S01004794,325,0,325
S01004795,340,0,340
S01004796,339,0,339
S01004797,326,0,326
S01004798,471,0,471
S01004799,239,0,239
S01004800,275,0,275
S01004801,336,0,336
S01004802,380,0,380
S01004803,428,0,428
S01004804,454,0,454
S01004805,287,0,287
S01004806,285,0,285
S01004807,281,0,281
S01004808,353,0,353
S01004809,221,0,221
S01004810,236,0,236
S01004811,325,0,325
S01004812,348,0,348
S01004813,347,0,347
S01004814,366,0,366
S01004815,615,0,615
S01004816,302,0,302
S01004817,333,0,333
S01004818,353,0,353
S01004819,202,0,202
S01004820,408,0,408
S01004821,686,0,686
S01004822,287,0,287
S01004823,387,0,387
S01004824,317,0,317
S01004825,268,0,268
S01004826,428,0,428
S01004827,284,0,284
S01004828,483,0,483
S01004829,311,0,311
S01004830,331,0,331
S01004831,344,0,344
S01004832,567,0,567
S01004833,315,0,315
S01004834,354,0,354
S01004835,307,0,307
S01004836,294,0,294
S01004837,364,0,364
S01004838,741,1,740
S01004839,386,0,386
S01004840,320,0,320
S01004841,352,0,352
S01004842,518,0,518
S01004843,278,0,278
S01004844,398,0,398
S01004845,375,1,374
S01004846,415,0,415
S01004847,405,0,405
S01004848,283,0,283
S01004849,294,0,294
S01004850,553,0,553
S01004851,257,0,257
S01004852,321,0,321
S01004853,335,0,335
S01004854,437,1,436
S01004855,297,0,297
S01004856,602,0,602
S01004857,332,0,332
S01004858,389,0,389
S01004859,351,0,351
S01004860,483,0,483
S01004861,294,0,294
S01004862,224,0,224
S01004863,431,0,431
S01004864,213,0,213
S01004865,305,0,305
S01004866,352,0,352
S01004867,288,0,288
S01004868,302,0,302
S01004869,299,0,299
S01004870,352,0,352
S01004871,317,0,317
S01004872,360,0,360
S01004873,335,0,335
S01004874,495,0,495
S01004875,294,0,294
S01004876,393,0,393
S01004877,305,0,305
S01004878,379,0,379
S01004879,296,0,296
S01004880,327,0,327
S01004881,333,0,333
S01004882,226,0,226
S01004883,695,0,695
S01004884,208,0,208
S01004885,215,0,215
S01004886,375,0,375
S01004887,136,0,136
S01004888,219,0,219
S01004889,349,0,349
S01004890,370,0,370
S01004891,413,0,413
S01004892,271,0,271
S01004893,398,0,398
S01004894,462,0,462
S01004895,398,0,398
S01004896,389,0,389
S01004897,213,0,213
S01004898,456,0,456
S01004899,339,0,339
S01004900,315,0,315
S01004901,391,0,391
S01004902,371,0,371
S01004903,214,0,214
S01004904,500,2,498
S01004905,430,0,430
S01004906,406,0,406
S01004907,324,0,324
S01004908,252,0,252
S01004909,366,0,366
S01004910,340,0,340
S01004911,296,0,296
S01004912,327,0,327
S01004913,287,0,287
S01004914,261,0,261
S01004915,314,0,314
S01004916,332,0,332
S01004917,200,0,200
S01004918,264,0,264
S01004919,272,0,272
S01004920,411,0,411
S01004921,322,0,322
S01004922,238,0,238
S01004923,354,0,354
S01004924,350,0,350
S01004925,271,0,271
S01004926,312,0,312
S01004927,340,0,340
S01004928,476,0,476
S01004929,249,0,249
S01004930,317,0,317
S01004931,468,0,468
S01004932,354,0,354
S01004933,350,0,350
S01004934,347,0,347
S01004935,199,0,199
S01004936,515,0,515
S01004937,269,0,269
S01004938,361,0,361
S01004939,242,0,242
S01004940,219,0,219
S01004941,253,0,253
S01004942,357,0,357
S01004943,422,0,422
S01004944,211,0,211
S01004945,327,0,327
S01004946,297,0,297
S01004947,306,0,306
S01004948,279,2,277
S01004949,302,0,302
S01004950,313,0,313
S01004951,379,0,379
S01004952,486,0,486
S01004953,438,0,438
S01004954,316,0,316
S01004955,290,0,290
S01004956,362,0,362
S01004957,294,0,294
S01004958,542,0,542
S01004959,410,0,410
S01004960,275,0,275
S01004961,320,0,320
S01004962,257,0,257
S01004963,287,0,287
S01004964,444,0,444
S01004965,413,0,413
S01004966,436,0,436
S01004967,275,0,275
S01004968,279,0,279
S01004969,425,0,425
S01004970,405,0,405
S01004971,511,0,511
S01004972,384,0,384
S01004973,360,0,360
S01004974,458,0,458
S01004975,332,0,332
S01004976,415,0,415
S01004977,462,0,462
S01004978,406,0,406
S01004979,327,1,326
S01004980,444,0,444
S01004981,415,0,415
S01004982,255,0,255
S01004983,426,0,426
S01004984,341,0,341
S01004985,352,0,352
S01004986,295,0,295
S01004987,204,0,204
S01004988,218,0,218
S01004989,314,0,314
S01004990,241,0,241
S01004991,279,1,278
S01004992,364,0,364
S01004993,309,0,309
S01004994,356,0,356
S01004995,460,0,460
S01004996,304,0,304
S01004997,398,0,398
S01004998,510,1,509
S01004999,368,0,368
S01005000,262,0,262
S01005001,439,0,439
S01005002,461,0,461
S01005003,438,0,438
S01005004,354,0,354
S01005005,450,0,450
S01005006,314,0,314
S01005007,446,0,446
S01005008,379,0,379
S01005009,392,0,392
S01005010,315,0,315
S01005011,371,0,371
S01005012,482,0,482
S01005013,341,0,341
S01005014,369,0,369
S01005015,291,1,290
S01005016,416,0,416
S01005017,315,0,315
S01005018,230,0,230
S01005019,378,1,377
S01005020,328,0,328
S01005021,425,1,424
S01005022,300,0,300
S01005023,325,0,325
S01005024,430,0,430
S01005025,301,0,301
S01005026,282,0,282
S01005027,339,0,339
S01005028,397,0,397
S01005029,503,3,500
S01005030,436,0,436
S01005031,400,1,399
S01005032,421,0,421
S01005033,293,0,293
S01005034,352,0,352
S01005035,453,0,453
S01005036,305,0,305
S01005037,712,12,700
S01005038,324,0,324
S01005039,465,2,463
S01005040,715,9,706
S01005041,441,3,438
S01005042,352,0,352
S01005043,377,0,377
S01005044,500,1,499
S01005045,392,0,392
S01005046,537,3,534
S01005047,981,15,966
S01005048,219,0,219
S01005049,459,12,447
S01005050,464,0,464
S01005051,378,0,378
S01005052,365,0,365
S01005053,360,0,360
S01005054,232,0,232
S01005055,337,2,335
S01005056,380,6,374
S01005057,365,0,365
S01005058,390,3,387
S01005059,232,0,232
S01005060,327,0,327
S01005061,527,0,527
S01005062,214,0,214
S01005063,196,0,196
S01005064,325,0,325
S01005065,644,10,634
S01005066,368,0,368
S01005067,206,0,206
S01005068,285,0,285
S01005069,285,0,285
S01005070,520,19,501
S01005071,78,0,78
S01005072,291,1,290
S01005073,285,0,285
S01005074,495,0,495
S01005075,172,0,172
S01005076,356,0,356
S01005077,404,0,404
S01005078,319,0,319
S01005079,294,0,294
S01005080,206,0,206
S01005081,298,0,298
S01005082,285,0,285
S01005083,467,0,467
S01005084,285,0,285
S01005085,241,0,241
S01005086,647,1,646
S01005087,230,0,230
S01005088,243,0,243
S01005089,348,0,348
S01005090,391,0,391
S01005091,307,0,307
S01005092,322,0,322
S01005093,338,0,338
S01005094,325,0,325
S01005095,681,0,681
S01005096,311,0,311
S01005097,351,1,350
S01005098,333,1,332
S01005099,381,0,381
S01005100,360,0,360
S01005101,478,0,478
S01005102,365,0,365
S01005103,420,0,420
S01005104,280,1,279
S01005105,422,0,422
S01005106,254,0,254
S01005107,198,0,198
S01005108,296,0,296
S01005109,583,0,583
S01005110,512,0,512
S01005111,243,0,243
S01005112,374,0,374
S01005113,480,0,480
S01005114,432,0,432
S01005115,421,0,421
S01005116,291,0,291
S01005117,397,0,397
S01005118,374,0,374
S01005119,305,0,305
S01005120,297,1,296
S01005121,388,0,388
S01005122,379,0,379
S01005123,364,0,364
S01005124,298,0,298
S01005125,460,0,460
S01005126,272,0,272
S01005127,315,0,315
S01005128,472,0,472
S01005129,403,0,403
S01005130,320,0,320
S01005131,420,0,420
S01005132,293,0,293
S01005133,182,0,182
S01005134,482,0,482
S01005135,353,0,353
S01005136,402,0,402
S01005137,414,0,414
S01005138,508,0,508
S01005139,300,0,300
S01005140,272,0,272
S01005141,399,0,399
S01005142,278,0,278
S01005143,537,4,533
S01005144,524,0,524
S01005145,351,0,351
S01005146,309,0,309
S01005147,396,1,395
S01005148,371,0,371
S01005149,288,0,288
S01005150,289,0,289
S01005151,298,0,298
S01005152,507,2,505
S01005153,363,0,363
S01005154,272,0,272
S01005155,288,0,288
S01005156,279,0,279
S01005157,388,0,388
S01005158,301,0,301
S01005159,408,0,408
S01005160,493,0,493
S01005161,370,0,370
S01005162,448,0,448
S01005163,277,0,277
S01005164,382,0,382
S01005165,364,0,364
S01005166,438,0,438
S01005167,319,4,315
S01005168,286,0,286
S01005169,238,0,238
S01005170,311,0,311
S01005171,348,0,348
S01005172,515,0,515
S01005173,255,2,253
S01005174,339,0,339
S01005175,357,0,357
S01005176,367,0,367
S01005177,443,1,442
S01005178,413,4,409
S01005179,425,0,425
S01005180,357,0,357
S01005181,345,0,345
S01005182,387,0,387
S01005183,461,0,461
S01005184,366,2,364
S01005185,257,0,257
S01005186,423,0,423
S01005187,511,1,510
S01005188,356,0,356
S01005189,463,0,463
S01005190,371,0,371
S01005191,380,1,379
S01005192,492,0,492
S01005193,317,0,317
S01005194,283,1,282
S01005195,349,0,349
S01005196,352,0,352
S01005197,458,0,458
S01005198,385,0,385
S01005199,318,0,318
S01005200,244,0,244
S01005201,448,0,448
S01005202,412,0,412
S01005203,354,5,349
S01005204,214,0,214
S01005205,497,0,497
S01005206,410,0,410
S01005207,474,2,472
S01005208,309,1,308
S01005209,469,0,469
S01005210,632,1,631
S01005211,376,2,374
S01005212,295,0,295
S01005213,431,0,431
S01005214,560,3,557
S01005215,477,0,477
S01005216,363,0,363
S01005217,367,0,367
S01005218,548,2,546
S01005219,404,0,404
S01005220,347,0,347
S01005221,279,0,279
S01005222,256,0,256
S01005223,382,0,382
S01005224,269,0,269
S01005225,440,0,440
S01005226,212,0,212
S01005227,583,5,578
S01005228,360,0,360
S01005229,687,2,685
S01005230,386,0,386
S01005231,343,1,342
S01005232,687,0,687
S01005233,402,1,401
S01005234,682,5,677
S01005235,320,0,320
S01005236,527,1,526
S01005237,422,0,422
S01005238,373,0,373
S01005239,610,6,604
S01005240,539,1,538
S01005241,395,0,395
S01005242,722,3,719
S01005243,692,1,691
S01005244,353,0,353
S01005245,426,14,412
S01005246,570,2,568
S01005247,261,0,261
S01005248,428,1,427
S01005249,552,8,544
S01005250,516,16,500
S01005251,382,0,382
S01005252,242,0,242
S01005253,235,1,234
S01005254,421,1,420
S01005255,449,3,446
S01005256,335,0,335
S01005257,460,8,452
S01005258,412,0,412
S01005259,253,1,252
S01005260,367,0,367
S01005261,276,0,276
S01005262,606,5,601
S01005263,250,0,250
S01005264,332,1,331
S01005265,292,2,290
S01005266,415,0,415
S01005267,459,2,457
S01005268,842,8,834
S01005269,462,4,458
S01005270,449,2,447
S01005271,205,1,204
S01005272,268,0,268
S01005273,287,0,287
S01005274,448,2,446
S01005275,357,0,357
S01005276,360,1,359
S01005277,260,0,260
S01005278,402,3,399
S01005279,213,1,212
S01005280,407,0,407
S01005281,333,2,331
S01005282,364,0,364
S01005283,307,0,307
S01005284,372,0,372
S01005285,252,3,249
S01005286,319,1,318
S01005287,459,11,448
S01005288,359,0,359
S01005289,487,2,485
S01005290,309,1,308
S01005291,323,0,323
S01005292,362,0,362
S01005293,397,0,397
S01005294,232,0,232
S01005295,274,0,274
S01005296,289,0,289
S01005297,289,0,289
S01005298,393,0,393
S01005299,229,0,229
S01005300,392,3,389
S01005301,318,0,318
S01005302,470,0,470
S01005303,391,0,391
S01005304,293,0,293
S01005305,360,1,359
S01005306,324,0,324
S01005307,341,0,341
S01005308,240,0,240
S01005309,429,0,429
S01005310,543,0,543
S01005311,385,0,385
S01005312,487,1,486
S01005313,367,0,367
S01005314,192,0,192
S01005315,354,0,354
S01005316,379,1,378
S01005317,212,0,212
S01005318,273,0,273
S01005319,242,0,242
S01005320,278,0,278
S01005321,301,0,301
S01005322,797,0,797
S01005323,384,0,384
S01005324,425,0,425
S01005325,1096,2,1094
S01005326,452,0,452
S01005327,292,0,292
S01005328,506,1,505
S01005329,249,0,249
S01005330,344,0,344
S01005331,382,0,382
S01005332,252,0,252
S01005333,316,0,316
S01005334,455,0,455
S01005335,187,0,187
S01005336,239,0,239
S01005337,322,0,322
S01005338,175,0,175
S01005339,318,0,318
S01005340,211,0,211
S01005341,278,0,278
S01005342,309,0,309
S01005343,340,0,340
S01005344,311,0,311
S01005345,262,0,262
S01005346,270,0,270
S01005347,273,0,273
S01005348,403,0,403
S01005349,317,0,317
S01005350,282,0,282
S01005351,459,0,459
S01005352,401,0,401
S01005353,457,0,457
S01005354,329,0,329
S01005355,318,0,318
S01005356,282,0,282
S01005357,385,0,385
S01005358,367,0,367
S01005359,336,0,336
S01005360,304,0,304
S01005361,375,0,375
S01005362,385,1,384
S01005363,293,0,293
S01005364,399,0,399
S01005365,341,0,341
S01005366,301,0,301
S01005367,454,0,454
S01005368,331,0,331
S01005369,583,10,573
S01005370,397,0,397
S01005371,451,0,451
S01005372,513,0,513
S01005373,406,0,406
S01005374,512,0,512
S01005375,445,0,445
S01005376,479,0,479
S01005377,407,0,407
S01005378,324,1,323
S01005379,402,0,402
S01005380,297,0,297
S01005381,275,0,275
S01005382,306,0,306
S01005383,250,0,250
S01005384,396,0,396
S01005385,427,0,427
S01005386,320,0,320
S01005387,402,0,402
S01005388,337,0,337
S01005389,453,0,453
S01005390,373,0,373
S01005391,350,0,350
S01005392,381,0,381
S01005393,403,0,403
S01005394,365,0,365
S01005395,411,0,411
S01005396,324,3,321
S01005397,293,0,293
S01005398,437,0,437
S01005399,517,0,517
S01005400,472,0,472
S01005401,424,0,424
S01005402,506,1,505
S01005403,423,0,423
S01005404,445,1,444
S01005405,268,0,268
S01005406,269,0,269
S01005407,625,0,625
S01005408,296,0,296
S01005409,321,0,321
S01005410,450,1,449
S01005411,456,0,456
S01005412,462,0,462
S01005413,551,1,550
S01005414,465,0,465
S01005415,492,0,492
S01005416,515,0,515
S01005417,492,0,492
S01005418,538,1,537
S01005419,344,0,344
S01005420,316,0,316
S01005421,371,0,371
S01005422,398,5,393
S01005423,414,0,414
S01005424,369,2,367
S01005425,479,0,479
S01005426,377,1,376
S01005427,436,8,428
S01005428,493,19,474
S01005429,401,14,387
S01005430,266,1,265
S01005431,305,1,304
S01005432,371,3,368
S01005433,449,7,442
S01005434,450,22,428
S01005435,536,1,535
S01005436,463,3,460
S01005437,432,0,432
S01005438,340,0,340
S01005439,366,0,366
S01005440,536,0,536
S01005441,482,4,478
S01005442,764,0,764
S01005443,540,0,540
S01005444,543,1,542
S01005445,461,0,461
S01005446,348,2,346
S01005447,388,0,388
S01005448,355,0,355
S01005449,402,4,398
S01005450,611,0,611
S01005451,415,0,415
S01005452,379,0,379
S01005453,366,1,365
S01005454,475,2,473
S01005455,508,0,508
S01005456,399,0,399
S01005457,457,0,457
S01005458,333,1,332
S01005459,383,0,383
S01005460,367,0,367
S01005461,329,0,329
S01005462,480,0,480
S01005463,260,0,260
S01005464,294,0,294
S01005465,277,0,277
S01005466,466,0,466
S01005467,233,0,233
S01005468,385,0,385
S01005469,419,0,419
S01005470,335,0,335
S01005471,301,0,301
S01005472,557,1,556
S01005473,433,0,433
S01005474,457,0,457
S01005475,382,0,382
S01005476,347,0,347
S01005477,364,0,364
S01005478,386,0,386
S01005479,269,0,269
S01005480,576,0,576
S01005481,276,0,276
S01005482,297,0,297
S01005483,400,1,399
S01005484,245,0,245
S01005485,365,0,365
S01005486,428,0,428
S01005487,400,3,397
S01005488,329,0,329
S01005489,428,0,428
S01005490,312,0,312
S01005491,370,3,367
S01005492,407,0,407
S01005493,306,0,306
S01005494,339,0,339
S01005495,307,0,307
S01005496,437,0,437
S01005497,338,0,338
S01005498,448,0,448
S01005499,276,0,276
S01005500,306,0,306
S01005501,447,0,447
S01005502,418,0,418
S01005503,279,0,279
S01005504,312,0,312
S01005505,287,0,287
S01005506,432,0,432
S01005507,274,0,274
S01005508,359,0,359
S01005509,258,0,258
S01005510,274,0,274
S01005511,250,0,250
S01005512,311,0,311
S01005513,335,0,335
S01005514,260,0,260
S01005515,203,0,203
S01005516,216,0,216
S01005517,410,0,410
S01005518,420,1,419
S01005519,281,0,281
S01005520,419,0,419
S01005521,341,0,341
S01005522,299,0,299
S01005523,343,0,343
S01005524,313,0,313
S01005525,286,0,286
S01005526,300,0,300
S01005527,237,0,237
S01005528,286,0,286
S01005529,414,0,414
S01005530,307,0,307
S01005531,277,0,277
S01005532,392,0,392
S01005533,352,1,351
S01005534,305,0,305
S01005535,362,0,362
S01005536,387,0,387
S01005537,325,0,325
S01005538,346,0,346
S01005539,402,0,402
S01005540,345,0,345
S01005541,311,0,311
S01005542,336,0,336
S01005543,355,0,355
S01005544,334,0,334
S01005545,481,0,481
S01005546,313,0,313
S01005547,423,0,423
S01005548,475,0,475
S01005549,613,0,613
S01005550,246,0,246
S01005551,380,0,380
S01005552,300,0,300
S01005553,330,0,330
S01005554,301,0,301
S01005555,322,0,322
S01005556,301,0,301
S01005557,286,0,286
S01005558,317,0,317
S01005559,255,0,255
S01005560,256,0,256
S01005561,354,0,354
S01005562,397,0,397
S01005563,386,0,386
S01005564,352,0,352
S01005565,242,1,241
S01005566,252,0,252
S01005567,492,0,492
S01005568,250,0,250
S01005569,271,0,271
S01005570,316,0,316
S01005571,261,0,261
S01005572,333,0,333
S01005573,307,1,306
S01005574,368,0,368
S01005575,283,0,283
S01005576,349,0,349
S01005577,384,0,384
S01005578,422,1,421
S01005579,368,0,368
S01005580,268,0,268
S01005581,371,1,370
S01005582,366,1,365
S01005583,300,0,300
S01005584,218,0,218
S01005585,570,4,566
S01005586,439,1,438
S01005587,425,0,425
S01005588,409,1,408
S01005589,758,11,747
S01005590,490,7,483
S01005591,454,3,451
S01005592,245,0,245
S01005593,314,1,313
S01005594,606,2,604
S01005595,343,0,343
S01005596,231,0,231
S01005597,515,0,515
S01005598,553,0,553
S01005599,282,0,282
S01005600,360,0,360
S01005601,315,0,315
S01005602,308,1,307
S01005603,277,0,277
S01005604,217,0,217
S01005605,483,0,483
S01005606,306,0,306
S01005607,316,0,316
S01005608,381,0,381
S01005609,410,0,410
S01005610,256,0,256
S01005611,304,0,304
S01005612,335,1,334
S01005613,399,0,399
S01005614,312,0,312
S01005615,482,0,482
S01005616,301,0,301
S01005617,334,7,327
S01005618,319,0,319
S01005619,234,0,234
S01005620,241,0,241
S01005621,286,0,286
S01005622,400,0,400
S01005623,342,0,342
S01005624,360,0,360
S01005625,385,0,385
S01005626,337,0,337
S01005627,285,0,285
S01005628,476,0,476
S01005629,334,0,334
S01005630,279,0,279
S01005631,315,1,314
S01005632,270,0,270
S01005633,349,0,349
S01005634,341,0,341
S01005635,345,0,345
S01005636,406,0,406
S01005637,454,0,454
S01005638,496,0,496
S01005639,299,0,299
S01005640,294,0,294
S01005641,442,0,442
S01005642,315,1,314
S01005643,281,0,281
S01005644,271,1,270
S01005645,373,0,373
S01005646,445,0,445
S01005647,379,0,379
S01005648,380,0,380
S01005649,557,0,557
S01005650,251,0,251
S01005651,434,0,434
S01005652,276,0,276
S01005653,345,0,345
S01005654,365,0,365
S01005655,465,0,465
S01005656,457,0,457
S01005657,264,0,264
S01005658,319,0,319
S01005659,352,0,352
S01005660,279,0,279
S01005661,276,0,276
S01005662,221,0,221
S01005663,249,1,248
S01005664,211,1,210
S01005665,190,0,190
S01005666,555,1,554
S01005667,312,0,312
S01005668,322,0,322
S01005669,221,0,221
S01005670,338,0,338
S01005671,224,0,224
S01005672,365,0,365
S01005673,289,0,289
S01005674,406,0,406
S01005675,439,0,439
S01005676,360,0,360
S01005677,325,0,325
S01005678,359,0,359
S01005679,484,0,484
S01005680,306,0,306
S01005681,463,0,463
S01005682,370,0,370
S01005683,380,0,380
S01005684,500,0,500
S01005685,272,0,272
S01005686,368,0,368
S01005687,304,0,304
S01005688,405,0,405
S01005689,197,0,197
S01005690,336,0,336
S01005691,283,0,283
S01005692,287,0,287
S01005693,588,0,588
S01005694,229,0,229
S01005695,241,0,241
S01005696,267,0,267
S01005697,327,0,327
S01005698,266,0,266
S01005699,508,1,507
S01005700,219,0,219
S01005701,366,0,366
S01005702,339,0,339
S01005703,230,0,230
S01005704,320,0,320
S01005705,365,0,365
S01005706,325,0,325
S01005707,295,0,295
S01005708,334,0,334
S01005709,334,0,334
S01005710,201,0,201
S01005711,434,0,434
S01005712,263,0,263
S01005713,277,0,277
S01005714,521,0,521
S01005715,341,0,341
S01005716,235,0,235
S01005717,216,0,216
S01005718,449,0,449
S01005719,185,0,185
S01005720,296,0,296
S01005721,331,0,331
S01005722,202,0,202
S01005723,334,0,334
S01005724,223,0,223
S01005725,331,0,331
S01005726,430,0,430
S01005727,519,0,519
S01005728,307,0,307
S01005729,256,0,256
S01005730,326,0,326
S01005731,372,0,372
S01005732,404,0,404
S01005733,298,0,298
S01005734,306,0,306
S01005735,268,0,268
S01005736,315,0,315
S01005737,326,0,326
S01005738,363,0,363
S01005739,313,0,313
S01005740,325,0,325
S01005741,429,0,429
S01005742,384,0,384
S01005743,400,0,400
S01005744,388,0,388
S01005745,454,0,454
S01005746,320,0,320
S01005747,352,0,352
S01005748,329,0,329
S01005749,339,0,339
S01005750,294,1,293
S01005751,312,0,312
S01005752,284,0,284
S01005753,287,0,287
S01005754,455,0,455
S01005755,346,0,346
S01005756,383,0,383
S01005757,240,0,240
S01005758,358,0,358
S01005759,361,0,361
S01005760,249,0,249
S01005761,302,0,302
S01005762,337,0,337
S01005763,933,0,933
S01005764,279,0,279
S01005765,425,0,425
S01005766,330,0,330
S01005767,308,0,308
S01005768,401,0,401
S01005769,347,0,347
S01005770,329,2,327
S01005771,296,0,296
S01005772,295,0,295
S01005773,357,0,357
S01005774,275,0,275
S01005775,370,2,368
S01005776,301,0,301
S01005777,240,0,240
S01005778,337,0,337
S01005779,326,0,326
S01005780,475,1,474
S01005781,462,0,462
S01005782,405,0,405
S01005783,209,0,209
S01005784,229,0,229
S01005785,293,0,293
S01005786,236,0,236
S01005787,262,0,262
S01005788,272,0,272
S01005789,331,0,331
S01005790,183,0,183
S01005791,212,0,212
S01005792,299,0,299
S01005793,206,0,206
S01005794,424,0,424
S01005795,271,0,271
S01005796,432,0,432
S01005797,366,0,366
S01005798,266,0,266
S01005799,306,0,306
S01005800,288,0,288
S01005801,246,0,246
S01005802,327,0,327
S01005803,329,0,329
S01005804,1372,0,1372
S01005805,205,0,205
S01005806,347,0,347
S01005807,334,0,334
S01005808,287,0,287
S01005809,224,0,224
S01005810,210,0,210
S01005811,229,0,229
S01005812,228,0,228
S01005813,335,0,335
S01005814,329,0,329
S01005815,446,0,446
S01005816,414,0,414
S01005817,200,0,200
S01005818,257,0,257
S01005819,297,0,297
S01005820,311,0,311
S01005821,220,0,220
S01005822,383,0,383
S01005823,229,0,229
S01005824,249,0,249
S01005825,322,0,322
S01005826,322,0,322
S01005827,292,0,292
S01005828,347,0,347
S01005829,326,0,326
S01005830,482,0,482
S01005831,475,0,475
S01005832,332,0,332
S01005833,284,0,284
S01005834,303,0,303
S01005835,282,0,282
S01005836,236,0,236
S01005837,173,0,173
S01005838,284,0,284
S01005839,330,0,330
S01005840,351,1,350
S01005841,279,0,279
S01005842,253,0,253
S01005843,256,0,256
S01005844,306,0,306
S01005845,194,0,194
S01005846,502,0,502
S01005847,380,0,380
S01005848,266,0,266
S01005849,345,0,345
S01005850,371,0,371
S01005851,376,0,376
S01005852,243,0,243
S01005853,458,0,458
S01005854,335,0,335
S01005855,435,0,435
S01005856,356,0,356
S01005857,356,0,356
S01005858,292,0,292
S01005859,333,0,333
S01005860,394,0,394
S01005861,273,0,273
S01005862,339,0,339
S01005863,660,0,660
S01005864,463,0,463
S01005865,385,0,385
S01005866,353,0,353
S01005867,376,0,376
S01005868,270,0,270
S01005869,294,0,294
S01005870,360,0,360
S01005871,331,0,331
S01005872,340,0,340
S01005873,409,0,409
S01005874,339,0,339
S01005875,329,0,329
S01005876,335,0,335
S01005877,363,0,363
S01005878,272,0,272
S01005879,288,0,288
S01005880,413,0,413
S01005881,364,0,364
S01005882,541,0,541
S01005883,229,0,229
S01005884,329,0,329
S01005885,237,0,237
S01005886,276,0,276
S01005887,255,0,255
S01005888,255,0,255
S01005889,512,0,512
S01005890,277,0,277
S01005891,259,0,259
S01005892,358,0,358
S01005893,338,0,338
S01005894,351,0,351
S01005895,258,0,258
S01005896,302,0,302
S01005897,340,0,340
S01005898,314,0,314
S01005899,411,0,411
S01005900,264,0,264
S01005901,291,0,291
S01005902,369,3,366
S01005903,479,0,479
S01005904,437,0,437
S01005905,311,0,311
S01005906,348,0,348
S01005907,412,0,412
S01005908,494,1,493
S01005909,211,0,211
S01005910,307,0,307
S01005911,614,4,610
S01005912,352,0,352
S01005913,369,0,369
S01005914,581,0,581
S01005915,339,0,339
S01005916,241,0,241
S01005917,387,0,387
S01005918,417,0,417
S01005919,207,0,207
S01005920,449,0,449
S01005921,300,0,300
S01005922,482,0,482
S01005923,336,0,336
S01005924,216,1,215
S01005925,268,0,268
S01005926,489,0,489
S01005927,324,0,324
S01005928,336,0,336
S01005929,366,0,366
S01005930,447,0,447
S01005931,359,0,359
S01005932,313,0,313
S01005933,338,0,338
S01005934,355,0,355
S01005935,331,0,331
S01005936,423,0,423
S01005937,201,0,201
S01005938,391,0,391
S01005939,322,0,322
S01005940,438,3,435
S01005941,151,0,151
S01005942,485,0,485
S01005943,400,0,400
S01005944,496,1,495
S01005945,371,0,371
S01005946,408,0,408
S01005947,388,0,388
S01005948,375,0,375
S01005949,272,0,272
S01005950,317,0,317
S01005951,673,8,665
S01005952,622,1,621
S01005953,523,0,523
S01005954,235,0,235
S01005955,437,3,434
S01005956,359,0,359
S01005957,439,0,439
S01005958,255,0,255
S01005959,280,0,280
S01005960,271,0,271
S01005961,495,0,495
S01005962,236,0,236
S01005963,274,0,274
S01005964,342,0,342
S01005965,440,0,440
S01005966,582,0,582
S01005967,424,1,423
S01005968,364,0,364
S01005969,315,1,314
S01005970,369,0,369
S01005971,178,0,178
S01005972,357,0,357
S01005973,408,0,408
S01005974,348,0,348
S01005975,285,0,285
S01005976,393,0,393
S01005977,296,0,296
S01005978,329,0,329
S01005979,391,0,391
S01005980,228,0,228
S01005981,342,0,342
S01005982,300,0,300
S01005983,344,0,344
S01005984,398,0,398
S01005985,351,0,351
S01005986,459,0,459
S01005987,255,0,255
S01005988,257,0,257
S01005989,262,0,262
S01005990,711,0,711
S01005991,313,0,313
S01005992,309,0,309
S01005993,300,0,300
S01005994,383,1,382
S01005995,378,0,378
S01005996,333,0,333
S01005997,287,0,287
S01005998,369,0,369
S01005999,538,0,538
S01006000,369,0,369
S01006001,299,0,299
S01006002,285,0,285
S01006003,333,0,333
S01006004,549,0,549
S01006005,215,0,215
S01006006,315,0,315
S01006007,270,1,269
S01006008,319,0,319
S01006009,198,0,198
S01006010,381,0,381
S01006011,383,0,383
S01006012,375,0,375
S01006013,218,0,218
S01006014,289,0,289
S01006015,352,0,352
S01006016,373,0,373
S01006017,457,0,457
S01006018,300,0,300
S01006019,541,0,541
S01006020,333,0,333
S01006021,475,0,475
S01006022,277,5,272
S01006023,249,0,249
S01006024,371,0,371
S01006025,403,0,403
S01006026,331,0,331
S01006027,323,0,323
S01006028,337,0,337
S01006029,281,0,281
S01006030,374,0,374
S01006031,628,0,628
S01006032,481,0,481
S01006033,488,0,488
S01006034,733,0,733
S01006035,450,0,450
S01006036,808,0,808
S01006037,384,0,384
S01006038,406,1,405
S01006039,348,0,348
S01006040,362,0,362
S01006041,543,4,539
S01006042,374,0,374
S01006043,249,0,249
S01006044,382,0,382
S01006045,285,0,285
S01006046,318,1,317
S01006047,339,0,339
S01006048,298,0,298
S01006049,390,1,389
S01006050,374,5,369
S01006051,338,0,338
S01006052,374,2,372
S01006053,338,0,338
S01006054,402,0,402
S01006055,284,0,284
S01006056,372,0,372
S01006057,293,0,293
S01006058,396,0,396
S01006059,472,0,472
S01006060,414,0,414
S01006061,345,1,344
S01006062,396,4,392
S01006063,257,0,257
S01006064,422,1,421
S01006065,469,0,469
S01006066,530,14,516
S01006067,390,1,389
S01006068,249,0,249
S01006069,328,0,328
S01006070,270,0,270
S01006071,347,0,347
S01006072,248,0,248
S01006073,194,1,193
S01006074,285,2,283
S01006075,441,0,441
S01006076,389,0,389
S01006077,488,1,487
S01006078,580,0,580
S01006079,288,0,288
S01006080,422,1,421
S01006081,300,0,300
S01006082,370,1,369
S01006083,466,1,465
S01006084,371,0,371
S01006085,293,2,291
S01006086,375,0,375
S01006087,346,1,345
S01006088,276,0,276
S01006089,353,0,353
S01006090,309,1,308
S01006091,337,0,337
S01006092,243,0,243
S01006093,296,0,296
S01006094,432,0,432
S01006095,340,0,340
S01006096,274,0,274
S01006097,450,0,450
S01006098,336,0,336
S01006099,219,1,218
S01006100,189,0,189
S01006101,300,0,300
S01006102,390,4,386
S01006103,335,0,335
S01006104,337,1,336
S01006105,355,0,355
S01006106,343,0,343
S01006107,272,1,271
S01006108,335,0,335
S01006109,414,2,412
S01006110,325,0,325
S01006111,430,0,430
S01006112,312,1,311
S01006113,397,2,395
S01006114,324,1,323
S01006115,401,4,397
S01006116,333,0,333
S01006117,401,1,400
S01006118,271,0,271
S01006119,503,10,493
S01006120,518,90,428
S01006121,294,11,283
S01006122,402,5,397
S01006123,370,67,303
S01006124,370,35,335
S01006125,454,32,422
S01006126,407,96,311
S01006127,355,67,288
S01006128,351,72,279
S01006129,336,0,336
S01006130,192,0,192
S01006131,387,1,386
S01006132,427,4,423
S01006133,251,0,251
S01006134,230,4,226
S01006135,264,5,259
S01006136,479,11,468
S01006137,274,14,260
S01006138,278,2,276
S01006139,170,0,170
S01006140,378,10,368
S01006141,653,7,646
S01006142,293,2,291
S01006143,264,13,251
S01006144,409,4,405
S01006145,405,1,404
S01006146,348,9,339
S01006147,403,11,392
S01006148,352,11,341
S01006149,412,0,412
S01006150,438,1,437
S01006151,48,2,46
S01006152,310,0,310
S01006153,224,0,224
S01006154,293,0,293
S01006155,342,0,342
S01006156,258,0,258
S01006157,389,1,388
S01006158,358,0,358
S01006159,419,0,419
S01006160,311,1,310
S01006161,318,0,318
S01006162,252,0,252
S01006163,299,1,298
S01006164,255,0,255
S01006165,266,1,265
S01006166,346,0,346
S01006167,553,1,552
S01006168,432,0,432
S01006169,318,0,318
S01006170,424,0,424
S01006171,407,0,407
S01006172,204,0,204
S01006173,255,0,255
S01006174,211,0,211
S01006175,347,1,346
S01006176,291,1,290
S01006177,333,0,333
S01006178,374,0,374
S01006179,334,0,334
S01006180,414,0,414
S01006181,342,1,341
S01006182,455,0,455
S01006183,378,0,378
S01006184,307,0,307
S01006185,395,0,395
S01006186,533,0,533
S01006187,391,0,391
S01006188,316,0,316
S01006189,342,0,342
S01006190,376,0,376
S01006191,318,0,318
S01006192,340,0,340
S01006193,441,0,441
S01006194,409,0,409
S01006195,517,0,517
S01006196,419,6,413
S01006197,366,0,366
S01006198,387,0,387
S01006199,330,0,330
S01006200,412,0,412
S01006201,408,0,408
S01006202,383,0,383
S01006203,242,0,242
S01006204,427,0,427
S01006205,303,1,302
S01006206,319,0,319
S01006207,436,0,436
S01006208,336,0,336
S01006209,296,0,296
S01006210,381,0,381
S01006211,265,0,265
S01006212,284,0,284
S01006213,485,0,485
S01006214,418,6,412
S01006215,362,0,362
S01006216,249,0,249
S01006217,452,0,452
S01006218,261,0,261
S01006219,473,0,473
S01006220,343,0,343
S01006221,426,0,426
S01006222,488,0,488
S01006223,297,0,297
S01006224,290,0,290
S01006225,398,0,398
S01006226,253,0,253
S01006227,386,0,386
S01006228,264,0,264
S01006229,399,0,399
S01006230,430,0,430
S01006231,354,0,354
S01006232,386,0,386
S01006233,346,0,346
S01006234,356,0,356
S01006235,310,0,310
S01006236,319,0,319
S01006237,488,0,488
S01006238,417,0,417
S01006239,170,0,170
S01006240,380,0,380
S01006241,597,0,597
S01006242,372,0,372
S01006243,205,0,205
S01006244,367,0,367
S01006245,235,0,235
S01006246,313,0,313
S01006247,363,0,363
S01006248,334,0,334
S01006249,412,0,412
S01006250,355,0,355
S01006251,262,0,262
S01006252,238,0,238
S01006253,240,0,240
S01006254,332,0,332
S01006255,348,0,348
S01006256,298,0,298
S01006257,338,0,338
S01006258,386,0,386
S01006259,292,0,292
S01006260,279,0,279
S01006261,362,0,362
S01006262,390,0,390
S01006263,390,0,390
S01006264,315,0,315
S01006265,385,0,385
S01006266,436,0,436
S01006267,237,0,237
S01006268,279,0,279
S01006269,251,0,251
S01006270,411,0,411
S01006271,313,0,313
S01006272,435,0,435
S01006273,220,0,220
S01006274,243,0,243
S01006275,298,0,298
S01006276,370,0,370
S01006277,312,0,312
S01006278,578,0,578
S01006279,522,0,522
S01006280,366,0,366
S01006281,370,0,370
S01006282,327,0,327
S01006283,331,0,331
S01006284,374,0,374
S01006285,360,2,358
S01006286,553,0,553
S01006287,262,0,262
S01006288,389,0,389
S01006289,408,0,408
S01006290,425,0,425
S01006291,256,0,256
S01006292,359,0,359
S01006293,336,0,336
S01006294,229,0,229
S01006295,327,0,327
S01006296,370,0,370
S01006297,325,0,325
S01006298,407,0,407
S01006299,351,0,351
S01006300,338,0,338
S01006301,300,0,300
S01006302,385,0,385
S01006303,288,0,288
S01006304,341,3,338
S01006305,316,0,316
S01006306,327,0,327
S01006307,458,0,458
S01006308,297,0,297
S01006309,459,0,459
S01006310,355,0,355
S01006311,327,0,327
S01006312,289,0,289
S01006313,512,0,512
S01006314,256,0,256
S01006315,371,0,371
S01006316,345,0,345
S01006317,426,0,426
S01006318,307,0,307
S01006319,451,0,451
S01006320,449,0,449
S01006321,285,0,285
S01006322,263,0,263
S01006323,393,0,393
S01006324,229,0,229
S01006325,327,0,327
S01006326,453,0,453
S01006327,262,0,262
S01006328,298,0,298
S01006329,461,0,461
S01006330,331,0,331
S01006331,287,0,287
S01006332,272,0,272
S01006333,420,0,420
S01006334,377,0,377
S01006335,365,0,365
S01006336,400,0,400
S01006337,450,0,450
S01006338,348,0,348
S01006339,455,0,455
S01006340,273,0,273
S01006341,253,0,253
S01006342,299,0,299
S01006343,540,0,540
S01006344,291,0,291
S01006345,303,0,303
S01006346,274,0,274
S01006347,233,0,233
S01006348,227,0,227
S01006349,220,0,220
S01006350,342,0,342
S01006351,497,0,497
S01006352,274,0,274
S01006353,264,0,264
S01006354,384,0,384
S01006355,299,0,299
S01006356,301,1,300
S01006357,305,0,305
S01006358,296,0,296
S01006359,480,0,480
S01006360,269,0,269
S01006361,472,1,471
S01006362,324,0,324
S01006363,284,0,284
S01006364,1602,0,1602
S01006365,386,1,385
S01006366,273,0,273
S01006367,306,0,306
S01006368,282,0,282
S01006369,657,0,657
S01006370,386,0,386
S01006371,245,0,245
S01006372,310,0,310
S01006373,353,0,353
S01006374,241,0,241
S01006375,275,0,275
S01006376,416,0,416
S01006377,235,0,235
S01006378,180,0,180
S01006379,308,0,308
S01006380,314,0,314
S01006381,239,0,239
S01006382,289,0,289
S01006383,229,0,229
S01006384,284,0,284
S01006385,428,0,428
S01006386,465,0,465
S01006387,376,0,376
S01006388,552,0,552
S01006389,288,0,288
S01006390,276,0,276
S01006391,355,0,355
S01006392,415,0,415
S01006393,607,2,605
S01006394,278,0,278
S01006395,481,0,481
S01006396,262,0,262
S01006397,364,0,364
S01006398,386,0,386
S01006399,303,0,303
S01006400,543,0,543
S01006401,422,0,422
S01006402,318,0,318
S01006403,337,0,337
S01006404,412,0,412
S01006405,509,0,509
S01006406,182,0,182
S01006407,272,0,272
S01006408,436,0,436
S01006409,634,0,634
S01006410,353,0,353
S01006411,408,0,408
S01006412,269,0,269
S01006413,211,0,211
S01006414,217,0,217
S01006415,332,0,332
S01006416,484,0,484
S01006417,292,0,292
S01006418,270,0,270
S01006419,259,0,259
S01006420,329,0,329
S01006421,336,0,336
S01006422,302,0,302
S01006423,248,0,248
S01006424,265,0,265
S01006425,521,0,521
S01006426,444,0,444
S01006427,382,0,382
S01006428,295,0,295
S01006429,318,0,318
S01006430,258,0,258
S01006431,188,0,188
S01006432,285,0,285
S01006433,248,0,248
S01006434,347,0,347
S01006435,199,0,199
S01006436,311,0,311
S01006437,355,0,355
S01006438,385,0,385
S01006439,442,0,442
S01006440,368,0,368
S01006441,283,0,283
S01006442,322,0,322
S01006443,210,0,210
S01006444,237,0,237
S01006445,285,0,285
S01006446,336,0,336
S01006447,276,0,276
S01006448,364,0,364
S01006449,198,0,198
S01006450,233,0,233
S01006451,444,0,444
S01006452,266,0,266
S01006453,379,0,379
S01006454,248,0,248
S01006455,232,0,232
S01006456,749,0,749
S01006457,427,0,427
S01006458,320,0,320
S01006459,328,0,328
S01006460,199,0,199
S01006461,621,0,621
S01006462,331,0,331
S01006463,267,0,267
S01006464,337,0,337
S01006465,617,0,617
S01006466,329,0,329
S01006467,362,0,362
S01006468,484,0,484
S01006469,271,0,271
S01006470,421,0,421
S01006471,379,0,379
S01006472,303,0,303
S01006473,309,0,309
S01006474,319,0,319
S01006475,346,0,346
S01006476,358,0,358
S01006477,428,0,428
S01006478,443,0,443
S01006479,339,0,339
S01006480,354,0,354
S01006481,299,0,299
S01006482,333,0,333
S01006483,384,0,384
S01006484,372,0,372
S01006485,252,0,252
S01006486,272,0,272
S01006487,344,0,344
S01006488,282,0,282
S01006489,339,0,339
S01006490,262,0,262
S01006491,299,0,299
S01006492,308,0,308
S01006493,285,0,285
S01006494,273,0,273
S01006495,328,0,328
S01006496,520,1,519
S01006497,262,0,262
S01006498,505,0,505
S01006499,434,0,434
S01006500,309,0,309
S01006501,296,0,296
S01006502,249,0,249
S01006503,273,0,273
S01006504,299,0,299
S01006505,276,0,276
